episode,t,obs,act,rew
0,0,"(0, 39)",1,-0.08
0,1,"(1, 39)",1,-0.08
0,2,"(2, 39)",1,-0.08
0,3,"(3, 39)",0,-0.08
0,4,"(3, 38)",1,-8.33
0,5,"(3, 38)",0,-0.08
0,6,"(3, 37)",0,-0.08
0,7,"(3, 36)",0,-0.08
0,8,"(3, 35)",0,-8.33
0,9,"(3, 35)",3,-0.08
0,10,"(2, 35)",0,-0.08
0,11,"(2, 34)",0,-0.08
0,12,"(2, 33)",0,-0.08
0,13,"(2, 32)",0,-0.08
0,14,"(2, 31)",1,-0.08
0,15,"(3, 31)",0,-8.33
0,16,"(3, 31)",0,-8.33
0,17,"(3, 31)",2,-0.08
0,18,"(3, 32)",2,-0.08
0,19,"(3, 33)",1,-0.08
0,20,"(4, 33)",1,-0.08
0,21,"(5, 33)",0,-0.08
0,22,"(5, 32)",0,-0.08
0,23,"(5, 31)",0,-0.08
0,24,"(5, 30)",0,-0.08
0,25,"(5, 29)",1,-0.08
0,26,"(6, 29)",1,-0.08
0,27,"(7, 29)",0,-0.08
0,28,"(7, 28)",0,-0.08
0,29,"(7, 27)",1,-0.08
0,30,"(8, 27)",1,-0.08
0,31,"(9, 27)",1,-0.08
0,32,"(10, 27)",1,-0.08
0,33,"(11, 27)",1,-0.08
0,34,"(12, 27)",1,-0.08
0,35,"(13, 27)",1,-0.08
0,36,"(14, 27)",1,-0.08
0,37,"(15, 27)",0,-0.08
0,38,"(15, 26)",0,-0.08
0,39,"(15, 25)",1,-0.08
0,40,"(16, 25)",1,-0.08
0,41,"(17, 25)",0,-0.08
0,42,"(17, 24)",0,-0.08
0,43,"(17, 23)",0,-0.08
0,44,"(17, 22)",1,-0.08
0,45,"(18, 22)",1,-0.08
0,46,"(19, 22)",0,-0.08
0,47,"(19, 21)",1,-0.08
0,48,"(20, 21)",0,-0.08
0,49,"(20, 20)",1,-0.08
0,50,"(21, 20)",1,-0.08
0,51,"(22, 20)",1,-0.08
0,52,"(23, 20)",1,-0.08
0,53,"(24, 20)",1,-0.08
0,54,"(25, 20)",0,-0.08
0,55,"(25, 19)",1,-0.08
0,56,"(26, 19)",0,-0.08
0,57,"(26, 18)",0,-0.08
0,58,"(26, 17)",1,-0.08
0,59,"(27, 17)",1,-0.08
0,60,"(28, 17)",1,-0.08
0,61,"(29, 17)",1,-0.08
0,62,"(30, 17)",1,-0.08
0,63,"(31, 17)",0,-0.08
0,64,"(31, 16)",0,-0.08
0,65,"(31, 15)",0,-0.08
0,66,"(31, 14)",0,-0.08
0,67,"(31, 13)",1,-0.08
0,68,"(32, 13)",1,-0.08
0,69,"(33, 13)",1,-0.08
0,70,"(34, 13)",1,-0.08
0,71,"(35, 13)",1,-0.08
0,72,"(36, 13)",0,-0.08
0,73,"(36, 12)",1,-0.08
0,74,"(37, 12)",1,-0.08
0,75,"(38, 12)",1,-0.08
0,76,"(39, 12)",0,-0.08
0,77,"(39, 11)",1,-0.08
0,78,"(40, 11)",1,-0.08
0,79,"(41, 11)",1,-0.08
0,80,"(42, 11)",1,-0.08
0,81,"(43, 11)",1,-0.08
0,82,"(44, 11)",1,-0.08
0,83,"(45, 11)",0,-0.08
0,84,"(45, 10)",0,-0.08
0,85,"(45, 9)",1,-0.08
0,86,"(46, 9)",0,-0.08
0,87,"(46, 8)",0,-0.08
0,88,"(46, 7)",1,-0.08
0,89,"(47, 7)",1,-0.08
0,90,"(48, 7)",1,-0.08
0,91,"(49, 7)",1,-0.08
0,92,"(50, 7)",1,-0.08
0,93,"(51, 7)",1,-0.08
0,94,"(52, 7)",1,-0.08
0,95,"(53, 7)",1,-0.08
0,96,"(54, 7)",1,-0.08
0,97,"(55, 7)",1,-0.08
0,98,"(56, 7)",1,-0.08
0,99,"(57, 7)",1,-0.08
0,100,"(58, 7)",1,-0.08
0,101,"(59, 7)",1,-0.08
0,102,"(60, 7)",1,-0.08
0,103,"(61, 7)",1,-0.08
0,104,"(62, 7)",1,-0.08
0,105,"(63, 7)",1,-0.08
0,106,"(64, 7)",1,-0.08
0,107,"(65, 7)",1,-0.08
0,108,"(66, 7)",1,-0.08
0,109,"(67, 7)",1,-0.08
0,110,"(68, 7)",1,-0.08
0,111,"(69, 7)",0,-0.08
0,112,"(69, 6)",1,-0.08
0,113,"(70, 6)",1,-0.08
0,114,"(71, 6)",0,-0.08
0,115,"(71, 5)",1,-0.08
0,116,"(72, 5)",1,-0.08
0,117,"(73, 5)",1,-0.08
0,118,"(74, 5)",0,-0.08
0,119,"(74, 4)",1,-0.08
0,120,"(75, 4)",0,-0.08
0,121,"(75, 3)",1,-0.08
0,122,"(76, 3)",1,-0.08
0,123,"(77, 3)",0,-0.08
0,124,"(77, 2)",0,-0.08
0,125,"(77, 1)",0,-0.08
0,126,"(77, 0)",1,-0.08
0,127,"(78, 0)",1,8.33
1,0,"(0, 39)",1,-0.08
1,1,"(1, 39)",0,-0.08
1,2,"(1, 38)",1,-8.33
1,3,"(1, 38)",0,-0.08
1,4,"(1, 37)",0,-8.33
1,5,"(1, 37)",3,-0.08
1,6,"(0, 37)",0,-0.08
1,7,"(0, 36)",0,-0.08
1,8,"(0, 35)",1,-0.08
1,9,"(1, 35)",1,-0.08
1,10,"(2, 35)",0,-0.08
1,11,"(2, 34)",0,-0.08
1,12,"(2, 33)",0,-0.08
1,13,"(2, 32)",1,-0.08
1,14,"(3, 32)",0,-0.08
1,15,"(3, 31)",0,-8.33
1,16,"(3, 31)",0,-8.33
1,17,"(3, 31)",3,-0.08
1,18,"(2, 31)",3,-0.08
1,19,"(1, 31)",0,-0.08
1,20,"(1, 30)",0,-0.08
1,21,"(1, 29)",1,-0.08
1,22,"(2, 29)",1,-0.08
1,23,"(3, 29)",1,-0.08
1,24,"(4, 29)",1,-0.08
1,25,"(5, 29)",1,-0.08
1,26,"(6, 29)",1,-0.08
1,27,"(7, 29)",1,-0.08
1,28,"(8, 29)",1,-0.08
1,29,"(9, 29)",1,-0.08
1,30,"(10, 29)",0,-0.08
1,31,"(10, 28)",0,-0.08
1,32,"(10, 27)",1,-0.08
1,33,"(11, 27)",1,-0.08
1,34,"(12, 27)",0,-0.08
1,35,"(12, 26)",0,-0.08
1,36,"(12, 25)",0,-0.08
1,37,"(12, 24)",1,-0.08
1,38,"(13, 24)",1,-0.08
1,39,"(14, 24)",0,-0.08
1,40,"(14, 23)",1,-0.08
1,41,"(15, 23)",1,-0.08
1,42,"(16, 23)",1,-0.08
1,43,"(17, 23)",0,-0.08
1,44,"(17, 22)",1,-0.08
1,45,"(18, 22)",1,-0.08
1,46,"(19, 22)",1,-0.08
1,47,"(20, 22)",1,-0.08
1,48,"(21, 22)",0,-0.08
1,49,"(21, 21)",1,-0.08
1,50,"(22, 21)",0,-0.08
1,51,"(22, 20)",0,-0.08
1,52,"(22, 19)",1,-0.08
1,53,"(23, 19)",0,-0.08
1,54,"(23, 18)",0,-0.08
1,55,"(23, 17)",1,-0.08
1,56,"(24, 17)",1,-0.08
1,57,"(25, 17)",1,-0.08
1,58,"(26, 17)",1,-0.08
1,59,"(27, 17)",1,-0.08
1,60,"(28, 17)",1,-0.08
1,61,"(29, 17)",0,-0.08
1,62,"(29, 16)",0,-0.08
1,63,"(29, 15)",1,-0.08
1,64,"(30, 15)",1,-0.08
1,65,"(31, 15)",1,-0.08
1,66,"(32, 15)",1,-0.08
1,67,"(33, 15)",1,-0.08
1,68,"(34, 15)",0,-0.08
1,69,"(34, 14)",0,-0.08
1,70,"(34, 13)",1,-0.08
1,71,"(35, 13)",0,-0.08
1,72,"(35, 12)",1,-0.08
1,73,"(36, 12)",1,-0.08
1,74,"(37, 12)",1,-0.08
1,75,"(38, 12)",1,-0.08
1,76,"(39, 12)",0,-0.08
1,77,"(39, 11)",1,-0.08
1,78,"(40, 11)",1,-0.08
1,79,"(41, 11)",1,-0.08
1,80,"(42, 11)",1,-0.08
1,81,"(43, 11)",1,-0.08
1,82,"(44, 11)",1,-0.08
1,83,"(45, 11)",0,-0.08
1,84,"(45, 10)",1,-0.08
1,85,"(46, 10)",0,-0.08
1,86,"(46, 9)",0,-0.08
1,87,"(46, 8)",0,-0.08
1,88,"(46, 7)",1,-0.08
1,89,"(47, 7)",1,-0.08
1,90,"(48, 7)",1,-0.08
1,91,"(49, 7)",1,-0.08
1,92,"(50, 7)",1,-0.08
1,93,"(51, 7)",1,-0.08
1,94,"(52, 7)",1,-0.08
1,95,"(53, 7)",1,-0.08
1,96,"(54, 7)",1,-0.08
1,97,"(55, 7)",1,-0.08
1,98,"(56, 7)",1,-0.08
1,99,"(57, 7)",1,-0.08
1,100,"(58, 7)",1,-0.08
1,101,"(59, 7)",1,-0.08
1,102,"(60, 7)",1,-0.08
1,103,"(61, 7)",1,-0.08
1,104,"(62, 7)",1,-0.08
1,105,"(63, 7)",1,-0.08
1,106,"(64, 7)",1,-0.08
1,107,"(65, 7)",1,-0.08
1,108,"(66, 7)",1,-0.08
1,109,"(67, 7)",1,-0.08
1,110,"(68, 7)",1,-0.08
1,111,"(69, 7)",0,-0.08
1,112,"(69, 6)",1,-0.08
1,113,"(70, 6)",1,-0.08
1,114,"(71, 6)",0,-0.08
1,115,"(71, 5)",1,-0.08
1,116,"(72, 5)",1,-0.08
1,117,"(73, 5)",1,-0.08
1,118,"(74, 5)",1,-0.08
1,119,"(75, 5)",0,-0.08
1,120,"(75, 4)",0,-0.08
1,121,"(75, 3)",1,-0.08
1,122,"(76, 3)",1,-0.08
1,123,"(77, 3)",0,-0.08
1,124,"(77, 2)",0,-0.08
1,125,"(77, 1)",0,-0.08
1,126,"(77, 0)",1,-0.08
1,127,"(78, 0)",1,8.33
2,0,"(0, 39)",0,-0.08
2,1,"(0, 38)",1,-0.08
2,2,"(1, 38)",0,-0.08
2,3,"(1, 37)",0,-8.33
2,4,"(1, 37)",3,-0.08
2,5,"(0, 37)",0,-0.08
2,6,"(0, 36)",0,-0.08
2,7,"(0, 35)",1,-0.08
2,8,"(1, 35)",1,-0.08
2,9,"(2, 35)",0,-0.08
2,10,"(2, 34)",0,-0.08
2,11,"(2, 33)",1,-0.08
2,12,"(3, 33)",1,-0.08
2,13,"(4, 33)",1,-0.08
2,14,"(5, 33)",1,-0.08
2,15,"(6, 33)",1,-0.08
2,16,"(7, 33)",0,-0.08
2,17,"(7, 32)",1,-0.08
2,18,"(8, 32)",1,-0.08
2,19,"(9, 32)",0,-0.08
2,20,"(9, 31)",0,-0.08
2,21,"(9, 30)",0,-0.08
2,22,"(9, 29)",1,-0.08
2,23,"(10, 29)",0,-0.08
2,24,"(10, 28)",0,-0.08
2,25,"(10, 27)",1,-0.08
2,26,"(11, 27)",1,-0.08
2,27,"(12, 27)",0,-0.08
2,28,"(12, 26)",0,-0.08
2,29,"(12, 25)",0,-0.08
2,30,"(12, 24)",1,-0.08
2,31,"(13, 24)",0,-0.08
2,32,"(13, 23)",1,-0.08
2,33,"(14, 23)",1,-0.08
2,34,"(15, 23)",1,-0.08
2,35,"(16, 23)",1,-0.08
2,36,"(17, 23)",1,-0.08
2,37,"(18, 23)",1,-0.08
2,38,"(19, 23)",0,-0.08
2,39,"(19, 22)",1,-0.08
2,40,"(20, 22)",0,-0.08
2,41,"(20, 21)",0,-0.08
2,42,"(20, 20)",1,-0.08
2,43,"(21, 20)",0,-0.08
2,44,"(21, 19)",1,-0.08
2,45,"(22, 19)",1,-0.08
2,46,"(23, 19)",0,-0.08
2,47,"(23, 18)",0,-0.08
2,48,"(23, 17)",0,-0.08
2,49,"(23, 16)",0,-0.08
2,50,"(23, 15)",1,-0.08
2,51,"(24, 15)",1,-0.08
2,52,"(25, 15)",1,-0.08
2,53,"(26, 15)",1,-0.08
2,54,"(27, 15)",1,-0.08
2,55,"(28, 15)",1,-0.08
2,56,"(29, 15)",0,-0.08
2,57,"(29, 14)",0,-0.08
2,58,"(29, 13)",1,-0.08
2,59,"(30, 13)",1,-0.08
2,60,"(31, 13)",1,-0.08
2,61,"(32, 13)",1,-0.08
2,62,"(33, 13)",1,-0.08
2,63,"(34, 13)",1,-0.08
2,64,"(35, 13)",0,-0.08
2,65,"(35, 12)",1,-0.08
2,66,"(36, 12)",1,-0.08
2,67,"(37, 12)",1,-0.08
2,68,"(38, 12)",1,-0.08
2,69,"(39, 12)",0,-0.08
2,70,"(39, 11)",1,-0.08
2,71,"(40, 11)",1,-0.08
2,72,"(41, 11)",1,-0.08
2,73,"(42, 11)",1,-0.08
2,74,"(43, 11)",1,-0.08
2,75,"(44, 11)",1,-0.08
2,76,"(45, 11)",0,-0.08
2,77,"(45, 10)",0,-0.08
2,78,"(45, 9)",0,-0.08
2,79,"(45, 8)",1,-0.08
2,80,"(46, 8)",0,-0.08
2,81,"(46, 7)",1,-0.08
2,82,"(47, 7)",1,-0.08
2,83,"(48, 7)",1,-0.08
2,84,"(49, 7)",1,-0.08
2,85,"(50, 7)",1,-0.08
2,86,"(51, 7)",1,-0.08
2,87,"(52, 7)",1,-0.08
2,88,"(53, 7)",1,-0.08
2,89,"(54, 7)",1,-0.08
2,90,"(55, 7)",1,-0.08
2,91,"(56, 7)",1,-0.08
2,92,"(57, 7)",1,-0.08
2,93,"(58, 7)",1,-0.08
2,94,"(59, 7)",1,-0.08
2,95,"(60, 7)",1,-0.08
2,96,"(61, 7)",1,-0.08
2,97,"(62, 7)",1,-0.08
2,98,"(63, 7)",1,-0.08
2,99,"(64, 7)",1,-0.08
2,100,"(65, 7)",1,-0.08
2,101,"(66, 7)",1,-0.08
2,102,"(67, 7)",1,-0.08
2,103,"(68, 7)",1,-0.08
2,104,"(69, 7)",0,-0.08
2,105,"(69, 6)",1,-0.08
2,106,"(70, 6)",1,-0.08
2,107,"(71, 6)",1,-0.08
2,108,"(72, 6)",0,-0.08
2,109,"(72, 5)",1,-0.08
2,110,"(73, 5)",1,-0.08
2,111,"(74, 5)",0,-0.08
2,112,"(74, 4)",0,-0.08
2,113,"(74, 3)",1,-0.08
2,114,"(75, 3)",1,-0.08
2,115,"(76, 3)",1,-0.08
2,116,"(77, 3)",0,-0.08
2,117,"(77, 2)",0,-0.08
2,118,"(77, 1)",1,-0.08
2,119,"(78, 1)",1,-0.08
2,120,"(79, 1)",0,8.33
3,0,"(0, 39)",0,-0.08
3,1,"(0, 38)",0,-0.08
3,2,"(0, 37)",0,-0.08
3,3,"(0, 36)",1,-8.33
3,4,"(0, 36)",0,-0.08
3,5,"(0, 35)",1,-0.08
3,6,"(1, 35)",1,-0.08
3,7,"(2, 35)",0,-0.08
3,8,"(2, 34)",0,-0.08
3,9,"(2, 33)",1,-0.08
3,10,"(3, 33)",1,-0.08
3,11,"(4, 33)",1,-0.08
3,12,"(5, 33)",0,-0.08
3,13,"(5, 32)",0,-0.08
3,14,"(5, 31)",0,-0.08
3,15,"(5, 30)",0,-0.08
3,16,"(5, 29)",1,-0.08
3,17,"(6, 29)",1,-0.08
3,18,"(7, 29)",0,-0.08
3,19,"(7, 28)",0,-0.08
3,20,"(7, 27)",0,-0.08
3,21,"(7, 26)",0,-0.08
3,22,"(7, 25)",1,-0.08
3,23,"(8, 25)",1,-0.08
3,24,"(9, 25)",1,-0.08
3,25,"(10, 25)",0,-0.08
3,26,"(10, 24)",1,-0.08
3,27,"(11, 24)",1,-0.08
3,28,"(12, 24)",1,-0.08
3,29,"(13, 24)",1,-0.08
3,30,"(14, 24)",0,-0.08
3,31,"(14, 23)",1,-0.08
3,32,"(15, 23)",1,-0.08
3,33,"(16, 23)",1,-0.08
3,34,"(17, 23)",0,-0.08
3,35,"(17, 22)",1,-0.08
3,36,"(18, 22)",1,-0.08
3,37,"(19, 22)",0,-0.08
3,38,"(19, 21)",0,-0.08
3,39,"(19, 20)",0,-0.08
3,40,"(19, 19)",1,-0.08
3,41,"(20, 19)",1,-0.08
3,42,"(21, 19)",0,-0.08
3,43,"(21, 18)",1,-8.33
3,44,"(21, 18)",0,-0.08
3,45,"(21, 17)",0,-0.08
3,46,"(21, 16)",0,-0.08
3,47,"(21, 15)",0,-0.08
3,48,"(21, 14)",0,-0.08
3,49,"(21, 13)",0,-0.08
3,50,"(21, 12)",0,-0.08
3,51,"(21, 11)",1,-0.08
3,52,"(22, 11)",0,-0.08
3,53,"(22, 10)",0,-0.08
3,54,"(22, 9)",1,-0.08
3,55,"(23, 9)",1,-0.08
3,56,"(24, 9)",1,-0.08
3,57,"(25, 9)",1,-0.08
3,58,"(26, 9)",1,-0.08
3,59,"(27, 9)",1,-0.08
3,60,"(28, 9)",1,-0.08
3,61,"(29, 9)",1,-0.08
3,62,"(30, 9)",1,-0.08
3,63,"(31, 9)",0,-0.08
3,64,"(31, 8)",1,-0.08
3,65,"(32, 8)",0,-0.08
3,66,"(32, 7)",1,-0.08
3,67,"(33, 7)",1,-0.08
3,68,"(34, 7)",1,-0.08
3,69,"(35, 7)",1,-0.08
3,70,"(36, 7)",1,-0.08
3,71,"(37, 7)",0,-0.08
3,72,"(37, 6)",1,-0.08
3,73,"(38, 6)",1,-0.08
3,74,"(39, 6)",1,-0.08
3,75,"(40, 6)",1,-0.08
3,76,"(41, 6)",1,-0.08
3,77,"(42, 6)",1,-0.08
3,78,"(43, 6)",1,-0.08
3,79,"(44, 6)",1,-0.08
3,80,"(45, 6)",0,-0.08
3,81,"(45, 5)",1,-0.08
3,82,"(46, 5)",1,-0.08
3,83,"(47, 5)",0,-0.08
3,84,"(47, 4)",0,-0.08
3,85,"(47, 3)",1,-0.08
3,86,"(48, 3)",1,-0.08
3,87,"(49, 3)",1,-0.08
3,88,"(50, 3)",1,-0.08
3,89,"(51, 3)",0,-0.08
3,90,"(51, 2)",1,-0.08
3,91,"(52, 2)",0,-0.08
3,92,"(52, 1)",1,-0.08
3,93,"(53, 1)",1,-0.08
3,94,"(54, 1)",1,-0.08
3,95,"(55, 1)",1,-0.08
3,96,"(56, 1)",1,-0.08
3,97,"(57, 1)",1,-0.08
3,98,"(58, 1)",1,-0.08
3,99,"(59, 1)",1,-0.08
3,100,"(60, 1)",1,-0.08
3,101,"(61, 1)",1,-0.08
3,102,"(62, 1)",1,-0.08
3,103,"(63, 1)",1,-0.08
3,104,"(64, 1)",1,-0.08
3,105,"(65, 1)",1,-0.08
3,106,"(66, 1)",1,-0.08
3,107,"(67, 1)",1,-0.08
3,108,"(68, 1)",1,-0.08
3,109,"(69, 1)",1,-0.08
3,110,"(70, 1)",1,-0.08
3,111,"(71, 1)",2,-0.08
3,112,"(71, 2)",1,-0.08
3,113,"(72, 2)",1,-0.08
3,114,"(73, 2)",0,-0.08
3,115,"(73, 1)",0,-0.08
3,116,"(73, 0)",1,-0.08
3,117,"(74, 0)",1,-0.08
3,118,"(75, 0)",1,-0.08
3,119,"(76, 0)",1,-0.08
3,120,"(77, 0)",1,-0.08
3,121,"(78, 0)",1,8.33
4,0,"(0, 39)",1,-0.08
4,1,"(1, 39)",1,-0.08
4,2,"(2, 39)",0,-8.33
4,3,"(2, 39)",1,-0.08
4,4,"(3, 39)",0,-0.08
4,5,"(3, 38)",0,-0.08
4,6,"(3, 37)",1,-8.33
4,7,"(3, 37)",0,-0.08
4,8,"(3, 36)",0,-0.08
4,9,"(3, 35)",3,-0.08
4,10,"(2, 35)",0,-0.08
4,11,"(2, 34)",0,-0.08
4,12,"(2, 33)",1,-0.08
4,13,"(3, 33)",1,-0.08
4,14,"(4, 33)",1,-0.08
4,15,"(5, 33)",1,-0.08
4,16,"(6, 33)",1,-0.08
4,17,"(7, 33)",1,-0.08
4,18,"(8, 33)",0,-0.08
4,19,"(8, 32)",1,-0.08
4,20,"(9, 32)",0,-0.08
4,21,"(9, 31)",0,-0.08
4,22,"(9, 30)",0,-0.08
4,23,"(9, 29)",1,-0.08
4,24,"(10, 29)",0,-0.08
4,25,"(10, 28)",0,-0.08
4,26,"(10, 27)",1,-0.08
4,27,"(11, 27)",1,-0.08
4,28,"(12, 27)",0,-0.08
4,29,"(12, 26)",0,-0.08
4,30,"(12, 25)",0,-0.08
4,31,"(12, 24)",0,-8.33
4,32,"(12, 24)",1,-0.08
4,33,"(13, 24)",1,-0.08
4,34,"(14, 24)",0,-0.08
4,35,"(14, 23)",1,-0.08
4,36,"(15, 23)",1,-0.08
4,37,"(16, 23)",1,-0.08
4,38,"(17, 23)",0,-0.08
4,39,"(17, 22)",1,-0.08
4,40,"(18, 22)",1,-0.08
4,41,"(19, 22)",0,-0.08
4,42,"(19, 21)",1,-0.08
4,43,"(20, 21)",1,-0.08
4,44,"(21, 21)",0,-0.08
4,45,"(21, 20)",1,-0.08
4,46,"(22, 20)",1,-0.08
4,47,"(23, 20)",1,-0.08
4,48,"(24, 20)",1,-0.08
4,49,"(25, 20)",0,-0.08
4,50,"(25, 19)",1,-0.08
4,51,"(26, 19)",1,-0.08
4,52,"(27, 19)",0,-0.08
4,53,"(27, 18)",0,-0.08
4,54,"(27, 17)",0,-0.08
4,55,"(27, 16)",1,-0.08
4,56,"(28, 16)",1,-0.08
4,57,"(29, 16)",0,-0.08
4,58,"(29, 15)",0,-0.08
4,59,"(29, 14)",0,-0.08
4,60,"(29, 13)",1,-0.08
4,61,"(30, 13)",1,-0.08
4,62,"(31, 13)",1,-0.08
4,63,"(32, 13)",1,-0.08
4,64,"(33, 13)",1,-0.08
4,65,"(34, 13)",1,-0.08
4,66,"(35, 13)",1,-0.08
4,67,"(36, 13)",1,-0.08
4,68,"(37, 13)",1,-0.08
4,69,"(38, 13)",1,-0.08
4,70,"(39, 13)",1,-0.08
4,71,"(40, 13)",1,-0.08
4,72,"(41, 13)",1,-0.08
4,73,"(42, 13)",1,-0.08
4,74,"(43, 13)",0,-0.08
4,75,"(43, 12)",1,-0.08
4,76,"(44, 12)",0,-0.08
4,77,"(44, 11)",1,-0.08
4,78,"(45, 11)",0,-0.08
4,79,"(45, 10)",1,-0.08
4,80,"(46, 10)",0,-0.08
4,81,"(46, 9)",0,-0.08
4,82,"(46, 8)",0,-0.08
4,83,"(46, 7)",1,-0.08
4,84,"(47, 7)",1,-0.08
4,85,"(48, 7)",1,-0.08
4,86,"(49, 7)",1,-0.08
4,87,"(50, 7)",1,-0.08
4,88,"(51, 7)",1,-0.08
4,89,"(52, 7)",1,-0.08
4,90,"(53, 7)",1,-0.08
4,91,"(54, 7)",1,-0.08
4,92,"(55, 7)",1,-0.08
4,93,"(56, 7)",1,-0.08
4,94,"(57, 7)",1,-0.08
4,95,"(58, 7)",1,-0.08
4,96,"(59, 7)",1,-0.08
4,97,"(60, 7)",1,-0.08
4,98,"(61, 7)",1,-0.08
4,99,"(62, 7)",1,-0.08
4,100,"(63, 7)",1,-0.08
4,101,"(64, 7)",1,-0.08
4,102,"(65, 7)",1,-0.08
4,103,"(66, 7)",1,-0.08
4,104,"(67, 7)",1,-0.08
4,105,"(68, 7)",1,-0.08
4,106,"(69, 7)",0,-0.08
4,107,"(69, 6)",1,-0.08
4,108,"(70, 6)",1,-0.08
4,109,"(71, 6)",0,-0.08
4,110,"(71, 5)",1,-0.08
4,111,"(72, 5)",1,-0.08
4,112,"(73, 5)",1,-0.08
4,113,"(74, 5)",1,-0.08
4,114,"(75, 5)",1,-0.08
4,115,"(76, 5)",1,-0.08
4,116,"(77, 5)",0,-0.08
4,117,"(77, 4)",0,-0.08
4,118,"(77, 3)",1,-8.33
4,119,"(77, 3)",0,-0.08
4,120,"(77, 2)",0,-0.08
4,121,"(77, 1)",1,-0.08
4,122,"(78, 1)",1,-0.08
4,123,"(79, 1)",0,8.33
5,0,"(0, 39)",0,-0.08
5,1,"(0, 38)",0,-0.08
5,2,"(0, 37)",0,-0.08
5,3,"(0, 36)",0,-0.08
5,4,"(0, 35)",1,-0.08
5,5,"(1, 35)",0,-0.08
5,6,"(1, 34)",0,-0.08
5,7,"(1, 33)",0,-0.08
5,8,"(1, 32)",1,-0.08
5,9,"(2, 32)",0,-0.08
5,10,"(2, 31)",0,-8.33
5,11,"(2, 31)",1,-0.08
5,12,"(3, 31)",0,-8.33
5,13,"(3, 31)",0,-8.33
5,14,"(3, 31)",3,-0.08
5,15,"(2, 31)",3,-0.08
5,16,"(1, 31)",0,-0.08
5,17,"(1, 30)",0,-0.08
5,18,"(1, 29)",1,-0.08
5,19,"(2, 29)",1,-0.08
5,20,"(3, 29)",0,-0.08
5,21,"(3, 28)",0,-0.08
5,22,"(3, 27)",0,-0.08
5,23,"(3, 26)",0,-0.08
5,24,"(3, 25)",1,-0.08
5,25,"(4, 25)",1,-0.08
5,26,"(5, 25)",1,-0.08
5,27,"(6, 25)",1,-0.08
5,28,"(7, 25)",1,-0.08
5,29,"(8, 25)",1,-0.08
5,30,"(9, 25)",1,-0.08
5,31,"(10, 25)",0,-0.08
5,32,"(10, 24)",1,-0.08
5,33,"(11, 24)",1,-0.08
5,34,"(12, 24)",1,-0.08
5,35,"(13, 24)",0,-0.08
5,36,"(13, 23)",1,-0.08
5,37,"(14, 23)",1,-0.08
5,38,"(15, 23)",1,-0.08
5,39,"(16, 23)",0,-0.08
5,40,"(16, 22)",1,-0.08
5,41,"(17, 22)",1,-0.08
5,42,"(18, 22)",1,-0.08
5,43,"(19, 22)",1,-0.08
5,44,"(20, 22)",0,-0.08
5,45,"(20, 21)",1,-0.08
5,46,"(21, 21)",0,-0.08
5,47,"(21, 20)",0,-0.08
5,48,"(21, 19)",1,-0.08
5,49,"(22, 19)",1,-0.08
5,50,"(23, 19)",0,-0.08
5,51,"(23, 18)",0,-0.08
5,52,"(23, 17)",0,-0.08
5,53,"(23, 16)",0,-0.08
5,54,"(23, 15)",1,-0.08
5,55,"(24, 15)",1,-0.08
5,56,"(25, 15)",1,-0.08
5,57,"(26, 15)",1,-0.08
5,58,"(27, 15)",0,-0.08
5,59,"(27, 14)",0,-0.08
5,60,"(27, 13)",1,-0.08
5,61,"(28, 13)",1,-0.08
5,62,"(29, 13)",1,-0.08
5,63,"(30, 13)",1,-0.08
5,64,"(31, 13)",1,-0.08
5,65,"(32, 13)",1,-0.08
5,66,"(33, 13)",1,-0.08
5,67,"(34, 13)",1,-0.08
5,68,"(35, 13)",0,-0.08
5,69,"(35, 12)",1,-0.08
5,70,"(36, 12)",1,-0.08
5,71,"(37, 12)",1,-0.08
5,72,"(38, 12)",1,-0.08
5,73,"(39, 12)",0,-0.08
5,74,"(39, 11)",1,-0.08
5,75,"(40, 11)",1,-0.08
5,76,"(41, 11)",1,-0.08
5,77,"(42, 11)",1,-0.08
5,78,"(43, 11)",1,-0.08
5,79,"(44, 11)",1,-0.08
5,80,"(45, 11)",0,-0.08
5,81,"(45, 10)",1,-0.08
5,82,"(46, 10)",0,-0.08
5,83,"(46, 9)",0,-0.08
5,84,"(46, 8)",0,-0.08
5,85,"(46, 7)",1,-0.08
5,86,"(47, 7)",1,-0.08
5,87,"(48, 7)",1,-0.08
5,88,"(49, 7)",1,-0.08
5,89,"(50, 7)",1,-0.08
5,90,"(51, 7)",1,-0.08
5,91,"(52, 7)",1,-0.08
5,92,"(53, 7)",1,-0.08
5,93,"(54, 7)",1,-0.08
5,94,"(55, 7)",1,-0.08
5,95,"(56, 7)",1,-0.08
5,96,"(57, 7)",1,-0.08
5,97,"(58, 7)",1,-0.08
5,98,"(59, 7)",1,-0.08
5,99,"(60, 7)",1,-0.08
5,100,"(61, 7)",1,-0.08
5,101,"(62, 7)",1,-0.08
5,102,"(63, 7)",1,-0.08
5,103,"(64, 7)",1,-0.08
5,104,"(65, 7)",1,-0.08
5,105,"(66, 7)",1,-0.08
5,106,"(67, 7)",1,-0.08
5,107,"(68, 7)",1,-0.08
5,108,"(69, 7)",1,-0.08
5,109,"(70, 7)",1,-0.08
5,110,"(71, 7)",0,-0.08
5,111,"(71, 6)",0,-0.08
5,112,"(71, 5)",1,-0.08
5,113,"(72, 5)",1,-0.08
5,114,"(73, 5)",1,-0.08
5,115,"(74, 5)",1,-0.08
5,116,"(75, 5)",1,-0.08
5,117,"(76, 5)",1,-0.08
5,118,"(77, 5)",0,-0.08
5,119,"(77, 4)",0,-0.08
5,120,"(77, 3)",0,-0.08
5,121,"(77, 2)",0,-0.08
5,122,"(77, 1)",1,-0.08
5,123,"(78, 1)",1,-0.08
5,124,"(79, 1)",0,8.33
6,0,"(0, 39)",1,-0.08
6,1,"(1, 39)",0,-0.08
6,2,"(1, 38)",0,-0.08
6,3,"(1, 37)",0,-8.33
6,4,"(1, 37)",3,-0.08
6,5,"(0, 37)",0,-0.08
6,6,"(0, 36)",0,-0.08
6,7,"(0, 35)",0,-0.08
6,8,"(0, 34)",1,-0.08
6,9,"(1, 34)",1,-0.08
6,10,"(2, 34)",0,-0.08
6,11,"(2, 33)",0,-0.08
6,12,"(2, 32)",1,-0.08
6,13,"(3, 32)",0,-0.08
6,14,"(3, 31)",0,-8.33
6,15,"(3, 31)",0,-8.33
6,16,"(3, 31)",3,-0.08
6,17,"(2, 31)",3,-0.08
6,18,"(1, 31)",0,-0.08
6,19,"(1, 30)",0,-0.08
6,20,"(1, 29)",0,-0.08
6,21,"(1, 28)",0,-0.08
6,22,"(1, 27)",0,-0.08
6,23,"(1, 26)",1,-0.08
6,24,"(2, 26)",1,-0.08
6,25,"(3, 26)",0,-0.08
6,26,"(3, 25)",1,-0.08
6,27,"(4, 25)",1,-0.08
6,28,"(5, 25)",1,-0.08
6,29,"(6, 25)",1,-0.08
6,30,"(7, 25)",1,-0.08
6,31,"(8, 25)",1,-0.08
6,32,"(9, 25)",1,-0.08
6,33,"(10, 25)",0,-0.08
6,34,"(10, 24)",1,-0.08
6,35,"(11, 24)",1,-0.08
6,36,"(12, 24)",1,-0.08
6,37,"(13, 24)",1,-0.08
6,38,"(14, 24)",0,-0.08
6,39,"(14, 23)",1,-0.08
6,40,"(15, 23)",1,-0.08
6,41,"(16, 23)",1,-0.08
6,42,"(17, 23)",1,-0.08
6,43,"(18, 23)",0,-0.08
6,44,"(18, 22)",1,-0.08
6,45,"(19, 22)",1,-0.08
6,46,"(20, 22)",0,-0.08
6,47,"(20, 21)",1,-0.08
6,48,"(21, 21)",0,-0.08
6,49,"(21, 20)",0,-0.08
6,50,"(21, 19)",1,-0.08
6,51,"(22, 19)",1,-0.08
6,52,"(23, 19)",0,-0.08
6,53,"(23, 18)",0,-0.08
6,54,"(23, 17)",0,-0.08
6,55,"(23, 16)",0,-0.08
6,56,"(23, 15)",1,-0.08
6,57,"(24, 15)",1,-0.08
6,58,"(25, 15)",1,-0.08
6,59,"(26, 15)",1,-0.08
6,60,"(27, 15)",0,-0.08
6,61,"(27, 14)",0,-0.08
6,62,"(27, 13)",1,-0.08
6,63,"(28, 13)",1,-0.08
6,64,"(29, 13)",1,-0.08
6,65,"(30, 13)",1,-0.08
6,66,"(31, 13)",1,-0.08
6,67,"(32, 13)",1,-0.08
6,68,"(33, 13)",1,-0.08
6,69,"(34, 13)",1,-0.08
6,70,"(35, 13)",1,-0.08
6,71,"(36, 13)",0,-0.08
6,72,"(36, 12)",1,-0.08
6,73,"(37, 12)",1,-0.08
6,74,"(38, 12)",1,-0.08
6,75,"(39, 12)",0,-0.08
6,76,"(39, 11)",1,-0.08
6,77,"(40, 11)",1,-0.08
6,78,"(41, 11)",1,-0.08
6,79,"(42, 11)",1,-0.08
6,80,"(43, 11)",1,-0.08
6,81,"(44, 11)",1,-0.08
6,82,"(45, 11)",0,-0.08
6,83,"(45, 10)",0,-0.08
6,84,"(45, 9)",1,-0.08
6,85,"(46, 9)",0,-0.08
6,86,"(46, 8)",0,-0.08
6,87,"(46, 7)",1,-0.08
6,88,"(47, 7)",1,-0.08
6,89,"(48, 7)",1,-0.08
6,90,"(49, 7)",1,-0.08
6,91,"(50, 7)",1,-0.08
6,92,"(51, 7)",1,-0.08
6,93,"(52, 7)",1,-0.08
6,94,"(53, 7)",1,-0.08
6,95,"(54, 7)",1,-0.08
6,96,"(55, 7)",1,-0.08
6,97,"(56, 7)",1,-0.08
6,98,"(57, 7)",1,-0.08
6,99,"(58, 7)",1,-0.08
6,100,"(59, 7)",1,-0.08
6,101,"(60, 7)",1,-0.08
6,102,"(61, 7)",1,-0.08
6,103,"(62, 7)",1,-0.08
6,104,"(63, 7)",1,-0.08
6,105,"(64, 7)",1,-0.08
6,106,"(65, 7)",1,-0.08
6,107,"(66, 7)",1,-0.08
6,108,"(67, 7)",1,-0.08
6,109,"(68, 7)",1,-0.08
6,110,"(69, 7)",1,-0.08
6,111,"(70, 7)",1,-0.08
6,112,"(71, 7)",0,-0.08
6,113,"(71, 6)",0,-0.08
6,114,"(71, 5)",1,-0.08
6,115,"(72, 5)",1,-0.08
6,116,"(73, 5)",1,-0.08
6,117,"(74, 5)",0,-0.08
6,118,"(74, 4)",0,-0.08
6,119,"(74, 3)",1,-0.08
6,120,"(75, 3)",1,-0.08
6,121,"(76, 3)",1,-0.08
6,122,"(77, 3)",0,-0.08
6,123,"(77, 2)",0,-0.08
6,124,"(77, 1)",1,-0.08
6,125,"(78, 1)",1,-0.08
6,126,"(79, 1)",0,8.33
7,0,"(0, 39)",1,-0.08
7,1,"(1, 39)",1,-0.08
7,2,"(2, 39)",1,-0.08
7,3,"(3, 39)",0,-0.08
7,4,"(3, 38)",0,-0.08
7,5,"(3, 37)",1,-8.33
7,6,"(3, 37)",0,-0.08
7,7,"(3, 36)",0,-0.08
7,8,"(3, 35)",3,-0.08
7,9,"(2, 35)",0,-0.08
7,10,"(2, 34)",0,-0.08
7,11,"(2, 33)",0,-0.08
7,12,"(2, 32)",1,-0.08
7,13,"(3, 32)",0,-0.08
7,14,"(3, 31)",0,-8.33
7,15,"(3, 31)",0,-8.33
7,16,"(3, 31)",3,-0.08
7,17,"(2, 31)",3,-0.08
7,18,"(1, 31)",0,-0.08
7,19,"(1, 30)",0,-0.08
7,20,"(1, 29)",0,-0.08
7,21,"(1, 28)",0,-0.08
7,22,"(1, 27)",0,-0.08
7,23,"(1, 26)",0,-0.08
7,24,"(1, 25)",1,-0.08
7,25,"(2, 25)",1,-0.08
7,26,"(3, 25)",1,-0.08
7,27,"(4, 25)",1,-0.08
7,28,"(5, 25)",1,-0.08
7,29,"(6, 25)",1,-0.08
7,30,"(7, 25)",1,-0.08
7,31,"(8, 25)",1,-0.08
7,32,"(9, 25)",0,-0.08
7,33,"(9, 24)",1,-0.08
7,34,"(10, 24)",1,-0.08
7,35,"(11, 24)",1,-0.08
7,36,"(12, 24)",1,-0.08
7,37,"(13, 24)",1,-0.08
7,38,"(14, 24)",0,-0.08
7,39,"(14, 23)",1,-0.08
7,40,"(15, 23)",1,-0.08
7,41,"(16, 23)",0,-0.08
7,42,"(16, 22)",1,-0.08
7,43,"(17, 22)",1,-0.08
7,44,"(18, 22)",1,-0.08
7,45,"(19, 22)",1,-0.08
7,46,"(20, 22)",0,-0.08
7,47,"(20, 21)",0,-0.08
7,48,"(20, 20)",1,-0.08
7,49,"(21, 20)",1,-0.08
7,50,"(22, 20)",0,-0.08
7,51,"(22, 19)",1,-0.08
7,52,"(23, 19)",0,-0.08
7,53,"(23, 18)",0,-0.08
7,54,"(23, 17)",1,-0.08
7,55,"(24, 17)",1,-0.08
7,56,"(25, 17)",1,-0.08
7,57,"(26, 17)",1,-0.08
7,58,"(27, 17)",1,-0.08
7,59,"(28, 17)",0,-0.08
7,60,"(28, 16)",0,-0.08
7,61,"(28, 15)",1,-0.08
7,62,"(29, 15)",1,-0.08
7,63,"(30, 15)",1,-0.08
7,64,"(31, 15)",0,-0.08
7,65,"(31, 14)",1,-0.08
7,66,"(32, 14)",0,-0.08
7,67,"(32, 13)",1,-0.08
7,68,"(33, 13)",1,-0.08
7,69,"(34, 13)",1,-0.08
7,70,"(35, 13)",1,-0.08
7,71,"(36, 13)",1,-0.08
7,72,"(37, 13)",1,-0.08
7,73,"(38, 13)",0,-0.08
7,74,"(38, 12)",1,-0.08
7,75,"(39, 12)",0,-0.08
7,76,"(39, 11)",1,-0.08
7,77,"(40, 11)",1,-0.08
7,78,"(41, 11)",1,-0.08
7,79,"(42, 11)",1,-0.08
7,80,"(43, 11)",1,-0.08
7,81,"(44, 11)",1,-0.08
7,82,"(45, 11)",0,-0.08
7,83,"(45, 10)",1,-0.08
7,84,"(46, 10)",1,-0.08
7,85,"(47, 10)",1,-0.08
7,86,"(48, 10)",1,-0.08
7,87,"(49, 10)",0,-0.08
7,88,"(49, 9)",1,-0.08
7,89,"(50, 9)",0,-0.08
7,90,"(50, 8)",0,-0.08
7,91,"(50, 7)",1,-0.08
7,92,"(51, 7)",1,-0.08
7,93,"(52, 7)",1,-0.08
7,94,"(53, 7)",1,-0.08
7,95,"(54, 7)",1,-0.08
7,96,"(55, 7)",1,-0.08
7,97,"(56, 7)",1,-0.08
7,98,"(57, 7)",1,-0.08
7,99,"(58, 7)",1,-0.08
7,100,"(59, 7)",1,-0.08
7,101,"(60, 7)",1,-0.08
7,102,"(61, 7)",1,-0.08
7,103,"(62, 7)",1,-0.08
7,104,"(63, 7)",1,-0.08
7,105,"(64, 7)",1,-0.08
7,106,"(65, 7)",1,-0.08
7,107,"(66, 7)",1,-0.08
7,108,"(67, 7)",1,-0.08
7,109,"(68, 7)",1,-0.08
7,110,"(69, 7)",0,-0.08
7,111,"(69, 6)",1,-0.08
7,112,"(70, 6)",1,-0.08
7,113,"(71, 6)",0,-0.08
7,114,"(71, 5)",1,-0.08
7,115,"(72, 5)",1,-0.08
7,116,"(73, 5)",1,-0.08
7,117,"(74, 5)",1,-0.08
7,118,"(75, 5)",0,-0.08
7,119,"(75, 4)",0,-0.08
7,120,"(75, 3)",1,-0.08
7,121,"(76, 3)",0,-0.08
7,122,"(76, 2)",0,-0.08
7,123,"(76, 1)",1,-0.08
7,124,"(77, 1)",0,-0.08
7,125,"(77, 0)",1,-0.08
7,126,"(78, 0)",1,8.33
8,0,"(0, 39)",0,-0.08
8,1,"(0, 38)",0,-0.08
8,2,"(0, 37)",0,-0.08
8,3,"(0, 36)",0,-0.08
8,4,"(0, 35)",0,-0.08
8,5,"(0, 34)",0,-0.08
8,6,"(0, 33)",1,-0.08
8,7,"(1, 33)",1,-0.08
8,8,"(2, 33)",0,-0.08
8,9,"(2, 32)",0,-0.08
8,10,"(2, 31)",1,-0.08
8,11,"(3, 31)",0,-8.33
8,12,"(3, 31)",1,-8.33
8,13,"(3, 31)",0,-8.33
8,14,"(3, 31)",2,-0.08
8,15,"(3, 32)",2,-0.08
8,16,"(3, 33)",1,-0.08
8,17,"(4, 33)",1,-0.08
8,18,"(5, 33)",1,-0.08
8,19,"(6, 33)",1,-0.08
8,20,"(7, 33)",1,-0.08
8,21,"(8, 33)",0,-0.08
8,22,"(8, 32)",0,-0.08
8,23,"(8, 31)",0,-0.08
8,24,"(8, 30)",1,-0.08
8,25,"(9, 30)",1,-0.08
8,26,"(10, 30)",0,-0.08
8,27,"(10, 29)",0,-0.08
8,28,"(10, 28)",0,-0.08
8,29,"(10, 27)",1,-0.08
8,30,"(11, 27)",1,-0.08
8,31,"(12, 27)",1,-0.08
8,32,"(13, 27)",0,-0.08
8,33,"(13, 26)",0,-0.08
8,34,"(13, 25)",0,-0.08
8,35,"(13, 24)",1,-0.08
8,36,"(14, 24)",0,-0.08
8,37,"(14, 23)",1,-0.08
8,38,"(15, 23)",1,-0.08
8,39,"(16, 23)",0,-0.08
8,40,"(16, 22)",1,-0.08
8,41,"(17, 22)",1,-0.08
8,42,"(18, 22)",1,-0.08
8,43,"(19, 22)",1,-0.08
8,44,"(20, 22)",0,-0.08
8,45,"(20, 21)",0,-0.08
8,46,"(20, 20)",1,-0.08
8,47,"(21, 20)",1,-0.08
8,48,"(22, 20)",0,-0.08
8,49,"(22, 19)",1,-0.08
8,50,"(23, 19)",0,-0.08
8,51,"(23, 18)",0,-0.08
8,52,"(23, 17)",0,-0.08
8,53,"(23, 16)",0,-0.08
8,54,"(23, 15)",1,-0.08
8,55,"(24, 15)",1,-0.08
8,56,"(25, 15)",1,-0.08
8,57,"(26, 15)",1,-0.08
8,58,"(27, 15)",1,-0.08
8,59,"(28, 15)",1,-0.08
8,60,"(29, 15)",0,-0.08
8,61,"(29, 14)",0,-0.08
8,62,"(29, 13)",1,-0.08
8,63,"(30, 13)",1,-0.08
8,64,"(31, 13)",1,-0.08
8,65,"(32, 13)",1,-0.08
8,66,"(33, 13)",1,-0.08
8,67,"(34, 13)",1,-0.08
8,68,"(35, 13)",0,-0.08
8,69,"(35, 12)",1,-0.08
8,70,"(36, 12)",1,-0.08
8,71,"(37, 12)",1,-0.08
8,72,"(38, 12)",1,-0.08
8,73,"(39, 12)",0,-0.08
8,74,"(39, 11)",1,-0.08
8,75,"(40, 11)",1,-0.08
8,76,"(41, 11)",1,-0.08
8,77,"(42, 11)",1,-0.08
8,78,"(43, 11)",1,-0.08
8,79,"(44, 11)",1,-0.08
8,80,"(45, 11)",0,-0.08
8,81,"(45, 10)",1,-0.08
8,82,"(46, 10)",1,-0.08
8,83,"(47, 10)",1,-0.08
8,84,"(48, 10)",1,-0.08
8,85,"(49, 10)",0,-0.08
8,86,"(49, 9)",1,-0.08
8,87,"(50, 9)",1,-0.08
8,88,"(51, 9)",1,-0.08
8,89,"(52, 9)",1,-0.08
8,90,"(53, 9)",1,-0.08
8,91,"(54, 9)",1,-0.08
8,92,"(55, 9)",1,-0.08
8,93,"(56, 9)",1,-0.08
8,94,"(57, 9)",1,-0.08
8,95,"(58, 9)",0,-0.08
8,96,"(58, 8)",0,-0.08
8,97,"(58, 7)",1,-0.08
8,98,"(59, 7)",1,-0.08
8,99,"(60, 7)",1,-0.08
8,100,"(61, 7)",1,-0.08
8,101,"(62, 7)",1,-0.08
8,102,"(63, 7)",1,-0.08
8,103,"(64, 7)",1,-0.08
8,104,"(65, 7)",1,-0.08
8,105,"(66, 7)",1,-0.08
8,106,"(67, 7)",1,-0.08
8,107,"(68, 7)",1,-0.08
8,108,"(69, 7)",0,-0.08
8,109,"(69, 6)",1,-0.08
8,110,"(70, 6)",1,-0.08
8,111,"(71, 6)",0,-0.08
8,112,"(71, 5)",1,-0.08
8,113,"(72, 5)",1,-0.08
8,114,"(73, 5)",1,-0.08
8,115,"(74, 5)",0,-0.08
8,116,"(74, 4)",0,-0.08
8,117,"(74, 3)",1,-0.08
8,118,"(75, 3)",1,-0.08
8,119,"(76, 3)",0,-0.08
8,120,"(76, 2)",0,-0.08
8,121,"(76, 1)",0,-0.08
8,122,"(76, 0)",1,-0.08
8,123,"(77, 0)",1,-0.08
8,124,"(78, 0)",1,8.33
9,0,"(0, 39)",0,-0.08
9,1,"(0, 38)",1,-0.08
9,2,"(1, 38)",1,-8.33
9,3,"(1, 38)",0,-0.08
9,4,"(1, 37)",0,-8.33
9,5,"(1, 37)",3,-0.08
9,6,"(0, 37)",0,-0.08
9,7,"(0, 36)",0,-0.08
9,8,"(0, 35)",1,-0.08
9,9,"(1, 35)",0,-0.08
9,10,"(1, 34)",1,-0.08
9,11,"(2, 34)",0,-0.08
9,12,"(2, 33)",0,-0.08
9,13,"(2, 32)",0,-0.08
9,14,"(2, 31)",1,-0.08
9,15,"(3, 31)",0,-8.33
9,16,"(3, 31)",0,-8.33
9,17,"(3, 31)",2,-0.08
9,18,"(3, 32)",2,-0.08
9,19,"(3, 33)",1,-0.08
9,20,"(4, 33)",1,-0.08
9,21,"(5, 33)",1,-0.08
9,22,"(6, 33)",1,-0.08
9,23,"(7, 33)",1,-0.08
9,24,"(8, 33)",0,-0.08
9,25,"(8, 32)",1,-0.08
9,26,"(9, 32)",0,-0.08
9,27,"(9, 31)",0,-0.08
9,28,"(9, 30)",0,-0.08
9,29,"(9, 29)",1,-0.08
9,30,"(10, 29)",0,-0.08
9,31,"(10, 28)",0,-0.08
9,32,"(10, 27)",1,-0.08
9,33,"(11, 27)",1,-0.08
9,34,"(12, 27)",0,-0.08
9,35,"(12, 26)",1,-0.08
9,36,"(13, 26)",0,-0.08
9,37,"(13, 25)",1,-0.08
9,38,"(14, 25)",0,-0.08
9,39,"(14, 24)",0,-0.08
9,40,"(14, 23)",1,-0.08
9,41,"(15, 23)",1,-0.08
9,42,"(16, 23)",0,-0.08
9,43,"(16, 22)",1,-0.08
9,44,"(17, 22)",1,-0.08
9,45,"(18, 22)",1,-0.08
9,46,"(19, 22)",1,-0.08
9,47,"(20, 22)",1,-0.08
9,48,"(21, 22)",0,-0.08
9,49,"(21, 21)",1,-0.08
9,50,"(22, 21)",1,-0.08
9,51,"(23, 21)",1,-0.08
9,52,"(24, 21)",1,-0.08
9,53,"(25, 21)",0,-0.08
9,54,"(25, 20)",0,-0.08
9,55,"(25, 19)",1,-0.08
9,56,"(26, 19)",1,-0.08
9,57,"(27, 19)",1,-0.08
9,58,"(28, 19)",1,-0.08
9,59,"(29, 19)",1,-0.08
9,60,"(30, 19)",1,-0.08
9,61,"(31, 19)",0,-0.08
9,62,"(31, 18)",1,-0.08
9,63,"(32, 18)",0,-0.08
9,64,"(32, 17)",1,-0.08
9,65,"(33, 17)",1,-0.08
9,66,"(34, 17)",1,-0.08
9,67,"(35, 17)",0,-0.08
9,68,"(35, 16)",0,-0.08
9,69,"(35, 15)",0,-0.08
9,70,"(35, 14)",0,-0.08
9,71,"(35, 13)",0,-0.08
9,72,"(35, 12)",1,-0.08
9,73,"(36, 12)",1,-0.08
9,74,"(37, 12)",1,-0.08
9,75,"(38, 12)",1,-0.08
9,76,"(39, 12)",0,-0.08
9,77,"(39, 11)",1,-0.08
9,78,"(40, 11)",1,-0.08
9,79,"(41, 11)",1,-0.08
9,80,"(42, 11)",1,-0.08
9,81,"(43, 11)",1,-0.08
9,82,"(44, 11)",1,-0.08
9,83,"(45, 11)",0,-0.08
9,84,"(45, 10)",1,-0.08
9,85,"(46, 10)",0,-0.08
9,86,"(46, 9)",0,-0.08
9,87,"(46, 8)",0,-0.08
9,88,"(46, 7)",1,-0.08
9,89,"(47, 7)",1,-0.08
9,90,"(48, 7)",1,-0.08
9,91,"(49, 7)",1,-0.08
9,92,"(50, 7)",1,-0.08
9,93,"(51, 7)",1,-0.08
9,94,"(52, 7)",1,-0.08
9,95,"(53, 7)",1,-0.08
9,96,"(54, 7)",1,-0.08
9,97,"(55, 7)",1,-0.08
9,98,"(56, 7)",1,-0.08
9,99,"(57, 7)",1,-0.08
9,100,"(58, 7)",1,-0.08
9,101,"(59, 7)",1,-0.08
9,102,"(60, 7)",1,-0.08
9,103,"(61, 7)",1,-0.08
9,104,"(62, 7)",1,-0.08
9,105,"(63, 7)",1,-0.08
9,106,"(64, 7)",1,-0.08
9,107,"(65, 7)",1,-0.08
9,108,"(66, 7)",1,-0.08
9,109,"(67, 7)",1,-0.08
9,110,"(68, 7)",1,-0.08
9,111,"(69, 7)",1,-0.08
9,112,"(70, 7)",1,-0.08
9,113,"(71, 7)",0,-0.08
9,114,"(71, 6)",0,-0.08
9,115,"(71, 5)",1,-0.08
9,116,"(72, 5)",1,-0.08
9,117,"(73, 5)",1,-0.08
9,118,"(74, 5)",0,-0.08
9,119,"(74, 4)",1,-0.08
9,120,"(75, 4)",0,-0.08
9,121,"(75, 3)",1,-0.08
9,122,"(76, 3)",1,-0.08
9,123,"(77, 3)",0,-0.08
9,124,"(77, 2)",0,-0.08
9,125,"(77, 1)",0,-0.08
9,126,"(77, 0)",1,-0.08
9,127,"(78, 0)",1,8.33
10,0,"(0, 39)",1,-0.08
10,1,"(1, 39)",0,-0.08
10,2,"(1, 38)",1,-8.33
10,3,"(1, 38)",0,-0.08
10,4,"(1, 37)",0,-8.33
10,5,"(1, 37)",3,-0.08
10,6,"(0, 37)",0,-0.08
10,7,"(0, 36)",0,-0.08
10,8,"(0, 35)",0,-0.08
10,9,"(0, 34)",1,-0.08
10,10,"(1, 34)",1,-0.08
10,11,"(2, 34)",0,-0.08
10,12,"(2, 33)",1,-0.08
10,13,"(3, 33)",0,-0.08
10,14,"(3, 32)",0,-0.08
10,15,"(3, 31)",0,-8.33
10,16,"(3, 31)",2,-0.08
10,17,"(3, 32)",2,-0.08
10,18,"(3, 33)",1,-0.08
10,19,"(4, 33)",1,-0.08
10,20,"(5, 33)",0,-0.08
10,21,"(5, 32)",0,-0.08
10,22,"(5, 31)",1,-0.08
10,23,"(6, 31)",1,-0.08
10,24,"(7, 31)",1,-0.08
10,25,"(8, 31)",0,-0.08
10,26,"(8, 30)",0,-0.08
10,27,"(8, 29)",1,-0.08
10,28,"(9, 29)",1,-0.08
10,29,"(10, 29)",0,-0.08
10,30,"(10, 28)",0,-0.08
10,31,"(10, 27)",1,-0.08
10,32,"(11, 27)",1,-0.08
10,33,"(12, 27)",1,-0.08
10,34,"(13, 27)",1,-0.08
10,35,"(14, 27)",1,-0.08
10,36,"(15, 27)",0,-0.08
10,37,"(15, 26)",1,-0.08
10,38,"(16, 26)",0,-0.08
10,39,"(16, 25)",1,-0.08
10,40,"(17, 25)",0,-0.08
10,41,"(17, 24)",0,-0.08
10,42,"(17, 23)",0,-0.08
10,43,"(17, 22)",1,-0.08
10,44,"(18, 22)",1,-0.08
10,45,"(19, 22)",1,-0.08
10,46,"(20, 22)",0,-0.08
10,47,"(20, 21)",1,-0.08
10,48,"(21, 21)",0,-0.08
10,49,"(21, 20)",1,-0.08
10,50,"(22, 20)",1,-0.08
10,51,"(23, 20)",0,-0.08
10,52,"(23, 19)",0,-0.08
10,53,"(23, 18)",0,-0.08
10,54,"(23, 17)",0,-0.08
10,55,"(23, 16)",0,-0.08
10,56,"(23, 15)",1,-0.08
10,57,"(24, 15)",1,-0.08
10,58,"(25, 15)",1,-0.08
10,59,"(26, 15)",1,-0.08
10,60,"(27, 15)",1,-0.08
10,61,"(28, 15)",1,-0.08
10,62,"(29, 15)",0,-0.08
10,63,"(29, 14)",0,-0.08
10,64,"(29, 13)",1,-0.08
10,65,"(30, 13)",1,-0.08
10,66,"(31, 13)",1,-0.08
10,67,"(32, 13)",1,-0.08
10,68,"(33, 13)",1,-0.08
10,69,"(34, 13)",1,-0.08
10,70,"(35, 13)",1,-0.08
10,71,"(36, 13)",1,-0.08
10,72,"(37, 13)",1,-0.08
10,73,"(38, 13)",0,-0.08
10,74,"(38, 12)",1,-0.08
10,75,"(39, 12)",0,-0.08
10,76,"(39, 11)",1,-0.08
10,77,"(40, 11)",1,-0.08
10,78,"(41, 11)",1,-0.08
10,79,"(42, 11)",1,-0.08
10,80,"(43, 11)",1,-0.08
10,81,"(44, 11)",1,-0.08
10,82,"(45, 11)",0,-0.08
10,83,"(45, 10)",0,-0.08
10,84,"(45, 9)",0,-0.08
10,85,"(45, 8)",0,-0.08
10,86,"(45, 7)",1,-0.08
10,87,"(46, 7)",1,-0.08
10,88,"(47, 7)",1,-0.08
10,89,"(48, 7)",1,-0.08
10,90,"(49, 7)",1,-0.08
10,91,"(50, 7)",1,-0.08
10,92,"(51, 7)",1,-0.08
10,93,"(52, 7)",1,-0.08
10,94,"(53, 7)",1,-0.08
10,95,"(54, 7)",1,-0.08
10,96,"(55, 7)",1,-0.08
10,97,"(56, 7)",1,-0.08
10,98,"(57, 7)",1,-0.08
10,99,"(58, 7)",1,-0.08
10,100,"(59, 7)",1,-0.08
10,101,"(60, 7)",1,-0.08
10,102,"(61, 7)",1,-0.08
10,103,"(62, 7)",1,-0.08
10,104,"(63, 7)",1,-0.08
10,105,"(64, 7)",1,-0.08
10,106,"(65, 7)",1,-0.08
10,107,"(66, 7)",1,-0.08
10,108,"(67, 7)",1,-0.08
10,109,"(68, 7)",1,-0.08
10,110,"(69, 7)",0,-0.08
10,111,"(69, 6)",1,-0.08
10,112,"(70, 6)",1,-0.08
10,113,"(71, 6)",1,-0.08
10,114,"(72, 6)",1,-0.08
10,115,"(73, 6)",1,-0.08
10,116,"(74, 6)",0,-0.08
10,117,"(74, 5)",1,-0.08
10,118,"(75, 5)",0,-0.08
10,119,"(75, 4)",0,-0.08
10,120,"(75, 3)",1,-0.08
10,121,"(76, 3)",0,-0.08
10,122,"(76, 2)",0,-0.08
10,123,"(76, 1)",1,-0.08
10,124,"(77, 1)",0,-0.08
10,125,"(77, 0)",1,-0.08
10,126,"(78, 0)",1,8.33
11,0,"(0, 39)",0,-0.08
11,1,"(0, 38)",0,-0.08
11,2,"(0, 37)",1,-0.08
11,3,"(1, 37)",0,-8.33
11,4,"(1, 37)",3,-0.08
11,5,"(0, 37)",0,-0.08
11,6,"(0, 36)",0,-0.08
11,7,"(0, 35)",0,-0.08
11,8,"(0, 34)",1,-0.08
11,9,"(1, 34)",0,-0.08
11,10,"(1, 33)",0,-0.08
11,11,"(1, 32)",0,-0.08
11,12,"(1, 31)",1,-0.08
11,13,"(2, 31)",1,-0.08
11,14,"(3, 31)",0,-8.33
11,15,"(3, 31)",2,-0.08
11,16,"(3, 32)",2,-0.08
11,17,"(3, 33)",1,-0.08
11,18,"(4, 33)",1,-0.08
11,19,"(5, 33)",0,-0.08
11,20,"(5, 32)",0,-0.08
11,21,"(5, 31)",0,-0.08
11,22,"(5, 30)",0,-0.08
11,23,"(5, 29)",1,-0.08
11,24,"(6, 29)",1,-0.08
11,25,"(7, 29)",0,-0.08
11,26,"(7, 28)",0,-0.08
11,27,"(7, 27)",0,-0.08
11,28,"(7, 26)",0,-0.08
11,29,"(7, 25)",1,-0.08
11,30,"(8, 25)",1,-0.08
11,31,"(9, 25)",0,-0.08
11,32,"(9, 24)",1,-0.08
11,33,"(10, 24)",1,-0.08
11,34,"(11, 24)",1,-0.08
11,35,"(12, 24)",1,-0.08
11,36,"(13, 24)",1,-0.08
11,37,"(14, 24)",0,-0.08
11,38,"(14, 23)",1,-0.08
11,39,"(15, 23)",1,-0.08
11,40,"(16, 23)",0,-0.08
11,41,"(16, 22)",1,-0.08
11,42,"(17, 22)",1,-0.08
11,43,"(18, 22)",1,-0.08
11,44,"(19, 22)",1,-0.08
11,45,"(20, 22)",0,-0.08
11,46,"(20, 21)",0,-0.08
11,47,"(20, 20)",0,-0.08
11,48,"(20, 19)",1,-0.08
11,49,"(21, 19)",1,-0.08
11,50,"(22, 19)",1,-0.08
11,51,"(23, 19)",0,-0.08
11,52,"(23, 18)",0,-0.08
11,53,"(23, 17)",0,-0.08
11,54,"(23, 16)",0,-0.08
11,55,"(23, 15)",1,-0.08
11,56,"(24, 15)",1,-0.08
11,57,"(25, 15)",1,-0.08
11,58,"(26, 15)",1,-0.08
11,59,"(27, 15)",0,-0.08
11,60,"(27, 14)",0,-0.08
11,61,"(27, 13)",1,-0.08
11,62,"(28, 13)",1,-0.08
11,63,"(29, 13)",1,-0.08
11,64,"(30, 13)",1,-0.08
11,65,"(31, 13)",1,-0.08
11,66,"(32, 13)",1,-0.08
11,67,"(33, 13)",1,-0.08
11,68,"(34, 13)",1,-0.08
11,69,"(35, 13)",1,-0.08
11,70,"(36, 13)",0,-0.08
11,71,"(36, 12)",1,-0.08
11,72,"(37, 12)",1,-0.08
11,73,"(38, 12)",1,-0.08
11,74,"(39, 12)",0,-0.08
11,75,"(39, 11)",1,-0.08
11,76,"(40, 11)",1,-0.08
11,77,"(41, 11)",1,-0.08
11,78,"(42, 11)",1,-0.08
11,79,"(43, 11)",1,-0.08
11,80,"(44, 11)",1,-0.08
11,81,"(45, 11)",0,-0.08
11,82,"(45, 10)",0,-0.08
11,83,"(45, 9)",0,-0.08
11,84,"(45, 8)",0,-0.08
11,85,"(45, 7)",1,-0.08
11,86,"(46, 7)",1,-0.08
11,87,"(47, 7)",1,-0.08
11,88,"(48, 7)",1,-0.08
11,89,"(49, 7)",1,-0.08
11,90,"(50, 7)",1,-0.08
11,91,"(51, 7)",1,-0.08
11,92,"(52, 7)",1,-0.08
11,93,"(53, 7)",1,-0.08
11,94,"(54, 7)",1,-0.08
11,95,"(55, 7)",1,-0.08
11,96,"(56, 7)",1,-0.08
11,97,"(57, 7)",1,-0.08
11,98,"(58, 7)",1,-0.08
11,99,"(59, 7)",1,-0.08
11,100,"(60, 7)",1,-0.08
11,101,"(61, 7)",1,-0.08
11,102,"(62, 7)",1,-0.08
11,103,"(63, 7)",1,-0.08
11,104,"(64, 7)",1,-0.08
11,105,"(65, 7)",1,-0.08
11,106,"(66, 7)",1,-0.08
11,107,"(67, 7)",1,-0.08
11,108,"(68, 7)",1,-0.08
11,109,"(69, 7)",1,-0.08
11,110,"(70, 7)",1,-0.08
11,111,"(71, 7)",0,-0.08
11,112,"(71, 6)",0,-0.08
11,113,"(71, 5)",1,-0.08
11,114,"(72, 5)",1,-0.08
11,115,"(73, 5)",1,-0.08
11,116,"(74, 5)",0,-0.08
11,117,"(74, 4)",1,-0.08
11,118,"(75, 4)",0,-0.08
11,119,"(75, 3)",1,-0.08
11,120,"(76, 3)",0,-0.08
11,121,"(76, 2)",1,-0.08
11,122,"(77, 2)",0,-0.08
11,123,"(77, 1)",0,-0.08
11,124,"(77, 0)",1,-0.08
11,125,"(78, 0)",1,8.33
12,0,"(0, 39)",0,-0.08
12,1,"(0, 38)",1,-0.08
12,2,"(1, 38)",0,-0.08
12,3,"(1, 37)",1,-8.33
12,4,"(1, 37)",0,-8.33
12,5,"(1, 37)",3,-0.08
12,6,"(0, 37)",0,-0.08
12,7,"(0, 36)",0,-0.08
12,8,"(0, 35)",0,-0.08
12,9,"(0, 34)",0,-0.08
12,10,"(0, 33)",1,-0.08
12,11,"(1, 33)",1,-0.08
12,12,"(2, 33)",0,-0.08
12,13,"(2, 32)",1,-0.08
12,14,"(3, 32)",0,-0.08
12,15,"(3, 31)",0,-8.33
12,16,"(3, 31)",0,-8.33
12,17,"(3, 31)",3,-0.08
12,18,"(2, 31)",3,-0.08
12,19,"(1, 31)",0,-0.08
12,20,"(1, 30)",0,-0.08
12,21,"(1, 29)",0,-0.08
12,22,"(1, 28)",0,-0.08
12,23,"(1, 27)",0,-0.08
12,24,"(1, 26)",1,-0.08
12,25,"(2, 26)",0,-0.08
12,26,"(2, 25)",1,-0.08
12,27,"(3, 25)",1,-0.08
12,28,"(4, 25)",1,-0.08
12,29,"(5, 25)",1,-0.08
12,30,"(6, 25)",1,-0.08
12,31,"(7, 25)",1,-0.08
12,32,"(8, 25)",1,-0.08
12,33,"(9, 25)",0,-0.08
12,34,"(9, 24)",1,-0.08
12,35,"(10, 24)",1,-0.08
12,36,"(11, 24)",1,-0.08
12,37,"(12, 24)",1,-0.08
12,38,"(13, 24)",1,-0.08
12,39,"(14, 24)",0,-0.08
12,40,"(14, 23)",1,-0.08
12,41,"(15, 23)",1,-0.08
12,42,"(16, 23)",0,-0.08
12,43,"(16, 22)",1,-0.08
12,44,"(17, 22)",1,-0.08
12,45,"(18, 22)",1,-0.08
12,46,"(19, 22)",1,-0.08
12,47,"(20, 22)",1,-0.08
12,48,"(21, 22)",0,-0.08
12,49,"(21, 21)",1,-0.08
12,50,"(22, 21)",1,-0.08
12,51,"(23, 21)",1,-0.08
12,52,"(24, 21)",1,-0.08
12,53,"(25, 21)",1,-0.08
12,54,"(26, 21)",1,-0.08
12,55,"(27, 21)",1,-0.08
12,56,"(28, 21)",0,-0.08
12,57,"(28, 20)",0,-0.08
12,58,"(28, 19)",1,-0.08
12,59,"(29, 19)",1,-0.08
12,60,"(30, 19)",1,-0.08
12,61,"(31, 19)",1,-0.08
12,62,"(32, 19)",0,-0.08
12,63,"(32, 18)",0,-0.08
12,64,"(32, 17)",1,-0.08
12,65,"(33, 17)",1,-0.08
12,66,"(34, 17)",1,-0.08
12,67,"(35, 17)",0,-0.08
12,68,"(35, 16)",0,-0.08
12,69,"(35, 15)",0,-0.08
12,70,"(35, 14)",0,-0.08
12,71,"(35, 13)",0,-0.08
12,72,"(35, 12)",1,-0.08
12,73,"(36, 12)",1,-0.08
12,74,"(37, 12)",1,-0.08
12,75,"(38, 12)",1,-0.08
12,76,"(39, 12)",0,-0.08
12,77,"(39, 11)",1,-0.08
12,78,"(40, 11)",1,-0.08
12,79,"(41, 11)",1,-0.08
12,80,"(42, 11)",1,-0.08
12,81,"(43, 11)",1,-0.08
12,82,"(44, 11)",1,-0.08
12,83,"(45, 11)",0,-0.08
12,84,"(45, 10)",1,-0.08
12,85,"(46, 10)",1,-0.08
12,86,"(47, 10)",1,-0.08
12,87,"(48, 10)",1,-0.08
12,88,"(49, 10)",0,-0.08
12,89,"(49, 9)",1,-0.08
12,90,"(50, 9)",1,-0.08
12,91,"(51, 9)",1,-0.08
12,92,"(52, 9)",1,-0.08
12,93,"(53, 9)",1,-0.08
12,94,"(54, 9)",1,-0.08
12,95,"(55, 9)",1,-0.08
12,96,"(56, 9)",1,-0.08
12,97,"(57, 9)",0,-0.08
12,98,"(57, 8)",1,-0.08
12,99,"(58, 8)",0,-0.08
12,100,"(58, 7)",1,-0.08
12,101,"(59, 7)",1,-0.08
12,102,"(60, 7)",1,-0.08
12,103,"(61, 7)",1,-0.08
12,104,"(62, 7)",1,-0.08
12,105,"(63, 7)",1,-0.08
12,106,"(64, 7)",1,-0.08
12,107,"(65, 7)",1,-0.08
12,108,"(66, 7)",1,-0.08
12,109,"(67, 7)",1,-0.08
12,110,"(68, 7)",1,-0.08
12,111,"(69, 7)",1,-0.08
12,112,"(70, 7)",0,-0.08
12,113,"(70, 6)",1,-0.08
12,114,"(71, 6)",0,-0.08
12,115,"(71, 5)",1,-0.08
12,116,"(72, 5)",1,-0.08
12,117,"(73, 5)",1,-0.08
12,118,"(74, 5)",1,-0.08
12,119,"(75, 5)",1,-0.08
12,120,"(76, 5)",1,-0.08
12,121,"(77, 5)",0,-0.08
12,122,"(77, 4)",0,-0.08
12,123,"(77, 3)",0,-0.08
12,124,"(77, 2)",0,-0.08
12,125,"(77, 1)",0,-0.08
12,126,"(77, 0)",1,-0.08
12,127,"(78, 0)",1,8.33
13,0,"(0, 39)",0,-0.08
13,1,"(0, 38)",1,-0.08
13,2,"(1, 38)",0,-0.08
13,3,"(1, 37)",0,-8.33
13,4,"(1, 37)",3,-0.08
13,5,"(0, 37)",0,-0.08
13,6,"(0, 36)",0,-0.08
13,7,"(0, 35)",0,-0.08
13,8,"(0, 34)",1,-0.08
13,9,"(1, 34)",1,-0.08
13,10,"(2, 34)",0,-0.08
13,11,"(2, 33)",0,-0.08
13,12,"(2, 32)",0,-0.08
13,13,"(2, 31)",1,-0.08
13,14,"(3, 31)",0,-8.33
13,15,"(3, 31)",0,-8.33
13,16,"(3, 31)",3,-0.08
13,17,"(2, 31)",3,-0.08
13,18,"(1, 31)",0,-0.08
13,19,"(1, 30)",0,-0.08
13,20,"(1, 29)",0,-0.08
13,21,"(1, 28)",0,-0.08
13,22,"(1, 27)",0,-0.08
13,23,"(1, 26)",0,-0.08
13,24,"(1, 25)",1,-0.08
13,25,"(2, 25)",1,-0.08
13,26,"(3, 25)",1,-0.08
13,27,"(4, 25)",1,-0.08
13,28,"(5, 25)",1,-0.08
13,29,"(6, 25)",1,-0.08
13,30,"(7, 25)",1,-0.08
13,31,"(8, 25)",1,-0.08
13,32,"(9, 25)",0,-0.08
13,33,"(9, 24)",1,-0.08
13,34,"(10, 24)",1,-0.08
13,35,"(11, 24)",1,-0.08
13,36,"(12, 24)",1,-0.08
13,37,"(13, 24)",0,-0.08
13,38,"(13, 23)",1,-0.08
13,39,"(14, 23)",1,-0.08
13,40,"(15, 23)",1,-0.08
13,41,"(16, 23)",1,-0.08
13,42,"(17, 23)",0,-0.08
13,43,"(17, 22)",1,-0.08
13,44,"(18, 22)",1,-0.08
13,45,"(19, 22)",1,-0.08
13,46,"(20, 22)",1,-0.08
13,47,"(21, 22)",0,-0.08
13,48,"(21, 21)",1,-0.08
13,49,"(22, 21)",1,-0.08
13,50,"(23, 21)",1,-0.08
13,51,"(24, 21)",0,-0.08
13,52,"(24, 20)",1,-0.08
13,53,"(25, 20)",0,-0.08
13,54,"(25, 19)",1,-0.08
13,55,"(26, 19)",0,-0.08
13,56,"(26, 18)",1,-0.08
13,57,"(27, 18)",0,-0.08
13,58,"(27, 17)",0,-0.08
13,59,"(27, 16)",1,-0.08
13,60,"(28, 16)",0,-0.08
13,61,"(28, 15)",1,-0.08
13,62,"(29, 15)",1,-0.08
13,63,"(30, 15)",1,-0.08
13,64,"(31, 15)",1,-0.08
13,65,"(32, 15)",0,-0.08
13,66,"(32, 14)",0,-0.08
13,67,"(32, 13)",1,-0.08
13,68,"(33, 13)",1,-0.08
13,69,"(34, 13)",1,-0.08
13,70,"(35, 13)",0,-0.08
13,71,"(35, 12)",1,-0.08
13,72,"(36, 12)",1,-0.08
13,73,"(37, 12)",1,-0.08
13,74,"(38, 12)",1,-0.08
13,75,"(39, 12)",0,-0.08
13,76,"(39, 11)",1,-0.08
13,77,"(40, 11)",1,-0.08
13,78,"(41, 11)",1,-0.08
13,79,"(42, 11)",1,-0.08
13,80,"(43, 11)",1,-0.08
13,81,"(44, 11)",1,-0.08
13,82,"(45, 11)",0,-0.08
13,83,"(45, 10)",0,-0.08
13,84,"(45, 9)",0,-0.08
13,85,"(45, 8)",0,-0.08
13,86,"(45, 7)",1,-0.08
13,87,"(46, 7)",1,-0.08
13,88,"(47, 7)",1,-0.08
13,89,"(48, 7)",1,-0.08
13,90,"(49, 7)",1,-0.08
13,91,"(50, 7)",1,-0.08
13,92,"(51, 7)",1,-0.08
13,93,"(52, 7)",1,-0.08
13,94,"(53, 7)",1,-0.08
13,95,"(54, 7)",1,-0.08
13,96,"(55, 7)",1,-0.08
13,97,"(56, 7)",1,-0.08
13,98,"(57, 7)",1,-0.08
13,99,"(58, 7)",1,-0.08
13,100,"(59, 7)",1,-0.08
13,101,"(60, 7)",1,-0.08
13,102,"(61, 7)",1,-0.08
13,103,"(62, 7)",1,-0.08
13,104,"(63, 7)",1,-0.08
13,105,"(64, 7)",1,-0.08
13,106,"(65, 7)",1,-0.08
13,107,"(66, 7)",1,-0.08
13,108,"(67, 7)",1,-0.08
13,109,"(68, 7)",1,-0.08
13,110,"(69, 7)",0,-0.08
13,111,"(69, 6)",1,-0.08
13,112,"(70, 6)",1,-0.08
13,113,"(71, 6)",0,-0.08
13,114,"(71, 5)",1,-0.08
13,115,"(72, 5)",1,-0.08
13,116,"(73, 5)",1,-0.08
13,117,"(74, 5)",1,-0.08
13,118,"(75, 5)",0,-0.08
13,119,"(75, 4)",0,-0.08
13,120,"(75, 3)",1,-0.08
13,121,"(76, 3)",1,-0.08
13,122,"(77, 3)",0,-0.08
13,123,"(77, 2)",0,-0.08
13,124,"(77, 1)",1,-0.08
13,125,"(78, 1)",0,-0.08
13,126,"(78, 0)",1,8.33
14,0,"(0, 39)",0,-0.08
14,1,"(0, 38)",1,-0.08
14,2,"(1, 38)",0,-0.08
14,3,"(1, 37)",0,-8.33
14,4,"(1, 37)",3,-0.08
14,5,"(0, 37)",0,-0.08
14,6,"(0, 36)",0,-0.08
14,7,"(0, 35)",0,-0.08
14,8,"(0, 34)",1,-0.08
14,9,"(1, 34)",0,-0.08
14,10,"(1, 33)",0,-0.08
14,11,"(1, 32)",1,-0.08
14,12,"(2, 32)",0,-0.08
14,13,"(2, 31)",1,-0.08
14,14,"(3, 31)",0,-8.33
14,15,"(3, 31)",0,-8.33
14,16,"(3, 31)",3,-0.08
14,17,"(2, 31)",3,-0.08
14,18,"(1, 31)",0,-0.08
14,19,"(1, 30)",0,-0.08
14,20,"(1, 29)",0,-0.08
14,21,"(1, 28)",0,-0.08
14,22,"(1, 27)",0,-0.08
14,23,"(1, 26)",1,-0.08
14,24,"(2, 26)",1,-0.08
14,25,"(3, 26)",0,-0.08
14,26,"(3, 25)",1,-0.08
14,27,"(4, 25)",1,-0.08
14,28,"(5, 25)",1,-0.08
14,29,"(6, 25)",1,-0.08
14,30,"(7, 25)",1,-0.08
14,31,"(8, 25)",1,-0.08
14,32,"(9, 25)",0,-0.08
14,33,"(9, 24)",1,-0.08
14,34,"(10, 24)",1,-0.08
14,35,"(11, 24)",1,-0.08
14,36,"(12, 24)",1,-0.08
14,37,"(13, 24)",0,-0.08
14,38,"(13, 23)",1,-0.08
14,39,"(14, 23)",1,-0.08
14,40,"(15, 23)",1,-0.08
14,41,"(16, 23)",0,-0.08
14,42,"(16, 22)",1,-0.08
14,43,"(17, 22)",1,-0.08
14,44,"(18, 22)",1,-0.08
14,45,"(19, 22)",1,-0.08
14,46,"(20, 22)",1,-0.08
14,47,"(21, 22)",0,-0.08
14,48,"(21, 21)",1,-0.08
14,49,"(22, 21)",0,-0.08
14,50,"(22, 20)",1,-0.08
14,51,"(23, 20)",1,-0.08
14,52,"(24, 20)",1,-0.08
14,53,"(25, 20)",0,-0.08
14,54,"(25, 19)",0,-0.08
14,55,"(25, 18)",1,-0.08
14,56,"(26, 18)",1,-0.08
14,57,"(27, 18)",0,-0.08
14,58,"(27, 17)",0,-0.08
14,59,"(27, 16)",1,-0.08
14,60,"(28, 16)",0,-0.08
14,61,"(28, 15)",1,-0.08
14,62,"(29, 15)",1,-0.08
14,63,"(30, 15)",1,-0.08
14,64,"(31, 15)",1,-0.08
14,65,"(32, 15)",0,-0.08
14,66,"(32, 14)",0,-0.08
14,67,"(32, 13)",1,-0.08
14,68,"(33, 13)",1,-0.08
14,69,"(34, 13)",1,-0.08
14,70,"(35, 13)",0,-0.08
14,71,"(35, 12)",1,-0.08
14,72,"(36, 12)",1,-0.08
14,73,"(37, 12)",1,-0.08
14,74,"(38, 12)",1,-0.08
14,75,"(39, 12)",0,-0.08
14,76,"(39, 11)",1,-0.08
14,77,"(40, 11)",1,-0.08
14,78,"(41, 11)",1,-0.08
14,79,"(42, 11)",1,-0.08
14,80,"(43, 11)",1,-0.08
14,81,"(44, 11)",1,-0.08
14,82,"(45, 11)",0,-0.08
14,83,"(45, 10)",1,-0.08
14,84,"(46, 10)",1,-0.08
14,85,"(47, 10)",1,-0.08
14,86,"(48, 10)",1,-0.08
14,87,"(49, 10)",1,-0.08
14,88,"(50, 10)",0,-0.08
14,89,"(50, 9)",0,-0.08
14,90,"(50, 8)",0,-0.08
14,91,"(50, 7)",1,-0.08
14,92,"(51, 7)",1,-0.08
14,93,"(52, 7)",1,-0.08
14,94,"(53, 7)",1,-0.08
14,95,"(54, 7)",1,-0.08
14,96,"(55, 7)",1,-0.08
14,97,"(56, 7)",1,-0.08
14,98,"(57, 7)",1,-0.08
14,99,"(58, 7)",1,-0.08
14,100,"(59, 7)",1,-0.08
14,101,"(60, 7)",1,-0.08
14,102,"(61, 7)",1,-0.08
14,103,"(62, 7)",1,-0.08
14,104,"(63, 7)",1,-0.08
14,105,"(64, 7)",1,-0.08
14,106,"(65, 7)",1,-0.08
14,107,"(66, 7)",1,-0.08
14,108,"(67, 7)",1,-0.08
14,109,"(68, 7)",1,-0.08
14,110,"(69, 7)",1,-0.08
14,111,"(70, 7)",0,-0.08
14,112,"(70, 6)",1,-0.08
14,113,"(71, 6)",0,-0.08
14,114,"(71, 5)",1,-0.08
14,115,"(72, 5)",1,-0.08
14,116,"(73, 5)",1,-0.08
14,117,"(74, 5)",1,-0.08
14,118,"(75, 5)",1,-0.08
14,119,"(76, 5)",1,-0.08
14,120,"(77, 5)",0,-0.08
14,121,"(77, 4)",0,-0.08
14,122,"(77, 3)",0,-0.08
14,123,"(77, 2)",0,-0.08
14,124,"(77, 1)",0,-0.08
14,125,"(77, 0)",1,-0.08
14,126,"(78, 0)",1,8.33
15,0,"(0, 39)",0,-0.08
15,1,"(0, 38)",0,-0.08
15,2,"(0, 37)",0,-0.08
15,3,"(0, 36)",1,-8.33
15,4,"(0, 36)",0,-0.08
15,5,"(0, 35)",1,-0.08
15,6,"(1, 35)",0,-0.08
15,7,"(1, 34)",1,-0.08
15,8,"(2, 34)",0,-0.08
15,9,"(2, 33)",1,-0.08
15,10,"(3, 33)",0,-0.08
15,11,"(3, 32)",0,-0.08
15,12,"(3, 31)",0,-8.33
15,13,"(3, 31)",3,-0.08
15,14,"(2, 31)",3,-0.08
15,15,"(1, 31)",0,-0.08
15,16,"(1, 30)",0,-0.08
15,17,"(1, 29)",0,-0.08
15,18,"(1, 28)",0,-0.08
15,19,"(1, 27)",0,-0.08
15,20,"(1, 26)",0,-0.08
15,21,"(1, 25)",1,-0.08
15,22,"(2, 25)",1,-0.08
15,23,"(3, 25)",1,-0.08
15,24,"(4, 25)",1,-0.08
15,25,"(5, 25)",1,-0.08
15,26,"(6, 25)",1,-0.08
15,27,"(7, 25)",1,-0.08
15,28,"(8, 25)",1,-0.08
15,29,"(9, 25)",1,-0.08
15,30,"(10, 25)",1,-0.08
15,31,"(11, 25)",0,-0.08
15,32,"(11, 24)",1,-0.08
15,33,"(12, 24)",1,-0.08
15,34,"(13, 24)",1,-0.08
15,35,"(14, 24)",0,-0.08
15,36,"(14, 23)",1,-0.08
15,37,"(15, 23)",1,-0.08
15,38,"(16, 23)",0,-0.08
15,39,"(16, 22)",1,-0.08
15,40,"(17, 22)",1,-0.08
15,41,"(18, 22)",1,-0.08
15,42,"(19, 22)",0,-0.08
15,43,"(19, 21)",0,-0.08
15,44,"(19, 20)",0,-0.08
15,45,"(19, 19)",1,-0.08
15,46,"(20, 19)",1,-0.08
15,47,"(21, 19)",1,-0.08
15,48,"(22, 19)",1,-0.08
15,49,"(23, 19)",0,-0.08
15,50,"(23, 18)",0,-0.08
15,51,"(23, 17)",0,-0.08
15,52,"(23, 16)",0,-0.08
15,53,"(23, 15)",1,-0.08
15,54,"(24, 15)",1,-0.08
15,55,"(25, 15)",1,-0.08
15,56,"(26, 15)",1,-0.08
15,57,"(27, 15)",1,-0.08
15,58,"(28, 15)",1,-0.08
15,59,"(29, 15)",0,-0.08
15,60,"(29, 14)",0,-0.08
15,61,"(29, 13)",1,-0.08
15,62,"(30, 13)",1,-0.08
15,63,"(31, 13)",1,-0.08
15,64,"(32, 13)",1,-0.08
15,65,"(33, 13)",1,-0.08
15,66,"(34, 13)",1,-0.08
15,67,"(35, 13)",1,-0.08
15,68,"(36, 13)",0,-0.08
15,69,"(36, 12)",1,-0.08
15,70,"(37, 12)",1,-0.08
15,71,"(38, 12)",1,-0.08
15,72,"(39, 12)",0,-0.08
15,73,"(39, 11)",1,-0.08
15,74,"(40, 11)",1,-0.08
15,75,"(41, 11)",1,-0.08
15,76,"(42, 11)",1,-0.08
15,77,"(43, 11)",1,-0.08
15,78,"(44, 11)",1,-0.08
15,79,"(45, 11)",0,-0.08
15,80,"(45, 10)",0,-0.08
15,81,"(45, 9)",0,-0.08
15,82,"(45, 8)",1,-0.08
15,83,"(46, 8)",0,-0.08
15,84,"(46, 7)",1,-0.08
15,85,"(47, 7)",1,-0.08
15,86,"(48, 7)",1,-0.08
15,87,"(49, 7)",1,-0.08
15,88,"(50, 7)",1,-0.08
15,89,"(51, 7)",1,-0.08
15,90,"(52, 7)",1,-0.08
15,91,"(53, 7)",1,-0.08
15,92,"(54, 7)",1,-0.08
15,93,"(55, 7)",1,-0.08
15,94,"(56, 7)",1,-0.08
15,95,"(57, 7)",1,-0.08
15,96,"(58, 7)",1,-0.08
15,97,"(59, 7)",1,-0.08
15,98,"(60, 7)",1,-0.08
15,99,"(61, 7)",1,-0.08
15,100,"(62, 7)",1,-0.08
15,101,"(63, 7)",1,-0.08
15,102,"(64, 7)",1,-0.08
15,103,"(65, 7)",1,-0.08
15,104,"(66, 7)",1,-0.08
15,105,"(67, 7)",1,-0.08
15,106,"(68, 7)",1,-0.08
15,107,"(69, 7)",1,-0.08
15,108,"(70, 7)",1,-0.08
15,109,"(71, 7)",1,-0.08
15,110,"(72, 7)",0,-0.08
15,111,"(72, 6)",0,-0.08
15,112,"(72, 5)",1,-0.08
15,113,"(73, 5)",1,-0.08
15,114,"(74, 5)",1,-0.08
15,115,"(75, 5)",1,-0.08
15,116,"(76, 5)",1,-0.08
15,117,"(77, 5)",0,-0.08
15,118,"(77, 4)",0,-0.08
15,119,"(77, 3)",0,-0.08
15,120,"(77, 2)",0,-0.08
15,121,"(77, 1)",1,-0.08
15,122,"(78, 1)",1,-0.08
15,123,"(79, 1)",0,8.33
16,0,"(0, 39)",0,-0.08
16,1,"(0, 38)",1,-0.08
16,2,"(1, 38)",1,-8.33
16,3,"(1, 38)",0,-0.08
16,4,"(1, 37)",0,-8.33
16,5,"(1, 37)",3,-0.08
16,6,"(0, 37)",0,-0.08
16,7,"(0, 36)",0,-0.08
16,8,"(0, 35)",1,-0.08
16,9,"(1, 35)",0,-0.08
16,10,"(1, 34)",0,-0.08
16,11,"(1, 33)",0,-0.08
16,12,"(1, 32)",0,-0.08
16,13,"(1, 31)",0,-0.08
16,14,"(1, 30)",0,-0.08
16,15,"(1, 29)",1,-0.08
16,16,"(2, 29)",1,-0.08
16,17,"(3, 29)",1,-0.08
16,18,"(4, 29)",1,-0.08
16,19,"(5, 29)",1,-0.08
16,20,"(6, 29)",1,-0.08
16,21,"(7, 29)",1,-0.08
16,22,"(8, 29)",0,-0.08
16,23,"(8, 28)",0,-0.08
16,24,"(8, 27)",1,-0.08
16,25,"(9, 27)",1,-0.08
16,26,"(10, 27)",0,-8.33
16,27,"(10, 27)",1,-0.08
16,28,"(11, 27)",1,-0.08
16,29,"(12, 27)",0,-0.08
16,30,"(12, 26)",0,-0.08
16,31,"(12, 25)",1,-0.08
16,32,"(13, 25)",0,-0.08
16,33,"(13, 24)",1,-0.08
16,34,"(14, 24)",0,-0.08
16,35,"(14, 23)",1,-0.08
16,36,"(15, 23)",1,-0.08
16,37,"(16, 23)",0,-0.08
16,38,"(16, 22)",1,-0.08
16,39,"(17, 22)",1,-0.08
16,40,"(18, 22)",1,-0.08
16,41,"(19, 22)",1,-0.08
16,42,"(20, 22)",1,-0.08
16,43,"(21, 22)",0,-0.08
16,44,"(21, 21)",0,-0.08
16,45,"(21, 20)",0,-0.08
16,46,"(21, 19)",1,-0.08
16,47,"(22, 19)",1,-0.08
16,48,"(23, 19)",0,-0.08
16,49,"(23, 18)",0,-0.08
16,50,"(23, 17)",1,-0.08
16,51,"(24, 17)",1,-0.08
16,52,"(25, 17)",1,-0.08
16,53,"(26, 17)",1,-0.08
16,54,"(27, 17)",0,-0.08
16,55,"(27, 16)",0,-0.08
16,56,"(27, 15)",1,-0.08
16,57,"(28, 15)",1,-0.08
16,58,"(29, 15)",1,-0.08
16,59,"(30, 15)",1,-0.08
16,60,"(31, 15)",0,-0.08
16,61,"(31, 14)",1,-0.08
16,62,"(32, 14)",0,-0.08
16,63,"(32, 13)",1,-0.08
16,64,"(33, 13)",1,-0.08
16,65,"(34, 13)",1,-0.08
16,66,"(35, 13)",0,-0.08
16,67,"(35, 12)",1,-0.08
16,68,"(36, 12)",1,-0.08
16,69,"(37, 12)",1,-0.08
16,70,"(38, 12)",1,-0.08
16,71,"(39, 12)",0,-0.08
16,72,"(39, 11)",1,-0.08
16,73,"(40, 11)",1,-0.08
16,74,"(41, 11)",1,-0.08
16,75,"(42, 11)",1,-0.08
16,76,"(43, 11)",1,-0.08
16,77,"(44, 11)",1,-0.08
16,78,"(45, 11)",0,-0.08
16,79,"(45, 10)",0,-0.08
16,80,"(45, 9)",0,-0.08
16,81,"(45, 8)",0,-0.08
16,82,"(45, 7)",1,-0.08
16,83,"(46, 7)",1,-0.08
16,84,"(47, 7)",1,-0.08
16,85,"(48, 7)",1,-0.08
16,86,"(49, 7)",1,-0.08
16,87,"(50, 7)",1,-0.08
16,88,"(51, 7)",1,-0.08
16,89,"(52, 7)",1,-0.08
16,90,"(53, 7)",1,-0.08
16,91,"(54, 7)",1,-0.08
16,92,"(55, 7)",1,-0.08
16,93,"(56, 7)",1,-0.08
16,94,"(57, 7)",1,-0.08
16,95,"(58, 7)",1,-0.08
16,96,"(59, 7)",1,-0.08
16,97,"(60, 7)",1,-0.08
16,98,"(61, 7)",1,-0.08
16,99,"(62, 7)",1,-0.08
16,100,"(63, 7)",1,-0.08
16,101,"(64, 7)",1,-0.08
16,102,"(65, 7)",1,-0.08
16,103,"(66, 7)",1,-0.08
16,104,"(67, 7)",1,-0.08
16,105,"(68, 7)",1,-0.08
16,106,"(69, 7)",1,-0.08
16,107,"(70, 7)",1,-0.08
16,108,"(71, 7)",0,-0.08
16,109,"(71, 6)",0,-0.08
16,110,"(71, 5)",1,-0.08
16,111,"(72, 5)",1,-0.08
16,112,"(73, 5)",1,-0.08
16,113,"(74, 5)",1,-0.08
16,114,"(75, 5)",0,-0.08
16,115,"(75, 4)",0,-0.08
16,116,"(75, 3)",1,-0.08
16,117,"(76, 3)",1,-0.08
16,118,"(77, 3)",0,-0.08
16,119,"(77, 2)",0,-0.08
16,120,"(77, 1)",1,-0.08
16,121,"(78, 1)",1,-0.08
16,122,"(79, 1)",0,8.33
17,0,"(0, 39)",1,-0.08
17,1,"(1, 39)",0,-0.08
17,2,"(1, 38)",1,-8.33
17,3,"(1, 38)",0,-0.08
17,4,"(1, 37)",0,-8.33
17,5,"(1, 37)",3,-0.08
17,6,"(0, 37)",0,-0.08
17,7,"(0, 36)",0,-0.08
17,8,"(0, 35)",0,-0.08
17,9,"(0, 34)",0,-0.08
17,10,"(0, 33)",1,-0.08
17,11,"(1, 33)",0,-0.08
17,12,"(1, 32)",0,-0.08
17,13,"(1, 31)",0,-0.08
17,14,"(1, 30)",0,-0.08
17,15,"(1, 29)",1,-0.08
17,16,"(2, 29)",1,-0.08
17,17,"(3, 29)",1,-0.08
17,18,"(4, 29)",1,-0.08
17,19,"(5, 29)",1,-0.08
17,20,"(6, 29)",1,-0.08
17,21,"(7, 29)",1,-0.08
17,22,"(8, 29)",0,-0.08
17,23,"(8, 28)",0,-0.08
17,24,"(8, 27)",1,-0.08
17,25,"(9, 27)",1,-0.08
17,26,"(10, 27)",0,-8.33
17,27,"(10, 27)",1,-0.08
17,28,"(11, 27)",1,-0.08
17,29,"(12, 27)",1,-0.08
17,30,"(13, 27)",1,-0.08
17,31,"(14, 27)",1,-0.08
17,32,"(15, 27)",0,-0.08
17,33,"(15, 26)",0,-0.08
17,34,"(15, 25)",1,-0.08
17,35,"(16, 25)",1,-0.08
17,36,"(17, 25)",0,-0.08
17,37,"(17, 24)",0,-0.08
17,38,"(17, 23)",0,-0.08
17,39,"(17, 22)",1,-0.08
17,40,"(18, 22)",1,-0.08
17,41,"(19, 22)",0,-0.08
17,42,"(19, 21)",0,-0.08
17,43,"(19, 20)",1,-0.08
17,44,"(20, 20)",0,-0.08
17,45,"(20, 19)",1,-0.08
17,46,"(21, 19)",1,-0.08
17,47,"(22, 19)",1,-0.08
17,48,"(23, 19)",0,-0.08
17,49,"(23, 18)",0,-0.08
17,50,"(23, 17)",1,-0.08
17,51,"(24, 17)",1,-0.08
17,52,"(25, 17)",1,-0.08
17,53,"(26, 17)",1,-0.08
17,54,"(27, 17)",0,-0.08
17,55,"(27, 16)",1,-0.08
17,56,"(28, 16)",0,-0.08
17,57,"(28, 15)",1,-0.08
17,58,"(29, 15)",1,-0.08
17,59,"(30, 15)",1,-0.08
17,60,"(31, 15)",1,-0.08
17,61,"(32, 15)",0,-0.08
17,62,"(32, 14)",0,-0.08
17,63,"(32, 13)",1,-0.08
17,64,"(33, 13)",1,-0.08
17,65,"(34, 13)",1,-0.08
17,66,"(35, 13)",1,-0.08
17,67,"(36, 13)",0,-0.08
17,68,"(36, 12)",1,-0.08
17,69,"(37, 12)",1,-0.08
17,70,"(38, 12)",1,-0.08
17,71,"(39, 12)",0,-0.08
17,72,"(39, 11)",1,-0.08
17,73,"(40, 11)",1,-0.08
17,74,"(41, 11)",1,-0.08
17,75,"(42, 11)",1,-0.08
17,76,"(43, 11)",1,-0.08
17,77,"(44, 11)",1,-0.08
17,78,"(45, 11)",0,-0.08
17,79,"(45, 10)",1,-0.08
17,80,"(46, 10)",1,-0.08
17,81,"(47, 10)",1,-0.08
17,82,"(48, 10)",1,-0.08
17,83,"(49, 10)",1,-0.08
17,84,"(50, 10)",0,-0.08
17,85,"(50, 9)",1,-0.08
17,86,"(51, 9)",1,-0.08
17,87,"(52, 9)",1,-0.08
17,88,"(53, 9)",1,-0.08
17,89,"(54, 9)",1,-0.08
17,90,"(55, 9)",1,-0.08
17,91,"(56, 9)",1,-0.08
17,92,"(57, 9)",1,-0.08
17,93,"(58, 9)",0,-0.08
17,94,"(58, 8)",0,-0.08
17,95,"(58, 7)",1,-0.08
17,96,"(59, 7)",1,-0.08
17,97,"(60, 7)",1,-0.08
17,98,"(61, 7)",1,-0.08
17,99,"(62, 7)",1,-0.08
17,100,"(63, 7)",1,-0.08
17,101,"(64, 7)",1,-0.08
17,102,"(65, 7)",1,-0.08
17,103,"(66, 7)",1,-0.08
17,104,"(67, 7)",1,-0.08
17,105,"(68, 7)",1,-0.08
17,106,"(69, 7)",0,-0.08
17,107,"(69, 6)",1,-0.08
17,108,"(70, 6)",1,-0.08
17,109,"(71, 6)",1,-0.08
17,110,"(72, 6)",1,-0.08
17,111,"(73, 6)",0,-0.08
17,112,"(73, 5)",1,-0.08
17,113,"(74, 5)",1,-0.08
17,114,"(75, 5)",0,-0.08
17,115,"(75, 4)",0,-0.08
17,116,"(75, 3)",1,-0.08
17,117,"(76, 3)",1,-0.08
17,118,"(77, 3)",0,-0.08
17,119,"(77, 2)",0,-0.08
17,120,"(77, 1)",1,-0.08
17,121,"(78, 1)",0,-0.08
17,122,"(78, 0)",1,8.33
18,0,"(0, 39)",0,-0.08
18,1,"(0, 38)",0,-0.08
18,2,"(0, 37)",1,-0.08
18,3,"(1, 37)",1,-8.33
18,4,"(1, 37)",0,-8.33
18,5,"(1, 37)",3,-0.08
18,6,"(0, 37)",0,-0.08
18,7,"(0, 36)",0,-0.08
18,8,"(0, 35)",1,-0.08
18,9,"(1, 35)",1,-0.08
18,10,"(2, 35)",0,-0.08
18,11,"(2, 34)",0,-0.08
18,12,"(2, 33)",1,-0.08
18,13,"(3, 33)",1,-0.08
18,14,"(4, 33)",1,-0.08
18,15,"(5, 33)",0,-0.08
18,16,"(5, 32)",0,-0.08
18,17,"(5, 31)",1,-0.08
18,18,"(6, 31)",1,-0.08
18,19,"(7, 31)",1,-0.08
18,20,"(8, 31)",1,-0.08
18,21,"(9, 31)",0,-0.08
18,22,"(9, 30)",0,-0.08
18,23,"(9, 29)",1,-0.08
18,24,"(10, 29)",0,-0.08
18,25,"(10, 28)",0,-0.08
18,26,"(10, 27)",0,-8.33
18,27,"(10, 27)",1,-0.08
18,28,"(11, 27)",1,-0.08
18,29,"(12, 27)",1,-0.08
18,30,"(13, 27)",0,-0.08
18,31,"(13, 26)",0,-0.08
18,32,"(13, 25)",0,-0.08
18,33,"(13, 24)",0,-0.08
18,34,"(13, 23)",1,-0.08
18,35,"(14, 23)",1,-0.08
18,36,"(15, 23)",1,-0.08
18,37,"(16, 23)",0,-0.08
18,38,"(16, 22)",1,-0.08
18,39,"(17, 22)",1,-0.08
18,40,"(18, 22)",1,-0.08
18,41,"(19, 22)",1,-0.08
18,42,"(20, 22)",1,-0.08
18,43,"(21, 22)",0,-0.08
18,44,"(21, 21)",0,-0.08
18,45,"(21, 20)",0,-0.08
18,46,"(21, 19)",1,-0.08
18,47,"(22, 19)",1,-0.08
18,48,"(23, 19)",0,-0.08
18,49,"(23, 18)",0,-0.08
18,50,"(23, 17)",0,-0.08
18,51,"(23, 16)",0,-0.08
18,52,"(23, 15)",1,-0.08
18,53,"(24, 15)",1,-0.08
18,54,"(25, 15)",1,-0.08
18,55,"(26, 15)",1,-0.08
18,56,"(27, 15)",1,-0.08
18,57,"(28, 15)",1,-0.08
18,58,"(29, 15)",1,-0.08
18,59,"(30, 15)",1,-0.08
18,60,"(31, 15)",1,-0.08
18,61,"(32, 15)",1,-0.08
18,62,"(33, 15)",1,-0.08
18,63,"(34, 15)",0,-0.08
18,64,"(34, 14)",0,-0.08
18,65,"(34, 13)",1,-0.08
18,66,"(35, 13)",1,-0.08
18,67,"(36, 13)",0,-0.08
18,68,"(36, 12)",1,-0.08
18,69,"(37, 12)",1,-0.08
18,70,"(38, 12)",1,-0.08
18,71,"(39, 12)",0,-0.08
18,72,"(39, 11)",1,-0.08
18,73,"(40, 11)",1,-0.08
18,74,"(41, 11)",1,-0.08
18,75,"(42, 11)",1,-0.08
18,76,"(43, 11)",1,-0.08
18,77,"(44, 11)",1,-0.08
18,78,"(45, 11)",0,-0.08
18,79,"(45, 10)",1,-0.08
18,80,"(46, 10)",0,-0.08
18,81,"(46, 9)",0,-0.08
18,82,"(46, 8)",0,-0.08
18,83,"(46, 7)",1,-0.08
18,84,"(47, 7)",1,-0.08
18,85,"(48, 7)",1,-0.08
18,86,"(49, 7)",1,-0.08
18,87,"(50, 7)",1,-0.08
18,88,"(51, 7)",1,-0.08
18,89,"(52, 7)",1,-0.08
18,90,"(53, 7)",1,-0.08
18,91,"(54, 7)",1,-0.08
18,92,"(55, 7)",1,-0.08
18,93,"(56, 7)",1,-0.08
18,94,"(57, 7)",1,-0.08
18,95,"(58, 7)",1,-0.08
18,96,"(59, 7)",1,-0.08
18,97,"(60, 7)",1,-0.08
18,98,"(61, 7)",1,-0.08
18,99,"(62, 7)",1,-0.08
18,100,"(63, 7)",1,-0.08
18,101,"(64, 7)",1,-0.08
18,102,"(65, 7)",1,-0.08
18,103,"(66, 7)",1,-0.08
18,104,"(67, 7)",1,-0.08
18,105,"(68, 7)",1,-0.08
18,106,"(69, 7)",0,-0.08
18,107,"(69, 6)",1,-0.08
18,108,"(70, 6)",1,-0.08
18,109,"(71, 6)",1,-0.08
18,110,"(72, 6)",1,-0.08
18,111,"(73, 6)",1,-0.08
18,112,"(74, 6)",0,-0.08
18,113,"(74, 5)",0,-0.08
18,114,"(74, 4)",1,-0.08
18,115,"(75, 4)",0,-0.08
18,116,"(75, 3)",1,-0.08
18,117,"(76, 3)",0,-0.08
18,118,"(76, 2)",0,-0.08
18,119,"(76, 1)",0,-0.08
18,120,"(76, 0)",1,-0.08
18,121,"(77, 0)",1,-0.08
18,122,"(78, 0)",1,8.33
19,0,"(0, 39)",1,-0.08
19,1,"(1, 39)",0,-0.08
19,2,"(1, 38)",1,-8.33
19,3,"(1, 38)",0,-0.08
19,4,"(1, 37)",0,-8.33
19,5,"(1, 37)",3,-0.08
19,6,"(0, 37)",0,-0.08
19,7,"(0, 36)",0,-0.08
19,8,"(0, 35)",0,-0.08
19,9,"(0, 34)",1,-0.08
19,10,"(1, 34)",0,-0.08
19,11,"(1, 33)",0,-0.08
19,12,"(1, 32)",1,-0.08
19,13,"(2, 32)",1,-0.08
19,14,"(3, 32)",0,-0.08
19,15,"(3, 31)",0,-8.33
19,16,"(3, 31)",0,-8.33
19,17,"(3, 31)",2,-0.08
19,18,"(3, 32)",2,-0.08
19,19,"(3, 33)",1,-0.08
19,20,"(4, 33)",1,-0.08
19,21,"(5, 33)",0,-0.08
19,22,"(5, 32)",0,-0.08
19,23,"(5, 31)",0,-0.08
19,24,"(5, 30)",0,-0.08
19,25,"(5, 29)",1,-0.08
19,26,"(6, 29)",1,-0.08
19,27,"(7, 29)",1,-0.08
19,28,"(8, 29)",0,-0.08
19,29,"(8, 28)",0,-0.08
19,30,"(8, 27)",1,-0.08
19,31,"(9, 27)",1,-0.08
19,32,"(10, 27)",1,-0.08
19,33,"(11, 27)",1,-0.08
19,34,"(12, 27)",0,-0.08
19,35,"(12, 26)",0,-0.08
19,36,"(12, 25)",1,-0.08
19,37,"(13, 25)",0,-0.08
19,38,"(13, 24)",1,-0.08
19,39,"(14, 24)",0,-0.08
19,40,"(14, 23)",1,-0.08
19,41,"(15, 23)",1,-0.08
19,42,"(16, 23)",0,-0.08
19,43,"(16, 22)",1,-0.08
19,44,"(17, 22)",1,-0.08
19,45,"(18, 22)",1,-0.08
19,46,"(19, 22)",0,-0.08
19,47,"(19, 21)",0,-0.08
19,48,"(19, 20)",1,-0.08
19,49,"(20, 20)",0,-0.08
19,50,"(20, 19)",1,-0.08
19,51,"(21, 19)",1,-0.08
19,52,"(22, 19)",1,-0.08
19,53,"(23, 19)",0,-0.08
19,54,"(23, 18)",0,-0.08
19,55,"(23, 17)",0,-0.08
19,56,"(23, 16)",0,-0.08
19,57,"(23, 15)",1,-0.08
19,58,"(24, 15)",1,-0.08
19,59,"(25, 15)",1,-0.08
19,60,"(26, 15)",1,-0.08
19,61,"(27, 15)",0,-0.08
19,62,"(27, 14)",0,-0.08
19,63,"(27, 13)",1,-0.08
19,64,"(28, 13)",1,-0.08
19,65,"(29, 13)",1,-0.08
19,66,"(30, 13)",1,-0.08
19,67,"(31, 13)",1,-0.08
19,68,"(32, 13)",1,-0.08
19,69,"(33, 13)",1,-0.08
19,70,"(34, 13)",1,-0.08
19,71,"(35, 13)",1,-0.08
19,72,"(36, 13)",1,-0.08
19,73,"(37, 13)",1,-0.08
19,74,"(38, 13)",1,-0.08
19,75,"(39, 13)",0,-0.08
19,76,"(39, 12)",0,-0.08
19,77,"(39, 11)",1,-0.08
19,78,"(40, 11)",1,-0.08
19,79,"(41, 11)",1,-0.08
19,80,"(42, 11)",1,-0.08
19,81,"(43, 11)",1,-0.08
19,82,"(44, 11)",1,-0.08
19,83,"(45, 11)",0,-0.08
19,84,"(45, 10)",1,-0.08
19,85,"(46, 10)",1,-0.08
19,86,"(47, 10)",1,-0.08
19,87,"(48, 10)",1,-0.08
19,88,"(49, 10)",0,-0.08
19,89,"(49, 9)",1,-0.08
19,90,"(50, 9)",1,-0.08
19,91,"(51, 9)",1,-0.08
19,92,"(52, 9)",1,-0.08
19,93,"(53, 9)",1,-0.08
19,94,"(54, 9)",1,-0.08
19,95,"(55, 9)",1,-0.08
19,96,"(56, 9)",1,-0.08
19,97,"(57, 9)",0,-0.08
19,98,"(57, 8)",0,-0.08
19,99,"(57, 7)",1,-0.08
19,100,"(58, 7)",1,-0.08
19,101,"(59, 7)",1,-0.08
19,102,"(60, 7)",1,-0.08
19,103,"(61, 7)",1,-0.08
19,104,"(62, 7)",1,-0.08
19,105,"(63, 7)",1,-0.08
19,106,"(64, 7)",1,-0.08
19,107,"(65, 7)",1,-0.08
19,108,"(66, 7)",1,-0.08
19,109,"(67, 7)",1,-0.08
19,110,"(68, 7)",1,-0.08
19,111,"(69, 7)",0,-0.08
19,112,"(69, 6)",1,-0.08
19,113,"(70, 6)",1,-0.08
19,114,"(71, 6)",1,-0.08
19,115,"(72, 6)",1,-0.08
19,116,"(73, 6)",0,-0.08
19,117,"(73, 5)",1,-0.08
19,118,"(74, 5)",1,-0.08
19,119,"(75, 5)",1,-0.08
19,120,"(76, 5)",1,-0.08
19,121,"(77, 5)",0,-0.08
19,122,"(77, 4)",0,-0.08
19,123,"(77, 3)",0,-0.08
19,124,"(77, 2)",0,-0.08
19,125,"(77, 1)",0,-0.08
19,126,"(77, 0)",1,-0.08
19,127,"(78, 0)",1,8.33
20,0,"(0, 39)",0,-0.08
20,1,"(0, 38)",0,-0.08
20,2,"(0, 37)",1,-0.08
20,3,"(1, 37)",0,-8.33
20,4,"(1, 37)",3,-0.08
20,5,"(0, 37)",0,-0.08
20,6,"(0, 36)",0,-0.08
20,7,"(0, 35)",0,-0.08
20,8,"(0, 34)",0,-0.08
20,9,"(0, 33)",1,-0.08
20,10,"(1, 33)",0,-0.08
20,11,"(1, 32)",1,-0.08
20,12,"(2, 32)",0,-0.08
20,13,"(2, 31)",1,-0.08
20,14,"(3, 31)",0,-8.33
20,15,"(3, 31)",0,-8.33
20,16,"(3, 31)",2,-0.08
20,17,"(3, 32)",2,-0.08
20,18,"(3, 33)",1,-0.08
20,19,"(4, 33)",1,-0.08
20,20,"(5, 33)",1,-0.08
20,21,"(6, 33)",1,-0.08
20,22,"(7, 33)",0,-0.08
20,23,"(7, 32)",1,-0.08
20,24,"(8, 32)",1,-0.08
20,25,"(9, 32)",0,-0.08
20,26,"(9, 31)",0,-0.08
20,27,"(9, 30)",1,-0.08
20,28,"(10, 30)",0,-0.08
20,29,"(10, 29)",0,-0.08
20,30,"(10, 28)",0,-0.08
20,31,"(10, 27)",1,-0.08
20,32,"(11, 27)",1,-0.08
20,33,"(12, 27)",0,-0.08
20,34,"(12, 26)",1,-0.08
20,35,"(13, 26)",0,-0.08
20,36,"(13, 25)",1,-0.08
20,37,"(14, 25)",1,-0.08
20,38,"(15, 25)",1,-0.08
20,39,"(16, 25)",1,-0.08
20,40,"(17, 25)",0,-0.08
20,41,"(17, 24)",0,-0.08
20,42,"(17, 23)",1,-0.08
20,43,"(18, 23)",0,-0.08
20,44,"(18, 22)",1,-0.08
20,45,"(19, 22)",1,-0.08
20,46,"(20, 22)",1,-0.08
20,47,"(21, 22)",0,-0.08
20,48,"(21, 21)",1,-0.08
20,49,"(22, 21)",1,-0.08
20,50,"(23, 21)",0,-0.08
20,51,"(23, 20)",1,-0.08
20,52,"(24, 20)",1,-0.08
20,53,"(25, 20)",0,-0.08
20,54,"(25, 19)",0,-0.08
20,55,"(25, 18)",1,-0.08
20,56,"(26, 18)",0,-0.08
20,57,"(26, 17)",1,-0.08
20,58,"(27, 17)",1,-0.08
20,59,"(28, 17)",0,-0.08
20,60,"(28, 16)",0,-0.08
20,61,"(28, 15)",1,-0.08
20,62,"(29, 15)",1,-0.08
20,63,"(30, 15)",1,-0.08
20,64,"(31, 15)",1,-0.08
20,65,"(32, 15)",0,-0.08
20,66,"(32, 14)",0,-0.08
20,67,"(32, 13)",1,-0.08
20,68,"(33, 13)",1,-0.08
20,69,"(34, 13)",1,-0.08
20,70,"(35, 13)",1,-0.08
20,71,"(36, 13)",1,-0.08
20,72,"(37, 13)",0,-0.08
20,73,"(37, 12)",1,-0.08
20,74,"(38, 12)",1,-0.08
20,75,"(39, 12)",0,-0.08
20,76,"(39, 11)",1,-0.08
20,77,"(40, 11)",1,-0.08
20,78,"(41, 11)",1,-0.08
20,79,"(42, 11)",1,-0.08
20,80,"(43, 11)",1,-0.08
20,81,"(44, 11)",1,-0.08
20,82,"(45, 11)",0,-0.08
20,83,"(45, 10)",1,-0.08
20,84,"(46, 10)",0,-0.08
20,85,"(46, 9)",0,-0.08
20,86,"(46, 8)",0,-0.08
20,87,"(46, 7)",1,-0.08
20,88,"(47, 7)",1,-0.08
20,89,"(48, 7)",1,-0.08
20,90,"(49, 7)",1,-0.08
20,91,"(50, 7)",1,-0.08
20,92,"(51, 7)",1,-0.08
20,93,"(52, 7)",1,-0.08
20,94,"(53, 7)",1,-0.08
20,95,"(54, 7)",1,-0.08
20,96,"(55, 7)",1,-0.08
20,97,"(56, 7)",1,-0.08
20,98,"(57, 7)",1,-0.08
20,99,"(58, 7)",1,-0.08
20,100,"(59, 7)",1,-0.08
20,101,"(60, 7)",1,-0.08
20,102,"(61, 7)",1,-0.08
20,103,"(62, 7)",1,-0.08
20,104,"(63, 7)",1,-0.08
20,105,"(64, 7)",1,-0.08
20,106,"(65, 7)",1,-0.08
20,107,"(66, 7)",1,-0.08
20,108,"(67, 7)",1,-0.08
20,109,"(68, 7)",1,-0.08
20,110,"(69, 7)",1,-0.08
20,111,"(70, 7)",1,-0.08
20,112,"(71, 7)",0,-0.08
20,113,"(71, 6)",1,-0.08
20,114,"(72, 6)",0,-0.08
20,115,"(72, 5)",1,-0.08
20,116,"(73, 5)",1,-0.08
20,117,"(74, 5)",0,-0.08
20,118,"(74, 4)",1,-0.08
20,119,"(75, 4)",0,-0.08
20,120,"(75, 3)",1,-0.08
20,121,"(76, 3)",1,-0.08
20,122,"(77, 3)",0,-0.08
20,123,"(77, 2)",0,-0.08
20,124,"(77, 1)",0,-0.08
20,125,"(77, 0)",1,-0.08
20,126,"(78, 0)",1,8.33
21,0,"(0, 39)",1,-0.08
21,1,"(1, 39)",1,-0.08
21,2,"(2, 39)",0,-8.33
21,3,"(2, 39)",1,-0.08
21,4,"(3, 39)",0,-0.08
21,5,"(3, 38)",0,-0.08
21,6,"(3, 37)",1,-8.33
21,7,"(3, 37)",0,-0.08
21,8,"(3, 36)",0,-0.08
21,9,"(3, 35)",3,-0.08
21,10,"(2, 35)",0,-0.08
21,11,"(2, 34)",0,-0.08
21,12,"(2, 33)",1,-0.08
21,13,"(3, 33)",1,-0.08
21,14,"(4, 33)",1,-0.08
21,15,"(5, 33)",1,-0.08
21,16,"(6, 33)",1,-0.08
21,17,"(7, 33)",0,-0.08
21,18,"(7, 32)",0,-0.08
21,19,"(7, 31)",1,-0.08
21,20,"(8, 31)",1,-0.08
21,21,"(9, 31)",0,-0.08
21,22,"(9, 30)",1,-0.08
21,23,"(10, 30)",0,-0.08
21,24,"(10, 29)",0,-0.08
21,25,"(10, 28)",0,-0.08
21,26,"(10, 27)",1,-0.08
21,27,"(11, 27)",1,-0.08
21,28,"(12, 27)",1,-0.08
21,29,"(13, 27)",1,-0.08
21,30,"(14, 27)",1,-0.08
21,31,"(15, 27)",1,-0.08
21,32,"(16, 27)",0,-0.08
21,33,"(16, 26)",1,-0.08
21,34,"(17, 26)",0,-0.08
21,35,"(17, 25)",0,-0.08
21,36,"(17, 24)",1,-8.33
21,37,"(17, 24)",0,-0.08
21,38,"(17, 23)",1,-0.08
21,39,"(18, 23)",0,-0.08
21,40,"(18, 22)",1,-0.08
21,41,"(19, 22)",0,-0.08
21,42,"(19, 21)",0,-0.08
21,43,"(19, 20)",0,-0.08
21,44,"(19, 19)",1,-0.08
21,45,"(20, 19)",1,-0.08
21,46,"(21, 19)",1,-0.08
21,47,"(22, 19)",1,-0.08
21,48,"(23, 19)",0,-0.08
21,49,"(23, 18)",0,-0.08
21,50,"(23, 17)",1,-0.08
21,51,"(24, 17)",1,-0.08
21,52,"(25, 17)",1,-0.08
21,53,"(26, 17)",1,-0.08
21,54,"(27, 17)",0,-0.08
21,55,"(27, 16)",0,-0.08
21,56,"(27, 15)",1,-0.08
21,57,"(28, 15)",1,-0.08
21,58,"(29, 15)",1,-0.08
21,59,"(30, 15)",1,-0.08
21,60,"(31, 15)",0,-0.08
21,61,"(31, 14)",1,-0.08
21,62,"(32, 14)",0,-0.08
21,63,"(32, 13)",1,-0.08
21,64,"(33, 13)",1,-0.08
21,65,"(34, 13)",1,-0.08
21,66,"(35, 13)",1,-0.08
21,67,"(36, 13)",1,-0.08
21,68,"(37, 13)",1,-0.08
21,69,"(38, 13)",1,-0.08
21,70,"(39, 13)",1,-0.08
21,71,"(40, 13)",1,-0.08
21,72,"(41, 13)",1,-0.08
21,73,"(42, 13)",1,-0.08
21,74,"(43, 13)",1,-0.08
21,75,"(44, 13)",1,-0.08
21,76,"(45, 13)",0,-0.08
21,77,"(45, 12)",1,-0.08
21,78,"(46, 12)",1,-0.08
21,79,"(47, 12)",0,-0.08
21,80,"(47, 11)",0,-0.08
21,81,"(47, 10)",1,-0.08
21,82,"(48, 10)",1,-0.08
21,83,"(49, 10)",1,-0.08
21,84,"(50, 10)",0,-0.08
21,85,"(50, 9)",0,-0.08
21,86,"(50, 8)",0,-0.08
21,87,"(50, 7)",1,-0.08
21,88,"(51, 7)",1,-0.08
21,89,"(52, 7)",1,-0.08
21,90,"(53, 7)",1,-0.08
21,91,"(54, 7)",1,-0.08
21,92,"(55, 7)",1,-0.08
21,93,"(56, 7)",1,-0.08
21,94,"(57, 7)",1,-0.08
21,95,"(58, 7)",1,-0.08
21,96,"(59, 7)",1,-0.08
21,97,"(60, 7)",1,-0.08
21,98,"(61, 7)",1,-0.08
21,99,"(62, 7)",1,-0.08
21,100,"(63, 7)",1,-0.08
21,101,"(64, 7)",1,-0.08
21,102,"(65, 7)",1,-0.08
21,103,"(66, 7)",1,-0.08
21,104,"(67, 7)",1,-0.08
21,105,"(68, 7)",1,-0.08
21,106,"(69, 7)",1,-0.08
21,107,"(70, 7)",1,-0.08
21,108,"(71, 7)",1,-0.08
21,109,"(72, 7)",1,-0.08
21,110,"(73, 7)",1,-0.08
21,111,"(74, 7)",0,-0.08
21,112,"(74, 6)",0,-0.08
21,113,"(74, 5)",1,-0.08
21,114,"(75, 5)",1,-0.08
21,115,"(76, 5)",1,-0.08
21,116,"(77, 5)",0,-0.08
21,117,"(77, 4)",0,-0.08
21,118,"(77, 3)",0,-0.08
21,119,"(77, 2)",0,-0.08
21,120,"(77, 1)",0,-0.08
21,121,"(77, 0)",1,-0.08
21,122,"(78, 0)",1,8.33
22,0,"(0, 39)",1,-0.08
22,1,"(1, 39)",0,-0.08
22,2,"(1, 38)",1,-8.33
22,3,"(1, 38)",0,-0.08
22,4,"(1, 37)",0,-8.33
22,5,"(1, 37)",3,-0.08
22,6,"(0, 37)",0,-0.08
22,7,"(0, 36)",0,-0.08
22,8,"(0, 35)",1,-0.08
22,9,"(1, 35)",1,-0.08
22,10,"(2, 35)",0,-0.08
22,11,"(2, 34)",0,-0.08
22,12,"(2, 33)",0,-0.08
22,13,"(2, 32)",0,-0.08
22,14,"(2, 31)",1,-0.08
22,15,"(3, 31)",0,-8.33
22,16,"(3, 31)",0,-8.33
22,17,"(3, 31)",2,-0.08
22,18,"(3, 32)",2,-0.08
22,19,"(3, 33)",1,-0.08
22,20,"(4, 33)",1,-0.08
22,21,"(5, 33)",1,-0.08
22,22,"(6, 33)",1,-0.08
22,23,"(7, 33)",0,-0.08
22,24,"(7, 32)",0,-0.08
22,25,"(7, 31)",1,-0.08
22,26,"(8, 31)",1,-0.08
22,27,"(9, 31)",0,-0.08
22,28,"(9, 30)",1,-0.08
22,29,"(10, 30)",0,-0.08
22,30,"(10, 29)",0,-0.08
22,31,"(10, 28)",0,-0.08
22,32,"(10, 27)",1,-0.08
22,33,"(11, 27)",1,-0.08
22,34,"(12, 27)",1,-0.08
22,35,"(13, 27)",1,-0.08
22,36,"(14, 27)",1,-0.08
22,37,"(15, 27)",0,-0.08
22,38,"(15, 26)",0,-0.08
22,39,"(15, 25)",1,-0.08
22,40,"(16, 25)",1,-0.08
22,41,"(17, 25)",0,-0.08
22,42,"(17, 24)",0,-0.08
22,43,"(17, 23)",0,-0.08
22,44,"(17, 22)",1,-0.08
22,45,"(18, 22)",1,-0.08
22,46,"(19, 22)",1,-0.08
22,47,"(20, 22)",1,-0.08
22,48,"(21, 22)",0,-0.08
22,49,"(21, 21)",1,-0.08
22,50,"(22, 21)",1,-0.08
22,51,"(23, 21)",0,-0.08
22,52,"(23, 20)",1,-0.08
22,53,"(24, 20)",1,-0.08
22,54,"(25, 20)",0,-0.08
22,55,"(25, 19)",1,-0.08
22,56,"(26, 19)",1,-0.08
22,57,"(27, 19)",1,-0.08
22,58,"(28, 19)",1,-0.08
22,59,"(29, 19)",1,-0.08
22,60,"(30, 19)",1,-0.08
22,61,"(31, 19)",1,-0.08
22,62,"(32, 19)",0,-0.08
22,63,"(32, 18)",0,-0.08
22,64,"(32, 17)",1,-0.08
22,65,"(33, 17)",1,-0.08
22,66,"(34, 17)",1,-0.08
22,67,"(35, 17)",0,-0.08
22,68,"(35, 16)",1,-0.08
22,69,"(36, 16)",1,-0.08
22,70,"(37, 16)",0,-0.08
22,71,"(37, 15)",1,-0.08
22,72,"(38, 15)",0,-0.08
22,73,"(38, 14)",0,-0.08
22,74,"(38, 13)",1,-0.08
22,75,"(39, 13)",0,-0.08
22,76,"(39, 12)",0,-0.08
22,77,"(39, 11)",1,-0.08
22,78,"(40, 11)",1,-0.08
22,79,"(41, 11)",1,-0.08
22,80,"(42, 11)",1,-0.08
22,81,"(43, 11)",1,-0.08
22,82,"(44, 11)",1,-0.08
22,83,"(45, 11)",0,-0.08
22,84,"(45, 10)",1,-0.08
22,85,"(46, 10)",1,-0.08
22,86,"(47, 10)",1,-0.08
22,87,"(48, 10)",1,-0.08
22,88,"(49, 10)",0,-0.08
22,89,"(49, 9)",1,-0.08
22,90,"(50, 9)",0,-0.08
22,91,"(50, 8)",0,-0.08
22,92,"(50, 7)",1,-0.08
22,93,"(51, 7)",1,-0.08
22,94,"(52, 7)",1,-0.08
22,95,"(53, 7)",1,-0.08
22,96,"(54, 7)",1,-0.08
22,97,"(55, 7)",1,-0.08
22,98,"(56, 7)",1,-0.08
22,99,"(57, 7)",1,-0.08
22,100,"(58, 7)",1,-0.08
22,101,"(59, 7)",1,-0.08
22,102,"(60, 7)",1,-0.08
22,103,"(61, 7)",1,-0.08
22,104,"(62, 7)",1,-0.08
22,105,"(63, 7)",1,-0.08
22,106,"(64, 7)",1,-0.08
22,107,"(65, 7)",1,-0.08
22,108,"(66, 7)",1,-0.08
22,109,"(67, 7)",1,-0.08
22,110,"(68, 7)",1,-0.08
22,111,"(69, 7)",1,-0.08
22,112,"(70, 7)",0,-0.08
22,113,"(70, 6)",1,-0.08
22,114,"(71, 6)",1,-0.08
22,115,"(72, 6)",0,-0.08
22,116,"(72, 5)",1,-0.08
22,117,"(73, 5)",1,-0.08
22,118,"(74, 5)",0,-0.08
22,119,"(74, 4)",1,-0.08
22,120,"(75, 4)",0,-0.08
22,121,"(75, 3)",1,-0.08
22,122,"(76, 3)",0,-0.08
22,123,"(76, 2)",1,-0.08
22,124,"(77, 2)",0,-0.08
22,125,"(77, 1)",0,-0.08
22,126,"(77, 0)",1,-0.08
22,127,"(78, 0)",1,8.33
23,0,"(0, 39)",1,-0.08
23,1,"(1, 39)",0,-0.08
23,2,"(1, 38)",1,-8.33
23,3,"(1, 38)",0,-0.08
23,4,"(1, 37)",0,-8.33
23,5,"(1, 37)",3,-0.08
23,6,"(0, 37)",0,-0.08
23,7,"(0, 36)",0,-0.08
23,8,"(0, 35)",1,-0.08
23,9,"(1, 35)",1,-0.08
23,10,"(2, 35)",0,-0.08
23,11,"(2, 34)",0,-0.08
23,12,"(2, 33)",1,-0.08
23,13,"(3, 33)",1,-0.08
23,14,"(4, 33)",1,-0.08
23,15,"(5, 33)",0,-0.08
23,16,"(5, 32)",0,-0.08
23,17,"(5, 31)",1,-0.08
23,18,"(6, 31)",1,-0.08
23,19,"(7, 31)",1,-0.08
23,20,"(8, 31)",1,-0.08
23,21,"(9, 31)",0,-0.08
23,22,"(9, 30)",1,-0.08
23,23,"(10, 30)",0,-0.08
23,24,"(10, 29)",0,-0.08
23,25,"(10, 28)",0,-0.08
23,26,"(10, 27)",1,-0.08
23,27,"(11, 27)",1,-0.08
23,28,"(12, 27)",0,-0.08
23,29,"(12, 26)",1,-0.08
23,30,"(13, 26)",0,-0.08
23,31,"(13, 25)",1,-0.08
23,32,"(14, 25)",1,-0.08
23,33,"(15, 25)",1,-0.08
23,34,"(16, 25)",1,-0.08
23,35,"(17, 25)",0,-0.08
23,36,"(17, 24)",1,-8.33
23,37,"(17, 24)",0,-0.08
23,38,"(17, 23)",1,-0.08
23,39,"(18, 23)",1,-0.08
23,40,"(19, 23)",1,-0.08
23,41,"(20, 23)",0,-0.08
23,42,"(20, 22)",1,-0.08
23,43,"(21, 22)",0,-0.08
23,44,"(21, 21)",0,-0.08
23,45,"(21, 20)",1,-0.08
23,46,"(22, 20)",1,-0.08
23,47,"(23, 20)",0,-0.08
23,48,"(23, 19)",0,-0.08
23,49,"(23, 18)",0,-0.08
23,50,"(23, 17)",1,-0.08
23,51,"(24, 17)",1,-0.08
23,52,"(25, 17)",1,-0.08
23,53,"(26, 17)",1,-0.08
23,54,"(27, 17)",1,-0.08
23,55,"(28, 17)",0,-0.08
23,56,"(28, 16)",1,-0.08
23,57,"(29, 16)",0,-0.08
23,58,"(29, 15)",1,-0.08
23,59,"(30, 15)",1,-0.08
23,60,"(31, 15)",0,-0.08
23,61,"(31, 14)",0,-0.08
23,62,"(31, 13)",1,-0.08
23,63,"(32, 13)",1,-0.08
23,64,"(33, 13)",1,-0.08
23,65,"(34, 13)",1,-0.08
23,66,"(35, 13)",0,-0.08
23,67,"(35, 12)",1,-0.08
23,68,"(36, 12)",1,-0.08
23,69,"(37, 12)",1,-0.08
23,70,"(38, 12)",1,-0.08
23,71,"(39, 12)",0,-0.08
23,72,"(39, 11)",1,-0.08
23,73,"(40, 11)",1,-0.08
23,74,"(41, 11)",1,-0.08
23,75,"(42, 11)",1,-0.08
23,76,"(43, 11)",1,-0.08
23,77,"(44, 11)",1,-0.08
23,78,"(45, 11)",0,-0.08
23,79,"(45, 10)",1,-0.08
23,80,"(46, 10)",0,-0.08
23,81,"(46, 9)",0,-0.08
23,82,"(46, 8)",0,-0.08
23,83,"(46, 7)",1,-0.08
23,84,"(47, 7)",1,-0.08
23,85,"(48, 7)",1,-0.08
23,86,"(49, 7)",1,-0.08
23,87,"(50, 7)",1,-0.08
23,88,"(51, 7)",1,-0.08
23,89,"(52, 7)",1,-0.08
23,90,"(53, 7)",1,-0.08
23,91,"(54, 7)",1,-0.08
23,92,"(55, 7)",1,-0.08
23,93,"(56, 7)",1,-0.08
23,94,"(57, 7)",1,-0.08
23,95,"(58, 7)",1,-0.08
23,96,"(59, 7)",1,-0.08
23,97,"(60, 7)",1,-0.08
23,98,"(61, 7)",1,-0.08
23,99,"(62, 7)",1,-0.08
23,100,"(63, 7)",1,-0.08
23,101,"(64, 7)",1,-0.08
23,102,"(65, 7)",1,-0.08
23,103,"(66, 7)",1,-0.08
23,104,"(67, 7)",1,-0.08
23,105,"(68, 7)",1,-0.08
23,106,"(69, 7)",1,-0.08
23,107,"(70, 7)",1,-0.08
23,108,"(71, 7)",1,-0.08
23,109,"(72, 7)",1,-0.08
23,110,"(73, 7)",1,-0.08
23,111,"(74, 7)",1,-0.08
23,112,"(75, 7)",1,-0.08
23,113,"(76, 7)",1,-0.08
23,114,"(77, 7)",0,-0.08
23,115,"(77, 6)",1,-0.08
23,116,"(78, 6)",1,-0.08
23,117,"(79, 6)",0,-0.08
23,118,"(79, 5)",0,-0.08
23,119,"(79, 4)",0,-0.08
23,120,"(79, 3)",0,-0.08
23,121,"(79, 2)",0,-0.08
23,122,"(79, 1)",0,8.33
24,0,"(0, 39)",0,-0.08
24,1,"(0, 38)",1,-0.08
24,2,"(1, 38)",0,-0.08
24,3,"(1, 37)",1,-8.33
24,4,"(1, 37)",0,-8.33
24,5,"(1, 37)",3,-0.08
24,6,"(0, 37)",0,-0.08
24,7,"(0, 36)",0,-0.08
24,8,"(0, 35)",0,-0.08
24,9,"(0, 34)",1,-0.08
24,10,"(1, 34)",1,-0.08
24,11,"(2, 34)",0,-0.08
24,12,"(2, 33)",0,-0.08
24,13,"(2, 32)",1,-0.08
24,14,"(3, 32)",0,-0.08
24,15,"(3, 31)",0,-8.33
24,16,"(3, 31)",0,-8.33
24,17,"(3, 31)",3,-0.08
24,18,"(2, 31)",3,-0.08
24,19,"(1, 31)",0,-0.08
24,20,"(1, 30)",0,-0.08
24,21,"(1, 29)",1,-0.08
24,22,"(2, 29)",1,-0.08
24,23,"(3, 29)",0,-0.08
24,24,"(3, 28)",0,-0.08
24,25,"(3, 27)",0,-0.08
24,26,"(3, 26)",0,-0.08
24,27,"(3, 25)",1,-0.08
24,28,"(4, 25)",1,-0.08
24,29,"(5, 25)",1,-0.08
24,30,"(6, 25)",1,-0.08
24,31,"(7, 25)",1,-0.08
24,32,"(8, 25)",1,-0.08
24,33,"(9, 25)",0,-0.08
24,34,"(9, 24)",1,-0.08
24,35,"(10, 24)",1,-0.08
24,36,"(11, 24)",1,-0.08
24,37,"(12, 24)",1,-0.08
24,38,"(13, 24)",0,-0.08
24,39,"(13, 23)",1,-0.08
24,40,"(14, 23)",1,-0.08
24,41,"(15, 23)",1,-0.08
24,42,"(16, 23)",0,-0.08
24,43,"(16, 22)",1,-0.08
24,44,"(17, 22)",1,-0.08
24,45,"(18, 22)",1,-0.08
24,46,"(19, 22)",1,-0.08
24,47,"(20, 22)",0,-0.08
24,48,"(20, 21)",1,-0.08
24,49,"(21, 21)",1,-0.08
24,50,"(22, 21)",0,-0.08
24,51,"(22, 20)",1,-0.08
24,52,"(23, 20)",1,-0.08
24,53,"(24, 20)",1,-0.08
24,54,"(25, 20)",0,-0.08
24,55,"(25, 19)",1,-0.08
24,56,"(26, 19)",0,-0.08
24,57,"(26, 18)",0,-0.08
24,58,"(26, 17)",1,-0.08
24,59,"(27, 17)",0,-0.08
24,60,"(27, 16)",1,-0.08
24,61,"(28, 16)",0,-0.08
24,62,"(28, 15)",1,-0.08
24,63,"(29, 15)",0,-0.08
24,64,"(29, 14)",0,-0.08
24,65,"(29, 13)",1,-0.08
24,66,"(30, 13)",1,-0.08
24,67,"(31, 13)",1,-0.08
24,68,"(32, 13)",1,-0.08
24,69,"(33, 13)",1,-0.08
24,70,"(34, 13)",1,-0.08
24,71,"(35, 13)",1,-0.08
24,72,"(36, 13)",1,-0.08
24,73,"(37, 13)",1,-0.08
24,74,"(38, 13)",0,-0.08
24,75,"(38, 12)",1,-0.08
24,76,"(39, 12)",0,-0.08
24,77,"(39, 11)",1,-0.08
24,78,"(40, 11)",1,-0.08
24,79,"(41, 11)",1,-0.08
24,80,"(42, 11)",1,-0.08
24,81,"(43, 11)",1,-0.08
24,82,"(44, 11)",1,-0.08
24,83,"(45, 11)",0,-0.08
24,84,"(45, 10)",1,-0.08
24,85,"(46, 10)",0,-0.08
24,86,"(46, 9)",0,-0.08
24,87,"(46, 8)",0,-0.08
24,88,"(46, 7)",1,-0.08
24,89,"(47, 7)",1,-0.08
24,90,"(48, 7)",1,-0.08
24,91,"(49, 7)",1,-0.08
24,92,"(50, 7)",1,-0.08
24,93,"(51, 7)",1,-0.08
24,94,"(52, 7)",1,-0.08
24,95,"(53, 7)",1,-0.08
24,96,"(54, 7)",1,-0.08
24,97,"(55, 7)",1,-0.08
24,98,"(56, 7)",1,-0.08
24,99,"(57, 7)",1,-0.08
24,100,"(58, 7)",1,-0.08
24,101,"(59, 7)",1,-0.08
24,102,"(60, 7)",1,-0.08
24,103,"(61, 7)",1,-0.08
24,104,"(62, 7)",1,-0.08
24,105,"(63, 7)",1,-0.08
24,106,"(64, 7)",1,-0.08
24,107,"(65, 7)",1,-0.08
24,108,"(66, 7)",1,-0.08
24,109,"(67, 7)",1,-0.08
24,110,"(68, 7)",1,-0.08
24,111,"(69, 7)",1,-0.08
24,112,"(70, 7)",0,-0.08
24,113,"(70, 6)",1,-0.08
24,114,"(71, 6)",1,-0.08
24,115,"(72, 6)",0,-0.08
24,116,"(72, 5)",1,-0.08
24,117,"(73, 5)",1,-0.08
24,118,"(74, 5)",0,-0.08
24,119,"(74, 4)",1,-0.08
24,120,"(75, 4)",0,-0.08
24,121,"(75, 3)",1,-0.08
24,122,"(76, 3)",0,-0.08
24,123,"(76, 2)",0,-0.08
24,124,"(76, 1)",1,-0.08
24,125,"(77, 1)",1,-0.08
24,126,"(78, 1)",1,-0.08
24,127,"(79, 1)",0,8.33
25,0,"(0, 39)",0,-0.08
25,1,"(0, 38)",1,-0.08
25,2,"(1, 38)",1,-8.33
25,3,"(1, 38)",0,-0.08
25,4,"(1, 37)",0,-8.33
25,5,"(1, 37)",3,-0.08
25,6,"(0, 37)",0,-0.08
25,7,"(0, 36)",0,-0.08
25,8,"(0, 35)",0,-0.08
25,9,"(0, 34)",1,-0.08
25,10,"(1, 34)",1,-0.08
25,11,"(2, 34)",0,-0.08
25,12,"(2, 33)",1,-0.08
25,13,"(3, 33)",1,-0.08
25,14,"(4, 33)",1,-0.08
25,15,"(5, 33)",0,-0.08
25,16,"(5, 32)",0,-0.08
25,17,"(5, 31)",0,-0.08
25,18,"(5, 30)",0,-0.08
25,19,"(5, 29)",1,-0.08
25,20,"(6, 29)",1,-0.08
25,21,"(7, 29)",1,-0.08
25,22,"(8, 29)",0,-0.08
25,23,"(8, 28)",0,-0.08
25,24,"(8, 27)",1,-0.08
25,25,"(9, 27)",1,-0.08
25,26,"(10, 27)",0,-8.33
25,27,"(10, 27)",1,-0.08
25,28,"(11, 27)",1,-0.08
25,29,"(12, 27)",0,-0.08
25,30,"(12, 26)",0,-0.08
25,31,"(12, 25)",0,-0.08
25,32,"(12, 24)",1,-0.08
25,33,"(13, 24)",0,-0.08
25,34,"(13, 23)",1,-0.08
25,35,"(14, 23)",1,-0.08
25,36,"(15, 23)",1,-0.08
25,37,"(16, 23)",0,-0.08
25,38,"(16, 22)",1,-0.08
25,39,"(17, 22)",1,-0.08
25,40,"(18, 22)",1,-0.08
25,41,"(19, 22)",0,-0.08
25,42,"(19, 21)",0,-0.08
25,43,"(19, 20)",0,-0.08
25,44,"(19, 19)",1,-0.08
25,45,"(20, 19)",1,-0.08
25,46,"(21, 19)",1,-0.08
25,47,"(22, 19)",1,-0.08
25,48,"(23, 19)",0,-0.08
25,49,"(23, 18)",0,-0.08
25,50,"(23, 17)",0,-0.08
25,51,"(23, 16)",0,-0.08
25,52,"(23, 15)",1,-0.08
25,53,"(24, 15)",1,-0.08
25,54,"(25, 15)",1,-0.08
25,55,"(26, 15)",1,-0.08
25,56,"(27, 15)",1,-0.08
25,57,"(28, 15)",1,-0.08
25,58,"(29, 15)",1,-0.08
25,59,"(30, 15)",1,-0.08
25,60,"(31, 15)",0,-0.08
25,61,"(31, 14)",1,-0.08
25,62,"(32, 14)",0,-0.08
25,63,"(32, 13)",1,-0.08
25,64,"(33, 13)",1,-0.08
25,65,"(34, 13)",1,-0.08
25,66,"(35, 13)",0,-0.08
25,67,"(35, 12)",1,-0.08
25,68,"(36, 12)",1,-0.08
25,69,"(37, 12)",1,-0.08
25,70,"(38, 12)",1,-0.08
25,71,"(39, 12)",0,-0.08
25,72,"(39, 11)",1,-0.08
25,73,"(40, 11)",1,-0.08
25,74,"(41, 11)",1,-0.08
25,75,"(42, 11)",1,-0.08
25,76,"(43, 11)",1,-0.08
25,77,"(44, 11)",1,-0.08
25,78,"(45, 11)",0,-0.08
25,79,"(45, 10)",1,-0.08
25,80,"(46, 10)",1,-0.08
25,81,"(47, 10)",1,-0.08
25,82,"(48, 10)",1,-0.08
25,83,"(49, 10)",1,-0.08
25,84,"(50, 10)",0,-0.08
25,85,"(50, 9)",1,-0.08
25,86,"(51, 9)",1,-0.08
25,87,"(52, 9)",1,-0.08
25,88,"(53, 9)",1,-0.08
25,89,"(54, 9)",1,-0.08
25,90,"(55, 9)",1,-0.08
25,91,"(56, 9)",1,-0.08
25,92,"(57, 9)",0,-0.08
25,93,"(57, 8)",1,-0.08
25,94,"(58, 8)",0,-0.08
25,95,"(58, 7)",1,-0.08
25,96,"(59, 7)",1,-0.08
25,97,"(60, 7)",1,-0.08
25,98,"(61, 7)",1,-0.08
25,99,"(62, 7)",1,-0.08
25,100,"(63, 7)",1,-0.08
25,101,"(64, 7)",1,-0.08
25,102,"(65, 7)",1,-0.08
25,103,"(66, 7)",1,-0.08
25,104,"(67, 7)",1,-0.08
25,105,"(68, 7)",1,-0.08
25,106,"(69, 7)",0,-0.08
25,107,"(69, 6)",1,-0.08
25,108,"(70, 6)",1,-0.08
25,109,"(71, 6)",1,-0.08
25,110,"(72, 6)",1,-0.08
25,111,"(73, 6)",1,-0.08
25,112,"(74, 6)",0,-0.08
25,113,"(74, 5)",0,-0.08
25,114,"(74, 4)",1,-0.08
25,115,"(75, 4)",0,-0.08
25,116,"(75, 3)",1,-0.08
25,117,"(76, 3)",0,-0.08
25,118,"(76, 2)",0,-0.08
25,119,"(76, 1)",0,-0.08
25,120,"(76, 0)",1,-0.08
25,121,"(77, 0)",1,-0.08
25,122,"(78, 0)",1,8.33
26,0,"(0, 39)",1,-0.08
26,1,"(1, 39)",1,-0.08
26,2,"(2, 39)",1,-0.08
26,3,"(3, 39)",0,-0.08
26,4,"(3, 38)",1,-8.33
26,5,"(3, 38)",0,-0.08
26,6,"(3, 37)",1,-8.33
26,7,"(3, 37)",0,-0.08
26,8,"(3, 36)",0,-0.08
26,9,"(3, 35)",3,-0.08
26,10,"(2, 35)",0,-0.08
26,11,"(2, 34)",0,-0.08
26,12,"(2, 33)",0,-0.08
26,13,"(2, 32)",1,-0.08
26,14,"(3, 32)",0,-0.08
26,15,"(3, 31)",0,-8.33
26,16,"(3, 31)",0,-8.33
26,17,"(3, 31)",2,-0.08
26,18,"(3, 32)",2,-0.08
26,19,"(3, 33)",1,-0.08
26,20,"(4, 33)",1,-0.08
26,21,"(5, 33)",1,-0.08
26,22,"(6, 33)",1,-0.08
26,23,"(7, 33)",0,-0.08
26,24,"(7, 32)",0,-0.08
26,25,"(7, 31)",1,-0.08
26,26,"(8, 31)",1,-0.08
26,27,"(9, 31)",0,-0.08
26,28,"(9, 30)",1,-0.08
26,29,"(10, 30)",0,-0.08
26,30,"(10, 29)",0,-0.08
26,31,"(10, 28)",0,-0.08
26,32,"(10, 27)",1,-0.08
26,33,"(11, 27)",1,-0.08
26,34,"(12, 27)",1,-0.08
26,35,"(13, 27)",0,-0.08
26,36,"(13, 26)",0,-0.08
26,37,"(13, 25)",1,-0.08
26,38,"(14, 25)",0,-0.08
26,39,"(14, 24)",0,-0.08
26,40,"(14, 23)",1,-0.08
26,41,"(15, 23)",1,-0.08
26,42,"(16, 23)",1,-0.08
26,43,"(17, 23)",1,-0.08
26,44,"(18, 23)",1,-0.08
26,45,"(19, 23)",1,-0.08
26,46,"(20, 23)",1,-0.08
26,47,"(21, 23)",0,-0.08
26,48,"(21, 22)",0,-0.08
26,49,"(21, 21)",0,-0.08
26,50,"(21, 20)",1,-0.08
26,51,"(22, 20)",0,-0.08
26,52,"(22, 19)",1,-0.08
26,53,"(23, 19)",0,-0.08
26,54,"(23, 18)",0,-0.08
26,55,"(23, 17)",0,-0.08
26,56,"(23, 16)",0,-0.08
26,57,"(23, 15)",1,-0.08
26,58,"(24, 15)",1,-0.08
26,59,"(25, 15)",1,-0.08
26,60,"(26, 15)",1,-0.08
26,61,"(27, 15)",0,-0.08
26,62,"(27, 14)",0,-0.08
26,63,"(27, 13)",1,-0.08
26,64,"(28, 13)",1,-0.08
26,65,"(29, 13)",1,-0.08
26,66,"(30, 13)",1,-0.08
26,67,"(31, 13)",1,-0.08
26,68,"(32, 13)",1,-0.08
26,69,"(33, 13)",1,-0.08
26,70,"(34, 13)",1,-0.08
26,71,"(35, 13)",0,-0.08
26,72,"(35, 12)",1,-0.08
26,73,"(36, 12)",1,-0.08
26,74,"(37, 12)",1,-0.08
26,75,"(38, 12)",1,-0.08
26,76,"(39, 12)",0,-0.08
26,77,"(39, 11)",1,-0.08
26,78,"(40, 11)",1,-0.08
26,79,"(41, 11)",1,-0.08
26,80,"(42, 11)",1,-0.08
26,81,"(43, 11)",1,-0.08
26,82,"(44, 11)",1,-0.08
26,83,"(45, 11)",0,-0.08
26,84,"(45, 10)",1,-0.08
26,85,"(46, 10)",0,-0.08
26,86,"(46, 9)",0,-0.08
26,87,"(46, 8)",0,-0.08
26,88,"(46, 7)",1,-0.08
26,89,"(47, 7)",1,-0.08
26,90,"(48, 7)",1,-0.08
26,91,"(49, 7)",1,-0.08
26,92,"(50, 7)",1,-0.08
26,93,"(51, 7)",1,-0.08
26,94,"(52, 7)",1,-0.08
26,95,"(53, 7)",1,-0.08
26,96,"(54, 7)",1,-0.08
26,97,"(55, 7)",1,-0.08
26,98,"(56, 7)",1,-0.08
26,99,"(57, 7)",1,-0.08
26,100,"(58, 7)",1,-0.08
26,101,"(59, 7)",1,-0.08
26,102,"(60, 7)",1,-0.08
26,103,"(61, 7)",1,-0.08
26,104,"(62, 7)",1,-0.08
26,105,"(63, 7)",1,-0.08
26,106,"(64, 7)",1,-0.08
26,107,"(65, 7)",1,-0.08
26,108,"(66, 7)",1,-0.08
26,109,"(67, 7)",1,-0.08
26,110,"(68, 7)",1,-0.08
26,111,"(69, 7)",0,-0.08
26,112,"(69, 6)",1,-0.08
26,113,"(70, 6)",1,-0.08
26,114,"(71, 6)",0,-0.08
26,115,"(71, 5)",1,-0.08
26,116,"(72, 5)",1,-0.08
26,117,"(73, 5)",1,-0.08
26,118,"(74, 5)",1,-0.08
26,119,"(75, 5)",0,-0.08
26,120,"(75, 4)",0,-0.08
26,121,"(75, 3)",1,-0.08
26,122,"(76, 3)",0,-0.08
26,123,"(76, 2)",1,-0.08
26,124,"(77, 2)",0,-0.08
26,125,"(77, 1)",0,-0.08
26,126,"(77, 0)",1,-0.08
26,127,"(78, 0)",1,8.33
27,0,"(0, 39)",1,-0.08
27,1,"(1, 39)",1,-0.08
27,2,"(2, 39)",0,-8.33
27,3,"(2, 39)",1,-0.08
27,4,"(3, 39)",1,-0.08
27,5,"(4, 39)",1,-0.08
27,6,"(5, 39)",1,-0.08
27,7,"(6, 39)",0,-8.33
27,8,"(6, 39)",1,-0.08
27,9,"(7, 39)",0,-0.08
27,10,"(7, 38)",1,-0.08
27,11,"(8, 38)",1,-8.33
27,12,"(8, 38)",3,-0.08
27,13,"(7, 38)",0,-0.08
27,14,"(7, 37)",0,-0.08
27,15,"(7, 36)",0,-0.08
27,16,"(7, 35)",0,-0.08
27,17,"(7, 34)",0,-0.08
27,18,"(7, 33)",1,-0.08
27,19,"(8, 33)",0,-0.08
27,20,"(8, 32)",1,-0.08
27,21,"(9, 32)",0,-0.08
27,22,"(9, 31)",0,-0.08
27,23,"(9, 30)",0,-0.08
27,24,"(9, 29)",1,-0.08
27,25,"(10, 29)",0,-0.08
27,26,"(10, 28)",0,-0.08
27,27,"(10, 27)",0,-8.33
27,28,"(10, 27)",1,-0.08
27,29,"(11, 27)",1,-0.08
27,30,"(12, 27)",1,-0.08
27,31,"(13, 27)",0,-0.08
27,32,"(13, 26)",0,-0.08
27,33,"(13, 25)",0,-0.08
27,34,"(13, 24)",0,-0.08
27,35,"(13, 23)",1,-0.08
27,36,"(14, 23)",1,-0.08
27,37,"(15, 23)",1,-0.08
27,38,"(16, 23)",0,-0.08
27,39,"(16, 22)",1,-0.08
27,40,"(17, 22)",1,-0.08
27,41,"(18, 22)",1,-0.08
27,42,"(19, 22)",0,-0.08
27,43,"(19, 21)",0,-0.08
27,44,"(19, 20)",1,-0.08
27,45,"(20, 20)",1,-0.08
27,46,"(21, 20)",0,-0.08
27,47,"(21, 19)",1,-0.08
27,48,"(22, 19)",1,-0.08
27,49,"(23, 19)",0,-0.08
27,50,"(23, 18)",0,-0.08
27,51,"(23, 17)",1,-0.08
27,52,"(24, 17)",1,-0.08
27,53,"(25, 17)",1,-0.08
27,54,"(26, 17)",1,-0.08
27,55,"(27, 17)",1,-0.08
27,56,"(28, 17)",0,-0.08
27,57,"(28, 16)",0,-0.08
27,58,"(28, 15)",1,-0.08
27,59,"(29, 15)",1,-0.08
27,60,"(30, 15)",1,-0.08
27,61,"(31, 15)",0,-0.08
27,62,"(31, 14)",1,-0.08
27,63,"(32, 14)",0,-0.08
27,64,"(32, 13)",1,-0.08
27,65,"(33, 13)",1,-0.08
27,66,"(34, 13)",1,-0.08
27,67,"(35, 13)",1,-0.08
27,68,"(36, 13)",0,-0.08
27,69,"(36, 12)",1,-0.08
27,70,"(37, 12)",1,-0.08
27,71,"(38, 12)",1,-0.08
27,72,"(39, 12)",0,-0.08
27,73,"(39, 11)",1,-0.08
27,74,"(40, 11)",1,-0.08
27,75,"(41, 11)",1,-0.08
27,76,"(42, 11)",1,-0.08
27,77,"(43, 11)",1,-0.08
27,78,"(44, 11)",1,-0.08
27,79,"(45, 11)",0,-0.08
27,80,"(45, 10)",1,-0.08
27,81,"(46, 10)",1,-0.08
27,82,"(47, 10)",1,-0.08
27,83,"(48, 10)",1,-0.08
27,84,"(49, 10)",0,-0.08
27,85,"(49, 9)",1,-0.08
27,86,"(50, 9)",1,-0.08
27,87,"(51, 9)",1,-0.08
27,88,"(52, 9)",1,-0.08
27,89,"(53, 9)",1,-0.08
27,90,"(54, 9)",1,-0.08
27,91,"(55, 9)",1,-0.08
27,92,"(56, 9)",1,-0.08
27,93,"(57, 9)",0,-0.08
27,94,"(57, 8)",0,-0.08
27,95,"(57, 7)",1,-0.08
27,96,"(58, 7)",1,-0.08
27,97,"(59, 7)",1,-0.08
27,98,"(60, 7)",1,-0.08
27,99,"(61, 7)",1,-0.08
27,100,"(62, 7)",1,-0.08
27,101,"(63, 7)",1,-0.08
27,102,"(64, 7)",1,-0.08
27,103,"(65, 7)",1,-0.08
27,104,"(66, 7)",1,-0.08
27,105,"(67, 7)",1,-0.08
27,106,"(68, 7)",1,-0.08
27,107,"(69, 7)",0,-0.08
27,108,"(69, 6)",1,-0.08
27,109,"(70, 6)",1,-0.08
27,110,"(71, 6)",1,-0.08
27,111,"(72, 6)",0,-0.08
27,112,"(72, 5)",1,-0.08
27,113,"(73, 5)",1,-0.08
27,114,"(74, 5)",0,-0.08
27,115,"(74, 4)",1,-0.08
27,116,"(75, 4)",0,-0.08
27,117,"(75, 3)",1,-0.08
27,118,"(76, 3)",1,-0.08
27,119,"(77, 3)",0,-0.08
27,120,"(77, 2)",0,-0.08
27,121,"(77, 1)",1,-0.08
27,122,"(78, 1)",1,-0.08
27,123,"(79, 1)",0,8.33
28,0,"(0, 39)",0,-0.08
28,1,"(0, 38)",0,-0.08
28,2,"(0, 37)",1,-0.08
28,3,"(1, 37)",0,-8.33
28,4,"(1, 37)",3,-0.08
28,5,"(0, 37)",0,-0.08
28,6,"(0, 36)",0,-0.08
28,7,"(0, 35)",1,-0.08
28,8,"(1, 35)",1,-0.08
28,9,"(2, 35)",0,-0.08
28,10,"(2, 34)",0,-0.08
28,11,"(2, 33)",1,-0.08
28,12,"(3, 33)",0,-0.08
28,13,"(3, 32)",0,-0.08
28,14,"(3, 31)",0,-8.33
28,15,"(3, 31)",2,-0.08
28,16,"(3, 32)",2,-0.08
28,17,"(3, 33)",1,-0.08
28,18,"(4, 33)",1,-0.08
28,19,"(5, 33)",1,-0.08
28,20,"(6, 33)",1,-0.08
28,21,"(7, 33)",0,-0.08
28,22,"(7, 32)",0,-0.08
28,23,"(7, 31)",1,-0.08
28,24,"(8, 31)",0,-0.08
28,25,"(8, 30)",1,-0.08
28,26,"(9, 30)",1,-0.08
28,27,"(10, 30)",0,-0.08
28,28,"(10, 29)",0,-0.08
28,29,"(10, 28)",0,-0.08
28,30,"(10, 27)",1,-0.08
28,31,"(11, 27)",1,-0.08
28,32,"(12, 27)",1,-0.08
28,33,"(13, 27)",0,-0.08
28,34,"(13, 26)",0,-0.08
28,35,"(13, 25)",0,-0.08
28,36,"(13, 24)",1,-0.08
28,37,"(14, 24)",0,-0.08
28,38,"(14, 23)",1,-0.08
28,39,"(15, 23)",1,-0.08
28,40,"(16, 23)",1,-0.08
28,41,"(17, 23)",1,-0.08
28,42,"(18, 23)",0,-0.08
28,43,"(18, 22)",1,-0.08
28,44,"(19, 22)",0,-0.08
28,45,"(19, 21)",1,-0.08
28,46,"(20, 21)",0,-0.08
28,47,"(20, 20)",0,-0.08
28,48,"(20, 19)",1,-0.08
28,49,"(21, 19)",1,-0.08
28,50,"(22, 19)",1,-0.08
28,51,"(23, 19)",0,-0.08
28,52,"(23, 18)",0,-0.08
28,53,"(23, 17)",1,-0.08
28,54,"(24, 17)",1,-0.08
28,55,"(25, 17)",1,-0.08
28,56,"(26, 17)",1,-0.08
28,57,"(27, 17)",0,-0.08
28,58,"(27, 16)",1,-0.08
28,59,"(28, 16)",1,-0.08
28,60,"(29, 16)",0,-0.08
28,61,"(29, 15)",0,-0.08
28,62,"(29, 14)",0,-0.08
28,63,"(29, 13)",1,-0.08
28,64,"(30, 13)",1,-0.08
28,65,"(31, 13)",1,-0.08
28,66,"(32, 13)",1,-0.08
28,67,"(33, 13)",1,-0.08
28,68,"(34, 13)",1,-0.08
28,69,"(35, 13)",1,-0.08
28,70,"(36, 13)",0,-0.08
28,71,"(36, 12)",1,-0.08
28,72,"(37, 12)",1,-0.08
28,73,"(38, 12)",1,-0.08
28,74,"(39, 12)",0,-0.08
28,75,"(39, 11)",1,-0.08
28,76,"(40, 11)",1,-0.08
28,77,"(41, 11)",1,-0.08
28,78,"(42, 11)",1,-0.08
28,79,"(43, 11)",1,-0.08
28,80,"(44, 11)",1,-0.08
28,81,"(45, 11)",0,-0.08
28,82,"(45, 10)",0,-0.08
28,83,"(45, 9)",1,-0.08
28,84,"(46, 9)",0,-0.08
28,85,"(46, 8)",0,-0.08
28,86,"(46, 7)",1,-0.08
28,87,"(47, 7)",1,-0.08
28,88,"(48, 7)",1,-0.08
28,89,"(49, 7)",1,-0.08
28,90,"(50, 7)",1,-0.08
28,91,"(51, 7)",1,-0.08
28,92,"(52, 7)",1,-0.08
28,93,"(53, 7)",1,-0.08
28,94,"(54, 7)",1,-0.08
28,95,"(55, 7)",1,-0.08
28,96,"(56, 7)",1,-0.08
28,97,"(57, 7)",1,-0.08
28,98,"(58, 7)",1,-0.08
28,99,"(59, 7)",1,-0.08
28,100,"(60, 7)",1,-0.08
28,101,"(61, 7)",1,-0.08
28,102,"(62, 7)",1,-0.08
28,103,"(63, 7)",1,-0.08
28,104,"(64, 7)",1,-0.08
28,105,"(65, 7)",1,-0.08
28,106,"(66, 7)",1,-0.08
28,107,"(67, 7)",1,-0.08
28,108,"(68, 7)",1,-0.08
28,109,"(69, 7)",0,-0.08
28,110,"(69, 6)",1,-0.08
28,111,"(70, 6)",1,-0.08
28,112,"(71, 6)",1,-0.08
28,113,"(72, 6)",1,-0.08
28,114,"(73, 6)",1,-0.08
28,115,"(74, 6)",0,-0.08
28,116,"(74, 5)",0,-0.08
28,117,"(74, 4)",1,-0.08
28,118,"(75, 4)",0,-0.08
28,119,"(75, 3)",1,-0.08
28,120,"(76, 3)",1,-0.08
28,121,"(77, 3)",0,-0.08
28,122,"(77, 2)",0,-0.08
28,123,"(77, 1)",1,-0.08
28,124,"(78, 1)",0,-0.08
28,125,"(78, 0)",1,8.33
29,0,"(0, 39)",0,-0.08
29,1,"(0, 38)",1,-0.08
29,2,"(1, 38)",1,-8.33
29,3,"(1, 38)",0,-0.08
29,4,"(1, 37)",0,-8.33
29,5,"(1, 37)",3,-0.08
29,6,"(0, 37)",0,-0.08
29,7,"(0, 36)",0,-0.08
29,8,"(0, 35)",0,-0.08
29,9,"(0, 34)",1,-0.08
29,10,"(1, 34)",1,-0.08
29,11,"(2, 34)",0,-0.08
29,12,"(2, 33)",1,-0.08
29,13,"(3, 33)",0,-0.08
29,14,"(3, 32)",0,-0.08
29,15,"(3, 31)",0,-8.33
29,16,"(3, 31)",3,-0.08
29,17,"(2, 31)",3,-0.08
29,18,"(1, 31)",0,-0.08
29,19,"(1, 30)",0,-0.08
29,20,"(1, 29)",1,-0.08
29,21,"(2, 29)",1,-0.08
29,22,"(3, 29)",0,-0.08
29,23,"(3, 28)",0,-0.08
29,24,"(3, 27)",0,-0.08
29,25,"(3, 26)",0,-0.08
29,26,"(3, 25)",1,-0.08
29,27,"(4, 25)",1,-0.08
29,28,"(5, 25)",1,-0.08
29,29,"(6, 25)",1,-0.08
29,30,"(7, 25)",1,-0.08
29,31,"(8, 25)",1,-0.08
29,32,"(9, 25)",1,-0.08
29,33,"(10, 25)",0,-0.08
29,34,"(10, 24)",1,-0.08
29,35,"(11, 24)",1,-0.08
29,36,"(12, 24)",1,-0.08
29,37,"(13, 24)",0,-0.08
29,38,"(13, 23)",1,-0.08
29,39,"(14, 23)",1,-0.08
29,40,"(15, 23)",1,-0.08
29,41,"(16, 23)",0,-0.08
29,42,"(16, 22)",1,-0.08
29,43,"(17, 22)",1,-0.08
29,44,"(18, 22)",1,-0.08
29,45,"(19, 22)",1,-0.08
29,46,"(20, 22)",0,-0.08
29,47,"(20, 21)",1,-0.08
29,48,"(21, 21)",1,-0.08
29,49,"(22, 21)",1,-0.08
29,50,"(23, 21)",0,-0.08
29,51,"(23, 20)",0,-0.08
29,52,"(23, 19)",0,-0.08
29,53,"(23, 18)",0,-0.08
29,54,"(23, 17)",1,-0.08
29,55,"(24, 17)",1,-0.08
29,56,"(25, 17)",1,-0.08
29,57,"(26, 17)",1,-0.08
29,58,"(27, 17)",1,-0.08
29,59,"(28, 17)",1,-0.08
29,60,"(29, 17)",1,-0.08
29,61,"(30, 17)",1,-0.08
29,62,"(31, 17)",1,-0.08
29,63,"(32, 17)",0,-0.08
29,64,"(32, 16)",0,-0.08
29,65,"(32, 15)",1,-0.08
29,66,"(33, 15)",1,-0.08
29,67,"(34, 15)",1,-0.08
29,68,"(35, 15)",0,-0.08
29,69,"(35, 14)",0,-0.08
29,70,"(35, 13)",0,-0.08
29,71,"(35, 12)",1,-0.08
29,72,"(36, 12)",1,-0.08
29,73,"(37, 12)",1,-0.08
29,74,"(38, 12)",1,-0.08
29,75,"(39, 12)",0,-0.08
29,76,"(39, 11)",1,-0.08
29,77,"(40, 11)",1,-0.08
29,78,"(41, 11)",1,-0.08
29,79,"(42, 11)",1,-0.08
29,80,"(43, 11)",1,-0.08
29,81,"(44, 11)",1,-0.08
29,82,"(45, 11)",0,-0.08
29,83,"(45, 10)",1,-0.08
29,84,"(46, 10)",0,-0.08
29,85,"(46, 9)",0,-0.08
29,86,"(46, 8)",0,-0.08
29,87,"(46, 7)",1,-0.08
29,88,"(47, 7)",1,-0.08
29,89,"(48, 7)",1,-0.08
29,90,"(49, 7)",1,-0.08
29,91,"(50, 7)",1,-0.08
29,92,"(51, 7)",1,-0.08
29,93,"(52, 7)",1,-0.08
29,94,"(53, 7)",1,-0.08
29,95,"(54, 7)",1,-0.08
29,96,"(55, 7)",1,-0.08
29,97,"(56, 7)",1,-0.08
29,98,"(57, 7)",1,-0.08
29,99,"(58, 7)",1,-0.08
29,100,"(59, 7)",1,-0.08
29,101,"(60, 7)",1,-0.08
29,102,"(61, 7)",1,-0.08
29,103,"(62, 7)",1,-0.08
29,104,"(63, 7)",1,-0.08
29,105,"(64, 7)",1,-0.08
29,106,"(65, 7)",1,-0.08
29,107,"(66, 7)",1,-0.08
29,108,"(67, 7)",1,-0.08
29,109,"(68, 7)",1,-0.08
29,110,"(69, 7)",0,-0.08
29,111,"(69, 6)",1,-0.08
29,112,"(70, 6)",1,-0.08
29,113,"(71, 6)",1,-0.08
29,114,"(72, 6)",1,-0.08
29,115,"(73, 6)",0,-0.08
29,116,"(73, 5)",1,-0.08
29,117,"(74, 5)",0,-0.08
29,118,"(74, 4)",1,-0.08
29,119,"(75, 4)",0,-0.08
29,120,"(75, 3)",1,-0.08
29,121,"(76, 3)",0,-0.08
29,122,"(76, 2)",0,-0.08
29,123,"(76, 1)",0,-0.08
29,124,"(76, 0)",1,-0.08
29,125,"(77, 0)",1,-0.08
29,126,"(78, 0)",1,8.33
30,0,"(0, 39)",1,-0.08
30,1,"(1, 39)",1,-0.08
30,2,"(2, 39)",1,-0.08
30,3,"(3, 39)",1,-0.08
30,4,"(4, 39)",1,-0.08
30,5,"(5, 39)",0,-8.33
30,6,"(5, 39)",1,-0.08
30,7,"(6, 39)",1,-0.08
30,8,"(7, 39)",0,-0.08
30,9,"(7, 38)",0,-0.08
30,10,"(7, 37)",0,-0.08
30,11,"(7, 36)",0,-0.08
30,12,"(7, 35)",0,-0.08
30,13,"(7, 34)",0,-0.08
30,14,"(7, 33)",0,-0.08
30,15,"(7, 32)",1,-0.08
30,16,"(8, 32)",1,-0.08
30,17,"(9, 32)",0,-0.08
30,18,"(9, 31)",0,-0.08
30,19,"(9, 30)",1,-0.08
30,20,"(10, 30)",0,-0.08
30,21,"(10, 29)",0,-0.08
30,22,"(10, 28)",0,-0.08
30,23,"(10, 27)",1,-0.08
30,24,"(11, 27)",1,-0.08
30,25,"(12, 27)",0,-0.08
30,26,"(12, 26)",1,-0.08
30,27,"(13, 26)",0,-0.08
30,28,"(13, 25)",1,-0.08
30,29,"(14, 25)",0,-0.08
30,30,"(14, 24)",0,-0.08
30,31,"(14, 23)",1,-0.08
30,32,"(15, 23)",1,-0.08
30,33,"(16, 23)",1,-0.08
30,34,"(17, 23)",1,-0.08
30,35,"(18, 23)",1,-0.08
30,36,"(19, 23)",1,-0.08
30,37,"(20, 23)",1,-0.08
30,38,"(21, 23)",0,-0.08
30,39,"(21, 22)",0,-0.08
30,40,"(21, 21)",0,-0.08
30,41,"(21, 20)",1,-0.08
30,42,"(22, 20)",0,-0.08
30,43,"(22, 19)",1,-0.08
30,44,"(23, 19)",0,-0.08
30,45,"(23, 18)",0,-0.08
30,46,"(23, 17)",0,-0.08
30,47,"(23, 16)",0,-0.08
30,48,"(23, 15)",1,-0.08
30,49,"(24, 15)",1,-0.08
30,50,"(25, 15)",1,-0.08
30,51,"(26, 15)",1,-0.08
30,52,"(27, 15)",1,-0.08
30,53,"(28, 15)",1,-0.08
30,54,"(29, 15)",0,-0.08
30,55,"(29, 14)",0,-0.08
30,56,"(29, 13)",1,-0.08
30,57,"(30, 13)",1,-0.08
30,58,"(31, 13)",1,-0.08
30,59,"(32, 13)",1,-0.08
30,60,"(33, 13)",1,-0.08
30,61,"(34, 13)",1,-0.08
30,62,"(35, 13)",0,-0.08
30,63,"(35, 12)",1,-0.08
30,64,"(36, 12)",1,-0.08
30,65,"(37, 12)",1,-0.08
30,66,"(38, 12)",1,-0.08
30,67,"(39, 12)",0,-0.08
30,68,"(39, 11)",1,-0.08
30,69,"(40, 11)",1,-0.08
30,70,"(41, 11)",1,-0.08
30,71,"(42, 11)",1,-0.08
30,72,"(43, 11)",1,-0.08
30,73,"(44, 11)",1,-0.08
30,74,"(45, 11)",0,-0.08
30,75,"(45, 10)",0,-0.08
30,76,"(45, 9)",1,-0.08
30,77,"(46, 9)",0,-0.08
30,78,"(46, 8)",0,-0.08
30,79,"(46, 7)",1,-0.08
30,80,"(47, 7)",1,-0.08
30,81,"(48, 7)",1,-0.08
30,82,"(49, 7)",1,-0.08
30,83,"(50, 7)",1,-0.08
30,84,"(51, 7)",1,-0.08
30,85,"(52, 7)",1,-0.08
30,86,"(53, 7)",1,-0.08
30,87,"(54, 7)",1,-0.08
30,88,"(55, 7)",1,-0.08
30,89,"(56, 7)",1,-0.08
30,90,"(57, 7)",1,-0.08
30,91,"(58, 7)",1,-0.08
30,92,"(59, 7)",1,-0.08
30,93,"(60, 7)",1,-0.08
30,94,"(61, 7)",1,-0.08
30,95,"(62, 7)",1,-0.08
30,96,"(63, 7)",1,-0.08
30,97,"(64, 7)",1,-0.08
30,98,"(65, 7)",1,-0.08
30,99,"(66, 7)",1,-0.08
30,100,"(67, 7)",1,-0.08
30,101,"(68, 7)",1,-0.08
30,102,"(69, 7)",0,-0.08
30,103,"(69, 6)",1,-0.08
30,104,"(70, 6)",1,-0.08
30,105,"(71, 6)",1,-0.08
30,106,"(72, 6)",0,-0.08
30,107,"(72, 5)",1,-0.08
30,108,"(73, 5)",1,-0.08
30,109,"(74, 5)",1,-0.08
30,110,"(75, 5)",0,-0.08
30,111,"(75, 4)",0,-0.08
30,112,"(75, 3)",1,-0.08
30,113,"(76, 3)",1,-0.08
30,114,"(77, 3)",0,-0.08
30,115,"(77, 2)",0,-0.08
30,116,"(77, 1)",1,-0.08
30,117,"(78, 1)",1,-0.08
30,118,"(79, 1)",0,8.33
31,0,"(0, 39)",1,-0.08
31,1,"(1, 39)",0,-0.08
31,2,"(1, 38)",1,-8.33
31,3,"(1, 38)",0,-0.08
31,4,"(1, 37)",0,-8.33
31,5,"(1, 37)",3,-0.08
31,6,"(0, 37)",0,-0.08
31,7,"(0, 36)",0,-0.08
31,8,"(0, 35)",1,-0.08
31,9,"(1, 35)",1,-0.08
31,10,"(2, 35)",0,-0.08
31,11,"(2, 34)",0,-0.08
31,12,"(2, 33)",1,-0.08
31,13,"(3, 33)",1,-0.08
31,14,"(4, 33)",1,-0.08
31,15,"(5, 33)",1,-0.08
31,16,"(6, 33)",1,-0.08
31,17,"(7, 33)",1,-0.08
31,18,"(8, 33)",0,-0.08
31,19,"(8, 32)",1,-0.08
31,20,"(9, 32)",0,-0.08
31,21,"(9, 31)",0,-0.08
31,22,"(9, 30)",0,-0.08
31,23,"(9, 29)",1,-0.08
31,24,"(10, 29)",0,-0.08
31,25,"(10, 28)",0,-0.08
31,26,"(10, 27)",0,-8.33
31,27,"(10, 27)",1,-0.08
31,28,"(11, 27)",1,-0.08
31,29,"(12, 27)",1,-0.08
31,30,"(13, 27)",0,-0.08
31,31,"(13, 26)",0,-0.08
31,32,"(13, 25)",0,-0.08
31,33,"(13, 24)",0,-0.08
31,34,"(13, 23)",1,-0.08
31,35,"(14, 23)",1,-0.08
31,36,"(15, 23)",1,-0.08
31,37,"(16, 23)",0,-0.08
31,38,"(16, 22)",1,-0.08
31,39,"(17, 22)",1,-0.08
31,40,"(18, 22)",1,-0.08
31,41,"(19, 22)",0,-0.08
31,42,"(19, 21)",1,-0.08
31,43,"(20, 21)",1,-0.08
31,44,"(21, 21)",1,-0.08
31,45,"(22, 21)",0,-0.08
31,46,"(22, 20)",0,-0.08
31,47,"(22, 19)",1,-0.08
31,48,"(23, 19)",0,-0.08
31,49,"(23, 18)",0,-0.08
31,50,"(23, 17)",0,-0.08
31,51,"(23, 16)",0,-0.08
31,52,"(23, 15)",1,-0.08
31,53,"(24, 15)",1,-0.08
31,54,"(25, 15)",1,-0.08
31,55,"(26, 15)",1,-0.08
31,56,"(27, 15)",0,-0.08
31,57,"(27, 14)",0,-0.08
31,58,"(27, 13)",1,-0.08
31,59,"(28, 13)",1,-0.08
31,60,"(29, 13)",1,-0.08
31,61,"(30, 13)",1,-0.08
31,62,"(31, 13)",1,-0.08
31,63,"(32, 13)",1,-0.08
31,64,"(33, 13)",1,-0.08
31,65,"(34, 13)",1,-0.08
31,66,"(35, 13)",0,-0.08
31,67,"(35, 12)",1,-0.08
31,68,"(36, 12)",1,-0.08
31,69,"(37, 12)",1,-0.08
31,70,"(38, 12)",1,-0.08
31,71,"(39, 12)",0,-0.08
31,72,"(39, 11)",1,-0.08
31,73,"(40, 11)",1,-0.08
31,74,"(41, 11)",1,-0.08
31,75,"(42, 11)",1,-0.08
31,76,"(43, 11)",1,-0.08
31,77,"(44, 11)",1,-0.08
31,78,"(45, 11)",0,-0.08
31,79,"(45, 10)",0,-0.08
31,80,"(45, 9)",1,-0.08
31,81,"(46, 9)",0,-0.08
31,82,"(46, 8)",0,-0.08
31,83,"(46, 7)",1,-0.08
31,84,"(47, 7)",1,-0.08
31,85,"(48, 7)",1,-0.08
31,86,"(49, 7)",1,-0.08
31,87,"(50, 7)",1,-0.08
31,88,"(51, 7)",1,-0.08
31,89,"(52, 7)",1,-0.08
31,90,"(53, 7)",1,-0.08
31,91,"(54, 7)",1,-0.08
31,92,"(55, 7)",1,-0.08
31,93,"(56, 7)",1,-0.08
31,94,"(57, 7)",1,-0.08
31,95,"(58, 7)",1,-0.08
31,96,"(59, 7)",1,-0.08
31,97,"(60, 7)",1,-0.08
31,98,"(61, 7)",1,-0.08
31,99,"(62, 7)",1,-0.08
31,100,"(63, 7)",1,-0.08
31,101,"(64, 7)",1,-0.08
31,102,"(65, 7)",1,-0.08
31,103,"(66, 7)",1,-0.08
31,104,"(67, 7)",1,-0.08
31,105,"(68, 7)",1,-0.08
31,106,"(69, 7)",1,-0.08
31,107,"(70, 7)",0,-0.08
31,108,"(70, 6)",1,-0.08
31,109,"(71, 6)",1,-0.08
31,110,"(72, 6)",1,-0.08
31,111,"(73, 6)",0,-0.08
31,112,"(73, 5)",1,-0.08
31,113,"(74, 5)",0,-0.08
31,114,"(74, 4)",1,-0.08
31,115,"(75, 4)",0,-0.08
31,116,"(75, 3)",1,-0.08
31,117,"(76, 3)",0,-0.08
31,118,"(76, 2)",1,-0.08
31,119,"(77, 2)",0,-0.08
31,120,"(77, 1)",0,-0.08
31,121,"(77, 0)",1,-0.08
31,122,"(78, 0)",1,8.33
32,0,"(0, 39)",1,-0.08
32,1,"(1, 39)",1,-0.08
32,2,"(2, 39)",1,-0.08
32,3,"(3, 39)",1,-0.08
32,4,"(4, 39)",1,-0.08
32,5,"(5, 39)",1,-0.08
32,6,"(6, 39)",1,-0.08
32,7,"(7, 39)",0,-0.08
32,8,"(7, 38)",0,-0.08
32,9,"(7, 37)",1,-8.33
32,10,"(7, 37)",0,-0.08
32,11,"(7, 36)",1,-0.08
32,12,"(8, 36)",0,-0.08
32,13,"(8, 35)",0,-8.33
32,14,"(8, 35)",1,-0.08
32,15,"(9, 35)",0,-8.33
32,16,"(9, 35)",2,-0.08
32,17,"(9, 36)",2,-0.08
32,18,"(9, 37)",1,-0.08
32,19,"(10, 37)",1,-0.08
32,20,"(11, 37)",1,-0.08
32,21,"(12, 37)",1,-0.08
32,22,"(13, 37)",1,-0.08
32,23,"(14, 37)",1,-0.08
32,24,"(15, 37)",0,-0.08
32,25,"(15, 36)",1,-0.08
32,26,"(16, 36)",1,-0.08
32,27,"(17, 36)",0,-0.08
32,28,"(17, 35)",1,-0.08
32,29,"(18, 35)",1,-0.08
32,30,"(19, 35)",0,-0.08
32,31,"(19, 34)",0,-0.08
32,32,"(19, 33)",1,-8.33
32,33,"(19, 33)",0,-0.08
32,34,"(19, 32)",0,-0.08
32,35,"(19, 31)",0,-0.08
32,36,"(19, 30)",0,-0.08
32,37,"(19, 29)",0,-0.08
32,38,"(19, 28)",0,-0.08
32,39,"(19, 27)",0,-0.08
32,40,"(19, 26)",0,-0.08
32,41,"(19, 25)",1,-0.08
32,42,"(20, 25)",1,-0.08
32,43,"(21, 25)",1,-0.08
32,44,"(22, 25)",0,-0.08
32,45,"(22, 24)",0,-0.08
32,46,"(22, 23)",1,-0.08
32,47,"(23, 23)",1,-0.08
32,48,"(24, 23)",0,-0.08
32,49,"(24, 22)",0,-0.08
32,50,"(24, 21)",0,-0.08
32,51,"(24, 20)",1,-0.08
32,52,"(25, 20)",0,-0.08
32,53,"(25, 19)",1,-0.08
32,54,"(26, 19)",0,-0.08
32,55,"(26, 18)",1,-0.08
32,56,"(27, 18)",0,-0.08
32,57,"(27, 17)",1,-0.08
32,58,"(28, 17)",0,-0.08
32,59,"(28, 16)",0,-0.08
32,60,"(28, 15)",1,-0.08
32,61,"(29, 15)",1,-0.08
32,62,"(30, 15)",1,-0.08
32,63,"(31, 15)",0,-0.08
32,64,"(31, 14)",0,-0.08
32,65,"(31, 13)",1,-0.08
32,66,"(32, 13)",1,-0.08
32,67,"(33, 13)",1,-0.08
32,68,"(34, 13)",1,-0.08
32,69,"(35, 13)",1,-0.08
32,70,"(36, 13)",0,-0.08
32,71,"(36, 12)",1,-0.08
32,72,"(37, 12)",1,-0.08
32,73,"(38, 12)",1,-0.08
32,74,"(39, 12)",0,-0.08
32,75,"(39, 11)",1,-0.08
32,76,"(40, 11)",1,-0.08
32,77,"(41, 11)",1,-0.08
32,78,"(42, 11)",1,-0.08
32,79,"(43, 11)",1,-0.08
32,80,"(44, 11)",1,-0.08
32,81,"(45, 11)",0,-0.08
32,82,"(45, 10)",0,-0.08
32,83,"(45, 9)",0,-0.08
32,84,"(45, 8)",0,-0.08
32,85,"(45, 7)",1,-0.08
32,86,"(46, 7)",1,-0.08
32,87,"(47, 7)",1,-0.08
32,88,"(48, 7)",1,-0.08
32,89,"(49, 7)",1,-0.08
32,90,"(50, 7)",1,-0.08
32,91,"(51, 7)",1,-0.08
32,92,"(52, 7)",1,-0.08
32,93,"(53, 7)",1,-0.08
32,94,"(54, 7)",1,-0.08
32,95,"(55, 7)",1,-0.08
32,96,"(56, 7)",1,-0.08
32,97,"(57, 7)",1,-0.08
32,98,"(58, 7)",1,-0.08
32,99,"(59, 7)",1,-0.08
32,100,"(60, 7)",1,-0.08
32,101,"(61, 7)",1,-0.08
32,102,"(62, 7)",1,-0.08
32,103,"(63, 7)",1,-0.08
32,104,"(64, 7)",1,-0.08
32,105,"(65, 7)",1,-0.08
32,106,"(66, 7)",1,-0.08
32,107,"(67, 7)",1,-0.08
32,108,"(68, 7)",1,-0.08
32,109,"(69, 7)",0,-0.08
32,110,"(69, 6)",1,-0.08
32,111,"(70, 6)",1,-0.08
32,112,"(71, 6)",1,-0.08
32,113,"(72, 6)",0,-0.08
32,114,"(72, 5)",1,-0.08
32,115,"(73, 5)",1,-0.08
32,116,"(74, 5)",0,-0.08
32,117,"(74, 4)",1,-0.08
32,118,"(75, 4)",0,-0.08
32,119,"(75, 3)",1,-0.08
32,120,"(76, 3)",0,-0.08
32,121,"(76, 2)",1,-0.08
32,122,"(77, 2)",0,-0.08
32,123,"(77, 1)",0,-0.08
32,124,"(77, 0)",1,-0.08
32,125,"(78, 0)",1,8.33
33,0,"(0, 39)",0,-0.08
33,1,"(0, 38)",1,-0.08
33,2,"(1, 38)",0,-0.08
33,3,"(1, 37)",0,-8.33
33,4,"(1, 37)",3,-0.08
33,5,"(0, 37)",0,-0.08
33,6,"(0, 36)",0,-0.08
33,7,"(0, 35)",1,-0.08
33,8,"(1, 35)",0,-0.08
33,9,"(1, 34)",0,-0.08
33,10,"(1, 33)",1,-0.08
33,11,"(2, 33)",1,-0.08
33,12,"(3, 33)",0,-0.08
33,13,"(3, 32)",0,-0.08
33,14,"(3, 31)",0,-8.33
33,15,"(3, 31)",2,-0.08
33,16,"(3, 32)",2,-0.08
33,17,"(3, 33)",1,-0.08
33,18,"(4, 33)",1,-0.08
33,19,"(5, 33)",1,-0.08
33,20,"(6, 33)",1,-0.08
33,21,"(7, 33)",0,-0.08
33,22,"(7, 32)",1,-0.08
33,23,"(8, 32)",1,-0.08
33,24,"(9, 32)",0,-0.08
33,25,"(9, 31)",0,-0.08
33,26,"(9, 30)",1,-0.08
33,27,"(10, 30)",0,-0.08
33,28,"(10, 29)",0,-0.08
33,29,"(10, 28)",0,-0.08
33,30,"(10, 27)",1,-0.08
33,31,"(11, 27)",1,-0.08
33,32,"(12, 27)",0,-0.08
33,33,"(12, 26)",0,-0.08
33,34,"(12, 25)",1,-0.08
33,35,"(13, 25)",1,-0.08
33,36,"(14, 25)",0,-0.08
33,37,"(14, 24)",0,-0.08
33,38,"(14, 23)",1,-0.08
33,39,"(15, 23)",1,-0.08
33,40,"(16, 23)",1,-0.08
33,41,"(17, 23)",1,-0.08
33,42,"(18, 23)",0,-0.08
33,43,"(18, 22)",1,-0.08
33,44,"(19, 22)",0,-0.08
33,45,"(19, 21)",0,-0.08
33,46,"(19, 20)",1,-0.08
33,47,"(20, 20)",1,-0.08
33,48,"(21, 20)",0,-0.08
33,49,"(21, 19)",1,-0.08
33,50,"(22, 19)",1,-0.08
33,51,"(23, 19)",0,-0.08
33,52,"(23, 18)",0,-0.08
33,53,"(23, 17)",0,-0.08
33,54,"(23, 16)",0,-0.08
33,55,"(23, 15)",1,-0.08
33,56,"(24, 15)",1,-0.08
33,57,"(25, 15)",1,-0.08
33,58,"(26, 15)",1,-0.08
33,59,"(27, 15)",0,-0.08
33,60,"(27, 14)",0,-0.08
33,61,"(27, 13)",1,-0.08
33,62,"(28, 13)",1,-0.08
33,63,"(29, 13)",1,-0.08
33,64,"(30, 13)",1,-0.08
33,65,"(31, 13)",1,-0.08
33,66,"(32, 13)",1,-0.08
33,67,"(33, 13)",1,-0.08
33,68,"(34, 13)",1,-0.08
33,69,"(35, 13)",1,-0.08
33,70,"(36, 13)",0,-0.08
33,71,"(36, 12)",1,-0.08
33,72,"(37, 12)",1,-0.08
33,73,"(38, 12)",1,-0.08
33,74,"(39, 12)",0,-0.08
33,75,"(39, 11)",1,-0.08
33,76,"(40, 11)",1,-0.08
33,77,"(41, 11)",1,-0.08
33,78,"(42, 11)",1,-0.08
33,79,"(43, 11)",1,-0.08
33,80,"(44, 11)",1,-0.08
33,81,"(45, 11)",0,-0.08
33,82,"(45, 10)",1,-0.08
33,83,"(46, 10)",1,-0.08
33,84,"(47, 10)",1,-0.08
33,85,"(48, 10)",1,-0.08
33,86,"(49, 10)",0,-0.08
33,87,"(49, 9)",1,-0.08
33,88,"(50, 9)",1,-0.08
33,89,"(51, 9)",1,-0.08
33,90,"(52, 9)",1,-0.08
33,91,"(53, 9)",1,-0.08
33,92,"(54, 9)",1,-0.08
33,93,"(55, 9)",1,-0.08
33,94,"(56, 9)",1,-0.08
33,95,"(57, 9)",0,-0.08
33,96,"(57, 8)",0,-0.08
33,97,"(57, 7)",1,-0.08
33,98,"(58, 7)",1,-0.08
33,99,"(59, 7)",1,-0.08
33,100,"(60, 7)",1,-0.08
33,101,"(61, 7)",1,-0.08
33,102,"(62, 7)",1,-0.08
33,103,"(63, 7)",1,-0.08
33,104,"(64, 7)",1,-0.08
33,105,"(65, 7)",1,-0.08
33,106,"(66, 7)",1,-0.08
33,107,"(67, 7)",1,-0.08
33,108,"(68, 7)",1,-0.08
33,109,"(69, 7)",0,-0.08
33,110,"(69, 6)",1,-0.08
33,111,"(70, 6)",1,-0.08
33,112,"(71, 6)",0,-0.08
33,113,"(71, 5)",1,-0.08
33,114,"(72, 5)",1,-0.08
33,115,"(73, 5)",1,-0.08
33,116,"(74, 5)",0,-0.08
33,117,"(74, 4)",0,-0.08
33,118,"(74, 3)",1,-0.08
33,119,"(75, 3)",1,-0.08
33,120,"(76, 3)",1,-0.08
33,121,"(77, 3)",0,-0.08
33,122,"(77, 2)",0,-0.08
33,123,"(77, 1)",1,-0.08
33,124,"(78, 1)",1,-0.08
33,125,"(79, 1)",0,8.33
34,0,"(0, 39)",1,-0.08
34,1,"(1, 39)",0,-0.08
34,2,"(1, 38)",0,-0.08
34,3,"(1, 37)",1,-8.33
34,4,"(1, 37)",0,-8.33
34,5,"(1, 37)",3,-0.08
34,6,"(0, 37)",0,-0.08
34,7,"(0, 36)",0,-0.08
34,8,"(0, 35)",1,-0.08
34,9,"(1, 35)",0,-0.08
34,10,"(1, 34)",1,-0.08
34,11,"(2, 34)",0,-0.08
34,12,"(2, 33)",1,-0.08
34,13,"(3, 33)",0,-0.08
34,14,"(3, 32)",0,-0.08
34,15,"(3, 31)",0,-8.33
34,16,"(3, 31)",2,-0.08
34,17,"(3, 32)",2,-0.08
34,18,"(3, 33)",1,-0.08
34,19,"(4, 33)",1,-0.08
34,20,"(5, 33)",1,-0.08
34,21,"(6, 33)",1,-0.08
34,22,"(7, 33)",0,-0.08
34,23,"(7, 32)",1,-0.08
34,24,"(8, 32)",0,-0.08
34,25,"(8, 31)",1,-0.08
34,26,"(9, 31)",0,-0.08
34,27,"(9, 30)",0,-0.08
34,28,"(9, 29)",1,-0.08
34,29,"(10, 29)",0,-0.08
34,30,"(10, 28)",0,-0.08
34,31,"(10, 27)",1,-0.08
34,32,"(11, 27)",1,-0.08
34,33,"(12, 27)",1,-0.08
34,34,"(13, 27)",0,-0.08
34,35,"(13, 26)",0,-0.08
34,36,"(13, 25)",1,-0.08
34,37,"(14, 25)",1,-0.08
34,38,"(15, 25)",1,-0.08
34,39,"(16, 25)",1,-0.08
34,40,"(17, 25)",0,-0.08
34,41,"(17, 24)",0,-0.08
34,42,"(17, 23)",0,-0.08
34,43,"(17, 22)",1,-0.08
34,44,"(18, 22)",1,-0.08
34,45,"(19, 22)",0,-0.08
34,46,"(19, 21)",0,-0.08
34,47,"(19, 20)",0,-0.08
34,48,"(19, 19)",1,-0.08
34,49,"(20, 19)",1,-0.08
34,50,"(21, 19)",1,-0.08
34,51,"(22, 19)",1,-0.08
34,52,"(23, 19)",0,-0.08
34,53,"(23, 18)",0,-0.08
34,54,"(23, 17)",0,-0.08
34,55,"(23, 16)",0,-0.08
34,56,"(23, 15)",1,-0.08
34,57,"(24, 15)",1,-0.08
34,58,"(25, 15)",1,-0.08
34,59,"(26, 15)",1,-0.08
34,60,"(27, 15)",1,-0.08
34,61,"(28, 15)",1,-0.08
34,62,"(29, 15)",0,-0.08
34,63,"(29, 14)",0,-0.08
34,64,"(29, 13)",1,-0.08
34,65,"(30, 13)",1,-0.08
34,66,"(31, 13)",1,-0.08
34,67,"(32, 13)",1,-0.08
34,68,"(33, 13)",1,-0.08
34,69,"(34, 13)",1,-0.08
34,70,"(35, 13)",0,-0.08
34,71,"(35, 12)",1,-0.08
34,72,"(36, 12)",1,-0.08
34,73,"(37, 12)",1,-0.08
34,74,"(38, 12)",1,-0.08
34,75,"(39, 12)",0,-0.08
34,76,"(39, 11)",1,-0.08
34,77,"(40, 11)",1,-0.08
34,78,"(41, 11)",1,-0.08
34,79,"(42, 11)",1,-0.08
34,80,"(43, 11)",1,-0.08
34,81,"(44, 11)",1,-0.08
34,82,"(45, 11)",0,-0.08
34,83,"(45, 10)",1,-0.08
34,84,"(46, 10)",0,-0.08
34,85,"(46, 9)",0,-0.08
34,86,"(46, 8)",0,-0.08
34,87,"(46, 7)",1,-0.08
34,88,"(47, 7)",1,-0.08
34,89,"(48, 7)",1,-0.08
34,90,"(49, 7)",1,-0.08
34,91,"(50, 7)",1,-0.08
34,92,"(51, 7)",1,-0.08
34,93,"(52, 7)",1,-0.08
34,94,"(53, 7)",1,-0.08
34,95,"(54, 7)",1,-0.08
34,96,"(55, 7)",1,-0.08
34,97,"(56, 7)",1,-0.08
34,98,"(57, 7)",1,-0.08
34,99,"(58, 7)",1,-0.08
34,100,"(59, 7)",1,-0.08
34,101,"(60, 7)",1,-0.08
34,102,"(61, 7)",1,-0.08
34,103,"(62, 7)",1,-0.08
34,104,"(63, 7)",1,-0.08
34,105,"(64, 7)",1,-0.08
34,106,"(65, 7)",1,-0.08
34,107,"(66, 7)",1,-0.08
34,108,"(67, 7)",1,-0.08
34,109,"(68, 7)",1,-0.08
34,110,"(69, 7)",0,-0.08
34,111,"(69, 6)",1,-0.08
34,112,"(70, 6)",1,-0.08
34,113,"(71, 6)",0,-0.08
34,114,"(71, 5)",1,-0.08
34,115,"(72, 5)",1,-0.08
34,116,"(73, 5)",1,-0.08
34,117,"(74, 5)",1,-0.08
34,118,"(75, 5)",0,-0.08
34,119,"(75, 4)",0,-0.08
34,120,"(75, 3)",1,-0.08
34,121,"(76, 3)",1,-0.08
34,122,"(77, 3)",0,-0.08
34,123,"(77, 2)",0,-0.08
34,124,"(77, 1)",0,-0.08
34,125,"(77, 0)",1,-0.08
34,126,"(78, 0)",1,8.33
35,0,"(0, 39)",0,-0.08
35,1,"(0, 38)",0,-0.08
35,2,"(0, 37)",0,-0.08
35,3,"(0, 36)",1,-8.33
35,4,"(0, 36)",0,-0.08
35,5,"(0, 35)",0,-0.08
35,6,"(0, 34)",0,-0.08
35,7,"(0, 33)",1,-0.08
35,8,"(1, 33)",1,-0.08
35,9,"(2, 33)",1,-0.08
35,10,"(3, 33)",1,-0.08
35,11,"(4, 33)",1,-0.08
35,12,"(5, 33)",0,-0.08
35,13,"(5, 32)",0,-0.08
35,14,"(5, 31)",0,-0.08
35,15,"(5, 30)",0,-0.08
35,16,"(5, 29)",1,-0.08
35,17,"(6, 29)",1,-0.08
35,18,"(7, 29)",0,-0.08
35,19,"(7, 28)",1,-0.08
35,20,"(8, 28)",0,-0.08
35,21,"(8, 27)",1,-0.08
35,22,"(9, 27)",1,-0.08
35,23,"(10, 27)",0,-8.33
35,24,"(10, 27)",1,-0.08
35,25,"(11, 27)",1,-0.08
35,26,"(12, 27)",0,-0.08
35,27,"(12, 26)",0,-0.08
35,28,"(12, 25)",0,-0.08
35,29,"(12, 24)",1,-0.08
35,30,"(13, 24)",0,-0.08
35,31,"(13, 23)",1,-0.08
35,32,"(14, 23)",1,-0.08
35,33,"(15, 23)",1,-0.08
35,34,"(16, 23)",1,-0.08
35,35,"(17, 23)",0,-0.08
35,36,"(17, 22)",1,-0.08
35,37,"(18, 22)",1,-0.08
35,38,"(19, 22)",1,-0.08
35,39,"(20, 22)",0,-0.08
35,40,"(20, 21)",1,-0.08
35,41,"(21, 21)",0,-0.08
35,42,"(21, 20)",1,-0.08
35,43,"(22, 20)",0,-0.08
35,44,"(22, 19)",1,-0.08
35,45,"(23, 19)",0,-0.08
35,46,"(23, 18)",0,-0.08
35,47,"(23, 17)",0,-0.08
35,48,"(23, 16)",0,-0.08
35,49,"(23, 15)",1,-0.08
35,50,"(24, 15)",1,-0.08
35,51,"(25, 15)",1,-0.08
35,52,"(26, 15)",1,-0.08
35,53,"(27, 15)",0,-0.08
35,54,"(27, 14)",0,-0.08
35,55,"(27, 13)",1,-0.08
35,56,"(28, 13)",1,-0.08
35,57,"(29, 13)",1,-0.08
35,58,"(30, 13)",1,-0.08
35,59,"(31, 13)",1,-0.08
35,60,"(32, 13)",1,-0.08
35,61,"(33, 13)",1,-0.08
35,62,"(34, 13)",1,-0.08
35,63,"(35, 13)",0,-0.08
35,64,"(35, 12)",1,-0.08
35,65,"(36, 12)",1,-0.08
35,66,"(37, 12)",1,-0.08
35,67,"(38, 12)",1,-0.08
35,68,"(39, 12)",0,-0.08
35,69,"(39, 11)",1,-0.08
35,70,"(40, 11)",1,-0.08
35,71,"(41, 11)",1,-0.08
35,72,"(42, 11)",1,-0.08
35,73,"(43, 11)",1,-0.08
35,74,"(44, 11)",1,-0.08
35,75,"(45, 11)",0,-0.08
35,76,"(45, 10)",1,-0.08
35,77,"(46, 10)",0,-0.08
35,78,"(46, 9)",0,-0.08
35,79,"(46, 8)",0,-0.08
35,80,"(46, 7)",1,-0.08
35,81,"(47, 7)",1,-0.08
35,82,"(48, 7)",1,-0.08
35,83,"(49, 7)",1,-0.08
35,84,"(50, 7)",1,-0.08
35,85,"(51, 7)",1,-0.08
35,86,"(52, 7)",1,-0.08
35,87,"(53, 7)",1,-0.08
35,88,"(54, 7)",1,-0.08
35,89,"(55, 7)",1,-0.08
35,90,"(56, 7)",1,-0.08
35,91,"(57, 7)",1,-0.08
35,92,"(58, 7)",1,-0.08
35,93,"(59, 7)",1,-0.08
35,94,"(60, 7)",1,-0.08
35,95,"(61, 7)",1,-0.08
35,96,"(62, 7)",1,-0.08
35,97,"(63, 7)",1,-0.08
35,98,"(64, 7)",1,-0.08
35,99,"(65, 7)",1,-0.08
35,100,"(66, 7)",1,-0.08
35,101,"(67, 7)",1,-0.08
35,102,"(68, 7)",1,-0.08
35,103,"(69, 7)",0,-0.08
35,104,"(69, 6)",1,-0.08
35,105,"(70, 6)",1,-0.08
35,106,"(71, 6)",1,-0.08
35,107,"(72, 6)",0,-0.08
35,108,"(72, 5)",1,-0.08
35,109,"(73, 5)",1,-0.08
35,110,"(74, 5)",0,-0.08
35,111,"(74, 4)",0,-0.08
35,112,"(74, 3)",1,-0.08
35,113,"(75, 3)",1,-0.08
35,114,"(76, 3)",1,-0.08
35,115,"(77, 3)",0,-0.08
35,116,"(77, 2)",0,-0.08
35,117,"(77, 1)",0,-0.08
35,118,"(77, 0)",1,-0.08
35,119,"(78, 0)",1,8.33
36,0,"(0, 39)",1,-0.08
36,1,"(1, 39)",0,-0.08
36,2,"(1, 38)",1,-8.33
36,3,"(1, 38)",0,-0.08
36,4,"(1, 37)",0,-8.33
36,5,"(1, 37)",3,-0.08
36,6,"(0, 37)",0,-0.08
36,7,"(0, 36)",0,-0.08
36,8,"(0, 35)",1,-0.08
36,9,"(1, 35)",0,-0.08
36,10,"(1, 34)",1,-0.08
36,11,"(2, 34)",0,-0.08
36,12,"(2, 33)",1,-0.08
36,13,"(3, 33)",1,-0.08
36,14,"(4, 33)",1,-0.08
36,15,"(5, 33)",1,-0.08
36,16,"(6, 33)",1,-0.08
36,17,"(7, 33)",0,-0.08
36,18,"(7, 32)",1,-0.08
36,19,"(8, 32)",0,-0.08
36,20,"(8, 31)",1,-0.08
36,21,"(9, 31)",0,-0.08
36,22,"(9, 30)",1,-0.08
36,23,"(10, 30)",0,-0.08
36,24,"(10, 29)",0,-0.08
36,25,"(10, 28)",0,-0.08
36,26,"(10, 27)",0,-8.33
36,27,"(10, 27)",1,-0.08
36,28,"(11, 27)",1,-0.08
36,29,"(12, 27)",1,-0.08
36,30,"(13, 27)",1,-0.08
36,31,"(14, 27)",1,-0.08
36,32,"(15, 27)",1,-0.08
36,33,"(16, 27)",1,-0.08
36,34,"(17, 27)",1,-0.08
36,35,"(18, 27)",1,-0.08
36,36,"(19, 27)",0,-0.08
36,37,"(19, 26)",0,-0.08
36,38,"(19, 25)",0,-0.08
36,39,"(19, 24)",1,-0.08
36,40,"(20, 24)",0,-0.08
36,41,"(20, 23)",0,-0.08
36,42,"(20, 22)",0,-0.08
36,43,"(20, 21)",1,-0.08
36,44,"(21, 21)",1,-0.08
36,45,"(22, 21)",0,-0.08
36,46,"(22, 20)",1,-0.08
36,47,"(23, 20)",0,-0.08
36,48,"(23, 19)",0,-0.08
36,49,"(23, 18)",0,-0.08
36,50,"(23, 17)",0,-0.08
36,51,"(23, 16)",0,-0.08
36,52,"(23, 15)",1,-0.08
36,53,"(24, 15)",1,-0.08
36,54,"(25, 15)",1,-0.08
36,55,"(26, 15)",1,-0.08
36,56,"(27, 15)",1,-0.08
36,57,"(28, 15)",1,-0.08
36,58,"(29, 15)",0,-0.08
36,59,"(29, 14)",0,-0.08
36,60,"(29, 13)",1,-0.08
36,61,"(30, 13)",1,-0.08
36,62,"(31, 13)",1,-0.08
36,63,"(32, 13)",1,-0.08
36,64,"(33, 13)",1,-0.08
36,65,"(34, 13)",1,-0.08
36,66,"(35, 13)",1,-0.08
36,67,"(36, 13)",1,-0.08
36,68,"(37, 13)",1,-0.08
36,69,"(38, 13)",1,-0.08
36,70,"(39, 13)",1,-0.08
36,71,"(40, 13)",1,-0.08
36,72,"(41, 13)",1,-0.08
36,73,"(42, 13)",1,-0.08
36,74,"(43, 13)",1,-0.08
36,75,"(44, 13)",1,-0.08
36,76,"(45, 13)",1,-0.08
36,77,"(46, 13)",1,-0.08
36,78,"(47, 13)",0,-0.08
36,79,"(47, 12)",0,-0.08
36,80,"(47, 11)",0,-0.08
36,81,"(47, 10)",1,-0.08
36,82,"(48, 10)",1,-0.08
36,83,"(49, 10)",1,-0.08
36,84,"(50, 10)",0,-0.08
36,85,"(50, 9)",0,-0.08
36,86,"(50, 8)",0,-0.08
36,87,"(50, 7)",1,-0.08
36,88,"(51, 7)",1,-0.08
36,89,"(52, 7)",1,-0.08
36,90,"(53, 7)",1,-0.08
36,91,"(54, 7)",1,-0.08
36,92,"(55, 7)",1,-0.08
36,93,"(56, 7)",1,-0.08
36,94,"(57, 7)",1,-0.08
36,95,"(58, 7)",1,-0.08
36,96,"(59, 7)",1,-0.08
36,97,"(60, 7)",1,-0.08
36,98,"(61, 7)",1,-0.08
36,99,"(62, 7)",1,-0.08
36,100,"(63, 7)",1,-0.08
36,101,"(64, 7)",1,-0.08
36,102,"(65, 7)",1,-0.08
36,103,"(66, 7)",1,-0.08
36,104,"(67, 7)",1,-0.08
36,105,"(68, 7)",1,-0.08
36,106,"(69, 7)",0,-0.08
36,107,"(69, 6)",1,-0.08
36,108,"(70, 6)",1,-0.08
36,109,"(71, 6)",1,-0.08
36,110,"(72, 6)",1,-0.08
36,111,"(73, 6)",0,-0.08
36,112,"(73, 5)",1,-0.08
36,113,"(74, 5)",0,-0.08
36,114,"(74, 4)",0,-0.08
36,115,"(74, 3)",1,-0.08
36,116,"(75, 3)",1,-0.08
36,117,"(76, 3)",0,-0.08
36,118,"(76, 2)",0,-0.08
36,119,"(76, 1)",1,-0.08
36,120,"(77, 1)",0,-0.08
36,121,"(77, 0)",1,-0.08
36,122,"(78, 0)",1,8.33
37,0,"(0, 39)",1,-0.08
37,1,"(1, 39)",1,-0.08
37,2,"(2, 39)",0,-8.33
37,3,"(2, 39)",1,-0.08
37,4,"(3, 39)",1,-0.08
37,5,"(4, 39)",1,-0.08
37,6,"(5, 39)",1,-0.08
37,7,"(6, 39)",0,-8.33
37,8,"(6, 39)",1,-0.08
37,9,"(7, 39)",0,-0.08
37,10,"(7, 38)",0,-0.08
37,11,"(7, 37)",0,-0.08
37,12,"(7, 36)",1,-0.08
37,13,"(8, 36)",0,-0.08
37,14,"(8, 35)",1,-0.08
37,15,"(9, 35)",0,-8.33
37,16,"(9, 35)",2,-0.08
37,17,"(9, 36)",1,-0.08
37,18,"(10, 36)",2,-0.08
37,19,"(10, 37)",1,-0.08
37,20,"(11, 37)",1,-0.08
37,21,"(12, 37)",1,-0.08
37,22,"(13, 37)",1,-0.08
37,23,"(14, 37)",1,-0.08
37,24,"(15, 37)",0,-0.08
37,25,"(15, 36)",0,-0.08
37,26,"(15, 35)",0,-0.08
37,27,"(15, 34)",0,-0.08
37,28,"(15, 33)",1,-0.08
37,29,"(16, 33)",1,-0.08
37,30,"(17, 33)",1,-0.08
37,31,"(18, 33)",1,-0.08
37,32,"(19, 33)",0,-0.08
37,33,"(19, 32)",0,-0.08
37,34,"(19, 31)",0,-0.08
37,35,"(19, 30)",0,-0.08
37,36,"(19, 29)",1,-0.08
37,37,"(20, 29)",1,-0.08
37,38,"(21, 29)",0,-0.08
37,39,"(21, 28)",0,-0.08
37,40,"(21, 27)",0,-0.08
37,41,"(21, 26)",0,-0.08
37,42,"(21, 25)",1,-0.08
37,43,"(22, 25)",0,-0.08
37,44,"(22, 24)",0,-0.08
37,45,"(22, 23)",1,-0.08
37,46,"(23, 23)",1,-0.08
37,47,"(24, 23)",0,-0.08
37,48,"(24, 22)",0,-0.08
37,49,"(24, 21)",1,-0.08
37,50,"(25, 21)",0,-0.08
37,51,"(25, 20)",0,-0.08
37,52,"(25, 19)",0,-0.08
37,53,"(25, 18)",0,-0.08
37,54,"(25, 17)",1,-0.08
37,55,"(26, 17)",1,-0.08
37,56,"(27, 17)",0,-0.08
37,57,"(27, 16)",0,-0.08
37,58,"(27, 15)",1,-0.08
37,59,"(28, 15)",1,-0.08
37,60,"(29, 15)",1,-0.08
37,61,"(30, 15)",1,-0.08
37,62,"(31, 15)",1,-0.08
37,63,"(32, 15)",0,-0.08
37,64,"(32, 14)",0,-0.08
37,65,"(32, 13)",1,-0.08
37,66,"(33, 13)",1,-0.08
37,67,"(34, 13)",1,-0.08
37,68,"(35, 13)",0,-0.08
37,69,"(35, 12)",1,-0.08
37,70,"(36, 12)",1,-0.08
37,71,"(37, 12)",1,-0.08
37,72,"(38, 12)",1,-0.08
37,73,"(39, 12)",0,-0.08
37,74,"(39, 11)",1,-0.08
37,75,"(40, 11)",1,-0.08
37,76,"(41, 11)",1,-0.08
37,77,"(42, 11)",1,-0.08
37,78,"(43, 11)",1,-0.08
37,79,"(44, 11)",1,-0.08
37,80,"(45, 11)",0,-0.08
37,81,"(45, 10)",0,-0.08
37,82,"(45, 9)",1,-0.08
37,83,"(46, 9)",0,-0.08
37,84,"(46, 8)",0,-0.08
37,85,"(46, 7)",1,-0.08
37,86,"(47, 7)",1,-0.08
37,87,"(48, 7)",1,-0.08
37,88,"(49, 7)",1,-0.08
37,89,"(50, 7)",1,-0.08
37,90,"(51, 7)",1,-0.08
37,91,"(52, 7)",1,-0.08
37,92,"(53, 7)",1,-0.08
37,93,"(54, 7)",1,-0.08
37,94,"(55, 7)",1,-0.08
37,95,"(56, 7)",1,-0.08
37,96,"(57, 7)",1,-0.08
37,97,"(58, 7)",1,-0.08
37,98,"(59, 7)",1,-0.08
37,99,"(60, 7)",1,-0.08
37,100,"(61, 7)",1,-0.08
37,101,"(62, 7)",1,-0.08
37,102,"(63, 7)",1,-0.08
37,103,"(64, 7)",1,-0.08
37,104,"(65, 7)",1,-0.08
37,105,"(66, 7)",1,-0.08
37,106,"(67, 7)",1,-0.08
37,107,"(68, 7)",1,-0.08
37,108,"(69, 7)",0,-0.08
37,109,"(69, 6)",1,-0.08
37,110,"(70, 6)",1,-0.08
37,111,"(71, 6)",0,-0.08
37,112,"(71, 5)",1,-0.08
37,113,"(72, 5)",1,-0.08
37,114,"(73, 5)",1,-0.08
37,115,"(74, 5)",1,-0.08
37,116,"(75, 5)",1,-0.08
37,117,"(76, 5)",0,-8.33
37,118,"(76, 5)",1,-0.08
37,119,"(77, 5)",0,-0.08
37,120,"(77, 4)",0,-0.08
37,121,"(77, 3)",0,-0.08
37,122,"(77, 2)",0,-0.08
37,123,"(77, 1)",0,-0.08
37,124,"(77, 0)",1,-0.08
37,125,"(78, 0)",1,8.33
38,0,"(0, 39)",0,-0.08
38,1,"(0, 38)",0,-0.08
38,2,"(0, 37)",0,-0.08
38,3,"(0, 36)",0,-0.08
38,4,"(0, 35)",0,-0.08
38,5,"(0, 34)",0,-0.08
38,6,"(0, 33)",1,-0.08
38,7,"(1, 33)",0,-0.08
38,8,"(1, 32)",0,-0.08
38,9,"(1, 31)",1,-0.08
38,10,"(2, 31)",0,-8.33
38,11,"(2, 31)",1,-0.08
38,12,"(3, 31)",0,-8.33
38,13,"(3, 31)",2,-0.08
38,14,"(3, 32)",2,-0.08
38,15,"(3, 33)",1,-0.08
38,16,"(4, 33)",1,-0.08
38,17,"(5, 33)",1,-0.08
38,18,"(6, 33)",1,-0.08
38,19,"(7, 33)",0,-0.08
38,20,"(7, 32)",0,-0.08
38,21,"(7, 31)",1,-0.08
38,22,"(8, 31)",0,-0.08
38,23,"(8, 30)",0,-0.08
38,24,"(8, 29)",0,-0.08
38,25,"(8, 28)",0,-0.08
38,26,"(8, 27)",1,-0.08
38,27,"(9, 27)",1,-0.08
38,28,"(10, 27)",1,-0.08
38,29,"(11, 27)",1,-0.08
38,30,"(12, 27)",0,-0.08
38,31,"(12, 26)",0,-0.08
38,32,"(12, 25)",1,-0.08
38,33,"(13, 25)",1,-0.08
38,34,"(14, 25)",0,-0.08
38,35,"(14, 24)",0,-0.08
38,36,"(14, 23)",1,-0.08
38,37,"(15, 23)",1,-0.08
38,38,"(16, 23)",0,-0.08
38,39,"(16, 22)",1,-0.08
38,40,"(17, 22)",1,-0.08
38,41,"(18, 22)",1,-0.08
38,42,"(19, 22)",1,-0.08
38,43,"(20, 22)",0,-0.08
38,44,"(20, 21)",1,-0.08
38,45,"(21, 21)",0,-0.08
38,46,"(21, 20)",0,-0.08
38,47,"(21, 19)",1,-0.08
38,48,"(22, 19)",1,-0.08
38,49,"(23, 19)",0,-0.08
38,50,"(23, 18)",0,-0.08
38,51,"(23, 17)",0,-0.08
38,52,"(23, 16)",0,-0.08
38,53,"(23, 15)",1,-0.08
38,54,"(24, 15)",1,-0.08
38,55,"(25, 15)",1,-0.08
38,56,"(26, 15)",1,-0.08
38,57,"(27, 15)",0,-0.08
38,58,"(27, 14)",0,-0.08
38,59,"(27, 13)",1,-0.08
38,60,"(28, 13)",1,-0.08
38,61,"(29, 13)",1,-0.08
38,62,"(30, 13)",1,-0.08
38,63,"(31, 13)",1,-0.08
38,64,"(32, 13)",1,-0.08
38,65,"(33, 13)",1,-0.08
38,66,"(34, 13)",1,-0.08
38,67,"(35, 13)",1,-0.08
38,68,"(36, 13)",0,-0.08
38,69,"(36, 12)",1,-0.08
38,70,"(37, 12)",1,-0.08
38,71,"(38, 12)",1,-0.08
38,72,"(39, 12)",0,-0.08
38,73,"(39, 11)",1,-0.08
38,74,"(40, 11)",1,-0.08
38,75,"(41, 11)",1,-0.08
38,76,"(42, 11)",1,-0.08
38,77,"(43, 11)",1,-0.08
38,78,"(44, 11)",1,-0.08
38,79,"(45, 11)",0,-0.08
38,80,"(45, 10)",1,-0.08
38,81,"(46, 10)",1,-0.08
38,82,"(47, 10)",1,-0.08
38,83,"(48, 10)",1,-0.08
38,84,"(49, 10)",1,-0.08
38,85,"(50, 10)",0,-0.08
38,86,"(50, 9)",1,-0.08
38,87,"(51, 9)",1,-0.08
38,88,"(52, 9)",1,-0.08
38,89,"(53, 9)",1,-0.08
38,90,"(54, 9)",1,-0.08
38,91,"(55, 9)",1,-0.08
38,92,"(56, 9)",1,-0.08
38,93,"(57, 9)",0,-0.08
38,94,"(57, 8)",0,-0.08
38,95,"(57, 7)",1,-0.08
38,96,"(58, 7)",1,-0.08
38,97,"(59, 7)",1,-0.08
38,98,"(60, 7)",1,-0.08
38,99,"(61, 7)",1,-0.08
38,100,"(62, 7)",1,-0.08
38,101,"(63, 7)",1,-0.08
38,102,"(64, 7)",1,-0.08
38,103,"(65, 7)",1,-0.08
38,104,"(66, 7)",1,-0.08
38,105,"(67, 7)",1,-0.08
38,106,"(68, 7)",1,-0.08
38,107,"(69, 7)",1,-0.08
38,108,"(70, 7)",1,-0.08
38,109,"(71, 7)",1,-0.08
38,110,"(72, 7)",1,-0.08
38,111,"(73, 7)",0,-0.08
38,112,"(73, 6)",0,-0.08
38,113,"(73, 5)",1,-0.08
38,114,"(74, 5)",1,-0.08
38,115,"(75, 5)",0,-0.08
38,116,"(75, 4)",0,-0.08
38,117,"(75, 3)",1,-0.08
38,118,"(76, 3)",0,-0.08
38,119,"(76, 2)",1,-0.08
38,120,"(77, 2)",0,-0.08
38,121,"(77, 1)",0,-0.08
38,122,"(77, 0)",1,-0.08
38,123,"(78, 0)",1,8.33
39,0,"(0, 39)",0,-0.08
39,1,"(0, 38)",0,-0.08
39,2,"(0, 37)",1,-0.08
39,3,"(1, 37)",1,-8.33
39,4,"(1, 37)",0,-8.33
39,5,"(1, 37)",3,-0.08
39,6,"(0, 37)",0,-0.08
39,7,"(0, 36)",0,-0.08
39,8,"(0, 35)",1,-0.08
39,9,"(1, 35)",1,-0.08
39,10,"(2, 35)",0,-0.08
39,11,"(2, 34)",0,-0.08
39,12,"(2, 33)",1,-0.08
39,13,"(3, 33)",1,-0.08
39,14,"(4, 33)",1,-0.08
39,15,"(5, 33)",1,-0.08
39,16,"(6, 33)",1,-0.08
39,17,"(7, 33)",1,-0.08
39,18,"(8, 33)",0,-0.08
39,19,"(8, 32)",1,-0.08
39,20,"(9, 32)",0,-0.08
39,21,"(9, 31)",0,-0.08
39,22,"(9, 30)",0,-0.08
39,23,"(9, 29)",1,-0.08
39,24,"(10, 29)",0,-0.08
39,25,"(10, 28)",0,-0.08
39,26,"(10, 27)",1,-0.08
39,27,"(11, 27)",1,-0.08
39,28,"(12, 27)",1,-0.08
39,29,"(13, 27)",1,-0.08
39,30,"(14, 27)",1,-0.08
39,31,"(15, 27)",0,-0.08
39,32,"(15, 26)",0,-0.08
39,33,"(15, 25)",1,-0.08
39,34,"(16, 25)",1,-0.08
39,35,"(17, 25)",0,-0.08
39,36,"(17, 24)",0,-0.08
39,37,"(17, 23)",1,-0.08
39,38,"(18, 23)",1,-0.08
39,39,"(19, 23)",1,-0.08
39,40,"(20, 23)",0,-0.08
39,41,"(20, 22)",0,-0.08
39,42,"(20, 21)",0,-0.08
39,43,"(20, 20)",0,-0.08
39,44,"(20, 19)",1,-0.08
39,45,"(21, 19)",0,-0.08
39,46,"(21, 18)",1,-8.33
39,47,"(21, 18)",2,-0.08
39,48,"(21, 19)",1,-0.08
39,49,"(22, 19)",1,-0.08
39,50,"(23, 19)",0,-0.08
39,51,"(23, 18)",0,-0.08
39,52,"(23, 17)",1,-0.08
39,53,"(24, 17)",1,-0.08
39,54,"(25, 17)",1,-0.08
39,55,"(26, 17)",1,-0.08
39,56,"(27, 17)",0,-0.08
39,57,"(27, 16)",0,-0.08
39,58,"(27, 15)",0,-0.08
39,59,"(27, 14)",0,-0.08
39,60,"(27, 13)",1,-0.08
39,61,"(28, 13)",1,-0.08
39,62,"(29, 13)",1,-0.08
39,63,"(30, 13)",1,-0.08
39,64,"(31, 13)",1,-0.08
39,65,"(32, 13)",1,-0.08
39,66,"(33, 13)",1,-0.08
39,67,"(34, 13)",1,-0.08
39,68,"(35, 13)",1,-0.08
39,69,"(36, 13)",0,-0.08
39,70,"(36, 12)",1,-0.08
39,71,"(37, 12)",1,-0.08
39,72,"(38, 12)",1,-0.08
39,73,"(39, 12)",0,-0.08
39,74,"(39, 11)",1,-0.08
39,75,"(40, 11)",1,-0.08
39,76,"(41, 11)",1,-0.08
39,77,"(42, 11)",1,-0.08
39,78,"(43, 11)",1,-0.08
39,79,"(44, 11)",1,-0.08
39,80,"(45, 11)",0,-0.08
39,81,"(45, 10)",0,-0.08
39,82,"(45, 9)",1,-0.08
39,83,"(46, 9)",0,-0.08
39,84,"(46, 8)",0,-0.08
39,85,"(46, 7)",1,-0.08
39,86,"(47, 7)",1,-0.08
39,87,"(48, 7)",1,-0.08
39,88,"(49, 7)",1,-0.08
39,89,"(50, 7)",1,-0.08
39,90,"(51, 7)",1,-0.08
39,91,"(52, 7)",1,-0.08
39,92,"(53, 7)",1,-0.08
39,93,"(54, 7)",1,-0.08
39,94,"(55, 7)",1,-0.08
39,95,"(56, 7)",1,-0.08
39,96,"(57, 7)",1,-0.08
39,97,"(58, 7)",1,-0.08
39,98,"(59, 7)",1,-0.08
39,99,"(60, 7)",1,-0.08
39,100,"(61, 7)",1,-0.08
39,101,"(62, 7)",1,-0.08
39,102,"(63, 7)",1,-0.08
39,103,"(64, 7)",1,-0.08
39,104,"(65, 7)",1,-0.08
39,105,"(66, 7)",1,-0.08
39,106,"(67, 7)",1,-0.08
39,107,"(68, 7)",1,-0.08
39,108,"(69, 7)",0,-0.08
39,109,"(69, 6)",1,-0.08
39,110,"(70, 6)",1,-0.08
39,111,"(71, 6)",1,-0.08
39,112,"(72, 6)",0,-0.08
39,113,"(72, 5)",1,-0.08
39,114,"(73, 5)",1,-0.08
39,115,"(74, 5)",0,-0.08
39,116,"(74, 4)",1,-0.08
39,117,"(75, 4)",0,-0.08
39,118,"(75, 3)",1,-0.08
39,119,"(76, 3)",0,-0.08
39,120,"(76, 2)",0,-0.08
39,121,"(76, 1)",1,-0.08
39,122,"(77, 1)",0,-0.08
39,123,"(77, 0)",1,-0.08
39,124,"(78, 0)",1,8.33
40,0,"(0, 39)",1,-0.08
40,1,"(1, 39)",0,-0.08
40,2,"(1, 38)",0,-0.08
40,3,"(1, 37)",1,-8.33
40,4,"(1, 37)",0,-8.33
40,5,"(1, 37)",3,-0.08
40,6,"(0, 37)",0,-0.08
40,7,"(0, 36)",0,-0.08
40,8,"(0, 35)",1,-0.08
40,9,"(1, 35)",0,-0.08
40,10,"(1, 34)",1,-0.08
40,11,"(2, 34)",0,-0.08
40,12,"(2, 33)",0,-0.08
40,13,"(2, 32)",1,-0.08
40,14,"(3, 32)",0,-0.08
40,15,"(3, 31)",0,-8.33
40,16,"(3, 31)",0,-8.33
40,17,"(3, 31)",3,-0.08
40,18,"(2, 31)",3,-0.08
40,19,"(1, 31)",0,-0.08
40,20,"(1, 30)",0,-0.08
40,21,"(1, 29)",1,-0.08
40,22,"(2, 29)",1,-0.08
40,23,"(3, 29)",0,-0.08
40,24,"(3, 28)",0,-0.08
40,25,"(3, 27)",0,-0.08
40,26,"(3, 26)",0,-0.08
40,27,"(3, 25)",1,-0.08
40,28,"(4, 25)",1,-0.08
40,29,"(5, 25)",1,-0.08
40,30,"(6, 25)",1,-0.08
40,31,"(7, 25)",1,-0.08
40,32,"(8, 25)",1,-0.08
40,33,"(9, 25)",1,-0.08
40,34,"(10, 25)",0,-0.08
40,35,"(10, 24)",1,-0.08
40,36,"(11, 24)",1,-0.08
40,37,"(12, 24)",1,-0.08
40,38,"(13, 24)",0,-0.08
40,39,"(13, 23)",1,-0.08
40,40,"(14, 23)",1,-0.08
40,41,"(15, 23)",1,-0.08
40,42,"(16, 23)",0,-0.08
40,43,"(16, 22)",1,-0.08
40,44,"(17, 22)",1,-0.08
40,45,"(18, 22)",1,-0.08
40,46,"(19, 22)",0,-0.08
40,47,"(19, 21)",0,-0.08
40,48,"(19, 20)",0,-0.08
40,49,"(19, 19)",1,-0.08
40,50,"(20, 19)",1,-0.08
40,51,"(21, 19)",1,-0.08
40,52,"(22, 19)",1,-0.08
40,53,"(23, 19)",0,-0.08
40,54,"(23, 18)",0,-0.08
40,55,"(23, 17)",0,-0.08
40,56,"(23, 16)",0,-0.08
40,57,"(23, 15)",1,-0.08
40,58,"(24, 15)",1,-0.08
40,59,"(25, 15)",1,-0.08
40,60,"(26, 15)",1,-0.08
40,61,"(27, 15)",0,-0.08
40,62,"(27, 14)",0,-0.08
40,63,"(27, 13)",1,-0.08
40,64,"(28, 13)",1,-0.08
40,65,"(29, 13)",1,-0.08
40,66,"(30, 13)",1,-0.08
40,67,"(31, 13)",1,-0.08
40,68,"(32, 13)",1,-0.08
40,69,"(33, 13)",1,-0.08
40,70,"(34, 13)",1,-0.08
40,71,"(35, 13)",1,-0.08
40,72,"(36, 13)",1,-0.08
40,73,"(37, 13)",1,-0.08
40,74,"(38, 13)",0,-0.08
40,75,"(38, 12)",1,-0.08
40,76,"(39, 12)",0,-0.08
40,77,"(39, 11)",1,-0.08
40,78,"(40, 11)",1,-0.08
40,79,"(41, 11)",1,-0.08
40,80,"(42, 11)",1,-0.08
40,81,"(43, 11)",1,-0.08
40,82,"(44, 11)",1,-0.08
40,83,"(45, 11)",0,-0.08
40,84,"(45, 10)",0,-0.08
40,85,"(45, 9)",1,-0.08
40,86,"(46, 9)",0,-0.08
40,87,"(46, 8)",0,-0.08
40,88,"(46, 7)",1,-0.08
40,89,"(47, 7)",1,-0.08
40,90,"(48, 7)",1,-0.08
40,91,"(49, 7)",1,-0.08
40,92,"(50, 7)",1,-0.08
40,93,"(51, 7)",1,-0.08
40,94,"(52, 7)",1,-0.08
40,95,"(53, 7)",1,-0.08
40,96,"(54, 7)",1,-0.08
40,97,"(55, 7)",1,-0.08
40,98,"(56, 7)",1,-0.08
40,99,"(57, 7)",1,-0.08
40,100,"(58, 7)",1,-0.08
40,101,"(59, 7)",1,-0.08
40,102,"(60, 7)",1,-0.08
40,103,"(61, 7)",1,-0.08
40,104,"(62, 7)",1,-0.08
40,105,"(63, 7)",1,-0.08
40,106,"(64, 7)",1,-0.08
40,107,"(65, 7)",1,-0.08
40,108,"(66, 7)",1,-0.08
40,109,"(67, 7)",1,-0.08
40,110,"(68, 7)",1,-0.08
40,111,"(69, 7)",1,-0.08
40,112,"(70, 7)",1,-0.08
40,113,"(71, 7)",0,-0.08
40,114,"(71, 6)",0,-0.08
40,115,"(71, 5)",1,-0.08
40,116,"(72, 5)",1,-0.08
40,117,"(73, 5)",1,-0.08
40,118,"(74, 5)",1,-0.08
40,119,"(75, 5)",1,-0.08
40,120,"(76, 5)",1,-0.08
40,121,"(77, 5)",0,-0.08
40,122,"(77, 4)",0,-0.08
40,123,"(77, 3)",0,-0.08
40,124,"(77, 2)",0,-0.08
40,125,"(77, 1)",1,-0.08
40,126,"(78, 1)",1,-0.08
40,127,"(79, 1)",0,8.33
41,0,"(0, 39)",0,-0.08
41,1,"(0, 38)",0,-0.08
41,2,"(0, 37)",1,-0.08
41,3,"(1, 37)",1,-8.33
41,4,"(1, 37)",0,-8.33
41,5,"(1, 37)",3,-0.08
41,6,"(0, 37)",0,-0.08
41,7,"(0, 36)",0,-0.08
41,8,"(0, 35)",0,-0.08
41,9,"(0, 34)",0,-0.08
41,10,"(0, 33)",1,-0.08
41,11,"(1, 33)",0,-0.08
41,12,"(1, 32)",0,-0.08
41,13,"(1, 31)",1,-0.08
41,14,"(2, 31)",1,-0.08
41,15,"(3, 31)",0,-8.33
41,16,"(3, 31)",3,-0.08
41,17,"(2, 31)",3,-0.08
41,18,"(1, 31)",0,-0.08
41,19,"(1, 30)",0,-0.08
41,20,"(1, 29)",1,-0.08
41,21,"(2, 29)",1,-0.08
41,22,"(3, 29)",0,-0.08
41,23,"(3, 28)",0,-0.08
41,24,"(3, 27)",0,-0.08
41,25,"(3, 26)",0,-0.08
41,26,"(3, 25)",1,-0.08
41,27,"(4, 25)",1,-0.08
41,28,"(5, 25)",1,-0.08
41,29,"(6, 25)",1,-0.08
41,30,"(7, 25)",1,-0.08
41,31,"(8, 25)",1,-0.08
41,32,"(9, 25)",0,-0.08
41,33,"(9, 24)",1,-0.08
41,34,"(10, 24)",1,-0.08
41,35,"(11, 24)",1,-0.08
41,36,"(12, 24)",1,-0.08
41,37,"(13, 24)",1,-0.08
41,38,"(14, 24)",0,-0.08
41,39,"(14, 23)",1,-0.08
41,40,"(15, 23)",1,-0.08
41,41,"(16, 23)",0,-0.08
41,42,"(16, 22)",1,-0.08
41,43,"(17, 22)",1,-0.08
41,44,"(18, 22)",1,-0.08
41,45,"(19, 22)",1,-0.08
41,46,"(20, 22)",1,-0.08
41,47,"(21, 22)",0,-0.08
41,48,"(21, 21)",0,-0.08
41,49,"(21, 20)",0,-0.08
41,50,"(21, 19)",1,-0.08
41,51,"(22, 19)",1,-0.08
41,52,"(23, 19)",0,-0.08
41,53,"(23, 18)",0,-0.08
41,54,"(23, 17)",1,-0.08
41,55,"(24, 17)",1,-0.08
41,56,"(25, 17)",1,-0.08
41,57,"(26, 17)",1,-0.08
41,58,"(27, 17)",1,-0.08
41,59,"(28, 17)",1,-0.08
41,60,"(29, 17)",0,-0.08
41,61,"(29, 16)",0,-0.08
41,62,"(29, 15)",1,-0.08
41,63,"(30, 15)",1,-0.08
41,64,"(31, 15)",1,-0.08
41,65,"(32, 15)",1,-0.08
41,66,"(33, 15)",1,-0.08
41,67,"(34, 15)",1,-0.08
41,68,"(35, 15)",0,-0.08
41,69,"(35, 14)",0,-0.08
41,70,"(35, 13)",0,-0.08
41,71,"(35, 12)",1,-0.08
41,72,"(36, 12)",1,-0.08
41,73,"(37, 12)",1,-0.08
41,74,"(38, 12)",1,-0.08
41,75,"(39, 12)",0,-0.08
41,76,"(39, 11)",1,-0.08
41,77,"(40, 11)",1,-0.08
41,78,"(41, 11)",1,-0.08
41,79,"(42, 11)",1,-0.08
41,80,"(43, 11)",1,-0.08
41,81,"(44, 11)",1,-0.08
41,82,"(45, 11)",0,-0.08
41,83,"(45, 10)",1,-0.08
41,84,"(46, 10)",0,-0.08
41,85,"(46, 9)",0,-0.08
41,86,"(46, 8)",0,-0.08
41,87,"(46, 7)",1,-0.08
41,88,"(47, 7)",1,-0.08
41,89,"(48, 7)",1,-0.08
41,90,"(49, 7)",1,-0.08
41,91,"(50, 7)",1,-0.08
41,92,"(51, 7)",1,-0.08
41,93,"(52, 7)",1,-0.08
41,94,"(53, 7)",1,-0.08
41,95,"(54, 7)",1,-0.08
41,96,"(55, 7)",1,-0.08
41,97,"(56, 7)",1,-0.08
41,98,"(57, 7)",1,-0.08
41,99,"(58, 7)",1,-0.08
41,100,"(59, 7)",1,-0.08
41,101,"(60, 7)",1,-0.08
41,102,"(61, 7)",1,-0.08
41,103,"(62, 7)",1,-0.08
41,104,"(63, 7)",1,-0.08
41,105,"(64, 7)",1,-0.08
41,106,"(65, 7)",1,-0.08
41,107,"(66, 7)",1,-0.08
41,108,"(67, 7)",1,-0.08
41,109,"(68, 7)",1,-0.08
41,110,"(69, 7)",1,-0.08
41,111,"(70, 7)",1,-0.08
41,112,"(71, 7)",0,-0.08
41,113,"(71, 6)",1,-0.08
41,114,"(72, 6)",0,-0.08
41,115,"(72, 5)",1,-0.08
41,116,"(73, 5)",1,-0.08
41,117,"(74, 5)",0,-0.08
41,118,"(74, 4)",1,-0.08
41,119,"(75, 4)",0,-0.08
41,120,"(75, 3)",1,-0.08
41,121,"(76, 3)",0,-0.08
41,122,"(76, 2)",0,-0.08
41,123,"(76, 1)",1,-0.08
41,124,"(77, 1)",1,-0.08
41,125,"(78, 1)",0,-0.08
41,126,"(78, 0)",1,8.33
42,0,"(0, 39)",0,-0.08
42,1,"(0, 38)",1,-0.08
42,2,"(1, 38)",1,-8.33
42,3,"(1, 38)",0,-0.08
42,4,"(1, 37)",0,-8.33
42,5,"(1, 37)",3,-0.08
42,6,"(0, 37)",0,-0.08
42,7,"(0, 36)",0,-0.08
42,8,"(0, 35)",0,-0.08
42,9,"(0, 34)",1,-0.08
42,10,"(1, 34)",0,-0.08
42,11,"(1, 33)",1,-0.08
42,12,"(2, 33)",1,-0.08
42,13,"(3, 33)",0,-0.08
42,14,"(3, 32)",0,-0.08
42,15,"(3, 31)",0,-8.33
42,16,"(3, 31)",2,-0.08
42,17,"(3, 32)",2,-0.08
42,18,"(3, 33)",1,-0.08
42,19,"(4, 33)",1,-0.08
42,20,"(5, 33)",1,-0.08
42,21,"(6, 33)",1,-0.08
42,22,"(7, 33)",1,-0.08
42,23,"(8, 33)",0,-0.08
42,24,"(8, 32)",0,-0.08
42,25,"(8, 31)",1,-0.08
42,26,"(9, 31)",0,-0.08
42,27,"(9, 30)",1,-0.08
42,28,"(10, 30)",0,-0.08
42,29,"(10, 29)",0,-0.08
42,30,"(10, 28)",0,-0.08
42,31,"(10, 27)",1,-0.08
42,32,"(11, 27)",1,-0.08
42,33,"(12, 27)",0,-0.08
42,34,"(12, 26)",0,-0.08
42,35,"(12, 25)",0,-0.08
42,36,"(12, 24)",1,-0.08
42,37,"(13, 24)",0,-0.08
42,38,"(13, 23)",1,-0.08
42,39,"(14, 23)",1,-0.08
42,40,"(15, 23)",1,-0.08
42,41,"(16, 23)",1,-0.08
42,42,"(17, 23)",0,-0.08
42,43,"(17, 22)",1,-0.08
42,44,"(18, 22)",1,-0.08
42,45,"(19, 22)",1,-0.08
42,46,"(20, 22)",0,-0.08
42,47,"(20, 21)",1,-0.08
42,48,"(21, 21)",1,-0.08
42,49,"(22, 21)",0,-0.08
42,50,"(22, 20)",1,-0.08
42,51,"(23, 20)",1,-0.08
42,52,"(24, 20)",1,-0.08
42,53,"(25, 20)",0,-0.08
42,54,"(25, 19)",0,-0.08
42,55,"(25, 18)",1,-0.08
42,56,"(26, 18)",0,-0.08
42,57,"(26, 17)",1,-0.08
42,58,"(27, 17)",1,-0.08
42,59,"(28, 17)",0,-0.08
42,60,"(28, 16)",0,-0.08
42,61,"(28, 15)",1,-0.08
42,62,"(29, 15)",1,-0.08
42,63,"(30, 15)",1,-0.08
42,64,"(31, 15)",0,-0.08
42,65,"(31, 14)",0,-0.08
42,66,"(31, 13)",1,-0.08
42,67,"(32, 13)",1,-0.08
42,68,"(33, 13)",1,-0.08
42,69,"(34, 13)",1,-0.08
42,70,"(35, 13)",0,-0.08
42,71,"(35, 12)",1,-0.08
42,72,"(36, 12)",1,-0.08
42,73,"(37, 12)",1,-0.08
42,74,"(38, 12)",1,-0.08
42,75,"(39, 12)",0,-0.08
42,76,"(39, 11)",1,-0.08
42,77,"(40, 11)",1,-0.08
42,78,"(41, 11)",1,-0.08
42,79,"(42, 11)",1,-0.08
42,80,"(43, 11)",1,-0.08
42,81,"(44, 11)",1,-0.08
42,82,"(45, 11)",0,-0.08
42,83,"(45, 10)",1,-0.08
42,84,"(46, 10)",0,-0.08
42,85,"(46, 9)",0,-0.08
42,86,"(46, 8)",0,-0.08
42,87,"(46, 7)",1,-0.08
42,88,"(47, 7)",1,-0.08
42,89,"(48, 7)",1,-0.08
42,90,"(49, 7)",1,-0.08
42,91,"(50, 7)",1,-0.08
42,92,"(51, 7)",1,-0.08
42,93,"(52, 7)",1,-0.08
42,94,"(53, 7)",1,-0.08
42,95,"(54, 7)",1,-0.08
42,96,"(55, 7)",1,-0.08
42,97,"(56, 7)",1,-0.08
42,98,"(57, 7)",1,-0.08
42,99,"(58, 7)",1,-0.08
42,100,"(59, 7)",1,-0.08
42,101,"(60, 7)",1,-0.08
42,102,"(61, 7)",1,-0.08
42,103,"(62, 7)",1,-0.08
42,104,"(63, 7)",1,-0.08
42,105,"(64, 7)",1,-0.08
42,106,"(65, 7)",1,-0.08
42,107,"(66, 7)",1,-0.08
42,108,"(67, 7)",1,-0.08
42,109,"(68, 7)",1,-0.08
42,110,"(69, 7)",1,-0.08
42,111,"(70, 7)",0,-0.08
42,112,"(70, 6)",1,-0.08
42,113,"(71, 6)",0,-0.08
42,114,"(71, 5)",1,-0.08
42,115,"(72, 5)",1,-0.08
42,116,"(73, 5)",1,-0.08
42,117,"(74, 5)",0,-0.08
42,118,"(74, 4)",1,-0.08
42,119,"(75, 4)",0,-0.08
42,120,"(75, 3)",1,-0.08
42,121,"(76, 3)",1,-0.08
42,122,"(77, 3)",0,-0.08
42,123,"(77, 2)",0,-0.08
42,124,"(77, 1)",0,-0.08
42,125,"(77, 0)",1,-0.08
42,126,"(78, 0)",1,8.33
43,0,"(0, 39)",0,-0.08
43,1,"(0, 38)",1,-0.08
43,2,"(1, 38)",0,-0.08
43,3,"(1, 37)",1,-8.33
43,4,"(1, 37)",0,-8.33
43,5,"(1, 37)",3,-0.08
43,6,"(0, 37)",0,-0.08
43,7,"(0, 36)",0,-0.08
43,8,"(0, 35)",0,-0.08
43,9,"(0, 34)",0,-0.08
43,10,"(0, 33)",1,-0.08
43,11,"(1, 33)",0,-0.08
43,12,"(1, 32)",1,-0.08
43,13,"(2, 32)",0,-0.08
43,14,"(2, 31)",1,-0.08
43,15,"(3, 31)",0,-8.33
43,16,"(3, 31)",0,-8.33
43,17,"(3, 31)",3,-0.08
43,18,"(2, 31)",3,-0.08
43,19,"(1, 31)",0,-0.08
43,20,"(1, 30)",0,-0.08
43,21,"(1, 29)",0,-0.08
43,22,"(1, 28)",0,-0.08
43,23,"(1, 27)",0,-0.08
43,24,"(1, 26)",0,-0.08
43,25,"(1, 25)",1,-0.08
43,26,"(2, 25)",1,-0.08
43,27,"(3, 25)",1,-0.08
43,28,"(4, 25)",1,-0.08
43,29,"(5, 25)",1,-0.08
43,30,"(6, 25)",1,-0.08
43,31,"(7, 25)",1,-0.08
43,32,"(8, 25)",1,-0.08
43,33,"(9, 25)",1,-0.08
43,34,"(10, 25)",1,-0.08
43,35,"(11, 25)",0,-0.08
43,36,"(11, 24)",1,-0.08
43,37,"(12, 24)",1,-0.08
43,38,"(13, 24)",0,-0.08
43,39,"(13, 23)",1,-0.08
43,40,"(14, 23)",1,-0.08
43,41,"(15, 23)",1,-0.08
43,42,"(16, 23)",0,-0.08
43,43,"(16, 22)",1,-0.08
43,44,"(17, 22)",1,-0.08
43,45,"(18, 22)",1,-0.08
43,46,"(19, 22)",0,-0.08
43,47,"(19, 21)",1,-0.08
43,48,"(20, 21)",1,-0.08
43,49,"(21, 21)",1,-0.08
43,50,"(22, 21)",1,-0.08
43,51,"(23, 21)",0,-0.08
43,52,"(23, 20)",0,-0.08
43,53,"(23, 19)",0,-0.08
43,54,"(23, 18)",0,-0.08
43,55,"(23, 17)",1,-0.08
43,56,"(24, 17)",1,-0.08
43,57,"(25, 17)",1,-0.08
43,58,"(26, 17)",1,-0.08
43,59,"(27, 17)",0,-0.08
43,60,"(27, 16)",0,-0.08
43,61,"(27, 15)",0,-0.08
43,62,"(27, 14)",0,-0.08
43,63,"(27, 13)",1,-0.08
43,64,"(28, 13)",1,-0.08
43,65,"(29, 13)",1,-0.08
43,66,"(30, 13)",1,-0.08
43,67,"(31, 13)",1,-0.08
43,68,"(32, 13)",1,-0.08
43,69,"(33, 13)",1,-0.08
43,70,"(34, 13)",1,-0.08
43,71,"(35, 13)",0,-0.08
43,72,"(35, 12)",1,-0.08
43,73,"(36, 12)",1,-0.08
43,74,"(37, 12)",1,-0.08
43,75,"(38, 12)",1,-0.08
43,76,"(39, 12)",0,-0.08
43,77,"(39, 11)",1,-0.08
43,78,"(40, 11)",1,-0.08
43,79,"(41, 11)",1,-0.08
43,80,"(42, 11)",1,-0.08
43,81,"(43, 11)",1,-0.08
43,82,"(44, 11)",1,-0.08
43,83,"(45, 11)",0,-0.08
43,84,"(45, 10)",0,-0.08
43,85,"(45, 9)",1,-0.08
43,86,"(46, 9)",0,-0.08
43,87,"(46, 8)",0,-0.08
43,88,"(46, 7)",1,-0.08
43,89,"(47, 7)",1,-0.08
43,90,"(48, 7)",1,-0.08
43,91,"(49, 7)",1,-0.08
43,92,"(50, 7)",1,-0.08
43,93,"(51, 7)",1,-0.08
43,94,"(52, 7)",1,-0.08
43,95,"(53, 7)",1,-0.08
43,96,"(54, 7)",1,-0.08
43,97,"(55, 7)",1,-0.08
43,98,"(56, 7)",1,-0.08
43,99,"(57, 7)",1,-0.08
43,100,"(58, 7)",1,-0.08
43,101,"(59, 7)",1,-0.08
43,102,"(60, 7)",1,-0.08
43,103,"(61, 7)",1,-0.08
43,104,"(62, 7)",1,-0.08
43,105,"(63, 7)",1,-0.08
43,106,"(64, 7)",1,-0.08
43,107,"(65, 7)",1,-0.08
43,108,"(66, 7)",1,-0.08
43,109,"(67, 7)",1,-0.08
43,110,"(68, 7)",1,-0.08
43,111,"(69, 7)",1,-0.08
43,112,"(70, 7)",0,-0.08
43,113,"(70, 6)",1,-0.08
43,114,"(71, 6)",0,-0.08
43,115,"(71, 5)",1,-0.08
43,116,"(72, 5)",1,-0.08
43,117,"(73, 5)",1,-0.08
43,118,"(74, 5)",0,-0.08
43,119,"(74, 4)",0,-0.08
43,120,"(74, 3)",1,-0.08
43,121,"(75, 3)",1,-0.08
43,122,"(76, 3)",0,-0.08
43,123,"(76, 2)",1,-0.08
43,124,"(77, 2)",0,-0.08
43,125,"(77, 1)",0,-0.08
43,126,"(77, 0)",1,-0.08
43,127,"(78, 0)",1,8.33
44,0,"(0, 39)",1,-0.08
44,1,"(1, 39)",0,-0.08
44,2,"(1, 38)",0,-0.08
44,3,"(1, 37)",0,-8.33
44,4,"(1, 37)",3,-0.08
44,5,"(0, 37)",0,-0.08
44,6,"(0, 36)",0,-0.08
44,7,"(0, 35)",0,-0.08
44,8,"(0, 34)",0,-0.08
44,9,"(0, 33)",1,-0.08
44,10,"(1, 33)",0,-0.08
44,11,"(1, 32)",0,-0.08
44,12,"(1, 31)",1,-0.08
44,13,"(2, 31)",1,-0.08
44,14,"(3, 31)",0,-8.33
44,15,"(3, 31)",3,-0.08
44,16,"(2, 31)",3,-0.08
44,17,"(1, 31)",0,-0.08
44,18,"(1, 30)",0,-0.08
44,19,"(1, 29)",1,-0.08
44,20,"(2, 29)",1,-0.08
44,21,"(3, 29)",0,-0.08
44,22,"(3, 28)",0,-0.08
44,23,"(3, 27)",0,-0.08
44,24,"(3, 26)",0,-0.08
44,25,"(3, 25)",1,-0.08
44,26,"(4, 25)",1,-0.08
44,27,"(5, 25)",1,-0.08
44,28,"(6, 25)",1,-0.08
44,29,"(7, 25)",1,-0.08
44,30,"(8, 25)",1,-0.08
44,31,"(9, 25)",1,-0.08
44,32,"(10, 25)",0,-0.08
44,33,"(10, 24)",1,-0.08
44,34,"(11, 24)",1,-0.08
44,35,"(12, 24)",1,-0.08
44,36,"(13, 24)",0,-0.08
44,37,"(13, 23)",1,-0.08
44,38,"(14, 23)",1,-0.08
44,39,"(15, 23)",1,-0.08
44,40,"(16, 23)",1,-0.08
44,41,"(17, 23)",1,-0.08
44,42,"(18, 23)",0,-0.08
44,43,"(18, 22)",1,-0.08
44,44,"(19, 22)",0,-0.08
44,45,"(19, 21)",0,-0.08
44,46,"(19, 20)",1,-0.08
44,47,"(20, 20)",1,-0.08
44,48,"(21, 20)",0,-0.08
44,49,"(21, 19)",1,-0.08
44,50,"(22, 19)",1,-0.08
44,51,"(23, 19)",0,-0.08
44,52,"(23, 18)",0,-0.08
44,53,"(23, 17)",0,-0.08
44,54,"(23, 16)",0,-0.08
44,55,"(23, 15)",1,-0.08
44,56,"(24, 15)",1,-0.08
44,57,"(25, 15)",1,-0.08
44,58,"(26, 15)",1,-0.08
44,59,"(27, 15)",0,-0.08
44,60,"(27, 14)",0,-0.08
44,61,"(27, 13)",1,-0.08
44,62,"(28, 13)",1,-0.08
44,63,"(29, 13)",1,-0.08
44,64,"(30, 13)",1,-0.08
44,65,"(31, 13)",1,-0.08
44,66,"(32, 13)",1,-0.08
44,67,"(33, 13)",1,-0.08
44,68,"(34, 13)",1,-0.08
44,69,"(35, 13)",1,-0.08
44,70,"(36, 13)",1,-0.08
44,71,"(37, 13)",0,-0.08
44,72,"(37, 12)",1,-0.08
44,73,"(38, 12)",1,-0.08
44,74,"(39, 12)",0,-0.08
44,75,"(39, 11)",1,-0.08
44,76,"(40, 11)",1,-0.08
44,77,"(41, 11)",1,-0.08
44,78,"(42, 11)",1,-0.08
44,79,"(43, 11)",1,-0.08
44,80,"(44, 11)",1,-0.08
44,81,"(45, 11)",0,-0.08
44,82,"(45, 10)",1,-0.08
44,83,"(46, 10)",1,-0.08
44,84,"(47, 10)",1,-0.08
44,85,"(48, 10)",1,-0.08
44,86,"(49, 10)",1,-0.08
44,87,"(50, 10)",0,-0.08
44,88,"(50, 9)",1,-0.08
44,89,"(51, 9)",1,-0.08
44,90,"(52, 9)",1,-0.08
44,91,"(53, 9)",1,-0.08
44,92,"(54, 9)",1,-0.08
44,93,"(55, 9)",1,-0.08
44,94,"(56, 9)",1,-0.08
44,95,"(57, 9)",0,-0.08
44,96,"(57, 8)",0,-0.08
44,97,"(57, 7)",1,-0.08
44,98,"(58, 7)",1,-0.08
44,99,"(59, 7)",1,-0.08
44,100,"(60, 7)",1,-0.08
44,101,"(61, 7)",1,-0.08
44,102,"(62, 7)",1,-0.08
44,103,"(63, 7)",1,-0.08
44,104,"(64, 7)",1,-0.08
44,105,"(65, 7)",1,-0.08
44,106,"(66, 7)",1,-0.08
44,107,"(67, 7)",1,-0.08
44,108,"(68, 7)",1,-0.08
44,109,"(69, 7)",0,-0.08
44,110,"(69, 6)",1,-0.08
44,111,"(70, 6)",1,-0.08
44,112,"(71, 6)",1,-0.08
44,113,"(72, 6)",1,-0.08
44,114,"(73, 6)",1,-0.08
44,115,"(74, 6)",0,-0.08
44,116,"(74, 5)",0,-0.08
44,117,"(74, 4)",1,-0.08
44,118,"(75, 4)",0,-0.08
44,119,"(75, 3)",1,-0.08
44,120,"(76, 3)",0,-0.08
44,121,"(76, 2)",0,-0.08
44,122,"(76, 1)",1,-0.08
44,123,"(77, 1)",0,-0.08
44,124,"(77, 0)",1,-0.08
44,125,"(78, 0)",1,8.33
45,0,"(0, 39)",1,-0.08
45,1,"(1, 39)",0,-0.08
45,2,"(1, 38)",1,-8.33
45,3,"(1, 38)",0,-0.08
45,4,"(1, 37)",0,-8.33
45,5,"(1, 37)",3,-0.08
45,6,"(0, 37)",0,-0.08
45,7,"(0, 36)",0,-0.08
45,8,"(0, 35)",1,-0.08
45,9,"(1, 35)",0,-0.08
45,10,"(1, 34)",0,-0.08
45,11,"(1, 33)",1,-0.08
45,12,"(2, 33)",0,-0.08
45,13,"(2, 32)",0,-0.08
45,14,"(2, 31)",1,-0.08
45,15,"(3, 31)",0,-8.33
45,16,"(3, 31)",0,-8.33
45,17,"(3, 31)",3,-0.08
45,18,"(2, 31)",3,-0.08
45,19,"(1, 31)",0,-0.08
45,20,"(1, 30)",0,-0.08
45,21,"(1, 29)",1,-0.08
45,22,"(2, 29)",1,-0.08
45,23,"(3, 29)",1,-0.08
45,24,"(4, 29)",1,-0.08
45,25,"(5, 29)",1,-0.08
45,26,"(6, 29)",1,-0.08
45,27,"(7, 29)",1,-0.08
45,28,"(8, 29)",1,-0.08
45,29,"(9, 29)",1,-0.08
45,30,"(10, 29)",0,-0.08
45,31,"(10, 28)",0,-0.08
45,32,"(10, 27)",1,-0.08
45,33,"(11, 27)",1,-0.08
45,34,"(12, 27)",0,-0.08
45,35,"(12, 26)",1,-0.08
45,36,"(13, 26)",0,-0.08
45,37,"(13, 25)",1,-0.08
45,38,"(14, 25)",0,-0.08
45,39,"(14, 24)",0,-0.08
45,40,"(14, 23)",1,-0.08
45,41,"(15, 23)",1,-0.08
45,42,"(16, 23)",1,-0.08
45,43,"(17, 23)",1,-0.08
45,44,"(18, 23)",1,-0.08
45,45,"(19, 23)",0,-0.08
45,46,"(19, 22)",0,-0.08
45,47,"(19, 21)",1,-0.08
45,48,"(20, 21)",1,-0.08
45,49,"(21, 21)",1,-0.08
45,50,"(22, 21)",0,-0.08
45,51,"(22, 20)",0,-0.08
45,52,"(22, 19)",1,-0.08
45,53,"(23, 19)",0,-0.08
45,54,"(23, 18)",0,-0.08
45,55,"(23, 17)",0,-0.08
45,56,"(23, 16)",0,-0.08
45,57,"(23, 15)",1,-0.08
45,58,"(24, 15)",1,-0.08
45,59,"(25, 15)",1,-0.08
45,60,"(26, 15)",1,-0.08
45,61,"(27, 15)",0,-0.08
45,62,"(27, 14)",0,-0.08
45,63,"(27, 13)",1,-0.08
45,64,"(28, 13)",1,-0.08
45,65,"(29, 13)",1,-0.08
45,66,"(30, 13)",1,-0.08
45,67,"(31, 13)",1,-0.08
45,68,"(32, 13)",1,-0.08
45,69,"(33, 13)",1,-0.08
45,70,"(34, 13)",1,-0.08
45,71,"(35, 13)",1,-0.08
45,72,"(36, 13)",0,-0.08
45,73,"(36, 12)",1,-0.08
45,74,"(37, 12)",1,-0.08
45,75,"(38, 12)",1,-0.08
45,76,"(39, 12)",0,-0.08
45,77,"(39, 11)",1,-0.08
45,78,"(40, 11)",1,-0.08
45,79,"(41, 11)",1,-0.08
45,80,"(42, 11)",1,-0.08
45,81,"(43, 11)",1,-0.08
45,82,"(44, 11)",1,-0.08
45,83,"(45, 11)",0,-0.08
45,84,"(45, 10)",0,-0.08
45,85,"(45, 9)",0,-0.08
45,86,"(45, 8)",1,-0.08
45,87,"(46, 8)",0,-0.08
45,88,"(46, 7)",1,-0.08
45,89,"(47, 7)",1,-0.08
45,90,"(48, 7)",1,-0.08
45,91,"(49, 7)",1,-0.08
45,92,"(50, 7)",1,-0.08
45,93,"(51, 7)",1,-0.08
45,94,"(52, 7)",1,-0.08
45,95,"(53, 7)",1,-0.08
45,96,"(54, 7)",1,-0.08
45,97,"(55, 7)",1,-0.08
45,98,"(56, 7)",1,-0.08
45,99,"(57, 7)",1,-0.08
45,100,"(58, 7)",1,-0.08
45,101,"(59, 7)",1,-0.08
45,102,"(60, 7)",1,-0.08
45,103,"(61, 7)",1,-0.08
45,104,"(62, 7)",1,-0.08
45,105,"(63, 7)",1,-0.08
45,106,"(64, 7)",1,-0.08
45,107,"(65, 7)",1,-0.08
45,108,"(66, 7)",1,-0.08
45,109,"(67, 7)",1,-0.08
45,110,"(68, 7)",1,-0.08
45,111,"(69, 7)",0,-0.08
45,112,"(69, 6)",1,-0.08
45,113,"(70, 6)",1,-0.08
45,114,"(71, 6)",1,-0.08
45,115,"(72, 6)",1,-0.08
45,116,"(73, 6)",1,-0.08
45,117,"(74, 6)",0,-0.08
45,118,"(74, 5)",0,-0.08
45,119,"(74, 4)",1,-0.08
45,120,"(75, 4)",0,-0.08
45,121,"(75, 3)",1,-0.08
45,122,"(76, 3)",1,-0.08
45,123,"(77, 3)",0,-0.08
45,124,"(77, 2)",0,-0.08
45,125,"(77, 1)",1,-0.08
45,126,"(78, 1)",0,-0.08
45,127,"(78, 0)",1,8.33
46,0,"(0, 39)",1,-0.08
46,1,"(1, 39)",1,-0.08
46,2,"(2, 39)",1,-0.08
46,3,"(3, 39)",0,-0.08
46,4,"(3, 38)",1,-8.33
46,5,"(3, 38)",0,-0.08
46,6,"(3, 37)",0,-0.08
46,7,"(3, 36)",0,-0.08
46,8,"(3, 35)",1,-8.33
46,9,"(3, 35)",3,-0.08
46,10,"(2, 35)",0,-0.08
46,11,"(2, 34)",0,-0.08
46,12,"(2, 33)",1,-0.08
46,13,"(3, 33)",1,-0.08
46,14,"(4, 33)",1,-0.08
46,15,"(5, 33)",0,-0.08
46,16,"(5, 32)",0,-0.08
46,17,"(5, 31)",1,-0.08
46,18,"(6, 31)",1,-0.08
46,19,"(7, 31)",1,-0.08
46,20,"(8, 31)",1,-0.08
46,21,"(9, 31)",0,-0.08
46,22,"(9, 30)",0,-0.08
46,23,"(9, 29)",1,-0.08
46,24,"(10, 29)",0,-0.08
46,25,"(10, 28)",0,-0.08
46,26,"(10, 27)",1,-0.08
46,27,"(11, 27)",1,-0.08
46,28,"(12, 27)",1,-0.08
46,29,"(13, 27)",0,-0.08
46,30,"(13, 26)",1,-8.33
46,31,"(13, 26)",0,-0.08
46,32,"(13, 25)",0,-0.08
46,33,"(13, 24)",0,-0.08
46,34,"(13, 23)",0,-0.08
46,35,"(13, 22)",1,-0.08
46,36,"(14, 22)",1,-8.33
46,37,"(14, 22)",0,-0.08
46,38,"(14, 21)",1,-0.08
46,39,"(15, 21)",1,-0.08
46,40,"(16, 21)",1,-0.08
46,41,"(17, 21)",2,-0.08
46,42,"(17, 22)",1,-0.08
46,43,"(18, 22)",1,-0.08
46,44,"(19, 22)",0,-0.08
46,45,"(19, 21)",0,-0.08
46,46,"(19, 20)",1,-0.08
46,47,"(20, 20)",0,-0.08
46,48,"(20, 19)",1,-0.08
46,49,"(21, 19)",0,-0.08
46,50,"(21, 18)",1,-8.33
46,51,"(21, 18)",2,-0.08
46,52,"(21, 19)",1,-0.08
46,53,"(22, 19)",1,-0.08
46,54,"(23, 19)",0,-0.08
46,55,"(23, 18)",0,-0.08
46,56,"(23, 17)",1,-0.08
46,57,"(24, 17)",1,-0.08
46,58,"(25, 17)",1,-0.08
46,59,"(26, 17)",1,-0.08
46,60,"(27, 17)",0,-0.08
46,61,"(27, 16)",0,-0.08
46,62,"(27, 15)",0,-0.08
46,63,"(27, 14)",0,-0.08
46,64,"(27, 13)",1,-0.08
46,65,"(28, 13)",1,-0.08
46,66,"(29, 13)",1,-0.08
46,67,"(30, 13)",1,-0.08
46,68,"(31, 13)",1,-0.08
46,69,"(32, 13)",1,-0.08
46,70,"(33, 13)",1,-0.08
46,71,"(34, 13)",1,-0.08
46,72,"(35, 13)",1,-0.08
46,73,"(36, 13)",1,-0.08
46,74,"(37, 13)",0,-0.08
46,75,"(37, 12)",1,-0.08
46,76,"(38, 12)",1,-0.08
46,77,"(39, 12)",0,-0.08
46,78,"(39, 11)",1,-0.08
46,79,"(40, 11)",1,-0.08
46,80,"(41, 11)",1,-0.08
46,81,"(42, 11)",1,-0.08
46,82,"(43, 11)",1,-0.08
46,83,"(44, 11)",1,-0.08
46,84,"(45, 11)",0,-0.08
46,85,"(45, 10)",0,-0.08
46,86,"(45, 9)",0,-0.08
46,87,"(45, 8)",0,-0.08
46,88,"(45, 7)",1,-0.08
46,89,"(46, 7)",1,-0.08
46,90,"(47, 7)",1,-0.08
46,91,"(48, 7)",1,-0.08
46,92,"(49, 7)",1,-0.08
46,93,"(50, 7)",1,-0.08
46,94,"(51, 7)",1,-0.08
46,95,"(52, 7)",1,-0.08
46,96,"(53, 7)",1,-0.08
46,97,"(54, 7)",1,-0.08
46,98,"(55, 7)",1,-0.08
46,99,"(56, 7)",1,-0.08
46,100,"(57, 7)",1,-0.08
46,101,"(58, 7)",1,-0.08
46,102,"(59, 7)",1,-0.08
46,103,"(60, 7)",1,-0.08
46,104,"(61, 7)",1,-0.08
46,105,"(62, 7)",1,-0.08
46,106,"(63, 7)",1,-0.08
46,107,"(64, 7)",1,-0.08
46,108,"(65, 7)",1,-0.08
46,109,"(66, 7)",1,-0.08
46,110,"(67, 7)",1,-0.08
46,111,"(68, 7)",1,-0.08
46,112,"(69, 7)",1,-0.08
46,113,"(70, 7)",1,-0.08
46,114,"(71, 7)",0,-0.08
46,115,"(71, 6)",1,-0.08
46,116,"(72, 6)",1,-0.08
46,117,"(73, 6)",0,-0.08
46,118,"(73, 5)",1,-0.08
46,119,"(74, 5)",1,-0.08
46,120,"(75, 5)",1,-0.08
46,121,"(76, 5)",1,-0.08
46,122,"(77, 5)",0,-0.08
46,123,"(77, 4)",0,-0.08
46,124,"(77, 3)",0,-0.08
46,125,"(77, 2)",0,-0.08
46,126,"(77, 1)",0,-0.08
46,127,"(77, 0)",1,-0.08
46,128,"(78, 0)",1,8.33
47,0,"(0, 39)",1,-0.08
47,1,"(1, 39)",1,-0.08
47,2,"(2, 39)",0,-8.33
47,3,"(2, 39)",1,-0.08
47,4,"(3, 39)",0,-0.08
47,5,"(3, 38)",0,-0.08
47,6,"(3, 37)",1,-8.33
47,7,"(3, 37)",0,-0.08
47,8,"(3, 36)",0,-0.08
47,9,"(3, 35)",3,-0.08
47,10,"(2, 35)",0,-0.08
47,11,"(2, 34)",0,-0.08
47,12,"(2, 33)",1,-0.08
47,13,"(3, 33)",1,-0.08
47,14,"(4, 33)",1,-0.08
47,15,"(5, 33)",0,-0.08
47,16,"(5, 32)",0,-0.08
47,17,"(5, 31)",0,-0.08
47,18,"(5, 30)",0,-0.08
47,19,"(5, 29)",0,-8.33
47,20,"(5, 29)",1,-0.08
47,21,"(6, 29)",1,-0.08
47,22,"(7, 29)",1,-0.08
47,23,"(8, 29)",0,-0.08
47,24,"(8, 28)",0,-0.08
47,25,"(8, 27)",1,-0.08
47,26,"(9, 27)",1,-0.08
47,27,"(10, 27)",1,-0.08
47,28,"(11, 27)",1,-0.08
47,29,"(12, 27)",0,-0.08
47,30,"(12, 26)",1,-0.08
47,31,"(13, 26)",0,-0.08
47,32,"(13, 25)",0,-0.08
47,33,"(13, 24)",0,-0.08
47,34,"(13, 23)",1,-0.08
47,35,"(14, 23)",1,-0.08
47,36,"(15, 23)",1,-0.08
47,37,"(16, 23)",0,-0.08
47,38,"(16, 22)",1,-0.08
47,39,"(17, 22)",1,-0.08
47,40,"(18, 22)",1,-0.08
47,41,"(19, 22)",0,-0.08
47,42,"(19, 21)",0,-0.08
47,43,"(19, 20)",1,-0.08
47,44,"(20, 20)",0,-0.08
47,45,"(20, 19)",1,-0.08
47,46,"(21, 19)",1,-0.08
47,47,"(22, 19)",1,-0.08
47,48,"(23, 19)",0,-0.08
47,49,"(23, 18)",0,-0.08
47,50,"(23, 17)",1,-0.08
47,51,"(24, 17)",1,-0.08
47,52,"(25, 17)",1,-0.08
47,53,"(26, 17)",1,-0.08
47,54,"(27, 17)",1,-0.08
47,55,"(28, 17)",0,-0.08
47,56,"(28, 16)",0,-0.08
47,57,"(28, 15)",1,-0.08
47,58,"(29, 15)",0,-0.08
47,59,"(29, 14)",0,-0.08
47,60,"(29, 13)",1,-0.08
47,61,"(30, 13)",1,-0.08
47,62,"(31, 13)",1,-0.08
47,63,"(32, 13)",1,-0.08
47,64,"(33, 13)",1,-0.08
47,65,"(34, 13)",1,-0.08
47,66,"(35, 13)",1,-0.08
47,67,"(36, 13)",1,-0.08
47,68,"(37, 13)",1,-0.08
47,69,"(38, 13)",0,-0.08
47,70,"(38, 12)",1,-0.08
47,71,"(39, 12)",0,-0.08
47,72,"(39, 11)",1,-0.08
47,73,"(40, 11)",1,-0.08
47,74,"(41, 11)",1,-0.08
47,75,"(42, 11)",1,-0.08
47,76,"(43, 11)",1,-0.08
47,77,"(44, 11)",1,-0.08
47,78,"(45, 11)",0,-0.08
47,79,"(45, 10)",0,-0.08
47,80,"(45, 9)",0,-0.08
47,81,"(45, 8)",0,-0.08
47,82,"(45, 7)",1,-0.08
47,83,"(46, 7)",1,-0.08
47,84,"(47, 7)",1,-0.08
47,85,"(48, 7)",1,-0.08
47,86,"(49, 7)",1,-0.08
47,87,"(50, 7)",1,-0.08
47,88,"(51, 7)",1,-0.08
47,89,"(52, 7)",1,-0.08
47,90,"(53, 7)",1,-0.08
47,91,"(54, 7)",1,-0.08
47,92,"(55, 7)",1,-0.08
47,93,"(56, 7)",1,-0.08
47,94,"(57, 7)",1,-0.08
47,95,"(58, 7)",1,-0.08
47,96,"(59, 7)",1,-0.08
47,97,"(60, 7)",1,-0.08
47,98,"(61, 7)",1,-0.08
47,99,"(62, 7)",1,-0.08
47,100,"(63, 7)",1,-0.08
47,101,"(64, 7)",1,-0.08
47,102,"(65, 7)",1,-0.08
47,103,"(66, 7)",1,-0.08
47,104,"(67, 7)",1,-0.08
47,105,"(68, 7)",1,-0.08
47,106,"(69, 7)",1,-0.08
47,107,"(70, 7)",1,-0.08
47,108,"(71, 7)",1,-0.08
47,109,"(72, 7)",0,-0.08
47,110,"(72, 6)",1,-0.08
47,111,"(73, 6)",0,-0.08
47,112,"(73, 5)",1,-0.08
47,113,"(74, 5)",0,-0.08
47,114,"(74, 4)",1,-0.08
47,115,"(75, 4)",0,-0.08
47,116,"(75, 3)",1,-0.08
47,117,"(76, 3)",0,-0.08
47,118,"(76, 2)",1,-0.08
47,119,"(77, 2)",0,-0.08
47,120,"(77, 1)",1,-0.08
47,121,"(78, 1)",1,-0.08
47,122,"(79, 1)",0,8.33
48,0,"(0, 39)",0,-0.08
48,1,"(0, 38)",0,-0.08
48,2,"(0, 37)",0,-0.08
48,3,"(0, 36)",0,-0.08
48,4,"(0, 35)",0,-0.08
48,5,"(0, 34)",0,-0.08
48,6,"(0, 33)",1,-0.08
48,7,"(1, 33)",1,-0.08
48,8,"(2, 33)",0,-0.08
48,9,"(2, 32)",1,-0.08
48,10,"(3, 32)",0,-0.08
48,11,"(3, 31)",1,-8.33
48,12,"(3, 31)",0,-8.33
48,13,"(3, 31)",0,-8.33
48,14,"(3, 31)",2,-0.08
48,15,"(3, 32)",2,-0.08
48,16,"(3, 33)",1,-0.08
48,17,"(4, 33)",1,-0.08
48,18,"(5, 33)",0,-0.08
48,19,"(5, 32)",0,-0.08
48,20,"(5, 31)",0,-0.08
48,21,"(5, 30)",0,-0.08
48,22,"(5, 29)",1,-0.08
48,23,"(6, 29)",1,-0.08
48,24,"(7, 29)",1,-0.08
48,25,"(8, 29)",0,-0.08
48,26,"(8, 28)",0,-0.08
48,27,"(8, 27)",1,-0.08
48,28,"(9, 27)",1,-0.08
48,29,"(10, 27)",1,-0.08
48,30,"(11, 27)",1,-0.08
48,31,"(12, 27)",0,-0.08
48,32,"(12, 26)",1,-0.08
48,33,"(13, 26)",0,-0.08
48,34,"(13, 25)",1,-0.08
48,35,"(14, 25)",1,-0.08
48,36,"(15, 25)",1,-0.08
48,37,"(16, 25)",1,-0.08
48,38,"(17, 25)",0,-0.08
48,39,"(17, 24)",0,-0.08
48,40,"(17, 23)",1,-0.08
48,41,"(18, 23)",0,-0.08
48,42,"(18, 22)",1,-0.08
48,43,"(19, 22)",0,-0.08
48,44,"(19, 21)",1,-0.08
48,45,"(20, 21)",1,-0.08
48,46,"(21, 21)",0,-0.08
48,47,"(21, 20)",0,-0.08
48,48,"(21, 19)",1,-0.08
48,49,"(22, 19)",1,-0.08
48,50,"(23, 19)",0,-0.08
48,51,"(23, 18)",0,-0.08
48,52,"(23, 17)",1,-0.08
48,53,"(24, 17)",1,-0.08
48,54,"(25, 17)",1,-0.08
48,55,"(26, 17)",1,-0.08
48,56,"(27, 17)",1,-0.08
48,57,"(28, 17)",1,-0.08
48,58,"(29, 17)",0,-0.08
48,59,"(29, 16)",0,-0.08
48,60,"(29, 15)",0,-0.08
48,61,"(29, 14)",0,-0.08
48,62,"(29, 13)",1,-0.08
48,63,"(30, 13)",1,-0.08
48,64,"(31, 13)",1,-0.08
48,65,"(32, 13)",1,-0.08
48,66,"(33, 13)",1,-0.08
48,67,"(34, 13)",1,-0.08
48,68,"(35, 13)",1,-0.08
48,69,"(36, 13)",0,-0.08
48,70,"(36, 12)",1,-0.08
48,71,"(37, 12)",1,-0.08
48,72,"(38, 12)",1,-0.08
48,73,"(39, 12)",0,-0.08
48,74,"(39, 11)",1,-0.08
48,75,"(40, 11)",1,-0.08
48,76,"(41, 11)",1,-0.08
48,77,"(42, 11)",1,-0.08
48,78,"(43, 11)",1,-0.08
48,79,"(44, 11)",1,-0.08
48,80,"(45, 11)",0,-0.08
48,81,"(45, 10)",0,-0.08
48,82,"(45, 9)",0,-0.08
48,83,"(45, 8)",1,-0.08
48,84,"(46, 8)",0,-0.08
48,85,"(46, 7)",1,-0.08
48,86,"(47, 7)",1,-0.08
48,87,"(48, 7)",1,-0.08
48,88,"(49, 7)",1,-0.08
48,89,"(50, 7)",1,-0.08
48,90,"(51, 7)",1,-0.08
48,91,"(52, 7)",1,-0.08
48,92,"(53, 7)",1,-0.08
48,93,"(54, 7)",1,-0.08
48,94,"(55, 7)",1,-0.08
48,95,"(56, 7)",1,-0.08
48,96,"(57, 7)",1,-0.08
48,97,"(58, 7)",1,-0.08
48,98,"(59, 7)",1,-0.08
48,99,"(60, 7)",1,-0.08
48,100,"(61, 7)",1,-0.08
48,101,"(62, 7)",1,-0.08
48,102,"(63, 7)",1,-0.08
48,103,"(64, 7)",1,-0.08
48,104,"(65, 7)",1,-0.08
48,105,"(66, 7)",1,-0.08
48,106,"(67, 7)",1,-0.08
48,107,"(68, 7)",1,-0.08
48,108,"(69, 7)",1,-0.08
48,109,"(70, 7)",0,-0.08
48,110,"(70, 6)",1,-0.08
48,111,"(71, 6)",1,-0.08
48,112,"(72, 6)",0,-0.08
48,113,"(72, 5)",1,-0.08
48,114,"(73, 5)",1,-0.08
48,115,"(74, 5)",0,-0.08
48,116,"(74, 4)",1,-0.08
48,117,"(75, 4)",0,-0.08
48,118,"(75, 3)",1,-0.08
48,119,"(76, 3)",0,-0.08
48,120,"(76, 2)",0,-0.08
48,121,"(76, 1)",0,-0.08
48,122,"(76, 0)",1,-0.08
48,123,"(77, 0)",1,-0.08
48,124,"(78, 0)",1,8.33
49,0,"(0, 39)",0,-0.08
49,1,"(0, 38)",0,-0.08
49,2,"(0, 37)",0,-0.08
49,3,"(0, 36)",0,-0.08
49,4,"(0, 35)",1,-0.08
49,5,"(1, 35)",0,-0.08
49,6,"(1, 34)",0,-0.08
49,7,"(1, 33)",0,-0.08
49,8,"(1, 32)",0,-0.08
49,9,"(1, 31)",0,-0.08
49,10,"(1, 30)",1,-8.33
49,11,"(1, 30)",0,-0.08
49,12,"(1, 29)",0,-0.08
49,13,"(1, 28)",0,-0.08
49,14,"(1, 27)",0,-0.08
49,15,"(1, 26)",1,-0.08
49,16,"(2, 26)",1,-0.08
49,17,"(3, 26)",0,-0.08
49,18,"(3, 25)",0,-0.08
49,19,"(3, 24)",0,-0.08
49,20,"(3, 23)",0,-0.08
49,21,"(3, 22)",0,-0.08
49,22,"(3, 21)",1,-0.08
49,23,"(4, 21)",0,-0.08
49,24,"(4, 20)",0,-0.08
49,25,"(4, 19)",0,-0.08
49,26,"(4, 18)",1,-0.08
49,27,"(5, 18)",0,-0.08
49,28,"(5, 17)",0,-0.08
49,29,"(5, 16)",0,-0.08
49,30,"(5, 15)",1,-0.08
49,31,"(6, 15)",1,-0.08
49,32,"(7, 15)",1,-0.08
49,33,"(8, 15)",0,-0.08
49,34,"(8, 14)",0,-0.08
49,35,"(8, 13)",1,-0.08
49,36,"(9, 13)",1,-0.08
49,37,"(10, 13)",1,-0.08
49,38,"(11, 13)",1,-0.08
49,39,"(12, 13)",1,-0.08
49,40,"(13, 13)",1,-0.08
49,41,"(14, 13)",1,-0.08
49,42,"(15, 13)",1,-0.08
49,43,"(16, 13)",1,-0.08
49,44,"(17, 13)",1,-0.08
49,45,"(18, 13)",1,-0.08
49,46,"(19, 13)",1,-0.08
49,47,"(20, 13)",1,-0.08
49,48,"(21, 13)",1,-0.08
49,49,"(22, 13)",1,-0.08
49,50,"(23, 13)",1,-0.08
49,51,"(24, 13)",1,-0.08
49,52,"(25, 13)",0,-8.33
49,53,"(25, 13)",2,-0.08
49,54,"(25, 14)",2,-0.08
49,55,"(25, 15)",1,-0.08
49,56,"(26, 15)",1,-0.08
49,57,"(27, 15)",0,-0.08
49,58,"(27, 14)",0,-0.08
49,59,"(27, 13)",1,-0.08
49,60,"(28, 13)",1,-0.08
49,61,"(29, 13)",1,-0.08
49,62,"(30, 13)",1,-0.08
49,63,"(31, 13)",1,-0.08
49,64,"(32, 13)",1,-0.08
49,65,"(33, 13)",1,-0.08
49,66,"(34, 13)",1,-0.08
49,67,"(35, 13)",0,-0.08
49,68,"(35, 12)",1,-0.08
49,69,"(36, 12)",1,-0.08
49,70,"(37, 12)",1,-0.08
49,71,"(38, 12)",1,-0.08
49,72,"(39, 12)",0,-0.08
49,73,"(39, 11)",1,-0.08
49,74,"(40, 11)",1,-0.08
49,75,"(41, 11)",1,-0.08
49,76,"(42, 11)",1,-0.08
49,77,"(43, 11)",1,-0.08
49,78,"(44, 11)",1,-0.08
49,79,"(45, 11)",0,-0.08
49,80,"(45, 10)",1,-0.08
49,81,"(46, 10)",1,-0.08
49,82,"(47, 10)",1,-0.08
49,83,"(48, 10)",1,-0.08
49,84,"(49, 10)",1,-0.08
49,85,"(50, 10)",0,-0.08
49,86,"(50, 9)",0,-0.08
49,87,"(50, 8)",0,-0.08
49,88,"(50, 7)",1,-0.08
49,89,"(51, 7)",1,-0.08
49,90,"(52, 7)",1,-0.08
49,91,"(53, 7)",1,-0.08
49,92,"(54, 7)",1,-0.08
49,93,"(55, 7)",1,-0.08
49,94,"(56, 7)",1,-0.08
49,95,"(57, 7)",1,-0.08
49,96,"(58, 7)",1,-0.08
49,97,"(59, 7)",1,-0.08
49,98,"(60, 7)",1,-0.08
49,99,"(61, 7)",1,-0.08
49,100,"(62, 7)",1,-0.08
49,101,"(63, 7)",1,-0.08
49,102,"(64, 7)",1,-0.08
49,103,"(65, 7)",1,-0.08
49,104,"(66, 7)",1,-0.08
49,105,"(67, 7)",1,-0.08
49,106,"(68, 7)",1,-0.08
49,107,"(69, 7)",1,-0.08
49,108,"(70, 7)",0,-0.08
49,109,"(70, 6)",1,-0.08
49,110,"(71, 6)",0,-0.08
49,111,"(71, 5)",1,-0.08
49,112,"(72, 5)",1,-0.08
49,113,"(73, 5)",1,-0.08
49,114,"(74, 5)",0,-0.08
49,115,"(74, 4)",1,-0.08
49,116,"(75, 4)",0,-0.08
49,117,"(75, 3)",1,-0.08
49,118,"(76, 3)",1,-0.08
49,119,"(77, 3)",1,-8.33
49,120,"(77, 3)",0,-0.08
49,121,"(77, 2)",0,-0.08
49,122,"(77, 1)",0,-0.08
49,123,"(77, 0)",1,-0.08
49,124,"(78, 0)",1,8.33
50,0,"(0, 39)",0,-0.08
50,1,"(0, 38)",0,-0.08
50,2,"(0, 37)",1,-0.08
50,3,"(1, 37)",1,-8.33
50,4,"(1, 37)",0,-8.33
50,5,"(1, 37)",3,-0.08
50,6,"(0, 37)",0,-0.08
50,7,"(0, 36)",0,-0.08
50,8,"(0, 35)",0,-0.08
50,9,"(0, 34)",0,-0.08
50,10,"(0, 33)",1,-0.08
50,11,"(1, 33)",1,-0.08
50,12,"(2, 33)",1,-0.08
50,13,"(3, 33)",1,-0.08
50,14,"(4, 33)",1,-0.08
50,15,"(5, 33)",1,-0.08
50,16,"(6, 33)",1,-0.08
50,17,"(7, 33)",1,-0.08
50,18,"(8, 33)",0,-0.08
50,19,"(8, 32)",0,-0.08
50,20,"(8, 31)",0,-0.08
50,21,"(8, 30)",0,-0.08
50,22,"(8, 29)",0,-0.08
50,23,"(8, 28)",0,-0.08
50,24,"(8, 27)",1,-0.08
50,25,"(9, 27)",1,-0.08
50,26,"(10, 27)",1,-0.08
50,27,"(11, 27)",1,-0.08
50,28,"(12, 27)",0,-0.08
50,29,"(12, 26)",1,-0.08
50,30,"(13, 26)",0,-0.08
50,31,"(13, 25)",1,-0.08
50,32,"(14, 25)",1,-0.08
50,33,"(15, 25)",1,-0.08
50,34,"(16, 25)",1,-0.08
50,35,"(17, 25)",0,-0.08
50,36,"(17, 24)",0,-0.08
50,37,"(17, 23)",0,-0.08
50,38,"(17, 22)",1,-0.08
50,39,"(18, 22)",1,-0.08
50,40,"(19, 22)",1,-0.08
50,41,"(20, 22)",0,-0.08
50,42,"(20, 21)",1,-0.08
50,43,"(21, 21)",0,-0.08
50,44,"(21, 20)",1,-0.08
50,45,"(22, 20)",0,-0.08
50,46,"(22, 19)",0,-8.33
50,47,"(22, 19)",1,-0.08
50,48,"(23, 19)",0,-0.08
50,49,"(23, 18)",0,-0.08
50,50,"(23, 17)",0,-0.08
50,51,"(23, 16)",0,-0.08
50,52,"(23, 15)",1,-0.08
50,53,"(24, 15)",1,-0.08
50,54,"(25, 15)",1,-0.08
50,55,"(26, 15)",1,-0.08
50,56,"(27, 15)",0,-0.08
50,57,"(27, 14)",0,-0.08
50,58,"(27, 13)",1,-0.08
50,59,"(28, 13)",1,-0.08
50,60,"(29, 13)",1,-0.08
50,61,"(30, 13)",1,-0.08
50,62,"(31, 13)",1,-0.08
50,63,"(32, 13)",1,-0.08
50,64,"(33, 13)",1,-0.08
50,65,"(34, 13)",1,-0.08
50,66,"(35, 13)",0,-0.08
50,67,"(35, 12)",1,-0.08
50,68,"(36, 12)",1,-0.08
50,69,"(37, 12)",1,-0.08
50,70,"(38, 12)",1,-0.08
50,71,"(39, 12)",0,-0.08
50,72,"(39, 11)",1,-0.08
50,73,"(40, 11)",1,-0.08
50,74,"(41, 11)",1,-0.08
50,75,"(42, 11)",1,-0.08
50,76,"(43, 11)",1,-0.08
50,77,"(44, 11)",1,-0.08
50,78,"(45, 11)",0,-0.08
50,79,"(45, 10)",0,-0.08
50,80,"(45, 9)",0,-0.08
50,81,"(45, 8)",0,-0.08
50,82,"(45, 7)",1,-0.08
50,83,"(46, 7)",1,-0.08
50,84,"(47, 7)",1,-0.08
50,85,"(48, 7)",1,-0.08
50,86,"(49, 7)",1,-0.08
50,87,"(50, 7)",1,-0.08
50,88,"(51, 7)",1,-0.08
50,89,"(52, 7)",1,-0.08
50,90,"(53, 7)",1,-0.08
50,91,"(54, 7)",1,-0.08
50,92,"(55, 7)",1,-0.08
50,93,"(56, 7)",1,-0.08
50,94,"(57, 7)",1,-0.08
50,95,"(58, 7)",1,-0.08
50,96,"(59, 7)",1,-0.08
50,97,"(60, 7)",1,-0.08
50,98,"(61, 7)",1,-0.08
50,99,"(62, 7)",1,-0.08
50,100,"(63, 7)",1,-0.08
50,101,"(64, 7)",1,-0.08
50,102,"(65, 7)",1,-0.08
50,103,"(66, 7)",1,-0.08
50,104,"(67, 7)",1,-0.08
50,105,"(68, 7)",1,-0.08
50,106,"(69, 7)",0,-0.08
50,107,"(69, 6)",1,-0.08
50,108,"(70, 6)",1,-0.08
50,109,"(71, 6)",0,-0.08
50,110,"(71, 5)",1,-0.08
50,111,"(72, 5)",1,-0.08
50,112,"(73, 5)",1,-0.08
50,113,"(74, 5)",0,-0.08
50,114,"(74, 4)",1,-0.08
50,115,"(75, 4)",0,-0.08
50,116,"(75, 3)",1,-0.08
50,117,"(76, 3)",0,-0.08
50,118,"(76, 2)",0,-0.08
50,119,"(76, 1)",0,-0.08
50,120,"(76, 0)",1,-0.08
50,121,"(77, 0)",1,-0.08
50,122,"(78, 0)",1,8.33
51,0,"(0, 39)",1,-0.08
51,1,"(1, 39)",0,-0.08
51,2,"(1, 38)",1,-8.33
51,3,"(1, 38)",0,-0.08
51,4,"(1, 37)",0,-8.33
51,5,"(1, 37)",3,-0.08
51,6,"(0, 37)",0,-0.08
51,7,"(0, 36)",0,-0.08
51,8,"(0, 35)",1,-0.08
51,9,"(1, 35)",0,-0.08
51,10,"(1, 34)",1,-0.08
51,11,"(2, 34)",0,-0.08
51,12,"(2, 33)",0,-0.08
51,13,"(2, 32)",0,-0.08
51,14,"(2, 31)",1,-0.08
51,15,"(3, 31)",0,-8.33
51,16,"(3, 31)",0,-8.33
51,17,"(3, 31)",3,-0.08
51,18,"(2, 31)",3,-0.08
51,19,"(1, 31)",0,-0.08
51,20,"(1, 30)",0,-0.08
51,21,"(1, 29)",0,-0.08
51,22,"(1, 28)",0,-0.08
51,23,"(1, 27)",0,-0.08
51,24,"(1, 26)",1,-0.08
51,25,"(2, 26)",1,-0.08
51,26,"(3, 26)",0,-0.08
51,27,"(3, 25)",1,-0.08
51,28,"(4, 25)",1,-0.08
51,29,"(5, 25)",1,-0.08
51,30,"(6, 25)",1,-0.08
51,31,"(7, 25)",1,-0.08
51,32,"(8, 25)",1,-0.08
51,33,"(9, 25)",0,-0.08
51,34,"(9, 24)",1,-0.08
51,35,"(10, 24)",1,-0.08
51,36,"(11, 24)",1,-0.08
51,37,"(12, 24)",1,-0.08
51,38,"(13, 24)",1,-0.08
51,39,"(14, 24)",0,-0.08
51,40,"(14, 23)",1,-0.08
51,41,"(15, 23)",1,-0.08
51,42,"(16, 23)",0,-0.08
51,43,"(16, 22)",1,-0.08
51,44,"(17, 22)",1,-0.08
51,45,"(18, 22)",1,-0.08
51,46,"(19, 22)",0,-0.08
51,47,"(19, 21)",1,-0.08
51,48,"(20, 21)",1,-0.08
51,49,"(21, 21)",0,-0.08
51,50,"(21, 20)",1,-0.08
51,51,"(22, 20)",0,-0.08
51,52,"(22, 19)",1,-0.08
51,53,"(23, 19)",0,-0.08
51,54,"(23, 18)",0,-0.08
51,55,"(23, 17)",1,-0.08
51,56,"(24, 17)",1,-0.08
51,57,"(25, 17)",1,-0.08
51,58,"(26, 17)",1,-0.08
51,59,"(27, 17)",0,-0.08
51,60,"(27, 16)",1,-0.08
51,61,"(28, 16)",0,-0.08
51,62,"(28, 15)",1,-0.08
51,63,"(29, 15)",1,-0.08
51,64,"(30, 15)",1,-0.08
51,65,"(31, 15)",1,-0.08
51,66,"(32, 15)",1,-0.08
51,67,"(33, 15)",1,-0.08
51,68,"(34, 15)",0,-0.08
51,69,"(34, 14)",0,-0.08
51,70,"(34, 13)",1,-0.08
51,71,"(35, 13)",1,-0.08
51,72,"(36, 13)",1,-0.08
51,73,"(37, 13)",1,-0.08
51,74,"(38, 13)",0,-0.08
51,75,"(38, 12)",1,-0.08
51,76,"(39, 12)",0,-0.08
51,77,"(39, 11)",1,-0.08
51,78,"(40, 11)",1,-0.08
51,79,"(41, 11)",1,-0.08
51,80,"(42, 11)",1,-0.08
51,81,"(43, 11)",1,-0.08
51,82,"(44, 11)",1,-0.08
51,83,"(45, 11)",0,-0.08
51,84,"(45, 10)",0,-0.08
51,85,"(45, 9)",1,-0.08
51,86,"(46, 9)",0,-0.08
51,87,"(46, 8)",0,-0.08
51,88,"(46, 7)",1,-0.08
51,89,"(47, 7)",1,-0.08
51,90,"(48, 7)",1,-0.08
51,91,"(49, 7)",1,-0.08
51,92,"(50, 7)",1,-0.08
51,93,"(51, 7)",1,-0.08
51,94,"(52, 7)",1,-0.08
51,95,"(53, 7)",1,-0.08
51,96,"(54, 7)",1,-0.08
51,97,"(55, 7)",1,-0.08
51,98,"(56, 7)",1,-0.08
51,99,"(57, 7)",1,-0.08
51,100,"(58, 7)",1,-0.08
51,101,"(59, 7)",1,-0.08
51,102,"(60, 7)",1,-0.08
51,103,"(61, 7)",1,-0.08
51,104,"(62, 7)",1,-0.08
51,105,"(63, 7)",1,-0.08
51,106,"(64, 7)",1,-0.08
51,107,"(65, 7)",1,-0.08
51,108,"(66, 7)",1,-0.08
51,109,"(67, 7)",1,-0.08
51,110,"(68, 7)",1,-0.08
51,111,"(69, 7)",0,-0.08
51,112,"(69, 6)",1,-0.08
51,113,"(70, 6)",1,-0.08
51,114,"(71, 6)",0,-0.08
51,115,"(71, 5)",1,-0.08
51,116,"(72, 5)",1,-0.08
51,117,"(73, 5)",1,-0.08
51,118,"(74, 5)",0,-0.08
51,119,"(74, 4)",0,-0.08
51,120,"(74, 3)",1,-0.08
51,121,"(75, 3)",1,-0.08
51,122,"(76, 3)",0,-0.08
51,123,"(76, 2)",0,-0.08
51,124,"(76, 1)",1,-0.08
51,125,"(77, 1)",0,-0.08
51,126,"(77, 0)",1,-0.08
51,127,"(78, 0)",1,8.33
52,0,"(0, 39)",1,-0.08
52,1,"(1, 39)",1,-0.08
52,2,"(2, 39)",1,-0.08
52,3,"(3, 39)",0,-0.08
52,4,"(3, 38)",0,-0.08
52,5,"(3, 37)",0,-0.08
52,6,"(3, 36)",1,-8.33
52,7,"(3, 36)",2,-0.08
52,8,"(3, 37)",1,-8.33
52,9,"(3, 37)",0,-0.08
52,10,"(3, 36)",0,-0.08
52,11,"(3, 35)",3,-0.08
52,12,"(2, 35)",0,-0.08
52,13,"(2, 34)",0,-0.08
52,14,"(2, 33)",1,-0.08
52,15,"(3, 33)",1,-0.08
52,16,"(4, 33)",1,-0.08
52,17,"(5, 33)",0,-0.08
52,18,"(5, 32)",0,-0.08
52,19,"(5, 31)",0,-0.08
52,20,"(5, 30)",0,-0.08
52,21,"(5, 29)",1,-0.08
52,22,"(6, 29)",1,-0.08
52,23,"(7, 29)",1,-0.08
52,24,"(8, 29)",0,-0.08
52,25,"(8, 28)",0,-0.08
52,26,"(8, 27)",1,-0.08
52,27,"(9, 27)",1,-0.08
52,28,"(10, 27)",1,-0.08
52,29,"(11, 27)",1,-0.08
52,30,"(12, 27)",1,-0.08
52,31,"(13, 27)",0,-0.08
52,32,"(13, 26)",0,-0.08
52,33,"(13, 25)",0,-0.08
52,34,"(13, 24)",0,-0.08
52,35,"(13, 23)",0,-0.08
52,36,"(13, 22)",1,-0.08
52,37,"(14, 22)",1,-8.33
52,38,"(14, 22)",2,-0.08
52,39,"(14, 23)",1,-0.08
52,40,"(15, 23)",1,-0.08
52,41,"(16, 23)",1,-0.08
52,42,"(17, 23)",0,-0.08
52,43,"(17, 22)",1,-0.08
52,44,"(18, 22)",1,-0.08
52,45,"(19, 22)",1,-0.08
52,46,"(20, 22)",0,-0.08
52,47,"(20, 21)",0,-0.08
52,48,"(20, 20)",0,-0.08
52,49,"(20, 19)",1,-0.08
52,50,"(21, 19)",0,-0.08
52,51,"(21, 18)",1,-8.33
52,52,"(21, 18)",2,-0.08
52,53,"(21, 19)",1,-0.08
52,54,"(22, 19)",1,-0.08
52,55,"(23, 19)",0,-0.08
52,56,"(23, 18)",0,-0.08
52,57,"(23, 17)",1,-0.08
52,58,"(24, 17)",1,-0.08
52,59,"(25, 17)",1,-0.08
52,60,"(26, 17)",1,-0.08
52,61,"(27, 17)",1,-0.08
52,62,"(28, 17)",0,-0.08
52,63,"(28, 16)",1,-0.08
52,64,"(29, 16)",0,-0.08
52,65,"(29, 15)",1,-0.08
52,66,"(30, 15)",1,-0.08
52,67,"(31, 15)",1,-0.08
52,68,"(32, 15)",1,-0.08
52,69,"(33, 15)",1,-0.08
52,70,"(34, 15)",1,-0.08
52,71,"(35, 15)",0,-0.08
52,72,"(35, 14)",0,-0.08
52,73,"(35, 13)",1,-0.08
52,74,"(36, 13)",0,-0.08
52,75,"(36, 12)",1,-0.08
52,76,"(37, 12)",1,-0.08
52,77,"(38, 12)",1,-0.08
52,78,"(39, 12)",0,-0.08
52,79,"(39, 11)",1,-0.08
52,80,"(40, 11)",1,-0.08
52,81,"(41, 11)",1,-0.08
52,82,"(42, 11)",1,-0.08
52,83,"(43, 11)",1,-0.08
52,84,"(44, 11)",1,-0.08
52,85,"(45, 11)",0,-0.08
52,86,"(45, 10)",0,-0.08
52,87,"(45, 9)",0,-0.08
52,88,"(45, 8)",0,-0.08
52,89,"(45, 7)",1,-0.08
52,90,"(46, 7)",1,-0.08
52,91,"(47, 7)",1,-0.08
52,92,"(48, 7)",1,-0.08
52,93,"(49, 7)",1,-0.08
52,94,"(50, 7)",1,-0.08
52,95,"(51, 7)",1,-0.08
52,96,"(52, 7)",1,-0.08
52,97,"(53, 7)",1,-0.08
52,98,"(54, 7)",1,-0.08
52,99,"(55, 7)",1,-0.08
52,100,"(56, 7)",1,-0.08
52,101,"(57, 7)",1,-0.08
52,102,"(58, 7)",1,-0.08
52,103,"(59, 7)",1,-0.08
52,104,"(60, 7)",1,-0.08
52,105,"(61, 7)",1,-0.08
52,106,"(62, 7)",1,-0.08
52,107,"(63, 7)",1,-0.08
52,108,"(64, 7)",1,-0.08
52,109,"(65, 7)",1,-0.08
52,110,"(66, 7)",1,-0.08
52,111,"(67, 7)",1,-0.08
52,112,"(68, 7)",1,-0.08
52,113,"(69, 7)",1,-0.08
52,114,"(70, 7)",1,-0.08
52,115,"(71, 7)",0,-0.08
52,116,"(71, 6)",0,-0.08
52,117,"(71, 5)",1,-0.08
52,118,"(72, 5)",1,-0.08
52,119,"(73, 5)",1,-0.08
52,120,"(74, 5)",0,-0.08
52,121,"(74, 4)",0,-0.08
52,122,"(74, 3)",1,-0.08
52,123,"(75, 3)",1,-0.08
52,124,"(76, 3)",1,-0.08
52,125,"(77, 3)",0,-0.08
52,126,"(77, 2)",0,-0.08
52,127,"(77, 1)",1,-0.08
52,128,"(78, 1)",1,-0.08
52,129,"(79, 1)",0,8.33
53,0,"(0, 39)",1,-0.08
53,1,"(1, 39)",0,-0.08
53,2,"(1, 38)",1,-8.33
53,3,"(1, 38)",0,-0.08
53,4,"(1, 37)",0,-8.33
53,5,"(1, 37)",3,-0.08
53,6,"(0, 37)",0,-0.08
53,7,"(0, 36)",0,-0.08
53,8,"(0, 35)",0,-0.08
53,9,"(0, 34)",0,-0.08
53,10,"(0, 33)",1,-0.08
53,11,"(1, 33)",0,-0.08
53,12,"(1, 32)",0,-0.08
53,13,"(1, 31)",1,-0.08
53,14,"(2, 31)",1,-0.08
53,15,"(3, 31)",0,-8.33
53,16,"(3, 31)",3,-0.08
53,17,"(2, 31)",3,-0.08
53,18,"(1, 31)",0,-0.08
53,19,"(1, 30)",0,-0.08
53,20,"(1, 29)",1,-0.08
53,21,"(2, 29)",1,-0.08
53,22,"(3, 29)",0,-0.08
53,23,"(3, 28)",0,-0.08
53,24,"(3, 27)",0,-0.08
53,25,"(3, 26)",0,-0.08
53,26,"(3, 25)",1,-0.08
53,27,"(4, 25)",1,-0.08
53,28,"(5, 25)",1,-0.08
53,29,"(6, 25)",1,-0.08
53,30,"(7, 25)",1,-0.08
53,31,"(8, 25)",1,-0.08
53,32,"(9, 25)",1,-0.08
53,33,"(10, 25)",0,-0.08
53,34,"(10, 24)",1,-0.08
53,35,"(11, 24)",1,-0.08
53,36,"(12, 24)",1,-0.08
53,37,"(13, 24)",0,-0.08
53,38,"(13, 23)",1,-0.08
53,39,"(14, 23)",1,-0.08
53,40,"(15, 23)",1,-0.08
53,41,"(16, 23)",1,-0.08
53,42,"(17, 23)",1,-0.08
53,43,"(18, 23)",0,-0.08
53,44,"(18, 22)",1,-0.08
53,45,"(19, 22)",0,-0.08
53,46,"(19, 21)",1,-0.08
53,47,"(20, 21)",0,-0.08
53,48,"(20, 20)",1,-0.08
53,49,"(21, 20)",1,-0.08
53,50,"(22, 20)",1,-0.08
53,51,"(23, 20)",0,-0.08
53,52,"(23, 19)",0,-0.08
53,53,"(23, 18)",0,-0.08
53,54,"(23, 17)",0,-0.08
53,55,"(23, 16)",0,-0.08
53,56,"(23, 15)",1,-0.08
53,57,"(24, 15)",1,-0.08
53,58,"(25, 15)",1,-0.08
53,59,"(26, 15)",1,-0.08
53,60,"(27, 15)",1,-0.08
53,61,"(28, 15)",1,-0.08
53,62,"(29, 15)",1,-0.08
53,63,"(30, 15)",1,-0.08
53,64,"(31, 15)",0,-0.08
53,65,"(31, 14)",1,-0.08
53,66,"(32, 14)",0,-0.08
53,67,"(32, 13)",1,-0.08
53,68,"(33, 13)",1,-0.08
53,69,"(34, 13)",1,-0.08
53,70,"(35, 13)",1,-0.08
53,71,"(36, 13)",1,-0.08
53,72,"(37, 13)",0,-0.08
53,73,"(37, 12)",1,-0.08
53,74,"(38, 12)",1,-0.08
53,75,"(39, 12)",0,-0.08
53,76,"(39, 11)",1,-0.08
53,77,"(40, 11)",1,-0.08
53,78,"(41, 11)",1,-0.08
53,79,"(42, 11)",1,-0.08
53,80,"(43, 11)",1,-0.08
53,81,"(44, 11)",1,-0.08
53,82,"(45, 11)",0,-0.08
53,83,"(45, 10)",0,-0.08
53,84,"(45, 9)",0,-0.08
53,85,"(45, 8)",1,-0.08
53,86,"(46, 8)",0,-0.08
53,87,"(46, 7)",1,-0.08
53,88,"(47, 7)",1,-0.08
53,89,"(48, 7)",1,-0.08
53,90,"(49, 7)",1,-0.08
53,91,"(50, 7)",1,-0.08
53,92,"(51, 7)",1,-0.08
53,93,"(52, 7)",1,-0.08
53,94,"(53, 7)",1,-0.08
53,95,"(54, 7)",1,-0.08
53,96,"(55, 7)",1,-0.08
53,97,"(56, 7)",1,-0.08
53,98,"(57, 7)",1,-0.08
53,99,"(58, 7)",1,-0.08
53,100,"(59, 7)",1,-0.08
53,101,"(60, 7)",1,-0.08
53,102,"(61, 7)",1,-0.08
53,103,"(62, 7)",1,-0.08
53,104,"(63, 7)",1,-0.08
53,105,"(64, 7)",1,-0.08
53,106,"(65, 7)",1,-0.08
53,107,"(66, 7)",1,-0.08
53,108,"(67, 7)",1,-0.08
53,109,"(68, 7)",1,-0.08
53,110,"(69, 7)",0,-0.08
53,111,"(69, 6)",1,-0.08
53,112,"(70, 6)",1,-0.08
53,113,"(71, 6)",1,-0.08
53,114,"(72, 6)",0,-0.08
53,115,"(72, 5)",1,-0.08
53,116,"(73, 5)",1,-0.08
53,117,"(74, 5)",1,-0.08
53,118,"(75, 5)",1,-0.08
53,119,"(76, 5)",1,-0.08
53,120,"(77, 5)",0,-0.08
53,121,"(77, 4)",0,-0.08
53,122,"(77, 3)",0,-0.08
53,123,"(77, 2)",0,-0.08
53,124,"(77, 1)",0,-0.08
53,125,"(77, 0)",1,-0.08
53,126,"(78, 0)",1,8.33
54,0,"(0, 39)",0,-0.08
54,1,"(0, 38)",0,-0.08
54,2,"(0, 37)",0,-0.08
54,3,"(0, 36)",0,-0.08
54,4,"(0, 35)",1,-0.08
54,5,"(1, 35)",1,-0.08
54,6,"(2, 35)",0,-0.08
54,7,"(2, 34)",0,-0.08
54,8,"(2, 33)",0,-0.08
54,9,"(2, 32)",1,-0.08
54,10,"(3, 32)",1,-8.33
54,11,"(3, 32)",0,-0.08
54,12,"(3, 31)",0,-8.33
54,13,"(3, 31)",0,-8.33
54,14,"(3, 31)",2,-0.08
54,15,"(3, 32)",2,-0.08
54,16,"(3, 33)",1,-0.08
54,17,"(4, 33)",1,-0.08
54,18,"(5, 33)",1,-0.08
54,19,"(6, 33)",1,-0.08
54,20,"(7, 33)",1,-0.08
54,21,"(8, 33)",0,-0.08
54,22,"(8, 32)",1,-0.08
54,23,"(9, 32)",0,-0.08
54,24,"(9, 31)",0,-0.08
54,25,"(9, 30)",0,-0.08
54,26,"(9, 29)",1,-0.08
54,27,"(10, 29)",0,-0.08
54,28,"(10, 28)",0,-0.08
54,29,"(10, 27)",1,-0.08
54,30,"(11, 27)",1,-0.08
54,31,"(12, 27)",0,-0.08
54,32,"(12, 26)",0,-0.08
54,33,"(12, 25)",1,-0.08
54,34,"(13, 25)",1,-0.08
54,35,"(14, 25)",0,-0.08
54,36,"(14, 24)",0,-0.08
54,37,"(14, 23)",1,-0.08
54,38,"(15, 23)",1,-0.08
54,39,"(16, 23)",1,-0.08
54,40,"(17, 23)",1,-0.08
54,41,"(18, 23)",0,-0.08
54,42,"(18, 22)",1,-0.08
54,43,"(19, 22)",1,-0.08
54,44,"(20, 22)",1,-0.08
54,45,"(21, 22)",0,-0.08
54,46,"(21, 21)",0,-0.08
54,47,"(21, 20)",1,-0.08
54,48,"(22, 20)",1,-0.08
54,49,"(23, 20)",1,-0.08
54,50,"(24, 20)",1,-0.08
54,51,"(25, 20)",0,-0.08
54,52,"(25, 19)",0,-0.08
54,53,"(25, 18)",0,-0.08
54,54,"(25, 17)",1,-0.08
54,55,"(26, 17)",1,-0.08
54,56,"(27, 17)",1,-0.08
54,57,"(28, 17)",0,-0.08
54,58,"(28, 16)",0,-0.08
54,59,"(28, 15)",1,-0.08
54,60,"(29, 15)",1,-0.08
54,61,"(30, 15)",1,-0.08
54,62,"(31, 15)",1,-0.08
54,63,"(32, 15)",1,-0.08
54,64,"(33, 15)",1,-0.08
54,65,"(34, 15)",1,-0.08
54,66,"(35, 15)",0,-0.08
54,67,"(35, 14)",0,-0.08
54,68,"(35, 13)",0,-0.08
54,69,"(35, 12)",1,-0.08
54,70,"(36, 12)",1,-0.08
54,71,"(37, 12)",1,-0.08
54,72,"(38, 12)",1,-0.08
54,73,"(39, 12)",0,-0.08
54,74,"(39, 11)",1,-0.08
54,75,"(40, 11)",1,-0.08
54,76,"(41, 11)",1,-0.08
54,77,"(42, 11)",1,-0.08
54,78,"(43, 11)",1,-0.08
54,79,"(44, 11)",1,-0.08
54,80,"(45, 11)",0,-0.08
54,81,"(45, 10)",1,-0.08
54,82,"(46, 10)",1,-0.08
54,83,"(47, 10)",1,-0.08
54,84,"(48, 10)",1,-0.08
54,85,"(49, 10)",0,-0.08
54,86,"(49, 9)",1,-0.08
54,87,"(50, 9)",1,-0.08
54,88,"(51, 9)",1,-0.08
54,89,"(52, 9)",1,-0.08
54,90,"(53, 9)",1,-0.08
54,91,"(54, 9)",1,-0.08
54,92,"(55, 9)",1,-0.08
54,93,"(56, 9)",1,-0.08
54,94,"(57, 9)",0,-0.08
54,95,"(57, 8)",0,-0.08
54,96,"(57, 7)",1,-0.08
54,97,"(58, 7)",1,-0.08
54,98,"(59, 7)",1,-0.08
54,99,"(60, 7)",1,-0.08
54,100,"(61, 7)",1,-0.08
54,101,"(62, 7)",1,-0.08
54,102,"(63, 7)",1,-0.08
54,103,"(64, 7)",1,-0.08
54,104,"(65, 7)",1,-0.08
54,105,"(66, 7)",1,-0.08
54,106,"(67, 7)",1,-0.08
54,107,"(68, 7)",1,-0.08
54,108,"(69, 7)",0,-0.08
54,109,"(69, 6)",1,-0.08
54,110,"(70, 6)",1,-0.08
54,111,"(71, 6)",0,-0.08
54,112,"(71, 5)",1,-0.08
54,113,"(72, 5)",1,-0.08
54,114,"(73, 5)",1,-0.08
54,115,"(74, 5)",0,-0.08
54,116,"(74, 4)",1,-0.08
54,117,"(75, 4)",0,-0.08
54,118,"(75, 3)",1,-0.08
54,119,"(76, 3)",1,-0.08
54,120,"(77, 3)",0,-0.08
54,121,"(77, 2)",0,-0.08
54,122,"(77, 1)",1,-0.08
54,123,"(78, 1)",0,-0.08
54,124,"(78, 0)",1,8.33
55,0,"(0, 39)",1,-0.08
55,1,"(1, 39)",0,-0.08
55,2,"(1, 38)",1,-8.33
55,3,"(1, 38)",0,-0.08
55,4,"(1, 37)",0,-8.33
55,5,"(1, 37)",3,-0.08
55,6,"(0, 37)",0,-0.08
55,7,"(0, 36)",0,-0.08
55,8,"(0, 35)",0,-0.08
55,9,"(0, 34)",0,-0.08
55,10,"(0, 33)",1,-0.08
55,11,"(1, 33)",0,-0.08
55,12,"(1, 32)",0,-0.08
55,13,"(1, 31)",0,-0.08
55,14,"(1, 30)",0,-0.08
55,15,"(1, 29)",0,-0.08
55,16,"(1, 28)",0,-0.08
55,17,"(1, 27)",0,-0.08
55,18,"(1, 26)",0,-0.08
55,19,"(1, 25)",1,-0.08
55,20,"(2, 25)",1,-0.08
55,21,"(3, 25)",1,-0.08
55,22,"(4, 25)",1,-0.08
55,23,"(5, 25)",1,-0.08
55,24,"(6, 25)",1,-0.08
55,25,"(7, 25)",1,-0.08
55,26,"(8, 25)",1,-0.08
55,27,"(9, 25)",1,-0.08
55,28,"(10, 25)",0,-0.08
55,29,"(10, 24)",1,-0.08
55,30,"(11, 24)",1,-0.08
55,31,"(12, 24)",1,-0.08
55,32,"(13, 24)",1,-0.08
55,33,"(14, 24)",0,-0.08
55,34,"(14, 23)",1,-0.08
55,35,"(15, 23)",1,-0.08
55,36,"(16, 23)",1,-0.08
55,37,"(17, 23)",0,-0.08
55,38,"(17, 22)",1,-0.08
55,39,"(18, 22)",1,-0.08
55,40,"(19, 22)",0,-0.08
55,41,"(19, 21)",1,-0.08
55,42,"(20, 21)",1,-0.08
55,43,"(21, 21)",1,-0.08
55,44,"(22, 21)",1,-0.08
55,45,"(23, 21)",0,-0.08
55,46,"(23, 20)",1,-0.08
55,47,"(24, 20)",1,-0.08
55,48,"(25, 20)",0,-0.08
55,49,"(25, 19)",1,-0.08
55,50,"(26, 19)",1,-0.08
55,51,"(27, 19)",0,-0.08
55,52,"(27, 18)",0,-0.08
55,53,"(27, 17)",0,-0.08
55,54,"(27, 16)",1,-0.08
55,55,"(28, 16)",0,-0.08
55,56,"(28, 15)",1,-0.08
55,57,"(29, 15)",1,-0.08
55,58,"(30, 15)",1,-0.08
55,59,"(31, 15)",0,-0.08
55,60,"(31, 14)",1,-0.08
55,61,"(32, 14)",0,-0.08
55,62,"(32, 13)",1,-0.08
55,63,"(33, 13)",1,-0.08
55,64,"(34, 13)",1,-0.08
55,65,"(35, 13)",1,-0.08
55,66,"(36, 13)",1,-0.08
55,67,"(37, 13)",1,-0.08
55,68,"(38, 13)",1,-0.08
55,69,"(39, 13)",0,-0.08
55,70,"(39, 12)",0,-0.08
55,71,"(39, 11)",1,-0.08
55,72,"(40, 11)",1,-0.08
55,73,"(41, 11)",1,-0.08
55,74,"(42, 11)",1,-0.08
55,75,"(43, 11)",1,-0.08
55,76,"(44, 11)",1,-0.08
55,77,"(45, 11)",0,-0.08
55,78,"(45, 10)",0,-0.08
55,79,"(45, 9)",1,-0.08
55,80,"(46, 9)",0,-0.08
55,81,"(46, 8)",0,-0.08
55,82,"(46, 7)",1,-0.08
55,83,"(47, 7)",1,-0.08
55,84,"(48, 7)",1,-0.08
55,85,"(49, 7)",1,-0.08
55,86,"(50, 7)",1,-0.08
55,87,"(51, 7)",1,-0.08
55,88,"(52, 7)",1,-0.08
55,89,"(53, 7)",1,-0.08
55,90,"(54, 7)",1,-0.08
55,91,"(55, 7)",1,-0.08
55,92,"(56, 7)",1,-0.08
55,93,"(57, 7)",1,-0.08
55,94,"(58, 7)",1,-0.08
55,95,"(59, 7)",1,-0.08
55,96,"(60, 7)",1,-0.08
55,97,"(61, 7)",1,-0.08
55,98,"(62, 7)",1,-0.08
55,99,"(63, 7)",1,-0.08
55,100,"(64, 7)",1,-0.08
55,101,"(65, 7)",1,-0.08
55,102,"(66, 7)",1,-0.08
55,103,"(67, 7)",1,-0.08
55,104,"(68, 7)",1,-0.08
55,105,"(69, 7)",1,-0.08
55,106,"(70, 7)",0,-0.08
55,107,"(70, 6)",1,-0.08
55,108,"(71, 6)",1,-0.08
55,109,"(72, 6)",1,-0.08
55,110,"(73, 6)",1,-0.08
55,111,"(74, 6)",0,-0.08
55,112,"(74, 5)",1,-0.08
55,113,"(75, 5)",0,-0.08
55,114,"(75, 4)",1,-8.33
55,115,"(75, 4)",0,-0.08
55,116,"(75, 3)",1,-0.08
55,117,"(76, 3)",0,-0.08
55,118,"(76, 2)",0,-0.08
55,119,"(76, 1)",0,-0.08
55,120,"(76, 0)",1,-0.08
55,121,"(77, 0)",1,-0.08
55,122,"(78, 0)",1,8.33
56,0,"(0, 39)",0,-0.08
56,1,"(0, 38)",0,-0.08
56,2,"(0, 37)",1,-0.08
56,3,"(1, 37)",0,-8.33
56,4,"(1, 37)",3,-0.08
56,5,"(0, 37)",0,-0.08
56,6,"(0, 36)",0,-0.08
56,7,"(0, 35)",1,-0.08
56,8,"(1, 35)",0,-0.08
56,9,"(1, 34)",1,-0.08
56,10,"(2, 34)",0,-0.08
56,11,"(2, 33)",0,-0.08
56,12,"(2, 32)",1,-0.08
56,13,"(3, 32)",0,-0.08
56,14,"(3, 31)",0,-8.33
56,15,"(3, 31)",0,-8.33
56,16,"(3, 31)",3,-0.08
56,17,"(2, 31)",3,-0.08
56,18,"(1, 31)",0,-0.08
56,19,"(1, 30)",0,-0.08
56,20,"(1, 29)",1,-0.08
56,21,"(2, 29)",1,-0.08
56,22,"(3, 29)",1,-0.08
56,23,"(4, 29)",1,-0.08
56,24,"(5, 29)",1,-0.08
56,25,"(6, 29)",1,-0.08
56,26,"(7, 29)",0,-0.08
56,27,"(7, 28)",0,-0.08
56,28,"(7, 27)",1,-0.08
56,29,"(8, 27)",1,-0.08
56,30,"(9, 27)",1,-0.08
56,31,"(10, 27)",1,-0.08
56,32,"(11, 27)",1,-0.08
56,33,"(12, 27)",0,-0.08
56,34,"(12, 26)",1,-0.08
56,35,"(13, 26)",0,-0.08
56,36,"(13, 25)",1,-0.08
56,37,"(14, 25)",0,-0.08
56,38,"(14, 24)",0,-0.08
56,39,"(14, 23)",1,-0.08
56,40,"(15, 23)",1,-0.08
56,41,"(16, 23)",0,-0.08
56,42,"(16, 22)",1,-0.08
56,43,"(17, 22)",1,-0.08
56,44,"(18, 22)",1,-0.08
56,45,"(19, 22)",1,-0.08
56,46,"(20, 22)",1,-0.08
56,47,"(21, 22)",0,-0.08
56,48,"(21, 21)",1,-0.08
56,49,"(22, 21)",0,-0.08
56,50,"(22, 20)",0,-0.08
56,51,"(22, 19)",1,-0.08
56,52,"(23, 19)",0,-0.08
56,53,"(23, 18)",0,-0.08
56,54,"(23, 17)",1,-0.08
56,55,"(24, 17)",1,-0.08
56,56,"(25, 17)",1,-0.08
56,57,"(26, 17)",1,-0.08
56,58,"(27, 17)",0,-0.08
56,59,"(27, 16)",0,-0.08
56,60,"(27, 15)",1,-0.08
56,61,"(28, 15)",1,-0.08
56,62,"(29, 15)",0,-0.08
56,63,"(29, 14)",0,-0.08
56,64,"(29, 13)",1,-0.08
56,65,"(30, 13)",1,-0.08
56,66,"(31, 13)",1,-0.08
56,67,"(32, 13)",1,-0.08
56,68,"(33, 13)",1,-0.08
56,69,"(34, 13)",1,-0.08
56,70,"(35, 13)",0,-0.08
56,71,"(35, 12)",1,-0.08
56,72,"(36, 12)",1,-0.08
56,73,"(37, 12)",1,-0.08
56,74,"(38, 12)",1,-0.08
56,75,"(39, 12)",0,-0.08
56,76,"(39, 11)",1,-0.08
56,77,"(40, 11)",1,-0.08
56,78,"(41, 11)",1,-0.08
56,79,"(42, 11)",1,-0.08
56,80,"(43, 11)",1,-0.08
56,81,"(44, 11)",1,-0.08
56,82,"(45, 11)",0,-0.08
56,83,"(45, 10)",0,-0.08
56,84,"(45, 9)",1,-0.08
56,85,"(46, 9)",0,-0.08
56,86,"(46, 8)",0,-0.08
56,87,"(46, 7)",1,-0.08
56,88,"(47, 7)",1,-0.08
56,89,"(48, 7)",1,-0.08
56,90,"(49, 7)",1,-0.08
56,91,"(50, 7)",1,-0.08
56,92,"(51, 7)",1,-0.08
56,93,"(52, 7)",1,-0.08
56,94,"(53, 7)",1,-0.08
56,95,"(54, 7)",1,-0.08
56,96,"(55, 7)",1,-0.08
56,97,"(56, 7)",1,-0.08
56,98,"(57, 7)",1,-0.08
56,99,"(58, 7)",1,-0.08
56,100,"(59, 7)",1,-0.08
56,101,"(60, 7)",1,-0.08
56,102,"(61, 7)",1,-0.08
56,103,"(62, 7)",1,-0.08
56,104,"(63, 7)",1,-0.08
56,105,"(64, 7)",1,-0.08
56,106,"(65, 7)",1,-0.08
56,107,"(66, 7)",1,-0.08
56,108,"(67, 7)",1,-0.08
56,109,"(68, 7)",1,-0.08
56,110,"(69, 7)",1,-0.08
56,111,"(70, 7)",0,-0.08
56,112,"(70, 6)",1,-0.08
56,113,"(71, 6)",1,-0.08
56,114,"(72, 6)",0,-0.08
56,115,"(72, 5)",1,-0.08
56,116,"(73, 5)",1,-0.08
56,117,"(74, 5)",0,-0.08
56,118,"(74, 4)",0,-0.08
56,119,"(74, 3)",1,-0.08
56,120,"(75, 3)",1,-0.08
56,121,"(76, 3)",0,-0.08
56,122,"(76, 2)",0,-0.08
56,123,"(76, 1)",1,-0.08
56,124,"(77, 1)",1,-0.08
56,125,"(78, 1)",0,-0.08
56,126,"(78, 0)",1,8.33
57,0,"(0, 39)",0,-0.08
57,1,"(0, 38)",0,-0.08
57,2,"(0, 37)",1,-0.08
57,3,"(1, 37)",0,-8.33
57,4,"(1, 37)",3,-0.08
57,5,"(0, 37)",0,-0.08
57,6,"(0, 36)",0,-0.08
57,7,"(0, 35)",0,-0.08
57,8,"(0, 34)",0,-0.08
57,9,"(0, 33)",1,-0.08
57,10,"(1, 33)",0,-0.08
57,11,"(1, 32)",1,-0.08
57,12,"(2, 32)",1,-0.08
57,13,"(3, 32)",0,-0.08
57,14,"(3, 31)",0,-8.33
57,15,"(3, 31)",0,-8.33
57,16,"(3, 31)",3,-0.08
57,17,"(2, 31)",3,-0.08
57,18,"(1, 31)",0,-0.08
57,19,"(1, 30)",0,-0.08
57,20,"(1, 29)",0,-0.08
57,21,"(1, 28)",0,-0.08
57,22,"(1, 27)",0,-0.08
57,23,"(1, 26)",0,-0.08
57,24,"(1, 25)",1,-0.08
57,25,"(2, 25)",1,-0.08
57,26,"(3, 25)",1,-0.08
57,27,"(4, 25)",1,-0.08
57,28,"(5, 25)",1,-0.08
57,29,"(6, 25)",1,-0.08
57,30,"(7, 25)",1,-0.08
57,31,"(8, 25)",1,-0.08
57,32,"(9, 25)",1,-0.08
57,33,"(10, 25)",0,-0.08
57,34,"(10, 24)",1,-0.08
57,35,"(11, 24)",1,-0.08
57,36,"(12, 24)",1,-0.08
57,37,"(13, 24)",1,-0.08
57,38,"(14, 24)",0,-0.08
57,39,"(14, 23)",1,-0.08
57,40,"(15, 23)",1,-0.08
57,41,"(16, 23)",1,-0.08
57,42,"(17, 23)",0,-0.08
57,43,"(17, 22)",1,-0.08
57,44,"(18, 22)",1,-0.08
57,45,"(19, 22)",1,-0.08
57,46,"(20, 22)",0,-0.08
57,47,"(20, 21)",1,-0.08
57,48,"(21, 21)",1,-0.08
57,49,"(22, 21)",1,-0.08
57,50,"(23, 21)",1,-0.08
57,51,"(24, 21)",1,-0.08
57,52,"(25, 21)",0,-0.08
57,53,"(25, 20)",0,-0.08
57,54,"(25, 19)",1,-0.08
57,55,"(26, 19)",1,-0.08
57,56,"(27, 19)",1,-0.08
57,57,"(28, 19)",1,-0.08
57,58,"(29, 19)",1,-0.08
57,59,"(30, 19)",1,-0.08
57,60,"(31, 19)",0,-0.08
57,61,"(31, 18)",1,-0.08
57,62,"(32, 18)",0,-0.08
57,63,"(32, 17)",1,-0.08
57,64,"(33, 17)",1,-0.08
57,65,"(34, 17)",1,-0.08
57,66,"(35, 17)",0,-0.08
57,67,"(35, 16)",0,-0.08
57,68,"(35, 15)",0,-0.08
57,69,"(35, 14)",0,-0.08
57,70,"(35, 13)",1,-0.08
57,71,"(36, 13)",0,-0.08
57,72,"(36, 12)",1,-0.08
57,73,"(37, 12)",1,-0.08
57,74,"(38, 12)",1,-0.08
57,75,"(39, 12)",0,-0.08
57,76,"(39, 11)",1,-0.08
57,77,"(40, 11)",1,-0.08
57,78,"(41, 11)",1,-0.08
57,79,"(42, 11)",1,-0.08
57,80,"(43, 11)",1,-0.08
57,81,"(44, 11)",1,-0.08
57,82,"(45, 11)",0,-0.08
57,83,"(45, 10)",1,-0.08
57,84,"(46, 10)",0,-0.08
57,85,"(46, 9)",0,-0.08
57,86,"(46, 8)",0,-0.08
57,87,"(46, 7)",1,-0.08
57,88,"(47, 7)",1,-0.08
57,89,"(48, 7)",1,-0.08
57,90,"(49, 7)",1,-0.08
57,91,"(50, 7)",1,-0.08
57,92,"(51, 7)",1,-0.08
57,93,"(52, 7)",1,-0.08
57,94,"(53, 7)",1,-0.08
57,95,"(54, 7)",1,-0.08
57,96,"(55, 7)",1,-0.08
57,97,"(56, 7)",1,-0.08
57,98,"(57, 7)",1,-0.08
57,99,"(58, 7)",1,-0.08
57,100,"(59, 7)",1,-0.08
57,101,"(60, 7)",1,-0.08
57,102,"(61, 7)",1,-0.08
57,103,"(62, 7)",1,-0.08
57,104,"(63, 7)",1,-0.08
57,105,"(64, 7)",1,-0.08
57,106,"(65, 7)",1,-0.08
57,107,"(66, 7)",1,-0.08
57,108,"(67, 7)",1,-0.08
57,109,"(68, 7)",1,-0.08
57,110,"(69, 7)",0,-0.08
57,111,"(69, 6)",1,-0.08
57,112,"(70, 6)",1,-0.08
57,113,"(71, 6)",1,-0.08
57,114,"(72, 6)",1,-0.08
57,115,"(73, 6)",1,-0.08
57,116,"(74, 6)",0,-0.08
57,117,"(74, 5)",0,-0.08
57,118,"(74, 4)",0,-0.08
57,119,"(74, 3)",1,-0.08
57,120,"(75, 3)",1,-0.08
57,121,"(76, 3)",0,-0.08
57,122,"(76, 2)",0,-0.08
57,123,"(76, 1)",1,-0.08
57,124,"(77, 1)",0,-0.08
57,125,"(77, 0)",1,-0.08
57,126,"(78, 0)",1,8.33
58,0,"(0, 39)",1,-0.08
58,1,"(1, 39)",1,-0.08
58,2,"(2, 39)",1,-0.08
58,3,"(3, 39)",1,-0.08
58,4,"(4, 39)",0,-8.33
58,5,"(4, 39)",1,-0.08
58,6,"(5, 39)",1,-0.08
58,7,"(6, 39)",0,-8.33
58,8,"(6, 39)",1,-0.08
58,9,"(7, 39)",0,-0.08
58,10,"(7, 38)",1,-0.08
58,11,"(8, 38)",1,-8.33
58,12,"(8, 38)",3,-0.08
58,13,"(7, 38)",0,-0.08
58,14,"(7, 37)",0,-0.08
58,15,"(7, 36)",0,-0.08
58,16,"(7, 35)",0,-0.08
58,17,"(7, 34)",0,-0.08
58,18,"(7, 33)",1,-0.08
58,19,"(8, 33)",1,-0.08
58,20,"(9, 33)",1,-0.08
58,21,"(10, 33)",1,-0.08
58,22,"(11, 33)",1,-0.08
58,23,"(12, 33)",1,-0.08
58,24,"(13, 33)",1,-0.08
58,25,"(14, 33)",1,-0.08
58,26,"(15, 33)",1,-0.08
58,27,"(16, 33)",1,-0.08
58,28,"(17, 33)",1,-0.08
58,29,"(18, 33)",1,-0.08
58,30,"(19, 33)",1,-8.33
58,31,"(19, 33)",0,-0.08
58,32,"(19, 32)",0,-0.08
58,33,"(19, 31)",0,-0.08
58,34,"(19, 30)",0,-0.08
58,35,"(19, 29)",1,-0.08
58,36,"(20, 29)",1,-0.08
58,37,"(21, 29)",0,-0.08
58,38,"(21, 28)",0,-0.08
58,39,"(21, 27)",0,-0.08
58,40,"(21, 26)",1,-0.08
58,41,"(22, 26)",0,-0.08
58,42,"(22, 25)",0,-0.08
58,43,"(22, 24)",1,-0.08
58,44,"(23, 24)",0,-0.08
58,45,"(23, 23)",1,-0.08
58,46,"(24, 23)",0,-0.08
58,47,"(24, 22)",0,-0.08
58,48,"(24, 21)",1,-0.08
58,49,"(25, 21)",1,-0.08
58,50,"(26, 21)",1,-0.08
58,51,"(27, 21)",0,-0.08
58,52,"(27, 20)",1,-0.08
58,53,"(28, 20)",0,-0.08
58,54,"(28, 19)",1,-0.08
58,55,"(29, 19)",1,-0.08
58,56,"(30, 19)",1,-0.08
58,57,"(31, 19)",0,-0.08
58,58,"(31, 18)",0,-0.08
58,59,"(31, 17)",0,-0.08
58,60,"(31, 16)",0,-0.08
58,61,"(31, 15)",0,-0.08
58,62,"(31, 14)",1,-0.08
58,63,"(32, 14)",0,-0.08
58,64,"(32, 13)",1,-0.08
58,65,"(33, 13)",1,-0.08
58,66,"(34, 13)",1,-0.08
58,67,"(35, 13)",0,-0.08
58,68,"(35, 12)",1,-0.08
58,69,"(36, 12)",1,-0.08
58,70,"(37, 12)",1,-0.08
58,71,"(38, 12)",1,-0.08
58,72,"(39, 12)",0,-0.08
58,73,"(39, 11)",1,-0.08
58,74,"(40, 11)",1,-0.08
58,75,"(41, 11)",1,-0.08
58,76,"(42, 11)",1,-0.08
58,77,"(43, 11)",1,-0.08
58,78,"(44, 11)",1,-0.08
58,79,"(45, 11)",0,-0.08
58,80,"(45, 10)",0,-0.08
58,81,"(45, 9)",0,-0.08
58,82,"(45, 8)",0,-0.08
58,83,"(45, 7)",1,-0.08
58,84,"(46, 7)",1,-0.08
58,85,"(47, 7)",1,-0.08
58,86,"(48, 7)",1,-0.08
58,87,"(49, 7)",1,-0.08
58,88,"(50, 7)",1,-0.08
58,89,"(51, 7)",1,-0.08
58,90,"(52, 7)",1,-0.08
58,91,"(53, 7)",1,-0.08
58,92,"(54, 7)",1,-0.08
58,93,"(55, 7)",1,-0.08
58,94,"(56, 7)",1,-0.08
58,95,"(57, 7)",1,-0.08
58,96,"(58, 7)",1,-0.08
58,97,"(59, 7)",1,-0.08
58,98,"(60, 7)",1,-0.08
58,99,"(61, 7)",1,-0.08
58,100,"(62, 7)",1,-0.08
58,101,"(63, 7)",1,-0.08
58,102,"(64, 7)",1,-0.08
58,103,"(65, 7)",1,-0.08
58,104,"(66, 7)",1,-0.08
58,105,"(67, 7)",1,-0.08
58,106,"(68, 7)",1,-0.08
58,107,"(69, 7)",0,-0.08
58,108,"(69, 6)",1,-0.08
58,109,"(70, 6)",1,-0.08
58,110,"(71, 6)",0,-0.08
58,111,"(71, 5)",1,-0.08
58,112,"(72, 5)",1,-0.08
58,113,"(73, 5)",1,-0.08
58,114,"(74, 5)",1,-0.08
58,115,"(75, 5)",0,-0.08
58,116,"(75, 4)",0,-0.08
58,117,"(75, 3)",1,-0.08
58,118,"(76, 3)",1,-0.08
58,119,"(77, 3)",0,-0.08
58,120,"(77, 2)",0,-0.08
58,121,"(77, 1)",1,-0.08
58,122,"(78, 1)",1,-0.08
58,123,"(79, 1)",0,8.33
59,0,"(0, 39)",0,-0.08
59,1,"(0, 38)",1,-0.08
59,2,"(1, 38)",0,-0.08
59,3,"(1, 37)",1,-8.33
59,4,"(1, 37)",0,-8.33
59,5,"(1, 37)",3,-0.08
59,6,"(0, 37)",0,-0.08
59,7,"(0, 36)",0,-0.08
59,8,"(0, 35)",0,-0.08
59,9,"(0, 34)",1,-0.08
59,10,"(1, 34)",1,-0.08
59,11,"(2, 34)",0,-0.08
59,12,"(2, 33)",1,-0.08
59,13,"(3, 33)",0,-0.08
59,14,"(3, 32)",0,-0.08
59,15,"(3, 31)",0,-8.33
59,16,"(3, 31)",3,-0.08
59,17,"(2, 31)",3,-0.08
59,18,"(1, 31)",0,-0.08
59,19,"(1, 30)",0,-0.08
59,20,"(1, 29)",0,-0.08
59,21,"(1, 28)",0,-0.08
59,22,"(1, 27)",0,-0.08
59,23,"(1, 26)",0,-0.08
59,24,"(1, 25)",1,-0.08
59,25,"(2, 25)",1,-0.08
59,26,"(3, 25)",1,-0.08
59,27,"(4, 25)",1,-0.08
59,28,"(5, 25)",1,-0.08
59,29,"(6, 25)",1,-0.08
59,30,"(7, 25)",1,-0.08
59,31,"(8, 25)",1,-0.08
59,32,"(9, 25)",0,-0.08
59,33,"(9, 24)",1,-0.08
59,34,"(10, 24)",1,-0.08
59,35,"(11, 24)",1,-0.08
59,36,"(12, 24)",1,-0.08
59,37,"(13, 24)",1,-0.08
59,38,"(14, 24)",0,-0.08
59,39,"(14, 23)",1,-0.08
59,40,"(15, 23)",1,-0.08
59,41,"(16, 23)",0,-0.08
59,42,"(16, 22)",1,-0.08
59,43,"(17, 22)",1,-0.08
59,44,"(18, 22)",1,-0.08
59,45,"(19, 22)",1,-0.08
59,46,"(20, 22)",0,-0.08
59,47,"(20, 21)",1,-0.08
59,48,"(21, 21)",0,-0.08
59,49,"(21, 20)",0,-0.08
59,50,"(21, 19)",1,-0.08
59,51,"(22, 19)",1,-0.08
59,52,"(23, 19)",0,-0.08
59,53,"(23, 18)",0,-0.08
59,54,"(23, 17)",1,-0.08
59,55,"(24, 17)",1,-0.08
59,56,"(25, 17)",1,-0.08
59,57,"(26, 17)",1,-0.08
59,58,"(27, 17)",0,-0.08
59,59,"(27, 16)",1,-0.08
59,60,"(28, 16)",1,-0.08
59,61,"(29, 16)",0,-0.08
59,62,"(29, 15)",1,-0.08
59,63,"(30, 15)",1,-0.08
59,64,"(31, 15)",0,-0.08
59,65,"(31, 14)",1,-0.08
59,66,"(32, 14)",0,-0.08
59,67,"(32, 13)",1,-0.08
59,68,"(33, 13)",1,-0.08
59,69,"(34, 13)",1,-0.08
59,70,"(35, 13)",1,-0.08
59,71,"(36, 13)",1,-0.08
59,72,"(37, 13)",0,-0.08
59,73,"(37, 12)",1,-0.08
59,74,"(38, 12)",1,-0.08
59,75,"(39, 12)",0,-0.08
59,76,"(39, 11)",1,-0.08
59,77,"(40, 11)",1,-0.08
59,78,"(41, 11)",1,-0.08
59,79,"(42, 11)",1,-0.08
59,80,"(43, 11)",1,-0.08
59,81,"(44, 11)",1,-0.08
59,82,"(45, 11)",0,-0.08
59,83,"(45, 10)",0,-0.08
59,84,"(45, 9)",1,-0.08
59,85,"(46, 9)",0,-0.08
59,86,"(46, 8)",0,-0.08
59,87,"(46, 7)",1,-0.08
59,88,"(47, 7)",1,-0.08
59,89,"(48, 7)",1,-0.08
59,90,"(49, 7)",1,-0.08
59,91,"(50, 7)",1,-0.08
59,92,"(51, 7)",1,-0.08
59,93,"(52, 7)",1,-0.08
59,94,"(53, 7)",1,-0.08
59,95,"(54, 7)",1,-0.08
59,96,"(55, 7)",1,-0.08
59,97,"(56, 7)",1,-0.08
59,98,"(57, 7)",1,-0.08
59,99,"(58, 7)",1,-0.08
59,100,"(59, 7)",1,-0.08
59,101,"(60, 7)",1,-0.08
59,102,"(61, 7)",1,-0.08
59,103,"(62, 7)",1,-0.08
59,104,"(63, 7)",1,-0.08
59,105,"(64, 7)",1,-0.08
59,106,"(65, 7)",1,-0.08
59,107,"(66, 7)",1,-0.08
59,108,"(67, 7)",1,-0.08
59,109,"(68, 7)",1,-0.08
59,110,"(69, 7)",1,-0.08
59,111,"(70, 7)",0,-0.08
59,112,"(70, 6)",1,-0.08
59,113,"(71, 6)",1,-0.08
59,114,"(72, 6)",0,-0.08
59,115,"(72, 5)",1,-0.08
59,116,"(73, 5)",1,-0.08
59,117,"(74, 5)",0,-0.08
59,118,"(74, 4)",1,-0.08
59,119,"(75, 4)",0,-0.08
59,120,"(75, 3)",1,-0.08
59,121,"(76, 3)",1,-0.08
59,122,"(77, 3)",0,-0.08
59,123,"(77, 2)",0,-0.08
59,124,"(77, 1)",1,-0.08
59,125,"(78, 1)",0,-0.08
59,126,"(78, 0)",1,8.33
60,0,"(0, 39)",1,-0.08
60,1,"(1, 39)",1,-0.08
60,2,"(2, 39)",0,-8.33
60,3,"(2, 39)",1,-0.08
60,4,"(3, 39)",1,-0.08
60,5,"(4, 39)",1,-0.08
60,6,"(5, 39)",1,-0.08
60,7,"(6, 39)",0,-8.33
60,8,"(6, 39)",1,-0.08
60,9,"(7, 39)",0,-0.08
60,10,"(7, 38)",1,-0.08
60,11,"(8, 38)",1,-8.33
60,12,"(8, 38)",3,-0.08
60,13,"(7, 38)",0,-0.08
60,14,"(7, 37)",0,-0.08
60,15,"(7, 36)",0,-0.08
60,16,"(7, 35)",0,-0.08
60,17,"(7, 34)",0,-0.08
60,18,"(7, 33)",0,-0.08
60,19,"(7, 32)",0,-0.08
60,20,"(7, 31)",1,-0.08
60,21,"(8, 31)",0,-0.08
60,22,"(8, 30)",1,-0.08
60,23,"(9, 30)",0,-0.08
60,24,"(9, 29)",1,-0.08
60,25,"(10, 29)",0,-0.08
60,26,"(10, 28)",0,-0.08
60,27,"(10, 27)",0,-8.33
60,28,"(10, 27)",1,-0.08
60,29,"(11, 27)",1,-0.08
60,30,"(12, 27)",1,-0.08
60,31,"(13, 27)",1,-0.08
60,32,"(14, 27)",1,-0.08
60,33,"(15, 27)",0,-0.08
60,34,"(15, 26)",1,-0.08
60,35,"(16, 26)",0,-0.08
60,36,"(16, 25)",1,-0.08
60,37,"(17, 25)",0,-0.08
60,38,"(17, 24)",0,-0.08
60,39,"(17, 23)",1,-0.08
60,40,"(18, 23)",0,-0.08
60,41,"(18, 22)",1,-0.08
60,42,"(19, 22)",0,-0.08
60,43,"(19, 21)",0,-0.08
60,44,"(19, 20)",0,-0.08
60,45,"(19, 19)",1,-0.08
60,46,"(20, 19)",1,-0.08
60,47,"(21, 19)",1,-0.08
60,48,"(22, 19)",1,-0.08
60,49,"(23, 19)",0,-0.08
60,50,"(23, 18)",0,-0.08
60,51,"(23, 17)",1,-0.08
60,52,"(24, 17)",1,-0.08
60,53,"(25, 17)",1,-0.08
60,54,"(26, 17)",1,-0.08
60,55,"(27, 17)",0,-0.08
60,56,"(27, 16)",0,-0.08
60,57,"(27, 15)",1,-0.08
60,58,"(28, 15)",1,-0.08
60,59,"(29, 15)",1,-0.08
60,60,"(30, 15)",1,-0.08
60,61,"(31, 15)",0,-0.08
60,62,"(31, 14)",0,-0.08
60,63,"(31, 13)",1,-0.08
60,64,"(32, 13)",1,-0.08
60,65,"(33, 13)",1,-0.08
60,66,"(34, 13)",1,-0.08
60,67,"(35, 13)",1,-0.08
60,68,"(36, 13)",1,-0.08
60,69,"(37, 13)",1,-0.08
60,70,"(38, 13)",0,-0.08
60,71,"(38, 12)",1,-0.08
60,72,"(39, 12)",0,-0.08
60,73,"(39, 11)",1,-0.08
60,74,"(40, 11)",1,-0.08
60,75,"(41, 11)",1,-0.08
60,76,"(42, 11)",1,-0.08
60,77,"(43, 11)",1,-0.08
60,78,"(44, 11)",1,-0.08
60,79,"(45, 11)",0,-0.08
60,80,"(45, 10)",0,-0.08
60,81,"(45, 9)",1,-0.08
60,82,"(46, 9)",0,-0.08
60,83,"(46, 8)",0,-0.08
60,84,"(46, 7)",1,-0.08
60,85,"(47, 7)",1,-0.08
60,86,"(48, 7)",1,-0.08
60,87,"(49, 7)",1,-0.08
60,88,"(50, 7)",1,-0.08
60,89,"(51, 7)",1,-0.08
60,90,"(52, 7)",1,-0.08
60,91,"(53, 7)",1,-0.08
60,92,"(54, 7)",1,-0.08
60,93,"(55, 7)",1,-0.08
60,94,"(56, 7)",1,-0.08
60,95,"(57, 7)",1,-0.08
60,96,"(58, 7)",1,-0.08
60,97,"(59, 7)",1,-0.08
60,98,"(60, 7)",1,-0.08
60,99,"(61, 7)",1,-0.08
60,100,"(62, 7)",1,-0.08
60,101,"(63, 7)",1,-0.08
60,102,"(64, 7)",1,-0.08
60,103,"(65, 7)",1,-0.08
60,104,"(66, 7)",1,-0.08
60,105,"(67, 7)",1,-0.08
60,106,"(68, 7)",1,-0.08
60,107,"(69, 7)",1,-0.08
60,108,"(70, 7)",0,-0.08
60,109,"(70, 6)",1,-0.08
60,110,"(71, 6)",0,-0.08
60,111,"(71, 5)",1,-0.08
60,112,"(72, 5)",1,-0.08
60,113,"(73, 5)",1,-0.08
60,114,"(74, 5)",0,-0.08
60,115,"(74, 4)",1,-0.08
60,116,"(75, 4)",0,-0.08
60,117,"(75, 3)",1,-0.08
60,118,"(76, 3)",1,-0.08
60,119,"(77, 3)",0,-0.08
60,120,"(77, 2)",0,-0.08
60,121,"(77, 1)",0,-0.08
60,122,"(77, 0)",1,-0.08
60,123,"(78, 0)",1,8.33
61,0,"(0, 39)",0,-0.08
61,1,"(0, 38)",1,-0.08
61,2,"(1, 38)",0,-0.08
61,3,"(1, 37)",0,-8.33
61,4,"(1, 37)",3,-0.08
61,5,"(0, 37)",0,-0.08
61,6,"(0, 36)",0,-0.08
61,7,"(0, 35)",0,-0.08
61,8,"(0, 34)",0,-0.08
61,9,"(0, 33)",1,-0.08
61,10,"(1, 33)",0,-0.08
61,11,"(1, 32)",0,-0.08
61,12,"(1, 31)",0,-0.08
61,13,"(1, 30)",0,-0.08
61,14,"(1, 29)",0,-0.08
61,15,"(1, 28)",0,-0.08
61,16,"(1, 27)",0,-0.08
61,17,"(1, 26)",1,-0.08
61,18,"(2, 26)",1,-0.08
61,19,"(3, 26)",0,-0.08
61,20,"(3, 25)",1,-0.08
61,21,"(4, 25)",1,-0.08
61,22,"(5, 25)",1,-0.08
61,23,"(6, 25)",1,-0.08
61,24,"(7, 25)",1,-0.08
61,25,"(8, 25)",1,-0.08
61,26,"(9, 25)",1,-0.08
61,27,"(10, 25)",0,-0.08
61,28,"(10, 24)",1,-0.08
61,29,"(11, 24)",1,-0.08
61,30,"(12, 24)",1,-0.08
61,31,"(13, 24)",0,-0.08
61,32,"(13, 23)",1,-0.08
61,33,"(14, 23)",1,-0.08
61,34,"(15, 23)",1,-0.08
61,35,"(16, 23)",0,-0.08
61,36,"(16, 22)",1,-0.08
61,37,"(17, 22)",1,-0.08
61,38,"(18, 22)",1,-0.08
61,39,"(19, 22)",0,-0.08
61,40,"(19, 21)",1,-0.08
61,41,"(20, 21)",1,-0.08
61,42,"(21, 21)",0,-0.08
61,43,"(21, 20)",0,-0.08
61,44,"(21, 19)",1,-0.08
61,45,"(22, 19)",0,-8.33
61,46,"(22, 19)",1,-0.08
61,47,"(23, 19)",0,-0.08
61,48,"(23, 18)",0,-0.08
61,49,"(23, 17)",1,-0.08
61,50,"(24, 17)",1,-0.08
61,51,"(25, 17)",1,-0.08
61,52,"(26, 17)",1,-0.08
61,53,"(27, 17)",0,-0.08
61,54,"(27, 16)",0,-0.08
61,55,"(27, 15)",1,-0.08
61,56,"(28, 15)",1,-0.08
61,57,"(29, 15)",1,-0.08
61,58,"(30, 15)",1,-0.08
61,59,"(31, 15)",0,-0.08
61,60,"(31, 14)",0,-0.08
61,61,"(31, 13)",1,-0.08
61,62,"(32, 13)",1,-0.08
61,63,"(33, 13)",1,-0.08
61,64,"(34, 13)",1,-0.08
61,65,"(35, 13)",0,-0.08
61,66,"(35, 12)",1,-0.08
61,67,"(36, 12)",1,-0.08
61,68,"(37, 12)",1,-0.08
61,69,"(38, 12)",1,-0.08
61,70,"(39, 12)",0,-0.08
61,71,"(39, 11)",1,-0.08
61,72,"(40, 11)",1,-0.08
61,73,"(41, 11)",1,-0.08
61,74,"(42, 11)",1,-0.08
61,75,"(43, 11)",1,-0.08
61,76,"(44, 11)",1,-0.08
61,77,"(45, 11)",0,-0.08
61,78,"(45, 10)",0,-0.08
61,79,"(45, 9)",1,-0.08
61,80,"(46, 9)",0,-0.08
61,81,"(46, 8)",0,-0.08
61,82,"(46, 7)",1,-0.08
61,83,"(47, 7)",1,-0.08
61,84,"(48, 7)",1,-0.08
61,85,"(49, 7)",1,-0.08
61,86,"(50, 7)",1,-0.08
61,87,"(51, 7)",1,-0.08
61,88,"(52, 7)",1,-0.08
61,89,"(53, 7)",1,-0.08
61,90,"(54, 7)",1,-0.08
61,91,"(55, 7)",1,-0.08
61,92,"(56, 7)",1,-0.08
61,93,"(57, 7)",1,-0.08
61,94,"(58, 7)",1,-0.08
61,95,"(59, 7)",1,-0.08
61,96,"(60, 7)",1,-0.08
61,97,"(61, 7)",1,-0.08
61,98,"(62, 7)",1,-0.08
61,99,"(63, 7)",1,-0.08
61,100,"(64, 7)",1,-0.08
61,101,"(65, 7)",1,-0.08
61,102,"(66, 7)",1,-0.08
61,103,"(67, 7)",1,-0.08
61,104,"(68, 7)",1,-0.08
61,105,"(69, 7)",1,-0.08
61,106,"(70, 7)",0,-0.08
61,107,"(70, 6)",1,-0.08
61,108,"(71, 6)",0,-0.08
61,109,"(71, 5)",1,-0.08
61,110,"(72, 5)",1,-0.08
61,111,"(73, 5)",1,-0.08
61,112,"(74, 5)",1,-0.08
61,113,"(75, 5)",0,-0.08
61,114,"(75, 4)",0,-0.08
61,115,"(75, 3)",1,-0.08
61,116,"(76, 3)",0,-0.08
61,117,"(76, 2)",1,-0.08
61,118,"(77, 2)",0,-0.08
61,119,"(77, 1)",0,-0.08
61,120,"(77, 0)",1,-0.08
61,121,"(78, 0)",1,8.33
62,0,"(0, 39)",0,-0.08
62,1,"(0, 38)",0,-0.08
62,2,"(0, 37)",0,-0.08
62,3,"(0, 36)",0,-0.08
62,4,"(0, 35)",1,-0.08
62,5,"(1, 35)",0,-0.08
62,6,"(1, 34)",1,-0.08
62,7,"(2, 34)",1,-8.33
62,8,"(2, 34)",0,-0.08
62,9,"(2, 33)",0,-0.08
62,10,"(2, 32)",1,-0.08
62,11,"(3, 32)",0,-0.08
62,12,"(3, 31)",0,-8.33
62,13,"(3, 31)",0,-8.33
62,14,"(3, 31)",3,-0.08
62,15,"(2, 31)",3,-0.08
62,16,"(1, 31)",0,-0.08
62,17,"(1, 30)",0,-0.08
62,18,"(1, 29)",0,-0.08
62,19,"(1, 28)",0,-0.08
62,20,"(1, 27)",0,-0.08
62,21,"(1, 26)",1,-0.08
62,22,"(2, 26)",1,-0.08
62,23,"(3, 26)",0,-0.08
62,24,"(3, 25)",1,-0.08
62,25,"(4, 25)",1,-0.08
62,26,"(5, 25)",1,-0.08
62,27,"(6, 25)",1,-0.08
62,28,"(7, 25)",1,-0.08
62,29,"(8, 25)",1,-0.08
62,30,"(9, 25)",1,-0.08
62,31,"(10, 25)",1,-0.08
62,32,"(11, 25)",1,-0.08
62,33,"(12, 25)",1,-0.08
62,34,"(13, 25)",0,-0.08
62,35,"(13, 24)",0,-0.08
62,36,"(13, 23)",1,-0.08
62,37,"(14, 23)",1,-0.08
62,38,"(15, 23)",1,-0.08
62,39,"(16, 23)",0,-0.08
62,40,"(16, 22)",1,-0.08
62,41,"(17, 22)",1,-0.08
62,42,"(18, 22)",1,-0.08
62,43,"(19, 22)",1,-0.08
62,44,"(20, 22)",0,-0.08
62,45,"(20, 21)",1,-0.08
62,46,"(21, 21)",1,-0.08
62,47,"(22, 21)",1,-0.08
62,48,"(23, 21)",0,-0.08
62,49,"(23, 20)",0,-0.08
62,50,"(23, 19)",0,-0.08
62,51,"(23, 18)",0,-0.08
62,52,"(23, 17)",1,-0.08
62,53,"(24, 17)",1,-0.08
62,54,"(25, 17)",1,-0.08
62,55,"(26, 17)",1,-0.08
62,56,"(27, 17)",0,-0.08
62,57,"(27, 16)",1,-0.08
62,58,"(28, 16)",1,-0.08
62,59,"(29, 16)",0,-0.08
62,60,"(29, 15)",0,-0.08
62,61,"(29, 14)",0,-0.08
62,62,"(29, 13)",1,-0.08
62,63,"(30, 13)",1,-0.08
62,64,"(31, 13)",1,-0.08
62,65,"(32, 13)",1,-0.08
62,66,"(33, 13)",1,-0.08
62,67,"(34, 13)",1,-0.08
62,68,"(35, 13)",0,-0.08
62,69,"(35, 12)",1,-0.08
62,70,"(36, 12)",1,-0.08
62,71,"(37, 12)",1,-0.08
62,72,"(38, 12)",1,-0.08
62,73,"(39, 12)",0,-0.08
62,74,"(39, 11)",1,-0.08
62,75,"(40, 11)",1,-0.08
62,76,"(41, 11)",1,-0.08
62,77,"(42, 11)",1,-0.08
62,78,"(43, 11)",1,-0.08
62,79,"(44, 11)",1,-0.08
62,80,"(45, 11)",0,-0.08
62,81,"(45, 10)",1,-0.08
62,82,"(46, 10)",0,-0.08
62,83,"(46, 9)",0,-0.08
62,84,"(46, 8)",0,-0.08
62,85,"(46, 7)",1,-0.08
62,86,"(47, 7)",1,-0.08
62,87,"(48, 7)",1,-0.08
62,88,"(49, 7)",1,-0.08
62,89,"(50, 7)",1,-0.08
62,90,"(51, 7)",1,-0.08
62,91,"(52, 7)",1,-0.08
62,92,"(53, 7)",1,-0.08
62,93,"(54, 7)",1,-0.08
62,94,"(55, 7)",1,-0.08
62,95,"(56, 7)",1,-0.08
62,96,"(57, 7)",1,-0.08
62,97,"(58, 7)",1,-0.08
62,98,"(59, 7)",1,-0.08
62,99,"(60, 7)",1,-0.08
62,100,"(61, 7)",1,-0.08
62,101,"(62, 7)",1,-0.08
62,102,"(63, 7)",1,-0.08
62,103,"(64, 7)",1,-0.08
62,104,"(65, 7)",1,-0.08
62,105,"(66, 7)",1,-0.08
62,106,"(67, 7)",1,-0.08
62,107,"(68, 7)",1,-0.08
62,108,"(69, 7)",0,-0.08
62,109,"(69, 6)",1,-0.08
62,110,"(70, 6)",1,-0.08
62,111,"(71, 6)",1,-0.08
62,112,"(72, 6)",0,-0.08
62,113,"(72, 5)",1,-0.08
62,114,"(73, 5)",1,-0.08
62,115,"(74, 5)",0,-0.08
62,116,"(74, 4)",1,-0.08
62,117,"(75, 4)",0,-0.08
62,118,"(75, 3)",1,-0.08
62,119,"(76, 3)",1,-0.08
62,120,"(77, 3)",0,-0.08
62,121,"(77, 2)",0,-0.08
62,122,"(77, 1)",1,-0.08
62,123,"(78, 1)",1,-0.08
62,124,"(79, 1)",0,8.33
63,0,"(0, 39)",1,-0.08
63,1,"(1, 39)",1,-0.08
63,2,"(2, 39)",1,-0.08
63,3,"(3, 39)",0,-0.08
63,4,"(3, 38)",1,-8.33
63,5,"(3, 38)",0,-0.08
63,6,"(3, 37)",0,-0.08
63,7,"(3, 36)",1,-8.33
63,8,"(3, 36)",2,-0.08
63,9,"(3, 37)",1,-8.33
63,10,"(3, 37)",0,-0.08
63,11,"(3, 36)",0,-0.08
63,12,"(3, 35)",3,-0.08
63,13,"(2, 35)",0,-0.08
63,14,"(2, 34)",0,-0.08
63,15,"(2, 33)",0,-0.08
63,16,"(2, 32)",1,-0.08
63,17,"(3, 32)",0,-0.08
63,18,"(3, 31)",0,-8.33
63,19,"(3, 31)",0,-8.33
63,20,"(3, 31)",3,-0.08
63,21,"(2, 31)",3,-0.08
63,22,"(1, 31)",0,-0.08
63,23,"(1, 30)",0,-0.08
63,24,"(1, 29)",0,-0.08
63,25,"(1, 28)",0,-0.08
63,26,"(1, 27)",0,-0.08
63,27,"(1, 26)",0,-0.08
63,28,"(1, 25)",1,-0.08
63,29,"(2, 25)",1,-0.08
63,30,"(3, 25)",1,-0.08
63,31,"(4, 25)",1,-0.08
63,32,"(5, 25)",1,-0.08
63,33,"(6, 25)",1,-0.08
63,34,"(7, 25)",1,-0.08
63,35,"(8, 25)",1,-0.08
63,36,"(9, 25)",0,-0.08
63,37,"(9, 24)",1,-0.08
63,38,"(10, 24)",1,-0.08
63,39,"(11, 24)",1,-0.08
63,40,"(12, 24)",1,-0.08
63,41,"(13, 24)",0,-0.08
63,42,"(13, 23)",1,-0.08
63,43,"(14, 23)",1,-0.08
63,44,"(15, 23)",1,-0.08
63,45,"(16, 23)",0,-0.08
63,46,"(16, 22)",1,-0.08
63,47,"(17, 22)",1,-0.08
63,48,"(18, 22)",1,-0.08
63,49,"(19, 22)",1,-0.08
63,50,"(20, 22)",0,-0.08
63,51,"(20, 21)",1,-0.08
63,52,"(21, 21)",0,-0.08
63,53,"(21, 20)",1,-0.08
63,54,"(22, 20)",0,-0.08
63,55,"(22, 19)",1,-0.08
63,56,"(23, 19)",0,-0.08
63,57,"(23, 18)",0,-0.08
63,58,"(23, 17)",0,-0.08
63,59,"(23, 16)",0,-0.08
63,60,"(23, 15)",1,-0.08
63,61,"(24, 15)",1,-0.08
63,62,"(25, 15)",1,-0.08
63,63,"(26, 15)",1,-0.08
63,64,"(27, 15)",0,-0.08
63,65,"(27, 14)",0,-0.08
63,66,"(27, 13)",1,-0.08
63,67,"(28, 13)",1,-0.08
63,68,"(29, 13)",1,-0.08
63,69,"(30, 13)",1,-0.08
63,70,"(31, 13)",1,-0.08
63,71,"(32, 13)",1,-0.08
63,72,"(33, 13)",1,-0.08
63,73,"(34, 13)",1,-0.08
63,74,"(35, 13)",0,-0.08
63,75,"(35, 12)",1,-0.08
63,76,"(36, 12)",1,-0.08
63,77,"(37, 12)",1,-0.08
63,78,"(38, 12)",1,-0.08
63,79,"(39, 12)",0,-0.08
63,80,"(39, 11)",1,-0.08
63,81,"(40, 11)",1,-0.08
63,82,"(41, 11)",1,-0.08
63,83,"(42, 11)",1,-0.08
63,84,"(43, 11)",1,-0.08
63,85,"(44, 11)",1,-0.08
63,86,"(45, 11)",0,-0.08
63,87,"(45, 10)",1,-0.08
63,88,"(46, 10)",0,-0.08
63,89,"(46, 9)",0,-0.08
63,90,"(46, 8)",0,-0.08
63,91,"(46, 7)",1,-0.08
63,92,"(47, 7)",1,-0.08
63,93,"(48, 7)",1,-0.08
63,94,"(49, 7)",1,-0.08
63,95,"(50, 7)",1,-0.08
63,96,"(51, 7)",1,-0.08
63,97,"(52, 7)",1,-0.08
63,98,"(53, 7)",1,-0.08
63,99,"(54, 7)",1,-0.08
63,100,"(55, 7)",1,-0.08
63,101,"(56, 7)",1,-0.08
63,102,"(57, 7)",1,-0.08
63,103,"(58, 7)",1,-0.08
63,104,"(59, 7)",1,-0.08
63,105,"(60, 7)",1,-0.08
63,106,"(61, 7)",1,-0.08
63,107,"(62, 7)",1,-0.08
63,108,"(63, 7)",1,-0.08
63,109,"(64, 7)",1,-0.08
63,110,"(65, 7)",1,-0.08
63,111,"(66, 7)",1,-0.08
63,112,"(67, 7)",1,-0.08
63,113,"(68, 7)",1,-0.08
63,114,"(69, 7)",0,-0.08
63,115,"(69, 6)",1,-0.08
63,116,"(70, 6)",1,-0.08
63,117,"(71, 6)",1,-0.08
63,118,"(72, 6)",1,-0.08
63,119,"(73, 6)",0,-0.08
63,120,"(73, 5)",1,-0.08
63,121,"(74, 5)",1,-0.08
63,122,"(75, 5)",0,-0.08
63,123,"(75, 4)",0,-0.08
63,124,"(75, 3)",1,-0.08
63,125,"(76, 3)",1,-0.08
63,126,"(77, 3)",0,-0.08
63,127,"(77, 2)",0,-0.08
63,128,"(77, 1)",1,-0.08
63,129,"(78, 1)",1,-0.08
63,130,"(79, 1)",0,8.33
64,0,"(0, 39)",0,-0.08
64,1,"(0, 38)",1,-0.08
64,2,"(1, 38)",0,-0.08
64,3,"(1, 37)",1,-8.33
64,4,"(1, 37)",0,-8.33
64,5,"(1, 37)",3,-0.08
64,6,"(0, 37)",0,-0.08
64,7,"(0, 36)",0,-0.08
64,8,"(0, 35)",0,-0.08
64,9,"(0, 34)",0,-0.08
64,10,"(0, 33)",1,-0.08
64,11,"(1, 33)",0,-0.08
64,12,"(1, 32)",0,-0.08
64,13,"(1, 31)",1,-0.08
64,14,"(2, 31)",1,-0.08
64,15,"(3, 31)",0,-8.33
64,16,"(3, 31)",3,-0.08
64,17,"(2, 31)",3,-0.08
64,18,"(1, 31)",0,-0.08
64,19,"(1, 30)",0,-0.08
64,20,"(1, 29)",0,-0.08
64,21,"(1, 28)",0,-0.08
64,22,"(1, 27)",0,-0.08
64,23,"(1, 26)",1,-0.08
64,24,"(2, 26)",0,-0.08
64,25,"(2, 25)",1,-0.08
64,26,"(3, 25)",1,-0.08
64,27,"(4, 25)",1,-0.08
64,28,"(5, 25)",1,-0.08
64,29,"(6, 25)",1,-0.08
64,30,"(7, 25)",1,-0.08
64,31,"(8, 25)",1,-0.08
64,32,"(9, 25)",1,-0.08
64,33,"(10, 25)",0,-0.08
64,34,"(10, 24)",1,-0.08
64,35,"(11, 24)",1,-0.08
64,36,"(12, 24)",1,-0.08
64,37,"(13, 24)",1,-0.08
64,38,"(14, 24)",0,-0.08
64,39,"(14, 23)",1,-0.08
64,40,"(15, 23)",1,-0.08
64,41,"(16, 23)",1,-0.08
64,42,"(17, 23)",0,-0.08
64,43,"(17, 22)",1,-0.08
64,44,"(18, 22)",1,-0.08
64,45,"(19, 22)",1,-0.08
64,46,"(20, 22)",1,-0.08
64,47,"(21, 22)",0,-0.08
64,48,"(21, 21)",0,-0.08
64,49,"(21, 20)",0,-0.08
64,50,"(21, 19)",1,-0.08
64,51,"(22, 19)",1,-0.08
64,52,"(23, 19)",0,-0.08
64,53,"(23, 18)",0,-0.08
64,54,"(23, 17)",0,-0.08
64,55,"(23, 16)",0,-0.08
64,56,"(23, 15)",1,-0.08
64,57,"(24, 15)",1,-0.08
64,58,"(25, 15)",1,-0.08
64,59,"(26, 15)",1,-0.08
64,60,"(27, 15)",1,-0.08
64,61,"(28, 15)",1,-0.08
64,62,"(29, 15)",1,-0.08
64,63,"(30, 15)",1,-0.08
64,64,"(31, 15)",1,-0.08
64,65,"(32, 15)",0,-0.08
64,66,"(32, 14)",0,-0.08
64,67,"(32, 13)",1,-0.08
64,68,"(33, 13)",1,-0.08
64,69,"(34, 13)",1,-0.08
64,70,"(35, 13)",0,-0.08
64,71,"(35, 12)",1,-0.08
64,72,"(36, 12)",1,-0.08
64,73,"(37, 12)",1,-0.08
64,74,"(38, 12)",1,-0.08
64,75,"(39, 12)",0,-0.08
64,76,"(39, 11)",1,-0.08
64,77,"(40, 11)",1,-0.08
64,78,"(41, 11)",1,-0.08
64,79,"(42, 11)",1,-0.08
64,80,"(43, 11)",1,-0.08
64,81,"(44, 11)",1,-0.08
64,82,"(45, 11)",0,-0.08
64,83,"(45, 10)",1,-0.08
64,84,"(46, 10)",1,-0.08
64,85,"(47, 10)",1,-0.08
64,86,"(48, 10)",1,-0.08
64,87,"(49, 10)",1,-0.08
64,88,"(50, 10)",0,-0.08
64,89,"(50, 9)",0,-0.08
64,90,"(50, 8)",0,-0.08
64,91,"(50, 7)",1,-0.08
64,92,"(51, 7)",1,-0.08
64,93,"(52, 7)",1,-0.08
64,94,"(53, 7)",1,-0.08
64,95,"(54, 7)",1,-0.08
64,96,"(55, 7)",1,-0.08
64,97,"(56, 7)",1,-0.08
64,98,"(57, 7)",1,-0.08
64,99,"(58, 7)",1,-0.08
64,100,"(59, 7)",1,-0.08
64,101,"(60, 7)",1,-0.08
64,102,"(61, 7)",1,-0.08
64,103,"(62, 7)",1,-0.08
64,104,"(63, 7)",1,-0.08
64,105,"(64, 7)",1,-0.08
64,106,"(65, 7)",1,-0.08
64,107,"(66, 7)",1,-0.08
64,108,"(67, 7)",1,-0.08
64,109,"(68, 7)",1,-0.08
64,110,"(69, 7)",1,-0.08
64,111,"(70, 7)",0,-0.08
64,112,"(70, 6)",1,-0.08
64,113,"(71, 6)",1,-0.08
64,114,"(72, 6)",1,-0.08
64,115,"(73, 6)",0,-0.08
64,116,"(73, 5)",1,-0.08
64,117,"(74, 5)",1,-0.08
64,118,"(75, 5)",1,-0.08
64,119,"(76, 5)",1,-0.08
64,120,"(77, 5)",0,-0.08
64,121,"(77, 4)",0,-0.08
64,122,"(77, 3)",0,-0.08
64,123,"(77, 2)",0,-0.08
64,124,"(77, 1)",0,-0.08
64,125,"(77, 0)",1,-0.08
64,126,"(78, 0)",1,8.33
65,0,"(0, 39)",1,-0.08
65,1,"(1, 39)",1,-0.08
65,2,"(2, 39)",0,-8.33
65,3,"(2, 39)",1,-0.08
65,4,"(3, 39)",0,-0.08
65,5,"(3, 38)",0,-0.08
65,6,"(3, 37)",1,-8.33
65,7,"(3, 37)",0,-0.08
65,8,"(3, 36)",0,-0.08
65,9,"(3, 35)",3,-0.08
65,10,"(2, 35)",0,-0.08
65,11,"(2, 34)",0,-0.08
65,12,"(2, 33)",1,-0.08
65,13,"(3, 33)",1,-0.08
65,14,"(4, 33)",1,-0.08
65,15,"(5, 33)",1,-0.08
65,16,"(6, 33)",1,-0.08
65,17,"(7, 33)",1,-0.08
65,18,"(8, 33)",0,-0.08
65,19,"(8, 32)",1,-0.08
65,20,"(9, 32)",0,-0.08
65,21,"(9, 31)",0,-0.08
65,22,"(9, 30)",1,-0.08
65,23,"(10, 30)",0,-0.08
65,24,"(10, 29)",0,-0.08
65,25,"(10, 28)",0,-0.08
65,26,"(10, 27)",0,-8.33
65,27,"(10, 27)",1,-0.08
65,28,"(11, 27)",1,-0.08
65,29,"(12, 27)",1,-0.08
65,30,"(13, 27)",1,-0.08
65,31,"(14, 27)",1,-0.08
65,32,"(15, 27)",1,-0.08
65,33,"(16, 27)",1,-0.08
65,34,"(17, 27)",1,-0.08
65,35,"(18, 27)",1,-0.08
65,36,"(19, 27)",1,-0.08
65,37,"(20, 27)",1,-0.08
65,38,"(21, 27)",0,-0.08
65,39,"(21, 26)",1,-0.08
65,40,"(22, 26)",0,-0.08
65,41,"(22, 25)",0,-0.08
65,42,"(22, 24)",0,-0.08
65,43,"(22, 23)",1,-0.08
65,44,"(23, 23)",1,-0.08
65,45,"(24, 23)",1,-0.08
65,46,"(25, 23)",0,-0.08
65,47,"(25, 22)",0,-0.08
65,48,"(25, 21)",0,-0.08
65,49,"(25, 20)",0,-0.08
65,50,"(25, 19)",1,-0.08
65,51,"(26, 19)",1,-0.08
65,52,"(27, 19)",1,-0.08
65,53,"(28, 19)",1,-0.08
65,54,"(29, 19)",1,-0.08
65,55,"(30, 19)",1,-0.08
65,56,"(31, 19)",0,-0.08
65,57,"(31, 18)",0,-0.08
65,58,"(31, 17)",0,-0.08
65,59,"(31, 16)",1,-0.08
65,60,"(32, 16)",0,-0.08
65,61,"(32, 15)",0,-0.08
65,62,"(32, 14)",0,-0.08
65,63,"(32, 13)",1,-0.08
65,64,"(33, 13)",1,-0.08
65,65,"(34, 13)",1,-0.08
65,66,"(35, 13)",0,-0.08
65,67,"(35, 12)",1,-0.08
65,68,"(36, 12)",1,-0.08
65,69,"(37, 12)",1,-0.08
65,70,"(38, 12)",1,-0.08
65,71,"(39, 12)",0,-0.08
65,72,"(39, 11)",1,-0.08
65,73,"(40, 11)",1,-0.08
65,74,"(41, 11)",1,-0.08
65,75,"(42, 11)",1,-0.08
65,76,"(43, 11)",1,-0.08
65,77,"(44, 11)",1,-0.08
65,78,"(45, 11)",0,-0.08
65,79,"(45, 10)",0,-0.08
65,80,"(45, 9)",0,-0.08
65,81,"(45, 8)",0,-0.08
65,82,"(45, 7)",1,-0.08
65,83,"(46, 7)",1,-0.08
65,84,"(47, 7)",1,-0.08
65,85,"(48, 7)",1,-0.08
65,86,"(49, 7)",1,-0.08
65,87,"(50, 7)",1,-0.08
65,88,"(51, 7)",1,-0.08
65,89,"(52, 7)",1,-0.08
65,90,"(53, 7)",1,-0.08
65,91,"(54, 7)",1,-0.08
65,92,"(55, 7)",1,-0.08
65,93,"(56, 7)",1,-0.08
65,94,"(57, 7)",1,-0.08
65,95,"(58, 7)",1,-0.08
65,96,"(59, 7)",1,-0.08
65,97,"(60, 7)",1,-0.08
65,98,"(61, 7)",1,-0.08
65,99,"(62, 7)",1,-0.08
65,100,"(63, 7)",1,-0.08
65,101,"(64, 7)",1,-0.08
65,102,"(65, 7)",1,-0.08
65,103,"(66, 7)",1,-0.08
65,104,"(67, 7)",1,-0.08
65,105,"(68, 7)",1,-0.08
65,106,"(69, 7)",0,-0.08
65,107,"(69, 6)",1,-0.08
65,108,"(70, 6)",1,-0.08
65,109,"(71, 6)",0,-0.08
65,110,"(71, 5)",1,-0.08
65,111,"(72, 5)",1,-0.08
65,112,"(73, 5)",1,-0.08
65,113,"(74, 5)",0,-0.08
65,114,"(74, 4)",0,-0.08
65,115,"(74, 3)",1,-0.08
65,116,"(75, 3)",1,-0.08
65,117,"(76, 3)",1,-0.08
65,118,"(77, 3)",0,-0.08
65,119,"(77, 2)",0,-0.08
65,120,"(77, 1)",0,-0.08
65,121,"(77, 0)",1,-0.08
65,122,"(78, 0)",1,8.33
66,0,"(0, 39)",1,-0.08
66,1,"(1, 39)",1,-0.08
66,2,"(2, 39)",0,-8.33
66,3,"(2, 39)",1,-0.08
66,4,"(3, 39)",0,-0.08
66,5,"(3, 38)",0,-0.08
66,6,"(3, 37)",1,-8.33
66,7,"(3, 37)",0,-0.08
66,8,"(3, 36)",0,-0.08
66,9,"(3, 35)",3,-0.08
66,10,"(2, 35)",0,-0.08
66,11,"(2, 34)",0,-0.08
66,12,"(2, 33)",0,-0.08
66,13,"(2, 32)",0,-0.08
66,14,"(2, 31)",1,-0.08
66,15,"(3, 31)",0,-8.33
66,16,"(3, 31)",0,-8.33
66,17,"(3, 31)",3,-0.08
66,18,"(2, 31)",3,-0.08
66,19,"(1, 31)",0,-0.08
66,20,"(1, 30)",0,-0.08
66,21,"(1, 29)",1,-0.08
66,22,"(2, 29)",1,-0.08
66,23,"(3, 29)",0,-0.08
66,24,"(3, 28)",0,-0.08
66,25,"(3, 27)",0,-0.08
66,26,"(3, 26)",0,-0.08
66,27,"(3, 25)",1,-0.08
66,28,"(4, 25)",1,-0.08
66,29,"(5, 25)",1,-0.08
66,30,"(6, 25)",1,-0.08
66,31,"(7, 25)",1,-0.08
66,32,"(8, 25)",1,-0.08
66,33,"(9, 25)",1,-0.08
66,34,"(10, 25)",1,-0.08
66,35,"(11, 25)",0,-0.08
66,36,"(11, 24)",1,-0.08
66,37,"(12, 24)",1,-0.08
66,38,"(13, 24)",1,-0.08
66,39,"(14, 24)",0,-0.08
66,40,"(14, 23)",1,-0.08
66,41,"(15, 23)",1,-0.08
66,42,"(16, 23)",0,-0.08
66,43,"(16, 22)",1,-0.08
66,44,"(17, 22)",1,-0.08
66,45,"(18, 22)",1,-0.08
66,46,"(19, 22)",1,-0.08
66,47,"(20, 22)",1,-0.08
66,48,"(21, 22)",0,-0.08
66,49,"(21, 21)",0,-0.08
66,50,"(21, 20)",0,-0.08
66,51,"(21, 19)",1,-0.08
66,52,"(22, 19)",1,-0.08
66,53,"(23, 19)",0,-0.08
66,54,"(23, 18)",0,-0.08
66,55,"(23, 17)",0,-0.08
66,56,"(23, 16)",0,-0.08
66,57,"(23, 15)",1,-0.08
66,58,"(24, 15)",1,-0.08
66,59,"(25, 15)",1,-0.08
66,60,"(26, 15)",1,-0.08
66,61,"(27, 15)",0,-0.08
66,62,"(27, 14)",0,-0.08
66,63,"(27, 13)",1,-0.08
66,64,"(28, 13)",1,-0.08
66,65,"(29, 13)",1,-0.08
66,66,"(30, 13)",1,-0.08
66,67,"(31, 13)",1,-0.08
66,68,"(32, 13)",1,-0.08
66,69,"(33, 13)",1,-0.08
66,70,"(34, 13)",1,-0.08
66,71,"(35, 13)",1,-0.08
66,72,"(36, 13)",1,-0.08
66,73,"(37, 13)",0,-0.08
66,74,"(37, 12)",1,-0.08
66,75,"(38, 12)",1,-0.08
66,76,"(39, 12)",0,-0.08
66,77,"(39, 11)",1,-0.08
66,78,"(40, 11)",1,-0.08
66,79,"(41, 11)",1,-0.08
66,80,"(42, 11)",1,-0.08
66,81,"(43, 11)",1,-0.08
66,82,"(44, 11)",1,-0.08
66,83,"(45, 11)",0,-0.08
66,84,"(45, 10)",0,-0.08
66,85,"(45, 9)",0,-0.08
66,86,"(45, 8)",1,-0.08
66,87,"(46, 8)",0,-0.08
66,88,"(46, 7)",1,-0.08
66,89,"(47, 7)",1,-0.08
66,90,"(48, 7)",1,-0.08
66,91,"(49, 7)",1,-0.08
66,92,"(50, 7)",1,-0.08
66,93,"(51, 7)",1,-0.08
66,94,"(52, 7)",1,-0.08
66,95,"(53, 7)",1,-0.08
66,96,"(54, 7)",1,-0.08
66,97,"(55, 7)",1,-0.08
66,98,"(56, 7)",1,-0.08
66,99,"(57, 7)",1,-0.08
66,100,"(58, 7)",1,-0.08
66,101,"(59, 7)",1,-0.08
66,102,"(60, 7)",1,-0.08
66,103,"(61, 7)",1,-0.08
66,104,"(62, 7)",1,-0.08
66,105,"(63, 7)",1,-0.08
66,106,"(64, 7)",1,-0.08
66,107,"(65, 7)",1,-0.08
66,108,"(66, 7)",1,-0.08
66,109,"(67, 7)",1,-0.08
66,110,"(68, 7)",1,-0.08
66,111,"(69, 7)",1,-0.08
66,112,"(70, 7)",1,-0.08
66,113,"(71, 7)",0,-0.08
66,114,"(71, 6)",1,-0.08
66,115,"(72, 6)",0,-0.08
66,116,"(72, 5)",1,-0.08
66,117,"(73, 5)",1,-0.08
66,118,"(74, 5)",1,-0.08
66,119,"(75, 5)",1,-0.08
66,120,"(76, 5)",1,-0.08
66,121,"(77, 5)",0,-0.08
66,122,"(77, 4)",0,-0.08
66,123,"(77, 3)",0,-0.08
66,124,"(77, 2)",0,-0.08
66,125,"(77, 1)",0,-0.08
66,126,"(77, 0)",1,-0.08
66,127,"(78, 0)",1,8.33
67,0,"(0, 39)",0,-0.08
67,1,"(0, 38)",1,-0.08
67,2,"(1, 38)",0,-0.08
67,3,"(1, 37)",1,-8.33
67,4,"(1, 37)",0,-8.33
67,5,"(1, 37)",3,-0.08
67,6,"(0, 37)",0,-0.08
67,7,"(0, 36)",0,-0.08
67,8,"(0, 35)",0,-0.08
67,9,"(0, 34)",1,-0.08
67,10,"(1, 34)",1,-0.08
67,11,"(2, 34)",0,-0.08
67,12,"(2, 33)",1,-0.08
67,13,"(3, 33)",0,-0.08
67,14,"(3, 32)",0,-0.08
67,15,"(3, 31)",0,-8.33
67,16,"(3, 31)",3,-0.08
67,17,"(2, 31)",3,-0.08
67,18,"(1, 31)",0,-0.08
67,19,"(1, 30)",0,-0.08
67,20,"(1, 29)",0,-0.08
67,21,"(1, 28)",0,-0.08
67,22,"(1, 27)",0,-0.08
67,23,"(1, 26)",1,-0.08
67,24,"(2, 26)",1,-0.08
67,25,"(3, 26)",0,-0.08
67,26,"(3, 25)",1,-0.08
67,27,"(4, 25)",1,-0.08
67,28,"(5, 25)",1,-0.08
67,29,"(6, 25)",1,-0.08
67,30,"(7, 25)",1,-0.08
67,31,"(8, 25)",1,-0.08
67,32,"(9, 25)",0,-0.08
67,33,"(9, 24)",1,-0.08
67,34,"(10, 24)",1,-0.08
67,35,"(11, 24)",1,-0.08
67,36,"(12, 24)",1,-0.08
67,37,"(13, 24)",0,-0.08
67,38,"(13, 23)",1,-0.08
67,39,"(14, 23)",1,-0.08
67,40,"(15, 23)",1,-0.08
67,41,"(16, 23)",1,-0.08
67,42,"(17, 23)",0,-0.08
67,43,"(17, 22)",1,-0.08
67,44,"(18, 22)",1,-0.08
67,45,"(19, 22)",0,-0.08
67,46,"(19, 21)",1,-0.08
67,47,"(20, 21)",0,-0.08
67,48,"(20, 20)",0,-0.08
67,49,"(20, 19)",1,-0.08
67,50,"(21, 19)",1,-0.08
67,51,"(22, 19)",1,-0.08
67,52,"(23, 19)",0,-0.08
67,53,"(23, 18)",0,-0.08
67,54,"(23, 17)",1,-0.08
67,55,"(24, 17)",1,-0.08
67,56,"(25, 17)",1,-0.08
67,57,"(26, 17)",1,-0.08
67,58,"(27, 17)",0,-0.08
67,59,"(27, 16)",0,-0.08
67,60,"(27, 15)",0,-0.08
67,61,"(27, 14)",0,-0.08
67,62,"(27, 13)",1,-0.08
67,63,"(28, 13)",1,-0.08
67,64,"(29, 13)",1,-0.08
67,65,"(30, 13)",1,-0.08
67,66,"(31, 13)",1,-0.08
67,67,"(32, 13)",1,-0.08
67,68,"(33, 13)",1,-0.08
67,69,"(34, 13)",1,-0.08
67,70,"(35, 13)",0,-0.08
67,71,"(35, 12)",1,-0.08
67,72,"(36, 12)",1,-0.08
67,73,"(37, 12)",1,-0.08
67,74,"(38, 12)",1,-0.08
67,75,"(39, 12)",0,-0.08
67,76,"(39, 11)",1,-0.08
67,77,"(40, 11)",1,-0.08
67,78,"(41, 11)",1,-0.08
67,79,"(42, 11)",1,-0.08
67,80,"(43, 11)",1,-0.08
67,81,"(44, 11)",1,-0.08
67,82,"(45, 11)",0,-0.08
67,83,"(45, 10)",0,-0.08
67,84,"(45, 9)",0,-0.08
67,85,"(45, 8)",0,-0.08
67,86,"(45, 7)",1,-0.08
67,87,"(46, 7)",1,-0.08
67,88,"(47, 7)",1,-0.08
67,89,"(48, 7)",1,-0.08
67,90,"(49, 7)",1,-0.08
67,91,"(50, 7)",1,-0.08
67,92,"(51, 7)",1,-0.08
67,93,"(52, 7)",1,-0.08
67,94,"(53, 7)",1,-0.08
67,95,"(54, 7)",1,-0.08
67,96,"(55, 7)",1,-0.08
67,97,"(56, 7)",1,-0.08
67,98,"(57, 7)",1,-0.08
67,99,"(58, 7)",1,-0.08
67,100,"(59, 7)",1,-0.08
67,101,"(60, 7)",1,-0.08
67,102,"(61, 7)",1,-0.08
67,103,"(62, 7)",1,-0.08
67,104,"(63, 7)",1,-0.08
67,105,"(64, 7)",1,-0.08
67,106,"(65, 7)",1,-0.08
67,107,"(66, 7)",1,-0.08
67,108,"(67, 7)",1,-0.08
67,109,"(68, 7)",1,-0.08
67,110,"(69, 7)",0,-0.08
67,111,"(69, 6)",1,-0.08
67,112,"(70, 6)",1,-0.08
67,113,"(71, 6)",1,-0.08
67,114,"(72, 6)",1,-0.08
67,115,"(73, 6)",0,-0.08
67,116,"(73, 5)",1,-0.08
67,117,"(74, 5)",1,-0.08
67,118,"(75, 5)",1,-0.08
67,119,"(76, 5)",1,-0.08
67,120,"(77, 5)",0,-0.08
67,121,"(77, 4)",0,-0.08
67,122,"(77, 3)",0,-0.08
67,123,"(77, 2)",0,-0.08
67,124,"(77, 1)",0,-0.08
67,125,"(77, 0)",1,-0.08
67,126,"(78, 0)",1,8.33
68,0,"(0, 39)",0,-0.08
68,1,"(0, 38)",0,-0.08
68,2,"(0, 37)",1,-0.08
68,3,"(1, 37)",1,-8.33
68,4,"(1, 37)",0,-8.33
68,5,"(1, 37)",3,-0.08
68,6,"(0, 37)",0,-0.08
68,7,"(0, 36)",0,-0.08
68,8,"(0, 35)",1,-0.08
68,9,"(1, 35)",0,-0.08
68,10,"(1, 34)",0,-0.08
68,11,"(1, 33)",0,-0.08
68,12,"(1, 32)",0,-0.08
68,13,"(1, 31)",0,-0.08
68,14,"(1, 30)",0,-0.08
68,15,"(1, 29)",1,-0.08
68,16,"(2, 29)",1,-0.08
68,17,"(3, 29)",0,-0.08
68,18,"(3, 28)",0,-0.08
68,19,"(3, 27)",1,-8.33
68,20,"(3, 27)",0,-0.08
68,21,"(3, 26)",0,-0.08
68,22,"(3, 25)",1,-0.08
68,23,"(4, 25)",1,-0.08
68,24,"(5, 25)",1,-0.08
68,25,"(6, 25)",1,-0.08
68,26,"(7, 25)",1,-0.08
68,27,"(8, 25)",1,-0.08
68,28,"(9, 25)",1,-0.08
68,29,"(10, 25)",1,-0.08
68,30,"(11, 25)",1,-0.08
68,31,"(12, 25)",0,-0.08
68,32,"(12, 24)",1,-0.08
68,33,"(13, 24)",1,-0.08
68,34,"(14, 24)",0,-0.08
68,35,"(14, 23)",1,-0.08
68,36,"(15, 23)",1,-0.08
68,37,"(16, 23)",1,-0.08
68,38,"(17, 23)",0,-0.08
68,39,"(17, 22)",1,-0.08
68,40,"(18, 22)",1,-0.08
68,41,"(19, 22)",1,-0.08
68,42,"(20, 22)",0,-0.08
68,43,"(20, 21)",1,-0.08
68,44,"(21, 21)",0,-0.08
68,45,"(21, 20)",1,-0.08
68,46,"(22, 20)",0,-0.08
68,47,"(22, 19)",1,-0.08
68,48,"(23, 19)",0,-0.08
68,49,"(23, 18)",0,-0.08
68,50,"(23, 17)",1,-0.08
68,51,"(24, 17)",1,-0.08
68,52,"(25, 17)",1,-0.08
68,53,"(26, 17)",1,-0.08
68,54,"(27, 17)",1,-0.08
68,55,"(28, 17)",0,-0.08
68,56,"(28, 16)",1,-0.08
68,57,"(29, 16)",0,-0.08
68,58,"(29, 15)",0,-0.08
68,59,"(29, 14)",0,-0.08
68,60,"(29, 13)",1,-0.08
68,61,"(30, 13)",1,-0.08
68,62,"(31, 13)",1,-0.08
68,63,"(32, 13)",1,-0.08
68,64,"(33, 13)",1,-0.08
68,65,"(34, 13)",1,-0.08
68,66,"(35, 13)",1,-0.08
68,67,"(36, 13)",0,-0.08
68,68,"(36, 12)",1,-0.08
68,69,"(37, 12)",1,-0.08
68,70,"(38, 12)",1,-0.08
68,71,"(39, 12)",0,-0.08
68,72,"(39, 11)",1,-0.08
68,73,"(40, 11)",1,-0.08
68,74,"(41, 11)",1,-0.08
68,75,"(42, 11)",1,-0.08
68,76,"(43, 11)",1,-0.08
68,77,"(44, 11)",1,-0.08
68,78,"(45, 11)",0,-0.08
68,79,"(45, 10)",1,-0.08
68,80,"(46, 10)",0,-0.08
68,81,"(46, 9)",0,-0.08
68,82,"(46, 8)",0,-0.08
68,83,"(46, 7)",1,-0.08
68,84,"(47, 7)",1,-0.08
68,85,"(48, 7)",1,-0.08
68,86,"(49, 7)",1,-0.08
68,87,"(50, 7)",1,-0.08
68,88,"(51, 7)",1,-0.08
68,89,"(52, 7)",1,-0.08
68,90,"(53, 7)",1,-0.08
68,91,"(54, 7)",1,-0.08
68,92,"(55, 7)",1,-0.08
68,93,"(56, 7)",1,-0.08
68,94,"(57, 7)",1,-0.08
68,95,"(58, 7)",1,-0.08
68,96,"(59, 7)",1,-0.08
68,97,"(60, 7)",1,-0.08
68,98,"(61, 7)",1,-0.08
68,99,"(62, 7)",1,-0.08
68,100,"(63, 7)",1,-0.08
68,101,"(64, 7)",1,-0.08
68,102,"(65, 7)",1,-0.08
68,103,"(66, 7)",1,-0.08
68,104,"(67, 7)",1,-0.08
68,105,"(68, 7)",1,-0.08
68,106,"(69, 7)",0,-0.08
68,107,"(69, 6)",1,-0.08
68,108,"(70, 6)",1,-0.08
68,109,"(71, 6)",1,-0.08
68,110,"(72, 6)",1,-0.08
68,111,"(73, 6)",0,-0.08
68,112,"(73, 5)",1,-0.08
68,113,"(74, 5)",1,-0.08
68,114,"(75, 5)",0,-0.08
68,115,"(75, 4)",0,-0.08
68,116,"(75, 3)",1,-0.08
68,117,"(76, 3)",0,-0.08
68,118,"(76, 2)",0,-0.08
68,119,"(76, 1)",0,-0.08
68,120,"(76, 0)",1,-0.08
68,121,"(77, 0)",1,-0.08
68,122,"(78, 0)",1,8.33
69,0,"(0, 39)",1,-0.08
69,1,"(1, 39)",0,-0.08
69,2,"(1, 38)",1,-8.33
69,3,"(1, 38)",0,-0.08
69,4,"(1, 37)",0,-8.33
69,5,"(1, 37)",3,-0.08
69,6,"(0, 37)",0,-0.08
69,7,"(0, 36)",0,-0.08
69,8,"(0, 35)",0,-0.08
69,9,"(0, 34)",1,-0.08
69,10,"(1, 34)",1,-0.08
69,11,"(2, 34)",0,-0.08
69,12,"(2, 33)",1,-0.08
69,13,"(3, 33)",1,-0.08
69,14,"(4, 33)",1,-0.08
69,15,"(5, 33)",1,-0.08
69,16,"(6, 33)",1,-0.08
69,17,"(7, 33)",1,-0.08
69,18,"(8, 33)",1,-0.08
69,19,"(9, 33)",0,-0.08
69,20,"(9, 32)",0,-0.08
69,21,"(9, 31)",0,-0.08
69,22,"(9, 30)",1,-0.08
69,23,"(10, 30)",0,-0.08
69,24,"(10, 29)",0,-0.08
69,25,"(10, 28)",0,-0.08
69,26,"(10, 27)",0,-8.33
69,27,"(10, 27)",1,-0.08
69,28,"(11, 27)",1,-0.08
69,29,"(12, 27)",1,-0.08
69,30,"(13, 27)",1,-0.08
69,31,"(14, 27)",1,-0.08
69,32,"(15, 27)",1,-0.08
69,33,"(16, 27)",0,-0.08
69,34,"(16, 26)",1,-0.08
69,35,"(17, 26)",0,-0.08
69,36,"(17, 25)",0,-0.08
69,37,"(17, 24)",0,-0.08
69,38,"(17, 23)",0,-0.08
69,39,"(17, 22)",1,-0.08
69,40,"(18, 22)",1,-0.08
69,41,"(19, 22)",1,-0.08
69,42,"(20, 22)",0,-0.08
69,43,"(20, 21)",0,-0.08
69,44,"(20, 20)",1,-0.08
69,45,"(21, 20)",0,-0.08
69,46,"(21, 19)",1,-0.08
69,47,"(22, 19)",1,-0.08
69,48,"(23, 19)",0,-0.08
69,49,"(23, 18)",0,-0.08
69,50,"(23, 17)",1,-0.08
69,51,"(24, 17)",1,-0.08
69,52,"(25, 17)",1,-0.08
69,53,"(26, 17)",1,-0.08
69,54,"(27, 17)",0,-0.08
69,55,"(27, 16)",0,-0.08
69,56,"(27, 15)",1,-0.08
69,57,"(28, 15)",1,-0.08
69,58,"(29, 15)",0,-0.08
69,59,"(29, 14)",0,-0.08
69,60,"(29, 13)",1,-0.08
69,61,"(30, 13)",1,-0.08
69,62,"(31, 13)",1,-0.08
69,63,"(32, 13)",1,-0.08
69,64,"(33, 13)",1,-0.08
69,65,"(34, 13)",1,-0.08
69,66,"(35, 13)",1,-0.08
69,67,"(36, 13)",1,-0.08
69,68,"(37, 13)",0,-0.08
69,69,"(37, 12)",1,-0.08
69,70,"(38, 12)",1,-0.08
69,71,"(39, 12)",0,-0.08
69,72,"(39, 11)",1,-0.08
69,73,"(40, 11)",1,-0.08
69,74,"(41, 11)",1,-0.08
69,75,"(42, 11)",1,-0.08
69,76,"(43, 11)",1,-0.08
69,77,"(44, 11)",1,-0.08
69,78,"(45, 11)",0,-0.08
69,79,"(45, 10)",0,-0.08
69,80,"(45, 9)",0,-0.08
69,81,"(45, 8)",0,-0.08
69,82,"(45, 7)",1,-0.08
69,83,"(46, 7)",1,-0.08
69,84,"(47, 7)",1,-0.08
69,85,"(48, 7)",1,-0.08
69,86,"(49, 7)",1,-0.08
69,87,"(50, 7)",1,-0.08
69,88,"(51, 7)",1,-0.08
69,89,"(52, 7)",1,-0.08
69,90,"(53, 7)",1,-0.08
69,91,"(54, 7)",1,-0.08
69,92,"(55, 7)",1,-0.08
69,93,"(56, 7)",1,-0.08
69,94,"(57, 7)",1,-0.08
69,95,"(58, 7)",1,-0.08
69,96,"(59, 7)",1,-0.08
69,97,"(60, 7)",1,-0.08
69,98,"(61, 7)",1,-0.08
69,99,"(62, 7)",1,-0.08
69,100,"(63, 7)",1,-0.08
69,101,"(64, 7)",1,-0.08
69,102,"(65, 7)",1,-0.08
69,103,"(66, 7)",1,-0.08
69,104,"(67, 7)",1,-0.08
69,105,"(68, 7)",1,-0.08
69,106,"(69, 7)",1,-0.08
69,107,"(70, 7)",0,-0.08
69,108,"(70, 6)",1,-0.08
69,109,"(71, 6)",0,-0.08
69,110,"(71, 5)",1,-0.08
69,111,"(72, 5)",1,-0.08
69,112,"(73, 5)",1,-0.08
69,113,"(74, 5)",0,-0.08
69,114,"(74, 4)",0,-0.08
69,115,"(74, 3)",1,-0.08
69,116,"(75, 3)",1,-0.08
69,117,"(76, 3)",0,-0.08
69,118,"(76, 2)",0,-0.08
69,119,"(76, 1)",1,-0.08
69,120,"(77, 1)",1,-0.08
69,121,"(78, 1)",0,-0.08
69,122,"(78, 0)",1,8.33
70,0,"(0, 39)",1,-0.08
70,1,"(1, 39)",1,-0.08
70,2,"(2, 39)",0,-8.33
70,3,"(2, 39)",1,-0.08
70,4,"(3, 39)",1,-0.08
70,5,"(4, 39)",1,-0.08
70,6,"(5, 39)",1,-0.08
70,7,"(6, 39)",1,-0.08
70,8,"(7, 39)",0,-0.08
70,9,"(7, 38)",0,-0.08
70,10,"(7, 37)",0,-0.08
70,11,"(7, 36)",0,-0.08
70,12,"(7, 35)",0,-0.08
70,13,"(7, 34)",0,-0.08
70,14,"(7, 33)",0,-0.08
70,15,"(7, 32)",0,-0.08
70,16,"(7, 31)",1,-0.08
70,17,"(8, 31)",0,-0.08
70,18,"(8, 30)",1,-0.08
70,19,"(9, 30)",1,-0.08
70,20,"(10, 30)",1,-8.33
70,21,"(10, 30)",0,-0.08
70,22,"(10, 29)",0,-0.08
70,23,"(10, 28)",0,-0.08
70,24,"(10, 27)",1,-0.08
70,25,"(11, 27)",1,-0.08
70,26,"(12, 27)",1,-0.08
70,27,"(13, 27)",0,-0.08
70,28,"(13, 26)",0,-0.08
70,29,"(13, 25)",1,-0.08
70,30,"(14, 25)",1,-0.08
70,31,"(15, 25)",1,-0.08
70,32,"(16, 25)",1,-0.08
70,33,"(17, 25)",0,-0.08
70,34,"(17, 24)",1,-8.33
70,35,"(17, 24)",0,-0.08
70,36,"(17, 23)",1,-0.08
70,37,"(18, 23)",0,-0.08
70,38,"(18, 22)",1,-0.08
70,39,"(19, 22)",1,-0.08
70,40,"(20, 22)",0,-0.08
70,41,"(20, 21)",1,-0.08
70,42,"(21, 21)",0,-0.08
70,43,"(21, 20)",0,-0.08
70,44,"(21, 19)",1,-0.08
70,45,"(22, 19)",1,-0.08
70,46,"(23, 19)",0,-0.08
70,47,"(23, 18)",0,-0.08
70,48,"(23, 17)",1,-0.08
70,49,"(24, 17)",1,-0.08
70,50,"(25, 17)",1,-0.08
70,51,"(26, 17)",1,-0.08
70,52,"(27, 17)",1,-0.08
70,53,"(28, 17)",0,-0.08
70,54,"(28, 16)",0,-0.08
70,55,"(28, 15)",1,-0.08
70,56,"(29, 15)",1,-0.08
70,57,"(30, 15)",1,-0.08
70,58,"(31, 15)",1,-0.08
70,59,"(32, 15)",1,-0.08
70,60,"(33, 15)",1,-0.08
70,61,"(34, 15)",1,-0.08
70,62,"(35, 15)",0,-0.08
70,63,"(35, 14)",0,-0.08
70,64,"(35, 13)",0,-0.08
70,65,"(35, 12)",1,-0.08
70,66,"(36, 12)",1,-0.08
70,67,"(37, 12)",1,-0.08
70,68,"(38, 12)",1,-0.08
70,69,"(39, 12)",0,-0.08
70,70,"(39, 11)",1,-0.08
70,71,"(40, 11)",1,-0.08
70,72,"(41, 11)",1,-0.08
70,73,"(42, 11)",1,-0.08
70,74,"(43, 11)",1,-0.08
70,75,"(44, 11)",1,-0.08
70,76,"(45, 11)",0,-0.08
70,77,"(45, 10)",0,-0.08
70,78,"(45, 9)",0,-0.08
70,79,"(45, 8)",0,-0.08
70,80,"(45, 7)",1,-0.08
70,81,"(46, 7)",1,-0.08
70,82,"(47, 7)",1,-0.08
70,83,"(48, 7)",1,-0.08
70,84,"(49, 7)",1,-0.08
70,85,"(50, 7)",1,-0.08
70,86,"(51, 7)",1,-0.08
70,87,"(52, 7)",1,-0.08
70,88,"(53, 7)",1,-0.08
70,89,"(54, 7)",1,-0.08
70,90,"(55, 7)",1,-0.08
70,91,"(56, 7)",1,-0.08
70,92,"(57, 7)",1,-0.08
70,93,"(58, 7)",1,-0.08
70,94,"(59, 7)",1,-0.08
70,95,"(60, 7)",1,-0.08
70,96,"(61, 7)",1,-0.08
70,97,"(62, 7)",1,-0.08
70,98,"(63, 7)",1,-0.08
70,99,"(64, 7)",1,-0.08
70,100,"(65, 7)",1,-0.08
70,101,"(66, 7)",1,-0.08
70,102,"(67, 7)",1,-0.08
70,103,"(68, 7)",1,-0.08
70,104,"(69, 7)",0,-0.08
70,105,"(69, 6)",1,-0.08
70,106,"(70, 6)",1,-0.08
70,107,"(71, 6)",1,-0.08
70,108,"(72, 6)",1,-0.08
70,109,"(73, 6)",1,-0.08
70,110,"(74, 6)",0,-0.08
70,111,"(74, 5)",1,-0.08
70,112,"(75, 5)",1,-0.08
70,113,"(76, 5)",1,-0.08
70,114,"(77, 5)",0,-0.08
70,115,"(77, 4)",0,-0.08
70,116,"(77, 3)",0,-0.08
70,117,"(77, 2)",0,-0.08
70,118,"(77, 1)",1,-0.08
70,119,"(78, 1)",0,-0.08
70,120,"(78, 0)",1,8.33
71,0,"(0, 39)",0,-0.08
71,1,"(0, 38)",0,-0.08
71,2,"(0, 37)",0,-0.08
71,3,"(0, 36)",1,-8.33
71,4,"(0, 36)",0,-0.08
71,5,"(0, 35)",1,-0.08
71,6,"(1, 35)",1,-0.08
71,7,"(2, 35)",0,-0.08
71,8,"(2, 34)",0,-0.08
71,9,"(2, 33)",1,-0.08
71,10,"(3, 33)",0,-0.08
71,11,"(3, 32)",0,-0.08
71,12,"(3, 31)",0,-8.33
71,13,"(3, 31)",3,-0.08
71,14,"(2, 31)",3,-0.08
71,15,"(1, 31)",0,-0.08
71,16,"(1, 30)",0,-0.08
71,17,"(1, 29)",0,-0.08
71,18,"(1, 28)",0,-0.08
71,19,"(1, 27)",0,-0.08
71,20,"(1, 26)",0,-0.08
71,21,"(1, 25)",1,-0.08
71,22,"(2, 25)",1,-0.08
71,23,"(3, 25)",1,-0.08
71,24,"(4, 25)",1,-0.08
71,25,"(5, 25)",1,-0.08
71,26,"(6, 25)",1,-0.08
71,27,"(7, 25)",1,-0.08
71,28,"(8, 25)",1,-0.08
71,29,"(9, 25)",0,-0.08
71,30,"(9, 24)",1,-0.08
71,31,"(10, 24)",1,-0.08
71,32,"(11, 24)",1,-0.08
71,33,"(12, 24)",1,-0.08
71,34,"(13, 24)",1,-0.08
71,35,"(14, 24)",0,-0.08
71,36,"(14, 23)",1,-0.08
71,37,"(15, 23)",1,-0.08
71,38,"(16, 23)",0,-0.08
71,39,"(16, 22)",1,-0.08
71,40,"(17, 22)",1,-0.08
71,41,"(18, 22)",1,-0.08
71,42,"(19, 22)",1,-0.08
71,43,"(20, 22)",0,-0.08
71,44,"(20, 21)",0,-0.08
71,45,"(20, 20)",1,-0.08
71,46,"(21, 20)",0,-0.08
71,47,"(21, 19)",1,-0.08
71,48,"(22, 19)",1,-0.08
71,49,"(23, 19)",0,-0.08
71,50,"(23, 18)",0,-0.08
71,51,"(23, 17)",1,-0.08
71,52,"(24, 17)",1,-0.08
71,53,"(25, 17)",1,-0.08
71,54,"(26, 17)",1,-0.08
71,55,"(27, 17)",0,-0.08
71,56,"(27, 16)",0,-0.08
71,57,"(27, 15)",1,-0.08
71,58,"(28, 15)",1,-0.08
71,59,"(29, 15)",1,-0.08
71,60,"(30, 15)",1,-0.08
71,61,"(31, 15)",0,-0.08
71,62,"(31, 14)",1,-0.08
71,63,"(32, 14)",0,-0.08
71,64,"(32, 13)",1,-0.08
71,65,"(33, 13)",1,-0.08
71,66,"(34, 13)",1,-0.08
71,67,"(35, 13)",1,-0.08
71,68,"(36, 13)",1,-0.08
71,69,"(37, 13)",1,-0.08
71,70,"(38, 13)",1,-0.08
71,71,"(39, 13)",0,-0.08
71,72,"(39, 12)",0,-0.08
71,73,"(39, 11)",1,-0.08
71,74,"(40, 11)",1,-0.08
71,75,"(41, 11)",1,-0.08
71,76,"(42, 11)",1,-0.08
71,77,"(43, 11)",1,-0.08
71,78,"(44, 11)",1,-0.08
71,79,"(45, 11)",0,-0.08
71,80,"(45, 10)",0,-0.08
71,81,"(45, 9)",0,-0.08
71,82,"(45, 8)",0,-0.08
71,83,"(45, 7)",1,-0.08
71,84,"(46, 7)",1,-0.08
71,85,"(47, 7)",1,-0.08
71,86,"(48, 7)",1,-0.08
71,87,"(49, 7)",1,-0.08
71,88,"(50, 7)",1,-0.08
71,89,"(51, 7)",1,-0.08
71,90,"(52, 7)",1,-0.08
71,91,"(53, 7)",1,-0.08
71,92,"(54, 7)",1,-0.08
71,93,"(55, 7)",1,-0.08
71,94,"(56, 7)",1,-0.08
71,95,"(57, 7)",1,-0.08
71,96,"(58, 7)",1,-0.08
71,97,"(59, 7)",1,-0.08
71,98,"(60, 7)",1,-0.08
71,99,"(61, 7)",1,-0.08
71,100,"(62, 7)",1,-0.08
71,101,"(63, 7)",1,-0.08
71,102,"(64, 7)",1,-0.08
71,103,"(65, 7)",1,-0.08
71,104,"(66, 7)",1,-0.08
71,105,"(67, 7)",1,-0.08
71,106,"(68, 7)",1,-0.08
71,107,"(69, 7)",1,-0.08
71,108,"(70, 7)",1,-0.08
71,109,"(71, 7)",1,-0.08
71,110,"(72, 7)",1,-0.08
71,111,"(73, 7)",1,-0.08
71,112,"(74, 7)",1,-0.08
71,113,"(75, 7)",1,-0.08
71,114,"(76, 7)",1,-0.08
71,115,"(77, 7)",0,-0.08
71,116,"(77, 6)",0,-0.08
71,117,"(77, 5)",0,-0.08
71,118,"(77, 4)",0,-0.08
71,119,"(77, 3)",0,-0.08
71,120,"(77, 2)",0,-0.08
71,121,"(77, 1)",0,-0.08
71,122,"(77, 0)",1,-0.08
71,123,"(78, 0)",1,8.33
72,0,"(0, 39)",0,-0.08
72,1,"(0, 38)",0,-0.08
72,2,"(0, 37)",0,-0.08
72,3,"(0, 36)",1,-8.33
72,4,"(0, 36)",0,-0.08
72,5,"(0, 35)",1,-0.08
72,6,"(1, 35)",0,-0.08
72,7,"(1, 34)",0,-0.08
72,8,"(1, 33)",0,-0.08
72,9,"(1, 32)",1,-0.08
72,10,"(2, 32)",0,-0.08
72,11,"(2, 31)",1,-0.08
72,12,"(3, 31)",0,-8.33
72,13,"(3, 31)",0,-8.33
72,14,"(3, 31)",3,-0.08
72,15,"(2, 31)",3,-0.08
72,16,"(1, 31)",0,-0.08
72,17,"(1, 30)",0,-0.08
72,18,"(1, 29)",1,-0.08
72,19,"(2, 29)",1,-0.08
72,20,"(3, 29)",1,-0.08
72,21,"(4, 29)",1,-0.08
72,22,"(5, 29)",1,-0.08
72,23,"(6, 29)",1,-0.08
72,24,"(7, 29)",0,-0.08
72,25,"(7, 28)",0,-0.08
72,26,"(7, 27)",0,-0.08
72,27,"(7, 26)",0,-0.08
72,28,"(7, 25)",1,-0.08
72,29,"(8, 25)",1,-0.08
72,30,"(9, 25)",1,-0.08
72,31,"(10, 25)",0,-0.08
72,32,"(10, 24)",1,-0.08
72,33,"(11, 24)",1,-0.08
72,34,"(12, 24)",1,-0.08
72,35,"(13, 24)",1,-0.08
72,36,"(14, 24)",0,-0.08
72,37,"(14, 23)",1,-0.08
72,38,"(15, 23)",1,-0.08
72,39,"(16, 23)",1,-0.08
72,40,"(17, 23)",1,-0.08
72,41,"(18, 23)",1,-0.08
72,42,"(19, 23)",1,-0.08
72,43,"(20, 23)",0,-0.08
72,44,"(20, 22)",1,-0.08
72,45,"(21, 22)",0,-0.08
72,46,"(21, 21)",0,-0.08
72,47,"(21, 20)",1,-0.08
72,48,"(22, 20)",1,-0.08
72,49,"(23, 20)",0,-0.08
72,50,"(23, 19)",0,-0.08
72,51,"(23, 18)",0,-0.08
72,52,"(23, 17)",1,-0.08
72,53,"(24, 17)",1,-0.08
72,54,"(25, 17)",1,-0.08
72,55,"(26, 17)",1,-0.08
72,56,"(27, 17)",1,-0.08
72,57,"(28, 17)",1,-0.08
72,58,"(29, 17)",1,-0.08
72,59,"(30, 17)",1,-0.08
72,60,"(31, 17)",1,-0.08
72,61,"(32, 17)",0,-0.08
72,62,"(32, 16)",0,-0.08
72,63,"(32, 15)",1,-0.08
72,64,"(33, 15)",1,-0.08
72,65,"(34, 15)",1,-0.08
72,66,"(35, 15)",0,-0.08
72,67,"(35, 14)",0,-0.08
72,68,"(35, 13)",0,-0.08
72,69,"(35, 12)",1,-0.08
72,70,"(36, 12)",1,-0.08
72,71,"(37, 12)",1,-0.08
72,72,"(38, 12)",1,-0.08
72,73,"(39, 12)",0,-0.08
72,74,"(39, 11)",1,-0.08
72,75,"(40, 11)",1,-0.08
72,76,"(41, 11)",1,-0.08
72,77,"(42, 11)",1,-0.08
72,78,"(43, 11)",1,-0.08
72,79,"(44, 11)",1,-0.08
72,80,"(45, 11)",0,-0.08
72,81,"(45, 10)",1,-0.08
72,82,"(46, 10)",1,-0.08
72,83,"(47, 10)",1,-0.08
72,84,"(48, 10)",1,-0.08
72,85,"(49, 10)",1,-0.08
72,86,"(50, 10)",0,-0.08
72,87,"(50, 9)",1,-0.08
72,88,"(51, 9)",1,-0.08
72,89,"(52, 9)",1,-0.08
72,90,"(53, 9)",1,-0.08
72,91,"(54, 9)",1,-0.08
72,92,"(55, 9)",1,-0.08
72,93,"(56, 9)",1,-0.08
72,94,"(57, 9)",1,-0.08
72,95,"(58, 9)",0,-0.08
72,96,"(58, 8)",0,-0.08
72,97,"(58, 7)",1,-0.08
72,98,"(59, 7)",1,-0.08
72,99,"(60, 7)",1,-0.08
72,100,"(61, 7)",1,-0.08
72,101,"(62, 7)",1,-0.08
72,102,"(63, 7)",1,-0.08
72,103,"(64, 7)",1,-0.08
72,104,"(65, 7)",1,-0.08
72,105,"(66, 7)",1,-0.08
72,106,"(67, 7)",1,-0.08
72,107,"(68, 7)",1,-0.08
72,108,"(69, 7)",1,-0.08
72,109,"(70, 7)",1,-0.08
72,110,"(71, 7)",1,-0.08
72,111,"(72, 7)",0,-0.08
72,112,"(72, 6)",0,-0.08
72,113,"(72, 5)",1,-0.08
72,114,"(73, 5)",1,-0.08
72,115,"(74, 5)",1,-0.08
72,116,"(75, 5)",1,-0.08
72,117,"(76, 5)",1,-0.08
72,118,"(77, 5)",0,-0.08
72,119,"(77, 4)",0,-0.08
72,120,"(77, 3)",0,-0.08
72,121,"(77, 2)",0,-0.08
72,122,"(77, 1)",0,-0.08
72,123,"(77, 0)",1,-0.08
72,124,"(78, 0)",1,8.33
73,0,"(0, 39)",0,-0.08
73,1,"(0, 38)",1,-0.08
73,2,"(1, 38)",1,-8.33
73,3,"(1, 38)",0,-0.08
73,4,"(1, 37)",0,-8.33
73,5,"(1, 37)",3,-0.08
73,6,"(0, 37)",0,-0.08
73,7,"(0, 36)",0,-0.08
73,8,"(0, 35)",0,-0.08
73,9,"(0, 34)",1,-0.08
73,10,"(1, 34)",1,-0.08
73,11,"(2, 34)",0,-0.08
73,12,"(2, 33)",0,-0.08
73,13,"(2, 32)",1,-0.08
73,14,"(3, 32)",0,-0.08
73,15,"(3, 31)",0,-8.33
73,16,"(3, 31)",0,-8.33
73,17,"(3, 31)",3,-0.08
73,18,"(2, 31)",3,-0.08
73,19,"(1, 31)",0,-0.08
73,20,"(1, 30)",0,-0.08
73,21,"(1, 29)",1,-0.08
73,22,"(2, 29)",1,-0.08
73,23,"(3, 29)",1,-0.08
73,24,"(4, 29)",1,-0.08
73,25,"(5, 29)",1,-0.08
73,26,"(6, 29)",1,-0.08
73,27,"(7, 29)",1,-0.08
73,28,"(8, 29)",0,-0.08
73,29,"(8, 28)",0,-0.08
73,30,"(8, 27)",1,-0.08
73,31,"(9, 27)",1,-0.08
73,32,"(10, 27)",1,-0.08
73,33,"(11, 27)",1,-0.08
73,34,"(12, 27)",0,-0.08
73,35,"(12, 26)",1,-0.08
73,36,"(13, 26)",0,-0.08
73,37,"(13, 25)",1,-0.08
73,38,"(14, 25)",0,-0.08
73,39,"(14, 24)",0,-0.08
73,40,"(14, 23)",1,-0.08
73,41,"(15, 23)",1,-0.08
73,42,"(16, 23)",1,-0.08
73,43,"(17, 23)",1,-0.08
73,44,"(18, 23)",1,-0.08
73,45,"(19, 23)",1,-0.08
73,46,"(20, 23)",0,-0.08
73,47,"(20, 22)",0,-0.08
73,48,"(20, 21)",1,-0.08
73,49,"(21, 21)",1,-0.08
73,50,"(22, 21)",0,-0.08
73,51,"(22, 20)",0,-0.08
73,52,"(22, 19)",1,-0.08
73,53,"(23, 19)",0,-0.08
73,54,"(23, 18)",0,-0.08
73,55,"(23, 17)",1,-0.08
73,56,"(24, 17)",1,-0.08
73,57,"(25, 17)",1,-0.08
73,58,"(26, 17)",1,-0.08
73,59,"(27, 17)",0,-0.08
73,60,"(27, 16)",0,-0.08
73,61,"(27, 15)",1,-0.08
73,62,"(28, 15)",1,-0.08
73,63,"(29, 15)",0,-0.08
73,64,"(29, 14)",0,-0.08
73,65,"(29, 13)",1,-0.08
73,66,"(30, 13)",1,-0.08
73,67,"(31, 13)",1,-0.08
73,68,"(32, 13)",1,-0.08
73,69,"(33, 13)",1,-0.08
73,70,"(34, 13)",1,-0.08
73,71,"(35, 13)",0,-0.08
73,72,"(35, 12)",1,-0.08
73,73,"(36, 12)",1,-0.08
73,74,"(37, 12)",1,-0.08
73,75,"(38, 12)",1,-0.08
73,76,"(39, 12)",0,-0.08
73,77,"(39, 11)",1,-0.08
73,78,"(40, 11)",1,-0.08
73,79,"(41, 11)",1,-0.08
73,80,"(42, 11)",1,-0.08
73,81,"(43, 11)",1,-0.08
73,82,"(44, 11)",1,-0.08
73,83,"(45, 11)",0,-0.08
73,84,"(45, 10)",1,-0.08
73,85,"(46, 10)",0,-0.08
73,86,"(46, 9)",0,-0.08
73,87,"(46, 8)",0,-0.08
73,88,"(46, 7)",1,-0.08
73,89,"(47, 7)",1,-0.08
73,90,"(48, 7)",1,-0.08
73,91,"(49, 7)",1,-0.08
73,92,"(50, 7)",1,-0.08
73,93,"(51, 7)",1,-0.08
73,94,"(52, 7)",1,-0.08
73,95,"(53, 7)",1,-0.08
73,96,"(54, 7)",1,-0.08
73,97,"(55, 7)",1,-0.08
73,98,"(56, 7)",1,-0.08
73,99,"(57, 7)",1,-0.08
73,100,"(58, 7)",1,-0.08
73,101,"(59, 7)",1,-0.08
73,102,"(60, 7)",1,-0.08
73,103,"(61, 7)",1,-0.08
73,104,"(62, 7)",1,-0.08
73,105,"(63, 7)",1,-0.08
73,106,"(64, 7)",1,-0.08
73,107,"(65, 7)",1,-0.08
73,108,"(66, 7)",1,-0.08
73,109,"(67, 7)",1,-0.08
73,110,"(68, 7)",1,-0.08
73,111,"(69, 7)",1,-0.08
73,112,"(70, 7)",0,-0.08
73,113,"(70, 6)",1,-0.08
73,114,"(71, 6)",1,-0.08
73,115,"(72, 6)",1,-0.08
73,116,"(73, 6)",0,-0.08
73,117,"(73, 5)",1,-0.08
73,118,"(74, 5)",1,-0.08
73,119,"(75, 5)",0,-0.08
73,120,"(75, 4)",0,-0.08
73,121,"(75, 3)",1,-0.08
73,122,"(76, 3)",0,-0.08
73,123,"(76, 2)",0,-0.08
73,124,"(76, 1)",1,-0.08
73,125,"(77, 1)",0,-0.08
73,126,"(77, 0)",1,-0.08
73,127,"(78, 0)",1,8.33
74,0,"(0, 39)",1,-0.08
74,1,"(1, 39)",0,-0.08
74,2,"(1, 38)",0,-0.08
74,3,"(1, 37)",1,-8.33
74,4,"(1, 37)",0,-8.33
74,5,"(1, 37)",3,-0.08
74,6,"(0, 37)",0,-0.08
74,7,"(0, 36)",0,-0.08
74,8,"(0, 35)",1,-0.08
74,9,"(1, 35)",0,-0.08
74,10,"(1, 34)",0,-0.08
74,11,"(1, 33)",0,-0.08
74,12,"(1, 32)",0,-0.08
74,13,"(1, 31)",1,-0.08
74,14,"(2, 31)",1,-0.08
74,15,"(3, 31)",0,-8.33
74,16,"(3, 31)",2,-0.08
74,17,"(3, 32)",2,-0.08
74,18,"(3, 33)",1,-0.08
74,19,"(4, 33)",1,-0.08
74,20,"(5, 33)",1,-0.08
74,21,"(6, 33)",1,-0.08
74,22,"(7, 33)",1,-0.08
74,23,"(8, 33)",1,-0.08
74,24,"(9, 33)",0,-0.08
74,25,"(9, 32)",0,-0.08
74,26,"(9, 31)",0,-0.08
74,27,"(9, 30)",0,-0.08
74,28,"(9, 29)",1,-0.08
74,29,"(10, 29)",0,-0.08
74,30,"(10, 28)",0,-0.08
74,31,"(10, 27)",1,-0.08
74,32,"(11, 27)",1,-0.08
74,33,"(12, 27)",0,-0.08
74,34,"(12, 26)",0,-0.08
74,35,"(12, 25)",1,-0.08
74,36,"(13, 25)",1,-0.08
74,37,"(14, 25)",1,-0.08
74,38,"(15, 25)",1,-0.08
74,39,"(16, 25)",1,-0.08
74,40,"(17, 25)",0,-0.08
74,41,"(17, 24)",0,-0.08
74,42,"(17, 23)",0,-0.08
74,43,"(17, 22)",1,-0.08
74,44,"(18, 22)",1,-0.08
74,45,"(19, 22)",0,-0.08
74,46,"(19, 21)",1,-0.08
74,47,"(20, 21)",0,-0.08
74,48,"(20, 20)",0,-0.08
74,49,"(20, 19)",1,-0.08
74,50,"(21, 19)",1,-0.08
74,51,"(22, 19)",1,-0.08
74,52,"(23, 19)",0,-0.08
74,53,"(23, 18)",0,-0.08
74,54,"(23, 17)",0,-0.08
74,55,"(23, 16)",0,-0.08
74,56,"(23, 15)",1,-0.08
74,57,"(24, 15)",1,-0.08
74,58,"(25, 15)",1,-0.08
74,59,"(26, 15)",1,-0.08
74,60,"(27, 15)",0,-0.08
74,61,"(27, 14)",0,-0.08
74,62,"(27, 13)",1,-0.08
74,63,"(28, 13)",1,-0.08
74,64,"(29, 13)",1,-0.08
74,65,"(30, 13)",1,-0.08
74,66,"(31, 13)",1,-0.08
74,67,"(32, 13)",1,-0.08
74,68,"(33, 13)",1,-0.08
74,69,"(34, 13)",1,-0.08
74,70,"(35, 13)",0,-0.08
74,71,"(35, 12)",1,-0.08
74,72,"(36, 12)",1,-0.08
74,73,"(37, 12)",1,-0.08
74,74,"(38, 12)",1,-0.08
74,75,"(39, 12)",0,-0.08
74,76,"(39, 11)",1,-0.08
74,77,"(40, 11)",1,-0.08
74,78,"(41, 11)",1,-0.08
74,79,"(42, 11)",1,-0.08
74,80,"(43, 11)",1,-0.08
74,81,"(44, 11)",1,-0.08
74,82,"(45, 11)",0,-0.08
74,83,"(45, 10)",1,-0.08
74,84,"(46, 10)",0,-0.08
74,85,"(46, 9)",0,-0.08
74,86,"(46, 8)",0,-0.08
74,87,"(46, 7)",1,-0.08
74,88,"(47, 7)",1,-0.08
74,89,"(48, 7)",1,-0.08
74,90,"(49, 7)",1,-0.08
74,91,"(50, 7)",1,-0.08
74,92,"(51, 7)",1,-0.08
74,93,"(52, 7)",1,-0.08
74,94,"(53, 7)",1,-0.08
74,95,"(54, 7)",1,-0.08
74,96,"(55, 7)",1,-0.08
74,97,"(56, 7)",1,-0.08
74,98,"(57, 7)",1,-0.08
74,99,"(58, 7)",1,-0.08
74,100,"(59, 7)",1,-0.08
74,101,"(60, 7)",1,-0.08
74,102,"(61, 7)",1,-0.08
74,103,"(62, 7)",1,-0.08
74,104,"(63, 7)",1,-0.08
74,105,"(64, 7)",1,-0.08
74,106,"(65, 7)",1,-0.08
74,107,"(66, 7)",1,-0.08
74,108,"(67, 7)",1,-0.08
74,109,"(68, 7)",1,-0.08
74,110,"(69, 7)",1,-0.08
74,111,"(70, 7)",0,-0.08
74,112,"(70, 6)",1,-0.08
74,113,"(71, 6)",1,-0.08
74,114,"(72, 6)",0,-0.08
74,115,"(72, 5)",1,-0.08
74,116,"(73, 5)",1,-0.08
74,117,"(74, 5)",0,-0.08
74,118,"(74, 4)",0,-0.08
74,119,"(74, 3)",1,-0.08
74,120,"(75, 3)",1,-0.08
74,121,"(76, 3)",1,-0.08
74,122,"(77, 3)",0,-0.08
74,123,"(77, 2)",0,-0.08
74,124,"(77, 1)",0,-0.08
74,125,"(77, 0)",1,-0.08
74,126,"(78, 0)",1,8.33
75,0,"(0, 39)",1,-0.08
75,1,"(1, 39)",0,-0.08
75,2,"(1, 38)",1,-8.33
75,3,"(1, 38)",0,-0.08
75,4,"(1, 37)",0,-8.33
75,5,"(1, 37)",3,-0.08
75,6,"(0, 37)",0,-0.08
75,7,"(0, 36)",0,-0.08
75,8,"(0, 35)",0,-0.08
75,9,"(0, 34)",1,-0.08
75,10,"(1, 34)",0,-0.08
75,11,"(1, 33)",1,-0.08
75,12,"(2, 33)",0,-0.08
75,13,"(2, 32)",1,-0.08
75,14,"(3, 32)",0,-0.08
75,15,"(3, 31)",0,-8.33
75,16,"(3, 31)",0,-8.33
75,17,"(3, 31)",2,-0.08
75,18,"(3, 32)",2,-0.08
75,19,"(3, 33)",1,-0.08
75,20,"(4, 33)",1,-0.08
75,21,"(5, 33)",0,-0.08
75,22,"(5, 32)",0,-0.08
75,23,"(5, 31)",1,-0.08
75,24,"(6, 31)",1,-0.08
75,25,"(7, 31)",1,-0.08
75,26,"(8, 31)",1,-0.08
75,27,"(9, 31)",0,-0.08
75,28,"(9, 30)",0,-0.08
75,29,"(9, 29)",1,-0.08
75,30,"(10, 29)",0,-0.08
75,31,"(10, 28)",0,-0.08
75,32,"(10, 27)",1,-0.08
75,33,"(11, 27)",1,-0.08
75,34,"(12, 27)",1,-0.08
75,35,"(13, 27)",0,-0.08
75,36,"(13, 26)",0,-0.08
75,37,"(13, 25)",0,-0.08
75,38,"(13, 24)",0,-0.08
75,39,"(13, 23)",1,-0.08
75,40,"(14, 23)",1,-0.08
75,41,"(15, 23)",1,-0.08
75,42,"(16, 23)",0,-0.08
75,43,"(16, 22)",1,-0.08
75,44,"(17, 22)",1,-0.08
75,45,"(18, 22)",1,-0.08
75,46,"(19, 22)",1,-0.08
75,47,"(20, 22)",0,-0.08
75,48,"(20, 21)",0,-0.08
75,49,"(20, 20)",1,-0.08
75,50,"(21, 20)",0,-0.08
75,51,"(21, 19)",1,-0.08
75,52,"(22, 19)",1,-0.08
75,53,"(23, 19)",0,-0.08
75,54,"(23, 18)",0,-0.08
75,55,"(23, 17)",1,-0.08
75,56,"(24, 17)",1,-0.08
75,57,"(25, 17)",1,-0.08
75,58,"(26, 17)",1,-0.08
75,59,"(27, 17)",0,-0.08
75,60,"(27, 16)",0,-0.08
75,61,"(27, 15)",1,-0.08
75,62,"(28, 15)",1,-0.08
75,63,"(29, 15)",1,-0.08
75,64,"(30, 15)",1,-0.08
75,65,"(31, 15)",0,-0.08
75,66,"(31, 14)",0,-0.08
75,67,"(31, 13)",1,-0.08
75,68,"(32, 13)",1,-0.08
75,69,"(33, 13)",1,-0.08
75,70,"(34, 13)",1,-0.08
75,71,"(35, 13)",1,-0.08
75,72,"(36, 13)",1,-0.08
75,73,"(37, 13)",0,-0.08
75,74,"(37, 12)",1,-0.08
75,75,"(38, 12)",1,-0.08
75,76,"(39, 12)",0,-0.08
75,77,"(39, 11)",1,-0.08
75,78,"(40, 11)",1,-0.08
75,79,"(41, 11)",1,-0.08
75,80,"(42, 11)",1,-0.08
75,81,"(43, 11)",1,-0.08
75,82,"(44, 11)",1,-0.08
75,83,"(45, 11)",0,-0.08
75,84,"(45, 10)",0,-0.08
75,85,"(45, 9)",1,-0.08
75,86,"(46, 9)",0,-0.08
75,87,"(46, 8)",0,-0.08
75,88,"(46, 7)",1,-0.08
75,89,"(47, 7)",1,-0.08
75,90,"(48, 7)",1,-0.08
75,91,"(49, 7)",1,-0.08
75,92,"(50, 7)",1,-0.08
75,93,"(51, 7)",1,-0.08
75,94,"(52, 7)",1,-0.08
75,95,"(53, 7)",1,-0.08
75,96,"(54, 7)",1,-0.08
75,97,"(55, 7)",1,-0.08
75,98,"(56, 7)",1,-0.08
75,99,"(57, 7)",1,-0.08
75,100,"(58, 7)",1,-0.08
75,101,"(59, 7)",1,-0.08
75,102,"(60, 7)",1,-0.08
75,103,"(61, 7)",1,-0.08
75,104,"(62, 7)",1,-0.08
75,105,"(63, 7)",1,-0.08
75,106,"(64, 7)",1,-0.08
75,107,"(65, 7)",1,-0.08
75,108,"(66, 7)",1,-0.08
75,109,"(67, 7)",1,-0.08
75,110,"(68, 7)",1,-0.08
75,111,"(69, 7)",1,-0.08
75,112,"(70, 7)",1,-0.08
75,113,"(71, 7)",1,-0.08
75,114,"(72, 7)",1,-0.08
75,115,"(73, 7)",0,-0.08
75,116,"(73, 6)",0,-0.08
75,117,"(73, 5)",1,-0.08
75,118,"(74, 5)",0,-0.08
75,119,"(74, 4)",1,-0.08
75,120,"(75, 4)",0,-0.08
75,121,"(75, 3)",1,-0.08
75,122,"(76, 3)",1,-0.08
75,123,"(77, 3)",0,-0.08
75,124,"(77, 2)",0,-0.08
75,125,"(77, 1)",1,-0.08
75,126,"(78, 1)",0,-0.08
75,127,"(78, 0)",1,8.33
76,0,"(0, 39)",0,-0.08
76,1,"(0, 38)",0,-0.08
76,2,"(0, 37)",0,-0.08
76,3,"(0, 36)",1,-8.33
76,4,"(0, 36)",0,-0.08
76,5,"(0, 35)",0,-0.08
76,6,"(0, 34)",0,-0.08
76,7,"(0, 33)",1,-0.08
76,8,"(1, 33)",1,-0.08
76,9,"(2, 33)",0,-0.08
76,10,"(2, 32)",0,-0.08
76,11,"(2, 31)",1,-0.08
76,12,"(3, 31)",0,-8.33
76,13,"(3, 31)",0,-8.33
76,14,"(3, 31)",3,-0.08
76,15,"(2, 31)",3,-0.08
76,16,"(1, 31)",0,-0.08
76,17,"(1, 30)",0,-0.08
76,18,"(1, 29)",1,-0.08
76,19,"(2, 29)",1,-0.08
76,20,"(3, 29)",1,-0.08
76,21,"(4, 29)",1,-0.08
76,22,"(5, 29)",1,-0.08
76,23,"(6, 29)",1,-0.08
76,24,"(7, 29)",0,-0.08
76,25,"(7, 28)",1,-0.08
76,26,"(8, 28)",0,-0.08
76,27,"(8, 27)",1,-0.08
76,28,"(9, 27)",1,-0.08
76,29,"(10, 27)",1,-0.08
76,30,"(11, 27)",1,-0.08
76,31,"(12, 27)",0,-0.08
76,32,"(12, 26)",1,-0.08
76,33,"(13, 26)",0,-0.08
76,34,"(13, 25)",0,-0.08
76,35,"(13, 24)",1,-0.08
76,36,"(14, 24)",0,-0.08
76,37,"(14, 23)",1,-0.08
76,38,"(15, 23)",1,-0.08
76,39,"(16, 23)",0,-0.08
76,40,"(16, 22)",1,-0.08
76,41,"(17, 22)",1,-0.08
76,42,"(18, 22)",1,-0.08
76,43,"(19, 22)",0,-0.08
76,44,"(19, 21)",1,-0.08
76,45,"(20, 21)",1,-0.08
76,46,"(21, 21)",1,-0.08
76,47,"(22, 21)",0,-0.08
76,48,"(22, 20)",0,-0.08
76,49,"(22, 19)",1,-0.08
76,50,"(23, 19)",0,-0.08
76,51,"(23, 18)",0,-0.08
76,52,"(23, 17)",0,-0.08
76,53,"(23, 16)",0,-0.08
76,54,"(23, 15)",1,-0.08
76,55,"(24, 15)",1,-0.08
76,56,"(25, 15)",1,-0.08
76,57,"(26, 15)",1,-0.08
76,58,"(27, 15)",0,-0.08
76,59,"(27, 14)",0,-0.08
76,60,"(27, 13)",1,-0.08
76,61,"(28, 13)",1,-0.08
76,62,"(29, 13)",1,-0.08
76,63,"(30, 13)",1,-0.08
76,64,"(31, 13)",1,-0.08
76,65,"(32, 13)",1,-0.08
76,66,"(33, 13)",1,-0.08
76,67,"(34, 13)",1,-0.08
76,68,"(35, 13)",0,-0.08
76,69,"(35, 12)",1,-0.08
76,70,"(36, 12)",1,-0.08
76,71,"(37, 12)",1,-0.08
76,72,"(38, 12)",1,-0.08
76,73,"(39, 12)",0,-0.08
76,74,"(39, 11)",1,-0.08
76,75,"(40, 11)",1,-0.08
76,76,"(41, 11)",1,-0.08
76,77,"(42, 11)",1,-0.08
76,78,"(43, 11)",1,-0.08
76,79,"(44, 11)",1,-0.08
76,80,"(45, 11)",0,-0.08
76,81,"(45, 10)",0,-0.08
76,82,"(45, 9)",0,-0.08
76,83,"(45, 8)",0,-0.08
76,84,"(45, 7)",1,-0.08
76,85,"(46, 7)",1,-0.08
76,86,"(47, 7)",1,-0.08
76,87,"(48, 7)",1,-0.08
76,88,"(49, 7)",1,-0.08
76,89,"(50, 7)",1,-0.08
76,90,"(51, 7)",1,-0.08
76,91,"(52, 7)",1,-0.08
76,92,"(53, 7)",1,-0.08
76,93,"(54, 7)",1,-0.08
76,94,"(55, 7)",1,-0.08
76,95,"(56, 7)",1,-0.08
76,96,"(57, 7)",1,-0.08
76,97,"(58, 7)",1,-0.08
76,98,"(59, 7)",1,-0.08
76,99,"(60, 7)",1,-0.08
76,100,"(61, 7)",1,-0.08
76,101,"(62, 7)",1,-0.08
76,102,"(63, 7)",1,-0.08
76,103,"(64, 7)",1,-0.08
76,104,"(65, 7)",1,-0.08
76,105,"(66, 7)",1,-0.08
76,106,"(67, 7)",1,-0.08
76,107,"(68, 7)",1,-0.08
76,108,"(69, 7)",1,-0.08
76,109,"(70, 7)",0,-0.08
76,110,"(70, 6)",1,-0.08
76,111,"(71, 6)",1,-0.08
76,112,"(72, 6)",0,-0.08
76,113,"(72, 5)",1,-0.08
76,114,"(73, 5)",1,-0.08
76,115,"(74, 5)",1,-0.08
76,116,"(75, 5)",1,-0.08
76,117,"(76, 5)",1,-0.08
76,118,"(77, 5)",0,-0.08
76,119,"(77, 4)",0,-0.08
76,120,"(77, 3)",0,-0.08
76,121,"(77, 2)",0,-0.08
76,122,"(77, 1)",1,-0.08
76,123,"(78, 1)",0,-0.08
76,124,"(78, 0)",1,8.33
77,0,"(0, 39)",1,-0.08
77,1,"(1, 39)",1,-0.08
77,2,"(2, 39)",1,-0.08
77,3,"(3, 39)",0,-0.08
77,4,"(3, 38)",0,-0.08
77,5,"(3, 37)",0,-0.08
77,6,"(3, 36)",1,-8.33
77,7,"(3, 36)",2,-0.08
77,8,"(3, 37)",1,-8.33
77,9,"(3, 37)",0,-0.08
77,10,"(3, 36)",0,-0.08
77,11,"(3, 35)",3,-0.08
77,12,"(2, 35)",0,-0.08
77,13,"(2, 34)",0,-0.08
77,14,"(2, 33)",0,-0.08
77,15,"(2, 32)",1,-0.08
77,16,"(3, 32)",0,-0.08
77,17,"(3, 31)",0,-8.33
77,18,"(3, 31)",0,-8.33
77,19,"(3, 31)",2,-0.08
77,20,"(3, 32)",2,-0.08
77,21,"(3, 33)",1,-0.08
77,22,"(4, 33)",1,-0.08
77,23,"(5, 33)",1,-0.08
77,24,"(6, 33)",1,-0.08
77,25,"(7, 33)",1,-0.08
77,26,"(8, 33)",0,-0.08
77,27,"(8, 32)",1,-0.08
77,28,"(9, 32)",0,-0.08
77,29,"(9, 31)",0,-0.08
77,30,"(9, 30)",1,-0.08
77,31,"(10, 30)",0,-0.08
77,32,"(10, 29)",0,-0.08
77,33,"(10, 28)",0,-0.08
77,34,"(10, 27)",1,-0.08
77,35,"(11, 27)",1,-0.08
77,36,"(12, 27)",1,-0.08
77,37,"(13, 27)",0,-0.08
77,38,"(13, 26)",0,-0.08
77,39,"(13, 25)",0,-0.08
77,40,"(13, 24)",1,-0.08
77,41,"(14, 24)",0,-0.08
77,42,"(14, 23)",1,-0.08
77,43,"(15, 23)",1,-0.08
77,44,"(16, 23)",1,-0.08
77,45,"(17, 23)",1,-0.08
77,46,"(18, 23)",1,-0.08
77,47,"(19, 23)",1,-0.08
77,48,"(20, 23)",1,-0.08
77,49,"(21, 23)",0,-0.08
77,50,"(21, 22)",0,-0.08
77,51,"(21, 21)",1,-0.08
77,52,"(22, 21)",0,-0.08
77,53,"(22, 20)",1,-0.08
77,54,"(23, 20)",1,-0.08
77,55,"(24, 20)",1,-0.08
77,56,"(25, 20)",0,-0.08
77,57,"(25, 19)",0,-0.08
77,58,"(25, 18)",0,-0.08
77,59,"(25, 17)",1,-0.08
77,60,"(26, 17)",1,-0.08
77,61,"(27, 17)",1,-0.08
77,62,"(28, 17)",0,-0.08
77,63,"(28, 16)",0,-0.08
77,64,"(28, 15)",1,-0.08
77,65,"(29, 15)",1,-0.08
77,66,"(30, 15)",1,-0.08
77,67,"(31, 15)",1,-0.08
77,68,"(32, 15)",1,-0.08
77,69,"(33, 15)",1,-0.08
77,70,"(34, 15)",0,-0.08
77,71,"(34, 14)",0,-0.08
77,72,"(34, 13)",1,-0.08
77,73,"(35, 13)",0,-0.08
77,74,"(35, 12)",1,-0.08
77,75,"(36, 12)",1,-0.08
77,76,"(37, 12)",1,-0.08
77,77,"(38, 12)",1,-0.08
77,78,"(39, 12)",0,-0.08
77,79,"(39, 11)",1,-0.08
77,80,"(40, 11)",1,-0.08
77,81,"(41, 11)",1,-0.08
77,82,"(42, 11)",1,-0.08
77,83,"(43, 11)",1,-0.08
77,84,"(44, 11)",1,-0.08
77,85,"(45, 11)",0,-0.08
77,86,"(45, 10)",1,-0.08
77,87,"(46, 10)",1,-0.08
77,88,"(47, 10)",1,-0.08
77,89,"(48, 10)",1,-0.08
77,90,"(49, 10)",1,-0.08
77,91,"(50, 10)",0,-0.08
77,92,"(50, 9)",0,-0.08
77,93,"(50, 8)",0,-0.08
77,94,"(50, 7)",1,-0.08
77,95,"(51, 7)",1,-0.08
77,96,"(52, 7)",1,-0.08
77,97,"(53, 7)",1,-0.08
77,98,"(54, 7)",1,-0.08
77,99,"(55, 7)",1,-0.08
77,100,"(56, 7)",1,-0.08
77,101,"(57, 7)",1,-0.08
77,102,"(58, 7)",1,-0.08
77,103,"(59, 7)",1,-0.08
77,104,"(60, 7)",1,-0.08
77,105,"(61, 7)",1,-0.08
77,106,"(62, 7)",1,-0.08
77,107,"(63, 7)",1,-0.08
77,108,"(64, 7)",1,-0.08
77,109,"(65, 7)",1,-0.08
77,110,"(66, 7)",1,-0.08
77,111,"(67, 7)",1,-0.08
77,112,"(68, 7)",1,-0.08
77,113,"(69, 7)",0,-0.08
77,114,"(69, 6)",1,-0.08
77,115,"(70, 6)",1,-0.08
77,116,"(71, 6)",1,-0.08
77,117,"(72, 6)",1,-0.08
77,118,"(73, 6)",1,-0.08
77,119,"(74, 6)",0,-0.08
77,120,"(74, 5)",0,-0.08
77,121,"(74, 4)",1,-0.08
77,122,"(75, 4)",0,-0.08
77,123,"(75, 3)",1,-0.08
77,124,"(76, 3)",1,-0.08
77,125,"(77, 3)",0,-0.08
77,126,"(77, 2)",0,-0.08
77,127,"(77, 1)",0,-0.08
77,128,"(77, 0)",1,-0.08
77,129,"(78, 0)",1,8.33
78,0,"(0, 39)",1,-0.08
78,1,"(1, 39)",1,-0.08
78,2,"(2, 39)",0,-8.33
78,3,"(2, 39)",1,-0.08
78,4,"(3, 39)",0,-0.08
78,5,"(3, 38)",0,-0.08
78,6,"(3, 37)",1,-8.33
78,7,"(3, 37)",0,-0.08
78,8,"(3, 36)",0,-0.08
78,9,"(3, 35)",3,-0.08
78,10,"(2, 35)",0,-0.08
78,11,"(2, 34)",0,-0.08
78,12,"(2, 33)",1,-0.08
78,13,"(3, 33)",1,-0.08
78,14,"(4, 33)",1,-0.08
78,15,"(5, 33)",0,-0.08
78,16,"(5, 32)",0,-0.08
78,17,"(5, 31)",1,-0.08
78,18,"(6, 31)",1,-0.08
78,19,"(7, 31)",1,-0.08
78,20,"(8, 31)",1,-0.08
78,21,"(9, 31)",0,-0.08
78,22,"(9, 30)",0,-0.08
78,23,"(9, 29)",1,-0.08
78,24,"(10, 29)",0,-0.08
78,25,"(10, 28)",0,-0.08
78,26,"(10, 27)",0,-8.33
78,27,"(10, 27)",1,-0.08
78,28,"(11, 27)",1,-0.08
78,29,"(12, 27)",0,-0.08
78,30,"(12, 26)",1,-0.08
78,31,"(13, 26)",0,-0.08
78,32,"(13, 25)",1,-0.08
78,33,"(14, 25)",0,-0.08
78,34,"(14, 24)",0,-0.08
78,35,"(14, 23)",1,-0.08
78,36,"(15, 23)",1,-0.08
78,37,"(16, 23)",1,-0.08
78,38,"(17, 23)",0,-0.08
78,39,"(17, 22)",1,-0.08
78,40,"(18, 22)",1,-0.08
78,41,"(19, 22)",1,-0.08
78,42,"(20, 22)",0,-0.08
78,43,"(20, 21)",1,-0.08
78,44,"(21, 21)",1,-0.08
78,45,"(22, 21)",1,-0.08
78,46,"(23, 21)",0,-0.08
78,47,"(23, 20)",0,-0.08
78,48,"(23, 19)",0,-0.08
78,49,"(23, 18)",0,-0.08
78,50,"(23, 17)",1,-0.08
78,51,"(24, 17)",1,-0.08
78,52,"(25, 17)",1,-0.08
78,53,"(26, 17)",1,-0.08
78,54,"(27, 17)",0,-0.08
78,55,"(27, 16)",0,-0.08
78,56,"(27, 15)",1,-0.08
78,57,"(28, 15)",1,-0.08
78,58,"(29, 15)",0,-0.08
78,59,"(29, 14)",0,-0.08
78,60,"(29, 13)",1,-0.08
78,61,"(30, 13)",1,-0.08
78,62,"(31, 13)",1,-0.08
78,63,"(32, 13)",1,-0.08
78,64,"(33, 13)",1,-0.08
78,65,"(34, 13)",1,-0.08
78,66,"(35, 13)",0,-0.08
78,67,"(35, 12)",1,-0.08
78,68,"(36, 12)",1,-0.08
78,69,"(37, 12)",1,-0.08
78,70,"(38, 12)",1,-0.08
78,71,"(39, 12)",0,-0.08
78,72,"(39, 11)",1,-0.08
78,73,"(40, 11)",1,-0.08
78,74,"(41, 11)",1,-0.08
78,75,"(42, 11)",1,-0.08
78,76,"(43, 11)",1,-0.08
78,77,"(44, 11)",1,-0.08
78,78,"(45, 11)",0,-0.08
78,79,"(45, 10)",0,-0.08
78,80,"(45, 9)",0,-0.08
78,81,"(45, 8)",0,-0.08
78,82,"(45, 7)",1,-0.08
78,83,"(46, 7)",1,-0.08
78,84,"(47, 7)",1,-0.08
78,85,"(48, 7)",1,-0.08
78,86,"(49, 7)",1,-0.08
78,87,"(50, 7)",1,-0.08
78,88,"(51, 7)",1,-0.08
78,89,"(52, 7)",1,-0.08
78,90,"(53, 7)",1,-0.08
78,91,"(54, 7)",1,-0.08
78,92,"(55, 7)",1,-0.08
78,93,"(56, 7)",1,-0.08
78,94,"(57, 7)",1,-0.08
78,95,"(58, 7)",1,-0.08
78,96,"(59, 7)",1,-0.08
78,97,"(60, 7)",1,-0.08
78,98,"(61, 7)",1,-0.08
78,99,"(62, 7)",1,-0.08
78,100,"(63, 7)",1,-0.08
78,101,"(64, 7)",1,-0.08
78,102,"(65, 7)",1,-0.08
78,103,"(66, 7)",1,-0.08
78,104,"(67, 7)",1,-0.08
78,105,"(68, 7)",1,-0.08
78,106,"(69, 7)",0,-0.08
78,107,"(69, 6)",1,-0.08
78,108,"(70, 6)",1,-0.08
78,109,"(71, 6)",1,-0.08
78,110,"(72, 6)",1,-0.08
78,111,"(73, 6)",0,-0.08
78,112,"(73, 5)",1,-0.08
78,113,"(74, 5)",0,-0.08
78,114,"(74, 4)",1,-0.08
78,115,"(75, 4)",0,-0.08
78,116,"(75, 3)",1,-0.08
78,117,"(76, 3)",1,-0.08
78,118,"(77, 3)",0,-0.08
78,119,"(77, 2)",0,-0.08
78,120,"(77, 1)",1,-0.08
78,121,"(78, 1)",1,-0.08
78,122,"(79, 1)",0,8.33
79,0,"(0, 39)",0,-0.08
79,1,"(0, 38)",0,-0.08
79,2,"(0, 37)",1,-0.08
79,3,"(1, 37)",0,-8.33
79,4,"(1, 37)",3,-0.08
79,5,"(0, 37)",0,-0.08
79,6,"(0, 36)",0,-0.08
79,7,"(0, 35)",1,-0.08
79,8,"(1, 35)",1,-0.08
79,9,"(2, 35)",0,-0.08
79,10,"(2, 34)",0,-0.08
79,11,"(2, 33)",1,-0.08
79,12,"(3, 33)",0,-0.08
79,13,"(3, 32)",0,-0.08
79,14,"(3, 31)",0,-8.33
79,15,"(3, 31)",3,-0.08
79,16,"(2, 31)",3,-0.08
79,17,"(1, 31)",0,-0.08
79,18,"(1, 30)",0,-0.08
79,19,"(1, 29)",1,-0.08
79,20,"(2, 29)",1,-0.08
79,21,"(3, 29)",1,-0.08
79,22,"(4, 29)",1,-0.08
79,23,"(5, 29)",1,-0.08
79,24,"(6, 29)",1,-0.08
79,25,"(7, 29)",0,-0.08
79,26,"(7, 28)",1,-0.08
79,27,"(8, 28)",0,-0.08
79,28,"(8, 27)",1,-0.08
79,29,"(9, 27)",1,-0.08
79,30,"(10, 27)",1,-0.08
79,31,"(11, 27)",1,-0.08
79,32,"(12, 27)",1,-0.08
79,33,"(13, 27)",1,-0.08
79,34,"(14, 27)",1,-0.08
79,35,"(15, 27)",0,-0.08
79,36,"(15, 26)",1,-0.08
79,37,"(16, 26)",1,-0.08
79,38,"(17, 26)",0,-0.08
79,39,"(17, 25)",0,-0.08
79,40,"(17, 24)",0,-0.08
79,41,"(17, 23)",1,-0.08
79,42,"(18, 23)",1,-0.08
79,43,"(19, 23)",1,-0.08
79,44,"(20, 23)",0,-0.08
79,45,"(20, 22)",1,-0.08
79,46,"(21, 22)",0,-0.08
79,47,"(21, 21)",0,-0.08
79,48,"(21, 20)",0,-0.08
79,49,"(21, 19)",1,-0.08
79,50,"(22, 19)",1,-0.08
79,51,"(23, 19)",0,-0.08
79,52,"(23, 18)",0,-0.08
79,53,"(23, 17)",1,-0.08
79,54,"(24, 17)",1,-0.08
79,55,"(25, 17)",1,-0.08
79,56,"(26, 17)",1,-0.08
79,57,"(27, 17)",0,-0.08
79,58,"(27, 16)",0,-0.08
79,59,"(27, 15)",0,-0.08
79,60,"(27, 14)",0,-0.08
79,61,"(27, 13)",1,-0.08
79,62,"(28, 13)",1,-0.08
79,63,"(29, 13)",1,-0.08
79,64,"(30, 13)",1,-0.08
79,65,"(31, 13)",1,-0.08
79,66,"(32, 13)",1,-0.08
79,67,"(33, 13)",1,-0.08
79,68,"(34, 13)",1,-0.08
79,69,"(35, 13)",1,-0.08
79,70,"(36, 13)",0,-0.08
79,71,"(36, 12)",1,-0.08
79,72,"(37, 12)",1,-0.08
79,73,"(38, 12)",1,-0.08
79,74,"(39, 12)",0,-0.08
79,75,"(39, 11)",1,-0.08
79,76,"(40, 11)",1,-0.08
79,77,"(41, 11)",1,-0.08
79,78,"(42, 11)",1,-0.08
79,79,"(43, 11)",1,-0.08
79,80,"(44, 11)",1,-0.08
79,81,"(45, 11)",0,-0.08
79,82,"(45, 10)",0,-0.08
79,83,"(45, 9)",0,-0.08
79,84,"(45, 8)",0,-0.08
79,85,"(45, 7)",1,-0.08
79,86,"(46, 7)",1,-0.08
79,87,"(47, 7)",1,-0.08
79,88,"(48, 7)",1,-0.08
79,89,"(49, 7)",1,-0.08
79,90,"(50, 7)",1,-0.08
79,91,"(51, 7)",1,-0.08
79,92,"(52, 7)",1,-0.08
79,93,"(53, 7)",1,-0.08
79,94,"(54, 7)",1,-0.08
79,95,"(55, 7)",1,-0.08
79,96,"(56, 7)",1,-0.08
79,97,"(57, 7)",1,-0.08
79,98,"(58, 7)",1,-0.08
79,99,"(59, 7)",1,-0.08
79,100,"(60, 7)",1,-0.08
79,101,"(61, 7)",1,-0.08
79,102,"(62, 7)",1,-0.08
79,103,"(63, 7)",1,-0.08
79,104,"(64, 7)",1,-0.08
79,105,"(65, 7)",1,-0.08
79,106,"(66, 7)",1,-0.08
79,107,"(67, 7)",1,-0.08
79,108,"(68, 7)",1,-0.08
79,109,"(69, 7)",1,-0.08
79,110,"(70, 7)",1,-0.08
79,111,"(71, 7)",1,-0.08
79,112,"(72, 7)",1,-0.08
79,113,"(73, 7)",1,-0.08
79,114,"(74, 7)",0,-0.08
79,115,"(74, 6)",0,-0.08
79,116,"(74, 5)",1,-0.08
79,117,"(75, 5)",1,-0.08
79,118,"(76, 5)",1,-0.08
79,119,"(77, 5)",0,-0.08
79,120,"(77, 4)",0,-0.08
79,121,"(77, 3)",0,-0.08
79,122,"(77, 2)",0,-0.08
79,123,"(77, 1)",0,-0.08
79,124,"(77, 0)",1,-0.08
79,125,"(78, 0)",1,8.33
80,0,"(0, 39)",1,-0.08
80,1,"(1, 39)",0,-0.08
80,2,"(1, 38)",1,-8.33
80,3,"(1, 38)",0,-0.08
80,4,"(1, 37)",0,-8.33
80,5,"(1, 37)",3,-0.08
80,6,"(0, 37)",0,-0.08
80,7,"(0, 36)",0,-0.08
80,8,"(0, 35)",1,-0.08
80,9,"(1, 35)",1,-0.08
80,10,"(2, 35)",0,-0.08
80,11,"(2, 34)",0,-0.08
80,12,"(2, 33)",1,-0.08
80,13,"(3, 33)",1,-0.08
80,14,"(4, 33)",1,-0.08
80,15,"(5, 33)",0,-0.08
80,16,"(5, 32)",0,-0.08
80,17,"(5, 31)",0,-0.08
80,18,"(5, 30)",0,-0.08
80,19,"(5, 29)",1,-0.08
80,20,"(6, 29)",1,-0.08
80,21,"(7, 29)",1,-0.08
80,22,"(8, 29)",0,-0.08
80,23,"(8, 28)",0,-0.08
80,24,"(8, 27)",1,-0.08
80,25,"(9, 27)",1,-0.08
80,26,"(10, 27)",0,-8.33
80,27,"(10, 27)",1,-0.08
80,28,"(11, 27)",1,-0.08
80,29,"(12, 27)",0,-0.08
80,30,"(12, 26)",1,-0.08
80,31,"(13, 26)",0,-0.08
80,32,"(13, 25)",1,-0.08
80,33,"(14, 25)",1,-0.08
80,34,"(15, 25)",1,-0.08
80,35,"(16, 25)",1,-0.08
80,36,"(17, 25)",0,-0.08
80,37,"(17, 24)",0,-0.08
80,38,"(17, 23)",0,-0.08
80,39,"(17, 22)",1,-0.08
80,40,"(18, 22)",1,-0.08
80,41,"(19, 22)",1,-0.08
80,42,"(20, 22)",1,-0.08
80,43,"(21, 22)",0,-0.08
80,44,"(21, 21)",0,-0.08
80,45,"(21, 20)",1,-0.08
80,46,"(22, 20)",0,-0.08
80,47,"(22, 19)",1,-0.08
80,48,"(23, 19)",0,-0.08
80,49,"(23, 18)",0,-0.08
80,50,"(23, 17)",1,-0.08
80,51,"(24, 17)",1,-0.08
80,52,"(25, 17)",1,-0.08
80,53,"(26, 17)",1,-0.08
80,54,"(27, 17)",0,-0.08
80,55,"(27, 16)",1,-0.08
80,56,"(28, 16)",1,-0.08
80,57,"(29, 16)",0,-0.08
80,58,"(29, 15)",0,-0.08
80,59,"(29, 14)",0,-0.08
80,60,"(29, 13)",1,-0.08
80,61,"(30, 13)",1,-0.08
80,62,"(31, 13)",1,-0.08
80,63,"(32, 13)",1,-0.08
80,64,"(33, 13)",1,-0.08
80,65,"(34, 13)",1,-0.08
80,66,"(35, 13)",1,-0.08
80,67,"(36, 13)",0,-0.08
80,68,"(36, 12)",1,-0.08
80,69,"(37, 12)",1,-0.08
80,70,"(38, 12)",1,-0.08
80,71,"(39, 12)",0,-0.08
80,72,"(39, 11)",1,-0.08
80,73,"(40, 11)",1,-0.08
80,74,"(41, 11)",1,-0.08
80,75,"(42, 11)",1,-0.08
80,76,"(43, 11)",1,-0.08
80,77,"(44, 11)",1,-0.08
80,78,"(45, 11)",0,-0.08
80,79,"(45, 10)",1,-0.08
80,80,"(46, 10)",0,-0.08
80,81,"(46, 9)",0,-0.08
80,82,"(46, 8)",0,-0.08
80,83,"(46, 7)",1,-0.08
80,84,"(47, 7)",1,-0.08
80,85,"(48, 7)",1,-0.08
80,86,"(49, 7)",1,-0.08
80,87,"(50, 7)",1,-0.08
80,88,"(51, 7)",1,-0.08
80,89,"(52, 7)",1,-0.08
80,90,"(53, 7)",1,-0.08
80,91,"(54, 7)",1,-0.08
80,92,"(55, 7)",1,-0.08
80,93,"(56, 7)",1,-0.08
80,94,"(57, 7)",1,-0.08
80,95,"(58, 7)",1,-0.08
80,96,"(59, 7)",1,-0.08
80,97,"(60, 7)",1,-0.08
80,98,"(61, 7)",1,-0.08
80,99,"(62, 7)",1,-0.08
80,100,"(63, 7)",1,-0.08
80,101,"(64, 7)",1,-0.08
80,102,"(65, 7)",1,-0.08
80,103,"(66, 7)",1,-0.08
80,104,"(67, 7)",1,-0.08
80,105,"(68, 7)",1,-0.08
80,106,"(69, 7)",0,-0.08
80,107,"(69, 6)",1,-0.08
80,108,"(70, 6)",1,-0.08
80,109,"(71, 6)",0,-0.08
80,110,"(71, 5)",1,-0.08
80,111,"(72, 5)",1,-0.08
80,112,"(73, 5)",1,-0.08
80,113,"(74, 5)",0,-0.08
80,114,"(74, 4)",1,-0.08
80,115,"(75, 4)",0,-0.08
80,116,"(75, 3)",1,-0.08
80,117,"(76, 3)",0,-0.08
80,118,"(76, 2)",0,-0.08
80,119,"(76, 1)",1,-0.08
80,120,"(77, 1)",1,-0.08
80,121,"(78, 1)",1,-0.08
80,122,"(79, 1)",0,8.33
81,0,"(0, 39)",1,-0.08
81,1,"(1, 39)",0,-0.08
81,2,"(1, 38)",0,-0.08
81,3,"(1, 37)",1,-8.33
81,4,"(1, 37)",0,-8.33
81,5,"(1, 37)",3,-0.08
81,6,"(0, 37)",0,-0.08
81,7,"(0, 36)",0,-0.08
81,8,"(0, 35)",1,-0.08
81,9,"(1, 35)",1,-0.08
81,10,"(2, 35)",0,-0.08
81,11,"(2, 34)",0,-0.08
81,12,"(2, 33)",1,-0.08
81,13,"(3, 33)",1,-0.08
81,14,"(4, 33)",1,-0.08
81,15,"(5, 33)",1,-0.08
81,16,"(6, 33)",1,-0.08
81,17,"(7, 33)",0,-0.08
81,18,"(7, 32)",1,-0.08
81,19,"(8, 32)",0,-0.08
81,20,"(8, 31)",1,-0.08
81,21,"(9, 31)",0,-0.08
81,22,"(9, 30)",0,-0.08
81,23,"(9, 29)",1,-0.08
81,24,"(10, 29)",0,-0.08
81,25,"(10, 28)",0,-0.08
81,26,"(10, 27)",0,-8.33
81,27,"(10, 27)",1,-0.08
81,28,"(11, 27)",1,-0.08
81,29,"(12, 27)",1,-0.08
81,30,"(13, 27)",0,-0.08
81,31,"(13, 26)",0,-0.08
81,32,"(13, 25)",0,-0.08
81,33,"(13, 24)",1,-0.08
81,34,"(14, 24)",0,-0.08
81,35,"(14, 23)",1,-0.08
81,36,"(15, 23)",1,-0.08
81,37,"(16, 23)",1,-0.08
81,38,"(17, 23)",0,-0.08
81,39,"(17, 22)",1,-0.08
81,40,"(18, 22)",1,-0.08
81,41,"(19, 22)",0,-0.08
81,42,"(19, 21)",0,-0.08
81,43,"(19, 20)",1,-0.08
81,44,"(20, 20)",1,-0.08
81,45,"(21, 20)",1,-0.08
81,46,"(22, 20)",1,-0.08
81,47,"(23, 20)",1,-0.08
81,48,"(24, 20)",1,-0.08
81,49,"(25, 20)",0,-0.08
81,50,"(25, 19)",1,-0.08
81,51,"(26, 19)",0,-0.08
81,52,"(26, 18)",1,-0.08
81,53,"(27, 18)",0,-0.08
81,54,"(27, 17)",1,-0.08
81,55,"(28, 17)",1,-0.08
81,56,"(29, 17)",1,-0.08
81,57,"(30, 17)",1,-0.08
81,58,"(31, 17)",0,-0.08
81,59,"(31, 16)",1,-0.08
81,60,"(32, 16)",0,-0.08
81,61,"(32, 15)",0,-0.08
81,62,"(32, 14)",0,-0.08
81,63,"(32, 13)",1,-0.08
81,64,"(33, 13)",1,-0.08
81,65,"(34, 13)",1,-0.08
81,66,"(35, 13)",0,-0.08
81,67,"(35, 12)",1,-0.08
81,68,"(36, 12)",1,-0.08
81,69,"(37, 12)",1,-0.08
81,70,"(38, 12)",1,-0.08
81,71,"(39, 12)",0,-0.08
81,72,"(39, 11)",1,-0.08
81,73,"(40, 11)",1,-0.08
81,74,"(41, 11)",1,-0.08
81,75,"(42, 11)",1,-0.08
81,76,"(43, 11)",1,-0.08
81,77,"(44, 11)",1,-0.08
81,78,"(45, 11)",0,-0.08
81,79,"(45, 10)",1,-0.08
81,80,"(46, 10)",0,-0.08
81,81,"(46, 9)",0,-0.08
81,82,"(46, 8)",0,-0.08
81,83,"(46, 7)",1,-0.08
81,84,"(47, 7)",1,-0.08
81,85,"(48, 7)",1,-0.08
81,86,"(49, 7)",1,-0.08
81,87,"(50, 7)",1,-0.08
81,88,"(51, 7)",1,-0.08
81,89,"(52, 7)",1,-0.08
81,90,"(53, 7)",1,-0.08
81,91,"(54, 7)",1,-0.08
81,92,"(55, 7)",1,-0.08
81,93,"(56, 7)",1,-0.08
81,94,"(57, 7)",1,-0.08
81,95,"(58, 7)",1,-0.08
81,96,"(59, 7)",1,-0.08
81,97,"(60, 7)",1,-0.08
81,98,"(61, 7)",1,-0.08
81,99,"(62, 7)",1,-0.08
81,100,"(63, 7)",1,-0.08
81,101,"(64, 7)",1,-0.08
81,102,"(65, 7)",1,-0.08
81,103,"(66, 7)",1,-0.08
81,104,"(67, 7)",1,-0.08
81,105,"(68, 7)",1,-0.08
81,106,"(69, 7)",0,-0.08
81,107,"(69, 6)",1,-0.08
81,108,"(70, 6)",1,-0.08
81,109,"(71, 6)",0,-0.08
81,110,"(71, 5)",1,-0.08
81,111,"(72, 5)",1,-0.08
81,112,"(73, 5)",1,-0.08
81,113,"(74, 5)",0,-0.08
81,114,"(74, 4)",0,-0.08
81,115,"(74, 3)",1,-0.08
81,116,"(75, 3)",1,-0.08
81,117,"(76, 3)",1,-0.08
81,118,"(77, 3)",0,-0.08
81,119,"(77, 2)",0,-0.08
81,120,"(77, 1)",0,-0.08
81,121,"(77, 0)",1,-0.08
81,122,"(78, 0)",1,8.33
82,0,"(0, 39)",0,-0.08
82,1,"(0, 38)",1,-0.08
82,2,"(1, 38)",1,-8.33
82,3,"(1, 38)",0,-0.08
82,4,"(1, 37)",0,-8.33
82,5,"(1, 37)",3,-0.08
82,6,"(0, 37)",0,-0.08
82,7,"(0, 36)",0,-0.08
82,8,"(0, 35)",1,-0.08
82,9,"(1, 35)",0,-0.08
82,10,"(1, 34)",1,-0.08
82,11,"(2, 34)",0,-0.08
82,12,"(2, 33)",1,-0.08
82,13,"(3, 33)",1,-0.08
82,14,"(4, 33)",1,-0.08
82,15,"(5, 33)",0,-0.08
82,16,"(5, 32)",0,-0.08
82,17,"(5, 31)",1,-0.08
82,18,"(6, 31)",1,-0.08
82,19,"(7, 31)",1,-0.08
82,20,"(8, 31)",1,-0.08
82,21,"(9, 31)",0,-0.08
82,22,"(9, 30)",0,-0.08
82,23,"(9, 29)",1,-0.08
82,24,"(10, 29)",0,-0.08
82,25,"(10, 28)",0,-0.08
82,26,"(10, 27)",1,-0.08
82,27,"(11, 27)",1,-0.08
82,28,"(12, 27)",1,-0.08
82,29,"(13, 27)",0,-0.08
82,30,"(13, 26)",0,-0.08
82,31,"(13, 25)",0,-0.08
82,32,"(13, 24)",0,-0.08
82,33,"(13, 23)",1,-0.08
82,34,"(14, 23)",1,-0.08
82,35,"(15, 23)",1,-0.08
82,36,"(16, 23)",0,-0.08
82,37,"(16, 22)",1,-0.08
82,38,"(17, 22)",1,-0.08
82,39,"(18, 22)",1,-0.08
82,40,"(19, 22)",1,-0.08
82,41,"(20, 22)",0,-0.08
82,42,"(20, 21)",0,-0.08
82,43,"(20, 20)",0,-0.08
82,44,"(20, 19)",1,-0.08
82,45,"(21, 19)",0,-0.08
82,46,"(21, 18)",1,-8.33
82,47,"(21, 18)",0,-0.08
82,48,"(21, 17)",0,-0.08
82,49,"(21, 16)",0,-0.08
82,50,"(21, 15)",0,-0.08
82,51,"(21, 14)",0,-0.08
82,52,"(21, 13)",1,-0.08
82,53,"(22, 13)",0,-0.08
82,54,"(22, 12)",0,-0.08
82,55,"(22, 11)",0,-0.08
82,56,"(22, 10)",0,-0.08
82,57,"(22, 9)",1,-0.08
82,58,"(23, 9)",1,-0.08
82,59,"(24, 9)",1,-0.08
82,60,"(25, 9)",1,-0.08
82,61,"(26, 9)",1,-0.08
82,62,"(27, 9)",1,-0.08
82,63,"(28, 9)",1,-0.08
82,64,"(29, 9)",1,-0.08
82,65,"(30, 9)",1,-0.08
82,66,"(31, 9)",0,-0.08
82,67,"(31, 8)",1,-0.08
82,68,"(32, 8)",0,-0.08
82,69,"(32, 7)",1,-0.08
82,70,"(33, 7)",1,-0.08
82,71,"(34, 7)",1,-0.08
82,72,"(35, 7)",1,-0.08
82,73,"(36, 7)",1,-0.08
82,74,"(37, 7)",1,-0.08
82,75,"(38, 7)",1,-0.08
82,76,"(39, 7)",1,-0.08
82,77,"(40, 7)",0,-0.08
82,78,"(40, 6)",1,-0.08
82,79,"(41, 6)",1,-0.08
82,80,"(42, 6)",1,-0.08
82,81,"(43, 6)",1,-0.08
82,82,"(44, 6)",1,-0.08
82,83,"(45, 6)",0,-0.08
82,84,"(45, 5)",1,-0.08
82,85,"(46, 5)",1,-0.08
82,86,"(47, 5)",0,-0.08
82,87,"(47, 4)",0,-0.08
82,88,"(47, 3)",1,-0.08
82,89,"(48, 3)",1,-0.08
82,90,"(49, 3)",1,-0.08
82,91,"(50, 3)",1,-0.08
82,92,"(51, 3)",0,-0.08
82,93,"(51, 2)",1,-0.08
82,94,"(52, 2)",1,-0.08
82,95,"(53, 2)",0,-0.08
82,96,"(53, 1)",1,-0.08
82,97,"(54, 1)",1,-0.08
82,98,"(55, 1)",1,-0.08
82,99,"(56, 1)",1,-0.08
82,100,"(57, 1)",1,-0.08
82,101,"(58, 1)",1,-0.08
82,102,"(59, 1)",1,-0.08
82,103,"(60, 1)",1,-0.08
82,104,"(61, 1)",1,-0.08
82,105,"(62, 1)",1,-0.08
82,106,"(63, 1)",1,-0.08
82,107,"(64, 1)",1,-0.08
82,108,"(65, 1)",1,-0.08
82,109,"(66, 1)",1,-0.08
82,110,"(67, 1)",1,-0.08
82,111,"(68, 1)",1,-0.08
82,112,"(69, 1)",1,-0.08
82,113,"(70, 1)",1,-0.08
82,114,"(71, 1)",2,-0.08
82,115,"(71, 2)",1,-0.08
82,116,"(72, 2)",1,-0.08
82,117,"(73, 2)",0,-0.08
82,118,"(73, 1)",0,-0.08
82,119,"(73, 0)",1,-0.08
82,120,"(74, 0)",1,-0.08
82,121,"(75, 0)",1,-0.08
82,122,"(76, 0)",1,-0.08
82,123,"(77, 0)",1,-0.08
82,124,"(78, 0)",1,8.33
83,0,"(0, 39)",1,-0.08
83,1,"(1, 39)",0,-0.08
83,2,"(1, 38)",0,-0.08
83,3,"(1, 37)",1,-8.33
83,4,"(1, 37)",0,-8.33
83,5,"(1, 37)",3,-0.08
83,6,"(0, 37)",0,-0.08
83,7,"(0, 36)",0,-0.08
83,8,"(0, 35)",1,-0.08
83,9,"(1, 35)",0,-0.08
83,10,"(1, 34)",0,-0.08
83,11,"(1, 33)",0,-0.08
83,12,"(1, 32)",1,-0.08
83,13,"(2, 32)",1,-0.08
83,14,"(3, 32)",0,-0.08
83,15,"(3, 31)",0,-8.33
83,16,"(3, 31)",0,-8.33
83,17,"(3, 31)",2,-0.08
83,18,"(3, 32)",2,-0.08
83,19,"(3, 33)",1,-0.08
83,20,"(4, 33)",1,-0.08
83,21,"(5, 33)",0,-0.08
83,22,"(5, 32)",0,-0.08
83,23,"(5, 31)",1,-0.08
83,24,"(6, 31)",1,-0.08
83,25,"(7, 31)",1,-0.08
83,26,"(8, 31)",0,-0.08
83,27,"(8, 30)",1,-0.08
83,28,"(9, 30)",0,-0.08
83,29,"(9, 29)",1,-0.08
83,30,"(10, 29)",0,-0.08
83,31,"(10, 28)",0,-0.08
83,32,"(10, 27)",1,-0.08
83,33,"(11, 27)",1,-0.08
83,34,"(12, 27)",0,-0.08
83,35,"(12, 26)",0,-0.08
83,36,"(12, 25)",0,-0.08
83,37,"(12, 24)",1,-0.08
83,38,"(13, 24)",0,-0.08
83,39,"(13, 23)",1,-0.08
83,40,"(14, 23)",1,-0.08
83,41,"(15, 23)",1,-0.08
83,42,"(16, 23)",1,-0.08
83,43,"(17, 23)",1,-0.08
83,44,"(18, 23)",1,-0.08
83,45,"(19, 23)",0,-0.08
83,46,"(19, 22)",0,-0.08
83,47,"(19, 21)",1,-0.08
83,48,"(20, 21)",0,-0.08
83,49,"(20, 20)",1,-0.08
83,50,"(21, 20)",1,-0.08
83,51,"(22, 20)",1,-0.08
83,52,"(23, 20)",1,-0.08
83,53,"(24, 20)",1,-0.08
83,54,"(25, 20)",0,-0.08
83,55,"(25, 19)",0,-0.08
83,56,"(25, 18)",0,-0.08
83,57,"(25, 17)",1,-0.08
83,58,"(26, 17)",1,-0.08
83,59,"(27, 17)",1,-0.08
83,60,"(28, 17)",1,-0.08
83,61,"(29, 17)",0,-0.08
83,62,"(29, 16)",0,-0.08
83,63,"(29, 15)",0,-0.08
83,64,"(29, 14)",0,-0.08
83,65,"(29, 13)",1,-0.08
83,66,"(30, 13)",1,-0.08
83,67,"(31, 13)",1,-0.08
83,68,"(32, 13)",1,-0.08
83,69,"(33, 13)",1,-0.08
83,70,"(34, 13)",1,-0.08
83,71,"(35, 13)",1,-0.08
83,72,"(36, 13)",0,-0.08
83,73,"(36, 12)",1,-0.08
83,74,"(37, 12)",1,-0.08
83,75,"(38, 12)",1,-0.08
83,76,"(39, 12)",0,-0.08
83,77,"(39, 11)",1,-0.08
83,78,"(40, 11)",1,-0.08
83,79,"(41, 11)",1,-0.08
83,80,"(42, 11)",1,-0.08
83,81,"(43, 11)",1,-0.08
83,82,"(44, 11)",1,-0.08
83,83,"(45, 11)",0,-0.08
83,84,"(45, 10)",0,-0.08
83,85,"(45, 9)",0,-0.08
83,86,"(45, 8)",1,-0.08
83,87,"(46, 8)",0,-0.08
83,88,"(46, 7)",1,-0.08
83,89,"(47, 7)",1,-0.08
83,90,"(48, 7)",1,-0.08
83,91,"(49, 7)",1,-0.08
83,92,"(50, 7)",1,-0.08
83,93,"(51, 7)",1,-0.08
83,94,"(52, 7)",1,-0.08
83,95,"(53, 7)",1,-0.08
83,96,"(54, 7)",1,-0.08
83,97,"(55, 7)",1,-0.08
83,98,"(56, 7)",1,-0.08
83,99,"(57, 7)",1,-0.08
83,100,"(58, 7)",1,-0.08
83,101,"(59, 7)",1,-0.08
83,102,"(60, 7)",1,-0.08
83,103,"(61, 7)",1,-0.08
83,104,"(62, 7)",1,-0.08
83,105,"(63, 7)",1,-0.08
83,106,"(64, 7)",1,-0.08
83,107,"(65, 7)",1,-0.08
83,108,"(66, 7)",1,-0.08
83,109,"(67, 7)",1,-0.08
83,110,"(68, 7)",1,-0.08
83,111,"(69, 7)",1,-0.08
83,112,"(70, 7)",1,-0.08
83,113,"(71, 7)",0,-0.08
83,114,"(71, 6)",1,-0.08
83,115,"(72, 6)",1,-0.08
83,116,"(73, 6)",0,-0.08
83,117,"(73, 5)",1,-0.08
83,118,"(74, 5)",1,-0.08
83,119,"(75, 5)",0,-0.08
83,120,"(75, 4)",0,-0.08
83,121,"(75, 3)",1,-0.08
83,122,"(76, 3)",0,-0.08
83,123,"(76, 2)",1,-0.08
83,124,"(77, 2)",0,-0.08
83,125,"(77, 1)",0,-0.08
83,126,"(77, 0)",1,-0.08
83,127,"(78, 0)",1,8.33
84,0,"(0, 39)",0,-0.08
84,1,"(0, 38)",1,-0.08
84,2,"(1, 38)",1,-8.33
84,3,"(1, 38)",0,-0.08
84,4,"(1, 37)",0,-8.33
84,5,"(1, 37)",3,-0.08
84,6,"(0, 37)",0,-0.08
84,7,"(0, 36)",0,-0.08
84,8,"(0, 35)",1,-0.08
84,9,"(1, 35)",0,-0.08
84,10,"(1, 34)",0,-0.08
84,11,"(1, 33)",1,-0.08
84,12,"(2, 33)",1,-0.08
84,13,"(3, 33)",1,-0.08
84,14,"(4, 33)",1,-0.08
84,15,"(5, 33)",0,-0.08
84,16,"(5, 32)",0,-0.08
84,17,"(5, 31)",0,-0.08
84,18,"(5, 30)",0,-0.08
84,19,"(5, 29)",0,-8.33
84,20,"(5, 29)",1,-0.08
84,21,"(6, 29)",1,-0.08
84,22,"(7, 29)",0,-0.08
84,23,"(7, 28)",0,-0.08
84,24,"(7, 27)",1,-0.08
84,25,"(8, 27)",1,-0.08
84,26,"(9, 27)",1,-0.08
84,27,"(10, 27)",1,-0.08
84,28,"(11, 27)",1,-0.08
84,29,"(12, 27)",0,-0.08
84,30,"(12, 26)",0,-0.08
84,31,"(12, 25)",1,-0.08
84,32,"(13, 25)",0,-0.08
84,33,"(13, 24)",0,-0.08
84,34,"(13, 23)",1,-0.08
84,35,"(14, 23)",1,-0.08
84,36,"(15, 23)",1,-0.08
84,37,"(16, 23)",1,-0.08
84,38,"(17, 23)",0,-0.08
84,39,"(17, 22)",1,-0.08
84,40,"(18, 22)",1,-0.08
84,41,"(19, 22)",0,-0.08
84,42,"(19, 21)",1,-0.08
84,43,"(20, 21)",1,-0.08
84,44,"(21, 21)",0,-0.08
84,45,"(21, 20)",0,-0.08
84,46,"(21, 19)",1,-0.08
84,47,"(22, 19)",1,-0.08
84,48,"(23, 19)",0,-0.08
84,49,"(23, 18)",0,-0.08
84,50,"(23, 17)",1,-0.08
84,51,"(24, 17)",1,-0.08
84,52,"(25, 17)",1,-0.08
84,53,"(26, 17)",1,-0.08
84,54,"(27, 17)",0,-0.08
84,55,"(27, 16)",0,-0.08
84,56,"(27, 15)",1,-0.08
84,57,"(28, 15)",1,-0.08
84,58,"(29, 15)",1,-0.08
84,59,"(30, 15)",1,-0.08
84,60,"(31, 15)",0,-0.08
84,61,"(31, 14)",0,-0.08
84,62,"(31, 13)",1,-0.08
84,63,"(32, 13)",1,-0.08
84,64,"(33, 13)",1,-0.08
84,65,"(34, 13)",1,-0.08
84,66,"(35, 13)",0,-0.08
84,67,"(35, 12)",1,-0.08
84,68,"(36, 12)",1,-0.08
84,69,"(37, 12)",1,-0.08
84,70,"(38, 12)",1,-0.08
84,71,"(39, 12)",0,-0.08
84,72,"(39, 11)",1,-0.08
84,73,"(40, 11)",1,-0.08
84,74,"(41, 11)",1,-0.08
84,75,"(42, 11)",1,-0.08
84,76,"(43, 11)",1,-0.08
84,77,"(44, 11)",1,-0.08
84,78,"(45, 11)",0,-0.08
84,79,"(45, 10)",0,-0.08
84,80,"(45, 9)",1,-0.08
84,81,"(46, 9)",0,-0.08
84,82,"(46, 8)",0,-0.08
84,83,"(46, 7)",1,-0.08
84,84,"(47, 7)",1,-0.08
84,85,"(48, 7)",1,-0.08
84,86,"(49, 7)",1,-0.08
84,87,"(50, 7)",1,-0.08
84,88,"(51, 7)",1,-0.08
84,89,"(52, 7)",1,-0.08
84,90,"(53, 7)",1,-0.08
84,91,"(54, 7)",1,-0.08
84,92,"(55, 7)",1,-0.08
84,93,"(56, 7)",1,-0.08
84,94,"(57, 7)",1,-0.08
84,95,"(58, 7)",1,-0.08
84,96,"(59, 7)",1,-0.08
84,97,"(60, 7)",1,-0.08
84,98,"(61, 7)",1,-0.08
84,99,"(62, 7)",1,-0.08
84,100,"(63, 7)",1,-0.08
84,101,"(64, 7)",1,-0.08
84,102,"(65, 7)",1,-0.08
84,103,"(66, 7)",1,-0.08
84,104,"(67, 7)",1,-0.08
84,105,"(68, 7)",1,-0.08
84,106,"(69, 7)",1,-0.08
84,107,"(70, 7)",0,-0.08
84,108,"(70, 6)",1,-0.08
84,109,"(71, 6)",1,-0.08
84,110,"(72, 6)",1,-0.08
84,111,"(73, 6)",1,-0.08
84,112,"(74, 6)",0,-0.08
84,113,"(74, 5)",0,-0.08
84,114,"(74, 4)",0,-0.08
84,115,"(74, 3)",1,-0.08
84,116,"(75, 3)",1,-0.08
84,117,"(76, 3)",1,-0.08
84,118,"(77, 3)",0,-0.08
84,119,"(77, 2)",0,-0.08
84,120,"(77, 1)",0,-0.08
84,121,"(77, 0)",1,-0.08
84,122,"(78, 0)",1,8.33
85,0,"(0, 39)",0,-0.08
85,1,"(0, 38)",1,-0.08
85,2,"(1, 38)",0,-0.08
85,3,"(1, 37)",0,-8.33
85,4,"(1, 37)",3,-0.08
85,5,"(0, 37)",0,-0.08
85,6,"(0, 36)",0,-0.08
85,7,"(0, 35)",1,-0.08
85,8,"(1, 35)",1,-0.08
85,9,"(2, 35)",0,-0.08
85,10,"(2, 34)",0,-0.08
85,11,"(2, 33)",1,-0.08
85,12,"(3, 33)",0,-0.08
85,13,"(3, 32)",0,-0.08
85,14,"(3, 31)",0,-8.33
85,15,"(3, 31)",2,-0.08
85,16,"(3, 32)",2,-0.08
85,17,"(3, 33)",1,-0.08
85,18,"(4, 33)",1,-0.08
85,19,"(5, 33)",0,-0.08
85,20,"(5, 32)",0,-0.08
85,21,"(5, 31)",0,-0.08
85,22,"(5, 30)",0,-0.08
85,23,"(5, 29)",1,-0.08
85,24,"(6, 29)",1,-0.08
85,25,"(7, 29)",1,-0.08
85,26,"(8, 29)",1,-0.08
85,27,"(9, 29)",1,-0.08
85,28,"(10, 29)",0,-0.08
85,29,"(10, 28)",0,-0.08
85,30,"(10, 27)",1,-0.08
85,31,"(11, 27)",1,-0.08
85,32,"(12, 27)",0,-0.08
85,33,"(12, 26)",1,-0.08
85,34,"(13, 26)",0,-0.08
85,35,"(13, 25)",0,-0.08
85,36,"(13, 24)",1,-0.08
85,37,"(14, 24)",0,-0.08
85,38,"(14, 23)",1,-0.08
85,39,"(15, 23)",1,-0.08
85,40,"(16, 23)",0,-0.08
85,41,"(16, 22)",1,-0.08
85,42,"(17, 22)",1,-0.08
85,43,"(18, 22)",1,-0.08
85,44,"(19, 22)",1,-0.08
85,45,"(20, 22)",0,-0.08
85,46,"(20, 21)",1,-0.08
85,47,"(21, 21)",0,-0.08
85,48,"(21, 20)",1,-0.08
85,49,"(22, 20)",1,-0.08
85,50,"(23, 20)",1,-0.08
85,51,"(24, 20)",1,-0.08
85,52,"(25, 20)",0,-0.08
85,53,"(25, 19)",1,-0.08
85,54,"(26, 19)",1,-0.08
85,55,"(27, 19)",1,-0.08
85,56,"(28, 19)",1,-0.08
85,57,"(29, 19)",1,-0.08
85,58,"(30, 19)",1,-0.08
85,59,"(31, 19)",0,-0.08
85,60,"(31, 18)",0,-0.08
85,61,"(31, 17)",0,-0.08
85,62,"(31, 16)",1,-0.08
85,63,"(32, 16)",0,-0.08
85,64,"(32, 15)",0,-0.08
85,65,"(32, 14)",0,-0.08
85,66,"(32, 13)",1,-0.08
85,67,"(33, 13)",1,-0.08
85,68,"(34, 13)",1,-0.08
85,69,"(35, 13)",0,-0.08
85,70,"(35, 12)",1,-0.08
85,71,"(36, 12)",1,-0.08
85,72,"(37, 12)",1,-0.08
85,73,"(38, 12)",1,-0.08
85,74,"(39, 12)",0,-0.08
85,75,"(39, 11)",1,-0.08
85,76,"(40, 11)",1,-0.08
85,77,"(41, 11)",1,-0.08
85,78,"(42, 11)",1,-0.08
85,79,"(43, 11)",1,-0.08
85,80,"(44, 11)",1,-0.08
85,81,"(45, 11)",0,-0.08
85,82,"(45, 10)",1,-0.08
85,83,"(46, 10)",0,-0.08
85,84,"(46, 9)",0,-0.08
85,85,"(46, 8)",0,-0.08
85,86,"(46, 7)",1,-0.08
85,87,"(47, 7)",1,-0.08
85,88,"(48, 7)",1,-0.08
85,89,"(49, 7)",1,-0.08
85,90,"(50, 7)",1,-0.08
85,91,"(51, 7)",1,-0.08
85,92,"(52, 7)",1,-0.08
85,93,"(53, 7)",1,-0.08
85,94,"(54, 7)",1,-0.08
85,95,"(55, 7)",1,-0.08
85,96,"(56, 7)",1,-0.08
85,97,"(57, 7)",1,-0.08
85,98,"(58, 7)",1,-0.08
85,99,"(59, 7)",1,-0.08
85,100,"(60, 7)",1,-0.08
85,101,"(61, 7)",1,-0.08
85,102,"(62, 7)",1,-0.08
85,103,"(63, 7)",1,-0.08
85,104,"(64, 7)",1,-0.08
85,105,"(65, 7)",1,-0.08
85,106,"(66, 7)",1,-0.08
85,107,"(67, 7)",1,-0.08
85,108,"(68, 7)",1,-0.08
85,109,"(69, 7)",0,-0.08
85,110,"(69, 6)",1,-0.08
85,111,"(70, 6)",1,-0.08
85,112,"(71, 6)",1,-0.08
85,113,"(72, 6)",1,-0.08
85,114,"(73, 6)",1,-0.08
85,115,"(74, 6)",0,-0.08
85,116,"(74, 5)",1,-0.08
85,117,"(75, 5)",0,-0.08
85,118,"(75, 4)",0,-0.08
85,119,"(75, 3)",1,-0.08
85,120,"(76, 3)",0,-0.08
85,121,"(76, 2)",0,-0.08
85,122,"(76, 1)",0,-0.08
85,123,"(76, 0)",1,-0.08
85,124,"(77, 0)",1,-0.08
85,125,"(78, 0)",1,8.33
86,0,"(0, 39)",1,-0.08
86,1,"(1, 39)",1,-0.08
86,2,"(2, 39)",0,-8.33
86,3,"(2, 39)",1,-0.08
86,4,"(3, 39)",0,-0.08
86,5,"(3, 38)",0,-0.08
86,6,"(3, 37)",1,-8.33
86,7,"(3, 37)",0,-0.08
86,8,"(3, 36)",0,-0.08
86,9,"(3, 35)",3,-0.08
86,10,"(2, 35)",0,-0.08
86,11,"(2, 34)",0,-0.08
86,12,"(2, 33)",1,-0.08
86,13,"(3, 33)",0,-0.08
86,14,"(3, 32)",0,-0.08
86,15,"(3, 31)",0,-8.33
86,16,"(3, 31)",2,-0.08
86,17,"(3, 32)",2,-0.08
86,18,"(3, 33)",1,-0.08
86,19,"(4, 33)",1,-0.08
86,20,"(5, 33)",0,-0.08
86,21,"(5, 32)",0,-0.08
86,22,"(5, 31)",1,-0.08
86,23,"(6, 31)",1,-0.08
86,24,"(7, 31)",1,-0.08
86,25,"(8, 31)",0,-0.08
86,26,"(8, 30)",0,-0.08
86,27,"(8, 29)",1,-0.08
86,28,"(9, 29)",1,-0.08
86,29,"(10, 29)",0,-0.08
86,30,"(10, 28)",0,-0.08
86,31,"(10, 27)",1,-0.08
86,32,"(11, 27)",1,-0.08
86,33,"(12, 27)",0,-0.08
86,34,"(12, 26)",0,-0.08
86,35,"(12, 25)",1,-0.08
86,36,"(13, 25)",0,-0.08
86,37,"(13, 24)",1,-0.08
86,38,"(14, 24)",0,-0.08
86,39,"(14, 23)",1,-0.08
86,40,"(15, 23)",1,-0.08
86,41,"(16, 23)",1,-0.08
86,42,"(17, 23)",1,-0.08
86,43,"(18, 23)",0,-0.08
86,44,"(18, 22)",1,-0.08
86,45,"(19, 22)",1,-0.08
86,46,"(20, 22)",1,-0.08
86,47,"(21, 22)",0,-0.08
86,48,"(21, 21)",1,-0.08
86,49,"(22, 21)",0,-0.08
86,50,"(22, 20)",1,-0.08
86,51,"(23, 20)",1,-0.08
86,52,"(24, 20)",1,-0.08
86,53,"(25, 20)",0,-0.08
86,54,"(25, 19)",1,-0.08
86,55,"(26, 19)",0,-0.08
86,56,"(26, 18)",0,-0.08
86,57,"(26, 17)",1,-0.08
86,58,"(27, 17)",0,-0.08
86,59,"(27, 16)",0,-0.08
86,60,"(27, 15)",0,-0.08
86,61,"(27, 14)",0,-0.08
86,62,"(27, 13)",1,-0.08
86,63,"(28, 13)",1,-0.08
86,64,"(29, 13)",1,-0.08
86,65,"(30, 13)",1,-0.08
86,66,"(31, 13)",1,-0.08
86,67,"(32, 13)",1,-0.08
86,68,"(33, 13)",1,-0.08
86,69,"(34, 13)",1,-0.08
86,70,"(35, 13)",0,-0.08
86,71,"(35, 12)",1,-0.08
86,72,"(36, 12)",1,-0.08
86,73,"(37, 12)",1,-0.08
86,74,"(38, 12)",1,-0.08
86,75,"(39, 12)",0,-0.08
86,76,"(39, 11)",1,-0.08
86,77,"(40, 11)",1,-0.08
86,78,"(41, 11)",1,-0.08
86,79,"(42, 11)",1,-0.08
86,80,"(43, 11)",1,-0.08
86,81,"(44, 11)",1,-0.08
86,82,"(45, 11)",0,-0.08
86,83,"(45, 10)",1,-0.08
86,84,"(46, 10)",0,-0.08
86,85,"(46, 9)",0,-0.08
86,86,"(46, 8)",0,-0.08
86,87,"(46, 7)",1,-0.08
86,88,"(47, 7)",1,-0.08
86,89,"(48, 7)",1,-0.08
86,90,"(49, 7)",1,-0.08
86,91,"(50, 7)",1,-0.08
86,92,"(51, 7)",1,-0.08
86,93,"(52, 7)",1,-0.08
86,94,"(53, 7)",1,-0.08
86,95,"(54, 7)",1,-0.08
86,96,"(55, 7)",1,-0.08
86,97,"(56, 7)",1,-0.08
86,98,"(57, 7)",1,-0.08
86,99,"(58, 7)",1,-0.08
86,100,"(59, 7)",1,-0.08
86,101,"(60, 7)",1,-0.08
86,102,"(61, 7)",1,-0.08
86,103,"(62, 7)",1,-0.08
86,104,"(63, 7)",1,-0.08
86,105,"(64, 7)",1,-0.08
86,106,"(65, 7)",1,-0.08
86,107,"(66, 7)",1,-0.08
86,108,"(67, 7)",1,-0.08
86,109,"(68, 7)",1,-0.08
86,110,"(69, 7)",0,-0.08
86,111,"(69, 6)",1,-0.08
86,112,"(70, 6)",1,-0.08
86,113,"(71, 6)",1,-0.08
86,114,"(72, 6)",0,-0.08
86,115,"(72, 5)",1,-0.08
86,116,"(73, 5)",1,-0.08
86,117,"(74, 5)",1,-0.08
86,118,"(75, 5)",1,-0.08
86,119,"(76, 5)",1,-0.08
86,120,"(77, 5)",0,-0.08
86,121,"(77, 4)",0,-0.08
86,122,"(77, 3)",0,-0.08
86,123,"(77, 2)",0,-0.08
86,124,"(77, 1)",1,-0.08
86,125,"(78, 1)",0,-0.08
86,126,"(78, 0)",1,8.33
87,0,"(0, 39)",1,-0.08
87,1,"(1, 39)",1,-0.08
87,2,"(2, 39)",1,-0.08
87,3,"(3, 39)",0,-0.08
87,4,"(3, 38)",0,-0.08
87,5,"(3, 37)",1,-8.33
87,6,"(3, 37)",0,-0.08
87,7,"(3, 36)",0,-0.08
87,8,"(3, 35)",3,-0.08
87,9,"(2, 35)",0,-0.08
87,10,"(2, 34)",0,-0.08
87,11,"(2, 33)",1,-0.08
87,12,"(3, 33)",0,-0.08
87,13,"(3, 32)",0,-0.08
87,14,"(3, 31)",0,-8.33
87,15,"(3, 31)",3,-0.08
87,16,"(2, 31)",3,-0.08
87,17,"(1, 31)",0,-0.08
87,18,"(1, 30)",0,-0.08
87,19,"(1, 29)",0,-0.08
87,20,"(1, 28)",0,-0.08
87,21,"(1, 27)",0,-0.08
87,22,"(1, 26)",0,-0.08
87,23,"(1, 25)",1,-0.08
87,24,"(2, 25)",1,-0.08
87,25,"(3, 25)",1,-0.08
87,26,"(4, 25)",1,-0.08
87,27,"(5, 25)",1,-0.08
87,28,"(6, 25)",1,-0.08
87,29,"(7, 25)",1,-0.08
87,30,"(8, 25)",1,-0.08
87,31,"(9, 25)",1,-0.08
87,32,"(10, 25)",1,-0.08
87,33,"(11, 25)",0,-0.08
87,34,"(11, 24)",1,-0.08
87,35,"(12, 24)",1,-0.08
87,36,"(13, 24)",1,-0.08
87,37,"(14, 24)",0,-0.08
87,38,"(14, 23)",1,-0.08
87,39,"(15, 23)",1,-0.08
87,40,"(16, 23)",1,-0.08
87,41,"(17, 23)",0,-0.08
87,42,"(17, 22)",1,-0.08
87,43,"(18, 22)",1,-0.08
87,44,"(19, 22)",0,-0.08
87,45,"(19, 21)",0,-0.08
87,46,"(19, 20)",0,-0.08
87,47,"(19, 19)",1,-0.08
87,48,"(20, 19)",1,-0.08
87,49,"(21, 19)",1,-0.08
87,50,"(22, 19)",1,-0.08
87,51,"(23, 19)",0,-0.08
87,52,"(23, 18)",0,-0.08
87,53,"(23, 17)",0,-0.08
87,54,"(23, 16)",0,-0.08
87,55,"(23, 15)",1,-0.08
87,56,"(24, 15)",1,-0.08
87,57,"(25, 15)",1,-0.08
87,58,"(26, 15)",1,-0.08
87,59,"(27, 15)",1,-0.08
87,60,"(28, 15)",1,-0.08
87,61,"(29, 15)",1,-0.08
87,62,"(30, 15)",1,-0.08
87,63,"(31, 15)",1,-0.08
87,64,"(32, 15)",1,-0.08
87,65,"(33, 15)",1,-0.08
87,66,"(34, 15)",0,-0.08
87,67,"(34, 14)",1,-0.08
87,68,"(35, 14)",0,-0.08
87,69,"(35, 13)",1,-0.08
87,70,"(36, 13)",0,-0.08
87,71,"(36, 12)",1,-0.08
87,72,"(37, 12)",1,-0.08
87,73,"(38, 12)",1,-0.08
87,74,"(39, 12)",0,-0.08
87,75,"(39, 11)",1,-0.08
87,76,"(40, 11)",1,-0.08
87,77,"(41, 11)",1,-0.08
87,78,"(42, 11)",1,-0.08
87,79,"(43, 11)",1,-0.08
87,80,"(44, 11)",1,-0.08
87,81,"(45, 11)",0,-0.08
87,82,"(45, 10)",1,-0.08
87,83,"(46, 10)",1,-0.08
87,84,"(47, 10)",1,-0.08
87,85,"(48, 10)",1,-0.08
87,86,"(49, 10)",1,-0.08
87,87,"(50, 10)",0,-0.08
87,88,"(50, 9)",1,-0.08
87,89,"(51, 9)",1,-0.08
87,90,"(52, 9)",1,-0.08
87,91,"(53, 9)",1,-0.08
87,92,"(54, 9)",1,-0.08
87,93,"(55, 9)",1,-0.08
87,94,"(56, 9)",1,-0.08
87,95,"(57, 9)",1,-0.08
87,96,"(58, 9)",0,-0.08
87,97,"(58, 8)",0,-0.08
87,98,"(58, 7)",1,-0.08
87,99,"(59, 7)",1,-0.08
87,100,"(60, 7)",1,-0.08
87,101,"(61, 7)",1,-0.08
87,102,"(62, 7)",1,-0.08
87,103,"(63, 7)",1,-0.08
87,104,"(64, 7)",1,-0.08
87,105,"(65, 7)",1,-0.08
87,106,"(66, 7)",1,-0.08
87,107,"(67, 7)",1,-0.08
87,108,"(68, 7)",1,-0.08
87,109,"(69, 7)",0,-0.08
87,110,"(69, 6)",1,-0.08
87,111,"(70, 6)",1,-0.08
87,112,"(71, 6)",1,-0.08
87,113,"(72, 6)",0,-0.08
87,114,"(72, 5)",1,-0.08
87,115,"(73, 5)",1,-0.08
87,116,"(74, 5)",0,-0.08
87,117,"(74, 4)",0,-0.08
87,118,"(74, 3)",1,-0.08
87,119,"(75, 3)",1,-0.08
87,120,"(76, 3)",0,-0.08
87,121,"(76, 2)",1,-0.08
87,122,"(77, 2)",0,-0.08
87,123,"(77, 1)",1,-0.08
87,124,"(78, 1)",0,-0.08
87,125,"(78, 0)",1,8.33
88,0,"(0, 39)",1,-0.08
88,1,"(1, 39)",1,-0.08
88,2,"(2, 39)",1,-0.08
88,3,"(3, 39)",1,-0.08
88,4,"(4, 39)",0,-8.33
88,5,"(4, 39)",1,-0.08
88,6,"(5, 39)",1,-0.08
88,7,"(6, 39)",1,-0.08
88,8,"(7, 39)",0,-0.08
88,9,"(7, 38)",0,-0.08
88,10,"(7, 37)",0,-0.08
88,11,"(7, 36)",0,-0.08
88,12,"(7, 35)",0,-0.08
88,13,"(7, 34)",0,-0.08
88,14,"(7, 33)",1,-0.08
88,15,"(8, 33)",1,-0.08
88,16,"(9, 33)",0,-0.08
88,17,"(9, 32)",0,-0.08
88,18,"(9, 31)",1,-8.33
88,19,"(9, 31)",0,-0.08
88,20,"(9, 30)",0,-0.08
88,21,"(9, 29)",1,-0.08
88,22,"(10, 29)",0,-0.08
88,23,"(10, 28)",0,-0.08
88,24,"(10, 27)",0,-8.33
88,25,"(10, 27)",1,-0.08
88,26,"(11, 27)",1,-0.08
88,27,"(12, 27)",0,-0.08
88,28,"(12, 26)",0,-0.08
88,29,"(12, 25)",1,-0.08
88,30,"(13, 25)",0,-0.08
88,31,"(13, 24)",0,-0.08
88,32,"(13, 23)",1,-0.08
88,33,"(14, 23)",1,-0.08
88,34,"(15, 23)",1,-0.08
88,35,"(16, 23)",0,-0.08
88,36,"(16, 22)",1,-0.08
88,37,"(17, 22)",1,-0.08
88,38,"(18, 22)",1,-0.08
88,39,"(19, 22)",1,-0.08
88,40,"(20, 22)",0,-0.08
88,41,"(20, 21)",0,-0.08
88,42,"(20, 20)",0,-0.08
88,43,"(20, 19)",1,-0.08
88,44,"(21, 19)",1,-0.08
88,45,"(22, 19)",1,-0.08
88,46,"(23, 19)",0,-0.08
88,47,"(23, 18)",0,-0.08
88,48,"(23, 17)",0,-0.08
88,49,"(23, 16)",0,-0.08
88,50,"(23, 15)",1,-0.08
88,51,"(24, 15)",1,-0.08
88,52,"(25, 15)",1,-0.08
88,53,"(26, 15)",1,-0.08
88,54,"(27, 15)",0,-0.08
88,55,"(27, 14)",0,-0.08
88,56,"(27, 13)",1,-0.08
88,57,"(28, 13)",1,-0.08
88,58,"(29, 13)",1,-0.08
88,59,"(30, 13)",1,-0.08
88,60,"(31, 13)",1,-0.08
88,61,"(32, 13)",1,-0.08
88,62,"(33, 13)",1,-0.08
88,63,"(34, 13)",1,-0.08
88,64,"(35, 13)",1,-0.08
88,65,"(36, 13)",0,-0.08
88,66,"(36, 12)",1,-0.08
88,67,"(37, 12)",1,-0.08
88,68,"(38, 12)",1,-0.08
88,69,"(39, 12)",0,-0.08
88,70,"(39, 11)",1,-0.08
88,71,"(40, 11)",1,-0.08
88,72,"(41, 11)",1,-0.08
88,73,"(42, 11)",1,-0.08
88,74,"(43, 11)",1,-0.08
88,75,"(44, 11)",1,-0.08
88,76,"(45, 11)",0,-0.08
88,77,"(45, 10)",0,-0.08
88,78,"(45, 9)",1,-0.08
88,79,"(46, 9)",0,-0.08
88,80,"(46, 8)",0,-0.08
88,81,"(46, 7)",1,-0.08
88,82,"(47, 7)",1,-0.08
88,83,"(48, 7)",1,-0.08
88,84,"(49, 7)",1,-0.08
88,85,"(50, 7)",1,-0.08
88,86,"(51, 7)",1,-0.08
88,87,"(52, 7)",1,-0.08
88,88,"(53, 7)",1,-0.08
88,89,"(54, 7)",1,-0.08
88,90,"(55, 7)",1,-0.08
88,91,"(56, 7)",1,-0.08
88,92,"(57, 7)",1,-0.08
88,93,"(58, 7)",1,-0.08
88,94,"(59, 7)",1,-0.08
88,95,"(60, 7)",1,-0.08
88,96,"(61, 7)",1,-0.08
88,97,"(62, 7)",1,-0.08
88,98,"(63, 7)",1,-0.08
88,99,"(64, 7)",1,-0.08
88,100,"(65, 7)",1,-0.08
88,101,"(66, 7)",1,-0.08
88,102,"(67, 7)",1,-0.08
88,103,"(68, 7)",1,-0.08
88,104,"(69, 7)",1,-0.08
88,105,"(70, 7)",0,-0.08
88,106,"(70, 6)",1,-0.08
88,107,"(71, 6)",0,-0.08
88,108,"(71, 5)",1,-0.08
88,109,"(72, 5)",1,-0.08
88,110,"(73, 5)",1,-0.08
88,111,"(74, 5)",0,-0.08
88,112,"(74, 4)",1,-0.08
88,113,"(75, 4)",0,-0.08
88,114,"(75, 3)",1,-0.08
88,115,"(76, 3)",1,-0.08
88,116,"(77, 3)",0,-0.08
88,117,"(77, 2)",0,-0.08
88,118,"(77, 1)",1,-0.08
88,119,"(78, 1)",0,-0.08
88,120,"(78, 0)",1,8.33
89,0,"(0, 39)",1,-0.08
89,1,"(1, 39)",1,-0.08
89,2,"(2, 39)",0,-8.33
89,3,"(2, 39)",1,-0.08
89,4,"(3, 39)",0,-0.08
89,5,"(3, 38)",0,-0.08
89,6,"(3, 37)",1,-8.33
89,7,"(3, 37)",0,-0.08
89,8,"(3, 36)",0,-0.08
89,9,"(3, 35)",3,-0.08
89,10,"(2, 35)",0,-0.08
89,11,"(2, 34)",0,-0.08
89,12,"(2, 33)",0,-0.08
89,13,"(2, 32)",1,-0.08
89,14,"(3, 32)",0,-0.08
89,15,"(3, 31)",0,-8.33
89,16,"(3, 31)",0,-8.33
89,17,"(3, 31)",2,-0.08
89,18,"(3, 32)",2,-0.08
89,19,"(3, 33)",1,-0.08
89,20,"(4, 33)",1,-0.08
89,21,"(5, 33)",1,-0.08
89,22,"(6, 33)",1,-0.08
89,23,"(7, 33)",1,-0.08
89,24,"(8, 33)",0,-0.08
89,25,"(8, 32)",0,-0.08
89,26,"(8, 31)",1,-0.08
89,27,"(9, 31)",0,-0.08
89,28,"(9, 30)",0,-0.08
89,29,"(9, 29)",1,-0.08
89,30,"(10, 29)",0,-0.08
89,31,"(10, 28)",0,-0.08
89,32,"(10, 27)",1,-0.08
89,33,"(11, 27)",1,-0.08
89,34,"(12, 27)",0,-0.08
89,35,"(12, 26)",0,-0.08
89,36,"(12, 25)",1,-0.08
89,37,"(13, 25)",1,-0.08
89,38,"(14, 25)",0,-0.08
89,39,"(14, 24)",0,-0.08
89,40,"(14, 23)",1,-0.08
89,41,"(15, 23)",1,-0.08
89,42,"(16, 23)",1,-0.08
89,43,"(17, 23)",0,-0.08
89,44,"(17, 22)",1,-0.08
89,45,"(18, 22)",1,-0.08
89,46,"(19, 22)",1,-0.08
89,47,"(20, 22)",0,-0.08
89,48,"(20, 21)",1,-0.08
89,49,"(21, 21)",1,-0.08
89,50,"(22, 21)",0,-0.08
89,51,"(22, 20)",1,-0.08
89,52,"(23, 20)",1,-0.08
89,53,"(24, 20)",1,-0.08
89,54,"(25, 20)",0,-0.08
89,55,"(25, 19)",1,-0.08
89,56,"(26, 19)",0,-0.08
89,57,"(26, 18)",0,-0.08
89,58,"(26, 17)",1,-0.08
89,59,"(27, 17)",1,-0.08
89,60,"(28, 17)",1,-0.08
89,61,"(29, 17)",0,-0.08
89,62,"(29, 16)",0,-0.08
89,63,"(29, 15)",1,-0.08
89,64,"(30, 15)",1,-0.08
89,65,"(31, 15)",0,-0.08
89,66,"(31, 14)",0,-0.08
89,67,"(31, 13)",1,-0.08
89,68,"(32, 13)",1,-0.08
89,69,"(33, 13)",1,-0.08
89,70,"(34, 13)",1,-0.08
89,71,"(35, 13)",1,-0.08
89,72,"(36, 13)",1,-0.08
89,73,"(37, 13)",0,-0.08
89,74,"(37, 12)",1,-0.08
89,75,"(38, 12)",1,-0.08
89,76,"(39, 12)",0,-0.08
89,77,"(39, 11)",1,-0.08
89,78,"(40, 11)",1,-0.08
89,79,"(41, 11)",1,-0.08
89,80,"(42, 11)",1,-0.08
89,81,"(43, 11)",1,-0.08
89,82,"(44, 11)",1,-0.08
89,83,"(45, 11)",0,-0.08
89,84,"(45, 10)",1,-0.08
89,85,"(46, 10)",1,-0.08
89,86,"(47, 10)",1,-0.08
89,87,"(48, 10)",1,-0.08
89,88,"(49, 10)",0,-0.08
89,89,"(49, 9)",1,-0.08
89,90,"(50, 9)",1,-0.08
89,91,"(51, 9)",1,-0.08
89,92,"(52, 9)",1,-0.08
89,93,"(53, 9)",1,-0.08
89,94,"(54, 9)",1,-0.08
89,95,"(55, 9)",1,-0.08
89,96,"(56, 9)",1,-0.08
89,97,"(57, 9)",1,-0.08
89,98,"(58, 9)",0,-0.08
89,99,"(58, 8)",0,-0.08
89,100,"(58, 7)",1,-0.08
89,101,"(59, 7)",1,-0.08
89,102,"(60, 7)",1,-0.08
89,103,"(61, 7)",1,-0.08
89,104,"(62, 7)",1,-0.08
89,105,"(63, 7)",1,-0.08
89,106,"(64, 7)",1,-0.08
89,107,"(65, 7)",1,-0.08
89,108,"(66, 7)",1,-0.08
89,109,"(67, 7)",1,-0.08
89,110,"(68, 7)",1,-0.08
89,111,"(69, 7)",0,-0.08
89,112,"(69, 6)",1,-0.08
89,113,"(70, 6)",1,-0.08
89,114,"(71, 6)",1,-0.08
89,115,"(72, 6)",1,-0.08
89,116,"(73, 6)",0,-0.08
89,117,"(73, 5)",1,-0.08
89,118,"(74, 5)",1,-0.08
89,119,"(75, 5)",0,-0.08
89,120,"(75, 4)",0,-0.08
89,121,"(75, 3)",1,-0.08
89,122,"(76, 3)",0,-0.08
89,123,"(76, 2)",0,-0.08
89,124,"(76, 1)",0,-0.08
89,125,"(76, 0)",1,-0.08
89,126,"(77, 0)",1,-0.08
89,127,"(78, 0)",1,8.33
90,0,"(0, 39)",1,-0.08
90,1,"(1, 39)",0,-0.08
90,2,"(1, 38)",1,-8.33
90,3,"(1, 38)",0,-0.08
90,4,"(1, 37)",0,-8.33
90,5,"(1, 37)",3,-0.08
90,6,"(0, 37)",0,-0.08
90,7,"(0, 36)",0,-0.08
90,8,"(0, 35)",1,-0.08
90,9,"(1, 35)",0,-0.08
90,10,"(1, 34)",1,-0.08
90,11,"(2, 34)",0,-0.08
90,12,"(2, 33)",1,-0.08
90,13,"(3, 33)",1,-0.08
90,14,"(4, 33)",1,-0.08
90,15,"(5, 33)",1,-0.08
90,16,"(6, 33)",1,-0.08
90,17,"(7, 33)",0,-0.08
90,18,"(7, 32)",1,-0.08
90,19,"(8, 32)",0,-0.08
90,20,"(8, 31)",1,-0.08
90,21,"(9, 31)",0,-0.08
90,22,"(9, 30)",0,-0.08
90,23,"(9, 29)",1,-0.08
90,24,"(10, 29)",0,-0.08
90,25,"(10, 28)",0,-0.08
90,26,"(10, 27)",0,-8.33
90,27,"(10, 27)",1,-0.08
90,28,"(11, 27)",1,-0.08
90,29,"(12, 27)",0,-0.08
90,30,"(12, 26)",1,-0.08
90,31,"(13, 26)",0,-0.08
90,32,"(13, 25)",0,-0.08
90,33,"(13, 24)",0,-0.08
90,34,"(13, 23)",1,-0.08
90,35,"(14, 23)",1,-0.08
90,36,"(15, 23)",1,-0.08
90,37,"(16, 23)",0,-0.08
90,38,"(16, 22)",1,-0.08
90,39,"(17, 22)",1,-0.08
90,40,"(18, 22)",1,-0.08
90,41,"(19, 22)",1,-0.08
90,42,"(20, 22)",0,-0.08
90,43,"(20, 21)",0,-0.08
90,44,"(20, 20)",1,-0.08
90,45,"(21, 20)",1,-0.08
90,46,"(22, 20)",1,-0.08
90,47,"(23, 20)",1,-0.08
90,48,"(24, 20)",1,-0.08
90,49,"(25, 20)",0,-0.08
90,50,"(25, 19)",0,-0.08
90,51,"(25, 18)",0,-0.08
90,52,"(25, 17)",1,-0.08
90,53,"(26, 17)",1,-0.08
90,54,"(27, 17)",0,-0.08
90,55,"(27, 16)",1,-0.08
90,56,"(28, 16)",0,-0.08
90,57,"(28, 15)",1,-0.08
90,58,"(29, 15)",1,-0.08
90,59,"(30, 15)",1,-0.08
90,60,"(31, 15)",0,-0.08
90,61,"(31, 14)",1,-0.08
90,62,"(32, 14)",0,-0.08
90,63,"(32, 13)",1,-0.08
90,64,"(33, 13)",1,-0.08
90,65,"(34, 13)",1,-0.08
90,66,"(35, 13)",1,-0.08
90,67,"(36, 13)",0,-0.08
90,68,"(36, 12)",1,-0.08
90,69,"(37, 12)",1,-0.08
90,70,"(38, 12)",1,-0.08
90,71,"(39, 12)",0,-0.08
90,72,"(39, 11)",1,-0.08
90,73,"(40, 11)",1,-0.08
90,74,"(41, 11)",1,-0.08
90,75,"(42, 11)",1,-0.08
90,76,"(43, 11)",1,-0.08
90,77,"(44, 11)",1,-0.08
90,78,"(45, 11)",0,-0.08
90,79,"(45, 10)",0,-0.08
90,80,"(45, 9)",1,-0.08
90,81,"(46, 9)",0,-0.08
90,82,"(46, 8)",0,-0.08
90,83,"(46, 7)",1,-0.08
90,84,"(47, 7)",1,-0.08
90,85,"(48, 7)",1,-0.08
90,86,"(49, 7)",1,-0.08
90,87,"(50, 7)",1,-0.08
90,88,"(51, 7)",1,-0.08
90,89,"(52, 7)",1,-0.08
90,90,"(53, 7)",1,-0.08
90,91,"(54, 7)",1,-0.08
90,92,"(55, 7)",1,-0.08
90,93,"(56, 7)",1,-0.08
90,94,"(57, 7)",1,-0.08
90,95,"(58, 7)",1,-0.08
90,96,"(59, 7)",1,-0.08
90,97,"(60, 7)",1,-0.08
90,98,"(61, 7)",1,-0.08
90,99,"(62, 7)",1,-0.08
90,100,"(63, 7)",1,-0.08
90,101,"(64, 7)",1,-0.08
90,102,"(65, 7)",1,-0.08
90,103,"(66, 7)",1,-0.08
90,104,"(67, 7)",1,-0.08
90,105,"(68, 7)",1,-0.08
90,106,"(69, 7)",0,-0.08
90,107,"(69, 6)",1,-0.08
90,108,"(70, 6)",1,-0.08
90,109,"(71, 6)",1,-0.08
90,110,"(72, 6)",0,-0.08
90,111,"(72, 5)",1,-0.08
90,112,"(73, 5)",1,-0.08
90,113,"(74, 5)",1,-0.08
90,114,"(75, 5)",1,-0.08
90,115,"(76, 5)",1,-0.08
90,116,"(77, 5)",0,-0.08
90,117,"(77, 4)",0,-0.08
90,118,"(77, 3)",0,-0.08
90,119,"(77, 2)",0,-0.08
90,120,"(77, 1)",1,-0.08
90,121,"(78, 1)",0,-0.08
90,122,"(78, 0)",1,8.33
91,0,"(0, 39)",0,-0.08
91,1,"(0, 38)",0,-0.08
91,2,"(0, 37)",1,-0.08
91,3,"(1, 37)",1,-8.33
91,4,"(1, 37)",0,-8.33
91,5,"(1, 37)",3,-0.08
91,6,"(0, 37)",0,-0.08
91,7,"(0, 36)",0,-0.08
91,8,"(0, 35)",1,-0.08
91,9,"(1, 35)",1,-0.08
91,10,"(2, 35)",0,-0.08
91,11,"(2, 34)",0,-0.08
91,12,"(2, 33)",0,-0.08
91,13,"(2, 32)",1,-0.08
91,14,"(3, 32)",0,-0.08
91,15,"(3, 31)",0,-8.33
91,16,"(3, 31)",0,-8.33
91,17,"(3, 31)",3,-0.08
91,18,"(2, 31)",3,-0.08
91,19,"(1, 31)",0,-0.08
91,20,"(1, 30)",0,-0.08
91,21,"(1, 29)",1,-0.08
91,22,"(2, 29)",1,-0.08
91,23,"(3, 29)",1,-0.08
91,24,"(4, 29)",1,-0.08
91,25,"(5, 29)",1,-0.08
91,26,"(6, 29)",1,-0.08
91,27,"(7, 29)",0,-0.08
91,28,"(7, 28)",1,-0.08
91,29,"(8, 28)",0,-0.08
91,30,"(8, 27)",1,-0.08
91,31,"(9, 27)",1,-0.08
91,32,"(10, 27)",1,-0.08
91,33,"(11, 27)",1,-0.08
91,34,"(12, 27)",0,-0.08
91,35,"(12, 26)",1,-0.08
91,36,"(13, 26)",0,-0.08
91,37,"(13, 25)",1,-0.08
91,38,"(14, 25)",0,-0.08
91,39,"(14, 24)",0,-0.08
91,40,"(14, 23)",1,-0.08
91,41,"(15, 23)",1,-0.08
91,42,"(16, 23)",1,-0.08
91,43,"(17, 23)",0,-0.08
91,44,"(17, 22)",1,-0.08
91,45,"(18, 22)",1,-0.08
91,46,"(19, 22)",1,-0.08
91,47,"(20, 22)",1,-0.08
91,48,"(21, 22)",0,-0.08
91,49,"(21, 21)",1,-0.08
91,50,"(22, 21)",1,-0.08
91,51,"(23, 21)",1,-0.08
91,52,"(24, 21)",0,-0.08
91,53,"(24, 20)",1,-0.08
91,54,"(25, 20)",0,-0.08
91,55,"(25, 19)",1,-0.08
91,56,"(26, 19)",1,-0.08
91,57,"(27, 19)",1,-0.08
91,58,"(28, 19)",1,-0.08
91,59,"(29, 19)",1,-0.08
91,60,"(30, 19)",1,-0.08
91,61,"(31, 19)",0,-0.08
91,62,"(31, 18)",1,-0.08
91,63,"(32, 18)",0,-0.08
91,64,"(32, 17)",0,-0.08
91,65,"(32, 16)",0,-0.08
91,66,"(32, 15)",1,-0.08
91,67,"(33, 15)",1,-0.08
91,68,"(34, 15)",0,-0.08
91,69,"(34, 14)",0,-0.08
91,70,"(34, 13)",1,-0.08
91,71,"(35, 13)",0,-0.08
91,72,"(35, 12)",1,-0.08
91,73,"(36, 12)",1,-0.08
91,74,"(37, 12)",1,-0.08
91,75,"(38, 12)",1,-0.08
91,76,"(39, 12)",0,-0.08
91,77,"(39, 11)",1,-0.08
91,78,"(40, 11)",1,-0.08
91,79,"(41, 11)",1,-0.08
91,80,"(42, 11)",1,-0.08
91,81,"(43, 11)",1,-0.08
91,82,"(44, 11)",1,-0.08
91,83,"(45, 11)",0,-0.08
91,84,"(45, 10)",0,-0.08
91,85,"(45, 9)",0,-0.08
91,86,"(45, 8)",1,-0.08
91,87,"(46, 8)",0,-0.08
91,88,"(46, 7)",1,-0.08
91,89,"(47, 7)",1,-0.08
91,90,"(48, 7)",1,-0.08
91,91,"(49, 7)",1,-0.08
91,92,"(50, 7)",1,-0.08
91,93,"(51, 7)",1,-0.08
91,94,"(52, 7)",1,-0.08
91,95,"(53, 7)",1,-0.08
91,96,"(54, 7)",1,-0.08
91,97,"(55, 7)",1,-0.08
91,98,"(56, 7)",1,-0.08
91,99,"(57, 7)",1,-0.08
91,100,"(58, 7)",1,-0.08
91,101,"(59, 7)",1,-0.08
91,102,"(60, 7)",1,-0.08
91,103,"(61, 7)",1,-0.08
91,104,"(62, 7)",1,-0.08
91,105,"(63, 7)",1,-0.08
91,106,"(64, 7)",1,-0.08
91,107,"(65, 7)",1,-0.08
91,108,"(66, 7)",1,-0.08
91,109,"(67, 7)",1,-0.08
91,110,"(68, 7)",1,-0.08
91,111,"(69, 7)",0,-0.08
91,112,"(69, 6)",1,-0.08
91,113,"(70, 6)",1,-0.08
91,114,"(71, 6)",0,-0.08
91,115,"(71, 5)",1,-0.08
91,116,"(72, 5)",1,-0.08
91,117,"(73, 5)",1,-0.08
91,118,"(74, 5)",0,-0.08
91,119,"(74, 4)",0,-0.08
91,120,"(74, 3)",1,-0.08
91,121,"(75, 3)",1,-0.08
91,122,"(76, 3)",1,-0.08
91,123,"(77, 3)",0,-0.08
91,124,"(77, 2)",0,-0.08
91,125,"(77, 1)",1,-0.08
91,126,"(78, 1)",1,-0.08
91,127,"(79, 1)",0,8.33
92,0,"(0, 39)",1,-0.08
92,1,"(1, 39)",1,-0.08
92,2,"(2, 39)",0,-8.33
92,3,"(2, 39)",1,-0.08
92,4,"(3, 39)",0,-0.08
92,5,"(3, 38)",0,-0.08
92,6,"(3, 37)",1,-8.33
92,7,"(3, 37)",0,-0.08
92,8,"(3, 36)",0,-0.08
92,9,"(3, 35)",3,-0.08
92,10,"(2, 35)",0,-0.08
92,11,"(2, 34)",0,-0.08
92,12,"(2, 33)",0,-0.08
92,13,"(2, 32)",1,-0.08
92,14,"(3, 32)",0,-0.08
92,15,"(3, 31)",0,-8.33
92,16,"(3, 31)",0,-8.33
92,17,"(3, 31)",3,-0.08
92,18,"(2, 31)",3,-0.08
92,19,"(1, 31)",0,-0.08
92,20,"(1, 30)",0,-0.08
92,21,"(1, 29)",1,-0.08
92,22,"(2, 29)",1,-0.08
92,23,"(3, 29)",0,-0.08
92,24,"(3, 28)",0,-0.08
92,25,"(3, 27)",0,-0.08
92,26,"(3, 26)",0,-0.08
92,27,"(3, 25)",1,-0.08
92,28,"(4, 25)",1,-0.08
92,29,"(5, 25)",1,-0.08
92,30,"(6, 25)",1,-0.08
92,31,"(7, 25)",1,-0.08
92,32,"(8, 25)",1,-0.08
92,33,"(9, 25)",1,-0.08
92,34,"(10, 25)",0,-0.08
92,35,"(10, 24)",1,-0.08
92,36,"(11, 24)",1,-0.08
92,37,"(12, 24)",1,-0.08
92,38,"(13, 24)",0,-0.08
92,39,"(13, 23)",1,-0.08
92,40,"(14, 23)",1,-0.08
92,41,"(15, 23)",1,-0.08
92,42,"(16, 23)",0,-0.08
92,43,"(16, 22)",1,-0.08
92,44,"(17, 22)",1,-0.08
92,45,"(18, 22)",1,-0.08
92,46,"(19, 22)",1,-0.08
92,47,"(20, 22)",1,-0.08
92,48,"(21, 22)",0,-0.08
92,49,"(21, 21)",0,-0.08
92,50,"(21, 20)",0,-0.08
92,51,"(21, 19)",1,-0.08
92,52,"(22, 19)",1,-0.08
92,53,"(23, 19)",0,-0.08
92,54,"(23, 18)",0,-0.08
92,55,"(23, 17)",0,-0.08
92,56,"(23, 16)",0,-0.08
92,57,"(23, 15)",1,-0.08
92,58,"(24, 15)",1,-0.08
92,59,"(25, 15)",1,-0.08
92,60,"(26, 15)",1,-0.08
92,61,"(27, 15)",1,-0.08
92,62,"(28, 15)",1,-0.08
92,63,"(29, 15)",0,-0.08
92,64,"(29, 14)",0,-0.08
92,65,"(29, 13)",1,-0.08
92,66,"(30, 13)",1,-0.08
92,67,"(31, 13)",1,-0.08
92,68,"(32, 13)",1,-0.08
92,69,"(33, 13)",1,-0.08
92,70,"(34, 13)",1,-0.08
92,71,"(35, 13)",0,-0.08
92,72,"(35, 12)",1,-0.08
92,73,"(36, 12)",1,-0.08
92,74,"(37, 12)",1,-0.08
92,75,"(38, 12)",1,-0.08
92,76,"(39, 12)",0,-0.08
92,77,"(39, 11)",1,-0.08
92,78,"(40, 11)",1,-0.08
92,79,"(41, 11)",1,-0.08
92,80,"(42, 11)",1,-0.08
92,81,"(43, 11)",1,-0.08
92,82,"(44, 11)",1,-0.08
92,83,"(45, 11)",0,-0.08
92,84,"(45, 10)",0,-0.08
92,85,"(45, 9)",1,-0.08
92,86,"(46, 9)",0,-0.08
92,87,"(46, 8)",0,-0.08
92,88,"(46, 7)",1,-0.08
92,89,"(47, 7)",1,-0.08
92,90,"(48, 7)",1,-0.08
92,91,"(49, 7)",1,-0.08
92,92,"(50, 7)",1,-0.08
92,93,"(51, 7)",1,-0.08
92,94,"(52, 7)",1,-0.08
92,95,"(53, 7)",1,-0.08
92,96,"(54, 7)",1,-0.08
92,97,"(55, 7)",1,-0.08
92,98,"(56, 7)",1,-0.08
92,99,"(57, 7)",1,-0.08
92,100,"(58, 7)",1,-0.08
92,101,"(59, 7)",1,-0.08
92,102,"(60, 7)",1,-0.08
92,103,"(61, 7)",1,-0.08
92,104,"(62, 7)",1,-0.08
92,105,"(63, 7)",1,-0.08
92,106,"(64, 7)",1,-0.08
92,107,"(65, 7)",1,-0.08
92,108,"(66, 7)",1,-0.08
92,109,"(67, 7)",1,-0.08
92,110,"(68, 7)",1,-0.08
92,111,"(69, 7)",0,-0.08
92,112,"(69, 6)",1,-0.08
92,113,"(70, 6)",1,-0.08
92,114,"(71, 6)",0,-0.08
92,115,"(71, 5)",1,-0.08
92,116,"(72, 5)",1,-0.08
92,117,"(73, 5)",1,-0.08
92,118,"(74, 5)",0,-0.08
92,119,"(74, 4)",0,-0.08
92,120,"(74, 3)",1,-0.08
92,121,"(75, 3)",1,-0.08
92,122,"(76, 3)",1,-0.08
92,123,"(77, 3)",0,-0.08
92,124,"(77, 2)",0,-0.08
92,125,"(77, 1)",1,-0.08
92,126,"(78, 1)",0,-0.08
92,127,"(78, 0)",1,8.33
93,0,"(0, 39)",0,-0.08
93,1,"(0, 38)",1,-0.08
93,2,"(1, 38)",1,-8.33
93,3,"(1, 38)",0,-0.08
93,4,"(1, 37)",0,-8.33
93,5,"(1, 37)",3,-0.08
93,6,"(0, 37)",0,-0.08
93,7,"(0, 36)",0,-0.08
93,8,"(0, 35)",0,-0.08
93,9,"(0, 34)",0,-0.08
93,10,"(0, 33)",1,-0.08
93,11,"(1, 33)",1,-0.08
93,12,"(2, 33)",1,-0.08
93,13,"(3, 33)",1,-0.08
93,14,"(4, 33)",1,-0.08
93,15,"(5, 33)",1,-0.08
93,16,"(6, 33)",1,-0.08
93,17,"(7, 33)",0,-0.08
93,18,"(7, 32)",1,-0.08
93,19,"(8, 32)",0,-0.08
93,20,"(8, 31)",1,-0.08
93,21,"(9, 31)",0,-0.08
93,22,"(9, 30)",0,-0.08
93,23,"(9, 29)",1,-0.08
93,24,"(10, 29)",0,-0.08
93,25,"(10, 28)",0,-0.08
93,26,"(10, 27)",1,-0.08
93,27,"(11, 27)",1,-0.08
93,28,"(12, 27)",0,-0.08
93,29,"(12, 26)",1,-0.08
93,30,"(13, 26)",0,-0.08
93,31,"(13, 25)",0,-0.08
93,32,"(13, 24)",0,-0.08
93,33,"(13, 23)",1,-0.08
93,34,"(14, 23)",1,-0.08
93,35,"(15, 23)",1,-0.08
93,36,"(16, 23)",1,-0.08
93,37,"(17, 23)",0,-0.08
93,38,"(17, 22)",1,-0.08
93,39,"(18, 22)",1,-0.08
93,40,"(19, 22)",1,-0.08
93,41,"(20, 22)",1,-0.08
93,42,"(21, 22)",0,-0.08
93,43,"(21, 21)",0,-0.08
93,44,"(21, 20)",0,-0.08
93,45,"(21, 19)",0,-0.08
93,46,"(21, 18)",1,-8.33
93,47,"(21, 18)",0,-0.08
93,48,"(21, 17)",0,-0.08
93,49,"(21, 16)",0,-0.08
93,50,"(21, 15)",0,-0.08
93,51,"(21, 14)",0,-0.08
93,52,"(21, 13)",1,-0.08
93,53,"(22, 13)",0,-0.08
93,54,"(22, 12)",0,-0.08
93,55,"(22, 11)",0,-0.08
93,56,"(22, 10)",0,-0.08
93,57,"(22, 9)",1,-0.08
93,58,"(23, 9)",1,-0.08
93,59,"(24, 9)",1,-0.08
93,60,"(25, 9)",1,-0.08
93,61,"(26, 9)",1,-0.08
93,62,"(27, 9)",1,-0.08
93,63,"(28, 9)",1,-0.08
93,64,"(29, 9)",1,-0.08
93,65,"(30, 9)",1,-0.08
93,66,"(31, 9)",1,-0.08
93,67,"(32, 9)",0,-0.08
93,68,"(32, 8)",0,-0.08
93,69,"(32, 7)",1,-0.08
93,70,"(33, 7)",1,-0.08
93,71,"(34, 7)",1,-0.08
93,72,"(35, 7)",1,-0.08
93,73,"(36, 7)",1,-0.08
93,74,"(37, 7)",1,-0.08
93,75,"(38, 7)",1,-0.08
93,76,"(39, 7)",1,-0.08
93,77,"(40, 7)",0,-0.08
93,78,"(40, 6)",1,-0.08
93,79,"(41, 6)",1,-0.08
93,80,"(42, 6)",1,-0.08
93,81,"(43, 6)",1,-0.08
93,82,"(44, 6)",1,-0.08
93,83,"(45, 6)",2,-0.08
93,84,"(45, 7)",1,-0.08
93,85,"(46, 7)",1,-0.08
93,86,"(47, 7)",1,-0.08
93,87,"(48, 7)",1,-0.08
93,88,"(49, 7)",1,-0.08
93,89,"(50, 7)",1,-0.08
93,90,"(51, 7)",1,-0.08
93,91,"(52, 7)",1,-0.08
93,92,"(53, 7)",1,-0.08
93,93,"(54, 7)",1,-0.08
93,94,"(55, 7)",1,-0.08
93,95,"(56, 7)",1,-0.08
93,96,"(57, 7)",1,-0.08
93,97,"(58, 7)",1,-0.08
93,98,"(59, 7)",1,-0.08
93,99,"(60, 7)",1,-0.08
93,100,"(61, 7)",1,-0.08
93,101,"(62, 7)",1,-0.08
93,102,"(63, 7)",1,-0.08
93,103,"(64, 7)",1,-0.08
93,104,"(65, 7)",1,-0.08
93,105,"(66, 7)",1,-0.08
93,106,"(67, 7)",1,-0.08
93,107,"(68, 7)",1,-0.08
93,108,"(69, 7)",1,-0.08
93,109,"(70, 7)",0,-0.08
93,110,"(70, 6)",1,-0.08
93,111,"(71, 6)",0,-0.08
93,112,"(71, 5)",1,-0.08
93,113,"(72, 5)",1,-0.08
93,114,"(73, 5)",1,-0.08
93,115,"(74, 5)",1,-0.08
93,116,"(75, 5)",1,-0.08
93,117,"(76, 5)",1,-0.08
93,118,"(77, 5)",0,-0.08
93,119,"(77, 4)",0,-0.08
93,120,"(77, 3)",0,-0.08
93,121,"(77, 2)",0,-0.08
93,122,"(77, 1)",1,-0.08
93,123,"(78, 1)",1,-0.08
93,124,"(79, 1)",0,8.33
94,0,"(0, 39)",1,-0.08
94,1,"(1, 39)",1,-0.08
94,2,"(2, 39)",1,-0.08
94,3,"(3, 39)",0,-0.08
94,4,"(3, 38)",1,-8.33
94,5,"(3, 38)",0,-0.08
94,6,"(3, 37)",0,-0.08
94,7,"(3, 36)",0,-0.08
94,8,"(3, 35)",0,-8.33
94,9,"(3, 35)",3,-0.08
94,10,"(2, 35)",0,-0.08
94,11,"(2, 34)",0,-0.08
94,12,"(2, 33)",1,-0.08
94,13,"(3, 33)",1,-0.08
94,14,"(4, 33)",1,-0.08
94,15,"(5, 33)",1,-0.08
94,16,"(6, 33)",1,-0.08
94,17,"(7, 33)",0,-0.08
94,18,"(7, 32)",0,-0.08
94,19,"(7, 31)",1,-0.08
94,20,"(8, 31)",0,-0.08
94,21,"(8, 30)",1,-0.08
94,22,"(9, 30)",0,-0.08
94,23,"(9, 29)",1,-0.08
94,24,"(10, 29)",1,-0.08
94,25,"(11, 29)",1,-8.33
94,26,"(11, 29)",3,-0.08
94,27,"(10, 29)",0,-0.08
94,28,"(10, 28)",0,-0.08
94,29,"(10, 27)",0,-8.33
94,30,"(10, 27)",1,-0.08
94,31,"(11, 27)",1,-0.08
94,32,"(12, 27)",0,-0.08
94,33,"(12, 26)",0,-0.08
94,34,"(12, 25)",0,-0.08
94,35,"(12, 24)",1,-0.08
94,36,"(13, 24)",0,-0.08
94,37,"(13, 23)",1,-0.08
94,38,"(14, 23)",1,-0.08
94,39,"(15, 23)",1,-0.08
94,40,"(16, 23)",1,-0.08
94,41,"(17, 23)",0,-0.08
94,42,"(17, 22)",1,-0.08
94,43,"(18, 22)",1,-0.08
94,44,"(19, 22)",1,-0.08
94,45,"(20, 22)",1,-0.08
94,46,"(21, 22)",0,-0.08
94,47,"(21, 21)",1,-0.08
94,48,"(22, 21)",0,-0.08
94,49,"(22, 20)",0,-0.08
94,50,"(22, 19)",1,-0.08
94,51,"(23, 19)",0,-0.08
94,52,"(23, 18)",0,-0.08
94,53,"(23, 17)",0,-0.08
94,54,"(23, 16)",0,-0.08
94,55,"(23, 15)",1,-0.08
94,56,"(24, 15)",1,-0.08
94,57,"(25, 15)",1,-0.08
94,58,"(26, 15)",1,-0.08
94,59,"(27, 15)",0,-0.08
94,60,"(27, 14)",0,-0.08
94,61,"(27, 13)",1,-0.08
94,62,"(28, 13)",1,-0.08
94,63,"(29, 13)",1,-0.08
94,64,"(30, 13)",1,-0.08
94,65,"(31, 13)",1,-0.08
94,66,"(32, 13)",1,-0.08
94,67,"(33, 13)",1,-0.08
94,68,"(34, 13)",1,-0.08
94,69,"(35, 13)",1,-0.08
94,70,"(36, 13)",1,-0.08
94,71,"(37, 13)",1,-0.08
94,72,"(38, 13)",0,-0.08
94,73,"(38, 12)",1,-0.08
94,74,"(39, 12)",0,-0.08
94,75,"(39, 11)",1,-0.08
94,76,"(40, 11)",1,-0.08
94,77,"(41, 11)",1,-0.08
94,78,"(42, 11)",1,-0.08
94,79,"(43, 11)",1,-0.08
94,80,"(44, 11)",1,-0.08
94,81,"(45, 11)",0,-0.08
94,82,"(45, 10)",0,-0.08
94,83,"(45, 9)",0,-0.08
94,84,"(45, 8)",0,-0.08
94,85,"(45, 7)",1,-0.08
94,86,"(46, 7)",1,-0.08
94,87,"(47, 7)",1,-0.08
94,88,"(48, 7)",1,-0.08
94,89,"(49, 7)",1,-0.08
94,90,"(50, 7)",1,-0.08
94,91,"(51, 7)",1,-0.08
94,92,"(52, 7)",1,-0.08
94,93,"(53, 7)",1,-0.08
94,94,"(54, 7)",1,-0.08
94,95,"(55, 7)",1,-0.08
94,96,"(56, 7)",1,-0.08
94,97,"(57, 7)",1,-0.08
94,98,"(58, 7)",1,-0.08
94,99,"(59, 7)",1,-0.08
94,100,"(60, 7)",1,-0.08
94,101,"(61, 7)",1,-0.08
94,102,"(62, 7)",1,-0.08
94,103,"(63, 7)",1,-0.08
94,104,"(64, 7)",1,-0.08
94,105,"(65, 7)",1,-0.08
94,106,"(66, 7)",1,-0.08
94,107,"(67, 7)",1,-0.08
94,108,"(68, 7)",1,-0.08
94,109,"(69, 7)",0,-0.08
94,110,"(69, 6)",1,-0.08
94,111,"(70, 6)",1,-0.08
94,112,"(71, 6)",1,-0.08
94,113,"(72, 6)",0,-0.08
94,114,"(72, 5)",1,-0.08
94,115,"(73, 5)",1,-0.08
94,116,"(74, 5)",1,-0.08
94,117,"(75, 5)",1,-0.08
94,118,"(76, 5)",1,-0.08
94,119,"(77, 5)",0,-0.08
94,120,"(77, 4)",0,-0.08
94,121,"(77, 3)",0,-0.08
94,122,"(77, 2)",0,-0.08
94,123,"(77, 1)",1,-0.08
94,124,"(78, 1)",1,-0.08
94,125,"(79, 1)",0,8.33
95,0,"(0, 39)",0,-0.08
95,1,"(0, 38)",1,-0.08
95,2,"(1, 38)",0,-0.08
95,3,"(1, 37)",1,-8.33
95,4,"(1, 37)",0,-8.33
95,5,"(1, 37)",3,-0.08
95,6,"(0, 37)",0,-0.08
95,7,"(0, 36)",0,-0.08
95,8,"(0, 35)",1,-0.08
95,9,"(1, 35)",0,-0.08
95,10,"(1, 34)",0,-0.08
95,11,"(1, 33)",1,-0.08
95,12,"(2, 33)",0,-0.08
95,13,"(2, 32)",0,-0.08
95,14,"(2, 31)",1,-0.08
95,15,"(3, 31)",0,-8.33
95,16,"(3, 31)",0,-8.33
95,17,"(3, 31)",3,-0.08
95,18,"(2, 31)",3,-0.08
95,19,"(1, 31)",0,-0.08
95,20,"(1, 30)",0,-0.08
95,21,"(1, 29)",1,-0.08
95,22,"(2, 29)",1,-0.08
95,23,"(3, 29)",1,-0.08
95,24,"(4, 29)",1,-0.08
95,25,"(5, 29)",1,-0.08
95,26,"(6, 29)",1,-0.08
95,27,"(7, 29)",1,-0.08
95,28,"(8, 29)",1,-0.08
95,29,"(9, 29)",1,-0.08
95,30,"(10, 29)",0,-0.08
95,31,"(10, 28)",0,-0.08
95,32,"(10, 27)",1,-0.08
95,33,"(11, 27)",1,-0.08
95,34,"(12, 27)",1,-0.08
95,35,"(13, 27)",1,-0.08
95,36,"(14, 27)",1,-0.08
95,37,"(15, 27)",1,-0.08
95,38,"(16, 27)",0,-0.08
95,39,"(16, 26)",1,-0.08
95,40,"(17, 26)",0,-0.08
95,41,"(17, 25)",0,-0.08
95,42,"(17, 24)",0,-0.08
95,43,"(17, 23)",1,-0.08
95,44,"(18, 23)",1,-0.08
95,45,"(19, 23)",1,-0.08
95,46,"(20, 23)",0,-0.08
95,47,"(20, 22)",1,-0.08
95,48,"(21, 22)",0,-0.08
95,49,"(21, 21)",0,-0.08
95,50,"(21, 20)",1,-0.08
95,51,"(22, 20)",1,-0.08
95,52,"(23, 20)",0,-0.08
95,53,"(23, 19)",0,-0.08
95,54,"(23, 18)",0,-0.08
95,55,"(23, 17)",0,-0.08
95,56,"(23, 16)",0,-0.08
95,57,"(23, 15)",1,-0.08
95,58,"(24, 15)",1,-0.08
95,59,"(25, 15)",1,-0.08
95,60,"(26, 15)",1,-0.08
95,61,"(27, 15)",0,-0.08
95,62,"(27, 14)",0,-0.08
95,63,"(27, 13)",1,-0.08
95,64,"(28, 13)",1,-0.08
95,65,"(29, 13)",1,-0.08
95,66,"(30, 13)",1,-0.08
95,67,"(31, 13)",1,-0.08
95,68,"(32, 13)",1,-0.08
95,69,"(33, 13)",1,-0.08
95,70,"(34, 13)",1,-0.08
95,71,"(35, 13)",1,-0.08
95,72,"(36, 13)",1,-0.08
95,73,"(37, 13)",1,-0.08
95,74,"(38, 13)",1,-0.08
95,75,"(39, 13)",0,-0.08
95,76,"(39, 12)",0,-0.08
95,77,"(39, 11)",1,-0.08
95,78,"(40, 11)",1,-0.08
95,79,"(41, 11)",1,-0.08
95,80,"(42, 11)",1,-0.08
95,81,"(43, 11)",1,-0.08
95,82,"(44, 11)",1,-0.08
95,83,"(45, 11)",0,-0.08
95,84,"(45, 10)",1,-0.08
95,85,"(46, 10)",1,-0.08
95,86,"(47, 10)",1,-0.08
95,87,"(48, 10)",1,-0.08
95,88,"(49, 10)",1,-0.08
95,89,"(50, 10)",0,-0.08
95,90,"(50, 9)",0,-0.08
95,91,"(50, 8)",0,-0.08
95,92,"(50, 7)",1,-0.08
95,93,"(51, 7)",1,-0.08
95,94,"(52, 7)",1,-0.08
95,95,"(53, 7)",1,-0.08
95,96,"(54, 7)",1,-0.08
95,97,"(55, 7)",1,-0.08
95,98,"(56, 7)",1,-0.08
95,99,"(57, 7)",1,-0.08
95,100,"(58, 7)",1,-0.08
95,101,"(59, 7)",1,-0.08
95,102,"(60, 7)",1,-0.08
95,103,"(61, 7)",1,-0.08
95,104,"(62, 7)",1,-0.08
95,105,"(63, 7)",1,-0.08
95,106,"(64, 7)",1,-0.08
95,107,"(65, 7)",1,-0.08
95,108,"(66, 7)",1,-0.08
95,109,"(67, 7)",1,-0.08
95,110,"(68, 7)",1,-0.08
95,111,"(69, 7)",1,-0.08
95,112,"(70, 7)",0,-0.08
95,113,"(70, 6)",1,-0.08
95,114,"(71, 6)",0,-0.08
95,115,"(71, 5)",1,-0.08
95,116,"(72, 5)",1,-0.08
95,117,"(73, 5)",1,-0.08
95,118,"(74, 5)",0,-0.08
95,119,"(74, 4)",0,-0.08
95,120,"(74, 3)",1,-0.08
95,121,"(75, 3)",1,-0.08
95,122,"(76, 3)",1,-0.08
95,123,"(77, 3)",0,-0.08
95,124,"(77, 2)",0,-0.08
95,125,"(77, 1)",1,-0.08
95,126,"(78, 1)",1,-0.08
95,127,"(79, 1)",0,8.33
96,0,"(0, 39)",1,-0.08
96,1,"(1, 39)",1,-0.08
96,2,"(2, 39)",0,-8.33
96,3,"(2, 39)",1,-0.08
96,4,"(3, 39)",0,-0.08
96,5,"(3, 38)",0,-0.08
96,6,"(3, 37)",1,-8.33
96,7,"(3, 37)",0,-0.08
96,8,"(3, 36)",0,-0.08
96,9,"(3, 35)",3,-0.08
96,10,"(2, 35)",0,-0.08
96,11,"(2, 34)",0,-0.08
96,12,"(2, 33)",1,-0.08
96,13,"(3, 33)",0,-0.08
96,14,"(3, 32)",0,-0.08
96,15,"(3, 31)",0,-8.33
96,16,"(3, 31)",2,-0.08
96,17,"(3, 32)",2,-0.08
96,18,"(3, 33)",1,-0.08
96,19,"(4, 33)",1,-0.08
96,20,"(5, 33)",0,-0.08
96,21,"(5, 32)",0,-0.08
96,22,"(5, 31)",1,-0.08
96,23,"(6, 31)",1,-0.08
96,24,"(7, 31)",1,-0.08
96,25,"(8, 31)",0,-0.08
96,26,"(8, 30)",1,-0.08
96,27,"(9, 30)",0,-0.08
96,28,"(9, 29)",1,-0.08
96,29,"(10, 29)",0,-0.08
96,30,"(10, 28)",0,-0.08
96,31,"(10, 27)",1,-0.08
96,32,"(11, 27)",1,-0.08
96,33,"(12, 27)",1,-0.08
96,34,"(13, 27)",1,-0.08
96,35,"(14, 27)",1,-0.08
96,36,"(15, 27)",1,-0.08
96,37,"(16, 27)",1,-0.08
96,38,"(17, 27)",0,-0.08
96,39,"(17, 26)",0,-0.08
96,40,"(17, 25)",0,-0.08
96,41,"(17, 24)",0,-0.08
96,42,"(17, 23)",0,-0.08
96,43,"(17, 22)",1,-0.08
96,44,"(18, 22)",1,-0.08
96,45,"(19, 22)",1,-0.08
96,46,"(20, 22)",1,-0.08
96,47,"(21, 22)",0,-0.08
96,48,"(21, 21)",0,-0.08
96,49,"(21, 20)",1,-0.08
96,50,"(22, 20)",1,-0.08
96,51,"(23, 20)",0,-0.08
96,52,"(23, 19)",0,-0.08
96,53,"(23, 18)",0,-0.08
96,54,"(23, 17)",1,-0.08
96,55,"(24, 17)",1,-0.08
96,56,"(25, 17)",1,-0.08
96,57,"(26, 17)",1,-0.08
96,58,"(27, 17)",1,-0.08
96,59,"(28, 17)",1,-0.08
96,60,"(29, 17)",1,-0.08
96,61,"(30, 17)",1,-0.08
96,62,"(31, 17)",1,-0.08
96,63,"(32, 17)",1,-0.08
96,64,"(33, 17)",1,-0.08
96,65,"(34, 17)",1,-0.08
96,66,"(35, 17)",0,-0.08
96,67,"(35, 16)",0,-0.08
96,68,"(35, 15)",0,-0.08
96,69,"(35, 14)",0,-0.08
96,70,"(35, 13)",0,-0.08
96,71,"(35, 12)",1,-0.08
96,72,"(36, 12)",1,-0.08
96,73,"(37, 12)",1,-0.08
96,74,"(38, 12)",1,-0.08
96,75,"(39, 12)",0,-0.08
96,76,"(39, 11)",1,-0.08
96,77,"(40, 11)",1,-0.08
96,78,"(41, 11)",1,-0.08
96,79,"(42, 11)",1,-0.08
96,80,"(43, 11)",1,-0.08
96,81,"(44, 11)",1,-0.08
96,82,"(45, 11)",0,-0.08
96,83,"(45, 10)",1,-0.08
96,84,"(46, 10)",0,-0.08
96,85,"(46, 9)",0,-0.08
96,86,"(46, 8)",0,-0.08
96,87,"(46, 7)",1,-0.08
96,88,"(47, 7)",1,-0.08
96,89,"(48, 7)",1,-0.08
96,90,"(49, 7)",1,-0.08
96,91,"(50, 7)",1,-0.08
96,92,"(51, 7)",1,-0.08
96,93,"(52, 7)",1,-0.08
96,94,"(53, 7)",1,-0.08
96,95,"(54, 7)",1,-0.08
96,96,"(55, 7)",1,-0.08
96,97,"(56, 7)",1,-0.08
96,98,"(57, 7)",1,-0.08
96,99,"(58, 7)",1,-0.08
96,100,"(59, 7)",1,-0.08
96,101,"(60, 7)",1,-0.08
96,102,"(61, 7)",1,-0.08
96,103,"(62, 7)",1,-0.08
96,104,"(63, 7)",1,-0.08
96,105,"(64, 7)",1,-0.08
96,106,"(65, 7)",1,-0.08
96,107,"(66, 7)",1,-0.08
96,108,"(67, 7)",1,-0.08
96,109,"(68, 7)",1,-0.08
96,110,"(69, 7)",0,-0.08
96,111,"(69, 6)",1,-0.08
96,112,"(70, 6)",1,-0.08
96,113,"(71, 6)",1,-0.08
96,114,"(72, 6)",1,-0.08
96,115,"(73, 6)",1,-0.08
96,116,"(74, 6)",0,-0.08
96,117,"(74, 5)",0,-0.08
96,118,"(74, 4)",0,-0.08
96,119,"(74, 3)",1,-0.08
96,120,"(75, 3)",1,-0.08
96,121,"(76, 3)",0,-0.08
96,122,"(76, 2)",0,-0.08
96,123,"(76, 1)",1,-0.08
96,124,"(77, 1)",0,-0.08
96,125,"(77, 0)",1,-0.08
96,126,"(78, 0)",1,8.33
97,0,"(0, 39)",0,-0.08
97,1,"(0, 38)",1,-0.08
97,2,"(1, 38)",0,-0.08
97,3,"(1, 37)",0,-8.33
97,4,"(1, 37)",3,-0.08
97,5,"(0, 37)",0,-0.08
97,6,"(0, 36)",0,-0.08
97,7,"(0, 35)",1,-0.08
97,8,"(1, 35)",0,-0.08
97,9,"(1, 34)",0,-0.08
97,10,"(1, 33)",1,-0.08
97,11,"(2, 33)",1,-0.08
97,12,"(3, 33)",1,-0.08
97,13,"(4, 33)",1,-0.08
97,14,"(5, 33)",1,-0.08
97,15,"(6, 33)",1,-0.08
97,16,"(7, 33)",0,-0.08
97,17,"(7, 32)",0,-0.08
97,18,"(7, 31)",1,-0.08
97,19,"(8, 31)",1,-0.08
97,20,"(9, 31)",0,-0.08
97,21,"(9, 30)",1,-0.08
97,22,"(10, 30)",0,-0.08
97,23,"(10, 29)",0,-0.08
97,24,"(10, 28)",0,-0.08
97,25,"(10, 27)",1,-0.08
97,26,"(11, 27)",1,-0.08
97,27,"(12, 27)",1,-0.08
97,28,"(13, 27)",0,-0.08
97,29,"(13, 26)",0,-0.08
97,30,"(13, 25)",1,-0.08
97,31,"(14, 25)",0,-0.08
97,32,"(14, 24)",0,-0.08
97,33,"(14, 23)",1,-0.08
97,34,"(15, 23)",1,-0.08
97,35,"(16, 23)",0,-0.08
97,36,"(16, 22)",1,-0.08
97,37,"(17, 22)",1,-0.08
97,38,"(18, 22)",1,-0.08
97,39,"(19, 22)",1,-0.08
97,40,"(20, 22)",1,-0.08
97,41,"(21, 22)",0,-0.08
97,42,"(21, 21)",1,-0.08
97,43,"(22, 21)",1,-0.08
97,44,"(23, 21)",0,-0.08
97,45,"(23, 20)",1,-0.08
97,46,"(24, 20)",1,-0.08
97,47,"(25, 20)",0,-0.08
97,48,"(25, 19)",0,-0.08
97,49,"(25, 18)",1,-0.08
97,50,"(26, 18)",0,-0.08
97,51,"(26, 17)",1,-0.08
97,52,"(27, 17)",0,-0.08
97,53,"(27, 16)",0,-0.08
97,54,"(27, 15)",0,-0.08
97,55,"(27, 14)",0,-0.08
97,56,"(27, 13)",1,-0.08
97,57,"(28, 13)",1,-0.08
97,58,"(29, 13)",1,-0.08
97,59,"(30, 13)",1,-0.08
97,60,"(31, 13)",1,-0.08
97,61,"(32, 13)",1,-0.08
97,62,"(33, 13)",1,-0.08
97,63,"(34, 13)",1,-0.08
97,64,"(35, 13)",1,-0.08
97,65,"(36, 13)",1,-0.08
97,66,"(37, 13)",0,-0.08
97,67,"(37, 12)",1,-0.08
97,68,"(38, 12)",1,-0.08
97,69,"(39, 12)",0,-0.08
97,70,"(39, 11)",1,-0.08
97,71,"(40, 11)",1,-0.08
97,72,"(41, 11)",1,-0.08
97,73,"(42, 11)",1,-0.08
97,74,"(43, 11)",1,-0.08
97,75,"(44, 11)",1,-0.08
97,76,"(45, 11)",0,-0.08
97,77,"(45, 10)",1,-0.08
97,78,"(46, 10)",0,-0.08
97,79,"(46, 9)",0,-0.08
97,80,"(46, 8)",0,-0.08
97,81,"(46, 7)",1,-0.08
97,82,"(47, 7)",1,-0.08
97,83,"(48, 7)",1,-0.08
97,84,"(49, 7)",1,-0.08
97,85,"(50, 7)",1,-0.08
97,86,"(51, 7)",1,-0.08
97,87,"(52, 7)",1,-0.08
97,88,"(53, 7)",1,-0.08
97,89,"(54, 7)",1,-0.08
97,90,"(55, 7)",1,-0.08
97,91,"(56, 7)",1,-0.08
97,92,"(57, 7)",1,-0.08
97,93,"(58, 7)",1,-0.08
97,94,"(59, 7)",1,-0.08
97,95,"(60, 7)",1,-0.08
97,96,"(61, 7)",1,-0.08
97,97,"(62, 7)",1,-0.08
97,98,"(63, 7)",1,-0.08
97,99,"(64, 7)",1,-0.08
97,100,"(65, 7)",1,-0.08
97,101,"(66, 7)",1,-0.08
97,102,"(67, 7)",1,-0.08
97,103,"(68, 7)",1,-0.08
97,104,"(69, 7)",1,-0.08
97,105,"(70, 7)",0,-0.08
97,106,"(70, 6)",1,-0.08
97,107,"(71, 6)",1,-0.08
97,108,"(72, 6)",0,-0.08
97,109,"(72, 5)",1,-0.08
97,110,"(73, 5)",1,-0.08
97,111,"(74, 5)",0,-0.08
97,112,"(74, 4)",0,-0.08
97,113,"(74, 3)",1,-0.08
97,114,"(75, 3)",1,-0.08
97,115,"(76, 3)",1,-0.08
97,116,"(77, 3)",1,-8.33
97,117,"(77, 3)",0,-0.08
97,118,"(77, 2)",0,-0.08
97,119,"(77, 1)",0,-0.08
97,120,"(77, 0)",1,-0.08
97,121,"(78, 0)",1,8.33
98,0,"(0, 39)",1,-0.08
98,1,"(1, 39)",0,-0.08
98,2,"(1, 38)",1,-8.33
98,3,"(1, 38)",0,-0.08
98,4,"(1, 37)",0,-8.33
98,5,"(1, 37)",3,-0.08
98,6,"(0, 37)",0,-0.08
98,7,"(0, 36)",0,-0.08
98,8,"(0, 35)",0,-0.08
98,9,"(0, 34)",1,-0.08
98,10,"(1, 34)",0,-0.08
98,11,"(1, 33)",0,-0.08
98,12,"(1, 32)",0,-0.08
98,13,"(1, 31)",1,-0.08
98,14,"(2, 31)",1,-0.08
98,15,"(3, 31)",0,-8.33
98,16,"(3, 31)",3,-0.08
98,17,"(2, 31)",3,-0.08
98,18,"(1, 31)",0,-0.08
98,19,"(1, 30)",0,-0.08
98,20,"(1, 29)",1,-0.08
98,21,"(2, 29)",1,-0.08
98,22,"(3, 29)",1,-0.08
98,23,"(4, 29)",1,-0.08
98,24,"(5, 29)",1,-0.08
98,25,"(6, 29)",1,-0.08
98,26,"(7, 29)",1,-0.08
98,27,"(8, 29)",0,-0.08
98,28,"(8, 28)",0,-0.08
98,29,"(8, 27)",1,-0.08
98,30,"(9, 27)",1,-0.08
98,31,"(10, 27)",1,-0.08
98,32,"(11, 27)",1,-0.08
98,33,"(12, 27)",1,-0.08
98,34,"(13, 27)",0,-0.08
98,35,"(13, 26)",0,-0.08
98,36,"(13, 25)",1,-0.08
98,37,"(14, 25)",1,-0.08
98,38,"(15, 25)",1,-0.08
98,39,"(16, 25)",1,-0.08
98,40,"(17, 25)",0,-0.08
98,41,"(17, 24)",0,-0.08
98,42,"(17, 23)",1,-0.08
98,43,"(18, 23)",1,-0.08
98,44,"(19, 23)",0,-0.08
98,45,"(19, 22)",1,-0.08
98,46,"(20, 22)",0,-0.08
98,47,"(20, 21)",1,-0.08
98,48,"(21, 21)",0,-0.08
98,49,"(21, 20)",0,-0.08
98,50,"(21, 19)",1,-0.08
98,51,"(22, 19)",1,-0.08
98,52,"(23, 19)",0,-0.08
98,53,"(23, 18)",0,-0.08
98,54,"(23, 17)",1,-0.08
98,55,"(24, 17)",1,-0.08
98,56,"(25, 17)",1,-0.08
98,57,"(26, 17)",1,-0.08
98,58,"(27, 17)",1,-0.08
98,59,"(28, 17)",0,-0.08
98,60,"(28, 16)",1,-0.08
98,61,"(29, 16)",0,-0.08
98,62,"(29, 15)",0,-0.08
98,63,"(29, 14)",0,-0.08
98,64,"(29, 13)",1,-0.08
98,65,"(30, 13)",1,-0.08
98,66,"(31, 13)",1,-0.08
98,67,"(32, 13)",1,-0.08
98,68,"(33, 13)",1,-0.08
98,69,"(34, 13)",1,-0.08
98,70,"(35, 13)",1,-0.08
98,71,"(36, 13)",1,-0.08
98,72,"(37, 13)",1,-0.08
98,73,"(38, 13)",1,-0.08
98,74,"(39, 13)",1,-0.08
98,75,"(40, 13)",1,-0.08
98,76,"(41, 13)",0,-0.08
98,77,"(41, 12)",0,-0.08
98,78,"(41, 11)",1,-0.08
98,79,"(42, 11)",1,-0.08
98,80,"(43, 11)",1,-0.08
98,81,"(44, 11)",1,-0.08
98,82,"(45, 11)",0,-0.08
98,83,"(45, 10)",1,-0.08
98,84,"(46, 10)",1,-0.08
98,85,"(47, 10)",1,-0.08
98,86,"(48, 10)",1,-0.08
98,87,"(49, 10)",0,-0.08
98,88,"(49, 9)",1,-0.08
98,89,"(50, 9)",0,-0.08
98,90,"(50, 8)",0,-0.08
98,91,"(50, 7)",1,-0.08
98,92,"(51, 7)",1,-0.08
98,93,"(52, 7)",1,-0.08
98,94,"(53, 7)",1,-0.08
98,95,"(54, 7)",1,-0.08
98,96,"(55, 7)",1,-0.08
98,97,"(56, 7)",1,-0.08
98,98,"(57, 7)",1,-0.08
98,99,"(58, 7)",1,-0.08
98,100,"(59, 7)",1,-0.08
98,101,"(60, 7)",1,-0.08
98,102,"(61, 7)",1,-0.08
98,103,"(62, 7)",1,-0.08
98,104,"(63, 7)",1,-0.08
98,105,"(64, 7)",1,-0.08
98,106,"(65, 7)",1,-0.08
98,107,"(66, 7)",1,-0.08
98,108,"(67, 7)",1,-0.08
98,109,"(68, 7)",1,-0.08
98,110,"(69, 7)",0,-0.08
98,111,"(69, 6)",1,-0.08
98,112,"(70, 6)",1,-0.08
98,113,"(71, 6)",0,-0.08
98,114,"(71, 5)",1,-0.08
98,115,"(72, 5)",1,-0.08
98,116,"(73, 5)",1,-0.08
98,117,"(74, 5)",1,-0.08
98,118,"(75, 5)",0,-0.08
98,119,"(75, 4)",0,-0.08
98,120,"(75, 3)",1,-0.08
98,121,"(76, 3)",1,-0.08
98,122,"(77, 3)",0,-0.08
98,123,"(77, 2)",0,-0.08
98,124,"(77, 1)",0,-0.08
98,125,"(77, 0)",1,-0.08
98,126,"(78, 0)",1,8.33
99,0,"(0, 39)",0,-0.08
99,1,"(0, 38)",0,-0.08
99,2,"(0, 37)",0,-0.08
99,3,"(0, 36)",0,-0.08
99,4,"(0, 35)",0,-0.08
99,5,"(0, 34)",1,-0.08
99,6,"(1, 34)",1,-0.08
99,7,"(2, 34)",0,-0.08
99,8,"(2, 33)",1,-0.08
99,9,"(3, 33)",0,-0.08
99,10,"(3, 32)",0,-0.08
99,11,"(3, 31)",1,-8.33
99,12,"(3, 31)",0,-8.33
99,13,"(3, 31)",2,-0.08
99,14,"(3, 32)",2,-0.08
99,15,"(3, 33)",1,-0.08
99,16,"(4, 33)",1,-0.08
99,17,"(5, 33)",0,-0.08
99,18,"(5, 32)",0,-0.08
99,19,"(5, 31)",1,-0.08
99,20,"(6, 31)",1,-0.08
99,21,"(7, 31)",1,-0.08
99,22,"(8, 31)",1,-0.08
99,23,"(9, 31)",0,-0.08
99,24,"(9, 30)",1,-0.08
99,25,"(10, 30)",0,-0.08
99,26,"(10, 29)",0,-0.08
99,27,"(10, 28)",0,-0.08
99,28,"(10, 27)",1,-0.08
99,29,"(11, 27)",1,-0.08
99,30,"(12, 27)",0,-0.08
99,31,"(12, 26)",0,-0.08
99,32,"(12, 25)",1,-0.08
99,33,"(13, 25)",1,-0.08
99,34,"(14, 25)",0,-0.08
99,35,"(14, 24)",0,-0.08
99,36,"(14, 23)",1,-0.08
99,37,"(15, 23)",1,-0.08
99,38,"(16, 23)",0,-0.08
99,39,"(16, 22)",1,-0.08
99,40,"(17, 22)",1,-0.08
99,41,"(18, 22)",1,-0.08
99,42,"(19, 22)",0,-0.08
99,43,"(19, 21)",1,-0.08
99,44,"(20, 21)",1,-0.08
99,45,"(21, 21)",1,-0.08
99,46,"(22, 21)",0,-0.08
99,47,"(22, 20)",0,-0.08
99,48,"(22, 19)",1,-0.08
99,49,"(23, 19)",0,-0.08
99,50,"(23, 18)",0,-0.08
99,51,"(23, 17)",1,-0.08
99,52,"(24, 17)",1,-0.08
99,53,"(25, 17)",1,-0.08
99,54,"(26, 17)",1,-0.08
99,55,"(27, 17)",0,-0.08
99,56,"(27, 16)",1,-0.08
99,57,"(28, 16)",1,-0.08
99,58,"(29, 16)",0,-0.08
99,59,"(29, 15)",0,-0.08
99,60,"(29, 14)",0,-0.08
99,61,"(29, 13)",1,-0.08
99,62,"(30, 13)",1,-0.08
99,63,"(31, 13)",1,-0.08
99,64,"(32, 13)",1,-0.08
99,65,"(33, 13)",1,-0.08
99,66,"(34, 13)",1,-0.08
99,67,"(35, 13)",0,-0.08
99,68,"(35, 12)",1,-0.08
99,69,"(36, 12)",1,-0.08
99,70,"(37, 12)",1,-0.08
99,71,"(38, 12)",1,-0.08
99,72,"(39, 12)",0,-0.08
99,73,"(39, 11)",1,-0.08
99,74,"(40, 11)",1,-0.08
99,75,"(41, 11)",1,-0.08
99,76,"(42, 11)",1,-0.08
99,77,"(43, 11)",1,-0.08
99,78,"(44, 11)",1,-0.08
99,79,"(45, 11)",0,-0.08
99,80,"(45, 10)",1,-0.08
99,81,"(46, 10)",0,-0.08
99,82,"(46, 9)",0,-0.08
99,83,"(46, 8)",0,-0.08
99,84,"(46, 7)",1,-0.08
99,85,"(47, 7)",1,-0.08
99,86,"(48, 7)",1,-0.08
99,87,"(49, 7)",1,-0.08
99,88,"(50, 7)",1,-0.08
99,89,"(51, 7)",1,-0.08
99,90,"(52, 7)",1,-0.08
99,91,"(53, 7)",1,-0.08
99,92,"(54, 7)",1,-0.08
99,93,"(55, 7)",1,-0.08
99,94,"(56, 7)",1,-0.08
99,95,"(57, 7)",1,-0.08
99,96,"(58, 7)",1,-0.08
99,97,"(59, 7)",1,-0.08
99,98,"(60, 7)",1,-0.08
99,99,"(61, 7)",1,-0.08
99,100,"(62, 7)",1,-0.08
99,101,"(63, 7)",1,-0.08
99,102,"(64, 7)",1,-0.08
99,103,"(65, 7)",1,-0.08
99,104,"(66, 7)",1,-0.08
99,105,"(67, 7)",1,-0.08
99,106,"(68, 7)",1,-0.08
99,107,"(69, 7)",1,-0.08
99,108,"(70, 7)",1,-0.08
99,109,"(71, 7)",0,-0.08
99,110,"(71, 6)",1,-0.08
99,111,"(72, 6)",1,-0.08
99,112,"(73, 6)",0,-0.08
99,113,"(73, 5)",1,-0.08
99,114,"(74, 5)",0,-0.08
99,115,"(74, 4)",1,-0.08
99,116,"(75, 4)",0,-0.08
99,117,"(75, 3)",1,-0.08
99,118,"(76, 3)",1,-0.08
99,119,"(77, 3)",0,-0.08
99,120,"(77, 2)",0,-0.08
99,121,"(77, 1)",0,-0.08
99,122,"(77, 0)",1,-0.08
99,123,"(78, 0)",1,8.33
100,0,"(0, 39)",0,-0.08
100,1,"(0, 38)",0,-0.08
100,2,"(0, 37)",0,-0.08
100,3,"(0, 36)",1,-8.33
100,4,"(0, 36)",0,-0.08
100,5,"(0, 35)",1,-0.08
100,6,"(1, 35)",1,-0.08
100,7,"(2, 35)",0,-0.08
100,8,"(2, 34)",0,-0.08
100,9,"(2, 33)",0,-0.08
100,10,"(2, 32)",1,-0.08
100,11,"(3, 32)",0,-0.08
100,12,"(3, 31)",0,-8.33
100,13,"(3, 31)",0,-8.33
100,14,"(3, 31)",3,-0.08
100,15,"(2, 31)",3,-0.08
100,16,"(1, 31)",0,-0.08
100,17,"(1, 30)",0,-0.08
100,18,"(1, 29)",1,-0.08
100,19,"(2, 29)",1,-0.08
100,20,"(3, 29)",1,-0.08
100,21,"(4, 29)",1,-0.08
100,22,"(5, 29)",1,-0.08
100,23,"(6, 29)",1,-0.08
100,24,"(7, 29)",1,-0.08
100,25,"(8, 29)",1,-0.08
100,26,"(9, 29)",1,-0.08
100,27,"(10, 29)",0,-0.08
100,28,"(10, 28)",0,-0.08
100,29,"(10, 27)",1,-0.08
100,30,"(11, 27)",1,-0.08
100,31,"(12, 27)",1,-0.08
100,32,"(13, 27)",0,-0.08
100,33,"(13, 26)",0,-0.08
100,34,"(13, 25)",1,-0.08
100,35,"(14, 25)",1,-0.08
100,36,"(15, 25)",1,-0.08
100,37,"(16, 25)",1,-0.08
100,38,"(17, 25)",0,-0.08
100,39,"(17, 24)",0,-0.08
100,40,"(17, 23)",0,-0.08
100,41,"(17, 22)",1,-0.08
100,42,"(18, 22)",1,-0.08
100,43,"(19, 22)",0,-0.08
100,44,"(19, 21)",0,-0.08
100,45,"(19, 20)",1,-0.08
100,46,"(20, 20)",1,-0.08
100,47,"(21, 20)",0,-0.08
100,48,"(21, 19)",1,-0.08
100,49,"(22, 19)",1,-0.08
100,50,"(23, 19)",0,-0.08
100,51,"(23, 18)",0,-0.08
100,52,"(23, 17)",1,-0.08
100,53,"(24, 17)",1,-0.08
100,54,"(25, 17)",1,-0.08
100,55,"(26, 17)",1,-0.08
100,56,"(27, 17)",1,-0.08
100,57,"(28, 17)",0,-0.08
100,58,"(28, 16)",0,-0.08
100,59,"(28, 15)",1,-0.08
100,60,"(29, 15)",0,-0.08
100,61,"(29, 14)",0,-0.08
100,62,"(29, 13)",1,-0.08
100,63,"(30, 13)",1,-0.08
100,64,"(31, 13)",1,-0.08
100,65,"(32, 13)",1,-0.08
100,66,"(33, 13)",1,-0.08
100,67,"(34, 13)",1,-0.08
100,68,"(35, 13)",0,-0.08
100,69,"(35, 12)",1,-0.08
100,70,"(36, 12)",1,-0.08
100,71,"(37, 12)",1,-0.08
100,72,"(38, 12)",1,-0.08
100,73,"(39, 12)",0,-0.08
100,74,"(39, 11)",1,-0.08
100,75,"(40, 11)",1,-0.08
100,76,"(41, 11)",1,-0.08
100,77,"(42, 11)",1,-0.08
100,78,"(43, 11)",1,-0.08
100,79,"(44, 11)",1,-0.08
100,80,"(45, 11)",0,-0.08
100,81,"(45, 10)",0,-0.08
100,82,"(45, 9)",1,-0.08
100,83,"(46, 9)",0,-0.08
100,84,"(46, 8)",0,-0.08
100,85,"(46, 7)",1,-0.08
100,86,"(47, 7)",1,-0.08
100,87,"(48, 7)",1,-0.08
100,88,"(49, 7)",1,-0.08
100,89,"(50, 7)",1,-0.08
100,90,"(51, 7)",1,-0.08
100,91,"(52, 7)",1,-0.08
100,92,"(53, 7)",1,-0.08
100,93,"(54, 7)",1,-0.08
100,94,"(55, 7)",1,-0.08
100,95,"(56, 7)",1,-0.08
100,96,"(57, 7)",1,-0.08
100,97,"(58, 7)",1,-0.08
100,98,"(59, 7)",1,-0.08
100,99,"(60, 7)",1,-0.08
100,100,"(61, 7)",1,-0.08
100,101,"(62, 7)",1,-0.08
100,102,"(63, 7)",1,-0.08
100,103,"(64, 7)",1,-0.08
100,104,"(65, 7)",1,-0.08
100,105,"(66, 7)",1,-0.08
100,106,"(67, 7)",1,-0.08
100,107,"(68, 7)",1,-0.08
100,108,"(69, 7)",0,-0.08
100,109,"(69, 6)",1,-0.08
100,110,"(70, 6)",1,-0.08
100,111,"(71, 6)",0,-0.08
100,112,"(71, 5)",1,-0.08
100,113,"(72, 5)",1,-0.08
100,114,"(73, 5)",1,-0.08
100,115,"(74, 5)",1,-0.08
100,116,"(75, 5)",1,-0.08
100,117,"(76, 5)",1,-0.08
100,118,"(77, 5)",0,-0.08
100,119,"(77, 4)",0,-0.08
100,120,"(77, 3)",0,-0.08
100,121,"(77, 2)",0,-0.08
100,122,"(77, 1)",1,-0.08
100,123,"(78, 1)",0,-0.08
100,124,"(78, 0)",1,8.33
101,0,"(0, 39)",0,-0.08
101,1,"(0, 38)",0,-0.08
101,2,"(0, 37)",1,-0.08
101,3,"(1, 37)",1,-8.33
101,4,"(1, 37)",0,-8.33
101,5,"(1, 37)",3,-0.08
101,6,"(0, 37)",0,-0.08
101,7,"(0, 36)",0,-0.08
101,8,"(0, 35)",0,-0.08
101,9,"(0, 34)",1,-0.08
101,10,"(1, 34)",0,-0.08
101,11,"(1, 33)",0,-0.08
101,12,"(1, 32)",0,-0.08
101,13,"(1, 31)",0,-0.08
101,14,"(1, 30)",0,-0.08
101,15,"(1, 29)",0,-0.08
101,16,"(1, 28)",0,-0.08
101,17,"(1, 27)",0,-0.08
101,18,"(1, 26)",1,-0.08
101,19,"(2, 26)",1,-0.08
101,20,"(3, 26)",0,-0.08
101,21,"(3, 25)",1,-0.08
101,22,"(4, 25)",1,-0.08
101,23,"(5, 25)",1,-0.08
101,24,"(6, 25)",1,-0.08
101,25,"(7, 25)",1,-0.08
101,26,"(8, 25)",1,-0.08
101,27,"(9, 25)",1,-0.08
101,28,"(10, 25)",0,-0.08
101,29,"(10, 24)",1,-0.08
101,30,"(11, 24)",1,-0.08
101,31,"(12, 24)",1,-0.08
101,32,"(13, 24)",1,-0.08
101,33,"(14, 24)",0,-0.08
101,34,"(14, 23)",1,-0.08
101,35,"(15, 23)",1,-0.08
101,36,"(16, 23)",0,-0.08
101,37,"(16, 22)",1,-0.08
101,38,"(17, 22)",1,-0.08
101,39,"(18, 22)",1,-0.08
101,40,"(19, 22)",1,-0.08
101,41,"(20, 22)",1,-0.08
101,42,"(21, 22)",0,-0.08
101,43,"(21, 21)",0,-0.08
101,44,"(21, 20)",1,-0.08
101,45,"(22, 20)",0,-0.08
101,46,"(22, 19)",1,-0.08
101,47,"(23, 19)",0,-0.08
101,48,"(23, 18)",0,-0.08
101,49,"(23, 17)",0,-0.08
101,50,"(23, 16)",0,-0.08
101,51,"(23, 15)",1,-0.08
101,52,"(24, 15)",1,-0.08
101,53,"(25, 15)",1,-0.08
101,54,"(26, 15)",1,-0.08
101,55,"(27, 15)",1,-0.08
101,56,"(28, 15)",1,-0.08
101,57,"(29, 15)",0,-0.08
101,58,"(29, 14)",0,-0.08
101,59,"(29, 13)",1,-0.08
101,60,"(30, 13)",1,-0.08
101,61,"(31, 13)",1,-0.08
101,62,"(32, 13)",1,-0.08
101,63,"(33, 13)",1,-0.08
101,64,"(34, 13)",1,-0.08
101,65,"(35, 13)",1,-0.08
101,66,"(36, 13)",0,-0.08
101,67,"(36, 12)",1,-0.08
101,68,"(37, 12)",1,-0.08
101,69,"(38, 12)",1,-0.08
101,70,"(39, 12)",0,-0.08
101,71,"(39, 11)",1,-0.08
101,72,"(40, 11)",1,-0.08
101,73,"(41, 11)",1,-0.08
101,74,"(42, 11)",1,-0.08
101,75,"(43, 11)",1,-0.08
101,76,"(44, 11)",1,-0.08
101,77,"(45, 11)",0,-0.08
101,78,"(45, 10)",0,-0.08
101,79,"(45, 9)",1,-0.08
101,80,"(46, 9)",0,-0.08
101,81,"(46, 8)",0,-0.08
101,82,"(46, 7)",1,-0.08
101,83,"(47, 7)",1,-0.08
101,84,"(48, 7)",1,-0.08
101,85,"(49, 7)",1,-0.08
101,86,"(50, 7)",1,-0.08
101,87,"(51, 7)",1,-0.08
101,88,"(52, 7)",1,-0.08
101,89,"(53, 7)",1,-0.08
101,90,"(54, 7)",1,-0.08
101,91,"(55, 7)",1,-0.08
101,92,"(56, 7)",1,-0.08
101,93,"(57, 7)",1,-0.08
101,94,"(58, 7)",1,-0.08
101,95,"(59, 7)",1,-0.08
101,96,"(60, 7)",1,-0.08
101,97,"(61, 7)",1,-0.08
101,98,"(62, 7)",1,-0.08
101,99,"(63, 7)",1,-0.08
101,100,"(64, 7)",1,-0.08
101,101,"(65, 7)",1,-0.08
101,102,"(66, 7)",1,-0.08
101,103,"(67, 7)",1,-0.08
101,104,"(68, 7)",1,-0.08
101,105,"(69, 7)",0,-0.08
101,106,"(69, 6)",1,-0.08
101,107,"(70, 6)",1,-0.08
101,108,"(71, 6)",1,-0.08
101,109,"(72, 6)",1,-0.08
101,110,"(73, 6)",1,-0.08
101,111,"(74, 6)",0,-0.08
101,112,"(74, 5)",0,-0.08
101,113,"(74, 4)",0,-0.08
101,114,"(74, 3)",1,-0.08
101,115,"(75, 3)",1,-0.08
101,116,"(76, 3)",0,-0.08
101,117,"(76, 2)",1,-0.08
101,118,"(77, 2)",0,-0.08
101,119,"(77, 1)",0,-0.08
101,120,"(77, 0)",1,-0.08
101,121,"(78, 0)",1,8.33
102,0,"(0, 39)",1,-0.08
102,1,"(1, 39)",1,-0.08
102,2,"(2, 39)",0,-8.33
102,3,"(2, 39)",1,-0.08
102,4,"(3, 39)",1,-0.08
102,5,"(4, 39)",1,-0.08
102,6,"(5, 39)",0,-8.33
102,7,"(5, 39)",1,-0.08
102,8,"(6, 39)",1,-0.08
102,9,"(7, 39)",0,-0.08
102,10,"(7, 38)",0,-0.08
102,11,"(7, 37)",0,-0.08
102,12,"(7, 36)",0,-0.08
102,13,"(7, 35)",0,-0.08
102,14,"(7, 34)",0,-0.08
102,15,"(7, 33)",0,-0.08
102,16,"(7, 32)",1,-0.08
102,17,"(8, 32)",0,-0.08
102,18,"(8, 31)",0,-0.08
102,19,"(8, 30)",0,-0.08
102,20,"(8, 29)",1,-0.08
102,21,"(9, 29)",1,-0.08
102,22,"(10, 29)",0,-0.08
102,23,"(10, 28)",0,-0.08
102,24,"(10, 27)",1,-0.08
102,25,"(11, 27)",1,-0.08
102,26,"(12, 27)",1,-0.08
102,27,"(13, 27)",0,-0.08
102,28,"(13, 26)",0,-0.08
102,29,"(13, 25)",1,-0.08
102,30,"(14, 25)",1,-0.08
102,31,"(15, 25)",1,-0.08
102,32,"(16, 25)",1,-0.08
102,33,"(17, 25)",0,-0.08
102,34,"(17, 24)",0,-0.08
102,35,"(17, 23)",1,-0.08
102,36,"(18, 23)",0,-0.08
102,37,"(18, 22)",1,-0.08
102,38,"(19, 22)",1,-0.08
102,39,"(20, 22)",0,-0.08
102,40,"(20, 21)",0,-0.08
102,41,"(20, 20)",1,-0.08
102,42,"(21, 20)",0,-0.08
102,43,"(21, 19)",1,-0.08
102,44,"(22, 19)",1,-0.08
102,45,"(23, 19)",0,-0.08
102,46,"(23, 18)",0,-0.08
102,47,"(23, 17)",1,-0.08
102,48,"(24, 17)",1,-0.08
102,49,"(25, 17)",1,-0.08
102,50,"(26, 17)",1,-0.08
102,51,"(27, 17)",0,-0.08
102,52,"(27, 16)",1,-0.08
102,53,"(28, 16)",0,-0.08
102,54,"(28, 15)",1,-0.08
102,55,"(29, 15)",0,-0.08
102,56,"(29, 14)",0,-0.08
102,57,"(29, 13)",1,-0.08
102,58,"(30, 13)",1,-0.08
102,59,"(31, 13)",1,-0.08
102,60,"(32, 13)",1,-0.08
102,61,"(33, 13)",1,-0.08
102,62,"(34, 13)",1,-0.08
102,63,"(35, 13)",1,-0.08
102,64,"(36, 13)",0,-0.08
102,65,"(36, 12)",1,-0.08
102,66,"(37, 12)",1,-0.08
102,67,"(38, 12)",1,-0.08
102,68,"(39, 12)",0,-0.08
102,69,"(39, 11)",1,-0.08
102,70,"(40, 11)",1,-0.08
102,71,"(41, 11)",1,-0.08
102,72,"(42, 11)",1,-0.08
102,73,"(43, 11)",1,-0.08
102,74,"(44, 11)",1,-0.08
102,75,"(45, 11)",0,-0.08
102,76,"(45, 10)",0,-0.08
102,77,"(45, 9)",1,-0.08
102,78,"(46, 9)",0,-0.08
102,79,"(46, 8)",0,-0.08
102,80,"(46, 7)",1,-0.08
102,81,"(47, 7)",1,-0.08
102,82,"(48, 7)",1,-0.08
102,83,"(49, 7)",1,-0.08
102,84,"(50, 7)",1,-0.08
102,85,"(51, 7)",1,-0.08
102,86,"(52, 7)",1,-0.08
102,87,"(53, 7)",1,-0.08
102,88,"(54, 7)",1,-0.08
102,89,"(55, 7)",1,-0.08
102,90,"(56, 7)",1,-0.08
102,91,"(57, 7)",1,-0.08
102,92,"(58, 7)",1,-0.08
102,93,"(59, 7)",1,-0.08
102,94,"(60, 7)",1,-0.08
102,95,"(61, 7)",1,-0.08
102,96,"(62, 7)",1,-0.08
102,97,"(63, 7)",1,-0.08
102,98,"(64, 7)",1,-0.08
102,99,"(65, 7)",1,-0.08
102,100,"(66, 7)",1,-0.08
102,101,"(67, 7)",1,-0.08
102,102,"(68, 7)",1,-0.08
102,103,"(69, 7)",0,-0.08
102,104,"(69, 6)",1,-0.08
102,105,"(70, 6)",1,-0.08
102,106,"(71, 6)",0,-0.08
102,107,"(71, 5)",1,-0.08
102,108,"(72, 5)",1,-0.08
102,109,"(73, 5)",1,-0.08
102,110,"(74, 5)",1,-0.08
102,111,"(75, 5)",0,-0.08
102,112,"(75, 4)",0,-0.08
102,113,"(75, 3)",1,-0.08
102,114,"(76, 3)",1,-0.08
102,115,"(77, 3)",0,-0.08
102,116,"(77, 2)",0,-0.08
102,117,"(77, 1)",1,-0.08
102,118,"(78, 1)",0,-0.08
102,119,"(78, 0)",1,8.33
103,0,"(0, 39)",1,-0.08
103,1,"(1, 39)",0,-0.08
103,2,"(1, 38)",0,-0.08
103,3,"(1, 37)",1,-8.33
103,4,"(1, 37)",0,-8.33
103,5,"(1, 37)",3,-0.08
103,6,"(0, 37)",0,-0.08
103,7,"(0, 36)",0,-0.08
103,8,"(0, 35)",0,-0.08
103,9,"(0, 34)",1,-0.08
103,10,"(1, 34)",0,-0.08
103,11,"(1, 33)",1,-0.08
103,12,"(2, 33)",0,-0.08
103,13,"(2, 32)",0,-0.08
103,14,"(2, 31)",1,-0.08
103,15,"(3, 31)",0,-8.33
103,16,"(3, 31)",0,-8.33
103,17,"(3, 31)",3,-0.08
103,18,"(2, 31)",3,-0.08
103,19,"(1, 31)",0,-0.08
103,20,"(1, 30)",0,-0.08
103,21,"(1, 29)",1,-0.08
103,22,"(2, 29)",1,-0.08
103,23,"(3, 29)",1,-0.08
103,24,"(4, 29)",1,-0.08
103,25,"(5, 29)",1,-0.08
103,26,"(6, 29)",1,-0.08
103,27,"(7, 29)",0,-0.08
103,28,"(7, 28)",0,-0.08
103,29,"(7, 27)",0,-0.08
103,30,"(7, 26)",0,-0.08
103,31,"(7, 25)",1,-0.08
103,32,"(8, 25)",1,-0.08
103,33,"(9, 25)",1,-0.08
103,34,"(10, 25)",0,-0.08
103,35,"(10, 24)",1,-0.08
103,36,"(11, 24)",1,-0.08
103,37,"(12, 24)",1,-0.08
103,38,"(13, 24)",1,-0.08
103,39,"(14, 24)",0,-0.08
103,40,"(14, 23)",1,-0.08
103,41,"(15, 23)",1,-0.08
103,42,"(16, 23)",0,-0.08
103,43,"(16, 22)",1,-0.08
103,44,"(17, 22)",1,-0.08
103,45,"(18, 22)",1,-0.08
103,46,"(19, 22)",0,-0.08
103,47,"(19, 21)",1,-0.08
103,48,"(20, 21)",0,-0.08
103,49,"(20, 20)",0,-0.08
103,50,"(20, 19)",1,-0.08
103,51,"(21, 19)",1,-0.08
103,52,"(22, 19)",1,-0.08
103,53,"(23, 19)",0,-0.08
103,54,"(23, 18)",0,-0.08
103,55,"(23, 17)",1,-0.08
103,56,"(24, 17)",1,-0.08
103,57,"(25, 17)",1,-0.08
103,58,"(26, 17)",1,-0.08
103,59,"(27, 17)",1,-0.08
103,60,"(28, 17)",0,-0.08
103,61,"(28, 16)",1,-0.08
103,62,"(29, 16)",0,-0.08
103,63,"(29, 15)",1,-0.08
103,64,"(30, 15)",1,-0.08
103,65,"(31, 15)",0,-0.08
103,66,"(31, 14)",0,-0.08
103,67,"(31, 13)",1,-0.08
103,68,"(32, 13)",1,-0.08
103,69,"(33, 13)",1,-0.08
103,70,"(34, 13)",1,-0.08
103,71,"(35, 13)",0,-0.08
103,72,"(35, 12)",1,-0.08
103,73,"(36, 12)",1,-0.08
103,74,"(37, 12)",1,-0.08
103,75,"(38, 12)",1,-0.08
103,76,"(39, 12)",0,-0.08
103,77,"(39, 11)",1,-0.08
103,78,"(40, 11)",1,-0.08
103,79,"(41, 11)",1,-0.08
103,80,"(42, 11)",1,-0.08
103,81,"(43, 11)",1,-0.08
103,82,"(44, 11)",1,-0.08
103,83,"(45, 11)",0,-0.08
103,84,"(45, 10)",1,-0.08
103,85,"(46, 10)",0,-0.08
103,86,"(46, 9)",0,-0.08
103,87,"(46, 8)",0,-0.08
103,88,"(46, 7)",1,-0.08
103,89,"(47, 7)",1,-0.08
103,90,"(48, 7)",1,-0.08
103,91,"(49, 7)",1,-0.08
103,92,"(50, 7)",1,-0.08
103,93,"(51, 7)",1,-0.08
103,94,"(52, 7)",1,-0.08
103,95,"(53, 7)",1,-0.08
103,96,"(54, 7)",1,-0.08
103,97,"(55, 7)",1,-0.08
103,98,"(56, 7)",1,-0.08
103,99,"(57, 7)",1,-0.08
103,100,"(58, 7)",1,-0.08
103,101,"(59, 7)",1,-0.08
103,102,"(60, 7)",1,-0.08
103,103,"(61, 7)",1,-0.08
103,104,"(62, 7)",1,-0.08
103,105,"(63, 7)",1,-0.08
103,106,"(64, 7)",1,-0.08
103,107,"(65, 7)",1,-0.08
103,108,"(66, 7)",1,-0.08
103,109,"(67, 7)",1,-0.08
103,110,"(68, 7)",1,-0.08
103,111,"(69, 7)",0,-0.08
103,112,"(69, 6)",1,-0.08
103,113,"(70, 6)",1,-0.08
103,114,"(71, 6)",1,-0.08
103,115,"(72, 6)",1,-0.08
103,116,"(73, 6)",1,-0.08
103,117,"(74, 6)",0,-0.08
103,118,"(74, 5)",1,-0.08
103,119,"(75, 5)",1,-0.08
103,120,"(76, 5)",1,-0.08
103,121,"(77, 5)",0,-0.08
103,122,"(77, 4)",0,-0.08
103,123,"(77, 3)",0,-0.08
103,124,"(77, 2)",0,-0.08
103,125,"(77, 1)",0,-0.08
103,126,"(77, 0)",1,-0.08
103,127,"(78, 0)",1,8.33
104,0,"(0, 39)",1,-0.08
104,1,"(1, 39)",1,-0.08
104,2,"(2, 39)",1,-0.08
104,3,"(3, 39)",1,-0.08
104,4,"(4, 39)",1,-0.08
104,5,"(5, 39)",0,-8.33
104,6,"(5, 39)",1,-0.08
104,7,"(6, 39)",1,-0.08
104,8,"(7, 39)",0,-0.08
104,9,"(7, 38)",0,-0.08
104,10,"(7, 37)",0,-0.08
104,11,"(7, 36)",0,-0.08
104,12,"(7, 35)",0,-0.08
104,13,"(7, 34)",0,-0.08
104,14,"(7, 33)",1,-0.08
104,15,"(8, 33)",0,-0.08
104,16,"(8, 32)",1,-0.08
104,17,"(9, 32)",0,-0.08
104,18,"(9, 31)",0,-0.08
104,19,"(9, 30)",0,-0.08
104,20,"(9, 29)",1,-0.08
104,21,"(10, 29)",0,-0.08
104,22,"(10, 28)",0,-0.08
104,23,"(10, 27)",1,-0.08
104,24,"(11, 27)",1,-0.08
104,25,"(12, 27)",0,-0.08
104,26,"(12, 26)",0,-0.08
104,27,"(12, 25)",1,-0.08
104,28,"(13, 25)",0,-0.08
104,29,"(13, 24)",1,-0.08
104,30,"(14, 24)",0,-0.08
104,31,"(14, 23)",1,-0.08
104,32,"(15, 23)",1,-0.08
104,33,"(16, 23)",0,-0.08
104,34,"(16, 22)",1,-0.08
104,35,"(17, 22)",1,-0.08
104,36,"(18, 22)",1,-0.08
104,37,"(19, 22)",1,-0.08
104,38,"(20, 22)",1,-0.08
104,39,"(21, 22)",0,-0.08
104,40,"(21, 21)",1,-0.08
104,41,"(22, 21)",0,-0.08
104,42,"(22, 20)",1,-0.08
104,43,"(23, 20)",0,-0.08
104,44,"(23, 19)",0,-0.08
104,45,"(23, 18)",0,-0.08
104,46,"(23, 17)",0,-0.08
104,47,"(23, 16)",0,-0.08
104,48,"(23, 15)",1,-0.08
104,49,"(24, 15)",1,-0.08
104,50,"(25, 15)",1,-0.08
104,51,"(26, 15)",1,-0.08
104,52,"(27, 15)",1,-0.08
104,53,"(28, 15)",1,-0.08
104,54,"(29, 15)",1,-0.08
104,55,"(30, 15)",1,-0.08
104,56,"(31, 15)",0,-0.08
104,57,"(31, 14)",1,-0.08
104,58,"(32, 14)",0,-0.08
104,59,"(32, 13)",1,-0.08
104,60,"(33, 13)",1,-0.08
104,61,"(34, 13)",1,-0.08
104,62,"(35, 13)",1,-0.08
104,63,"(36, 13)",1,-0.08
104,64,"(37, 13)",0,-0.08
104,65,"(37, 12)",1,-0.08
104,66,"(38, 12)",1,-0.08
104,67,"(39, 12)",0,-0.08
104,68,"(39, 11)",1,-0.08
104,69,"(40, 11)",1,-0.08
104,70,"(41, 11)",1,-0.08
104,71,"(42, 11)",1,-0.08
104,72,"(43, 11)",1,-0.08
104,73,"(44, 11)",1,-0.08
104,74,"(45, 11)",0,-0.08
104,75,"(45, 10)",1,-0.08
104,76,"(46, 10)",0,-0.08
104,77,"(46, 9)",0,-0.08
104,78,"(46, 8)",0,-0.08
104,79,"(46, 7)",1,-0.08
104,80,"(47, 7)",1,-0.08
104,81,"(48, 7)",1,-0.08
104,82,"(49, 7)",1,-0.08
104,83,"(50, 7)",1,-0.08
104,84,"(51, 7)",1,-0.08
104,85,"(52, 7)",1,-0.08
104,86,"(53, 7)",1,-0.08
104,87,"(54, 7)",1,-0.08
104,88,"(55, 7)",1,-0.08
104,89,"(56, 7)",1,-0.08
104,90,"(57, 7)",1,-0.08
104,91,"(58, 7)",1,-0.08
104,92,"(59, 7)",1,-0.08
104,93,"(60, 7)",1,-0.08
104,94,"(61, 7)",1,-0.08
104,95,"(62, 7)",1,-0.08
104,96,"(63, 7)",1,-0.08
104,97,"(64, 7)",1,-0.08
104,98,"(65, 7)",1,-0.08
104,99,"(66, 7)",1,-0.08
104,100,"(67, 7)",1,-0.08
104,101,"(68, 7)",1,-0.08
104,102,"(69, 7)",1,-0.08
104,103,"(70, 7)",1,-0.08
104,104,"(71, 7)",1,-0.08
104,105,"(72, 7)",1,-0.08
104,106,"(73, 7)",0,-0.08
104,107,"(73, 6)",1,-0.08
104,108,"(74, 6)",0,-0.08
104,109,"(74, 5)",0,-0.08
104,110,"(74, 4)",0,-0.08
104,111,"(74, 3)",1,-0.08
104,112,"(75, 3)",1,-0.08
104,113,"(76, 3)",0,-0.08
104,114,"(76, 2)",0,-0.08
104,115,"(76, 1)",0,-0.08
104,116,"(76, 0)",1,-0.08
104,117,"(77, 0)",1,-0.08
104,118,"(78, 0)",1,8.33
105,0,"(0, 39)",0,-0.08
105,1,"(0, 38)",1,-0.08
105,2,"(1, 38)",1,-8.33
105,3,"(1, 38)",0,-0.08
105,4,"(1, 37)",0,-8.33
105,5,"(1, 37)",3,-0.08
105,6,"(0, 37)",0,-0.08
105,7,"(0, 36)",0,-0.08
105,8,"(0, 35)",1,-0.08
105,9,"(1, 35)",1,-0.08
105,10,"(2, 35)",0,-0.08
105,11,"(2, 34)",0,-0.08
105,12,"(2, 33)",1,-0.08
105,13,"(3, 33)",0,-0.08
105,14,"(3, 32)",0,-0.08
105,15,"(3, 31)",0,-8.33
105,16,"(3, 31)",3,-0.08
105,17,"(2, 31)",3,-0.08
105,18,"(1, 31)",0,-0.08
105,19,"(1, 30)",0,-0.08
105,20,"(1, 29)",0,-0.08
105,21,"(1, 28)",0,-0.08
105,22,"(1, 27)",0,-0.08
105,23,"(1, 26)",1,-0.08
105,24,"(2, 26)",1,-0.08
105,25,"(3, 26)",0,-0.08
105,26,"(3, 25)",1,-0.08
105,27,"(4, 25)",1,-0.08
105,28,"(5, 25)",1,-0.08
105,29,"(6, 25)",1,-0.08
105,30,"(7, 25)",1,-0.08
105,31,"(8, 25)",1,-0.08
105,32,"(9, 25)",1,-0.08
105,33,"(10, 25)",0,-0.08
105,34,"(10, 24)",1,-0.08
105,35,"(11, 24)",1,-0.08
105,36,"(12, 24)",1,-0.08
105,37,"(13, 24)",0,-0.08
105,38,"(13, 23)",1,-0.08
105,39,"(14, 23)",1,-0.08
105,40,"(15, 23)",1,-0.08
105,41,"(16, 23)",1,-0.08
105,42,"(17, 23)",0,-0.08
105,43,"(17, 22)",1,-0.08
105,44,"(18, 22)",1,-0.08
105,45,"(19, 22)",1,-0.08
105,46,"(20, 22)",1,-0.08
105,47,"(21, 22)",0,-0.08
105,48,"(21, 21)",0,-0.08
105,49,"(21, 20)",1,-0.08
105,50,"(22, 20)",0,-0.08
105,51,"(22, 19)",1,-0.08
105,52,"(23, 19)",0,-0.08
105,53,"(23, 18)",0,-0.08
105,54,"(23, 17)",1,-0.08
105,55,"(24, 17)",1,-0.08
105,56,"(25, 17)",1,-0.08
105,57,"(26, 17)",1,-0.08
105,58,"(27, 17)",1,-0.08
105,59,"(28, 17)",0,-0.08
105,60,"(28, 16)",0,-0.08
105,61,"(28, 15)",1,-0.08
105,62,"(29, 15)",1,-0.08
105,63,"(30, 15)",1,-0.08
105,64,"(31, 15)",1,-0.08
105,65,"(32, 15)",1,-0.08
105,66,"(33, 15)",1,-0.08
105,67,"(34, 15)",1,-0.08
105,68,"(35, 15)",0,-0.08
105,69,"(35, 14)",0,-0.08
105,70,"(35, 13)",1,-0.08
105,71,"(36, 13)",1,-0.08
105,72,"(37, 13)",1,-0.08
105,73,"(38, 13)",0,-0.08
105,74,"(38, 12)",1,-0.08
105,75,"(39, 12)",0,-0.08
105,76,"(39, 11)",1,-0.08
105,77,"(40, 11)",1,-0.08
105,78,"(41, 11)",1,-0.08
105,79,"(42, 11)",1,-0.08
105,80,"(43, 11)",1,-0.08
105,81,"(44, 11)",1,-0.08
105,82,"(45, 11)",0,-0.08
105,83,"(45, 10)",1,-0.08
105,84,"(46, 10)",0,-0.08
105,85,"(46, 9)",0,-0.08
105,86,"(46, 8)",0,-0.08
105,87,"(46, 7)",1,-0.08
105,88,"(47, 7)",1,-0.08
105,89,"(48, 7)",1,-0.08
105,90,"(49, 7)",1,-0.08
105,91,"(50, 7)",1,-0.08
105,92,"(51, 7)",1,-0.08
105,93,"(52, 7)",1,-0.08
105,94,"(53, 7)",1,-0.08
105,95,"(54, 7)",1,-0.08
105,96,"(55, 7)",1,-0.08
105,97,"(56, 7)",1,-0.08
105,98,"(57, 7)",1,-0.08
105,99,"(58, 7)",1,-0.08
105,100,"(59, 7)",1,-0.08
105,101,"(60, 7)",1,-0.08
105,102,"(61, 7)",1,-0.08
105,103,"(62, 7)",1,-0.08
105,104,"(63, 7)",1,-0.08
105,105,"(64, 7)",1,-0.08
105,106,"(65, 7)",1,-0.08
105,107,"(66, 7)",1,-0.08
105,108,"(67, 7)",1,-0.08
105,109,"(68, 7)",1,-0.08
105,110,"(69, 7)",0,-0.08
105,111,"(69, 6)",1,-0.08
105,112,"(70, 6)",1,-0.08
105,113,"(71, 6)",0,-0.08
105,114,"(71, 5)",1,-0.08
105,115,"(72, 5)",1,-0.08
105,116,"(73, 5)",1,-0.08
105,117,"(74, 5)",1,-0.08
105,118,"(75, 5)",0,-0.08
105,119,"(75, 4)",0,-0.08
105,120,"(75, 3)",1,-0.08
105,121,"(76, 3)",1,-0.08
105,122,"(77, 3)",0,-0.08
105,123,"(77, 2)",0,-0.08
105,124,"(77, 1)",0,-0.08
105,125,"(77, 0)",1,-0.08
105,126,"(78, 0)",1,8.33
106,0,"(0, 39)",0,-0.08
106,1,"(0, 38)",1,-0.08
106,2,"(1, 38)",1,-8.33
106,3,"(1, 38)",0,-0.08
106,4,"(1, 37)",0,-8.33
106,5,"(1, 37)",3,-0.08
106,6,"(0, 37)",0,-0.08
106,7,"(0, 36)",0,-0.08
106,8,"(0, 35)",0,-0.08
106,9,"(0, 34)",0,-0.08
106,10,"(0, 33)",1,-0.08
106,11,"(1, 33)",0,-0.08
106,12,"(1, 32)",1,-0.08
106,13,"(2, 32)",1,-0.08
106,14,"(3, 32)",0,-0.08
106,15,"(3, 31)",0,-8.33
106,16,"(3, 31)",0,-8.33
106,17,"(3, 31)",2,-0.08
106,18,"(3, 32)",2,-0.08
106,19,"(3, 33)",1,-0.08
106,20,"(4, 33)",1,-0.08
106,21,"(5, 33)",1,-0.08
106,22,"(6, 33)",1,-0.08
106,23,"(7, 33)",1,-0.08
106,24,"(8, 33)",0,-0.08
106,25,"(8, 32)",0,-0.08
106,26,"(8, 31)",1,-0.08
106,27,"(9, 31)",0,-0.08
106,28,"(9, 30)",0,-0.08
106,29,"(9, 29)",1,-0.08
106,30,"(10, 29)",0,-0.08
106,31,"(10, 28)",0,-0.08
106,32,"(10, 27)",1,-0.08
106,33,"(11, 27)",1,-0.08
106,34,"(12, 27)",1,-0.08
106,35,"(13, 27)",1,-0.08
106,36,"(14, 27)",1,-0.08
106,37,"(15, 27)",1,-0.08
106,38,"(16, 27)",0,-0.08
106,39,"(16, 26)",1,-0.08
106,40,"(17, 26)",0,-0.08
106,41,"(17, 25)",0,-0.08
106,42,"(17, 24)",0,-0.08
106,43,"(17, 23)",0,-0.08
106,44,"(17, 22)",1,-0.08
106,45,"(18, 22)",1,-0.08
106,46,"(19, 22)",0,-0.08
106,47,"(19, 21)",1,-0.08
106,48,"(20, 21)",0,-0.08
106,49,"(20, 20)",1,-0.08
106,50,"(21, 20)",0,-0.08
106,51,"(21, 19)",1,-0.08
106,52,"(22, 19)",1,-0.08
106,53,"(23, 19)",0,-0.08
106,54,"(23, 18)",0,-0.08
106,55,"(23, 17)",1,-0.08
106,56,"(24, 17)",1,-0.08
106,57,"(25, 17)",1,-0.08
106,58,"(26, 17)",1,-0.08
106,59,"(27, 17)",0,-0.08
106,60,"(27, 16)",1,-0.08
106,61,"(28, 16)",0,-0.08
106,62,"(28, 15)",1,-0.08
106,63,"(29, 15)",1,-0.08
106,64,"(30, 15)",1,-0.08
106,65,"(31, 15)",1,-0.08
106,66,"(32, 15)",1,-0.08
106,67,"(33, 15)",1,-0.08
106,68,"(34, 15)",0,-0.08
106,69,"(34, 14)",1,-0.08
106,70,"(35, 14)",0,-0.08
106,71,"(35, 13)",0,-0.08
106,72,"(35, 12)",1,-0.08
106,73,"(36, 12)",1,-0.08
106,74,"(37, 12)",1,-0.08
106,75,"(38, 12)",1,-0.08
106,76,"(39, 12)",0,-0.08
106,77,"(39, 11)",1,-0.08
106,78,"(40, 11)",1,-0.08
106,79,"(41, 11)",1,-0.08
106,80,"(42, 11)",1,-0.08
106,81,"(43, 11)",1,-0.08
106,82,"(44, 11)",1,-0.08
106,83,"(45, 11)",0,-0.08
106,84,"(45, 10)",0,-0.08
106,85,"(45, 9)",0,-0.08
106,86,"(45, 8)",1,-0.08
106,87,"(46, 8)",0,-0.08
106,88,"(46, 7)",1,-0.08
106,89,"(47, 7)",1,-0.08
106,90,"(48, 7)",1,-0.08
106,91,"(49, 7)",1,-0.08
106,92,"(50, 7)",1,-0.08
106,93,"(51, 7)",1,-0.08
106,94,"(52, 7)",1,-0.08
106,95,"(53, 7)",1,-0.08
106,96,"(54, 7)",1,-0.08
106,97,"(55, 7)",1,-0.08
106,98,"(56, 7)",1,-0.08
106,99,"(57, 7)",1,-0.08
106,100,"(58, 7)",1,-0.08
106,101,"(59, 7)",1,-0.08
106,102,"(60, 7)",1,-0.08
106,103,"(61, 7)",1,-0.08
106,104,"(62, 7)",1,-0.08
106,105,"(63, 7)",1,-0.08
106,106,"(64, 7)",1,-0.08
106,107,"(65, 7)",1,-0.08
106,108,"(66, 7)",1,-0.08
106,109,"(67, 7)",1,-0.08
106,110,"(68, 7)",1,-0.08
106,111,"(69, 7)",0,-0.08
106,112,"(69, 6)",1,-0.08
106,113,"(70, 6)",1,-0.08
106,114,"(71, 6)",0,-0.08
106,115,"(71, 5)",1,-0.08
106,116,"(72, 5)",1,-0.08
106,117,"(73, 5)",1,-0.08
106,118,"(74, 5)",1,-0.08
106,119,"(75, 5)",1,-0.08
106,120,"(76, 5)",1,-0.08
106,121,"(77, 5)",0,-0.08
106,122,"(77, 4)",0,-0.08
106,123,"(77, 3)",0,-0.08
106,124,"(77, 2)",0,-0.08
106,125,"(77, 1)",1,-0.08
106,126,"(78, 1)",1,-0.08
106,127,"(79, 1)",0,8.33
107,0,"(0, 39)",0,-0.08
107,1,"(0, 38)",1,-0.08
107,2,"(1, 38)",1,-8.33
107,3,"(1, 38)",0,-0.08
107,4,"(1, 37)",0,-8.33
107,5,"(1, 37)",3,-0.08
107,6,"(0, 37)",0,-0.08
107,7,"(0, 36)",0,-0.08
107,8,"(0, 35)",0,-0.08
107,9,"(0, 34)",1,-0.08
107,10,"(1, 34)",0,-0.08
107,11,"(1, 33)",0,-0.08
107,12,"(1, 32)",0,-0.08
107,13,"(1, 31)",1,-0.08
107,14,"(2, 31)",1,-0.08
107,15,"(3, 31)",0,-8.33
107,16,"(3, 31)",3,-0.08
107,17,"(2, 31)",3,-0.08
107,18,"(1, 31)",0,-0.08
107,19,"(1, 30)",0,-0.08
107,20,"(1, 29)",0,-0.08
107,21,"(1, 28)",0,-0.08
107,22,"(1, 27)",0,-0.08
107,23,"(1, 26)",1,-0.08
107,24,"(2, 26)",1,-0.08
107,25,"(3, 26)",0,-0.08
107,26,"(3, 25)",1,-0.08
107,27,"(4, 25)",1,-0.08
107,28,"(5, 25)",1,-0.08
107,29,"(6, 25)",1,-0.08
107,30,"(7, 25)",1,-0.08
107,31,"(8, 25)",1,-0.08
107,32,"(9, 25)",0,-0.08
107,33,"(9, 24)",1,-0.08
107,34,"(10, 24)",1,-0.08
107,35,"(11, 24)",1,-0.08
107,36,"(12, 24)",1,-0.08
107,37,"(13, 24)",1,-0.08
107,38,"(14, 24)",0,-0.08
107,39,"(14, 23)",1,-0.08
107,40,"(15, 23)",1,-0.08
107,41,"(16, 23)",0,-0.08
107,42,"(16, 22)",1,-0.08
107,43,"(17, 22)",1,-0.08
107,44,"(18, 22)",1,-0.08
107,45,"(19, 22)",0,-0.08
107,46,"(19, 21)",1,-0.08
107,47,"(20, 21)",1,-0.08
107,48,"(21, 21)",0,-0.08
107,49,"(21, 20)",1,-0.08
107,50,"(22, 20)",1,-0.08
107,51,"(23, 20)",1,-0.08
107,52,"(24, 20)",1,-0.08
107,53,"(25, 20)",0,-0.08
107,54,"(25, 19)",1,-0.08
107,55,"(26, 19)",0,-0.08
107,56,"(26, 18)",1,-0.08
107,57,"(27, 18)",0,-0.08
107,58,"(27, 17)",0,-0.08
107,59,"(27, 16)",0,-0.08
107,60,"(27, 15)",0,-0.08
107,61,"(27, 14)",0,-0.08
107,62,"(27, 13)",1,-0.08
107,63,"(28, 13)",1,-0.08
107,64,"(29, 13)",1,-0.08
107,65,"(30, 13)",1,-0.08
107,66,"(31, 13)",1,-0.08
107,67,"(32, 13)",1,-0.08
107,68,"(33, 13)",1,-0.08
107,69,"(34, 13)",1,-0.08
107,70,"(35, 13)",1,-0.08
107,71,"(36, 13)",0,-0.08
107,72,"(36, 12)",1,-0.08
107,73,"(37, 12)",1,-0.08
107,74,"(38, 12)",1,-0.08
107,75,"(39, 12)",0,-0.08
107,76,"(39, 11)",1,-0.08
107,77,"(40, 11)",1,-0.08
107,78,"(41, 11)",1,-0.08
107,79,"(42, 11)",1,-0.08
107,80,"(43, 11)",1,-0.08
107,81,"(44, 11)",1,-0.08
107,82,"(45, 11)",0,-0.08
107,83,"(45, 10)",1,-0.08
107,84,"(46, 10)",0,-0.08
107,85,"(46, 9)",0,-0.08
107,86,"(46, 8)",0,-0.08
107,87,"(46, 7)",1,-0.08
107,88,"(47, 7)",1,-0.08
107,89,"(48, 7)",1,-0.08
107,90,"(49, 7)",1,-0.08
107,91,"(50, 7)",1,-0.08
107,92,"(51, 7)",1,-0.08
107,93,"(52, 7)",1,-0.08
107,94,"(53, 7)",1,-0.08
107,95,"(54, 7)",1,-0.08
107,96,"(55, 7)",1,-0.08
107,97,"(56, 7)",1,-0.08
107,98,"(57, 7)",1,-0.08
107,99,"(58, 7)",1,-0.08
107,100,"(59, 7)",1,-0.08
107,101,"(60, 7)",1,-0.08
107,102,"(61, 7)",1,-0.08
107,103,"(62, 7)",1,-0.08
107,104,"(63, 7)",1,-0.08
107,105,"(64, 7)",1,-0.08
107,106,"(65, 7)",1,-0.08
107,107,"(66, 7)",1,-0.08
107,108,"(67, 7)",1,-0.08
107,109,"(68, 7)",1,-0.08
107,110,"(69, 7)",0,-0.08
107,111,"(69, 6)",1,-0.08
107,112,"(70, 6)",1,-0.08
107,113,"(71, 6)",1,-0.08
107,114,"(72, 6)",1,-0.08
107,115,"(73, 6)",0,-0.08
107,116,"(73, 5)",1,-0.08
107,117,"(74, 5)",0,-0.08
107,118,"(74, 4)",0,-0.08
107,119,"(74, 3)",1,-0.08
107,120,"(75, 3)",1,-0.08
107,121,"(76, 3)",1,-0.08
107,122,"(77, 3)",0,-0.08
107,123,"(77, 2)",0,-0.08
107,124,"(77, 1)",0,-0.08
107,125,"(77, 0)",1,-0.08
107,126,"(78, 0)",1,8.33
108,0,"(0, 39)",0,-0.08
108,1,"(0, 38)",1,-0.08
108,2,"(1, 38)",0,-0.08
108,3,"(1, 37)",1,-8.33
108,4,"(1, 37)",0,-8.33
108,5,"(1, 37)",3,-0.08
108,6,"(0, 37)",0,-0.08
108,7,"(0, 36)",0,-0.08
108,8,"(0, 35)",1,-0.08
108,9,"(1, 35)",0,-0.08
108,10,"(1, 34)",0,-0.08
108,11,"(1, 33)",1,-0.08
108,12,"(2, 33)",0,-0.08
108,13,"(2, 32)",1,-0.08
108,14,"(3, 32)",0,-0.08
108,15,"(3, 31)",0,-8.33
108,16,"(3, 31)",0,-8.33
108,17,"(3, 31)",3,-0.08
108,18,"(2, 31)",3,-0.08
108,19,"(1, 31)",0,-0.08
108,20,"(1, 30)",0,-0.08
108,21,"(1, 29)",0,-0.08
108,22,"(1, 28)",0,-0.08
108,23,"(1, 27)",0,-0.08
108,24,"(1, 26)",1,-0.08
108,25,"(2, 26)",0,-0.08
108,26,"(2, 25)",1,-0.08
108,27,"(3, 25)",1,-0.08
108,28,"(4, 25)",1,-0.08
108,29,"(5, 25)",1,-0.08
108,30,"(6, 25)",1,-0.08
108,31,"(7, 25)",1,-0.08
108,32,"(8, 25)",1,-0.08
108,33,"(9, 25)",1,-0.08
108,34,"(10, 25)",1,-0.08
108,35,"(11, 25)",0,-0.08
108,36,"(11, 24)",1,-0.08
108,37,"(12, 24)",1,-0.08
108,38,"(13, 24)",1,-0.08
108,39,"(14, 24)",0,-0.08
108,40,"(14, 23)",1,-0.08
108,41,"(15, 23)",1,-0.08
108,42,"(16, 23)",0,-0.08
108,43,"(16, 22)",1,-0.08
108,44,"(17, 22)",1,-0.08
108,45,"(18, 22)",1,-0.08
108,46,"(19, 22)",0,-0.08
108,47,"(19, 21)",0,-0.08
108,48,"(19, 20)",0,-0.08
108,49,"(19, 19)",1,-0.08
108,50,"(20, 19)",1,-0.08
108,51,"(21, 19)",1,-0.08
108,52,"(22, 19)",1,-0.08
108,53,"(23, 19)",0,-0.08
108,54,"(23, 18)",0,-0.08
108,55,"(23, 17)",0,-0.08
108,56,"(23, 16)",0,-0.08
108,57,"(23, 15)",1,-0.08
108,58,"(24, 15)",1,-0.08
108,59,"(25, 15)",1,-0.08
108,60,"(26, 15)",1,-0.08
108,61,"(27, 15)",1,-0.08
108,62,"(28, 15)",1,-0.08
108,63,"(29, 15)",1,-0.08
108,64,"(30, 15)",1,-0.08
108,65,"(31, 15)",0,-0.08
108,66,"(31, 14)",0,-0.08
108,67,"(31, 13)",1,-0.08
108,68,"(32, 13)",1,-0.08
108,69,"(33, 13)",1,-0.08
108,70,"(34, 13)",1,-0.08
108,71,"(35, 13)",1,-0.08
108,72,"(36, 13)",0,-0.08
108,73,"(36, 12)",1,-0.08
108,74,"(37, 12)",1,-0.08
108,75,"(38, 12)",1,-0.08
108,76,"(39, 12)",0,-0.08
108,77,"(39, 11)",1,-0.08
108,78,"(40, 11)",1,-0.08
108,79,"(41, 11)",1,-0.08
108,80,"(42, 11)",1,-0.08
108,81,"(43, 11)",1,-0.08
108,82,"(44, 11)",1,-0.08
108,83,"(45, 11)",0,-0.08
108,84,"(45, 10)",0,-0.08
108,85,"(45, 9)",1,-0.08
108,86,"(46, 9)",0,-0.08
108,87,"(46, 8)",0,-0.08
108,88,"(46, 7)",1,-0.08
108,89,"(47, 7)",1,-0.08
108,90,"(48, 7)",1,-0.08
108,91,"(49, 7)",1,-0.08
108,92,"(50, 7)",1,-0.08
108,93,"(51, 7)",1,-0.08
108,94,"(52, 7)",1,-0.08
108,95,"(53, 7)",1,-0.08
108,96,"(54, 7)",1,-0.08
108,97,"(55, 7)",1,-0.08
108,98,"(56, 7)",1,-0.08
108,99,"(57, 7)",1,-0.08
108,100,"(58, 7)",1,-0.08
108,101,"(59, 7)",1,-0.08
108,102,"(60, 7)",1,-0.08
108,103,"(61, 7)",1,-0.08
108,104,"(62, 7)",1,-0.08
108,105,"(63, 7)",1,-0.08
108,106,"(64, 7)",1,-0.08
108,107,"(65, 7)",1,-0.08
108,108,"(66, 7)",1,-0.08
108,109,"(67, 7)",1,-0.08
108,110,"(68, 7)",1,-0.08
108,111,"(69, 7)",1,-0.08
108,112,"(70, 7)",0,-0.08
108,113,"(70, 6)",1,-0.08
108,114,"(71, 6)",0,-0.08
108,115,"(71, 5)",1,-0.08
108,116,"(72, 5)",1,-0.08
108,117,"(73, 5)",1,-0.08
108,118,"(74, 5)",0,-0.08
108,119,"(74, 4)",1,-0.08
108,120,"(75, 4)",0,-0.08
108,121,"(75, 3)",1,-0.08
108,122,"(76, 3)",1,-0.08
108,123,"(77, 3)",0,-0.08
108,124,"(77, 2)",0,-0.08
108,125,"(77, 1)",1,-0.08
108,126,"(78, 1)",0,-0.08
108,127,"(78, 0)",1,8.33
109,0,"(0, 39)",1,-0.08
109,1,"(1, 39)",1,-0.08
109,2,"(2, 39)",0,-8.33
109,3,"(2, 39)",1,-0.08
109,4,"(3, 39)",1,-0.08
109,5,"(4, 39)",1,-0.08
109,6,"(5, 39)",1,-0.08
109,7,"(6, 39)",0,-8.33
109,8,"(6, 39)",1,-0.08
109,9,"(7, 39)",0,-0.08
109,10,"(7, 38)",0,-0.08
109,11,"(7, 37)",0,-0.08
109,12,"(7, 36)",1,-0.08
109,13,"(8, 36)",1,-0.08
109,14,"(9, 36)",0,-0.08
109,15,"(9, 35)",0,-8.33
109,16,"(9, 35)",2,-0.08
109,17,"(9, 36)",1,-0.08
109,18,"(10, 36)",2,-0.08
109,19,"(10, 37)",1,-0.08
109,20,"(11, 37)",1,-0.08
109,21,"(12, 37)",1,-0.08
109,22,"(13, 37)",1,-0.08
109,23,"(14, 37)",1,-0.08
109,24,"(15, 37)",1,-0.08
109,25,"(16, 37)",0,-0.08
109,26,"(16, 36)",1,-0.08
109,27,"(17, 36)",0,-0.08
109,28,"(17, 35)",1,-0.08
109,29,"(18, 35)",1,-0.08
109,30,"(19, 35)",1,-0.08
109,31,"(20, 35)",0,-0.08
109,32,"(20, 34)",1,-0.08
109,33,"(21, 34)",0,-0.08
109,34,"(21, 33)",1,-0.08
109,35,"(22, 33)",1,-0.08
109,36,"(23, 33)",0,-0.08
109,37,"(23, 32)",0,-0.08
109,38,"(23, 31)",0,-0.08
109,39,"(23, 30)",1,-8.33
109,40,"(23, 30)",0,-0.08
109,41,"(23, 29)",0,-0.08
109,42,"(23, 28)",0,-0.08
109,43,"(23, 27)",0,-0.08
109,44,"(23, 26)",0,-0.08
109,45,"(23, 25)",0,-0.08
109,46,"(23, 24)",1,-0.08
109,47,"(24, 24)",1,-0.08
109,48,"(25, 24)",0,-0.08
109,49,"(25, 23)",0,-0.08
109,50,"(25, 22)",0,-0.08
109,51,"(25, 21)",0,-0.08
109,52,"(25, 20)",0,-0.08
109,53,"(25, 19)",1,-0.08
109,54,"(26, 19)",1,-0.08
109,55,"(27, 19)",1,-0.08
109,56,"(28, 19)",1,-0.08
109,57,"(29, 19)",1,-0.08
109,58,"(30, 19)",1,-0.08
109,59,"(31, 19)",0,-0.08
109,60,"(31, 18)",0,-0.08
109,61,"(31, 17)",0,-0.08
109,62,"(31, 16)",0,-0.08
109,63,"(31, 15)",0,-0.08
109,64,"(31, 14)",0,-0.08
109,65,"(31, 13)",1,-0.08
109,66,"(32, 13)",1,-0.08
109,67,"(33, 13)",1,-0.08
109,68,"(34, 13)",1,-0.08
109,69,"(35, 13)",1,-0.08
109,70,"(36, 13)",0,-0.08
109,71,"(36, 12)",1,-0.08
109,72,"(37, 12)",1,-0.08
109,73,"(38, 12)",1,-0.08
109,74,"(39, 12)",0,-0.08
109,75,"(39, 11)",1,-0.08
109,76,"(40, 11)",1,-0.08
109,77,"(41, 11)",1,-0.08
109,78,"(42, 11)",1,-0.08
109,79,"(43, 11)",1,-0.08
109,80,"(44, 11)",1,-0.08
109,81,"(45, 11)",0,-0.08
109,82,"(45, 10)",1,-0.08
109,83,"(46, 10)",1,-0.08
109,84,"(47, 10)",1,-0.08
109,85,"(48, 10)",1,-0.08
109,86,"(49, 10)",1,-0.08
109,87,"(50, 10)",0,-0.08
109,88,"(50, 9)",0,-0.08
109,89,"(50, 8)",0,-0.08
109,90,"(50, 7)",1,-0.08
109,91,"(51, 7)",1,-0.08
109,92,"(52, 7)",1,-0.08
109,93,"(53, 7)",1,-0.08
109,94,"(54, 7)",1,-0.08
109,95,"(55, 7)",1,-0.08
109,96,"(56, 7)",1,-0.08
109,97,"(57, 7)",1,-0.08
109,98,"(58, 7)",1,-0.08
109,99,"(59, 7)",1,-0.08
109,100,"(60, 7)",1,-0.08
109,101,"(61, 7)",1,-0.08
109,102,"(62, 7)",1,-0.08
109,103,"(63, 7)",1,-0.08
109,104,"(64, 7)",1,-0.08
109,105,"(65, 7)",1,-0.08
109,106,"(66, 7)",1,-0.08
109,107,"(67, 7)",1,-0.08
109,108,"(68, 7)",1,-0.08
109,109,"(69, 7)",1,-0.08
109,110,"(70, 7)",0,-0.08
109,111,"(70, 6)",1,-0.08
109,112,"(71, 6)",0,-0.08
109,113,"(71, 5)",1,-0.08
109,114,"(72, 5)",1,-0.08
109,115,"(73, 5)",1,-0.08
109,116,"(74, 5)",1,-0.08
109,117,"(75, 5)",1,-0.08
109,118,"(76, 5)",1,-0.08
109,119,"(77, 5)",0,-0.08
109,120,"(77, 4)",0,-0.08
109,121,"(77, 3)",0,-0.08
109,122,"(77, 2)",0,-0.08
109,123,"(77, 1)",0,-0.08
109,124,"(77, 0)",1,-0.08
109,125,"(78, 0)",1,8.33
110,0,"(0, 39)",1,-0.08
110,1,"(1, 39)",1,-0.08
110,2,"(2, 39)",1,-0.08
110,3,"(3, 39)",0,-0.08
110,4,"(3, 38)",0,-0.08
110,5,"(3, 37)",1,-8.33
110,6,"(3, 37)",0,-0.08
110,7,"(3, 36)",0,-0.08
110,8,"(3, 35)",3,-0.08
110,9,"(2, 35)",0,-0.08
110,10,"(2, 34)",0,-0.08
110,11,"(2, 33)",0,-0.08
110,12,"(2, 32)",0,-0.08
110,13,"(2, 31)",1,-0.08
110,14,"(3, 31)",0,-8.33
110,15,"(3, 31)",0,-8.33
110,16,"(3, 31)",2,-0.08
110,17,"(3, 32)",2,-0.08
110,18,"(3, 33)",1,-0.08
110,19,"(4, 33)",1,-0.08
110,20,"(5, 33)",1,-0.08
110,21,"(6, 33)",1,-0.08
110,22,"(7, 33)",0,-0.08
110,23,"(7, 32)",0,-0.08
110,24,"(7, 31)",1,-0.08
110,25,"(8, 31)",0,-0.08
110,26,"(8, 30)",1,-0.08
110,27,"(9, 30)",0,-0.08
110,28,"(9, 29)",1,-0.08
110,29,"(10, 29)",0,-0.08
110,30,"(10, 28)",0,-0.08
110,31,"(10, 27)",1,-0.08
110,32,"(11, 27)",1,-0.08
110,33,"(12, 27)",1,-0.08
110,34,"(13, 27)",1,-0.08
110,35,"(14, 27)",1,-0.08
110,36,"(15, 27)",0,-0.08
110,37,"(15, 26)",1,-0.08
110,38,"(16, 26)",0,-0.08
110,39,"(16, 25)",1,-0.08
110,40,"(17, 25)",0,-0.08
110,41,"(17, 24)",0,-0.08
110,42,"(17, 23)",0,-0.08
110,43,"(17, 22)",1,-0.08
110,44,"(18, 22)",1,-0.08
110,45,"(19, 22)",1,-0.08
110,46,"(20, 22)",1,-0.08
110,47,"(21, 22)",0,-0.08
110,48,"(21, 21)",0,-0.08
110,49,"(21, 20)",0,-0.08
110,50,"(21, 19)",1,-0.08
110,51,"(22, 19)",1,-0.08
110,52,"(23, 19)",0,-0.08
110,53,"(23, 18)",0,-0.08
110,54,"(23, 17)",0,-0.08
110,55,"(23, 16)",0,-0.08
110,56,"(23, 15)",1,-0.08
110,57,"(24, 15)",1,-0.08
110,58,"(25, 15)",1,-0.08
110,59,"(26, 15)",1,-0.08
110,60,"(27, 15)",0,-0.08
110,61,"(27, 14)",0,-0.08
110,62,"(27, 13)",1,-0.08
110,63,"(28, 13)",1,-0.08
110,64,"(29, 13)",1,-0.08
110,65,"(30, 13)",1,-0.08
110,66,"(31, 13)",1,-0.08
110,67,"(32, 13)",1,-0.08
110,68,"(33, 13)",1,-0.08
110,69,"(34, 13)",1,-0.08
110,70,"(35, 13)",1,-0.08
110,71,"(36, 13)",1,-0.08
110,72,"(37, 13)",1,-0.08
110,73,"(38, 13)",0,-0.08
110,74,"(38, 12)",1,-0.08
110,75,"(39, 12)",0,-0.08
110,76,"(39, 11)",1,-0.08
110,77,"(40, 11)",1,-0.08
110,78,"(41, 11)",1,-0.08
110,79,"(42, 11)",1,-0.08
110,80,"(43, 11)",1,-0.08
110,81,"(44, 11)",1,-0.08
110,82,"(45, 11)",0,-0.08
110,83,"(45, 10)",1,-0.08
110,84,"(46, 10)",0,-0.08
110,85,"(46, 9)",0,-0.08
110,86,"(46, 8)",0,-0.08
110,87,"(46, 7)",1,-0.08
110,88,"(47, 7)",1,-0.08
110,89,"(48, 7)",1,-0.08
110,90,"(49, 7)",1,-0.08
110,91,"(50, 7)",1,-0.08
110,92,"(51, 7)",1,-0.08
110,93,"(52, 7)",1,-0.08
110,94,"(53, 7)",1,-0.08
110,95,"(54, 7)",1,-0.08
110,96,"(55, 7)",1,-0.08
110,97,"(56, 7)",1,-0.08
110,98,"(57, 7)",1,-0.08
110,99,"(58, 7)",1,-0.08
110,100,"(59, 7)",1,-0.08
110,101,"(60, 7)",1,-0.08
110,102,"(61, 7)",1,-0.08
110,103,"(62, 7)",1,-0.08
110,104,"(63, 7)",1,-0.08
110,105,"(64, 7)",1,-0.08
110,106,"(65, 7)",1,-0.08
110,107,"(66, 7)",1,-0.08
110,108,"(67, 7)",1,-0.08
110,109,"(68, 7)",1,-0.08
110,110,"(69, 7)",1,-0.08
110,111,"(70, 7)",1,-0.08
110,112,"(71, 7)",0,-0.08
110,113,"(71, 6)",0,-0.08
110,114,"(71, 5)",1,-0.08
110,115,"(72, 5)",1,-0.08
110,116,"(73, 5)",1,-0.08
110,117,"(74, 5)",1,-0.08
110,118,"(75, 5)",0,-0.08
110,119,"(75, 4)",0,-0.08
110,120,"(75, 3)",1,-0.08
110,121,"(76, 3)",0,-0.08
110,122,"(76, 2)",1,-0.08
110,123,"(77, 2)",0,-0.08
110,124,"(77, 1)",1,-0.08
110,125,"(78, 1)",1,-0.08
110,126,"(79, 1)",0,8.33
111,0,"(0, 39)",0,-0.08
111,1,"(0, 38)",1,-0.08
111,2,"(1, 38)",0,-0.08
111,3,"(1, 37)",0,-8.33
111,4,"(1, 37)",3,-0.08
111,5,"(0, 37)",0,-0.08
111,6,"(0, 36)",0,-0.08
111,7,"(0, 35)",1,-0.08
111,8,"(1, 35)",0,-0.08
111,9,"(1, 34)",0,-0.08
111,10,"(1, 33)",0,-0.08
111,11,"(1, 32)",0,-0.08
111,12,"(1, 31)",1,-0.08
111,13,"(2, 31)",1,-0.08
111,14,"(3, 31)",0,-8.33
111,15,"(3, 31)",3,-0.08
111,16,"(2, 31)",3,-0.08
111,17,"(1, 31)",0,-0.08
111,18,"(1, 30)",0,-0.08
111,19,"(1, 29)",1,-0.08
111,20,"(2, 29)",1,-0.08
111,21,"(3, 29)",1,-0.08
111,22,"(4, 29)",1,-0.08
111,23,"(5, 29)",1,-0.08
111,24,"(6, 29)",1,-0.08
111,25,"(7, 29)",0,-0.08
111,26,"(7, 28)",1,-0.08
111,27,"(8, 28)",0,-0.08
111,28,"(8, 27)",1,-0.08
111,29,"(9, 27)",1,-0.08
111,30,"(10, 27)",1,-0.08
111,31,"(11, 27)",1,-0.08
111,32,"(12, 27)",1,-0.08
111,33,"(13, 27)",0,-0.08
111,34,"(13, 26)",0,-0.08
111,35,"(13, 25)",1,-0.08
111,36,"(14, 25)",0,-0.08
111,37,"(14, 24)",0,-0.08
111,38,"(14, 23)",1,-0.08
111,39,"(15, 23)",1,-0.08
111,40,"(16, 23)",0,-0.08
111,41,"(16, 22)",1,-0.08
111,42,"(17, 22)",1,-0.08
111,43,"(18, 22)",1,-0.08
111,44,"(19, 22)",0,-0.08
111,45,"(19, 21)",0,-0.08
111,46,"(19, 20)",0,-0.08
111,47,"(19, 19)",1,-0.08
111,48,"(20, 19)",1,-0.08
111,49,"(21, 19)",1,-0.08
111,50,"(22, 19)",1,-0.08
111,51,"(23, 19)",0,-0.08
111,52,"(23, 18)",0,-0.08
111,53,"(23, 17)",0,-0.08
111,54,"(23, 16)",0,-0.08
111,55,"(23, 15)",1,-0.08
111,56,"(24, 15)",1,-0.08
111,57,"(25, 15)",1,-0.08
111,58,"(26, 15)",1,-0.08
111,59,"(27, 15)",0,-0.08
111,60,"(27, 14)",0,-0.08
111,61,"(27, 13)",1,-0.08
111,62,"(28, 13)",1,-0.08
111,63,"(29, 13)",1,-0.08
111,64,"(30, 13)",1,-0.08
111,65,"(31, 13)",1,-0.08
111,66,"(32, 13)",1,-0.08
111,67,"(33, 13)",1,-0.08
111,68,"(34, 13)",1,-0.08
111,69,"(35, 13)",1,-0.08
111,70,"(36, 13)",1,-0.08
111,71,"(37, 13)",1,-0.08
111,72,"(38, 13)",1,-0.08
111,73,"(39, 13)",0,-0.08
111,74,"(39, 12)",0,-0.08
111,75,"(39, 11)",1,-0.08
111,76,"(40, 11)",1,-0.08
111,77,"(41, 11)",1,-0.08
111,78,"(42, 11)",1,-0.08
111,79,"(43, 11)",1,-0.08
111,80,"(44, 11)",1,-0.08
111,81,"(45, 11)",0,-0.08
111,82,"(45, 10)",0,-0.08
111,83,"(45, 9)",0,-0.08
111,84,"(45, 8)",0,-0.08
111,85,"(45, 7)",1,-0.08
111,86,"(46, 7)",1,-0.08
111,87,"(47, 7)",1,-0.08
111,88,"(48, 7)",1,-0.08
111,89,"(49, 7)",1,-0.08
111,90,"(50, 7)",1,-0.08
111,91,"(51, 7)",1,-0.08
111,92,"(52, 7)",1,-0.08
111,93,"(53, 7)",1,-0.08
111,94,"(54, 7)",1,-0.08
111,95,"(55, 7)",1,-0.08
111,96,"(56, 7)",1,-0.08
111,97,"(57, 7)",1,-0.08
111,98,"(58, 7)",1,-0.08
111,99,"(59, 7)",1,-0.08
111,100,"(60, 7)",1,-0.08
111,101,"(61, 7)",1,-0.08
111,102,"(62, 7)",1,-0.08
111,103,"(63, 7)",1,-0.08
111,104,"(64, 7)",1,-0.08
111,105,"(65, 7)",1,-0.08
111,106,"(66, 7)",1,-0.08
111,107,"(67, 7)",1,-0.08
111,108,"(68, 7)",1,-0.08
111,109,"(69, 7)",0,-0.08
111,110,"(69, 6)",1,-0.08
111,111,"(70, 6)",1,-0.08
111,112,"(71, 6)",0,-0.08
111,113,"(71, 5)",1,-0.08
111,114,"(72, 5)",1,-0.08
111,115,"(73, 5)",1,-0.08
111,116,"(74, 5)",1,-0.08
111,117,"(75, 5)",0,-0.08
111,118,"(75, 4)",0,-0.08
111,119,"(75, 3)",1,-0.08
111,120,"(76, 3)",0,-0.08
111,121,"(76, 2)",1,-0.08
111,122,"(77, 2)",0,-0.08
111,123,"(77, 1)",1,-0.08
111,124,"(78, 1)",0,-0.08
111,125,"(78, 0)",1,8.33
112,0,"(0, 39)",0,-0.08
112,1,"(0, 38)",0,-0.08
112,2,"(0, 37)",1,-0.08
112,3,"(1, 37)",1,-8.33
112,4,"(1, 37)",0,-8.33
112,5,"(1, 37)",3,-0.08
112,6,"(0, 37)",0,-0.08
112,7,"(0, 36)",0,-0.08
112,8,"(0, 35)",0,-0.08
112,9,"(0, 34)",1,-0.08
112,10,"(1, 34)",1,-0.08
112,11,"(2, 34)",0,-0.08
112,12,"(2, 33)",0,-0.08
112,13,"(2, 32)",1,-0.08
112,14,"(3, 32)",0,-0.08
112,15,"(3, 31)",0,-8.33
112,16,"(3, 31)",0,-8.33
112,17,"(3, 31)",3,-0.08
112,18,"(2, 31)",3,-0.08
112,19,"(1, 31)",0,-0.08
112,20,"(1, 30)",0,-0.08
112,21,"(1, 29)",0,-0.08
112,22,"(1, 28)",0,-0.08
112,23,"(1, 27)",0,-0.08
112,24,"(1, 26)",0,-0.08
112,25,"(1, 25)",1,-0.08
112,26,"(2, 25)",1,-0.08
112,27,"(3, 25)",1,-0.08
112,28,"(4, 25)",1,-0.08
112,29,"(5, 25)",1,-0.08
112,30,"(6, 25)",1,-0.08
112,31,"(7, 25)",1,-0.08
112,32,"(8, 25)",1,-0.08
112,33,"(9, 25)",1,-0.08
112,34,"(10, 25)",1,-0.08
112,35,"(11, 25)",0,-0.08
112,36,"(11, 24)",1,-0.08
112,37,"(12, 24)",1,-0.08
112,38,"(13, 24)",1,-0.08
112,39,"(14, 24)",0,-0.08
112,40,"(14, 23)",1,-0.08
112,41,"(15, 23)",1,-0.08
112,42,"(16, 23)",0,-0.08
112,43,"(16, 22)",1,-0.08
112,44,"(17, 22)",1,-0.08
112,45,"(18, 22)",1,-0.08
112,46,"(19, 22)",1,-0.08
112,47,"(20, 22)",0,-0.08
112,48,"(20, 21)",1,-0.08
112,49,"(21, 21)",1,-0.08
112,50,"(22, 21)",0,-0.08
112,51,"(22, 20)",0,-0.08
112,52,"(22, 19)",1,-0.08
112,53,"(23, 19)",0,-0.08
112,54,"(23, 18)",0,-0.08
112,55,"(23, 17)",0,-0.08
112,56,"(23, 16)",0,-0.08
112,57,"(23, 15)",1,-0.08
112,58,"(24, 15)",1,-0.08
112,59,"(25, 15)",1,-0.08
112,60,"(26, 15)",1,-0.08
112,61,"(27, 15)",0,-0.08
112,62,"(27, 14)",0,-0.08
112,63,"(27, 13)",1,-0.08
112,64,"(28, 13)",1,-0.08
112,65,"(29, 13)",1,-0.08
112,66,"(30, 13)",1,-0.08
112,67,"(31, 13)",1,-0.08
112,68,"(32, 13)",1,-0.08
112,69,"(33, 13)",1,-0.08
112,70,"(34, 13)",1,-0.08
112,71,"(35, 13)",1,-0.08
112,72,"(36, 13)",0,-0.08
112,73,"(36, 12)",1,-0.08
112,74,"(37, 12)",1,-0.08
112,75,"(38, 12)",1,-0.08
112,76,"(39, 12)",0,-0.08
112,77,"(39, 11)",1,-0.08
112,78,"(40, 11)",1,-0.08
112,79,"(41, 11)",1,-0.08
112,80,"(42, 11)",1,-0.08
112,81,"(43, 11)",1,-0.08
112,82,"(44, 11)",1,-0.08
112,83,"(45, 11)",0,-0.08
112,84,"(45, 10)",0,-0.08
112,85,"(45, 9)",0,-0.08
112,86,"(45, 8)",0,-0.08
112,87,"(45, 7)",1,-0.08
112,88,"(46, 7)",1,-0.08
112,89,"(47, 7)",1,-0.08
112,90,"(48, 7)",1,-0.08
112,91,"(49, 7)",1,-0.08
112,92,"(50, 7)",1,-0.08
112,93,"(51, 7)",1,-0.08
112,94,"(52, 7)",1,-0.08
112,95,"(53, 7)",1,-0.08
112,96,"(54, 7)",1,-0.08
112,97,"(55, 7)",1,-0.08
112,98,"(56, 7)",1,-0.08
112,99,"(57, 7)",1,-0.08
112,100,"(58, 7)",1,-0.08
112,101,"(59, 7)",1,-0.08
112,102,"(60, 7)",1,-0.08
112,103,"(61, 7)",1,-0.08
112,104,"(62, 7)",1,-0.08
112,105,"(63, 7)",1,-0.08
112,106,"(64, 7)",1,-0.08
112,107,"(65, 7)",1,-0.08
112,108,"(66, 7)",1,-0.08
112,109,"(67, 7)",1,-0.08
112,110,"(68, 7)",1,-0.08
112,111,"(69, 7)",0,-0.08
112,112,"(69, 6)",1,-0.08
112,113,"(70, 6)",1,-0.08
112,114,"(71, 6)",1,-0.08
112,115,"(72, 6)",0,-0.08
112,116,"(72, 5)",1,-0.08
112,117,"(73, 5)",1,-0.08
112,118,"(74, 5)",1,-0.08
112,119,"(75, 5)",0,-0.08
112,120,"(75, 4)",0,-0.08
112,121,"(75, 3)",1,-0.08
112,122,"(76, 3)",0,-0.08
112,123,"(76, 2)",0,-0.08
112,124,"(76, 1)",1,-0.08
112,125,"(77, 1)",1,-0.08
112,126,"(78, 1)",1,-0.08
112,127,"(79, 1)",0,8.33
113,0,"(0, 39)",1,-0.08
113,1,"(1, 39)",0,-0.08
113,2,"(1, 38)",1,-8.33
113,3,"(1, 38)",0,-0.08
113,4,"(1, 37)",0,-8.33
113,5,"(1, 37)",3,-0.08
113,6,"(0, 37)",0,-0.08
113,7,"(0, 36)",0,-0.08
113,8,"(0, 35)",1,-0.08
113,9,"(1, 35)",0,-0.08
113,10,"(1, 34)",1,-0.08
113,11,"(2, 34)",0,-0.08
113,12,"(2, 33)",1,-0.08
113,13,"(3, 33)",0,-0.08
113,14,"(3, 32)",0,-0.08
113,15,"(3, 31)",0,-8.33
113,16,"(3, 31)",3,-0.08
113,17,"(2, 31)",3,-0.08
113,18,"(1, 31)",0,-0.08
113,19,"(1, 30)",0,-0.08
113,20,"(1, 29)",0,-0.08
113,21,"(1, 28)",0,-0.08
113,22,"(1, 27)",0,-0.08
113,23,"(1, 26)",1,-0.08
113,24,"(2, 26)",1,-0.08
113,25,"(3, 26)",0,-0.08
113,26,"(3, 25)",1,-0.08
113,27,"(4, 25)",1,-0.08
113,28,"(5, 25)",1,-0.08
113,29,"(6, 25)",1,-0.08
113,30,"(7, 25)",1,-0.08
113,31,"(8, 25)",1,-0.08
113,32,"(9, 25)",1,-0.08
113,33,"(10, 25)",1,-0.08
113,34,"(11, 25)",0,-0.08
113,35,"(11, 24)",1,-0.08
113,36,"(12, 24)",1,-0.08
113,37,"(13, 24)",1,-0.08
113,38,"(14, 24)",0,-0.08
113,39,"(14, 23)",1,-0.08
113,40,"(15, 23)",1,-0.08
113,41,"(16, 23)",0,-0.08
113,42,"(16, 22)",1,-0.08
113,43,"(17, 22)",1,-0.08
113,44,"(18, 22)",1,-0.08
113,45,"(19, 22)",1,-0.08
113,46,"(20, 22)",1,-0.08
113,47,"(21, 22)",0,-0.08
113,48,"(21, 21)",1,-0.08
113,49,"(22, 21)",0,-0.08
113,50,"(22, 20)",1,-0.08
113,51,"(23, 20)",0,-0.08
113,52,"(23, 19)",0,-0.08
113,53,"(23, 18)",0,-0.08
113,54,"(23, 17)",1,-0.08
113,55,"(24, 17)",1,-0.08
113,56,"(25, 17)",1,-0.08
113,57,"(26, 17)",1,-0.08
113,58,"(27, 17)",0,-0.08
113,59,"(27, 16)",1,-0.08
113,60,"(28, 16)",0,-0.08
113,61,"(28, 15)",1,-0.08
113,62,"(29, 15)",1,-0.08
113,63,"(30, 15)",1,-0.08
113,64,"(31, 15)",0,-0.08
113,65,"(31, 14)",0,-0.08
113,66,"(31, 13)",1,-0.08
113,67,"(32, 13)",1,-0.08
113,68,"(33, 13)",1,-0.08
113,69,"(34, 13)",1,-0.08
113,70,"(35, 13)",0,-0.08
113,71,"(35, 12)",1,-0.08
113,72,"(36, 12)",1,-0.08
113,73,"(37, 12)",1,-0.08
113,74,"(38, 12)",1,-0.08
113,75,"(39, 12)",0,-0.08
113,76,"(39, 11)",1,-0.08
113,77,"(40, 11)",1,-0.08
113,78,"(41, 11)",1,-0.08
113,79,"(42, 11)",1,-0.08
113,80,"(43, 11)",1,-0.08
113,81,"(44, 11)",1,-0.08
113,82,"(45, 11)",0,-0.08
113,83,"(45, 10)",1,-0.08
113,84,"(46, 10)",1,-0.08
113,85,"(47, 10)",1,-0.08
113,86,"(48, 10)",1,-0.08
113,87,"(49, 10)",1,-0.08
113,88,"(50, 10)",0,-0.08
113,89,"(50, 9)",1,-0.08
113,90,"(51, 9)",1,-0.08
113,91,"(52, 9)",1,-0.08
113,92,"(53, 9)",1,-0.08
113,93,"(54, 9)",1,-0.08
113,94,"(55, 9)",1,-0.08
113,95,"(56, 9)",1,-0.08
113,96,"(57, 9)",0,-0.08
113,97,"(57, 8)",0,-0.08
113,98,"(57, 7)",1,-0.08
113,99,"(58, 7)",1,-0.08
113,100,"(59, 7)",1,-0.08
113,101,"(60, 7)",1,-0.08
113,102,"(61, 7)",1,-0.08
113,103,"(62, 7)",1,-0.08
113,104,"(63, 7)",1,-0.08
113,105,"(64, 7)",1,-0.08
113,106,"(65, 7)",1,-0.08
113,107,"(66, 7)",1,-0.08
113,108,"(67, 7)",1,-0.08
113,109,"(68, 7)",1,-0.08
113,110,"(69, 7)",1,-0.08
113,111,"(70, 7)",1,-0.08
113,112,"(71, 7)",1,-0.08
113,113,"(72, 7)",0,-0.08
113,114,"(72, 6)",0,-0.08
113,115,"(72, 5)",1,-0.08
113,116,"(73, 5)",1,-0.08
113,117,"(74, 5)",0,-0.08
113,118,"(74, 4)",0,-0.08
113,119,"(74, 3)",1,-0.08
113,120,"(75, 3)",1,-0.08
113,121,"(76, 3)",1,-0.08
113,122,"(77, 3)",0,-0.08
113,123,"(77, 2)",0,-0.08
113,124,"(77, 1)",1,-0.08
113,125,"(78, 1)",0,-0.08
113,126,"(78, 0)",1,8.33
114,0,"(0, 39)",0,-0.08
114,1,"(0, 38)",1,-0.08
114,2,"(1, 38)",1,-8.33
114,3,"(1, 38)",0,-0.08
114,4,"(1, 37)",0,-8.33
114,5,"(1, 37)",3,-0.08
114,6,"(0, 37)",0,-0.08
114,7,"(0, 36)",0,-0.08
114,8,"(0, 35)",1,-0.08
114,9,"(1, 35)",1,-0.08
114,10,"(2, 35)",0,-0.08
114,11,"(2, 34)",0,-0.08
114,12,"(2, 33)",1,-0.08
114,13,"(3, 33)",1,-0.08
114,14,"(4, 33)",1,-0.08
114,15,"(5, 33)",1,-0.08
114,16,"(6, 33)",1,-0.08
114,17,"(7, 33)",0,-0.08
114,18,"(7, 32)",0,-0.08
114,19,"(7, 31)",1,-0.08
114,20,"(8, 31)",1,-0.08
114,21,"(9, 31)",0,-0.08
114,22,"(9, 30)",1,-0.08
114,23,"(10, 30)",0,-0.08
114,24,"(10, 29)",0,-0.08
114,25,"(10, 28)",0,-0.08
114,26,"(10, 27)",1,-0.08
114,27,"(11, 27)",1,-0.08
114,28,"(12, 27)",1,-0.08
114,29,"(13, 27)",0,-0.08
114,30,"(13, 26)",0,-0.08
114,31,"(13, 25)",0,-0.08
114,32,"(13, 24)",1,-0.08
114,33,"(14, 24)",0,-0.08
114,34,"(14, 23)",1,-0.08
114,35,"(15, 23)",1,-0.08
114,36,"(16, 23)",1,-0.08
114,37,"(17, 23)",1,-0.08
114,38,"(18, 23)",1,-0.08
114,39,"(19, 23)",0,-0.08
114,40,"(19, 22)",1,-0.08
114,41,"(20, 22)",1,-0.08
114,42,"(21, 22)",0,-0.08
114,43,"(21, 21)",1,-0.08
114,44,"(22, 21)",0,-0.08
114,45,"(22, 20)",0,-0.08
114,46,"(22, 19)",0,-8.33
114,47,"(22, 19)",1,-0.08
114,48,"(23, 19)",0,-0.08
114,49,"(23, 18)",0,-0.08
114,50,"(23, 17)",0,-0.08
114,51,"(23, 16)",0,-0.08
114,52,"(23, 15)",1,-0.08
114,53,"(24, 15)",1,-0.08
114,54,"(25, 15)",1,-0.08
114,55,"(26, 15)",1,-0.08
114,56,"(27, 15)",0,-0.08
114,57,"(27, 14)",0,-0.08
114,58,"(27, 13)",1,-0.08
114,59,"(28, 13)",1,-0.08
114,60,"(29, 13)",1,-0.08
114,61,"(30, 13)",1,-0.08
114,62,"(31, 13)",1,-0.08
114,63,"(32, 13)",1,-0.08
114,64,"(33, 13)",1,-0.08
114,65,"(34, 13)",1,-0.08
114,66,"(35, 13)",1,-0.08
114,67,"(36, 13)",0,-0.08
114,68,"(36, 12)",1,-0.08
114,69,"(37, 12)",1,-0.08
114,70,"(38, 12)",1,-0.08
114,71,"(39, 12)",0,-0.08
114,72,"(39, 11)",1,-0.08
114,73,"(40, 11)",1,-0.08
114,74,"(41, 11)",1,-0.08
114,75,"(42, 11)",1,-0.08
114,76,"(43, 11)",1,-0.08
114,77,"(44, 11)",1,-0.08
114,78,"(45, 11)",0,-0.08
114,79,"(45, 10)",0,-0.08
114,80,"(45, 9)",1,-0.08
114,81,"(46, 9)",0,-0.08
114,82,"(46, 8)",0,-0.08
114,83,"(46, 7)",1,-0.08
114,84,"(47, 7)",1,-0.08
114,85,"(48, 7)",1,-0.08
114,86,"(49, 7)",1,-0.08
114,87,"(50, 7)",1,-0.08
114,88,"(51, 7)",1,-0.08
114,89,"(52, 7)",1,-0.08
114,90,"(53, 7)",1,-0.08
114,91,"(54, 7)",1,-0.08
114,92,"(55, 7)",1,-0.08
114,93,"(56, 7)",1,-0.08
114,94,"(57, 7)",1,-0.08
114,95,"(58, 7)",1,-0.08
114,96,"(59, 7)",1,-0.08
114,97,"(60, 7)",1,-0.08
114,98,"(61, 7)",1,-0.08
114,99,"(62, 7)",1,-0.08
114,100,"(63, 7)",1,-0.08
114,101,"(64, 7)",1,-0.08
114,102,"(65, 7)",1,-0.08
114,103,"(66, 7)",1,-0.08
114,104,"(67, 7)",1,-0.08
114,105,"(68, 7)",1,-0.08
114,106,"(69, 7)",1,-0.08
114,107,"(70, 7)",0,-0.08
114,108,"(70, 6)",1,-0.08
114,109,"(71, 6)",1,-0.08
114,110,"(72, 6)",0,-0.08
114,111,"(72, 5)",1,-0.08
114,112,"(73, 5)",1,-0.08
114,113,"(74, 5)",1,-0.08
114,114,"(75, 5)",1,-0.08
114,115,"(76, 5)",1,-0.08
114,116,"(77, 5)",0,-0.08
114,117,"(77, 4)",0,-0.08
114,118,"(77, 3)",0,-0.08
114,119,"(77, 2)",0,-0.08
114,120,"(77, 1)",1,-0.08
114,121,"(78, 1)",1,-0.08
114,122,"(79, 1)",0,8.33
115,0,"(0, 39)",0,-0.08
115,1,"(0, 38)",0,-0.08
115,2,"(0, 37)",1,-0.08
115,3,"(1, 37)",1,-8.33
115,4,"(1, 37)",0,-8.33
115,5,"(1, 37)",3,-0.08
115,6,"(0, 37)",0,-0.08
115,7,"(0, 36)",0,-0.08
115,8,"(0, 35)",1,-0.08
115,9,"(1, 35)",0,-0.08
115,10,"(1, 34)",0,-0.08
115,11,"(1, 33)",0,-0.08
115,12,"(1, 32)",1,-0.08
115,13,"(2, 32)",1,-0.08
115,14,"(3, 32)",0,-0.08
115,15,"(3, 31)",0,-8.33
115,16,"(3, 31)",0,-8.33
115,17,"(3, 31)",2,-0.08
115,18,"(3, 32)",2,-0.08
115,19,"(3, 33)",1,-0.08
115,20,"(4, 33)",1,-0.08
115,21,"(5, 33)",0,-0.08
115,22,"(5, 32)",0,-0.08
115,23,"(5, 31)",0,-0.08
115,24,"(5, 30)",0,-0.08
115,25,"(5, 29)",1,-0.08
115,26,"(6, 29)",1,-0.08
115,27,"(7, 29)",0,-0.08
115,28,"(7, 28)",0,-0.08
115,29,"(7, 27)",0,-0.08
115,30,"(7, 26)",0,-0.08
115,31,"(7, 25)",1,-0.08
115,32,"(8, 25)",1,-0.08
115,33,"(9, 25)",1,-0.08
115,34,"(10, 25)",0,-0.08
115,35,"(10, 24)",1,-0.08
115,36,"(11, 24)",1,-0.08
115,37,"(12, 24)",1,-0.08
115,38,"(13, 24)",1,-0.08
115,39,"(14, 24)",0,-0.08
115,40,"(14, 23)",1,-0.08
115,41,"(15, 23)",1,-0.08
115,42,"(16, 23)",0,-0.08
115,43,"(16, 22)",1,-0.08
115,44,"(17, 22)",1,-0.08
115,45,"(18, 22)",1,-0.08
115,46,"(19, 22)",0,-0.08
115,47,"(19, 21)",0,-0.08
115,48,"(19, 20)",1,-0.08
115,49,"(20, 20)",0,-0.08
115,50,"(20, 19)",1,-0.08
115,51,"(21, 19)",1,-0.08
115,52,"(22, 19)",1,-0.08
115,53,"(23, 19)",0,-0.08
115,54,"(23, 18)",0,-0.08
115,55,"(23, 17)",1,-0.08
115,56,"(24, 17)",1,-0.08
115,57,"(25, 17)",1,-0.08
115,58,"(26, 17)",1,-0.08
115,59,"(27, 17)",0,-0.08
115,60,"(27, 16)",0,-0.08
115,61,"(27, 15)",0,-0.08
115,62,"(27, 14)",0,-0.08
115,63,"(27, 13)",1,-0.08
115,64,"(28, 13)",1,-0.08
115,65,"(29, 13)",1,-0.08
115,66,"(30, 13)",1,-0.08
115,67,"(31, 13)",1,-0.08
115,68,"(32, 13)",1,-0.08
115,69,"(33, 13)",1,-0.08
115,70,"(34, 13)",1,-0.08
115,71,"(35, 13)",0,-0.08
115,72,"(35, 12)",1,-0.08
115,73,"(36, 12)",1,-0.08
115,74,"(37, 12)",1,-0.08
115,75,"(38, 12)",1,-0.08
115,76,"(39, 12)",0,-0.08
115,77,"(39, 11)",1,-0.08
115,78,"(40, 11)",1,-0.08
115,79,"(41, 11)",1,-0.08
115,80,"(42, 11)",1,-0.08
115,81,"(43, 11)",1,-0.08
115,82,"(44, 11)",1,-0.08
115,83,"(45, 11)",0,-0.08
115,84,"(45, 10)",1,-0.08
115,85,"(46, 10)",1,-0.08
115,86,"(47, 10)",1,-0.08
115,87,"(48, 10)",1,-0.08
115,88,"(49, 10)",0,-0.08
115,89,"(49, 9)",1,-0.08
115,90,"(50, 9)",0,-0.08
115,91,"(50, 8)",0,-0.08
115,92,"(50, 7)",1,-0.08
115,93,"(51, 7)",1,-0.08
115,94,"(52, 7)",1,-0.08
115,95,"(53, 7)",1,-0.08
115,96,"(54, 7)",1,-0.08
115,97,"(55, 7)",1,-0.08
115,98,"(56, 7)",1,-0.08
115,99,"(57, 7)",1,-0.08
115,100,"(58, 7)",1,-0.08
115,101,"(59, 7)",1,-0.08
115,102,"(60, 7)",1,-0.08
115,103,"(61, 7)",1,-0.08
115,104,"(62, 7)",1,-0.08
115,105,"(63, 7)",1,-0.08
115,106,"(64, 7)",1,-0.08
115,107,"(65, 7)",1,-0.08
115,108,"(66, 7)",1,-0.08
115,109,"(67, 7)",1,-0.08
115,110,"(68, 7)",1,-0.08
115,111,"(69, 7)",0,-0.08
115,112,"(69, 6)",1,-0.08
115,113,"(70, 6)",1,-0.08
115,114,"(71, 6)",1,-0.08
115,115,"(72, 6)",1,-0.08
115,116,"(73, 6)",1,-0.08
115,117,"(74, 6)",0,-0.08
115,118,"(74, 5)",1,-0.08
115,119,"(75, 5)",0,-0.08
115,120,"(75, 4)",0,-0.08
115,121,"(75, 3)",1,-0.08
115,122,"(76, 3)",1,-0.08
115,123,"(77, 3)",0,-0.08
115,124,"(77, 2)",0,-0.08
115,125,"(77, 1)",1,-0.08
115,126,"(78, 1)",1,-0.08
115,127,"(79, 1)",0,8.33
116,0,"(0, 39)",1,-0.08
116,1,"(1, 39)",1,-0.08
116,2,"(2, 39)",0,-8.33
116,3,"(2, 39)",1,-0.08
116,4,"(3, 39)",1,-0.08
116,5,"(4, 39)",1,-0.08
116,6,"(5, 39)",0,-8.33
116,7,"(5, 39)",1,-0.08
116,8,"(6, 39)",1,-0.08
116,9,"(7, 39)",0,-0.08
116,10,"(7, 38)",0,-0.08
116,11,"(7, 37)",0,-0.08
116,12,"(7, 36)",0,-0.08
116,13,"(7, 35)",0,-0.08
116,14,"(7, 34)",0,-0.08
116,15,"(7, 33)",0,-0.08
116,16,"(7, 32)",0,-0.08
116,17,"(7, 31)",1,-0.08
116,18,"(8, 31)",0,-0.08
116,19,"(8, 30)",0,-0.08
116,20,"(8, 29)",0,-0.08
116,21,"(8, 28)",0,-0.08
116,22,"(8, 27)",1,-0.08
116,23,"(9, 27)",1,-0.08
116,24,"(10, 27)",1,-0.08
116,25,"(11, 27)",1,-0.08
116,26,"(12, 27)",1,-0.08
116,27,"(13, 27)",0,-0.08
116,28,"(13, 26)",0,-0.08
116,29,"(13, 25)",1,-0.08
116,30,"(14, 25)",0,-0.08
116,31,"(14, 24)",0,-0.08
116,32,"(14, 23)",1,-0.08
116,33,"(15, 23)",1,-0.08
116,34,"(16, 23)",0,-0.08
116,35,"(16, 22)",1,-0.08
116,36,"(17, 22)",1,-0.08
116,37,"(18, 22)",1,-0.08
116,38,"(19, 22)",1,-0.08
116,39,"(20, 22)",0,-0.08
116,40,"(20, 21)",1,-0.08
116,41,"(21, 21)",0,-0.08
116,42,"(21, 20)",1,-0.08
116,43,"(22, 20)",0,-0.08
116,44,"(22, 19)",1,-0.08
116,45,"(23, 19)",0,-0.08
116,46,"(23, 18)",0,-0.08
116,47,"(23, 17)",0,-0.08
116,48,"(23, 16)",0,-0.08
116,49,"(23, 15)",1,-0.08
116,50,"(24, 15)",1,-0.08
116,51,"(25, 15)",1,-0.08
116,52,"(26, 15)",1,-0.08
116,53,"(27, 15)",0,-0.08
116,54,"(27, 14)",0,-0.08
116,55,"(27, 13)",1,-0.08
116,56,"(28, 13)",1,-0.08
116,57,"(29, 13)",1,-0.08
116,58,"(30, 13)",1,-0.08
116,59,"(31, 13)",1,-0.08
116,60,"(32, 13)",1,-0.08
116,61,"(33, 13)",1,-0.08
116,62,"(34, 13)",1,-0.08
116,63,"(35, 13)",0,-0.08
116,64,"(35, 12)",1,-0.08
116,65,"(36, 12)",1,-0.08
116,66,"(37, 12)",1,-0.08
116,67,"(38, 12)",1,-0.08
116,68,"(39, 12)",0,-0.08
116,69,"(39, 11)",1,-0.08
116,70,"(40, 11)",1,-0.08
116,71,"(41, 11)",1,-0.08
116,72,"(42, 11)",1,-0.08
116,73,"(43, 11)",1,-0.08
116,74,"(44, 11)",1,-0.08
116,75,"(45, 11)",0,-0.08
116,76,"(45, 10)",0,-0.08
116,77,"(45, 9)",1,-0.08
116,78,"(46, 9)",0,-0.08
116,79,"(46, 8)",0,-0.08
116,80,"(46, 7)",1,-0.08
116,81,"(47, 7)",1,-0.08
116,82,"(48, 7)",1,-0.08
116,83,"(49, 7)",1,-0.08
116,84,"(50, 7)",1,-0.08
116,85,"(51, 7)",1,-0.08
116,86,"(52, 7)",1,-0.08
116,87,"(53, 7)",1,-0.08
116,88,"(54, 7)",1,-0.08
116,89,"(55, 7)",1,-0.08
116,90,"(56, 7)",1,-0.08
116,91,"(57, 7)",1,-0.08
116,92,"(58, 7)",1,-0.08
116,93,"(59, 7)",1,-0.08
116,94,"(60, 7)",1,-0.08
116,95,"(61, 7)",1,-0.08
116,96,"(62, 7)",1,-0.08
116,97,"(63, 7)",1,-0.08
116,98,"(64, 7)",1,-0.08
116,99,"(65, 7)",1,-0.08
116,100,"(66, 7)",1,-0.08
116,101,"(67, 7)",1,-0.08
116,102,"(68, 7)",1,-0.08
116,103,"(69, 7)",1,-0.08
116,104,"(70, 7)",1,-0.08
116,105,"(71, 7)",1,-0.08
116,106,"(72, 7)",1,-0.08
116,107,"(73, 7)",1,-0.08
116,108,"(74, 7)",1,-0.08
116,109,"(75, 7)",1,-0.08
116,110,"(76, 7)",1,-0.08
116,111,"(77, 7)",0,-0.08
116,112,"(77, 6)",0,-0.08
116,113,"(77, 5)",0,-0.08
116,114,"(77, 4)",0,-0.08
116,115,"(77, 3)",0,-0.08
116,116,"(77, 2)",0,-0.08
116,117,"(77, 1)",0,-0.08
116,118,"(77, 0)",1,-0.08
116,119,"(78, 0)",1,8.33
117,0,"(0, 39)",0,-0.08
117,1,"(0, 38)",0,-0.08
117,2,"(0, 37)",1,-0.08
117,3,"(1, 37)",1,-8.33
117,4,"(1, 37)",0,-8.33
117,5,"(1, 37)",3,-0.08
117,6,"(0, 37)",0,-0.08
117,7,"(0, 36)",0,-0.08
117,8,"(0, 35)",1,-0.08
117,9,"(1, 35)",1,-0.08
117,10,"(2, 35)",0,-0.08
117,11,"(2, 34)",0,-0.08
117,12,"(2, 33)",0,-0.08
117,13,"(2, 32)",0,-0.08
117,14,"(2, 31)",1,-0.08
117,15,"(3, 31)",0,-8.33
117,16,"(3, 31)",0,-8.33
117,17,"(3, 31)",3,-0.08
117,18,"(2, 31)",3,-0.08
117,19,"(1, 31)",0,-0.08
117,20,"(1, 30)",0,-0.08
117,21,"(1, 29)",0,-0.08
117,22,"(1, 28)",0,-0.08
117,23,"(1, 27)",0,-0.08
117,24,"(1, 26)",1,-0.08
117,25,"(2, 26)",1,-0.08
117,26,"(3, 26)",0,-0.08
117,27,"(3, 25)",1,-0.08
117,28,"(4, 25)",1,-0.08
117,29,"(5, 25)",1,-0.08
117,30,"(6, 25)",1,-0.08
117,31,"(7, 25)",1,-0.08
117,32,"(8, 25)",1,-0.08
117,33,"(9, 25)",1,-0.08
117,34,"(10, 25)",1,-0.08
117,35,"(11, 25)",0,-0.08
117,36,"(11, 24)",1,-0.08
117,37,"(12, 24)",1,-0.08
117,38,"(13, 24)",1,-0.08
117,39,"(14, 24)",0,-0.08
117,40,"(14, 23)",1,-0.08
117,41,"(15, 23)",1,-0.08
117,42,"(16, 23)",0,-0.08
117,43,"(16, 22)",1,-0.08
117,44,"(17, 22)",1,-0.08
117,45,"(18, 22)",1,-0.08
117,46,"(19, 22)",1,-0.08
117,47,"(20, 22)",1,-0.08
117,48,"(21, 22)",0,-0.08
117,49,"(21, 21)",1,-0.08
117,50,"(22, 21)",1,-0.08
117,51,"(23, 21)",1,-0.08
117,52,"(24, 21)",0,-0.08
117,53,"(24, 20)",1,-0.08
117,54,"(25, 20)",0,-0.08
117,55,"(25, 19)",0,-0.08
117,56,"(25, 18)",1,-0.08
117,57,"(26, 18)",1,-0.08
117,58,"(27, 18)",0,-0.08
117,59,"(27, 17)",0,-0.08
117,60,"(27, 16)",0,-0.08
117,61,"(27, 15)",1,-0.08
117,62,"(28, 15)",1,-0.08
117,63,"(29, 15)",0,-0.08
117,64,"(29, 14)",0,-0.08
117,65,"(29, 13)",1,-0.08
117,66,"(30, 13)",1,-0.08
117,67,"(31, 13)",1,-0.08
117,68,"(32, 13)",1,-0.08
117,69,"(33, 13)",1,-0.08
117,70,"(34, 13)",1,-0.08
117,71,"(35, 13)",0,-0.08
117,72,"(35, 12)",1,-0.08
117,73,"(36, 12)",1,-0.08
117,74,"(37, 12)",1,-0.08
117,75,"(38, 12)",1,-0.08
117,76,"(39, 12)",0,-0.08
117,77,"(39, 11)",1,-0.08
117,78,"(40, 11)",1,-0.08
117,79,"(41, 11)",1,-0.08
117,80,"(42, 11)",1,-0.08
117,81,"(43, 11)",1,-0.08
117,82,"(44, 11)",1,-0.08
117,83,"(45, 11)",0,-0.08
117,84,"(45, 10)",0,-0.08
117,85,"(45, 9)",0,-0.08
117,86,"(45, 8)",0,-0.08
117,87,"(45, 7)",1,-0.08
117,88,"(46, 7)",1,-0.08
117,89,"(47, 7)",1,-0.08
117,90,"(48, 7)",1,-0.08
117,91,"(49, 7)",1,-0.08
117,92,"(50, 7)",1,-0.08
117,93,"(51, 7)",1,-0.08
117,94,"(52, 7)",1,-0.08
117,95,"(53, 7)",1,-0.08
117,96,"(54, 7)",1,-0.08
117,97,"(55, 7)",1,-0.08
117,98,"(56, 7)",1,-0.08
117,99,"(57, 7)",1,-0.08
117,100,"(58, 7)",1,-0.08
117,101,"(59, 7)",1,-0.08
117,102,"(60, 7)",1,-0.08
117,103,"(61, 7)",1,-0.08
117,104,"(62, 7)",1,-0.08
117,105,"(63, 7)",1,-0.08
117,106,"(64, 7)",1,-0.08
117,107,"(65, 7)",1,-0.08
117,108,"(66, 7)",1,-0.08
117,109,"(67, 7)",1,-0.08
117,110,"(68, 7)",1,-0.08
117,111,"(69, 7)",1,-0.08
117,112,"(70, 7)",0,-0.08
117,113,"(70, 6)",1,-0.08
117,114,"(71, 6)",0,-0.08
117,115,"(71, 5)",1,-0.08
117,116,"(72, 5)",1,-0.08
117,117,"(73, 5)",1,-0.08
117,118,"(74, 5)",1,-0.08
117,119,"(75, 5)",1,-0.08
117,120,"(76, 5)",1,-0.08
117,121,"(77, 5)",0,-0.08
117,122,"(77, 4)",0,-0.08
117,123,"(77, 3)",0,-0.08
117,124,"(77, 2)",0,-0.08
117,125,"(77, 1)",1,-0.08
117,126,"(78, 1)",1,-0.08
117,127,"(79, 1)",0,8.33
118,0,"(0, 39)",1,-0.08
118,1,"(1, 39)",0,-0.08
118,2,"(1, 38)",0,-0.08
118,3,"(1, 37)",1,-8.33
118,4,"(1, 37)",0,-8.33
118,5,"(1, 37)",3,-0.08
118,6,"(0, 37)",0,-0.08
118,7,"(0, 36)",0,-0.08
118,8,"(0, 35)",1,-0.08
118,9,"(1, 35)",0,-0.08
118,10,"(1, 34)",1,-0.08
118,11,"(2, 34)",0,-0.08
118,12,"(2, 33)",1,-0.08
118,13,"(3, 33)",0,-0.08
118,14,"(3, 32)",0,-0.08
118,15,"(3, 31)",0,-8.33
118,16,"(3, 31)",3,-0.08
118,17,"(2, 31)",3,-0.08
118,18,"(1, 31)",0,-0.08
118,19,"(1, 30)",0,-0.08
118,20,"(1, 29)",0,-0.08
118,21,"(1, 28)",0,-0.08
118,22,"(1, 27)",0,-0.08
118,23,"(1, 26)",0,-0.08
118,24,"(1, 25)",1,-0.08
118,25,"(2, 25)",1,-0.08
118,26,"(3, 25)",1,-0.08
118,27,"(4, 25)",1,-0.08
118,28,"(5, 25)",1,-0.08
118,29,"(6, 25)",1,-0.08
118,30,"(7, 25)",1,-0.08
118,31,"(8, 25)",1,-0.08
118,32,"(9, 25)",0,-0.08
118,33,"(9, 24)",1,-0.08
118,34,"(10, 24)",1,-0.08
118,35,"(11, 24)",1,-0.08
118,36,"(12, 24)",1,-0.08
118,37,"(13, 24)",0,-0.08
118,38,"(13, 23)",1,-0.08
118,39,"(14, 23)",1,-0.08
118,40,"(15, 23)",1,-0.08
118,41,"(16, 23)",1,-0.08
118,42,"(17, 23)",0,-0.08
118,43,"(17, 22)",1,-0.08
118,44,"(18, 22)",1,-0.08
118,45,"(19, 22)",0,-0.08
118,46,"(19, 21)",0,-0.08
118,47,"(19, 20)",0,-0.08
118,48,"(19, 19)",1,-0.08
118,49,"(20, 19)",1,-0.08
118,50,"(21, 19)",1,-0.08
118,51,"(22, 19)",1,-0.08
118,52,"(23, 19)",0,-0.08
118,53,"(23, 18)",0,-0.08
118,54,"(23, 17)",1,-0.08
118,55,"(24, 17)",1,-0.08
118,56,"(25, 17)",1,-0.08
118,57,"(26, 17)",1,-0.08
118,58,"(27, 17)",1,-0.08
118,59,"(28, 17)",1,-0.08
118,60,"(29, 17)",0,-0.08
118,61,"(29, 16)",0,-0.08
118,62,"(29, 15)",1,-0.08
118,63,"(30, 15)",1,-0.08
118,64,"(31, 15)",0,-0.08
118,65,"(31, 14)",0,-0.08
118,66,"(31, 13)",1,-0.08
118,67,"(32, 13)",1,-0.08
118,68,"(33, 13)",1,-0.08
118,69,"(34, 13)",1,-0.08
118,70,"(35, 13)",1,-0.08
118,71,"(36, 13)",0,-0.08
118,72,"(36, 12)",1,-0.08
118,73,"(37, 12)",1,-0.08
118,74,"(38, 12)",1,-0.08
118,75,"(39, 12)",0,-0.08
118,76,"(39, 11)",1,-0.08
118,77,"(40, 11)",1,-0.08
118,78,"(41, 11)",1,-0.08
118,79,"(42, 11)",1,-0.08
118,80,"(43, 11)",1,-0.08
118,81,"(44, 11)",1,-0.08
118,82,"(45, 11)",0,-0.08
118,83,"(45, 10)",1,-0.08
118,84,"(46, 10)",0,-0.08
118,85,"(46, 9)",0,-0.08
118,86,"(46, 8)",0,-0.08
118,87,"(46, 7)",1,-0.08
118,88,"(47, 7)",1,-0.08
118,89,"(48, 7)",1,-0.08
118,90,"(49, 7)",1,-0.08
118,91,"(50, 7)",1,-0.08
118,92,"(51, 7)",1,-0.08
118,93,"(52, 7)",1,-0.08
118,94,"(53, 7)",1,-0.08
118,95,"(54, 7)",1,-0.08
118,96,"(55, 7)",1,-0.08
118,97,"(56, 7)",1,-0.08
118,98,"(57, 7)",1,-0.08
118,99,"(58, 7)",1,-0.08
118,100,"(59, 7)",1,-0.08
118,101,"(60, 7)",1,-0.08
118,102,"(61, 7)",1,-0.08
118,103,"(62, 7)",1,-0.08
118,104,"(63, 7)",1,-0.08
118,105,"(64, 7)",1,-0.08
118,106,"(65, 7)",1,-0.08
118,107,"(66, 7)",1,-0.08
118,108,"(67, 7)",1,-0.08
118,109,"(68, 7)",1,-0.08
118,110,"(69, 7)",0,-0.08
118,111,"(69, 6)",1,-0.08
118,112,"(70, 6)",1,-0.08
118,113,"(71, 6)",1,-0.08
118,114,"(72, 6)",0,-0.08
118,115,"(72, 5)",1,-0.08
118,116,"(73, 5)",1,-0.08
118,117,"(74, 5)",0,-0.08
118,118,"(74, 4)",0,-0.08
118,119,"(74, 3)",1,-0.08
118,120,"(75, 3)",1,-0.08
118,121,"(76, 3)",0,-0.08
118,122,"(76, 2)",0,-0.08
118,123,"(76, 1)",1,-0.08
118,124,"(77, 1)",1,-0.08
118,125,"(78, 1)",1,-0.08
118,126,"(79, 1)",0,8.33
119,0,"(0, 39)",0,-0.08
119,1,"(0, 38)",0,-0.08
119,2,"(0, 37)",1,-0.08
119,3,"(1, 37)",1,-8.33
119,4,"(1, 37)",0,-8.33
119,5,"(1, 37)",3,-0.08
119,6,"(0, 37)",0,-0.08
119,7,"(0, 36)",0,-0.08
119,8,"(0, 35)",0,-0.08
119,9,"(0, 34)",1,-0.08
119,10,"(1, 34)",0,-0.08
119,11,"(1, 33)",0,-0.08
119,12,"(1, 32)",1,-0.08
119,13,"(2, 32)",0,-0.08
119,14,"(2, 31)",1,-0.08
119,15,"(3, 31)",0,-8.33
119,16,"(3, 31)",0,-8.33
119,17,"(3, 31)",3,-0.08
119,18,"(2, 31)",3,-0.08
119,19,"(1, 31)",0,-0.08
119,20,"(1, 30)",0,-0.08
119,21,"(1, 29)",0,-0.08
119,22,"(1, 28)",0,-0.08
119,23,"(1, 27)",0,-0.08
119,24,"(1, 26)",0,-0.08
119,25,"(1, 25)",1,-0.08
119,26,"(2, 25)",1,-0.08
119,27,"(3, 25)",1,-0.08
119,28,"(4, 25)",1,-0.08
119,29,"(5, 25)",1,-0.08
119,30,"(6, 25)",1,-0.08
119,31,"(7, 25)",1,-0.08
119,32,"(8, 25)",1,-0.08
119,33,"(9, 25)",1,-0.08
119,34,"(10, 25)",0,-0.08
119,35,"(10, 24)",1,-0.08
119,36,"(11, 24)",1,-0.08
119,37,"(12, 24)",1,-0.08
119,38,"(13, 24)",0,-0.08
119,39,"(13, 23)",1,-0.08
119,40,"(14, 23)",1,-0.08
119,41,"(15, 23)",1,-0.08
119,42,"(16, 23)",1,-0.08
119,43,"(17, 23)",0,-0.08
119,44,"(17, 22)",1,-0.08
119,45,"(18, 22)",1,-0.08
119,46,"(19, 22)",0,-0.08
119,47,"(19, 21)",0,-0.08
119,48,"(19, 20)",1,-0.08
119,49,"(20, 20)",1,-0.08
119,50,"(21, 20)",0,-0.08
119,51,"(21, 19)",1,-0.08
119,52,"(22, 19)",1,-0.08
119,53,"(23, 19)",0,-0.08
119,54,"(23, 18)",0,-0.08
119,55,"(23, 17)",0,-0.08
119,56,"(23, 16)",0,-0.08
119,57,"(23, 15)",1,-0.08
119,58,"(24, 15)",1,-0.08
119,59,"(25, 15)",1,-0.08
119,60,"(26, 15)",1,-0.08
119,61,"(27, 15)",0,-0.08
119,62,"(27, 14)",0,-0.08
119,63,"(27, 13)",1,-0.08
119,64,"(28, 13)",1,-0.08
119,65,"(29, 13)",1,-0.08
119,66,"(30, 13)",1,-0.08
119,67,"(31, 13)",1,-0.08
119,68,"(32, 13)",1,-0.08
119,69,"(33, 13)",1,-0.08
119,70,"(34, 13)",1,-0.08
119,71,"(35, 13)",0,-0.08
119,72,"(35, 12)",1,-0.08
119,73,"(36, 12)",1,-0.08
119,74,"(37, 12)",1,-0.08
119,75,"(38, 12)",1,-0.08
119,76,"(39, 12)",0,-0.08
119,77,"(39, 11)",1,-0.08
119,78,"(40, 11)",1,-0.08
119,79,"(41, 11)",1,-0.08
119,80,"(42, 11)",1,-0.08
119,81,"(43, 11)",1,-0.08
119,82,"(44, 11)",1,-0.08
119,83,"(45, 11)",0,-0.08
119,84,"(45, 10)",0,-0.08
119,85,"(45, 9)",1,-0.08
119,86,"(46, 9)",0,-0.08
119,87,"(46, 8)",0,-0.08
119,88,"(46, 7)",1,-0.08
119,89,"(47, 7)",1,-0.08
119,90,"(48, 7)",1,-0.08
119,91,"(49, 7)",1,-0.08
119,92,"(50, 7)",1,-0.08
119,93,"(51, 7)",1,-0.08
119,94,"(52, 7)",1,-0.08
119,95,"(53, 7)",1,-0.08
119,96,"(54, 7)",1,-0.08
119,97,"(55, 7)",1,-0.08
119,98,"(56, 7)",1,-0.08
119,99,"(57, 7)",1,-0.08
119,100,"(58, 7)",1,-0.08
119,101,"(59, 7)",1,-0.08
119,102,"(60, 7)",1,-0.08
119,103,"(61, 7)",1,-0.08
119,104,"(62, 7)",1,-0.08
119,105,"(63, 7)",1,-0.08
119,106,"(64, 7)",1,-0.08
119,107,"(65, 7)",1,-0.08
119,108,"(66, 7)",1,-0.08
119,109,"(67, 7)",1,-0.08
119,110,"(68, 7)",1,-0.08
119,111,"(69, 7)",1,-0.08
119,112,"(70, 7)",0,-0.08
119,113,"(70, 6)",1,-0.08
119,114,"(71, 6)",0,-0.08
119,115,"(71, 5)",1,-0.08
119,116,"(72, 5)",1,-0.08
119,117,"(73, 5)",1,-0.08
119,118,"(74, 5)",0,-0.08
119,119,"(74, 4)",1,-0.08
119,120,"(75, 4)",0,-0.08
119,121,"(75, 3)",1,-0.08
119,122,"(76, 3)",0,-0.08
119,123,"(76, 2)",0,-0.08
119,124,"(76, 1)",1,-0.08
119,125,"(77, 1)",1,-0.08
119,126,"(78, 1)",1,-0.08
119,127,"(79, 1)",0,8.33
120,0,"(0, 39)",1,-0.08
120,1,"(1, 39)",1,-0.08
120,2,"(2, 39)",1,-0.08
120,3,"(3, 39)",1,-0.08
120,4,"(4, 39)",0,-8.33
120,5,"(4, 39)",1,-0.08
120,6,"(5, 39)",0,-8.33
120,7,"(5, 39)",1,-0.08
120,8,"(6, 39)",1,-0.08
120,9,"(7, 39)",0,-0.08
120,10,"(7, 38)",0,-0.08
120,11,"(7, 37)",0,-0.08
120,12,"(7, 36)",0,-0.08
120,13,"(7, 35)",0,-0.08
120,14,"(7, 34)",0,-0.08
120,15,"(7, 33)",0,-0.08
120,16,"(7, 32)",0,-0.08
120,17,"(7, 31)",1,-0.08
120,18,"(8, 31)",1,-0.08
120,19,"(9, 31)",0,-0.08
120,20,"(9, 30)",1,-0.08
120,21,"(10, 30)",0,-0.08
120,22,"(10, 29)",0,-0.08
120,23,"(10, 28)",0,-0.08
120,24,"(10, 27)",1,-0.08
120,25,"(11, 27)",1,-0.08
120,26,"(12, 27)",1,-0.08
120,27,"(13, 27)",0,-0.08
120,28,"(13, 26)",0,-0.08
120,29,"(13, 25)",0,-0.08
120,30,"(13, 24)",1,-0.08
120,31,"(14, 24)",0,-0.08
120,32,"(14, 23)",1,-0.08
120,33,"(15, 23)",1,-0.08
120,34,"(16, 23)",0,-0.08
120,35,"(16, 22)",1,-0.08
120,36,"(17, 22)",1,-0.08
120,37,"(18, 22)",1,-0.08
120,38,"(19, 22)",0,-0.08
120,39,"(19, 21)",0,-0.08
120,40,"(19, 20)",0,-0.08
120,41,"(19, 19)",1,-0.08
120,42,"(20, 19)",1,-0.08
120,43,"(21, 19)",1,-0.08
120,44,"(22, 19)",1,-0.08
120,45,"(23, 19)",0,-0.08
120,46,"(23, 18)",0,-0.08
120,47,"(23, 17)",0,-0.08
120,48,"(23, 16)",0,-0.08
120,49,"(23, 15)",1,-0.08
120,50,"(24, 15)",1,-0.08
120,51,"(25, 15)",1,-0.08
120,52,"(26, 15)",1,-0.08
120,53,"(27, 15)",0,-0.08
120,54,"(27, 14)",0,-0.08
120,55,"(27, 13)",1,-0.08
120,56,"(28, 13)",1,-0.08
120,57,"(29, 13)",1,-0.08
120,58,"(30, 13)",1,-0.08
120,59,"(31, 13)",1,-0.08
120,60,"(32, 13)",1,-0.08
120,61,"(33, 13)",1,-0.08
120,62,"(34, 13)",1,-0.08
120,63,"(35, 13)",1,-0.08
120,64,"(36, 13)",0,-0.08
120,65,"(36, 12)",1,-0.08
120,66,"(37, 12)",1,-0.08
120,67,"(38, 12)",1,-0.08
120,68,"(39, 12)",0,-0.08
120,69,"(39, 11)",1,-0.08
120,70,"(40, 11)",1,-0.08
120,71,"(41, 11)",1,-0.08
120,72,"(42, 11)",1,-0.08
120,73,"(43, 11)",1,-0.08
120,74,"(44, 11)",1,-0.08
120,75,"(45, 11)",0,-0.08
120,76,"(45, 10)",1,-0.08
120,77,"(46, 10)",0,-0.08
120,78,"(46, 9)",0,-0.08
120,79,"(46, 8)",0,-0.08
120,80,"(46, 7)",1,-0.08
120,81,"(47, 7)",1,-0.08
120,82,"(48, 7)",1,-0.08
120,83,"(49, 7)",1,-0.08
120,84,"(50, 7)",1,-0.08
120,85,"(51, 7)",1,-0.08
120,86,"(52, 7)",1,-0.08
120,87,"(53, 7)",1,-0.08
120,88,"(54, 7)",1,-0.08
120,89,"(55, 7)",1,-0.08
120,90,"(56, 7)",1,-0.08
120,91,"(57, 7)",1,-0.08
120,92,"(58, 7)",1,-0.08
120,93,"(59, 7)",1,-0.08
120,94,"(60, 7)",1,-0.08
120,95,"(61, 7)",1,-0.08
120,96,"(62, 7)",1,-0.08
120,97,"(63, 7)",1,-0.08
120,98,"(64, 7)",1,-0.08
120,99,"(65, 7)",1,-0.08
120,100,"(66, 7)",1,-0.08
120,101,"(67, 7)",1,-0.08
120,102,"(68, 7)",1,-0.08
120,103,"(69, 7)",0,-0.08
120,104,"(69, 6)",1,-0.08
120,105,"(70, 6)",1,-0.08
120,106,"(71, 6)",0,-0.08
120,107,"(71, 5)",1,-0.08
120,108,"(72, 5)",1,-0.08
120,109,"(73, 5)",1,-0.08
120,110,"(74, 5)",0,-0.08
120,111,"(74, 4)",1,-0.08
120,112,"(75, 4)",0,-0.08
120,113,"(75, 3)",1,-0.08
120,114,"(76, 3)",1,-0.08
120,115,"(77, 3)",0,-0.08
120,116,"(77, 2)",0,-0.08
120,117,"(77, 1)",1,-0.08
120,118,"(78, 1)",1,-0.08
120,119,"(79, 1)",0,8.33
121,0,"(0, 39)",0,-0.08
121,1,"(0, 38)",1,-0.08
121,2,"(1, 38)",0,-0.08
121,3,"(1, 37)",0,-8.33
121,4,"(1, 37)",3,-0.08
121,5,"(0, 37)",0,-0.08
121,6,"(0, 36)",0,-0.08
121,7,"(0, 35)",0,-0.08
121,8,"(0, 34)",0,-0.08
121,9,"(0, 33)",1,-0.08
121,10,"(1, 33)",0,-0.08
121,11,"(1, 32)",0,-0.08
121,12,"(1, 31)",0,-0.08
121,13,"(1, 30)",0,-0.08
121,14,"(1, 29)",0,-0.08
121,15,"(1, 28)",0,-0.08
121,16,"(1, 27)",0,-0.08
121,17,"(1, 26)",0,-0.08
121,18,"(1, 25)",1,-0.08
121,19,"(2, 25)",1,-0.08
121,20,"(3, 25)",1,-0.08
121,21,"(4, 25)",1,-0.08
121,22,"(5, 25)",1,-0.08
121,23,"(6, 25)",1,-0.08
121,24,"(7, 25)",1,-0.08
121,25,"(8, 25)",1,-0.08
121,26,"(9, 25)",0,-0.08
121,27,"(9, 24)",1,-0.08
121,28,"(10, 24)",1,-0.08
121,29,"(11, 24)",1,-0.08
121,30,"(12, 24)",1,-0.08
121,31,"(13, 24)",1,-0.08
121,32,"(14, 24)",0,-0.08
121,33,"(14, 23)",1,-0.08
121,34,"(15, 23)",1,-0.08
121,35,"(16, 23)",1,-0.08
121,36,"(17, 23)",0,-0.08
121,37,"(17, 22)",1,-0.08
121,38,"(18, 22)",1,-0.08
121,39,"(19, 22)",1,-0.08
121,40,"(20, 22)",1,-0.08
121,41,"(21, 22)",0,-0.08
121,42,"(21, 21)",1,-0.08
121,43,"(22, 21)",0,-0.08
121,44,"(22, 20)",0,-0.08
121,45,"(22, 19)",0,-8.33
121,46,"(22, 19)",1,-0.08
121,47,"(23, 19)",0,-0.08
121,48,"(23, 18)",0,-0.08
121,49,"(23, 17)",0,-0.08
121,50,"(23, 16)",0,-0.08
121,51,"(23, 15)",1,-0.08
121,52,"(24, 15)",1,-0.08
121,53,"(25, 15)",1,-0.08
121,54,"(26, 15)",1,-0.08
121,55,"(27, 15)",0,-0.08
121,56,"(27, 14)",0,-0.08
121,57,"(27, 13)",1,-0.08
121,58,"(28, 13)",1,-0.08
121,59,"(29, 13)",1,-0.08
121,60,"(30, 13)",1,-0.08
121,61,"(31, 13)",1,-0.08
121,62,"(32, 13)",1,-0.08
121,63,"(33, 13)",1,-0.08
121,64,"(34, 13)",1,-0.08
121,65,"(35, 13)",1,-0.08
121,66,"(36, 13)",1,-0.08
121,67,"(37, 13)",1,-0.08
121,68,"(38, 13)",1,-0.08
121,69,"(39, 13)",0,-0.08
121,70,"(39, 12)",0,-0.08
121,71,"(39, 11)",1,-0.08
121,72,"(40, 11)",1,-0.08
121,73,"(41, 11)",1,-0.08
121,74,"(42, 11)",1,-0.08
121,75,"(43, 11)",1,-0.08
121,76,"(44, 11)",1,-0.08
121,77,"(45, 11)",0,-0.08
121,78,"(45, 10)",0,-0.08
121,79,"(45, 9)",0,-0.08
121,80,"(45, 8)",1,-0.08
121,81,"(46, 8)",0,-0.08
121,82,"(46, 7)",1,-0.08
121,83,"(47, 7)",1,-0.08
121,84,"(48, 7)",1,-0.08
121,85,"(49, 7)",1,-0.08
121,86,"(50, 7)",1,-0.08
121,87,"(51, 7)",1,-0.08
121,88,"(52, 7)",1,-0.08
121,89,"(53, 7)",1,-0.08
121,90,"(54, 7)",1,-0.08
121,91,"(55, 7)",1,-0.08
121,92,"(56, 7)",1,-0.08
121,93,"(57, 7)",1,-0.08
121,94,"(58, 7)",1,-0.08
121,95,"(59, 7)",1,-0.08
121,96,"(60, 7)",1,-0.08
121,97,"(61, 7)",1,-0.08
121,98,"(62, 7)",1,-0.08
121,99,"(63, 7)",1,-0.08
121,100,"(64, 7)",1,-0.08
121,101,"(65, 7)",1,-0.08
121,102,"(66, 7)",1,-0.08
121,103,"(67, 7)",1,-0.08
121,104,"(68, 7)",1,-0.08
121,105,"(69, 7)",1,-0.08
121,106,"(70, 7)",1,-0.08
121,107,"(71, 7)",1,-0.08
121,108,"(72, 7)",0,-0.08
121,109,"(72, 6)",0,-0.08
121,110,"(72, 5)",1,-0.08
121,111,"(73, 5)",1,-0.08
121,112,"(74, 5)",0,-0.08
121,113,"(74, 4)",1,-0.08
121,114,"(75, 4)",0,-0.08
121,115,"(75, 3)",1,-0.08
121,116,"(76, 3)",1,-0.08
121,117,"(77, 3)",0,-0.08
121,118,"(77, 2)",0,-0.08
121,119,"(77, 1)",0,-0.08
121,120,"(77, 0)",1,-0.08
121,121,"(78, 0)",1,8.33
122,0,"(0, 39)",1,-0.08
122,1,"(1, 39)",0,-0.08
122,2,"(1, 38)",0,-0.08
122,3,"(1, 37)",1,-8.33
122,4,"(1, 37)",0,-8.33
122,5,"(1, 37)",3,-0.08
122,6,"(0, 37)",0,-0.08
122,7,"(0, 36)",0,-0.08
122,8,"(0, 35)",0,-0.08
122,9,"(0, 34)",1,-0.08
122,10,"(1, 34)",0,-0.08
122,11,"(1, 33)",1,-0.08
122,12,"(2, 33)",0,-0.08
122,13,"(2, 32)",1,-0.08
122,14,"(3, 32)",0,-0.08
122,15,"(3, 31)",0,-8.33
122,16,"(3, 31)",0,-8.33
122,17,"(3, 31)",2,-0.08
122,18,"(3, 32)",2,-0.08
122,19,"(3, 33)",1,-0.08
122,20,"(4, 33)",1,-0.08
122,21,"(5, 33)",0,-0.08
122,22,"(5, 32)",0,-0.08
122,23,"(5, 31)",1,-0.08
122,24,"(6, 31)",1,-0.08
122,25,"(7, 31)",1,-0.08
122,26,"(8, 31)",0,-0.08
122,27,"(8, 30)",0,-0.08
122,28,"(8, 29)",1,-0.08
122,29,"(9, 29)",1,-0.08
122,30,"(10, 29)",0,-0.08
122,31,"(10, 28)",0,-0.08
122,32,"(10, 27)",1,-0.08
122,33,"(11, 27)",1,-0.08
122,34,"(12, 27)",1,-0.08
122,35,"(13, 27)",1,-0.08
122,36,"(14, 27)",1,-0.08
122,37,"(15, 27)",0,-0.08
122,38,"(15, 26)",0,-0.08
122,39,"(15, 25)",1,-0.08
122,40,"(16, 25)",1,-0.08
122,41,"(17, 25)",0,-0.08
122,42,"(17, 24)",0,-0.08
122,43,"(17, 23)",0,-0.08
122,44,"(17, 22)",1,-0.08
122,45,"(18, 22)",1,-0.08
122,46,"(19, 22)",1,-0.08
122,47,"(20, 22)",1,-0.08
122,48,"(21, 22)",0,-0.08
122,49,"(21, 21)",1,-0.08
122,50,"(22, 21)",1,-0.08
122,51,"(23, 21)",1,-0.08
122,52,"(24, 21)",0,-0.08
122,53,"(24, 20)",1,-0.08
122,54,"(25, 20)",0,-0.08
122,55,"(25, 19)",0,-0.08
122,56,"(25, 18)",1,-0.08
122,57,"(26, 18)",0,-0.08
122,58,"(26, 17)",1,-0.08
122,59,"(27, 17)",0,-0.08
122,60,"(27, 16)",1,-0.08
122,61,"(28, 16)",1,-0.08
122,62,"(29, 16)",0,-0.08
122,63,"(29, 15)",1,-0.08
122,64,"(30, 15)",1,-0.08
122,65,"(31, 15)",1,-0.08
122,66,"(32, 15)",1,-0.08
122,67,"(33, 15)",1,-0.08
122,68,"(34, 15)",0,-0.08
122,69,"(34, 14)",1,-0.08
122,70,"(35, 14)",0,-0.08
122,71,"(35, 13)",0,-0.08
122,72,"(35, 12)",1,-0.08
122,73,"(36, 12)",1,-0.08
122,74,"(37, 12)",1,-0.08
122,75,"(38, 12)",1,-0.08
122,76,"(39, 12)",0,-0.08
122,77,"(39, 11)",1,-0.08
122,78,"(40, 11)",1,-0.08
122,79,"(41, 11)",1,-0.08
122,80,"(42, 11)",1,-0.08
122,81,"(43, 11)",1,-0.08
122,82,"(44, 11)",1,-0.08
122,83,"(45, 11)",0,-0.08
122,84,"(45, 10)",1,-0.08
122,85,"(46, 10)",0,-0.08
122,86,"(46, 9)",0,-0.08
122,87,"(46, 8)",0,-0.08
122,88,"(46, 7)",1,-0.08
122,89,"(47, 7)",1,-0.08
122,90,"(48, 7)",1,-0.08
122,91,"(49, 7)",1,-0.08
122,92,"(50, 7)",1,-0.08
122,93,"(51, 7)",1,-0.08
122,94,"(52, 7)",1,-0.08
122,95,"(53, 7)",1,-0.08
122,96,"(54, 7)",1,-0.08
122,97,"(55, 7)",1,-0.08
122,98,"(56, 7)",1,-0.08
122,99,"(57, 7)",1,-0.08
122,100,"(58, 7)",1,-0.08
122,101,"(59, 7)",1,-0.08
122,102,"(60, 7)",1,-0.08
122,103,"(61, 7)",1,-0.08
122,104,"(62, 7)",1,-0.08
122,105,"(63, 7)",1,-0.08
122,106,"(64, 7)",1,-0.08
122,107,"(65, 7)",1,-0.08
122,108,"(66, 7)",1,-0.08
122,109,"(67, 7)",1,-0.08
122,110,"(68, 7)",1,-0.08
122,111,"(69, 7)",1,-0.08
122,112,"(70, 7)",0,-0.08
122,113,"(70, 6)",1,-0.08
122,114,"(71, 6)",0,-0.08
122,115,"(71, 5)",1,-0.08
122,116,"(72, 5)",1,-0.08
122,117,"(73, 5)",1,-0.08
122,118,"(74, 5)",0,-0.08
122,119,"(74, 4)",0,-0.08
122,120,"(74, 3)",1,-0.08
122,121,"(75, 3)",1,-0.08
122,122,"(76, 3)",0,-0.08
122,123,"(76, 2)",0,-0.08
122,124,"(76, 1)",1,-0.08
122,125,"(77, 1)",1,-0.08
122,126,"(78, 1)",0,-0.08
122,127,"(78, 0)",1,8.33
123,0,"(0, 39)",0,-0.08
123,1,"(0, 38)",0,-0.08
123,2,"(0, 37)",1,-0.08
123,3,"(1, 37)",1,-8.33
123,4,"(1, 37)",0,-8.33
123,5,"(1, 37)",3,-0.08
123,6,"(0, 37)",0,-0.08
123,7,"(0, 36)",0,-0.08
123,8,"(0, 35)",1,-0.08
123,9,"(1, 35)",0,-0.08
123,10,"(1, 34)",1,-0.08
123,11,"(2, 34)",0,-0.08
123,12,"(2, 33)",0,-0.08
123,13,"(2, 32)",0,-0.08
123,14,"(2, 31)",1,-0.08
123,15,"(3, 31)",0,-8.33
123,16,"(3, 31)",0,-8.33
123,17,"(3, 31)",2,-0.08
123,18,"(3, 32)",2,-0.08
123,19,"(3, 33)",1,-0.08
123,20,"(4, 33)",1,-0.08
123,21,"(5, 33)",0,-0.08
123,22,"(5, 32)",0,-0.08
123,23,"(5, 31)",0,-0.08
123,24,"(5, 30)",0,-0.08
123,25,"(5, 29)",1,-0.08
123,26,"(6, 29)",1,-0.08
123,27,"(7, 29)",0,-0.08
123,28,"(7, 28)",0,-0.08
123,29,"(7, 27)",0,-0.08
123,30,"(7, 26)",0,-0.08
123,31,"(7, 25)",1,-0.08
123,32,"(8, 25)",1,-0.08
123,33,"(9, 25)",1,-0.08
123,34,"(10, 25)",1,-0.08
123,35,"(11, 25)",0,-0.08
123,36,"(11, 24)",1,-0.08
123,37,"(12, 24)",1,-0.08
123,38,"(13, 24)",0,-0.08
123,39,"(13, 23)",1,-0.08
123,40,"(14, 23)",1,-0.08
123,41,"(15, 23)",1,-0.08
123,42,"(16, 23)",1,-0.08
123,43,"(17, 23)",0,-0.08
123,44,"(17, 22)",1,-0.08
123,45,"(18, 22)",1,-0.08
123,46,"(19, 22)",1,-0.08
123,47,"(20, 22)",1,-0.08
123,48,"(21, 22)",0,-0.08
123,49,"(21, 21)",1,-0.08
123,50,"(22, 21)",0,-0.08
123,51,"(22, 20)",0,-0.08
123,52,"(22, 19)",1,-0.08
123,53,"(23, 19)",0,-0.08
123,54,"(23, 18)",0,-0.08
123,55,"(23, 17)",1,-0.08
123,56,"(24, 17)",1,-0.08
123,57,"(25, 17)",1,-0.08
123,58,"(26, 17)",1,-0.08
123,59,"(27, 17)",0,-0.08
123,60,"(27, 16)",1,-0.08
123,61,"(28, 16)",1,-0.08
123,62,"(29, 16)",0,-0.08
123,63,"(29, 15)",1,-0.08
123,64,"(30, 15)",1,-0.08
123,65,"(31, 15)",1,-0.08
123,66,"(32, 15)",0,-0.08
123,67,"(32, 14)",0,-0.08
123,68,"(32, 13)",1,-0.08
123,69,"(33, 13)",1,-0.08
123,70,"(34, 13)",1,-0.08
123,71,"(35, 13)",0,-0.08
123,72,"(35, 12)",1,-0.08
123,73,"(36, 12)",1,-0.08
123,74,"(37, 12)",1,-0.08
123,75,"(38, 12)",1,-0.08
123,76,"(39, 12)",0,-0.08
123,77,"(39, 11)",1,-0.08
123,78,"(40, 11)",1,-0.08
123,79,"(41, 11)",1,-0.08
123,80,"(42, 11)",1,-0.08
123,81,"(43, 11)",1,-0.08
123,82,"(44, 11)",1,-0.08
123,83,"(45, 11)",0,-0.08
123,84,"(45, 10)",1,-0.08
123,85,"(46, 10)",1,-0.08
123,86,"(47, 10)",1,-0.08
123,87,"(48, 10)",1,-0.08
123,88,"(49, 10)",1,-0.08
123,89,"(50, 10)",0,-0.08
123,90,"(50, 9)",1,-0.08
123,91,"(51, 9)",1,-0.08
123,92,"(52, 9)",1,-0.08
123,93,"(53, 9)",1,-0.08
123,94,"(54, 9)",1,-0.08
123,95,"(55, 9)",1,-0.08
123,96,"(56, 9)",1,-0.08
123,97,"(57, 9)",1,-0.08
123,98,"(58, 9)",0,-0.08
123,99,"(58, 8)",0,-0.08
123,100,"(58, 7)",1,-0.08
123,101,"(59, 7)",1,-0.08
123,102,"(60, 7)",1,-0.08
123,103,"(61, 7)",1,-0.08
123,104,"(62, 7)",1,-0.08
123,105,"(63, 7)",1,-0.08
123,106,"(64, 7)",1,-0.08
123,107,"(65, 7)",1,-0.08
123,108,"(66, 7)",1,-0.08
123,109,"(67, 7)",1,-0.08
123,110,"(68, 7)",1,-0.08
123,111,"(69, 7)",0,-0.08
123,112,"(69, 6)",1,-0.08
123,113,"(70, 6)",1,-0.08
123,114,"(71, 6)",0,-0.08
123,115,"(71, 5)",1,-0.08
123,116,"(72, 5)",1,-0.08
123,117,"(73, 5)",1,-0.08
123,118,"(74, 5)",0,-0.08
123,119,"(74, 4)",0,-0.08
123,120,"(74, 3)",1,-0.08
123,121,"(75, 3)",1,-0.08
123,122,"(76, 3)",0,-0.08
123,123,"(76, 2)",1,-0.08
123,124,"(77, 2)",0,-0.08
123,125,"(77, 1)",0,-0.08
123,126,"(77, 0)",1,-0.08
123,127,"(78, 0)",1,8.33
124,0,"(0, 39)",1,-0.08
124,1,"(1, 39)",0,-0.08
124,2,"(1, 38)",0,-0.08
124,3,"(1, 37)",0,-8.33
124,4,"(1, 37)",3,-0.08
124,5,"(0, 37)",0,-0.08
124,6,"(0, 36)",0,-0.08
124,7,"(0, 35)",1,-0.08
124,8,"(1, 35)",0,-0.08
124,9,"(1, 34)",0,-0.08
124,10,"(1, 33)",0,-0.08
124,11,"(1, 32)",0,-0.08
124,12,"(1, 31)",1,-0.08
124,13,"(2, 31)",1,-0.08
124,14,"(3, 31)",0,-8.33
124,15,"(3, 31)",2,-0.08
124,16,"(3, 32)",2,-0.08
124,17,"(3, 33)",1,-0.08
124,18,"(4, 33)",1,-0.08
124,19,"(5, 33)",0,-0.08
124,20,"(5, 32)",0,-0.08
124,21,"(5, 31)",1,-0.08
124,22,"(6, 31)",1,-0.08
124,23,"(7, 31)",1,-0.08
124,24,"(8, 31)",0,-0.08
124,25,"(8, 30)",1,-0.08
124,26,"(9, 30)",0,-0.08
124,27,"(9, 29)",1,-0.08
124,28,"(10, 29)",0,-0.08
124,29,"(10, 28)",0,-0.08
124,30,"(10, 27)",1,-0.08
124,31,"(11, 27)",1,-0.08
124,32,"(12, 27)",1,-0.08
124,33,"(13, 27)",0,-0.08
124,34,"(13, 26)",0,-0.08
124,35,"(13, 25)",0,-0.08
124,36,"(13, 24)",1,-0.08
124,37,"(14, 24)",0,-0.08
124,38,"(14, 23)",1,-0.08
124,39,"(15, 23)",1,-0.08
124,40,"(16, 23)",0,-0.08
124,41,"(16, 22)",1,-0.08
124,42,"(17, 22)",1,-0.08
124,43,"(18, 22)",1,-0.08
124,44,"(19, 22)",0,-0.08
124,45,"(19, 21)",1,-0.08
124,46,"(20, 21)",1,-0.08
124,47,"(21, 21)",0,-0.08
124,48,"(21, 20)",0,-0.08
124,49,"(21, 19)",1,-0.08
124,50,"(22, 19)",1,-0.08
124,51,"(23, 19)",0,-0.08
124,52,"(23, 18)",0,-0.08
124,53,"(23, 17)",0,-0.08
124,54,"(23, 16)",0,-0.08
124,55,"(23, 15)",1,-0.08
124,56,"(24, 15)",1,-0.08
124,57,"(25, 15)",1,-0.08
124,58,"(26, 15)",1,-0.08
124,59,"(27, 15)",0,-0.08
124,60,"(27, 14)",0,-0.08
124,61,"(27, 13)",1,-0.08
124,62,"(28, 13)",1,-0.08
124,63,"(29, 13)",1,-0.08
124,64,"(30, 13)",1,-0.08
124,65,"(31, 13)",1,-0.08
124,66,"(32, 13)",1,-0.08
124,67,"(33, 13)",1,-0.08
124,68,"(34, 13)",1,-0.08
124,69,"(35, 13)",0,-0.08
124,70,"(35, 12)",1,-0.08
124,71,"(36, 12)",1,-0.08
124,72,"(37, 12)",1,-0.08
124,73,"(38, 12)",1,-0.08
124,74,"(39, 12)",0,-0.08
124,75,"(39, 11)",1,-0.08
124,76,"(40, 11)",1,-0.08
124,77,"(41, 11)",1,-0.08
124,78,"(42, 11)",1,-0.08
124,79,"(43, 11)",1,-0.08
124,80,"(44, 11)",1,-0.08
124,81,"(45, 11)",0,-0.08
124,82,"(45, 10)",1,-0.08
124,83,"(46, 10)",1,-0.08
124,84,"(47, 10)",1,-0.08
124,85,"(48, 10)",1,-0.08
124,86,"(49, 10)",1,-0.08
124,87,"(50, 10)",0,-0.08
124,88,"(50, 9)",0,-0.08
124,89,"(50, 8)",0,-0.08
124,90,"(50, 7)",1,-0.08
124,91,"(51, 7)",1,-0.08
124,92,"(52, 7)",1,-0.08
124,93,"(53, 7)",1,-0.08
124,94,"(54, 7)",1,-0.08
124,95,"(55, 7)",1,-0.08
124,96,"(56, 7)",1,-0.08
124,97,"(57, 7)",1,-0.08
124,98,"(58, 7)",1,-0.08
124,99,"(59, 7)",1,-0.08
124,100,"(60, 7)",1,-0.08
124,101,"(61, 7)",1,-0.08
124,102,"(62, 7)",1,-0.08
124,103,"(63, 7)",1,-0.08
124,104,"(64, 7)",1,-0.08
124,105,"(65, 7)",1,-0.08
124,106,"(66, 7)",1,-0.08
124,107,"(67, 7)",1,-0.08
124,108,"(68, 7)",1,-0.08
124,109,"(69, 7)",0,-0.08
124,110,"(69, 6)",1,-0.08
124,111,"(70, 6)",1,-0.08
124,112,"(71, 6)",0,-0.08
124,113,"(71, 5)",1,-0.08
124,114,"(72, 5)",1,-0.08
124,115,"(73, 5)",1,-0.08
124,116,"(74, 5)",0,-0.08
124,117,"(74, 4)",1,-0.08
124,118,"(75, 4)",0,-0.08
124,119,"(75, 3)",1,-0.08
124,120,"(76, 3)",1,-0.08
124,121,"(77, 3)",0,-0.08
124,122,"(77, 2)",0,-0.08
124,123,"(77, 1)",1,-0.08
124,124,"(78, 1)",1,-0.08
124,125,"(79, 1)",0,8.33
125,0,"(0, 39)",0,-0.08
125,1,"(0, 38)",1,-0.08
125,2,"(1, 38)",0,-0.08
125,3,"(1, 37)",0,-8.33
125,4,"(1, 37)",3,-0.08
125,5,"(0, 37)",0,-0.08
125,6,"(0, 36)",0,-0.08
125,7,"(0, 35)",0,-0.08
125,8,"(0, 34)",0,-0.08
125,9,"(0, 33)",1,-0.08
125,10,"(1, 33)",1,-0.08
125,11,"(2, 33)",0,-0.08
125,12,"(2, 32)",1,-0.08
125,13,"(3, 32)",0,-0.08
125,14,"(3, 31)",0,-8.33
125,15,"(3, 31)",0,-8.33
125,16,"(3, 31)",3,-0.08
125,17,"(2, 31)",3,-0.08
125,18,"(1, 31)",0,-0.08
125,19,"(1, 30)",0,-0.08
125,20,"(1, 29)",1,-0.08
125,21,"(2, 29)",1,-0.08
125,22,"(3, 29)",0,-0.08
125,23,"(3, 28)",0,-0.08
125,24,"(3, 27)",0,-0.08
125,25,"(3, 26)",0,-0.08
125,26,"(3, 25)",1,-0.08
125,27,"(4, 25)",1,-0.08
125,28,"(5, 25)",1,-0.08
125,29,"(6, 25)",1,-0.08
125,30,"(7, 25)",1,-0.08
125,31,"(8, 25)",1,-0.08
125,32,"(9, 25)",1,-0.08
125,33,"(10, 25)",0,-0.08
125,34,"(10, 24)",1,-0.08
125,35,"(11, 24)",1,-0.08
125,36,"(12, 24)",1,-0.08
125,37,"(13, 24)",0,-0.08
125,38,"(13, 23)",1,-0.08
125,39,"(14, 23)",1,-0.08
125,40,"(15, 23)",1,-0.08
125,41,"(16, 23)",0,-0.08
125,42,"(16, 22)",1,-0.08
125,43,"(17, 22)",1,-0.08
125,44,"(18, 22)",1,-0.08
125,45,"(19, 22)",0,-0.08
125,46,"(19, 21)",0,-0.08
125,47,"(19, 20)",1,-0.08
125,48,"(20, 20)",1,-0.08
125,49,"(21, 20)",1,-0.08
125,50,"(22, 20)",0,-0.08
125,51,"(22, 19)",1,-0.08
125,52,"(23, 19)",0,-0.08
125,53,"(23, 18)",0,-0.08
125,54,"(23, 17)",1,-0.08
125,55,"(24, 17)",1,-0.08
125,56,"(25, 17)",1,-0.08
125,57,"(26, 17)",1,-0.08
125,58,"(27, 17)",0,-0.08
125,59,"(27, 16)",1,-0.08
125,60,"(28, 16)",0,-0.08
125,61,"(28, 15)",1,-0.08
125,62,"(29, 15)",1,-0.08
125,63,"(30, 15)",1,-0.08
125,64,"(31, 15)",1,-0.08
125,65,"(32, 15)",0,-0.08
125,66,"(32, 14)",0,-0.08
125,67,"(32, 13)",1,-0.08
125,68,"(33, 13)",1,-0.08
125,69,"(34, 13)",1,-0.08
125,70,"(35, 13)",1,-0.08
125,71,"(36, 13)",0,-0.08
125,72,"(36, 12)",1,-0.08
125,73,"(37, 12)",1,-0.08
125,74,"(38, 12)",1,-0.08
125,75,"(39, 12)",0,-0.08
125,76,"(39, 11)",1,-0.08
125,77,"(40, 11)",1,-0.08
125,78,"(41, 11)",1,-0.08
125,79,"(42, 11)",1,-0.08
125,80,"(43, 11)",1,-0.08
125,81,"(44, 11)",1,-0.08
125,82,"(45, 11)",0,-0.08
125,83,"(45, 10)",1,-0.08
125,84,"(46, 10)",1,-0.08
125,85,"(47, 10)",1,-0.08
125,86,"(48, 10)",1,-0.08
125,87,"(49, 10)",1,-0.08
125,88,"(50, 10)",0,-0.08
125,89,"(50, 9)",1,-0.08
125,90,"(51, 9)",1,-0.08
125,91,"(52, 9)",1,-0.08
125,92,"(53, 9)",1,-0.08
125,93,"(54, 9)",1,-0.08
125,94,"(55, 9)",1,-0.08
125,95,"(56, 9)",1,-0.08
125,96,"(57, 9)",0,-0.08
125,97,"(57, 8)",1,-0.08
125,98,"(58, 8)",0,-0.08
125,99,"(58, 7)",1,-0.08
125,100,"(59, 7)",1,-0.08
125,101,"(60, 7)",1,-0.08
125,102,"(61, 7)",1,-0.08
125,103,"(62, 7)",1,-0.08
125,104,"(63, 7)",1,-0.08
125,105,"(64, 7)",1,-0.08
125,106,"(65, 7)",1,-0.08
125,107,"(66, 7)",1,-0.08
125,108,"(67, 7)",1,-0.08
125,109,"(68, 7)",1,-0.08
125,110,"(69, 7)",0,-0.08
125,111,"(69, 6)",1,-0.08
125,112,"(70, 6)",1,-0.08
125,113,"(71, 6)",0,-0.08
125,114,"(71, 5)",1,-0.08
125,115,"(72, 5)",1,-0.08
125,116,"(73, 5)",1,-0.08
125,117,"(74, 5)",0,-0.08
125,118,"(74, 4)",1,-0.08
125,119,"(75, 4)",0,-0.08
125,120,"(75, 3)",1,-0.08
125,121,"(76, 3)",1,-0.08
125,122,"(77, 3)",0,-0.08
125,123,"(77, 2)",0,-0.08
125,124,"(77, 1)",0,-0.08
125,125,"(77, 0)",1,-0.08
125,126,"(78, 0)",1,8.33
126,0,"(0, 39)",1,-0.08
126,1,"(1, 39)",1,-0.08
126,2,"(2, 39)",1,-0.08
126,3,"(3, 39)",0,-0.08
126,4,"(3, 38)",1,-8.33
126,5,"(3, 38)",0,-0.08
126,6,"(3, 37)",1,-8.33
126,7,"(3, 37)",0,-0.08
126,8,"(3, 36)",0,-0.08
126,9,"(3, 35)",3,-0.08
126,10,"(2, 35)",0,-0.08
126,11,"(2, 34)",0,-0.08
126,12,"(2, 33)",0,-0.08
126,13,"(2, 32)",0,-0.08
126,14,"(2, 31)",1,-0.08
126,15,"(3, 31)",0,-8.33
126,16,"(3, 31)",0,-8.33
126,17,"(3, 31)",3,-0.08
126,18,"(2, 31)",3,-0.08
126,19,"(1, 31)",0,-0.08
126,20,"(1, 30)",0,-0.08
126,21,"(1, 29)",0,-0.08
126,22,"(1, 28)",0,-0.08
126,23,"(1, 27)",0,-0.08
126,24,"(1, 26)",0,-0.08
126,25,"(1, 25)",1,-0.08
126,26,"(2, 25)",1,-0.08
126,27,"(3, 25)",1,-0.08
126,28,"(4, 25)",1,-0.08
126,29,"(5, 25)",1,-0.08
126,30,"(6, 25)",1,-0.08
126,31,"(7, 25)",1,-0.08
126,32,"(8, 25)",1,-0.08
126,33,"(9, 25)",1,-0.08
126,34,"(10, 25)",1,-0.08
126,35,"(11, 25)",0,-0.08
126,36,"(11, 24)",1,-0.08
126,37,"(12, 24)",1,-0.08
126,38,"(13, 24)",1,-0.08
126,39,"(14, 24)",0,-0.08
126,40,"(14, 23)",1,-0.08
126,41,"(15, 23)",1,-0.08
126,42,"(16, 23)",1,-0.08
126,43,"(17, 23)",0,-0.08
126,44,"(17, 22)",1,-0.08
126,45,"(18, 22)",1,-0.08
126,46,"(19, 22)",1,-0.08
126,47,"(20, 22)",1,-0.08
126,48,"(21, 22)",0,-0.08
126,49,"(21, 21)",1,-0.08
126,50,"(22, 21)",0,-0.08
126,51,"(22, 20)",1,-0.08
126,52,"(23, 20)",1,-0.08
126,53,"(24, 20)",1,-0.08
126,54,"(25, 20)",0,-0.08
126,55,"(25, 19)",1,-0.08
126,56,"(26, 19)",0,-0.08
126,57,"(26, 18)",1,-0.08
126,58,"(27, 18)",0,-0.08
126,59,"(27, 17)",1,-0.08
126,60,"(28, 17)",0,-0.08
126,61,"(28, 16)",1,-0.08
126,62,"(29, 16)",0,-0.08
126,63,"(29, 15)",1,-0.08
126,64,"(30, 15)",1,-0.08
126,65,"(31, 15)",0,-0.08
126,66,"(31, 14)",1,-0.08
126,67,"(32, 14)",0,-0.08
126,68,"(32, 13)",1,-0.08
126,69,"(33, 13)",1,-0.08
126,70,"(34, 13)",1,-0.08
126,71,"(35, 13)",1,-0.08
126,72,"(36, 13)",1,-0.08
126,73,"(37, 13)",1,-0.08
126,74,"(38, 13)",1,-0.08
126,75,"(39, 13)",1,-0.08
126,76,"(40, 13)",1,-0.08
126,77,"(41, 13)",1,-0.08
126,78,"(42, 13)",1,-0.08
126,79,"(43, 13)",0,-0.08
126,80,"(43, 12)",1,-0.08
126,81,"(44, 12)",0,-0.08
126,82,"(44, 11)",1,-0.08
126,83,"(45, 11)",0,-0.08
126,84,"(45, 10)",0,-0.08
126,85,"(45, 9)",1,-0.08
126,86,"(46, 9)",0,-0.08
126,87,"(46, 8)",0,-0.08
126,88,"(46, 7)",1,-0.08
126,89,"(47, 7)",1,-0.08
126,90,"(48, 7)",1,-0.08
126,91,"(49, 7)",1,-0.08
126,92,"(50, 7)",1,-0.08
126,93,"(51, 7)",1,-0.08
126,94,"(52, 7)",1,-0.08
126,95,"(53, 7)",1,-0.08
126,96,"(54, 7)",1,-0.08
126,97,"(55, 7)",1,-0.08
126,98,"(56, 7)",1,-0.08
126,99,"(57, 7)",1,-0.08
126,100,"(58, 7)",1,-0.08
126,101,"(59, 7)",1,-0.08
126,102,"(60, 7)",1,-0.08
126,103,"(61, 7)",1,-0.08
126,104,"(62, 7)",1,-0.08
126,105,"(63, 7)",1,-0.08
126,106,"(64, 7)",1,-0.08
126,107,"(65, 7)",1,-0.08
126,108,"(66, 7)",1,-0.08
126,109,"(67, 7)",1,-0.08
126,110,"(68, 7)",1,-0.08
126,111,"(69, 7)",0,-0.08
126,112,"(69, 6)",1,-0.08
126,113,"(70, 6)",1,-0.08
126,114,"(71, 6)",1,-0.08
126,115,"(72, 6)",1,-0.08
126,116,"(73, 6)",1,-0.08
126,117,"(74, 6)",0,-0.08
126,118,"(74, 5)",0,-0.08
126,119,"(74, 4)",1,-0.08
126,120,"(75, 4)",0,-0.08
126,121,"(75, 3)",1,-0.08
126,122,"(76, 3)",0,-0.08
126,123,"(76, 2)",0,-0.08
126,124,"(76, 1)",1,-0.08
126,125,"(77, 1)",0,-0.08
126,126,"(77, 0)",1,-0.08
126,127,"(78, 0)",1,8.33
127,0,"(0, 39)",0,-0.08
127,1,"(0, 38)",0,-0.08
127,2,"(0, 37)",1,-0.08
127,3,"(1, 37)",0,-8.33
127,4,"(1, 37)",3,-0.08
127,5,"(0, 37)",0,-0.08
127,6,"(0, 36)",0,-0.08
127,7,"(0, 35)",0,-0.08
127,8,"(0, 34)",1,-0.08
127,9,"(1, 34)",1,-0.08
127,10,"(2, 34)",0,-0.08
127,11,"(2, 33)",1,-0.08
127,12,"(3, 33)",0,-0.08
127,13,"(3, 32)",0,-0.08
127,14,"(3, 31)",0,-8.33
127,15,"(3, 31)",3,-0.08
127,16,"(2, 31)",3,-0.08
127,17,"(1, 31)",0,-0.08
127,18,"(1, 30)",0,-0.08
127,19,"(1, 29)",0,-0.08
127,20,"(1, 28)",0,-0.08
127,21,"(1, 27)",0,-0.08
127,22,"(1, 26)",0,-0.08
127,23,"(1, 25)",1,-0.08
127,24,"(2, 25)",1,-0.08
127,25,"(3, 25)",1,-0.08
127,26,"(4, 25)",1,-0.08
127,27,"(5, 25)",1,-0.08
127,28,"(6, 25)",1,-0.08
127,29,"(7, 25)",1,-0.08
127,30,"(8, 25)",1,-0.08
127,31,"(9, 25)",0,-0.08
127,32,"(9, 24)",1,-0.08
127,33,"(10, 24)",1,-0.08
127,34,"(11, 24)",1,-0.08
127,35,"(12, 24)",1,-0.08
127,36,"(13, 24)",0,-0.08
127,37,"(13, 23)",1,-0.08
127,38,"(14, 23)",1,-0.08
127,39,"(15, 23)",1,-0.08
127,40,"(16, 23)",1,-0.08
127,41,"(17, 23)",1,-0.08
127,42,"(18, 23)",1,-0.08
127,43,"(19, 23)",1,-0.08
127,44,"(20, 23)",1,-0.08
127,45,"(21, 23)",1,-0.08
127,46,"(22, 23)",1,-0.08
127,47,"(23, 23)",1,-0.08
127,48,"(24, 23)",1,-0.08
127,49,"(25, 23)",0,-0.08
127,50,"(25, 22)",0,-0.08
127,51,"(25, 21)",1,-0.08
127,52,"(26, 21)",1,-0.08
127,53,"(27, 21)",0,-0.08
127,54,"(27, 20)",1,-0.08
127,55,"(28, 20)",0,-0.08
127,56,"(28, 19)",1,-0.08
127,57,"(29, 19)",1,-0.08
127,58,"(30, 19)",1,-0.08
127,59,"(31, 19)",1,-0.08
127,60,"(32, 19)",1,-0.08
127,61,"(33, 19)",1,-0.08
127,62,"(34, 19)",0,-0.08
127,63,"(34, 18)",1,-0.08
127,64,"(35, 18)",0,-0.08
127,65,"(35, 17)",0,-0.08
127,66,"(35, 16)",0,-0.08
127,67,"(35, 15)",0,-0.08
127,68,"(35, 14)",0,-0.08
127,69,"(35, 13)",0,-0.08
127,70,"(35, 12)",1,-0.08
127,71,"(36, 12)",1,-0.08
127,72,"(37, 12)",1,-0.08
127,73,"(38, 12)",1,-0.08
127,74,"(39, 12)",0,-0.08
127,75,"(39, 11)",1,-0.08
127,76,"(40, 11)",1,-0.08
127,77,"(41, 11)",1,-0.08
127,78,"(42, 11)",1,-0.08
127,79,"(43, 11)",1,-0.08
127,80,"(44, 11)",1,-0.08
127,81,"(45, 11)",0,-0.08
127,82,"(45, 10)",0,-0.08
127,83,"(45, 9)",0,-0.08
127,84,"(45, 8)",1,-0.08
127,85,"(46, 8)",0,-0.08
127,86,"(46, 7)",1,-0.08
127,87,"(47, 7)",1,-0.08
127,88,"(48, 7)",1,-0.08
127,89,"(49, 7)",1,-0.08
127,90,"(50, 7)",1,-0.08
127,91,"(51, 7)",1,-0.08
127,92,"(52, 7)",1,-0.08
127,93,"(53, 7)",1,-0.08
127,94,"(54, 7)",1,-0.08
127,95,"(55, 7)",1,-0.08
127,96,"(56, 7)",1,-0.08
127,97,"(57, 7)",1,-0.08
127,98,"(58, 7)",1,-0.08
127,99,"(59, 7)",1,-0.08
127,100,"(60, 7)",1,-0.08
127,101,"(61, 7)",1,-0.08
127,102,"(62, 7)",1,-0.08
127,103,"(63, 7)",1,-0.08
127,104,"(64, 7)",1,-0.08
127,105,"(65, 7)",1,-0.08
127,106,"(66, 7)",1,-0.08
127,107,"(67, 7)",1,-0.08
127,108,"(68, 7)",1,-0.08
127,109,"(69, 7)",0,-0.08
127,110,"(69, 6)",1,-0.08
127,111,"(70, 6)",1,-0.08
127,112,"(71, 6)",0,-0.08
127,113,"(71, 5)",1,-0.08
127,114,"(72, 5)",1,-0.08
127,115,"(73, 5)",1,-0.08
127,116,"(74, 5)",1,-0.08
127,117,"(75, 5)",1,-0.08
127,118,"(76, 5)",1,-0.08
127,119,"(77, 5)",0,-0.08
127,120,"(77, 4)",0,-0.08
127,121,"(77, 3)",0,-0.08
127,122,"(77, 2)",0,-0.08
127,123,"(77, 1)",0,-0.08
127,124,"(77, 0)",1,-0.08
127,125,"(78, 0)",1,8.33
128,0,"(0, 39)",1,-0.08
128,1,"(1, 39)",1,-0.08
128,2,"(2, 39)",0,-8.33
128,3,"(2, 39)",1,-0.08
128,4,"(3, 39)",1,-0.08
128,5,"(4, 39)",1,-0.08
128,6,"(5, 39)",1,-0.08
128,7,"(6, 39)",0,-8.33
128,8,"(6, 39)",1,-0.08
128,9,"(7, 39)",0,-0.08
128,10,"(7, 38)",1,-0.08
128,11,"(8, 38)",1,-8.33
128,12,"(8, 38)",3,-0.08
128,13,"(7, 38)",0,-0.08
128,14,"(7, 37)",0,-0.08
128,15,"(7, 36)",0,-0.08
128,16,"(7, 35)",0,-0.08
128,17,"(7, 34)",0,-0.08
128,18,"(7, 33)",1,-0.08
128,19,"(8, 33)",0,-0.08
128,20,"(8, 32)",0,-0.08
128,21,"(8, 31)",0,-0.08
128,22,"(8, 30)",1,-0.08
128,23,"(9, 30)",1,-0.08
128,24,"(10, 30)",0,-0.08
128,25,"(10, 29)",0,-0.08
128,26,"(10, 28)",0,-0.08
128,27,"(10, 27)",0,-8.33
128,28,"(10, 27)",1,-0.08
128,29,"(11, 27)",1,-0.08
128,30,"(12, 27)",0,-0.08
128,31,"(12, 26)",0,-0.08
128,32,"(12, 25)",1,-0.08
128,33,"(13, 25)",0,-0.08
128,34,"(13, 24)",0,-0.08
128,35,"(13, 23)",1,-0.08
128,36,"(14, 23)",1,-0.08
128,37,"(15, 23)",1,-0.08
128,38,"(16, 23)",0,-0.08
128,39,"(16, 22)",1,-0.08
128,40,"(17, 22)",1,-0.08
128,41,"(18, 22)",1,-0.08
128,42,"(19, 22)",1,-0.08
128,43,"(20, 22)",1,-0.08
128,44,"(21, 22)",0,-0.08
128,45,"(21, 21)",0,-0.08
128,46,"(21, 20)",0,-0.08
128,47,"(21, 19)",1,-0.08
128,48,"(22, 19)",1,-0.08
128,49,"(23, 19)",0,-0.08
128,50,"(23, 18)",0,-0.08
128,51,"(23, 17)",1,-0.08
128,52,"(24, 17)",1,-0.08
128,53,"(25, 17)",1,-0.08
128,54,"(26, 17)",1,-0.08
128,55,"(27, 17)",0,-0.08
128,56,"(27, 16)",1,-0.08
128,57,"(28, 16)",0,-0.08
128,58,"(28, 15)",1,-0.08
128,59,"(29, 15)",1,-0.08
128,60,"(30, 15)",1,-0.08
128,61,"(31, 15)",0,-0.08
128,62,"(31, 14)",0,-0.08
128,63,"(31, 13)",1,-0.08
128,64,"(32, 13)",1,-0.08
128,65,"(33, 13)",1,-0.08
128,66,"(34, 13)",1,-0.08
128,67,"(35, 13)",1,-0.08
128,68,"(36, 13)",0,-0.08
128,69,"(36, 12)",1,-0.08
128,70,"(37, 12)",1,-0.08
128,71,"(38, 12)",1,-0.08
128,72,"(39, 12)",0,-0.08
128,73,"(39, 11)",1,-0.08
128,74,"(40, 11)",1,-0.08
128,75,"(41, 11)",1,-0.08
128,76,"(42, 11)",1,-0.08
128,77,"(43, 11)",1,-0.08
128,78,"(44, 11)",1,-0.08
128,79,"(45, 11)",0,-0.08
128,80,"(45, 10)",1,-0.08
128,81,"(46, 10)",0,-0.08
128,82,"(46, 9)",0,-0.08
128,83,"(46, 8)",0,-0.08
128,84,"(46, 7)",1,-0.08
128,85,"(47, 7)",1,-0.08
128,86,"(48, 7)",1,-0.08
128,87,"(49, 7)",1,-0.08
128,88,"(50, 7)",1,-0.08
128,89,"(51, 7)",1,-0.08
128,90,"(52, 7)",1,-0.08
128,91,"(53, 7)",1,-0.08
128,92,"(54, 7)",1,-0.08
128,93,"(55, 7)",1,-0.08
128,94,"(56, 7)",1,-0.08
128,95,"(57, 7)",1,-0.08
128,96,"(58, 7)",1,-0.08
128,97,"(59, 7)",1,-0.08
128,98,"(60, 7)",1,-0.08
128,99,"(61, 7)",1,-0.08
128,100,"(62, 7)",1,-0.08
128,101,"(63, 7)",1,-0.08
128,102,"(64, 7)",1,-0.08
128,103,"(65, 7)",1,-0.08
128,104,"(66, 7)",1,-0.08
128,105,"(67, 7)",1,-0.08
128,106,"(68, 7)",1,-0.08
128,107,"(69, 7)",0,-0.08
128,108,"(69, 6)",1,-0.08
128,109,"(70, 6)",1,-0.08
128,110,"(71, 6)",0,-0.08
128,111,"(71, 5)",1,-0.08
128,112,"(72, 5)",1,-0.08
128,113,"(73, 5)",1,-0.08
128,114,"(74, 5)",0,-0.08
128,115,"(74, 4)",1,-0.08
128,116,"(75, 4)",0,-0.08
128,117,"(75, 3)",1,-0.08
128,118,"(76, 3)",1,-0.08
128,119,"(77, 3)",0,-0.08
128,120,"(77, 2)",0,-0.08
128,121,"(77, 1)",0,-0.08
128,122,"(77, 0)",1,-0.08
128,123,"(78, 0)",1,8.33
129,0,"(0, 39)",0,-0.08
129,1,"(0, 38)",1,-0.08
129,2,"(1, 38)",0,-0.08
129,3,"(1, 37)",0,-8.33
129,4,"(1, 37)",3,-0.08
129,5,"(0, 37)",0,-0.08
129,6,"(0, 36)",0,-0.08
129,7,"(0, 35)",1,-0.08
129,8,"(1, 35)",1,-0.08
129,9,"(2, 35)",0,-0.08
129,10,"(2, 34)",0,-0.08
129,11,"(2, 33)",1,-0.08
129,12,"(3, 33)",0,-0.08
129,13,"(3, 32)",0,-0.08
129,14,"(3, 31)",0,-8.33
129,15,"(3, 31)",3,-0.08
129,16,"(2, 31)",3,-0.08
129,17,"(1, 31)",0,-0.08
129,18,"(1, 30)",0,-0.08
129,19,"(1, 29)",0,-0.08
129,20,"(1, 28)",0,-0.08
129,21,"(1, 27)",0,-0.08
129,22,"(1, 26)",1,-0.08
129,23,"(2, 26)",0,-0.08
129,24,"(2, 25)",1,-0.08
129,25,"(3, 25)",1,-0.08
129,26,"(4, 25)",1,-0.08
129,27,"(5, 25)",1,-0.08
129,28,"(6, 25)",1,-0.08
129,29,"(7, 25)",1,-0.08
129,30,"(8, 25)",1,-0.08
129,31,"(9, 25)",1,-0.08
129,32,"(10, 25)",1,-0.08
129,33,"(11, 25)",0,-0.08
129,34,"(11, 24)",1,-0.08
129,35,"(12, 24)",1,-0.08
129,36,"(13, 24)",1,-0.08
129,37,"(14, 24)",0,-0.08
129,38,"(14, 23)",1,-0.08
129,39,"(15, 23)",1,-0.08
129,40,"(16, 23)",0,-0.08
129,41,"(16, 22)",1,-0.08
129,42,"(17, 22)",1,-0.08
129,43,"(18, 22)",1,-0.08
129,44,"(19, 22)",1,-0.08
129,45,"(20, 22)",0,-0.08
129,46,"(20, 21)",1,-0.08
129,47,"(21, 21)",0,-0.08
129,48,"(21, 20)",0,-0.08
129,49,"(21, 19)",1,-0.08
129,50,"(22, 19)",1,-0.08
129,51,"(23, 19)",0,-0.08
129,52,"(23, 18)",0,-0.08
129,53,"(23, 17)",0,-0.08
129,54,"(23, 16)",0,-0.08
129,55,"(23, 15)",1,-0.08
129,56,"(24, 15)",1,-0.08
129,57,"(25, 15)",1,-0.08
129,58,"(26, 15)",1,-0.08
129,59,"(27, 15)",0,-0.08
129,60,"(27, 14)",0,-0.08
129,61,"(27, 13)",1,-0.08
129,62,"(28, 13)",1,-0.08
129,63,"(29, 13)",1,-0.08
129,64,"(30, 13)",1,-0.08
129,65,"(31, 13)",1,-0.08
129,66,"(32, 13)",1,-0.08
129,67,"(33, 13)",1,-0.08
129,68,"(34, 13)",1,-0.08
129,69,"(35, 13)",0,-0.08
129,70,"(35, 12)",1,-0.08
129,71,"(36, 12)",1,-0.08
129,72,"(37, 12)",1,-0.08
129,73,"(38, 12)",1,-0.08
129,74,"(39, 12)",0,-0.08
129,75,"(39, 11)",1,-0.08
129,76,"(40, 11)",1,-0.08
129,77,"(41, 11)",1,-0.08
129,78,"(42, 11)",1,-0.08
129,79,"(43, 11)",1,-0.08
129,80,"(44, 11)",1,-0.08
129,81,"(45, 11)",0,-0.08
129,82,"(45, 10)",0,-0.08
129,83,"(45, 9)",0,-0.08
129,84,"(45, 8)",0,-0.08
129,85,"(45, 7)",1,-0.08
129,86,"(46, 7)",1,-0.08
129,87,"(47, 7)",1,-0.08
129,88,"(48, 7)",1,-0.08
129,89,"(49, 7)",1,-0.08
129,90,"(50, 7)",1,-0.08
129,91,"(51, 7)",1,-0.08
129,92,"(52, 7)",1,-0.08
129,93,"(53, 7)",1,-0.08
129,94,"(54, 7)",1,-0.08
129,95,"(55, 7)",1,-0.08
129,96,"(56, 7)",1,-0.08
129,97,"(57, 7)",1,-0.08
129,98,"(58, 7)",1,-0.08
129,99,"(59, 7)",1,-0.08
129,100,"(60, 7)",1,-0.08
129,101,"(61, 7)",1,-0.08
129,102,"(62, 7)",1,-0.08
129,103,"(63, 7)",1,-0.08
129,104,"(64, 7)",1,-0.08
129,105,"(65, 7)",1,-0.08
129,106,"(66, 7)",1,-0.08
129,107,"(67, 7)",1,-0.08
129,108,"(68, 7)",1,-0.08
129,109,"(69, 7)",0,-0.08
129,110,"(69, 6)",1,-0.08
129,111,"(70, 6)",1,-0.08
129,112,"(71, 6)",0,-0.08
129,113,"(71, 5)",1,-0.08
129,114,"(72, 5)",1,-0.08
129,115,"(73, 5)",1,-0.08
129,116,"(74, 5)",1,-0.08
129,117,"(75, 5)",0,-0.08
129,118,"(75, 4)",0,-0.08
129,119,"(75, 3)",1,-0.08
129,120,"(76, 3)",0,-0.08
129,121,"(76, 2)",0,-0.08
129,122,"(76, 1)",1,-0.08
129,123,"(77, 1)",0,-0.08
129,124,"(77, 0)",1,-0.08
129,125,"(78, 0)",1,8.33
130,0,"(0, 39)",0,-0.08
130,1,"(0, 38)",1,-0.08
130,2,"(1, 38)",1,-8.33
130,3,"(1, 38)",0,-0.08
130,4,"(1, 37)",0,-8.33
130,5,"(1, 37)",3,-0.08
130,6,"(0, 37)",0,-0.08
130,7,"(0, 36)",0,-0.08
130,8,"(0, 35)",0,-0.08
130,9,"(0, 34)",0,-0.08
130,10,"(0, 33)",1,-0.08
130,11,"(1, 33)",0,-0.08
130,12,"(1, 32)",1,-0.08
130,13,"(2, 32)",0,-0.08
130,14,"(2, 31)",1,-0.08
130,15,"(3, 31)",0,-8.33
130,16,"(3, 31)",0,-8.33
130,17,"(3, 31)",3,-0.08
130,18,"(2, 31)",3,-0.08
130,19,"(1, 31)",0,-0.08
130,20,"(1, 30)",0,-0.08
130,21,"(1, 29)",1,-0.08
130,22,"(2, 29)",1,-0.08
130,23,"(3, 29)",1,-0.08
130,24,"(4, 29)",1,-0.08
130,25,"(5, 29)",1,-0.08
130,26,"(6, 29)",1,-0.08
130,27,"(7, 29)",1,-0.08
130,28,"(8, 29)",1,-0.08
130,29,"(9, 29)",1,-0.08
130,30,"(10, 29)",0,-0.08
130,31,"(10, 28)",0,-0.08
130,32,"(10, 27)",1,-0.08
130,33,"(11, 27)",1,-0.08
130,34,"(12, 27)",0,-0.08
130,35,"(12, 26)",0,-0.08
130,36,"(12, 25)",1,-0.08
130,37,"(13, 25)",0,-0.08
130,38,"(13, 24)",1,-0.08
130,39,"(14, 24)",0,-0.08
130,40,"(14, 23)",1,-0.08
130,41,"(15, 23)",1,-0.08
130,42,"(16, 23)",0,-0.08
130,43,"(16, 22)",1,-0.08
130,44,"(17, 22)",1,-0.08
130,45,"(18, 22)",1,-0.08
130,46,"(19, 22)",0,-0.08
130,47,"(19, 21)",0,-0.08
130,48,"(19, 20)",1,-0.08
130,49,"(20, 20)",1,-0.08
130,50,"(21, 20)",0,-0.08
130,51,"(21, 19)",1,-0.08
130,52,"(22, 19)",1,-0.08
130,53,"(23, 19)",0,-0.08
130,54,"(23, 18)",0,-0.08
130,55,"(23, 17)",1,-0.08
130,56,"(24, 17)",1,-0.08
130,57,"(25, 17)",1,-0.08
130,58,"(26, 17)",1,-0.08
130,59,"(27, 17)",1,-0.08
130,60,"(28, 17)",1,-0.08
130,61,"(29, 17)",0,-0.08
130,62,"(29, 16)",0,-0.08
130,63,"(29, 15)",0,-0.08
130,64,"(29, 14)",0,-0.08
130,65,"(29, 13)",1,-0.08
130,66,"(30, 13)",1,-0.08
130,67,"(31, 13)",1,-0.08
130,68,"(32, 13)",1,-0.08
130,69,"(33, 13)",1,-0.08
130,70,"(34, 13)",1,-0.08
130,71,"(35, 13)",0,-0.08
130,72,"(35, 12)",1,-0.08
130,73,"(36, 12)",1,-0.08
130,74,"(37, 12)",1,-0.08
130,75,"(38, 12)",1,-0.08
130,76,"(39, 12)",0,-0.08
130,77,"(39, 11)",1,-0.08
130,78,"(40, 11)",1,-0.08
130,79,"(41, 11)",1,-0.08
130,80,"(42, 11)",1,-0.08
130,81,"(43, 11)",1,-0.08
130,82,"(44, 11)",1,-0.08
130,83,"(45, 11)",0,-0.08
130,84,"(45, 10)",0,-0.08
130,85,"(45, 9)",1,-0.08
130,86,"(46, 9)",0,-0.08
130,87,"(46, 8)",0,-0.08
130,88,"(46, 7)",1,-0.08
130,89,"(47, 7)",1,-0.08
130,90,"(48, 7)",1,-0.08
130,91,"(49, 7)",1,-0.08
130,92,"(50, 7)",1,-0.08
130,93,"(51, 7)",1,-0.08
130,94,"(52, 7)",1,-0.08
130,95,"(53, 7)",1,-0.08
130,96,"(54, 7)",1,-0.08
130,97,"(55, 7)",1,-0.08
130,98,"(56, 7)",1,-0.08
130,99,"(57, 7)",1,-0.08
130,100,"(58, 7)",1,-0.08
130,101,"(59, 7)",1,-0.08
130,102,"(60, 7)",1,-0.08
130,103,"(61, 7)",1,-0.08
130,104,"(62, 7)",1,-0.08
130,105,"(63, 7)",1,-0.08
130,106,"(64, 7)",1,-0.08
130,107,"(65, 7)",1,-0.08
130,108,"(66, 7)",1,-0.08
130,109,"(67, 7)",1,-0.08
130,110,"(68, 7)",1,-0.08
130,111,"(69, 7)",0,-0.08
130,112,"(69, 6)",1,-0.08
130,113,"(70, 6)",1,-0.08
130,114,"(71, 6)",0,-0.08
130,115,"(71, 5)",1,-0.08
130,116,"(72, 5)",1,-0.08
130,117,"(73, 5)",1,-0.08
130,118,"(74, 5)",1,-0.08
130,119,"(75, 5)",0,-0.08
130,120,"(75, 4)",0,-0.08
130,121,"(75, 3)",1,-0.08
130,122,"(76, 3)",0,-0.08
130,123,"(76, 2)",0,-0.08
130,124,"(76, 1)",1,-0.08
130,125,"(77, 1)",0,-0.08
130,126,"(77, 0)",1,-0.08
130,127,"(78, 0)",1,8.33
131,0,"(0, 39)",0,-0.08
131,1,"(0, 38)",0,-0.08
131,2,"(0, 37)",0,-0.08
131,3,"(0, 36)",0,-0.08
131,4,"(0, 35)",0,-0.08
131,5,"(0, 34)",1,-0.08
131,6,"(1, 34)",1,-0.08
131,7,"(2, 34)",0,-0.08
131,8,"(2, 33)",0,-0.08
131,9,"(2, 32)",1,-0.08
131,10,"(3, 32)",0,-0.08
131,11,"(3, 31)",1,-8.33
131,12,"(3, 31)",0,-8.33
131,13,"(3, 31)",0,-8.33
131,14,"(3, 31)",2,-0.08
131,15,"(3, 32)",2,-0.08
131,16,"(3, 33)",1,-0.08
131,17,"(4, 33)",1,-0.08
131,18,"(5, 33)",0,-0.08
131,19,"(5, 32)",0,-0.08
131,20,"(5, 31)",0,-0.08
131,21,"(5, 30)",0,-0.08
131,22,"(5, 29)",1,-0.08
131,23,"(6, 29)",1,-0.08
131,24,"(7, 29)",0,-0.08
131,25,"(7, 28)",1,-0.08
131,26,"(8, 28)",0,-0.08
131,27,"(8, 27)",1,-0.08
131,28,"(9, 27)",1,-0.08
131,29,"(10, 27)",1,-0.08
131,30,"(11, 27)",1,-0.08
131,31,"(12, 27)",1,-0.08
131,32,"(13, 27)",0,-0.08
131,33,"(13, 26)",0,-0.08
131,34,"(13, 25)",1,-0.08
131,35,"(14, 25)",0,-0.08
131,36,"(14, 24)",0,-0.08
131,37,"(14, 23)",1,-0.08
131,38,"(15, 23)",1,-0.08
131,39,"(16, 23)",0,-0.08
131,40,"(16, 22)",1,-0.08
131,41,"(17, 22)",1,-0.08
131,42,"(18, 22)",1,-0.08
131,43,"(19, 22)",0,-0.08
131,44,"(19, 21)",0,-0.08
131,45,"(19, 20)",1,-0.08
131,46,"(20, 20)",1,-0.08
131,47,"(21, 20)",0,-0.08
131,48,"(21, 19)",1,-0.08
131,49,"(22, 19)",1,-0.08
131,50,"(23, 19)",0,-0.08
131,51,"(23, 18)",0,-0.08
131,52,"(23, 17)",0,-0.08
131,53,"(23, 16)",0,-0.08
131,54,"(23, 15)",1,-0.08
131,55,"(24, 15)",1,-0.08
131,56,"(25, 15)",1,-0.08
131,57,"(26, 15)",1,-0.08
131,58,"(27, 15)",1,-0.08
131,59,"(28, 15)",1,-0.08
131,60,"(29, 15)",0,-0.08
131,61,"(29, 14)",0,-0.08
131,62,"(29, 13)",1,-0.08
131,63,"(30, 13)",1,-0.08
131,64,"(31, 13)",1,-0.08
131,65,"(32, 13)",1,-0.08
131,66,"(33, 13)",1,-0.08
131,67,"(34, 13)",1,-0.08
131,68,"(35, 13)",1,-0.08
131,69,"(36, 13)",0,-0.08
131,70,"(36, 12)",1,-0.08
131,71,"(37, 12)",1,-0.08
131,72,"(38, 12)",1,-0.08
131,73,"(39, 12)",0,-0.08
131,74,"(39, 11)",1,-0.08
131,75,"(40, 11)",1,-0.08
131,76,"(41, 11)",1,-0.08
131,77,"(42, 11)",1,-0.08
131,78,"(43, 11)",1,-0.08
131,79,"(44, 11)",1,-0.08
131,80,"(45, 11)",0,-0.08
131,81,"(45, 10)",0,-0.08
131,82,"(45, 9)",0,-0.08
131,83,"(45, 8)",0,-0.08
131,84,"(45, 7)",1,-0.08
131,85,"(46, 7)",1,-0.08
131,86,"(47, 7)",1,-0.08
131,87,"(48, 7)",1,-0.08
131,88,"(49, 7)",1,-0.08
131,89,"(50, 7)",1,-0.08
131,90,"(51, 7)",1,-0.08
131,91,"(52, 7)",1,-0.08
131,92,"(53, 7)",1,-0.08
131,93,"(54, 7)",1,-0.08
131,94,"(55, 7)",1,-0.08
131,95,"(56, 7)",1,-0.08
131,96,"(57, 7)",1,-0.08
131,97,"(58, 7)",1,-0.08
131,98,"(59, 7)",1,-0.08
131,99,"(60, 7)",1,-0.08
131,100,"(61, 7)",1,-0.08
131,101,"(62, 7)",1,-0.08
131,102,"(63, 7)",1,-0.08
131,103,"(64, 7)",1,-0.08
131,104,"(65, 7)",1,-0.08
131,105,"(66, 7)",1,-0.08
131,106,"(67, 7)",1,-0.08
131,107,"(68, 7)",1,-0.08
131,108,"(69, 7)",0,-0.08
131,109,"(69, 6)",1,-0.08
131,110,"(70, 6)",1,-0.08
131,111,"(71, 6)",0,-0.08
131,112,"(71, 5)",1,-0.08
131,113,"(72, 5)",1,-0.08
131,114,"(73, 5)",1,-0.08
131,115,"(74, 5)",1,-0.08
131,116,"(75, 5)",0,-0.08
131,117,"(75, 4)",0,-0.08
131,118,"(75, 3)",1,-0.08
131,119,"(76, 3)",1,-0.08
131,120,"(77, 3)",0,-0.08
131,121,"(77, 2)",0,-0.08
131,122,"(77, 1)",0,-0.08
131,123,"(77, 0)",1,-0.08
131,124,"(78, 0)",1,8.33
132,0,"(0, 39)",1,-0.08
132,1,"(1, 39)",0,-0.08
132,2,"(1, 38)",1,-8.33
132,3,"(1, 38)",0,-0.08
132,4,"(1, 37)",0,-8.33
132,5,"(1, 37)",3,-0.08
132,6,"(0, 37)",0,-0.08
132,7,"(0, 36)",0,-0.08
132,8,"(0, 35)",1,-0.08
132,9,"(1, 35)",1,-0.08
132,10,"(2, 35)",0,-0.08
132,11,"(2, 34)",0,-0.08
132,12,"(2, 33)",0,-0.08
132,13,"(2, 32)",0,-0.08
132,14,"(2, 31)",1,-0.08
132,15,"(3, 31)",0,-8.33
132,16,"(3, 31)",0,-8.33
132,17,"(3, 31)",3,-0.08
132,18,"(2, 31)",3,-0.08
132,19,"(1, 31)",0,-0.08
132,20,"(1, 30)",0,-0.08
132,21,"(1, 29)",1,-0.08
132,22,"(2, 29)",1,-0.08
132,23,"(3, 29)",1,-0.08
132,24,"(4, 29)",1,-0.08
132,25,"(5, 29)",1,-0.08
132,26,"(6, 29)",1,-0.08
132,27,"(7, 29)",1,-0.08
132,28,"(8, 29)",1,-0.08
132,29,"(9, 29)",1,-0.08
132,30,"(10, 29)",0,-0.08
132,31,"(10, 28)",0,-0.08
132,32,"(10, 27)",1,-0.08
132,33,"(11, 27)",1,-0.08
132,34,"(12, 27)",1,-0.08
132,35,"(13, 27)",0,-0.08
132,36,"(13, 26)",0,-0.08
132,37,"(13, 25)",0,-0.08
132,38,"(13, 24)",1,-0.08
132,39,"(14, 24)",0,-0.08
132,40,"(14, 23)",1,-0.08
132,41,"(15, 23)",1,-0.08
132,42,"(16, 23)",0,-0.08
132,43,"(16, 22)",1,-0.08
132,44,"(17, 22)",1,-0.08
132,45,"(18, 22)",1,-0.08
132,46,"(19, 22)",1,-0.08
132,47,"(20, 22)",0,-0.08
132,48,"(20, 21)",1,-0.08
132,49,"(21, 21)",1,-0.08
132,50,"(22, 21)",1,-0.08
132,51,"(23, 21)",1,-0.08
132,52,"(24, 21)",1,-0.08
132,53,"(25, 21)",0,-0.08
132,54,"(25, 20)",0,-0.08
132,55,"(25, 19)",1,-0.08
132,56,"(26, 19)",0,-0.08
132,57,"(26, 18)",0,-0.08
132,58,"(26, 17)",1,-0.08
132,59,"(27, 17)",0,-0.08
132,60,"(27, 16)",1,-0.08
132,61,"(28, 16)",1,-0.08
132,62,"(29, 16)",0,-0.08
132,63,"(29, 15)",0,-0.08
132,64,"(29, 14)",0,-0.08
132,65,"(29, 13)",1,-0.08
132,66,"(30, 13)",1,-0.08
132,67,"(31, 13)",1,-0.08
132,68,"(32, 13)",1,-0.08
132,69,"(33, 13)",1,-0.08
132,70,"(34, 13)",1,-0.08
132,71,"(35, 13)",1,-0.08
132,72,"(36, 13)",0,-0.08
132,73,"(36, 12)",1,-0.08
132,74,"(37, 12)",1,-0.08
132,75,"(38, 12)",1,-0.08
132,76,"(39, 12)",0,-0.08
132,77,"(39, 11)",1,-0.08
132,78,"(40, 11)",1,-0.08
132,79,"(41, 11)",1,-0.08
132,80,"(42, 11)",1,-0.08
132,81,"(43, 11)",1,-0.08
132,82,"(44, 11)",1,-0.08
132,83,"(45, 11)",0,-0.08
132,84,"(45, 10)",1,-0.08
132,85,"(46, 10)",1,-0.08
132,86,"(47, 10)",1,-0.08
132,87,"(48, 10)",1,-0.08
132,88,"(49, 10)",0,-0.08
132,89,"(49, 9)",1,-0.08
132,90,"(50, 9)",0,-0.08
132,91,"(50, 8)",0,-0.08
132,92,"(50, 7)",1,-0.08
132,93,"(51, 7)",1,-0.08
132,94,"(52, 7)",1,-0.08
132,95,"(53, 7)",1,-0.08
132,96,"(54, 7)",1,-0.08
132,97,"(55, 7)",1,-0.08
132,98,"(56, 7)",1,-0.08
132,99,"(57, 7)",1,-0.08
132,100,"(58, 7)",1,-0.08
132,101,"(59, 7)",1,-0.08
132,102,"(60, 7)",1,-0.08
132,103,"(61, 7)",1,-0.08
132,104,"(62, 7)",1,-0.08
132,105,"(63, 7)",1,-0.08
132,106,"(64, 7)",1,-0.08
132,107,"(65, 7)",1,-0.08
132,108,"(66, 7)",1,-0.08
132,109,"(67, 7)",1,-0.08
132,110,"(68, 7)",1,-0.08
132,111,"(69, 7)",0,-0.08
132,112,"(69, 6)",1,-0.08
132,113,"(70, 6)",1,-0.08
132,114,"(71, 6)",1,-0.08
132,115,"(72, 6)",1,-0.08
132,116,"(73, 6)",0,-0.08
132,117,"(73, 5)",1,-0.08
132,118,"(74, 5)",1,-0.08
132,119,"(75, 5)",1,-0.08
132,120,"(76, 5)",1,-0.08
132,121,"(77, 5)",0,-0.08
132,122,"(77, 4)",0,-0.08
132,123,"(77, 3)",0,-0.08
132,124,"(77, 2)",0,-0.08
132,125,"(77, 1)",0,-0.08
132,126,"(77, 0)",1,-0.08
132,127,"(78, 0)",1,8.33
133,0,"(0, 39)",0,-0.08
133,1,"(0, 38)",1,-0.08
133,2,"(1, 38)",1,-8.33
133,3,"(1, 38)",0,-0.08
133,4,"(1, 37)",0,-8.33
133,5,"(1, 37)",3,-0.08
133,6,"(0, 37)",0,-0.08
133,7,"(0, 36)",0,-0.08
133,8,"(0, 35)",0,-0.08
133,9,"(0, 34)",1,-0.08
133,10,"(1, 34)",0,-0.08
133,11,"(1, 33)",1,-0.08
133,12,"(2, 33)",1,-0.08
133,13,"(3, 33)",1,-0.08
133,14,"(4, 33)",1,-0.08
133,15,"(5, 33)",1,-0.08
133,16,"(6, 33)",1,-0.08
133,17,"(7, 33)",1,-0.08
133,18,"(8, 33)",1,-0.08
133,19,"(9, 33)",1,-0.08
133,20,"(10, 33)",1,-0.08
133,21,"(11, 33)",1,-0.08
133,22,"(12, 33)",0,-0.08
133,23,"(12, 32)",0,-0.08
133,24,"(12, 31)",1,-0.08
133,25,"(13, 31)",1,-0.08
133,26,"(14, 31)",1,-0.08
133,27,"(15, 31)",1,-0.08
133,28,"(16, 31)",0,-0.08
133,29,"(16, 30)",0,-0.08
133,30,"(16, 29)",1,-0.08
133,31,"(17, 29)",1,-0.08
133,32,"(18, 29)",1,-0.08
133,33,"(19, 29)",0,-0.08
133,34,"(19, 28)",0,-0.08
133,35,"(19, 27)",0,-0.08
133,36,"(19, 26)",0,-0.08
133,37,"(19, 25)",0,-0.08
133,38,"(19, 24)",1,-0.08
133,39,"(20, 24)",0,-0.08
133,40,"(20, 23)",0,-0.08
133,41,"(20, 22)",0,-0.08
133,42,"(20, 21)",1,-0.08
133,43,"(21, 21)",1,-0.08
133,44,"(22, 21)",1,-0.08
133,45,"(23, 21)",1,-0.08
133,46,"(24, 21)",0,-0.08
133,47,"(24, 20)",1,-0.08
133,48,"(25, 20)",0,-0.08
133,49,"(25, 19)",1,-0.08
133,50,"(26, 19)",0,-0.08
133,51,"(26, 18)",0,-0.08
133,52,"(26, 17)",1,-0.08
133,53,"(27, 17)",0,-0.08
133,54,"(27, 16)",0,-0.08
133,55,"(27, 15)",1,-0.08
133,56,"(28, 15)",1,-0.08
133,57,"(29, 15)",0,-0.08
133,58,"(29, 14)",0,-0.08
133,59,"(29, 13)",1,-0.08
133,60,"(30, 13)",1,-0.08
133,61,"(31, 13)",1,-0.08
133,62,"(32, 13)",1,-0.08
133,63,"(33, 13)",1,-0.08
133,64,"(34, 13)",1,-0.08
133,65,"(35, 13)",0,-0.08
133,66,"(35, 12)",1,-0.08
133,67,"(36, 12)",1,-0.08
133,68,"(37, 12)",1,-0.08
133,69,"(38, 12)",1,-0.08
133,70,"(39, 12)",0,-0.08
133,71,"(39, 11)",1,-0.08
133,72,"(40, 11)",1,-0.08
133,73,"(41, 11)",1,-0.08
133,74,"(42, 11)",1,-0.08
133,75,"(43, 11)",1,-0.08
133,76,"(44, 11)",1,-0.08
133,77,"(45, 11)",0,-0.08
133,78,"(45, 10)",0,-0.08
133,79,"(45, 9)",1,-0.08
133,80,"(46, 9)",0,-0.08
133,81,"(46, 8)",0,-0.08
133,82,"(46, 7)",1,-0.08
133,83,"(47, 7)",1,-0.08
133,84,"(48, 7)",1,-0.08
133,85,"(49, 7)",1,-0.08
133,86,"(50, 7)",1,-0.08
133,87,"(51, 7)",1,-0.08
133,88,"(52, 7)",1,-0.08
133,89,"(53, 7)",1,-0.08
133,90,"(54, 7)",1,-0.08
133,91,"(55, 7)",1,-0.08
133,92,"(56, 7)",1,-0.08
133,93,"(57, 7)",1,-0.08
133,94,"(58, 7)",1,-0.08
133,95,"(59, 7)",1,-0.08
133,96,"(60, 7)",1,-0.08
133,97,"(61, 7)",1,-0.08
133,98,"(62, 7)",1,-0.08
133,99,"(63, 7)",1,-0.08
133,100,"(64, 7)",1,-0.08
133,101,"(65, 7)",1,-0.08
133,102,"(66, 7)",1,-0.08
133,103,"(67, 7)",1,-0.08
133,104,"(68, 7)",1,-0.08
133,105,"(69, 7)",1,-0.08
133,106,"(70, 7)",1,-0.08
133,107,"(71, 7)",1,-0.08
133,108,"(72, 7)",1,-0.08
133,109,"(73, 7)",1,-0.08
133,110,"(74, 7)",0,-0.08
133,111,"(74, 6)",0,-0.08
133,112,"(74, 5)",1,-0.08
133,113,"(75, 5)",1,-0.08
133,114,"(76, 5)",1,-0.08
133,115,"(77, 5)",0,-0.08
133,116,"(77, 4)",0,-0.08
133,117,"(77, 3)",1,-8.33
133,118,"(77, 3)",0,-0.08
133,119,"(77, 2)",0,-0.08
133,120,"(77, 1)",1,-0.08
133,121,"(78, 1)",1,-0.08
133,122,"(79, 1)",0,8.33
134,0,"(0, 39)",0,-0.08
134,1,"(0, 38)",1,-0.08
134,2,"(1, 38)",1,-8.33
134,3,"(1, 38)",0,-0.08
134,4,"(1, 37)",0,-8.33
134,5,"(1, 37)",3,-0.08
134,6,"(0, 37)",0,-0.08
134,7,"(0, 36)",0,-0.08
134,8,"(0, 35)",1,-0.08
134,9,"(1, 35)",1,-0.08
134,10,"(2, 35)",0,-0.08
134,11,"(2, 34)",0,-0.08
134,12,"(2, 33)",1,-0.08
134,13,"(3, 33)",1,-0.08
134,14,"(4, 33)",1,-0.08
134,15,"(5, 33)",1,-0.08
134,16,"(6, 33)",1,-0.08
134,17,"(7, 33)",0,-0.08
134,18,"(7, 32)",0,-0.08
134,19,"(7, 31)",1,-0.08
134,20,"(8, 31)",1,-0.08
134,21,"(9, 31)",0,-0.08
134,22,"(9, 30)",0,-0.08
134,23,"(9, 29)",1,-0.08
134,24,"(10, 29)",0,-0.08
134,25,"(10, 28)",0,-0.08
134,26,"(10, 27)",1,-0.08
134,27,"(11, 27)",1,-0.08
134,28,"(12, 27)",1,-0.08
134,29,"(13, 27)",1,-0.08
134,30,"(14, 27)",1,-0.08
134,31,"(15, 27)",0,-0.08
134,32,"(15, 26)",0,-0.08
134,33,"(15, 25)",1,-0.08
134,34,"(16, 25)",1,-0.08
134,35,"(17, 25)",0,-0.08
134,36,"(17, 24)",0,-0.08
134,37,"(17, 23)",0,-0.08
134,38,"(17, 22)",1,-0.08
134,39,"(18, 22)",1,-0.08
134,40,"(19, 22)",1,-0.08
134,41,"(20, 22)",1,-0.08
134,42,"(21, 22)",0,-0.08
134,43,"(21, 21)",1,-0.08
134,44,"(22, 21)",0,-0.08
134,45,"(22, 20)",1,-0.08
134,46,"(23, 20)",1,-0.08
134,47,"(24, 20)",1,-0.08
134,48,"(25, 20)",0,-0.08
134,49,"(25, 19)",0,-0.08
134,50,"(25, 18)",0,-0.08
134,51,"(25, 17)",1,-0.08
134,52,"(26, 17)",1,-0.08
134,53,"(27, 17)",1,-0.08
134,54,"(28, 17)",1,-0.08
134,55,"(29, 17)",1,-0.08
134,56,"(30, 17)",1,-0.08
134,57,"(31, 17)",0,-0.08
134,58,"(31, 16)",1,-0.08
134,59,"(32, 16)",0,-0.08
134,60,"(32, 15)",1,-0.08
134,61,"(33, 15)",1,-0.08
134,62,"(34, 15)",1,-0.08
134,63,"(35, 15)",0,-0.08
134,64,"(35, 14)",0,-0.08
134,65,"(35, 13)",0,-0.08
134,66,"(35, 12)",1,-0.08
134,67,"(36, 12)",1,-0.08
134,68,"(37, 12)",1,-0.08
134,69,"(38, 12)",1,-0.08
134,70,"(39, 12)",0,-0.08
134,71,"(39, 11)",1,-0.08
134,72,"(40, 11)",1,-0.08
134,73,"(41, 11)",1,-0.08
134,74,"(42, 11)",1,-0.08
134,75,"(43, 11)",1,-0.08
134,76,"(44, 11)",1,-0.08
134,77,"(45, 11)",0,-0.08
134,78,"(45, 10)",1,-0.08
134,79,"(46, 10)",1,-0.08
134,80,"(47, 10)",1,-0.08
134,81,"(48, 10)",1,-0.08
134,82,"(49, 10)",1,-0.08
134,83,"(50, 10)",0,-0.08
134,84,"(50, 9)",1,-0.08
134,85,"(51, 9)",1,-0.08
134,86,"(52, 9)",1,-0.08
134,87,"(53, 9)",1,-0.08
134,88,"(54, 9)",1,-0.08
134,89,"(55, 9)",1,-0.08
134,90,"(56, 9)",1,-0.08
134,91,"(57, 9)",1,-0.08
134,92,"(58, 9)",0,-0.08
134,93,"(58, 8)",0,-0.08
134,94,"(58, 7)",1,-0.08
134,95,"(59, 7)",1,-0.08
134,96,"(60, 7)",1,-0.08
134,97,"(61, 7)",1,-0.08
134,98,"(62, 7)",1,-0.08
134,99,"(63, 7)",1,-0.08
134,100,"(64, 7)",1,-0.08
134,101,"(65, 7)",1,-0.08
134,102,"(66, 7)",1,-0.08
134,103,"(67, 7)",1,-0.08
134,104,"(68, 7)",1,-0.08
134,105,"(69, 7)",1,-0.08
134,106,"(70, 7)",1,-0.08
134,107,"(71, 7)",1,-0.08
134,108,"(72, 7)",1,-0.08
134,109,"(73, 7)",1,-0.08
134,110,"(74, 7)",1,-0.08
134,111,"(75, 7)",1,-0.08
134,112,"(76, 7)",1,-0.08
134,113,"(77, 7)",0,-0.08
134,114,"(77, 6)",1,-0.08
134,115,"(78, 6)",1,-0.08
134,116,"(79, 6)",0,-0.08
134,117,"(79, 5)",0,-0.08
134,118,"(79, 4)",0,-0.08
134,119,"(79, 3)",0,-0.08
134,120,"(79, 2)",0,-0.08
134,121,"(79, 1)",0,8.33
135,0,"(0, 39)",1,-0.08
135,1,"(1, 39)",1,-0.08
135,2,"(2, 39)",1,-0.08
135,3,"(3, 39)",0,-0.08
135,4,"(3, 38)",1,-8.33
135,5,"(3, 38)",0,-0.08
135,6,"(3, 37)",0,-0.08
135,7,"(3, 36)",0,-0.08
135,8,"(3, 35)",1,-8.33
135,9,"(3, 35)",3,-0.08
135,10,"(2, 35)",0,-0.08
135,11,"(2, 34)",0,-0.08
135,12,"(2, 33)",1,-0.08
135,13,"(3, 33)",1,-0.08
135,14,"(4, 33)",1,-0.08
135,15,"(5, 33)",1,-0.08
135,16,"(6, 33)",1,-0.08
135,17,"(7, 33)",0,-0.08
135,18,"(7, 32)",1,-0.08
135,19,"(8, 32)",1,-0.08
135,20,"(9, 32)",1,-8.33
135,21,"(9, 32)",0,-0.08
135,22,"(9, 31)",0,-0.08
135,23,"(9, 30)",0,-0.08
135,24,"(9, 29)",1,-0.08
135,25,"(10, 29)",0,-0.08
135,26,"(10, 28)",0,-0.08
135,27,"(10, 27)",1,-0.08
135,28,"(11, 27)",1,-0.08
135,29,"(12, 27)",0,-0.08
135,30,"(12, 26)",0,-0.08
135,31,"(12, 25)",0,-0.08
135,32,"(12, 24)",1,-0.08
135,33,"(13, 24)",0,-0.08
135,34,"(13, 23)",1,-0.08
135,35,"(14, 23)",1,-0.08
135,36,"(15, 23)",1,-0.08
135,37,"(16, 23)",0,-0.08
135,38,"(16, 22)",1,-0.08
135,39,"(17, 22)",1,-0.08
135,40,"(18, 22)",1,-0.08
135,41,"(19, 22)",1,-0.08
135,42,"(20, 22)",1,-0.08
135,43,"(21, 22)",0,-0.08
135,44,"(21, 21)",0,-0.08
135,45,"(21, 20)",0,-0.08
135,46,"(21, 19)",1,-0.08
135,47,"(22, 19)",1,-0.08
135,48,"(23, 19)",0,-0.08
135,49,"(23, 18)",0,-0.08
135,50,"(23, 17)",0,-0.08
135,51,"(23, 16)",0,-0.08
135,52,"(23, 15)",1,-0.08
135,53,"(24, 15)",1,-0.08
135,54,"(25, 15)",1,-0.08
135,55,"(26, 15)",1,-0.08
135,56,"(27, 15)",0,-0.08
135,57,"(27, 14)",0,-0.08
135,58,"(27, 13)",1,-0.08
135,59,"(28, 13)",1,-0.08
135,60,"(29, 13)",0,-0.08
135,61,"(29, 12)",1,-0.08
135,62,"(30, 12)",0,-0.08
135,63,"(30, 11)",1,-0.08
135,64,"(31, 11)",1,-0.08
135,65,"(32, 11)",1,-0.08
135,66,"(33, 11)",0,-0.08
135,67,"(33, 10)",0,-0.08
135,68,"(33, 9)",1,-0.08
135,69,"(34, 9)",0,-0.08
135,70,"(34, 8)",0,-0.08
135,71,"(34, 7)",1,-0.08
135,72,"(35, 7)",1,-0.08
135,73,"(36, 7)",1,-0.08
135,74,"(37, 7)",1,-0.08
135,75,"(38, 7)",1,-0.08
135,76,"(39, 7)",1,-0.08
135,77,"(40, 7)",1,-0.08
135,78,"(41, 7)",0,-0.08
135,79,"(41, 6)",1,-0.08
135,80,"(42, 6)",1,-0.08
135,81,"(43, 6)",1,-0.08
135,82,"(44, 6)",1,-0.08
135,83,"(45, 6)",0,-0.08
135,84,"(45, 5)",1,-0.08
135,85,"(46, 5)",1,-0.08
135,86,"(47, 5)",0,-0.08
135,87,"(47, 4)",0,-0.08
135,88,"(47, 3)",1,-0.08
135,89,"(48, 3)",1,-0.08
135,90,"(49, 3)",0,-8.33
135,91,"(49, 3)",1,-0.08
135,92,"(50, 3)",1,-0.08
135,93,"(51, 3)",0,-0.08
135,94,"(51, 2)",0,-0.08
135,95,"(51, 1)",1,-0.08
135,96,"(52, 1)",1,-0.08
135,97,"(53, 1)",1,-0.08
135,98,"(54, 1)",1,-0.08
135,99,"(55, 1)",1,-0.08
135,100,"(56, 1)",1,-0.08
135,101,"(57, 1)",1,-0.08
135,102,"(58, 1)",1,-0.08
135,103,"(59, 1)",1,-0.08
135,104,"(60, 1)",1,-0.08
135,105,"(61, 1)",1,-0.08
135,106,"(62, 1)",1,-0.08
135,107,"(63, 1)",1,-0.08
135,108,"(64, 1)",1,-0.08
135,109,"(65, 1)",1,-0.08
135,110,"(66, 1)",1,-0.08
135,111,"(67, 1)",1,-0.08
135,112,"(68, 1)",1,-0.08
135,113,"(69, 1)",1,-0.08
135,114,"(70, 1)",1,-0.08
135,115,"(71, 1)",2,-0.08
135,116,"(71, 2)",1,-0.08
135,117,"(72, 2)",1,-0.08
135,118,"(73, 2)",0,-0.08
135,119,"(73, 1)",1,-0.08
135,120,"(74, 1)",0,-0.08
135,121,"(74, 0)",1,-0.08
135,122,"(75, 0)",1,-0.08
135,123,"(76, 0)",1,-0.08
135,124,"(77, 0)",1,-0.08
135,125,"(78, 0)",1,8.33
136,0,"(0, 39)",1,-0.08
136,1,"(1, 39)",0,-0.08
136,2,"(1, 38)",1,-8.33
136,3,"(1, 38)",0,-0.08
136,4,"(1, 37)",0,-8.33
136,5,"(1, 37)",3,-0.08
136,6,"(0, 37)",0,-0.08
136,7,"(0, 36)",0,-0.08
136,8,"(0, 35)",0,-0.08
136,9,"(0, 34)",0,-0.08
136,10,"(0, 33)",1,-0.08
136,11,"(1, 33)",0,-0.08
136,12,"(1, 32)",0,-0.08
136,13,"(1, 31)",0,-0.08
136,14,"(1, 30)",0,-0.08
136,15,"(1, 29)",1,-0.08
136,16,"(2, 29)",1,-0.08
136,17,"(3, 29)",0,-0.08
136,18,"(3, 28)",0,-0.08
136,19,"(3, 27)",0,-0.08
136,20,"(3, 26)",0,-0.08
136,21,"(3, 25)",1,-0.08
136,22,"(4, 25)",1,-0.08
136,23,"(5, 25)",1,-0.08
136,24,"(6, 25)",1,-0.08
136,25,"(7, 25)",1,-0.08
136,26,"(8, 25)",1,-0.08
136,27,"(9, 25)",0,-0.08
136,28,"(9, 24)",1,-0.08
136,29,"(10, 24)",1,-0.08
136,30,"(11, 24)",1,-0.08
136,31,"(12, 24)",1,-0.08
136,32,"(13, 24)",1,-0.08
136,33,"(14, 24)",0,-0.08
136,34,"(14, 23)",1,-0.08
136,35,"(15, 23)",1,-0.08
136,36,"(16, 23)",0,-0.08
136,37,"(16, 22)",1,-0.08
136,38,"(17, 22)",1,-0.08
136,39,"(18, 22)",1,-0.08
136,40,"(19, 22)",0,-0.08
136,41,"(19, 21)",0,-0.08
136,42,"(19, 20)",0,-0.08
136,43,"(19, 19)",1,-0.08
136,44,"(20, 19)",1,-0.08
136,45,"(21, 19)",1,-0.08
136,46,"(22, 19)",1,-0.08
136,47,"(23, 19)",0,-0.08
136,48,"(23, 18)",0,-0.08
136,49,"(23, 17)",1,-0.08
136,50,"(24, 17)",1,-0.08
136,51,"(25, 17)",1,-0.08
136,52,"(26, 17)",1,-0.08
136,53,"(27, 17)",1,-0.08
136,54,"(28, 17)",0,-0.08
136,55,"(28, 16)",1,-0.08
136,56,"(29, 16)",0,-0.08
136,57,"(29, 15)",0,-0.08
136,58,"(29, 14)",0,-0.08
136,59,"(29, 13)",1,-0.08
136,60,"(30, 13)",1,-0.08
136,61,"(31, 13)",1,-0.08
136,62,"(32, 13)",1,-0.08
136,63,"(33, 13)",1,-0.08
136,64,"(34, 13)",1,-0.08
136,65,"(35, 13)",0,-0.08
136,66,"(35, 12)",1,-0.08
136,67,"(36, 12)",1,-0.08
136,68,"(37, 12)",1,-0.08
136,69,"(38, 12)",1,-0.08
136,70,"(39, 12)",0,-0.08
136,71,"(39, 11)",1,-0.08
136,72,"(40, 11)",1,-0.08
136,73,"(41, 11)",1,-0.08
136,74,"(42, 11)",1,-0.08
136,75,"(43, 11)",1,-0.08
136,76,"(44, 11)",1,-0.08
136,77,"(45, 11)",0,-0.08
136,78,"(45, 10)",0,-0.08
136,79,"(45, 9)",0,-0.08
136,80,"(45, 8)",0,-0.08
136,81,"(45, 7)",1,-0.08
136,82,"(46, 7)",1,-0.08
136,83,"(47, 7)",1,-0.08
136,84,"(48, 7)",1,-0.08
136,85,"(49, 7)",1,-0.08
136,86,"(50, 7)",1,-0.08
136,87,"(51, 7)",1,-0.08
136,88,"(52, 7)",1,-0.08
136,89,"(53, 7)",1,-0.08
136,90,"(54, 7)",1,-0.08
136,91,"(55, 7)",1,-0.08
136,92,"(56, 7)",1,-0.08
136,93,"(57, 7)",1,-0.08
136,94,"(58, 7)",1,-0.08
136,95,"(59, 7)",1,-0.08
136,96,"(60, 7)",1,-0.08
136,97,"(61, 7)",1,-0.08
136,98,"(62, 7)",1,-0.08
136,99,"(63, 7)",1,-0.08
136,100,"(64, 7)",1,-0.08
136,101,"(65, 7)",1,-0.08
136,102,"(66, 7)",1,-0.08
136,103,"(67, 7)",1,-0.08
136,104,"(68, 7)",1,-0.08
136,105,"(69, 7)",1,-0.08
136,106,"(70, 7)",0,-0.08
136,107,"(70, 6)",1,-0.08
136,108,"(71, 6)",1,-0.08
136,109,"(72, 6)",1,-0.08
136,110,"(73, 6)",0,-0.08
136,111,"(73, 5)",1,-0.08
136,112,"(74, 5)",1,-0.08
136,113,"(75, 5)",1,-0.08
136,114,"(76, 5)",1,-0.08
136,115,"(77, 5)",0,-0.08
136,116,"(77, 4)",0,-0.08
136,117,"(77, 3)",1,-8.33
136,118,"(77, 3)",0,-0.08
136,119,"(77, 2)",0,-0.08
136,120,"(77, 1)",0,-0.08
136,121,"(77, 0)",1,-0.08
136,122,"(78, 0)",1,8.33
137,0,"(0, 39)",0,-0.08
137,1,"(0, 38)",0,-0.08
137,2,"(0, 37)",0,-0.08
137,3,"(0, 36)",1,-8.33
137,4,"(0, 36)",0,-0.08
137,5,"(0, 35)",1,-0.08
137,6,"(1, 35)",0,-0.08
137,7,"(1, 34)",0,-0.08
137,8,"(1, 33)",0,-0.08
137,9,"(1, 32)",1,-0.08
137,10,"(2, 32)",0,-0.08
137,11,"(2, 31)",1,-0.08
137,12,"(3, 31)",0,-8.33
137,13,"(3, 31)",0,-8.33
137,14,"(3, 31)",3,-0.08
137,15,"(2, 31)",3,-0.08
137,16,"(1, 31)",0,-0.08
137,17,"(1, 30)",0,-0.08
137,18,"(1, 29)",1,-0.08
137,19,"(2, 29)",1,-0.08
137,20,"(3, 29)",1,-0.08
137,21,"(4, 29)",1,-0.08
137,22,"(5, 29)",1,-0.08
137,23,"(6, 29)",1,-0.08
137,24,"(7, 29)",1,-0.08
137,25,"(8, 29)",0,-0.08
137,26,"(8, 28)",0,-0.08
137,27,"(8, 27)",1,-0.08
137,28,"(9, 27)",1,-0.08
137,29,"(10, 27)",1,-0.08
137,30,"(11, 27)",1,-0.08
137,31,"(12, 27)",0,-0.08
137,32,"(12, 26)",1,-0.08
137,33,"(13, 26)",0,-0.08
137,34,"(13, 25)",1,-0.08
137,35,"(14, 25)",0,-0.08
137,36,"(14, 24)",0,-0.08
137,37,"(14, 23)",1,-0.08
137,38,"(15, 23)",1,-0.08
137,39,"(16, 23)",1,-0.08
137,40,"(17, 23)",0,-0.08
137,41,"(17, 22)",1,-0.08
137,42,"(18, 22)",1,-0.08
137,43,"(19, 22)",0,-0.08
137,44,"(19, 21)",0,-0.08
137,45,"(19, 20)",0,-0.08
137,46,"(19, 19)",1,-0.08
137,47,"(20, 19)",1,-0.08
137,48,"(21, 19)",1,-0.08
137,49,"(22, 19)",1,-0.08
137,50,"(23, 19)",0,-0.08
137,51,"(23, 18)",0,-0.08
137,52,"(23, 17)",1,-0.08
137,53,"(24, 17)",1,-0.08
137,54,"(25, 17)",1,-0.08
137,55,"(26, 17)",1,-0.08
137,56,"(27, 17)",1,-0.08
137,57,"(28, 17)",1,-0.08
137,58,"(29, 17)",1,-0.08
137,59,"(30, 17)",1,-0.08
137,60,"(31, 17)",0,-0.08
137,61,"(31, 16)",1,-0.08
137,62,"(32, 16)",0,-0.08
137,63,"(32, 15)",1,-0.08
137,64,"(33, 15)",1,-0.08
137,65,"(34, 15)",0,-0.08
137,66,"(34, 14)",1,-0.08
137,67,"(35, 14)",0,-0.08
137,68,"(35, 13)",1,-0.08
137,69,"(36, 13)",0,-0.08
137,70,"(36, 12)",1,-0.08
137,71,"(37, 12)",1,-0.08
137,72,"(38, 12)",1,-0.08
137,73,"(39, 12)",0,-0.08
137,74,"(39, 11)",1,-0.08
137,75,"(40, 11)",1,-0.08
137,76,"(41, 11)",1,-0.08
137,77,"(42, 11)",1,-0.08
137,78,"(43, 11)",1,-0.08
137,79,"(44, 11)",1,-0.08
137,80,"(45, 11)",0,-0.08
137,81,"(45, 10)",0,-0.08
137,82,"(45, 9)",0,-0.08
137,83,"(45, 8)",1,-0.08
137,84,"(46, 8)",0,-0.08
137,85,"(46, 7)",1,-0.08
137,86,"(47, 7)",1,-0.08
137,87,"(48, 7)",1,-0.08
137,88,"(49, 7)",1,-0.08
137,89,"(50, 7)",1,-0.08
137,90,"(51, 7)",1,-0.08
137,91,"(52, 7)",1,-0.08
137,92,"(53, 7)",1,-0.08
137,93,"(54, 7)",1,-0.08
137,94,"(55, 7)",1,-0.08
137,95,"(56, 7)",1,-0.08
137,96,"(57, 7)",1,-0.08
137,97,"(58, 7)",1,-0.08
137,98,"(59, 7)",1,-0.08
137,99,"(60, 7)",1,-0.08
137,100,"(61, 7)",1,-0.08
137,101,"(62, 7)",1,-0.08
137,102,"(63, 7)",1,-0.08
137,103,"(64, 7)",1,-0.08
137,104,"(65, 7)",1,-0.08
137,105,"(66, 7)",1,-0.08
137,106,"(67, 7)",1,-0.08
137,107,"(68, 7)",1,-0.08
137,108,"(69, 7)",0,-0.08
137,109,"(69, 6)",1,-0.08
137,110,"(70, 6)",1,-0.08
137,111,"(71, 6)",0,-0.08
137,112,"(71, 5)",1,-0.08
137,113,"(72, 5)",1,-0.08
137,114,"(73, 5)",1,-0.08
137,115,"(74, 5)",1,-0.08
137,116,"(75, 5)",0,-0.08
137,117,"(75, 4)",0,-0.08
137,118,"(75, 3)",1,-0.08
137,119,"(76, 3)",0,-0.08
137,120,"(76, 2)",1,-0.08
137,121,"(77, 2)",0,-0.08
137,122,"(77, 1)",0,-0.08
137,123,"(77, 0)",1,-0.08
137,124,"(78, 0)",1,8.33
138,0,"(0, 39)",1,-0.08
138,1,"(1, 39)",1,-0.08
138,2,"(2, 39)",0,-8.33
138,3,"(2, 39)",1,-0.08
138,4,"(3, 39)",1,-0.08
138,5,"(4, 39)",1,-0.08
138,6,"(5, 39)",0,-8.33
138,7,"(5, 39)",1,-0.08
138,8,"(6, 39)",1,-0.08
138,9,"(7, 39)",1,-0.08
138,10,"(8, 39)",1,-0.08
138,11,"(9, 39)",1,-0.08
138,12,"(10, 39)",0,-0.08
138,13,"(10, 38)",1,-0.08
138,14,"(11, 38)",0,-0.08
138,15,"(11, 37)",1,-0.08
138,16,"(12, 37)",0,-0.08
138,17,"(12, 36)",0,-0.08
138,18,"(12, 35)",1,-0.08
138,19,"(13, 35)",1,-0.08
138,20,"(14, 35)",1,-0.08
138,21,"(15, 35)",0,-0.08
138,22,"(15, 34)",0,-0.08
138,23,"(15, 33)",0,-0.08
138,24,"(15, 32)",0,-0.08
138,25,"(15, 31)",1,-0.08
138,26,"(16, 31)",0,-0.08
138,27,"(16, 30)",0,-0.08
138,28,"(16, 29)",1,-0.08
138,29,"(17, 29)",1,-0.08
138,30,"(18, 29)",1,-0.08
138,31,"(19, 29)",1,-0.08
138,32,"(20, 29)",1,-0.08
138,33,"(21, 29)",0,-0.08
138,34,"(21, 28)",0,-0.08
138,35,"(21, 27)",0,-0.08
138,36,"(21, 26)",0,-0.08
138,37,"(21, 25)",1,-0.08
138,38,"(22, 25)",1,-0.08
138,39,"(23, 25)",1,-0.08
138,40,"(24, 25)",0,-0.08
138,41,"(24, 24)",1,-0.08
138,42,"(25, 24)",0,-0.08
138,43,"(25, 23)",0,-0.08
138,44,"(25, 22)",0,-0.08
138,45,"(25, 21)",0,-0.08
138,46,"(25, 20)",0,-0.08
138,47,"(25, 19)",1,-0.08
138,48,"(26, 19)",0,-0.08
138,49,"(26, 18)",1,-0.08
138,50,"(27, 18)",0,-0.08
138,51,"(27, 17)",0,-0.08
138,52,"(27, 16)",0,-0.08
138,53,"(27, 15)",1,-0.08
138,54,"(28, 15)",1,-0.08
138,55,"(29, 15)",1,-0.08
138,56,"(30, 15)",1,-0.08
138,57,"(31, 15)",1,-0.08
138,58,"(32, 15)",0,-0.08
138,59,"(32, 14)",0,-0.08
138,60,"(32, 13)",1,-0.08
138,61,"(33, 13)",1,-0.08
138,62,"(34, 13)",1,-0.08
138,63,"(35, 13)",1,-0.08
138,64,"(36, 13)",0,-0.08
138,65,"(36, 12)",1,-0.08
138,66,"(37, 12)",1,-0.08
138,67,"(38, 12)",1,-0.08
138,68,"(39, 12)",0,-0.08
138,69,"(39, 11)",1,-0.08
138,70,"(40, 11)",1,-0.08
138,71,"(41, 11)",1,-0.08
138,72,"(42, 11)",1,-0.08
138,73,"(43, 11)",1,-0.08
138,74,"(44, 11)",1,-0.08
138,75,"(45, 11)",0,-0.08
138,76,"(45, 10)",0,-0.08
138,77,"(45, 9)",0,-0.08
138,78,"(45, 8)",1,-0.08
138,79,"(46, 8)",0,-0.08
138,80,"(46, 7)",1,-0.08
138,81,"(47, 7)",1,-0.08
138,82,"(48, 7)",1,-0.08
138,83,"(49, 7)",1,-0.08
138,84,"(50, 7)",1,-0.08
138,85,"(51, 7)",1,-0.08
138,86,"(52, 7)",1,-0.08
138,87,"(53, 7)",1,-0.08
138,88,"(54, 7)",1,-0.08
138,89,"(55, 7)",1,-0.08
138,90,"(56, 7)",1,-0.08
138,91,"(57, 7)",1,-0.08
138,92,"(58, 7)",1,-0.08
138,93,"(59, 7)",1,-0.08
138,94,"(60, 7)",1,-0.08
138,95,"(61, 7)",1,-0.08
138,96,"(62, 7)",1,-0.08
138,97,"(63, 7)",1,-0.08
138,98,"(64, 7)",1,-0.08
138,99,"(65, 7)",1,-0.08
138,100,"(66, 7)",1,-0.08
138,101,"(67, 7)",1,-0.08
138,102,"(68, 7)",1,-0.08
138,103,"(69, 7)",1,-0.08
138,104,"(70, 7)",0,-0.08
138,105,"(70, 6)",1,-0.08
138,106,"(71, 6)",1,-0.08
138,107,"(72, 6)",0,-0.08
138,108,"(72, 5)",1,-0.08
138,109,"(73, 5)",1,-0.08
138,110,"(74, 5)",0,-0.08
138,111,"(74, 4)",1,-0.08
138,112,"(75, 4)",0,-0.08
138,113,"(75, 3)",1,-0.08
138,114,"(76, 3)",0,-0.08
138,115,"(76, 2)",1,-0.08
138,116,"(77, 2)",0,-0.08
138,117,"(77, 1)",0,-0.08
138,118,"(77, 0)",1,-0.08
138,119,"(78, 0)",1,8.33
139,0,"(0, 39)",1,-0.08
139,1,"(1, 39)",1,-0.08
139,2,"(2, 39)",0,-8.33
139,3,"(2, 39)",1,-0.08
139,4,"(3, 39)",1,-0.08
139,5,"(4, 39)",1,-0.08
139,6,"(5, 39)",1,-0.08
139,7,"(6, 39)",1,-0.08
139,8,"(7, 39)",1,-0.08
139,9,"(8, 39)",0,-0.08
139,10,"(8, 38)",1,-8.33
139,11,"(8, 38)",3,-0.08
139,12,"(7, 38)",0,-0.08
139,13,"(7, 37)",0,-0.08
139,14,"(7, 36)",0,-0.08
139,15,"(7, 35)",0,-0.08
139,16,"(7, 34)",0,-0.08
139,17,"(7, 33)",0,-0.08
139,18,"(7, 32)",0,-0.08
139,19,"(7, 31)",1,-0.08
139,20,"(8, 31)",0,-0.08
139,21,"(8, 30)",1,-0.08
139,22,"(9, 30)",0,-0.08
139,23,"(9, 29)",1,-0.08
139,24,"(10, 29)",0,-0.08
139,25,"(10, 28)",0,-0.08
139,26,"(10, 27)",1,-0.08
139,27,"(11, 27)",1,-0.08
139,28,"(12, 27)",0,-0.08
139,29,"(12, 26)",0,-0.08
139,30,"(12, 25)",0,-0.08
139,31,"(12, 24)",1,-0.08
139,32,"(13, 24)",0,-0.08
139,33,"(13, 23)",1,-0.08
139,34,"(14, 23)",1,-0.08
139,35,"(15, 23)",1,-0.08
139,36,"(16, 23)",1,-0.08
139,37,"(17, 23)",0,-0.08
139,38,"(17, 22)",1,-0.08
139,39,"(18, 22)",1,-0.08
139,40,"(19, 22)",0,-0.08
139,41,"(19, 21)",0,-0.08
139,42,"(19, 20)",0,-0.08
139,43,"(19, 19)",1,-0.08
139,44,"(20, 19)",1,-0.08
139,45,"(21, 19)",1,-0.08
139,46,"(22, 19)",0,-8.33
139,47,"(22, 19)",1,-0.08
139,48,"(23, 19)",0,-0.08
139,49,"(23, 18)",0,-0.08
139,50,"(23, 17)",1,-0.08
139,51,"(24, 17)",1,-0.08
139,52,"(25, 17)",1,-0.08
139,53,"(26, 17)",1,-0.08
139,54,"(27, 17)",1,-0.08
139,55,"(28, 17)",0,-0.08
139,56,"(28, 16)",0,-0.08
139,57,"(28, 15)",1,-0.08
139,58,"(29, 15)",0,-0.08
139,59,"(29, 14)",0,-0.08
139,60,"(29, 13)",1,-0.08
139,61,"(30, 13)",1,-0.08
139,62,"(31, 13)",1,-0.08
139,63,"(32, 13)",1,-0.08
139,64,"(33, 13)",1,-0.08
139,65,"(34, 13)",1,-0.08
139,66,"(35, 13)",0,-0.08
139,67,"(35, 12)",1,-0.08
139,68,"(36, 12)",1,-0.08
139,69,"(37, 12)",1,-0.08
139,70,"(38, 12)",1,-0.08
139,71,"(39, 12)",0,-0.08
139,72,"(39, 11)",1,-0.08
139,73,"(40, 11)",1,-0.08
139,74,"(41, 11)",1,-0.08
139,75,"(42, 11)",1,-0.08
139,76,"(43, 11)",1,-0.08
139,77,"(44, 11)",1,-0.08
139,78,"(45, 11)",0,-0.08
139,79,"(45, 10)",0,-0.08
139,80,"(45, 9)",0,-0.08
139,81,"(45, 8)",1,-0.08
139,82,"(46, 8)",0,-0.08
139,83,"(46, 7)",1,-0.08
139,84,"(47, 7)",1,-0.08
139,85,"(48, 7)",1,-0.08
139,86,"(49, 7)",1,-0.08
139,87,"(50, 7)",1,-0.08
139,88,"(51, 7)",1,-0.08
139,89,"(52, 7)",1,-0.08
139,90,"(53, 7)",1,-0.08
139,91,"(54, 7)",1,-0.08
139,92,"(55, 7)",1,-0.08
139,93,"(56, 7)",1,-0.08
139,94,"(57, 7)",1,-0.08
139,95,"(58, 7)",1,-0.08
139,96,"(59, 7)",1,-0.08
139,97,"(60, 7)",1,-0.08
139,98,"(61, 7)",1,-0.08
139,99,"(62, 7)",1,-0.08
139,100,"(63, 7)",1,-0.08
139,101,"(64, 7)",1,-0.08
139,102,"(65, 7)",1,-0.08
139,103,"(66, 7)",1,-0.08
139,104,"(67, 7)",1,-0.08
139,105,"(68, 7)",1,-0.08
139,106,"(69, 7)",0,-0.08
139,107,"(69, 6)",1,-0.08
139,108,"(70, 6)",1,-0.08
139,109,"(71, 6)",0,-0.08
139,110,"(71, 5)",1,-0.08
139,111,"(72, 5)",1,-0.08
139,112,"(73, 5)",1,-0.08
139,113,"(74, 5)",0,-0.08
139,114,"(74, 4)",0,-0.08
139,115,"(74, 3)",1,-0.08
139,116,"(75, 3)",1,-0.08
139,117,"(76, 3)",0,-0.08
139,118,"(76, 2)",1,-0.08
139,119,"(77, 2)",0,-0.08
139,120,"(77, 1)",0,-0.08
139,121,"(77, 0)",1,-0.08
139,122,"(78, 0)",1,8.33
140,0,"(0, 39)",1,-0.08
140,1,"(1, 39)",0,-0.08
140,2,"(1, 38)",0,-0.08
140,3,"(1, 37)",1,-8.33
140,4,"(1, 37)",0,-8.33
140,5,"(1, 37)",3,-0.08
140,6,"(0, 37)",0,-0.08
140,7,"(0, 36)",0,-0.08
140,8,"(0, 35)",0,-0.08
140,9,"(0, 34)",1,-0.08
140,10,"(1, 34)",0,-0.08
140,11,"(1, 33)",0,-0.08
140,12,"(1, 32)",0,-0.08
140,13,"(1, 31)",1,-0.08
140,14,"(2, 31)",1,-0.08
140,15,"(3, 31)",0,-8.33
140,16,"(3, 31)",2,-0.08
140,17,"(3, 32)",2,-0.08
140,18,"(3, 33)",1,-0.08
140,19,"(4, 33)",1,-0.08
140,20,"(5, 33)",0,-0.08
140,21,"(5, 32)",0,-0.08
140,22,"(5, 31)",1,-0.08
140,23,"(6, 31)",1,-0.08
140,24,"(7, 31)",1,-0.08
140,25,"(8, 31)",0,-0.08
140,26,"(8, 30)",0,-0.08
140,27,"(8, 29)",1,-0.08
140,28,"(9, 29)",1,-0.08
140,29,"(10, 29)",0,-0.08
140,30,"(10, 28)",0,-0.08
140,31,"(10, 27)",1,-0.08
140,32,"(11, 27)",1,-0.08
140,33,"(12, 27)",0,-0.08
140,34,"(12, 26)",1,-0.08
140,35,"(13, 26)",0,-0.08
140,36,"(13, 25)",0,-0.08
140,37,"(13, 24)",0,-0.08
140,38,"(13, 23)",1,-0.08
140,39,"(14, 23)",1,-0.08
140,40,"(15, 23)",1,-0.08
140,41,"(16, 23)",1,-0.08
140,42,"(17, 23)",0,-0.08
140,43,"(17, 22)",1,-0.08
140,44,"(18, 22)",1,-0.08
140,45,"(19, 22)",1,-0.08
140,46,"(20, 22)",1,-0.08
140,47,"(21, 22)",0,-0.08
140,48,"(21, 21)",0,-0.08
140,49,"(21, 20)",0,-0.08
140,50,"(21, 19)",1,-0.08
140,51,"(22, 19)",1,-0.08
140,52,"(23, 19)",0,-0.08
140,53,"(23, 18)",0,-0.08
140,54,"(23, 17)",0,-0.08
140,55,"(23, 16)",0,-0.08
140,56,"(23, 15)",1,-0.08
140,57,"(24, 15)",1,-0.08
140,58,"(25, 15)",1,-0.08
140,59,"(26, 15)",1,-0.08
140,60,"(27, 15)",1,-0.08
140,61,"(28, 15)",1,-0.08
140,62,"(29, 15)",1,-0.08
140,63,"(30, 15)",1,-0.08
140,64,"(31, 15)",1,-0.08
140,65,"(32, 15)",1,-0.08
140,66,"(33, 15)",1,-0.08
140,67,"(34, 15)",1,-0.08
140,68,"(35, 15)",0,-0.08
140,69,"(35, 14)",0,-0.08
140,70,"(35, 13)",0,-0.08
140,71,"(35, 12)",1,-0.08
140,72,"(36, 12)",1,-0.08
140,73,"(37, 12)",1,-0.08
140,74,"(38, 12)",1,-0.08
140,75,"(39, 12)",0,-0.08
140,76,"(39, 11)",1,-0.08
140,77,"(40, 11)",1,-0.08
140,78,"(41, 11)",1,-0.08
140,79,"(42, 11)",1,-0.08
140,80,"(43, 11)",1,-0.08
140,81,"(44, 11)",1,-0.08
140,82,"(45, 11)",0,-0.08
140,83,"(45, 10)",1,-0.08
140,84,"(46, 10)",0,-0.08
140,85,"(46, 9)",0,-0.08
140,86,"(46, 8)",0,-0.08
140,87,"(46, 7)",1,-0.08
140,88,"(47, 7)",1,-0.08
140,89,"(48, 7)",1,-0.08
140,90,"(49, 7)",1,-0.08
140,91,"(50, 7)",1,-0.08
140,92,"(51, 7)",1,-0.08
140,93,"(52, 7)",1,-0.08
140,94,"(53, 7)",1,-0.08
140,95,"(54, 7)",1,-0.08
140,96,"(55, 7)",1,-0.08
140,97,"(56, 7)",1,-0.08
140,98,"(57, 7)",1,-0.08
140,99,"(58, 7)",1,-0.08
140,100,"(59, 7)",1,-0.08
140,101,"(60, 7)",1,-0.08
140,102,"(61, 7)",1,-0.08
140,103,"(62, 7)",1,-0.08
140,104,"(63, 7)",1,-0.08
140,105,"(64, 7)",1,-0.08
140,106,"(65, 7)",1,-0.08
140,107,"(66, 7)",1,-0.08
140,108,"(67, 7)",1,-0.08
140,109,"(68, 7)",1,-0.08
140,110,"(69, 7)",0,-0.08
140,111,"(69, 6)",1,-0.08
140,112,"(70, 6)",1,-0.08
140,113,"(71, 6)",0,-0.08
140,114,"(71, 5)",1,-0.08
140,115,"(72, 5)",1,-0.08
140,116,"(73, 5)",1,-0.08
140,117,"(74, 5)",1,-0.08
140,118,"(75, 5)",1,-0.08
140,119,"(76, 5)",1,-0.08
140,120,"(77, 5)",0,-0.08
140,121,"(77, 4)",0,-0.08
140,122,"(77, 3)",0,-0.08
140,123,"(77, 2)",0,-0.08
140,124,"(77, 1)",1,-0.08
140,125,"(78, 1)",1,-0.08
140,126,"(79, 1)",0,8.33
141,0,"(0, 39)",1,-0.08
141,1,"(1, 39)",0,-0.08
141,2,"(1, 38)",1,-8.33
141,3,"(1, 38)",0,-0.08
141,4,"(1, 37)",0,-8.33
141,5,"(1, 37)",3,-0.08
141,6,"(0, 37)",0,-0.08
141,7,"(0, 36)",0,-0.08
141,8,"(0, 35)",1,-0.08
141,9,"(1, 35)",1,-0.08
141,10,"(2, 35)",0,-0.08
141,11,"(2, 34)",0,-0.08
141,12,"(2, 33)",0,-0.08
141,13,"(2, 32)",1,-0.08
141,14,"(3, 32)",0,-0.08
141,15,"(3, 31)",0,-8.33
141,16,"(3, 31)",0,-8.33
141,17,"(3, 31)",3,-0.08
141,18,"(2, 31)",3,-0.08
141,19,"(1, 31)",0,-0.08
141,20,"(1, 30)",0,-0.08
141,21,"(1, 29)",0,-0.08
141,22,"(1, 28)",0,-0.08
141,23,"(1, 27)",0,-0.08
141,24,"(1, 26)",1,-0.08
141,25,"(2, 26)",1,-0.08
141,26,"(3, 26)",0,-0.08
141,27,"(3, 25)",1,-0.08
141,28,"(4, 25)",1,-0.08
141,29,"(5, 25)",1,-0.08
141,30,"(6, 25)",1,-0.08
141,31,"(7, 25)",1,-0.08
141,32,"(8, 25)",1,-0.08
141,33,"(9, 25)",1,-0.08
141,34,"(10, 25)",0,-0.08
141,35,"(10, 24)",1,-0.08
141,36,"(11, 24)",1,-0.08
141,37,"(12, 24)",1,-0.08
141,38,"(13, 24)",0,-0.08
141,39,"(13, 23)",1,-0.08
141,40,"(14, 23)",1,-0.08
141,41,"(15, 23)",1,-0.08
141,42,"(16, 23)",0,-0.08
141,43,"(16, 22)",1,-0.08
141,44,"(17, 22)",1,-0.08
141,45,"(18, 22)",1,-0.08
141,46,"(19, 22)",1,-0.08
141,47,"(20, 22)",1,-0.08
141,48,"(21, 22)",0,-0.08
141,49,"(21, 21)",1,-0.08
141,50,"(22, 21)",0,-0.08
141,51,"(22, 20)",0,-0.08
141,52,"(22, 19)",1,-0.08
141,53,"(23, 19)",0,-0.08
141,54,"(23, 18)",0,-0.08
141,55,"(23, 17)",0,-0.08
141,56,"(23, 16)",0,-0.08
141,57,"(23, 15)",1,-0.08
141,58,"(24, 15)",1,-0.08
141,59,"(25, 15)",1,-0.08
141,60,"(26, 15)",1,-0.08
141,61,"(27, 15)",1,-0.08
141,62,"(28, 15)",1,-0.08
141,63,"(29, 15)",0,-0.08
141,64,"(29, 14)",0,-0.08
141,65,"(29, 13)",1,-0.08
141,66,"(30, 13)",1,-0.08
141,67,"(31, 13)",1,-0.08
141,68,"(32, 13)",1,-0.08
141,69,"(33, 13)",1,-0.08
141,70,"(34, 13)",1,-0.08
141,71,"(35, 13)",0,-0.08
141,72,"(35, 12)",1,-0.08
141,73,"(36, 12)",1,-0.08
141,74,"(37, 12)",1,-0.08
141,75,"(38, 12)",1,-0.08
141,76,"(39, 12)",0,-0.08
141,77,"(39, 11)",1,-0.08
141,78,"(40, 11)",1,-0.08
141,79,"(41, 11)",1,-0.08
141,80,"(42, 11)",1,-0.08
141,81,"(43, 11)",1,-0.08
141,82,"(44, 11)",1,-0.08
141,83,"(45, 11)",0,-0.08
141,84,"(45, 10)",1,-0.08
141,85,"(46, 10)",1,-0.08
141,86,"(47, 10)",1,-0.08
141,87,"(48, 10)",1,-0.08
141,88,"(49, 10)",1,-0.08
141,89,"(50, 10)",0,-0.08
141,90,"(50, 9)",0,-0.08
141,91,"(50, 8)",0,-0.08
141,92,"(50, 7)",1,-0.08
141,93,"(51, 7)",1,-0.08
141,94,"(52, 7)",1,-0.08
141,95,"(53, 7)",1,-0.08
141,96,"(54, 7)",1,-0.08
141,97,"(55, 7)",1,-0.08
141,98,"(56, 7)",1,-0.08
141,99,"(57, 7)",1,-0.08
141,100,"(58, 7)",1,-0.08
141,101,"(59, 7)",1,-0.08
141,102,"(60, 7)",1,-0.08
141,103,"(61, 7)",1,-0.08
141,104,"(62, 7)",1,-0.08
141,105,"(63, 7)",1,-0.08
141,106,"(64, 7)",1,-0.08
141,107,"(65, 7)",1,-0.08
141,108,"(66, 7)",1,-0.08
141,109,"(67, 7)",1,-0.08
141,110,"(68, 7)",1,-0.08
141,111,"(69, 7)",0,-0.08
141,112,"(69, 6)",1,-0.08
141,113,"(70, 6)",1,-0.08
141,114,"(71, 6)",1,-0.08
141,115,"(72, 6)",1,-0.08
141,116,"(73, 6)",1,-0.08
141,117,"(74, 6)",0,-0.08
141,118,"(74, 5)",1,-0.08
141,119,"(75, 5)",0,-0.08
141,120,"(75, 4)",0,-0.08
141,121,"(75, 3)",1,-0.08
141,122,"(76, 3)",0,-0.08
141,123,"(76, 2)",1,-0.08
141,124,"(77, 2)",0,-0.08
141,125,"(77, 1)",1,-0.08
141,126,"(78, 1)",1,-0.08
141,127,"(79, 1)",0,8.33
142,0,"(0, 39)",1,-0.08
142,1,"(1, 39)",0,-0.08
142,2,"(1, 38)",0,-0.08
142,3,"(1, 37)",0,-8.33
142,4,"(1, 37)",3,-0.08
142,5,"(0, 37)",0,-0.08
142,6,"(0, 36)",0,-0.08
142,7,"(0, 35)",0,-0.08
142,8,"(0, 34)",0,-0.08
142,9,"(0, 33)",1,-0.08
142,10,"(1, 33)",0,-0.08
142,11,"(1, 32)",1,-0.08
142,12,"(2, 32)",0,-0.08
142,13,"(2, 31)",1,-0.08
142,14,"(3, 31)",0,-8.33
142,15,"(3, 31)",0,-8.33
142,16,"(3, 31)",2,-0.08
142,17,"(3, 32)",2,-0.08
142,18,"(3, 33)",1,-0.08
142,19,"(4, 33)",1,-0.08
142,20,"(5, 33)",1,-0.08
142,21,"(6, 33)",1,-0.08
142,22,"(7, 33)",0,-0.08
142,23,"(7, 32)",0,-0.08
142,24,"(7, 31)",1,-0.08
142,25,"(8, 31)",0,-0.08
142,26,"(8, 30)",0,-0.08
142,27,"(8, 29)",0,-0.08
142,28,"(8, 28)",0,-0.08
142,29,"(8, 27)",1,-0.08
142,30,"(9, 27)",1,-0.08
142,31,"(10, 27)",1,-0.08
142,32,"(11, 27)",1,-0.08
142,33,"(12, 27)",0,-0.08
142,34,"(12, 26)",0,-0.08
142,35,"(12, 25)",1,-0.08
142,36,"(13, 25)",1,-0.08
142,37,"(14, 25)",0,-0.08
142,38,"(14, 24)",0,-0.08
142,39,"(14, 23)",1,-0.08
142,40,"(15, 23)",1,-0.08
142,41,"(16, 23)",1,-0.08
142,42,"(17, 23)",1,-0.08
142,43,"(18, 23)",0,-0.08
142,44,"(18, 22)",1,-0.08
142,45,"(19, 22)",0,-0.08
142,46,"(19, 21)",0,-0.08
142,47,"(19, 20)",1,-0.08
142,48,"(20, 20)",0,-0.08
142,49,"(20, 19)",1,-0.08
142,50,"(21, 19)",1,-0.08
142,51,"(22, 19)",1,-0.08
142,52,"(23, 19)",0,-0.08
142,53,"(23, 18)",0,-0.08
142,54,"(23, 17)",1,-0.08
142,55,"(24, 17)",1,-0.08
142,56,"(25, 17)",1,-0.08
142,57,"(26, 17)",1,-0.08
142,58,"(27, 17)",1,-0.08
142,59,"(28, 17)",0,-0.08
142,60,"(28, 16)",0,-0.08
142,61,"(28, 15)",1,-0.08
142,62,"(29, 15)",0,-0.08
142,63,"(29, 14)",0,-0.08
142,64,"(29, 13)",1,-0.08
142,65,"(30, 13)",1,-0.08
142,66,"(31, 13)",1,-0.08
142,67,"(32, 13)",1,-0.08
142,68,"(33, 13)",1,-0.08
142,69,"(34, 13)",1,-0.08
142,70,"(35, 13)",1,-0.08
142,71,"(36, 13)",1,-0.08
142,72,"(37, 13)",1,-0.08
142,73,"(38, 13)",0,-0.08
142,74,"(38, 12)",1,-0.08
142,75,"(39, 12)",0,-0.08
142,76,"(39, 11)",1,-0.08
142,77,"(40, 11)",1,-0.08
142,78,"(41, 11)",1,-0.08
142,79,"(42, 11)",1,-0.08
142,80,"(43, 11)",1,-0.08
142,81,"(44, 11)",1,-0.08
142,82,"(45, 11)",0,-0.08
142,83,"(45, 10)",1,-0.08
142,84,"(46, 10)",0,-0.08
142,85,"(46, 9)",0,-0.08
142,86,"(46, 8)",0,-0.08
142,87,"(46, 7)",1,-0.08
142,88,"(47, 7)",1,-0.08
142,89,"(48, 7)",1,-0.08
142,90,"(49, 7)",1,-0.08
142,91,"(50, 7)",1,-0.08
142,92,"(51, 7)",1,-0.08
142,93,"(52, 7)",1,-0.08
142,94,"(53, 7)",1,-0.08
142,95,"(54, 7)",1,-0.08
142,96,"(55, 7)",1,-0.08
142,97,"(56, 7)",1,-0.08
142,98,"(57, 7)",1,-0.08
142,99,"(58, 7)",1,-0.08
142,100,"(59, 7)",1,-0.08
142,101,"(60, 7)",1,-0.08
142,102,"(61, 7)",1,-0.08
142,103,"(62, 7)",1,-0.08
142,104,"(63, 7)",1,-0.08
142,105,"(64, 7)",1,-0.08
142,106,"(65, 7)",1,-0.08
142,107,"(66, 7)",1,-0.08
142,108,"(67, 7)",1,-0.08
142,109,"(68, 7)",1,-0.08
142,110,"(69, 7)",1,-0.08
142,111,"(70, 7)",0,-0.08
142,112,"(70, 6)",1,-0.08
142,113,"(71, 6)",1,-0.08
142,114,"(72, 6)",1,-0.08
142,115,"(73, 6)",1,-0.08
142,116,"(74, 6)",0,-0.08
142,117,"(74, 5)",1,-0.08
142,118,"(75, 5)",0,-0.08
142,119,"(75, 4)",0,-0.08
142,120,"(75, 3)",1,-0.08
142,121,"(76, 3)",0,-0.08
142,122,"(76, 2)",1,-0.08
142,123,"(77, 2)",0,-0.08
142,124,"(77, 1)",1,-0.08
142,125,"(78, 1)",1,-0.08
142,126,"(79, 1)",0,8.33
143,0,"(0, 39)",1,-0.08
143,1,"(1, 39)",0,-0.08
143,2,"(1, 38)",0,-0.08
143,3,"(1, 37)",0,-8.33
143,4,"(1, 37)",3,-0.08
143,5,"(0, 37)",0,-0.08
143,6,"(0, 36)",0,-0.08
143,7,"(0, 35)",1,-0.08
143,8,"(1, 35)",0,-0.08
143,9,"(1, 34)",0,-0.08
143,10,"(1, 33)",1,-0.08
143,11,"(2, 33)",1,-0.08
143,12,"(3, 33)",0,-0.08
143,13,"(3, 32)",0,-0.08
143,14,"(3, 31)",0,-8.33
143,15,"(3, 31)",2,-0.08
143,16,"(3, 32)",2,-0.08
143,17,"(3, 33)",1,-0.08
143,18,"(4, 33)",1,-0.08
143,19,"(5, 33)",1,-0.08
143,20,"(6, 33)",1,-0.08
143,21,"(7, 33)",1,-0.08
143,22,"(8, 33)",1,-0.08
143,23,"(9, 33)",1,-0.08
143,24,"(10, 33)",1,-0.08
143,25,"(11, 33)",1,-0.08
143,26,"(12, 33)",1,-0.08
143,27,"(13, 33)",1,-0.08
143,28,"(14, 33)",1,-0.08
143,29,"(15, 33)",1,-0.08
143,30,"(16, 33)",1,-0.08
143,31,"(17, 33)",1,-0.08
143,32,"(18, 33)",1,-0.08
143,33,"(19, 33)",0,-0.08
143,34,"(19, 32)",0,-0.08
143,35,"(19, 31)",0,-0.08
143,36,"(19, 30)",0,-0.08
143,37,"(19, 29)",1,-0.08
143,38,"(20, 29)",0,-0.08
143,39,"(20, 28)",1,-0.08
143,40,"(21, 28)",0,-0.08
143,41,"(21, 27)",0,-0.08
143,42,"(21, 26)",1,-0.08
143,43,"(22, 26)",1,-0.08
143,44,"(23, 26)",0,-0.08
143,45,"(23, 25)",0,-0.08
143,46,"(23, 24)",0,-0.08
143,47,"(23, 23)",1,-0.08
143,48,"(24, 23)",1,-0.08
143,49,"(25, 23)",0,-0.08
143,50,"(25, 22)",0,-0.08
143,51,"(25, 21)",1,-0.08
143,52,"(26, 21)",1,-0.08
143,53,"(27, 21)",0,-0.08
143,54,"(27, 20)",0,-0.08
143,55,"(27, 19)",0,-0.08
143,56,"(27, 18)",0,-0.08
143,57,"(27, 17)",1,-0.08
143,58,"(28, 17)",0,-0.08
143,59,"(28, 16)",0,-0.08
143,60,"(28, 15)",1,-0.08
143,61,"(29, 15)",1,-0.08
143,62,"(30, 15)",1,-0.08
143,63,"(31, 15)",0,-0.08
143,64,"(31, 14)",1,-0.08
143,65,"(32, 14)",0,-0.08
143,66,"(32, 13)",1,-0.08
143,67,"(33, 13)",1,-0.08
143,68,"(34, 13)",1,-0.08
143,69,"(35, 13)",0,-0.08
143,70,"(35, 12)",1,-0.08
143,71,"(36, 12)",1,-0.08
143,72,"(37, 12)",1,-0.08
143,73,"(38, 12)",1,-0.08
143,74,"(39, 12)",0,-0.08
143,75,"(39, 11)",1,-0.08
143,76,"(40, 11)",1,-0.08
143,77,"(41, 11)",1,-0.08
143,78,"(42, 11)",1,-0.08
143,79,"(43, 11)",1,-0.08
143,80,"(44, 11)",1,-0.08
143,81,"(45, 11)",0,-0.08
143,82,"(45, 10)",1,-0.08
143,83,"(46, 10)",0,-0.08
143,84,"(46, 9)",0,-0.08
143,85,"(46, 8)",0,-0.08
143,86,"(46, 7)",1,-0.08
143,87,"(47, 7)",1,-0.08
143,88,"(48, 7)",1,-0.08
143,89,"(49, 7)",1,-0.08
143,90,"(50, 7)",1,-0.08
143,91,"(51, 7)",1,-0.08
143,92,"(52, 7)",1,-0.08
143,93,"(53, 7)",1,-0.08
143,94,"(54, 7)",1,-0.08
143,95,"(55, 7)",1,-0.08
143,96,"(56, 7)",1,-0.08
143,97,"(57, 7)",1,-0.08
143,98,"(58, 7)",1,-0.08
143,99,"(59, 7)",1,-0.08
143,100,"(60, 7)",1,-0.08
143,101,"(61, 7)",1,-0.08
143,102,"(62, 7)",1,-0.08
143,103,"(63, 7)",1,-0.08
143,104,"(64, 7)",1,-0.08
143,105,"(65, 7)",1,-0.08
143,106,"(66, 7)",1,-0.08
143,107,"(67, 7)",1,-0.08
143,108,"(68, 7)",1,-0.08
143,109,"(69, 7)",0,-0.08
143,110,"(69, 6)",1,-0.08
143,111,"(70, 6)",1,-0.08
143,112,"(71, 6)",0,-0.08
143,113,"(71, 5)",1,-0.08
143,114,"(72, 5)",1,-0.08
143,115,"(73, 5)",1,-0.08
143,116,"(74, 5)",1,-0.08
143,117,"(75, 5)",0,-0.08
143,118,"(75, 4)",0,-0.08
143,119,"(75, 3)",1,-0.08
143,120,"(76, 3)",1,-0.08
143,121,"(77, 3)",0,-0.08
143,122,"(77, 2)",0,-0.08
143,123,"(77, 1)",0,-0.08
143,124,"(77, 0)",1,-0.08
143,125,"(78, 0)",1,8.33
144,0,"(0, 39)",1,-0.08
144,1,"(1, 39)",0,-0.08
144,2,"(1, 38)",1,-8.33
144,3,"(1, 38)",0,-0.08
144,4,"(1, 37)",0,-8.33
144,5,"(1, 37)",3,-0.08
144,6,"(0, 37)",0,-0.08
144,7,"(0, 36)",0,-0.08
144,8,"(0, 35)",1,-0.08
144,9,"(1, 35)",0,-0.08
144,10,"(1, 34)",1,-0.08
144,11,"(2, 34)",0,-0.08
144,12,"(2, 33)",1,-0.08
144,13,"(3, 33)",0,-0.08
144,14,"(3, 32)",0,-0.08
144,15,"(3, 31)",0,-8.33
144,16,"(3, 31)",3,-0.08
144,17,"(2, 31)",3,-0.08
144,18,"(1, 31)",0,-0.08
144,19,"(1, 30)",0,-0.08
144,20,"(1, 29)",0,-0.08
144,21,"(1, 28)",0,-0.08
144,22,"(1, 27)",0,-0.08
144,23,"(1, 26)",0,-0.08
144,24,"(1, 25)",1,-0.08
144,25,"(2, 25)",1,-0.08
144,26,"(3, 25)",1,-0.08
144,27,"(4, 25)",1,-0.08
144,28,"(5, 25)",1,-0.08
144,29,"(6, 25)",1,-0.08
144,30,"(7, 25)",1,-0.08
144,31,"(8, 25)",1,-0.08
144,32,"(9, 25)",1,-0.08
144,33,"(10, 25)",0,-0.08
144,34,"(10, 24)",1,-0.08
144,35,"(11, 24)",1,-0.08
144,36,"(12, 24)",1,-0.08
144,37,"(13, 24)",1,-0.08
144,38,"(14, 24)",0,-0.08
144,39,"(14, 23)",1,-0.08
144,40,"(15, 23)",1,-0.08
144,41,"(16, 23)",0,-0.08
144,42,"(16, 22)",1,-0.08
144,43,"(17, 22)",1,-0.08
144,44,"(18, 22)",1,-0.08
144,45,"(19, 22)",0,-0.08
144,46,"(19, 21)",0,-0.08
144,47,"(19, 20)",0,-0.08
144,48,"(19, 19)",1,-0.08
144,49,"(20, 19)",1,-0.08
144,50,"(21, 19)",1,-0.08
144,51,"(22, 19)",1,-0.08
144,52,"(23, 19)",0,-0.08
144,53,"(23, 18)",0,-0.08
144,54,"(23, 17)",0,-0.08
144,55,"(23, 16)",0,-0.08
144,56,"(23, 15)",1,-0.08
144,57,"(24, 15)",1,-0.08
144,58,"(25, 15)",1,-0.08
144,59,"(26, 15)",1,-0.08
144,60,"(27, 15)",0,-0.08
144,61,"(27, 14)",0,-0.08
144,62,"(27, 13)",1,-0.08
144,63,"(28, 13)",1,-0.08
144,64,"(29, 13)",1,-0.08
144,65,"(30, 13)",1,-0.08
144,66,"(31, 13)",1,-0.08
144,67,"(32, 13)",1,-0.08
144,68,"(33, 13)",1,-0.08
144,69,"(34, 13)",1,-0.08
144,70,"(35, 13)",0,-0.08
144,71,"(35, 12)",1,-0.08
144,72,"(36, 12)",1,-0.08
144,73,"(37, 12)",1,-0.08
144,74,"(38, 12)",1,-0.08
144,75,"(39, 12)",0,-0.08
144,76,"(39, 11)",1,-0.08
144,77,"(40, 11)",1,-0.08
144,78,"(41, 11)",1,-0.08
144,79,"(42, 11)",1,-0.08
144,80,"(43, 11)",1,-0.08
144,81,"(44, 11)",1,-0.08
144,82,"(45, 11)",0,-0.08
144,83,"(45, 10)",1,-0.08
144,84,"(46, 10)",0,-0.08
144,85,"(46, 9)",0,-0.08
144,86,"(46, 8)",0,-0.08
144,87,"(46, 7)",1,-0.08
144,88,"(47, 7)",1,-0.08
144,89,"(48, 7)",1,-0.08
144,90,"(49, 7)",1,-0.08
144,91,"(50, 7)",1,-0.08
144,92,"(51, 7)",1,-0.08
144,93,"(52, 7)",1,-0.08
144,94,"(53, 7)",1,-0.08
144,95,"(54, 7)",1,-0.08
144,96,"(55, 7)",1,-0.08
144,97,"(56, 7)",1,-0.08
144,98,"(57, 7)",1,-0.08
144,99,"(58, 7)",1,-0.08
144,100,"(59, 7)",1,-0.08
144,101,"(60, 7)",1,-0.08
144,102,"(61, 7)",1,-0.08
144,103,"(62, 7)",1,-0.08
144,104,"(63, 7)",1,-0.08
144,105,"(64, 7)",1,-0.08
144,106,"(65, 7)",1,-0.08
144,107,"(66, 7)",1,-0.08
144,108,"(67, 7)",1,-0.08
144,109,"(68, 7)",1,-0.08
144,110,"(69, 7)",0,-0.08
144,111,"(69, 6)",1,-0.08
144,112,"(70, 6)",1,-0.08
144,113,"(71, 6)",1,-0.08
144,114,"(72, 6)",1,-0.08
144,115,"(73, 6)",0,-0.08
144,116,"(73, 5)",1,-0.08
144,117,"(74, 5)",1,-0.08
144,118,"(75, 5)",0,-0.08
144,119,"(75, 4)",0,-0.08
144,120,"(75, 3)",1,-0.08
144,121,"(76, 3)",1,-0.08
144,122,"(77, 3)",0,-0.08
144,123,"(77, 2)",0,-0.08
144,124,"(77, 1)",0,-0.08
144,125,"(77, 0)",1,-0.08
144,126,"(78, 0)",1,8.33
145,0,"(0, 39)",1,-0.08
145,1,"(1, 39)",0,-0.08
145,2,"(1, 38)",1,-8.33
145,3,"(1, 38)",0,-0.08
145,4,"(1, 37)",0,-8.33
145,5,"(1, 37)",3,-0.08
145,6,"(0, 37)",0,-0.08
145,7,"(0, 36)",0,-0.08
145,8,"(0, 35)",0,-0.08
145,9,"(0, 34)",0,-0.08
145,10,"(0, 33)",1,-0.08
145,11,"(1, 33)",1,-0.08
145,12,"(2, 33)",1,-0.08
145,13,"(3, 33)",0,-0.08
145,14,"(3, 32)",0,-0.08
145,15,"(3, 31)",0,-8.33
145,16,"(3, 31)",2,-0.08
145,17,"(3, 32)",2,-0.08
145,18,"(3, 33)",1,-0.08
145,19,"(4, 33)",1,-0.08
145,20,"(5, 33)",1,-0.08
145,21,"(6, 33)",1,-0.08
145,22,"(7, 33)",0,-0.08
145,23,"(7, 32)",1,-0.08
145,24,"(8, 32)",0,-0.08
145,25,"(8, 31)",1,-0.08
145,26,"(9, 31)",0,-0.08
145,27,"(9, 30)",0,-0.08
145,28,"(9, 29)",1,-0.08
145,29,"(10, 29)",0,-0.08
145,30,"(10, 28)",0,-0.08
145,31,"(10, 27)",1,-0.08
145,32,"(11, 27)",1,-0.08
145,33,"(12, 27)",0,-0.08
145,34,"(12, 26)",1,-0.08
145,35,"(13, 26)",0,-0.08
145,36,"(13, 25)",0,-0.08
145,37,"(13, 24)",0,-0.08
145,38,"(13, 23)",1,-0.08
145,39,"(14, 23)",1,-0.08
145,40,"(15, 23)",1,-0.08
145,41,"(16, 23)",1,-0.08
145,42,"(17, 23)",1,-0.08
145,43,"(18, 23)",0,-0.08
145,44,"(18, 22)",1,-0.08
145,45,"(19, 22)",0,-0.08
145,46,"(19, 21)",0,-0.08
145,47,"(19, 20)",1,-0.08
145,48,"(20, 20)",0,-0.08
145,49,"(20, 19)",1,-0.08
145,50,"(21, 19)",1,-0.08
145,51,"(22, 19)",1,-0.08
145,52,"(23, 19)",0,-0.08
145,53,"(23, 18)",0,-0.08
145,54,"(23, 17)",1,-0.08
145,55,"(24, 17)",1,-0.08
145,56,"(25, 17)",1,-0.08
145,57,"(26, 17)",1,-0.08
145,58,"(27, 17)",1,-0.08
145,59,"(28, 17)",0,-0.08
145,60,"(28, 16)",0,-0.08
145,61,"(28, 15)",1,-0.08
145,62,"(29, 15)",1,-0.08
145,63,"(30, 15)",1,-0.08
145,64,"(31, 15)",1,-0.08
145,65,"(32, 15)",0,-0.08
145,66,"(32, 14)",0,-0.08
145,67,"(32, 13)",1,-0.08
145,68,"(33, 13)",1,-0.08
145,69,"(34, 13)",1,-0.08
145,70,"(35, 13)",0,-0.08
145,71,"(35, 12)",1,-0.08
145,72,"(36, 12)",1,-0.08
145,73,"(37, 12)",1,-0.08
145,74,"(38, 12)",1,-0.08
145,75,"(39, 12)",0,-0.08
145,76,"(39, 11)",1,-0.08
145,77,"(40, 11)",1,-0.08
145,78,"(41, 11)",1,-0.08
145,79,"(42, 11)",1,-0.08
145,80,"(43, 11)",1,-0.08
145,81,"(44, 11)",1,-0.08
145,82,"(45, 11)",0,-0.08
145,83,"(45, 10)",0,-0.08
145,84,"(45, 9)",0,-0.08
145,85,"(45, 8)",0,-0.08
145,86,"(45, 7)",1,-0.08
145,87,"(46, 7)",1,-0.08
145,88,"(47, 7)",1,-0.08
145,89,"(48, 7)",1,-0.08
145,90,"(49, 7)",1,-0.08
145,91,"(50, 7)",1,-0.08
145,92,"(51, 7)",1,-0.08
145,93,"(52, 7)",1,-0.08
145,94,"(53, 7)",1,-0.08
145,95,"(54, 7)",1,-0.08
145,96,"(55, 7)",1,-0.08
145,97,"(56, 7)",1,-0.08
145,98,"(57, 7)",1,-0.08
145,99,"(58, 7)",1,-0.08
145,100,"(59, 7)",1,-0.08
145,101,"(60, 7)",1,-0.08
145,102,"(61, 7)",1,-0.08
145,103,"(62, 7)",1,-0.08
145,104,"(63, 7)",1,-0.08
145,105,"(64, 7)",1,-0.08
145,106,"(65, 7)",1,-0.08
145,107,"(66, 7)",1,-0.08
145,108,"(67, 7)",1,-0.08
145,109,"(68, 7)",1,-0.08
145,110,"(69, 7)",1,-0.08
145,111,"(70, 7)",1,-0.08
145,112,"(71, 7)",1,-0.08
145,113,"(72, 7)",1,-0.08
145,114,"(73, 7)",0,-0.08
145,115,"(73, 6)",0,-0.08
145,116,"(73, 5)",1,-0.08
145,117,"(74, 5)",0,-0.08
145,118,"(74, 4)",1,-0.08
145,119,"(75, 4)",0,-0.08
145,120,"(75, 3)",1,-0.08
145,121,"(76, 3)",1,-0.08
145,122,"(77, 3)",0,-0.08
145,123,"(77, 2)",0,-0.08
145,124,"(77, 1)",1,-0.08
145,125,"(78, 1)",0,-0.08
145,126,"(78, 0)",1,8.33
146,0,"(0, 39)",0,-0.08
146,1,"(0, 38)",0,-0.08
146,2,"(0, 37)",1,-0.08
146,3,"(1, 37)",1,-8.33
146,4,"(1, 37)",0,-8.33
146,5,"(1, 37)",3,-0.08
146,6,"(0, 37)",0,-0.08
146,7,"(0, 36)",0,-0.08
146,8,"(0, 35)",1,-0.08
146,9,"(1, 35)",0,-0.08
146,10,"(1, 34)",0,-0.08
146,11,"(1, 33)",1,-0.08
146,12,"(2, 33)",1,-0.08
146,13,"(3, 33)",0,-0.08
146,14,"(3, 32)",0,-0.08
146,15,"(3, 31)",0,-8.33
146,16,"(3, 31)",2,-0.08
146,17,"(3, 32)",2,-0.08
146,18,"(3, 33)",1,-0.08
146,19,"(4, 33)",1,-0.08
146,20,"(5, 33)",1,-0.08
146,21,"(6, 33)",1,-0.08
146,22,"(7, 33)",0,-0.08
146,23,"(7, 32)",1,-0.08
146,24,"(8, 32)",0,-0.08
146,25,"(8, 31)",1,-0.08
146,26,"(9, 31)",0,-0.08
146,27,"(9, 30)",1,-0.08
146,28,"(10, 30)",0,-0.08
146,29,"(10, 29)",0,-0.08
146,30,"(10, 28)",0,-0.08
146,31,"(10, 27)",1,-0.08
146,32,"(11, 27)",1,-0.08
146,33,"(12, 27)",0,-0.08
146,34,"(12, 26)",0,-0.08
146,35,"(12, 25)",0,-0.08
146,36,"(12, 24)",1,-0.08
146,37,"(13, 24)",0,-0.08
146,38,"(13, 23)",1,-0.08
146,39,"(14, 23)",1,-0.08
146,40,"(15, 23)",1,-0.08
146,41,"(16, 23)",1,-0.08
146,42,"(17, 23)",0,-0.08
146,43,"(17, 22)",1,-0.08
146,44,"(18, 22)",1,-0.08
146,45,"(19, 22)",1,-0.08
146,46,"(20, 22)",1,-0.08
146,47,"(21, 22)",0,-0.08
146,48,"(21, 21)",0,-0.08
146,49,"(21, 20)",1,-0.08
146,50,"(22, 20)",0,-0.08
146,51,"(22, 19)",1,-0.08
146,52,"(23, 19)",0,-0.08
146,53,"(23, 18)",0,-0.08
146,54,"(23, 17)",0,-0.08
146,55,"(23, 16)",0,-0.08
146,56,"(23, 15)",1,-0.08
146,57,"(24, 15)",1,-0.08
146,58,"(25, 15)",1,-0.08
146,59,"(26, 15)",1,-0.08
146,60,"(27, 15)",0,-0.08
146,61,"(27, 14)",0,-0.08
146,62,"(27, 13)",1,-0.08
146,63,"(28, 13)",1,-0.08
146,64,"(29, 13)",1,-0.08
146,65,"(30, 13)",1,-0.08
146,66,"(31, 13)",1,-0.08
146,67,"(32, 13)",1,-0.08
146,68,"(33, 13)",1,-0.08
146,69,"(34, 13)",1,-0.08
146,70,"(35, 13)",0,-0.08
146,71,"(35, 12)",1,-0.08
146,72,"(36, 12)",1,-0.08
146,73,"(37, 12)",1,-0.08
146,74,"(38, 12)",1,-0.08
146,75,"(39, 12)",0,-0.08
146,76,"(39, 11)",1,-0.08
146,77,"(40, 11)",1,-0.08
146,78,"(41, 11)",1,-0.08
146,79,"(42, 11)",1,-0.08
146,80,"(43, 11)",1,-0.08
146,81,"(44, 11)",1,-0.08
146,82,"(45, 11)",0,-0.08
146,83,"(45, 10)",1,-0.08
146,84,"(46, 10)",0,-0.08
146,85,"(46, 9)",0,-0.08
146,86,"(46, 8)",0,-0.08
146,87,"(46, 7)",1,-0.08
146,88,"(47, 7)",1,-0.08
146,89,"(48, 7)",1,-0.08
146,90,"(49, 7)",1,-0.08
146,91,"(50, 7)",1,-0.08
146,92,"(51, 7)",1,-0.08
146,93,"(52, 7)",1,-0.08
146,94,"(53, 7)",1,-0.08
146,95,"(54, 7)",1,-0.08
146,96,"(55, 7)",1,-0.08
146,97,"(56, 7)",1,-0.08
146,98,"(57, 7)",1,-0.08
146,99,"(58, 7)",1,-0.08
146,100,"(59, 7)",1,-0.08
146,101,"(60, 7)",1,-0.08
146,102,"(61, 7)",1,-0.08
146,103,"(62, 7)",1,-0.08
146,104,"(63, 7)",1,-0.08
146,105,"(64, 7)",1,-0.08
146,106,"(65, 7)",1,-0.08
146,107,"(66, 7)",1,-0.08
146,108,"(67, 7)",1,-0.08
146,109,"(68, 7)",1,-0.08
146,110,"(69, 7)",0,-0.08
146,111,"(69, 6)",1,-0.08
146,112,"(70, 6)",1,-0.08
146,113,"(71, 6)",1,-0.08
146,114,"(72, 6)",0,-0.08
146,115,"(72, 5)",1,-0.08
146,116,"(73, 5)",1,-0.08
146,117,"(74, 5)",1,-0.08
146,118,"(75, 5)",0,-0.08
146,119,"(75, 4)",0,-0.08
146,120,"(75, 3)",1,-0.08
146,121,"(76, 3)",1,-0.08
146,122,"(77, 3)",0,-0.08
146,123,"(77, 2)",0,-0.08
146,124,"(77, 1)",1,-0.08
146,125,"(78, 1)",0,-0.08
146,126,"(78, 0)",1,8.33
147,0,"(0, 39)",0,-0.08
147,1,"(0, 38)",1,-0.08
147,2,"(1, 38)",0,-0.08
147,3,"(1, 37)",1,-8.33
147,4,"(1, 37)",0,-8.33
147,5,"(1, 37)",3,-0.08
147,6,"(0, 37)",0,-0.08
147,7,"(0, 36)",0,-0.08
147,8,"(0, 35)",0,-0.08
147,9,"(0, 34)",1,-0.08
147,10,"(1, 34)",0,-0.08
147,11,"(1, 33)",1,-0.08
147,12,"(2, 33)",1,-0.08
147,13,"(3, 33)",0,-0.08
147,14,"(3, 32)",0,-0.08
147,15,"(3, 31)",0,-8.33
147,16,"(3, 31)",2,-0.08
147,17,"(3, 32)",2,-0.08
147,18,"(3, 33)",1,-0.08
147,19,"(4, 33)",1,-0.08
147,20,"(5, 33)",0,-0.08
147,21,"(5, 32)",0,-0.08
147,22,"(5, 31)",0,-0.08
147,23,"(5, 30)",0,-0.08
147,24,"(5, 29)",1,-0.08
147,25,"(6, 29)",1,-0.08
147,26,"(7, 29)",0,-0.08
147,27,"(7, 28)",0,-0.08
147,28,"(7, 27)",1,-0.08
147,29,"(8, 27)",1,-0.08
147,30,"(9, 27)",1,-0.08
147,31,"(10, 27)",1,-0.08
147,32,"(11, 27)",1,-0.08
147,33,"(12, 27)",1,-0.08
147,34,"(13, 27)",0,-0.08
147,35,"(13, 26)",0,-0.08
147,36,"(13, 25)",0,-0.08
147,37,"(13, 24)",0,-0.08
147,38,"(13, 23)",1,-0.08
147,39,"(14, 23)",1,-0.08
147,40,"(15, 23)",1,-0.08
147,41,"(16, 23)",0,-0.08
147,42,"(16, 22)",1,-0.08
147,43,"(17, 22)",1,-0.08
147,44,"(18, 22)",1,-0.08
147,45,"(19, 22)",1,-0.08
147,46,"(20, 22)",1,-0.08
147,47,"(21, 22)",0,-0.08
147,48,"(21, 21)",0,-0.08
147,49,"(21, 20)",0,-0.08
147,50,"(21, 19)",1,-0.08
147,51,"(22, 19)",1,-0.08
147,52,"(23, 19)",0,-0.08
147,53,"(23, 18)",0,-0.08
147,54,"(23, 17)",0,-0.08
147,55,"(23, 16)",0,-0.08
147,56,"(23, 15)",1,-0.08
147,57,"(24, 15)",1,-0.08
147,58,"(25, 15)",1,-0.08
147,59,"(26, 15)",1,-0.08
147,60,"(27, 15)",0,-0.08
147,61,"(27, 14)",0,-0.08
147,62,"(27, 13)",1,-0.08
147,63,"(28, 13)",1,-0.08
147,64,"(29, 13)",1,-0.08
147,65,"(30, 13)",1,-0.08
147,66,"(31, 13)",1,-0.08
147,67,"(32, 13)",1,-0.08
147,68,"(33, 13)",1,-0.08
147,69,"(34, 13)",1,-0.08
147,70,"(35, 13)",1,-0.08
147,71,"(36, 13)",1,-0.08
147,72,"(37, 13)",0,-0.08
147,73,"(37, 12)",1,-0.08
147,74,"(38, 12)",1,-0.08
147,75,"(39, 12)",0,-0.08
147,76,"(39, 11)",1,-0.08
147,77,"(40, 11)",1,-0.08
147,78,"(41, 11)",1,-0.08
147,79,"(42, 11)",1,-0.08
147,80,"(43, 11)",1,-0.08
147,81,"(44, 11)",1,-0.08
147,82,"(45, 11)",0,-0.08
147,83,"(45, 10)",0,-0.08
147,84,"(45, 9)",0,-0.08
147,85,"(45, 8)",0,-0.08
147,86,"(45, 7)",1,-0.08
147,87,"(46, 7)",1,-0.08
147,88,"(47, 7)",1,-0.08
147,89,"(48, 7)",1,-0.08
147,90,"(49, 7)",1,-0.08
147,91,"(50, 7)",1,-0.08
147,92,"(51, 7)",1,-0.08
147,93,"(52, 7)",1,-0.08
147,94,"(53, 7)",1,-0.08
147,95,"(54, 7)",1,-0.08
147,96,"(55, 7)",1,-0.08
147,97,"(56, 7)",1,-0.08
147,98,"(57, 7)",1,-0.08
147,99,"(58, 7)",1,-0.08
147,100,"(59, 7)",1,-0.08
147,101,"(60, 7)",1,-0.08
147,102,"(61, 7)",1,-0.08
147,103,"(62, 7)",1,-0.08
147,104,"(63, 7)",1,-0.08
147,105,"(64, 7)",1,-0.08
147,106,"(65, 7)",1,-0.08
147,107,"(66, 7)",1,-0.08
147,108,"(67, 7)",1,-0.08
147,109,"(68, 7)",1,-0.08
147,110,"(69, 7)",0,-0.08
147,111,"(69, 6)",1,-0.08
147,112,"(70, 6)",1,-0.08
147,113,"(71, 6)",1,-0.08
147,114,"(72, 6)",0,-0.08
147,115,"(72, 5)",1,-0.08
147,116,"(73, 5)",1,-0.08
147,117,"(74, 5)",0,-0.08
147,118,"(74, 4)",0,-0.08
147,119,"(74, 3)",1,-0.08
147,120,"(75, 3)",1,-0.08
147,121,"(76, 3)",1,-0.08
147,122,"(77, 3)",0,-0.08
147,123,"(77, 2)",0,-0.08
147,124,"(77, 1)",0,-0.08
147,125,"(77, 0)",1,-0.08
147,126,"(78, 0)",1,8.33
148,0,"(0, 39)",0,-0.08
148,1,"(0, 38)",1,-0.08
148,2,"(1, 38)",0,-0.08
148,3,"(1, 37)",0,-8.33
148,4,"(1, 37)",3,-0.08
148,5,"(0, 37)",0,-0.08
148,6,"(0, 36)",0,-0.08
148,7,"(0, 35)",1,-0.08
148,8,"(1, 35)",0,-0.08
148,9,"(1, 34)",0,-0.08
148,10,"(1, 33)",0,-0.08
148,11,"(1, 32)",0,-0.08
148,12,"(1, 31)",1,-0.08
148,13,"(2, 31)",1,-0.08
148,14,"(3, 31)",0,-8.33
148,15,"(3, 31)",3,-0.08
148,16,"(2, 31)",3,-0.08
148,17,"(1, 31)",0,-0.08
148,18,"(1, 30)",0,-0.08
148,19,"(1, 29)",0,-0.08
148,20,"(1, 28)",0,-0.08
148,21,"(1, 27)",0,-0.08
148,22,"(1, 26)",1,-0.08
148,23,"(2, 26)",0,-0.08
148,24,"(2, 25)",1,-0.08
148,25,"(3, 25)",1,-0.08
148,26,"(4, 25)",1,-0.08
148,27,"(5, 25)",1,-0.08
148,28,"(6, 25)",1,-0.08
148,29,"(7, 25)",1,-0.08
148,30,"(8, 25)",1,-0.08
148,31,"(9, 25)",1,-0.08
148,32,"(10, 25)",1,-0.08
148,33,"(11, 25)",0,-0.08
148,34,"(11, 24)",1,-0.08
148,35,"(12, 24)",1,-0.08
148,36,"(13, 24)",1,-0.08
148,37,"(14, 24)",0,-0.08
148,38,"(14, 23)",1,-0.08
148,39,"(15, 23)",1,-0.08
148,40,"(16, 23)",1,-0.08
148,41,"(17, 23)",1,-0.08
148,42,"(18, 23)",0,-0.08
148,43,"(18, 22)",1,-0.08
148,44,"(19, 22)",1,-0.08
148,45,"(20, 22)",1,-0.08
148,46,"(21, 22)",0,-0.08
148,47,"(21, 21)",0,-0.08
148,48,"(21, 20)",0,-0.08
148,49,"(21, 19)",1,-0.08
148,50,"(22, 19)",1,-0.08
148,51,"(23, 19)",0,-0.08
148,52,"(23, 18)",0,-0.08
148,53,"(23, 17)",1,-0.08
148,54,"(24, 17)",1,-0.08
148,55,"(25, 17)",1,-0.08
148,56,"(26, 17)",1,-0.08
148,57,"(27, 17)",1,-0.08
148,58,"(28, 17)",0,-0.08
148,59,"(28, 16)",1,-0.08
148,60,"(29, 16)",0,-0.08
148,61,"(29, 15)",1,-0.08
148,62,"(30, 15)",1,-0.08
148,63,"(31, 15)",0,-0.08
148,64,"(31, 14)",0,-0.08
148,65,"(31, 13)",1,-0.08
148,66,"(32, 13)",1,-0.08
148,67,"(33, 13)",1,-0.08
148,68,"(34, 13)",1,-0.08
148,69,"(35, 13)",0,-0.08
148,70,"(35, 12)",1,-0.08
148,71,"(36, 12)",1,-0.08
148,72,"(37, 12)",1,-0.08
148,73,"(38, 12)",1,-0.08
148,74,"(39, 12)",0,-0.08
148,75,"(39, 11)",1,-0.08
148,76,"(40, 11)",1,-0.08
148,77,"(41, 11)",1,-0.08
148,78,"(42, 11)",1,-0.08
148,79,"(43, 11)",1,-0.08
148,80,"(44, 11)",1,-0.08
148,81,"(45, 11)",0,-0.08
148,82,"(45, 10)",1,-0.08
148,83,"(46, 10)",1,-0.08
148,84,"(47, 10)",1,-0.08
148,85,"(48, 10)",1,-0.08
148,86,"(49, 10)",0,-0.08
148,87,"(49, 9)",1,-0.08
148,88,"(50, 9)",1,-0.08
148,89,"(51, 9)",1,-0.08
148,90,"(52, 9)",1,-0.08
148,91,"(53, 9)",1,-0.08
148,92,"(54, 9)",1,-0.08
148,93,"(55, 9)",1,-0.08
148,94,"(56, 9)",1,-0.08
148,95,"(57, 9)",1,-0.08
148,96,"(58, 9)",0,-0.08
148,97,"(58, 8)",0,-0.08
148,98,"(58, 7)",1,-0.08
148,99,"(59, 7)",1,-0.08
148,100,"(60, 7)",1,-0.08
148,101,"(61, 7)",1,-0.08
148,102,"(62, 7)",1,-0.08
148,103,"(63, 7)",1,-0.08
148,104,"(64, 7)",1,-0.08
148,105,"(65, 7)",1,-0.08
148,106,"(66, 7)",1,-0.08
148,107,"(67, 7)",1,-0.08
148,108,"(68, 7)",1,-0.08
148,109,"(69, 7)",1,-0.08
148,110,"(70, 7)",1,-0.08
148,111,"(71, 7)",0,-0.08
148,112,"(71, 6)",1,-0.08
148,113,"(72, 6)",1,-0.08
148,114,"(73, 6)",1,-0.08
148,115,"(74, 6)",0,-0.08
148,116,"(74, 5)",1,-0.08
148,117,"(75, 5)",0,-0.08
148,118,"(75, 4)",0,-0.08
148,119,"(75, 3)",1,-0.08
148,120,"(76, 3)",0,-0.08
148,121,"(76, 2)",1,-0.08
148,122,"(77, 2)",0,-0.08
148,123,"(77, 1)",1,-0.08
148,124,"(78, 1)",1,-0.08
148,125,"(79, 1)",0,8.33
149,0,"(0, 39)",0,-0.08
149,1,"(0, 38)",1,-0.08
149,2,"(1, 38)",1,-8.33
149,3,"(1, 38)",0,-0.08
149,4,"(1, 37)",0,-8.33
149,5,"(1, 37)",3,-0.08
149,6,"(0, 37)",0,-0.08
149,7,"(0, 36)",0,-0.08
149,8,"(0, 35)",0,-0.08
149,9,"(0, 34)",0,-0.08
149,10,"(0, 33)",1,-0.08
149,11,"(1, 33)",1,-0.08
149,12,"(2, 33)",0,-0.08
149,13,"(2, 32)",1,-0.08
149,14,"(3, 32)",0,-0.08
149,15,"(3, 31)",0,-8.33
149,16,"(3, 31)",0,-8.33
149,17,"(3, 31)",3,-0.08
149,18,"(2, 31)",3,-0.08
149,19,"(1, 31)",0,-0.08
149,20,"(1, 30)",0,-0.08
149,21,"(1, 29)",1,-0.08
149,22,"(2, 29)",1,-0.08
149,23,"(3, 29)",1,-0.08
149,24,"(4, 29)",1,-0.08
149,25,"(5, 29)",1,-0.08
149,26,"(6, 29)",1,-0.08
149,27,"(7, 29)",0,-0.08
149,28,"(7, 28)",0,-0.08
149,29,"(7, 27)",0,-0.08
149,30,"(7, 26)",0,-0.08
149,31,"(7, 25)",1,-0.08
149,32,"(8, 25)",1,-0.08
149,33,"(9, 25)",1,-0.08
149,34,"(10, 25)",1,-0.08
149,35,"(11, 25)",1,-0.08
149,36,"(12, 25)",0,-0.08
149,37,"(12, 24)",1,-0.08
149,38,"(13, 24)",1,-0.08
149,39,"(14, 24)",0,-0.08
149,40,"(14, 23)",1,-0.08
149,41,"(15, 23)",1,-0.08
149,42,"(16, 23)",0,-0.08
149,43,"(16, 22)",1,-0.08
149,44,"(17, 22)",1,-0.08
149,45,"(18, 22)",1,-0.08
149,46,"(19, 22)",0,-0.08
149,47,"(19, 21)",0,-0.08
149,48,"(19, 20)",1,-0.08
149,49,"(20, 20)",0,-0.08
149,50,"(20, 19)",1,-0.08
149,51,"(21, 19)",1,-0.08
149,52,"(22, 19)",1,-0.08
149,53,"(23, 19)",0,-0.08
149,54,"(23, 18)",0,-0.08
149,55,"(23, 17)",1,-0.08
149,56,"(24, 17)",1,-0.08
149,57,"(25, 17)",1,-0.08
149,58,"(26, 17)",1,-0.08
149,59,"(27, 17)",1,-0.08
149,60,"(28, 17)",0,-0.08
149,61,"(28, 16)",0,-0.08
149,62,"(28, 15)",1,-0.08
149,63,"(29, 15)",0,-0.08
149,64,"(29, 14)",0,-0.08
149,65,"(29, 13)",1,-0.08
149,66,"(30, 13)",1,-0.08
149,67,"(31, 13)",1,-0.08
149,68,"(32, 13)",1,-0.08
149,69,"(33, 13)",1,-0.08
149,70,"(34, 13)",1,-0.08
149,71,"(35, 13)",0,-0.08
149,72,"(35, 12)",1,-0.08
149,73,"(36, 12)",1,-0.08
149,74,"(37, 12)",1,-0.08
149,75,"(38, 12)",1,-0.08
149,76,"(39, 12)",0,-0.08
149,77,"(39, 11)",1,-0.08
149,78,"(40, 11)",1,-0.08
149,79,"(41, 11)",1,-0.08
149,80,"(42, 11)",1,-0.08
149,81,"(43, 11)",1,-0.08
149,82,"(44, 11)",1,-0.08
149,83,"(45, 11)",0,-0.08
149,84,"(45, 10)",1,-0.08
149,85,"(46, 10)",1,-0.08
149,86,"(47, 10)",1,-0.08
149,87,"(48, 10)",1,-0.08
149,88,"(49, 10)",0,-0.08
149,89,"(49, 9)",1,-0.08
149,90,"(50, 9)",0,-0.08
149,91,"(50, 8)",0,-0.08
149,92,"(50, 7)",1,-0.08
149,93,"(51, 7)",1,-0.08
149,94,"(52, 7)",1,-0.08
149,95,"(53, 7)",1,-0.08
149,96,"(54, 7)",1,-0.08
149,97,"(55, 7)",1,-0.08
149,98,"(56, 7)",1,-0.08
149,99,"(57, 7)",1,-0.08
149,100,"(58, 7)",1,-0.08
149,101,"(59, 7)",1,-0.08
149,102,"(60, 7)",1,-0.08
149,103,"(61, 7)",1,-0.08
149,104,"(62, 7)",1,-0.08
149,105,"(63, 7)",1,-0.08
149,106,"(64, 7)",1,-0.08
149,107,"(65, 7)",1,-0.08
149,108,"(66, 7)",1,-0.08
149,109,"(67, 7)",1,-0.08
149,110,"(68, 7)",1,-0.08
149,111,"(69, 7)",1,-0.08
149,112,"(70, 7)",0,-0.08
149,113,"(70, 6)",1,-0.08
149,114,"(71, 6)",0,-0.08
149,115,"(71, 5)",1,-0.08
149,116,"(72, 5)",1,-0.08
149,117,"(73, 5)",1,-0.08
149,118,"(74, 5)",0,-0.08
149,119,"(74, 4)",1,-0.08
149,120,"(75, 4)",0,-0.08
149,121,"(75, 3)",1,-0.08
149,122,"(76, 3)",1,-0.08
149,123,"(77, 3)",0,-0.08
149,124,"(77, 2)",0,-0.08
149,125,"(77, 1)",0,-0.08
149,126,"(77, 0)",1,-0.08
149,127,"(78, 0)",1,8.33
150,0,"(0, 39)",0,-0.08
150,1,"(0, 38)",0,-0.08
150,2,"(0, 37)",1,-0.08
150,3,"(1, 37)",1,-8.33
150,4,"(1, 37)",0,-8.33
150,5,"(1, 37)",3,-0.08
150,6,"(0, 37)",0,-0.08
150,7,"(0, 36)",0,-0.08
150,8,"(0, 35)",1,-0.08
150,9,"(1, 35)",1,-0.08
150,10,"(2, 35)",0,-0.08
150,11,"(2, 34)",0,-0.08
150,12,"(2, 33)",0,-0.08
150,13,"(2, 32)",1,-0.08
150,14,"(3, 32)",0,-0.08
150,15,"(3, 31)",0,-8.33
150,16,"(3, 31)",0,-8.33
150,17,"(3, 31)",2,-0.08
150,18,"(3, 32)",2,-0.08
150,19,"(3, 33)",1,-0.08
150,20,"(4, 33)",1,-0.08
150,21,"(5, 33)",1,-0.08
150,22,"(6, 33)",1,-0.08
150,23,"(7, 33)",1,-0.08
150,24,"(8, 33)",0,-0.08
150,25,"(8, 32)",1,-0.08
150,26,"(9, 32)",0,-0.08
150,27,"(9, 31)",0,-0.08
150,28,"(9, 30)",0,-0.08
150,29,"(9, 29)",1,-0.08
150,30,"(10, 29)",0,-0.08
150,31,"(10, 28)",0,-0.08
150,32,"(10, 27)",1,-0.08
150,33,"(11, 27)",1,-0.08
150,34,"(12, 27)",0,-0.08
150,35,"(12, 26)",0,-0.08
150,36,"(12, 25)",0,-0.08
150,37,"(12, 24)",1,-0.08
150,38,"(13, 24)",1,-0.08
150,39,"(14, 24)",0,-0.08
150,40,"(14, 23)",1,-0.08
150,41,"(15, 23)",1,-0.08
150,42,"(16, 23)",1,-0.08
150,43,"(17, 23)",0,-0.08
150,44,"(17, 22)",1,-0.08
150,45,"(18, 22)",1,-0.08
150,46,"(19, 22)",1,-0.08
150,47,"(20, 22)",1,-0.08
150,48,"(21, 22)",0,-0.08
150,49,"(21, 21)",0,-0.08
150,50,"(21, 20)",1,-0.08
150,51,"(22, 20)",0,-0.08
150,52,"(22, 19)",1,-0.08
150,53,"(23, 19)",0,-0.08
150,54,"(23, 18)",0,-0.08
150,55,"(23, 17)",1,-0.08
150,56,"(24, 17)",1,-0.08
150,57,"(25, 17)",1,-0.08
150,58,"(26, 17)",1,-0.08
150,59,"(27, 17)",0,-0.08
150,60,"(27, 16)",1,-0.08
150,61,"(28, 16)",0,-0.08
150,62,"(28, 15)",1,-0.08
150,63,"(29, 15)",0,-0.08
150,64,"(29, 14)",0,-0.08
150,65,"(29, 13)",1,-0.08
150,66,"(30, 13)",1,-0.08
150,67,"(31, 13)",1,-0.08
150,68,"(32, 13)",1,-0.08
150,69,"(33, 13)",1,-0.08
150,70,"(34, 13)",1,-0.08
150,71,"(35, 13)",0,-0.08
150,72,"(35, 12)",1,-0.08
150,73,"(36, 12)",1,-0.08
150,74,"(37, 12)",1,-0.08
150,75,"(38, 12)",1,-0.08
150,76,"(39, 12)",0,-0.08
150,77,"(39, 11)",1,-0.08
150,78,"(40, 11)",1,-0.08
150,79,"(41, 11)",1,-0.08
150,80,"(42, 11)",1,-0.08
150,81,"(43, 11)",1,-0.08
150,82,"(44, 11)",1,-0.08
150,83,"(45, 11)",0,-0.08
150,84,"(45, 10)",0,-0.08
150,85,"(45, 9)",0,-0.08
150,86,"(45, 8)",0,-0.08
150,87,"(45, 7)",1,-0.08
150,88,"(46, 7)",1,-0.08
150,89,"(47, 7)",1,-0.08
150,90,"(48, 7)",1,-0.08
150,91,"(49, 7)",1,-0.08
150,92,"(50, 7)",1,-0.08
150,93,"(51, 7)",1,-0.08
150,94,"(52, 7)",1,-0.08
150,95,"(53, 7)",1,-0.08
150,96,"(54, 7)",1,-0.08
150,97,"(55, 7)",1,-0.08
150,98,"(56, 7)",1,-0.08
150,99,"(57, 7)",1,-0.08
150,100,"(58, 7)",1,-0.08
150,101,"(59, 7)",1,-0.08
150,102,"(60, 7)",1,-0.08
150,103,"(61, 7)",1,-0.08
150,104,"(62, 7)",1,-0.08
150,105,"(63, 7)",1,-0.08
150,106,"(64, 7)",1,-0.08
150,107,"(65, 7)",1,-0.08
150,108,"(66, 7)",1,-0.08
150,109,"(67, 7)",1,-0.08
150,110,"(68, 7)",1,-0.08
150,111,"(69, 7)",0,-0.08
150,112,"(69, 6)",1,-0.08
150,113,"(70, 6)",1,-0.08
150,114,"(71, 6)",1,-0.08
150,115,"(72, 6)",1,-0.08
150,116,"(73, 6)",0,-0.08
150,117,"(73, 5)",1,-0.08
150,118,"(74, 5)",0,-0.08
150,119,"(74, 4)",1,-0.08
150,120,"(75, 4)",0,-0.08
150,121,"(75, 3)",1,-0.08
150,122,"(76, 3)",1,-0.08
150,123,"(77, 3)",0,-0.08
150,124,"(77, 2)",0,-0.08
150,125,"(77, 1)",0,-0.08
150,126,"(77, 0)",1,-0.08
150,127,"(78, 0)",1,8.33
151,0,"(0, 39)",0,-0.08
151,1,"(0, 38)",0,-0.08
151,2,"(0, 37)",0,-0.08
151,3,"(0, 36)",1,-8.33
151,4,"(0, 36)",0,-0.08
151,5,"(0, 35)",0,-0.08
151,6,"(0, 34)",0,-0.08
151,7,"(0, 33)",1,-0.08
151,8,"(1, 33)",0,-0.08
151,9,"(1, 32)",1,-0.08
151,10,"(2, 32)",0,-0.08
151,11,"(2, 31)",1,-0.08
151,12,"(3, 31)",0,-8.33
151,13,"(3, 31)",0,-8.33
151,14,"(3, 31)",3,-0.08
151,15,"(2, 31)",3,-0.08
151,16,"(1, 31)",0,-0.08
151,17,"(1, 30)",0,-0.08
151,18,"(1, 29)",1,-0.08
151,19,"(2, 29)",1,-0.08
151,20,"(3, 29)",0,-0.08
151,21,"(3, 28)",0,-0.08
151,22,"(3, 27)",0,-0.08
151,23,"(3, 26)",0,-0.08
151,24,"(3, 25)",1,-0.08
151,25,"(4, 25)",1,-0.08
151,26,"(5, 25)",1,-0.08
151,27,"(6, 25)",1,-0.08
151,28,"(7, 25)",1,-0.08
151,29,"(8, 25)",1,-0.08
151,30,"(9, 25)",0,-0.08
151,31,"(9, 24)",1,-0.08
151,32,"(10, 24)",1,-0.08
151,33,"(11, 24)",1,-0.08
151,34,"(12, 24)",1,-0.08
151,35,"(13, 24)",0,-0.08
151,36,"(13, 23)",1,-0.08
151,37,"(14, 23)",1,-0.08
151,38,"(15, 23)",1,-0.08
151,39,"(16, 23)",1,-0.08
151,40,"(17, 23)",1,-0.08
151,41,"(18, 23)",1,-0.08
151,42,"(19, 23)",0,-0.08
151,43,"(19, 22)",1,-0.08
151,44,"(20, 22)",0,-0.08
151,45,"(20, 21)",1,-0.08
151,46,"(21, 21)",0,-0.08
151,47,"(21, 20)",0,-0.08
151,48,"(21, 19)",1,-0.08
151,49,"(22, 19)",1,-0.08
151,50,"(23, 19)",0,-0.08
151,51,"(23, 18)",0,-0.08
151,52,"(23, 17)",0,-0.08
151,53,"(23, 16)",0,-0.08
151,54,"(23, 15)",1,-0.08
151,55,"(24, 15)",1,-0.08
151,56,"(25, 15)",1,-0.08
151,57,"(26, 15)",1,-0.08
151,58,"(27, 15)",0,-0.08
151,59,"(27, 14)",0,-0.08
151,60,"(27, 13)",1,-0.08
151,61,"(28, 13)",1,-0.08
151,62,"(29, 13)",1,-0.08
151,63,"(30, 13)",1,-0.08
151,64,"(31, 13)",1,-0.08
151,65,"(32, 13)",1,-0.08
151,66,"(33, 13)",1,-0.08
151,67,"(34, 13)",1,-0.08
151,68,"(35, 13)",0,-0.08
151,69,"(35, 12)",1,-0.08
151,70,"(36, 12)",1,-0.08
151,71,"(37, 12)",1,-0.08
151,72,"(38, 12)",1,-0.08
151,73,"(39, 12)",0,-0.08
151,74,"(39, 11)",1,-0.08
151,75,"(40, 11)",1,-0.08
151,76,"(41, 11)",1,-0.08
151,77,"(42, 11)",1,-0.08
151,78,"(43, 11)",1,-0.08
151,79,"(44, 11)",1,-0.08
151,80,"(45, 11)",0,-0.08
151,81,"(45, 10)",0,-0.08
151,82,"(45, 9)",0,-0.08
151,83,"(45, 8)",1,-0.08
151,84,"(46, 8)",0,-0.08
151,85,"(46, 7)",1,-0.08
151,86,"(47, 7)",1,-0.08
151,87,"(48, 7)",1,-0.08
151,88,"(49, 7)",1,-0.08
151,89,"(50, 7)",1,-0.08
151,90,"(51, 7)",1,-0.08
151,91,"(52, 7)",1,-0.08
151,92,"(53, 7)",1,-0.08
151,93,"(54, 7)",1,-0.08
151,94,"(55, 7)",1,-0.08
151,95,"(56, 7)",1,-0.08
151,96,"(57, 7)",1,-0.08
151,97,"(58, 7)",1,-0.08
151,98,"(59, 7)",1,-0.08
151,99,"(60, 7)",1,-0.08
151,100,"(61, 7)",1,-0.08
151,101,"(62, 7)",1,-0.08
151,102,"(63, 7)",1,-0.08
151,103,"(64, 7)",1,-0.08
151,104,"(65, 7)",1,-0.08
151,105,"(66, 7)",1,-0.08
151,106,"(67, 7)",1,-0.08
151,107,"(68, 7)",1,-0.08
151,108,"(69, 7)",0,-0.08
151,109,"(69, 6)",1,-0.08
151,110,"(70, 6)",1,-0.08
151,111,"(71, 6)",0,-0.08
151,112,"(71, 5)",1,-0.08
151,113,"(72, 5)",1,-0.08
151,114,"(73, 5)",1,-0.08
151,115,"(74, 5)",0,-0.08
151,116,"(74, 4)",1,-0.08
151,117,"(75, 4)",0,-0.08
151,118,"(75, 3)",1,-0.08
151,119,"(76, 3)",0,-0.08
151,120,"(76, 2)",1,-0.08
151,121,"(77, 2)",0,-0.08
151,122,"(77, 1)",1,-0.08
151,123,"(78, 1)",1,-0.08
151,124,"(79, 1)",0,8.33
152,0,"(0, 39)",1,-0.08
152,1,"(1, 39)",1,-0.08
152,2,"(2, 39)",0,-8.33
152,3,"(2, 39)",1,-0.08
152,4,"(3, 39)",1,-0.08
152,5,"(4, 39)",1,-0.08
152,6,"(5, 39)",0,-8.33
152,7,"(5, 39)",1,-0.08
152,8,"(6, 39)",1,-0.08
152,9,"(7, 39)",0,-0.08
152,10,"(7, 38)",0,-0.08
152,11,"(7, 37)",0,-0.08
152,12,"(7, 36)",0,-0.08
152,13,"(7, 35)",0,-0.08
152,14,"(7, 34)",0,-0.08
152,15,"(7, 33)",0,-0.08
152,16,"(7, 32)",1,-0.08
152,17,"(8, 32)",0,-0.08
152,18,"(8, 31)",1,-0.08
152,19,"(9, 31)",0,-0.08
152,20,"(9, 30)",0,-0.08
152,21,"(9, 29)",1,-0.08
152,22,"(10, 29)",0,-0.08
152,23,"(10, 28)",0,-0.08
152,24,"(10, 27)",1,-0.08
152,25,"(11, 27)",1,-0.08
152,26,"(12, 27)",0,-0.08
152,27,"(12, 26)",0,-0.08
152,28,"(12, 25)",0,-0.08
152,29,"(12, 24)",1,-0.08
152,30,"(13, 24)",1,-0.08
152,31,"(14, 24)",0,-0.08
152,32,"(14, 23)",1,-0.08
152,33,"(15, 23)",1,-0.08
152,34,"(16, 23)",0,-0.08
152,35,"(16, 22)",1,-0.08
152,36,"(17, 22)",1,-0.08
152,37,"(18, 22)",1,-0.08
152,38,"(19, 22)",1,-0.08
152,39,"(20, 22)",1,-0.08
152,40,"(21, 22)",0,-0.08
152,41,"(21, 21)",1,-0.08
152,42,"(22, 21)",0,-0.08
152,43,"(22, 20)",0,-0.08
152,44,"(22, 19)",1,-0.08
152,45,"(23, 19)",0,-0.08
152,46,"(23, 18)",0,-0.08
152,47,"(23, 17)",1,-0.08
152,48,"(24, 17)",1,-0.08
152,49,"(25, 17)",1,-0.08
152,50,"(26, 17)",1,-0.08
152,51,"(27, 17)",1,-0.08
152,52,"(28, 17)",0,-0.08
152,53,"(28, 16)",0,-0.08
152,54,"(28, 15)",1,-0.08
152,55,"(29, 15)",1,-0.08
152,56,"(30, 15)",1,-0.08
152,57,"(31, 15)",0,-0.08
152,58,"(31, 14)",1,-0.08
152,59,"(32, 14)",0,-0.08
152,60,"(32, 13)",1,-0.08
152,61,"(33, 13)",1,-0.08
152,62,"(34, 13)",1,-0.08
152,63,"(35, 13)",1,-0.08
152,64,"(36, 13)",0,-0.08
152,65,"(36, 12)",1,-0.08
152,66,"(37, 12)",1,-0.08
152,67,"(38, 12)",1,-0.08
152,68,"(39, 12)",0,-0.08
152,69,"(39, 11)",1,-0.08
152,70,"(40, 11)",1,-0.08
152,71,"(41, 11)",1,-0.08
152,72,"(42, 11)",1,-0.08
152,73,"(43, 11)",1,-0.08
152,74,"(44, 11)",1,-0.08
152,75,"(45, 11)",0,-0.08
152,76,"(45, 10)",0,-0.08
152,77,"(45, 9)",0,-0.08
152,78,"(45, 8)",1,-0.08
152,79,"(46, 8)",0,-0.08
152,80,"(46, 7)",1,-0.08
152,81,"(47, 7)",1,-0.08
152,82,"(48, 7)",1,-0.08
152,83,"(49, 7)",1,-0.08
152,84,"(50, 7)",1,-0.08
152,85,"(51, 7)",1,-0.08
152,86,"(52, 7)",1,-0.08
152,87,"(53, 7)",1,-0.08
152,88,"(54, 7)",1,-0.08
152,89,"(55, 7)",1,-0.08
152,90,"(56, 7)",1,-0.08
152,91,"(57, 7)",1,-0.08
152,92,"(58, 7)",1,-0.08
152,93,"(59, 7)",1,-0.08
152,94,"(60, 7)",1,-0.08
152,95,"(61, 7)",1,-0.08
152,96,"(62, 7)",1,-0.08
152,97,"(63, 7)",1,-0.08
152,98,"(64, 7)",1,-0.08
152,99,"(65, 7)",1,-0.08
152,100,"(66, 7)",1,-0.08
152,101,"(67, 7)",1,-0.08
152,102,"(68, 7)",1,-0.08
152,103,"(69, 7)",1,-0.08
152,104,"(70, 7)",1,-0.08
152,105,"(71, 7)",1,-0.08
152,106,"(72, 7)",0,-0.08
152,107,"(72, 6)",1,-0.08
152,108,"(73, 6)",1,-0.08
152,109,"(74, 6)",0,-0.08
152,110,"(74, 5)",1,-0.08
152,111,"(75, 5)",1,-0.08
152,112,"(76, 5)",1,-0.08
152,113,"(77, 5)",0,-0.08
152,114,"(77, 4)",0,-0.08
152,115,"(77, 3)",0,-0.08
152,116,"(77, 2)",0,-0.08
152,117,"(77, 1)",1,-0.08
152,118,"(78, 1)",1,-0.08
152,119,"(79, 1)",0,8.33
153,0,"(0, 39)",0,-0.08
153,1,"(0, 38)",0,-0.08
153,2,"(0, 37)",0,-0.08
153,3,"(0, 36)",0,-0.08
153,4,"(0, 35)",1,-0.08
153,5,"(1, 35)",1,-0.08
153,6,"(2, 35)",1,-0.08
153,7,"(3, 35)",0,-8.33
153,8,"(3, 35)",3,-0.08
153,9,"(2, 35)",0,-0.08
153,10,"(2, 34)",0,-0.08
153,11,"(2, 33)",0,-0.08
153,12,"(2, 32)",0,-0.08
153,13,"(2, 31)",1,-0.08
153,14,"(3, 31)",0,-8.33
153,15,"(3, 31)",0,-8.33
153,16,"(3, 31)",3,-0.08
153,17,"(2, 31)",3,-0.08
153,18,"(1, 31)",0,-0.08
153,19,"(1, 30)",0,-0.08
153,20,"(1, 29)",1,-0.08
153,21,"(2, 29)",1,-0.08
153,22,"(3, 29)",0,-0.08
153,23,"(3, 28)",0,-0.08
153,24,"(3, 27)",0,-0.08
153,25,"(3, 26)",0,-0.08
153,26,"(3, 25)",1,-0.08
153,27,"(4, 25)",1,-0.08
153,28,"(5, 25)",1,-0.08
153,29,"(6, 25)",1,-0.08
153,30,"(7, 25)",1,-0.08
153,31,"(8, 25)",1,-0.08
153,32,"(9, 25)",0,-0.08
153,33,"(9, 24)",1,-0.08
153,34,"(10, 24)",1,-0.08
153,35,"(11, 24)",1,-0.08
153,36,"(12, 24)",1,-0.08
153,37,"(13, 24)",0,-0.08
153,38,"(13, 23)",1,-0.08
153,39,"(14, 23)",1,-0.08
153,40,"(15, 23)",1,-0.08
153,41,"(16, 23)",0,-0.08
153,42,"(16, 22)",1,-0.08
153,43,"(17, 22)",1,-0.08
153,44,"(18, 22)",1,-0.08
153,45,"(19, 22)",0,-0.08
153,46,"(19, 21)",0,-0.08
153,47,"(19, 20)",1,-0.08
153,48,"(20, 20)",1,-0.08
153,49,"(21, 20)",0,-0.08
153,50,"(21, 19)",1,-0.08
153,51,"(22, 19)",1,-0.08
153,52,"(23, 19)",0,-0.08
153,53,"(23, 18)",0,-0.08
153,54,"(23, 17)",1,-0.08
153,55,"(24, 17)",1,-0.08
153,56,"(25, 17)",1,-0.08
153,57,"(26, 17)",1,-0.08
153,58,"(27, 17)",1,-0.08
153,59,"(28, 17)",1,-0.08
153,60,"(29, 17)",1,-0.08
153,61,"(30, 17)",1,-0.08
153,62,"(31, 17)",1,-0.08
153,63,"(32, 17)",1,-0.08
153,64,"(33, 17)",1,-0.08
153,65,"(34, 17)",1,-0.08
153,66,"(35, 17)",0,-0.08
153,67,"(35, 16)",1,-0.08
153,68,"(36, 16)",1,-0.08
153,69,"(37, 16)",0,-0.08
153,70,"(37, 15)",0,-0.08
153,71,"(37, 14)",1,-0.08
153,72,"(38, 14)",0,-0.08
153,73,"(38, 13)",0,-0.08
153,74,"(38, 12)",1,-0.08
153,75,"(39, 12)",0,-0.08
153,76,"(39, 11)",1,-0.08
153,77,"(40, 11)",1,-0.08
153,78,"(41, 11)",1,-0.08
153,79,"(42, 11)",1,-0.08
153,80,"(43, 11)",1,-0.08
153,81,"(44, 11)",1,-0.08
153,82,"(45, 11)",0,-0.08
153,83,"(45, 10)",0,-0.08
153,84,"(45, 9)",0,-0.08
153,85,"(45, 8)",1,-0.08
153,86,"(46, 8)",0,-0.08
153,87,"(46, 7)",1,-0.08
153,88,"(47, 7)",1,-0.08
153,89,"(48, 7)",1,-0.08
153,90,"(49, 7)",1,-0.08
153,91,"(50, 7)",1,-0.08
153,92,"(51, 7)",1,-0.08
153,93,"(52, 7)",1,-0.08
153,94,"(53, 7)",1,-0.08
153,95,"(54, 7)",1,-0.08
153,96,"(55, 7)",1,-0.08
153,97,"(56, 7)",1,-0.08
153,98,"(57, 7)",1,-0.08
153,99,"(58, 7)",1,-0.08
153,100,"(59, 7)",1,-0.08
153,101,"(60, 7)",1,-0.08
153,102,"(61, 7)",1,-0.08
153,103,"(62, 7)",1,-0.08
153,104,"(63, 7)",1,-0.08
153,105,"(64, 7)",1,-0.08
153,106,"(65, 7)",1,-0.08
153,107,"(66, 7)",1,-0.08
153,108,"(67, 7)",1,-0.08
153,109,"(68, 7)",1,-0.08
153,110,"(69, 7)",1,-0.08
153,111,"(70, 7)",1,-0.08
153,112,"(71, 7)",1,-0.08
153,113,"(72, 7)",1,-0.08
153,114,"(73, 7)",0,-0.08
153,115,"(73, 6)",1,-0.08
153,116,"(74, 6)",0,-0.08
153,117,"(74, 5)",1,-0.08
153,118,"(75, 5)",1,-0.08
153,119,"(76, 5)",1,-0.08
153,120,"(77, 5)",0,-0.08
153,121,"(77, 4)",0,-0.08
153,122,"(77, 3)",0,-0.08
153,123,"(77, 2)",0,-0.08
153,124,"(77, 1)",1,-0.08
153,125,"(78, 1)",1,-0.08
153,126,"(79, 1)",0,8.33
154,0,"(0, 39)",0,-0.08
154,1,"(0, 38)",0,-0.08
154,2,"(0, 37)",1,-0.08
154,3,"(1, 37)",1,-8.33
154,4,"(1, 37)",0,-8.33
154,5,"(1, 37)",3,-0.08
154,6,"(0, 37)",0,-0.08
154,7,"(0, 36)",0,-0.08
154,8,"(0, 35)",1,-0.08
154,9,"(1, 35)",0,-0.08
154,10,"(1, 34)",0,-0.08
154,11,"(1, 33)",0,-0.08
154,12,"(1, 32)",0,-0.08
154,13,"(1, 31)",1,-0.08
154,14,"(2, 31)",1,-0.08
154,15,"(3, 31)",0,-8.33
154,16,"(3, 31)",3,-0.08
154,17,"(2, 31)",3,-0.08
154,18,"(1, 31)",0,-0.08
154,19,"(1, 30)",0,-0.08
154,20,"(1, 29)",1,-0.08
154,21,"(2, 29)",1,-0.08
154,22,"(3, 29)",0,-0.08
154,23,"(3, 28)",0,-0.08
154,24,"(3, 27)",0,-0.08
154,25,"(3, 26)",0,-0.08
154,26,"(3, 25)",1,-0.08
154,27,"(4, 25)",1,-0.08
154,28,"(5, 25)",1,-0.08
154,29,"(6, 25)",1,-0.08
154,30,"(7, 25)",1,-0.08
154,31,"(8, 25)",1,-0.08
154,32,"(9, 25)",0,-0.08
154,33,"(9, 24)",1,-0.08
154,34,"(10, 24)",1,-0.08
154,35,"(11, 24)",1,-0.08
154,36,"(12, 24)",1,-0.08
154,37,"(13, 24)",1,-0.08
154,38,"(14, 24)",0,-0.08
154,39,"(14, 23)",1,-0.08
154,40,"(15, 23)",1,-0.08
154,41,"(16, 23)",0,-0.08
154,42,"(16, 22)",1,-0.08
154,43,"(17, 22)",1,-0.08
154,44,"(18, 22)",1,-0.08
154,45,"(19, 22)",1,-0.08
154,46,"(20, 22)",1,-0.08
154,47,"(21, 22)",0,-0.08
154,48,"(21, 21)",0,-0.08
154,49,"(21, 20)",1,-0.08
154,50,"(22, 20)",1,-0.08
154,51,"(23, 20)",1,-0.08
154,52,"(24, 20)",1,-0.08
154,53,"(25, 20)",0,-0.08
154,54,"(25, 19)",1,-0.08
154,55,"(26, 19)",0,-0.08
154,56,"(26, 18)",0,-0.08
154,57,"(26, 17)",1,-0.08
154,58,"(27, 17)",0,-0.08
154,59,"(27, 16)",1,-0.08
154,60,"(28, 16)",0,-0.08
154,61,"(28, 15)",1,-0.08
154,62,"(29, 15)",1,-0.08
154,63,"(30, 15)",1,-0.08
154,64,"(31, 15)",0,-0.08
154,65,"(31, 14)",0,-0.08
154,66,"(31, 13)",1,-0.08
154,67,"(32, 13)",1,-0.08
154,68,"(33, 13)",1,-0.08
154,69,"(34, 13)",1,-0.08
154,70,"(35, 13)",1,-0.08
154,71,"(36, 13)",0,-0.08
154,72,"(36, 12)",1,-0.08
154,73,"(37, 12)",1,-0.08
154,74,"(38, 12)",1,-0.08
154,75,"(39, 12)",0,-0.08
154,76,"(39, 11)",1,-0.08
154,77,"(40, 11)",1,-0.08
154,78,"(41, 11)",1,-0.08
154,79,"(42, 11)",1,-0.08
154,80,"(43, 11)",1,-0.08
154,81,"(44, 11)",1,-0.08
154,82,"(45, 11)",0,-0.08
154,83,"(45, 10)",1,-0.08
154,84,"(46, 10)",1,-0.08
154,85,"(47, 10)",1,-0.08
154,86,"(48, 10)",1,-0.08
154,87,"(49, 10)",1,-0.08
154,88,"(50, 10)",0,-0.08
154,89,"(50, 9)",0,-0.08
154,90,"(50, 8)",0,-0.08
154,91,"(50, 7)",1,-0.08
154,92,"(51, 7)",1,-0.08
154,93,"(52, 7)",1,-0.08
154,94,"(53, 7)",1,-0.08
154,95,"(54, 7)",1,-0.08
154,96,"(55, 7)",1,-0.08
154,97,"(56, 7)",1,-0.08
154,98,"(57, 7)",1,-0.08
154,99,"(58, 7)",1,-0.08
154,100,"(59, 7)",1,-0.08
154,101,"(60, 7)",1,-0.08
154,102,"(61, 7)",1,-0.08
154,103,"(62, 7)",1,-0.08
154,104,"(63, 7)",1,-0.08
154,105,"(64, 7)",1,-0.08
154,106,"(65, 7)",1,-0.08
154,107,"(66, 7)",1,-0.08
154,108,"(67, 7)",1,-0.08
154,109,"(68, 7)",1,-0.08
154,110,"(69, 7)",1,-0.08
154,111,"(70, 7)",0,-0.08
154,112,"(70, 6)",1,-0.08
154,113,"(71, 6)",0,-0.08
154,114,"(71, 5)",1,-0.08
154,115,"(72, 5)",1,-0.08
154,116,"(73, 5)",1,-0.08
154,117,"(74, 5)",1,-0.08
154,118,"(75, 5)",0,-0.08
154,119,"(75, 4)",0,-0.08
154,120,"(75, 3)",1,-0.08
154,121,"(76, 3)",0,-0.08
154,122,"(76, 2)",0,-0.08
154,123,"(76, 1)",0,-0.08
154,124,"(76, 0)",1,-0.08
154,125,"(77, 0)",1,-0.08
154,126,"(78, 0)",1,8.33
155,0,"(0, 39)",0,-0.08
155,1,"(0, 38)",0,-0.08
155,2,"(0, 37)",0,-0.08
155,3,"(0, 36)",1,-8.33
155,4,"(0, 36)",0,-0.08
155,5,"(0, 35)",0,-0.08
155,6,"(0, 34)",0,-0.08
155,7,"(0, 33)",1,-0.08
155,8,"(1, 33)",0,-0.08
155,9,"(1, 32)",1,-0.08
155,10,"(2, 32)",0,-0.08
155,11,"(2, 31)",1,-0.08
155,12,"(3, 31)",0,-8.33
155,13,"(3, 31)",0,-8.33
155,14,"(3, 31)",3,-0.08
155,15,"(2, 31)",3,-0.08
155,16,"(1, 31)",0,-0.08
155,17,"(1, 30)",0,-0.08
155,18,"(1, 29)",0,-0.08
155,19,"(1, 28)",0,-0.08
155,20,"(1, 27)",0,-0.08
155,21,"(1, 26)",1,-0.08
155,22,"(2, 26)",0,-0.08
155,23,"(2, 25)",1,-0.08
155,24,"(3, 25)",1,-0.08
155,25,"(4, 25)",1,-0.08
155,26,"(5, 25)",1,-0.08
155,27,"(6, 25)",1,-0.08
155,28,"(7, 25)",1,-0.08
155,29,"(8, 25)",1,-0.08
155,30,"(9, 25)",0,-0.08
155,31,"(9, 24)",1,-0.08
155,32,"(10, 24)",1,-0.08
155,33,"(11, 24)",1,-0.08
155,34,"(12, 24)",1,-0.08
155,35,"(13, 24)",1,-0.08
155,36,"(14, 24)",0,-0.08
155,37,"(14, 23)",1,-0.08
155,38,"(15, 23)",1,-0.08
155,39,"(16, 23)",1,-0.08
155,40,"(17, 23)",0,-0.08
155,41,"(17, 22)",1,-0.08
155,42,"(18, 22)",1,-0.08
155,43,"(19, 22)",0,-0.08
155,44,"(19, 21)",1,-0.08
155,45,"(20, 21)",0,-0.08
155,46,"(20, 20)",0,-0.08
155,47,"(20, 19)",1,-0.08
155,48,"(21, 19)",1,-0.08
155,49,"(22, 19)",1,-0.08
155,50,"(23, 19)",0,-0.08
155,51,"(23, 18)",0,-0.08
155,52,"(23, 17)",1,-0.08
155,53,"(24, 17)",1,-0.08
155,54,"(25, 17)",1,-0.08
155,55,"(26, 17)",1,-0.08
155,56,"(27, 17)",0,-0.08
155,57,"(27, 16)",1,-0.08
155,58,"(28, 16)",0,-0.08
155,59,"(28, 15)",1,-0.08
155,60,"(29, 15)",1,-0.08
155,61,"(30, 15)",1,-0.08
155,62,"(31, 15)",0,-0.08
155,63,"(31, 14)",0,-0.08
155,64,"(31, 13)",1,-0.08
155,65,"(32, 13)",1,-0.08
155,66,"(33, 13)",1,-0.08
155,67,"(34, 13)",1,-0.08
155,68,"(35, 13)",0,-0.08
155,69,"(35, 12)",1,-0.08
155,70,"(36, 12)",1,-0.08
155,71,"(37, 12)",1,-0.08
155,72,"(38, 12)",1,-0.08
155,73,"(39, 12)",0,-0.08
155,74,"(39, 11)",1,-0.08
155,75,"(40, 11)",1,-0.08
155,76,"(41, 11)",1,-0.08
155,77,"(42, 11)",1,-0.08
155,78,"(43, 11)",1,-0.08
155,79,"(44, 11)",1,-0.08
155,80,"(45, 11)",0,-0.08
155,81,"(45, 10)",0,-0.08
155,82,"(45, 9)",0,-0.08
155,83,"(45, 8)",0,-0.08
155,84,"(45, 7)",1,-0.08
155,85,"(46, 7)",1,-0.08
155,86,"(47, 7)",1,-0.08
155,87,"(48, 7)",1,-0.08
155,88,"(49, 7)",1,-0.08
155,89,"(50, 7)",1,-0.08
155,90,"(51, 7)",1,-0.08
155,91,"(52, 7)",1,-0.08
155,92,"(53, 7)",1,-0.08
155,93,"(54, 7)",1,-0.08
155,94,"(55, 7)",1,-0.08
155,95,"(56, 7)",1,-0.08
155,96,"(57, 7)",1,-0.08
155,97,"(58, 7)",1,-0.08
155,98,"(59, 7)",1,-0.08
155,99,"(60, 7)",1,-0.08
155,100,"(61, 7)",1,-0.08
155,101,"(62, 7)",1,-0.08
155,102,"(63, 7)",1,-0.08
155,103,"(64, 7)",1,-0.08
155,104,"(65, 7)",1,-0.08
155,105,"(66, 7)",1,-0.08
155,106,"(67, 7)",1,-0.08
155,107,"(68, 7)",1,-0.08
155,108,"(69, 7)",0,-0.08
155,109,"(69, 6)",1,-0.08
155,110,"(70, 6)",1,-0.08
155,111,"(71, 6)",1,-0.08
155,112,"(72, 6)",0,-0.08
155,113,"(72, 5)",1,-0.08
155,114,"(73, 5)",1,-0.08
155,115,"(74, 5)",1,-0.08
155,116,"(75, 5)",1,-0.08
155,117,"(76, 5)",1,-0.08
155,118,"(77, 5)",0,-0.08
155,119,"(77, 4)",0,-0.08
155,120,"(77, 3)",0,-0.08
155,121,"(77, 2)",0,-0.08
155,122,"(77, 1)",0,-0.08
155,123,"(77, 0)",1,-0.08
155,124,"(78, 0)",1,8.33
156,0,"(0, 39)",0,-0.08
156,1,"(0, 38)",1,-0.08
156,2,"(1, 38)",1,-8.33
156,3,"(1, 38)",0,-0.08
156,4,"(1, 37)",0,-8.33
156,5,"(1, 37)",3,-0.08
156,6,"(0, 37)",0,-0.08
156,7,"(0, 36)",0,-0.08
156,8,"(0, 35)",0,-0.08
156,9,"(0, 34)",0,-0.08
156,10,"(0, 33)",1,-0.08
156,11,"(1, 33)",0,-0.08
156,12,"(1, 32)",1,-0.08
156,13,"(2, 32)",0,-0.08
156,14,"(2, 31)",1,-0.08
156,15,"(3, 31)",0,-8.33
156,16,"(3, 31)",0,-8.33
156,17,"(3, 31)",3,-0.08
156,18,"(2, 31)",3,-0.08
156,19,"(1, 31)",0,-0.08
156,20,"(1, 30)",0,-0.08
156,21,"(1, 29)",1,-0.08
156,22,"(2, 29)",1,-0.08
156,23,"(3, 29)",0,-0.08
156,24,"(3, 28)",0,-0.08
156,25,"(3, 27)",0,-0.08
156,26,"(3, 26)",0,-0.08
156,27,"(3, 25)",1,-0.08
156,28,"(4, 25)",1,-0.08
156,29,"(5, 25)",1,-0.08
156,30,"(6, 25)",1,-0.08
156,31,"(7, 25)",1,-0.08
156,32,"(8, 25)",1,-0.08
156,33,"(9, 25)",1,-0.08
156,34,"(10, 25)",0,-0.08
156,35,"(10, 24)",1,-0.08
156,36,"(11, 24)",1,-0.08
156,37,"(12, 24)",1,-0.08
156,38,"(13, 24)",1,-0.08
156,39,"(14, 24)",0,-0.08
156,40,"(14, 23)",1,-0.08
156,41,"(15, 23)",1,-0.08
156,42,"(16, 23)",0,-0.08
156,43,"(16, 22)",1,-0.08
156,44,"(17, 22)",1,-0.08
156,45,"(18, 22)",1,-0.08
156,46,"(19, 22)",1,-0.08
156,47,"(20, 22)",1,-0.08
156,48,"(21, 22)",0,-0.08
156,49,"(21, 21)",1,-0.08
156,50,"(22, 21)",0,-0.08
156,51,"(22, 20)",0,-0.08
156,52,"(22, 19)",1,-0.08
156,53,"(23, 19)",0,-0.08
156,54,"(23, 18)",0,-0.08
156,55,"(23, 17)",1,-0.08
156,56,"(24, 17)",1,-0.08
156,57,"(25, 17)",1,-0.08
156,58,"(26, 17)",1,-0.08
156,59,"(27, 17)",1,-0.08
156,60,"(28, 17)",1,-0.08
156,61,"(29, 17)",0,-0.08
156,62,"(29, 16)",0,-0.08
156,63,"(29, 15)",0,-0.08
156,64,"(29, 14)",0,-0.08
156,65,"(29, 13)",1,-0.08
156,66,"(30, 13)",1,-0.08
156,67,"(31, 13)",1,-0.08
156,68,"(32, 13)",1,-0.08
156,69,"(33, 13)",1,-0.08
156,70,"(34, 13)",1,-0.08
156,71,"(35, 13)",1,-0.08
156,72,"(36, 13)",0,-0.08
156,73,"(36, 12)",1,-0.08
156,74,"(37, 12)",1,-0.08
156,75,"(38, 12)",1,-0.08
156,76,"(39, 12)",0,-0.08
156,77,"(39, 11)",1,-0.08
156,78,"(40, 11)",1,-0.08
156,79,"(41, 11)",1,-0.08
156,80,"(42, 11)",1,-0.08
156,81,"(43, 11)",1,-0.08
156,82,"(44, 11)",1,-0.08
156,83,"(45, 11)",0,-0.08
156,84,"(45, 10)",1,-0.08
156,85,"(46, 10)",1,-0.08
156,86,"(47, 10)",1,-0.08
156,87,"(48, 10)",1,-0.08
156,88,"(49, 10)",0,-0.08
156,89,"(49, 9)",1,-0.08
156,90,"(50, 9)",1,-0.08
156,91,"(51, 9)",1,-0.08
156,92,"(52, 9)",1,-0.08
156,93,"(53, 9)",1,-0.08
156,94,"(54, 9)",1,-0.08
156,95,"(55, 9)",1,-0.08
156,96,"(56, 9)",1,-0.08
156,97,"(57, 9)",0,-0.08
156,98,"(57, 8)",0,-0.08
156,99,"(57, 7)",1,-0.08
156,100,"(58, 7)",1,-0.08
156,101,"(59, 7)",1,-0.08
156,102,"(60, 7)",1,-0.08
156,103,"(61, 7)",1,-0.08
156,104,"(62, 7)",1,-0.08
156,105,"(63, 7)",1,-0.08
156,106,"(64, 7)",1,-0.08
156,107,"(65, 7)",1,-0.08
156,108,"(66, 7)",1,-0.08
156,109,"(67, 7)",1,-0.08
156,110,"(68, 7)",1,-0.08
156,111,"(69, 7)",0,-0.08
156,112,"(69, 6)",1,-0.08
156,113,"(70, 6)",1,-0.08
156,114,"(71, 6)",1,-0.08
156,115,"(72, 6)",0,-0.08
156,116,"(72, 5)",1,-0.08
156,117,"(73, 5)",1,-0.08
156,118,"(74, 5)",0,-0.08
156,119,"(74, 4)",0,-0.08
156,120,"(74, 3)",1,-0.08
156,121,"(75, 3)",1,-0.08
156,122,"(76, 3)",1,-0.08
156,123,"(77, 3)",0,-0.08
156,124,"(77, 2)",0,-0.08
156,125,"(77, 1)",0,-0.08
156,126,"(77, 0)",1,-0.08
156,127,"(78, 0)",1,8.33
157,0,"(0, 39)",0,-0.08
157,1,"(0, 38)",0,-0.08
157,2,"(0, 37)",1,-0.08
157,3,"(1, 37)",1,-8.33
157,4,"(1, 37)",0,-8.33
157,5,"(1, 37)",3,-0.08
157,6,"(0, 37)",0,-0.08
157,7,"(0, 36)",0,-0.08
157,8,"(0, 35)",1,-0.08
157,9,"(1, 35)",1,-0.08
157,10,"(2, 35)",0,-0.08
157,11,"(2, 34)",0,-0.08
157,12,"(2, 33)",0,-0.08
157,13,"(2, 32)",1,-0.08
157,14,"(3, 32)",0,-0.08
157,15,"(3, 31)",0,-8.33
157,16,"(3, 31)",0,-8.33
157,17,"(3, 31)",2,-0.08
157,18,"(3, 32)",2,-0.08
157,19,"(3, 33)",1,-0.08
157,20,"(4, 33)",1,-0.08
157,21,"(5, 33)",0,-0.08
157,22,"(5, 32)",0,-0.08
157,23,"(5, 31)",0,-0.08
157,24,"(5, 30)",0,-0.08
157,25,"(5, 29)",1,-0.08
157,26,"(6, 29)",1,-0.08
157,27,"(7, 29)",0,-0.08
157,28,"(7, 28)",0,-0.08
157,29,"(7, 27)",1,-0.08
157,30,"(8, 27)",1,-0.08
157,31,"(9, 27)",1,-0.08
157,32,"(10, 27)",1,-0.08
157,33,"(11, 27)",1,-0.08
157,34,"(12, 27)",1,-0.08
157,35,"(13, 27)",0,-0.08
157,36,"(13, 26)",0,-0.08
157,37,"(13, 25)",0,-0.08
157,38,"(13, 24)",1,-0.08
157,39,"(14, 24)",0,-0.08
157,40,"(14, 23)",1,-0.08
157,41,"(15, 23)",1,-0.08
157,42,"(16, 23)",1,-0.08
157,43,"(17, 23)",1,-0.08
157,44,"(18, 23)",0,-0.08
157,45,"(18, 22)",1,-0.08
157,46,"(19, 22)",0,-0.08
157,47,"(19, 21)",1,-0.08
157,48,"(20, 21)",1,-0.08
157,49,"(21, 21)",0,-0.08
157,50,"(21, 20)",1,-0.08
157,51,"(22, 20)",1,-0.08
157,52,"(23, 20)",1,-0.08
157,53,"(24, 20)",1,-0.08
157,54,"(25, 20)",0,-0.08
157,55,"(25, 19)",1,-0.08
157,56,"(26, 19)",0,-0.08
157,57,"(26, 18)",1,-0.08
157,58,"(27, 18)",0,-0.08
157,59,"(27, 17)",1,-0.08
157,60,"(28, 17)",0,-0.08
157,61,"(28, 16)",0,-0.08
157,62,"(28, 15)",1,-0.08
157,63,"(29, 15)",1,-0.08
157,64,"(30, 15)",1,-0.08
157,65,"(31, 15)",1,-0.08
157,66,"(32, 15)",0,-0.08
157,67,"(32, 14)",0,-0.08
157,68,"(32, 13)",1,-0.08
157,69,"(33, 13)",1,-0.08
157,70,"(34, 13)",1,-0.08
157,71,"(35, 13)",0,-0.08
157,72,"(35, 12)",1,-0.08
157,73,"(36, 12)",1,-0.08
157,74,"(37, 12)",1,-0.08
157,75,"(38, 12)",1,-0.08
157,76,"(39, 12)",0,-0.08
157,77,"(39, 11)",1,-0.08
157,78,"(40, 11)",1,-0.08
157,79,"(41, 11)",1,-0.08
157,80,"(42, 11)",1,-0.08
157,81,"(43, 11)",1,-0.08
157,82,"(44, 11)",1,-0.08
157,83,"(45, 11)",0,-0.08
157,84,"(45, 10)",0,-0.08
157,85,"(45, 9)",0,-0.08
157,86,"(45, 8)",1,-0.08
157,87,"(46, 8)",0,-0.08
157,88,"(46, 7)",1,-0.08
157,89,"(47, 7)",1,-0.08
157,90,"(48, 7)",1,-0.08
157,91,"(49, 7)",1,-0.08
157,92,"(50, 7)",1,-0.08
157,93,"(51, 7)",1,-0.08
157,94,"(52, 7)",1,-0.08
157,95,"(53, 7)",1,-0.08
157,96,"(54, 7)",1,-0.08
157,97,"(55, 7)",1,-0.08
157,98,"(56, 7)",1,-0.08
157,99,"(57, 7)",1,-0.08
157,100,"(58, 7)",1,-0.08
157,101,"(59, 7)",1,-0.08
157,102,"(60, 7)",1,-0.08
157,103,"(61, 7)",1,-0.08
157,104,"(62, 7)",1,-0.08
157,105,"(63, 7)",1,-0.08
157,106,"(64, 7)",1,-0.08
157,107,"(65, 7)",1,-0.08
157,108,"(66, 7)",1,-0.08
157,109,"(67, 7)",1,-0.08
157,110,"(68, 7)",1,-0.08
157,111,"(69, 7)",0,-0.08
157,112,"(69, 6)",1,-0.08
157,113,"(70, 6)",1,-0.08
157,114,"(71, 6)",0,-0.08
157,115,"(71, 5)",1,-0.08
157,116,"(72, 5)",1,-0.08
157,117,"(73, 5)",1,-0.08
157,118,"(74, 5)",1,-0.08
157,119,"(75, 5)",1,-0.08
157,120,"(76, 5)",1,-0.08
157,121,"(77, 5)",0,-0.08
157,122,"(77, 4)",0,-0.08
157,123,"(77, 3)",0,-0.08
157,124,"(77, 2)",0,-0.08
157,125,"(77, 1)",0,-0.08
157,126,"(77, 0)",1,-0.08
157,127,"(78, 0)",1,8.33
158,0,"(0, 39)",0,-0.08
158,1,"(0, 38)",0,-0.08
158,2,"(0, 37)",1,-0.08
158,3,"(1, 37)",1,-8.33
158,4,"(1, 37)",0,-8.33
158,5,"(1, 37)",3,-0.08
158,6,"(0, 37)",0,-0.08
158,7,"(0, 36)",0,-0.08
158,8,"(0, 35)",0,-0.08
158,9,"(0, 34)",0,-0.08
158,10,"(0, 33)",1,-0.08
158,11,"(1, 33)",1,-0.08
158,12,"(2, 33)",1,-0.08
158,13,"(3, 33)",1,-0.08
158,14,"(4, 33)",1,-0.08
158,15,"(5, 33)",0,-0.08
158,16,"(5, 32)",0,-0.08
158,17,"(5, 31)",1,-0.08
158,18,"(6, 31)",1,-0.08
158,19,"(7, 31)",1,-0.08
158,20,"(8, 31)",1,-0.08
158,21,"(9, 31)",0,-0.08
158,22,"(9, 30)",0,-0.08
158,23,"(9, 29)",1,-0.08
158,24,"(10, 29)",0,-0.08
158,25,"(10, 28)",0,-0.08
158,26,"(10, 27)",1,-0.08
158,27,"(11, 27)",1,-0.08
158,28,"(12, 27)",0,-0.08
158,29,"(12, 26)",1,-0.08
158,30,"(13, 26)",0,-0.08
158,31,"(13, 25)",0,-0.08
158,32,"(13, 24)",0,-0.08
158,33,"(13, 23)",1,-0.08
158,34,"(14, 23)",1,-0.08
158,35,"(15, 23)",1,-0.08
158,36,"(16, 23)",0,-0.08
158,37,"(16, 22)",1,-0.08
158,38,"(17, 22)",1,-0.08
158,39,"(18, 22)",1,-0.08
158,40,"(19, 22)",0,-0.08
158,41,"(19, 21)",0,-0.08
158,42,"(19, 20)",0,-0.08
158,43,"(19, 19)",1,-0.08
158,44,"(20, 19)",1,-0.08
158,45,"(21, 19)",1,-0.08
158,46,"(22, 19)",1,-0.08
158,47,"(23, 19)",0,-0.08
158,48,"(23, 18)",0,-0.08
158,49,"(23, 17)",0,-0.08
158,50,"(23, 16)",0,-0.08
158,51,"(23, 15)",1,-0.08
158,52,"(24, 15)",1,-0.08
158,53,"(25, 15)",1,-0.08
158,54,"(26, 15)",1,-0.08
158,55,"(27, 15)",0,-0.08
158,56,"(27, 14)",0,-0.08
158,57,"(27, 13)",1,-0.08
158,58,"(28, 13)",1,-0.08
158,59,"(29, 13)",1,-0.08
158,60,"(30, 13)",1,-0.08
158,61,"(31, 13)",1,-0.08
158,62,"(32, 13)",1,-0.08
158,63,"(33, 13)",1,-0.08
158,64,"(34, 13)",1,-0.08
158,65,"(35, 13)",0,-0.08
158,66,"(35, 12)",1,-0.08
158,67,"(36, 12)",1,-0.08
158,68,"(37, 12)",1,-0.08
158,69,"(38, 12)",1,-0.08
158,70,"(39, 12)",0,-0.08
158,71,"(39, 11)",1,-0.08
158,72,"(40, 11)",1,-0.08
158,73,"(41, 11)",1,-0.08
158,74,"(42, 11)",1,-0.08
158,75,"(43, 11)",1,-0.08
158,76,"(44, 11)",1,-0.08
158,77,"(45, 11)",0,-0.08
158,78,"(45, 10)",1,-0.08
158,79,"(46, 10)",1,-0.08
158,80,"(47, 10)",1,-0.08
158,81,"(48, 10)",1,-0.08
158,82,"(49, 10)",1,-0.08
158,83,"(50, 10)",0,-0.08
158,84,"(50, 9)",1,-0.08
158,85,"(51, 9)",1,-0.08
158,86,"(52, 9)",1,-0.08
158,87,"(53, 9)",1,-0.08
158,88,"(54, 9)",1,-0.08
158,89,"(55, 9)",1,-0.08
158,90,"(56, 9)",1,-0.08
158,91,"(57, 9)",0,-0.08
158,92,"(57, 8)",1,-0.08
158,93,"(58, 8)",0,-0.08
158,94,"(58, 7)",1,-0.08
158,95,"(59, 7)",1,-0.08
158,96,"(60, 7)",1,-0.08
158,97,"(61, 7)",1,-0.08
158,98,"(62, 7)",1,-0.08
158,99,"(63, 7)",1,-0.08
158,100,"(64, 7)",1,-0.08
158,101,"(65, 7)",1,-0.08
158,102,"(66, 7)",1,-0.08
158,103,"(67, 7)",1,-0.08
158,104,"(68, 7)",1,-0.08
158,105,"(69, 7)",1,-0.08
158,106,"(70, 7)",1,-0.08
158,107,"(71, 7)",1,-0.08
158,108,"(72, 7)",0,-0.08
158,109,"(72, 6)",1,-0.08
158,110,"(73, 6)",0,-0.08
158,111,"(73, 5)",1,-0.08
158,112,"(74, 5)",1,-0.08
158,113,"(75, 5)",1,-0.08
158,114,"(76, 5)",0,-8.33
158,115,"(76, 5)",1,-0.08
158,116,"(77, 5)",0,-0.08
158,117,"(77, 4)",0,-0.08
158,118,"(77, 3)",0,-0.08
158,119,"(77, 2)",0,-0.08
158,120,"(77, 1)",0,-0.08
158,121,"(77, 0)",1,-0.08
158,122,"(78, 0)",1,8.33
159,0,"(0, 39)",0,-0.08
159,1,"(0, 38)",1,-0.08
159,2,"(1, 38)",1,-8.33
159,3,"(1, 38)",0,-0.08
159,4,"(1, 37)",0,-8.33
159,5,"(1, 37)",3,-0.08
159,6,"(0, 37)",0,-0.08
159,7,"(0, 36)",0,-0.08
159,8,"(0, 35)",1,-0.08
159,9,"(1, 35)",0,-0.08
159,10,"(1, 34)",0,-0.08
159,11,"(1, 33)",1,-0.08
159,12,"(2, 33)",0,-0.08
159,13,"(2, 32)",0,-0.08
159,14,"(2, 31)",1,-0.08
159,15,"(3, 31)",0,-8.33
159,16,"(3, 31)",0,-8.33
159,17,"(3, 31)",2,-0.08
159,18,"(3, 32)",2,-0.08
159,19,"(3, 33)",1,-0.08
159,20,"(4, 33)",1,-0.08
159,21,"(5, 33)",0,-0.08
159,22,"(5, 32)",0,-0.08
159,23,"(5, 31)",0,-0.08
159,24,"(5, 30)",0,-0.08
159,25,"(5, 29)",1,-0.08
159,26,"(6, 29)",1,-0.08
159,27,"(7, 29)",0,-0.08
159,28,"(7, 28)",1,-0.08
159,29,"(8, 28)",0,-0.08
159,30,"(8, 27)",1,-0.08
159,31,"(9, 27)",1,-0.08
159,32,"(10, 27)",1,-0.08
159,33,"(11, 27)",1,-0.08
159,34,"(12, 27)",1,-0.08
159,35,"(13, 27)",1,-0.08
159,36,"(14, 27)",1,-0.08
159,37,"(15, 27)",1,-0.08
159,38,"(16, 27)",0,-0.08
159,39,"(16, 26)",0,-0.08
159,40,"(16, 25)",1,-0.08
159,41,"(17, 25)",0,-0.08
159,42,"(17, 24)",0,-0.08
159,43,"(17, 23)",1,-0.08
159,44,"(18, 23)",0,-0.08
159,45,"(18, 22)",1,-0.08
159,46,"(19, 22)",0,-0.08
159,47,"(19, 21)",0,-0.08
159,48,"(19, 20)",1,-0.08
159,49,"(20, 20)",0,-0.08
159,50,"(20, 19)",1,-0.08
159,51,"(21, 19)",1,-0.08
159,52,"(22, 19)",1,-0.08
159,53,"(23, 19)",0,-0.08
159,54,"(23, 18)",0,-0.08
159,55,"(23, 17)",0,-0.08
159,56,"(23, 16)",0,-0.08
159,57,"(23, 15)",1,-0.08
159,58,"(24, 15)",1,-0.08
159,59,"(25, 15)",1,-0.08
159,60,"(26, 15)",1,-0.08
159,61,"(27, 15)",0,-0.08
159,62,"(27, 14)",0,-0.08
159,63,"(27, 13)",1,-0.08
159,64,"(28, 13)",1,-0.08
159,65,"(29, 13)",1,-0.08
159,66,"(30, 13)",1,-0.08
159,67,"(31, 13)",1,-0.08
159,68,"(32, 13)",1,-0.08
159,69,"(33, 13)",1,-0.08
159,70,"(34, 13)",1,-0.08
159,71,"(35, 13)",1,-0.08
159,72,"(36, 13)",1,-0.08
159,73,"(37, 13)",0,-0.08
159,74,"(37, 12)",1,-0.08
159,75,"(38, 12)",1,-0.08
159,76,"(39, 12)",0,-0.08
159,77,"(39, 11)",1,-0.08
159,78,"(40, 11)",1,-0.08
159,79,"(41, 11)",1,-0.08
159,80,"(42, 11)",1,-0.08
159,81,"(43, 11)",1,-0.08
159,82,"(44, 11)",1,-0.08
159,83,"(45, 11)",0,-0.08
159,84,"(45, 10)",0,-0.08
159,85,"(45, 9)",1,-0.08
159,86,"(46, 9)",0,-0.08
159,87,"(46, 8)",0,-0.08
159,88,"(46, 7)",1,-0.08
159,89,"(47, 7)",1,-0.08
159,90,"(48, 7)",1,-0.08
159,91,"(49, 7)",1,-0.08
159,92,"(50, 7)",1,-0.08
159,93,"(51, 7)",1,-0.08
159,94,"(52, 7)",1,-0.08
159,95,"(53, 7)",1,-0.08
159,96,"(54, 7)",1,-0.08
159,97,"(55, 7)",1,-0.08
159,98,"(56, 7)",1,-0.08
159,99,"(57, 7)",1,-0.08
159,100,"(58, 7)",1,-0.08
159,101,"(59, 7)",1,-0.08
159,102,"(60, 7)",1,-0.08
159,103,"(61, 7)",1,-0.08
159,104,"(62, 7)",1,-0.08
159,105,"(63, 7)",1,-0.08
159,106,"(64, 7)",1,-0.08
159,107,"(65, 7)",1,-0.08
159,108,"(66, 7)",1,-0.08
159,109,"(67, 7)",1,-0.08
159,110,"(68, 7)",1,-0.08
159,111,"(69, 7)",1,-0.08
159,112,"(70, 7)",0,-0.08
159,113,"(70, 6)",1,-0.08
159,114,"(71, 6)",1,-0.08
159,115,"(72, 6)",0,-0.08
159,116,"(72, 5)",1,-0.08
159,117,"(73, 5)",1,-0.08
159,118,"(74, 5)",0,-0.08
159,119,"(74, 4)",1,-0.08
159,120,"(75, 4)",0,-0.08
159,121,"(75, 3)",1,-0.08
159,122,"(76, 3)",0,-0.08
159,123,"(76, 2)",1,-0.08
159,124,"(77, 2)",0,-0.08
159,125,"(77, 1)",1,-0.08
159,126,"(78, 1)",0,-0.08
159,127,"(78, 0)",1,8.33
160,0,"(0, 39)",0,-0.08
160,1,"(0, 38)",1,-0.08
160,2,"(1, 38)",0,-0.08
160,3,"(1, 37)",1,-8.33
160,4,"(1, 37)",0,-8.33
160,5,"(1, 37)",3,-0.08
160,6,"(0, 37)",0,-0.08
160,7,"(0, 36)",0,-0.08
160,8,"(0, 35)",0,-0.08
160,9,"(0, 34)",0,-0.08
160,10,"(0, 33)",1,-0.08
160,11,"(1, 33)",0,-0.08
160,12,"(1, 32)",0,-0.08
160,13,"(1, 31)",1,-0.08
160,14,"(2, 31)",1,-0.08
160,15,"(3, 31)",0,-8.33
160,16,"(3, 31)",3,-0.08
160,17,"(2, 31)",3,-0.08
160,18,"(1, 31)",0,-0.08
160,19,"(1, 30)",0,-0.08
160,20,"(1, 29)",0,-0.08
160,21,"(1, 28)",0,-0.08
160,22,"(1, 27)",0,-0.08
160,23,"(1, 26)",1,-0.08
160,24,"(2, 26)",1,-0.08
160,25,"(3, 26)",0,-0.08
160,26,"(3, 25)",1,-0.08
160,27,"(4, 25)",1,-0.08
160,28,"(5, 25)",1,-0.08
160,29,"(6, 25)",1,-0.08
160,30,"(7, 25)",1,-0.08
160,31,"(8, 25)",1,-0.08
160,32,"(9, 25)",0,-0.08
160,33,"(9, 24)",1,-0.08
160,34,"(10, 24)",1,-0.08
160,35,"(11, 24)",1,-0.08
160,36,"(12, 24)",1,-0.08
160,37,"(13, 24)",0,-0.08
160,38,"(13, 23)",1,-0.08
160,39,"(14, 23)",1,-0.08
160,40,"(15, 23)",1,-0.08
160,41,"(16, 23)",1,-0.08
160,42,"(17, 23)",1,-0.08
160,43,"(18, 23)",1,-0.08
160,44,"(19, 23)",0,-0.08
160,45,"(19, 22)",1,-0.08
160,46,"(20, 22)",0,-0.08
160,47,"(20, 21)",0,-0.08
160,48,"(20, 20)",1,-0.08
160,49,"(21, 20)",0,-0.08
160,50,"(21, 19)",1,-0.08
160,51,"(22, 19)",1,-0.08
160,52,"(23, 19)",0,-0.08
160,53,"(23, 18)",0,-0.08
160,54,"(23, 17)",0,-0.08
160,55,"(23, 16)",0,-0.08
160,56,"(23, 15)",1,-0.08
160,57,"(24, 15)",1,-0.08
160,58,"(25, 15)",1,-0.08
160,59,"(26, 15)",1,-0.08
160,60,"(27, 15)",0,-0.08
160,61,"(27, 14)",0,-0.08
160,62,"(27, 13)",1,-0.08
160,63,"(28, 13)",1,-0.08
160,64,"(29, 13)",1,-0.08
160,65,"(30, 13)",1,-0.08
160,66,"(31, 13)",1,-0.08
160,67,"(32, 13)",1,-0.08
160,68,"(33, 13)",1,-0.08
160,69,"(34, 13)",1,-0.08
160,70,"(35, 13)",0,-0.08
160,71,"(35, 12)",1,-0.08
160,72,"(36, 12)",1,-0.08
160,73,"(37, 12)",1,-0.08
160,74,"(38, 12)",1,-0.08
160,75,"(39, 12)",0,-0.08
160,76,"(39, 11)",1,-0.08
160,77,"(40, 11)",1,-0.08
160,78,"(41, 11)",1,-0.08
160,79,"(42, 11)",1,-0.08
160,80,"(43, 11)",1,-0.08
160,81,"(44, 11)",1,-0.08
160,82,"(45, 11)",0,-0.08
160,83,"(45, 10)",0,-0.08
160,84,"(45, 9)",1,-0.08
160,85,"(46, 9)",0,-0.08
160,86,"(46, 8)",0,-0.08
160,87,"(46, 7)",1,-0.08
160,88,"(47, 7)",1,-0.08
160,89,"(48, 7)",1,-0.08
160,90,"(49, 7)",1,-0.08
160,91,"(50, 7)",1,-0.08
160,92,"(51, 7)",1,-0.08
160,93,"(52, 7)",1,-0.08
160,94,"(53, 7)",1,-0.08
160,95,"(54, 7)",1,-0.08
160,96,"(55, 7)",1,-0.08
160,97,"(56, 7)",1,-0.08
160,98,"(57, 7)",1,-0.08
160,99,"(58, 7)",1,-0.08
160,100,"(59, 7)",1,-0.08
160,101,"(60, 7)",1,-0.08
160,102,"(61, 7)",1,-0.08
160,103,"(62, 7)",1,-0.08
160,104,"(63, 7)",1,-0.08
160,105,"(64, 7)",1,-0.08
160,106,"(65, 7)",1,-0.08
160,107,"(66, 7)",1,-0.08
160,108,"(67, 7)",1,-0.08
160,109,"(68, 7)",1,-0.08
160,110,"(69, 7)",1,-0.08
160,111,"(70, 7)",0,-0.08
160,112,"(70, 6)",1,-0.08
160,113,"(71, 6)",1,-0.08
160,114,"(72, 6)",1,-0.08
160,115,"(73, 6)",1,-0.08
160,116,"(74, 6)",0,-0.08
160,117,"(74, 5)",1,-0.08
160,118,"(75, 5)",1,-0.08
160,119,"(76, 5)",1,-0.08
160,120,"(77, 5)",0,-0.08
160,121,"(77, 4)",0,-0.08
160,122,"(77, 3)",0,-0.08
160,123,"(77, 2)",0,-0.08
160,124,"(77, 1)",0,-0.08
160,125,"(77, 0)",1,-0.08
160,126,"(78, 0)",1,8.33
161,0,"(0, 39)",0,-0.08
161,1,"(0, 38)",1,-0.08
161,2,"(1, 38)",1,-8.33
161,3,"(1, 38)",0,-0.08
161,4,"(1, 37)",0,-8.33
161,5,"(1, 37)",3,-0.08
161,6,"(0, 37)",0,-0.08
161,7,"(0, 36)",0,-0.08
161,8,"(0, 35)",0,-0.08
161,9,"(0, 34)",1,-0.08
161,10,"(1, 34)",1,-0.08
161,11,"(2, 34)",0,-0.08
161,12,"(2, 33)",1,-0.08
161,13,"(3, 33)",1,-0.08
161,14,"(4, 33)",1,-0.08
161,15,"(5, 33)",0,-0.08
161,16,"(5, 32)",0,-0.08
161,17,"(5, 31)",1,-0.08
161,18,"(6, 31)",1,-0.08
161,19,"(7, 31)",1,-0.08
161,20,"(8, 31)",1,-0.08
161,21,"(9, 31)",0,-0.08
161,22,"(9, 30)",0,-0.08
161,23,"(9, 29)",1,-0.08
161,24,"(10, 29)",0,-0.08
161,25,"(10, 28)",0,-0.08
161,26,"(10, 27)",0,-8.33
161,27,"(10, 27)",1,-0.08
161,28,"(11, 27)",1,-0.08
161,29,"(12, 27)",1,-0.08
161,30,"(13, 27)",0,-0.08
161,31,"(13, 26)",0,-0.08
161,32,"(13, 25)",0,-0.08
161,33,"(13, 24)",1,-0.08
161,34,"(14, 24)",0,-0.08
161,35,"(14, 23)",1,-0.08
161,36,"(15, 23)",1,-0.08
161,37,"(16, 23)",1,-0.08
161,38,"(17, 23)",1,-0.08
161,39,"(18, 23)",0,-0.08
161,40,"(18, 22)",1,-0.08
161,41,"(19, 22)",0,-0.08
161,42,"(19, 21)",1,-0.08
161,43,"(20, 21)",0,-0.08
161,44,"(20, 20)",0,-0.08
161,45,"(20, 19)",1,-0.08
161,46,"(21, 19)",1,-0.08
161,47,"(22, 19)",1,-0.08
161,48,"(23, 19)",0,-0.08
161,49,"(23, 18)",0,-0.08
161,50,"(23, 17)",1,-0.08
161,51,"(24, 17)",1,-0.08
161,52,"(25, 17)",1,-0.08
161,53,"(26, 17)",1,-0.08
161,54,"(27, 17)",0,-0.08
161,55,"(27, 16)",0,-0.08
161,56,"(27, 15)",1,-0.08
161,57,"(28, 15)",1,-0.08
161,58,"(29, 15)",0,-0.08
161,59,"(29, 14)",0,-0.08
161,60,"(29, 13)",1,-0.08
161,61,"(30, 13)",1,-0.08
161,62,"(31, 13)",1,-0.08
161,63,"(32, 13)",1,-0.08
161,64,"(33, 13)",1,-0.08
161,65,"(34, 13)",1,-0.08
161,66,"(35, 13)",0,-0.08
161,67,"(35, 12)",1,-0.08
161,68,"(36, 12)",1,-0.08
161,69,"(37, 12)",1,-0.08
161,70,"(38, 12)",1,-0.08
161,71,"(39, 12)",0,-0.08
161,72,"(39, 11)",1,-0.08
161,73,"(40, 11)",1,-0.08
161,74,"(41, 11)",1,-0.08
161,75,"(42, 11)",1,-0.08
161,76,"(43, 11)",1,-0.08
161,77,"(44, 11)",1,-0.08
161,78,"(45, 11)",0,-0.08
161,79,"(45, 10)",1,-0.08
161,80,"(46, 10)",0,-0.08
161,81,"(46, 9)",0,-0.08
161,82,"(46, 8)",0,-0.08
161,83,"(46, 7)",1,-0.08
161,84,"(47, 7)",1,-0.08
161,85,"(48, 7)",1,-0.08
161,86,"(49, 7)",1,-0.08
161,87,"(50, 7)",1,-0.08
161,88,"(51, 7)",1,-0.08
161,89,"(52, 7)",1,-0.08
161,90,"(53, 7)",1,-0.08
161,91,"(54, 7)",1,-0.08
161,92,"(55, 7)",1,-0.08
161,93,"(56, 7)",1,-0.08
161,94,"(57, 7)",1,-0.08
161,95,"(58, 7)",1,-0.08
161,96,"(59, 7)",1,-0.08
161,97,"(60, 7)",1,-0.08
161,98,"(61, 7)",1,-0.08
161,99,"(62, 7)",1,-0.08
161,100,"(63, 7)",1,-0.08
161,101,"(64, 7)",1,-0.08
161,102,"(65, 7)",1,-0.08
161,103,"(66, 7)",1,-0.08
161,104,"(67, 7)",1,-0.08
161,105,"(68, 7)",1,-0.08
161,106,"(69, 7)",1,-0.08
161,107,"(70, 7)",0,-0.08
161,108,"(70, 6)",1,-0.08
161,109,"(71, 6)",0,-0.08
161,110,"(71, 5)",1,-0.08
161,111,"(72, 5)",1,-0.08
161,112,"(73, 5)",1,-0.08
161,113,"(74, 5)",1,-0.08
161,114,"(75, 5)",0,-0.08
161,115,"(75, 4)",0,-0.08
161,116,"(75, 3)",1,-0.08
161,117,"(76, 3)",1,-0.08
161,118,"(77, 3)",0,-0.08
161,119,"(77, 2)",0,-0.08
161,120,"(77, 1)",1,-0.08
161,121,"(78, 1)",0,-0.08
161,122,"(78, 0)",1,8.33
162,0,"(0, 39)",1,-0.08
162,1,"(1, 39)",0,-0.08
162,2,"(1, 38)",1,-8.33
162,3,"(1, 38)",0,-0.08
162,4,"(1, 37)",0,-8.33
162,5,"(1, 37)",3,-0.08
162,6,"(0, 37)",0,-0.08
162,7,"(0, 36)",0,-0.08
162,8,"(0, 35)",1,-0.08
162,9,"(1, 35)",1,-0.08
162,10,"(2, 35)",0,-0.08
162,11,"(2, 34)",0,-0.08
162,12,"(2, 33)",1,-0.08
162,13,"(3, 33)",0,-0.08
162,14,"(3, 32)",0,-0.08
162,15,"(3, 31)",0,-8.33
162,16,"(3, 31)",3,-0.08
162,17,"(2, 31)",3,-0.08
162,18,"(1, 31)",0,-0.08
162,19,"(1, 30)",0,-0.08
162,20,"(1, 29)",1,-0.08
162,21,"(2, 29)",1,-0.08
162,22,"(3, 29)",1,-0.08
162,23,"(4, 29)",1,-0.08
162,24,"(5, 29)",1,-0.08
162,25,"(6, 29)",1,-0.08
162,26,"(7, 29)",1,-0.08
162,27,"(8, 29)",0,-0.08
162,28,"(8, 28)",0,-0.08
162,29,"(8, 27)",1,-0.08
162,30,"(9, 27)",1,-0.08
162,31,"(10, 27)",1,-0.08
162,32,"(11, 27)",1,-0.08
162,33,"(12, 27)",1,-0.08
162,34,"(13, 27)",0,-0.08
162,35,"(13, 26)",0,-0.08
162,36,"(13, 25)",0,-0.08
162,37,"(13, 24)",1,-0.08
162,38,"(14, 24)",0,-0.08
162,39,"(14, 23)",1,-0.08
162,40,"(15, 23)",1,-0.08
162,41,"(16, 23)",1,-0.08
162,42,"(17, 23)",1,-0.08
162,43,"(18, 23)",0,-0.08
162,44,"(18, 22)",1,-0.08
162,45,"(19, 22)",0,-0.08
162,46,"(19, 21)",0,-0.08
162,47,"(19, 20)",0,-0.08
162,48,"(19, 19)",1,-0.08
162,49,"(20, 19)",1,-0.08
162,50,"(21, 19)",1,-0.08
162,51,"(22, 19)",1,-0.08
162,52,"(23, 19)",0,-0.08
162,53,"(23, 18)",0,-0.08
162,54,"(23, 17)",1,-0.08
162,55,"(24, 17)",1,-0.08
162,56,"(25, 17)",1,-0.08
162,57,"(26, 17)",1,-0.08
162,58,"(27, 17)",1,-0.08
162,59,"(28, 17)",1,-0.08
162,60,"(29, 17)",1,-0.08
162,61,"(30, 17)",1,-0.08
162,62,"(31, 17)",1,-0.08
162,63,"(32, 17)",1,-0.08
162,64,"(33, 17)",1,-0.08
162,65,"(34, 17)",1,-0.08
162,66,"(35, 17)",0,-0.08
162,67,"(35, 16)",1,-0.08
162,68,"(36, 16)",1,-0.08
162,69,"(37, 16)",0,-0.08
162,70,"(37, 15)",1,-0.08
162,71,"(38, 15)",0,-0.08
162,72,"(38, 14)",0,-0.08
162,73,"(38, 13)",1,-0.08
162,74,"(39, 13)",0,-0.08
162,75,"(39, 12)",0,-0.08
162,76,"(39, 11)",1,-0.08
162,77,"(40, 11)",1,-0.08
162,78,"(41, 11)",1,-0.08
162,79,"(42, 11)",1,-0.08
162,80,"(43, 11)",1,-0.08
162,81,"(44, 11)",1,-0.08
162,82,"(45, 11)",0,-0.08
162,83,"(45, 10)",1,-0.08
162,84,"(46, 10)",0,-0.08
162,85,"(46, 9)",0,-0.08
162,86,"(46, 8)",0,-0.08
162,87,"(46, 7)",1,-0.08
162,88,"(47, 7)",1,-0.08
162,89,"(48, 7)",1,-0.08
162,90,"(49, 7)",1,-0.08
162,91,"(50, 7)",1,-0.08
162,92,"(51, 7)",1,-0.08
162,93,"(52, 7)",1,-0.08
162,94,"(53, 7)",1,-0.08
162,95,"(54, 7)",1,-0.08
162,96,"(55, 7)",1,-0.08
162,97,"(56, 7)",1,-0.08
162,98,"(57, 7)",1,-0.08
162,99,"(58, 7)",1,-0.08
162,100,"(59, 7)",1,-0.08
162,101,"(60, 7)",1,-0.08
162,102,"(61, 7)",1,-0.08
162,103,"(62, 7)",1,-0.08
162,104,"(63, 7)",1,-0.08
162,105,"(64, 7)",1,-0.08
162,106,"(65, 7)",1,-0.08
162,107,"(66, 7)",1,-0.08
162,108,"(67, 7)",1,-0.08
162,109,"(68, 7)",1,-0.08
162,110,"(69, 7)",1,-0.08
162,111,"(70, 7)",0,-0.08
162,112,"(70, 6)",1,-0.08
162,113,"(71, 6)",1,-0.08
162,114,"(72, 6)",0,-0.08
162,115,"(72, 5)",1,-0.08
162,116,"(73, 5)",1,-0.08
162,117,"(74, 5)",1,-0.08
162,118,"(75, 5)",1,-0.08
162,119,"(76, 5)",1,-0.08
162,120,"(77, 5)",0,-0.08
162,121,"(77, 4)",0,-0.08
162,122,"(77, 3)",0,-0.08
162,123,"(77, 2)",0,-0.08
162,124,"(77, 1)",0,-0.08
162,125,"(77, 0)",1,-0.08
162,126,"(78, 0)",1,8.33
163,0,"(0, 39)",1,-0.08
163,1,"(1, 39)",0,-0.08
163,2,"(1, 38)",0,-0.08
163,3,"(1, 37)",1,-8.33
163,4,"(1, 37)",0,-8.33
163,5,"(1, 37)",3,-0.08
163,6,"(0, 37)",0,-0.08
163,7,"(0, 36)",0,-0.08
163,8,"(0, 35)",1,-0.08
163,9,"(1, 35)",0,-0.08
163,10,"(1, 34)",1,-0.08
163,11,"(2, 34)",0,-0.08
163,12,"(2, 33)",0,-0.08
163,13,"(2, 32)",1,-0.08
163,14,"(3, 32)",0,-0.08
163,15,"(3, 31)",0,-8.33
163,16,"(3, 31)",0,-8.33
163,17,"(3, 31)",2,-0.08
163,18,"(3, 32)",2,-0.08
163,19,"(3, 33)",1,-0.08
163,20,"(4, 33)",1,-0.08
163,21,"(5, 33)",1,-0.08
163,22,"(6, 33)",1,-0.08
163,23,"(7, 33)",0,-0.08
163,24,"(7, 32)",1,-0.08
163,25,"(8, 32)",0,-0.08
163,26,"(8, 31)",1,-0.08
163,27,"(9, 31)",0,-0.08
163,28,"(9, 30)",0,-0.08
163,29,"(9, 29)",1,-0.08
163,30,"(10, 29)",0,-0.08
163,31,"(10, 28)",0,-0.08
163,32,"(10, 27)",1,-0.08
163,33,"(11, 27)",1,-0.08
163,34,"(12, 27)",0,-0.08
163,35,"(12, 26)",0,-0.08
163,36,"(12, 25)",0,-0.08
163,37,"(12, 24)",1,-0.08
163,38,"(13, 24)",0,-0.08
163,39,"(13, 23)",1,-0.08
163,40,"(14, 23)",1,-0.08
163,41,"(15, 23)",1,-0.08
163,42,"(16, 23)",1,-0.08
163,43,"(17, 23)",1,-0.08
163,44,"(18, 23)",0,-0.08
163,45,"(18, 22)",1,-0.08
163,46,"(19, 22)",0,-0.08
163,47,"(19, 21)",1,-0.08
163,48,"(20, 21)",0,-0.08
163,49,"(20, 20)",0,-0.08
163,50,"(20, 19)",1,-0.08
163,51,"(21, 19)",1,-0.08
163,52,"(22, 19)",1,-0.08
163,53,"(23, 19)",0,-0.08
163,54,"(23, 18)",0,-0.08
163,55,"(23, 17)",0,-0.08
163,56,"(23, 16)",0,-0.08
163,57,"(23, 15)",1,-0.08
163,58,"(24, 15)",1,-0.08
163,59,"(25, 15)",1,-0.08
163,60,"(26, 15)",1,-0.08
163,61,"(27, 15)",0,-0.08
163,62,"(27, 14)",0,-0.08
163,63,"(27, 13)",1,-0.08
163,64,"(28, 13)",1,-0.08
163,65,"(29, 13)",1,-0.08
163,66,"(30, 13)",1,-0.08
163,67,"(31, 13)",1,-0.08
163,68,"(32, 13)",1,-0.08
163,69,"(33, 13)",1,-0.08
163,70,"(34, 13)",1,-0.08
163,71,"(35, 13)",1,-0.08
163,72,"(36, 13)",0,-0.08
163,73,"(36, 12)",1,-0.08
163,74,"(37, 12)",1,-0.08
163,75,"(38, 12)",1,-0.08
163,76,"(39, 12)",0,-0.08
163,77,"(39, 11)",1,-0.08
163,78,"(40, 11)",1,-0.08
163,79,"(41, 11)",1,-0.08
163,80,"(42, 11)",1,-0.08
163,81,"(43, 11)",1,-0.08
163,82,"(44, 11)",1,-0.08
163,83,"(45, 11)",0,-0.08
163,84,"(45, 10)",1,-0.08
163,85,"(46, 10)",0,-0.08
163,86,"(46, 9)",0,-0.08
163,87,"(46, 8)",0,-0.08
163,88,"(46, 7)",1,-0.08
163,89,"(47, 7)",1,-0.08
163,90,"(48, 7)",1,-0.08
163,91,"(49, 7)",1,-0.08
163,92,"(50, 7)",1,-0.08
163,93,"(51, 7)",1,-0.08
163,94,"(52, 7)",1,-0.08
163,95,"(53, 7)",1,-0.08
163,96,"(54, 7)",1,-0.08
163,97,"(55, 7)",1,-0.08
163,98,"(56, 7)",1,-0.08
163,99,"(57, 7)",1,-0.08
163,100,"(58, 7)",1,-0.08
163,101,"(59, 7)",1,-0.08
163,102,"(60, 7)",1,-0.08
163,103,"(61, 7)",1,-0.08
163,104,"(62, 7)",1,-0.08
163,105,"(63, 7)",1,-0.08
163,106,"(64, 7)",1,-0.08
163,107,"(65, 7)",1,-0.08
163,108,"(66, 7)",1,-0.08
163,109,"(67, 7)",1,-0.08
163,110,"(68, 7)",1,-0.08
163,111,"(69, 7)",1,-0.08
163,112,"(70, 7)",1,-0.08
163,113,"(71, 7)",0,-0.08
163,114,"(71, 6)",0,-0.08
163,115,"(71, 5)",1,-0.08
163,116,"(72, 5)",1,-0.08
163,117,"(73, 5)",1,-0.08
163,118,"(74, 5)",0,-0.08
163,119,"(74, 4)",0,-0.08
163,120,"(74, 3)",1,-0.08
163,121,"(75, 3)",1,-0.08
163,122,"(76, 3)",0,-0.08
163,123,"(76, 2)",1,-0.08
163,124,"(77, 2)",0,-0.08
163,125,"(77, 1)",1,-0.08
163,126,"(78, 1)",1,-0.08
163,127,"(79, 1)",0,8.33
164,0,"(0, 39)",1,-0.08
164,1,"(1, 39)",0,-0.08
164,2,"(1, 38)",0,-0.08
164,3,"(1, 37)",1,-8.33
164,4,"(1, 37)",0,-8.33
164,5,"(1, 37)",3,-0.08
164,6,"(0, 37)",0,-0.08
164,7,"(0, 36)",0,-0.08
164,8,"(0, 35)",0,-0.08
164,9,"(0, 34)",0,-0.08
164,10,"(0, 33)",1,-0.08
164,11,"(1, 33)",0,-0.08
164,12,"(1, 32)",0,-0.08
164,13,"(1, 31)",0,-0.08
164,14,"(1, 30)",0,-0.08
164,15,"(1, 29)",1,-0.08
164,16,"(2, 29)",1,-0.08
164,17,"(3, 29)",0,-0.08
164,18,"(3, 28)",0,-0.08
164,19,"(3, 27)",0,-0.08
164,20,"(3, 26)",0,-0.08
164,21,"(3, 25)",1,-0.08
164,22,"(4, 25)",1,-0.08
164,23,"(5, 25)",1,-0.08
164,24,"(6, 25)",1,-0.08
164,25,"(7, 25)",1,-0.08
164,26,"(8, 25)",1,-0.08
164,27,"(9, 25)",1,-0.08
164,28,"(10, 25)",1,-0.08
164,29,"(11, 25)",0,-0.08
164,30,"(11, 24)",1,-0.08
164,31,"(12, 24)",1,-0.08
164,32,"(13, 24)",1,-0.08
164,33,"(14, 24)",0,-0.08
164,34,"(14, 23)",1,-0.08
164,35,"(15, 23)",1,-0.08
164,36,"(16, 23)",1,-0.08
164,37,"(17, 23)",0,-0.08
164,38,"(17, 22)",1,-0.08
164,39,"(18, 22)",1,-0.08
164,40,"(19, 22)",1,-0.08
164,41,"(20, 22)",0,-0.08
164,42,"(20, 21)",1,-0.08
164,43,"(21, 21)",1,-0.08
164,44,"(22, 21)",0,-0.08
164,45,"(22, 20)",1,-0.08
164,46,"(23, 20)",0,-0.08
164,47,"(23, 19)",0,-0.08
164,48,"(23, 18)",0,-0.08
164,49,"(23, 17)",0,-0.08
164,50,"(23, 16)",0,-0.08
164,51,"(23, 15)",1,-0.08
164,52,"(24, 15)",1,-0.08
164,53,"(25, 15)",1,-0.08
164,54,"(26, 15)",1,-0.08
164,55,"(27, 15)",1,-0.08
164,56,"(28, 15)",1,-0.08
164,57,"(29, 15)",1,-0.08
164,58,"(30, 15)",1,-0.08
164,59,"(31, 15)",1,-0.08
164,60,"(32, 15)",1,-0.08
164,61,"(33, 15)",1,-0.08
164,62,"(34, 15)",1,-0.08
164,63,"(35, 15)",0,-0.08
164,64,"(35, 14)",0,-0.08
164,65,"(35, 13)",1,-0.08
164,66,"(36, 13)",0,-0.08
164,67,"(36, 12)",1,-0.08
164,68,"(37, 12)",1,-0.08
164,69,"(38, 12)",1,-0.08
164,70,"(39, 12)",0,-0.08
164,71,"(39, 11)",1,-0.08
164,72,"(40, 11)",1,-0.08
164,73,"(41, 11)",1,-0.08
164,74,"(42, 11)",1,-0.08
164,75,"(43, 11)",1,-0.08
164,76,"(44, 11)",1,-0.08
164,77,"(45, 11)",0,-0.08
164,78,"(45, 10)",0,-0.08
164,79,"(45, 9)",0,-0.08
164,80,"(45, 8)",1,-0.08
164,81,"(46, 8)",0,-0.08
164,82,"(46, 7)",1,-0.08
164,83,"(47, 7)",1,-0.08
164,84,"(48, 7)",1,-0.08
164,85,"(49, 7)",1,-0.08
164,86,"(50, 7)",1,-0.08
164,87,"(51, 7)",1,-0.08
164,88,"(52, 7)",1,-0.08
164,89,"(53, 7)",1,-0.08
164,90,"(54, 7)",1,-0.08
164,91,"(55, 7)",1,-0.08
164,92,"(56, 7)",1,-0.08
164,93,"(57, 7)",1,-0.08
164,94,"(58, 7)",1,-0.08
164,95,"(59, 7)",1,-0.08
164,96,"(60, 7)",1,-0.08
164,97,"(61, 7)",1,-0.08
164,98,"(62, 7)",1,-0.08
164,99,"(63, 7)",1,-0.08
164,100,"(64, 7)",1,-0.08
164,101,"(65, 7)",1,-0.08
164,102,"(66, 7)",1,-0.08
164,103,"(67, 7)",1,-0.08
164,104,"(68, 7)",1,-0.08
164,105,"(69, 7)",1,-0.08
164,106,"(70, 7)",0,-0.08
164,107,"(70, 6)",1,-0.08
164,108,"(71, 6)",1,-0.08
164,109,"(72, 6)",1,-0.08
164,110,"(73, 6)",0,-0.08
164,111,"(73, 5)",1,-0.08
164,112,"(74, 5)",0,-0.08
164,113,"(74, 4)",0,-0.08
164,114,"(74, 3)",1,-0.08
164,115,"(75, 3)",1,-0.08
164,116,"(76, 3)",1,-0.08
164,117,"(77, 3)",1,-8.33
164,118,"(77, 3)",0,-0.08
164,119,"(77, 2)",0,-0.08
164,120,"(77, 1)",1,-0.08
164,121,"(78, 1)",1,-0.08
164,122,"(79, 1)",0,8.33
165,0,"(0, 39)",0,-0.08
165,1,"(0, 38)",0,-0.08
165,2,"(0, 37)",1,-0.08
165,3,"(1, 37)",1,-8.33
165,4,"(1, 37)",0,-8.33
165,5,"(1, 37)",3,-0.08
165,6,"(0, 37)",0,-0.08
165,7,"(0, 36)",0,-0.08
165,8,"(0, 35)",0,-0.08
165,9,"(0, 34)",1,-0.08
165,10,"(1, 34)",1,-0.08
165,11,"(2, 34)",0,-0.08
165,12,"(2, 33)",0,-0.08
165,13,"(2, 32)",1,-0.08
165,14,"(3, 32)",0,-0.08
165,15,"(3, 31)",0,-8.33
165,16,"(3, 31)",0,-8.33
165,17,"(3, 31)",3,-0.08
165,18,"(2, 31)",3,-0.08
165,19,"(1, 31)",0,-0.08
165,20,"(1, 30)",0,-0.08
165,21,"(1, 29)",0,-0.08
165,22,"(1, 28)",0,-0.08
165,23,"(1, 27)",0,-0.08
165,24,"(1, 26)",0,-0.08
165,25,"(1, 25)",1,-0.08
165,26,"(2, 25)",1,-0.08
165,27,"(3, 25)",1,-0.08
165,28,"(4, 25)",1,-0.08
165,29,"(5, 25)",1,-0.08
165,30,"(6, 25)",1,-0.08
165,31,"(7, 25)",1,-0.08
165,32,"(8, 25)",1,-0.08
165,33,"(9, 25)",1,-0.08
165,34,"(10, 25)",1,-0.08
165,35,"(11, 25)",0,-0.08
165,36,"(11, 24)",1,-0.08
165,37,"(12, 24)",1,-0.08
165,38,"(13, 24)",1,-0.08
165,39,"(14, 24)",0,-0.08
165,40,"(14, 23)",1,-0.08
165,41,"(15, 23)",1,-0.08
165,42,"(16, 23)",1,-0.08
165,43,"(17, 23)",0,-0.08
165,44,"(17, 22)",1,-0.08
165,45,"(18, 22)",1,-0.08
165,46,"(19, 22)",1,-0.08
165,47,"(20, 22)",0,-0.08
165,48,"(20, 21)",0,-0.08
165,49,"(20, 20)",1,-0.08
165,50,"(21, 20)",1,-0.08
165,51,"(22, 20)",0,-0.08
165,52,"(22, 19)",1,-0.08
165,53,"(23, 19)",0,-0.08
165,54,"(23, 18)",0,-0.08
165,55,"(23, 17)",1,-0.08
165,56,"(24, 17)",1,-0.08
165,57,"(25, 17)",1,-0.08
165,58,"(26, 17)",1,-0.08
165,59,"(27, 17)",0,-0.08
165,60,"(27, 16)",1,-0.08
165,61,"(28, 16)",0,-0.08
165,62,"(28, 15)",1,-0.08
165,63,"(29, 15)",1,-0.08
165,64,"(30, 15)",1,-0.08
165,65,"(31, 15)",0,-0.08
165,66,"(31, 14)",0,-0.08
165,67,"(31, 13)",1,-0.08
165,68,"(32, 13)",1,-0.08
165,69,"(33, 13)",1,-0.08
165,70,"(34, 13)",1,-0.08
165,71,"(35, 13)",1,-0.08
165,72,"(36, 13)",0,-0.08
165,73,"(36, 12)",1,-0.08
165,74,"(37, 12)",1,-0.08
165,75,"(38, 12)",1,-0.08
165,76,"(39, 12)",0,-0.08
165,77,"(39, 11)",1,-0.08
165,78,"(40, 11)",1,-0.08
165,79,"(41, 11)",1,-0.08
165,80,"(42, 11)",1,-0.08
165,81,"(43, 11)",1,-0.08
165,82,"(44, 11)",1,-0.08
165,83,"(45, 11)",0,-0.08
165,84,"(45, 10)",0,-0.08
165,85,"(45, 9)",1,-0.08
165,86,"(46, 9)",0,-0.08
165,87,"(46, 8)",0,-0.08
165,88,"(46, 7)",1,-0.08
165,89,"(47, 7)",1,-0.08
165,90,"(48, 7)",1,-0.08
165,91,"(49, 7)",1,-0.08
165,92,"(50, 7)",1,-0.08
165,93,"(51, 7)",1,-0.08
165,94,"(52, 7)",1,-0.08
165,95,"(53, 7)",1,-0.08
165,96,"(54, 7)",1,-0.08
165,97,"(55, 7)",1,-0.08
165,98,"(56, 7)",1,-0.08
165,99,"(57, 7)",1,-0.08
165,100,"(58, 7)",1,-0.08
165,101,"(59, 7)",1,-0.08
165,102,"(60, 7)",1,-0.08
165,103,"(61, 7)",1,-0.08
165,104,"(62, 7)",1,-0.08
165,105,"(63, 7)",1,-0.08
165,106,"(64, 7)",1,-0.08
165,107,"(65, 7)",1,-0.08
165,108,"(66, 7)",1,-0.08
165,109,"(67, 7)",1,-0.08
165,110,"(68, 7)",1,-0.08
165,111,"(69, 7)",1,-0.08
165,112,"(70, 7)",1,-0.08
165,113,"(71, 7)",0,-0.08
165,114,"(71, 6)",1,-0.08
165,115,"(72, 6)",1,-0.08
165,116,"(73, 6)",1,-0.08
165,117,"(74, 6)",0,-0.08
165,118,"(74, 5)",0,-0.08
165,119,"(74, 4)",0,-0.08
165,120,"(74, 3)",1,-0.08
165,121,"(75, 3)",1,-0.08
165,122,"(76, 3)",0,-0.08
165,123,"(76, 2)",0,-0.08
165,124,"(76, 1)",0,-0.08
165,125,"(76, 0)",1,-0.08
165,126,"(77, 0)",1,-0.08
165,127,"(78, 0)",1,8.33
166,0,"(0, 39)",0,-0.08
166,1,"(0, 38)",1,-0.08
166,2,"(1, 38)",1,-8.33
166,3,"(1, 38)",0,-0.08
166,4,"(1, 37)",0,-8.33
166,5,"(1, 37)",3,-0.08
166,6,"(0, 37)",0,-0.08
166,7,"(0, 36)",0,-0.08
166,8,"(0, 35)",0,-0.08
166,9,"(0, 34)",0,-0.08
166,10,"(0, 33)",1,-0.08
166,11,"(1, 33)",0,-0.08
166,12,"(1, 32)",1,-0.08
166,13,"(2, 32)",1,-0.08
166,14,"(3, 32)",0,-0.08
166,15,"(3, 31)",0,-8.33
166,16,"(3, 31)",0,-8.33
166,17,"(3, 31)",2,-0.08
166,18,"(3, 32)",2,-0.08
166,19,"(3, 33)",1,-0.08
166,20,"(4, 33)",1,-0.08
166,21,"(5, 33)",1,-0.08
166,22,"(6, 33)",1,-0.08
166,23,"(7, 33)",1,-0.08
166,24,"(8, 33)",1,-0.08
166,25,"(9, 33)",1,-0.08
166,26,"(10, 33)",1,-0.08
166,27,"(11, 33)",1,-0.08
166,28,"(12, 33)",0,-0.08
166,29,"(12, 32)",0,-0.08
166,30,"(12, 31)",1,-0.08
166,31,"(13, 31)",0,-0.08
166,32,"(13, 30)",0,-0.08
166,33,"(13, 29)",0,-0.08
166,34,"(13, 28)",1,-0.08
166,35,"(14, 28)",1,-0.08
166,36,"(15, 28)",0,-0.08
166,37,"(15, 27)",1,-0.08
166,38,"(16, 27)",0,-0.08
166,39,"(16, 26)",0,-0.08
166,40,"(16, 25)",1,-0.08
166,41,"(17, 25)",0,-0.08
166,42,"(17, 24)",0,-0.08
166,43,"(17, 23)",1,-0.08
166,44,"(18, 23)",0,-0.08
166,45,"(18, 22)",1,-0.08
166,46,"(19, 22)",1,-0.08
166,47,"(20, 22)",1,-0.08
166,48,"(21, 22)",0,-0.08
166,49,"(21, 21)",1,-0.08
166,50,"(22, 21)",1,-0.08
166,51,"(23, 21)",0,-0.08
166,52,"(23, 20)",0,-0.08
166,53,"(23, 19)",0,-0.08
166,54,"(23, 18)",0,-0.08
166,55,"(23, 17)",0,-0.08
166,56,"(23, 16)",0,-0.08
166,57,"(23, 15)",1,-0.08
166,58,"(24, 15)",1,-0.08
166,59,"(25, 15)",1,-0.08
166,60,"(26, 15)",1,-0.08
166,61,"(27, 15)",1,-0.08
166,62,"(28, 15)",1,-0.08
166,63,"(29, 15)",1,-0.08
166,64,"(30, 15)",1,-0.08
166,65,"(31, 15)",0,-0.08
166,66,"(31, 14)",1,-0.08
166,67,"(32, 14)",0,-0.08
166,68,"(32, 13)",1,-0.08
166,69,"(33, 13)",1,-0.08
166,70,"(34, 13)",1,-0.08
166,71,"(35, 13)",0,-0.08
166,72,"(35, 12)",1,-0.08
166,73,"(36, 12)",1,-0.08
166,74,"(37, 12)",1,-0.08
166,75,"(38, 12)",1,-0.08
166,76,"(39, 12)",0,-0.08
166,77,"(39, 11)",1,-0.08
166,78,"(40, 11)",1,-0.08
166,79,"(41, 11)",1,-0.08
166,80,"(42, 11)",1,-0.08
166,81,"(43, 11)",1,-0.08
166,82,"(44, 11)",1,-0.08
166,83,"(45, 11)",0,-0.08
166,84,"(45, 10)",1,-0.08
166,85,"(46, 10)",0,-0.08
166,86,"(46, 9)",0,-0.08
166,87,"(46, 8)",0,-0.08
166,88,"(46, 7)",1,-0.08
166,89,"(47, 7)",1,-0.08
166,90,"(48, 7)",1,-0.08
166,91,"(49, 7)",1,-0.08
166,92,"(50, 7)",1,-0.08
166,93,"(51, 7)",1,-0.08
166,94,"(52, 7)",1,-0.08
166,95,"(53, 7)",1,-0.08
166,96,"(54, 7)",1,-0.08
166,97,"(55, 7)",1,-0.08
166,98,"(56, 7)",1,-0.08
166,99,"(57, 7)",1,-0.08
166,100,"(58, 7)",1,-0.08
166,101,"(59, 7)",1,-0.08
166,102,"(60, 7)",1,-0.08
166,103,"(61, 7)",1,-0.08
166,104,"(62, 7)",1,-0.08
166,105,"(63, 7)",1,-0.08
166,106,"(64, 7)",1,-0.08
166,107,"(65, 7)",1,-0.08
166,108,"(66, 7)",1,-0.08
166,109,"(67, 7)",1,-0.08
166,110,"(68, 7)",1,-0.08
166,111,"(69, 7)",0,-0.08
166,112,"(69, 6)",1,-0.08
166,113,"(70, 6)",1,-0.08
166,114,"(71, 6)",1,-0.08
166,115,"(72, 6)",0,-0.08
166,116,"(72, 5)",1,-0.08
166,117,"(73, 5)",1,-0.08
166,118,"(74, 5)",1,-0.08
166,119,"(75, 5)",1,-0.08
166,120,"(76, 5)",1,-0.08
166,121,"(77, 5)",0,-0.08
166,122,"(77, 4)",0,-0.08
166,123,"(77, 3)",0,-0.08
166,124,"(77, 2)",0,-0.08
166,125,"(77, 1)",1,-0.08
166,126,"(78, 1)",0,-0.08
166,127,"(78, 0)",1,8.33
167,0,"(0, 39)",0,-0.08
167,1,"(0, 38)",0,-0.08
167,2,"(0, 37)",1,-0.08
167,3,"(1, 37)",0,-8.33
167,4,"(1, 37)",3,-0.08
167,5,"(0, 37)",0,-0.08
167,6,"(0, 36)",0,-0.08
167,7,"(0, 35)",1,-0.08
167,8,"(1, 35)",1,-0.08
167,9,"(2, 35)",0,-0.08
167,10,"(2, 34)",0,-0.08
167,11,"(2, 33)",0,-0.08
167,12,"(2, 32)",1,-0.08
167,13,"(3, 32)",0,-0.08
167,14,"(3, 31)",0,-8.33
167,15,"(3, 31)",0,-8.33
167,16,"(3, 31)",3,-0.08
167,17,"(2, 31)",3,-0.08
167,18,"(1, 31)",0,-0.08
167,19,"(1, 30)",0,-0.08
167,20,"(1, 29)",1,-0.08
167,21,"(2, 29)",1,-0.08
167,22,"(3, 29)",1,-0.08
167,23,"(4, 29)",1,-0.08
167,24,"(5, 29)",1,-0.08
167,25,"(6, 29)",1,-0.08
167,26,"(7, 29)",0,-0.08
167,27,"(7, 28)",1,-0.08
167,28,"(8, 28)",0,-0.08
167,29,"(8, 27)",1,-0.08
167,30,"(9, 27)",1,-0.08
167,31,"(10, 27)",1,-0.08
167,32,"(11, 27)",1,-0.08
167,33,"(12, 27)",0,-0.08
167,34,"(12, 26)",0,-0.08
167,35,"(12, 25)",0,-0.08
167,36,"(12, 24)",1,-0.08
167,37,"(13, 24)",0,-0.08
167,38,"(13, 23)",1,-0.08
167,39,"(14, 23)",1,-0.08
167,40,"(15, 23)",1,-0.08
167,41,"(16, 23)",1,-0.08
167,42,"(17, 23)",0,-0.08
167,43,"(17, 22)",1,-0.08
167,44,"(18, 22)",1,-0.08
167,45,"(19, 22)",0,-0.08
167,46,"(19, 21)",1,-0.08
167,47,"(20, 21)",0,-0.08
167,48,"(20, 20)",1,-0.08
167,49,"(21, 20)",0,-0.08
167,50,"(21, 19)",1,-0.08
167,51,"(22, 19)",1,-0.08
167,52,"(23, 19)",0,-0.08
167,53,"(23, 18)",0,-0.08
167,54,"(23, 17)",1,-0.08
167,55,"(24, 17)",1,-0.08
167,56,"(25, 17)",1,-0.08
167,57,"(26, 17)",1,-0.08
167,58,"(27, 17)",0,-0.08
167,59,"(27, 16)",0,-0.08
167,60,"(27, 15)",0,-0.08
167,61,"(27, 14)",0,-0.08
167,62,"(27, 13)",1,-0.08
167,63,"(28, 13)",1,-0.08
167,64,"(29, 13)",1,-0.08
167,65,"(30, 13)",1,-0.08
167,66,"(31, 13)",1,-0.08
167,67,"(32, 13)",1,-0.08
167,68,"(33, 13)",1,-0.08
167,69,"(34, 13)",1,-0.08
167,70,"(35, 13)",1,-0.08
167,71,"(36, 13)",1,-0.08
167,72,"(37, 13)",0,-0.08
167,73,"(37, 12)",1,-0.08
167,74,"(38, 12)",1,-0.08
167,75,"(39, 12)",0,-0.08
167,76,"(39, 11)",1,-0.08
167,77,"(40, 11)",1,-0.08
167,78,"(41, 11)",1,-0.08
167,79,"(42, 11)",1,-0.08
167,80,"(43, 11)",1,-0.08
167,81,"(44, 11)",1,-0.08
167,82,"(45, 11)",0,-0.08
167,83,"(45, 10)",1,-0.08
167,84,"(46, 10)",1,-0.08
167,85,"(47, 10)",1,-0.08
167,86,"(48, 10)",1,-0.08
167,87,"(49, 10)",1,-0.08
167,88,"(50, 10)",0,-0.08
167,89,"(50, 9)",0,-0.08
167,90,"(50, 8)",0,-0.08
167,91,"(50, 7)",1,-0.08
167,92,"(51, 7)",1,-0.08
167,93,"(52, 7)",1,-0.08
167,94,"(53, 7)",1,-0.08
167,95,"(54, 7)",1,-0.08
167,96,"(55, 7)",1,-0.08
167,97,"(56, 7)",1,-0.08
167,98,"(57, 7)",1,-0.08
167,99,"(58, 7)",1,-0.08
167,100,"(59, 7)",1,-0.08
167,101,"(60, 7)",1,-0.08
167,102,"(61, 7)",1,-0.08
167,103,"(62, 7)",1,-0.08
167,104,"(63, 7)",1,-0.08
167,105,"(64, 7)",1,-0.08
167,106,"(65, 7)",1,-0.08
167,107,"(66, 7)",1,-0.08
167,108,"(67, 7)",1,-0.08
167,109,"(68, 7)",1,-0.08
167,110,"(69, 7)",1,-0.08
167,111,"(70, 7)",1,-0.08
167,112,"(71, 7)",0,-0.08
167,113,"(71, 6)",0,-0.08
167,114,"(71, 5)",1,-0.08
167,115,"(72, 5)",1,-0.08
167,116,"(73, 5)",1,-0.08
167,117,"(74, 5)",0,-0.08
167,118,"(74, 4)",1,-0.08
167,119,"(75, 4)",0,-0.08
167,120,"(75, 3)",1,-0.08
167,121,"(76, 3)",0,-0.08
167,122,"(76, 2)",0,-0.08
167,123,"(76, 1)",0,-0.08
167,124,"(76, 0)",1,-0.08
167,125,"(77, 0)",1,-0.08
167,126,"(78, 0)",1,8.33
168,0,"(0, 39)",0,-0.08
168,1,"(0, 38)",1,-0.08
168,2,"(1, 38)",1,-8.33
168,3,"(1, 38)",0,-0.08
168,4,"(1, 37)",0,-8.33
168,5,"(1, 37)",3,-0.08
168,6,"(0, 37)",0,-0.08
168,7,"(0, 36)",0,-0.08
168,8,"(0, 35)",1,-0.08
168,9,"(1, 35)",0,-0.08
168,10,"(1, 34)",1,-0.08
168,11,"(2, 34)",0,-0.08
168,12,"(2, 33)",1,-0.08
168,13,"(3, 33)",0,-0.08
168,14,"(3, 32)",0,-0.08
168,15,"(3, 31)",0,-8.33
168,16,"(3, 31)",3,-0.08
168,17,"(2, 31)",3,-0.08
168,18,"(1, 31)",0,-0.08
168,19,"(1, 30)",0,-0.08
168,20,"(1, 29)",0,-0.08
168,21,"(1, 28)",0,-0.08
168,22,"(1, 27)",0,-0.08
168,23,"(1, 26)",0,-0.08
168,24,"(1, 25)",1,-0.08
168,25,"(2, 25)",1,-0.08
168,26,"(3, 25)",1,-0.08
168,27,"(4, 25)",1,-0.08
168,28,"(5, 25)",1,-0.08
168,29,"(6, 25)",1,-0.08
168,30,"(7, 25)",1,-0.08
168,31,"(8, 25)",1,-0.08
168,32,"(9, 25)",0,-0.08
168,33,"(9, 24)",1,-0.08
168,34,"(10, 24)",1,-0.08
168,35,"(11, 24)",1,-0.08
168,36,"(12, 24)",1,-0.08
168,37,"(13, 24)",1,-0.08
168,38,"(14, 24)",0,-0.08
168,39,"(14, 23)",1,-0.08
168,40,"(15, 23)",1,-0.08
168,41,"(16, 23)",0,-0.08
168,42,"(16, 22)",1,-0.08
168,43,"(17, 22)",1,-0.08
168,44,"(18, 22)",1,-0.08
168,45,"(19, 22)",0,-0.08
168,46,"(19, 21)",0,-0.08
168,47,"(19, 20)",1,-0.08
168,48,"(20, 20)",1,-0.08
168,49,"(21, 20)",0,-0.08
168,50,"(21, 19)",1,-0.08
168,51,"(22, 19)",1,-0.08
168,52,"(23, 19)",0,-0.08
168,53,"(23, 18)",0,-0.08
168,54,"(23, 17)",1,-0.08
168,55,"(24, 17)",1,-0.08
168,56,"(25, 17)",1,-0.08
168,57,"(26, 17)",1,-0.08
168,58,"(27, 17)",1,-0.08
168,59,"(28, 17)",1,-0.08
168,60,"(29, 17)",1,-0.08
168,61,"(30, 17)",1,-0.08
168,62,"(31, 17)",0,-0.08
168,63,"(31, 16)",1,-0.08
168,64,"(32, 16)",0,-0.08
168,65,"(32, 15)",1,-0.08
168,66,"(33, 15)",1,-0.08
168,67,"(34, 15)",1,-0.08
168,68,"(35, 15)",0,-0.08
168,69,"(35, 14)",0,-0.08
168,70,"(35, 13)",1,-0.08
168,71,"(36, 13)",1,-0.08
168,72,"(37, 13)",0,-0.08
168,73,"(37, 12)",1,-0.08
168,74,"(38, 12)",1,-0.08
168,75,"(39, 12)",0,-0.08
168,76,"(39, 11)",1,-0.08
168,77,"(40, 11)",1,-0.08
168,78,"(41, 11)",1,-0.08
168,79,"(42, 11)",1,-0.08
168,80,"(43, 11)",1,-0.08
168,81,"(44, 11)",1,-0.08
168,82,"(45, 11)",0,-0.08
168,83,"(45, 10)",0,-0.08
168,84,"(45, 9)",1,-0.08
168,85,"(46, 9)",0,-0.08
168,86,"(46, 8)",0,-0.08
168,87,"(46, 7)",1,-0.08
168,88,"(47, 7)",1,-0.08
168,89,"(48, 7)",1,-0.08
168,90,"(49, 7)",1,-0.08
168,91,"(50, 7)",1,-0.08
168,92,"(51, 7)",1,-0.08
168,93,"(52, 7)",1,-0.08
168,94,"(53, 7)",1,-0.08
168,95,"(54, 7)",1,-0.08
168,96,"(55, 7)",1,-0.08
168,97,"(56, 7)",1,-0.08
168,98,"(57, 7)",1,-0.08
168,99,"(58, 7)",1,-0.08
168,100,"(59, 7)",1,-0.08
168,101,"(60, 7)",1,-0.08
168,102,"(61, 7)",1,-0.08
168,103,"(62, 7)",1,-0.08
168,104,"(63, 7)",1,-0.08
168,105,"(64, 7)",1,-0.08
168,106,"(65, 7)",1,-0.08
168,107,"(66, 7)",1,-0.08
168,108,"(67, 7)",1,-0.08
168,109,"(68, 7)",1,-0.08
168,110,"(69, 7)",1,-0.08
168,111,"(70, 7)",0,-0.08
168,112,"(70, 6)",1,-0.08
168,113,"(71, 6)",0,-0.08
168,114,"(71, 5)",1,-0.08
168,115,"(72, 5)",1,-0.08
168,116,"(73, 5)",1,-0.08
168,117,"(74, 5)",0,-0.08
168,118,"(74, 4)",0,-0.08
168,119,"(74, 3)",1,-0.08
168,120,"(75, 3)",1,-0.08
168,121,"(76, 3)",0,-0.08
168,122,"(76, 2)",1,-0.08
168,123,"(77, 2)",0,-0.08
168,124,"(77, 1)",0,-0.08
168,125,"(77, 0)",1,-0.08
168,126,"(78, 0)",1,8.33
169,0,"(0, 39)",1,-0.08
169,1,"(1, 39)",0,-0.08
169,2,"(1, 38)",1,-8.33
169,3,"(1, 38)",0,-0.08
169,4,"(1, 37)",0,-8.33
169,5,"(1, 37)",3,-0.08
169,6,"(0, 37)",0,-0.08
169,7,"(0, 36)",0,-0.08
169,8,"(0, 35)",0,-0.08
169,9,"(0, 34)",0,-0.08
169,10,"(0, 33)",1,-0.08
169,11,"(1, 33)",0,-0.08
169,12,"(1, 32)",0,-0.08
169,13,"(1, 31)",1,-0.08
169,14,"(2, 31)",1,-0.08
169,15,"(3, 31)",0,-8.33
169,16,"(3, 31)",3,-0.08
169,17,"(2, 31)",3,-0.08
169,18,"(1, 31)",0,-0.08
169,19,"(1, 30)",0,-0.08
169,20,"(1, 29)",0,-0.08
169,21,"(1, 28)",0,-0.08
169,22,"(1, 27)",0,-0.08
169,23,"(1, 26)",1,-0.08
169,24,"(2, 26)",0,-0.08
169,25,"(2, 25)",1,-0.08
169,26,"(3, 25)",1,-0.08
169,27,"(4, 25)",1,-0.08
169,28,"(5, 25)",1,-0.08
169,29,"(6, 25)",1,-0.08
169,30,"(7, 25)",1,-0.08
169,31,"(8, 25)",1,-0.08
169,32,"(9, 25)",0,-0.08
169,33,"(9, 24)",1,-0.08
169,34,"(10, 24)",1,-0.08
169,35,"(11, 24)",1,-0.08
169,36,"(12, 24)",1,-0.08
169,37,"(13, 24)",1,-0.08
169,38,"(14, 24)",0,-0.08
169,39,"(14, 23)",1,-0.08
169,40,"(15, 23)",1,-0.08
169,41,"(16, 23)",0,-0.08
169,42,"(16, 22)",1,-0.08
169,43,"(17, 22)",1,-0.08
169,44,"(18, 22)",1,-0.08
169,45,"(19, 22)",0,-0.08
169,46,"(19, 21)",0,-0.08
169,47,"(19, 20)",0,-0.08
169,48,"(19, 19)",1,-0.08
169,49,"(20, 19)",1,-0.08
169,50,"(21, 19)",1,-0.08
169,51,"(22, 19)",1,-0.08
169,52,"(23, 19)",0,-0.08
169,53,"(23, 18)",0,-0.08
169,54,"(23, 17)",1,-0.08
169,55,"(24, 17)",1,-0.08
169,56,"(25, 17)",1,-0.08
169,57,"(26, 17)",1,-0.08
169,58,"(27, 17)",0,-0.08
169,59,"(27, 16)",1,-0.08
169,60,"(28, 16)",1,-0.08
169,61,"(29, 16)",0,-0.08
169,62,"(29, 15)",0,-0.08
169,63,"(29, 14)",0,-0.08
169,64,"(29, 13)",1,-0.08
169,65,"(30, 13)",1,-0.08
169,66,"(31, 13)",1,-0.08
169,67,"(32, 13)",1,-0.08
169,68,"(33, 13)",1,-0.08
169,69,"(34, 13)",1,-0.08
169,70,"(35, 13)",0,-0.08
169,71,"(35, 12)",1,-0.08
169,72,"(36, 12)",1,-0.08
169,73,"(37, 12)",1,-0.08
169,74,"(38, 12)",1,-0.08
169,75,"(39, 12)",0,-0.08
169,76,"(39, 11)",1,-0.08
169,77,"(40, 11)",1,-0.08
169,78,"(41, 11)",1,-0.08
169,79,"(42, 11)",1,-0.08
169,80,"(43, 11)",1,-0.08
169,81,"(44, 11)",1,-0.08
169,82,"(45, 11)",0,-0.08
169,83,"(45, 10)",0,-0.08
169,84,"(45, 9)",1,-0.08
169,85,"(46, 9)",0,-0.08
169,86,"(46, 8)",0,-0.08
169,87,"(46, 7)",1,-0.08
169,88,"(47, 7)",1,-0.08
169,89,"(48, 7)",1,-0.08
169,90,"(49, 7)",1,-0.08
169,91,"(50, 7)",1,-0.08
169,92,"(51, 7)",1,-0.08
169,93,"(52, 7)",1,-0.08
169,94,"(53, 7)",1,-0.08
169,95,"(54, 7)",1,-0.08
169,96,"(55, 7)",1,-0.08
169,97,"(56, 7)",1,-0.08
169,98,"(57, 7)",1,-0.08
169,99,"(58, 7)",1,-0.08
169,100,"(59, 7)",1,-0.08
169,101,"(60, 7)",1,-0.08
169,102,"(61, 7)",1,-0.08
169,103,"(62, 7)",1,-0.08
169,104,"(63, 7)",1,-0.08
169,105,"(64, 7)",1,-0.08
169,106,"(65, 7)",1,-0.08
169,107,"(66, 7)",1,-0.08
169,108,"(67, 7)",1,-0.08
169,109,"(68, 7)",1,-0.08
169,110,"(69, 7)",1,-0.08
169,111,"(70, 7)",1,-0.08
169,112,"(71, 7)",0,-0.08
169,113,"(71, 6)",1,-0.08
169,114,"(72, 6)",0,-0.08
169,115,"(72, 5)",1,-0.08
169,116,"(73, 5)",1,-0.08
169,117,"(74, 5)",1,-0.08
169,118,"(75, 5)",0,-0.08
169,119,"(75, 4)",0,-0.08
169,120,"(75, 3)",1,-0.08
169,121,"(76, 3)",1,-0.08
169,122,"(77, 3)",0,-0.08
169,123,"(77, 2)",0,-0.08
169,124,"(77, 1)",1,-0.08
169,125,"(78, 1)",0,-0.08
169,126,"(78, 0)",1,8.33
170,0,"(0, 39)",0,-0.08
170,1,"(0, 38)",1,-0.08
170,2,"(1, 38)",1,-8.33
170,3,"(1, 38)",0,-0.08
170,4,"(1, 37)",0,-8.33
170,5,"(1, 37)",3,-0.08
170,6,"(0, 37)",0,-0.08
170,7,"(0, 36)",0,-0.08
170,8,"(0, 35)",0,-0.08
170,9,"(0, 34)",0,-0.08
170,10,"(0, 33)",1,-0.08
170,11,"(1, 33)",0,-0.08
170,12,"(1, 32)",0,-0.08
170,13,"(1, 31)",1,-0.08
170,14,"(2, 31)",1,-0.08
170,15,"(3, 31)",0,-8.33
170,16,"(3, 31)",2,-0.08
170,17,"(3, 32)",2,-0.08
170,18,"(3, 33)",1,-0.08
170,19,"(4, 33)",1,-0.08
170,20,"(5, 33)",0,-0.08
170,21,"(5, 32)",0,-0.08
170,22,"(5, 31)",1,-0.08
170,23,"(6, 31)",1,-0.08
170,24,"(7, 31)",1,-0.08
170,25,"(8, 31)",1,-0.08
170,26,"(9, 31)",0,-0.08
170,27,"(9, 30)",0,-0.08
170,28,"(9, 29)",1,-0.08
170,29,"(10, 29)",0,-0.08
170,30,"(10, 28)",0,-0.08
170,31,"(10, 27)",1,-0.08
170,32,"(11, 27)",1,-0.08
170,33,"(12, 27)",1,-0.08
170,34,"(13, 27)",0,-0.08
170,35,"(13, 26)",0,-0.08
170,36,"(13, 25)",1,-0.08
170,37,"(14, 25)",1,-0.08
170,38,"(15, 25)",1,-0.08
170,39,"(16, 25)",1,-0.08
170,40,"(17, 25)",0,-0.08
170,41,"(17, 24)",0,-0.08
170,42,"(17, 23)",1,-0.08
170,43,"(18, 23)",0,-0.08
170,44,"(18, 22)",1,-0.08
170,45,"(19, 22)",0,-0.08
170,46,"(19, 21)",0,-0.08
170,47,"(19, 20)",0,-0.08
170,48,"(19, 19)",1,-0.08
170,49,"(20, 19)",1,-0.08
170,50,"(21, 19)",1,-0.08
170,51,"(22, 19)",1,-0.08
170,52,"(23, 19)",0,-0.08
170,53,"(23, 18)",0,-0.08
170,54,"(23, 17)",1,-0.08
170,55,"(24, 17)",1,-0.08
170,56,"(25, 17)",1,-0.08
170,57,"(26, 17)",1,-0.08
170,58,"(27, 17)",0,-0.08
170,59,"(27, 16)",0,-0.08
170,60,"(27, 15)",0,-0.08
170,61,"(27, 14)",0,-0.08
170,62,"(27, 13)",1,-0.08
170,63,"(28, 13)",1,-0.08
170,64,"(29, 13)",1,-0.08
170,65,"(30, 13)",1,-0.08
170,66,"(31, 13)",1,-0.08
170,67,"(32, 13)",1,-0.08
170,68,"(33, 13)",1,-0.08
170,69,"(34, 13)",1,-0.08
170,70,"(35, 13)",0,-0.08
170,71,"(35, 12)",1,-0.08
170,72,"(36, 12)",1,-0.08
170,73,"(37, 12)",1,-0.08
170,74,"(38, 12)",1,-0.08
170,75,"(39, 12)",0,-0.08
170,76,"(39, 11)",1,-0.08
170,77,"(40, 11)",1,-0.08
170,78,"(41, 11)",1,-0.08
170,79,"(42, 11)",1,-0.08
170,80,"(43, 11)",1,-0.08
170,81,"(44, 11)",1,-0.08
170,82,"(45, 11)",0,-0.08
170,83,"(45, 10)",0,-0.08
170,84,"(45, 9)",0,-0.08
170,85,"(45, 8)",1,-0.08
170,86,"(46, 8)",0,-0.08
170,87,"(46, 7)",1,-0.08
170,88,"(47, 7)",1,-0.08
170,89,"(48, 7)",1,-0.08
170,90,"(49, 7)",1,-0.08
170,91,"(50, 7)",1,-0.08
170,92,"(51, 7)",1,-0.08
170,93,"(52, 7)",1,-0.08
170,94,"(53, 7)",1,-0.08
170,95,"(54, 7)",1,-0.08
170,96,"(55, 7)",1,-0.08
170,97,"(56, 7)",1,-0.08
170,98,"(57, 7)",1,-0.08
170,99,"(58, 7)",1,-0.08
170,100,"(59, 7)",1,-0.08
170,101,"(60, 7)",1,-0.08
170,102,"(61, 7)",1,-0.08
170,103,"(62, 7)",1,-0.08
170,104,"(63, 7)",1,-0.08
170,105,"(64, 7)",1,-0.08
170,106,"(65, 7)",1,-0.08
170,107,"(66, 7)",1,-0.08
170,108,"(67, 7)",1,-0.08
170,109,"(68, 7)",1,-0.08
170,110,"(69, 7)",1,-0.08
170,111,"(70, 7)",0,-0.08
170,112,"(70, 6)",1,-0.08
170,113,"(71, 6)",0,-0.08
170,114,"(71, 5)",1,-0.08
170,115,"(72, 5)",1,-0.08
170,116,"(73, 5)",1,-0.08
170,117,"(74, 5)",0,-0.08
170,118,"(74, 4)",1,-0.08
170,119,"(75, 4)",0,-0.08
170,120,"(75, 3)",1,-0.08
170,121,"(76, 3)",0,-0.08
170,122,"(76, 2)",0,-0.08
170,123,"(76, 1)",1,-0.08
170,124,"(77, 1)",1,-0.08
170,125,"(78, 1)",0,-0.08
170,126,"(78, 0)",1,8.33
171,0,"(0, 39)",1,-0.08
171,1,"(1, 39)",1,-0.08
171,2,"(2, 39)",0,-8.33
171,3,"(2, 39)",1,-0.08
171,4,"(3, 39)",1,-0.08
171,5,"(4, 39)",1,-0.08
171,6,"(5, 39)",0,-8.33
171,7,"(5, 39)",1,-0.08
171,8,"(6, 39)",1,-0.08
171,9,"(7, 39)",1,-0.08
171,10,"(8, 39)",1,-0.08
171,11,"(9, 39)",1,-0.08
171,12,"(10, 39)",0,-0.08
171,13,"(10, 38)",1,-0.08
171,14,"(11, 38)",0,-0.08
171,15,"(11, 37)",1,-0.08
171,16,"(12, 37)",0,-0.08
171,17,"(12, 36)",0,-0.08
171,18,"(12, 35)",1,-0.08
171,19,"(13, 35)",1,-0.08
171,20,"(14, 35)",1,-0.08
171,21,"(15, 35)",0,-0.08
171,22,"(15, 34)",0,-0.08
171,23,"(15, 33)",0,-0.08
171,24,"(15, 32)",0,-0.08
171,25,"(15, 31)",1,-0.08
171,26,"(16, 31)",0,-0.08
171,27,"(16, 30)",0,-0.08
171,28,"(16, 29)",1,-0.08
171,29,"(17, 29)",1,-0.08
171,30,"(18, 29)",1,-0.08
171,31,"(19, 29)",0,-0.08
171,32,"(19, 28)",0,-0.08
171,33,"(19, 27)",1,-0.08
171,34,"(20, 27)",1,-0.08
171,35,"(21, 27)",0,-0.08
171,36,"(21, 26)",0,-0.08
171,37,"(21, 25)",1,-0.08
171,38,"(22, 25)",0,-0.08
171,39,"(22, 24)",0,-0.08
171,40,"(22, 23)",1,-0.08
171,41,"(23, 23)",1,-0.08
171,42,"(24, 23)",0,-0.08
171,43,"(24, 22)",0,-0.08
171,44,"(24, 21)",0,-0.08
171,45,"(24, 20)",1,-0.08
171,46,"(25, 20)",0,-0.08
171,47,"(25, 19)",0,-0.08
171,48,"(25, 18)",0,-0.08
171,49,"(25, 17)",1,-0.08
171,50,"(26, 17)",1,-0.08
171,51,"(27, 17)",0,-0.08
171,52,"(27, 16)",0,-0.08
171,53,"(27, 15)",0,-0.08
171,54,"(27, 14)",0,-0.08
171,55,"(27, 13)",1,-0.08
171,56,"(28, 13)",1,-0.08
171,57,"(29, 13)",1,-0.08
171,58,"(30, 13)",1,-0.08
171,59,"(31, 13)",1,-0.08
171,60,"(32, 13)",1,-0.08
171,61,"(33, 13)",1,-0.08
171,62,"(34, 13)",1,-0.08
171,63,"(35, 13)",1,-0.08
171,64,"(36, 13)",0,-0.08
171,65,"(36, 12)",1,-0.08
171,66,"(37, 12)",1,-0.08
171,67,"(38, 12)",1,-0.08
171,68,"(39, 12)",0,-0.08
171,69,"(39, 11)",1,-0.08
171,70,"(40, 11)",1,-0.08
171,71,"(41, 11)",1,-0.08
171,72,"(42, 11)",1,-0.08
171,73,"(43, 11)",1,-0.08
171,74,"(44, 11)",1,-0.08
171,75,"(45, 11)",0,-0.08
171,76,"(45, 10)",1,-0.08
171,77,"(46, 10)",1,-0.08
171,78,"(47, 10)",1,-0.08
171,79,"(48, 10)",1,-0.08
171,80,"(49, 10)",1,-0.08
171,81,"(50, 10)",0,-0.08
171,82,"(50, 9)",1,-0.08
171,83,"(51, 9)",1,-0.08
171,84,"(52, 9)",1,-0.08
171,85,"(53, 9)",1,-0.08
171,86,"(54, 9)",1,-0.08
171,87,"(55, 9)",1,-0.08
171,88,"(56, 9)",1,-0.08
171,89,"(57, 9)",0,-0.08
171,90,"(57, 8)",0,-0.08
171,91,"(57, 7)",1,-0.08
171,92,"(58, 7)",1,-0.08
171,93,"(59, 7)",1,-0.08
171,94,"(60, 7)",1,-0.08
171,95,"(61, 7)",1,-0.08
171,96,"(62, 7)",1,-0.08
171,97,"(63, 7)",1,-0.08
171,98,"(64, 7)",1,-0.08
171,99,"(65, 7)",1,-0.08
171,100,"(66, 7)",1,-0.08
171,101,"(67, 7)",1,-0.08
171,102,"(68, 7)",1,-0.08
171,103,"(69, 7)",1,-0.08
171,104,"(70, 7)",0,-0.08
171,105,"(70, 6)",1,-0.08
171,106,"(71, 6)",0,-0.08
171,107,"(71, 5)",1,-0.08
171,108,"(72, 5)",1,-0.08
171,109,"(73, 5)",1,-0.08
171,110,"(74, 5)",1,-0.08
171,111,"(75, 5)",0,-0.08
171,112,"(75, 4)",0,-0.08
171,113,"(75, 3)",1,-0.08
171,114,"(76, 3)",1,-0.08
171,115,"(77, 3)",0,-0.08
171,116,"(77, 2)",0,-0.08
171,117,"(77, 1)",0,-0.08
171,118,"(77, 0)",1,-0.08
171,119,"(78, 0)",1,8.33
172,0,"(0, 39)",1,-0.08
172,1,"(1, 39)",0,-0.08
172,2,"(1, 38)",0,-0.08
172,3,"(1, 37)",0,-8.33
172,4,"(1, 37)",3,-0.08
172,5,"(0, 37)",0,-0.08
172,6,"(0, 36)",0,-0.08
172,7,"(0, 35)",0,-0.08
172,8,"(0, 34)",0,-0.08
172,9,"(0, 33)",1,-0.08
172,10,"(1, 33)",0,-0.08
172,11,"(1, 32)",1,-0.08
172,12,"(2, 32)",1,-0.08
172,13,"(3, 32)",0,-0.08
172,14,"(3, 31)",0,-8.33
172,15,"(3, 31)",0,-8.33
172,16,"(3, 31)",3,-0.08
172,17,"(2, 31)",3,-0.08
172,18,"(1, 31)",0,-0.08
172,19,"(1, 30)",0,-0.08
172,20,"(1, 29)",1,-0.08
172,21,"(2, 29)",1,-0.08
172,22,"(3, 29)",0,-0.08
172,23,"(3, 28)",0,-0.08
172,24,"(3, 27)",0,-0.08
172,25,"(3, 26)",0,-0.08
172,26,"(3, 25)",1,-0.08
172,27,"(4, 25)",1,-0.08
172,28,"(5, 25)",1,-0.08
172,29,"(6, 25)",1,-0.08
172,30,"(7, 25)",1,-0.08
172,31,"(8, 25)",1,-0.08
172,32,"(9, 25)",0,-0.08
172,33,"(9, 24)",1,-0.08
172,34,"(10, 24)",1,-0.08
172,35,"(11, 24)",1,-0.08
172,36,"(12, 24)",1,-0.08
172,37,"(13, 24)",1,-0.08
172,38,"(14, 24)",0,-0.08
172,39,"(14, 23)",1,-0.08
172,40,"(15, 23)",1,-0.08
172,41,"(16, 23)",0,-0.08
172,42,"(16, 22)",1,-0.08
172,43,"(17, 22)",1,-0.08
172,44,"(18, 22)",1,-0.08
172,45,"(19, 22)",0,-0.08
172,46,"(19, 21)",1,-0.08
172,47,"(20, 21)",1,-0.08
172,48,"(21, 21)",0,-0.08
172,49,"(21, 20)",1,-0.08
172,50,"(22, 20)",0,-0.08
172,51,"(22, 19)",1,-0.08
172,52,"(23, 19)",0,-0.08
172,53,"(23, 18)",0,-0.08
172,54,"(23, 17)",1,-0.08
172,55,"(24, 17)",1,-0.08
172,56,"(25, 17)",1,-0.08
172,57,"(26, 17)",1,-0.08
172,58,"(27, 17)",0,-0.08
172,59,"(27, 16)",0,-0.08
172,60,"(27, 15)",0,-0.08
172,61,"(27, 14)",0,-0.08
172,62,"(27, 13)",1,-0.08
172,63,"(28, 13)",1,-0.08
172,64,"(29, 13)",1,-0.08
172,65,"(30, 13)",1,-0.08
172,66,"(31, 13)",1,-0.08
172,67,"(32, 13)",1,-0.08
172,68,"(33, 13)",1,-0.08
172,69,"(34, 13)",1,-0.08
172,70,"(35, 13)",1,-0.08
172,71,"(36, 13)",0,-0.08
172,72,"(36, 12)",1,-0.08
172,73,"(37, 12)",1,-0.08
172,74,"(38, 12)",1,-0.08
172,75,"(39, 12)",0,-0.08
172,76,"(39, 11)",1,-0.08
172,77,"(40, 11)",1,-0.08
172,78,"(41, 11)",1,-0.08
172,79,"(42, 11)",1,-0.08
172,80,"(43, 11)",1,-0.08
172,81,"(44, 11)",1,-0.08
172,82,"(45, 11)",0,-0.08
172,83,"(45, 10)",0,-0.08
172,84,"(45, 9)",1,-0.08
172,85,"(46, 9)",0,-0.08
172,86,"(46, 8)",0,-0.08
172,87,"(46, 7)",1,-0.08
172,88,"(47, 7)",1,-0.08
172,89,"(48, 7)",1,-0.08
172,90,"(49, 7)",1,-0.08
172,91,"(50, 7)",1,-0.08
172,92,"(51, 7)",1,-0.08
172,93,"(52, 7)",1,-0.08
172,94,"(53, 7)",1,-0.08
172,95,"(54, 7)",1,-0.08
172,96,"(55, 7)",1,-0.08
172,97,"(56, 7)",1,-0.08
172,98,"(57, 7)",1,-0.08
172,99,"(58, 7)",1,-0.08
172,100,"(59, 7)",1,-0.08
172,101,"(60, 7)",1,-0.08
172,102,"(61, 7)",1,-0.08
172,103,"(62, 7)",1,-0.08
172,104,"(63, 7)",1,-0.08
172,105,"(64, 7)",1,-0.08
172,106,"(65, 7)",1,-0.08
172,107,"(66, 7)",1,-0.08
172,108,"(67, 7)",1,-0.08
172,109,"(68, 7)",1,-0.08
172,110,"(69, 7)",0,-0.08
172,111,"(69, 6)",1,-0.08
172,112,"(70, 6)",1,-0.08
172,113,"(71, 6)",0,-0.08
172,114,"(71, 5)",1,-0.08
172,115,"(72, 5)",1,-0.08
172,116,"(73, 5)",1,-0.08
172,117,"(74, 5)",0,-0.08
172,118,"(74, 4)",0,-0.08
172,119,"(74, 3)",1,-0.08
172,120,"(75, 3)",1,-0.08
172,121,"(76, 3)",0,-0.08
172,122,"(76, 2)",0,-0.08
172,123,"(76, 1)",0,-0.08
172,124,"(76, 0)",1,-0.08
172,125,"(77, 0)",1,-0.08
172,126,"(78, 0)",1,8.33
173,0,"(0, 39)",0,-0.08
173,1,"(0, 38)",1,-0.08
173,2,"(1, 38)",1,-8.33
173,3,"(1, 38)",0,-0.08
173,4,"(1, 37)",0,-8.33
173,5,"(1, 37)",3,-0.08
173,6,"(0, 37)",0,-0.08
173,7,"(0, 36)",0,-0.08
173,8,"(0, 35)",1,-0.08
173,9,"(1, 35)",1,-0.08
173,10,"(2, 35)",0,-0.08
173,11,"(2, 34)",0,-0.08
173,12,"(2, 33)",0,-0.08
173,13,"(2, 32)",0,-0.08
173,14,"(2, 31)",1,-0.08
173,15,"(3, 31)",0,-8.33
173,16,"(3, 31)",0,-8.33
173,17,"(3, 31)",2,-0.08
173,18,"(3, 32)",2,-0.08
173,19,"(3, 33)",1,-0.08
173,20,"(4, 33)",1,-0.08
173,21,"(5, 33)",0,-0.08
173,22,"(5, 32)",0,-0.08
173,23,"(5, 31)",0,-0.08
173,24,"(5, 30)",0,-0.08
173,25,"(5, 29)",1,-0.08
173,26,"(6, 29)",1,-0.08
173,27,"(7, 29)",0,-0.08
173,28,"(7, 28)",0,-0.08
173,29,"(7, 27)",0,-0.08
173,30,"(7, 26)",0,-0.08
173,31,"(7, 25)",1,-0.08
173,32,"(8, 25)",1,-0.08
173,33,"(9, 25)",0,-0.08
173,34,"(9, 24)",1,-0.08
173,35,"(10, 24)",1,-0.08
173,36,"(11, 24)",1,-0.08
173,37,"(12, 24)",1,-0.08
173,38,"(13, 24)",1,-0.08
173,39,"(14, 24)",0,-0.08
173,40,"(14, 23)",1,-0.08
173,41,"(15, 23)",1,-0.08
173,42,"(16, 23)",1,-0.08
173,43,"(17, 23)",1,-0.08
173,44,"(18, 23)",0,-0.08
173,45,"(18, 22)",1,-0.08
173,46,"(19, 22)",0,-0.08
173,47,"(19, 21)",0,-0.08
173,48,"(19, 20)",1,-0.08
173,49,"(20, 20)",0,-0.08
173,50,"(20, 19)",1,-0.08
173,51,"(21, 19)",1,-0.08
173,52,"(22, 19)",1,-0.08
173,53,"(23, 19)",0,-0.08
173,54,"(23, 18)",0,-0.08
173,55,"(23, 17)",0,-0.08
173,56,"(23, 16)",0,-0.08
173,57,"(23, 15)",1,-0.08
173,58,"(24, 15)",1,-0.08
173,59,"(25, 15)",1,-0.08
173,60,"(26, 15)",1,-0.08
173,61,"(27, 15)",1,-0.08
173,62,"(28, 15)",1,-0.08
173,63,"(29, 15)",1,-0.08
173,64,"(30, 15)",1,-0.08
173,65,"(31, 15)",1,-0.08
173,66,"(32, 15)",1,-0.08
173,67,"(33, 15)",1,-0.08
173,68,"(34, 15)",1,-0.08
173,69,"(35, 15)",0,-0.08
173,70,"(35, 14)",0,-0.08
173,71,"(35, 13)",0,-0.08
173,72,"(35, 12)",1,-0.08
173,73,"(36, 12)",1,-0.08
173,74,"(37, 12)",1,-0.08
173,75,"(38, 12)",1,-0.08
173,76,"(39, 12)",0,-0.08
173,77,"(39, 11)",1,-0.08
173,78,"(40, 11)",1,-0.08
173,79,"(41, 11)",1,-0.08
173,80,"(42, 11)",1,-0.08
173,81,"(43, 11)",1,-0.08
173,82,"(44, 11)",1,-0.08
173,83,"(45, 11)",0,-0.08
173,84,"(45, 10)",0,-0.08
173,85,"(45, 9)",1,-0.08
173,86,"(46, 9)",0,-0.08
173,87,"(46, 8)",0,-0.08
173,88,"(46, 7)",1,-0.08
173,89,"(47, 7)",1,-0.08
173,90,"(48, 7)",1,-0.08
173,91,"(49, 7)",1,-0.08
173,92,"(50, 7)",1,-0.08
173,93,"(51, 7)",1,-0.08
173,94,"(52, 7)",1,-0.08
173,95,"(53, 7)",1,-0.08
173,96,"(54, 7)",1,-0.08
173,97,"(55, 7)",1,-0.08
173,98,"(56, 7)",1,-0.08
173,99,"(57, 7)",1,-0.08
173,100,"(58, 7)",1,-0.08
173,101,"(59, 7)",1,-0.08
173,102,"(60, 7)",1,-0.08
173,103,"(61, 7)",1,-0.08
173,104,"(62, 7)",1,-0.08
173,105,"(63, 7)",1,-0.08
173,106,"(64, 7)",1,-0.08
173,107,"(65, 7)",1,-0.08
173,108,"(66, 7)",1,-0.08
173,109,"(67, 7)",1,-0.08
173,110,"(68, 7)",1,-0.08
173,111,"(69, 7)",0,-0.08
173,112,"(69, 6)",1,-0.08
173,113,"(70, 6)",1,-0.08
173,114,"(71, 6)",1,-0.08
173,115,"(72, 6)",0,-0.08
173,116,"(72, 5)",1,-0.08
173,117,"(73, 5)",1,-0.08
173,118,"(74, 5)",0,-0.08
173,119,"(74, 4)",1,-0.08
173,120,"(75, 4)",0,-0.08
173,121,"(75, 3)",1,-0.08
173,122,"(76, 3)",0,-0.08
173,123,"(76, 2)",0,-0.08
173,124,"(76, 1)",1,-0.08
173,125,"(77, 1)",1,-0.08
173,126,"(78, 1)",0,-0.08
173,127,"(78, 0)",1,8.33
174,0,"(0, 39)",0,-0.08
174,1,"(0, 38)",0,-0.08
174,2,"(0, 37)",1,-0.08
174,3,"(1, 37)",0,-8.33
174,4,"(1, 37)",3,-0.08
174,5,"(0, 37)",0,-0.08
174,6,"(0, 36)",0,-0.08
174,7,"(0, 35)",0,-0.08
174,8,"(0, 34)",0,-0.08
174,9,"(0, 33)",1,-0.08
174,10,"(1, 33)",1,-0.08
174,11,"(2, 33)",0,-0.08
174,12,"(2, 32)",1,-0.08
174,13,"(3, 32)",0,-0.08
174,14,"(3, 31)",0,-8.33
174,15,"(3, 31)",0,-8.33
174,16,"(3, 31)",3,-0.08
174,17,"(2, 31)",3,-0.08
174,18,"(1, 31)",0,-0.08
174,19,"(1, 30)",0,-0.08
174,20,"(1, 29)",1,-0.08
174,21,"(2, 29)",1,-0.08
174,22,"(3, 29)",0,-0.08
174,23,"(3, 28)",0,-0.08
174,24,"(3, 27)",0,-0.08
174,25,"(3, 26)",0,-0.08
174,26,"(3, 25)",1,-0.08
174,27,"(4, 25)",1,-0.08
174,28,"(5, 25)",1,-0.08
174,29,"(6, 25)",1,-0.08
174,30,"(7, 25)",1,-0.08
174,31,"(8, 25)",1,-0.08
174,32,"(9, 25)",1,-0.08
174,33,"(10, 25)",1,-0.08
174,34,"(11, 25)",0,-0.08
174,35,"(11, 24)",1,-0.08
174,36,"(12, 24)",1,-0.08
174,37,"(13, 24)",1,-0.08
174,38,"(14, 24)",0,-0.08
174,39,"(14, 23)",1,-0.08
174,40,"(15, 23)",1,-0.08
174,41,"(16, 23)",1,-0.08
174,42,"(17, 23)",1,-0.08
174,43,"(18, 23)",0,-0.08
174,44,"(18, 22)",1,-0.08
174,45,"(19, 22)",0,-0.08
174,46,"(19, 21)",0,-0.08
174,47,"(19, 20)",1,-0.08
174,48,"(20, 20)",0,-0.08
174,49,"(20, 19)",1,-0.08
174,50,"(21, 19)",1,-0.08
174,51,"(22, 19)",1,-0.08
174,52,"(23, 19)",0,-0.08
174,53,"(23, 18)",0,-0.08
174,54,"(23, 17)",1,-0.08
174,55,"(24, 17)",1,-0.08
174,56,"(25, 17)",1,-0.08
174,57,"(26, 17)",1,-0.08
174,58,"(27, 17)",0,-0.08
174,59,"(27, 16)",1,-0.08
174,60,"(28, 16)",1,-0.08
174,61,"(29, 16)",0,-0.08
174,62,"(29, 15)",1,-0.08
174,63,"(30, 15)",1,-0.08
174,64,"(31, 15)",0,-0.08
174,65,"(31, 14)",0,-0.08
174,66,"(31, 13)",1,-0.08
174,67,"(32, 13)",1,-0.08
174,68,"(33, 13)",1,-0.08
174,69,"(34, 13)",1,-0.08
174,70,"(35, 13)",1,-0.08
174,71,"(36, 13)",0,-0.08
174,72,"(36, 12)",1,-0.08
174,73,"(37, 12)",1,-0.08
174,74,"(38, 12)",1,-0.08
174,75,"(39, 12)",0,-0.08
174,76,"(39, 11)",1,-0.08
174,77,"(40, 11)",1,-0.08
174,78,"(41, 11)",1,-0.08
174,79,"(42, 11)",1,-0.08
174,80,"(43, 11)",1,-0.08
174,81,"(44, 11)",1,-0.08
174,82,"(45, 11)",0,-0.08
174,83,"(45, 10)",1,-0.08
174,84,"(46, 10)",1,-0.08
174,85,"(47, 10)",1,-0.08
174,86,"(48, 10)",1,-0.08
174,87,"(49, 10)",0,-0.08
174,88,"(49, 9)",1,-0.08
174,89,"(50, 9)",0,-0.08
174,90,"(50, 8)",0,-0.08
174,91,"(50, 7)",1,-0.08
174,92,"(51, 7)",1,-0.08
174,93,"(52, 7)",1,-0.08
174,94,"(53, 7)",1,-0.08
174,95,"(54, 7)",1,-0.08
174,96,"(55, 7)",1,-0.08
174,97,"(56, 7)",1,-0.08
174,98,"(57, 7)",1,-0.08
174,99,"(58, 7)",1,-0.08
174,100,"(59, 7)",1,-0.08
174,101,"(60, 7)",1,-0.08
174,102,"(61, 7)",1,-0.08
174,103,"(62, 7)",1,-0.08
174,104,"(63, 7)",1,-0.08
174,105,"(64, 7)",1,-0.08
174,106,"(65, 7)",1,-0.08
174,107,"(66, 7)",1,-0.08
174,108,"(67, 7)",1,-0.08
174,109,"(68, 7)",1,-0.08
174,110,"(69, 7)",0,-0.08
174,111,"(69, 6)",1,-0.08
174,112,"(70, 6)",1,-0.08
174,113,"(71, 6)",0,-0.08
174,114,"(71, 5)",1,-0.08
174,115,"(72, 5)",1,-0.08
174,116,"(73, 5)",1,-0.08
174,117,"(74, 5)",0,-0.08
174,118,"(74, 4)",1,-0.08
174,119,"(75, 4)",0,-0.08
174,120,"(75, 3)",1,-0.08
174,121,"(76, 3)",1,-0.08
174,122,"(77, 3)",0,-0.08
174,123,"(77, 2)",0,-0.08
174,124,"(77, 1)",1,-0.08
174,125,"(78, 1)",0,-0.08
174,126,"(78, 0)",1,8.33
175,0,"(0, 39)",1,-0.08
175,1,"(1, 39)",0,-0.08
175,2,"(1, 38)",0,-0.08
175,3,"(1, 37)",1,-8.33
175,4,"(1, 37)",0,-8.33
175,5,"(1, 37)",3,-0.08
175,6,"(0, 37)",0,-0.08
175,7,"(0, 36)",0,-0.08
175,8,"(0, 35)",0,-0.08
175,9,"(0, 34)",1,-0.08
175,10,"(1, 34)",1,-0.08
175,11,"(2, 34)",0,-0.08
175,12,"(2, 33)",1,-0.08
175,13,"(3, 33)",1,-0.08
175,14,"(4, 33)",1,-0.08
175,15,"(5, 33)",1,-0.08
175,16,"(6, 33)",1,-0.08
175,17,"(7, 33)",1,-0.08
175,18,"(8, 33)",0,-0.08
175,19,"(8, 32)",1,-0.08
175,20,"(9, 32)",0,-0.08
175,21,"(9, 31)",0,-0.08
175,22,"(9, 30)",0,-0.08
175,23,"(9, 29)",1,-0.08
175,24,"(10, 29)",0,-0.08
175,25,"(10, 28)",0,-0.08
175,26,"(10, 27)",0,-8.33
175,27,"(10, 27)",1,-0.08
175,28,"(11, 27)",1,-0.08
175,29,"(12, 27)",1,-0.08
175,30,"(13, 27)",0,-0.08
175,31,"(13, 26)",0,-0.08
175,32,"(13, 25)",0,-0.08
175,33,"(13, 24)",1,-0.08
175,34,"(14, 24)",0,-0.08
175,35,"(14, 23)",1,-0.08
175,36,"(15, 23)",1,-0.08
175,37,"(16, 23)",0,-0.08
175,38,"(16, 22)",1,-0.08
175,39,"(17, 22)",1,-0.08
175,40,"(18, 22)",1,-0.08
175,41,"(19, 22)",0,-0.08
175,42,"(19, 21)",0,-0.08
175,43,"(19, 20)",1,-0.08
175,44,"(20, 20)",1,-0.08
175,45,"(21, 20)",1,-0.08
175,46,"(22, 20)",1,-0.08
175,47,"(23, 20)",1,-0.08
175,48,"(24, 20)",1,-0.08
175,49,"(25, 20)",0,-0.08
175,50,"(25, 19)",0,-0.08
175,51,"(25, 18)",0,-0.08
175,52,"(25, 17)",1,-0.08
175,53,"(26, 17)",1,-0.08
175,54,"(27, 17)",1,-0.08
175,55,"(28, 17)",1,-0.08
175,56,"(29, 17)",0,-0.08
175,57,"(29, 16)",0,-0.08
175,58,"(29, 15)",1,-0.08
175,59,"(30, 15)",1,-0.08
175,60,"(31, 15)",1,-0.08
175,61,"(32, 15)",1,-0.08
175,62,"(33, 15)",1,-0.08
175,63,"(34, 15)",0,-0.08
175,64,"(34, 14)",1,-0.08
175,65,"(35, 14)",0,-0.08
175,66,"(35, 13)",0,-0.08
175,67,"(35, 12)",1,-0.08
175,68,"(36, 12)",1,-0.08
175,69,"(37, 12)",1,-0.08
175,70,"(38, 12)",1,-0.08
175,71,"(39, 12)",0,-0.08
175,72,"(39, 11)",1,-0.08
175,73,"(40, 11)",1,-0.08
175,74,"(41, 11)",1,-0.08
175,75,"(42, 11)",1,-0.08
175,76,"(43, 11)",1,-0.08
175,77,"(44, 11)",1,-0.08
175,78,"(45, 11)",0,-0.08
175,79,"(45, 10)",0,-0.08
175,80,"(45, 9)",0,-0.08
175,81,"(45, 8)",0,-0.08
175,82,"(45, 7)",1,-0.08
175,83,"(46, 7)",1,-0.08
175,84,"(47, 7)",1,-0.08
175,85,"(48, 7)",1,-0.08
175,86,"(49, 7)",1,-0.08
175,87,"(50, 7)",1,-0.08
175,88,"(51, 7)",1,-0.08
175,89,"(52, 7)",1,-0.08
175,90,"(53, 7)",1,-0.08
175,91,"(54, 7)",1,-0.08
175,92,"(55, 7)",1,-0.08
175,93,"(56, 7)",1,-0.08
175,94,"(57, 7)",1,-0.08
175,95,"(58, 7)",1,-0.08
175,96,"(59, 7)",1,-0.08
175,97,"(60, 7)",1,-0.08
175,98,"(61, 7)",1,-0.08
175,99,"(62, 7)",1,-0.08
175,100,"(63, 7)",1,-0.08
175,101,"(64, 7)",1,-0.08
175,102,"(65, 7)",1,-0.08
175,103,"(66, 7)",1,-0.08
175,104,"(67, 7)",1,-0.08
175,105,"(68, 7)",1,-0.08
175,106,"(69, 7)",1,-0.08
175,107,"(70, 7)",1,-0.08
175,108,"(71, 7)",0,-0.08
175,109,"(71, 6)",0,-0.08
175,110,"(71, 5)",1,-0.08
175,111,"(72, 5)",1,-0.08
175,112,"(73, 5)",1,-0.08
175,113,"(74, 5)",0,-0.08
175,114,"(74, 4)",1,-0.08
175,115,"(75, 4)",0,-0.08
175,116,"(75, 3)",1,-0.08
175,117,"(76, 3)",0,-0.08
175,118,"(76, 2)",1,-0.08
175,119,"(77, 2)",0,-0.08
175,120,"(77, 1)",0,-0.08
175,121,"(77, 0)",1,-0.08
175,122,"(78, 0)",1,8.33
176,0,"(0, 39)",0,-0.08
176,1,"(0, 38)",0,-0.08
176,2,"(0, 37)",1,-0.08
176,3,"(1, 37)",1,-8.33
176,4,"(1, 37)",0,-8.33
176,5,"(1, 37)",3,-0.08
176,6,"(0, 37)",0,-0.08
176,7,"(0, 36)",0,-0.08
176,8,"(0, 35)",1,-0.08
176,9,"(1, 35)",1,-0.08
176,10,"(2, 35)",0,-0.08
176,11,"(2, 34)",0,-0.08
176,12,"(2, 33)",0,-0.08
176,13,"(2, 32)",1,-0.08
176,14,"(3, 32)",0,-0.08
176,15,"(3, 31)",0,-8.33
176,16,"(3, 31)",0,-8.33
176,17,"(3, 31)",3,-0.08
176,18,"(2, 31)",3,-0.08
176,19,"(1, 31)",0,-0.08
176,20,"(1, 30)",0,-0.08
176,21,"(1, 29)",0,-0.08
176,22,"(1, 28)",0,-0.08
176,23,"(1, 27)",0,-0.08
176,24,"(1, 26)",0,-0.08
176,25,"(1, 25)",1,-0.08
176,26,"(2, 25)",1,-0.08
176,27,"(3, 25)",1,-0.08
176,28,"(4, 25)",1,-0.08
176,29,"(5, 25)",1,-0.08
176,30,"(6, 25)",1,-0.08
176,31,"(7, 25)",1,-0.08
176,32,"(8, 25)",1,-0.08
176,33,"(9, 25)",0,-0.08
176,34,"(9, 24)",1,-0.08
176,35,"(10, 24)",1,-0.08
176,36,"(11, 24)",1,-0.08
176,37,"(12, 24)",1,-0.08
176,38,"(13, 24)",1,-0.08
176,39,"(14, 24)",0,-0.08
176,40,"(14, 23)",1,-0.08
176,41,"(15, 23)",1,-0.08
176,42,"(16, 23)",1,-0.08
176,43,"(17, 23)",0,-0.08
176,44,"(17, 22)",1,-0.08
176,45,"(18, 22)",1,-0.08
176,46,"(19, 22)",1,-0.08
176,47,"(20, 22)",1,-0.08
176,48,"(21, 22)",0,-0.08
176,49,"(21, 21)",1,-0.08
176,50,"(22, 21)",1,-0.08
176,51,"(23, 21)",0,-0.08
176,52,"(23, 20)",1,-0.08
176,53,"(24, 20)",1,-0.08
176,54,"(25, 20)",0,-0.08
176,55,"(25, 19)",1,-0.08
176,56,"(26, 19)",1,-0.08
176,57,"(27, 19)",1,-0.08
176,58,"(28, 19)",1,-0.08
176,59,"(29, 19)",1,-0.08
176,60,"(30, 19)",1,-0.08
176,61,"(31, 19)",1,-0.08
176,62,"(32, 19)",0,-0.08
176,63,"(32, 18)",0,-0.08
176,64,"(32, 17)",0,-0.08
176,65,"(32, 16)",0,-0.08
176,66,"(32, 15)",1,-0.08
176,67,"(33, 15)",1,-0.08
176,68,"(34, 15)",1,-0.08
176,69,"(35, 15)",0,-0.08
176,70,"(35, 14)",0,-0.08
176,71,"(35, 13)",0,-0.08
176,72,"(35, 12)",1,-0.08
176,73,"(36, 12)",1,-0.08
176,74,"(37, 12)",1,-0.08
176,75,"(38, 12)",1,-0.08
176,76,"(39, 12)",0,-0.08
176,77,"(39, 11)",1,-0.08
176,78,"(40, 11)",1,-0.08
176,79,"(41, 11)",1,-0.08
176,80,"(42, 11)",1,-0.08
176,81,"(43, 11)",1,-0.08
176,82,"(44, 11)",1,-0.08
176,83,"(45, 11)",0,-0.08
176,84,"(45, 10)",1,-0.08
176,85,"(46, 10)",0,-0.08
176,86,"(46, 9)",0,-0.08
176,87,"(46, 8)",0,-0.08
176,88,"(46, 7)",1,-0.08
176,89,"(47, 7)",1,-0.08
176,90,"(48, 7)",1,-0.08
176,91,"(49, 7)",1,-0.08
176,92,"(50, 7)",1,-0.08
176,93,"(51, 7)",1,-0.08
176,94,"(52, 7)",1,-0.08
176,95,"(53, 7)",1,-0.08
176,96,"(54, 7)",1,-0.08
176,97,"(55, 7)",1,-0.08
176,98,"(56, 7)",1,-0.08
176,99,"(57, 7)",1,-0.08
176,100,"(58, 7)",1,-0.08
176,101,"(59, 7)",1,-0.08
176,102,"(60, 7)",1,-0.08
176,103,"(61, 7)",1,-0.08
176,104,"(62, 7)",1,-0.08
176,105,"(63, 7)",1,-0.08
176,106,"(64, 7)",1,-0.08
176,107,"(65, 7)",1,-0.08
176,108,"(66, 7)",1,-0.08
176,109,"(67, 7)",1,-0.08
176,110,"(68, 7)",1,-0.08
176,111,"(69, 7)",0,-0.08
176,112,"(69, 6)",1,-0.08
176,113,"(70, 6)",1,-0.08
176,114,"(71, 6)",1,-0.08
176,115,"(72, 6)",0,-0.08
176,116,"(72, 5)",1,-0.08
176,117,"(73, 5)",1,-0.08
176,118,"(74, 5)",0,-0.08
176,119,"(74, 4)",0,-0.08
176,120,"(74, 3)",1,-0.08
176,121,"(75, 3)",1,-0.08
176,122,"(76, 3)",0,-0.08
176,123,"(76, 2)",1,-0.08
176,124,"(77, 2)",0,-0.08
176,125,"(77, 1)",0,-0.08
176,126,"(77, 0)",1,-0.08
176,127,"(78, 0)",1,8.33
177,0,"(0, 39)",1,-0.08
177,1,"(1, 39)",1,-0.08
177,2,"(2, 39)",1,-0.08
177,3,"(3, 39)",1,-0.08
177,4,"(4, 39)",0,-8.33
177,5,"(4, 39)",1,-0.08
177,6,"(5, 39)",0,-8.33
177,7,"(5, 39)",1,-0.08
177,8,"(6, 39)",1,-0.08
177,9,"(7, 39)",1,-0.08
177,10,"(8, 39)",1,-0.08
177,11,"(9, 39)",1,-0.08
177,12,"(10, 39)",1,-0.08
177,13,"(11, 39)",0,-0.08
177,14,"(11, 38)",1,-0.08
177,15,"(12, 38)",0,-0.08
177,16,"(12, 37)",0,-0.08
177,17,"(12, 36)",0,-0.08
177,18,"(12, 35)",1,-0.08
177,19,"(13, 35)",1,-0.08
177,20,"(14, 35)",1,-0.08
177,21,"(15, 35)",0,-0.08
177,22,"(15, 34)",0,-0.08
177,23,"(15, 33)",0,-0.08
177,24,"(15, 32)",0,-0.08
177,25,"(15, 31)",1,-0.08
177,26,"(16, 31)",0,-0.08
177,27,"(16, 30)",0,-0.08
177,28,"(16, 29)",1,-0.08
177,29,"(17, 29)",1,-0.08
177,30,"(18, 29)",1,-0.08
177,31,"(19, 29)",0,-0.08
177,32,"(19, 28)",1,-0.08
177,33,"(20, 28)",1,-0.08
177,34,"(21, 28)",0,-0.08
177,35,"(21, 27)",0,-0.08
177,36,"(21, 26)",0,-0.08
177,37,"(21, 25)",1,-0.08
177,38,"(22, 25)",0,-0.08
177,39,"(22, 24)",0,-0.08
177,40,"(22, 23)",1,-0.08
177,41,"(23, 23)",1,-0.08
177,42,"(24, 23)",1,-0.08
177,43,"(25, 23)",0,-0.08
177,44,"(25, 22)",0,-0.08
177,45,"(25, 21)",0,-0.08
177,46,"(25, 20)",0,-0.08
177,47,"(25, 19)",1,-0.08
177,48,"(26, 19)",1,-0.08
177,49,"(27, 19)",0,-0.08
177,50,"(27, 18)",0,-0.08
177,51,"(27, 17)",0,-0.08
177,52,"(27, 16)",1,-0.08
177,53,"(28, 16)",1,-0.08
177,54,"(29, 16)",0,-0.08
177,55,"(29, 15)",0,-0.08
177,56,"(29, 14)",0,-0.08
177,57,"(29, 13)",1,-0.08
177,58,"(30, 13)",1,-0.08
177,59,"(31, 13)",1,-0.08
177,60,"(32, 13)",1,-0.08
177,61,"(33, 13)",1,-0.08
177,62,"(34, 13)",1,-0.08
177,63,"(35, 13)",0,-0.08
177,64,"(35, 12)",1,-0.08
177,65,"(36, 12)",1,-0.08
177,66,"(37, 12)",1,-0.08
177,67,"(38, 12)",1,-0.08
177,68,"(39, 12)",0,-0.08
177,69,"(39, 11)",1,-0.08
177,70,"(40, 11)",1,-0.08
177,71,"(41, 11)",1,-0.08
177,72,"(42, 11)",1,-0.08
177,73,"(43, 11)",1,-0.08
177,74,"(44, 11)",1,-0.08
177,75,"(45, 11)",0,-0.08
177,76,"(45, 10)",0,-0.08
177,77,"(45, 9)",0,-0.08
177,78,"(45, 8)",1,-0.08
177,79,"(46, 8)",0,-0.08
177,80,"(46, 7)",1,-0.08
177,81,"(47, 7)",1,-0.08
177,82,"(48, 7)",1,-0.08
177,83,"(49, 7)",1,-0.08
177,84,"(50, 7)",1,-0.08
177,85,"(51, 7)",1,-0.08
177,86,"(52, 7)",1,-0.08
177,87,"(53, 7)",1,-0.08
177,88,"(54, 7)",1,-0.08
177,89,"(55, 7)",1,-0.08
177,90,"(56, 7)",1,-0.08
177,91,"(57, 7)",1,-0.08
177,92,"(58, 7)",1,-0.08
177,93,"(59, 7)",1,-0.08
177,94,"(60, 7)",1,-0.08
177,95,"(61, 7)",1,-0.08
177,96,"(62, 7)",1,-0.08
177,97,"(63, 7)",1,-0.08
177,98,"(64, 7)",1,-0.08
177,99,"(65, 7)",1,-0.08
177,100,"(66, 7)",1,-0.08
177,101,"(67, 7)",1,-0.08
177,102,"(68, 7)",1,-0.08
177,103,"(69, 7)",1,-0.08
177,104,"(70, 7)",0,-0.08
177,105,"(70, 6)",1,-0.08
177,106,"(71, 6)",1,-0.08
177,107,"(72, 6)",0,-0.08
177,108,"(72, 5)",1,-0.08
177,109,"(73, 5)",1,-0.08
177,110,"(74, 5)",0,-0.08
177,111,"(74, 4)",0,-0.08
177,112,"(74, 3)",1,-0.08
177,113,"(75, 3)",1,-0.08
177,114,"(76, 3)",1,-0.08
177,115,"(77, 3)",0,-0.08
177,116,"(77, 2)",0,-0.08
177,117,"(77, 1)",0,-0.08
177,118,"(77, 0)",1,-0.08
177,119,"(78, 0)",1,8.33
178,0,"(0, 39)",1,-0.08
178,1,"(1, 39)",0,-0.08
178,2,"(1, 38)",1,-8.33
178,3,"(1, 38)",0,-0.08
178,4,"(1, 37)",0,-8.33
178,5,"(1, 37)",3,-0.08
178,6,"(0, 37)",0,-0.08
178,7,"(0, 36)",0,-0.08
178,8,"(0, 35)",0,-0.08
178,9,"(0, 34)",1,-0.08
178,10,"(1, 34)",1,-0.08
178,11,"(2, 34)",0,-0.08
178,12,"(2, 33)",1,-0.08
178,13,"(3, 33)",0,-0.08
178,14,"(3, 32)",0,-0.08
178,15,"(3, 31)",0,-8.33
178,16,"(3, 31)",2,-0.08
178,17,"(3, 32)",2,-0.08
178,18,"(3, 33)",1,-0.08
178,19,"(4, 33)",1,-0.08
178,20,"(5, 33)",1,-0.08
178,21,"(6, 33)",1,-0.08
178,22,"(7, 33)",1,-0.08
178,23,"(8, 33)",1,-0.08
178,24,"(9, 33)",1,-0.08
178,25,"(10, 33)",1,-0.08
178,26,"(11, 33)",0,-0.08
178,27,"(11, 32)",0,-0.08
178,28,"(11, 31)",1,-0.08
178,29,"(12, 31)",1,-0.08
178,30,"(13, 31)",0,-0.08
178,31,"(13, 30)",0,-0.08
178,32,"(13, 29)",0,-0.08
178,33,"(13, 28)",0,-0.08
178,34,"(13, 27)",0,-0.08
178,35,"(13, 26)",0,-0.08
178,36,"(13, 25)",1,-0.08
178,37,"(14, 25)",1,-0.08
178,38,"(15, 25)",1,-0.08
178,39,"(16, 25)",1,-0.08
178,40,"(17, 25)",0,-0.08
178,41,"(17, 24)",0,-0.08
178,42,"(17, 23)",0,-0.08
178,43,"(17, 22)",1,-0.08
178,44,"(18, 22)",1,-0.08
178,45,"(19, 22)",1,-0.08
178,46,"(20, 22)",0,-0.08
178,47,"(20, 21)",0,-0.08
178,48,"(20, 20)",0,-0.08
178,49,"(20, 19)",1,-0.08
178,50,"(21, 19)",1,-0.08
178,51,"(22, 19)",1,-0.08
178,52,"(23, 19)",0,-0.08
178,53,"(23, 18)",0,-0.08
178,54,"(23, 17)",0,-0.08
178,55,"(23, 16)",0,-0.08
178,56,"(23, 15)",1,-0.08
178,57,"(24, 15)",1,-0.08
178,58,"(25, 15)",1,-0.08
178,59,"(26, 15)",1,-0.08
178,60,"(27, 15)",1,-0.08
178,61,"(28, 15)",1,-0.08
178,62,"(29, 15)",0,-0.08
178,63,"(29, 14)",0,-0.08
178,64,"(29, 13)",1,-0.08
178,65,"(30, 13)",1,-0.08
178,66,"(31, 13)",1,-0.08
178,67,"(32, 13)",1,-0.08
178,68,"(33, 13)",1,-0.08
178,69,"(34, 13)",1,-0.08
178,70,"(35, 13)",0,-0.08
178,71,"(35, 12)",1,-0.08
178,72,"(36, 12)",1,-0.08
178,73,"(37, 12)",1,-0.08
178,74,"(38, 12)",1,-0.08
178,75,"(39, 12)",0,-0.08
178,76,"(39, 11)",1,-0.08
178,77,"(40, 11)",1,-0.08
178,78,"(41, 11)",1,-0.08
178,79,"(42, 11)",1,-0.08
178,80,"(43, 11)",1,-0.08
178,81,"(44, 11)",1,-0.08
178,82,"(45, 11)",0,-0.08
178,83,"(45, 10)",0,-0.08
178,84,"(45, 9)",0,-0.08
178,85,"(45, 8)",0,-0.08
178,86,"(45, 7)",1,-0.08
178,87,"(46, 7)",1,-0.08
178,88,"(47, 7)",1,-0.08
178,89,"(48, 7)",1,-0.08
178,90,"(49, 7)",1,-0.08
178,91,"(50, 7)",1,-0.08
178,92,"(51, 7)",1,-0.08
178,93,"(52, 7)",1,-0.08
178,94,"(53, 7)",1,-0.08
178,95,"(54, 7)",1,-0.08
178,96,"(55, 7)",1,-0.08
178,97,"(56, 7)",1,-0.08
178,98,"(57, 7)",1,-0.08
178,99,"(58, 7)",1,-0.08
178,100,"(59, 7)",1,-0.08
178,101,"(60, 7)",1,-0.08
178,102,"(61, 7)",1,-0.08
178,103,"(62, 7)",1,-0.08
178,104,"(63, 7)",1,-0.08
178,105,"(64, 7)",1,-0.08
178,106,"(65, 7)",1,-0.08
178,107,"(66, 7)",1,-0.08
178,108,"(67, 7)",1,-0.08
178,109,"(68, 7)",1,-0.08
178,110,"(69, 7)",1,-0.08
178,111,"(70, 7)",1,-0.08
178,112,"(71, 7)",1,-0.08
178,113,"(72, 7)",0,-0.08
178,114,"(72, 6)",0,-0.08
178,115,"(72, 5)",1,-0.08
178,116,"(73, 5)",1,-0.08
178,117,"(74, 5)",0,-0.08
178,118,"(74, 4)",1,-0.08
178,119,"(75, 4)",0,-0.08
178,120,"(75, 3)",1,-0.08
178,121,"(76, 3)",0,-0.08
178,122,"(76, 2)",0,-0.08
178,123,"(76, 1)",0,-0.08
178,124,"(76, 0)",1,-0.08
178,125,"(77, 0)",1,-0.08
178,126,"(78, 0)",1,8.33
179,0,"(0, 39)",1,-0.08
179,1,"(1, 39)",1,-0.08
179,2,"(2, 39)",0,-8.33
179,3,"(2, 39)",1,-0.08
179,4,"(3, 39)",0,-0.08
179,5,"(3, 38)",0,-0.08
179,6,"(3, 37)",1,-8.33
179,7,"(3, 37)",0,-0.08
179,8,"(3, 36)",0,-0.08
179,9,"(3, 35)",3,-0.08
179,10,"(2, 35)",0,-0.08
179,11,"(2, 34)",0,-0.08
179,12,"(2, 33)",1,-0.08
179,13,"(3, 33)",0,-0.08
179,14,"(3, 32)",0,-0.08
179,15,"(3, 31)",0,-8.33
179,16,"(3, 31)",3,-0.08
179,17,"(2, 31)",3,-0.08
179,18,"(1, 31)",0,-0.08
179,19,"(1, 30)",0,-0.08
179,20,"(1, 29)",1,-0.08
179,21,"(2, 29)",1,-0.08
179,22,"(3, 29)",0,-0.08
179,23,"(3, 28)",0,-0.08
179,24,"(3, 27)",0,-0.08
179,25,"(3, 26)",0,-0.08
179,26,"(3, 25)",1,-0.08
179,27,"(4, 25)",1,-0.08
179,28,"(5, 25)",1,-0.08
179,29,"(6, 25)",1,-0.08
179,30,"(7, 25)",1,-0.08
179,31,"(8, 25)",1,-0.08
179,32,"(9, 25)",1,-0.08
179,33,"(10, 25)",1,-0.08
179,34,"(11, 25)",1,-0.08
179,35,"(12, 25)",1,-0.08
179,36,"(13, 25)",0,-0.08
179,37,"(13, 24)",0,-0.08
179,38,"(13, 23)",1,-0.08
179,39,"(14, 23)",1,-0.08
179,40,"(15, 23)",1,-0.08
179,41,"(16, 23)",1,-0.08
179,42,"(17, 23)",1,-0.08
179,43,"(18, 23)",1,-0.08
179,44,"(19, 23)",1,-0.08
179,45,"(20, 23)",1,-0.08
179,46,"(21, 23)",0,-0.08
179,47,"(21, 22)",0,-0.08
179,48,"(21, 21)",1,-0.08
179,49,"(22, 21)",1,-0.08
179,50,"(23, 21)",1,-0.08
179,51,"(24, 21)",1,-0.08
179,52,"(25, 21)",1,-0.08
179,53,"(26, 21)",1,-0.08
179,54,"(27, 21)",1,-0.08
179,55,"(28, 21)",0,-0.08
179,56,"(28, 20)",0,-0.08
179,57,"(28, 19)",1,-0.08
179,58,"(29, 19)",1,-0.08
179,59,"(30, 19)",1,-0.08
179,60,"(31, 19)",0,-0.08
179,61,"(31, 18)",1,-0.08
179,62,"(32, 18)",0,-0.08
179,63,"(32, 17)",1,-0.08
179,64,"(33, 17)",1,-0.08
179,65,"(34, 17)",1,-0.08
179,66,"(35, 17)",1,-0.08
179,67,"(36, 17)",0,-0.08
179,68,"(36, 16)",1,-0.08
179,69,"(37, 16)",0,-0.08
179,70,"(37, 15)",1,-0.08
179,71,"(38, 15)",1,-0.08
179,72,"(39, 15)",1,-0.08
179,73,"(40, 15)",0,-0.08
179,74,"(40, 14)",1,-0.08
179,75,"(41, 14)",0,-0.08
179,76,"(41, 13)",0,-0.08
179,77,"(41, 12)",0,-0.08
179,78,"(41, 11)",1,-0.08
179,79,"(42, 11)",1,-0.08
179,80,"(43, 11)",1,-0.08
179,81,"(44, 11)",1,-0.08
179,82,"(45, 11)",0,-0.08
179,83,"(45, 10)",0,-0.08
179,84,"(45, 9)",1,-0.08
179,85,"(46, 9)",0,-0.08
179,86,"(46, 8)",0,-0.08
179,87,"(46, 7)",1,-0.08
179,88,"(47, 7)",1,-0.08
179,89,"(48, 7)",1,-0.08
179,90,"(49, 7)",1,-0.08
179,91,"(50, 7)",1,-0.08
179,92,"(51, 7)",1,-0.08
179,93,"(52, 7)",1,-0.08
179,94,"(53, 7)",1,-0.08
179,95,"(54, 7)",1,-0.08
179,96,"(55, 7)",1,-0.08
179,97,"(56, 7)",1,-0.08
179,98,"(57, 7)",1,-0.08
179,99,"(58, 7)",1,-0.08
179,100,"(59, 7)",1,-0.08
179,101,"(60, 7)",1,-0.08
179,102,"(61, 7)",1,-0.08
179,103,"(62, 7)",1,-0.08
179,104,"(63, 7)",1,-0.08
179,105,"(64, 7)",1,-0.08
179,106,"(65, 7)",1,-0.08
179,107,"(66, 7)",1,-0.08
179,108,"(67, 7)",1,-0.08
179,109,"(68, 7)",1,-0.08
179,110,"(69, 7)",1,-0.08
179,111,"(70, 7)",1,-0.08
179,112,"(71, 7)",1,-0.08
179,113,"(72, 7)",1,-0.08
179,114,"(73, 7)",1,-0.08
179,115,"(74, 7)",1,-0.08
179,116,"(75, 7)",1,-0.08
179,117,"(76, 7)",1,-0.08
179,118,"(77, 7)",0,-0.08
179,119,"(77, 6)",0,-0.08
179,120,"(77, 5)",0,-0.08
179,121,"(77, 4)",0,-0.08
179,122,"(77, 3)",0,-0.08
179,123,"(77, 2)",0,-0.08
179,124,"(77, 1)",0,-0.08
179,125,"(77, 0)",1,-0.08
179,126,"(78, 0)",1,8.33
180,0,"(0, 39)",0,-0.08
180,1,"(0, 38)",0,-0.08
180,2,"(0, 37)",1,-0.08
180,3,"(1, 37)",0,-8.33
180,4,"(1, 37)",3,-0.08
180,5,"(0, 37)",0,-0.08
180,6,"(0, 36)",0,-0.08
180,7,"(0, 35)",1,-0.08
180,8,"(1, 35)",1,-0.08
180,9,"(2, 35)",0,-0.08
180,10,"(2, 34)",0,-0.08
180,11,"(2, 33)",1,-0.08
180,12,"(3, 33)",1,-0.08
180,13,"(4, 33)",1,-0.08
180,14,"(5, 33)",0,-0.08
180,15,"(5, 32)",0,-0.08
180,16,"(5, 31)",1,-0.08
180,17,"(6, 31)",1,-0.08
180,18,"(7, 31)",1,-0.08
180,19,"(8, 31)",1,-0.08
180,20,"(9, 31)",0,-0.08
180,21,"(9, 30)",0,-0.08
180,22,"(9, 29)",1,-0.08
180,23,"(10, 29)",0,-0.08
180,24,"(10, 28)",0,-0.08
180,25,"(10, 27)",0,-8.33
180,26,"(10, 27)",1,-0.08
180,27,"(11, 27)",1,-0.08
180,28,"(12, 27)",1,-0.08
180,29,"(13, 27)",0,-0.08
180,30,"(13, 26)",0,-0.08
180,31,"(13, 25)",1,-0.08
180,32,"(14, 25)",1,-0.08
180,33,"(15, 25)",1,-0.08
180,34,"(16, 25)",1,-0.08
180,35,"(17, 25)",0,-0.08
180,36,"(17, 24)",0,-0.08
180,37,"(17, 23)",0,-0.08
180,38,"(17, 22)",1,-0.08
180,39,"(18, 22)",1,-0.08
180,40,"(19, 22)",0,-0.08
180,41,"(19, 21)",1,-0.08
180,42,"(20, 21)",0,-0.08
180,43,"(20, 20)",0,-0.08
180,44,"(20, 19)",1,-0.08
180,45,"(21, 19)",1,-0.08
180,46,"(22, 19)",1,-0.08
180,47,"(23, 19)",0,-0.08
180,48,"(23, 18)",0,-0.08
180,49,"(23, 17)",1,-0.08
180,50,"(24, 17)",1,-0.08
180,51,"(25, 17)",1,-0.08
180,52,"(26, 17)",1,-0.08
180,53,"(27, 17)",1,-0.08
180,54,"(28, 17)",0,-0.08
180,55,"(28, 16)",0,-0.08
180,56,"(28, 15)",1,-0.08
180,57,"(29, 15)",1,-0.08
180,58,"(30, 15)",1,-0.08
180,59,"(31, 15)",1,-0.08
180,60,"(32, 15)",1,-0.08
180,61,"(33, 15)",1,-0.08
180,62,"(34, 15)",0,-0.08
180,63,"(34, 14)",0,-0.08
180,64,"(34, 13)",1,-0.08
180,65,"(35, 13)",1,-0.08
180,66,"(36, 13)",1,-0.08
180,67,"(37, 13)",1,-0.08
180,68,"(38, 13)",0,-0.08
180,69,"(38, 12)",1,-0.08
180,70,"(39, 12)",0,-0.08
180,71,"(39, 11)",1,-0.08
180,72,"(40, 11)",1,-0.08
180,73,"(41, 11)",1,-0.08
180,74,"(42, 11)",1,-0.08
180,75,"(43, 11)",1,-0.08
180,76,"(44, 11)",1,-0.08
180,77,"(45, 11)",0,-0.08
180,78,"(45, 10)",1,-0.08
180,79,"(46, 10)",0,-0.08
180,80,"(46, 9)",0,-0.08
180,81,"(46, 8)",0,-0.08
180,82,"(46, 7)",1,-0.08
180,83,"(47, 7)",1,-0.08
180,84,"(48, 7)",1,-0.08
180,85,"(49, 7)",1,-0.08
180,86,"(50, 7)",1,-0.08
180,87,"(51, 7)",1,-0.08
180,88,"(52, 7)",1,-0.08
180,89,"(53, 7)",1,-0.08
180,90,"(54, 7)",1,-0.08
180,91,"(55, 7)",1,-0.08
180,92,"(56, 7)",1,-0.08
180,93,"(57, 7)",1,-0.08
180,94,"(58, 7)",1,-0.08
180,95,"(59, 7)",1,-0.08
180,96,"(60, 7)",1,-0.08
180,97,"(61, 7)",1,-0.08
180,98,"(62, 7)",1,-0.08
180,99,"(63, 7)",1,-0.08
180,100,"(64, 7)",1,-0.08
180,101,"(65, 7)",1,-0.08
180,102,"(66, 7)",1,-0.08
180,103,"(67, 7)",1,-0.08
180,104,"(68, 7)",1,-0.08
180,105,"(69, 7)",1,-0.08
180,106,"(70, 7)",0,-0.08
180,107,"(70, 6)",1,-0.08
180,108,"(71, 6)",0,-0.08
180,109,"(71, 5)",1,-0.08
180,110,"(72, 5)",1,-0.08
180,111,"(73, 5)",1,-0.08
180,112,"(74, 5)",0,-0.08
180,113,"(74, 4)",1,-0.08
180,114,"(75, 4)",0,-0.08
180,115,"(75, 3)",1,-0.08
180,116,"(76, 3)",1,-0.08
180,117,"(77, 3)",0,-0.08
180,118,"(77, 2)",0,-0.08
180,119,"(77, 1)",1,-0.08
180,120,"(78, 1)",0,-0.08
180,121,"(78, 0)",1,8.33
181,0,"(0, 39)",0,-0.08
181,1,"(0, 38)",0,-0.08
181,2,"(0, 37)",0,-0.08
181,3,"(0, 36)",1,-8.33
181,4,"(0, 36)",0,-0.08
181,5,"(0, 35)",1,-0.08
181,6,"(1, 35)",0,-0.08
181,7,"(1, 34)",1,-0.08
181,8,"(2, 34)",0,-0.08
181,9,"(2, 33)",0,-0.08
181,10,"(2, 32)",1,-0.08
181,11,"(3, 32)",0,-0.08
181,12,"(3, 31)",0,-8.33
181,13,"(3, 31)",0,-8.33
181,14,"(3, 31)",3,-0.08
181,15,"(2, 31)",3,-0.08
181,16,"(1, 31)",0,-0.08
181,17,"(1, 30)",0,-0.08
181,18,"(1, 29)",0,-0.08
181,19,"(1, 28)",0,-0.08
181,20,"(1, 27)",0,-0.08
181,21,"(1, 26)",0,-0.08
181,22,"(1, 25)",1,-0.08
181,23,"(2, 25)",1,-0.08
181,24,"(3, 25)",1,-0.08
181,25,"(4, 25)",1,-0.08
181,26,"(5, 25)",1,-0.08
181,27,"(6, 25)",1,-0.08
181,28,"(7, 25)",1,-0.08
181,29,"(8, 25)",1,-0.08
181,30,"(9, 25)",0,-0.08
181,31,"(9, 24)",1,-0.08
181,32,"(10, 24)",1,-0.08
181,33,"(11, 24)",1,-0.08
181,34,"(12, 24)",1,-0.08
181,35,"(13, 24)",0,-0.08
181,36,"(13, 23)",1,-0.08
181,37,"(14, 23)",1,-0.08
181,38,"(15, 23)",1,-0.08
181,39,"(16, 23)",0,-0.08
181,40,"(16, 22)",1,-0.08
181,41,"(17, 22)",1,-0.08
181,42,"(18, 22)",1,-0.08
181,43,"(19, 22)",0,-0.08
181,44,"(19, 21)",0,-0.08
181,45,"(19, 20)",0,-0.08
181,46,"(19, 19)",1,-0.08
181,47,"(20, 19)",1,-0.08
181,48,"(21, 19)",1,-0.08
181,49,"(22, 19)",1,-0.08
181,50,"(23, 19)",0,-0.08
181,51,"(23, 18)",0,-0.08
181,52,"(23, 17)",1,-0.08
181,53,"(24, 17)",1,-0.08
181,54,"(25, 17)",1,-0.08
181,55,"(26, 17)",1,-0.08
181,56,"(27, 17)",1,-0.08
181,57,"(28, 17)",0,-0.08
181,58,"(28, 16)",1,-0.08
181,59,"(29, 16)",0,-0.08
181,60,"(29, 15)",0,-0.08
181,61,"(29, 14)",0,-0.08
181,62,"(29, 13)",1,-0.08
181,63,"(30, 13)",1,-0.08
181,64,"(31, 13)",1,-0.08
181,65,"(32, 13)",1,-0.08
181,66,"(33, 13)",1,-0.08
181,67,"(34, 13)",1,-0.08
181,68,"(35, 13)",0,-0.08
181,69,"(35, 12)",1,-0.08
181,70,"(36, 12)",1,-0.08
181,71,"(37, 12)",1,-0.08
181,72,"(38, 12)",1,-0.08
181,73,"(39, 12)",0,-0.08
181,74,"(39, 11)",1,-0.08
181,75,"(40, 11)",1,-0.08
181,76,"(41, 11)",1,-0.08
181,77,"(42, 11)",1,-0.08
181,78,"(43, 11)",1,-0.08
181,79,"(44, 11)",1,-0.08
181,80,"(45, 11)",0,-0.08
181,81,"(45, 10)",1,-0.08
181,82,"(46, 10)",1,-0.08
181,83,"(47, 10)",1,-0.08
181,84,"(48, 10)",1,-0.08
181,85,"(49, 10)",1,-0.08
181,86,"(50, 10)",0,-0.08
181,87,"(50, 9)",0,-0.08
181,88,"(50, 8)",0,-0.08
181,89,"(50, 7)",1,-0.08
181,90,"(51, 7)",1,-0.08
181,91,"(52, 7)",1,-0.08
181,92,"(53, 7)",1,-0.08
181,93,"(54, 7)",1,-0.08
181,94,"(55, 7)",1,-0.08
181,95,"(56, 7)",1,-0.08
181,96,"(57, 7)",1,-0.08
181,97,"(58, 7)",1,-0.08
181,98,"(59, 7)",1,-0.08
181,99,"(60, 7)",1,-0.08
181,100,"(61, 7)",1,-0.08
181,101,"(62, 7)",1,-0.08
181,102,"(63, 7)",1,-0.08
181,103,"(64, 7)",1,-0.08
181,104,"(65, 7)",1,-0.08
181,105,"(66, 7)",1,-0.08
181,106,"(67, 7)",1,-0.08
181,107,"(68, 7)",1,-0.08
181,108,"(69, 7)",1,-0.08
181,109,"(70, 7)",1,-0.08
181,110,"(71, 7)",0,-0.08
181,111,"(71, 6)",1,-0.08
181,112,"(72, 6)",0,-0.08
181,113,"(72, 5)",1,-0.08
181,114,"(73, 5)",1,-0.08
181,115,"(74, 5)",0,-0.08
181,116,"(74, 4)",1,-0.08
181,117,"(75, 4)",0,-0.08
181,118,"(75, 3)",1,-0.08
181,119,"(76, 3)",1,-0.08
181,120,"(77, 3)",0,-0.08
181,121,"(77, 2)",0,-0.08
181,122,"(77, 1)",1,-0.08
181,123,"(78, 1)",1,-0.08
181,124,"(79, 1)",0,8.33
182,0,"(0, 39)",1,-0.08
182,1,"(1, 39)",1,-0.08
182,2,"(2, 39)",0,-8.33
182,3,"(2, 39)",1,-0.08
182,4,"(3, 39)",1,-0.08
182,5,"(4, 39)",1,-0.08
182,6,"(5, 39)",0,-8.33
182,7,"(5, 39)",1,-0.08
182,8,"(6, 39)",1,-0.08
182,9,"(7, 39)",1,-0.08
182,10,"(8, 39)",1,-0.08
182,11,"(9, 39)",1,-0.08
182,12,"(10, 39)",1,-0.08
182,13,"(11, 39)",0,-0.08
182,14,"(11, 38)",1,-0.08
182,15,"(12, 38)",0,-0.08
182,16,"(12, 37)",0,-0.08
182,17,"(12, 36)",0,-0.08
182,18,"(12, 35)",1,-0.08
182,19,"(13, 35)",0,-0.08
182,20,"(13, 34)",0,-0.08
182,21,"(13, 33)",1,-0.08
182,22,"(14, 33)",1,-0.08
182,23,"(15, 33)",1,-0.08
182,24,"(16, 33)",1,-0.08
182,25,"(17, 33)",1,-0.08
182,26,"(18, 33)",1,-0.08
182,27,"(19, 33)",0,-0.08
182,28,"(19, 32)",1,-0.08
182,29,"(20, 32)",1,-0.08
182,30,"(21, 32)",0,-0.08
182,31,"(21, 31)",0,-0.08
182,32,"(21, 30)",0,-0.08
182,33,"(21, 29)",0,-0.08
182,34,"(21, 28)",0,-0.08
182,35,"(21, 27)",0,-0.08
182,36,"(21, 26)",1,-0.08
182,37,"(22, 26)",1,-0.08
182,38,"(23, 26)",0,-0.08
182,39,"(23, 25)",1,-0.08
182,40,"(24, 25)",0,-0.08
182,41,"(24, 24)",0,-0.08
182,42,"(24, 23)",0,-0.08
182,43,"(24, 22)",1,-0.08
182,44,"(25, 22)",0,-0.08
182,45,"(25, 21)",1,-0.08
182,46,"(26, 21)",1,-0.08
182,47,"(27, 21)",1,-0.08
182,48,"(28, 21)",0,-0.08
182,49,"(28, 20)",0,-0.08
182,50,"(28, 19)",1,-0.08
182,51,"(29, 19)",1,-0.08
182,52,"(30, 19)",1,-0.08
182,53,"(31, 19)",1,-0.08
182,54,"(32, 19)",0,-0.08
182,55,"(32, 18)",0,-0.08
182,56,"(32, 17)",1,-0.08
182,57,"(33, 17)",1,-0.08
182,58,"(34, 17)",1,-0.08
182,59,"(35, 17)",1,-0.08
182,60,"(36, 17)",1,-0.08
182,61,"(37, 17)",1,-0.08
182,62,"(38, 17)",1,-0.08
182,63,"(39, 17)",0,-0.08
182,64,"(39, 16)",1,-0.08
182,65,"(40, 16)",0,-0.08
182,66,"(40, 15)",0,-0.08
182,67,"(40, 14)",1,-0.08
182,68,"(41, 14)",0,-0.08
182,69,"(41, 13)",1,-0.08
182,70,"(42, 13)",1,-0.08
182,71,"(43, 13)",1,-0.08
182,72,"(44, 13)",1,-0.08
182,73,"(45, 13)",0,-0.08
182,74,"(45, 12)",0,-0.08
182,75,"(45, 11)",0,-0.08
182,76,"(45, 10)",0,-0.08
182,77,"(45, 9)",1,-0.08
182,78,"(46, 9)",0,-0.08
182,79,"(46, 8)",0,-0.08
182,80,"(46, 7)",1,-0.08
182,81,"(47, 7)",1,-0.08
182,82,"(48, 7)",1,-0.08
182,83,"(49, 7)",1,-0.08
182,84,"(50, 7)",1,-0.08
182,85,"(51, 7)",1,-0.08
182,86,"(52, 7)",1,-0.08
182,87,"(53, 7)",1,-0.08
182,88,"(54, 7)",1,-0.08
182,89,"(55, 7)",1,-0.08
182,90,"(56, 7)",1,-0.08
182,91,"(57, 7)",1,-0.08
182,92,"(58, 7)",1,-0.08
182,93,"(59, 7)",1,-0.08
182,94,"(60, 7)",1,-0.08
182,95,"(61, 7)",1,-0.08
182,96,"(62, 7)",1,-0.08
182,97,"(63, 7)",1,-0.08
182,98,"(64, 7)",1,-0.08
182,99,"(65, 7)",1,-0.08
182,100,"(66, 7)",1,-0.08
182,101,"(67, 7)",1,-0.08
182,102,"(68, 7)",1,-0.08
182,103,"(69, 7)",0,-0.08
182,104,"(69, 6)",1,-0.08
182,105,"(70, 6)",1,-0.08
182,106,"(71, 6)",0,-0.08
182,107,"(71, 5)",1,-0.08
182,108,"(72, 5)",1,-0.08
182,109,"(73, 5)",1,-0.08
182,110,"(74, 5)",1,-0.08
182,111,"(75, 5)",1,-0.08
182,112,"(76, 5)",1,-0.08
182,113,"(77, 5)",0,-0.08
182,114,"(77, 4)",0,-0.08
182,115,"(77, 3)",0,-0.08
182,116,"(77, 2)",0,-0.08
182,117,"(77, 1)",1,-0.08
182,118,"(78, 1)",0,-0.08
182,119,"(78, 0)",1,8.33
183,0,"(0, 39)",1,-0.08
183,1,"(1, 39)",0,-0.08
183,2,"(1, 38)",1,-8.33
183,3,"(1, 38)",0,-0.08
183,4,"(1, 37)",0,-8.33
183,5,"(1, 37)",3,-0.08
183,6,"(0, 37)",0,-0.08
183,7,"(0, 36)",0,-0.08
183,8,"(0, 35)",1,-0.08
183,9,"(1, 35)",1,-0.08
183,10,"(2, 35)",0,-0.08
183,11,"(2, 34)",0,-0.08
183,12,"(2, 33)",0,-0.08
183,13,"(2, 32)",0,-0.08
183,14,"(2, 31)",1,-0.08
183,15,"(3, 31)",0,-8.33
183,16,"(3, 31)",0,-8.33
183,17,"(3, 31)",2,-0.08
183,18,"(3, 32)",2,-0.08
183,19,"(3, 33)",1,-0.08
183,20,"(4, 33)",1,-0.08
183,21,"(5, 33)",1,-0.08
183,22,"(6, 33)",1,-0.08
183,23,"(7, 33)",0,-0.08
183,24,"(7, 32)",0,-0.08
183,25,"(7, 31)",1,-0.08
183,26,"(8, 31)",1,-0.08
183,27,"(9, 31)",0,-0.08
183,28,"(9, 30)",0,-0.08
183,29,"(9, 29)",1,-0.08
183,30,"(10, 29)",0,-0.08
183,31,"(10, 28)",0,-0.08
183,32,"(10, 27)",1,-0.08
183,33,"(11, 27)",1,-0.08
183,34,"(12, 27)",0,-0.08
183,35,"(12, 26)",0,-0.08
183,36,"(12, 25)",0,-0.08
183,37,"(12, 24)",1,-0.08
183,38,"(13, 24)",0,-0.08
183,39,"(13, 23)",1,-0.08
183,40,"(14, 23)",1,-0.08
183,41,"(15, 23)",1,-0.08
183,42,"(16, 23)",1,-0.08
183,43,"(17, 23)",0,-0.08
183,44,"(17, 22)",1,-0.08
183,45,"(18, 22)",1,-0.08
183,46,"(19, 22)",0,-0.08
183,47,"(19, 21)",1,-0.08
183,48,"(20, 21)",1,-0.08
183,49,"(21, 21)",1,-0.08
183,50,"(22, 21)",0,-0.08
183,51,"(22, 20)",1,-0.08
183,52,"(23, 20)",0,-0.08
183,53,"(23, 19)",0,-0.08
183,54,"(23, 18)",0,-0.08
183,55,"(23, 17)",0,-0.08
183,56,"(23, 16)",0,-0.08
183,57,"(23, 15)",1,-0.08
183,58,"(24, 15)",1,-0.08
183,59,"(25, 15)",1,-0.08
183,60,"(26, 15)",1,-0.08
183,61,"(27, 15)",0,-0.08
183,62,"(27, 14)",0,-0.08
183,63,"(27, 13)",1,-0.08
183,64,"(28, 13)",1,-0.08
183,65,"(29, 13)",1,-0.08
183,66,"(30, 13)",1,-0.08
183,67,"(31, 13)",1,-0.08
183,68,"(32, 13)",1,-0.08
183,69,"(33, 13)",1,-0.08
183,70,"(34, 13)",1,-0.08
183,71,"(35, 13)",0,-0.08
183,72,"(35, 12)",1,-0.08
183,73,"(36, 12)",1,-0.08
183,74,"(37, 12)",1,-0.08
183,75,"(38, 12)",1,-0.08
183,76,"(39, 12)",0,-0.08
183,77,"(39, 11)",1,-0.08
183,78,"(40, 11)",1,-0.08
183,79,"(41, 11)",1,-0.08
183,80,"(42, 11)",1,-0.08
183,81,"(43, 11)",1,-0.08
183,82,"(44, 11)",1,-0.08
183,83,"(45, 11)",0,-0.08
183,84,"(45, 10)",0,-0.08
183,85,"(45, 9)",1,-0.08
183,86,"(46, 9)",0,-0.08
183,87,"(46, 8)",0,-0.08
183,88,"(46, 7)",1,-0.08
183,89,"(47, 7)",1,-0.08
183,90,"(48, 7)",1,-0.08
183,91,"(49, 7)",1,-0.08
183,92,"(50, 7)",1,-0.08
183,93,"(51, 7)",1,-0.08
183,94,"(52, 7)",1,-0.08
183,95,"(53, 7)",1,-0.08
183,96,"(54, 7)",1,-0.08
183,97,"(55, 7)",1,-0.08
183,98,"(56, 7)",1,-0.08
183,99,"(57, 7)",1,-0.08
183,100,"(58, 7)",1,-0.08
183,101,"(59, 7)",1,-0.08
183,102,"(60, 7)",1,-0.08
183,103,"(61, 7)",1,-0.08
183,104,"(62, 7)",1,-0.08
183,105,"(63, 7)",1,-0.08
183,106,"(64, 7)",1,-0.08
183,107,"(65, 7)",1,-0.08
183,108,"(66, 7)",1,-0.08
183,109,"(67, 7)",1,-0.08
183,110,"(68, 7)",1,-0.08
183,111,"(69, 7)",1,-0.08
183,112,"(70, 7)",1,-0.08
183,113,"(71, 7)",1,-0.08
183,114,"(72, 7)",0,-0.08
183,115,"(72, 6)",1,-0.08
183,116,"(73, 6)",0,-0.08
183,117,"(73, 5)",1,-0.08
183,118,"(74, 5)",0,-0.08
183,119,"(74, 4)",1,-0.08
183,120,"(75, 4)",0,-0.08
183,121,"(75, 3)",1,-0.08
183,122,"(76, 3)",0,-0.08
183,123,"(76, 2)",1,-0.08
183,124,"(77, 2)",0,-0.08
183,125,"(77, 1)",0,-0.08
183,126,"(77, 0)",1,-0.08
183,127,"(78, 0)",1,8.33
184,0,"(0, 39)",1,-0.08
184,1,"(1, 39)",1,-0.08
184,2,"(2, 39)",0,-8.33
184,3,"(2, 39)",1,-0.08
184,4,"(3, 39)",1,-0.08
184,5,"(4, 39)",1,-0.08
184,6,"(5, 39)",0,-8.33
184,7,"(5, 39)",1,-0.08
184,8,"(6, 39)",1,-0.08
184,9,"(7, 39)",1,-0.08
184,10,"(8, 39)",1,-0.08
184,11,"(9, 39)",1,-0.08
184,12,"(10, 39)",1,-0.08
184,13,"(11, 39)",0,-0.08
184,14,"(11, 38)",0,-0.08
184,15,"(11, 37)",1,-0.08
184,16,"(12, 37)",1,-0.08
184,17,"(13, 37)",1,-0.08
184,18,"(14, 37)",1,-0.08
184,19,"(15, 37)",1,-0.08
184,20,"(16, 37)",0,-0.08
184,21,"(16, 36)",1,-0.08
184,22,"(17, 36)",0,-0.08
184,23,"(17, 35)",0,-0.08
184,24,"(17, 34)",1,-0.08
184,25,"(18, 34)",0,-0.08
184,26,"(18, 33)",1,-0.08
184,27,"(19, 33)",0,-0.08
184,28,"(19, 32)",1,-0.08
184,29,"(20, 32)",1,-0.08
184,30,"(21, 32)",0,-0.08
184,31,"(21, 31)",0,-0.08
184,32,"(21, 30)",0,-0.08
184,33,"(21, 29)",0,-0.08
184,34,"(21, 28)",0,-0.08
184,35,"(21, 27)",0,-0.08
184,36,"(21, 26)",0,-0.08
184,37,"(21, 25)",1,-0.08
184,38,"(22, 25)",0,-0.08
184,39,"(22, 24)",1,-0.08
184,40,"(23, 24)",1,-0.08
184,41,"(24, 24)",1,-0.08
184,42,"(25, 24)",0,-0.08
184,43,"(25, 23)",0,-0.08
184,44,"(25, 22)",0,-0.08
184,45,"(25, 21)",0,-0.08
184,46,"(25, 20)",0,-0.08
184,47,"(25, 19)",0,-0.08
184,48,"(25, 18)",0,-0.08
184,49,"(25, 17)",1,-0.08
184,50,"(26, 17)",1,-0.08
184,51,"(27, 17)",0,-0.08
184,52,"(27, 16)",0,-0.08
184,53,"(27, 15)",1,-0.08
184,54,"(28, 15)",1,-0.08
184,55,"(29, 15)",1,-0.08
184,56,"(30, 15)",1,-0.08
184,57,"(31, 15)",0,-0.08
184,58,"(31, 14)",0,-0.08
184,59,"(31, 13)",1,-0.08
184,60,"(32, 13)",1,-0.08
184,61,"(33, 13)",1,-0.08
184,62,"(34, 13)",1,-0.08
184,63,"(35, 13)",0,-0.08
184,64,"(35, 12)",1,-0.08
184,65,"(36, 12)",1,-0.08
184,66,"(37, 12)",1,-0.08
184,67,"(38, 12)",1,-0.08
184,68,"(39, 12)",0,-0.08
184,69,"(39, 11)",1,-0.08
184,70,"(40, 11)",1,-0.08
184,71,"(41, 11)",1,-0.08
184,72,"(42, 11)",1,-0.08
184,73,"(43, 11)",1,-0.08
184,74,"(44, 11)",1,-0.08
184,75,"(45, 11)",0,-0.08
184,76,"(45, 10)",1,-0.08
184,77,"(46, 10)",0,-0.08
184,78,"(46, 9)",0,-0.08
184,79,"(46, 8)",0,-0.08
184,80,"(46, 7)",1,-0.08
184,81,"(47, 7)",1,-0.08
184,82,"(48, 7)",1,-0.08
184,83,"(49, 7)",1,-0.08
184,84,"(50, 7)",1,-0.08
184,85,"(51, 7)",1,-0.08
184,86,"(52, 7)",1,-0.08
184,87,"(53, 7)",1,-0.08
184,88,"(54, 7)",1,-0.08
184,89,"(55, 7)",1,-0.08
184,90,"(56, 7)",1,-0.08
184,91,"(57, 7)",1,-0.08
184,92,"(58, 7)",1,-0.08
184,93,"(59, 7)",1,-0.08
184,94,"(60, 7)",1,-0.08
184,95,"(61, 7)",1,-0.08
184,96,"(62, 7)",1,-0.08
184,97,"(63, 7)",1,-0.08
184,98,"(64, 7)",1,-0.08
184,99,"(65, 7)",1,-0.08
184,100,"(66, 7)",1,-0.08
184,101,"(67, 7)",1,-0.08
184,102,"(68, 7)",1,-0.08
184,103,"(69, 7)",0,-0.08
184,104,"(69, 6)",1,-0.08
184,105,"(70, 6)",1,-0.08
184,106,"(71, 6)",0,-0.08
184,107,"(71, 5)",1,-0.08
184,108,"(72, 5)",1,-0.08
184,109,"(73, 5)",1,-0.08
184,110,"(74, 5)",0,-0.08
184,111,"(74, 4)",1,-0.08
184,112,"(75, 4)",0,-0.08
184,113,"(75, 3)",1,-0.08
184,114,"(76, 3)",0,-0.08
184,115,"(76, 2)",0,-0.08
184,116,"(76, 1)",0,-0.08
184,117,"(76, 0)",1,-0.08
184,118,"(77, 0)",1,-0.08
184,119,"(78, 0)",1,8.33
185,0,"(0, 39)",0,-0.08
185,1,"(0, 38)",1,-0.08
185,2,"(1, 38)",1,-8.33
185,3,"(1, 38)",0,-0.08
185,4,"(1, 37)",0,-8.33
185,5,"(1, 37)",3,-0.08
185,6,"(0, 37)",0,-0.08
185,7,"(0, 36)",0,-0.08
185,8,"(0, 35)",1,-0.08
185,9,"(1, 35)",1,-0.08
185,10,"(2, 35)",0,-0.08
185,11,"(2, 34)",0,-0.08
185,12,"(2, 33)",1,-0.08
185,13,"(3, 33)",0,-0.08
185,14,"(3, 32)",0,-0.08
185,15,"(3, 31)",0,-8.33
185,16,"(3, 31)",2,-0.08
185,17,"(3, 32)",2,-0.08
185,18,"(3, 33)",1,-0.08
185,19,"(4, 33)",1,-0.08
185,20,"(5, 33)",1,-0.08
185,21,"(6, 33)",1,-0.08
185,22,"(7, 33)",0,-0.08
185,23,"(7, 32)",0,-0.08
185,24,"(7, 31)",1,-0.08
185,25,"(8, 31)",0,-0.08
185,26,"(8, 30)",1,-0.08
185,27,"(9, 30)",1,-0.08
185,28,"(10, 30)",0,-0.08
185,29,"(10, 29)",0,-0.08
185,30,"(10, 28)",0,-0.08
185,31,"(10, 27)",1,-0.08
185,32,"(11, 27)",1,-0.08
185,33,"(12, 27)",0,-0.08
185,34,"(12, 26)",1,-0.08
185,35,"(13, 26)",0,-0.08
185,36,"(13, 25)",1,-0.08
185,37,"(14, 25)",0,-0.08
185,38,"(14, 24)",0,-0.08
185,39,"(14, 23)",1,-0.08
185,40,"(15, 23)",1,-0.08
185,41,"(16, 23)",1,-0.08
185,42,"(17, 23)",1,-0.08
185,43,"(18, 23)",0,-0.08
185,44,"(18, 22)",1,-0.08
185,45,"(19, 22)",0,-0.08
185,46,"(19, 21)",1,-0.08
185,47,"(20, 21)",0,-0.08
185,48,"(20, 20)",0,-0.08
185,49,"(20, 19)",1,-0.08
185,50,"(21, 19)",1,-0.08
185,51,"(22, 19)",1,-0.08
185,52,"(23, 19)",0,-0.08
185,53,"(23, 18)",0,-0.08
185,54,"(23, 17)",0,-0.08
185,55,"(23, 16)",0,-0.08
185,56,"(23, 15)",1,-0.08
185,57,"(24, 15)",1,-0.08
185,58,"(25, 15)",1,-0.08
185,59,"(26, 15)",1,-0.08
185,60,"(27, 15)",0,-0.08
185,61,"(27, 14)",0,-0.08
185,62,"(27, 13)",1,-0.08
185,63,"(28, 13)",1,-0.08
185,64,"(29, 13)",1,-0.08
185,65,"(30, 13)",1,-0.08
185,66,"(31, 13)",1,-0.08
185,67,"(32, 13)",1,-0.08
185,68,"(33, 13)",1,-0.08
185,69,"(34, 13)",1,-0.08
185,70,"(35, 13)",0,-0.08
185,71,"(35, 12)",1,-0.08
185,72,"(36, 12)",1,-0.08
185,73,"(37, 12)",1,-0.08
185,74,"(38, 12)",1,-0.08
185,75,"(39, 12)",0,-0.08
185,76,"(39, 11)",1,-0.08
185,77,"(40, 11)",1,-0.08
185,78,"(41, 11)",1,-0.08
185,79,"(42, 11)",1,-0.08
185,80,"(43, 11)",1,-0.08
185,81,"(44, 11)",1,-0.08
185,82,"(45, 11)",0,-0.08
185,83,"(45, 10)",1,-0.08
185,84,"(46, 10)",1,-0.08
185,85,"(47, 10)",1,-0.08
185,86,"(48, 10)",1,-0.08
185,87,"(49, 10)",1,-0.08
185,88,"(50, 10)",0,-0.08
185,89,"(50, 9)",0,-0.08
185,90,"(50, 8)",0,-0.08
185,91,"(50, 7)",1,-0.08
185,92,"(51, 7)",1,-0.08
185,93,"(52, 7)",1,-0.08
185,94,"(53, 7)",1,-0.08
185,95,"(54, 7)",1,-0.08
185,96,"(55, 7)",1,-0.08
185,97,"(56, 7)",1,-0.08
185,98,"(57, 7)",1,-0.08
185,99,"(58, 7)",1,-0.08
185,100,"(59, 7)",1,-0.08
185,101,"(60, 7)",1,-0.08
185,102,"(61, 7)",1,-0.08
185,103,"(62, 7)",1,-0.08
185,104,"(63, 7)",1,-0.08
185,105,"(64, 7)",1,-0.08
185,106,"(65, 7)",1,-0.08
185,107,"(66, 7)",1,-0.08
185,108,"(67, 7)",1,-0.08
185,109,"(68, 7)",1,-0.08
185,110,"(69, 7)",0,-0.08
185,111,"(69, 6)",1,-0.08
185,112,"(70, 6)",1,-0.08
185,113,"(71, 6)",1,-0.08
185,114,"(72, 6)",0,-0.08
185,115,"(72, 5)",1,-0.08
185,116,"(73, 5)",1,-0.08
185,117,"(74, 5)",1,-0.08
185,118,"(75, 5)",1,-0.08
185,119,"(76, 5)",1,-0.08
185,120,"(77, 5)",0,-0.08
185,121,"(77, 4)",0,-0.08
185,122,"(77, 3)",0,-0.08
185,123,"(77, 2)",0,-0.08
185,124,"(77, 1)",0,-0.08
185,125,"(77, 0)",1,-0.08
185,126,"(78, 0)",1,8.33
186,0,"(0, 39)",0,-0.08
186,1,"(0, 38)",0,-0.08
186,2,"(0, 37)",0,-0.08
186,3,"(0, 36)",1,-8.33
186,4,"(0, 36)",0,-0.08
186,5,"(0, 35)",1,-0.08
186,6,"(1, 35)",1,-0.08
186,7,"(2, 35)",0,-0.08
186,8,"(2, 34)",0,-0.08
186,9,"(2, 33)",0,-0.08
186,10,"(2, 32)",1,-0.08
186,11,"(3, 32)",0,-0.08
186,12,"(3, 31)",0,-8.33
186,13,"(3, 31)",0,-8.33
186,14,"(3, 31)",2,-0.08
186,15,"(3, 32)",2,-0.08
186,16,"(3, 33)",1,-0.08
186,17,"(4, 33)",1,-0.08
186,18,"(5, 33)",0,-0.08
186,19,"(5, 32)",0,-0.08
186,20,"(5, 31)",0,-0.08
186,21,"(5, 30)",0,-0.08
186,22,"(5, 29)",1,-0.08
186,23,"(6, 29)",1,-0.08
186,24,"(7, 29)",1,-0.08
186,25,"(8, 29)",1,-0.08
186,26,"(9, 29)",1,-0.08
186,27,"(10, 29)",0,-0.08
186,28,"(10, 28)",0,-0.08
186,29,"(10, 27)",1,-0.08
186,30,"(11, 27)",1,-0.08
186,31,"(12, 27)",0,-0.08
186,32,"(12, 26)",0,-0.08
186,33,"(12, 25)",1,-0.08
186,34,"(13, 25)",0,-0.08
186,35,"(13, 24)",0,-0.08
186,36,"(13, 23)",1,-0.08
186,37,"(14, 23)",1,-0.08
186,38,"(15, 23)",1,-0.08
186,39,"(16, 23)",0,-0.08
186,40,"(16, 22)",1,-0.08
186,41,"(17, 22)",1,-0.08
186,42,"(18, 22)",1,-0.08
186,43,"(19, 22)",1,-0.08
186,44,"(20, 22)",0,-0.08
186,45,"(20, 21)",0,-0.08
186,46,"(20, 20)",0,-0.08
186,47,"(20, 19)",1,-0.08
186,48,"(21, 19)",1,-0.08
186,49,"(22, 19)",1,-0.08
186,50,"(23, 19)",0,-0.08
186,51,"(23, 18)",0,-0.08
186,52,"(23, 17)",0,-0.08
186,53,"(23, 16)",0,-0.08
186,54,"(23, 15)",1,-0.08
186,55,"(24, 15)",1,-0.08
186,56,"(25, 15)",1,-0.08
186,57,"(26, 15)",1,-0.08
186,58,"(27, 15)",0,-0.08
186,59,"(27, 14)",0,-0.08
186,60,"(27, 13)",1,-0.08
186,61,"(28, 13)",1,-0.08
186,62,"(29, 13)",1,-0.08
186,63,"(30, 13)",1,-0.08
186,64,"(31, 13)",1,-0.08
186,65,"(32, 13)",1,-0.08
186,66,"(33, 13)",1,-0.08
186,67,"(34, 13)",1,-0.08
186,68,"(35, 13)",0,-0.08
186,69,"(35, 12)",1,-0.08
186,70,"(36, 12)",1,-0.08
186,71,"(37, 12)",1,-0.08
186,72,"(38, 12)",1,-0.08
186,73,"(39, 12)",0,-0.08
186,74,"(39, 11)",1,-0.08
186,75,"(40, 11)",1,-0.08
186,76,"(41, 11)",1,-0.08
186,77,"(42, 11)",1,-0.08
186,78,"(43, 11)",1,-0.08
186,79,"(44, 11)",1,-0.08
186,80,"(45, 11)",0,-0.08
186,81,"(45, 10)",0,-0.08
186,82,"(45, 9)",0,-0.08
186,83,"(45, 8)",1,-0.08
186,84,"(46, 8)",0,-0.08
186,85,"(46, 7)",1,-0.08
186,86,"(47, 7)",1,-0.08
186,87,"(48, 7)",1,-0.08
186,88,"(49, 7)",1,-0.08
186,89,"(50, 7)",1,-0.08
186,90,"(51, 7)",1,-0.08
186,91,"(52, 7)",1,-0.08
186,92,"(53, 7)",1,-0.08
186,93,"(54, 7)",1,-0.08
186,94,"(55, 7)",1,-0.08
186,95,"(56, 7)",1,-0.08
186,96,"(57, 7)",1,-0.08
186,97,"(58, 7)",1,-0.08
186,98,"(59, 7)",1,-0.08
186,99,"(60, 7)",1,-0.08
186,100,"(61, 7)",1,-0.08
186,101,"(62, 7)",1,-0.08
186,102,"(63, 7)",1,-0.08
186,103,"(64, 7)",1,-0.08
186,104,"(65, 7)",1,-0.08
186,105,"(66, 7)",1,-0.08
186,106,"(67, 7)",1,-0.08
186,107,"(68, 7)",1,-0.08
186,108,"(69, 7)",1,-0.08
186,109,"(70, 7)",1,-0.08
186,110,"(71, 7)",1,-0.08
186,111,"(72, 7)",1,-0.08
186,112,"(73, 7)",0,-0.08
186,113,"(73, 6)",1,-0.08
186,114,"(74, 6)",0,-0.08
186,115,"(74, 5)",0,-0.08
186,116,"(74, 4)",1,-0.08
186,117,"(75, 4)",0,-0.08
186,118,"(75, 3)",1,-0.08
186,119,"(76, 3)",0,-0.08
186,120,"(76, 2)",0,-0.08
186,121,"(76, 1)",1,-0.08
186,122,"(77, 1)",1,-0.08
186,123,"(78, 1)",0,-0.08
186,124,"(78, 0)",1,8.33
187,0,"(0, 39)",1,-0.08
187,1,"(1, 39)",1,-0.08
187,2,"(2, 39)",1,-0.08
187,3,"(3, 39)",0,-0.08
187,4,"(3, 38)",0,-0.08
187,5,"(3, 37)",1,-8.33
187,6,"(3, 37)",0,-0.08
187,7,"(3, 36)",0,-0.08
187,8,"(3, 35)",3,-0.08
187,9,"(2, 35)",0,-0.08
187,10,"(2, 34)",0,-0.08
187,11,"(2, 33)",0,-0.08
187,12,"(2, 32)",1,-0.08
187,13,"(3, 32)",0,-0.08
187,14,"(3, 31)",0,-8.33
187,15,"(3, 31)",0,-8.33
187,16,"(3, 31)",2,-0.08
187,17,"(3, 32)",2,-0.08
187,18,"(3, 33)",1,-0.08
187,19,"(4, 33)",1,-0.08
187,20,"(5, 33)",1,-0.08
187,21,"(6, 33)",1,-0.08
187,22,"(7, 33)",0,-0.08
187,23,"(7, 32)",1,-0.08
187,24,"(8, 32)",1,-0.08
187,25,"(9, 32)",0,-0.08
187,26,"(9, 31)",0,-0.08
187,27,"(9, 30)",0,-0.08
187,28,"(9, 29)",1,-0.08
187,29,"(10, 29)",0,-0.08
187,30,"(10, 28)",0,-0.08
187,31,"(10, 27)",1,-0.08
187,32,"(11, 27)",1,-0.08
187,33,"(12, 27)",1,-0.08
187,34,"(13, 27)",0,-0.08
187,35,"(13, 26)",0,-0.08
187,36,"(13, 25)",0,-0.08
187,37,"(13, 24)",0,-0.08
187,38,"(13, 23)",1,-0.08
187,39,"(14, 23)",1,-0.08
187,40,"(15, 23)",1,-0.08
187,41,"(16, 23)",0,-0.08
187,42,"(16, 22)",1,-0.08
187,43,"(17, 22)",1,-0.08
187,44,"(18, 22)",1,-0.08
187,45,"(19, 22)",1,-0.08
187,46,"(20, 22)",1,-0.08
187,47,"(21, 22)",0,-0.08
187,48,"(21, 21)",0,-0.08
187,49,"(21, 20)",1,-0.08
187,50,"(22, 20)",0,-0.08
187,51,"(22, 19)",1,-0.08
187,52,"(23, 19)",0,-0.08
187,53,"(23, 18)",0,-0.08
187,54,"(23, 17)",0,-0.08
187,55,"(23, 16)",0,-0.08
187,56,"(23, 15)",1,-0.08
187,57,"(24, 15)",1,-0.08
187,58,"(25, 15)",1,-0.08
187,59,"(26, 15)",1,-0.08
187,60,"(27, 15)",1,-0.08
187,61,"(28, 15)",1,-0.08
187,62,"(29, 15)",0,-0.08
187,63,"(29, 14)",0,-0.08
187,64,"(29, 13)",1,-0.08
187,65,"(30, 13)",1,-0.08
187,66,"(31, 13)",1,-0.08
187,67,"(32, 13)",1,-0.08
187,68,"(33, 13)",1,-0.08
187,69,"(34, 13)",1,-0.08
187,70,"(35, 13)",1,-0.08
187,71,"(36, 13)",1,-0.08
187,72,"(37, 13)",0,-0.08
187,73,"(37, 12)",1,-0.08
187,74,"(38, 12)",1,-0.08
187,75,"(39, 12)",0,-0.08
187,76,"(39, 11)",1,-0.08
187,77,"(40, 11)",1,-0.08
187,78,"(41, 11)",1,-0.08
187,79,"(42, 11)",1,-0.08
187,80,"(43, 11)",1,-0.08
187,81,"(44, 11)",1,-0.08
187,82,"(45, 11)",0,-0.08
187,83,"(45, 10)",1,-0.08
187,84,"(46, 10)",0,-0.08
187,85,"(46, 9)",0,-0.08
187,86,"(46, 8)",0,-0.08
187,87,"(46, 7)",1,-0.08
187,88,"(47, 7)",1,-0.08
187,89,"(48, 7)",1,-0.08
187,90,"(49, 7)",1,-0.08
187,91,"(50, 7)",1,-0.08
187,92,"(51, 7)",1,-0.08
187,93,"(52, 7)",1,-0.08
187,94,"(53, 7)",1,-0.08
187,95,"(54, 7)",1,-0.08
187,96,"(55, 7)",1,-0.08
187,97,"(56, 7)",1,-0.08
187,98,"(57, 7)",1,-0.08
187,99,"(58, 7)",1,-0.08
187,100,"(59, 7)",1,-0.08
187,101,"(60, 7)",1,-0.08
187,102,"(61, 7)",1,-0.08
187,103,"(62, 7)",1,-0.08
187,104,"(63, 7)",1,-0.08
187,105,"(64, 7)",1,-0.08
187,106,"(65, 7)",1,-0.08
187,107,"(66, 7)",1,-0.08
187,108,"(67, 7)",1,-0.08
187,109,"(68, 7)",1,-0.08
187,110,"(69, 7)",0,-0.08
187,111,"(69, 6)",1,-0.08
187,112,"(70, 6)",1,-0.08
187,113,"(71, 6)",1,-0.08
187,114,"(72, 6)",0,-0.08
187,115,"(72, 5)",1,-0.08
187,116,"(73, 5)",1,-0.08
187,117,"(74, 5)",0,-0.08
187,118,"(74, 4)",0,-0.08
187,119,"(74, 3)",1,-0.08
187,120,"(75, 3)",1,-0.08
187,121,"(76, 3)",0,-0.08
187,122,"(76, 2)",0,-0.08
187,123,"(76, 1)",1,-0.08
187,124,"(77, 1)",1,-0.08
187,125,"(78, 1)",0,-0.08
187,126,"(78, 0)",1,8.33
188,0,"(0, 39)",1,-0.08
188,1,"(1, 39)",0,-0.08
188,2,"(1, 38)",0,-0.08
188,3,"(1, 37)",1,-8.33
188,4,"(1, 37)",0,-8.33
188,5,"(1, 37)",3,-0.08
188,6,"(0, 37)",0,-0.08
188,7,"(0, 36)",0,-0.08
188,8,"(0, 35)",0,-0.08
188,9,"(0, 34)",0,-0.08
188,10,"(0, 33)",1,-0.08
188,11,"(1, 33)",1,-0.08
188,12,"(2, 33)",1,-0.08
188,13,"(3, 33)",0,-0.08
188,14,"(3, 32)",0,-0.08
188,15,"(3, 31)",0,-8.33
188,16,"(3, 31)",2,-0.08
188,17,"(3, 32)",2,-0.08
188,18,"(3, 33)",1,-0.08
188,19,"(4, 33)",1,-0.08
188,20,"(5, 33)",0,-0.08
188,21,"(5, 32)",0,-0.08
188,22,"(5, 31)",1,-0.08
188,23,"(6, 31)",1,-0.08
188,24,"(7, 31)",1,-0.08
188,25,"(8, 31)",0,-0.08
188,26,"(8, 30)",0,-0.08
188,27,"(8, 29)",1,-0.08
188,28,"(9, 29)",1,-0.08
188,29,"(10, 29)",0,-0.08
188,30,"(10, 28)",0,-0.08
188,31,"(10, 27)",1,-0.08
188,32,"(11, 27)",1,-0.08
188,33,"(12, 27)",1,-0.08
188,34,"(13, 27)",0,-0.08
188,35,"(13, 26)",0,-0.08
188,36,"(13, 25)",0,-0.08
188,37,"(13, 24)",1,-0.08
188,38,"(14, 24)",0,-0.08
188,39,"(14, 23)",1,-0.08
188,40,"(15, 23)",1,-0.08
188,41,"(16, 23)",0,-0.08
188,42,"(16, 22)",1,-0.08
188,43,"(17, 22)",1,-0.08
188,44,"(18, 22)",1,-0.08
188,45,"(19, 22)",1,-0.08
188,46,"(20, 22)",1,-0.08
188,47,"(21, 22)",0,-0.08
188,48,"(21, 21)",1,-0.08
188,49,"(22, 21)",1,-0.08
188,50,"(23, 21)",1,-0.08
188,51,"(24, 21)",1,-0.08
188,52,"(25, 21)",0,-0.08
188,53,"(25, 20)",0,-0.08
188,54,"(25, 19)",0,-0.08
188,55,"(25, 18)",0,-0.08
188,56,"(25, 17)",1,-0.08
188,57,"(26, 17)",1,-0.08
188,58,"(27, 17)",1,-0.08
188,59,"(28, 17)",0,-0.08
188,60,"(28, 16)",1,-0.08
188,61,"(29, 16)",0,-0.08
188,62,"(29, 15)",1,-0.08
188,63,"(30, 15)",1,-0.08
188,64,"(31, 15)",1,-0.08
188,65,"(32, 15)",0,-0.08
188,66,"(32, 14)",0,-0.08
188,67,"(32, 13)",1,-0.08
188,68,"(33, 13)",1,-0.08
188,69,"(34, 13)",1,-0.08
188,70,"(35, 13)",0,-0.08
188,71,"(35, 12)",1,-0.08
188,72,"(36, 12)",1,-0.08
188,73,"(37, 12)",1,-0.08
188,74,"(38, 12)",1,-0.08
188,75,"(39, 12)",0,-0.08
188,76,"(39, 11)",1,-0.08
188,77,"(40, 11)",1,-0.08
188,78,"(41, 11)",1,-0.08
188,79,"(42, 11)",1,-0.08
188,80,"(43, 11)",1,-0.08
188,81,"(44, 11)",1,-0.08
188,82,"(45, 11)",0,-0.08
188,83,"(45, 10)",0,-0.08
188,84,"(45, 9)",0,-0.08
188,85,"(45, 8)",1,-0.08
188,86,"(46, 8)",0,-0.08
188,87,"(46, 7)",1,-0.08
188,88,"(47, 7)",1,-0.08
188,89,"(48, 7)",1,-0.08
188,90,"(49, 7)",1,-0.08
188,91,"(50, 7)",1,-0.08
188,92,"(51, 7)",1,-0.08
188,93,"(52, 7)",1,-0.08
188,94,"(53, 7)",1,-0.08
188,95,"(54, 7)",1,-0.08
188,96,"(55, 7)",1,-0.08
188,97,"(56, 7)",1,-0.08
188,98,"(57, 7)",1,-0.08
188,99,"(58, 7)",1,-0.08
188,100,"(59, 7)",1,-0.08
188,101,"(60, 7)",1,-0.08
188,102,"(61, 7)",1,-0.08
188,103,"(62, 7)",1,-0.08
188,104,"(63, 7)",1,-0.08
188,105,"(64, 7)",1,-0.08
188,106,"(65, 7)",1,-0.08
188,107,"(66, 7)",1,-0.08
188,108,"(67, 7)",1,-0.08
188,109,"(68, 7)",1,-0.08
188,110,"(69, 7)",0,-0.08
188,111,"(69, 6)",1,-0.08
188,112,"(70, 6)",1,-0.08
188,113,"(71, 6)",1,-0.08
188,114,"(72, 6)",1,-0.08
188,115,"(73, 6)",1,-0.08
188,116,"(74, 6)",0,-0.08
188,117,"(74, 5)",0,-0.08
188,118,"(74, 4)",0,-0.08
188,119,"(74, 3)",1,-0.08
188,120,"(75, 3)",1,-0.08
188,121,"(76, 3)",0,-0.08
188,122,"(76, 2)",0,-0.08
188,123,"(76, 1)",1,-0.08
188,124,"(77, 1)",0,-0.08
188,125,"(77, 0)",1,-0.08
188,126,"(78, 0)",1,8.33
189,0,"(0, 39)",0,-0.08
189,1,"(0, 38)",1,-0.08
189,2,"(1, 38)",1,-8.33
189,3,"(1, 38)",0,-0.08
189,4,"(1, 37)",0,-8.33
189,5,"(1, 37)",3,-0.08
189,6,"(0, 37)",0,-0.08
189,7,"(0, 36)",0,-0.08
189,8,"(0, 35)",0,-0.08
189,9,"(0, 34)",0,-0.08
189,10,"(0, 33)",1,-0.08
189,11,"(1, 33)",0,-0.08
189,12,"(1, 32)",1,-0.08
189,13,"(2, 32)",1,-0.08
189,14,"(3, 32)",0,-0.08
189,15,"(3, 31)",0,-8.33
189,16,"(3, 31)",0,-8.33
189,17,"(3, 31)",3,-0.08
189,18,"(2, 31)",3,-0.08
189,19,"(1, 31)",0,-0.08
189,20,"(1, 30)",0,-0.08
189,21,"(1, 29)",1,-0.08
189,22,"(2, 29)",1,-0.08
189,23,"(3, 29)",0,-0.08
189,24,"(3, 28)",0,-0.08
189,25,"(3, 27)",0,-0.08
189,26,"(3, 26)",0,-0.08
189,27,"(3, 25)",1,-0.08
189,28,"(4, 25)",1,-0.08
189,29,"(5, 25)",1,-0.08
189,30,"(6, 25)",1,-0.08
189,31,"(7, 25)",1,-0.08
189,32,"(8, 25)",1,-0.08
189,33,"(9, 25)",0,-0.08
189,34,"(9, 24)",1,-0.08
189,35,"(10, 24)",1,-0.08
189,36,"(11, 24)",1,-0.08
189,37,"(12, 24)",1,-0.08
189,38,"(13, 24)",1,-0.08
189,39,"(14, 24)",0,-0.08
189,40,"(14, 23)",1,-0.08
189,41,"(15, 23)",1,-0.08
189,42,"(16, 23)",1,-0.08
189,43,"(17, 23)",0,-0.08
189,44,"(17, 22)",1,-0.08
189,45,"(18, 22)",1,-0.08
189,46,"(19, 22)",0,-0.08
189,47,"(19, 21)",0,-0.08
189,48,"(19, 20)",1,-0.08
189,49,"(20, 20)",0,-0.08
189,50,"(20, 19)",1,-0.08
189,51,"(21, 19)",1,-0.08
189,52,"(22, 19)",1,-0.08
189,53,"(23, 19)",0,-0.08
189,54,"(23, 18)",0,-0.08
189,55,"(23, 17)",1,-0.08
189,56,"(24, 17)",1,-0.08
189,57,"(25, 17)",1,-0.08
189,58,"(26, 17)",1,-0.08
189,59,"(27, 17)",0,-0.08
189,60,"(27, 16)",0,-0.08
189,61,"(27, 15)",0,-0.08
189,62,"(27, 14)",0,-0.08
189,63,"(27, 13)",1,-0.08
189,64,"(28, 13)",1,-0.08
189,65,"(29, 13)",1,-0.08
189,66,"(30, 13)",1,-0.08
189,67,"(31, 13)",1,-0.08
189,68,"(32, 13)",1,-0.08
189,69,"(33, 13)",1,-0.08
189,70,"(34, 13)",1,-0.08
189,71,"(35, 13)",1,-0.08
189,72,"(36, 13)",1,-0.08
189,73,"(37, 13)",1,-0.08
189,74,"(38, 13)",0,-0.08
189,75,"(38, 12)",1,-0.08
189,76,"(39, 12)",0,-0.08
189,77,"(39, 11)",1,-0.08
189,78,"(40, 11)",1,-0.08
189,79,"(41, 11)",1,-0.08
189,80,"(42, 11)",1,-0.08
189,81,"(43, 11)",1,-0.08
189,82,"(44, 11)",1,-0.08
189,83,"(45, 11)",0,-0.08
189,84,"(45, 10)",0,-0.08
189,85,"(45, 9)",1,-0.08
189,86,"(46, 9)",0,-0.08
189,87,"(46, 8)",0,-0.08
189,88,"(46, 7)",1,-0.08
189,89,"(47, 7)",1,-0.08
189,90,"(48, 7)",1,-0.08
189,91,"(49, 7)",1,-0.08
189,92,"(50, 7)",1,-0.08
189,93,"(51, 7)",1,-0.08
189,94,"(52, 7)",1,-0.08
189,95,"(53, 7)",1,-0.08
189,96,"(54, 7)",1,-0.08
189,97,"(55, 7)",1,-0.08
189,98,"(56, 7)",1,-0.08
189,99,"(57, 7)",1,-0.08
189,100,"(58, 7)",1,-0.08
189,101,"(59, 7)",1,-0.08
189,102,"(60, 7)",1,-0.08
189,103,"(61, 7)",1,-0.08
189,104,"(62, 7)",1,-0.08
189,105,"(63, 7)",1,-0.08
189,106,"(64, 7)",1,-0.08
189,107,"(65, 7)",1,-0.08
189,108,"(66, 7)",1,-0.08
189,109,"(67, 7)",1,-0.08
189,110,"(68, 7)",1,-0.08
189,111,"(69, 7)",0,-0.08
189,112,"(69, 6)",1,-0.08
189,113,"(70, 6)",1,-0.08
189,114,"(71, 6)",1,-0.08
189,115,"(72, 6)",0,-0.08
189,116,"(72, 5)",1,-0.08
189,117,"(73, 5)",1,-0.08
189,118,"(74, 5)",1,-0.08
189,119,"(75, 5)",1,-0.08
189,120,"(76, 5)",1,-0.08
189,121,"(77, 5)",0,-0.08
189,122,"(77, 4)",0,-0.08
189,123,"(77, 3)",0,-0.08
189,124,"(77, 2)",0,-0.08
189,125,"(77, 1)",1,-0.08
189,126,"(78, 1)",0,-0.08
189,127,"(78, 0)",1,8.33
190,0,"(0, 39)",1,-0.08
190,1,"(1, 39)",0,-0.08
190,2,"(1, 38)",0,-0.08
190,3,"(1, 37)",0,-8.33
190,4,"(1, 37)",3,-0.08
190,5,"(0, 37)",0,-0.08
190,6,"(0, 36)",0,-0.08
190,7,"(0, 35)",0,-0.08
190,8,"(0, 34)",1,-0.08
190,9,"(1, 34)",0,-0.08
190,10,"(1, 33)",1,-0.08
190,11,"(2, 33)",0,-0.08
190,12,"(2, 32)",0,-0.08
190,13,"(2, 31)",1,-0.08
190,14,"(3, 31)",0,-8.33
190,15,"(3, 31)",0,-8.33
190,16,"(3, 31)",3,-0.08
190,17,"(2, 31)",3,-0.08
190,18,"(1, 31)",0,-0.08
190,19,"(1, 30)",0,-0.08
190,20,"(1, 29)",0,-0.08
190,21,"(1, 28)",0,-0.08
190,22,"(1, 27)",0,-0.08
190,23,"(1, 26)",1,-0.08
190,24,"(2, 26)",1,-0.08
190,25,"(3, 26)",0,-0.08
190,26,"(3, 25)",1,-0.08
190,27,"(4, 25)",1,-0.08
190,28,"(5, 25)",1,-0.08
190,29,"(6, 25)",1,-0.08
190,30,"(7, 25)",1,-0.08
190,31,"(8, 25)",1,-0.08
190,32,"(9, 25)",1,-0.08
190,33,"(10, 25)",0,-0.08
190,34,"(10, 24)",1,-0.08
190,35,"(11, 24)",1,-0.08
190,36,"(12, 24)",1,-0.08
190,37,"(13, 24)",0,-0.08
190,38,"(13, 23)",1,-0.08
190,39,"(14, 23)",1,-0.08
190,40,"(15, 23)",1,-0.08
190,41,"(16, 23)",0,-0.08
190,42,"(16, 22)",1,-0.08
190,43,"(17, 22)",1,-0.08
190,44,"(18, 22)",1,-0.08
190,45,"(19, 22)",1,-0.08
190,46,"(20, 22)",1,-0.08
190,47,"(21, 22)",0,-0.08
190,48,"(21, 21)",0,-0.08
190,49,"(21, 20)",0,-0.08
190,50,"(21, 19)",1,-0.08
190,51,"(22, 19)",1,-0.08
190,52,"(23, 19)",0,-0.08
190,53,"(23, 18)",0,-0.08
190,54,"(23, 17)",0,-0.08
190,55,"(23, 16)",0,-0.08
190,56,"(23, 15)",1,-0.08
190,57,"(24, 15)",1,-0.08
190,58,"(25, 15)",1,-0.08
190,59,"(26, 15)",1,-0.08
190,60,"(27, 15)",1,-0.08
190,61,"(28, 15)",1,-0.08
190,62,"(29, 15)",1,-0.08
190,63,"(30, 15)",1,-0.08
190,64,"(31, 15)",1,-0.08
190,65,"(32, 15)",1,-0.08
190,66,"(33, 15)",1,-0.08
190,67,"(34, 15)",0,-0.08
190,68,"(34, 14)",1,-0.08
190,69,"(35, 14)",0,-0.08
190,70,"(35, 13)",1,-0.08
190,71,"(36, 13)",1,-0.08
190,72,"(37, 13)",0,-0.08
190,73,"(37, 12)",1,-0.08
190,74,"(38, 12)",1,-0.08
190,75,"(39, 12)",0,-0.08
190,76,"(39, 11)",1,-0.08
190,77,"(40, 11)",1,-0.08
190,78,"(41, 11)",1,-0.08
190,79,"(42, 11)",1,-0.08
190,80,"(43, 11)",1,-0.08
190,81,"(44, 11)",1,-0.08
190,82,"(45, 11)",0,-0.08
190,83,"(45, 10)",1,-0.08
190,84,"(46, 10)",0,-0.08
190,85,"(46, 9)",0,-0.08
190,86,"(46, 8)",0,-0.08
190,87,"(46, 7)",1,-0.08
190,88,"(47, 7)",1,-0.08
190,89,"(48, 7)",1,-0.08
190,90,"(49, 7)",1,-0.08
190,91,"(50, 7)",1,-0.08
190,92,"(51, 7)",1,-0.08
190,93,"(52, 7)",1,-0.08
190,94,"(53, 7)",1,-0.08
190,95,"(54, 7)",1,-0.08
190,96,"(55, 7)",1,-0.08
190,97,"(56, 7)",1,-0.08
190,98,"(57, 7)",1,-0.08
190,99,"(58, 7)",1,-0.08
190,100,"(59, 7)",1,-0.08
190,101,"(60, 7)",1,-0.08
190,102,"(61, 7)",1,-0.08
190,103,"(62, 7)",1,-0.08
190,104,"(63, 7)",1,-0.08
190,105,"(64, 7)",1,-0.08
190,106,"(65, 7)",1,-0.08
190,107,"(66, 7)",1,-0.08
190,108,"(67, 7)",1,-0.08
190,109,"(68, 7)",1,-0.08
190,110,"(69, 7)",1,-0.08
190,111,"(70, 7)",0,-0.08
190,112,"(70, 6)",1,-0.08
190,113,"(71, 6)",1,-0.08
190,114,"(72, 6)",0,-0.08
190,115,"(72, 5)",1,-0.08
190,116,"(73, 5)",1,-0.08
190,117,"(74, 5)",1,-0.08
190,118,"(75, 5)",1,-0.08
190,119,"(76, 5)",1,-0.08
190,120,"(77, 5)",0,-0.08
190,121,"(77, 4)",0,-0.08
190,122,"(77, 3)",0,-0.08
190,123,"(77, 2)",0,-0.08
190,124,"(77, 1)",0,-0.08
190,125,"(77, 0)",1,-0.08
190,126,"(78, 0)",1,8.33
191,0,"(0, 39)",0,-0.08
191,1,"(0, 38)",0,-0.08
191,2,"(0, 37)",1,-0.08
191,3,"(1, 37)",0,-8.33
191,4,"(1, 37)",3,-0.08
191,5,"(0, 37)",0,-0.08
191,6,"(0, 36)",0,-0.08
191,7,"(0, 35)",0,-0.08
191,8,"(0, 34)",1,-0.08
191,9,"(1, 34)",1,-0.08
191,10,"(2, 34)",0,-0.08
191,11,"(2, 33)",0,-0.08
191,12,"(2, 32)",0,-0.08
191,13,"(2, 31)",1,-0.08
191,14,"(3, 31)",0,-8.33
191,15,"(3, 31)",0,-8.33
191,16,"(3, 31)",3,-0.08
191,17,"(2, 31)",3,-0.08
191,18,"(1, 31)",0,-0.08
191,19,"(1, 30)",0,-0.08
191,20,"(1, 29)",1,-0.08
191,21,"(2, 29)",1,-0.08
191,22,"(3, 29)",0,-0.08
191,23,"(3, 28)",0,-0.08
191,24,"(3, 27)",0,-0.08
191,25,"(3, 26)",0,-0.08
191,26,"(3, 25)",1,-0.08
191,27,"(4, 25)",1,-0.08
191,28,"(5, 25)",1,-0.08
191,29,"(6, 25)",1,-0.08
191,30,"(7, 25)",1,-0.08
191,31,"(8, 25)",1,-0.08
191,32,"(9, 25)",1,-0.08
191,33,"(10, 25)",0,-0.08
191,34,"(10, 24)",1,-0.08
191,35,"(11, 24)",1,-0.08
191,36,"(12, 24)",1,-0.08
191,37,"(13, 24)",1,-0.08
191,38,"(14, 24)",0,-0.08
191,39,"(14, 23)",1,-0.08
191,40,"(15, 23)",1,-0.08
191,41,"(16, 23)",1,-0.08
191,42,"(17, 23)",0,-0.08
191,43,"(17, 22)",1,-0.08
191,44,"(18, 22)",1,-0.08
191,45,"(19, 22)",0,-0.08
191,46,"(19, 21)",0,-0.08
191,47,"(19, 20)",1,-0.08
191,48,"(20, 20)",0,-0.08
191,49,"(20, 19)",1,-0.08
191,50,"(21, 19)",1,-0.08
191,51,"(22, 19)",1,-0.08
191,52,"(23, 19)",0,-0.08
191,53,"(23, 18)",0,-0.08
191,54,"(23, 17)",1,-0.08
191,55,"(24, 17)",1,-0.08
191,56,"(25, 17)",1,-0.08
191,57,"(26, 17)",1,-0.08
191,58,"(27, 17)",1,-0.08
191,59,"(28, 17)",1,-0.08
191,60,"(29, 17)",0,-0.08
191,61,"(29, 16)",0,-0.08
191,62,"(29, 15)",1,-0.08
191,63,"(30, 15)",1,-0.08
191,64,"(31, 15)",1,-0.08
191,65,"(32, 15)",0,-0.08
191,66,"(32, 14)",0,-0.08
191,67,"(32, 13)",1,-0.08
191,68,"(33, 13)",1,-0.08
191,69,"(34, 13)",1,-0.08
191,70,"(35, 13)",1,-0.08
191,71,"(36, 13)",0,-0.08
191,72,"(36, 12)",1,-0.08
191,73,"(37, 12)",1,-0.08
191,74,"(38, 12)",1,-0.08
191,75,"(39, 12)",0,-0.08
191,76,"(39, 11)",1,-0.08
191,77,"(40, 11)",1,-0.08
191,78,"(41, 11)",1,-0.08
191,79,"(42, 11)",1,-0.08
191,80,"(43, 11)",1,-0.08
191,81,"(44, 11)",1,-0.08
191,82,"(45, 11)",0,-0.08
191,83,"(45, 10)",0,-0.08
191,84,"(45, 9)",1,-0.08
191,85,"(46, 9)",0,-0.08
191,86,"(46, 8)",0,-0.08
191,87,"(46, 7)",1,-0.08
191,88,"(47, 7)",1,-0.08
191,89,"(48, 7)",1,-0.08
191,90,"(49, 7)",1,-0.08
191,91,"(50, 7)",1,-0.08
191,92,"(51, 7)",1,-0.08
191,93,"(52, 7)",1,-0.08
191,94,"(53, 7)",1,-0.08
191,95,"(54, 7)",1,-0.08
191,96,"(55, 7)",1,-0.08
191,97,"(56, 7)",1,-0.08
191,98,"(57, 7)",1,-0.08
191,99,"(58, 7)",1,-0.08
191,100,"(59, 7)",1,-0.08
191,101,"(60, 7)",1,-0.08
191,102,"(61, 7)",1,-0.08
191,103,"(62, 7)",1,-0.08
191,104,"(63, 7)",1,-0.08
191,105,"(64, 7)",1,-0.08
191,106,"(65, 7)",1,-0.08
191,107,"(66, 7)",1,-0.08
191,108,"(67, 7)",1,-0.08
191,109,"(68, 7)",1,-0.08
191,110,"(69, 7)",0,-0.08
191,111,"(69, 6)",1,-0.08
191,112,"(70, 6)",1,-0.08
191,113,"(71, 6)",1,-0.08
191,114,"(72, 6)",0,-0.08
191,115,"(72, 5)",1,-0.08
191,116,"(73, 5)",1,-0.08
191,117,"(74, 5)",0,-0.08
191,118,"(74, 4)",1,-0.08
191,119,"(75, 4)",0,-0.08
191,120,"(75, 3)",1,-0.08
191,121,"(76, 3)",1,-0.08
191,122,"(77, 3)",0,-0.08
191,123,"(77, 2)",0,-0.08
191,124,"(77, 1)",0,-0.08
191,125,"(77, 0)",1,-0.08
191,126,"(78, 0)",1,8.33
192,0,"(0, 39)",1,-0.08
192,1,"(1, 39)",1,-0.08
192,2,"(2, 39)",1,-0.08
192,3,"(3, 39)",0,-0.08
192,4,"(3, 38)",0,-0.08
192,5,"(3, 37)",1,-8.33
192,6,"(3, 37)",0,-0.08
192,7,"(3, 36)",0,-0.08
192,8,"(3, 35)",3,-0.08
192,9,"(2, 35)",0,-0.08
192,10,"(2, 34)",0,-0.08
192,11,"(2, 33)",1,-0.08
192,12,"(3, 33)",0,-0.08
192,13,"(3, 32)",0,-0.08
192,14,"(3, 31)",0,-8.33
192,15,"(3, 31)",3,-0.08
192,16,"(2, 31)",3,-0.08
192,17,"(1, 31)",0,-0.08
192,18,"(1, 30)",0,-0.08
192,19,"(1, 29)",0,-0.08
192,20,"(1, 28)",0,-0.08
192,21,"(1, 27)",0,-0.08
192,22,"(1, 26)",1,-0.08
192,23,"(2, 26)",0,-0.08
192,24,"(2, 25)",1,-0.08
192,25,"(3, 25)",1,-0.08
192,26,"(4, 25)",1,-0.08
192,27,"(5, 25)",1,-0.08
192,28,"(6, 25)",1,-0.08
192,29,"(7, 25)",1,-0.08
192,30,"(8, 25)",1,-0.08
192,31,"(9, 25)",0,-0.08
192,32,"(9, 24)",1,-0.08
192,33,"(10, 24)",1,-0.08
192,34,"(11, 24)",1,-0.08
192,35,"(12, 24)",1,-0.08
192,36,"(13, 24)",0,-0.08
192,37,"(13, 23)",1,-0.08
192,38,"(14, 23)",1,-0.08
192,39,"(15, 23)",1,-0.08
192,40,"(16, 23)",0,-0.08
192,41,"(16, 22)",1,-0.08
192,42,"(17, 22)",1,-0.08
192,43,"(18, 22)",1,-0.08
192,44,"(19, 22)",0,-0.08
192,45,"(19, 21)",0,-0.08
192,46,"(19, 20)",0,-0.08
192,47,"(19, 19)",1,-0.08
192,48,"(20, 19)",1,-0.08
192,49,"(21, 19)",1,-0.08
192,50,"(22, 19)",1,-0.08
192,51,"(23, 19)",0,-0.08
192,52,"(23, 18)",0,-0.08
192,53,"(23, 17)",1,-0.08
192,54,"(24, 17)",1,-0.08
192,55,"(25, 17)",1,-0.08
192,56,"(26, 17)",1,-0.08
192,57,"(27, 17)",1,-0.08
192,58,"(28, 17)",1,-0.08
192,59,"(29, 17)",1,-0.08
192,60,"(30, 17)",1,-0.08
192,61,"(31, 17)",0,-0.08
192,62,"(31, 16)",0,-0.08
192,63,"(31, 15)",1,-0.08
192,64,"(32, 15)",0,-0.08
192,65,"(32, 14)",0,-0.08
192,66,"(32, 13)",1,-0.08
192,67,"(33, 13)",1,-0.08
192,68,"(34, 13)",1,-0.08
192,69,"(35, 13)",0,-0.08
192,70,"(35, 12)",1,-0.08
192,71,"(36, 12)",1,-0.08
192,72,"(37, 12)",1,-0.08
192,73,"(38, 12)",1,-0.08
192,74,"(39, 12)",0,-0.08
192,75,"(39, 11)",1,-0.08
192,76,"(40, 11)",1,-0.08
192,77,"(41, 11)",1,-0.08
192,78,"(42, 11)",1,-0.08
192,79,"(43, 11)",1,-0.08
192,80,"(44, 11)",1,-0.08
192,81,"(45, 11)",0,-0.08
192,82,"(45, 10)",0,-0.08
192,83,"(45, 9)",0,-0.08
192,84,"(45, 8)",0,-0.08
192,85,"(45, 7)",1,-0.08
192,86,"(46, 7)",1,-0.08
192,87,"(47, 7)",1,-0.08
192,88,"(48, 7)",1,-0.08
192,89,"(49, 7)",1,-0.08
192,90,"(50, 7)",1,-0.08
192,91,"(51, 7)",1,-0.08
192,92,"(52, 7)",1,-0.08
192,93,"(53, 7)",1,-0.08
192,94,"(54, 7)",1,-0.08
192,95,"(55, 7)",1,-0.08
192,96,"(56, 7)",1,-0.08
192,97,"(57, 7)",1,-0.08
192,98,"(58, 7)",1,-0.08
192,99,"(59, 7)",1,-0.08
192,100,"(60, 7)",1,-0.08
192,101,"(61, 7)",1,-0.08
192,102,"(62, 7)",1,-0.08
192,103,"(63, 7)",1,-0.08
192,104,"(64, 7)",1,-0.08
192,105,"(65, 7)",1,-0.08
192,106,"(66, 7)",1,-0.08
192,107,"(67, 7)",1,-0.08
192,108,"(68, 7)",1,-0.08
192,109,"(69, 7)",1,-0.08
192,110,"(70, 7)",0,-0.08
192,111,"(70, 6)",1,-0.08
192,112,"(71, 6)",1,-0.08
192,113,"(72, 6)",0,-0.08
192,114,"(72, 5)",1,-0.08
192,115,"(73, 5)",1,-0.08
192,116,"(74, 5)",1,-0.08
192,117,"(75, 5)",1,-0.08
192,118,"(76, 5)",1,-0.08
192,119,"(77, 5)",0,-0.08
192,120,"(77, 4)",0,-0.08
192,121,"(77, 3)",0,-0.08
192,122,"(77, 2)",0,-0.08
192,123,"(77, 1)",1,-0.08
192,124,"(78, 1)",0,-0.08
192,125,"(78, 0)",1,8.33
193,0,"(0, 39)",0,-0.08
193,1,"(0, 38)",0,-0.08
193,2,"(0, 37)",0,-0.08
193,3,"(0, 36)",1,-8.33
193,4,"(0, 36)",0,-0.08
193,5,"(0, 35)",1,-0.08
193,6,"(1, 35)",0,-0.08
193,7,"(1, 34)",1,-0.08
193,8,"(2, 34)",0,-0.08
193,9,"(2, 33)",0,-0.08
193,10,"(2, 32)",1,-0.08
193,11,"(3, 32)",0,-0.08
193,12,"(3, 31)",0,-8.33
193,13,"(3, 31)",0,-8.33
193,14,"(3, 31)",3,-0.08
193,15,"(2, 31)",3,-0.08
193,16,"(1, 31)",0,-0.08
193,17,"(1, 30)",0,-0.08
193,18,"(1, 29)",0,-0.08
193,19,"(1, 28)",0,-0.08
193,20,"(1, 27)",0,-0.08
193,21,"(1, 26)",1,-0.08
193,22,"(2, 26)",0,-0.08
193,23,"(2, 25)",1,-0.08
193,24,"(3, 25)",1,-0.08
193,25,"(4, 25)",1,-0.08
193,26,"(5, 25)",1,-0.08
193,27,"(6, 25)",1,-0.08
193,28,"(7, 25)",1,-0.08
193,29,"(8, 25)",1,-0.08
193,30,"(9, 25)",1,-0.08
193,31,"(10, 25)",0,-0.08
193,32,"(10, 24)",1,-0.08
193,33,"(11, 24)",1,-0.08
193,34,"(12, 24)",1,-0.08
193,35,"(13, 24)",0,-0.08
193,36,"(13, 23)",1,-0.08
193,37,"(14, 23)",1,-0.08
193,38,"(15, 23)",1,-0.08
193,39,"(16, 23)",1,-0.08
193,40,"(17, 23)",1,-0.08
193,41,"(18, 23)",1,-0.08
193,42,"(19, 23)",0,-0.08
193,43,"(19, 22)",0,-0.08
193,44,"(19, 21)",1,-0.08
193,45,"(20, 21)",0,-0.08
193,46,"(20, 20)",0,-0.08
193,47,"(20, 19)",1,-0.08
193,48,"(21, 19)",1,-0.08
193,49,"(22, 19)",1,-0.08
193,50,"(23, 19)",0,-0.08
193,51,"(23, 18)",0,-0.08
193,52,"(23, 17)",0,-0.08
193,53,"(23, 16)",0,-0.08
193,54,"(23, 15)",1,-0.08
193,55,"(24, 15)",1,-0.08
193,56,"(25, 15)",1,-0.08
193,57,"(26, 15)",1,-0.08
193,58,"(27, 15)",0,-0.08
193,59,"(27, 14)",0,-0.08
193,60,"(27, 13)",1,-0.08
193,61,"(28, 13)",1,-0.08
193,62,"(29, 13)",1,-0.08
193,63,"(30, 13)",1,-0.08
193,64,"(31, 13)",1,-0.08
193,65,"(32, 13)",1,-0.08
193,66,"(33, 13)",1,-0.08
193,67,"(34, 13)",1,-0.08
193,68,"(35, 13)",1,-0.08
193,69,"(36, 13)",0,-0.08
193,70,"(36, 12)",1,-0.08
193,71,"(37, 12)",1,-0.08
193,72,"(38, 12)",1,-0.08
193,73,"(39, 12)",0,-0.08
193,74,"(39, 11)",1,-0.08
193,75,"(40, 11)",1,-0.08
193,76,"(41, 11)",1,-0.08
193,77,"(42, 11)",1,-0.08
193,78,"(43, 11)",1,-0.08
193,79,"(44, 11)",1,-0.08
193,80,"(45, 11)",0,-0.08
193,81,"(45, 10)",1,-0.08
193,82,"(46, 10)",1,-0.08
193,83,"(47, 10)",1,-0.08
193,84,"(48, 10)",1,-0.08
193,85,"(49, 10)",1,-0.08
193,86,"(50, 10)",0,-0.08
193,87,"(50, 9)",0,-0.08
193,88,"(50, 8)",0,-0.08
193,89,"(50, 7)",1,-0.08
193,90,"(51, 7)",1,-0.08
193,91,"(52, 7)",1,-0.08
193,92,"(53, 7)",1,-0.08
193,93,"(54, 7)",1,-0.08
193,94,"(55, 7)",1,-0.08
193,95,"(56, 7)",1,-0.08
193,96,"(57, 7)",1,-0.08
193,97,"(58, 7)",1,-0.08
193,98,"(59, 7)",1,-0.08
193,99,"(60, 7)",1,-0.08
193,100,"(61, 7)",1,-0.08
193,101,"(62, 7)",1,-0.08
193,102,"(63, 7)",1,-0.08
193,103,"(64, 7)",1,-0.08
193,104,"(65, 7)",1,-0.08
193,105,"(66, 7)",1,-0.08
193,106,"(67, 7)",1,-0.08
193,107,"(68, 7)",1,-0.08
193,108,"(69, 7)",1,-0.08
193,109,"(70, 7)",1,-0.08
193,110,"(71, 7)",1,-0.08
193,111,"(72, 7)",0,-0.08
193,112,"(72, 6)",0,-0.08
193,113,"(72, 5)",1,-0.08
193,114,"(73, 5)",1,-0.08
193,115,"(74, 5)",1,-0.08
193,116,"(75, 5)",0,-0.08
193,117,"(75, 4)",0,-0.08
193,118,"(75, 3)",1,-0.08
193,119,"(76, 3)",1,-0.08
193,120,"(77, 3)",0,-0.08
193,121,"(77, 2)",0,-0.08
193,122,"(77, 1)",1,-0.08
193,123,"(78, 1)",0,-0.08
193,124,"(78, 0)",1,8.33
194,0,"(0, 39)",0,-0.08
194,1,"(0, 38)",0,-0.08
194,2,"(0, 37)",0,-0.08
194,3,"(0, 36)",0,-0.08
194,4,"(0, 35)",0,-0.08
194,5,"(0, 34)",0,-0.08
194,6,"(0, 33)",0,-8.33
194,7,"(0, 33)",1,-0.08
194,8,"(1, 33)",0,-0.08
194,9,"(1, 32)",1,-0.08
194,10,"(2, 32)",1,-0.08
194,11,"(3, 32)",0,-0.08
194,12,"(3, 31)",0,-8.33
194,13,"(3, 31)",0,-8.33
194,14,"(3, 31)",2,-0.08
194,15,"(3, 32)",2,-0.08
194,16,"(3, 33)",1,-0.08
194,17,"(4, 33)",1,-0.08
194,18,"(5, 33)",1,-0.08
194,19,"(6, 33)",1,-0.08
194,20,"(7, 33)",1,-0.08
194,21,"(8, 33)",1,-0.08
194,22,"(9, 33)",1,-0.08
194,23,"(10, 33)",1,-0.08
194,24,"(11, 33)",1,-0.08
194,25,"(12, 33)",1,-0.08
194,26,"(13, 33)",1,-0.08
194,27,"(14, 33)",1,-0.08
194,28,"(15, 33)",0,-0.08
194,29,"(15, 32)",0,-0.08
194,30,"(15, 31)",1,-0.08
194,31,"(16, 31)",0,-0.08
194,32,"(16, 30)",0,-0.08
194,33,"(16, 29)",1,-0.08
194,34,"(17, 29)",1,-0.08
194,35,"(18, 29)",1,-0.08
194,36,"(19, 29)",1,-0.08
194,37,"(20, 29)",0,-0.08
194,38,"(20, 28)",1,-0.08
194,39,"(21, 28)",0,-0.08
194,40,"(21, 27)",0,-0.08
194,41,"(21, 26)",0,-0.08
194,42,"(21, 25)",1,-0.08
194,43,"(22, 25)",0,-0.08
194,44,"(22, 24)",1,-0.08
194,45,"(23, 24)",0,-0.08
194,46,"(23, 23)",1,-0.08
194,47,"(24, 23)",1,-0.08
194,48,"(25, 23)",0,-0.08
194,49,"(25, 22)",0,-0.08
194,50,"(25, 21)",1,-0.08
194,51,"(26, 21)",1,-0.08
194,52,"(27, 21)",0,-0.08
194,53,"(27, 20)",1,-0.08
194,54,"(28, 20)",0,-0.08
194,55,"(28, 19)",1,-0.08
194,56,"(29, 19)",1,-0.08
194,57,"(30, 19)",1,-0.08
194,58,"(31, 19)",1,-0.08
194,59,"(32, 19)",1,-0.08
194,60,"(33, 19)",1,-0.08
194,61,"(34, 19)",1,-0.08
194,62,"(35, 19)",1,-0.08
194,63,"(36, 19)",1,-0.08
194,64,"(37, 19)",0,-0.08
194,65,"(37, 18)",0,-0.08
194,66,"(37, 17)",0,-0.08
194,67,"(37, 16)",0,-0.08
194,68,"(37, 15)",1,-0.08
194,69,"(38, 15)",0,-0.08
194,70,"(38, 14)",0,-0.08
194,71,"(38, 13)",1,-0.08
194,72,"(39, 13)",1,-0.08
194,73,"(40, 13)",1,-0.08
194,74,"(41, 13)",1,-0.08
194,75,"(42, 13)",1,-0.08
194,76,"(43, 13)",0,-0.08
194,77,"(43, 12)",0,-0.08
194,78,"(43, 11)",1,-0.08
194,79,"(44, 11)",1,-0.08
194,80,"(45, 11)",0,-0.08
194,81,"(45, 10)",1,-0.08
194,82,"(46, 10)",0,-0.08
194,83,"(46, 9)",0,-0.08
194,84,"(46, 8)",0,-0.08
194,85,"(46, 7)",1,-0.08
194,86,"(47, 7)",1,-0.08
194,87,"(48, 7)",1,-0.08
194,88,"(49, 7)",1,-0.08
194,89,"(50, 7)",1,-0.08
194,90,"(51, 7)",1,-0.08
194,91,"(52, 7)",1,-0.08
194,92,"(53, 7)",1,-0.08
194,93,"(54, 7)",1,-0.08
194,94,"(55, 7)",1,-0.08
194,95,"(56, 7)",1,-0.08
194,96,"(57, 7)",1,-0.08
194,97,"(58, 7)",1,-0.08
194,98,"(59, 7)",1,-0.08
194,99,"(60, 7)",1,-0.08
194,100,"(61, 7)",1,-0.08
194,101,"(62, 7)",1,-0.08
194,102,"(63, 7)",1,-0.08
194,103,"(64, 7)",1,-0.08
194,104,"(65, 7)",1,-0.08
194,105,"(66, 7)",1,-0.08
194,106,"(67, 7)",1,-0.08
194,107,"(68, 7)",1,-0.08
194,108,"(69, 7)",0,-0.08
194,109,"(69, 6)",1,-0.08
194,110,"(70, 6)",1,-0.08
194,111,"(71, 6)",0,-0.08
194,112,"(71, 5)",1,-0.08
194,113,"(72, 5)",1,-0.08
194,114,"(73, 5)",1,-0.08
194,115,"(74, 5)",0,-0.08
194,116,"(74, 4)",1,-0.08
194,117,"(75, 4)",0,-0.08
194,118,"(75, 3)",1,-0.08
194,119,"(76, 3)",0,-0.08
194,120,"(76, 2)",1,-0.08
194,121,"(77, 2)",0,-0.08
194,122,"(77, 1)",1,-0.08
194,123,"(78, 1)",0,-0.08
194,124,"(78, 0)",1,8.33
195,0,"(0, 39)",1,-0.08
195,1,"(1, 39)",0,-0.08
195,2,"(1, 38)",1,-8.33
195,3,"(1, 38)",0,-0.08
195,4,"(1, 37)",0,-8.33
195,5,"(1, 37)",3,-0.08
195,6,"(0, 37)",0,-0.08
195,7,"(0, 36)",0,-0.08
195,8,"(0, 35)",1,-0.08
195,9,"(1, 35)",0,-0.08
195,10,"(1, 34)",1,-0.08
195,11,"(2, 34)",0,-0.08
195,12,"(2, 33)",1,-0.08
195,13,"(3, 33)",0,-0.08
195,14,"(3, 32)",0,-0.08
195,15,"(3, 31)",0,-8.33
195,16,"(3, 31)",2,-0.08
195,17,"(3, 32)",2,-0.08
195,18,"(3, 33)",1,-0.08
195,19,"(4, 33)",1,-0.08
195,20,"(5, 33)",0,-0.08
195,21,"(5, 32)",0,-0.08
195,22,"(5, 31)",1,-0.08
195,23,"(6, 31)",1,-0.08
195,24,"(7, 31)",1,-0.08
195,25,"(8, 31)",1,-0.08
195,26,"(9, 31)",0,-0.08
195,27,"(9, 30)",1,-0.08
195,28,"(10, 30)",0,-0.08
195,29,"(10, 29)",0,-0.08
195,30,"(10, 28)",0,-0.08
195,31,"(10, 27)",1,-0.08
195,32,"(11, 27)",1,-0.08
195,33,"(12, 27)",1,-0.08
195,34,"(13, 27)",1,-0.08
195,35,"(14, 27)",1,-0.08
195,36,"(15, 27)",1,-0.08
195,37,"(16, 27)",0,-0.08
195,38,"(16, 26)",0,-0.08
195,39,"(16, 25)",1,-0.08
195,40,"(17, 25)",0,-0.08
195,41,"(17, 24)",0,-0.08
195,42,"(17, 23)",0,-0.08
195,43,"(17, 22)",1,-0.08
195,44,"(18, 22)",1,-0.08
195,45,"(19, 22)",1,-0.08
195,46,"(20, 22)",0,-0.08
195,47,"(20, 21)",1,-0.08
195,48,"(21, 21)",1,-0.08
195,49,"(22, 21)",1,-0.08
195,50,"(23, 21)",1,-0.08
195,51,"(24, 21)",0,-0.08
195,52,"(24, 20)",1,-0.08
195,53,"(25, 20)",0,-0.08
195,54,"(25, 19)",0,-0.08
195,55,"(25, 18)",0,-0.08
195,56,"(25, 17)",1,-0.08
195,57,"(26, 17)",1,-0.08
195,58,"(27, 17)",0,-0.08
195,59,"(27, 16)",1,-0.08
195,60,"(28, 16)",0,-0.08
195,61,"(28, 15)",1,-0.08
195,62,"(29, 15)",0,-0.08
195,63,"(29, 14)",0,-0.08
195,64,"(29, 13)",1,-0.08
195,65,"(30, 13)",1,-0.08
195,66,"(31, 13)",1,-0.08
195,67,"(32, 13)",1,-0.08
195,68,"(33, 13)",1,-0.08
195,69,"(34, 13)",1,-0.08
195,70,"(35, 13)",1,-0.08
195,71,"(36, 13)",0,-0.08
195,72,"(36, 12)",1,-0.08
195,73,"(37, 12)",1,-0.08
195,74,"(38, 12)",1,-0.08
195,75,"(39, 12)",0,-0.08
195,76,"(39, 11)",1,-0.08
195,77,"(40, 11)",1,-0.08
195,78,"(41, 11)",1,-0.08
195,79,"(42, 11)",1,-0.08
195,80,"(43, 11)",1,-0.08
195,81,"(44, 11)",1,-0.08
195,82,"(45, 11)",0,-0.08
195,83,"(45, 10)",0,-0.08
195,84,"(45, 9)",1,-0.08
195,85,"(46, 9)",0,-0.08
195,86,"(46, 8)",0,-0.08
195,87,"(46, 7)",1,-0.08
195,88,"(47, 7)",1,-0.08
195,89,"(48, 7)",1,-0.08
195,90,"(49, 7)",1,-0.08
195,91,"(50, 7)",1,-0.08
195,92,"(51, 7)",1,-0.08
195,93,"(52, 7)",1,-0.08
195,94,"(53, 7)",1,-0.08
195,95,"(54, 7)",1,-0.08
195,96,"(55, 7)",1,-0.08
195,97,"(56, 7)",1,-0.08
195,98,"(57, 7)",1,-0.08
195,99,"(58, 7)",1,-0.08
195,100,"(59, 7)",1,-0.08
195,101,"(60, 7)",1,-0.08
195,102,"(61, 7)",1,-0.08
195,103,"(62, 7)",1,-0.08
195,104,"(63, 7)",1,-0.08
195,105,"(64, 7)",1,-0.08
195,106,"(65, 7)",1,-0.08
195,107,"(66, 7)",1,-0.08
195,108,"(67, 7)",1,-0.08
195,109,"(68, 7)",1,-0.08
195,110,"(69, 7)",0,-0.08
195,111,"(69, 6)",1,-0.08
195,112,"(70, 6)",1,-0.08
195,113,"(71, 6)",1,-0.08
195,114,"(72, 6)",1,-0.08
195,115,"(73, 6)",1,-0.08
195,116,"(74, 6)",0,-0.08
195,117,"(74, 5)",1,-0.08
195,118,"(75, 5)",0,-0.08
195,119,"(75, 4)",0,-0.08
195,120,"(75, 3)",1,-0.08
195,121,"(76, 3)",0,-0.08
195,122,"(76, 2)",1,-0.08
195,123,"(77, 2)",0,-0.08
195,124,"(77, 1)",0,-0.08
195,125,"(77, 0)",1,-0.08
195,126,"(78, 0)",1,8.33
196,0,"(0, 39)",1,-0.08
196,1,"(1, 39)",1,-0.08
196,2,"(2, 39)",1,-0.08
196,3,"(3, 39)",0,-0.08
196,4,"(3, 38)",1,-8.33
196,5,"(3, 38)",0,-0.08
196,6,"(3, 37)",0,-0.08
196,7,"(3, 36)",1,-8.33
196,8,"(3, 36)",0,-0.08
196,9,"(3, 35)",3,-0.08
196,10,"(2, 35)",0,-0.08
196,11,"(2, 34)",0,-0.08
196,12,"(2, 33)",0,-0.08
196,13,"(2, 32)",1,-0.08
196,14,"(3, 32)",0,-0.08
196,15,"(3, 31)",0,-8.33
196,16,"(3, 31)",0,-8.33
196,17,"(3, 31)",3,-0.08
196,18,"(2, 31)",3,-0.08
196,19,"(1, 31)",0,-0.08
196,20,"(1, 30)",0,-0.08
196,21,"(1, 29)",0,-0.08
196,22,"(1, 28)",0,-0.08
196,23,"(1, 27)",0,-0.08
196,24,"(1, 26)",0,-0.08
196,25,"(1, 25)",1,-0.08
196,26,"(2, 25)",1,-0.08
196,27,"(3, 25)",1,-0.08
196,28,"(4, 25)",1,-0.08
196,29,"(5, 25)",1,-0.08
196,30,"(6, 25)",1,-0.08
196,31,"(7, 25)",1,-0.08
196,32,"(8, 25)",1,-0.08
196,33,"(9, 25)",0,-0.08
196,34,"(9, 24)",1,-0.08
196,35,"(10, 24)",1,-0.08
196,36,"(11, 24)",1,-0.08
196,37,"(12, 24)",1,-0.08
196,38,"(13, 24)",1,-0.08
196,39,"(14, 24)",0,-0.08
196,40,"(14, 23)",1,-0.08
196,41,"(15, 23)",1,-0.08
196,42,"(16, 23)",1,-0.08
196,43,"(17, 23)",1,-0.08
196,44,"(18, 23)",1,-0.08
196,45,"(19, 23)",1,-0.08
196,46,"(20, 23)",0,-0.08
196,47,"(20, 22)",1,-0.08
196,48,"(21, 22)",0,-0.08
196,49,"(21, 21)",0,-0.08
196,50,"(21, 20)",0,-0.08
196,51,"(21, 19)",1,-0.08
196,52,"(22, 19)",1,-0.08
196,53,"(23, 19)",0,-0.08
196,54,"(23, 18)",0,-0.08
196,55,"(23, 17)",0,-0.08
196,56,"(23, 16)",0,-0.08
196,57,"(23, 15)",1,-0.08
196,58,"(24, 15)",1,-0.08
196,59,"(25, 15)",1,-0.08
196,60,"(26, 15)",1,-0.08
196,61,"(27, 15)",1,-0.08
196,62,"(28, 15)",1,-0.08
196,63,"(29, 15)",1,-0.08
196,64,"(30, 15)",1,-0.08
196,65,"(31, 15)",0,-0.08
196,66,"(31, 14)",0,-0.08
196,67,"(31, 13)",1,-0.08
196,68,"(32, 13)",1,-0.08
196,69,"(33, 13)",1,-0.08
196,70,"(34, 13)",1,-0.08
196,71,"(35, 13)",1,-0.08
196,72,"(36, 13)",1,-0.08
196,73,"(37, 13)",1,-0.08
196,74,"(38, 13)",0,-0.08
196,75,"(38, 12)",1,-0.08
196,76,"(39, 12)",0,-0.08
196,77,"(39, 11)",1,-0.08
196,78,"(40, 11)",1,-0.08
196,79,"(41, 11)",1,-0.08
196,80,"(42, 11)",1,-0.08
196,81,"(43, 11)",1,-0.08
196,82,"(44, 11)",1,-0.08
196,83,"(45, 11)",0,-0.08
196,84,"(45, 10)",1,-0.08
196,85,"(46, 10)",1,-0.08
196,86,"(47, 10)",1,-0.08
196,87,"(48, 10)",1,-0.08
196,88,"(49, 10)",1,-0.08
196,89,"(50, 10)",0,-0.08
196,90,"(50, 9)",0,-0.08
196,91,"(50, 8)",0,-0.08
196,92,"(50, 7)",1,-0.08
196,93,"(51, 7)",1,-0.08
196,94,"(52, 7)",1,-0.08
196,95,"(53, 7)",1,-0.08
196,96,"(54, 7)",1,-0.08
196,97,"(55, 7)",1,-0.08
196,98,"(56, 7)",1,-0.08
196,99,"(57, 7)",1,-0.08
196,100,"(58, 7)",1,-0.08
196,101,"(59, 7)",1,-0.08
196,102,"(60, 7)",1,-0.08
196,103,"(61, 7)",1,-0.08
196,104,"(62, 7)",1,-0.08
196,105,"(63, 7)",1,-0.08
196,106,"(64, 7)",1,-0.08
196,107,"(65, 7)",1,-0.08
196,108,"(66, 7)",1,-0.08
196,109,"(67, 7)",1,-0.08
196,110,"(68, 7)",1,-0.08
196,111,"(69, 7)",0,-0.08
196,112,"(69, 6)",1,-0.08
196,113,"(70, 6)",1,-0.08
196,114,"(71, 6)",1,-0.08
196,115,"(72, 6)",1,-0.08
196,116,"(73, 6)",1,-0.08
196,117,"(74, 6)",0,-0.08
196,118,"(74, 5)",1,-0.08
196,119,"(75, 5)",0,-0.08
196,120,"(75, 4)",0,-0.08
196,121,"(75, 3)",1,-0.08
196,122,"(76, 3)",1,-0.08
196,123,"(77, 3)",0,-0.08
196,124,"(77, 2)",0,-0.08
196,125,"(77, 1)",1,-0.08
196,126,"(78, 1)",1,-0.08
196,127,"(79, 1)",0,8.33
197,0,"(0, 39)",0,-0.08
197,1,"(0, 38)",0,-0.08
197,2,"(0, 37)",0,-0.08
197,3,"(0, 36)",0,-0.08
197,4,"(0, 35)",1,-0.08
197,5,"(1, 35)",1,-0.08
197,6,"(2, 35)",0,-0.08
197,7,"(2, 34)",0,-0.08
197,8,"(2, 33)",1,-0.08
197,9,"(3, 33)",0,-0.08
197,10,"(3, 32)",0,-0.08
197,11,"(3, 31)",0,-8.33
197,12,"(3, 31)",2,-0.08
197,13,"(3, 32)",2,-0.08
197,14,"(3, 33)",1,-0.08
197,15,"(4, 33)",1,-0.08
197,16,"(5, 33)",1,-0.08
197,17,"(6, 33)",1,-0.08
197,18,"(7, 33)",1,-0.08
197,19,"(8, 33)",1,-0.08
197,20,"(9, 33)",1,-0.08
197,21,"(10, 33)",1,-0.08
197,22,"(11, 33)",0,-0.08
197,23,"(11, 32)",1,-0.08
197,24,"(12, 32)",0,-0.08
197,25,"(12, 31)",1,-0.08
197,26,"(13, 31)",0,-0.08
197,27,"(13, 30)",0,-0.08
197,28,"(13, 29)",1,-0.08
197,29,"(14, 29)",1,-0.08
197,30,"(15, 29)",0,-0.08
197,31,"(15, 28)",0,-0.08
197,32,"(15, 27)",0,-0.08
197,33,"(15, 26)",0,-0.08
197,34,"(15, 25)",1,-0.08
197,35,"(16, 25)",1,-0.08
197,36,"(17, 25)",0,-0.08
197,37,"(17, 24)",0,-0.08
197,38,"(17, 23)",1,-0.08
197,39,"(18, 23)",0,-0.08
197,40,"(18, 22)",1,-0.08
197,41,"(19, 22)",0,-0.08
197,42,"(19, 21)",1,-0.08
197,43,"(20, 21)",1,-0.08
197,44,"(21, 21)",1,-0.08
197,45,"(22, 21)",1,-0.08
197,46,"(23, 21)",0,-0.08
197,47,"(23, 20)",1,-0.08
197,48,"(24, 20)",1,-0.08
197,49,"(25, 20)",0,-0.08
197,50,"(25, 19)",1,-0.08
197,51,"(26, 19)",1,-0.08
197,52,"(27, 19)",0,-0.08
197,53,"(27, 18)",0,-0.08
197,54,"(27, 17)",0,-0.08
197,55,"(27, 16)",1,-0.08
197,56,"(28, 16)",1,-0.08
197,57,"(29, 16)",0,-0.08
197,58,"(29, 15)",1,-0.08
197,59,"(30, 15)",1,-0.08
197,60,"(31, 15)",1,-0.08
197,61,"(32, 15)",0,-0.08
197,62,"(32, 14)",0,-0.08
197,63,"(32, 13)",1,-0.08
197,64,"(33, 13)",1,-0.08
197,65,"(34, 13)",1,-0.08
197,66,"(35, 13)",1,-0.08
197,67,"(36, 13)",1,-0.08
197,68,"(37, 13)",1,-0.08
197,69,"(38, 13)",1,-0.08
197,70,"(39, 13)",1,-0.08
197,71,"(40, 13)",1,-0.08
197,72,"(41, 13)",1,-0.08
197,73,"(42, 13)",1,-0.08
197,74,"(43, 13)",0,-0.08
197,75,"(43, 12)",1,-0.08
197,76,"(44, 12)",1,-0.08
197,77,"(45, 12)",0,-0.08
197,78,"(45, 11)",0,-0.08
197,79,"(45, 10)",1,-0.08
197,80,"(46, 10)",1,-0.08
197,81,"(47, 10)",1,-0.08
197,82,"(48, 10)",1,-0.08
197,83,"(49, 10)",1,-0.08
197,84,"(50, 10)",0,-0.08
197,85,"(50, 9)",0,-0.08
197,86,"(50, 8)",0,-0.08
197,87,"(50, 7)",1,-0.08
197,88,"(51, 7)",1,-0.08
197,89,"(52, 7)",1,-0.08
197,90,"(53, 7)",1,-0.08
197,91,"(54, 7)",1,-0.08
197,92,"(55, 7)",1,-0.08
197,93,"(56, 7)",1,-0.08
197,94,"(57, 7)",1,-0.08
197,95,"(58, 7)",1,-0.08
197,96,"(59, 7)",1,-0.08
197,97,"(60, 7)",1,-0.08
197,98,"(61, 7)",1,-0.08
197,99,"(62, 7)",1,-0.08
197,100,"(63, 7)",1,-0.08
197,101,"(64, 7)",1,-0.08
197,102,"(65, 7)",1,-0.08
197,103,"(66, 7)",1,-0.08
197,104,"(67, 7)",1,-0.08
197,105,"(68, 7)",1,-0.08
197,106,"(69, 7)",0,-0.08
197,107,"(69, 6)",1,-0.08
197,108,"(70, 6)",1,-0.08
197,109,"(71, 6)",0,-0.08
197,110,"(71, 5)",1,-0.08
197,111,"(72, 5)",1,-0.08
197,112,"(73, 5)",1,-0.08
197,113,"(74, 5)",1,-0.08
197,114,"(75, 5)",0,-0.08
197,115,"(75, 4)",0,-0.08
197,116,"(75, 3)",1,-0.08
197,117,"(76, 3)",1,-0.08
197,118,"(77, 3)",0,-0.08
197,119,"(77, 2)",0,-0.08
197,120,"(77, 1)",0,-0.08
197,121,"(77, 0)",1,-0.08
197,122,"(78, 0)",1,8.33
198,0,"(0, 39)",1,-0.08
198,1,"(1, 39)",1,-0.08
198,2,"(2, 39)",1,-0.08
198,3,"(3, 39)",0,-0.08
198,4,"(3, 38)",0,-0.08
198,5,"(3, 37)",1,-8.33
198,6,"(3, 37)",0,-0.08
198,7,"(3, 36)",0,-0.08
198,8,"(3, 35)",3,-0.08
198,9,"(2, 35)",0,-0.08
198,10,"(2, 34)",0,-0.08
198,11,"(2, 33)",1,-0.08
198,12,"(3, 33)",1,-0.08
198,13,"(4, 33)",1,-0.08
198,14,"(5, 33)",1,-0.08
198,15,"(6, 33)",1,-0.08
198,16,"(7, 33)",1,-0.08
198,17,"(8, 33)",0,-0.08
198,18,"(8, 32)",1,-0.08
198,19,"(9, 32)",0,-0.08
198,20,"(9, 31)",0,-0.08
198,21,"(9, 30)",1,-0.08
198,22,"(10, 30)",0,-0.08
198,23,"(10, 29)",0,-0.08
198,24,"(10, 28)",0,-0.08
198,25,"(10, 27)",1,-0.08
198,26,"(11, 27)",1,-0.08
198,27,"(12, 27)",1,-0.08
198,28,"(13, 27)",1,-0.08
198,29,"(14, 27)",1,-0.08
198,30,"(15, 27)",0,-0.08
198,31,"(15, 26)",1,-0.08
198,32,"(16, 26)",1,-0.08
198,33,"(17, 26)",0,-0.08
198,34,"(17, 25)",0,-0.08
198,35,"(17, 24)",0,-0.08
198,36,"(17, 23)",0,-0.08
198,37,"(17, 22)",1,-0.08
198,38,"(18, 22)",1,-0.08
198,39,"(19, 22)",1,-0.08
198,40,"(20, 22)",0,-0.08
198,41,"(20, 21)",1,-0.08
198,42,"(21, 21)",0,-0.08
198,43,"(21, 20)",0,-0.08
198,44,"(21, 19)",1,-0.08
198,45,"(22, 19)",0,-8.33
198,46,"(22, 19)",1,-0.08
198,47,"(23, 19)",0,-0.08
198,48,"(23, 18)",0,-0.08
198,49,"(23, 17)",0,-0.08
198,50,"(23, 16)",0,-0.08
198,51,"(23, 15)",1,-0.08
198,52,"(24, 15)",1,-0.08
198,53,"(25, 15)",1,-0.08
198,54,"(26, 15)",1,-0.08
198,55,"(27, 15)",0,-0.08
198,56,"(27, 14)",0,-0.08
198,57,"(27, 13)",1,-0.08
198,58,"(28, 13)",1,-0.08
198,59,"(29, 13)",1,-0.08
198,60,"(30, 13)",1,-0.08
198,61,"(31, 13)",1,-0.08
198,62,"(32, 13)",1,-0.08
198,63,"(33, 13)",1,-0.08
198,64,"(34, 13)",1,-0.08
198,65,"(35, 13)",1,-0.08
198,66,"(36, 13)",1,-0.08
198,67,"(37, 13)",0,-0.08
198,68,"(37, 12)",1,-0.08
198,69,"(38, 12)",1,-0.08
198,70,"(39, 12)",0,-0.08
198,71,"(39, 11)",1,-0.08
198,72,"(40, 11)",1,-0.08
198,73,"(41, 11)",1,-0.08
198,74,"(42, 11)",1,-0.08
198,75,"(43, 11)",1,-0.08
198,76,"(44, 11)",1,-0.08
198,77,"(45, 11)",0,-0.08
198,78,"(45, 10)",0,-0.08
198,79,"(45, 9)",0,-0.08
198,80,"(45, 8)",0,-0.08
198,81,"(45, 7)",1,-0.08
198,82,"(46, 7)",1,-0.08
198,83,"(47, 7)",1,-0.08
198,84,"(48, 7)",1,-0.08
198,85,"(49, 7)",1,-0.08
198,86,"(50, 7)",1,-0.08
198,87,"(51, 7)",1,-0.08
198,88,"(52, 7)",1,-0.08
198,89,"(53, 7)",1,-0.08
198,90,"(54, 7)",1,-0.08
198,91,"(55, 7)",1,-0.08
198,92,"(56, 7)",1,-0.08
198,93,"(57, 7)",1,-0.08
198,94,"(58, 7)",1,-0.08
198,95,"(59, 7)",1,-0.08
198,96,"(60, 7)",1,-0.08
198,97,"(61, 7)",1,-0.08
198,98,"(62, 7)",1,-0.08
198,99,"(63, 7)",1,-0.08
198,100,"(64, 7)",1,-0.08
198,101,"(65, 7)",1,-0.08
198,102,"(66, 7)",1,-0.08
198,103,"(67, 7)",1,-0.08
198,104,"(68, 7)",1,-0.08
198,105,"(69, 7)",0,-0.08
198,106,"(69, 6)",1,-0.08
198,107,"(70, 6)",1,-0.08
198,108,"(71, 6)",1,-0.08
198,109,"(72, 6)",0,-0.08
198,110,"(72, 5)",1,-0.08
198,111,"(73, 5)",1,-0.08
198,112,"(74, 5)",1,-0.08
198,113,"(75, 5)",0,-0.08
198,114,"(75, 4)",0,-0.08
198,115,"(75, 3)",1,-0.08
198,116,"(76, 3)",1,-0.08
198,117,"(77, 3)",0,-0.08
198,118,"(77, 2)",0,-0.08
198,119,"(77, 1)",0,-0.08
198,120,"(77, 0)",1,-0.08
198,121,"(78, 0)",1,8.33
199,0,"(0, 39)",1,-0.08
199,1,"(1, 39)",0,-0.08
199,2,"(1, 38)",0,-0.08
199,3,"(1, 37)",0,-8.33
199,4,"(1, 37)",3,-0.08
199,5,"(0, 37)",0,-0.08
199,6,"(0, 36)",0,-0.08
199,7,"(0, 35)",0,-0.08
199,8,"(0, 34)",0,-0.08
199,9,"(0, 33)",1,-0.08
199,10,"(1, 33)",1,-0.08
199,11,"(2, 33)",0,-0.08
199,12,"(2, 32)",1,-0.08
199,13,"(3, 32)",0,-0.08
199,14,"(3, 31)",0,-8.33
199,15,"(3, 31)",0,-8.33
199,16,"(3, 31)",3,-0.08
199,17,"(2, 31)",3,-0.08
199,18,"(1, 31)",0,-0.08
199,19,"(1, 30)",0,-0.08
199,20,"(1, 29)",1,-0.08
199,21,"(2, 29)",1,-0.08
199,22,"(3, 29)",0,-0.08
199,23,"(3, 28)",0,-0.08
199,24,"(3, 27)",0,-0.08
199,25,"(3, 26)",0,-0.08
199,26,"(3, 25)",1,-0.08
199,27,"(4, 25)",1,-0.08
199,28,"(5, 25)",1,-0.08
199,29,"(6, 25)",1,-0.08
199,30,"(7, 25)",1,-0.08
199,31,"(8, 25)",1,-0.08
199,32,"(9, 25)",1,-0.08
199,33,"(10, 25)",0,-0.08
199,34,"(10, 24)",1,-0.08
199,35,"(11, 24)",1,-0.08
199,36,"(12, 24)",1,-0.08
199,37,"(13, 24)",0,-0.08
199,38,"(13, 23)",1,-0.08
199,39,"(14, 23)",1,-0.08
199,40,"(15, 23)",1,-0.08
199,41,"(16, 23)",0,-0.08
199,42,"(16, 22)",1,-0.08
199,43,"(17, 22)",1,-0.08
199,44,"(18, 22)",1,-0.08
199,45,"(19, 22)",1,-0.08
199,46,"(20, 22)",0,-0.08
199,47,"(20, 21)",0,-0.08
199,48,"(20, 20)",1,-0.08
199,49,"(21, 20)",0,-0.08
199,50,"(21, 19)",1,-0.08
199,51,"(22, 19)",1,-0.08
199,52,"(23, 19)",0,-0.08
199,53,"(23, 18)",0,-0.08
199,54,"(23, 17)",1,-0.08
199,55,"(24, 17)",1,-0.08
199,56,"(25, 17)",1,-0.08
199,57,"(26, 17)",1,-0.08
199,58,"(27, 17)",0,-0.08
199,59,"(27, 16)",1,-0.08
199,60,"(28, 16)",0,-0.08
199,61,"(28, 15)",1,-0.08
199,62,"(29, 15)",0,-0.08
199,63,"(29, 14)",0,-0.08
199,64,"(29, 13)",1,-0.08
199,65,"(30, 13)",1,-0.08
199,66,"(31, 13)",1,-0.08
199,67,"(32, 13)",1,-0.08
199,68,"(33, 13)",1,-0.08
199,69,"(34, 13)",1,-0.08
199,70,"(35, 13)",1,-0.08
199,71,"(36, 13)",1,-0.08
199,72,"(37, 13)",1,-0.08
199,73,"(38, 13)",0,-0.08
199,74,"(38, 12)",1,-0.08
199,75,"(39, 12)",0,-0.08
199,76,"(39, 11)",1,-0.08
199,77,"(40, 11)",1,-0.08
199,78,"(41, 11)",1,-0.08
199,79,"(42, 11)",1,-0.08
199,80,"(43, 11)",1,-0.08
199,81,"(44, 11)",1,-0.08
199,82,"(45, 11)",0,-0.08
199,83,"(45, 10)",1,-0.08
199,84,"(46, 10)",1,-0.08
199,85,"(47, 10)",1,-0.08
199,86,"(48, 10)",1,-0.08
199,87,"(49, 10)",1,-0.08
199,88,"(50, 10)",0,-0.08
199,89,"(50, 9)",1,-0.08
199,90,"(51, 9)",1,-0.08
199,91,"(52, 9)",1,-0.08
199,92,"(53, 9)",1,-0.08
199,93,"(54, 9)",1,-0.08
199,94,"(55, 9)",1,-0.08
199,95,"(56, 9)",1,-0.08
199,96,"(57, 9)",0,-0.08
199,97,"(57, 8)",0,-0.08
199,98,"(57, 7)",1,-0.08
199,99,"(58, 7)",1,-0.08
199,100,"(59, 7)",1,-0.08
199,101,"(60, 7)",1,-0.08
199,102,"(61, 7)",1,-0.08
199,103,"(62, 7)",1,-0.08
199,104,"(63, 7)",1,-0.08
199,105,"(64, 7)",1,-0.08
199,106,"(65, 7)",1,-0.08
199,107,"(66, 7)",1,-0.08
199,108,"(67, 7)",1,-0.08
199,109,"(68, 7)",1,-0.08
199,110,"(69, 7)",1,-0.08
199,111,"(70, 7)",0,-0.08
199,112,"(70, 6)",1,-0.08
199,113,"(71, 6)",0,-0.08
199,114,"(71, 5)",1,-0.08
199,115,"(72, 5)",1,-0.08
199,116,"(73, 5)",1,-0.08
199,117,"(74, 5)",1,-0.08
199,118,"(75, 5)",1,-0.08
199,119,"(76, 5)",1,-0.08
199,120,"(77, 5)",0,-0.08
199,121,"(77, 4)",0,-0.08
199,122,"(77, 3)",0,-0.08
199,123,"(77, 2)",0,-0.08
199,124,"(77, 1)",1,-0.08
199,125,"(78, 1)",1,-0.08
199,126,"(79, 1)",0,8.33
200,0,"(0, 39)",1,-0.08
200,1,"(1, 39)",1,-0.08
200,2,"(2, 39)",0,-8.33
200,3,"(2, 39)",1,-0.08
200,4,"(3, 39)",0,-0.08
200,5,"(3, 38)",0,-0.08
200,6,"(3, 37)",1,-8.33
200,7,"(3, 37)",0,-0.08
200,8,"(3, 36)",0,-0.08
200,9,"(3, 35)",3,-0.08
200,10,"(2, 35)",0,-0.08
200,11,"(2, 34)",0,-0.08
200,12,"(2, 33)",0,-0.08
200,13,"(2, 32)",1,-0.08
200,14,"(3, 32)",0,-0.08
200,15,"(3, 31)",0,-8.33
200,16,"(3, 31)",0,-8.33
200,17,"(3, 31)",2,-0.08
200,18,"(3, 32)",2,-0.08
200,19,"(3, 33)",1,-0.08
200,20,"(4, 33)",1,-0.08
200,21,"(5, 33)",0,-0.08
200,22,"(5, 32)",0,-0.08
200,23,"(5, 31)",0,-0.08
200,24,"(5, 30)",0,-0.08
200,25,"(5, 29)",1,-0.08
200,26,"(6, 29)",1,-0.08
200,27,"(7, 29)",0,-0.08
200,28,"(7, 28)",1,-0.08
200,29,"(8, 28)",0,-0.08
200,30,"(8, 27)",1,-0.08
200,31,"(9, 27)",1,-0.08
200,32,"(10, 27)",1,-0.08
200,33,"(11, 27)",1,-0.08
200,34,"(12, 27)",0,-0.08
200,35,"(12, 26)",0,-0.08
200,36,"(12, 25)",1,-0.08
200,37,"(13, 25)",0,-0.08
200,38,"(13, 24)",0,-0.08
200,39,"(13, 23)",1,-0.08
200,40,"(14, 23)",1,-0.08
200,41,"(15, 23)",1,-0.08
200,42,"(16, 23)",0,-0.08
200,43,"(16, 22)",1,-0.08
200,44,"(17, 22)",1,-0.08
200,45,"(18, 22)",1,-0.08
200,46,"(19, 22)",1,-0.08
200,47,"(20, 22)",0,-0.08
200,48,"(20, 21)",1,-0.08
200,49,"(21, 21)",0,-0.08
200,50,"(21, 20)",1,-0.08
200,51,"(22, 20)",1,-0.08
200,52,"(23, 20)",0,-0.08
200,53,"(23, 19)",0,-0.08
200,54,"(23, 18)",0,-0.08
200,55,"(23, 17)",0,-0.08
200,56,"(23, 16)",0,-0.08
200,57,"(23, 15)",1,-0.08
200,58,"(24, 15)",1,-0.08
200,59,"(25, 15)",1,-0.08
200,60,"(26, 15)",1,-0.08
200,61,"(27, 15)",0,-0.08
200,62,"(27, 14)",0,-0.08
200,63,"(27, 13)",1,-0.08
200,64,"(28, 13)",1,-0.08
200,65,"(29, 13)",1,-0.08
200,66,"(30, 13)",1,-0.08
200,67,"(31, 13)",1,-0.08
200,68,"(32, 13)",1,-0.08
200,69,"(33, 13)",1,-0.08
200,70,"(34, 13)",1,-0.08
200,71,"(35, 13)",1,-0.08
200,72,"(36, 13)",1,-0.08
200,73,"(37, 13)",1,-0.08
200,74,"(38, 13)",0,-0.08
200,75,"(38, 12)",1,-0.08
200,76,"(39, 12)",0,-0.08
200,77,"(39, 11)",1,-0.08
200,78,"(40, 11)",1,-0.08
200,79,"(41, 11)",1,-0.08
200,80,"(42, 11)",1,-0.08
200,81,"(43, 11)",1,-0.08
200,82,"(44, 11)",1,-0.08
200,83,"(45, 11)",0,-0.08
200,84,"(45, 10)",0,-0.08
200,85,"(45, 9)",1,-0.08
200,86,"(46, 9)",0,-0.08
200,87,"(46, 8)",0,-0.08
200,88,"(46, 7)",1,-0.08
200,89,"(47, 7)",1,-0.08
200,90,"(48, 7)",1,-0.08
200,91,"(49, 7)",1,-0.08
200,92,"(50, 7)",1,-0.08
200,93,"(51, 7)",1,-0.08
200,94,"(52, 7)",1,-0.08
200,95,"(53, 7)",1,-0.08
200,96,"(54, 7)",1,-0.08
200,97,"(55, 7)",1,-0.08
200,98,"(56, 7)",1,-0.08
200,99,"(57, 7)",1,-0.08
200,100,"(58, 7)",1,-0.08
200,101,"(59, 7)",1,-0.08
200,102,"(60, 7)",1,-0.08
200,103,"(61, 7)",1,-0.08
200,104,"(62, 7)",1,-0.08
200,105,"(63, 7)",1,-0.08
200,106,"(64, 7)",1,-0.08
200,107,"(65, 7)",1,-0.08
200,108,"(66, 7)",1,-0.08
200,109,"(67, 7)",1,-0.08
200,110,"(68, 7)",1,-0.08
200,111,"(69, 7)",0,-0.08
200,112,"(69, 6)",1,-0.08
200,113,"(70, 6)",1,-0.08
200,114,"(71, 6)",0,-0.08
200,115,"(71, 5)",1,-0.08
200,116,"(72, 5)",1,-0.08
200,117,"(73, 5)",1,-0.08
200,118,"(74, 5)",1,-0.08
200,119,"(75, 5)",1,-0.08
200,120,"(76, 5)",1,-0.08
200,121,"(77, 5)",0,-0.08
200,122,"(77, 4)",0,-0.08
200,123,"(77, 3)",0,-0.08
200,124,"(77, 2)",0,-0.08
200,125,"(77, 1)",0,-0.08
200,126,"(77, 0)",1,-0.08
200,127,"(78, 0)",1,8.33
201,0,"(0, 39)",0,-0.08
201,1,"(0, 38)",1,-0.08
201,2,"(1, 38)",0,-0.08
201,3,"(1, 37)",1,-8.33
201,4,"(1, 37)",0,-8.33
201,5,"(1, 37)",3,-0.08
201,6,"(0, 37)",0,-0.08
201,7,"(0, 36)",0,-0.08
201,8,"(0, 35)",0,-0.08
201,9,"(0, 34)",0,-0.08
201,10,"(0, 33)",1,-0.08
201,11,"(1, 33)",0,-0.08
201,12,"(1, 32)",0,-0.08
201,13,"(1, 31)",0,-0.08
201,14,"(1, 30)",0,-0.08
201,15,"(1, 29)",1,-0.08
201,16,"(2, 29)",1,-0.08
201,17,"(3, 29)",1,-0.08
201,18,"(4, 29)",1,-0.08
201,19,"(5, 29)",1,-0.08
201,20,"(6, 29)",1,-0.08
201,21,"(7, 29)",1,-0.08
201,22,"(8, 29)",0,-0.08
201,23,"(8, 28)",0,-0.08
201,24,"(8, 27)",1,-0.08
201,25,"(9, 27)",1,-0.08
201,26,"(10, 27)",1,-0.08
201,27,"(11, 27)",1,-0.08
201,28,"(12, 27)",1,-0.08
201,29,"(13, 27)",0,-0.08
201,30,"(13, 26)",0,-0.08
201,31,"(13, 25)",1,-0.08
201,32,"(14, 25)",1,-0.08
201,33,"(15, 25)",1,-0.08
201,34,"(16, 25)",1,-0.08
201,35,"(17, 25)",0,-0.08
201,36,"(17, 24)",0,-0.08
201,37,"(17, 23)",0,-0.08
201,38,"(17, 22)",1,-0.08
201,39,"(18, 22)",1,-0.08
201,40,"(19, 22)",1,-0.08
201,41,"(20, 22)",0,-0.08
201,42,"(20, 21)",0,-0.08
201,43,"(20, 20)",0,-0.08
201,44,"(20, 19)",1,-0.08
201,45,"(21, 19)",1,-0.08
201,46,"(22, 19)",1,-0.08
201,47,"(23, 19)",0,-0.08
201,48,"(23, 18)",0,-0.08
201,49,"(23, 17)",1,-0.08
201,50,"(24, 17)",1,-0.08
201,51,"(25, 17)",1,-0.08
201,52,"(26, 17)",1,-0.08
201,53,"(27, 17)",1,-0.08
201,54,"(28, 17)",1,-0.08
201,55,"(29, 17)",1,-0.08
201,56,"(30, 17)",1,-0.08
201,57,"(31, 17)",0,-0.08
201,58,"(31, 16)",0,-0.08
201,59,"(31, 15)",1,-0.08
201,60,"(32, 15)",1,-0.08
201,61,"(33, 15)",1,-0.08
201,62,"(34, 15)",1,-0.08
201,63,"(35, 15)",0,-0.08
201,64,"(35, 14)",0,-0.08
201,65,"(35, 13)",0,-0.08
201,66,"(35, 12)",1,-0.08
201,67,"(36, 12)",1,-0.08
201,68,"(37, 12)",1,-0.08
201,69,"(38, 12)",1,-0.08
201,70,"(39, 12)",0,-0.08
201,71,"(39, 11)",1,-0.08
201,72,"(40, 11)",1,-0.08
201,73,"(41, 11)",1,-0.08
201,74,"(42, 11)",1,-0.08
201,75,"(43, 11)",1,-0.08
201,76,"(44, 11)",1,-0.08
201,77,"(45, 11)",0,-0.08
201,78,"(45, 10)",1,-0.08
201,79,"(46, 10)",0,-0.08
201,80,"(46, 9)",0,-0.08
201,81,"(46, 8)",0,-0.08
201,82,"(46, 7)",1,-0.08
201,83,"(47, 7)",1,-0.08
201,84,"(48, 7)",1,-0.08
201,85,"(49, 7)",1,-0.08
201,86,"(50, 7)",1,-0.08
201,87,"(51, 7)",1,-0.08
201,88,"(52, 7)",1,-0.08
201,89,"(53, 7)",1,-0.08
201,90,"(54, 7)",1,-0.08
201,91,"(55, 7)",1,-0.08
201,92,"(56, 7)",1,-0.08
201,93,"(57, 7)",1,-0.08
201,94,"(58, 7)",1,-0.08
201,95,"(59, 7)",1,-0.08
201,96,"(60, 7)",1,-0.08
201,97,"(61, 7)",1,-0.08
201,98,"(62, 7)",1,-0.08
201,99,"(63, 7)",1,-0.08
201,100,"(64, 7)",1,-0.08
201,101,"(65, 7)",1,-0.08
201,102,"(66, 7)",1,-0.08
201,103,"(67, 7)",1,-0.08
201,104,"(68, 7)",1,-0.08
201,105,"(69, 7)",0,-0.08
201,106,"(69, 6)",1,-0.08
201,107,"(70, 6)",1,-0.08
201,108,"(71, 6)",1,-0.08
201,109,"(72, 6)",1,-0.08
201,110,"(73, 6)",0,-0.08
201,111,"(73, 5)",1,-0.08
201,112,"(74, 5)",1,-0.08
201,113,"(75, 5)",0,-0.08
201,114,"(75, 4)",1,-8.33
201,115,"(75, 4)",0,-0.08
201,116,"(75, 3)",1,-0.08
201,117,"(76, 3)",0,-0.08
201,118,"(76, 2)",0,-0.08
201,119,"(76, 1)",0,-0.08
201,120,"(76, 0)",1,-0.08
201,121,"(77, 0)",1,-0.08
201,122,"(78, 0)",1,8.33
202,0,"(0, 39)",1,-0.08
202,1,"(1, 39)",0,-0.08
202,2,"(1, 38)",0,-0.08
202,3,"(1, 37)",0,-8.33
202,4,"(1, 37)",3,-0.08
202,5,"(0, 37)",0,-0.08
202,6,"(0, 36)",0,-0.08
202,7,"(0, 35)",1,-0.08
202,8,"(1, 35)",1,-0.08
202,9,"(2, 35)",0,-0.08
202,10,"(2, 34)",0,-0.08
202,11,"(2, 33)",0,-0.08
202,12,"(2, 32)",1,-0.08
202,13,"(3, 32)",0,-0.08
202,14,"(3, 31)",0,-8.33
202,15,"(3, 31)",0,-8.33
202,16,"(3, 31)",2,-0.08
202,17,"(3, 32)",2,-0.08
202,18,"(3, 33)",1,-0.08
202,19,"(4, 33)",1,-0.08
202,20,"(5, 33)",1,-0.08
202,21,"(6, 33)",1,-0.08
202,22,"(7, 33)",1,-0.08
202,23,"(8, 33)",0,-0.08
202,24,"(8, 32)",1,-0.08
202,25,"(9, 32)",0,-0.08
202,26,"(9, 31)",0,-0.08
202,27,"(9, 30)",0,-0.08
202,28,"(9, 29)",1,-0.08
202,29,"(10, 29)",0,-0.08
202,30,"(10, 28)",0,-0.08
202,31,"(10, 27)",1,-0.08
202,32,"(11, 27)",1,-0.08
202,33,"(12, 27)",1,-0.08
202,34,"(13, 27)",0,-0.08
202,35,"(13, 26)",0,-0.08
202,36,"(13, 25)",1,-0.08
202,37,"(14, 25)",0,-0.08
202,38,"(14, 24)",0,-0.08
202,39,"(14, 23)",1,-0.08
202,40,"(15, 23)",1,-0.08
202,41,"(16, 23)",1,-0.08
202,42,"(17, 23)",1,-0.08
202,43,"(18, 23)",1,-0.08
202,44,"(19, 23)",0,-0.08
202,45,"(19, 22)",0,-0.08
202,46,"(19, 21)",0,-0.08
202,47,"(19, 20)",1,-0.08
202,48,"(20, 20)",0,-0.08
202,49,"(20, 19)",1,-0.08
202,50,"(21, 19)",1,-0.08
202,51,"(22, 19)",1,-0.08
202,52,"(23, 19)",0,-0.08
202,53,"(23, 18)",0,-0.08
202,54,"(23, 17)",1,-0.08
202,55,"(24, 17)",1,-0.08
202,56,"(25, 17)",1,-0.08
202,57,"(26, 17)",1,-0.08
202,58,"(27, 17)",1,-0.08
202,59,"(28, 17)",0,-0.08
202,60,"(28, 16)",0,-0.08
202,61,"(28, 15)",1,-0.08
202,62,"(29, 15)",1,-0.08
202,63,"(30, 15)",1,-0.08
202,64,"(31, 15)",0,-0.08
202,65,"(31, 14)",0,-0.08
202,66,"(31, 13)",1,-0.08
202,67,"(32, 13)",1,-0.08
202,68,"(33, 13)",1,-0.08
202,69,"(34, 13)",1,-0.08
202,70,"(35, 13)",1,-0.08
202,71,"(36, 13)",0,-0.08
202,72,"(36, 12)",1,-0.08
202,73,"(37, 12)",1,-0.08
202,74,"(38, 12)",1,-0.08
202,75,"(39, 12)",0,-0.08
202,76,"(39, 11)",1,-0.08
202,77,"(40, 11)",1,-0.08
202,78,"(41, 11)",1,-0.08
202,79,"(42, 11)",1,-0.08
202,80,"(43, 11)",1,-0.08
202,81,"(44, 11)",1,-0.08
202,82,"(45, 11)",0,-0.08
202,83,"(45, 10)",0,-0.08
202,84,"(45, 9)",1,-0.08
202,85,"(46, 9)",0,-0.08
202,86,"(46, 8)",0,-0.08
202,87,"(46, 7)",1,-0.08
202,88,"(47, 7)",1,-0.08
202,89,"(48, 7)",1,-0.08
202,90,"(49, 7)",1,-0.08
202,91,"(50, 7)",1,-0.08
202,92,"(51, 7)",1,-0.08
202,93,"(52, 7)",1,-0.08
202,94,"(53, 7)",1,-0.08
202,95,"(54, 7)",1,-0.08
202,96,"(55, 7)",1,-0.08
202,97,"(56, 7)",1,-0.08
202,98,"(57, 7)",1,-0.08
202,99,"(58, 7)",1,-0.08
202,100,"(59, 7)",1,-0.08
202,101,"(60, 7)",1,-0.08
202,102,"(61, 7)",1,-0.08
202,103,"(62, 7)",1,-0.08
202,104,"(63, 7)",1,-0.08
202,105,"(64, 7)",1,-0.08
202,106,"(65, 7)",1,-0.08
202,107,"(66, 7)",1,-0.08
202,108,"(67, 7)",1,-0.08
202,109,"(68, 7)",1,-0.08
202,110,"(69, 7)",1,-0.08
202,111,"(70, 7)",1,-0.08
202,112,"(71, 7)",0,-0.08
202,113,"(71, 6)",1,-0.08
202,114,"(72, 6)",0,-0.08
202,115,"(72, 5)",1,-0.08
202,116,"(73, 5)",1,-0.08
202,117,"(74, 5)",1,-0.08
202,118,"(75, 5)",0,-0.08
202,119,"(75, 4)",0,-0.08
202,120,"(75, 3)",1,-0.08
202,121,"(76, 3)",1,-0.08
202,122,"(77, 3)",0,-0.08
202,123,"(77, 2)",0,-0.08
202,124,"(77, 1)",0,-0.08
202,125,"(77, 0)",1,-0.08
202,126,"(78, 0)",1,8.33
203,0,"(0, 39)",1,-0.08
203,1,"(1, 39)",0,-0.08
203,2,"(1, 38)",1,-8.33
203,3,"(1, 38)",0,-0.08
203,4,"(1, 37)",0,-8.33
203,5,"(1, 37)",3,-0.08
203,6,"(0, 37)",0,-0.08
203,7,"(0, 36)",0,-0.08
203,8,"(0, 35)",1,-0.08
203,9,"(1, 35)",1,-0.08
203,10,"(2, 35)",0,-0.08
203,11,"(2, 34)",0,-0.08
203,12,"(2, 33)",1,-0.08
203,13,"(3, 33)",0,-0.08
203,14,"(3, 32)",0,-0.08
203,15,"(3, 31)",0,-8.33
203,16,"(3, 31)",2,-0.08
203,17,"(3, 32)",2,-0.08
203,18,"(3, 33)",1,-0.08
203,19,"(4, 33)",1,-0.08
203,20,"(5, 33)",1,-0.08
203,21,"(6, 33)",1,-0.08
203,22,"(7, 33)",1,-0.08
203,23,"(8, 33)",1,-0.08
203,24,"(9, 33)",1,-0.08
203,25,"(10, 33)",1,-0.08
203,26,"(11, 33)",0,-0.08
203,27,"(11, 32)",0,-0.08
203,28,"(11, 31)",1,-0.08
203,29,"(12, 31)",1,-0.08
203,30,"(13, 31)",0,-0.08
203,31,"(13, 30)",0,-0.08
203,32,"(13, 29)",1,-0.08
203,33,"(14, 29)",0,-0.08
203,34,"(14, 28)",0,-0.08
203,35,"(14, 27)",1,-0.08
203,36,"(15, 27)",0,-0.08
203,37,"(15, 26)",1,-0.08
203,38,"(16, 26)",0,-0.08
203,39,"(16, 25)",1,-0.08
203,40,"(17, 25)",0,-0.08
203,41,"(17, 24)",0,-0.08
203,42,"(17, 23)",1,-0.08
203,43,"(18, 23)",1,-0.08
203,44,"(19, 23)",0,-0.08
203,45,"(19, 22)",1,-0.08
203,46,"(20, 22)",0,-0.08
203,47,"(20, 21)",0,-0.08
203,48,"(20, 20)",0,-0.08
203,49,"(20, 19)",1,-0.08
203,50,"(21, 19)",1,-0.08
203,51,"(22, 19)",1,-0.08
203,52,"(23, 19)",0,-0.08
203,53,"(23, 18)",0,-0.08
203,54,"(23, 17)",0,-0.08
203,55,"(23, 16)",0,-0.08
203,56,"(23, 15)",1,-0.08
203,57,"(24, 15)",1,-0.08
203,58,"(25, 15)",1,-0.08
203,59,"(26, 15)",1,-0.08
203,60,"(27, 15)",1,-0.08
203,61,"(28, 15)",1,-0.08
203,62,"(29, 15)",1,-0.08
203,63,"(30, 15)",1,-0.08
203,64,"(31, 15)",0,-0.08
203,65,"(31, 14)",0,-0.08
203,66,"(31, 13)",1,-0.08
203,67,"(32, 13)",1,-0.08
203,68,"(33, 13)",1,-0.08
203,69,"(34, 13)",1,-0.08
203,70,"(35, 13)",0,-0.08
203,71,"(35, 12)",1,-0.08
203,72,"(36, 12)",1,-0.08
203,73,"(37, 12)",1,-0.08
203,74,"(38, 12)",1,-0.08
203,75,"(39, 12)",0,-0.08
203,76,"(39, 11)",1,-0.08
203,77,"(40, 11)",1,-0.08
203,78,"(41, 11)",1,-0.08
203,79,"(42, 11)",1,-0.08
203,80,"(43, 11)",1,-0.08
203,81,"(44, 11)",1,-0.08
203,82,"(45, 11)",0,-0.08
203,83,"(45, 10)",0,-0.08
203,84,"(45, 9)",0,-0.08
203,85,"(45, 8)",1,-0.08
203,86,"(46, 8)",0,-0.08
203,87,"(46, 7)",1,-0.08
203,88,"(47, 7)",1,-0.08
203,89,"(48, 7)",1,-0.08
203,90,"(49, 7)",1,-0.08
203,91,"(50, 7)",1,-0.08
203,92,"(51, 7)",1,-0.08
203,93,"(52, 7)",1,-0.08
203,94,"(53, 7)",1,-0.08
203,95,"(54, 7)",1,-0.08
203,96,"(55, 7)",1,-0.08
203,97,"(56, 7)",1,-0.08
203,98,"(57, 7)",1,-0.08
203,99,"(58, 7)",1,-0.08
203,100,"(59, 7)",1,-0.08
203,101,"(60, 7)",1,-0.08
203,102,"(61, 7)",1,-0.08
203,103,"(62, 7)",1,-0.08
203,104,"(63, 7)",1,-0.08
203,105,"(64, 7)",1,-0.08
203,106,"(65, 7)",1,-0.08
203,107,"(66, 7)",1,-0.08
203,108,"(67, 7)",1,-0.08
203,109,"(68, 7)",1,-0.08
203,110,"(69, 7)",0,-0.08
203,111,"(69, 6)",1,-0.08
203,112,"(70, 6)",1,-0.08
203,113,"(71, 6)",0,-0.08
203,114,"(71, 5)",1,-0.08
203,115,"(72, 5)",1,-0.08
203,116,"(73, 5)",1,-0.08
203,117,"(74, 5)",1,-0.08
203,118,"(75, 5)",1,-0.08
203,119,"(76, 5)",1,-0.08
203,120,"(77, 5)",0,-0.08
203,121,"(77, 4)",0,-0.08
203,122,"(77, 3)",0,-0.08
203,123,"(77, 2)",0,-0.08
203,124,"(77, 1)",1,-0.08
203,125,"(78, 1)",1,-0.08
203,126,"(79, 1)",0,8.33
204,0,"(0, 39)",0,-0.08
204,1,"(0, 38)",0,-0.08
204,2,"(0, 37)",0,-0.08
204,3,"(0, 36)",1,-8.33
204,4,"(0, 36)",0,-0.08
204,5,"(0, 35)",1,-0.08
204,6,"(1, 35)",0,-0.08
204,7,"(1, 34)",0,-0.08
204,8,"(1, 33)",0,-0.08
204,9,"(1, 32)",1,-0.08
204,10,"(2, 32)",1,-0.08
204,11,"(3, 32)",0,-0.08
204,12,"(3, 31)",0,-8.33
204,13,"(3, 31)",0,-8.33
204,14,"(3, 31)",3,-0.08
204,15,"(2, 31)",3,-0.08
204,16,"(1, 31)",0,-0.08
204,17,"(1, 30)",0,-0.08
204,18,"(1, 29)",0,-0.08
204,19,"(1, 28)",0,-0.08
204,20,"(1, 27)",0,-0.08
204,21,"(1, 26)",1,-0.08
204,22,"(2, 26)",1,-0.08
204,23,"(3, 26)",0,-0.08
204,24,"(3, 25)",1,-0.08
204,25,"(4, 25)",1,-0.08
204,26,"(5, 25)",1,-0.08
204,27,"(6, 25)",1,-0.08
204,28,"(7, 25)",1,-0.08
204,29,"(8, 25)",1,-0.08
204,30,"(9, 25)",0,-0.08
204,31,"(9, 24)",1,-0.08
204,32,"(10, 24)",1,-0.08
204,33,"(11, 24)",1,-0.08
204,34,"(12, 24)",1,-0.08
204,35,"(13, 24)",1,-0.08
204,36,"(14, 24)",0,-0.08
204,37,"(14, 23)",1,-0.08
204,38,"(15, 23)",1,-0.08
204,39,"(16, 23)",0,-0.08
204,40,"(16, 22)",1,-0.08
204,41,"(17, 22)",1,-0.08
204,42,"(18, 22)",1,-0.08
204,43,"(19, 22)",0,-0.08
204,44,"(19, 21)",0,-0.08
204,45,"(19, 20)",0,-0.08
204,46,"(19, 19)",1,-0.08
204,47,"(20, 19)",1,-0.08
204,48,"(21, 19)",1,-0.08
204,49,"(22, 19)",1,-0.08
204,50,"(23, 19)",0,-0.08
204,51,"(23, 18)",0,-0.08
204,52,"(23, 17)",1,-0.08
204,53,"(24, 17)",1,-0.08
204,54,"(25, 17)",1,-0.08
204,55,"(26, 17)",1,-0.08
204,56,"(27, 17)",0,-0.08
204,57,"(27, 16)",1,-0.08
204,58,"(28, 16)",1,-0.08
204,59,"(29, 16)",0,-0.08
204,60,"(29, 15)",0,-0.08
204,61,"(29, 14)",0,-0.08
204,62,"(29, 13)",1,-0.08
204,63,"(30, 13)",1,-0.08
204,64,"(31, 13)",1,-0.08
204,65,"(32, 13)",1,-0.08
204,66,"(33, 13)",1,-0.08
204,67,"(34, 13)",1,-0.08
204,68,"(35, 13)",0,-0.08
204,69,"(35, 12)",1,-0.08
204,70,"(36, 12)",1,-0.08
204,71,"(37, 12)",1,-0.08
204,72,"(38, 12)",1,-0.08
204,73,"(39, 12)",0,-0.08
204,74,"(39, 11)",1,-0.08
204,75,"(40, 11)",1,-0.08
204,76,"(41, 11)",1,-0.08
204,77,"(42, 11)",1,-0.08
204,78,"(43, 11)",1,-0.08
204,79,"(44, 11)",1,-0.08
204,80,"(45, 11)",0,-0.08
204,81,"(45, 10)",0,-0.08
204,82,"(45, 9)",1,-0.08
204,83,"(46, 9)",0,-0.08
204,84,"(46, 8)",0,-0.08
204,85,"(46, 7)",1,-0.08
204,86,"(47, 7)",1,-0.08
204,87,"(48, 7)",1,-0.08
204,88,"(49, 7)",1,-0.08
204,89,"(50, 7)",1,-0.08
204,90,"(51, 7)",1,-0.08
204,91,"(52, 7)",1,-0.08
204,92,"(53, 7)",1,-0.08
204,93,"(54, 7)",1,-0.08
204,94,"(55, 7)",1,-0.08
204,95,"(56, 7)",1,-0.08
204,96,"(57, 7)",1,-0.08
204,97,"(58, 7)",1,-0.08
204,98,"(59, 7)",1,-0.08
204,99,"(60, 7)",1,-0.08
204,100,"(61, 7)",1,-0.08
204,101,"(62, 7)",1,-0.08
204,102,"(63, 7)",1,-0.08
204,103,"(64, 7)",1,-0.08
204,104,"(65, 7)",1,-0.08
204,105,"(66, 7)",1,-0.08
204,106,"(67, 7)",1,-0.08
204,107,"(68, 7)",1,-0.08
204,108,"(69, 7)",0,-0.08
204,109,"(69, 6)",1,-0.08
204,110,"(70, 6)",1,-0.08
204,111,"(71, 6)",0,-0.08
204,112,"(71, 5)",1,-0.08
204,113,"(72, 5)",1,-0.08
204,114,"(73, 5)",1,-0.08
204,115,"(74, 5)",1,-0.08
204,116,"(75, 5)",1,-0.08
204,117,"(76, 5)",1,-0.08
204,118,"(77, 5)",0,-0.08
204,119,"(77, 4)",0,-0.08
204,120,"(77, 3)",0,-0.08
204,121,"(77, 2)",0,-0.08
204,122,"(77, 1)",1,-0.08
204,123,"(78, 1)",0,-0.08
204,124,"(78, 0)",1,8.33
205,0,"(0, 39)",0,-0.08
205,1,"(0, 38)",1,-0.08
205,2,"(1, 38)",1,-8.33
205,3,"(1, 38)",0,-0.08
205,4,"(1, 37)",0,-8.33
205,5,"(1, 37)",3,-0.08
205,6,"(0, 37)",0,-0.08
205,7,"(0, 36)",0,-0.08
205,8,"(0, 35)",1,-0.08
205,9,"(1, 35)",0,-0.08
205,10,"(1, 34)",0,-0.08
205,11,"(1, 33)",0,-0.08
205,12,"(1, 32)",0,-0.08
205,13,"(1, 31)",1,-0.08
205,14,"(2, 31)",1,-0.08
205,15,"(3, 31)",0,-8.33
205,16,"(3, 31)",3,-0.08
205,17,"(2, 31)",3,-0.08
205,18,"(1, 31)",0,-0.08
205,19,"(1, 30)",0,-0.08
205,20,"(1, 29)",1,-0.08
205,21,"(2, 29)",1,-0.08
205,22,"(3, 29)",1,-0.08
205,23,"(4, 29)",1,-0.08
205,24,"(5, 29)",1,-0.08
205,25,"(6, 29)",1,-0.08
205,26,"(7, 29)",0,-0.08
205,27,"(7, 28)",1,-0.08
205,28,"(8, 28)",0,-0.08
205,29,"(8, 27)",1,-0.08
205,30,"(9, 27)",1,-0.08
205,31,"(10, 27)",1,-0.08
205,32,"(11, 27)",1,-0.08
205,33,"(12, 27)",0,-0.08
205,34,"(12, 26)",1,-0.08
205,35,"(13, 26)",0,-0.08
205,36,"(13, 25)",0,-0.08
205,37,"(13, 24)",0,-0.08
205,38,"(13, 23)",1,-0.08
205,39,"(14, 23)",1,-0.08
205,40,"(15, 23)",1,-0.08
205,41,"(16, 23)",0,-0.08
205,42,"(16, 22)",1,-0.08
205,43,"(17, 22)",1,-0.08
205,44,"(18, 22)",1,-0.08
205,45,"(19, 22)",0,-0.08
205,46,"(19, 21)",0,-0.08
205,47,"(19, 20)",1,-0.08
205,48,"(20, 20)",1,-0.08
205,49,"(21, 20)",0,-0.08
205,50,"(21, 19)",1,-0.08
205,51,"(22, 19)",1,-0.08
205,52,"(23, 19)",0,-0.08
205,53,"(23, 18)",0,-0.08
205,54,"(23, 17)",0,-0.08
205,55,"(23, 16)",0,-0.08
205,56,"(23, 15)",1,-0.08
205,57,"(24, 15)",1,-0.08
205,58,"(25, 15)",1,-0.08
205,59,"(26, 15)",1,-0.08
205,60,"(27, 15)",1,-0.08
205,61,"(28, 15)",1,-0.08
205,62,"(29, 15)",0,-0.08
205,63,"(29, 14)",0,-0.08
205,64,"(29, 13)",1,-0.08
205,65,"(30, 13)",1,-0.08
205,66,"(31, 13)",1,-0.08
205,67,"(32, 13)",1,-0.08
205,68,"(33, 13)",1,-0.08
205,69,"(34, 13)",1,-0.08
205,70,"(35, 13)",1,-0.08
205,71,"(36, 13)",0,-0.08
205,72,"(36, 12)",1,-0.08
205,73,"(37, 12)",1,-0.08
205,74,"(38, 12)",1,-0.08
205,75,"(39, 12)",0,-0.08
205,76,"(39, 11)",1,-0.08
205,77,"(40, 11)",1,-0.08
205,78,"(41, 11)",1,-0.08
205,79,"(42, 11)",1,-0.08
205,80,"(43, 11)",1,-0.08
205,81,"(44, 11)",1,-0.08
205,82,"(45, 11)",0,-0.08
205,83,"(45, 10)",1,-0.08
205,84,"(46, 10)",1,-0.08
205,85,"(47, 10)",1,-0.08
205,86,"(48, 10)",1,-0.08
205,87,"(49, 10)",1,-0.08
205,88,"(50, 10)",0,-0.08
205,89,"(50, 9)",0,-0.08
205,90,"(50, 8)",0,-0.08
205,91,"(50, 7)",1,-0.08
205,92,"(51, 7)",1,-0.08
205,93,"(52, 7)",1,-0.08
205,94,"(53, 7)",1,-0.08
205,95,"(54, 7)",1,-0.08
205,96,"(55, 7)",1,-0.08
205,97,"(56, 7)",1,-0.08
205,98,"(57, 7)",1,-0.08
205,99,"(58, 7)",1,-0.08
205,100,"(59, 7)",1,-0.08
205,101,"(60, 7)",1,-0.08
205,102,"(61, 7)",1,-0.08
205,103,"(62, 7)",1,-0.08
205,104,"(63, 7)",1,-0.08
205,105,"(64, 7)",1,-0.08
205,106,"(65, 7)",1,-0.08
205,107,"(66, 7)",1,-0.08
205,108,"(67, 7)",1,-0.08
205,109,"(68, 7)",1,-0.08
205,110,"(69, 7)",1,-0.08
205,111,"(70, 7)",0,-0.08
205,112,"(70, 6)",1,-0.08
205,113,"(71, 6)",1,-0.08
205,114,"(72, 6)",0,-0.08
205,115,"(72, 5)",1,-0.08
205,116,"(73, 5)",1,-0.08
205,117,"(74, 5)",0,-0.08
205,118,"(74, 4)",1,-0.08
205,119,"(75, 4)",0,-0.08
205,120,"(75, 3)",1,-0.08
205,121,"(76, 3)",0,-0.08
205,122,"(76, 2)",1,-0.08
205,123,"(77, 2)",0,-0.08
205,124,"(77, 1)",1,-0.08
205,125,"(78, 1)",0,-0.08
205,126,"(78, 0)",1,8.33
206,0,"(0, 39)",0,-0.08
206,1,"(0, 38)",0,-0.08
206,2,"(0, 37)",0,-0.08
206,3,"(0, 36)",0,-0.08
206,4,"(0, 35)",1,-0.08
206,5,"(1, 35)",0,-0.08
206,6,"(1, 34)",1,-0.08
206,7,"(2, 34)",1,-8.33
206,8,"(2, 34)",0,-0.08
206,9,"(2, 33)",0,-0.08
206,10,"(2, 32)",0,-0.08
206,11,"(2, 31)",1,-0.08
206,12,"(3, 31)",0,-8.33
206,13,"(3, 31)",0,-8.33
206,14,"(3, 31)",2,-0.08
206,15,"(3, 32)",2,-0.08
206,16,"(3, 33)",1,-0.08
206,17,"(4, 33)",1,-0.08
206,18,"(5, 33)",1,-0.08
206,19,"(6, 33)",1,-0.08
206,20,"(7, 33)",0,-0.08
206,21,"(7, 32)",0,-0.08
206,22,"(7, 31)",1,-0.08
206,23,"(8, 31)",1,-0.08
206,24,"(9, 31)",0,-0.08
206,25,"(9, 30)",0,-0.08
206,26,"(9, 29)",1,-0.08
206,27,"(10, 29)",0,-0.08
206,28,"(10, 28)",0,-0.08
206,29,"(10, 27)",1,-0.08
206,30,"(11, 27)",1,-0.08
206,31,"(12, 27)",0,-0.08
206,32,"(12, 26)",1,-0.08
206,33,"(13, 26)",0,-0.08
206,34,"(13, 25)",1,-0.08
206,35,"(14, 25)",0,-0.08
206,36,"(14, 24)",0,-0.08
206,37,"(14, 23)",1,-0.08
206,38,"(15, 23)",1,-0.08
206,39,"(16, 23)",0,-0.08
206,40,"(16, 22)",1,-0.08
206,41,"(17, 22)",1,-0.08
206,42,"(18, 22)",1,-0.08
206,43,"(19, 22)",1,-0.08
206,44,"(20, 22)",1,-0.08
206,45,"(21, 22)",0,-0.08
206,46,"(21, 21)",0,-0.08
206,47,"(21, 20)",1,-0.08
206,48,"(22, 20)",1,-0.08
206,49,"(23, 20)",1,-0.08
206,50,"(24, 20)",1,-0.08
206,51,"(25, 20)",0,-0.08
206,52,"(25, 19)",0,-0.08
206,53,"(25, 18)",0,-0.08
206,54,"(25, 17)",1,-0.08
206,55,"(26, 17)",1,-0.08
206,56,"(27, 17)",1,-0.08
206,57,"(28, 17)",0,-0.08
206,58,"(28, 16)",0,-0.08
206,59,"(28, 15)",1,-0.08
206,60,"(29, 15)",1,-0.08
206,61,"(30, 15)",1,-0.08
206,62,"(31, 15)",1,-0.08
206,63,"(32, 15)",1,-0.08
206,64,"(33, 15)",1,-0.08
206,65,"(34, 15)",1,-0.08
206,66,"(35, 15)",0,-0.08
206,67,"(35, 14)",0,-0.08
206,68,"(35, 13)",1,-0.08
206,69,"(36, 13)",0,-0.08
206,70,"(36, 12)",1,-0.08
206,71,"(37, 12)",1,-0.08
206,72,"(38, 12)",1,-0.08
206,73,"(39, 12)",0,-0.08
206,74,"(39, 11)",1,-0.08
206,75,"(40, 11)",1,-0.08
206,76,"(41, 11)",1,-0.08
206,77,"(42, 11)",1,-0.08
206,78,"(43, 11)",1,-0.08
206,79,"(44, 11)",1,-0.08
206,80,"(45, 11)",0,-0.08
206,81,"(45, 10)",1,-0.08
206,82,"(46, 10)",1,-0.08
206,83,"(47, 10)",1,-0.08
206,84,"(48, 10)",1,-0.08
206,85,"(49, 10)",1,-0.08
206,86,"(50, 10)",0,-0.08
206,87,"(50, 9)",0,-0.08
206,88,"(50, 8)",0,-0.08
206,89,"(50, 7)",1,-0.08
206,90,"(51, 7)",1,-0.08
206,91,"(52, 7)",1,-0.08
206,92,"(53, 7)",1,-0.08
206,93,"(54, 7)",1,-0.08
206,94,"(55, 7)",1,-0.08
206,95,"(56, 7)",1,-0.08
206,96,"(57, 7)",1,-0.08
206,97,"(58, 7)",1,-0.08
206,98,"(59, 7)",1,-0.08
206,99,"(60, 7)",1,-0.08
206,100,"(61, 7)",1,-0.08
206,101,"(62, 7)",1,-0.08
206,102,"(63, 7)",1,-0.08
206,103,"(64, 7)",1,-0.08
206,104,"(65, 7)",1,-0.08
206,105,"(66, 7)",1,-0.08
206,106,"(67, 7)",1,-0.08
206,107,"(68, 7)",1,-0.08
206,108,"(69, 7)",0,-0.08
206,109,"(69, 6)",1,-0.08
206,110,"(70, 6)",1,-0.08
206,111,"(71, 6)",1,-0.08
206,112,"(72, 6)",0,-0.08
206,113,"(72, 5)",1,-0.08
206,114,"(73, 5)",1,-0.08
206,115,"(74, 5)",1,-0.08
206,116,"(75, 5)",1,-0.08
206,117,"(76, 5)",1,-0.08
206,118,"(77, 5)",0,-0.08
206,119,"(77, 4)",0,-0.08
206,120,"(77, 3)",0,-0.08
206,121,"(77, 2)",0,-0.08
206,122,"(77, 1)",1,-0.08
206,123,"(78, 1)",0,-0.08
206,124,"(78, 0)",1,8.33
207,0,"(0, 39)",0,-0.08
207,1,"(0, 38)",0,-0.08
207,2,"(0, 37)",1,-0.08
207,3,"(1, 37)",0,-8.33
207,4,"(1, 37)",3,-0.08
207,5,"(0, 37)",0,-0.08
207,6,"(0, 36)",0,-0.08
207,7,"(0, 35)",1,-0.08
207,8,"(1, 35)",1,-0.08
207,9,"(2, 35)",0,-0.08
207,10,"(2, 34)",0,-0.08
207,11,"(2, 33)",0,-0.08
207,12,"(2, 32)",0,-0.08
207,13,"(2, 31)",1,-0.08
207,14,"(3, 31)",0,-8.33
207,15,"(3, 31)",0,-8.33
207,16,"(3, 31)",2,-0.08
207,17,"(3, 32)",2,-0.08
207,18,"(3, 33)",1,-0.08
207,19,"(4, 33)",1,-0.08
207,20,"(5, 33)",1,-0.08
207,21,"(6, 33)",1,-0.08
207,22,"(7, 33)",0,-0.08
207,23,"(7, 32)",0,-0.08
207,24,"(7, 31)",1,-0.08
207,25,"(8, 31)",0,-0.08
207,26,"(8, 30)",1,-0.08
207,27,"(9, 30)",1,-0.08
207,28,"(10, 30)",0,-0.08
207,29,"(10, 29)",0,-0.08
207,30,"(10, 28)",0,-0.08
207,31,"(10, 27)",1,-0.08
207,32,"(11, 27)",1,-0.08
207,33,"(12, 27)",1,-0.08
207,34,"(13, 27)",0,-0.08
207,35,"(13, 26)",0,-0.08
207,36,"(13, 25)",1,-0.08
207,37,"(14, 25)",1,-0.08
207,38,"(15, 25)",1,-0.08
207,39,"(16, 25)",1,-0.08
207,40,"(17, 25)",0,-0.08
207,41,"(17, 24)",0,-0.08
207,42,"(17, 23)",0,-0.08
207,43,"(17, 22)",1,-0.08
207,44,"(18, 22)",1,-0.08
207,45,"(19, 22)",0,-0.08
207,46,"(19, 21)",1,-0.08
207,47,"(20, 21)",1,-0.08
207,48,"(21, 21)",0,-0.08
207,49,"(21, 20)",0,-0.08
207,50,"(21, 19)",1,-0.08
207,51,"(22, 19)",1,-0.08
207,52,"(23, 19)",0,-0.08
207,53,"(23, 18)",0,-0.08
207,54,"(23, 17)",1,-0.08
207,55,"(24, 17)",1,-0.08
207,56,"(25, 17)",1,-0.08
207,57,"(26, 17)",1,-0.08
207,58,"(27, 17)",0,-0.08
207,59,"(27, 16)",1,-0.08
207,60,"(28, 16)",0,-0.08
207,61,"(28, 15)",1,-0.08
207,62,"(29, 15)",1,-0.08
207,63,"(30, 15)",1,-0.08
207,64,"(31, 15)",0,-0.08
207,65,"(31, 14)",1,-0.08
207,66,"(32, 14)",0,-0.08
207,67,"(32, 13)",1,-0.08
207,68,"(33, 13)",1,-0.08
207,69,"(34, 13)",1,-0.08
207,70,"(35, 13)",1,-0.08
207,71,"(36, 13)",1,-0.08
207,72,"(37, 13)",1,-0.08
207,73,"(38, 13)",1,-0.08
207,74,"(39, 13)",0,-0.08
207,75,"(39, 12)",0,-0.08
207,76,"(39, 11)",1,-0.08
207,77,"(40, 11)",1,-0.08
207,78,"(41, 11)",1,-0.08
207,79,"(42, 11)",1,-0.08
207,80,"(43, 11)",1,-0.08
207,81,"(44, 11)",1,-0.08
207,82,"(45, 11)",0,-0.08
207,83,"(45, 10)",0,-0.08
207,84,"(45, 9)",0,-0.08
207,85,"(45, 8)",1,-0.08
207,86,"(46, 8)",0,-0.08
207,87,"(46, 7)",1,-0.08
207,88,"(47, 7)",1,-0.08
207,89,"(48, 7)",1,-0.08
207,90,"(49, 7)",1,-0.08
207,91,"(50, 7)",1,-0.08
207,92,"(51, 7)",1,-0.08
207,93,"(52, 7)",1,-0.08
207,94,"(53, 7)",1,-0.08
207,95,"(54, 7)",1,-0.08
207,96,"(55, 7)",1,-0.08
207,97,"(56, 7)",1,-0.08
207,98,"(57, 7)",1,-0.08
207,99,"(58, 7)",1,-0.08
207,100,"(59, 7)",1,-0.08
207,101,"(60, 7)",1,-0.08
207,102,"(61, 7)",1,-0.08
207,103,"(62, 7)",1,-0.08
207,104,"(63, 7)",1,-0.08
207,105,"(64, 7)",1,-0.08
207,106,"(65, 7)",1,-0.08
207,107,"(66, 7)",1,-0.08
207,108,"(67, 7)",1,-0.08
207,109,"(68, 7)",1,-0.08
207,110,"(69, 7)",1,-0.08
207,111,"(70, 7)",0,-0.08
207,112,"(70, 6)",1,-0.08
207,113,"(71, 6)",0,-0.08
207,114,"(71, 5)",1,-0.08
207,115,"(72, 5)",1,-0.08
207,116,"(73, 5)",1,-0.08
207,117,"(74, 5)",1,-0.08
207,118,"(75, 5)",0,-0.08
207,119,"(75, 4)",0,-0.08
207,120,"(75, 3)",1,-0.08
207,121,"(76, 3)",1,-0.08
207,122,"(77, 3)",0,-0.08
207,123,"(77, 2)",0,-0.08
207,124,"(77, 1)",1,-0.08
207,125,"(78, 1)",0,-0.08
207,126,"(78, 0)",1,8.33
208,0,"(0, 39)",1,-0.08
208,1,"(1, 39)",1,-0.08
208,2,"(2, 39)",0,-8.33
208,3,"(2, 39)",1,-0.08
208,4,"(3, 39)",1,-0.08
208,5,"(4, 39)",1,-0.08
208,6,"(5, 39)",0,-8.33
208,7,"(5, 39)",1,-0.08
208,8,"(6, 39)",1,-0.08
208,9,"(7, 39)",0,-0.08
208,10,"(7, 38)",0,-0.08
208,11,"(7, 37)",0,-0.08
208,12,"(7, 36)",0,-0.08
208,13,"(7, 35)",0,-0.08
208,14,"(7, 34)",0,-0.08
208,15,"(7, 33)",0,-0.08
208,16,"(7, 32)",0,-0.08
208,17,"(7, 31)",1,-0.08
208,18,"(8, 31)",1,-0.08
208,19,"(9, 31)",0,-0.08
208,20,"(9, 30)",0,-0.08
208,21,"(9, 29)",1,-0.08
208,22,"(10, 29)",0,-0.08
208,23,"(10, 28)",0,-0.08
208,24,"(10, 27)",1,-0.08
208,25,"(11, 27)",1,-0.08
208,26,"(12, 27)",1,-0.08
208,27,"(13, 27)",1,-0.08
208,28,"(14, 27)",1,-0.08
208,29,"(15, 27)",1,-0.08
208,30,"(16, 27)",0,-0.08
208,31,"(16, 26)",1,-0.08
208,32,"(17, 26)",0,-0.08
208,33,"(17, 25)",0,-0.08
208,34,"(17, 24)",0,-0.08
208,35,"(17, 23)",1,-0.08
208,36,"(18, 23)",0,-0.08
208,37,"(18, 22)",1,-0.08
208,38,"(19, 22)",0,-0.08
208,39,"(19, 21)",1,-0.08
208,40,"(20, 21)",1,-0.08
208,41,"(21, 21)",1,-0.08
208,42,"(22, 21)",1,-0.08
208,43,"(23, 21)",1,-0.08
208,44,"(24, 21)",1,-0.08
208,45,"(25, 21)",0,-0.08
208,46,"(25, 20)",0,-0.08
208,47,"(25, 19)",1,-0.08
208,48,"(26, 19)",0,-0.08
208,49,"(26, 18)",1,-0.08
208,50,"(27, 18)",0,-0.08
208,51,"(27, 17)",0,-0.08
208,52,"(27, 16)",1,-0.08
208,53,"(28, 16)",1,-0.08
208,54,"(29, 16)",0,-0.08
208,55,"(29, 15)",1,-0.08
208,56,"(30, 15)",1,-0.08
208,57,"(31, 15)",0,-0.08
208,58,"(31, 14)",0,-0.08
208,59,"(31, 13)",1,-0.08
208,60,"(32, 13)",1,-0.08
208,61,"(33, 13)",1,-0.08
208,62,"(34, 13)",1,-0.08
208,63,"(35, 13)",1,-0.08
208,64,"(36, 13)",1,-0.08
208,65,"(37, 13)",0,-0.08
208,66,"(37, 12)",1,-0.08
208,67,"(38, 12)",1,-0.08
208,68,"(39, 12)",0,-0.08
208,69,"(39, 11)",1,-0.08
208,70,"(40, 11)",1,-0.08
208,71,"(41, 11)",1,-0.08
208,72,"(42, 11)",1,-0.08
208,73,"(43, 11)",1,-0.08
208,74,"(44, 11)",1,-0.08
208,75,"(45, 11)",0,-0.08
208,76,"(45, 10)",0,-0.08
208,77,"(45, 9)",1,-0.08
208,78,"(46, 9)",0,-0.08
208,79,"(46, 8)",0,-0.08
208,80,"(46, 7)",1,-0.08
208,81,"(47, 7)",1,-0.08
208,82,"(48, 7)",1,-0.08
208,83,"(49, 7)",1,-0.08
208,84,"(50, 7)",1,-0.08
208,85,"(51, 7)",1,-0.08
208,86,"(52, 7)",1,-0.08
208,87,"(53, 7)",1,-0.08
208,88,"(54, 7)",1,-0.08
208,89,"(55, 7)",1,-0.08
208,90,"(56, 7)",1,-0.08
208,91,"(57, 7)",1,-0.08
208,92,"(58, 7)",1,-0.08
208,93,"(59, 7)",1,-0.08
208,94,"(60, 7)",1,-0.08
208,95,"(61, 7)",1,-0.08
208,96,"(62, 7)",1,-0.08
208,97,"(63, 7)",1,-0.08
208,98,"(64, 7)",1,-0.08
208,99,"(65, 7)",1,-0.08
208,100,"(66, 7)",1,-0.08
208,101,"(67, 7)",1,-0.08
208,102,"(68, 7)",1,-0.08
208,103,"(69, 7)",1,-0.08
208,104,"(70, 7)",0,-0.08
208,105,"(70, 6)",1,-0.08
208,106,"(71, 6)",0,-0.08
208,107,"(71, 5)",1,-0.08
208,108,"(72, 5)",1,-0.08
208,109,"(73, 5)",1,-0.08
208,110,"(74, 5)",1,-0.08
208,111,"(75, 5)",0,-0.08
208,112,"(75, 4)",0,-0.08
208,113,"(75, 3)",1,-0.08
208,114,"(76, 3)",0,-0.08
208,115,"(76, 2)",0,-0.08
208,116,"(76, 1)",1,-0.08
208,117,"(77, 1)",1,-0.08
208,118,"(78, 1)",1,-0.08
208,119,"(79, 1)",0,8.33
209,0,"(0, 39)",1,-0.08
209,1,"(1, 39)",1,-0.08
209,2,"(2, 39)",0,-8.33
209,3,"(2, 39)",1,-0.08
209,4,"(3, 39)",0,-0.08
209,5,"(3, 38)",0,-0.08
209,6,"(3, 37)",1,-8.33
209,7,"(3, 37)",0,-0.08
209,8,"(3, 36)",0,-0.08
209,9,"(3, 35)",3,-0.08
209,10,"(2, 35)",0,-0.08
209,11,"(2, 34)",0,-0.08
209,12,"(2, 33)",0,-0.08
209,13,"(2, 32)",1,-0.08
209,14,"(3, 32)",0,-0.08
209,15,"(3, 31)",0,-8.33
209,16,"(3, 31)",0,-8.33
209,17,"(3, 31)",2,-0.08
209,18,"(3, 32)",2,-0.08
209,19,"(3, 33)",1,-0.08
209,20,"(4, 33)",1,-0.08
209,21,"(5, 33)",1,-0.08
209,22,"(6, 33)",1,-0.08
209,23,"(7, 33)",1,-0.08
209,24,"(8, 33)",1,-0.08
209,25,"(9, 33)",0,-0.08
209,26,"(9, 32)",0,-0.08
209,27,"(9, 31)",0,-0.08
209,28,"(9, 30)",1,-0.08
209,29,"(10, 30)",0,-0.08
209,30,"(10, 29)",0,-0.08
209,31,"(10, 28)",0,-0.08
209,32,"(10, 27)",1,-0.08
209,33,"(11, 27)",1,-0.08
209,34,"(12, 27)",0,-0.08
209,35,"(12, 26)",0,-0.08
209,36,"(12, 25)",0,-0.08
209,37,"(12, 24)",1,-0.08
209,38,"(13, 24)",1,-0.08
209,39,"(14, 24)",0,-0.08
209,40,"(14, 23)",1,-0.08
209,41,"(15, 23)",1,-0.08
209,42,"(16, 23)",1,-0.08
209,43,"(17, 23)",0,-0.08
209,44,"(17, 22)",1,-0.08
209,45,"(18, 22)",1,-0.08
209,46,"(19, 22)",0,-0.08
209,47,"(19, 21)",0,-0.08
209,48,"(19, 20)",1,-0.08
209,49,"(20, 20)",1,-0.08
209,50,"(21, 20)",0,-0.08
209,51,"(21, 19)",1,-0.08
209,52,"(22, 19)",1,-0.08
209,53,"(23, 19)",0,-0.08
209,54,"(23, 18)",0,-0.08
209,55,"(23, 17)",0,-0.08
209,56,"(23, 16)",0,-0.08
209,57,"(23, 15)",1,-0.08
209,58,"(24, 15)",1,-0.08
209,59,"(25, 15)",1,-0.08
209,60,"(26, 15)",1,-0.08
209,61,"(27, 15)",1,-0.08
209,62,"(28, 15)",1,-0.08
209,63,"(29, 15)",1,-0.08
209,64,"(30, 15)",1,-0.08
209,65,"(31, 15)",0,-0.08
209,66,"(31, 14)",1,-0.08
209,67,"(32, 14)",0,-0.08
209,68,"(32, 13)",1,-0.08
209,69,"(33, 13)",1,-0.08
209,70,"(34, 13)",1,-0.08
209,71,"(35, 13)",1,-0.08
209,72,"(36, 13)",1,-0.08
209,73,"(37, 13)",0,-0.08
209,74,"(37, 12)",1,-0.08
209,75,"(38, 12)",1,-0.08
209,76,"(39, 12)",0,-0.08
209,77,"(39, 11)",1,-0.08
209,78,"(40, 11)",1,-0.08
209,79,"(41, 11)",1,-0.08
209,80,"(42, 11)",1,-0.08
209,81,"(43, 11)",1,-0.08
209,82,"(44, 11)",1,-0.08
209,83,"(45, 11)",0,-0.08
209,84,"(45, 10)",0,-0.08
209,85,"(45, 9)",1,-0.08
209,86,"(46, 9)",0,-0.08
209,87,"(46, 8)",0,-0.08
209,88,"(46, 7)",1,-0.08
209,89,"(47, 7)",1,-0.08
209,90,"(48, 7)",1,-0.08
209,91,"(49, 7)",1,-0.08
209,92,"(50, 7)",1,-0.08
209,93,"(51, 7)",1,-0.08
209,94,"(52, 7)",1,-0.08
209,95,"(53, 7)",1,-0.08
209,96,"(54, 7)",1,-0.08
209,97,"(55, 7)",1,-0.08
209,98,"(56, 7)",1,-0.08
209,99,"(57, 7)",1,-0.08
209,100,"(58, 7)",1,-0.08
209,101,"(59, 7)",1,-0.08
209,102,"(60, 7)",1,-0.08
209,103,"(61, 7)",1,-0.08
209,104,"(62, 7)",1,-0.08
209,105,"(63, 7)",1,-0.08
209,106,"(64, 7)",1,-0.08
209,107,"(65, 7)",1,-0.08
209,108,"(66, 7)",1,-0.08
209,109,"(67, 7)",1,-0.08
209,110,"(68, 7)",1,-0.08
209,111,"(69, 7)",0,-0.08
209,112,"(69, 6)",1,-0.08
209,113,"(70, 6)",1,-0.08
209,114,"(71, 6)",0,-0.08
209,115,"(71, 5)",1,-0.08
209,116,"(72, 5)",1,-0.08
209,117,"(73, 5)",1,-0.08
209,118,"(74, 5)",1,-0.08
209,119,"(75, 5)",1,-0.08
209,120,"(76, 5)",1,-0.08
209,121,"(77, 5)",0,-0.08
209,122,"(77, 4)",0,-0.08
209,123,"(77, 3)",0,-0.08
209,124,"(77, 2)",0,-0.08
209,125,"(77, 1)",0,-0.08
209,126,"(77, 0)",1,-0.08
209,127,"(78, 0)",1,8.33
210,0,"(0, 39)",0,-0.08
210,1,"(0, 38)",1,-0.08
210,2,"(1, 38)",1,-8.33
210,3,"(1, 38)",0,-0.08
210,4,"(1, 37)",0,-8.33
210,5,"(1, 37)",3,-0.08
210,6,"(0, 37)",0,-0.08
210,7,"(0, 36)",0,-0.08
210,8,"(0, 35)",0,-0.08
210,9,"(0, 34)",1,-0.08
210,10,"(1, 34)",1,-0.08
210,11,"(2, 34)",0,-0.08
210,12,"(2, 33)",0,-0.08
210,13,"(2, 32)",0,-0.08
210,14,"(2, 31)",1,-0.08
210,15,"(3, 31)",0,-8.33
210,16,"(3, 31)",0,-8.33
210,17,"(3, 31)",2,-0.08
210,18,"(3, 32)",2,-0.08
210,19,"(3, 33)",1,-0.08
210,20,"(4, 33)",1,-0.08
210,21,"(5, 33)",1,-0.08
210,22,"(6, 33)",1,-0.08
210,23,"(7, 33)",0,-0.08
210,24,"(7, 32)",1,-0.08
210,25,"(8, 32)",0,-0.08
210,26,"(8, 31)",0,-0.08
210,27,"(8, 30)",0,-0.08
210,28,"(8, 29)",1,-0.08
210,29,"(9, 29)",1,-0.08
210,30,"(10, 29)",0,-0.08
210,31,"(10, 28)",0,-0.08
210,32,"(10, 27)",1,-0.08
210,33,"(11, 27)",1,-0.08
210,34,"(12, 27)",0,-0.08
210,35,"(12, 26)",0,-0.08
210,36,"(12, 25)",0,-0.08
210,37,"(12, 24)",1,-0.08
210,38,"(13, 24)",0,-0.08
210,39,"(13, 23)",1,-0.08
210,40,"(14, 23)",1,-0.08
210,41,"(15, 23)",1,-0.08
210,42,"(16, 23)",0,-0.08
210,43,"(16, 22)",1,-0.08
210,44,"(17, 22)",1,-0.08
210,45,"(18, 22)",1,-0.08
210,46,"(19, 22)",1,-0.08
210,47,"(20, 22)",0,-0.08
210,48,"(20, 21)",0,-0.08
210,49,"(20, 20)",1,-0.08
210,50,"(21, 20)",1,-0.08
210,51,"(22, 20)",0,-0.08
210,52,"(22, 19)",1,-0.08
210,53,"(23, 19)",0,-0.08
210,54,"(23, 18)",0,-0.08
210,55,"(23, 17)",0,-0.08
210,56,"(23, 16)",0,-0.08
210,57,"(23, 15)",1,-0.08
210,58,"(24, 15)",1,-0.08
210,59,"(25, 15)",1,-0.08
210,60,"(26, 15)",1,-0.08
210,61,"(27, 15)",0,-0.08
210,62,"(27, 14)",0,-0.08
210,63,"(27, 13)",1,-0.08
210,64,"(28, 13)",1,-0.08
210,65,"(29, 13)",1,-0.08
210,66,"(30, 13)",1,-0.08
210,67,"(31, 13)",1,-0.08
210,68,"(32, 13)",1,-0.08
210,69,"(33, 13)",1,-0.08
210,70,"(34, 13)",1,-0.08
210,71,"(35, 13)",1,-0.08
210,72,"(36, 13)",1,-0.08
210,73,"(37, 13)",1,-0.08
210,74,"(38, 13)",0,-0.08
210,75,"(38, 12)",1,-0.08
210,76,"(39, 12)",0,-0.08
210,77,"(39, 11)",1,-0.08
210,78,"(40, 11)",1,-0.08
210,79,"(41, 11)",1,-0.08
210,80,"(42, 11)",1,-0.08
210,81,"(43, 11)",1,-0.08
210,82,"(44, 11)",1,-0.08
210,83,"(45, 11)",0,-0.08
210,84,"(45, 10)",0,-0.08
210,85,"(45, 9)",0,-0.08
210,86,"(45, 8)",0,-0.08
210,87,"(45, 7)",1,-0.08
210,88,"(46, 7)",1,-0.08
210,89,"(47, 7)",1,-0.08
210,90,"(48, 7)",1,-0.08
210,91,"(49, 7)",1,-0.08
210,92,"(50, 7)",1,-0.08
210,93,"(51, 7)",1,-0.08
210,94,"(52, 7)",1,-0.08
210,95,"(53, 7)",1,-0.08
210,96,"(54, 7)",1,-0.08
210,97,"(55, 7)",1,-0.08
210,98,"(56, 7)",1,-0.08
210,99,"(57, 7)",1,-0.08
210,100,"(58, 7)",1,-0.08
210,101,"(59, 7)",1,-0.08
210,102,"(60, 7)",1,-0.08
210,103,"(61, 7)",1,-0.08
210,104,"(62, 7)",1,-0.08
210,105,"(63, 7)",1,-0.08
210,106,"(64, 7)",1,-0.08
210,107,"(65, 7)",1,-0.08
210,108,"(66, 7)",1,-0.08
210,109,"(67, 7)",1,-0.08
210,110,"(68, 7)",1,-0.08
210,111,"(69, 7)",0,-0.08
210,112,"(69, 6)",1,-0.08
210,113,"(70, 6)",1,-0.08
210,114,"(71, 6)",0,-0.08
210,115,"(71, 5)",1,-0.08
210,116,"(72, 5)",1,-0.08
210,117,"(73, 5)",1,-0.08
210,118,"(74, 5)",1,-0.08
210,119,"(75, 5)",0,-0.08
210,120,"(75, 4)",0,-0.08
210,121,"(75, 3)",1,-0.08
210,122,"(76, 3)",1,-0.08
210,123,"(77, 3)",0,-0.08
210,124,"(77, 2)",0,-0.08
210,125,"(77, 1)",1,-0.08
210,126,"(78, 1)",1,-0.08
210,127,"(79, 1)",0,8.33
211,0,"(0, 39)",1,-0.08
211,1,"(1, 39)",1,-0.08
211,2,"(2, 39)",0,-8.33
211,3,"(2, 39)",1,-0.08
211,4,"(3, 39)",0,-0.08
211,5,"(3, 38)",0,-0.08
211,6,"(3, 37)",1,-8.33
211,7,"(3, 37)",0,-0.08
211,8,"(3, 36)",0,-0.08
211,9,"(3, 35)",3,-0.08
211,10,"(2, 35)",0,-0.08
211,11,"(2, 34)",0,-0.08
211,12,"(2, 33)",1,-0.08
211,13,"(3, 33)",1,-0.08
211,14,"(4, 33)",1,-0.08
211,15,"(5, 33)",1,-0.08
211,16,"(6, 33)",1,-0.08
211,17,"(7, 33)",1,-0.08
211,18,"(8, 33)",0,-0.08
211,19,"(8, 32)",1,-0.08
211,20,"(9, 32)",0,-0.08
211,21,"(9, 31)",0,-0.08
211,22,"(9, 30)",0,-0.08
211,23,"(9, 29)",1,-0.08
211,24,"(10, 29)",0,-0.08
211,25,"(10, 28)",0,-0.08
211,26,"(10, 27)",1,-0.08
211,27,"(11, 27)",1,-0.08
211,28,"(12, 27)",1,-0.08
211,29,"(13, 27)",0,-0.08
211,30,"(13, 26)",0,-0.08
211,31,"(13, 25)",0,-0.08
211,32,"(13, 24)",0,-0.08
211,33,"(13, 23)",0,-0.08
211,34,"(13, 22)",1,-0.08
211,35,"(14, 22)",0,-0.08
211,36,"(14, 21)",1,-0.08
211,37,"(15, 21)",0,-0.08
211,38,"(15, 20)",0,-0.08
211,39,"(15, 19)",0,-8.33
211,40,"(15, 19)",2,-0.08
211,41,"(15, 20)",2,-0.08
211,42,"(15, 21)",1,-0.08
211,43,"(16, 21)",1,-0.08
211,44,"(17, 21)",2,-0.08
211,45,"(17, 22)",1,-0.08
211,46,"(18, 22)",1,-0.08
211,47,"(19, 22)",0,-0.08
211,48,"(19, 21)",0,-0.08
211,49,"(19, 20)",0,-0.08
211,50,"(19, 19)",1,-0.08
211,51,"(20, 19)",1,-0.08
211,52,"(21, 19)",0,-0.08
211,53,"(21, 18)",1,-8.33
211,54,"(21, 18)",2,-0.08
211,55,"(21, 19)",1,-0.08
211,56,"(22, 19)",1,-0.08
211,57,"(23, 19)",0,-0.08
211,58,"(23, 18)",0,-0.08
211,59,"(23, 17)",1,-0.08
211,60,"(24, 17)",1,-0.08
211,61,"(25, 17)",1,-0.08
211,62,"(26, 17)",1,-0.08
211,63,"(27, 17)",1,-0.08
211,64,"(28, 17)",1,-0.08
211,65,"(29, 17)",1,-0.08
211,66,"(30, 17)",1,-0.08
211,67,"(31, 17)",1,-0.08
211,68,"(32, 17)",0,-0.08
211,69,"(32, 16)",0,-0.08
211,70,"(32, 15)",1,-0.08
211,71,"(33, 15)",1,-0.08
211,72,"(34, 15)",1,-0.08
211,73,"(35, 15)",0,-0.08
211,74,"(35, 14)",0,-0.08
211,75,"(35, 13)",0,-0.08
211,76,"(35, 12)",1,-0.08
211,77,"(36, 12)",1,-0.08
211,78,"(37, 12)",1,-0.08
211,79,"(38, 12)",1,-0.08
211,80,"(39, 12)",0,-0.08
211,81,"(39, 11)",1,-0.08
211,82,"(40, 11)",1,-0.08
211,83,"(41, 11)",1,-0.08
211,84,"(42, 11)",1,-0.08
211,85,"(43, 11)",1,-0.08
211,86,"(44, 11)",1,-0.08
211,87,"(45, 11)",0,-0.08
211,88,"(45, 10)",1,-0.08
211,89,"(46, 10)",0,-0.08
211,90,"(46, 9)",0,-0.08
211,91,"(46, 8)",0,-0.08
211,92,"(46, 7)",1,-0.08
211,93,"(47, 7)",1,-0.08
211,94,"(48, 7)",1,-0.08
211,95,"(49, 7)",1,-0.08
211,96,"(50, 7)",1,-0.08
211,97,"(51, 7)",1,-0.08
211,98,"(52, 7)",1,-0.08
211,99,"(53, 7)",1,-0.08
211,100,"(54, 7)",1,-0.08
211,101,"(55, 7)",1,-0.08
211,102,"(56, 7)",1,-0.08
211,103,"(57, 7)",1,-0.08
211,104,"(58, 7)",1,-0.08
211,105,"(59, 7)",1,-0.08
211,106,"(60, 7)",1,-0.08
211,107,"(61, 7)",1,-0.08
211,108,"(62, 7)",1,-0.08
211,109,"(63, 7)",1,-0.08
211,110,"(64, 7)",1,-0.08
211,111,"(65, 7)",1,-0.08
211,112,"(66, 7)",1,-0.08
211,113,"(67, 7)",1,-0.08
211,114,"(68, 7)",1,-0.08
211,115,"(69, 7)",1,-0.08
211,116,"(70, 7)",1,-0.08
211,117,"(71, 7)",1,-0.08
211,118,"(72, 7)",0,-0.08
211,119,"(72, 6)",0,-0.08
211,120,"(72, 5)",1,-0.08
211,121,"(73, 5)",1,-0.08
211,122,"(74, 5)",0,-0.08
211,123,"(74, 4)",0,-0.08
211,124,"(74, 3)",1,-0.08
211,125,"(75, 3)",1,-0.08
211,126,"(76, 3)",0,-0.08
211,127,"(76, 2)",1,-0.08
211,128,"(77, 2)",0,-0.08
211,129,"(77, 1)",1,-0.08
211,130,"(78, 1)",0,-0.08
211,131,"(78, 0)",1,8.33
212,0,"(0, 39)",0,-0.08
212,1,"(0, 38)",0,-0.08
212,2,"(0, 37)",1,-0.08
212,3,"(1, 37)",0,-8.33
212,4,"(1, 37)",3,-0.08
212,5,"(0, 37)",0,-0.08
212,6,"(0, 36)",0,-0.08
212,7,"(0, 35)",1,-0.08
212,8,"(1, 35)",1,-0.08
212,9,"(2, 35)",0,-0.08
212,10,"(2, 34)",0,-0.08
212,11,"(2, 33)",0,-0.08
212,12,"(2, 32)",0,-0.08
212,13,"(2, 31)",1,-0.08
212,14,"(3, 31)",0,-8.33
212,15,"(3, 31)",0,-8.33
212,16,"(3, 31)",3,-0.08
212,17,"(2, 31)",3,-0.08
212,18,"(1, 31)",0,-0.08
212,19,"(1, 30)",0,-0.08
212,20,"(1, 29)",0,-0.08
212,21,"(1, 28)",0,-0.08
212,22,"(1, 27)",0,-0.08
212,23,"(1, 26)",1,-0.08
212,24,"(2, 26)",1,-0.08
212,25,"(3, 26)",0,-0.08
212,26,"(3, 25)",1,-0.08
212,27,"(4, 25)",1,-0.08
212,28,"(5, 25)",1,-0.08
212,29,"(6, 25)",1,-0.08
212,30,"(7, 25)",1,-0.08
212,31,"(8, 25)",1,-0.08
212,32,"(9, 25)",1,-0.08
212,33,"(10, 25)",1,-0.08
212,34,"(11, 25)",0,-0.08
212,35,"(11, 24)",1,-0.08
212,36,"(12, 24)",1,-0.08
212,37,"(13, 24)",1,-0.08
212,38,"(14, 24)",0,-0.08
212,39,"(14, 23)",1,-0.08
212,40,"(15, 23)",1,-0.08
212,41,"(16, 23)",1,-0.08
212,42,"(17, 23)",1,-0.08
212,43,"(18, 23)",1,-0.08
212,44,"(19, 23)",0,-0.08
212,45,"(19, 22)",0,-0.08
212,46,"(19, 21)",0,-0.08
212,47,"(19, 20)",0,-0.08
212,48,"(19, 19)",1,-0.08
212,49,"(20, 19)",1,-0.08
212,50,"(21, 19)",1,-0.08
212,51,"(22, 19)",1,-0.08
212,52,"(23, 19)",0,-0.08
212,53,"(23, 18)",0,-0.08
212,54,"(23, 17)",1,-0.08
212,55,"(24, 17)",1,-0.08
212,56,"(25, 17)",1,-0.08
212,57,"(26, 17)",1,-0.08
212,58,"(27, 17)",0,-0.08
212,59,"(27, 16)",0,-0.08
212,60,"(27, 15)",1,-0.08
212,61,"(28, 15)",1,-0.08
212,62,"(29, 15)",1,-0.08
212,63,"(30, 15)",1,-0.08
212,64,"(31, 15)",1,-0.08
212,65,"(32, 15)",1,-0.08
212,66,"(33, 15)",1,-0.08
212,67,"(34, 15)",1,-0.08
212,68,"(35, 15)",0,-0.08
212,69,"(35, 14)",0,-0.08
212,70,"(35, 13)",0,-0.08
212,71,"(35, 12)",1,-0.08
212,72,"(36, 12)",1,-0.08
212,73,"(37, 12)",1,-0.08
212,74,"(38, 12)",1,-0.08
212,75,"(39, 12)",0,-0.08
212,76,"(39, 11)",1,-0.08
212,77,"(40, 11)",1,-0.08
212,78,"(41, 11)",1,-0.08
212,79,"(42, 11)",1,-0.08
212,80,"(43, 11)",1,-0.08
212,81,"(44, 11)",1,-0.08
212,82,"(45, 11)",0,-0.08
212,83,"(45, 10)",0,-0.08
212,84,"(45, 9)",0,-0.08
212,85,"(45, 8)",0,-0.08
212,86,"(45, 7)",1,-0.08
212,87,"(46, 7)",1,-0.08
212,88,"(47, 7)",1,-0.08
212,89,"(48, 7)",1,-0.08
212,90,"(49, 7)",1,-0.08
212,91,"(50, 7)",1,-0.08
212,92,"(51, 7)",1,-0.08
212,93,"(52, 7)",1,-0.08
212,94,"(53, 7)",1,-0.08
212,95,"(54, 7)",1,-0.08
212,96,"(55, 7)",1,-0.08
212,97,"(56, 7)",1,-0.08
212,98,"(57, 7)",1,-0.08
212,99,"(58, 7)",1,-0.08
212,100,"(59, 7)",1,-0.08
212,101,"(60, 7)",1,-0.08
212,102,"(61, 7)",1,-0.08
212,103,"(62, 7)",1,-0.08
212,104,"(63, 7)",1,-0.08
212,105,"(64, 7)",1,-0.08
212,106,"(65, 7)",1,-0.08
212,107,"(66, 7)",1,-0.08
212,108,"(67, 7)",1,-0.08
212,109,"(68, 7)",1,-0.08
212,110,"(69, 7)",1,-0.08
212,111,"(70, 7)",0,-0.08
212,112,"(70, 6)",1,-0.08
212,113,"(71, 6)",1,-0.08
212,114,"(72, 6)",0,-0.08
212,115,"(72, 5)",1,-0.08
212,116,"(73, 5)",1,-0.08
212,117,"(74, 5)",1,-0.08
212,118,"(75, 5)",1,-0.08
212,119,"(76, 5)",1,-0.08
212,120,"(77, 5)",0,-0.08
212,121,"(77, 4)",0,-0.08
212,122,"(77, 3)",0,-0.08
212,123,"(77, 2)",0,-0.08
212,124,"(77, 1)",1,-0.08
212,125,"(78, 1)",1,-0.08
212,126,"(79, 1)",0,8.33
213,0,"(0, 39)",0,-0.08
213,1,"(0, 38)",1,-0.08
213,2,"(1, 38)",1,-8.33
213,3,"(1, 38)",0,-0.08
213,4,"(1, 37)",0,-8.33
213,5,"(1, 37)",3,-0.08
213,6,"(0, 37)",0,-0.08
213,7,"(0, 36)",0,-0.08
213,8,"(0, 35)",0,-0.08
213,9,"(0, 34)",0,-0.08
213,10,"(0, 33)",1,-0.08
213,11,"(1, 33)",1,-0.08
213,12,"(2, 33)",1,-0.08
213,13,"(3, 33)",0,-0.08
213,14,"(3, 32)",0,-0.08
213,15,"(3, 31)",0,-8.33
213,16,"(3, 31)",3,-0.08
213,17,"(2, 31)",3,-0.08
213,18,"(1, 31)",0,-0.08
213,19,"(1, 30)",0,-0.08
213,20,"(1, 29)",0,-0.08
213,21,"(1, 28)",0,-0.08
213,22,"(1, 27)",0,-0.08
213,23,"(1, 26)",0,-0.08
213,24,"(1, 25)",1,-0.08
213,25,"(2, 25)",1,-0.08
213,26,"(3, 25)",1,-0.08
213,27,"(4, 25)",1,-0.08
213,28,"(5, 25)",1,-0.08
213,29,"(6, 25)",1,-0.08
213,30,"(7, 25)",1,-0.08
213,31,"(8, 25)",1,-0.08
213,32,"(9, 25)",1,-0.08
213,33,"(10, 25)",0,-0.08
213,34,"(10, 24)",1,-0.08
213,35,"(11, 24)",1,-0.08
213,36,"(12, 24)",1,-0.08
213,37,"(13, 24)",1,-0.08
213,38,"(14, 24)",0,-0.08
213,39,"(14, 23)",1,-0.08
213,40,"(15, 23)",1,-0.08
213,41,"(16, 23)",1,-0.08
213,42,"(17, 23)",0,-0.08
213,43,"(17, 22)",1,-0.08
213,44,"(18, 22)",1,-0.08
213,45,"(19, 22)",1,-0.08
213,46,"(20, 22)",0,-0.08
213,47,"(20, 21)",0,-0.08
213,48,"(20, 20)",1,-0.08
213,49,"(21, 20)",0,-0.08
213,50,"(21, 19)",1,-0.08
213,51,"(22, 19)",1,-0.08
213,52,"(23, 19)",0,-0.08
213,53,"(23, 18)",0,-0.08
213,54,"(23, 17)",0,-0.08
213,55,"(23, 16)",0,-0.08
213,56,"(23, 15)",1,-0.08
213,57,"(24, 15)",1,-0.08
213,58,"(25, 15)",1,-0.08
213,59,"(26, 15)",1,-0.08
213,60,"(27, 15)",0,-0.08
213,61,"(27, 14)",0,-0.08
213,62,"(27, 13)",1,-0.08
213,63,"(28, 13)",1,-0.08
213,64,"(29, 13)",1,-0.08
213,65,"(30, 13)",1,-0.08
213,66,"(31, 13)",1,-0.08
213,67,"(32, 13)",1,-0.08
213,68,"(33, 13)",1,-0.08
213,69,"(34, 13)",1,-0.08
213,70,"(35, 13)",0,-0.08
213,71,"(35, 12)",1,-0.08
213,72,"(36, 12)",1,-0.08
213,73,"(37, 12)",1,-0.08
213,74,"(38, 12)",1,-0.08
213,75,"(39, 12)",0,-0.08
213,76,"(39, 11)",1,-0.08
213,77,"(40, 11)",1,-0.08
213,78,"(41, 11)",1,-0.08
213,79,"(42, 11)",1,-0.08
213,80,"(43, 11)",1,-0.08
213,81,"(44, 11)",1,-0.08
213,82,"(45, 11)",0,-0.08
213,83,"(45, 10)",0,-0.08
213,84,"(45, 9)",1,-0.08
213,85,"(46, 9)",0,-0.08
213,86,"(46, 8)",0,-0.08
213,87,"(46, 7)",1,-0.08
213,88,"(47, 7)",1,-0.08
213,89,"(48, 7)",1,-0.08
213,90,"(49, 7)",1,-0.08
213,91,"(50, 7)",1,-0.08
213,92,"(51, 7)",1,-0.08
213,93,"(52, 7)",1,-0.08
213,94,"(53, 7)",1,-0.08
213,95,"(54, 7)",1,-0.08
213,96,"(55, 7)",1,-0.08
213,97,"(56, 7)",1,-0.08
213,98,"(57, 7)",1,-0.08
213,99,"(58, 7)",1,-0.08
213,100,"(59, 7)",1,-0.08
213,101,"(60, 7)",1,-0.08
213,102,"(61, 7)",1,-0.08
213,103,"(62, 7)",1,-0.08
213,104,"(63, 7)",1,-0.08
213,105,"(64, 7)",1,-0.08
213,106,"(65, 7)",1,-0.08
213,107,"(66, 7)",1,-0.08
213,108,"(67, 7)",1,-0.08
213,109,"(68, 7)",1,-0.08
213,110,"(69, 7)",0,-0.08
213,111,"(69, 6)",1,-0.08
213,112,"(70, 6)",1,-0.08
213,113,"(71, 6)",1,-0.08
213,114,"(72, 6)",1,-0.08
213,115,"(73, 6)",1,-0.08
213,116,"(74, 6)",0,-0.08
213,117,"(74, 5)",0,-0.08
213,118,"(74, 4)",0,-0.08
213,119,"(74, 3)",1,-0.08
213,120,"(75, 3)",1,-0.08
213,121,"(76, 3)",1,-0.08
213,122,"(77, 3)",0,-0.08
213,123,"(77, 2)",0,-0.08
213,124,"(77, 1)",0,-0.08
213,125,"(77, 0)",1,-0.08
213,126,"(78, 0)",1,8.33
214,0,"(0, 39)",1,-0.08
214,1,"(1, 39)",1,-0.08
214,2,"(2, 39)",1,-0.08
214,3,"(3, 39)",0,-0.08
214,4,"(3, 38)",0,-0.08
214,5,"(3, 37)",0,-0.08
214,6,"(3, 36)",1,-8.33
214,7,"(3, 36)",0,-0.08
214,8,"(3, 35)",3,-0.08
214,9,"(2, 35)",0,-0.08
214,10,"(2, 34)",0,-0.08
214,11,"(2, 33)",1,-0.08
214,12,"(3, 33)",0,-0.08
214,13,"(3, 32)",0,-0.08
214,14,"(3, 31)",0,-8.33
214,15,"(3, 31)",2,-0.08
214,16,"(3, 32)",2,-0.08
214,17,"(3, 33)",1,-0.08
214,18,"(4, 33)",1,-0.08
214,19,"(5, 33)",1,-0.08
214,20,"(6, 33)",1,-0.08
214,21,"(7, 33)",0,-0.08
214,22,"(7, 32)",1,-0.08
214,23,"(8, 32)",1,-0.08
214,24,"(9, 32)",0,-0.08
214,25,"(9, 31)",0,-0.08
214,26,"(9, 30)",0,-0.08
214,27,"(9, 29)",1,-0.08
214,28,"(10, 29)",0,-0.08
214,29,"(10, 28)",0,-0.08
214,30,"(10, 27)",1,-0.08
214,31,"(11, 27)",1,-0.08
214,32,"(12, 27)",0,-0.08
214,33,"(12, 26)",0,-0.08
214,34,"(12, 25)",0,-0.08
214,35,"(12, 24)",1,-0.08
214,36,"(13, 24)",1,-0.08
214,37,"(14, 24)",0,-0.08
214,38,"(14, 23)",1,-0.08
214,39,"(15, 23)",1,-0.08
214,40,"(16, 23)",1,-0.08
214,41,"(17, 23)",1,-0.08
214,42,"(18, 23)",1,-0.08
214,43,"(19, 23)",0,-0.08
214,44,"(19, 22)",0,-0.08
214,45,"(19, 21)",1,-0.08
214,46,"(20, 21)",0,-0.08
214,47,"(20, 20)",0,-0.08
214,48,"(20, 19)",1,-0.08
214,49,"(21, 19)",1,-0.08
214,50,"(22, 19)",1,-0.08
214,51,"(23, 19)",0,-0.08
214,52,"(23, 18)",0,-0.08
214,53,"(23, 17)",1,-0.08
214,54,"(24, 17)",1,-0.08
214,55,"(25, 17)",1,-0.08
214,56,"(26, 17)",1,-0.08
214,57,"(27, 17)",1,-0.08
214,58,"(28, 17)",0,-0.08
214,59,"(28, 16)",1,-0.08
214,60,"(29, 16)",0,-0.08
214,61,"(29, 15)",1,-0.08
214,62,"(30, 15)",1,-0.08
214,63,"(31, 15)",1,-0.08
214,64,"(32, 15)",1,-0.08
214,65,"(33, 15)",1,-0.08
214,66,"(34, 15)",0,-0.08
214,67,"(34, 14)",1,-0.08
214,68,"(35, 14)",0,-0.08
214,69,"(35, 13)",0,-0.08
214,70,"(35, 12)",1,-0.08
214,71,"(36, 12)",1,-0.08
214,72,"(37, 12)",1,-0.08
214,73,"(38, 12)",1,-0.08
214,74,"(39, 12)",0,-0.08
214,75,"(39, 11)",1,-0.08
214,76,"(40, 11)",1,-0.08
214,77,"(41, 11)",1,-0.08
214,78,"(42, 11)",1,-0.08
214,79,"(43, 11)",1,-0.08
214,80,"(44, 11)",1,-0.08
214,81,"(45, 11)",0,-0.08
214,82,"(45, 10)",1,-0.08
214,83,"(46, 10)",0,-0.08
214,84,"(46, 9)",0,-0.08
214,85,"(46, 8)",0,-0.08
214,86,"(46, 7)",1,-0.08
214,87,"(47, 7)",1,-0.08
214,88,"(48, 7)",1,-0.08
214,89,"(49, 7)",1,-0.08
214,90,"(50, 7)",1,-0.08
214,91,"(51, 7)",1,-0.08
214,92,"(52, 7)",1,-0.08
214,93,"(53, 7)",1,-0.08
214,94,"(54, 7)",1,-0.08
214,95,"(55, 7)",1,-0.08
214,96,"(56, 7)",1,-0.08
214,97,"(57, 7)",1,-0.08
214,98,"(58, 7)",1,-0.08
214,99,"(59, 7)",1,-0.08
214,100,"(60, 7)",1,-0.08
214,101,"(61, 7)",1,-0.08
214,102,"(62, 7)",1,-0.08
214,103,"(63, 7)",1,-0.08
214,104,"(64, 7)",1,-0.08
214,105,"(65, 7)",1,-0.08
214,106,"(66, 7)",1,-0.08
214,107,"(67, 7)",1,-0.08
214,108,"(68, 7)",1,-0.08
214,109,"(69, 7)",1,-0.08
214,110,"(70, 7)",1,-0.08
214,111,"(71, 7)",0,-0.08
214,112,"(71, 6)",0,-0.08
214,113,"(71, 5)",1,-0.08
214,114,"(72, 5)",1,-0.08
214,115,"(73, 5)",1,-0.08
214,116,"(74, 5)",1,-0.08
214,117,"(75, 5)",1,-0.08
214,118,"(76, 5)",1,-0.08
214,119,"(77, 5)",0,-0.08
214,120,"(77, 4)",0,-0.08
214,121,"(77, 3)",0,-0.08
214,122,"(77, 2)",0,-0.08
214,123,"(77, 1)",0,-0.08
214,124,"(77, 0)",1,-0.08
214,125,"(78, 0)",1,8.33
215,0,"(0, 39)",1,-0.08
215,1,"(1, 39)",1,-0.08
215,2,"(2, 39)",0,-8.33
215,3,"(2, 39)",1,-0.08
215,4,"(3, 39)",0,-0.08
215,5,"(3, 38)",0,-0.08
215,6,"(3, 37)",1,-8.33
215,7,"(3, 37)",0,-0.08
215,8,"(3, 36)",0,-0.08
215,9,"(3, 35)",3,-0.08
215,10,"(2, 35)",0,-0.08
215,11,"(2, 34)",0,-0.08
215,12,"(2, 33)",0,-0.08
215,13,"(2, 32)",1,-0.08
215,14,"(3, 32)",0,-0.08
215,15,"(3, 31)",0,-8.33
215,16,"(3, 31)",0,-8.33
215,17,"(3, 31)",2,-0.08
215,18,"(3, 32)",2,-0.08
215,19,"(3, 33)",1,-0.08
215,20,"(4, 33)",1,-0.08
215,21,"(5, 33)",1,-0.08
215,22,"(6, 33)",1,-0.08
215,23,"(7, 33)",0,-0.08
215,24,"(7, 32)",0,-0.08
215,25,"(7, 31)",1,-0.08
215,26,"(8, 31)",0,-0.08
215,27,"(8, 30)",1,-0.08
215,28,"(9, 30)",1,-0.08
215,29,"(10, 30)",0,-0.08
215,30,"(10, 29)",0,-0.08
215,31,"(10, 28)",0,-0.08
215,32,"(10, 27)",1,-0.08
215,33,"(11, 27)",1,-0.08
215,34,"(12, 27)",1,-0.08
215,35,"(13, 27)",0,-0.08
215,36,"(13, 26)",0,-0.08
215,37,"(13, 25)",1,-0.08
215,38,"(14, 25)",1,-0.08
215,39,"(15, 25)",1,-0.08
215,40,"(16, 25)",1,-0.08
215,41,"(17, 25)",0,-0.08
215,42,"(17, 24)",0,-0.08
215,43,"(17, 23)",0,-0.08
215,44,"(17, 22)",1,-0.08
215,45,"(18, 22)",1,-0.08
215,46,"(19, 22)",0,-0.08
215,47,"(19, 21)",1,-0.08
215,48,"(20, 21)",0,-0.08
215,49,"(20, 20)",0,-0.08
215,50,"(20, 19)",1,-0.08
215,51,"(21, 19)",1,-0.08
215,52,"(22, 19)",1,-0.08
215,53,"(23, 19)",0,-0.08
215,54,"(23, 18)",0,-0.08
215,55,"(23, 17)",1,-0.08
215,56,"(24, 17)",1,-0.08
215,57,"(25, 17)",1,-0.08
215,58,"(26, 17)",1,-0.08
215,59,"(27, 17)",0,-0.08
215,60,"(27, 16)",1,-0.08
215,61,"(28, 16)",1,-0.08
215,62,"(29, 16)",0,-0.08
215,63,"(29, 15)",1,-0.08
215,64,"(30, 15)",1,-0.08
215,65,"(31, 15)",0,-0.08
215,66,"(31, 14)",0,-0.08
215,67,"(31, 13)",1,-0.08
215,68,"(32, 13)",1,-0.08
215,69,"(33, 13)",1,-0.08
215,70,"(34, 13)",1,-0.08
215,71,"(35, 13)",1,-0.08
215,72,"(36, 13)",1,-0.08
215,73,"(37, 13)",0,-0.08
215,74,"(37, 12)",1,-0.08
215,75,"(38, 12)",1,-0.08
215,76,"(39, 12)",0,-0.08
215,77,"(39, 11)",1,-0.08
215,78,"(40, 11)",1,-0.08
215,79,"(41, 11)",1,-0.08
215,80,"(42, 11)",1,-0.08
215,81,"(43, 11)",1,-0.08
215,82,"(44, 11)",1,-0.08
215,83,"(45, 11)",0,-0.08
215,84,"(45, 10)",0,-0.08
215,85,"(45, 9)",1,-0.08
215,86,"(46, 9)",0,-0.08
215,87,"(46, 8)",0,-0.08
215,88,"(46, 7)",1,-0.08
215,89,"(47, 7)",1,-0.08
215,90,"(48, 7)",1,-0.08
215,91,"(49, 7)",1,-0.08
215,92,"(50, 7)",1,-0.08
215,93,"(51, 7)",1,-0.08
215,94,"(52, 7)",1,-0.08
215,95,"(53, 7)",1,-0.08
215,96,"(54, 7)",1,-0.08
215,97,"(55, 7)",1,-0.08
215,98,"(56, 7)",1,-0.08
215,99,"(57, 7)",1,-0.08
215,100,"(58, 7)",1,-0.08
215,101,"(59, 7)",1,-0.08
215,102,"(60, 7)",1,-0.08
215,103,"(61, 7)",1,-0.08
215,104,"(62, 7)",1,-0.08
215,105,"(63, 7)",1,-0.08
215,106,"(64, 7)",1,-0.08
215,107,"(65, 7)",1,-0.08
215,108,"(66, 7)",1,-0.08
215,109,"(67, 7)",1,-0.08
215,110,"(68, 7)",1,-0.08
215,111,"(69, 7)",1,-0.08
215,112,"(70, 7)",1,-0.08
215,113,"(71, 7)",0,-0.08
215,114,"(71, 6)",1,-0.08
215,115,"(72, 6)",1,-0.08
215,116,"(73, 6)",0,-0.08
215,117,"(73, 5)",1,-0.08
215,118,"(74, 5)",0,-0.08
215,119,"(74, 4)",1,-0.08
215,120,"(75, 4)",0,-0.08
215,121,"(75, 3)",1,-0.08
215,122,"(76, 3)",1,-0.08
215,123,"(77, 3)",0,-0.08
215,124,"(77, 2)",0,-0.08
215,125,"(77, 1)",0,-0.08
215,126,"(77, 0)",1,-0.08
215,127,"(78, 0)",1,8.33
216,0,"(0, 39)",0,-0.08
216,1,"(0, 38)",1,-0.08
216,2,"(1, 38)",0,-0.08
216,3,"(1, 37)",0,-8.33
216,4,"(1, 37)",3,-0.08
216,5,"(0, 37)",0,-0.08
216,6,"(0, 36)",0,-0.08
216,7,"(0, 35)",1,-0.08
216,8,"(1, 35)",0,-0.08
216,9,"(1, 34)",0,-0.08
216,10,"(1, 33)",1,-0.08
216,11,"(2, 33)",0,-0.08
216,12,"(2, 32)",0,-0.08
216,13,"(2, 31)",1,-0.08
216,14,"(3, 31)",0,-8.33
216,15,"(3, 31)",0,-8.33
216,16,"(3, 31)",3,-0.08
216,17,"(2, 31)",3,-0.08
216,18,"(1, 31)",0,-0.08
216,19,"(1, 30)",0,-0.08
216,20,"(1, 29)",1,-0.08
216,21,"(2, 29)",1,-0.08
216,22,"(3, 29)",1,-0.08
216,23,"(4, 29)",1,-0.08
216,24,"(5, 29)",1,-0.08
216,25,"(6, 29)",1,-0.08
216,26,"(7, 29)",1,-0.08
216,27,"(8, 29)",0,-0.08
216,28,"(8, 28)",0,-0.08
216,29,"(8, 27)",1,-0.08
216,30,"(9, 27)",1,-0.08
216,31,"(10, 27)",1,-0.08
216,32,"(11, 27)",1,-0.08
216,33,"(12, 27)",0,-0.08
216,34,"(12, 26)",1,-0.08
216,35,"(13, 26)",0,-0.08
216,36,"(13, 25)",0,-0.08
216,37,"(13, 24)",1,-0.08
216,38,"(14, 24)",0,-0.08
216,39,"(14, 23)",1,-0.08
216,40,"(15, 23)",1,-0.08
216,41,"(16, 23)",0,-0.08
216,42,"(16, 22)",1,-0.08
216,43,"(17, 22)",1,-0.08
216,44,"(18, 22)",1,-0.08
216,45,"(19, 22)",0,-0.08
216,46,"(19, 21)",1,-0.08
216,47,"(20, 21)",0,-0.08
216,48,"(20, 20)",1,-0.08
216,49,"(21, 20)",0,-0.08
216,50,"(21, 19)",1,-0.08
216,51,"(22, 19)",1,-0.08
216,52,"(23, 19)",0,-0.08
216,53,"(23, 18)",0,-0.08
216,54,"(23, 17)",1,-0.08
216,55,"(24, 17)",1,-0.08
216,56,"(25, 17)",1,-0.08
216,57,"(26, 17)",1,-0.08
216,58,"(27, 17)",1,-0.08
216,59,"(28, 17)",1,-0.08
216,60,"(29, 17)",0,-0.08
216,61,"(29, 16)",0,-0.08
216,62,"(29, 15)",1,-0.08
216,63,"(30, 15)",1,-0.08
216,64,"(31, 15)",0,-0.08
216,65,"(31, 14)",0,-0.08
216,66,"(31, 13)",1,-0.08
216,67,"(32, 13)",1,-0.08
216,68,"(33, 13)",1,-0.08
216,69,"(34, 13)",1,-0.08
216,70,"(35, 13)",0,-0.08
216,71,"(35, 12)",1,-0.08
216,72,"(36, 12)",1,-0.08
216,73,"(37, 12)",1,-0.08
216,74,"(38, 12)",1,-0.08
216,75,"(39, 12)",0,-0.08
216,76,"(39, 11)",1,-0.08
216,77,"(40, 11)",1,-0.08
216,78,"(41, 11)",1,-0.08
216,79,"(42, 11)",1,-0.08
216,80,"(43, 11)",1,-0.08
216,81,"(44, 11)",1,-0.08
216,82,"(45, 11)",0,-0.08
216,83,"(45, 10)",0,-0.08
216,84,"(45, 9)",0,-0.08
216,85,"(45, 8)",0,-0.08
216,86,"(45, 7)",1,-0.08
216,87,"(46, 7)",1,-0.08
216,88,"(47, 7)",1,-0.08
216,89,"(48, 7)",1,-0.08
216,90,"(49, 7)",1,-0.08
216,91,"(50, 7)",1,-0.08
216,92,"(51, 7)",1,-0.08
216,93,"(52, 7)",1,-0.08
216,94,"(53, 7)",1,-0.08
216,95,"(54, 7)",1,-0.08
216,96,"(55, 7)",1,-0.08
216,97,"(56, 7)",1,-0.08
216,98,"(57, 7)",1,-0.08
216,99,"(58, 7)",1,-0.08
216,100,"(59, 7)",1,-0.08
216,101,"(60, 7)",1,-0.08
216,102,"(61, 7)",1,-0.08
216,103,"(62, 7)",1,-0.08
216,104,"(63, 7)",1,-0.08
216,105,"(64, 7)",1,-0.08
216,106,"(65, 7)",1,-0.08
216,107,"(66, 7)",1,-0.08
216,108,"(67, 7)",1,-0.08
216,109,"(68, 7)",1,-0.08
216,110,"(69, 7)",1,-0.08
216,111,"(70, 7)",1,-0.08
216,112,"(71, 7)",1,-0.08
216,113,"(72, 7)",0,-0.08
216,114,"(72, 6)",0,-0.08
216,115,"(72, 5)",1,-0.08
216,116,"(73, 5)",1,-0.08
216,117,"(74, 5)",1,-0.08
216,118,"(75, 5)",0,-0.08
216,119,"(75, 4)",0,-0.08
216,120,"(75, 3)",1,-0.08
216,121,"(76, 3)",1,-0.08
216,122,"(77, 3)",0,-0.08
216,123,"(77, 2)",0,-0.08
216,124,"(77, 1)",1,-0.08
216,125,"(78, 1)",1,-0.08
216,126,"(79, 1)",0,8.33
217,0,"(0, 39)",0,-0.08
217,1,"(0, 38)",0,-0.08
217,2,"(0, 37)",0,-0.08
217,3,"(0, 36)",1,-8.33
217,4,"(0, 36)",0,-0.08
217,5,"(0, 35)",0,-0.08
217,6,"(0, 34)",1,-0.08
217,7,"(1, 34)",0,-0.08
217,8,"(1, 33)",1,-0.08
217,9,"(2, 33)",1,-0.08
217,10,"(3, 33)",1,-0.08
217,11,"(4, 33)",1,-0.08
217,12,"(5, 33)",1,-0.08
217,13,"(6, 33)",1,-0.08
217,14,"(7, 33)",0,-0.08
217,15,"(7, 32)",1,-0.08
217,16,"(8, 32)",1,-0.08
217,17,"(9, 32)",0,-0.08
217,18,"(9, 31)",0,-0.08
217,19,"(9, 30)",1,-0.08
217,20,"(10, 30)",0,-0.08
217,21,"(10, 29)",0,-0.08
217,22,"(10, 28)",0,-0.08
217,23,"(10, 27)",0,-8.33
217,24,"(10, 27)",1,-0.08
217,25,"(11, 27)",1,-0.08
217,26,"(12, 27)",1,-0.08
217,27,"(13, 27)",1,-0.08
217,28,"(14, 27)",1,-0.08
217,29,"(15, 27)",1,-0.08
217,30,"(16, 27)",0,-0.08
217,31,"(16, 26)",0,-0.08
217,32,"(16, 25)",1,-0.08
217,33,"(17, 25)",0,-0.08
217,34,"(17, 24)",0,-0.08
217,35,"(17, 23)",0,-0.08
217,36,"(17, 22)",1,-0.08
217,37,"(18, 22)",1,-0.08
217,38,"(19, 22)",1,-0.08
217,39,"(20, 22)",1,-0.08
217,40,"(21, 22)",0,-0.08
217,41,"(21, 21)",1,-0.08
217,42,"(22, 21)",1,-0.08
217,43,"(23, 21)",1,-0.08
217,44,"(24, 21)",0,-0.08
217,45,"(24, 20)",1,-0.08
217,46,"(25, 20)",0,-0.08
217,47,"(25, 19)",0,-0.08
217,48,"(25, 18)",1,-0.08
217,49,"(26, 18)",1,-0.08
217,50,"(27, 18)",0,-0.08
217,51,"(27, 17)",1,-0.08
217,52,"(28, 17)",1,-0.08
217,53,"(29, 17)",1,-0.08
217,54,"(30, 17)",1,-0.08
217,55,"(31, 17)",0,-0.08
217,56,"(31, 16)",0,-0.08
217,57,"(31, 15)",1,-0.08
217,58,"(32, 15)",1,-0.08
217,59,"(33, 15)",1,-0.08
217,60,"(34, 15)",1,-0.08
217,61,"(35, 15)",0,-0.08
217,62,"(35, 14)",0,-0.08
217,63,"(35, 13)",0,-0.08
217,64,"(35, 12)",1,-0.08
217,65,"(36, 12)",1,-0.08
217,66,"(37, 12)",1,-0.08
217,67,"(38, 12)",1,-0.08
217,68,"(39, 12)",0,-0.08
217,69,"(39, 11)",1,-0.08
217,70,"(40, 11)",1,-0.08
217,71,"(41, 11)",1,-0.08
217,72,"(42, 11)",1,-0.08
217,73,"(43, 11)",1,-0.08
217,74,"(44, 11)",1,-0.08
217,75,"(45, 11)",0,-0.08
217,76,"(45, 10)",1,-0.08
217,77,"(46, 10)",0,-0.08
217,78,"(46, 9)",0,-0.08
217,79,"(46, 8)",0,-0.08
217,80,"(46, 7)",1,-0.08
217,81,"(47, 7)",1,-0.08
217,82,"(48, 7)",1,-0.08
217,83,"(49, 7)",1,-0.08
217,84,"(50, 7)",1,-0.08
217,85,"(51, 7)",1,-0.08
217,86,"(52, 7)",1,-0.08
217,87,"(53, 7)",1,-0.08
217,88,"(54, 7)",1,-0.08
217,89,"(55, 7)",1,-0.08
217,90,"(56, 7)",1,-0.08
217,91,"(57, 7)",1,-0.08
217,92,"(58, 7)",1,-0.08
217,93,"(59, 7)",1,-0.08
217,94,"(60, 7)",1,-0.08
217,95,"(61, 7)",1,-0.08
217,96,"(62, 7)",1,-0.08
217,97,"(63, 7)",1,-0.08
217,98,"(64, 7)",1,-0.08
217,99,"(65, 7)",1,-0.08
217,100,"(66, 7)",1,-0.08
217,101,"(67, 7)",1,-0.08
217,102,"(68, 7)",1,-0.08
217,103,"(69, 7)",1,-0.08
217,104,"(70, 7)",1,-0.08
217,105,"(71, 7)",0,-0.08
217,106,"(71, 6)",0,-0.08
217,107,"(71, 5)",1,-0.08
217,108,"(72, 5)",1,-0.08
217,109,"(73, 5)",1,-0.08
217,110,"(74, 5)",1,-0.08
217,111,"(75, 5)",1,-0.08
217,112,"(76, 5)",1,-0.08
217,113,"(77, 5)",0,-0.08
217,114,"(77, 4)",0,-0.08
217,115,"(77, 3)",0,-0.08
217,116,"(77, 2)",0,-0.08
217,117,"(77, 1)",0,-0.08
217,118,"(77, 0)",1,-0.08
217,119,"(78, 0)",1,8.33
218,0,"(0, 39)",1,-0.08
218,1,"(1, 39)",0,-0.08
218,2,"(1, 38)",0,-0.08
218,3,"(1, 37)",0,-8.33
218,4,"(1, 37)",3,-0.08
218,5,"(0, 37)",0,-0.08
218,6,"(0, 36)",0,-0.08
218,7,"(0, 35)",0,-0.08
218,8,"(0, 34)",1,-0.08
218,9,"(1, 34)",0,-0.08
218,10,"(1, 33)",0,-0.08
218,11,"(1, 32)",1,-0.08
218,12,"(2, 32)",0,-0.08
218,13,"(2, 31)",1,-0.08
218,14,"(3, 31)",0,-8.33
218,15,"(3, 31)",0,-8.33
218,16,"(3, 31)",3,-0.08
218,17,"(2, 31)",3,-0.08
218,18,"(1, 31)",0,-0.08
218,19,"(1, 30)",0,-0.08
218,20,"(1, 29)",0,-0.08
218,21,"(1, 28)",0,-0.08
218,22,"(1, 27)",0,-0.08
218,23,"(1, 26)",1,-0.08
218,24,"(2, 26)",0,-0.08
218,25,"(2, 25)",1,-0.08
218,26,"(3, 25)",1,-0.08
218,27,"(4, 25)",1,-0.08
218,28,"(5, 25)",1,-0.08
218,29,"(6, 25)",1,-0.08
218,30,"(7, 25)",1,-0.08
218,31,"(8, 25)",1,-0.08
218,32,"(9, 25)",1,-0.08
218,33,"(10, 25)",0,-0.08
218,34,"(10, 24)",1,-0.08
218,35,"(11, 24)",1,-0.08
218,36,"(12, 24)",1,-0.08
218,37,"(13, 24)",1,-0.08
218,38,"(14, 24)",0,-0.08
218,39,"(14, 23)",1,-0.08
218,40,"(15, 23)",1,-0.08
218,41,"(16, 23)",1,-0.08
218,42,"(17, 23)",1,-0.08
218,43,"(18, 23)",0,-0.08
218,44,"(18, 22)",1,-0.08
218,45,"(19, 22)",1,-0.08
218,46,"(20, 22)",1,-0.08
218,47,"(21, 22)",0,-0.08
218,48,"(21, 21)",0,-0.08
218,49,"(21, 20)",1,-0.08
218,50,"(22, 20)",0,-0.08
218,51,"(22, 19)",1,-0.08
218,52,"(23, 19)",0,-0.08
218,53,"(23, 18)",0,-0.08
218,54,"(23, 17)",0,-0.08
218,55,"(23, 16)",0,-0.08
218,56,"(23, 15)",1,-0.08
218,57,"(24, 15)",1,-0.08
218,58,"(25, 15)",1,-0.08
218,59,"(26, 15)",1,-0.08
218,60,"(27, 15)",0,-0.08
218,61,"(27, 14)",0,-0.08
218,62,"(27, 13)",1,-0.08
218,63,"(28, 13)",1,-0.08
218,64,"(29, 13)",1,-0.08
218,65,"(30, 13)",1,-0.08
218,66,"(31, 13)",1,-0.08
218,67,"(32, 13)",1,-0.08
218,68,"(33, 13)",1,-0.08
218,69,"(34, 13)",1,-0.08
218,70,"(35, 13)",1,-0.08
218,71,"(36, 13)",1,-0.08
218,72,"(37, 13)",0,-0.08
218,73,"(37, 12)",1,-0.08
218,74,"(38, 12)",1,-0.08
218,75,"(39, 12)",0,-0.08
218,76,"(39, 11)",1,-0.08
218,77,"(40, 11)",1,-0.08
218,78,"(41, 11)",1,-0.08
218,79,"(42, 11)",1,-0.08
218,80,"(43, 11)",1,-0.08
218,81,"(44, 11)",1,-0.08
218,82,"(45, 11)",0,-0.08
218,83,"(45, 10)",1,-0.08
218,84,"(46, 10)",0,-0.08
218,85,"(46, 9)",0,-0.08
218,86,"(46, 8)",0,-0.08
218,87,"(46, 7)",1,-0.08
218,88,"(47, 7)",1,-0.08
218,89,"(48, 7)",1,-0.08
218,90,"(49, 7)",1,-0.08
218,91,"(50, 7)",1,-0.08
218,92,"(51, 7)",1,-0.08
218,93,"(52, 7)",1,-0.08
218,94,"(53, 7)",1,-0.08
218,95,"(54, 7)",1,-0.08
218,96,"(55, 7)",1,-0.08
218,97,"(56, 7)",1,-0.08
218,98,"(57, 7)",1,-0.08
218,99,"(58, 7)",1,-0.08
218,100,"(59, 7)",1,-0.08
218,101,"(60, 7)",1,-0.08
218,102,"(61, 7)",1,-0.08
218,103,"(62, 7)",1,-0.08
218,104,"(63, 7)",1,-0.08
218,105,"(64, 7)",1,-0.08
218,106,"(65, 7)",1,-0.08
218,107,"(66, 7)",1,-0.08
218,108,"(67, 7)",1,-0.08
218,109,"(68, 7)",1,-0.08
218,110,"(69, 7)",1,-0.08
218,111,"(70, 7)",0,-0.08
218,112,"(70, 6)",1,-0.08
218,113,"(71, 6)",0,-0.08
218,114,"(71, 5)",1,-0.08
218,115,"(72, 5)",1,-0.08
218,116,"(73, 5)",1,-0.08
218,117,"(74, 5)",0,-0.08
218,118,"(74, 4)",0,-0.08
218,119,"(74, 3)",1,-0.08
218,120,"(75, 3)",1,-0.08
218,121,"(76, 3)",0,-0.08
218,122,"(76, 2)",0,-0.08
218,123,"(76, 1)",0,-0.08
218,124,"(76, 0)",1,-0.08
218,125,"(77, 0)",1,-0.08
218,126,"(78, 0)",1,8.33
219,0,"(0, 39)",0,-0.08
219,1,"(0, 38)",1,-0.08
219,2,"(1, 38)",0,-0.08
219,3,"(1, 37)",0,-8.33
219,4,"(1, 37)",3,-0.08
219,5,"(0, 37)",0,-0.08
219,6,"(0, 36)",0,-0.08
219,7,"(0, 35)",1,-0.08
219,8,"(1, 35)",1,-0.08
219,9,"(2, 35)",0,-0.08
219,10,"(2, 34)",0,-0.08
219,11,"(2, 33)",0,-0.08
219,12,"(2, 32)",1,-0.08
219,13,"(3, 32)",0,-0.08
219,14,"(3, 31)",0,-8.33
219,15,"(3, 31)",0,-8.33
219,16,"(3, 31)",2,-0.08
219,17,"(3, 32)",2,-0.08
219,18,"(3, 33)",1,-0.08
219,19,"(4, 33)",1,-0.08
219,20,"(5, 33)",1,-0.08
219,21,"(6, 33)",1,-0.08
219,22,"(7, 33)",1,-0.08
219,23,"(8, 33)",0,-0.08
219,24,"(8, 32)",0,-0.08
219,25,"(8, 31)",1,-0.08
219,26,"(9, 31)",0,-0.08
219,27,"(9, 30)",0,-0.08
219,28,"(9, 29)",1,-0.08
219,29,"(10, 29)",0,-0.08
219,30,"(10, 28)",0,-0.08
219,31,"(10, 27)",1,-0.08
219,32,"(11, 27)",1,-0.08
219,33,"(12, 27)",0,-0.08
219,34,"(12, 26)",0,-0.08
219,35,"(12, 25)",1,-0.08
219,36,"(13, 25)",0,-0.08
219,37,"(13, 24)",0,-0.08
219,38,"(13, 23)",1,-0.08
219,39,"(14, 23)",1,-0.08
219,40,"(15, 23)",1,-0.08
219,41,"(16, 23)",0,-0.08
219,42,"(16, 22)",1,-0.08
219,43,"(17, 22)",1,-0.08
219,44,"(18, 22)",1,-0.08
219,45,"(19, 22)",1,-0.08
219,46,"(20, 22)",1,-0.08
219,47,"(21, 22)",0,-0.08
219,48,"(21, 21)",0,-0.08
219,49,"(21, 20)",0,-0.08
219,50,"(21, 19)",1,-0.08
219,51,"(22, 19)",1,-0.08
219,52,"(23, 19)",0,-0.08
219,53,"(23, 18)",0,-0.08
219,54,"(23, 17)",0,-0.08
219,55,"(23, 16)",0,-0.08
219,56,"(23, 15)",1,-0.08
219,57,"(24, 15)",1,-0.08
219,58,"(25, 15)",1,-0.08
219,59,"(26, 15)",1,-0.08
219,60,"(27, 15)",0,-0.08
219,61,"(27, 14)",0,-0.08
219,62,"(27, 13)",1,-0.08
219,63,"(28, 13)",1,-0.08
219,64,"(29, 13)",1,-0.08
219,65,"(30, 13)",1,-0.08
219,66,"(31, 13)",1,-0.08
219,67,"(32, 13)",1,-0.08
219,68,"(33, 13)",1,-0.08
219,69,"(34, 13)",1,-0.08
219,70,"(35, 13)",1,-0.08
219,71,"(36, 13)",0,-0.08
219,72,"(36, 12)",1,-0.08
219,73,"(37, 12)",1,-0.08
219,74,"(38, 12)",1,-0.08
219,75,"(39, 12)",0,-0.08
219,76,"(39, 11)",1,-0.08
219,77,"(40, 11)",1,-0.08
219,78,"(41, 11)",1,-0.08
219,79,"(42, 11)",1,-0.08
219,80,"(43, 11)",1,-0.08
219,81,"(44, 11)",1,-0.08
219,82,"(45, 11)",0,-0.08
219,83,"(45, 10)",1,-0.08
219,84,"(46, 10)",0,-0.08
219,85,"(46, 9)",0,-0.08
219,86,"(46, 8)",0,-0.08
219,87,"(46, 7)",1,-0.08
219,88,"(47, 7)",1,-0.08
219,89,"(48, 7)",1,-0.08
219,90,"(49, 7)",1,-0.08
219,91,"(50, 7)",1,-0.08
219,92,"(51, 7)",1,-0.08
219,93,"(52, 7)",1,-0.08
219,94,"(53, 7)",1,-0.08
219,95,"(54, 7)",1,-0.08
219,96,"(55, 7)",1,-0.08
219,97,"(56, 7)",1,-0.08
219,98,"(57, 7)",1,-0.08
219,99,"(58, 7)",1,-0.08
219,100,"(59, 7)",1,-0.08
219,101,"(60, 7)",1,-0.08
219,102,"(61, 7)",1,-0.08
219,103,"(62, 7)",1,-0.08
219,104,"(63, 7)",1,-0.08
219,105,"(64, 7)",1,-0.08
219,106,"(65, 7)",1,-0.08
219,107,"(66, 7)",1,-0.08
219,108,"(67, 7)",1,-0.08
219,109,"(68, 7)",1,-0.08
219,110,"(69, 7)",0,-0.08
219,111,"(69, 6)",1,-0.08
219,112,"(70, 6)",1,-0.08
219,113,"(71, 6)",1,-0.08
219,114,"(72, 6)",1,-0.08
219,115,"(73, 6)",0,-0.08
219,116,"(73, 5)",1,-0.08
219,117,"(74, 5)",0,-0.08
219,118,"(74, 4)",1,-0.08
219,119,"(75, 4)",0,-0.08
219,120,"(75, 3)",1,-0.08
219,121,"(76, 3)",1,-0.08
219,122,"(77, 3)",0,-0.08
219,123,"(77, 2)",0,-0.08
219,124,"(77, 1)",1,-0.08
219,125,"(78, 1)",1,-0.08
219,126,"(79, 1)",0,8.33
220,0,"(0, 39)",0,-0.08
220,1,"(0, 38)",0,-0.08
220,2,"(0, 37)",0,-0.08
220,3,"(0, 36)",1,-8.33
220,4,"(0, 36)",0,-0.08
220,5,"(0, 35)",1,-0.08
220,6,"(1, 35)",1,-0.08
220,7,"(2, 35)",0,-0.08
220,8,"(2, 34)",0,-0.08
220,9,"(2, 33)",1,-0.08
220,10,"(3, 33)",0,-0.08
220,11,"(3, 32)",0,-0.08
220,12,"(3, 31)",0,-8.33
220,13,"(3, 31)",3,-0.08
220,14,"(2, 31)",3,-0.08
220,15,"(1, 31)",0,-0.08
220,16,"(1, 30)",0,-0.08
220,17,"(1, 29)",1,-0.08
220,18,"(2, 29)",1,-0.08
220,19,"(3, 29)",1,-0.08
220,20,"(4, 29)",1,-0.08
220,21,"(5, 29)",1,-0.08
220,22,"(6, 29)",1,-0.08
220,23,"(7, 29)",1,-0.08
220,24,"(8, 29)",1,-0.08
220,25,"(9, 29)",1,-0.08
220,26,"(10, 29)",0,-0.08
220,27,"(10, 28)",0,-0.08
220,28,"(10, 27)",1,-0.08
220,29,"(11, 27)",1,-0.08
220,30,"(12, 27)",1,-0.08
220,31,"(13, 27)",0,-0.08
220,32,"(13, 26)",0,-0.08
220,33,"(13, 25)",1,-0.08
220,34,"(14, 25)",0,-0.08
220,35,"(14, 24)",0,-0.08
220,36,"(14, 23)",1,-0.08
220,37,"(15, 23)",1,-0.08
220,38,"(16, 23)",1,-0.08
220,39,"(17, 23)",0,-0.08
220,40,"(17, 22)",1,-0.08
220,41,"(18, 22)",1,-0.08
220,42,"(19, 22)",0,-0.08
220,43,"(19, 21)",0,-0.08
220,44,"(19, 20)",1,-0.08
220,45,"(20, 20)",0,-0.08
220,46,"(20, 19)",1,-0.08
220,47,"(21, 19)",1,-0.08
220,48,"(22, 19)",1,-0.08
220,49,"(23, 19)",0,-0.08
220,50,"(23, 18)",0,-0.08
220,51,"(23, 17)",0,-0.08
220,52,"(23, 16)",0,-0.08
220,53,"(23, 15)",1,-0.08
220,54,"(24, 15)",1,-0.08
220,55,"(25, 15)",1,-0.08
220,56,"(26, 15)",1,-0.08
220,57,"(27, 15)",0,-0.08
220,58,"(27, 14)",0,-0.08
220,59,"(27, 13)",1,-0.08
220,60,"(28, 13)",1,-0.08
220,61,"(29, 13)",1,-0.08
220,62,"(30, 13)",1,-0.08
220,63,"(31, 13)",1,-0.08
220,64,"(32, 13)",1,-0.08
220,65,"(33, 13)",1,-0.08
220,66,"(34, 13)",1,-0.08
220,67,"(35, 13)",0,-0.08
220,68,"(35, 12)",1,-0.08
220,69,"(36, 12)",1,-0.08
220,70,"(37, 12)",1,-0.08
220,71,"(38, 12)",1,-0.08
220,72,"(39, 12)",0,-0.08
220,73,"(39, 11)",1,-0.08
220,74,"(40, 11)",1,-0.08
220,75,"(41, 11)",1,-0.08
220,76,"(42, 11)",1,-0.08
220,77,"(43, 11)",1,-0.08
220,78,"(44, 11)",1,-0.08
220,79,"(45, 11)",0,-0.08
220,80,"(45, 10)",0,-0.08
220,81,"(45, 9)",0,-0.08
220,82,"(45, 8)",0,-0.08
220,83,"(45, 7)",1,-0.08
220,84,"(46, 7)",1,-0.08
220,85,"(47, 7)",1,-0.08
220,86,"(48, 7)",1,-0.08
220,87,"(49, 7)",1,-0.08
220,88,"(50, 7)",1,-0.08
220,89,"(51, 7)",1,-0.08
220,90,"(52, 7)",1,-0.08
220,91,"(53, 7)",1,-0.08
220,92,"(54, 7)",1,-0.08
220,93,"(55, 7)",1,-0.08
220,94,"(56, 7)",1,-0.08
220,95,"(57, 7)",1,-0.08
220,96,"(58, 7)",1,-0.08
220,97,"(59, 7)",1,-0.08
220,98,"(60, 7)",1,-0.08
220,99,"(61, 7)",1,-0.08
220,100,"(62, 7)",1,-0.08
220,101,"(63, 7)",1,-0.08
220,102,"(64, 7)",1,-0.08
220,103,"(65, 7)",1,-0.08
220,104,"(66, 7)",1,-0.08
220,105,"(67, 7)",1,-0.08
220,106,"(68, 7)",1,-0.08
220,107,"(69, 7)",0,-0.08
220,108,"(69, 6)",1,-0.08
220,109,"(70, 6)",1,-0.08
220,110,"(71, 6)",0,-0.08
220,111,"(71, 5)",1,-0.08
220,112,"(72, 5)",1,-0.08
220,113,"(73, 5)",1,-0.08
220,114,"(74, 5)",1,-0.08
220,115,"(75, 5)",1,-0.08
220,116,"(76, 5)",1,-0.08
220,117,"(77, 5)",0,-0.08
220,118,"(77, 4)",0,-0.08
220,119,"(77, 3)",0,-0.08
220,120,"(77, 2)",0,-0.08
220,121,"(77, 1)",1,-0.08
220,122,"(78, 1)",1,-0.08
220,123,"(79, 1)",0,8.33
221,0,"(0, 39)",0,-0.08
221,1,"(0, 38)",1,-0.08
221,2,"(1, 38)",0,-0.08
221,3,"(1, 37)",0,-8.33
221,4,"(1, 37)",3,-0.08
221,5,"(0, 37)",0,-0.08
221,6,"(0, 36)",0,-0.08
221,7,"(0, 35)",1,-0.08
221,8,"(1, 35)",0,-0.08
221,9,"(1, 34)",0,-0.08
221,10,"(1, 33)",1,-0.08
221,11,"(2, 33)",1,-0.08
221,12,"(3, 33)",0,-0.08
221,13,"(3, 32)",0,-0.08
221,14,"(3, 31)",0,-8.33
221,15,"(3, 31)",3,-0.08
221,16,"(2, 31)",3,-0.08
221,17,"(1, 31)",0,-0.08
221,18,"(1, 30)",0,-0.08
221,19,"(1, 29)",0,-0.08
221,20,"(1, 28)",0,-0.08
221,21,"(1, 27)",0,-0.08
221,22,"(1, 26)",1,-0.08
221,23,"(2, 26)",1,-0.08
221,24,"(3, 26)",0,-0.08
221,25,"(3, 25)",1,-0.08
221,26,"(4, 25)",1,-0.08
221,27,"(5, 25)",1,-0.08
221,28,"(6, 25)",1,-0.08
221,29,"(7, 25)",1,-0.08
221,30,"(8, 25)",1,-0.08
221,31,"(9, 25)",1,-0.08
221,32,"(10, 25)",1,-0.08
221,33,"(11, 25)",0,-0.08
221,34,"(11, 24)",1,-0.08
221,35,"(12, 24)",1,-0.08
221,36,"(13, 24)",0,-0.08
221,37,"(13, 23)",1,-0.08
221,38,"(14, 23)",1,-0.08
221,39,"(15, 23)",1,-0.08
221,40,"(16, 23)",0,-0.08
221,41,"(16, 22)",1,-0.08
221,42,"(17, 22)",1,-0.08
221,43,"(18, 22)",1,-0.08
221,44,"(19, 22)",0,-0.08
221,45,"(19, 21)",0,-0.08
221,46,"(19, 20)",0,-0.08
221,47,"(19, 19)",1,-0.08
221,48,"(20, 19)",1,-0.08
221,49,"(21, 19)",1,-0.08
221,50,"(22, 19)",1,-0.08
221,51,"(23, 19)",0,-0.08
221,52,"(23, 18)",0,-0.08
221,53,"(23, 17)",1,-0.08
221,54,"(24, 17)",1,-0.08
221,55,"(25, 17)",1,-0.08
221,56,"(26, 17)",1,-0.08
221,57,"(27, 17)",1,-0.08
221,58,"(28, 17)",0,-0.08
221,59,"(28, 16)",0,-0.08
221,60,"(28, 15)",1,-0.08
221,61,"(29, 15)",0,-0.08
221,62,"(29, 14)",0,-0.08
221,63,"(29, 13)",1,-0.08
221,64,"(30, 13)",1,-0.08
221,65,"(31, 13)",1,-0.08
221,66,"(32, 13)",1,-0.08
221,67,"(33, 13)",1,-0.08
221,68,"(34, 13)",1,-0.08
221,69,"(35, 13)",1,-0.08
221,70,"(36, 13)",1,-0.08
221,71,"(37, 13)",0,-0.08
221,72,"(37, 12)",1,-0.08
221,73,"(38, 12)",1,-0.08
221,74,"(39, 12)",0,-0.08
221,75,"(39, 11)",1,-0.08
221,76,"(40, 11)",1,-0.08
221,77,"(41, 11)",1,-0.08
221,78,"(42, 11)",1,-0.08
221,79,"(43, 11)",1,-0.08
221,80,"(44, 11)",1,-0.08
221,81,"(45, 11)",0,-0.08
221,82,"(45, 10)",1,-0.08
221,83,"(46, 10)",0,-0.08
221,84,"(46, 9)",0,-0.08
221,85,"(46, 8)",0,-0.08
221,86,"(46, 7)",1,-0.08
221,87,"(47, 7)",1,-0.08
221,88,"(48, 7)",1,-0.08
221,89,"(49, 7)",1,-0.08
221,90,"(50, 7)",1,-0.08
221,91,"(51, 7)",1,-0.08
221,92,"(52, 7)",1,-0.08
221,93,"(53, 7)",1,-0.08
221,94,"(54, 7)",1,-0.08
221,95,"(55, 7)",1,-0.08
221,96,"(56, 7)",1,-0.08
221,97,"(57, 7)",1,-0.08
221,98,"(58, 7)",1,-0.08
221,99,"(59, 7)",1,-0.08
221,100,"(60, 7)",1,-0.08
221,101,"(61, 7)",1,-0.08
221,102,"(62, 7)",1,-0.08
221,103,"(63, 7)",1,-0.08
221,104,"(64, 7)",1,-0.08
221,105,"(65, 7)",1,-0.08
221,106,"(66, 7)",1,-0.08
221,107,"(67, 7)",1,-0.08
221,108,"(68, 7)",1,-0.08
221,109,"(69, 7)",0,-0.08
221,110,"(69, 6)",1,-0.08
221,111,"(70, 6)",1,-0.08
221,112,"(71, 6)",1,-0.08
221,113,"(72, 6)",1,-0.08
221,114,"(73, 6)",0,-0.08
221,115,"(73, 5)",1,-0.08
221,116,"(74, 5)",0,-0.08
221,117,"(74, 4)",1,-0.08
221,118,"(75, 4)",0,-0.08
221,119,"(75, 3)",1,-0.08
221,120,"(76, 3)",1,-0.08
221,121,"(77, 3)",0,-0.08
221,122,"(77, 2)",0,-0.08
221,123,"(77, 1)",0,-0.08
221,124,"(77, 0)",1,-0.08
221,125,"(78, 0)",1,8.33
222,0,"(0, 39)",1,-0.08
222,1,"(1, 39)",1,-0.08
222,2,"(2, 39)",1,-0.08
222,3,"(3, 39)",1,-0.08
222,4,"(4, 39)",1,-0.08
222,5,"(5, 39)",0,-8.33
222,6,"(5, 39)",1,-0.08
222,7,"(6, 39)",1,-0.08
222,8,"(7, 39)",0,-0.08
222,9,"(7, 38)",0,-0.08
222,10,"(7, 37)",0,-0.08
222,11,"(7, 36)",0,-0.08
222,12,"(7, 35)",0,-0.08
222,13,"(7, 34)",0,-0.08
222,14,"(7, 33)",0,-0.08
222,15,"(7, 32)",0,-0.08
222,16,"(7, 31)",1,-0.08
222,17,"(8, 31)",1,-0.08
222,18,"(9, 31)",0,-0.08
222,19,"(9, 30)",1,-0.08
222,20,"(10, 30)",0,-0.08
222,21,"(10, 29)",0,-0.08
222,22,"(10, 28)",0,-0.08
222,23,"(10, 27)",1,-0.08
222,24,"(11, 27)",1,-0.08
222,25,"(12, 27)",1,-0.08
222,26,"(13, 27)",0,-0.08
222,27,"(13, 26)",0,-0.08
222,28,"(13, 25)",0,-0.08
222,29,"(13, 24)",0,-0.08
222,30,"(13, 23)",1,-0.08
222,31,"(14, 23)",1,-0.08
222,32,"(15, 23)",1,-0.08
222,33,"(16, 23)",0,-0.08
222,34,"(16, 22)",1,-0.08
222,35,"(17, 22)",1,-0.08
222,36,"(18, 22)",1,-0.08
222,37,"(19, 22)",1,-0.08
222,38,"(20, 22)",0,-0.08
222,39,"(20, 21)",0,-0.08
222,40,"(20, 20)",1,-0.08
222,41,"(21, 20)",0,-0.08
222,42,"(21, 19)",1,-0.08
222,43,"(22, 19)",1,-0.08
222,44,"(23, 19)",0,-0.08
222,45,"(23, 18)",0,-0.08
222,46,"(23, 17)",0,-0.08
222,47,"(23, 16)",0,-0.08
222,48,"(23, 15)",1,-0.08
222,49,"(24, 15)",1,-0.08
222,50,"(25, 15)",1,-0.08
222,51,"(26, 15)",1,-0.08
222,52,"(27, 15)",1,-0.08
222,53,"(28, 15)",1,-0.08
222,54,"(29, 15)",1,-0.08
222,55,"(30, 15)",1,-0.08
222,56,"(31, 15)",1,-0.08
222,57,"(32, 15)",1,-0.08
222,58,"(33, 15)",1,-0.08
222,59,"(34, 15)",1,-0.08
222,60,"(35, 15)",0,-0.08
222,61,"(35, 14)",0,-0.08
222,62,"(35, 13)",0,-0.08
222,63,"(35, 12)",1,-0.08
222,64,"(36, 12)",1,-0.08
222,65,"(37, 12)",1,-0.08
222,66,"(38, 12)",1,-0.08
222,67,"(39, 12)",0,-0.08
222,68,"(39, 11)",1,-0.08
222,69,"(40, 11)",1,-0.08
222,70,"(41, 11)",1,-0.08
222,71,"(42, 11)",1,-0.08
222,72,"(43, 11)",1,-0.08
222,73,"(44, 11)",1,-0.08
222,74,"(45, 11)",0,-0.08
222,75,"(45, 10)",1,-0.08
222,76,"(46, 10)",0,-0.08
222,77,"(46, 9)",0,-0.08
222,78,"(46, 8)",0,-0.08
222,79,"(46, 7)",1,-0.08
222,80,"(47, 7)",1,-0.08
222,81,"(48, 7)",1,-0.08
222,82,"(49, 7)",1,-0.08
222,83,"(50, 7)",1,-0.08
222,84,"(51, 7)",1,-0.08
222,85,"(52, 7)",1,-0.08
222,86,"(53, 7)",1,-0.08
222,87,"(54, 7)",1,-0.08
222,88,"(55, 7)",1,-0.08
222,89,"(56, 7)",1,-0.08
222,90,"(57, 7)",1,-0.08
222,91,"(58, 7)",1,-0.08
222,92,"(59, 7)",1,-0.08
222,93,"(60, 7)",1,-0.08
222,94,"(61, 7)",1,-0.08
222,95,"(62, 7)",1,-0.08
222,96,"(63, 7)",1,-0.08
222,97,"(64, 7)",1,-0.08
222,98,"(65, 7)",1,-0.08
222,99,"(66, 7)",1,-0.08
222,100,"(67, 7)",1,-0.08
222,101,"(68, 7)",1,-0.08
222,102,"(69, 7)",0,-0.08
222,103,"(69, 6)",1,-0.08
222,104,"(70, 6)",1,-0.08
222,105,"(71, 6)",1,-0.08
222,106,"(72, 6)",1,-0.08
222,107,"(73, 6)",0,-0.08
222,108,"(73, 5)",1,-0.08
222,109,"(74, 5)",0,-0.08
222,110,"(74, 4)",0,-0.08
222,111,"(74, 3)",1,-0.08
222,112,"(75, 3)",1,-0.08
222,113,"(76, 3)",1,-0.08
222,114,"(77, 3)",0,-0.08
222,115,"(77, 2)",0,-0.08
222,116,"(77, 1)",1,-0.08
222,117,"(78, 1)",0,-0.08
222,118,"(78, 0)",1,8.33
223,0,"(0, 39)",1,-0.08
223,1,"(1, 39)",0,-0.08
223,2,"(1, 38)",1,-8.33
223,3,"(1, 38)",0,-0.08
223,4,"(1, 37)",0,-8.33
223,5,"(1, 37)",3,-0.08
223,6,"(0, 37)",0,-0.08
223,7,"(0, 36)",0,-0.08
223,8,"(0, 35)",0,-0.08
223,9,"(0, 34)",0,-0.08
223,10,"(0, 33)",1,-0.08
223,11,"(1, 33)",0,-0.08
223,12,"(1, 32)",1,-0.08
223,13,"(2, 32)",1,-0.08
223,14,"(3, 32)",0,-0.08
223,15,"(3, 31)",0,-8.33
223,16,"(3, 31)",0,-8.33
223,17,"(3, 31)",3,-0.08
223,18,"(2, 31)",3,-0.08
223,19,"(1, 31)",0,-0.08
223,20,"(1, 30)",0,-0.08
223,21,"(1, 29)",0,-0.08
223,22,"(1, 28)",0,-0.08
223,23,"(1, 27)",0,-0.08
223,24,"(1, 26)",0,-0.08
223,25,"(1, 25)",1,-0.08
223,26,"(2, 25)",1,-0.08
223,27,"(3, 25)",1,-0.08
223,28,"(4, 25)",1,-0.08
223,29,"(5, 25)",1,-0.08
223,30,"(6, 25)",1,-0.08
223,31,"(7, 25)",1,-0.08
223,32,"(8, 25)",1,-0.08
223,33,"(9, 25)",1,-0.08
223,34,"(10, 25)",0,-0.08
223,35,"(10, 24)",1,-0.08
223,36,"(11, 24)",1,-0.08
223,37,"(12, 24)",1,-0.08
223,38,"(13, 24)",1,-0.08
223,39,"(14, 24)",0,-0.08
223,40,"(14, 23)",1,-0.08
223,41,"(15, 23)",1,-0.08
223,42,"(16, 23)",1,-0.08
223,43,"(17, 23)",1,-0.08
223,44,"(18, 23)",1,-0.08
223,45,"(19, 23)",0,-0.08
223,46,"(19, 22)",0,-0.08
223,47,"(19, 21)",1,-0.08
223,48,"(20, 21)",0,-0.08
223,49,"(20, 20)",0,-0.08
223,50,"(20, 19)",1,-0.08
223,51,"(21, 19)",1,-0.08
223,52,"(22, 19)",1,-0.08
223,53,"(23, 19)",0,-0.08
223,54,"(23, 18)",0,-0.08
223,55,"(23, 17)",1,-0.08
223,56,"(24, 17)",1,-0.08
223,57,"(25, 17)",1,-0.08
223,58,"(26, 17)",1,-0.08
223,59,"(27, 17)",0,-0.08
223,60,"(27, 16)",1,-0.08
223,61,"(28, 16)",0,-0.08
223,62,"(28, 15)",1,-0.08
223,63,"(29, 15)",1,-0.08
223,64,"(30, 15)",1,-0.08
223,65,"(31, 15)",0,-0.08
223,66,"(31, 14)",0,-0.08
223,67,"(31, 13)",1,-0.08
223,68,"(32, 13)",1,-0.08
223,69,"(33, 13)",1,-0.08
223,70,"(34, 13)",1,-0.08
223,71,"(35, 13)",0,-0.08
223,72,"(35, 12)",1,-0.08
223,73,"(36, 12)",1,-0.08
223,74,"(37, 12)",1,-0.08
223,75,"(38, 12)",1,-0.08
223,76,"(39, 12)",0,-0.08
223,77,"(39, 11)",1,-0.08
223,78,"(40, 11)",1,-0.08
223,79,"(41, 11)",1,-0.08
223,80,"(42, 11)",1,-0.08
223,81,"(43, 11)",1,-0.08
223,82,"(44, 11)",1,-0.08
223,83,"(45, 11)",0,-0.08
223,84,"(45, 10)",0,-0.08
223,85,"(45, 9)",0,-0.08
223,86,"(45, 8)",1,-0.08
223,87,"(46, 8)",0,-0.08
223,88,"(46, 7)",1,-0.08
223,89,"(47, 7)",1,-0.08
223,90,"(48, 7)",1,-0.08
223,91,"(49, 7)",1,-0.08
223,92,"(50, 7)",1,-0.08
223,93,"(51, 7)",1,-0.08
223,94,"(52, 7)",1,-0.08
223,95,"(53, 7)",1,-0.08
223,96,"(54, 7)",1,-0.08
223,97,"(55, 7)",1,-0.08
223,98,"(56, 7)",1,-0.08
223,99,"(57, 7)",1,-0.08
223,100,"(58, 7)",1,-0.08
223,101,"(59, 7)",1,-0.08
223,102,"(60, 7)",1,-0.08
223,103,"(61, 7)",1,-0.08
223,104,"(62, 7)",1,-0.08
223,105,"(63, 7)",1,-0.08
223,106,"(64, 7)",1,-0.08
223,107,"(65, 7)",1,-0.08
223,108,"(66, 7)",1,-0.08
223,109,"(67, 7)",1,-0.08
223,110,"(68, 7)",1,-0.08
223,111,"(69, 7)",1,-0.08
223,112,"(70, 7)",1,-0.08
223,113,"(71, 7)",1,-0.08
223,114,"(72, 7)",1,-0.08
223,115,"(73, 7)",0,-0.08
223,116,"(73, 6)",0,-0.08
223,117,"(73, 5)",1,-0.08
223,118,"(74, 5)",1,-0.08
223,119,"(75, 5)",1,-0.08
223,120,"(76, 5)",1,-0.08
223,121,"(77, 5)",0,-0.08
223,122,"(77, 4)",0,-0.08
223,123,"(77, 3)",0,-0.08
223,124,"(77, 2)",0,-0.08
223,125,"(77, 1)",1,-0.08
223,126,"(78, 1)",1,-0.08
223,127,"(79, 1)",0,8.33
224,0,"(0, 39)",0,-0.08
224,1,"(0, 38)",0,-0.08
224,2,"(0, 37)",1,-0.08
224,3,"(1, 37)",0,-8.33
224,4,"(1, 37)",3,-0.08
224,5,"(0, 37)",0,-0.08
224,6,"(0, 36)",0,-0.08
224,7,"(0, 35)",1,-0.08
224,8,"(1, 35)",1,-0.08
224,9,"(2, 35)",0,-0.08
224,10,"(2, 34)",0,-0.08
224,11,"(2, 33)",0,-0.08
224,12,"(2, 32)",0,-0.08
224,13,"(2, 31)",1,-0.08
224,14,"(3, 31)",0,-8.33
224,15,"(3, 31)",0,-8.33
224,16,"(3, 31)",3,-0.08
224,17,"(2, 31)",3,-0.08
224,18,"(1, 31)",0,-0.08
224,19,"(1, 30)",0,-0.08
224,20,"(1, 29)",1,-0.08
224,21,"(2, 29)",1,-0.08
224,22,"(3, 29)",0,-0.08
224,23,"(3, 28)",0,-0.08
224,24,"(3, 27)",0,-0.08
224,25,"(3, 26)",0,-0.08
224,26,"(3, 25)",1,-0.08
224,27,"(4, 25)",1,-0.08
224,28,"(5, 25)",1,-0.08
224,29,"(6, 25)",1,-0.08
224,30,"(7, 25)",1,-0.08
224,31,"(8, 25)",1,-0.08
224,32,"(9, 25)",1,-0.08
224,33,"(10, 25)",1,-0.08
224,34,"(11, 25)",0,-0.08
224,35,"(11, 24)",1,-0.08
224,36,"(12, 24)",1,-0.08
224,37,"(13, 24)",1,-0.08
224,38,"(14, 24)",0,-0.08
224,39,"(14, 23)",1,-0.08
224,40,"(15, 23)",1,-0.08
224,41,"(16, 23)",1,-0.08
224,42,"(17, 23)",1,-0.08
224,43,"(18, 23)",1,-0.08
224,44,"(19, 23)",1,-0.08
224,45,"(20, 23)",0,-0.08
224,46,"(20, 22)",1,-0.08
224,47,"(21, 22)",0,-0.08
224,48,"(21, 21)",1,-0.08
224,49,"(22, 21)",0,-0.08
224,50,"(22, 20)",0,-0.08
224,51,"(22, 19)",1,-0.08
224,52,"(23, 19)",0,-0.08
224,53,"(23, 18)",0,-0.08
224,54,"(23, 17)",0,-0.08
224,55,"(23, 16)",0,-0.08
224,56,"(23, 15)",1,-0.08
224,57,"(24, 15)",1,-0.08
224,58,"(25, 15)",1,-0.08
224,59,"(26, 15)",1,-0.08
224,60,"(27, 15)",1,-0.08
224,61,"(28, 15)",1,-0.08
224,62,"(29, 15)",0,-0.08
224,63,"(29, 14)",0,-0.08
224,64,"(29, 13)",1,-0.08
224,65,"(30, 13)",1,-0.08
224,66,"(31, 13)",1,-0.08
224,67,"(32, 13)",1,-0.08
224,68,"(33, 13)",1,-0.08
224,69,"(34, 13)",1,-0.08
224,70,"(35, 13)",1,-0.08
224,71,"(36, 13)",1,-0.08
224,72,"(37, 13)",1,-0.08
224,73,"(38, 13)",1,-0.08
224,74,"(39, 13)",0,-0.08
224,75,"(39, 12)",0,-0.08
224,76,"(39, 11)",1,-0.08
224,77,"(40, 11)",1,-0.08
224,78,"(41, 11)",1,-0.08
224,79,"(42, 11)",1,-0.08
224,80,"(43, 11)",1,-0.08
224,81,"(44, 11)",1,-0.08
224,82,"(45, 11)",0,-0.08
224,83,"(45, 10)",1,-0.08
224,84,"(46, 10)",0,-0.08
224,85,"(46, 9)",0,-0.08
224,86,"(46, 8)",0,-0.08
224,87,"(46, 7)",1,-0.08
224,88,"(47, 7)",1,-0.08
224,89,"(48, 7)",1,-0.08
224,90,"(49, 7)",1,-0.08
224,91,"(50, 7)",1,-0.08
224,92,"(51, 7)",1,-0.08
224,93,"(52, 7)",1,-0.08
224,94,"(53, 7)",1,-0.08
224,95,"(54, 7)",1,-0.08
224,96,"(55, 7)",1,-0.08
224,97,"(56, 7)",1,-0.08
224,98,"(57, 7)",1,-0.08
224,99,"(58, 7)",1,-0.08
224,100,"(59, 7)",1,-0.08
224,101,"(60, 7)",1,-0.08
224,102,"(61, 7)",1,-0.08
224,103,"(62, 7)",1,-0.08
224,104,"(63, 7)",1,-0.08
224,105,"(64, 7)",1,-0.08
224,106,"(65, 7)",1,-0.08
224,107,"(66, 7)",1,-0.08
224,108,"(67, 7)",1,-0.08
224,109,"(68, 7)",1,-0.08
224,110,"(69, 7)",1,-0.08
224,111,"(70, 7)",1,-0.08
224,112,"(71, 7)",1,-0.08
224,113,"(72, 7)",1,-0.08
224,114,"(73, 7)",1,-0.08
224,115,"(74, 7)",1,-0.08
224,116,"(75, 7)",1,-0.08
224,117,"(76, 7)",1,-0.08
224,118,"(77, 7)",0,-0.08
224,119,"(77, 6)",1,-0.08
224,120,"(78, 6)",1,-0.08
224,121,"(79, 6)",0,-0.08
224,122,"(79, 5)",0,-0.08
224,123,"(79, 4)",0,-0.08
224,124,"(79, 3)",0,-0.08
224,125,"(79, 2)",0,-0.08
224,126,"(79, 1)",0,8.33
225,0,"(0, 39)",0,-0.08
225,1,"(0, 38)",1,-0.08
225,2,"(1, 38)",1,-8.33
225,3,"(1, 38)",0,-0.08
225,4,"(1, 37)",0,-8.33
225,5,"(1, 37)",3,-0.08
225,6,"(0, 37)",0,-0.08
225,7,"(0, 36)",0,-0.08
225,8,"(0, 35)",1,-0.08
225,9,"(1, 35)",1,-0.08
225,10,"(2, 35)",0,-0.08
225,11,"(2, 34)",0,-0.08
225,12,"(2, 33)",1,-0.08
225,13,"(3, 33)",0,-0.08
225,14,"(3, 32)",0,-0.08
225,15,"(3, 31)",0,-8.33
225,16,"(3, 31)",2,-0.08
225,17,"(3, 32)",2,-0.08
225,18,"(3, 33)",1,-0.08
225,19,"(4, 33)",1,-0.08
225,20,"(5, 33)",1,-0.08
225,21,"(6, 33)",1,-0.08
225,22,"(7, 33)",0,-0.08
225,23,"(7, 32)",1,-0.08
225,24,"(8, 32)",0,-0.08
225,25,"(8, 31)",1,-0.08
225,26,"(9, 31)",0,-0.08
225,27,"(9, 30)",0,-0.08
225,28,"(9, 29)",1,-0.08
225,29,"(10, 29)",0,-0.08
225,30,"(10, 28)",0,-0.08
225,31,"(10, 27)",1,-0.08
225,32,"(11, 27)",1,-0.08
225,33,"(12, 27)",0,-0.08
225,34,"(12, 26)",1,-0.08
225,35,"(13, 26)",0,-0.08
225,36,"(13, 25)",1,-0.08
225,37,"(14, 25)",1,-0.08
225,38,"(15, 25)",1,-0.08
225,39,"(16, 25)",1,-0.08
225,40,"(17, 25)",0,-0.08
225,41,"(17, 24)",0,-0.08
225,42,"(17, 23)",0,-0.08
225,43,"(17, 22)",1,-0.08
225,44,"(18, 22)",1,-0.08
225,45,"(19, 22)",1,-0.08
225,46,"(20, 22)",0,-0.08
225,47,"(20, 21)",1,-0.08
225,48,"(21, 21)",0,-0.08
225,49,"(21, 20)",0,-0.08
225,50,"(21, 19)",1,-0.08
225,51,"(22, 19)",1,-0.08
225,52,"(23, 19)",0,-0.08
225,53,"(23, 18)",0,-0.08
225,54,"(23, 17)",1,-0.08
225,55,"(24, 17)",1,-0.08
225,56,"(25, 17)",1,-0.08
225,57,"(26, 17)",1,-0.08
225,58,"(27, 17)",0,-0.08
225,59,"(27, 16)",0,-0.08
225,60,"(27, 15)",1,-0.08
225,61,"(28, 15)",1,-0.08
225,62,"(29, 15)",1,-0.08
225,63,"(30, 15)",1,-0.08
225,64,"(31, 15)",1,-0.08
225,65,"(32, 15)",0,-0.08
225,66,"(32, 14)",0,-0.08
225,67,"(32, 13)",1,-0.08
225,68,"(33, 13)",1,-0.08
225,69,"(34, 13)",1,-0.08
225,70,"(35, 13)",1,-0.08
225,71,"(36, 13)",1,-0.08
225,72,"(37, 13)",1,-0.08
225,73,"(38, 13)",0,-0.08
225,74,"(38, 12)",1,-0.08
225,75,"(39, 12)",0,-0.08
225,76,"(39, 11)",1,-0.08
225,77,"(40, 11)",1,-0.08
225,78,"(41, 11)",1,-0.08
225,79,"(42, 11)",1,-0.08
225,80,"(43, 11)",1,-0.08
225,81,"(44, 11)",1,-0.08
225,82,"(45, 11)",0,-0.08
225,83,"(45, 10)",1,-0.08
225,84,"(46, 10)",0,-0.08
225,85,"(46, 9)",0,-0.08
225,86,"(46, 8)",0,-0.08
225,87,"(46, 7)",1,-0.08
225,88,"(47, 7)",1,-0.08
225,89,"(48, 7)",1,-0.08
225,90,"(49, 7)",1,-0.08
225,91,"(50, 7)",1,-0.08
225,92,"(51, 7)",1,-0.08
225,93,"(52, 7)",1,-0.08
225,94,"(53, 7)",1,-0.08
225,95,"(54, 7)",1,-0.08
225,96,"(55, 7)",1,-0.08
225,97,"(56, 7)",1,-0.08
225,98,"(57, 7)",1,-0.08
225,99,"(58, 7)",1,-0.08
225,100,"(59, 7)",1,-0.08
225,101,"(60, 7)",1,-0.08
225,102,"(61, 7)",1,-0.08
225,103,"(62, 7)",1,-0.08
225,104,"(63, 7)",1,-0.08
225,105,"(64, 7)",1,-0.08
225,106,"(65, 7)",1,-0.08
225,107,"(66, 7)",1,-0.08
225,108,"(67, 7)",1,-0.08
225,109,"(68, 7)",1,-0.08
225,110,"(69, 7)",1,-0.08
225,111,"(70, 7)",0,-0.08
225,112,"(70, 6)",1,-0.08
225,113,"(71, 6)",1,-0.08
225,114,"(72, 6)",0,-0.08
225,115,"(72, 5)",1,-0.08
225,116,"(73, 5)",1,-0.08
225,117,"(74, 5)",1,-0.08
225,118,"(75, 5)",0,-0.08
225,119,"(75, 4)",0,-0.08
225,120,"(75, 3)",1,-0.08
225,121,"(76, 3)",0,-0.08
225,122,"(76, 2)",1,-0.08
225,123,"(77, 2)",0,-0.08
225,124,"(77, 1)",1,-0.08
225,125,"(78, 1)",0,-0.08
225,126,"(78, 0)",1,8.33
226,0,"(0, 39)",1,-0.08
226,1,"(1, 39)",1,-0.08
226,2,"(2, 39)",1,-0.08
226,3,"(3, 39)",1,-0.08
226,4,"(4, 39)",1,-0.08
226,5,"(5, 39)",1,-0.08
226,6,"(6, 39)",1,-0.08
226,7,"(7, 39)",1,-0.08
226,8,"(8, 39)",0,-0.08
226,9,"(8, 38)",0,-8.33
226,10,"(8, 38)",1,-8.33
226,11,"(8, 38)",2,-0.08
226,12,"(8, 39)",1,-0.08
226,13,"(9, 39)",1,-0.08
226,14,"(10, 39)",0,-0.08
226,15,"(10, 38)",1,-0.08
226,16,"(11, 38)",1,-0.08
226,17,"(12, 38)",0,-0.08
226,18,"(12, 37)",0,-0.08
226,19,"(12, 36)",0,-0.08
226,20,"(12, 35)",1,-0.08
226,21,"(13, 35)",1,-0.08
226,22,"(14, 35)",1,-0.08
226,23,"(15, 35)",0,-0.08
226,24,"(15, 34)",0,-0.08
226,25,"(15, 33)",0,-0.08
226,26,"(15, 32)",0,-0.08
226,27,"(15, 31)",1,-0.08
226,28,"(16, 31)",0,-0.08
226,29,"(16, 30)",0,-0.08
226,30,"(16, 29)",1,-0.08
226,31,"(17, 29)",1,-0.08
226,32,"(18, 29)",1,-0.08
226,33,"(19, 29)",1,-0.08
226,34,"(20, 29)",0,-0.08
226,35,"(20, 28)",1,-0.08
226,36,"(21, 28)",0,-0.08
226,37,"(21, 27)",0,-0.08
226,38,"(21, 26)",1,-0.08
226,39,"(22, 26)",1,-0.08
226,40,"(23, 26)",0,-0.08
226,41,"(23, 25)",1,-0.08
226,42,"(24, 25)",1,-0.08
226,43,"(25, 25)",0,-0.08
226,44,"(25, 24)",0,-0.08
226,45,"(25, 23)",0,-0.08
226,46,"(25, 22)",0,-0.08
226,47,"(25, 21)",0,-0.08
226,48,"(25, 20)",0,-0.08
226,49,"(25, 19)",0,-0.08
226,50,"(25, 18)",1,-0.08
226,51,"(26, 18)",0,-0.08
226,52,"(26, 17)",1,-0.08
226,53,"(27, 17)",0,-0.08
226,54,"(27, 16)",1,-0.08
226,55,"(28, 16)",1,-0.08
226,56,"(29, 16)",0,-0.08
226,57,"(29, 15)",1,-0.08
226,58,"(30, 15)",1,-0.08
226,59,"(31, 15)",1,-0.08
226,60,"(32, 15)",0,-0.08
226,61,"(32, 14)",0,-0.08
226,62,"(32, 13)",1,-0.08
226,63,"(33, 13)",1,-0.08
226,64,"(34, 13)",1,-0.08
226,65,"(35, 13)",0,-0.08
226,66,"(35, 12)",1,-0.08
226,67,"(36, 12)",1,-0.08
226,68,"(37, 12)",1,-0.08
226,69,"(38, 12)",1,-0.08
226,70,"(39, 12)",0,-0.08
226,71,"(39, 11)",1,-0.08
226,72,"(40, 11)",1,-0.08
226,73,"(41, 11)",1,-0.08
226,74,"(42, 11)",1,-0.08
226,75,"(43, 11)",1,-0.08
226,76,"(44, 11)",1,-0.08
226,77,"(45, 11)",0,-0.08
226,78,"(45, 10)",1,-0.08
226,79,"(46, 10)",0,-0.08
226,80,"(46, 9)",0,-0.08
226,81,"(46, 8)",0,-0.08
226,82,"(46, 7)",1,-0.08
226,83,"(47, 7)",1,-0.08
226,84,"(48, 7)",1,-0.08
226,85,"(49, 7)",1,-0.08
226,86,"(50, 7)",1,-0.08
226,87,"(51, 7)",1,-0.08
226,88,"(52, 7)",1,-0.08
226,89,"(53, 7)",1,-0.08
226,90,"(54, 7)",1,-0.08
226,91,"(55, 7)",1,-0.08
226,92,"(56, 7)",1,-0.08
226,93,"(57, 7)",1,-0.08
226,94,"(58, 7)",1,-0.08
226,95,"(59, 7)",1,-0.08
226,96,"(60, 7)",1,-0.08
226,97,"(61, 7)",1,-0.08
226,98,"(62, 7)",1,-0.08
226,99,"(63, 7)",1,-0.08
226,100,"(64, 7)",1,-0.08
226,101,"(65, 7)",1,-0.08
226,102,"(66, 7)",1,-0.08
226,103,"(67, 7)",1,-0.08
226,104,"(68, 7)",1,-0.08
226,105,"(69, 7)",0,-0.08
226,106,"(69, 6)",1,-0.08
226,107,"(70, 6)",1,-0.08
226,108,"(71, 6)",1,-0.08
226,109,"(72, 6)",1,-0.08
226,110,"(73, 6)",0,-0.08
226,111,"(73, 5)",1,-0.08
226,112,"(74, 5)",1,-0.08
226,113,"(75, 5)",0,-0.08
226,114,"(75, 4)",0,-0.08
226,115,"(75, 3)",1,-0.08
226,116,"(76, 3)",1,-0.08
226,117,"(77, 3)",1,-8.33
226,118,"(77, 3)",0,-0.08
226,119,"(77, 2)",0,-0.08
226,120,"(77, 1)",1,-0.08
226,121,"(78, 1)",0,-0.08
226,122,"(78, 0)",1,8.33
227,0,"(0, 39)",0,-0.08
227,1,"(0, 38)",0,-0.08
227,2,"(0, 37)",0,-0.08
227,3,"(0, 36)",0,-0.08
227,4,"(0, 35)",0,-0.08
227,5,"(0, 34)",1,-0.08
227,6,"(1, 34)",0,-0.08
227,7,"(1, 33)",1,-0.08
227,8,"(2, 33)",0,-0.08
227,9,"(2, 32)",1,-0.08
227,10,"(3, 32)",1,-8.33
227,11,"(3, 32)",0,-0.08
227,12,"(3, 31)",0,-8.33
227,13,"(3, 31)",0,-8.33
227,14,"(3, 31)",3,-0.08
227,15,"(2, 31)",3,-0.08
227,16,"(1, 31)",0,-0.08
227,17,"(1, 30)",0,-0.08
227,18,"(1, 29)",1,-0.08
227,19,"(2, 29)",1,-0.08
227,20,"(3, 29)",0,-0.08
227,21,"(3, 28)",0,-0.08
227,22,"(3, 27)",0,-0.08
227,23,"(3, 26)",0,-0.08
227,24,"(3, 25)",1,-0.08
227,25,"(4, 25)",1,-0.08
227,26,"(5, 25)",1,-0.08
227,27,"(6, 25)",1,-0.08
227,28,"(7, 25)",1,-0.08
227,29,"(8, 25)",1,-0.08
227,30,"(9, 25)",1,-0.08
227,31,"(10, 25)",0,-0.08
227,32,"(10, 24)",1,-0.08
227,33,"(11, 24)",1,-0.08
227,34,"(12, 24)",1,-0.08
227,35,"(13, 24)",0,-0.08
227,36,"(13, 23)",1,-0.08
227,37,"(14, 23)",1,-0.08
227,38,"(15, 23)",1,-0.08
227,39,"(16, 23)",1,-0.08
227,40,"(17, 23)",1,-0.08
227,41,"(18, 23)",1,-0.08
227,42,"(19, 23)",1,-0.08
227,43,"(20, 23)",1,-0.08
227,44,"(21, 23)",0,-0.08
227,45,"(21, 22)",0,-0.08
227,46,"(21, 21)",1,-0.08
227,47,"(22, 21)",1,-0.08
227,48,"(23, 21)",0,-0.08
227,49,"(23, 20)",0,-0.08
227,50,"(23, 19)",0,-0.08
227,51,"(23, 18)",0,-0.08
227,52,"(23, 17)",0,-0.08
227,53,"(23, 16)",0,-0.08
227,54,"(23, 15)",1,-0.08
227,55,"(24, 15)",1,-0.08
227,56,"(25, 15)",1,-0.08
227,57,"(26, 15)",1,-0.08
227,58,"(27, 15)",0,-0.08
227,59,"(27, 14)",0,-0.08
227,60,"(27, 13)",1,-0.08
227,61,"(28, 13)",1,-0.08
227,62,"(29, 13)",1,-0.08
227,63,"(30, 13)",1,-0.08
227,64,"(31, 13)",1,-0.08
227,65,"(32, 13)",1,-0.08
227,66,"(33, 13)",1,-0.08
227,67,"(34, 13)",1,-0.08
227,68,"(35, 13)",0,-0.08
227,69,"(35, 12)",1,-0.08
227,70,"(36, 12)",1,-0.08
227,71,"(37, 12)",1,-0.08
227,72,"(38, 12)",1,-0.08
227,73,"(39, 12)",0,-0.08
227,74,"(39, 11)",1,-0.08
227,75,"(40, 11)",1,-0.08
227,76,"(41, 11)",1,-0.08
227,77,"(42, 11)",1,-0.08
227,78,"(43, 11)",1,-0.08
227,79,"(44, 11)",1,-0.08
227,80,"(45, 11)",0,-0.08
227,81,"(45, 10)",0,-0.08
227,82,"(45, 9)",1,-0.08
227,83,"(46, 9)",0,-0.08
227,84,"(46, 8)",0,-0.08
227,85,"(46, 7)",1,-0.08
227,86,"(47, 7)",1,-0.08
227,87,"(48, 7)",1,-0.08
227,88,"(49, 7)",1,-0.08
227,89,"(50, 7)",1,-0.08
227,90,"(51, 7)",1,-0.08
227,91,"(52, 7)",1,-0.08
227,92,"(53, 7)",1,-0.08
227,93,"(54, 7)",1,-0.08
227,94,"(55, 7)",1,-0.08
227,95,"(56, 7)",1,-0.08
227,96,"(57, 7)",1,-0.08
227,97,"(58, 7)",1,-0.08
227,98,"(59, 7)",1,-0.08
227,99,"(60, 7)",1,-0.08
227,100,"(61, 7)",1,-0.08
227,101,"(62, 7)",1,-0.08
227,102,"(63, 7)",1,-0.08
227,103,"(64, 7)",1,-0.08
227,104,"(65, 7)",1,-0.08
227,105,"(66, 7)",1,-0.08
227,106,"(67, 7)",1,-0.08
227,107,"(68, 7)",1,-0.08
227,108,"(69, 7)",1,-0.08
227,109,"(70, 7)",0,-0.08
227,110,"(70, 6)",1,-0.08
227,111,"(71, 6)",1,-0.08
227,112,"(72, 6)",0,-0.08
227,113,"(72, 5)",1,-0.08
227,114,"(73, 5)",1,-0.08
227,115,"(74, 5)",0,-0.08
227,116,"(74, 4)",0,-0.08
227,117,"(74, 3)",1,-0.08
227,118,"(75, 3)",1,-0.08
227,119,"(76, 3)",1,-0.08
227,120,"(77, 3)",0,-0.08
227,121,"(77, 2)",0,-0.08
227,122,"(77, 1)",0,-0.08
227,123,"(77, 0)",1,-0.08
227,124,"(78, 0)",1,8.33
228,0,"(0, 39)",1,-0.08
228,1,"(1, 39)",0,-0.08
228,2,"(1, 38)",1,-8.33
228,3,"(1, 38)",0,-0.08
228,4,"(1, 37)",0,-8.33
228,5,"(1, 37)",3,-0.08
228,6,"(0, 37)",0,-0.08
228,7,"(0, 36)",0,-0.08
228,8,"(0, 35)",0,-0.08
228,9,"(0, 34)",0,-0.08
228,10,"(0, 33)",1,-0.08
228,11,"(1, 33)",0,-0.08
228,12,"(1, 32)",1,-0.08
228,13,"(2, 32)",0,-0.08
228,14,"(2, 31)",1,-0.08
228,15,"(3, 31)",0,-8.33
228,16,"(3, 31)",0,-8.33
228,17,"(3, 31)",2,-0.08
228,18,"(3, 32)",2,-0.08
228,19,"(3, 33)",1,-0.08
228,20,"(4, 33)",1,-0.08
228,21,"(5, 33)",1,-0.08
228,22,"(6, 33)",1,-0.08
228,23,"(7, 33)",0,-0.08
228,24,"(7, 32)",1,-0.08
228,25,"(8, 32)",1,-0.08
228,26,"(9, 32)",0,-0.08
228,27,"(9, 31)",0,-0.08
228,28,"(9, 30)",0,-0.08
228,29,"(9, 29)",1,-0.08
228,30,"(10, 29)",0,-0.08
228,31,"(10, 28)",0,-0.08
228,32,"(10, 27)",1,-0.08
228,33,"(11, 27)",1,-0.08
228,34,"(12, 27)",0,-0.08
228,35,"(12, 26)",1,-0.08
228,36,"(13, 26)",0,-0.08
228,37,"(13, 25)",1,-0.08
228,38,"(14, 25)",1,-0.08
228,39,"(15, 25)",1,-0.08
228,40,"(16, 25)",1,-0.08
228,41,"(17, 25)",0,-0.08
228,42,"(17, 24)",0,-0.08
228,43,"(17, 23)",1,-0.08
228,44,"(18, 23)",0,-0.08
228,45,"(18, 22)",1,-0.08
228,46,"(19, 22)",0,-0.08
228,47,"(19, 21)",1,-0.08
228,48,"(20, 21)",1,-0.08
228,49,"(21, 21)",1,-0.08
228,50,"(22, 21)",1,-0.08
228,51,"(23, 21)",1,-0.08
228,52,"(24, 21)",0,-0.08
228,53,"(24, 20)",1,-0.08
228,54,"(25, 20)",0,-0.08
228,55,"(25, 19)",0,-0.08
228,56,"(25, 18)",1,-0.08
228,57,"(26, 18)",0,-0.08
228,58,"(26, 17)",1,-0.08
228,59,"(27, 17)",0,-0.08
228,60,"(27, 16)",0,-0.08
228,61,"(27, 15)",0,-0.08
228,62,"(27, 14)",0,-0.08
228,63,"(27, 13)",1,-0.08
228,64,"(28, 13)",1,-0.08
228,65,"(29, 13)",1,-0.08
228,66,"(30, 13)",1,-0.08
228,67,"(31, 13)",1,-0.08
228,68,"(32, 13)",1,-0.08
228,69,"(33, 13)",1,-0.08
228,70,"(34, 13)",1,-0.08
228,71,"(35, 13)",1,-0.08
228,72,"(36, 13)",0,-0.08
228,73,"(36, 12)",1,-0.08
228,74,"(37, 12)",1,-0.08
228,75,"(38, 12)",1,-0.08
228,76,"(39, 12)",0,-0.08
228,77,"(39, 11)",1,-0.08
228,78,"(40, 11)",1,-0.08
228,79,"(41, 11)",1,-0.08
228,80,"(42, 11)",1,-0.08
228,81,"(43, 11)",1,-0.08
228,82,"(44, 11)",1,-0.08
228,83,"(45, 11)",0,-0.08
228,84,"(45, 10)",1,-0.08
228,85,"(46, 10)",0,-0.08
228,86,"(46, 9)",0,-0.08
228,87,"(46, 8)",0,-0.08
228,88,"(46, 7)",1,-0.08
228,89,"(47, 7)",1,-0.08
228,90,"(48, 7)",1,-0.08
228,91,"(49, 7)",1,-0.08
228,92,"(50, 7)",1,-0.08
228,93,"(51, 7)",1,-0.08
228,94,"(52, 7)",1,-0.08
228,95,"(53, 7)",1,-0.08
228,96,"(54, 7)",1,-0.08
228,97,"(55, 7)",1,-0.08
228,98,"(56, 7)",1,-0.08
228,99,"(57, 7)",1,-0.08
228,100,"(58, 7)",1,-0.08
228,101,"(59, 7)",1,-0.08
228,102,"(60, 7)",1,-0.08
228,103,"(61, 7)",1,-0.08
228,104,"(62, 7)",1,-0.08
228,105,"(63, 7)",1,-0.08
228,106,"(64, 7)",1,-0.08
228,107,"(65, 7)",1,-0.08
228,108,"(66, 7)",1,-0.08
228,109,"(67, 7)",1,-0.08
228,110,"(68, 7)",1,-0.08
228,111,"(69, 7)",0,-0.08
228,112,"(69, 6)",1,-0.08
228,113,"(70, 6)",1,-0.08
228,114,"(71, 6)",1,-0.08
228,115,"(72, 6)",1,-0.08
228,116,"(73, 6)",0,-0.08
228,117,"(73, 5)",1,-0.08
228,118,"(74, 5)",0,-0.08
228,119,"(74, 4)",0,-0.08
228,120,"(74, 3)",1,-0.08
228,121,"(75, 3)",1,-0.08
228,122,"(76, 3)",1,-0.08
228,123,"(77, 3)",0,-0.08
228,124,"(77, 2)",0,-0.08
228,125,"(77, 1)",1,-0.08
228,126,"(78, 1)",0,-0.08
228,127,"(78, 0)",1,8.33
229,0,"(0, 39)",1,-0.08
229,1,"(1, 39)",1,-0.08
229,2,"(2, 39)",0,-8.33
229,3,"(2, 39)",1,-0.08
229,4,"(3, 39)",1,-0.08
229,5,"(4, 39)",1,-0.08
229,6,"(5, 39)",0,-8.33
229,7,"(5, 39)",1,-0.08
229,8,"(6, 39)",1,-0.08
229,9,"(7, 39)",1,-0.08
229,10,"(8, 39)",1,-0.08
229,11,"(9, 39)",1,-0.08
229,12,"(10, 39)",1,-0.08
229,13,"(11, 39)",1,-0.08
229,14,"(12, 39)",0,-0.08
229,15,"(12, 38)",0,-0.08
229,16,"(12, 37)",0,-0.08
229,17,"(12, 36)",0,-0.08
229,18,"(12, 35)",1,-0.08
229,19,"(13, 35)",0,-0.08
229,20,"(13, 34)",0,-0.08
229,21,"(13, 33)",1,-0.08
229,22,"(14, 33)",1,-0.08
229,23,"(15, 33)",0,-0.08
229,24,"(15, 32)",0,-0.08
229,25,"(15, 31)",1,-0.08
229,26,"(16, 31)",0,-0.08
229,27,"(16, 30)",0,-0.08
229,28,"(16, 29)",1,-0.08
229,29,"(17, 29)",1,-0.08
229,30,"(18, 29)",1,-0.08
229,31,"(19, 29)",0,-0.08
229,32,"(19, 28)",1,-0.08
229,33,"(20, 28)",1,-0.08
229,34,"(21, 28)",0,-0.08
229,35,"(21, 27)",0,-0.08
229,36,"(21, 26)",1,-0.08
229,37,"(22, 26)",0,-0.08
229,38,"(22, 25)",1,-0.08
229,39,"(23, 25)",0,-0.08
229,40,"(23, 24)",0,-0.08
229,41,"(23, 23)",1,-0.08
229,42,"(24, 23)",0,-0.08
229,43,"(24, 22)",0,-0.08
229,44,"(24, 21)",0,-0.08
229,45,"(24, 20)",1,-0.08
229,46,"(25, 20)",0,-0.08
229,47,"(25, 19)",1,-0.08
229,48,"(26, 19)",1,-0.08
229,49,"(27, 19)",1,-0.08
229,50,"(28, 19)",1,-0.08
229,51,"(29, 19)",1,-0.08
229,52,"(30, 19)",1,-0.08
229,53,"(31, 19)",1,-0.08
229,54,"(32, 19)",1,-0.08
229,55,"(33, 19)",1,-0.08
229,56,"(34, 19)",0,-0.08
229,57,"(34, 18)",0,-0.08
229,58,"(34, 17)",1,-0.08
229,59,"(35, 17)",0,-0.08
229,60,"(35, 16)",0,-0.08
229,61,"(35, 15)",0,-0.08
229,62,"(35, 14)",0,-0.08
229,63,"(35, 13)",0,-0.08
229,64,"(35, 12)",1,-0.08
229,65,"(36, 12)",1,-0.08
229,66,"(37, 12)",1,-0.08
229,67,"(38, 12)",1,-0.08
229,68,"(39, 12)",0,-0.08
229,69,"(39, 11)",1,-0.08
229,70,"(40, 11)",1,-0.08
229,71,"(41, 11)",1,-0.08
229,72,"(42, 11)",1,-0.08
229,73,"(43, 11)",1,-0.08
229,74,"(44, 11)",1,-0.08
229,75,"(45, 11)",0,-0.08
229,76,"(45, 10)",1,-0.08
229,77,"(46, 10)",1,-0.08
229,78,"(47, 10)",1,-0.08
229,79,"(48, 10)",1,-0.08
229,80,"(49, 10)",0,-0.08
229,81,"(49, 9)",1,-0.08
229,82,"(50, 9)",1,-0.08
229,83,"(51, 9)",1,-0.08
229,84,"(52, 9)",1,-0.08
229,85,"(53, 9)",1,-0.08
229,86,"(54, 9)",1,-0.08
229,87,"(55, 9)",1,-0.08
229,88,"(56, 9)",1,-0.08
229,89,"(57, 9)",1,-0.08
229,90,"(58, 9)",0,-0.08
229,91,"(58, 8)",0,-0.08
229,92,"(58, 7)",1,-0.08
229,93,"(59, 7)",1,-0.08
229,94,"(60, 7)",1,-0.08
229,95,"(61, 7)",1,-0.08
229,96,"(62, 7)",1,-0.08
229,97,"(63, 7)",1,-0.08
229,98,"(64, 7)",1,-0.08
229,99,"(65, 7)",1,-0.08
229,100,"(66, 7)",1,-0.08
229,101,"(67, 7)",1,-0.08
229,102,"(68, 7)",1,-0.08
229,103,"(69, 7)",0,-0.08
229,104,"(69, 6)",1,-0.08
229,105,"(70, 6)",1,-0.08
229,106,"(71, 6)",0,-0.08
229,107,"(71, 5)",1,-0.08
229,108,"(72, 5)",1,-0.08
229,109,"(73, 5)",1,-0.08
229,110,"(74, 5)",0,-0.08
229,111,"(74, 4)",0,-0.08
229,112,"(74, 3)",1,-0.08
229,113,"(75, 3)",1,-0.08
229,114,"(76, 3)",0,-0.08
229,115,"(76, 2)",1,-0.08
229,116,"(77, 2)",0,-0.08
229,117,"(77, 1)",0,-0.08
229,118,"(77, 0)",1,-0.08
229,119,"(78, 0)",1,8.33
230,0,"(0, 39)",0,-0.08
230,1,"(0, 38)",0,-0.08
230,2,"(0, 37)",1,-0.08
230,3,"(1, 37)",0,-8.33
230,4,"(1, 37)",3,-0.08
230,5,"(0, 37)",0,-0.08
230,6,"(0, 36)",0,-0.08
230,7,"(0, 35)",1,-0.08
230,8,"(1, 35)",0,-0.08
230,9,"(1, 34)",1,-0.08
230,10,"(2, 34)",0,-0.08
230,11,"(2, 33)",1,-0.08
230,12,"(3, 33)",0,-0.08
230,13,"(3, 32)",0,-0.08
230,14,"(3, 31)",0,-8.33
230,15,"(3, 31)",3,-0.08
230,16,"(2, 31)",3,-0.08
230,17,"(1, 31)",0,-0.08
230,18,"(1, 30)",0,-0.08
230,19,"(1, 29)",1,-0.08
230,20,"(2, 29)",1,-0.08
230,21,"(3, 29)",0,-0.08
230,22,"(3, 28)",0,-0.08
230,23,"(3, 27)",0,-0.08
230,24,"(3, 26)",0,-0.08
230,25,"(3, 25)",1,-0.08
230,26,"(4, 25)",1,-0.08
230,27,"(5, 25)",1,-0.08
230,28,"(6, 25)",1,-0.08
230,29,"(7, 25)",1,-0.08
230,30,"(8, 25)",1,-0.08
230,31,"(9, 25)",0,-0.08
230,32,"(9, 24)",1,-0.08
230,33,"(10, 24)",1,-0.08
230,34,"(11, 24)",1,-0.08
230,35,"(12, 24)",1,-0.08
230,36,"(13, 24)",0,-0.08
230,37,"(13, 23)",1,-0.08
230,38,"(14, 23)",1,-0.08
230,39,"(15, 23)",1,-0.08
230,40,"(16, 23)",1,-0.08
230,41,"(17, 23)",0,-0.08
230,42,"(17, 22)",1,-0.08
230,43,"(18, 22)",1,-0.08
230,44,"(19, 22)",0,-0.08
230,45,"(19, 21)",0,-0.08
230,46,"(19, 20)",1,-0.08
230,47,"(20, 20)",1,-0.08
230,48,"(21, 20)",1,-0.08
230,49,"(22, 20)",1,-0.08
230,50,"(23, 20)",0,-0.08
230,51,"(23, 19)",0,-0.08
230,52,"(23, 18)",0,-0.08
230,53,"(23, 17)",1,-0.08
230,54,"(24, 17)",1,-0.08
230,55,"(25, 17)",1,-0.08
230,56,"(26, 17)",1,-0.08
230,57,"(27, 17)",0,-0.08
230,58,"(27, 16)",1,-0.08
230,59,"(28, 16)",1,-0.08
230,60,"(29, 16)",0,-0.08
230,61,"(29, 15)",1,-0.08
230,62,"(30, 15)",1,-0.08
230,63,"(31, 15)",0,-0.08
230,64,"(31, 14)",0,-0.08
230,65,"(31, 13)",1,-0.08
230,66,"(32, 13)",1,-0.08
230,67,"(33, 13)",1,-0.08
230,68,"(34, 13)",1,-0.08
230,69,"(35, 13)",0,-0.08
230,70,"(35, 12)",1,-0.08
230,71,"(36, 12)",1,-0.08
230,72,"(37, 12)",1,-0.08
230,73,"(38, 12)",1,-0.08
230,74,"(39, 12)",0,-0.08
230,75,"(39, 11)",1,-0.08
230,76,"(40, 11)",1,-0.08
230,77,"(41, 11)",1,-0.08
230,78,"(42, 11)",1,-0.08
230,79,"(43, 11)",1,-0.08
230,80,"(44, 11)",1,-0.08
230,81,"(45, 11)",0,-0.08
230,82,"(45, 10)",0,-0.08
230,83,"(45, 9)",0,-0.08
230,84,"(45, 8)",0,-0.08
230,85,"(45, 7)",1,-0.08
230,86,"(46, 7)",1,-0.08
230,87,"(47, 7)",1,-0.08
230,88,"(48, 7)",1,-0.08
230,89,"(49, 7)",1,-0.08
230,90,"(50, 7)",1,-0.08
230,91,"(51, 7)",1,-0.08
230,92,"(52, 7)",1,-0.08
230,93,"(53, 7)",1,-0.08
230,94,"(54, 7)",1,-0.08
230,95,"(55, 7)",1,-0.08
230,96,"(56, 7)",1,-0.08
230,97,"(57, 7)",1,-0.08
230,98,"(58, 7)",1,-0.08
230,99,"(59, 7)",1,-0.08
230,100,"(60, 7)",1,-0.08
230,101,"(61, 7)",1,-0.08
230,102,"(62, 7)",1,-0.08
230,103,"(63, 7)",1,-0.08
230,104,"(64, 7)",1,-0.08
230,105,"(65, 7)",1,-0.08
230,106,"(66, 7)",1,-0.08
230,107,"(67, 7)",1,-0.08
230,108,"(68, 7)",1,-0.08
230,109,"(69, 7)",0,-0.08
230,110,"(69, 6)",1,-0.08
230,111,"(70, 6)",1,-0.08
230,112,"(71, 6)",1,-0.08
230,113,"(72, 6)",0,-0.08
230,114,"(72, 5)",1,-0.08
230,115,"(73, 5)",1,-0.08
230,116,"(74, 5)",0,-0.08
230,117,"(74, 4)",1,-0.08
230,118,"(75, 4)",0,-0.08
230,119,"(75, 3)",1,-0.08
230,120,"(76, 3)",1,-0.08
230,121,"(77, 3)",0,-0.08
230,122,"(77, 2)",0,-0.08
230,123,"(77, 1)",0,-0.08
230,124,"(77, 0)",1,-0.08
230,125,"(78, 0)",1,8.33
231,0,"(0, 39)",1,-0.08
231,1,"(1, 39)",0,-0.08
231,2,"(1, 38)",0,-0.08
231,3,"(1, 37)",0,-8.33
231,4,"(1, 37)",3,-0.08
231,5,"(0, 37)",0,-0.08
231,6,"(0, 36)",0,-0.08
231,7,"(0, 35)",1,-0.08
231,8,"(1, 35)",0,-0.08
231,9,"(1, 34)",1,-0.08
231,10,"(2, 34)",0,-0.08
231,11,"(2, 33)",1,-0.08
231,12,"(3, 33)",0,-0.08
231,13,"(3, 32)",0,-0.08
231,14,"(3, 31)",0,-8.33
231,15,"(3, 31)",2,-0.08
231,16,"(3, 32)",2,-0.08
231,17,"(3, 33)",1,-0.08
231,18,"(4, 33)",1,-0.08
231,19,"(5, 33)",0,-0.08
231,20,"(5, 32)",0,-0.08
231,21,"(5, 31)",1,-0.08
231,22,"(6, 31)",1,-0.08
231,23,"(7, 31)",1,-0.08
231,24,"(8, 31)",1,-0.08
231,25,"(9, 31)",0,-0.08
231,26,"(9, 30)",1,-0.08
231,27,"(10, 30)",0,-0.08
231,28,"(10, 29)",0,-0.08
231,29,"(10, 28)",0,-0.08
231,30,"(10, 27)",1,-0.08
231,31,"(11, 27)",1,-0.08
231,32,"(12, 27)",0,-0.08
231,33,"(12, 26)",1,-0.08
231,34,"(13, 26)",0,-0.08
231,35,"(13, 25)",1,-0.08
231,36,"(14, 25)",1,-0.08
231,37,"(15, 25)",1,-0.08
231,38,"(16, 25)",1,-0.08
231,39,"(17, 25)",0,-0.08
231,40,"(17, 24)",0,-0.08
231,41,"(17, 23)",0,-0.08
231,42,"(17, 22)",1,-0.08
231,43,"(18, 22)",1,-0.08
231,44,"(19, 22)",0,-0.08
231,45,"(19, 21)",1,-0.08
231,46,"(20, 21)",0,-0.08
231,47,"(20, 20)",1,-0.08
231,48,"(21, 20)",1,-0.08
231,49,"(22, 20)",1,-0.08
231,50,"(23, 20)",0,-0.08
231,51,"(23, 19)",0,-0.08
231,52,"(23, 18)",0,-0.08
231,53,"(23, 17)",0,-0.08
231,54,"(23, 16)",0,-0.08
231,55,"(23, 15)",1,-0.08
231,56,"(24, 15)",1,-0.08
231,57,"(25, 15)",1,-0.08
231,58,"(26, 15)",1,-0.08
231,59,"(27, 15)",0,-0.08
231,60,"(27, 14)",0,-0.08
231,61,"(27, 13)",1,-0.08
231,62,"(28, 13)",1,-0.08
231,63,"(29, 13)",1,-0.08
231,64,"(30, 13)",1,-0.08
231,65,"(31, 13)",1,-0.08
231,66,"(32, 13)",1,-0.08
231,67,"(33, 13)",1,-0.08
231,68,"(34, 13)",1,-0.08
231,69,"(35, 13)",0,-0.08
231,70,"(35, 12)",1,-0.08
231,71,"(36, 12)",1,-0.08
231,72,"(37, 12)",1,-0.08
231,73,"(38, 12)",1,-0.08
231,74,"(39, 12)",0,-0.08
231,75,"(39, 11)",1,-0.08
231,76,"(40, 11)",1,-0.08
231,77,"(41, 11)",1,-0.08
231,78,"(42, 11)",1,-0.08
231,79,"(43, 11)",1,-0.08
231,80,"(44, 11)",1,-0.08
231,81,"(45, 11)",0,-0.08
231,82,"(45, 10)",1,-0.08
231,83,"(46, 10)",1,-0.08
231,84,"(47, 10)",1,-0.08
231,85,"(48, 10)",1,-0.08
231,86,"(49, 10)",1,-0.08
231,87,"(50, 10)",0,-0.08
231,88,"(50, 9)",1,-0.08
231,89,"(51, 9)",1,-0.08
231,90,"(52, 9)",1,-0.08
231,91,"(53, 9)",1,-0.08
231,92,"(54, 9)",1,-0.08
231,93,"(55, 9)",1,-0.08
231,94,"(56, 9)",1,-0.08
231,95,"(57, 9)",0,-0.08
231,96,"(57, 8)",1,-0.08
231,97,"(58, 8)",0,-0.08
231,98,"(58, 7)",1,-0.08
231,99,"(59, 7)",1,-0.08
231,100,"(60, 7)",1,-0.08
231,101,"(61, 7)",1,-0.08
231,102,"(62, 7)",1,-0.08
231,103,"(63, 7)",1,-0.08
231,104,"(64, 7)",1,-0.08
231,105,"(65, 7)",1,-0.08
231,106,"(66, 7)",1,-0.08
231,107,"(67, 7)",1,-0.08
231,108,"(68, 7)",1,-0.08
231,109,"(69, 7)",1,-0.08
231,110,"(70, 7)",0,-0.08
231,111,"(70, 6)",1,-0.08
231,112,"(71, 6)",1,-0.08
231,113,"(72, 6)",0,-0.08
231,114,"(72, 5)",1,-0.08
231,115,"(73, 5)",1,-0.08
231,116,"(74, 5)",0,-0.08
231,117,"(74, 4)",0,-0.08
231,118,"(74, 3)",1,-0.08
231,119,"(75, 3)",1,-0.08
231,120,"(76, 3)",1,-0.08
231,121,"(77, 3)",0,-0.08
231,122,"(77, 2)",0,-0.08
231,123,"(77, 1)",0,-0.08
231,124,"(77, 0)",1,-0.08
231,125,"(78, 0)",1,8.33
232,0,"(0, 39)",0,-0.08
232,1,"(0, 38)",0,-0.08
232,2,"(0, 37)",1,-0.08
232,3,"(1, 37)",1,-8.33
232,4,"(1, 37)",0,-8.33
232,5,"(1, 37)",3,-0.08
232,6,"(0, 37)",0,-0.08
232,7,"(0, 36)",0,-0.08
232,8,"(0, 35)",1,-0.08
232,9,"(1, 35)",1,-0.08
232,10,"(2, 35)",0,-0.08
232,11,"(2, 34)",0,-0.08
232,12,"(2, 33)",1,-0.08
232,13,"(3, 33)",0,-0.08
232,14,"(3, 32)",0,-0.08
232,15,"(3, 31)",0,-8.33
232,16,"(3, 31)",3,-0.08
232,17,"(2, 31)",3,-0.08
232,18,"(1, 31)",0,-0.08
232,19,"(1, 30)",0,-0.08
232,20,"(1, 29)",1,-0.08
232,21,"(2, 29)",1,-0.08
232,22,"(3, 29)",0,-0.08
232,23,"(3, 28)",0,-0.08
232,24,"(3, 27)",0,-0.08
232,25,"(3, 26)",0,-0.08
232,26,"(3, 25)",1,-0.08
232,27,"(4, 25)",1,-0.08
232,28,"(5, 25)",1,-0.08
232,29,"(6, 25)",1,-0.08
232,30,"(7, 25)",1,-0.08
232,31,"(8, 25)",1,-0.08
232,32,"(9, 25)",1,-0.08
232,33,"(10, 25)",1,-0.08
232,34,"(11, 25)",1,-0.08
232,35,"(12, 25)",1,-0.08
232,36,"(13, 25)",1,-0.08
232,37,"(14, 25)",1,-0.08
232,38,"(15, 25)",1,-0.08
232,39,"(16, 25)",1,-0.08
232,40,"(17, 25)",0,-0.08
232,41,"(17, 24)",0,-0.08
232,42,"(17, 23)",1,-0.08
232,43,"(18, 23)",0,-0.08
232,44,"(18, 22)",1,-0.08
232,45,"(19, 22)",0,-0.08
232,46,"(19, 21)",1,-0.08
232,47,"(20, 21)",0,-0.08
232,48,"(20, 20)",0,-0.08
232,49,"(20, 19)",1,-0.08
232,50,"(21, 19)",1,-0.08
232,51,"(22, 19)",1,-0.08
232,52,"(23, 19)",0,-0.08
232,53,"(23, 18)",0,-0.08
232,54,"(23, 17)",1,-0.08
232,55,"(24, 17)",1,-0.08
232,56,"(25, 17)",1,-0.08
232,57,"(26, 17)",1,-0.08
232,58,"(27, 17)",1,-0.08
232,59,"(28, 17)",1,-0.08
232,60,"(29, 17)",0,-0.08
232,61,"(29, 16)",0,-0.08
232,62,"(29, 15)",0,-0.08
232,63,"(29, 14)",0,-0.08
232,64,"(29, 13)",1,-0.08
232,65,"(30, 13)",1,-0.08
232,66,"(31, 13)",1,-0.08
232,67,"(32, 13)",1,-0.08
232,68,"(33, 13)",1,-0.08
232,69,"(34, 13)",1,-0.08
232,70,"(35, 13)",0,-0.08
232,71,"(35, 12)",1,-0.08
232,72,"(36, 12)",1,-0.08
232,73,"(37, 12)",1,-0.08
232,74,"(38, 12)",1,-0.08
232,75,"(39, 12)",0,-0.08
232,76,"(39, 11)",1,-0.08
232,77,"(40, 11)",1,-0.08
232,78,"(41, 11)",1,-0.08
232,79,"(42, 11)",1,-0.08
232,80,"(43, 11)",1,-0.08
232,81,"(44, 11)",1,-0.08
232,82,"(45, 11)",0,-0.08
232,83,"(45, 10)",0,-0.08
232,84,"(45, 9)",1,-0.08
232,85,"(46, 9)",0,-0.08
232,86,"(46, 8)",0,-0.08
232,87,"(46, 7)",1,-0.08
232,88,"(47, 7)",1,-0.08
232,89,"(48, 7)",1,-0.08
232,90,"(49, 7)",1,-0.08
232,91,"(50, 7)",1,-0.08
232,92,"(51, 7)",1,-0.08
232,93,"(52, 7)",1,-0.08
232,94,"(53, 7)",1,-0.08
232,95,"(54, 7)",1,-0.08
232,96,"(55, 7)",1,-0.08
232,97,"(56, 7)",1,-0.08
232,98,"(57, 7)",1,-0.08
232,99,"(58, 7)",1,-0.08
232,100,"(59, 7)",1,-0.08
232,101,"(60, 7)",1,-0.08
232,102,"(61, 7)",1,-0.08
232,103,"(62, 7)",1,-0.08
232,104,"(63, 7)",1,-0.08
232,105,"(64, 7)",1,-0.08
232,106,"(65, 7)",1,-0.08
232,107,"(66, 7)",1,-0.08
232,108,"(67, 7)",1,-0.08
232,109,"(68, 7)",1,-0.08
232,110,"(69, 7)",0,-0.08
232,111,"(69, 6)",1,-0.08
232,112,"(70, 6)",1,-0.08
232,113,"(71, 6)",1,-0.08
232,114,"(72, 6)",1,-0.08
232,115,"(73, 6)",1,-0.08
232,116,"(74, 6)",0,-0.08
232,117,"(74, 5)",0,-0.08
232,118,"(74, 4)",1,-0.08
232,119,"(75, 4)",0,-0.08
232,120,"(75, 3)",1,-0.08
232,121,"(76, 3)",1,-0.08
232,122,"(77, 3)",0,-0.08
232,123,"(77, 2)",0,-0.08
232,124,"(77, 1)",1,-0.08
232,125,"(78, 1)",1,-0.08
232,126,"(79, 1)",0,8.33
233,0,"(0, 39)",0,-0.08
233,1,"(0, 38)",0,-0.08
233,2,"(0, 37)",1,-0.08
233,3,"(1, 37)",0,-8.33
233,4,"(1, 37)",3,-0.08
233,5,"(0, 37)",0,-0.08
233,6,"(0, 36)",0,-0.08
233,7,"(0, 35)",1,-0.08
233,8,"(1, 35)",1,-0.08
233,9,"(2, 35)",0,-0.08
233,10,"(2, 34)",0,-0.08
233,11,"(2, 33)",0,-0.08
233,12,"(2, 32)",1,-0.08
233,13,"(3, 32)",0,-0.08
233,14,"(3, 31)",0,-8.33
233,15,"(3, 31)",0,-8.33
233,16,"(3, 31)",2,-0.08
233,17,"(3, 32)",2,-0.08
233,18,"(3, 33)",1,-0.08
233,19,"(4, 33)",1,-0.08
233,20,"(5, 33)",1,-0.08
233,21,"(6, 33)",1,-0.08
233,22,"(7, 33)",1,-0.08
233,23,"(8, 33)",1,-0.08
233,24,"(9, 33)",0,-0.08
233,25,"(9, 32)",0,-0.08
233,26,"(9, 31)",0,-0.08
233,27,"(9, 30)",0,-0.08
233,28,"(9, 29)",1,-0.08
233,29,"(10, 29)",0,-0.08
233,30,"(10, 28)",0,-0.08
233,31,"(10, 27)",1,-0.08
233,32,"(11, 27)",1,-0.08
233,33,"(12, 27)",0,-0.08
233,34,"(12, 26)",1,-0.08
233,35,"(13, 26)",0,-0.08
233,36,"(13, 25)",0,-0.08
233,37,"(13, 24)",1,-0.08
233,38,"(14, 24)",0,-0.08
233,39,"(14, 23)",1,-0.08
233,40,"(15, 23)",1,-0.08
233,41,"(16, 23)",1,-0.08
233,42,"(17, 23)",1,-0.08
233,43,"(18, 23)",1,-0.08
233,44,"(19, 23)",0,-0.08
233,45,"(19, 22)",1,-0.08
233,46,"(20, 22)",1,-0.08
233,47,"(21, 22)",0,-0.08
233,48,"(21, 21)",1,-0.08
233,49,"(22, 21)",1,-0.08
233,50,"(23, 21)",0,-0.08
233,51,"(23, 20)",0,-0.08
233,52,"(23, 19)",0,-0.08
233,53,"(23, 18)",0,-0.08
233,54,"(23, 17)",1,-0.08
233,55,"(24, 17)",1,-0.08
233,56,"(25, 17)",1,-0.08
233,57,"(26, 17)",1,-0.08
233,58,"(27, 17)",0,-0.08
233,59,"(27, 16)",0,-0.08
233,60,"(27, 15)",0,-0.08
233,61,"(27, 14)",0,-0.08
233,62,"(27, 13)",1,-0.08
233,63,"(28, 13)",1,-0.08
233,64,"(29, 13)",1,-0.08
233,65,"(30, 13)",1,-0.08
233,66,"(31, 13)",1,-0.08
233,67,"(32, 13)",1,-0.08
233,68,"(33, 13)",1,-0.08
233,69,"(34, 13)",1,-0.08
233,70,"(35, 13)",1,-0.08
233,71,"(36, 13)",0,-0.08
233,72,"(36, 12)",1,-0.08
233,73,"(37, 12)",1,-0.08
233,74,"(38, 12)",1,-0.08
233,75,"(39, 12)",0,-0.08
233,76,"(39, 11)",1,-0.08
233,77,"(40, 11)",1,-0.08
233,78,"(41, 11)",1,-0.08
233,79,"(42, 11)",1,-0.08
233,80,"(43, 11)",1,-0.08
233,81,"(44, 11)",1,-0.08
233,82,"(45, 11)",0,-0.08
233,83,"(45, 10)",0,-0.08
233,84,"(45, 9)",0,-0.08
233,85,"(45, 8)",1,-0.08
233,86,"(46, 8)",0,-0.08
233,87,"(46, 7)",1,-0.08
233,88,"(47, 7)",1,-0.08
233,89,"(48, 7)",1,-0.08
233,90,"(49, 7)",1,-0.08
233,91,"(50, 7)",1,-0.08
233,92,"(51, 7)",1,-0.08
233,93,"(52, 7)",1,-0.08
233,94,"(53, 7)",1,-0.08
233,95,"(54, 7)",1,-0.08
233,96,"(55, 7)",1,-0.08
233,97,"(56, 7)",1,-0.08
233,98,"(57, 7)",1,-0.08
233,99,"(58, 7)",1,-0.08
233,100,"(59, 7)",1,-0.08
233,101,"(60, 7)",1,-0.08
233,102,"(61, 7)",1,-0.08
233,103,"(62, 7)",1,-0.08
233,104,"(63, 7)",1,-0.08
233,105,"(64, 7)",1,-0.08
233,106,"(65, 7)",1,-0.08
233,107,"(66, 7)",1,-0.08
233,108,"(67, 7)",1,-0.08
233,109,"(68, 7)",1,-0.08
233,110,"(69, 7)",0,-0.08
233,111,"(69, 6)",1,-0.08
233,112,"(70, 6)",1,-0.08
233,113,"(71, 6)",1,-0.08
233,114,"(72, 6)",0,-0.08
233,115,"(72, 5)",1,-0.08
233,116,"(73, 5)",1,-0.08
233,117,"(74, 5)",1,-0.08
233,118,"(75, 5)",1,-0.08
233,119,"(76, 5)",1,-0.08
233,120,"(77, 5)",0,-0.08
233,121,"(77, 4)",0,-0.08
233,122,"(77, 3)",0,-0.08
233,123,"(77, 2)",0,-0.08
233,124,"(77, 1)",0,-0.08
233,125,"(77, 0)",1,-0.08
233,126,"(78, 0)",1,8.33
234,0,"(0, 39)",0,-0.08
234,1,"(0, 38)",1,-0.08
234,2,"(1, 38)",0,-0.08
234,3,"(1, 37)",1,-8.33
234,4,"(1, 37)",0,-8.33
234,5,"(1, 37)",3,-0.08
234,6,"(0, 37)",0,-0.08
234,7,"(0, 36)",0,-0.08
234,8,"(0, 35)",1,-0.08
234,9,"(1, 35)",1,-0.08
234,10,"(2, 35)",0,-0.08
234,11,"(2, 34)",0,-0.08
234,12,"(2, 33)",0,-0.08
234,13,"(2, 32)",1,-0.08
234,14,"(3, 32)",0,-0.08
234,15,"(3, 31)",0,-8.33
234,16,"(3, 31)",0,-8.33
234,17,"(3, 31)",3,-0.08
234,18,"(2, 31)",3,-0.08
234,19,"(1, 31)",0,-0.08
234,20,"(1, 30)",0,-0.08
234,21,"(1, 29)",0,-0.08
234,22,"(1, 28)",0,-0.08
234,23,"(1, 27)",0,-0.08
234,24,"(1, 26)",0,-0.08
234,25,"(1, 25)",1,-0.08
234,26,"(2, 25)",1,-0.08
234,27,"(3, 25)",1,-0.08
234,28,"(4, 25)",1,-0.08
234,29,"(5, 25)",1,-0.08
234,30,"(6, 25)",1,-0.08
234,31,"(7, 25)",1,-0.08
234,32,"(8, 25)",1,-0.08
234,33,"(9, 25)",1,-0.08
234,34,"(10, 25)",0,-0.08
234,35,"(10, 24)",1,-0.08
234,36,"(11, 24)",1,-0.08
234,37,"(12, 24)",1,-0.08
234,38,"(13, 24)",1,-0.08
234,39,"(14, 24)",0,-0.08
234,40,"(14, 23)",1,-0.08
234,41,"(15, 23)",1,-0.08
234,42,"(16, 23)",1,-0.08
234,43,"(17, 23)",0,-0.08
234,44,"(17, 22)",1,-0.08
234,45,"(18, 22)",1,-0.08
234,46,"(19, 22)",0,-0.08
234,47,"(19, 21)",0,-0.08
234,48,"(19, 20)",1,-0.08
234,49,"(20, 20)",0,-0.08
234,50,"(20, 19)",1,-0.08
234,51,"(21, 19)",1,-0.08
234,52,"(22, 19)",1,-0.08
234,53,"(23, 19)",0,-0.08
234,54,"(23, 18)",0,-0.08
234,55,"(23, 17)",1,-0.08
234,56,"(24, 17)",1,-0.08
234,57,"(25, 17)",1,-0.08
234,58,"(26, 17)",1,-0.08
234,59,"(27, 17)",0,-0.08
234,60,"(27, 16)",1,-0.08
234,61,"(28, 16)",0,-0.08
234,62,"(28, 15)",1,-0.08
234,63,"(29, 15)",1,-0.08
234,64,"(30, 15)",1,-0.08
234,65,"(31, 15)",0,-0.08
234,66,"(31, 14)",1,-0.08
234,67,"(32, 14)",0,-0.08
234,68,"(32, 13)",1,-0.08
234,69,"(33, 13)",1,-0.08
234,70,"(34, 13)",1,-0.08
234,71,"(35, 13)",1,-0.08
234,72,"(36, 13)",1,-0.08
234,73,"(37, 13)",1,-0.08
234,74,"(38, 13)",1,-0.08
234,75,"(39, 13)",0,-0.08
234,76,"(39, 12)",0,-0.08
234,77,"(39, 11)",1,-0.08
234,78,"(40, 11)",1,-0.08
234,79,"(41, 11)",1,-0.08
234,80,"(42, 11)",1,-0.08
234,81,"(43, 11)",1,-0.08
234,82,"(44, 11)",1,-0.08
234,83,"(45, 11)",0,-0.08
234,84,"(45, 10)",1,-0.08
234,85,"(46, 10)",0,-0.08
234,86,"(46, 9)",0,-0.08
234,87,"(46, 8)",0,-0.08
234,88,"(46, 7)",1,-0.08
234,89,"(47, 7)",1,-0.08
234,90,"(48, 7)",1,-0.08
234,91,"(49, 7)",1,-0.08
234,92,"(50, 7)",1,-0.08
234,93,"(51, 7)",1,-0.08
234,94,"(52, 7)",1,-0.08
234,95,"(53, 7)",1,-0.08
234,96,"(54, 7)",1,-0.08
234,97,"(55, 7)",1,-0.08
234,98,"(56, 7)",1,-0.08
234,99,"(57, 7)",1,-0.08
234,100,"(58, 7)",1,-0.08
234,101,"(59, 7)",1,-0.08
234,102,"(60, 7)",1,-0.08
234,103,"(61, 7)",1,-0.08
234,104,"(62, 7)",1,-0.08
234,105,"(63, 7)",1,-0.08
234,106,"(64, 7)",1,-0.08
234,107,"(65, 7)",1,-0.08
234,108,"(66, 7)",1,-0.08
234,109,"(67, 7)",1,-0.08
234,110,"(68, 7)",1,-0.08
234,111,"(69, 7)",1,-0.08
234,112,"(70, 7)",1,-0.08
234,113,"(71, 7)",1,-0.08
234,114,"(72, 7)",1,-0.08
234,115,"(73, 7)",0,-0.08
234,116,"(73, 6)",0,-0.08
234,117,"(73, 5)",1,-0.08
234,118,"(74, 5)",1,-0.08
234,119,"(75, 5)",0,-0.08
234,120,"(75, 4)",0,-0.08
234,121,"(75, 3)",1,-0.08
234,122,"(76, 3)",1,-0.08
234,123,"(77, 3)",0,-0.08
234,124,"(77, 2)",0,-0.08
234,125,"(77, 1)",1,-0.08
234,126,"(78, 1)",1,-0.08
234,127,"(79, 1)",0,8.33
235,0,"(0, 39)",0,-0.08
235,1,"(0, 38)",0,-0.08
235,2,"(0, 37)",0,-0.08
235,3,"(0, 36)",0,-0.08
235,4,"(0, 35)",0,-0.08
235,5,"(0, 34)",1,-0.08
235,6,"(1, 34)",0,-0.08
235,7,"(1, 33)",0,-0.08
235,8,"(1, 32)",1,-0.08
235,9,"(2, 32)",0,-0.08
235,10,"(2, 31)",0,-8.33
235,11,"(2, 31)",1,-0.08
235,12,"(3, 31)",0,-8.33
235,13,"(3, 31)",0,-8.33
235,14,"(3, 31)",2,-0.08
235,15,"(3, 32)",2,-0.08
235,16,"(3, 33)",1,-0.08
235,17,"(4, 33)",1,-0.08
235,18,"(5, 33)",1,-0.08
235,19,"(6, 33)",1,-0.08
235,20,"(7, 33)",1,-0.08
235,21,"(8, 33)",1,-0.08
235,22,"(9, 33)",0,-0.08
235,23,"(9, 32)",0,-0.08
235,24,"(9, 31)",0,-0.08
235,25,"(9, 30)",0,-0.08
235,26,"(9, 29)",1,-0.08
235,27,"(10, 29)",0,-0.08
235,28,"(10, 28)",0,-0.08
235,29,"(10, 27)",1,-0.08
235,30,"(11, 27)",1,-0.08
235,31,"(12, 27)",0,-0.08
235,32,"(12, 26)",1,-0.08
235,33,"(13, 26)",0,-0.08
235,34,"(13, 25)",1,-0.08
235,35,"(14, 25)",0,-0.08
235,36,"(14, 24)",0,-0.08
235,37,"(14, 23)",1,-0.08
235,38,"(15, 23)",1,-0.08
235,39,"(16, 23)",0,-0.08
235,40,"(16, 22)",1,-0.08
235,41,"(17, 22)",1,-0.08
235,42,"(18, 22)",1,-0.08
235,43,"(19, 22)",0,-0.08
235,44,"(19, 21)",0,-0.08
235,45,"(19, 20)",0,-0.08
235,46,"(19, 19)",1,-0.08
235,47,"(20, 19)",1,-0.08
235,48,"(21, 19)",1,-0.08
235,49,"(22, 19)",1,-0.08
235,50,"(23, 19)",0,-0.08
235,51,"(23, 18)",0,-0.08
235,52,"(23, 17)",1,-0.08
235,53,"(24, 17)",1,-0.08
235,54,"(25, 17)",1,-0.08
235,55,"(26, 17)",1,-0.08
235,56,"(27, 17)",0,-0.08
235,57,"(27, 16)",1,-0.08
235,58,"(28, 16)",0,-0.08
235,59,"(28, 15)",1,-0.08
235,60,"(29, 15)",0,-0.08
235,61,"(29, 14)",0,-0.08
235,62,"(29, 13)",1,-0.08
235,63,"(30, 13)",1,-0.08
235,64,"(31, 13)",1,-0.08
235,65,"(32, 13)",1,-0.08
235,66,"(33, 13)",1,-0.08
235,67,"(34, 13)",1,-0.08
235,68,"(35, 13)",0,-0.08
235,69,"(35, 12)",1,-0.08
235,70,"(36, 12)",1,-0.08
235,71,"(37, 12)",1,-0.08
235,72,"(38, 12)",1,-0.08
235,73,"(39, 12)",0,-0.08
235,74,"(39, 11)",1,-0.08
235,75,"(40, 11)",1,-0.08
235,76,"(41, 11)",1,-0.08
235,77,"(42, 11)",1,-0.08
235,78,"(43, 11)",1,-0.08
235,79,"(44, 11)",1,-0.08
235,80,"(45, 11)",0,-0.08
235,81,"(45, 10)",1,-0.08
235,82,"(46, 10)",0,-0.08
235,83,"(46, 9)",0,-0.08
235,84,"(46, 8)",0,-0.08
235,85,"(46, 7)",1,-0.08
235,86,"(47, 7)",1,-0.08
235,87,"(48, 7)",1,-0.08
235,88,"(49, 7)",1,-0.08
235,89,"(50, 7)",1,-0.08
235,90,"(51, 7)",1,-0.08
235,91,"(52, 7)",1,-0.08
235,92,"(53, 7)",1,-0.08
235,93,"(54, 7)",1,-0.08
235,94,"(55, 7)",1,-0.08
235,95,"(56, 7)",1,-0.08
235,96,"(57, 7)",1,-0.08
235,97,"(58, 7)",1,-0.08
235,98,"(59, 7)",1,-0.08
235,99,"(60, 7)",1,-0.08
235,100,"(61, 7)",1,-0.08
235,101,"(62, 7)",1,-0.08
235,102,"(63, 7)",1,-0.08
235,103,"(64, 7)",1,-0.08
235,104,"(65, 7)",1,-0.08
235,105,"(66, 7)",1,-0.08
235,106,"(67, 7)",1,-0.08
235,107,"(68, 7)",1,-0.08
235,108,"(69, 7)",1,-0.08
235,109,"(70, 7)",1,-0.08
235,110,"(71, 7)",0,-0.08
235,111,"(71, 6)",1,-0.08
235,112,"(72, 6)",0,-0.08
235,113,"(72, 5)",1,-0.08
235,114,"(73, 5)",1,-0.08
235,115,"(74, 5)",0,-0.08
235,116,"(74, 4)",0,-0.08
235,117,"(74, 3)",1,-0.08
235,118,"(75, 3)",1,-0.08
235,119,"(76, 3)",0,-0.08
235,120,"(76, 2)",0,-0.08
235,121,"(76, 1)",1,-0.08
235,122,"(77, 1)",1,-0.08
235,123,"(78, 1)",1,-0.08
235,124,"(79, 1)",0,8.33
236,0,"(0, 39)",1,-0.08
236,1,"(1, 39)",1,-0.08
236,2,"(2, 39)",0,-8.33
236,3,"(2, 39)",1,-0.08
236,4,"(3, 39)",0,-0.08
236,5,"(3, 38)",0,-0.08
236,6,"(3, 37)",1,-8.33
236,7,"(3, 37)",0,-0.08
236,8,"(3, 36)",0,-0.08
236,9,"(3, 35)",3,-0.08
236,10,"(2, 35)",0,-0.08
236,11,"(2, 34)",0,-0.08
236,12,"(2, 33)",1,-0.08
236,13,"(3, 33)",1,-0.08
236,14,"(4, 33)",1,-0.08
236,15,"(5, 33)",0,-0.08
236,16,"(5, 32)",0,-0.08
236,17,"(5, 31)",0,-0.08
236,18,"(5, 30)",0,-0.08
236,19,"(5, 29)",1,-0.08
236,20,"(6, 29)",1,-0.08
236,21,"(7, 29)",1,-0.08
236,22,"(8, 29)",1,-0.08
236,23,"(9, 29)",1,-0.08
236,24,"(10, 29)",0,-0.08
236,25,"(10, 28)",0,-0.08
236,26,"(10, 27)",1,-0.08
236,27,"(11, 27)",1,-0.08
236,28,"(12, 27)",1,-0.08
236,29,"(13, 27)",1,-0.08
236,30,"(14, 27)",1,-0.08
236,31,"(15, 27)",1,-0.08
236,32,"(16, 27)",0,-0.08
236,33,"(16, 26)",1,-0.08
236,34,"(17, 26)",0,-0.08
236,35,"(17, 25)",0,-0.08
236,36,"(17, 24)",1,-8.33
236,37,"(17, 24)",0,-0.08
236,38,"(17, 23)",0,-0.08
236,39,"(17, 22)",1,-0.08
236,40,"(18, 22)",1,-0.08
236,41,"(19, 22)",1,-0.08
236,42,"(20, 22)",0,-0.08
236,43,"(20, 21)",0,-0.08
236,44,"(20, 20)",0,-0.08
236,45,"(20, 19)",1,-0.08
236,46,"(21, 19)",1,-0.08
236,47,"(22, 19)",1,-0.08
236,48,"(23, 19)",0,-0.08
236,49,"(23, 18)",0,-0.08
236,50,"(23, 17)",0,-0.08
236,51,"(23, 16)",0,-0.08
236,52,"(23, 15)",1,-0.08
236,53,"(24, 15)",1,-0.08
236,54,"(25, 15)",1,-0.08
236,55,"(26, 15)",1,-0.08
236,56,"(27, 15)",1,-0.08
236,57,"(28, 15)",1,-0.08
236,58,"(29, 15)",1,-0.08
236,59,"(30, 15)",1,-0.08
236,60,"(31, 15)",0,-0.08
236,61,"(31, 14)",0,-0.08
236,62,"(31, 13)",1,-0.08
236,63,"(32, 13)",1,-0.08
236,64,"(33, 13)",1,-0.08
236,65,"(34, 13)",1,-0.08
236,66,"(35, 13)",0,-0.08
236,67,"(35, 12)",1,-0.08
236,68,"(36, 12)",1,-0.08
236,69,"(37, 12)",1,-0.08
236,70,"(38, 12)",1,-0.08
236,71,"(39, 12)",0,-0.08
236,72,"(39, 11)",1,-0.08
236,73,"(40, 11)",1,-0.08
236,74,"(41, 11)",1,-0.08
236,75,"(42, 11)",1,-0.08
236,76,"(43, 11)",1,-0.08
236,77,"(44, 11)",1,-0.08
236,78,"(45, 11)",0,-0.08
236,79,"(45, 10)",1,-0.08
236,80,"(46, 10)",1,-0.08
236,81,"(47, 10)",1,-0.08
236,82,"(48, 10)",1,-0.08
236,83,"(49, 10)",1,-0.08
236,84,"(50, 10)",0,-0.08
236,85,"(50, 9)",1,-0.08
236,86,"(51, 9)",1,-0.08
236,87,"(52, 9)",1,-0.08
236,88,"(53, 9)",1,-0.08
236,89,"(54, 9)",1,-0.08
236,90,"(55, 9)",1,-0.08
236,91,"(56, 9)",1,-0.08
236,92,"(57, 9)",0,-0.08
236,93,"(57, 8)",0,-0.08
236,94,"(57, 7)",1,-0.08
236,95,"(58, 7)",1,-0.08
236,96,"(59, 7)",1,-0.08
236,97,"(60, 7)",1,-0.08
236,98,"(61, 7)",1,-0.08
236,99,"(62, 7)",1,-0.08
236,100,"(63, 7)",1,-0.08
236,101,"(64, 7)",1,-0.08
236,102,"(65, 7)",1,-0.08
236,103,"(66, 7)",1,-0.08
236,104,"(67, 7)",1,-0.08
236,105,"(68, 7)",1,-0.08
236,106,"(69, 7)",1,-0.08
236,107,"(70, 7)",1,-0.08
236,108,"(71, 7)",0,-0.08
236,109,"(71, 6)",0,-0.08
236,110,"(71, 5)",1,-0.08
236,111,"(72, 5)",1,-0.08
236,112,"(73, 5)",1,-0.08
236,113,"(74, 5)",0,-0.08
236,114,"(74, 4)",0,-0.08
236,115,"(74, 3)",1,-0.08
236,116,"(75, 3)",1,-0.08
236,117,"(76, 3)",1,-0.08
236,118,"(77, 3)",0,-0.08
236,119,"(77, 2)",0,-0.08
236,120,"(77, 1)",0,-0.08
236,121,"(77, 0)",1,-0.08
236,122,"(78, 0)",1,8.33
237,0,"(0, 39)",0,-0.08
237,1,"(0, 38)",1,-0.08
237,2,"(1, 38)",1,-8.33
237,3,"(1, 38)",0,-0.08
237,4,"(1, 37)",0,-8.33
237,5,"(1, 37)",3,-0.08
237,6,"(0, 37)",0,-0.08
237,7,"(0, 36)",0,-0.08
237,8,"(0, 35)",1,-0.08
237,9,"(1, 35)",0,-0.08
237,10,"(1, 34)",0,-0.08
237,11,"(1, 33)",1,-0.08
237,12,"(2, 33)",1,-0.08
237,13,"(3, 33)",1,-0.08
237,14,"(4, 33)",1,-0.08
237,15,"(5, 33)",1,-0.08
237,16,"(6, 33)",1,-0.08
237,17,"(7, 33)",1,-0.08
237,18,"(8, 33)",0,-0.08
237,19,"(8, 32)",0,-0.08
237,20,"(8, 31)",1,-0.08
237,21,"(9, 31)",0,-0.08
237,22,"(9, 30)",1,-0.08
237,23,"(10, 30)",0,-0.08
237,24,"(10, 29)",0,-0.08
237,25,"(10, 28)",0,-0.08
237,26,"(10, 27)",1,-0.08
237,27,"(11, 27)",1,-0.08
237,28,"(12, 27)",1,-0.08
237,29,"(13, 27)",1,-0.08
237,30,"(14, 27)",1,-0.08
237,31,"(15, 27)",0,-0.08
237,32,"(15, 26)",0,-0.08
237,33,"(15, 25)",1,-0.08
237,34,"(16, 25)",1,-0.08
237,35,"(17, 25)",0,-0.08
237,36,"(17, 24)",0,-0.08
237,37,"(17, 23)",1,-0.08
237,38,"(18, 23)",1,-0.08
237,39,"(19, 23)",1,-0.08
237,40,"(20, 23)",0,-0.08
237,41,"(20, 22)",1,-0.08
237,42,"(21, 22)",0,-0.08
237,43,"(21, 21)",0,-0.08
237,44,"(21, 20)",0,-0.08
237,45,"(21, 19)",1,-0.08
237,46,"(22, 19)",0,-8.33
237,47,"(22, 19)",1,-0.08
237,48,"(23, 19)",0,-0.08
237,49,"(23, 18)",0,-0.08
237,50,"(23, 17)",0,-0.08
237,51,"(23, 16)",0,-0.08
237,52,"(23, 15)",1,-0.08
237,53,"(24, 15)",1,-0.08
237,54,"(25, 15)",1,-0.08
237,55,"(26, 15)",1,-0.08
237,56,"(27, 15)",0,-0.08
237,57,"(27, 14)",0,-0.08
237,58,"(27, 13)",1,-0.08
237,59,"(28, 13)",1,-0.08
237,60,"(29, 13)",1,-0.08
237,61,"(30, 13)",1,-0.08
237,62,"(31, 13)",1,-0.08
237,63,"(32, 13)",1,-0.08
237,64,"(33, 13)",1,-0.08
237,65,"(34, 13)",1,-0.08
237,66,"(35, 13)",1,-0.08
237,67,"(36, 13)",0,-0.08
237,68,"(36, 12)",1,-0.08
237,69,"(37, 12)",1,-0.08
237,70,"(38, 12)",1,-0.08
237,71,"(39, 12)",0,-0.08
237,72,"(39, 11)",1,-0.08
237,73,"(40, 11)",1,-0.08
237,74,"(41, 11)",1,-0.08
237,75,"(42, 11)",1,-0.08
237,76,"(43, 11)",1,-0.08
237,77,"(44, 11)",1,-0.08
237,78,"(45, 11)",0,-0.08
237,79,"(45, 10)",1,-0.08
237,80,"(46, 10)",1,-0.08
237,81,"(47, 10)",1,-0.08
237,82,"(48, 10)",1,-0.08
237,83,"(49, 10)",0,-0.08
237,84,"(49, 9)",1,-0.08
237,85,"(50, 9)",0,-0.08
237,86,"(50, 8)",0,-0.08
237,87,"(50, 7)",1,-0.08
237,88,"(51, 7)",1,-0.08
237,89,"(52, 7)",1,-0.08
237,90,"(53, 7)",1,-0.08
237,91,"(54, 7)",1,-0.08
237,92,"(55, 7)",1,-0.08
237,93,"(56, 7)",1,-0.08
237,94,"(57, 7)",1,-0.08
237,95,"(58, 7)",1,-0.08
237,96,"(59, 7)",1,-0.08
237,97,"(60, 7)",1,-0.08
237,98,"(61, 7)",1,-0.08
237,99,"(62, 7)",1,-0.08
237,100,"(63, 7)",1,-0.08
237,101,"(64, 7)",1,-0.08
237,102,"(65, 7)",1,-0.08
237,103,"(66, 7)",1,-0.08
237,104,"(67, 7)",1,-0.08
237,105,"(68, 7)",1,-0.08
237,106,"(69, 7)",1,-0.08
237,107,"(70, 7)",1,-0.08
237,108,"(71, 7)",1,-0.08
237,109,"(72, 7)",1,-0.08
237,110,"(73, 7)",0,-0.08
237,111,"(73, 6)",0,-0.08
237,112,"(73, 5)",1,-0.08
237,113,"(74, 5)",0,-0.08
237,114,"(74, 4)",1,-0.08
237,115,"(75, 4)",0,-0.08
237,116,"(75, 3)",1,-0.08
237,117,"(76, 3)",0,-0.08
237,118,"(76, 2)",0,-0.08
237,119,"(76, 1)",0,-0.08
237,120,"(76, 0)",1,-0.08
237,121,"(77, 0)",1,-0.08
237,122,"(78, 0)",1,8.33
238,0,"(0, 39)",0,-0.08
238,1,"(0, 38)",0,-0.08
238,2,"(0, 37)",1,-0.08
238,3,"(1, 37)",0,-8.33
238,4,"(1, 37)",3,-0.08
238,5,"(0, 37)",0,-0.08
238,6,"(0, 36)",0,-0.08
238,7,"(0, 35)",0,-0.08
238,8,"(0, 34)",0,-0.08
238,9,"(0, 33)",1,-0.08
238,10,"(1, 33)",0,-0.08
238,11,"(1, 32)",1,-0.08
238,12,"(2, 32)",1,-0.08
238,13,"(3, 32)",0,-0.08
238,14,"(3, 31)",0,-8.33
238,15,"(3, 31)",0,-8.33
238,16,"(3, 31)",2,-0.08
238,17,"(3, 32)",2,-0.08
238,18,"(3, 33)",1,-0.08
238,19,"(4, 33)",1,-0.08
238,20,"(5, 33)",0,-0.08
238,21,"(5, 32)",0,-0.08
238,22,"(5, 31)",0,-0.08
238,23,"(5, 30)",0,-0.08
238,24,"(5, 29)",1,-0.08
238,25,"(6, 29)",1,-0.08
238,26,"(7, 29)",0,-0.08
238,27,"(7, 28)",1,-0.08
238,28,"(8, 28)",0,-0.08
238,29,"(8, 27)",1,-0.08
238,30,"(9, 27)",1,-0.08
238,31,"(10, 27)",1,-0.08
238,32,"(11, 27)",1,-0.08
238,33,"(12, 27)",1,-0.08
238,34,"(13, 27)",0,-0.08
238,35,"(13, 26)",0,-0.08
238,36,"(13, 25)",1,-0.08
238,37,"(14, 25)",1,-0.08
238,38,"(15, 25)",1,-0.08
238,39,"(16, 25)",1,-0.08
238,40,"(17, 25)",0,-0.08
238,41,"(17, 24)",0,-0.08
238,42,"(17, 23)",1,-0.08
238,43,"(18, 23)",0,-0.08
238,44,"(18, 22)",1,-0.08
238,45,"(19, 22)",1,-0.08
238,46,"(20, 22)",0,-0.08
238,47,"(20, 21)",1,-0.08
238,48,"(21, 21)",1,-0.08
238,49,"(22, 21)",1,-0.08
238,50,"(23, 21)",0,-0.08
238,51,"(23, 20)",0,-0.08
238,52,"(23, 19)",0,-0.08
238,53,"(23, 18)",0,-0.08
238,54,"(23, 17)",1,-0.08
238,55,"(24, 17)",1,-0.08
238,56,"(25, 17)",1,-0.08
238,57,"(26, 17)",1,-0.08
238,58,"(27, 17)",1,-0.08
238,59,"(28, 17)",0,-0.08
238,60,"(28, 16)",1,-0.08
238,61,"(29, 16)",0,-0.08
238,62,"(29, 15)",0,-0.08
238,63,"(29, 14)",0,-0.08
238,64,"(29, 13)",1,-0.08
238,65,"(30, 13)",1,-0.08
238,66,"(31, 13)",1,-0.08
238,67,"(32, 13)",1,-0.08
238,68,"(33, 13)",1,-0.08
238,69,"(34, 13)",1,-0.08
238,70,"(35, 13)",1,-0.08
238,71,"(36, 13)",1,-0.08
238,72,"(37, 13)",1,-0.08
238,73,"(38, 13)",0,-0.08
238,74,"(38, 12)",1,-0.08
238,75,"(39, 12)",0,-0.08
238,76,"(39, 11)",1,-0.08
238,77,"(40, 11)",1,-0.08
238,78,"(41, 11)",1,-0.08
238,79,"(42, 11)",1,-0.08
238,80,"(43, 11)",1,-0.08
238,81,"(44, 11)",1,-0.08
238,82,"(45, 11)",0,-0.08
238,83,"(45, 10)",1,-0.08
238,84,"(46, 10)",0,-0.08
238,85,"(46, 9)",0,-0.08
238,86,"(46, 8)",0,-0.08
238,87,"(46, 7)",1,-0.08
238,88,"(47, 7)",1,-0.08
238,89,"(48, 7)",1,-0.08
238,90,"(49, 7)",1,-0.08
238,91,"(50, 7)",1,-0.08
238,92,"(51, 7)",1,-0.08
238,93,"(52, 7)",1,-0.08
238,94,"(53, 7)",1,-0.08
238,95,"(54, 7)",1,-0.08
238,96,"(55, 7)",1,-0.08
238,97,"(56, 7)",1,-0.08
238,98,"(57, 7)",1,-0.08
238,99,"(58, 7)",1,-0.08
238,100,"(59, 7)",1,-0.08
238,101,"(60, 7)",1,-0.08
238,102,"(61, 7)",1,-0.08
238,103,"(62, 7)",1,-0.08
238,104,"(63, 7)",1,-0.08
238,105,"(64, 7)",1,-0.08
238,106,"(65, 7)",1,-0.08
238,107,"(66, 7)",1,-0.08
238,108,"(67, 7)",1,-0.08
238,109,"(68, 7)",1,-0.08
238,110,"(69, 7)",1,-0.08
238,111,"(70, 7)",0,-0.08
238,112,"(70, 6)",1,-0.08
238,113,"(71, 6)",0,-0.08
238,114,"(71, 5)",1,-0.08
238,115,"(72, 5)",1,-0.08
238,116,"(73, 5)",1,-0.08
238,117,"(74, 5)",1,-0.08
238,118,"(75, 5)",1,-0.08
238,119,"(76, 5)",1,-0.08
238,120,"(77, 5)",0,-0.08
238,121,"(77, 4)",0,-0.08
238,122,"(77, 3)",0,-0.08
238,123,"(77, 2)",0,-0.08
238,124,"(77, 1)",0,-0.08
238,125,"(77, 0)",1,-0.08
238,126,"(78, 0)",1,8.33
239,0,"(0, 39)",1,-0.08
239,1,"(1, 39)",0,-0.08
239,2,"(1, 38)",1,-8.33
239,3,"(1, 38)",0,-0.08
239,4,"(1, 37)",0,-8.33
239,5,"(1, 37)",3,-0.08
239,6,"(0, 37)",0,-0.08
239,7,"(0, 36)",0,-0.08
239,8,"(0, 35)",0,-0.08
239,9,"(0, 34)",1,-0.08
239,10,"(1, 34)",0,-0.08
239,11,"(1, 33)",1,-0.08
239,12,"(2, 33)",1,-0.08
239,13,"(3, 33)",1,-0.08
239,14,"(4, 33)",1,-0.08
239,15,"(5, 33)",1,-0.08
239,16,"(6, 33)",1,-0.08
239,17,"(7, 33)",0,-0.08
239,18,"(7, 32)",0,-0.08
239,19,"(7, 31)",1,-0.08
239,20,"(8, 31)",1,-0.08
239,21,"(9, 31)",0,-0.08
239,22,"(9, 30)",0,-0.08
239,23,"(9, 29)",1,-0.08
239,24,"(10, 29)",0,-0.08
239,25,"(10, 28)",0,-0.08
239,26,"(10, 27)",0,-8.33
239,27,"(10, 27)",1,-0.08
239,28,"(11, 27)",1,-0.08
239,29,"(12, 27)",0,-0.08
239,30,"(12, 26)",1,-0.08
239,31,"(13, 26)",0,-0.08
239,32,"(13, 25)",1,-0.08
239,33,"(14, 25)",0,-0.08
239,34,"(14, 24)",0,-0.08
239,35,"(14, 23)",1,-0.08
239,36,"(15, 23)",1,-0.08
239,37,"(16, 23)",0,-0.08
239,38,"(16, 22)",1,-0.08
239,39,"(17, 22)",1,-0.08
239,40,"(18, 22)",1,-0.08
239,41,"(19, 22)",1,-0.08
239,42,"(20, 22)",1,-0.08
239,43,"(21, 22)",0,-0.08
239,44,"(21, 21)",0,-0.08
239,45,"(21, 20)",1,-0.08
239,46,"(22, 20)",0,-0.08
239,47,"(22, 19)",1,-0.08
239,48,"(23, 19)",0,-0.08
239,49,"(23, 18)",0,-0.08
239,50,"(23, 17)",1,-0.08
239,51,"(24, 17)",1,-0.08
239,52,"(25, 17)",1,-0.08
239,53,"(26, 17)",1,-0.08
239,54,"(27, 17)",0,-0.08
239,55,"(27, 16)",0,-0.08
239,56,"(27, 15)",1,-0.08
239,57,"(28, 15)",1,-0.08
239,58,"(29, 15)",1,-0.08
239,59,"(30, 15)",1,-0.08
239,60,"(31, 15)",1,-0.08
239,61,"(32, 15)",1,-0.08
239,62,"(33, 15)",1,-0.08
239,63,"(34, 15)",1,-0.08
239,64,"(35, 15)",0,-0.08
239,65,"(35, 14)",0,-0.08
239,66,"(35, 13)",0,-0.08
239,67,"(35, 12)",1,-0.08
239,68,"(36, 12)",1,-0.08
239,69,"(37, 12)",1,-0.08
239,70,"(38, 12)",1,-0.08
239,71,"(39, 12)",0,-0.08
239,72,"(39, 11)",1,-0.08
239,73,"(40, 11)",1,-0.08
239,74,"(41, 11)",1,-0.08
239,75,"(42, 11)",1,-0.08
239,76,"(43, 11)",1,-0.08
239,77,"(44, 11)",1,-0.08
239,78,"(45, 11)",0,-0.08
239,79,"(45, 10)",1,-0.08
239,80,"(46, 10)",0,-0.08
239,81,"(46, 9)",0,-0.08
239,82,"(46, 8)",0,-0.08
239,83,"(46, 7)",1,-0.08
239,84,"(47, 7)",1,-0.08
239,85,"(48, 7)",1,-0.08
239,86,"(49, 7)",1,-0.08
239,87,"(50, 7)",1,-0.08
239,88,"(51, 7)",1,-0.08
239,89,"(52, 7)",1,-0.08
239,90,"(53, 7)",1,-0.08
239,91,"(54, 7)",1,-0.08
239,92,"(55, 7)",1,-0.08
239,93,"(56, 7)",1,-0.08
239,94,"(57, 7)",1,-0.08
239,95,"(58, 7)",1,-0.08
239,96,"(59, 7)",1,-0.08
239,97,"(60, 7)",1,-0.08
239,98,"(61, 7)",1,-0.08
239,99,"(62, 7)",1,-0.08
239,100,"(63, 7)",1,-0.08
239,101,"(64, 7)",1,-0.08
239,102,"(65, 7)",1,-0.08
239,103,"(66, 7)",1,-0.08
239,104,"(67, 7)",1,-0.08
239,105,"(68, 7)",1,-0.08
239,106,"(69, 7)",0,-0.08
239,107,"(69, 6)",1,-0.08
239,108,"(70, 6)",1,-0.08
239,109,"(71, 6)",0,-0.08
239,110,"(71, 5)",1,-0.08
239,111,"(72, 5)",1,-0.08
239,112,"(73, 5)",1,-0.08
239,113,"(74, 5)",0,-0.08
239,114,"(74, 4)",0,-0.08
239,115,"(74, 3)",1,-0.08
239,116,"(75, 3)",1,-0.08
239,117,"(76, 3)",1,-0.08
239,118,"(77, 3)",0,-0.08
239,119,"(77, 2)",0,-0.08
239,120,"(77, 1)",0,-0.08
239,121,"(77, 0)",1,-0.08
239,122,"(78, 0)",1,8.33
240,0,"(0, 39)",0,-0.08
240,1,"(0, 38)",0,-0.08
240,2,"(0, 37)",1,-0.08
240,3,"(1, 37)",1,-8.33
240,4,"(1, 37)",0,-8.33
240,5,"(1, 37)",3,-0.08
240,6,"(0, 37)",0,-0.08
240,7,"(0, 36)",0,-0.08
240,8,"(0, 35)",1,-0.08
240,9,"(1, 35)",1,-0.08
240,10,"(2, 35)",0,-0.08
240,11,"(2, 34)",0,-0.08
240,12,"(2, 33)",1,-0.08
240,13,"(3, 33)",0,-0.08
240,14,"(3, 32)",0,-0.08
240,15,"(3, 31)",0,-8.33
240,16,"(3, 31)",2,-0.08
240,17,"(3, 32)",2,-0.08
240,18,"(3, 33)",1,-0.08
240,19,"(4, 33)",1,-0.08
240,20,"(5, 33)",1,-0.08
240,21,"(6, 33)",1,-0.08
240,22,"(7, 33)",0,-0.08
240,23,"(7, 32)",0,-0.08
240,24,"(7, 31)",1,-0.08
240,25,"(8, 31)",1,-0.08
240,26,"(9, 31)",0,-0.08
240,27,"(9, 30)",0,-0.08
240,28,"(9, 29)",1,-0.08
240,29,"(10, 29)",0,-0.08
240,30,"(10, 28)",0,-0.08
240,31,"(10, 27)",1,-0.08
240,32,"(11, 27)",1,-0.08
240,33,"(12, 27)",0,-0.08
240,34,"(12, 26)",1,-0.08
240,35,"(13, 26)",0,-0.08
240,36,"(13, 25)",1,-0.08
240,37,"(14, 25)",0,-0.08
240,38,"(14, 24)",0,-0.08
240,39,"(14, 23)",1,-0.08
240,40,"(15, 23)",1,-0.08
240,41,"(16, 23)",0,-0.08
240,42,"(16, 22)",1,-0.08
240,43,"(17, 22)",1,-0.08
240,44,"(18, 22)",1,-0.08
240,45,"(19, 22)",0,-0.08
240,46,"(19, 21)",1,-0.08
240,47,"(20, 21)",1,-0.08
240,48,"(21, 21)",0,-0.08
240,49,"(21, 20)",1,-0.08
240,50,"(22, 20)",1,-0.08
240,51,"(23, 20)",0,-0.08
240,52,"(23, 19)",0,-0.08
240,53,"(23, 18)",0,-0.08
240,54,"(23, 17)",1,-0.08
240,55,"(24, 17)",1,-0.08
240,56,"(25, 17)",1,-0.08
240,57,"(26, 17)",1,-0.08
240,58,"(27, 17)",0,-0.08
240,59,"(27, 16)",0,-0.08
240,60,"(27, 15)",1,-0.08
240,61,"(28, 15)",1,-0.08
240,62,"(29, 15)",1,-0.08
240,63,"(30, 15)",1,-0.08
240,64,"(31, 15)",0,-0.08
240,65,"(31, 14)",1,-0.08
240,66,"(32, 14)",0,-0.08
240,67,"(32, 13)",1,-0.08
240,68,"(33, 13)",1,-0.08
240,69,"(34, 13)",1,-0.08
240,70,"(35, 13)",0,-0.08
240,71,"(35, 12)",1,-0.08
240,72,"(36, 12)",1,-0.08
240,73,"(37, 12)",1,-0.08
240,74,"(38, 12)",1,-0.08
240,75,"(39, 12)",0,-0.08
240,76,"(39, 11)",1,-0.08
240,77,"(40, 11)",1,-0.08
240,78,"(41, 11)",1,-0.08
240,79,"(42, 11)",1,-0.08
240,80,"(43, 11)",1,-0.08
240,81,"(44, 11)",1,-0.08
240,82,"(45, 11)",0,-0.08
240,83,"(45, 10)",1,-0.08
240,84,"(46, 10)",0,-0.08
240,85,"(46, 9)",0,-0.08
240,86,"(46, 8)",0,-0.08
240,87,"(46, 7)",1,-0.08
240,88,"(47, 7)",1,-0.08
240,89,"(48, 7)",1,-0.08
240,90,"(49, 7)",1,-0.08
240,91,"(50, 7)",1,-0.08
240,92,"(51, 7)",1,-0.08
240,93,"(52, 7)",1,-0.08
240,94,"(53, 7)",1,-0.08
240,95,"(54, 7)",1,-0.08
240,96,"(55, 7)",1,-0.08
240,97,"(56, 7)",1,-0.08
240,98,"(57, 7)",1,-0.08
240,99,"(58, 7)",1,-0.08
240,100,"(59, 7)",1,-0.08
240,101,"(60, 7)",1,-0.08
240,102,"(61, 7)",1,-0.08
240,103,"(62, 7)",1,-0.08
240,104,"(63, 7)",1,-0.08
240,105,"(64, 7)",1,-0.08
240,106,"(65, 7)",1,-0.08
240,107,"(66, 7)",1,-0.08
240,108,"(67, 7)",1,-0.08
240,109,"(68, 7)",1,-0.08
240,110,"(69, 7)",0,-0.08
240,111,"(69, 6)",1,-0.08
240,112,"(70, 6)",1,-0.08
240,113,"(71, 6)",0,-0.08
240,114,"(71, 5)",1,-0.08
240,115,"(72, 5)",1,-0.08
240,116,"(73, 5)",1,-0.08
240,117,"(74, 5)",1,-0.08
240,118,"(75, 5)",0,-0.08
240,119,"(75, 4)",0,-0.08
240,120,"(75, 3)",1,-0.08
240,121,"(76, 3)",0,-0.08
240,122,"(76, 2)",0,-0.08
240,123,"(76, 1)",0,-0.08
240,124,"(76, 0)",1,-0.08
240,125,"(77, 0)",1,-0.08
240,126,"(78, 0)",1,8.33
241,0,"(0, 39)",0,-0.08
241,1,"(0, 38)",1,-0.08
241,2,"(1, 38)",0,-0.08
241,3,"(1, 37)",0,-8.33
241,4,"(1, 37)",3,-0.08
241,5,"(0, 37)",0,-0.08
241,6,"(0, 36)",0,-0.08
241,7,"(0, 35)",0,-0.08
241,8,"(0, 34)",1,-0.08
241,9,"(1, 34)",0,-0.08
241,10,"(1, 33)",1,-0.08
241,11,"(2, 33)",0,-0.08
241,12,"(2, 32)",0,-0.08
241,13,"(2, 31)",1,-0.08
241,14,"(3, 31)",0,-8.33
241,15,"(3, 31)",0,-8.33
241,16,"(3, 31)",2,-0.08
241,17,"(3, 32)",2,-0.08
241,18,"(3, 33)",1,-0.08
241,19,"(4, 33)",1,-0.08
241,20,"(5, 33)",1,-0.08
241,21,"(6, 33)",1,-0.08
241,22,"(7, 33)",0,-0.08
241,23,"(7, 32)",0,-0.08
241,24,"(7, 31)",1,-0.08
241,25,"(8, 31)",0,-0.08
241,26,"(8, 30)",1,-0.08
241,27,"(9, 30)",0,-0.08
241,28,"(9, 29)",1,-0.08
241,29,"(10, 29)",0,-0.08
241,30,"(10, 28)",0,-0.08
241,31,"(10, 27)",1,-0.08
241,32,"(11, 27)",1,-0.08
241,33,"(12, 27)",0,-0.08
241,34,"(12, 26)",0,-0.08
241,35,"(12, 25)",1,-0.08
241,36,"(13, 25)",0,-0.08
241,37,"(13, 24)",0,-0.08
241,38,"(13, 23)",1,-0.08
241,39,"(14, 23)",1,-0.08
241,40,"(15, 23)",1,-0.08
241,41,"(16, 23)",1,-0.08
241,42,"(17, 23)",0,-0.08
241,43,"(17, 22)",1,-0.08
241,44,"(18, 22)",1,-0.08
241,45,"(19, 22)",1,-0.08
241,46,"(20, 22)",0,-0.08
241,47,"(20, 21)",0,-0.08
241,48,"(20, 20)",0,-0.08
241,49,"(20, 19)",1,-0.08
241,50,"(21, 19)",1,-0.08
241,51,"(22, 19)",1,-0.08
241,52,"(23, 19)",0,-0.08
241,53,"(23, 18)",0,-0.08
241,54,"(23, 17)",0,-0.08
241,55,"(23, 16)",0,-0.08
241,56,"(23, 15)",1,-0.08
241,57,"(24, 15)",1,-0.08
241,58,"(25, 15)",1,-0.08
241,59,"(26, 15)",1,-0.08
241,60,"(27, 15)",0,-0.08
241,61,"(27, 14)",0,-0.08
241,62,"(27, 13)",1,-0.08
241,63,"(28, 13)",1,-0.08
241,64,"(29, 13)",1,-0.08
241,65,"(30, 13)",1,-0.08
241,66,"(31, 13)",1,-0.08
241,67,"(32, 13)",1,-0.08
241,68,"(33, 13)",1,-0.08
241,69,"(34, 13)",1,-0.08
241,70,"(35, 13)",0,-0.08
241,71,"(35, 12)",1,-0.08
241,72,"(36, 12)",1,-0.08
241,73,"(37, 12)",1,-0.08
241,74,"(38, 12)",1,-0.08
241,75,"(39, 12)",0,-0.08
241,76,"(39, 11)",1,-0.08
241,77,"(40, 11)",1,-0.08
241,78,"(41, 11)",1,-0.08
241,79,"(42, 11)",1,-0.08
241,80,"(43, 11)",1,-0.08
241,81,"(44, 11)",1,-0.08
241,82,"(45, 11)",0,-0.08
241,83,"(45, 10)",0,-0.08
241,84,"(45, 9)",0,-0.08
241,85,"(45, 8)",0,-0.08
241,86,"(45, 7)",1,-0.08
241,87,"(46, 7)",1,-0.08
241,88,"(47, 7)",1,-0.08
241,89,"(48, 7)",1,-0.08
241,90,"(49, 7)",1,-0.08
241,91,"(50, 7)",1,-0.08
241,92,"(51, 7)",1,-0.08
241,93,"(52, 7)",1,-0.08
241,94,"(53, 7)",1,-0.08
241,95,"(54, 7)",1,-0.08
241,96,"(55, 7)",1,-0.08
241,97,"(56, 7)",1,-0.08
241,98,"(57, 7)",1,-0.08
241,99,"(58, 7)",1,-0.08
241,100,"(59, 7)",1,-0.08
241,101,"(60, 7)",1,-0.08
241,102,"(61, 7)",1,-0.08
241,103,"(62, 7)",1,-0.08
241,104,"(63, 7)",1,-0.08
241,105,"(64, 7)",1,-0.08
241,106,"(65, 7)",1,-0.08
241,107,"(66, 7)",1,-0.08
241,108,"(67, 7)",1,-0.08
241,109,"(68, 7)",1,-0.08
241,110,"(69, 7)",0,-0.08
241,111,"(69, 6)",1,-0.08
241,112,"(70, 6)",1,-0.08
241,113,"(71, 6)",1,-0.08
241,114,"(72, 6)",0,-0.08
241,115,"(72, 5)",1,-0.08
241,116,"(73, 5)",1,-0.08
241,117,"(74, 5)",0,-0.08
241,118,"(74, 4)",1,-0.08
241,119,"(75, 4)",0,-0.08
241,120,"(75, 3)",1,-0.08
241,121,"(76, 3)",0,-0.08
241,122,"(76, 2)",0,-0.08
241,123,"(76, 1)",0,-0.08
241,124,"(76, 0)",1,-0.08
241,125,"(77, 0)",1,-0.08
241,126,"(78, 0)",1,8.33
242,0,"(0, 39)",1,-0.08
242,1,"(1, 39)",0,-0.08
242,2,"(1, 38)",1,-8.33
242,3,"(1, 38)",0,-0.08
242,4,"(1, 37)",0,-8.33
242,5,"(1, 37)",3,-0.08
242,6,"(0, 37)",0,-0.08
242,7,"(0, 36)",0,-0.08
242,8,"(0, 35)",0,-0.08
242,9,"(0, 34)",1,-0.08
242,10,"(1, 34)",0,-0.08
242,11,"(1, 33)",1,-0.08
242,12,"(2, 33)",0,-0.08
242,13,"(2, 32)",0,-0.08
242,14,"(2, 31)",1,-0.08
242,15,"(3, 31)",0,-8.33
242,16,"(3, 31)",0,-8.33
242,17,"(3, 31)",3,-0.08
242,18,"(2, 31)",3,-0.08
242,19,"(1, 31)",0,-0.08
242,20,"(1, 30)",0,-0.08
242,21,"(1, 29)",1,-0.08
242,22,"(2, 29)",1,-0.08
242,23,"(3, 29)",0,-0.08
242,24,"(3, 28)",0,-0.08
242,25,"(3, 27)",0,-0.08
242,26,"(3, 26)",0,-0.08
242,27,"(3, 25)",1,-0.08
242,28,"(4, 25)",1,-0.08
242,29,"(5, 25)",1,-0.08
242,30,"(6, 25)",1,-0.08
242,31,"(7, 25)",1,-0.08
242,32,"(8, 25)",1,-0.08
242,33,"(9, 25)",1,-0.08
242,34,"(10, 25)",0,-0.08
242,35,"(10, 24)",1,-0.08
242,36,"(11, 24)",1,-0.08
242,37,"(12, 24)",1,-0.08
242,38,"(13, 24)",0,-0.08
242,39,"(13, 23)",1,-0.08
242,40,"(14, 23)",1,-0.08
242,41,"(15, 23)",1,-0.08
242,42,"(16, 23)",1,-0.08
242,43,"(17, 23)",1,-0.08
242,44,"(18, 23)",0,-0.08
242,45,"(18, 22)",1,-0.08
242,46,"(19, 22)",0,-0.08
242,47,"(19, 21)",0,-0.08
242,48,"(19, 20)",1,-0.08
242,49,"(20, 20)",1,-0.08
242,50,"(21, 20)",1,-0.08
242,51,"(22, 20)",1,-0.08
242,52,"(23, 20)",1,-0.08
242,53,"(24, 20)",1,-0.08
242,54,"(25, 20)",0,-0.08
242,55,"(25, 19)",1,-0.08
242,56,"(26, 19)",0,-0.08
242,57,"(26, 18)",1,-0.08
242,58,"(27, 18)",0,-0.08
242,59,"(27, 17)",1,-0.08
242,60,"(28, 17)",1,-0.08
242,61,"(29, 17)",0,-0.08
242,62,"(29, 16)",0,-0.08
242,63,"(29, 15)",1,-0.08
242,64,"(30, 15)",1,-0.08
242,65,"(31, 15)",1,-0.08
242,66,"(32, 15)",0,-0.08
242,67,"(32, 14)",0,-0.08
242,68,"(32, 13)",1,-0.08
242,69,"(33, 13)",1,-0.08
242,70,"(34, 13)",1,-0.08
242,71,"(35, 13)",0,-0.08
242,72,"(35, 12)",1,-0.08
242,73,"(36, 12)",1,-0.08
242,74,"(37, 12)",1,-0.08
242,75,"(38, 12)",1,-0.08
242,76,"(39, 12)",0,-0.08
242,77,"(39, 11)",1,-0.08
242,78,"(40, 11)",1,-0.08
242,79,"(41, 11)",1,-0.08
242,80,"(42, 11)",1,-0.08
242,81,"(43, 11)",1,-0.08
242,82,"(44, 11)",1,-0.08
242,83,"(45, 11)",0,-0.08
242,84,"(45, 10)",0,-0.08
242,85,"(45, 9)",0,-0.08
242,86,"(45, 8)",1,-0.08
242,87,"(46, 8)",0,-0.08
242,88,"(46, 7)",1,-0.08
242,89,"(47, 7)",1,-0.08
242,90,"(48, 7)",1,-0.08
242,91,"(49, 7)",1,-0.08
242,92,"(50, 7)",1,-0.08
242,93,"(51, 7)",1,-0.08
242,94,"(52, 7)",1,-0.08
242,95,"(53, 7)",1,-0.08
242,96,"(54, 7)",1,-0.08
242,97,"(55, 7)",1,-0.08
242,98,"(56, 7)",1,-0.08
242,99,"(57, 7)",1,-0.08
242,100,"(58, 7)",1,-0.08
242,101,"(59, 7)",1,-0.08
242,102,"(60, 7)",1,-0.08
242,103,"(61, 7)",1,-0.08
242,104,"(62, 7)",1,-0.08
242,105,"(63, 7)",1,-0.08
242,106,"(64, 7)",1,-0.08
242,107,"(65, 7)",1,-0.08
242,108,"(66, 7)",1,-0.08
242,109,"(67, 7)",1,-0.08
242,110,"(68, 7)",1,-0.08
242,111,"(69, 7)",0,-0.08
242,112,"(69, 6)",1,-0.08
242,113,"(70, 6)",1,-0.08
242,114,"(71, 6)",0,-0.08
242,115,"(71, 5)",1,-0.08
242,116,"(72, 5)",1,-0.08
242,117,"(73, 5)",1,-0.08
242,118,"(74, 5)",0,-0.08
242,119,"(74, 4)",0,-0.08
242,120,"(74, 3)",1,-0.08
242,121,"(75, 3)",1,-0.08
242,122,"(76, 3)",1,-0.08
242,123,"(77, 3)",0,-0.08
242,124,"(77, 2)",0,-0.08
242,125,"(77, 1)",1,-0.08
242,126,"(78, 1)",1,-0.08
242,127,"(79, 1)",0,8.33
243,0,"(0, 39)",1,-0.08
243,1,"(1, 39)",1,-0.08
243,2,"(2, 39)",0,-8.33
243,3,"(2, 39)",1,-0.08
243,4,"(3, 39)",1,-0.08
243,5,"(4, 39)",1,-0.08
243,6,"(5, 39)",1,-0.08
243,7,"(6, 39)",1,-0.08
243,8,"(7, 39)",1,-0.08
243,9,"(8, 39)",1,-0.08
243,10,"(9, 39)",1,-0.08
243,11,"(10, 39)",1,-0.08
243,12,"(11, 39)",0,-0.08
243,13,"(11, 38)",0,-0.08
243,14,"(11, 37)",1,-0.08
243,15,"(12, 37)",1,-0.08
243,16,"(13, 37)",0,-8.33
243,17,"(13, 37)",1,-0.08
243,18,"(14, 37)",1,-0.08
243,19,"(15, 37)",0,-0.08
243,20,"(15, 36)",1,-0.08
243,21,"(16, 36)",1,-0.08
243,22,"(17, 36)",0,-0.08
243,23,"(17, 35)",0,-0.08
243,24,"(17, 34)",0,-0.08
243,25,"(17, 33)",1,-0.08
243,26,"(18, 33)",1,-0.08
243,27,"(19, 33)",1,-8.33
243,28,"(19, 33)",0,-0.08
243,29,"(19, 32)",0,-0.08
243,30,"(19, 31)",0,-0.08
243,31,"(19, 30)",0,-0.08
243,32,"(19, 29)",1,-0.08
243,33,"(20, 29)",0,-0.08
243,34,"(20, 28)",0,-0.08
243,35,"(20, 27)",1,-0.08
243,36,"(21, 27)",0,-0.08
243,37,"(21, 26)",1,-0.08
243,38,"(22, 26)",1,-0.08
243,39,"(23, 26)",0,-0.08
243,40,"(23, 25)",0,-0.08
243,41,"(23, 24)",1,-0.08
243,42,"(24, 24)",0,-0.08
243,43,"(24, 23)",0,-0.08
243,44,"(24, 22)",1,-0.08
243,45,"(25, 22)",0,-0.08
243,46,"(25, 21)",0,-0.08
243,47,"(25, 20)",0,-0.08
243,48,"(25, 19)",1,-0.08
243,49,"(26, 19)",1,-0.08
243,50,"(27, 19)",1,-0.08
243,51,"(28, 19)",1,-0.08
243,52,"(29, 19)",1,-0.08
243,53,"(30, 19)",1,-0.08
243,54,"(31, 19)",1,-0.08
243,55,"(32, 19)",1,-0.08
243,56,"(33, 19)",1,-0.08
243,57,"(34, 19)",1,-0.08
243,58,"(35, 19)",1,-0.08
243,59,"(36, 19)",1,-0.08
243,60,"(37, 19)",0,-0.08
243,61,"(37, 18)",0,-0.08
243,62,"(37, 17)",0,-0.08
243,63,"(37, 16)",0,-0.08
243,64,"(37, 15)",0,-0.08
243,65,"(37, 14)",1,-0.08
243,66,"(38, 14)",0,-0.08
243,67,"(38, 13)",1,-0.08
243,68,"(39, 13)",0,-0.08
243,69,"(39, 12)",0,-0.08
243,70,"(39, 11)",1,-0.08
243,71,"(40, 11)",1,-0.08
243,72,"(41, 11)",1,-0.08
243,73,"(42, 11)",1,-0.08
243,74,"(43, 11)",1,-0.08
243,75,"(44, 11)",1,-0.08
243,76,"(45, 11)",0,-0.08
243,77,"(45, 10)",1,-0.08
243,78,"(46, 10)",1,-0.08
243,79,"(47, 10)",1,-0.08
243,80,"(48, 10)",1,-0.08
243,81,"(49, 10)",0,-0.08
243,82,"(49, 9)",1,-0.08
243,83,"(50, 9)",1,-0.08
243,84,"(51, 9)",1,-0.08
243,85,"(52, 9)",1,-0.08
243,86,"(53, 9)",1,-0.08
243,87,"(54, 9)",1,-0.08
243,88,"(55, 9)",1,-0.08
243,89,"(56, 9)",1,-0.08
243,90,"(57, 9)",0,-0.08
243,91,"(57, 8)",0,-0.08
243,92,"(57, 7)",1,-0.08
243,93,"(58, 7)",1,-0.08
243,94,"(59, 7)",1,-0.08
243,95,"(60, 7)",1,-0.08
243,96,"(61, 7)",1,-0.08
243,97,"(62, 7)",1,-0.08
243,98,"(63, 7)",1,-0.08
243,99,"(64, 7)",1,-0.08
243,100,"(65, 7)",1,-0.08
243,101,"(66, 7)",1,-0.08
243,102,"(67, 7)",1,-0.08
243,103,"(68, 7)",1,-0.08
243,104,"(69, 7)",1,-0.08
243,105,"(70, 7)",0,-0.08
243,106,"(70, 6)",1,-0.08
243,107,"(71, 6)",1,-0.08
243,108,"(72, 6)",0,-0.08
243,109,"(72, 5)",1,-0.08
243,110,"(73, 5)",1,-0.08
243,111,"(74, 5)",0,-0.08
243,112,"(74, 4)",1,-0.08
243,113,"(75, 4)",0,-0.08
243,114,"(75, 3)",1,-0.08
243,115,"(76, 3)",0,-0.08
243,116,"(76, 2)",1,-0.08
243,117,"(77, 2)",0,-0.08
243,118,"(77, 1)",0,-0.08
243,119,"(77, 0)",1,-0.08
243,120,"(78, 0)",1,8.33
244,0,"(0, 39)",0,-0.08
244,1,"(0, 38)",0,-0.08
244,2,"(0, 37)",1,-0.08
244,3,"(1, 37)",1,-8.33
244,4,"(1, 37)",0,-8.33
244,5,"(1, 37)",3,-0.08
244,6,"(0, 37)",0,-0.08
244,7,"(0, 36)",0,-0.08
244,8,"(0, 35)",1,-0.08
244,9,"(1, 35)",0,-0.08
244,10,"(1, 34)",0,-0.08
244,11,"(1, 33)",0,-0.08
244,12,"(1, 32)",1,-0.08
244,13,"(2, 32)",0,-0.08
244,14,"(2, 31)",1,-0.08
244,15,"(3, 31)",0,-8.33
244,16,"(3, 31)",0,-8.33
244,17,"(3, 31)",3,-0.08
244,18,"(2, 31)",3,-0.08
244,19,"(1, 31)",0,-0.08
244,20,"(1, 30)",0,-0.08
244,21,"(1, 29)",0,-0.08
244,22,"(1, 28)",0,-0.08
244,23,"(1, 27)",0,-0.08
244,24,"(1, 26)",1,-0.08
244,25,"(2, 26)",1,-0.08
244,26,"(3, 26)",0,-0.08
244,27,"(3, 25)",1,-0.08
244,28,"(4, 25)",1,-0.08
244,29,"(5, 25)",1,-0.08
244,30,"(6, 25)",1,-0.08
244,31,"(7, 25)",1,-0.08
244,32,"(8, 25)",1,-0.08
244,33,"(9, 25)",1,-0.08
244,34,"(10, 25)",1,-0.08
244,35,"(11, 25)",0,-0.08
244,36,"(11, 24)",1,-0.08
244,37,"(12, 24)",1,-0.08
244,38,"(13, 24)",0,-0.08
244,39,"(13, 23)",1,-0.08
244,40,"(14, 23)",1,-0.08
244,41,"(15, 23)",1,-0.08
244,42,"(16, 23)",1,-0.08
244,43,"(17, 23)",1,-0.08
244,44,"(18, 23)",1,-0.08
244,45,"(19, 23)",0,-0.08
244,46,"(19, 22)",1,-0.08
244,47,"(20, 22)",1,-0.08
244,48,"(21, 22)",0,-0.08
244,49,"(21, 21)",1,-0.08
244,50,"(22, 21)",0,-0.08
244,51,"(22, 20)",0,-0.08
244,52,"(22, 19)",1,-0.08
244,53,"(23, 19)",0,-0.08
244,54,"(23, 18)",0,-0.08
244,55,"(23, 17)",1,-0.08
244,56,"(24, 17)",1,-0.08
244,57,"(25, 17)",1,-0.08
244,58,"(26, 17)",1,-0.08
244,59,"(27, 17)",1,-0.08
244,60,"(28, 17)",1,-0.08
244,61,"(29, 17)",0,-0.08
244,62,"(29, 16)",0,-0.08
244,63,"(29, 15)",1,-0.08
244,64,"(30, 15)",1,-0.08
244,65,"(31, 15)",1,-0.08
244,66,"(32, 15)",1,-0.08
244,67,"(33, 15)",1,-0.08
244,68,"(34, 15)",0,-0.08
244,69,"(34, 14)",1,-0.08
244,70,"(35, 14)",0,-0.08
244,71,"(35, 13)",1,-0.08
244,72,"(36, 13)",0,-0.08
244,73,"(36, 12)",1,-0.08
244,74,"(37, 12)",1,-0.08
244,75,"(38, 12)",1,-0.08
244,76,"(39, 12)",0,-0.08
244,77,"(39, 11)",1,-0.08
244,78,"(40, 11)",1,-0.08
244,79,"(41, 11)",1,-0.08
244,80,"(42, 11)",1,-0.08
244,81,"(43, 11)",1,-0.08
244,82,"(44, 11)",1,-0.08
244,83,"(45, 11)",0,-0.08
244,84,"(45, 10)",1,-0.08
244,85,"(46, 10)",0,-0.08
244,86,"(46, 9)",0,-0.08
244,87,"(46, 8)",0,-0.08
244,88,"(46, 7)",1,-0.08
244,89,"(47, 7)",1,-0.08
244,90,"(48, 7)",1,-0.08
244,91,"(49, 7)",1,-0.08
244,92,"(50, 7)",1,-0.08
244,93,"(51, 7)",1,-0.08
244,94,"(52, 7)",1,-0.08
244,95,"(53, 7)",1,-0.08
244,96,"(54, 7)",1,-0.08
244,97,"(55, 7)",1,-0.08
244,98,"(56, 7)",1,-0.08
244,99,"(57, 7)",1,-0.08
244,100,"(58, 7)",1,-0.08
244,101,"(59, 7)",1,-0.08
244,102,"(60, 7)",1,-0.08
244,103,"(61, 7)",1,-0.08
244,104,"(62, 7)",1,-0.08
244,105,"(63, 7)",1,-0.08
244,106,"(64, 7)",1,-0.08
244,107,"(65, 7)",1,-0.08
244,108,"(66, 7)",1,-0.08
244,109,"(67, 7)",1,-0.08
244,110,"(68, 7)",1,-0.08
244,111,"(69, 7)",1,-0.08
244,112,"(70, 7)",0,-0.08
244,113,"(70, 6)",1,-0.08
244,114,"(71, 6)",1,-0.08
244,115,"(72, 6)",1,-0.08
244,116,"(73, 6)",1,-0.08
244,117,"(74, 6)",0,-0.08
244,118,"(74, 5)",1,-0.08
244,119,"(75, 5)",0,-0.08
244,120,"(75, 4)",0,-0.08
244,121,"(75, 3)",1,-0.08
244,122,"(76, 3)",1,-0.08
244,123,"(77, 3)",0,-0.08
244,124,"(77, 2)",0,-0.08
244,125,"(77, 1)",0,-0.08
244,126,"(77, 0)",1,-0.08
244,127,"(78, 0)",1,8.33
245,0,"(0, 39)",1,-0.08
245,1,"(1, 39)",0,-0.08
245,2,"(1, 38)",0,-0.08
245,3,"(1, 37)",1,-8.33
245,4,"(1, 37)",0,-8.33
245,5,"(1, 37)",3,-0.08
245,6,"(0, 37)",0,-0.08
245,7,"(0, 36)",0,-0.08
245,8,"(0, 35)",0,-0.08
245,9,"(0, 34)",1,-0.08
245,10,"(1, 34)",1,-0.08
245,11,"(2, 34)",0,-0.08
245,12,"(2, 33)",0,-0.08
245,13,"(2, 32)",0,-0.08
245,14,"(2, 31)",1,-0.08
245,15,"(3, 31)",0,-8.33
245,16,"(3, 31)",0,-8.33
245,17,"(3, 31)",2,-0.08
245,18,"(3, 32)",2,-0.08
245,19,"(3, 33)",1,-0.08
245,20,"(4, 33)",1,-0.08
245,21,"(5, 33)",1,-0.08
245,22,"(6, 33)",1,-0.08
245,23,"(7, 33)",0,-0.08
245,24,"(7, 32)",0,-0.08
245,25,"(7, 31)",1,-0.08
245,26,"(8, 31)",0,-0.08
245,27,"(8, 30)",0,-0.08
245,28,"(8, 29)",1,-0.08
245,29,"(9, 29)",1,-0.08
245,30,"(10, 29)",0,-0.08
245,31,"(10, 28)",0,-0.08
245,32,"(10, 27)",1,-0.08
245,33,"(11, 27)",1,-0.08
245,34,"(12, 27)",0,-0.08
245,35,"(12, 26)",0,-0.08
245,36,"(12, 25)",1,-0.08
245,37,"(13, 25)",0,-0.08
245,38,"(13, 24)",0,-0.08
245,39,"(13, 23)",1,-0.08
245,40,"(14, 23)",1,-0.08
245,41,"(15, 23)",1,-0.08
245,42,"(16, 23)",0,-0.08
245,43,"(16, 22)",1,-0.08
245,44,"(17, 22)",1,-0.08
245,45,"(18, 22)",1,-0.08
245,46,"(19, 22)",1,-0.08
245,47,"(20, 22)",0,-0.08
245,48,"(20, 21)",0,-0.08
245,49,"(20, 20)",0,-0.08
245,50,"(20, 19)",1,-0.08
245,51,"(21, 19)",1,-0.08
245,52,"(22, 19)",1,-0.08
245,53,"(23, 19)",0,-0.08
245,54,"(23, 18)",0,-0.08
245,55,"(23, 17)",1,-0.08
245,56,"(24, 17)",1,-0.08
245,57,"(25, 17)",1,-0.08
245,58,"(26, 17)",1,-0.08
245,59,"(27, 17)",1,-0.08
245,60,"(28, 17)",0,-0.08
245,61,"(28, 16)",1,-0.08
245,62,"(29, 16)",0,-0.08
245,63,"(29, 15)",1,-0.08
245,64,"(30, 15)",1,-0.08
245,65,"(31, 15)",1,-0.08
245,66,"(32, 15)",0,-0.08
245,67,"(32, 14)",0,-0.08
245,68,"(32, 13)",1,-0.08
245,69,"(33, 13)",1,-0.08
245,70,"(34, 13)",1,-0.08
245,71,"(35, 13)",0,-0.08
245,72,"(35, 12)",1,-0.08
245,73,"(36, 12)",1,-0.08
245,74,"(37, 12)",1,-0.08
245,75,"(38, 12)",1,-0.08
245,76,"(39, 12)",0,-0.08
245,77,"(39, 11)",1,-0.08
245,78,"(40, 11)",1,-0.08
245,79,"(41, 11)",1,-0.08
245,80,"(42, 11)",1,-0.08
245,81,"(43, 11)",1,-0.08
245,82,"(44, 11)",1,-0.08
245,83,"(45, 11)",0,-0.08
245,84,"(45, 10)",1,-0.08
245,85,"(46, 10)",1,-0.08
245,86,"(47, 10)",1,-0.08
245,87,"(48, 10)",1,-0.08
245,88,"(49, 10)",0,-0.08
245,89,"(49, 9)",1,-0.08
245,90,"(50, 9)",1,-0.08
245,91,"(51, 9)",1,-0.08
245,92,"(52, 9)",1,-0.08
245,93,"(53, 9)",1,-0.08
245,94,"(54, 9)",1,-0.08
245,95,"(55, 9)",1,-0.08
245,96,"(56, 9)",1,-0.08
245,97,"(57, 9)",0,-0.08
245,98,"(57, 8)",1,-0.08
245,99,"(58, 8)",0,-0.08
245,100,"(58, 7)",1,-0.08
245,101,"(59, 7)",1,-0.08
245,102,"(60, 7)",1,-0.08
245,103,"(61, 7)",1,-0.08
245,104,"(62, 7)",1,-0.08
245,105,"(63, 7)",1,-0.08
245,106,"(64, 7)",1,-0.08
245,107,"(65, 7)",1,-0.08
245,108,"(66, 7)",1,-0.08
245,109,"(67, 7)",1,-0.08
245,110,"(68, 7)",1,-0.08
245,111,"(69, 7)",1,-0.08
245,112,"(70, 7)",1,-0.08
245,113,"(71, 7)",1,-0.08
245,114,"(72, 7)",0,-0.08
245,115,"(72, 6)",0,-0.08
245,116,"(72, 5)",1,-0.08
245,117,"(73, 5)",1,-0.08
245,118,"(74, 5)",0,-0.08
245,119,"(74, 4)",1,-0.08
245,120,"(75, 4)",0,-0.08
245,121,"(75, 3)",1,-0.08
245,122,"(76, 3)",0,-0.08
245,123,"(76, 2)",1,-0.08
245,124,"(77, 2)",0,-0.08
245,125,"(77, 1)",1,-0.08
245,126,"(78, 1)",1,-0.08
245,127,"(79, 1)",0,8.33
246,0,"(0, 39)",0,-0.08
246,1,"(0, 38)",1,-0.08
246,2,"(1, 38)",0,-0.08
246,3,"(1, 37)",0,-8.33
246,4,"(1, 37)",3,-0.08
246,5,"(0, 37)",0,-0.08
246,6,"(0, 36)",0,-0.08
246,7,"(0, 35)",1,-0.08
246,8,"(1, 35)",0,-0.08
246,9,"(1, 34)",0,-0.08
246,10,"(1, 33)",0,-0.08
246,11,"(1, 32)",0,-0.08
246,12,"(1, 31)",0,-0.08
246,13,"(1, 30)",0,-0.08
246,14,"(1, 29)",0,-0.08
246,15,"(1, 28)",0,-0.08
246,16,"(1, 27)",0,-0.08
246,17,"(1, 26)",0,-0.08
246,18,"(1, 25)",1,-0.08
246,19,"(2, 25)",1,-0.08
246,20,"(3, 25)",1,-0.08
246,21,"(4, 25)",1,-0.08
246,22,"(5, 25)",1,-0.08
246,23,"(6, 25)",1,-0.08
246,24,"(7, 25)",1,-0.08
246,25,"(8, 25)",1,-0.08
246,26,"(9, 25)",1,-0.08
246,27,"(10, 25)",0,-0.08
246,28,"(10, 24)",1,-0.08
246,29,"(11, 24)",1,-0.08
246,30,"(12, 24)",1,-0.08
246,31,"(13, 24)",0,-0.08
246,32,"(13, 23)",1,-0.08
246,33,"(14, 23)",1,-0.08
246,34,"(15, 23)",1,-0.08
246,35,"(16, 23)",0,-0.08
246,36,"(16, 22)",1,-0.08
246,37,"(17, 22)",1,-0.08
246,38,"(18, 22)",1,-0.08
246,39,"(19, 22)",1,-0.08
246,40,"(20, 22)",1,-0.08
246,41,"(21, 22)",0,-0.08
246,42,"(21, 21)",0,-0.08
246,43,"(21, 20)",1,-0.08
246,44,"(22, 20)",0,-0.08
246,45,"(22, 19)",0,-8.33
246,46,"(22, 19)",1,-0.08
246,47,"(23, 19)",0,-0.08
246,48,"(23, 18)",0,-0.08
246,49,"(23, 17)",1,-0.08
246,50,"(24, 17)",1,-0.08
246,51,"(25, 17)",1,-0.08
246,52,"(26, 17)",1,-0.08
246,53,"(27, 17)",1,-0.08
246,54,"(28, 17)",1,-0.08
246,55,"(29, 17)",1,-0.08
246,56,"(30, 17)",1,-0.08
246,57,"(31, 17)",1,-0.08
246,58,"(32, 17)",0,-0.08
246,59,"(32, 16)",0,-0.08
246,60,"(32, 15)",0,-0.08
246,61,"(32, 14)",0,-0.08
246,62,"(32, 13)",1,-0.08
246,63,"(33, 13)",1,-0.08
246,64,"(34, 13)",1,-0.08
246,65,"(35, 13)",0,-0.08
246,66,"(35, 12)",1,-0.08
246,67,"(36, 12)",1,-0.08
246,68,"(37, 12)",1,-0.08
246,69,"(38, 12)",1,-0.08
246,70,"(39, 12)",0,-0.08
246,71,"(39, 11)",1,-0.08
246,72,"(40, 11)",1,-0.08
246,73,"(41, 11)",1,-0.08
246,74,"(42, 11)",1,-0.08
246,75,"(43, 11)",1,-0.08
246,76,"(44, 11)",1,-0.08
246,77,"(45, 11)",0,-0.08
246,78,"(45, 10)",0,-0.08
246,79,"(45, 9)",1,-0.08
246,80,"(46, 9)",0,-0.08
246,81,"(46, 8)",0,-0.08
246,82,"(46, 7)",1,-0.08
246,83,"(47, 7)",1,-0.08
246,84,"(48, 7)",1,-0.08
246,85,"(49, 7)",1,-0.08
246,86,"(50, 7)",1,-0.08
246,87,"(51, 7)",1,-0.08
246,88,"(52, 7)",1,-0.08
246,89,"(53, 7)",1,-0.08
246,90,"(54, 7)",1,-0.08
246,91,"(55, 7)",1,-0.08
246,92,"(56, 7)",1,-0.08
246,93,"(57, 7)",1,-0.08
246,94,"(58, 7)",1,-0.08
246,95,"(59, 7)",1,-0.08
246,96,"(60, 7)",1,-0.08
246,97,"(61, 7)",1,-0.08
246,98,"(62, 7)",1,-0.08
246,99,"(63, 7)",1,-0.08
246,100,"(64, 7)",1,-0.08
246,101,"(65, 7)",1,-0.08
246,102,"(66, 7)",1,-0.08
246,103,"(67, 7)",1,-0.08
246,104,"(68, 7)",1,-0.08
246,105,"(69, 7)",0,-0.08
246,106,"(69, 6)",1,-0.08
246,107,"(70, 6)",1,-0.08
246,108,"(71, 6)",1,-0.08
246,109,"(72, 6)",0,-0.08
246,110,"(72, 5)",1,-0.08
246,111,"(73, 5)",1,-0.08
246,112,"(74, 5)",0,-0.08
246,113,"(74, 4)",0,-0.08
246,114,"(74, 3)",1,-0.08
246,115,"(75, 3)",1,-0.08
246,116,"(76, 3)",1,-0.08
246,117,"(77, 3)",0,-0.08
246,118,"(77, 2)",0,-0.08
246,119,"(77, 1)",1,-0.08
246,120,"(78, 1)",0,-0.08
246,121,"(78, 0)",1,8.33
247,0,"(0, 39)",0,-0.08
247,1,"(0, 38)",0,-0.08
247,2,"(0, 37)",1,-0.08
247,3,"(1, 37)",1,-8.33
247,4,"(1, 37)",0,-8.33
247,5,"(1, 37)",3,-0.08
247,6,"(0, 37)",0,-0.08
247,7,"(0, 36)",0,-0.08
247,8,"(0, 35)",1,-0.08
247,9,"(1, 35)",1,-0.08
247,10,"(2, 35)",0,-0.08
247,11,"(2, 34)",0,-0.08
247,12,"(2, 33)",0,-0.08
247,13,"(2, 32)",0,-0.08
247,14,"(2, 31)",1,-0.08
247,15,"(3, 31)",0,-8.33
247,16,"(3, 31)",0,-8.33
247,17,"(3, 31)",2,-0.08
247,18,"(3, 32)",2,-0.08
247,19,"(3, 33)",1,-0.08
247,20,"(4, 33)",1,-0.08
247,21,"(5, 33)",1,-0.08
247,22,"(6, 33)",1,-0.08
247,23,"(7, 33)",1,-0.08
247,24,"(8, 33)",1,-0.08
247,25,"(9, 33)",1,-0.08
247,26,"(10, 33)",1,-0.08
247,27,"(11, 33)",1,-0.08
247,28,"(12, 33)",0,-0.08
247,29,"(12, 32)",0,-0.08
247,30,"(12, 31)",1,-0.08
247,31,"(13, 31)",1,-0.08
247,32,"(14, 31)",1,-0.08
247,33,"(15, 31)",1,-0.08
247,34,"(16, 31)",0,-0.08
247,35,"(16, 30)",0,-0.08
247,36,"(16, 29)",1,-0.08
247,37,"(17, 29)",1,-0.08
247,38,"(18, 29)",1,-0.08
247,39,"(19, 29)",1,-0.08
247,40,"(20, 29)",0,-0.08
247,41,"(20, 28)",1,-0.08
247,42,"(21, 28)",0,-0.08
247,43,"(21, 27)",0,-0.08
247,44,"(21, 26)",1,-0.08
247,45,"(22, 26)",0,-0.08
247,46,"(22, 25)",0,-0.08
247,47,"(22, 24)",1,-0.08
247,48,"(23, 24)",0,-0.08
247,49,"(23, 23)",1,-0.08
247,50,"(24, 23)",0,-0.08
247,51,"(24, 22)",0,-0.08
247,52,"(24, 21)",1,-0.08
247,53,"(25, 21)",1,-0.08
247,54,"(26, 21)",1,-0.08
247,55,"(27, 21)",0,-0.08
247,56,"(27, 20)",1,-0.08
247,57,"(28, 20)",0,-0.08
247,58,"(28, 19)",1,-0.08
247,59,"(29, 19)",1,-0.08
247,60,"(30, 19)",1,-0.08
247,61,"(31, 19)",1,-0.08
247,62,"(32, 19)",1,-0.08
247,63,"(33, 19)",1,-0.08
247,64,"(34, 19)",1,-0.08
247,65,"(35, 19)",1,-0.08
247,66,"(36, 19)",1,-0.08
247,67,"(37, 19)",0,-0.08
247,68,"(37, 18)",0,-0.08
247,69,"(37, 17)",1,-0.08
247,70,"(38, 17)",1,-0.08
247,71,"(39, 17)",0,-0.08
247,72,"(39, 16)",0,-0.08
247,73,"(39, 15)",1,-0.08
247,74,"(40, 15)",0,-0.08
247,75,"(40, 14)",0,-0.08
247,76,"(40, 13)",1,-0.08
247,77,"(41, 13)",1,-0.08
247,78,"(42, 13)",1,-0.08
247,79,"(43, 13)",0,-0.08
247,80,"(43, 12)",1,-0.08
247,81,"(44, 12)",1,-0.08
247,82,"(45, 12)",0,-0.08
247,83,"(45, 11)",0,-0.08
247,84,"(45, 10)",0,-0.08
247,85,"(45, 9)",1,-0.08
247,86,"(46, 9)",0,-0.08
247,87,"(46, 8)",0,-0.08
247,88,"(46, 7)",1,-0.08
247,89,"(47, 7)",1,-0.08
247,90,"(48, 7)",1,-0.08
247,91,"(49, 7)",1,-0.08
247,92,"(50, 7)",1,-0.08
247,93,"(51, 7)",1,-0.08
247,94,"(52, 7)",1,-0.08
247,95,"(53, 7)",1,-0.08
247,96,"(54, 7)",1,-0.08
247,97,"(55, 7)",1,-0.08
247,98,"(56, 7)",1,-0.08
247,99,"(57, 7)",1,-0.08
247,100,"(58, 7)",1,-0.08
247,101,"(59, 7)",1,-0.08
247,102,"(60, 7)",1,-0.08
247,103,"(61, 7)",1,-0.08
247,104,"(62, 7)",1,-0.08
247,105,"(63, 7)",1,-0.08
247,106,"(64, 7)",1,-0.08
247,107,"(65, 7)",1,-0.08
247,108,"(66, 7)",1,-0.08
247,109,"(67, 7)",1,-0.08
247,110,"(68, 7)",1,-0.08
247,111,"(69, 7)",1,-0.08
247,112,"(70, 7)",0,-0.08
247,113,"(70, 6)",1,-0.08
247,114,"(71, 6)",0,-0.08
247,115,"(71, 5)",1,-0.08
247,116,"(72, 5)",1,-0.08
247,117,"(73, 5)",1,-0.08
247,118,"(74, 5)",1,-0.08
247,119,"(75, 5)",0,-0.08
247,120,"(75, 4)",0,-0.08
247,121,"(75, 3)",1,-0.08
247,122,"(76, 3)",1,-0.08
247,123,"(77, 3)",0,-0.08
247,124,"(77, 2)",0,-0.08
247,125,"(77, 1)",0,-0.08
247,126,"(77, 0)",1,-0.08
247,127,"(78, 0)",1,8.33
248,0,"(0, 39)",0,-0.08
248,1,"(0, 38)",1,-0.08
248,2,"(1, 38)",0,-0.08
248,3,"(1, 37)",0,-8.33
248,4,"(1, 37)",3,-0.08
248,5,"(0, 37)",0,-0.08
248,6,"(0, 36)",0,-0.08
248,7,"(0, 35)",0,-0.08
248,8,"(0, 34)",0,-0.08
248,9,"(0, 33)",1,-0.08
248,10,"(1, 33)",0,-0.08
248,11,"(1, 32)",0,-0.08
248,12,"(1, 31)",1,-0.08
248,13,"(2, 31)",1,-0.08
248,14,"(3, 31)",0,-8.33
248,15,"(3, 31)",2,-0.08
248,16,"(3, 32)",2,-0.08
248,17,"(3, 33)",1,-0.08
248,18,"(4, 33)",1,-0.08
248,19,"(5, 33)",0,-0.08
248,20,"(5, 32)",0,-0.08
248,21,"(5, 31)",0,-0.08
248,22,"(5, 30)",0,-0.08
248,23,"(5, 29)",1,-0.08
248,24,"(6, 29)",1,-0.08
248,25,"(7, 29)",0,-0.08
248,26,"(7, 28)",1,-0.08
248,27,"(8, 28)",0,-0.08
248,28,"(8, 27)",1,-0.08
248,29,"(9, 27)",1,-0.08
248,30,"(10, 27)",1,-0.08
248,31,"(11, 27)",1,-0.08
248,32,"(12, 27)",1,-0.08
248,33,"(13, 27)",1,-0.08
248,34,"(14, 27)",1,-0.08
248,35,"(15, 27)",0,-0.08
248,36,"(15, 26)",0,-0.08
248,37,"(15, 25)",1,-0.08
248,38,"(16, 25)",1,-0.08
248,39,"(17, 25)",0,-0.08
248,40,"(17, 24)",0,-0.08
248,41,"(17, 23)",1,-0.08
248,42,"(18, 23)",0,-0.08
248,43,"(18, 22)",1,-0.08
248,44,"(19, 22)",0,-0.08
248,45,"(19, 21)",0,-0.08
248,46,"(19, 20)",0,-0.08
248,47,"(19, 19)",1,-0.08
248,48,"(20, 19)",1,-0.08
248,49,"(21, 19)",1,-0.08
248,50,"(22, 19)",1,-0.08
248,51,"(23, 19)",0,-0.08
248,52,"(23, 18)",0,-0.08
248,53,"(23, 17)",0,-0.08
248,54,"(23, 16)",0,-0.08
248,55,"(23, 15)",1,-0.08
248,56,"(24, 15)",1,-0.08
248,57,"(25, 15)",1,-0.08
248,58,"(26, 15)",1,-0.08
248,59,"(27, 15)",0,-0.08
248,60,"(27, 14)",0,-0.08
248,61,"(27, 13)",1,-0.08
248,62,"(28, 13)",1,-0.08
248,63,"(29, 13)",1,-0.08
248,64,"(30, 13)",1,-0.08
248,65,"(31, 13)",1,-0.08
248,66,"(32, 13)",1,-0.08
248,67,"(33, 13)",1,-0.08
248,68,"(34, 13)",1,-0.08
248,69,"(35, 13)",1,-0.08
248,70,"(36, 13)",0,-0.08
248,71,"(36, 12)",1,-0.08
248,72,"(37, 12)",1,-0.08
248,73,"(38, 12)",1,-0.08
248,74,"(39, 12)",0,-0.08
248,75,"(39, 11)",1,-0.08
248,76,"(40, 11)",1,-0.08
248,77,"(41, 11)",1,-0.08
248,78,"(42, 11)",1,-0.08
248,79,"(43, 11)",1,-0.08
248,80,"(44, 11)",1,-0.08
248,81,"(45, 11)",0,-0.08
248,82,"(45, 10)",0,-0.08
248,83,"(45, 9)",0,-0.08
248,84,"(45, 8)",1,-0.08
248,85,"(46, 8)",0,-0.08
248,86,"(46, 7)",1,-0.08
248,87,"(47, 7)",1,-0.08
248,88,"(48, 7)",1,-0.08
248,89,"(49, 7)",1,-0.08
248,90,"(50, 7)",1,-0.08
248,91,"(51, 7)",1,-0.08
248,92,"(52, 7)",1,-0.08
248,93,"(53, 7)",1,-0.08
248,94,"(54, 7)",1,-0.08
248,95,"(55, 7)",1,-0.08
248,96,"(56, 7)",1,-0.08
248,97,"(57, 7)",1,-0.08
248,98,"(58, 7)",1,-0.08
248,99,"(59, 7)",1,-0.08
248,100,"(60, 7)",1,-0.08
248,101,"(61, 7)",1,-0.08
248,102,"(62, 7)",1,-0.08
248,103,"(63, 7)",1,-0.08
248,104,"(64, 7)",1,-0.08
248,105,"(65, 7)",1,-0.08
248,106,"(66, 7)",1,-0.08
248,107,"(67, 7)",1,-0.08
248,108,"(68, 7)",1,-0.08
248,109,"(69, 7)",0,-0.08
248,110,"(69, 6)",1,-0.08
248,111,"(70, 6)",1,-0.08
248,112,"(71, 6)",1,-0.08
248,113,"(72, 6)",0,-0.08
248,114,"(72, 5)",1,-0.08
248,115,"(73, 5)",1,-0.08
248,116,"(74, 5)",0,-0.08
248,117,"(74, 4)",0,-0.08
248,118,"(74, 3)",1,-0.08
248,119,"(75, 3)",1,-0.08
248,120,"(76, 3)",0,-0.08
248,121,"(76, 2)",0,-0.08
248,122,"(76, 1)",1,-0.08
248,123,"(77, 1)",1,-0.08
248,124,"(78, 1)",0,-0.08
248,125,"(78, 0)",1,8.33
249,0,"(0, 39)",0,-0.08
249,1,"(0, 38)",0,-0.08
249,2,"(0, 37)",0,-0.08
249,3,"(0, 36)",1,-8.33
249,4,"(0, 36)",0,-0.08
249,5,"(0, 35)",1,-0.08
249,6,"(1, 35)",0,-0.08
249,7,"(1, 34)",1,-0.08
249,8,"(2, 34)",0,-0.08
249,9,"(2, 33)",1,-0.08
249,10,"(3, 33)",1,-0.08
249,11,"(4, 33)",1,-0.08
249,12,"(5, 33)",1,-0.08
249,13,"(6, 33)",1,-0.08
249,14,"(7, 33)",1,-0.08
249,15,"(8, 33)",1,-0.08
249,16,"(9, 33)",0,-0.08
249,17,"(9, 32)",0,-0.08
249,18,"(9, 31)",0,-0.08
249,19,"(9, 30)",1,-0.08
249,20,"(10, 30)",0,-0.08
249,21,"(10, 29)",0,-0.08
249,22,"(10, 28)",0,-0.08
249,23,"(10, 27)",0,-8.33
249,24,"(10, 27)",1,-0.08
249,25,"(11, 27)",1,-0.08
249,26,"(12, 27)",1,-0.08
249,27,"(13, 27)",1,-0.08
249,28,"(14, 27)",1,-0.08
249,29,"(15, 27)",1,-0.08
249,30,"(16, 27)",0,-0.08
249,31,"(16, 26)",0,-0.08
249,32,"(16, 25)",1,-0.08
249,33,"(17, 25)",0,-0.08
249,34,"(17, 24)",0,-0.08
249,35,"(17, 23)",1,-0.08
249,36,"(18, 23)",1,-0.08
249,37,"(19, 23)",0,-0.08
249,38,"(19, 22)",1,-0.08
249,39,"(20, 22)",1,-0.08
249,40,"(21, 22)",0,-0.08
249,41,"(21, 21)",0,-0.08
249,42,"(21, 20)",1,-0.08
249,43,"(22, 20)",0,-0.08
249,44,"(22, 19)",1,-0.08
249,45,"(23, 19)",0,-0.08
249,46,"(23, 18)",0,-0.08
249,47,"(23, 17)",0,-0.08
249,48,"(23, 16)",0,-0.08
249,49,"(23, 15)",1,-0.08
249,50,"(24, 15)",1,-0.08
249,51,"(25, 15)",1,-0.08
249,52,"(26, 15)",1,-0.08
249,53,"(27, 15)",0,-0.08
249,54,"(27, 14)",0,-0.08
249,55,"(27, 13)",1,-0.08
249,56,"(28, 13)",1,-0.08
249,57,"(29, 13)",1,-0.08
249,58,"(30, 13)",1,-0.08
249,59,"(31, 13)",1,-0.08
249,60,"(32, 13)",1,-0.08
249,61,"(33, 13)",1,-0.08
249,62,"(34, 13)",1,-0.08
249,63,"(35, 13)",0,-0.08
249,64,"(35, 12)",1,-0.08
249,65,"(36, 12)",1,-0.08
249,66,"(37, 12)",1,-0.08
249,67,"(38, 12)",1,-0.08
249,68,"(39, 12)",0,-0.08
249,69,"(39, 11)",1,-0.08
249,70,"(40, 11)",1,-0.08
249,71,"(41, 11)",1,-0.08
249,72,"(42, 11)",1,-0.08
249,73,"(43, 11)",1,-0.08
249,74,"(44, 11)",1,-0.08
249,75,"(45, 11)",0,-0.08
249,76,"(45, 10)",0,-0.08
249,77,"(45, 9)",1,-0.08
249,78,"(46, 9)",0,-0.08
249,79,"(46, 8)",0,-0.08
249,80,"(46, 7)",1,-0.08
249,81,"(47, 7)",1,-0.08
249,82,"(48, 7)",1,-0.08
249,83,"(49, 7)",1,-0.08
249,84,"(50, 7)",1,-0.08
249,85,"(51, 7)",1,-0.08
249,86,"(52, 7)",1,-0.08
249,87,"(53, 7)",1,-0.08
249,88,"(54, 7)",1,-0.08
249,89,"(55, 7)",1,-0.08
249,90,"(56, 7)",1,-0.08
249,91,"(57, 7)",1,-0.08
249,92,"(58, 7)",1,-0.08
249,93,"(59, 7)",1,-0.08
249,94,"(60, 7)",1,-0.08
249,95,"(61, 7)",1,-0.08
249,96,"(62, 7)",1,-0.08
249,97,"(63, 7)",1,-0.08
249,98,"(64, 7)",1,-0.08
249,99,"(65, 7)",1,-0.08
249,100,"(66, 7)",1,-0.08
249,101,"(67, 7)",1,-0.08
249,102,"(68, 7)",1,-0.08
249,103,"(69, 7)",1,-0.08
249,104,"(70, 7)",0,-0.08
249,105,"(70, 6)",1,-0.08
249,106,"(71, 6)",1,-0.08
249,107,"(72, 6)",0,-0.08
249,108,"(72, 5)",1,-0.08
249,109,"(73, 5)",1,-0.08
249,110,"(74, 5)",0,-0.08
249,111,"(74, 4)",0,-0.08
249,112,"(74, 3)",1,-0.08
249,113,"(75, 3)",1,-0.08
249,114,"(76, 3)",0,-0.08
249,115,"(76, 2)",0,-0.08
249,116,"(76, 1)",0,-0.08
249,117,"(76, 0)",1,-0.08
249,118,"(77, 0)",1,-0.08
249,119,"(78, 0)",1,8.33
250,0,"(0, 39)",1,-0.08
250,1,"(1, 39)",0,-0.08
250,2,"(1, 38)",0,-0.08
250,3,"(1, 37)",1,-8.33
250,4,"(1, 37)",0,-8.33
250,5,"(1, 37)",3,-0.08
250,6,"(0, 37)",0,-0.08
250,7,"(0, 36)",0,-0.08
250,8,"(0, 35)",1,-0.08
250,9,"(1, 35)",0,-0.08
250,10,"(1, 34)",0,-0.08
250,11,"(1, 33)",0,-0.08
250,12,"(1, 32)",1,-0.08
250,13,"(2, 32)",0,-0.08
250,14,"(2, 31)",1,-0.08
250,15,"(3, 31)",0,-8.33
250,16,"(3, 31)",0,-8.33
250,17,"(3, 31)",3,-0.08
250,18,"(2, 31)",3,-0.08
250,19,"(1, 31)",0,-0.08
250,20,"(1, 30)",0,-0.08
250,21,"(1, 29)",0,-0.08
250,22,"(1, 28)",0,-0.08
250,23,"(1, 27)",0,-0.08
250,24,"(1, 26)",0,-0.08
250,25,"(1, 25)",1,-0.08
250,26,"(2, 25)",1,-0.08
250,27,"(3, 25)",1,-0.08
250,28,"(4, 25)",1,-0.08
250,29,"(5, 25)",1,-0.08
250,30,"(6, 25)",1,-0.08
250,31,"(7, 25)",1,-0.08
250,32,"(8, 25)",1,-0.08
250,33,"(9, 25)",0,-0.08
250,34,"(9, 24)",1,-0.08
250,35,"(10, 24)",1,-0.08
250,36,"(11, 24)",1,-0.08
250,37,"(12, 24)",1,-0.08
250,38,"(13, 24)",0,-0.08
250,39,"(13, 23)",1,-0.08
250,40,"(14, 23)",1,-0.08
250,41,"(15, 23)",1,-0.08
250,42,"(16, 23)",1,-0.08
250,43,"(17, 23)",1,-0.08
250,44,"(18, 23)",1,-0.08
250,45,"(19, 23)",1,-0.08
250,46,"(20, 23)",1,-0.08
250,47,"(21, 23)",1,-0.08
250,48,"(22, 23)",1,-0.08
250,49,"(23, 23)",1,-0.08
250,50,"(24, 23)",1,-0.08
250,51,"(25, 23)",0,-0.08
250,52,"(25, 22)",0,-0.08
250,53,"(25, 21)",0,-0.08
250,54,"(25, 20)",0,-0.08
250,55,"(25, 19)",0,-0.08
250,56,"(25, 18)",0,-0.08
250,57,"(25, 17)",1,-0.08
250,58,"(26, 17)",1,-0.08
250,59,"(27, 17)",0,-0.08
250,60,"(27, 16)",0,-0.08
250,61,"(27, 15)",0,-0.08
250,62,"(27, 14)",0,-0.08
250,63,"(27, 13)",1,-0.08
250,64,"(28, 13)",1,-0.08
250,65,"(29, 13)",1,-0.08
250,66,"(30, 13)",1,-0.08
250,67,"(31, 13)",1,-0.08
250,68,"(32, 13)",1,-0.08
250,69,"(33, 13)",1,-0.08
250,70,"(34, 13)",1,-0.08
250,71,"(35, 13)",0,-0.08
250,72,"(35, 12)",1,-0.08
250,73,"(36, 12)",1,-0.08
250,74,"(37, 12)",1,-0.08
250,75,"(38, 12)",1,-0.08
250,76,"(39, 12)",0,-0.08
250,77,"(39, 11)",1,-0.08
250,78,"(40, 11)",1,-0.08
250,79,"(41, 11)",1,-0.08
250,80,"(42, 11)",1,-0.08
250,81,"(43, 11)",1,-0.08
250,82,"(44, 11)",1,-0.08
250,83,"(45, 11)",0,-0.08
250,84,"(45, 10)",1,-0.08
250,85,"(46, 10)",1,-0.08
250,86,"(47, 10)",1,-0.08
250,87,"(48, 10)",1,-0.08
250,88,"(49, 10)",1,-0.08
250,89,"(50, 10)",0,-0.08
250,90,"(50, 9)",0,-0.08
250,91,"(50, 8)",0,-0.08
250,92,"(50, 7)",1,-0.08
250,93,"(51, 7)",1,-0.08
250,94,"(52, 7)",1,-0.08
250,95,"(53, 7)",1,-0.08
250,96,"(54, 7)",1,-0.08
250,97,"(55, 7)",1,-0.08
250,98,"(56, 7)",1,-0.08
250,99,"(57, 7)",1,-0.08
250,100,"(58, 7)",1,-0.08
250,101,"(59, 7)",1,-0.08
250,102,"(60, 7)",1,-0.08
250,103,"(61, 7)",1,-0.08
250,104,"(62, 7)",1,-0.08
250,105,"(63, 7)",1,-0.08
250,106,"(64, 7)",1,-0.08
250,107,"(65, 7)",1,-0.08
250,108,"(66, 7)",1,-0.08
250,109,"(67, 7)",1,-0.08
250,110,"(68, 7)",1,-0.08
250,111,"(69, 7)",1,-0.08
250,112,"(70, 7)",0,-0.08
250,113,"(70, 6)",1,-0.08
250,114,"(71, 6)",0,-0.08
250,115,"(71, 5)",1,-0.08
250,116,"(72, 5)",1,-0.08
250,117,"(73, 5)",1,-0.08
250,118,"(74, 5)",1,-0.08
250,119,"(75, 5)",0,-0.08
250,120,"(75, 4)",0,-0.08
250,121,"(75, 3)",1,-0.08
250,122,"(76, 3)",1,-0.08
250,123,"(77, 3)",0,-0.08
250,124,"(77, 2)",0,-0.08
250,125,"(77, 1)",0,-0.08
250,126,"(77, 0)",1,-0.08
250,127,"(78, 0)",1,8.33
251,0,"(0, 39)",1,-0.08
251,1,"(1, 39)",1,-0.08
251,2,"(2, 39)",0,-8.33
251,3,"(2, 39)",1,-0.08
251,4,"(3, 39)",1,-0.08
251,5,"(4, 39)",1,-0.08
251,6,"(5, 39)",0,-8.33
251,7,"(5, 39)",1,-0.08
251,8,"(6, 39)",1,-0.08
251,9,"(7, 39)",0,-0.08
251,10,"(7, 38)",0,-0.08
251,11,"(7, 37)",0,-0.08
251,12,"(7, 36)",0,-0.08
251,13,"(7, 35)",0,-0.08
251,14,"(7, 34)",0,-0.08
251,15,"(7, 33)",1,-0.08
251,16,"(8, 33)",1,-0.08
251,17,"(9, 33)",0,-0.08
251,18,"(9, 32)",0,-0.08
251,19,"(9, 31)",0,-0.08
251,20,"(9, 30)",1,-0.08
251,21,"(10, 30)",0,-0.08
251,22,"(10, 29)",0,-0.08
251,23,"(10, 28)",0,-0.08
251,24,"(10, 27)",1,-0.08
251,25,"(11, 27)",1,-0.08
251,26,"(12, 27)",1,-0.08
251,27,"(13, 27)",1,-0.08
251,28,"(14, 27)",1,-0.08
251,29,"(15, 27)",0,-0.08
251,30,"(15, 26)",1,-0.08
251,31,"(16, 26)",1,-0.08
251,32,"(17, 26)",0,-0.08
251,33,"(17, 25)",0,-0.08
251,34,"(17, 24)",0,-0.08
251,35,"(17, 23)",0,-0.08
251,36,"(17, 22)",1,-0.08
251,37,"(18, 22)",1,-0.08
251,38,"(19, 22)",0,-0.08
251,39,"(19, 21)",0,-0.08
251,40,"(19, 20)",0,-0.08
251,41,"(19, 19)",1,-0.08
251,42,"(20, 19)",1,-0.08
251,43,"(21, 19)",1,-0.08
251,44,"(22, 19)",1,-0.08
251,45,"(23, 19)",0,-0.08
251,46,"(23, 18)",0,-0.08
251,47,"(23, 17)",0,-0.08
251,48,"(23, 16)",0,-0.08
251,49,"(23, 15)",1,-0.08
251,50,"(24, 15)",1,-0.08
251,51,"(25, 15)",1,-0.08
251,52,"(26, 15)",1,-0.08
251,53,"(27, 15)",0,-0.08
251,54,"(27, 14)",0,-0.08
251,55,"(27, 13)",1,-0.08
251,56,"(28, 13)",1,-0.08
251,57,"(29, 13)",1,-0.08
251,58,"(30, 13)",1,-0.08
251,59,"(31, 13)",1,-0.08
251,60,"(32, 13)",1,-0.08
251,61,"(33, 13)",1,-0.08
251,62,"(34, 13)",1,-0.08
251,63,"(35, 13)",1,-0.08
251,64,"(36, 13)",1,-0.08
251,65,"(37, 13)",1,-0.08
251,66,"(38, 13)",0,-0.08
251,67,"(38, 12)",1,-0.08
251,68,"(39, 12)",0,-0.08
251,69,"(39, 11)",1,-0.08
251,70,"(40, 11)",1,-0.08
251,71,"(41, 11)",1,-0.08
251,72,"(42, 11)",1,-0.08
251,73,"(43, 11)",1,-0.08
251,74,"(44, 11)",1,-0.08
251,75,"(45, 11)",0,-0.08
251,76,"(45, 10)",0,-0.08
251,77,"(45, 9)",1,-0.08
251,78,"(46, 9)",0,-0.08
251,79,"(46, 8)",0,-0.08
251,80,"(46, 7)",1,-0.08
251,81,"(47, 7)",1,-0.08
251,82,"(48, 7)",1,-0.08
251,83,"(49, 7)",1,-0.08
251,84,"(50, 7)",1,-0.08
251,85,"(51, 7)",1,-0.08
251,86,"(52, 7)",1,-0.08
251,87,"(53, 7)",1,-0.08
251,88,"(54, 7)",1,-0.08
251,89,"(55, 7)",1,-0.08
251,90,"(56, 7)",1,-0.08
251,91,"(57, 7)",1,-0.08
251,92,"(58, 7)",1,-0.08
251,93,"(59, 7)",1,-0.08
251,94,"(60, 7)",1,-0.08
251,95,"(61, 7)",1,-0.08
251,96,"(62, 7)",1,-0.08
251,97,"(63, 7)",1,-0.08
251,98,"(64, 7)",1,-0.08
251,99,"(65, 7)",1,-0.08
251,100,"(66, 7)",1,-0.08
251,101,"(67, 7)",1,-0.08
251,102,"(68, 7)",1,-0.08
251,103,"(69, 7)",0,-0.08
251,104,"(69, 6)",1,-0.08
251,105,"(70, 6)",1,-0.08
251,106,"(71, 6)",0,-0.08
251,107,"(71, 5)",1,-0.08
251,108,"(72, 5)",1,-0.08
251,109,"(73, 5)",1,-0.08
251,110,"(74, 5)",0,-0.08
251,111,"(74, 4)",1,-0.08
251,112,"(75, 4)",0,-0.08
251,113,"(75, 3)",1,-0.08
251,114,"(76, 3)",1,-0.08
251,115,"(77, 3)",0,-0.08
251,116,"(77, 2)",0,-0.08
251,117,"(77, 1)",1,-0.08
251,118,"(78, 1)",0,-0.08
251,119,"(78, 0)",1,8.33
252,0,"(0, 39)",0,-0.08
252,1,"(0, 38)",0,-0.08
252,2,"(0, 37)",0,-0.08
252,3,"(0, 36)",1,-8.33
252,4,"(0, 36)",0,-0.08
252,5,"(0, 35)",0,-0.08
252,6,"(0, 34)",1,-0.08
252,7,"(1, 34)",1,-0.08
252,8,"(2, 34)",0,-0.08
252,9,"(2, 33)",1,-0.08
252,10,"(3, 33)",0,-0.08
252,11,"(3, 32)",0,-0.08
252,12,"(3, 31)",0,-8.33
252,13,"(3, 31)",3,-0.08
252,14,"(2, 31)",3,-0.08
252,15,"(1, 31)",0,-0.08
252,16,"(1, 30)",0,-0.08
252,17,"(1, 29)",1,-0.08
252,18,"(2, 29)",1,-0.08
252,19,"(3, 29)",1,-0.08
252,20,"(4, 29)",1,-0.08
252,21,"(5, 29)",1,-0.08
252,22,"(6, 29)",1,-0.08
252,23,"(7, 29)",0,-0.08
252,24,"(7, 28)",1,-0.08
252,25,"(8, 28)",0,-0.08
252,26,"(8, 27)",1,-0.08
252,27,"(9, 27)",1,-0.08
252,28,"(10, 27)",1,-0.08
252,29,"(11, 27)",1,-0.08
252,30,"(12, 27)",1,-0.08
252,31,"(13, 27)",1,-0.08
252,32,"(14, 27)",1,-0.08
252,33,"(15, 27)",1,-0.08
252,34,"(16, 27)",0,-0.08
252,35,"(16, 26)",1,-0.08
252,36,"(17, 26)",0,-0.08
252,37,"(17, 25)",0,-0.08
252,38,"(17, 24)",0,-0.08
252,39,"(17, 23)",0,-0.08
252,40,"(17, 22)",1,-0.08
252,41,"(18, 22)",1,-0.08
252,42,"(19, 22)",0,-0.08
252,43,"(19, 21)",0,-0.08
252,44,"(19, 20)",0,-0.08
252,45,"(19, 19)",1,-0.08
252,46,"(20, 19)",1,-0.08
252,47,"(21, 19)",1,-0.08
252,48,"(22, 19)",1,-0.08
252,49,"(23, 19)",0,-0.08
252,50,"(23, 18)",0,-0.08
252,51,"(23, 17)",1,-0.08
252,52,"(24, 17)",1,-0.08
252,53,"(25, 17)",1,-0.08
252,54,"(26, 17)",1,-0.08
252,55,"(27, 17)",1,-0.08
252,56,"(28, 17)",0,-0.08
252,57,"(28, 16)",0,-0.08
252,58,"(28, 15)",1,-0.08
252,59,"(29, 15)",0,-0.08
252,60,"(29, 14)",0,-0.08
252,61,"(29, 13)",1,-0.08
252,62,"(30, 13)",1,-0.08
252,63,"(31, 13)",1,-0.08
252,64,"(32, 13)",1,-0.08
252,65,"(33, 13)",1,-0.08
252,66,"(34, 13)",1,-0.08
252,67,"(35, 13)",0,-0.08
252,68,"(35, 12)",1,-0.08
252,69,"(36, 12)",1,-0.08
252,70,"(37, 12)",1,-0.08
252,71,"(38, 12)",1,-0.08
252,72,"(39, 12)",0,-0.08
252,73,"(39, 11)",1,-0.08
252,74,"(40, 11)",1,-0.08
252,75,"(41, 11)",1,-0.08
252,76,"(42, 11)",1,-0.08
252,77,"(43, 11)",1,-0.08
252,78,"(44, 11)",1,-0.08
252,79,"(45, 11)",0,-0.08
252,80,"(45, 10)",1,-0.08
252,81,"(46, 10)",0,-0.08
252,82,"(46, 9)",0,-0.08
252,83,"(46, 8)",0,-0.08
252,84,"(46, 7)",1,-0.08
252,85,"(47, 7)",1,-0.08
252,86,"(48, 7)",1,-0.08
252,87,"(49, 7)",1,-0.08
252,88,"(50, 7)",1,-0.08
252,89,"(51, 7)",1,-0.08
252,90,"(52, 7)",1,-0.08
252,91,"(53, 7)",1,-0.08
252,92,"(54, 7)",1,-0.08
252,93,"(55, 7)",1,-0.08
252,94,"(56, 7)",1,-0.08
252,95,"(57, 7)",1,-0.08
252,96,"(58, 7)",1,-0.08
252,97,"(59, 7)",1,-0.08
252,98,"(60, 7)",1,-0.08
252,99,"(61, 7)",1,-0.08
252,100,"(62, 7)",1,-0.08
252,101,"(63, 7)",1,-0.08
252,102,"(64, 7)",1,-0.08
252,103,"(65, 7)",1,-0.08
252,104,"(66, 7)",1,-0.08
252,105,"(67, 7)",1,-0.08
252,106,"(68, 7)",1,-0.08
252,107,"(69, 7)",0,-0.08
252,108,"(69, 6)",1,-0.08
252,109,"(70, 6)",1,-0.08
252,110,"(71, 6)",0,-0.08
252,111,"(71, 5)",1,-0.08
252,112,"(72, 5)",1,-0.08
252,113,"(73, 5)",1,-0.08
252,114,"(74, 5)",0,-0.08
252,115,"(74, 4)",1,-0.08
252,116,"(75, 4)",0,-0.08
252,117,"(75, 3)",1,-0.08
252,118,"(76, 3)",0,-0.08
252,119,"(76, 2)",0,-0.08
252,120,"(76, 1)",0,-0.08
252,121,"(76, 0)",1,-0.08
252,122,"(77, 0)",1,-0.08
252,123,"(78, 0)",1,8.33
253,0,"(0, 39)",0,-0.08
253,1,"(0, 38)",0,-0.08
253,2,"(0, 37)",0,-0.08
253,3,"(0, 36)",1,-8.33
253,4,"(0, 36)",0,-0.08
253,5,"(0, 35)",0,-0.08
253,6,"(0, 34)",0,-0.08
253,7,"(0, 33)",1,-0.08
253,8,"(1, 33)",1,-0.08
253,9,"(2, 33)",0,-0.08
253,10,"(2, 32)",0,-0.08
253,11,"(2, 31)",1,-0.08
253,12,"(3, 31)",0,-8.33
253,13,"(3, 31)",0,-8.33
253,14,"(3, 31)",2,-0.08
253,15,"(3, 32)",2,-0.08
253,16,"(3, 33)",1,-0.08
253,17,"(4, 33)",1,-0.08
253,18,"(5, 33)",0,-0.08
253,19,"(5, 32)",0,-0.08
253,20,"(5, 31)",1,-0.08
253,21,"(6, 31)",1,-0.08
253,22,"(7, 31)",1,-0.08
253,23,"(8, 31)",0,-0.08
253,24,"(8, 30)",0,-0.08
253,25,"(8, 29)",0,-0.08
253,26,"(8, 28)",0,-0.08
253,27,"(8, 27)",1,-0.08
253,28,"(9, 27)",1,-0.08
253,29,"(10, 27)",1,-0.08
253,30,"(11, 27)",1,-0.08
253,31,"(12, 27)",0,-0.08
253,32,"(12, 26)",1,-0.08
253,33,"(13, 26)",0,-0.08
253,34,"(13, 25)",0,-0.08
253,35,"(13, 24)",0,-0.08
253,36,"(13, 23)",1,-0.08
253,37,"(14, 23)",1,-0.08
253,38,"(15, 23)",1,-0.08
253,39,"(16, 23)",0,-0.08
253,40,"(16, 22)",1,-0.08
253,41,"(17, 22)",1,-0.08
253,42,"(18, 22)",1,-0.08
253,43,"(19, 22)",0,-0.08
253,44,"(19, 21)",0,-0.08
253,45,"(19, 20)",0,-0.08
253,46,"(19, 19)",1,-0.08
253,47,"(20, 19)",1,-0.08
253,48,"(21, 19)",1,-0.08
253,49,"(22, 19)",1,-0.08
253,50,"(23, 19)",0,-0.08
253,51,"(23, 18)",0,-0.08
253,52,"(23, 17)",0,-0.08
253,53,"(23, 16)",0,-0.08
253,54,"(23, 15)",1,-0.08
253,55,"(24, 15)",1,-0.08
253,56,"(25, 15)",1,-0.08
253,57,"(26, 15)",1,-0.08
253,58,"(27, 15)",1,-0.08
253,59,"(28, 15)",1,-0.08
253,60,"(29, 15)",0,-0.08
253,61,"(29, 14)",0,-0.08
253,62,"(29, 13)",1,-0.08
253,63,"(30, 13)",1,-0.08
253,64,"(31, 13)",1,-0.08
253,65,"(32, 13)",1,-0.08
253,66,"(33, 13)",1,-0.08
253,67,"(34, 13)",1,-0.08
253,68,"(35, 13)",1,-0.08
253,69,"(36, 13)",0,-0.08
253,70,"(36, 12)",1,-0.08
253,71,"(37, 12)",1,-0.08
253,72,"(38, 12)",1,-0.08
253,73,"(39, 12)",0,-0.08
253,74,"(39, 11)",1,-0.08
253,75,"(40, 11)",1,-0.08
253,76,"(41, 11)",1,-0.08
253,77,"(42, 11)",1,-0.08
253,78,"(43, 11)",1,-0.08
253,79,"(44, 11)",1,-0.08
253,80,"(45, 11)",0,-0.08
253,81,"(45, 10)",0,-0.08
253,82,"(45, 9)",0,-0.08
253,83,"(45, 8)",0,-0.08
253,84,"(45, 7)",1,-0.08
253,85,"(46, 7)",1,-0.08
253,86,"(47, 7)",1,-0.08
253,87,"(48, 7)",1,-0.08
253,88,"(49, 7)",1,-0.08
253,89,"(50, 7)",1,-0.08
253,90,"(51, 7)",1,-0.08
253,91,"(52, 7)",1,-0.08
253,92,"(53, 7)",1,-0.08
253,93,"(54, 7)",1,-0.08
253,94,"(55, 7)",1,-0.08
253,95,"(56, 7)",1,-0.08
253,96,"(57, 7)",1,-0.08
253,97,"(58, 7)",1,-0.08
253,98,"(59, 7)",1,-0.08
253,99,"(60, 7)",1,-0.08
253,100,"(61, 7)",1,-0.08
253,101,"(62, 7)",1,-0.08
253,102,"(63, 7)",1,-0.08
253,103,"(64, 7)",1,-0.08
253,104,"(65, 7)",1,-0.08
253,105,"(66, 7)",1,-0.08
253,106,"(67, 7)",1,-0.08
253,107,"(68, 7)",1,-0.08
253,108,"(69, 7)",1,-0.08
253,109,"(70, 7)",0,-0.08
253,110,"(70, 6)",1,-0.08
253,111,"(71, 6)",0,-0.08
253,112,"(71, 5)",1,-0.08
253,113,"(72, 5)",1,-0.08
253,114,"(73, 5)",1,-0.08
253,115,"(74, 5)",0,-0.08
253,116,"(74, 4)",0,-0.08
253,117,"(74, 3)",1,-0.08
253,118,"(75, 3)",1,-0.08
253,119,"(76, 3)",1,-0.08
253,120,"(77, 3)",0,-0.08
253,121,"(77, 2)",0,-0.08
253,122,"(77, 1)",1,-0.08
253,123,"(78, 1)",0,-0.08
253,124,"(78, 0)",1,8.33
254,0,"(0, 39)",1,-0.08
254,1,"(1, 39)",0,-0.08
254,2,"(1, 38)",1,-8.33
254,3,"(1, 38)",0,-0.08
254,4,"(1, 37)",0,-8.33
254,5,"(1, 37)",3,-0.08
254,6,"(0, 37)",0,-0.08
254,7,"(0, 36)",0,-0.08
254,8,"(0, 35)",0,-0.08
254,9,"(0, 34)",0,-0.08
254,10,"(0, 33)",1,-0.08
254,11,"(1, 33)",0,-0.08
254,12,"(1, 32)",1,-0.08
254,13,"(2, 32)",0,-0.08
254,14,"(2, 31)",1,-0.08
254,15,"(3, 31)",0,-8.33
254,16,"(3, 31)",0,-8.33
254,17,"(3, 31)",2,-0.08
254,18,"(3, 32)",2,-0.08
254,19,"(3, 33)",1,-0.08
254,20,"(4, 33)",1,-0.08
254,21,"(5, 33)",1,-0.08
254,22,"(6, 33)",1,-0.08
254,23,"(7, 33)",1,-0.08
254,24,"(8, 33)",1,-0.08
254,25,"(9, 33)",1,-0.08
254,26,"(10, 33)",1,-0.08
254,27,"(11, 33)",1,-0.08
254,28,"(12, 33)",1,-0.08
254,29,"(13, 33)",1,-0.08
254,30,"(14, 33)",1,-0.08
254,31,"(15, 33)",1,-0.08
254,32,"(16, 33)",1,-0.08
254,33,"(17, 33)",1,-0.08
254,34,"(18, 33)",1,-0.08
254,35,"(19, 33)",0,-0.08
254,36,"(19, 32)",0,-0.08
254,37,"(19, 31)",0,-0.08
254,38,"(19, 30)",0,-0.08
254,39,"(19, 29)",1,-0.08
254,40,"(20, 29)",1,-0.08
254,41,"(21, 29)",0,-0.08
254,42,"(21, 28)",0,-0.08
254,43,"(21, 27)",0,-0.08
254,44,"(21, 26)",1,-0.08
254,45,"(22, 26)",1,-0.08
254,46,"(23, 26)",0,-0.08
254,47,"(23, 25)",1,-0.08
254,48,"(24, 25)",1,-0.08
254,49,"(25, 25)",1,-0.08
254,50,"(26, 25)",1,-0.08
254,51,"(27, 25)",1,-0.08
254,52,"(28, 25)",1,-0.08
254,53,"(29, 25)",1,-0.08
254,54,"(30, 25)",1,-0.08
254,55,"(31, 25)",1,-0.08
254,56,"(32, 25)",0,-0.08
254,57,"(32, 24)",0,-0.08
254,58,"(32, 23)",1,-0.08
254,59,"(33, 23)",0,-0.08
254,60,"(33, 22)",0,-0.08
254,61,"(33, 21)",1,-0.08
254,62,"(34, 21)",1,-0.08
254,63,"(35, 21)",1,-0.08
254,64,"(36, 21)",0,-0.08
254,65,"(36, 20)",0,-0.08
254,66,"(36, 19)",1,-0.08
254,67,"(37, 19)",1,-0.08
254,68,"(38, 19)",1,-0.08
254,69,"(39, 19)",0,-0.08
254,70,"(39, 18)",0,-0.08
254,71,"(39, 17)",0,-0.08
254,72,"(39, 16)",1,-0.08
254,73,"(40, 16)",1,-0.08
254,74,"(41, 16)",0,-0.08
254,75,"(41, 15)",0,-0.08
254,76,"(41, 14)",0,-0.08
254,77,"(41, 13)",0,-0.08
254,78,"(41, 12)",0,-0.08
254,79,"(41, 11)",1,-0.08
254,80,"(42, 11)",1,-0.08
254,81,"(43, 11)",1,-0.08
254,82,"(44, 11)",1,-0.08
254,83,"(45, 11)",0,-0.08
254,84,"(45, 10)",0,-0.08
254,85,"(45, 9)",1,-0.08
254,86,"(46, 9)",0,-0.08
254,87,"(46, 8)",0,-0.08
254,88,"(46, 7)",1,-0.08
254,89,"(47, 7)",1,-0.08
254,90,"(48, 7)",1,-0.08
254,91,"(49, 7)",1,-0.08
254,92,"(50, 7)",1,-0.08
254,93,"(51, 7)",1,-0.08
254,94,"(52, 7)",1,-0.08
254,95,"(53, 7)",1,-0.08
254,96,"(54, 7)",1,-0.08
254,97,"(55, 7)",1,-0.08
254,98,"(56, 7)",1,-0.08
254,99,"(57, 7)",1,-0.08
254,100,"(58, 7)",1,-0.08
254,101,"(59, 7)",1,-0.08
254,102,"(60, 7)",1,-0.08
254,103,"(61, 7)",1,-0.08
254,104,"(62, 7)",1,-0.08
254,105,"(63, 7)",1,-0.08
254,106,"(64, 7)",1,-0.08
254,107,"(65, 7)",1,-0.08
254,108,"(66, 7)",1,-0.08
254,109,"(67, 7)",1,-0.08
254,110,"(68, 7)",1,-0.08
254,111,"(69, 7)",0,-0.08
254,112,"(69, 6)",1,-0.08
254,113,"(70, 6)",1,-0.08
254,114,"(71, 6)",0,-0.08
254,115,"(71, 5)",1,-0.08
254,116,"(72, 5)",1,-0.08
254,117,"(73, 5)",1,-0.08
254,118,"(74, 5)",0,-0.08
254,119,"(74, 4)",0,-0.08
254,120,"(74, 3)",1,-0.08
254,121,"(75, 3)",1,-0.08
254,122,"(76, 3)",1,-0.08
254,123,"(77, 3)",0,-0.08
254,124,"(77, 2)",0,-0.08
254,125,"(77, 1)",1,-0.08
254,126,"(78, 1)",0,-0.08
254,127,"(78, 0)",1,8.33
255,0,"(0, 39)",0,-0.08
255,1,"(0, 38)",1,-0.08
255,2,"(1, 38)",1,-8.33
255,3,"(1, 38)",0,-0.08
255,4,"(1, 37)",0,-8.33
255,5,"(1, 37)",3,-0.08
255,6,"(0, 37)",0,-0.08
255,7,"(0, 36)",0,-0.08
255,8,"(0, 35)",1,-0.08
255,9,"(1, 35)",1,-0.08
255,10,"(2, 35)",0,-0.08
255,11,"(2, 34)",0,-0.08
255,12,"(2, 33)",1,-0.08
255,13,"(3, 33)",1,-0.08
255,14,"(4, 33)",1,-0.08
255,15,"(5, 33)",1,-0.08
255,16,"(6, 33)",1,-0.08
255,17,"(7, 33)",1,-0.08
255,18,"(8, 33)",1,-0.08
255,19,"(9, 33)",1,-0.08
255,20,"(10, 33)",1,-0.08
255,21,"(11, 33)",0,-0.08
255,22,"(11, 32)",0,-0.08
255,23,"(11, 31)",1,-0.08
255,24,"(12, 31)",1,-0.08
255,25,"(13, 31)",1,-0.08
255,26,"(14, 31)",1,-0.08
255,27,"(15, 31)",1,-0.08
255,28,"(16, 31)",0,-0.08
255,29,"(16, 30)",0,-0.08
255,30,"(16, 29)",1,-0.08
255,31,"(17, 29)",1,-0.08
255,32,"(18, 29)",1,-0.08
255,33,"(19, 29)",0,-0.08
255,34,"(19, 28)",0,-0.08
255,35,"(19, 27)",0,-0.08
255,36,"(19, 26)",0,-0.08
255,37,"(19, 25)",0,-0.08
255,38,"(19, 24)",1,-0.08
255,39,"(20, 24)",0,-0.08
255,40,"(20, 23)",1,-0.08
255,41,"(21, 23)",0,-0.08
255,42,"(21, 22)",0,-0.08
255,43,"(21, 21)",1,-0.08
255,44,"(22, 21)",0,-0.08
255,45,"(22, 20)",1,-0.08
255,46,"(23, 20)",0,-0.08
255,47,"(23, 19)",0,-0.08
255,48,"(23, 18)",0,-0.08
255,49,"(23, 17)",1,-0.08
255,50,"(24, 17)",1,-0.08
255,51,"(25, 17)",1,-0.08
255,52,"(26, 17)",1,-0.08
255,53,"(27, 17)",1,-0.08
255,54,"(28, 17)",0,-0.08
255,55,"(28, 16)",0,-0.08
255,56,"(28, 15)",1,-0.08
255,57,"(29, 15)",0,-0.08
255,58,"(29, 14)",0,-0.08
255,59,"(29, 13)",1,-0.08
255,60,"(30, 13)",1,-0.08
255,61,"(31, 13)",1,-0.08
255,62,"(32, 13)",1,-0.08
255,63,"(33, 13)",1,-0.08
255,64,"(34, 13)",1,-0.08
255,65,"(35, 13)",1,-0.08
255,66,"(36, 13)",0,-0.08
255,67,"(36, 12)",1,-0.08
255,68,"(37, 12)",1,-0.08
255,69,"(38, 12)",1,-0.08
255,70,"(39, 12)",0,-0.08
255,71,"(39, 11)",1,-0.08
255,72,"(40, 11)",1,-0.08
255,73,"(41, 11)",1,-0.08
255,74,"(42, 11)",1,-0.08
255,75,"(43, 11)",1,-0.08
255,76,"(44, 11)",1,-0.08
255,77,"(45, 11)",0,-0.08
255,78,"(45, 10)",1,-0.08
255,79,"(46, 10)",1,-0.08
255,80,"(47, 10)",1,-0.08
255,81,"(48, 10)",1,-0.08
255,82,"(49, 10)",1,-0.08
255,83,"(50, 10)",0,-0.08
255,84,"(50, 9)",1,-0.08
255,85,"(51, 9)",1,-0.08
255,86,"(52, 9)",1,-0.08
255,87,"(53, 9)",1,-0.08
255,88,"(54, 9)",1,-0.08
255,89,"(55, 9)",1,-0.08
255,90,"(56, 9)",1,-0.08
255,91,"(57, 9)",1,-0.08
255,92,"(58, 9)",0,-0.08
255,93,"(58, 8)",0,-0.08
255,94,"(58, 7)",1,-0.08
255,95,"(59, 7)",1,-0.08
255,96,"(60, 7)",1,-0.08
255,97,"(61, 7)",1,-0.08
255,98,"(62, 7)",1,-0.08
255,99,"(63, 7)",1,-0.08
255,100,"(64, 7)",1,-0.08
255,101,"(65, 7)",1,-0.08
255,102,"(66, 7)",1,-0.08
255,103,"(67, 7)",1,-0.08
255,104,"(68, 7)",1,-0.08
255,105,"(69, 7)",0,-0.08
255,106,"(69, 6)",1,-0.08
255,107,"(70, 6)",1,-0.08
255,108,"(71, 6)",0,-0.08
255,109,"(71, 5)",1,-0.08
255,110,"(72, 5)",1,-0.08
255,111,"(73, 5)",1,-0.08
255,112,"(74, 5)",1,-0.08
255,113,"(75, 5)",1,-0.08
255,114,"(76, 5)",1,-0.08
255,115,"(77, 5)",0,-0.08
255,116,"(77, 4)",0,-0.08
255,117,"(77, 3)",0,-0.08
255,118,"(77, 2)",0,-0.08
255,119,"(77, 1)",1,-0.08
255,120,"(78, 1)",1,-0.08
255,121,"(79, 1)",0,8.33
256,0,"(0, 39)",0,-0.08
256,1,"(0, 38)",1,-0.08
256,2,"(1, 38)",0,-0.08
256,3,"(1, 37)",0,-8.33
256,4,"(1, 37)",3,-0.08
256,5,"(0, 37)",0,-0.08
256,6,"(0, 36)",0,-0.08
256,7,"(0, 35)",1,-0.08
256,8,"(1, 35)",0,-0.08
256,9,"(1, 34)",1,-0.08
256,10,"(2, 34)",0,-0.08
256,11,"(2, 33)",0,-0.08
256,12,"(2, 32)",1,-0.08
256,13,"(3, 32)",0,-0.08
256,14,"(3, 31)",0,-8.33
256,15,"(3, 31)",0,-8.33
256,16,"(3, 31)",3,-0.08
256,17,"(2, 31)",3,-0.08
256,18,"(1, 31)",0,-0.08
256,19,"(1, 30)",0,-0.08
256,20,"(1, 29)",1,-0.08
256,21,"(2, 29)",1,-0.08
256,22,"(3, 29)",0,-0.08
256,23,"(3, 28)",0,-0.08
256,24,"(3, 27)",0,-0.08
256,25,"(3, 26)",0,-0.08
256,26,"(3, 25)",1,-0.08
256,27,"(4, 25)",1,-0.08
256,28,"(5, 25)",1,-0.08
256,29,"(6, 25)",1,-0.08
256,30,"(7, 25)",1,-0.08
256,31,"(8, 25)",1,-0.08
256,32,"(9, 25)",1,-0.08
256,33,"(10, 25)",0,-0.08
256,34,"(10, 24)",1,-0.08
256,35,"(11, 24)",1,-0.08
256,36,"(12, 24)",1,-0.08
256,37,"(13, 24)",0,-0.08
256,38,"(13, 23)",1,-0.08
256,39,"(14, 23)",1,-0.08
256,40,"(15, 23)",1,-0.08
256,41,"(16, 23)",1,-0.08
256,42,"(17, 23)",0,-0.08
256,43,"(17, 22)",1,-0.08
256,44,"(18, 22)",1,-0.08
256,45,"(19, 22)",0,-0.08
256,46,"(19, 21)",1,-0.08
256,47,"(20, 21)",1,-0.08
256,48,"(21, 21)",0,-0.08
256,49,"(21, 20)",0,-0.08
256,50,"(21, 19)",1,-0.08
256,51,"(22, 19)",1,-0.08
256,52,"(23, 19)",0,-0.08
256,53,"(23, 18)",0,-0.08
256,54,"(23, 17)",1,-0.08
256,55,"(24, 17)",1,-0.08
256,56,"(25, 17)",1,-0.08
256,57,"(26, 17)",1,-0.08
256,58,"(27, 17)",0,-0.08
256,59,"(27, 16)",1,-0.08
256,60,"(28, 16)",0,-0.08
256,61,"(28, 15)",1,-0.08
256,62,"(29, 15)",0,-0.08
256,63,"(29, 14)",0,-0.08
256,64,"(29, 13)",1,-0.08
256,65,"(30, 13)",1,-0.08
256,66,"(31, 13)",1,-0.08
256,67,"(32, 13)",1,-0.08
256,68,"(33, 13)",1,-0.08
256,69,"(34, 13)",1,-0.08
256,70,"(35, 13)",1,-0.08
256,71,"(36, 13)",1,-0.08
256,72,"(37, 13)",1,-0.08
256,73,"(38, 13)",0,-0.08
256,74,"(38, 12)",1,-0.08
256,75,"(39, 12)",0,-0.08
256,76,"(39, 11)",1,-0.08
256,77,"(40, 11)",1,-0.08
256,78,"(41, 11)",1,-0.08
256,79,"(42, 11)",1,-0.08
256,80,"(43, 11)",1,-0.08
256,81,"(44, 11)",1,-0.08
256,82,"(45, 11)",0,-0.08
256,83,"(45, 10)",1,-0.08
256,84,"(46, 10)",0,-0.08
256,85,"(46, 9)",0,-0.08
256,86,"(46, 8)",0,-0.08
256,87,"(46, 7)",1,-0.08
256,88,"(47, 7)",1,-0.08
256,89,"(48, 7)",1,-0.08
256,90,"(49, 7)",1,-0.08
256,91,"(50, 7)",1,-0.08
256,92,"(51, 7)",1,-0.08
256,93,"(52, 7)",1,-0.08
256,94,"(53, 7)",1,-0.08
256,95,"(54, 7)",1,-0.08
256,96,"(55, 7)",1,-0.08
256,97,"(56, 7)",1,-0.08
256,98,"(57, 7)",1,-0.08
256,99,"(58, 7)",1,-0.08
256,100,"(59, 7)",1,-0.08
256,101,"(60, 7)",1,-0.08
256,102,"(61, 7)",1,-0.08
256,103,"(62, 7)",1,-0.08
256,104,"(63, 7)",1,-0.08
256,105,"(64, 7)",1,-0.08
256,106,"(65, 7)",1,-0.08
256,107,"(66, 7)",1,-0.08
256,108,"(67, 7)",1,-0.08
256,109,"(68, 7)",1,-0.08
256,110,"(69, 7)",1,-0.08
256,111,"(70, 7)",1,-0.08
256,112,"(71, 7)",1,-0.08
256,113,"(72, 7)",1,-0.08
256,114,"(73, 7)",1,-0.08
256,115,"(74, 7)",0,-0.08
256,116,"(74, 6)",0,-0.08
256,117,"(74, 5)",0,-0.08
256,118,"(74, 4)",0,-0.08
256,119,"(74, 3)",1,-0.08
256,120,"(75, 3)",1,-0.08
256,121,"(76, 3)",1,-0.08
256,122,"(77, 3)",0,-0.08
256,123,"(77, 2)",0,-0.08
256,124,"(77, 1)",0,-0.08
256,125,"(77, 0)",1,-0.08
256,126,"(78, 0)",1,8.33
257,0,"(0, 39)",0,-0.08
257,1,"(0, 38)",1,-0.08
257,2,"(1, 38)",1,-8.33
257,3,"(1, 38)",0,-0.08
257,4,"(1, 37)",0,-8.33
257,5,"(1, 37)",3,-0.08
257,6,"(0, 37)",0,-0.08
257,7,"(0, 36)",0,-0.08
257,8,"(0, 35)",0,-0.08
257,9,"(0, 34)",0,-0.08
257,10,"(0, 33)",1,-0.08
257,11,"(1, 33)",0,-0.08
257,12,"(1, 32)",1,-0.08
257,13,"(2, 32)",0,-0.08
257,14,"(2, 31)",1,-0.08
257,15,"(3, 31)",0,-8.33
257,16,"(3, 31)",0,-8.33
257,17,"(3, 31)",3,-0.08
257,18,"(2, 31)",3,-0.08
257,19,"(1, 31)",0,-0.08
257,20,"(1, 30)",0,-0.08
257,21,"(1, 29)",0,-0.08
257,22,"(1, 28)",0,-0.08
257,23,"(1, 27)",0,-0.08
257,24,"(1, 26)",0,-0.08
257,25,"(1, 25)",1,-0.08
257,26,"(2, 25)",1,-0.08
257,27,"(3, 25)",1,-0.08
257,28,"(4, 25)",1,-0.08
257,29,"(5, 25)",1,-0.08
257,30,"(6, 25)",1,-0.08
257,31,"(7, 25)",1,-0.08
257,32,"(8, 25)",1,-0.08
257,33,"(9, 25)",1,-0.08
257,34,"(10, 25)",0,-0.08
257,35,"(10, 24)",1,-0.08
257,36,"(11, 24)",1,-0.08
257,37,"(12, 24)",1,-0.08
257,38,"(13, 24)",1,-0.08
257,39,"(14, 24)",0,-0.08
257,40,"(14, 23)",1,-0.08
257,41,"(15, 23)",1,-0.08
257,42,"(16, 23)",0,-0.08
257,43,"(16, 22)",1,-0.08
257,44,"(17, 22)",1,-0.08
257,45,"(18, 22)",1,-0.08
257,46,"(19, 22)",1,-0.08
257,47,"(20, 22)",0,-0.08
257,48,"(20, 21)",1,-0.08
257,49,"(21, 21)",0,-0.08
257,50,"(21, 20)",0,-0.08
257,51,"(21, 19)",1,-0.08
257,52,"(22, 19)",1,-0.08
257,53,"(23, 19)",0,-0.08
257,54,"(23, 18)",0,-0.08
257,55,"(23, 17)",1,-0.08
257,56,"(24, 17)",1,-0.08
257,57,"(25, 17)",1,-0.08
257,58,"(26, 17)",1,-0.08
257,59,"(27, 17)",1,-0.08
257,60,"(28, 17)",1,-0.08
257,61,"(29, 17)",1,-0.08
257,62,"(30, 17)",1,-0.08
257,63,"(31, 17)",1,-0.08
257,64,"(32, 17)",1,-0.08
257,65,"(33, 17)",1,-0.08
257,66,"(34, 17)",1,-0.08
257,67,"(35, 17)",0,-0.08
257,68,"(35, 16)",1,-0.08
257,69,"(36, 16)",1,-0.08
257,70,"(37, 16)",0,-0.08
257,71,"(37, 15)",1,-0.08
257,72,"(38, 15)",0,-0.08
257,73,"(38, 14)",0,-0.08
257,74,"(38, 13)",0,-0.08
257,75,"(38, 12)",1,-0.08
257,76,"(39, 12)",0,-0.08
257,77,"(39, 11)",1,-0.08
257,78,"(40, 11)",1,-0.08
257,79,"(41, 11)",1,-0.08
257,80,"(42, 11)",1,-0.08
257,81,"(43, 11)",1,-0.08
257,82,"(44, 11)",1,-0.08
257,83,"(45, 11)",0,-0.08
257,84,"(45, 10)",0,-0.08
257,85,"(45, 9)",0,-0.08
257,86,"(45, 8)",1,-0.08
257,87,"(46, 8)",0,-0.08
257,88,"(46, 7)",1,-0.08
257,89,"(47, 7)",1,-0.08
257,90,"(48, 7)",1,-0.08
257,91,"(49, 7)",1,-0.08
257,92,"(50, 7)",1,-0.08
257,93,"(51, 7)",1,-0.08
257,94,"(52, 7)",1,-0.08
257,95,"(53, 7)",1,-0.08
257,96,"(54, 7)",1,-0.08
257,97,"(55, 7)",1,-0.08
257,98,"(56, 7)",1,-0.08
257,99,"(57, 7)",1,-0.08
257,100,"(58, 7)",1,-0.08
257,101,"(59, 7)",1,-0.08
257,102,"(60, 7)",1,-0.08
257,103,"(61, 7)",1,-0.08
257,104,"(62, 7)",1,-0.08
257,105,"(63, 7)",1,-0.08
257,106,"(64, 7)",1,-0.08
257,107,"(65, 7)",1,-0.08
257,108,"(66, 7)",1,-0.08
257,109,"(67, 7)",1,-0.08
257,110,"(68, 7)",1,-0.08
257,111,"(69, 7)",1,-0.08
257,112,"(70, 7)",0,-0.08
257,113,"(70, 6)",1,-0.08
257,114,"(71, 6)",1,-0.08
257,115,"(72, 6)",0,-0.08
257,116,"(72, 5)",1,-0.08
257,117,"(73, 5)",1,-0.08
257,118,"(74, 5)",0,-0.08
257,119,"(74, 4)",0,-0.08
257,120,"(74, 3)",1,-0.08
257,121,"(75, 3)",1,-0.08
257,122,"(76, 3)",1,-0.08
257,123,"(77, 3)",0,-0.08
257,124,"(77, 2)",0,-0.08
257,125,"(77, 1)",0,-0.08
257,126,"(77, 0)",1,-0.08
257,127,"(78, 0)",1,8.33
258,0,"(0, 39)",1,-0.08
258,1,"(1, 39)",0,-0.08
258,2,"(1, 38)",1,-8.33
258,3,"(1, 38)",0,-0.08
258,4,"(1, 37)",0,-8.33
258,5,"(1, 37)",3,-0.08
258,6,"(0, 37)",0,-0.08
258,7,"(0, 36)",0,-0.08
258,8,"(0, 35)",1,-0.08
258,9,"(1, 35)",1,-0.08
258,10,"(2, 35)",0,-0.08
258,11,"(2, 34)",0,-0.08
258,12,"(2, 33)",1,-0.08
258,13,"(3, 33)",0,-0.08
258,14,"(3, 32)",0,-0.08
258,15,"(3, 31)",0,-8.33
258,16,"(3, 31)",2,-0.08
258,17,"(3, 32)",2,-0.08
258,18,"(3, 33)",1,-0.08
258,19,"(4, 33)",1,-0.08
258,20,"(5, 33)",0,-0.08
258,21,"(5, 32)",0,-0.08
258,22,"(5, 31)",1,-0.08
258,23,"(6, 31)",1,-0.08
258,24,"(7, 31)",1,-0.08
258,25,"(8, 31)",0,-0.08
258,26,"(8, 30)",1,-0.08
258,27,"(9, 30)",1,-0.08
258,28,"(10, 30)",0,-0.08
258,29,"(10, 29)",0,-0.08
258,30,"(10, 28)",0,-0.08
258,31,"(10, 27)",1,-0.08
258,32,"(11, 27)",1,-0.08
258,33,"(12, 27)",0,-0.08
258,34,"(12, 26)",1,-0.08
258,35,"(13, 26)",0,-0.08
258,36,"(13, 25)",0,-0.08
258,37,"(13, 24)",0,-0.08
258,38,"(13, 23)",1,-0.08
258,39,"(14, 23)",1,-0.08
258,40,"(15, 23)",1,-0.08
258,41,"(16, 23)",0,-0.08
258,42,"(16, 22)",1,-0.08
258,43,"(17, 22)",1,-0.08
258,44,"(18, 22)",1,-0.08
258,45,"(19, 22)",0,-0.08
258,46,"(19, 21)",1,-0.08
258,47,"(20, 21)",0,-0.08
258,48,"(20, 20)",0,-0.08
258,49,"(20, 19)",1,-0.08
258,50,"(21, 19)",1,-0.08
258,51,"(22, 19)",1,-0.08
258,52,"(23, 19)",0,-0.08
258,53,"(23, 18)",0,-0.08
258,54,"(23, 17)",1,-0.08
258,55,"(24, 17)",1,-0.08
258,56,"(25, 17)",1,-0.08
258,57,"(26, 17)",1,-0.08
258,58,"(27, 17)",0,-0.08
258,59,"(27, 16)",0,-0.08
258,60,"(27, 15)",1,-0.08
258,61,"(28, 15)",1,-0.08
258,62,"(29, 15)",1,-0.08
258,63,"(30, 15)",1,-0.08
258,64,"(31, 15)",1,-0.08
258,65,"(32, 15)",0,-0.08
258,66,"(32, 14)",0,-0.08
258,67,"(32, 13)",1,-0.08
258,68,"(33, 13)",1,-0.08
258,69,"(34, 13)",1,-0.08
258,70,"(35, 13)",1,-0.08
258,71,"(36, 13)",0,-0.08
258,72,"(36, 12)",1,-0.08
258,73,"(37, 12)",1,-0.08
258,74,"(38, 12)",1,-0.08
258,75,"(39, 12)",0,-0.08
258,76,"(39, 11)",1,-0.08
258,77,"(40, 11)",1,-0.08
258,78,"(41, 11)",1,-0.08
258,79,"(42, 11)",1,-0.08
258,80,"(43, 11)",1,-0.08
258,81,"(44, 11)",1,-0.08
258,82,"(45, 11)",0,-0.08
258,83,"(45, 10)",1,-0.08
258,84,"(46, 10)",1,-0.08
258,85,"(47, 10)",1,-0.08
258,86,"(48, 10)",1,-0.08
258,87,"(49, 10)",0,-0.08
258,88,"(49, 9)",1,-0.08
258,89,"(50, 9)",0,-0.08
258,90,"(50, 8)",0,-0.08
258,91,"(50, 7)",1,-0.08
258,92,"(51, 7)",1,-0.08
258,93,"(52, 7)",1,-0.08
258,94,"(53, 7)",1,-0.08
258,95,"(54, 7)",1,-0.08
258,96,"(55, 7)",1,-0.08
258,97,"(56, 7)",1,-0.08
258,98,"(57, 7)",1,-0.08
258,99,"(58, 7)",1,-0.08
258,100,"(59, 7)",1,-0.08
258,101,"(60, 7)",1,-0.08
258,102,"(61, 7)",1,-0.08
258,103,"(62, 7)",1,-0.08
258,104,"(63, 7)",1,-0.08
258,105,"(64, 7)",1,-0.08
258,106,"(65, 7)",1,-0.08
258,107,"(66, 7)",1,-0.08
258,108,"(67, 7)",1,-0.08
258,109,"(68, 7)",1,-0.08
258,110,"(69, 7)",1,-0.08
258,111,"(70, 7)",1,-0.08
258,112,"(71, 7)",0,-0.08
258,113,"(71, 6)",1,-0.08
258,114,"(72, 6)",0,-0.08
258,115,"(72, 5)",1,-0.08
258,116,"(73, 5)",1,-0.08
258,117,"(74, 5)",0,-0.08
258,118,"(74, 4)",1,-0.08
258,119,"(75, 4)",0,-0.08
258,120,"(75, 3)",1,-0.08
258,121,"(76, 3)",0,-0.08
258,122,"(76, 2)",0,-0.08
258,123,"(76, 1)",0,-0.08
258,124,"(76, 0)",1,-0.08
258,125,"(77, 0)",1,-0.08
258,126,"(78, 0)",1,8.33
259,0,"(0, 39)",0,-0.08
259,1,"(0, 38)",1,-0.08
259,2,"(1, 38)",0,-0.08
259,3,"(1, 37)",1,-8.33
259,4,"(1, 37)",0,-8.33
259,5,"(1, 37)",3,-0.08
259,6,"(0, 37)",0,-0.08
259,7,"(0, 36)",0,-0.08
259,8,"(0, 35)",1,-0.08
259,9,"(1, 35)",1,-0.08
259,10,"(2, 35)",0,-0.08
259,11,"(2, 34)",0,-0.08
259,12,"(2, 33)",1,-0.08
259,13,"(3, 33)",1,-0.08
259,14,"(4, 33)",1,-0.08
259,15,"(5, 33)",0,-0.08
259,16,"(5, 32)",0,-0.08
259,17,"(5, 31)",1,-0.08
259,18,"(6, 31)",1,-0.08
259,19,"(7, 31)",1,-0.08
259,20,"(8, 31)",1,-0.08
259,21,"(9, 31)",0,-0.08
259,22,"(9, 30)",0,-0.08
259,23,"(9, 29)",1,-0.08
259,24,"(10, 29)",0,-0.08
259,25,"(10, 28)",0,-0.08
259,26,"(10, 27)",0,-8.33
259,27,"(10, 27)",1,-0.08
259,28,"(11, 27)",1,-0.08
259,29,"(12, 27)",0,-0.08
259,30,"(12, 26)",1,-0.08
259,31,"(13, 26)",0,-0.08
259,32,"(13, 25)",0,-0.08
259,33,"(13, 24)",1,-0.08
259,34,"(14, 24)",0,-0.08
259,35,"(14, 23)",1,-0.08
259,36,"(15, 23)",1,-0.08
259,37,"(16, 23)",0,-0.08
259,38,"(16, 22)",1,-0.08
259,39,"(17, 22)",1,-0.08
259,40,"(18, 22)",1,-0.08
259,41,"(19, 22)",1,-0.08
259,42,"(20, 22)",1,-0.08
259,43,"(21, 22)",0,-0.08
259,44,"(21, 21)",1,-0.08
259,45,"(22, 21)",0,-0.08
259,46,"(22, 20)",1,-0.08
259,47,"(23, 20)",1,-0.08
259,48,"(24, 20)",1,-0.08
259,49,"(25, 20)",0,-0.08
259,50,"(25, 19)",0,-0.08
259,51,"(25, 18)",1,-0.08
259,52,"(26, 18)",0,-0.08
259,53,"(26, 17)",1,-0.08
259,54,"(27, 17)",1,-0.08
259,55,"(28, 17)",0,-0.08
259,56,"(28, 16)",0,-0.08
259,57,"(28, 15)",1,-0.08
259,58,"(29, 15)",0,-0.08
259,59,"(29, 14)",0,-0.08
259,60,"(29, 13)",1,-0.08
259,61,"(30, 13)",1,-0.08
259,62,"(31, 13)",1,-0.08
259,63,"(32, 13)",1,-0.08
259,64,"(33, 13)",1,-0.08
259,65,"(34, 13)",1,-0.08
259,66,"(35, 13)",0,-0.08
259,67,"(35, 12)",1,-0.08
259,68,"(36, 12)",1,-0.08
259,69,"(37, 12)",1,-0.08
259,70,"(38, 12)",1,-0.08
259,71,"(39, 12)",0,-0.08
259,72,"(39, 11)",1,-0.08
259,73,"(40, 11)",1,-0.08
259,74,"(41, 11)",1,-0.08
259,75,"(42, 11)",1,-0.08
259,76,"(43, 11)",1,-0.08
259,77,"(44, 11)",1,-0.08
259,78,"(45, 11)",0,-0.08
259,79,"(45, 10)",0,-0.08
259,80,"(45, 9)",0,-0.08
259,81,"(45, 8)",1,-0.08
259,82,"(46, 8)",0,-0.08
259,83,"(46, 7)",1,-0.08
259,84,"(47, 7)",1,-0.08
259,85,"(48, 7)",1,-0.08
259,86,"(49, 7)",1,-0.08
259,87,"(50, 7)",1,-0.08
259,88,"(51, 7)",1,-0.08
259,89,"(52, 7)",1,-0.08
259,90,"(53, 7)",1,-0.08
259,91,"(54, 7)",1,-0.08
259,92,"(55, 7)",1,-0.08
259,93,"(56, 7)",1,-0.08
259,94,"(57, 7)",1,-0.08
259,95,"(58, 7)",1,-0.08
259,96,"(59, 7)",1,-0.08
259,97,"(60, 7)",1,-0.08
259,98,"(61, 7)",1,-0.08
259,99,"(62, 7)",1,-0.08
259,100,"(63, 7)",1,-0.08
259,101,"(64, 7)",1,-0.08
259,102,"(65, 7)",1,-0.08
259,103,"(66, 7)",1,-0.08
259,104,"(67, 7)",1,-0.08
259,105,"(68, 7)",1,-0.08
259,106,"(69, 7)",1,-0.08
259,107,"(70, 7)",1,-0.08
259,108,"(71, 7)",1,-0.08
259,109,"(72, 7)",0,-0.08
259,110,"(72, 6)",1,-0.08
259,111,"(73, 6)",1,-0.08
259,112,"(74, 6)",0,-0.08
259,113,"(74, 5)",0,-0.08
259,114,"(74, 4)",1,-0.08
259,115,"(75, 4)",0,-0.08
259,116,"(75, 3)",1,-0.08
259,117,"(76, 3)",0,-0.08
259,118,"(76, 2)",1,-0.08
259,119,"(77, 2)",0,-0.08
259,120,"(77, 1)",0,-0.08
259,121,"(77, 0)",1,-0.08
259,122,"(78, 0)",1,8.33
260,0,"(0, 39)",1,-0.08
260,1,"(1, 39)",0,-0.08
260,2,"(1, 38)",1,-8.33
260,3,"(1, 38)",0,-0.08
260,4,"(1, 37)",0,-8.33
260,5,"(1, 37)",3,-0.08
260,6,"(0, 37)",0,-0.08
260,7,"(0, 36)",0,-0.08
260,8,"(0, 35)",0,-0.08
260,9,"(0, 34)",0,-0.08
260,10,"(0, 33)",1,-0.08
260,11,"(1, 33)",1,-0.08
260,12,"(2, 33)",1,-0.08
260,13,"(3, 33)",0,-0.08
260,14,"(3, 32)",0,-0.08
260,15,"(3, 31)",0,-8.33
260,16,"(3, 31)",2,-0.08
260,17,"(3, 32)",2,-0.08
260,18,"(3, 33)",1,-0.08
260,19,"(4, 33)",1,-0.08
260,20,"(5, 33)",1,-0.08
260,21,"(6, 33)",1,-0.08
260,22,"(7, 33)",1,-0.08
260,23,"(8, 33)",1,-0.08
260,24,"(9, 33)",0,-0.08
260,25,"(9, 32)",0,-0.08
260,26,"(9, 31)",0,-0.08
260,27,"(9, 30)",1,-0.08
260,28,"(10, 30)",0,-0.08
260,29,"(10, 29)",0,-0.08
260,30,"(10, 28)",0,-0.08
260,31,"(10, 27)",1,-0.08
260,32,"(11, 27)",1,-0.08
260,33,"(12, 27)",1,-0.08
260,34,"(13, 27)",0,-0.08
260,35,"(13, 26)",0,-0.08
260,36,"(13, 25)",1,-0.08
260,37,"(14, 25)",1,-0.08
260,38,"(15, 25)",1,-0.08
260,39,"(16, 25)",1,-0.08
260,40,"(17, 25)",0,-0.08
260,41,"(17, 24)",0,-0.08
260,42,"(17, 23)",1,-0.08
260,43,"(18, 23)",0,-0.08
260,44,"(18, 22)",1,-0.08
260,45,"(19, 22)",0,-0.08
260,46,"(19, 21)",1,-0.08
260,47,"(20, 21)",0,-0.08
260,48,"(20, 20)",0,-0.08
260,49,"(20, 19)",1,-0.08
260,50,"(21, 19)",1,-0.08
260,51,"(22, 19)",1,-0.08
260,52,"(23, 19)",0,-0.08
260,53,"(23, 18)",0,-0.08
260,54,"(23, 17)",0,-0.08
260,55,"(23, 16)",0,-0.08
260,56,"(23, 15)",1,-0.08
260,57,"(24, 15)",1,-0.08
260,58,"(25, 15)",1,-0.08
260,59,"(26, 15)",1,-0.08
260,60,"(27, 15)",0,-0.08
260,61,"(27, 14)",0,-0.08
260,62,"(27, 13)",1,-0.08
260,63,"(28, 13)",1,-0.08
260,64,"(29, 13)",1,-0.08
260,65,"(30, 13)",1,-0.08
260,66,"(31, 13)",1,-0.08
260,67,"(32, 13)",1,-0.08
260,68,"(33, 13)",1,-0.08
260,69,"(34, 13)",1,-0.08
260,70,"(35, 13)",0,-0.08
260,71,"(35, 12)",1,-0.08
260,72,"(36, 12)",1,-0.08
260,73,"(37, 12)",1,-0.08
260,74,"(38, 12)",1,-0.08
260,75,"(39, 12)",0,-0.08
260,76,"(39, 11)",1,-0.08
260,77,"(40, 11)",1,-0.08
260,78,"(41, 11)",1,-0.08
260,79,"(42, 11)",1,-0.08
260,80,"(43, 11)",1,-0.08
260,81,"(44, 11)",1,-0.08
260,82,"(45, 11)",0,-0.08
260,83,"(45, 10)",0,-0.08
260,84,"(45, 9)",0,-0.08
260,85,"(45, 8)",0,-0.08
260,86,"(45, 7)",1,-0.08
260,87,"(46, 7)",1,-0.08
260,88,"(47, 7)",1,-0.08
260,89,"(48, 7)",1,-0.08
260,90,"(49, 7)",1,-0.08
260,91,"(50, 7)",1,-0.08
260,92,"(51, 7)",1,-0.08
260,93,"(52, 7)",1,-0.08
260,94,"(53, 7)",1,-0.08
260,95,"(54, 7)",1,-0.08
260,96,"(55, 7)",1,-0.08
260,97,"(56, 7)",1,-0.08
260,98,"(57, 7)",1,-0.08
260,99,"(58, 7)",1,-0.08
260,100,"(59, 7)",1,-0.08
260,101,"(60, 7)",1,-0.08
260,102,"(61, 7)",1,-0.08
260,103,"(62, 7)",1,-0.08
260,104,"(63, 7)",1,-0.08
260,105,"(64, 7)",1,-0.08
260,106,"(65, 7)",1,-0.08
260,107,"(66, 7)",1,-0.08
260,108,"(67, 7)",1,-0.08
260,109,"(68, 7)",1,-0.08
260,110,"(69, 7)",1,-0.08
260,111,"(70, 7)",0,-0.08
260,112,"(70, 6)",1,-0.08
260,113,"(71, 6)",0,-0.08
260,114,"(71, 5)",1,-0.08
260,115,"(72, 5)",1,-0.08
260,116,"(73, 5)",1,-0.08
260,117,"(74, 5)",1,-0.08
260,118,"(75, 5)",1,-0.08
260,119,"(76, 5)",1,-0.08
260,120,"(77, 5)",0,-0.08
260,121,"(77, 4)",0,-0.08
260,122,"(77, 3)",0,-0.08
260,123,"(77, 2)",0,-0.08
260,124,"(77, 1)",1,-0.08
260,125,"(78, 1)",1,-0.08
260,126,"(79, 1)",0,8.33
261,0,"(0, 39)",1,-0.08
261,1,"(1, 39)",1,-0.08
261,2,"(2, 39)",0,-8.33
261,3,"(2, 39)",1,-0.08
261,4,"(3, 39)",1,-0.08
261,5,"(4, 39)",1,-0.08
261,6,"(5, 39)",1,-0.08
261,7,"(6, 39)",1,-0.08
261,8,"(7, 39)",1,-0.08
261,9,"(8, 39)",0,-0.08
261,10,"(8, 38)",1,-8.33
261,11,"(8, 38)",3,-0.08
261,12,"(7, 38)",0,-0.08
261,13,"(7, 37)",0,-0.08
261,14,"(7, 36)",0,-0.08
261,15,"(7, 35)",0,-0.08
261,16,"(7, 34)",0,-0.08
261,17,"(7, 33)",0,-0.08
261,18,"(7, 32)",1,-0.08
261,19,"(8, 32)",0,-0.08
261,20,"(8, 31)",1,-0.08
261,21,"(9, 31)",0,-0.08
261,22,"(9, 30)",0,-0.08
261,23,"(9, 29)",1,-0.08
261,24,"(10, 29)",0,-0.08
261,25,"(10, 28)",0,-0.08
261,26,"(10, 27)",0,-8.33
261,27,"(10, 27)",1,-0.08
261,28,"(11, 27)",1,-0.08
261,29,"(12, 27)",1,-0.08
261,30,"(13, 27)",1,-0.08
261,31,"(14, 27)",1,-0.08
261,32,"(15, 27)",1,-0.08
261,33,"(16, 27)",1,-0.08
261,34,"(17, 27)",0,-0.08
261,35,"(17, 26)",0,-0.08
261,36,"(17, 25)",0,-0.08
261,37,"(17, 24)",0,-0.08
261,38,"(17, 23)",1,-0.08
261,39,"(18, 23)",0,-0.08
261,40,"(18, 22)",1,-0.08
261,41,"(19, 22)",1,-0.08
261,42,"(20, 22)",1,-0.08
261,43,"(21, 22)",0,-0.08
261,44,"(21, 21)",1,-0.08
261,45,"(22, 21)",1,-0.08
261,46,"(23, 21)",1,-0.08
261,47,"(24, 21)",0,-0.08
261,48,"(24, 20)",1,-0.08
261,49,"(25, 20)",0,-0.08
261,50,"(25, 19)",0,-0.08
261,51,"(25, 18)",1,-0.08
261,52,"(26, 18)",0,-0.08
261,53,"(26, 17)",1,-0.08
261,54,"(27, 17)",1,-0.08
261,55,"(28, 17)",0,-0.08
261,56,"(28, 16)",1,-0.08
261,57,"(29, 16)",0,-0.08
261,58,"(29, 15)",1,-0.08
261,59,"(30, 15)",1,-0.08
261,60,"(31, 15)",1,-0.08
261,61,"(32, 15)",1,-0.08
261,62,"(33, 15)",1,-0.08
261,63,"(34, 15)",1,-0.08
261,64,"(35, 15)",0,-0.08
261,65,"(35, 14)",0,-0.08
261,66,"(35, 13)",1,-0.08
261,67,"(36, 13)",0,-0.08
261,68,"(36, 12)",1,-0.08
261,69,"(37, 12)",1,-0.08
261,70,"(38, 12)",1,-0.08
261,71,"(39, 12)",0,-0.08
261,72,"(39, 11)",1,-0.08
261,73,"(40, 11)",1,-0.08
261,74,"(41, 11)",1,-0.08
261,75,"(42, 11)",1,-0.08
261,76,"(43, 11)",1,-0.08
261,77,"(44, 11)",1,-0.08
261,78,"(45, 11)",0,-0.08
261,79,"(45, 10)",1,-0.08
261,80,"(46, 10)",1,-0.08
261,81,"(47, 10)",1,-0.08
261,82,"(48, 10)",1,-0.08
261,83,"(49, 10)",0,-0.08
261,84,"(49, 9)",1,-0.08
261,85,"(50, 9)",0,-0.08
261,86,"(50, 8)",0,-0.08
261,87,"(50, 7)",1,-0.08
261,88,"(51, 7)",1,-0.08
261,89,"(52, 7)",1,-0.08
261,90,"(53, 7)",1,-0.08
261,91,"(54, 7)",1,-0.08
261,92,"(55, 7)",1,-0.08
261,93,"(56, 7)",1,-0.08
261,94,"(57, 7)",1,-0.08
261,95,"(58, 7)",1,-0.08
261,96,"(59, 7)",1,-0.08
261,97,"(60, 7)",1,-0.08
261,98,"(61, 7)",1,-0.08
261,99,"(62, 7)",1,-0.08
261,100,"(63, 7)",1,-0.08
261,101,"(64, 7)",1,-0.08
261,102,"(65, 7)",1,-0.08
261,103,"(66, 7)",1,-0.08
261,104,"(67, 7)",1,-0.08
261,105,"(68, 7)",1,-0.08
261,106,"(69, 7)",0,-0.08
261,107,"(69, 6)",1,-0.08
261,108,"(70, 6)",1,-0.08
261,109,"(71, 6)",0,-0.08
261,110,"(71, 5)",1,-0.08
261,111,"(72, 5)",1,-0.08
261,112,"(73, 5)",1,-0.08
261,113,"(74, 5)",0,-0.08
261,114,"(74, 4)",0,-0.08
261,115,"(74, 3)",1,-0.08
261,116,"(75, 3)",1,-0.08
261,117,"(76, 3)",0,-0.08
261,118,"(76, 2)",1,-0.08
261,119,"(77, 2)",0,-0.08
261,120,"(77, 1)",1,-0.08
261,121,"(78, 1)",1,-0.08
261,122,"(79, 1)",0,8.33
262,0,"(0, 39)",0,-0.08
262,1,"(0, 38)",0,-0.08
262,2,"(0, 37)",0,-0.08
262,3,"(0, 36)",1,-8.33
262,4,"(0, 36)",0,-0.08
262,5,"(0, 35)",0,-0.08
262,6,"(0, 34)",0,-0.08
262,7,"(0, 33)",1,-0.08
262,8,"(1, 33)",1,-0.08
262,9,"(2, 33)",0,-0.08
262,10,"(2, 32)",0,-0.08
262,11,"(2, 31)",1,-0.08
262,12,"(3, 31)",0,-8.33
262,13,"(3, 31)",0,-8.33
262,14,"(3, 31)",2,-0.08
262,15,"(3, 32)",2,-0.08
262,16,"(3, 33)",1,-0.08
262,17,"(4, 33)",1,-0.08
262,18,"(5, 33)",1,-0.08
262,19,"(6, 33)",1,-0.08
262,20,"(7, 33)",1,-0.08
262,21,"(8, 33)",1,-0.08
262,22,"(9, 33)",1,-0.08
262,23,"(10, 33)",1,-0.08
262,24,"(11, 33)",1,-0.08
262,25,"(12, 33)",0,-0.08
262,26,"(12, 32)",0,-0.08
262,27,"(12, 31)",1,-0.08
262,28,"(13, 31)",0,-0.08
262,29,"(13, 30)",0,-0.08
262,30,"(13, 29)",0,-0.08
262,31,"(13, 28)",1,-0.08
262,32,"(14, 28)",1,-0.08
262,33,"(15, 28)",0,-0.08
262,34,"(15, 27)",0,-0.08
262,35,"(15, 26)",1,-0.08
262,36,"(16, 26)",0,-0.08
262,37,"(16, 25)",1,-0.08
262,38,"(17, 25)",0,-0.08
262,39,"(17, 24)",0,-0.08
262,40,"(17, 23)",0,-0.08
262,41,"(17, 22)",1,-0.08
262,42,"(18, 22)",1,-0.08
262,43,"(19, 22)",0,-0.08
262,44,"(19, 21)",1,-0.08
262,45,"(20, 21)",1,-0.08
262,46,"(21, 21)",1,-0.08
262,47,"(22, 21)",1,-0.08
262,48,"(23, 21)",1,-0.08
262,49,"(24, 21)",1,-0.08
262,50,"(25, 21)",0,-0.08
262,51,"(25, 20)",0,-0.08
262,52,"(25, 19)",1,-0.08
262,53,"(26, 19)",1,-0.08
262,54,"(27, 19)",1,-0.08
262,55,"(28, 19)",1,-0.08
262,56,"(29, 19)",1,-0.08
262,57,"(30, 19)",1,-0.08
262,58,"(31, 19)",0,-0.08
262,59,"(31, 18)",0,-0.08
262,60,"(31, 17)",0,-0.08
262,61,"(31, 16)",0,-0.08
262,62,"(31, 15)",1,-0.08
262,63,"(32, 15)",1,-0.08
262,64,"(33, 15)",1,-0.08
262,65,"(34, 15)",1,-0.08
262,66,"(35, 15)",0,-0.08
262,67,"(35, 14)",0,-0.08
262,68,"(35, 13)",0,-0.08
262,69,"(35, 12)",1,-0.08
262,70,"(36, 12)",1,-0.08
262,71,"(37, 12)",1,-0.08
262,72,"(38, 12)",1,-0.08
262,73,"(39, 12)",0,-0.08
262,74,"(39, 11)",1,-0.08
262,75,"(40, 11)",1,-0.08
262,76,"(41, 11)",1,-0.08
262,77,"(42, 11)",1,-0.08
262,78,"(43, 11)",1,-0.08
262,79,"(44, 11)",1,-0.08
262,80,"(45, 11)",0,-0.08
262,81,"(45, 10)",0,-0.08
262,82,"(45, 9)",1,-0.08
262,83,"(46, 9)",0,-0.08
262,84,"(46, 8)",0,-0.08
262,85,"(46, 7)",1,-0.08
262,86,"(47, 7)",1,-0.08
262,87,"(48, 7)",1,-0.08
262,88,"(49, 7)",1,-0.08
262,89,"(50, 7)",1,-0.08
262,90,"(51, 7)",1,-0.08
262,91,"(52, 7)",1,-0.08
262,92,"(53, 7)",1,-0.08
262,93,"(54, 7)",1,-0.08
262,94,"(55, 7)",1,-0.08
262,95,"(56, 7)",1,-0.08
262,96,"(57, 7)",1,-0.08
262,97,"(58, 7)",1,-0.08
262,98,"(59, 7)",1,-0.08
262,99,"(60, 7)",1,-0.08
262,100,"(61, 7)",1,-0.08
262,101,"(62, 7)",1,-0.08
262,102,"(63, 7)",1,-0.08
262,103,"(64, 7)",1,-0.08
262,104,"(65, 7)",1,-0.08
262,105,"(66, 7)",1,-0.08
262,106,"(67, 7)",1,-0.08
262,107,"(68, 7)",1,-0.08
262,108,"(69, 7)",1,-0.08
262,109,"(70, 7)",1,-0.08
262,110,"(71, 7)",0,-0.08
262,111,"(71, 6)",0,-0.08
262,112,"(71, 5)",1,-0.08
262,113,"(72, 5)",1,-0.08
262,114,"(73, 5)",1,-0.08
262,115,"(74, 5)",0,-0.08
262,116,"(74, 4)",0,-0.08
262,117,"(74, 3)",1,-0.08
262,118,"(75, 3)",1,-0.08
262,119,"(76, 3)",1,-0.08
262,120,"(77, 3)",0,-0.08
262,121,"(77, 2)",0,-0.08
262,122,"(77, 1)",0,-0.08
262,123,"(77, 0)",1,-0.08
262,124,"(78, 0)",1,8.33
263,0,"(0, 39)",0,-0.08
263,1,"(0, 38)",0,-0.08
263,2,"(0, 37)",1,-0.08
263,3,"(1, 37)",1,-8.33
263,4,"(1, 37)",0,-8.33
263,5,"(1, 37)",3,-0.08
263,6,"(0, 37)",0,-0.08
263,7,"(0, 36)",0,-0.08
263,8,"(0, 35)",1,-0.08
263,9,"(1, 35)",0,-0.08
263,10,"(1, 34)",0,-0.08
263,11,"(1, 33)",1,-0.08
263,12,"(2, 33)",0,-0.08
263,13,"(2, 32)",1,-0.08
263,14,"(3, 32)",0,-0.08
263,15,"(3, 31)",0,-8.33
263,16,"(3, 31)",0,-8.33
263,17,"(3, 31)",3,-0.08
263,18,"(2, 31)",3,-0.08
263,19,"(1, 31)",0,-0.08
263,20,"(1, 30)",0,-0.08
263,21,"(1, 29)",0,-0.08
263,22,"(1, 28)",0,-0.08
263,23,"(1, 27)",0,-0.08
263,24,"(1, 26)",1,-0.08
263,25,"(2, 26)",0,-0.08
263,26,"(2, 25)",1,-0.08
263,27,"(3, 25)",1,-0.08
263,28,"(4, 25)",1,-0.08
263,29,"(5, 25)",1,-0.08
263,30,"(6, 25)",1,-0.08
263,31,"(7, 25)",1,-0.08
263,32,"(8, 25)",1,-0.08
263,33,"(9, 25)",1,-0.08
263,34,"(10, 25)",1,-0.08
263,35,"(11, 25)",0,-0.08
263,36,"(11, 24)",1,-0.08
263,37,"(12, 24)",1,-0.08
263,38,"(13, 24)",1,-0.08
263,39,"(14, 24)",0,-0.08
263,40,"(14, 23)",1,-0.08
263,41,"(15, 23)",1,-0.08
263,42,"(16, 23)",0,-0.08
263,43,"(16, 22)",1,-0.08
263,44,"(17, 22)",1,-0.08
263,45,"(18, 22)",1,-0.08
263,46,"(19, 22)",1,-0.08
263,47,"(20, 22)",1,-0.08
263,48,"(21, 22)",0,-0.08
263,49,"(21, 21)",0,-0.08
263,50,"(21, 20)",1,-0.08
263,51,"(22, 20)",0,-0.08
263,52,"(22, 19)",1,-0.08
263,53,"(23, 19)",0,-0.08
263,54,"(23, 18)",0,-0.08
263,55,"(23, 17)",0,-0.08
263,56,"(23, 16)",0,-0.08
263,57,"(23, 15)",1,-0.08
263,58,"(24, 15)",1,-0.08
263,59,"(25, 15)",1,-0.08
263,60,"(26, 15)",1,-0.08
263,61,"(27, 15)",1,-0.08
263,62,"(28, 15)",1,-0.08
263,63,"(29, 15)",0,-0.08
263,64,"(29, 14)",0,-0.08
263,65,"(29, 13)",1,-0.08
263,66,"(30, 13)",1,-0.08
263,67,"(31, 13)",1,-0.08
263,68,"(32, 13)",1,-0.08
263,69,"(33, 13)",1,-0.08
263,70,"(34, 13)",1,-0.08
263,71,"(35, 13)",1,-0.08
263,72,"(36, 13)",1,-0.08
263,73,"(37, 13)",0,-0.08
263,74,"(37, 12)",1,-0.08
263,75,"(38, 12)",1,-0.08
263,76,"(39, 12)",0,-0.08
263,77,"(39, 11)",1,-0.08
263,78,"(40, 11)",1,-0.08
263,79,"(41, 11)",1,-0.08
263,80,"(42, 11)",1,-0.08
263,81,"(43, 11)",1,-0.08
263,82,"(44, 11)",1,-0.08
263,83,"(45, 11)",0,-0.08
263,84,"(45, 10)",1,-0.08
263,85,"(46, 10)",1,-0.08
263,86,"(47, 10)",1,-0.08
263,87,"(48, 10)",1,-0.08
263,88,"(49, 10)",1,-0.08
263,89,"(50, 10)",0,-0.08
263,90,"(50, 9)",0,-0.08
263,91,"(50, 8)",0,-0.08
263,92,"(50, 7)",1,-0.08
263,93,"(51, 7)",1,-0.08
263,94,"(52, 7)",1,-0.08
263,95,"(53, 7)",1,-0.08
263,96,"(54, 7)",1,-0.08
263,97,"(55, 7)",1,-0.08
263,98,"(56, 7)",1,-0.08
263,99,"(57, 7)",1,-0.08
263,100,"(58, 7)",1,-0.08
263,101,"(59, 7)",1,-0.08
263,102,"(60, 7)",1,-0.08
263,103,"(61, 7)",1,-0.08
263,104,"(62, 7)",1,-0.08
263,105,"(63, 7)",1,-0.08
263,106,"(64, 7)",1,-0.08
263,107,"(65, 7)",1,-0.08
263,108,"(66, 7)",1,-0.08
263,109,"(67, 7)",1,-0.08
263,110,"(68, 7)",1,-0.08
263,111,"(69, 7)",1,-0.08
263,112,"(70, 7)",0,-0.08
263,113,"(70, 6)",1,-0.08
263,114,"(71, 6)",1,-0.08
263,115,"(72, 6)",0,-0.08
263,116,"(72, 5)",1,-0.08
263,117,"(73, 5)",1,-0.08
263,118,"(74, 5)",0,-0.08
263,119,"(74, 4)",0,-0.08
263,120,"(74, 3)",1,-0.08
263,121,"(75, 3)",1,-0.08
263,122,"(76, 3)",1,-0.08
263,123,"(77, 3)",0,-0.08
263,124,"(77, 2)",0,-0.08
263,125,"(77, 1)",0,-0.08
263,126,"(77, 0)",1,-0.08
263,127,"(78, 0)",1,8.33
264,0,"(0, 39)",1,-0.08
264,1,"(1, 39)",1,-0.08
264,2,"(2, 39)",0,-8.33
264,3,"(2, 39)",1,-0.08
264,4,"(3, 39)",0,-0.08
264,5,"(3, 38)",0,-0.08
264,6,"(3, 37)",1,-8.33
264,7,"(3, 37)",0,-0.08
264,8,"(3, 36)",0,-0.08
264,9,"(3, 35)",3,-0.08
264,10,"(2, 35)",0,-0.08
264,11,"(2, 34)",0,-0.08
264,12,"(2, 33)",1,-0.08
264,13,"(3, 33)",1,-0.08
264,14,"(4, 33)",1,-0.08
264,15,"(5, 33)",1,-0.08
264,16,"(6, 33)",1,-0.08
264,17,"(7, 33)",1,-0.08
264,18,"(8, 33)",0,-0.08
264,19,"(8, 32)",1,-0.08
264,20,"(9, 32)",0,-0.08
264,21,"(9, 31)",0,-0.08
264,22,"(9, 30)",1,-0.08
264,23,"(10, 30)",0,-0.08
264,24,"(10, 29)",0,-0.08
264,25,"(10, 28)",0,-0.08
264,26,"(10, 27)",0,-8.33
264,27,"(10, 27)",1,-0.08
264,28,"(11, 27)",1,-0.08
264,29,"(12, 27)",0,-0.08
264,30,"(12, 26)",0,-0.08
264,31,"(12, 25)",1,-0.08
264,32,"(13, 25)",1,-0.08
264,33,"(14, 25)",1,-0.08
264,34,"(15, 25)",1,-0.08
264,35,"(16, 25)",1,-0.08
264,36,"(17, 25)",0,-0.08
264,37,"(17, 24)",0,-0.08
264,38,"(17, 23)",0,-0.08
264,39,"(17, 22)",1,-0.08
264,40,"(18, 22)",1,-0.08
264,41,"(19, 22)",1,-0.08
264,42,"(20, 22)",0,-0.08
264,43,"(20, 21)",1,-0.08
264,44,"(21, 21)",0,-0.08
264,45,"(21, 20)",1,-0.08
264,46,"(22, 20)",1,-0.08
264,47,"(23, 20)",0,-0.08
264,48,"(23, 19)",0,-0.08
264,49,"(23, 18)",0,-0.08
264,50,"(23, 17)",1,-0.08
264,51,"(24, 17)",1,-0.08
264,52,"(25, 17)",1,-0.08
264,53,"(26, 17)",1,-0.08
264,54,"(27, 17)",0,-0.08
264,55,"(27, 16)",0,-0.08
264,56,"(27, 15)",1,-0.08
264,57,"(28, 15)",1,-0.08
264,58,"(29, 15)",1,-0.08
264,59,"(30, 15)",1,-0.08
264,60,"(31, 15)",0,-0.08
264,61,"(31, 14)",1,-0.08
264,62,"(32, 14)",0,-0.08
264,63,"(32, 13)",1,-0.08
264,64,"(33, 13)",1,-0.08
264,65,"(34, 13)",1,-0.08
264,66,"(35, 13)",0,-0.08
264,67,"(35, 12)",1,-0.08
264,68,"(36, 12)",1,-0.08
264,69,"(37, 12)",1,-0.08
264,70,"(38, 12)",1,-0.08
264,71,"(39, 12)",0,-0.08
264,72,"(39, 11)",1,-0.08
264,73,"(40, 11)",1,-0.08
264,74,"(41, 11)",1,-0.08
264,75,"(42, 11)",1,-0.08
264,76,"(43, 11)",1,-0.08
264,77,"(44, 11)",1,-0.08
264,78,"(45, 11)",0,-0.08
264,79,"(45, 10)",1,-0.08
264,80,"(46, 10)",0,-0.08
264,81,"(46, 9)",0,-0.08
264,82,"(46, 8)",0,-0.08
264,83,"(46, 7)",1,-0.08
264,84,"(47, 7)",1,-0.08
264,85,"(48, 7)",1,-0.08
264,86,"(49, 7)",1,-0.08
264,87,"(50, 7)",1,-0.08
264,88,"(51, 7)",1,-0.08
264,89,"(52, 7)",1,-0.08
264,90,"(53, 7)",1,-0.08
264,91,"(54, 7)",1,-0.08
264,92,"(55, 7)",1,-0.08
264,93,"(56, 7)",1,-0.08
264,94,"(57, 7)",1,-0.08
264,95,"(58, 7)",1,-0.08
264,96,"(59, 7)",1,-0.08
264,97,"(60, 7)",1,-0.08
264,98,"(61, 7)",1,-0.08
264,99,"(62, 7)",1,-0.08
264,100,"(63, 7)",1,-0.08
264,101,"(64, 7)",1,-0.08
264,102,"(65, 7)",1,-0.08
264,103,"(66, 7)",1,-0.08
264,104,"(67, 7)",1,-0.08
264,105,"(68, 7)",1,-0.08
264,106,"(69, 7)",0,-0.08
264,107,"(69, 6)",1,-0.08
264,108,"(70, 6)",1,-0.08
264,109,"(71, 6)",1,-0.08
264,110,"(72, 6)",0,-0.08
264,111,"(72, 5)",1,-0.08
264,112,"(73, 5)",1,-0.08
264,113,"(74, 5)",1,-0.08
264,114,"(75, 5)",1,-0.08
264,115,"(76, 5)",1,-0.08
264,116,"(77, 5)",0,-0.08
264,117,"(77, 4)",0,-0.08
264,118,"(77, 3)",0,-0.08
264,119,"(77, 2)",0,-0.08
264,120,"(77, 1)",1,-0.08
264,121,"(78, 1)",0,-0.08
264,122,"(78, 0)",1,8.33
265,0,"(0, 39)",0,-0.08
265,1,"(0, 38)",1,-0.08
265,2,"(1, 38)",0,-0.08
265,3,"(1, 37)",0,-8.33
265,4,"(1, 37)",3,-0.08
265,5,"(0, 37)",0,-0.08
265,6,"(0, 36)",0,-0.08
265,7,"(0, 35)",1,-0.08
265,8,"(1, 35)",1,-0.08
265,9,"(2, 35)",0,-0.08
265,10,"(2, 34)",0,-0.08
265,11,"(2, 33)",1,-0.08
265,12,"(3, 33)",1,-0.08
265,13,"(4, 33)",1,-0.08
265,14,"(5, 33)",0,-0.08
265,15,"(5, 32)",0,-0.08
265,16,"(5, 31)",0,-0.08
265,17,"(5, 30)",0,-0.08
265,18,"(5, 29)",1,-0.08
265,19,"(6, 29)",1,-0.08
265,20,"(7, 29)",1,-0.08
265,21,"(8, 29)",1,-0.08
265,22,"(9, 29)",1,-0.08
265,23,"(10, 29)",0,-0.08
265,24,"(10, 28)",0,-0.08
265,25,"(10, 27)",1,-0.08
265,26,"(11, 27)",1,-0.08
265,27,"(12, 27)",1,-0.08
265,28,"(13, 27)",0,-0.08
265,29,"(13, 26)",0,-0.08
265,30,"(13, 25)",1,-0.08
265,31,"(14, 25)",1,-0.08
265,32,"(15, 25)",1,-0.08
265,33,"(16, 25)",1,-0.08
265,34,"(17, 25)",0,-0.08
265,35,"(17, 24)",1,-8.33
265,36,"(17, 24)",0,-0.08
265,37,"(17, 23)",1,-0.08
265,38,"(18, 23)",1,-0.08
265,39,"(19, 23)",0,-0.08
265,40,"(19, 22)",1,-0.08
265,41,"(20, 22)",0,-0.08
265,42,"(20, 21)",1,-0.08
265,43,"(21, 21)",0,-0.08
265,44,"(21, 20)",1,-0.08
265,45,"(22, 20)",0,-0.08
265,46,"(22, 19)",1,-0.08
265,47,"(23, 19)",0,-0.08
265,48,"(23, 18)",0,-0.08
265,49,"(23, 17)",1,-0.08
265,50,"(24, 17)",1,-0.08
265,51,"(25, 17)",1,-0.08
265,52,"(26, 17)",1,-0.08
265,53,"(27, 17)",1,-0.08
265,54,"(28, 17)",0,-0.08
265,55,"(28, 16)",0,-0.08
265,56,"(28, 15)",1,-0.08
265,57,"(29, 15)",0,-0.08
265,58,"(29, 14)",0,-0.08
265,59,"(29, 13)",1,-0.08
265,60,"(30, 13)",1,-0.08
265,61,"(31, 13)",1,-0.08
265,62,"(32, 13)",1,-0.08
265,63,"(33, 13)",1,-0.08
265,64,"(34, 13)",1,-0.08
265,65,"(35, 13)",1,-0.08
265,66,"(36, 13)",0,-0.08
265,67,"(36, 12)",1,-0.08
265,68,"(37, 12)",1,-0.08
265,69,"(38, 12)",1,-0.08
265,70,"(39, 12)",0,-0.08
265,71,"(39, 11)",1,-0.08
265,72,"(40, 11)",1,-0.08
265,73,"(41, 11)",1,-0.08
265,74,"(42, 11)",1,-0.08
265,75,"(43, 11)",1,-0.08
265,76,"(44, 11)",1,-0.08
265,77,"(45, 11)",0,-0.08
265,78,"(45, 10)",0,-0.08
265,79,"(45, 9)",0,-0.08
265,80,"(45, 8)",0,-0.08
265,81,"(45, 7)",1,-0.08
265,82,"(46, 7)",1,-0.08
265,83,"(47, 7)",1,-0.08
265,84,"(48, 7)",1,-0.08
265,85,"(49, 7)",1,-0.08
265,86,"(50, 7)",1,-0.08
265,87,"(51, 7)",1,-0.08
265,88,"(52, 7)",1,-0.08
265,89,"(53, 7)",1,-0.08
265,90,"(54, 7)",1,-0.08
265,91,"(55, 7)",1,-0.08
265,92,"(56, 7)",1,-0.08
265,93,"(57, 7)",1,-0.08
265,94,"(58, 7)",1,-0.08
265,95,"(59, 7)",1,-0.08
265,96,"(60, 7)",1,-0.08
265,97,"(61, 7)",1,-0.08
265,98,"(62, 7)",1,-0.08
265,99,"(63, 7)",1,-0.08
265,100,"(64, 7)",1,-0.08
265,101,"(65, 7)",1,-0.08
265,102,"(66, 7)",1,-0.08
265,103,"(67, 7)",1,-0.08
265,104,"(68, 7)",1,-0.08
265,105,"(69, 7)",1,-0.08
265,106,"(70, 7)",1,-0.08
265,107,"(71, 7)",1,-0.08
265,108,"(72, 7)",1,-0.08
265,109,"(73, 7)",1,-0.08
265,110,"(74, 7)",0,-0.08
265,111,"(74, 6)",0,-0.08
265,112,"(74, 5)",1,-0.08
265,113,"(75, 5)",1,-0.08
265,114,"(76, 5)",1,-0.08
265,115,"(77, 5)",0,-0.08
265,116,"(77, 4)",0,-0.08
265,117,"(77, 3)",0,-0.08
265,118,"(77, 2)",0,-0.08
265,119,"(77, 1)",1,-0.08
265,120,"(78, 1)",0,-0.08
265,121,"(78, 0)",1,8.33
266,0,"(0, 39)",1,-0.08
266,1,"(1, 39)",0,-0.08
266,2,"(1, 38)",1,-8.33
266,3,"(1, 38)",0,-0.08
266,4,"(1, 37)",0,-8.33
266,5,"(1, 37)",3,-0.08
266,6,"(0, 37)",0,-0.08
266,7,"(0, 36)",0,-0.08
266,8,"(0, 35)",0,-0.08
266,9,"(0, 34)",1,-0.08
266,10,"(1, 34)",0,-0.08
266,11,"(1, 33)",0,-0.08
266,12,"(1, 32)",0,-0.08
266,13,"(1, 31)",1,-0.08
266,14,"(2, 31)",1,-0.08
266,15,"(3, 31)",0,-8.33
266,16,"(3, 31)",2,-0.08
266,17,"(3, 32)",2,-0.08
266,18,"(3, 33)",1,-0.08
266,19,"(4, 33)",1,-0.08
266,20,"(5, 33)",1,-0.08
266,21,"(6, 33)",1,-0.08
266,22,"(7, 33)",1,-0.08
266,23,"(8, 33)",1,-0.08
266,24,"(9, 33)",0,-0.08
266,25,"(9, 32)",0,-0.08
266,26,"(9, 31)",0,-0.08
266,27,"(9, 30)",1,-0.08
266,28,"(10, 30)",0,-0.08
266,29,"(10, 29)",0,-0.08
266,30,"(10, 28)",0,-0.08
266,31,"(10, 27)",1,-0.08
266,32,"(11, 27)",1,-0.08
266,33,"(12, 27)",1,-0.08
266,34,"(13, 27)",1,-0.08
266,35,"(14, 27)",1,-0.08
266,36,"(15, 27)",1,-0.08
266,37,"(16, 27)",1,-0.08
266,38,"(17, 27)",1,-0.08
266,39,"(18, 27)",1,-0.08
266,40,"(19, 27)",1,-0.08
266,41,"(20, 27)",1,-0.08
266,42,"(21, 27)",0,-0.08
266,43,"(21, 26)",1,-0.08
266,44,"(22, 26)",1,-0.08
266,45,"(23, 26)",0,-0.08
266,46,"(23, 25)",1,-0.08
266,47,"(24, 25)",1,-0.08
266,48,"(25, 25)",1,-0.08
266,49,"(26, 25)",1,-0.08
266,50,"(27, 25)",1,-0.08
266,51,"(28, 25)",1,-0.08
266,52,"(29, 25)",1,-0.08
266,53,"(30, 25)",1,-0.08
266,54,"(31, 25)",1,-0.08
266,55,"(32, 25)",0,-0.08
266,56,"(32, 24)",0,-0.08
266,57,"(32, 23)",1,-0.08
266,58,"(33, 23)",0,-0.08
266,59,"(33, 22)",0,-0.08
266,60,"(33, 21)",1,-0.08
266,61,"(34, 21)",1,-0.08
266,62,"(35, 21)",1,-0.08
266,63,"(36, 21)",0,-0.08
266,64,"(36, 20)",0,-0.08
266,65,"(36, 19)",1,-0.08
266,66,"(37, 19)",0,-0.08
266,67,"(37, 18)",0,-0.08
266,68,"(37, 17)",1,-0.08
266,69,"(38, 17)",1,-0.08
266,70,"(39, 17)",0,-0.08
266,71,"(39, 16)",0,-0.08
266,72,"(39, 15)",1,-0.08
266,73,"(40, 15)",1,-0.08
266,74,"(41, 15)",0,-0.08
266,75,"(41, 14)",0,-0.08
266,76,"(41, 13)",1,-0.08
266,77,"(42, 13)",1,-0.08
266,78,"(43, 13)",1,-0.08
266,79,"(44, 13)",1,-0.08
266,80,"(45, 13)",1,-0.08
266,81,"(46, 13)",1,-0.08
266,82,"(47, 13)",0,-0.08
266,83,"(47, 12)",0,-0.08
266,84,"(47, 11)",0,-0.08
266,85,"(47, 10)",1,-0.08
266,86,"(48, 10)",1,-0.08
266,87,"(49, 10)",1,-0.08
266,88,"(50, 10)",0,-0.08
266,89,"(50, 9)",0,-0.08
266,90,"(50, 8)",0,-0.08
266,91,"(50, 7)",1,-0.08
266,92,"(51, 7)",1,-0.08
266,93,"(52, 7)",1,-0.08
266,94,"(53, 7)",1,-0.08
266,95,"(54, 7)",1,-0.08
266,96,"(55, 7)",1,-0.08
266,97,"(56, 7)",1,-0.08
266,98,"(57, 7)",1,-0.08
266,99,"(58, 7)",1,-0.08
266,100,"(59, 7)",1,-0.08
266,101,"(60, 7)",1,-0.08
266,102,"(61, 7)",1,-0.08
266,103,"(62, 7)",1,-0.08
266,104,"(63, 7)",1,-0.08
266,105,"(64, 7)",1,-0.08
266,106,"(65, 7)",1,-0.08
266,107,"(66, 7)",1,-0.08
266,108,"(67, 7)",1,-0.08
266,109,"(68, 7)",1,-0.08
266,110,"(69, 7)",1,-0.08
266,111,"(70, 7)",1,-0.08
266,112,"(71, 7)",1,-0.08
266,113,"(72, 7)",1,-0.08
266,114,"(73, 7)",1,-0.08
266,115,"(74, 7)",0,-0.08
266,116,"(74, 6)",0,-0.08
266,117,"(74, 5)",0,-0.08
266,118,"(74, 4)",0,-0.08
266,119,"(74, 3)",1,-0.08
266,120,"(75, 3)",1,-0.08
266,121,"(76, 3)",1,-0.08
266,122,"(77, 3)",0,-0.08
266,123,"(77, 2)",0,-0.08
266,124,"(77, 1)",1,-0.08
266,125,"(78, 1)",0,-0.08
266,126,"(78, 0)",1,8.33
267,0,"(0, 39)",0,-0.08
267,1,"(0, 38)",0,-0.08
267,2,"(0, 37)",1,-0.08
267,3,"(1, 37)",1,-8.33
267,4,"(1, 37)",0,-8.33
267,5,"(1, 37)",3,-0.08
267,6,"(0, 37)",0,-0.08
267,7,"(0, 36)",0,-0.08
267,8,"(0, 35)",0,-0.08
267,9,"(0, 34)",1,-0.08
267,10,"(1, 34)",1,-0.08
267,11,"(2, 34)",0,-0.08
267,12,"(2, 33)",1,-0.08
267,13,"(3, 33)",0,-0.08
267,14,"(3, 32)",0,-0.08
267,15,"(3, 31)",0,-8.33
267,16,"(3, 31)",3,-0.08
267,17,"(2, 31)",3,-0.08
267,18,"(1, 31)",0,-0.08
267,19,"(1, 30)",0,-0.08
267,20,"(1, 29)",0,-0.08
267,21,"(1, 28)",0,-0.08
267,22,"(1, 27)",0,-0.08
267,23,"(1, 26)",1,-0.08
267,24,"(2, 26)",0,-0.08
267,25,"(2, 25)",1,-0.08
267,26,"(3, 25)",1,-0.08
267,27,"(4, 25)",1,-0.08
267,28,"(5, 25)",1,-0.08
267,29,"(6, 25)",1,-0.08
267,30,"(7, 25)",1,-0.08
267,31,"(8, 25)",1,-0.08
267,32,"(9, 25)",1,-0.08
267,33,"(10, 25)",0,-0.08
267,34,"(10, 24)",1,-0.08
267,35,"(11, 24)",1,-0.08
267,36,"(12, 24)",1,-0.08
267,37,"(13, 24)",0,-0.08
267,38,"(13, 23)",1,-0.08
267,39,"(14, 23)",1,-0.08
267,40,"(15, 23)",1,-0.08
267,41,"(16, 23)",1,-0.08
267,42,"(17, 23)",0,-0.08
267,43,"(17, 22)",1,-0.08
267,44,"(18, 22)",1,-0.08
267,45,"(19, 22)",0,-0.08
267,46,"(19, 21)",1,-0.08
267,47,"(20, 21)",1,-0.08
267,48,"(21, 21)",1,-0.08
267,49,"(22, 21)",0,-0.08
267,50,"(22, 20)",0,-0.08
267,51,"(22, 19)",1,-0.08
267,52,"(23, 19)",0,-0.08
267,53,"(23, 18)",0,-0.08
267,54,"(23, 17)",1,-0.08
267,55,"(24, 17)",1,-0.08
267,56,"(25, 17)",1,-0.08
267,57,"(26, 17)",1,-0.08
267,58,"(27, 17)",1,-0.08
267,59,"(28, 17)",1,-0.08
267,60,"(29, 17)",0,-0.08
267,61,"(29, 16)",0,-0.08
267,62,"(29, 15)",0,-0.08
267,63,"(29, 14)",0,-0.08
267,64,"(29, 13)",1,-0.08
267,65,"(30, 13)",1,-0.08
267,66,"(31, 13)",1,-0.08
267,67,"(32, 13)",1,-0.08
267,68,"(33, 13)",1,-0.08
267,69,"(34, 13)",1,-0.08
267,70,"(35, 13)",0,-0.08
267,71,"(35, 12)",1,-0.08
267,72,"(36, 12)",1,-0.08
267,73,"(37, 12)",1,-0.08
267,74,"(38, 12)",1,-0.08
267,75,"(39, 12)",0,-0.08
267,76,"(39, 11)",1,-0.08
267,77,"(40, 11)",1,-0.08
267,78,"(41, 11)",1,-0.08
267,79,"(42, 11)",1,-0.08
267,80,"(43, 11)",1,-0.08
267,81,"(44, 11)",1,-0.08
267,82,"(45, 11)",0,-0.08
267,83,"(45, 10)",0,-0.08
267,84,"(45, 9)",0,-0.08
267,85,"(45, 8)",0,-0.08
267,86,"(45, 7)",1,-0.08
267,87,"(46, 7)",1,-0.08
267,88,"(47, 7)",1,-0.08
267,89,"(48, 7)",1,-0.08
267,90,"(49, 7)",1,-0.08
267,91,"(50, 7)",1,-0.08
267,92,"(51, 7)",1,-0.08
267,93,"(52, 7)",1,-0.08
267,94,"(53, 7)",1,-0.08
267,95,"(54, 7)",1,-0.08
267,96,"(55, 7)",1,-0.08
267,97,"(56, 7)",1,-0.08
267,98,"(57, 7)",1,-0.08
267,99,"(58, 7)",1,-0.08
267,100,"(59, 7)",1,-0.08
267,101,"(60, 7)",1,-0.08
267,102,"(61, 7)",1,-0.08
267,103,"(62, 7)",1,-0.08
267,104,"(63, 7)",1,-0.08
267,105,"(64, 7)",1,-0.08
267,106,"(65, 7)",1,-0.08
267,107,"(66, 7)",1,-0.08
267,108,"(67, 7)",1,-0.08
267,109,"(68, 7)",1,-0.08
267,110,"(69, 7)",1,-0.08
267,111,"(70, 7)",0,-0.08
267,112,"(70, 6)",1,-0.08
267,113,"(71, 6)",1,-0.08
267,114,"(72, 6)",1,-0.08
267,115,"(73, 6)",0,-0.08
267,116,"(73, 5)",1,-0.08
267,117,"(74, 5)",0,-0.08
267,118,"(74, 4)",1,-0.08
267,119,"(75, 4)",0,-0.08
267,120,"(75, 3)",1,-0.08
267,121,"(76, 3)",0,-0.08
267,122,"(76, 2)",0,-0.08
267,123,"(76, 1)",1,-0.08
267,124,"(77, 1)",1,-0.08
267,125,"(78, 1)",1,-0.08
267,126,"(79, 1)",0,8.33
268,0,"(0, 39)",1,-0.08
268,1,"(1, 39)",0,-0.08
268,2,"(1, 38)",1,-8.33
268,3,"(1, 38)",0,-0.08
268,4,"(1, 37)",0,-8.33
268,5,"(1, 37)",3,-0.08
268,6,"(0, 37)",0,-0.08
268,7,"(0, 36)",0,-0.08
268,8,"(0, 35)",1,-0.08
268,9,"(1, 35)",0,-0.08
268,10,"(1, 34)",1,-0.08
268,11,"(2, 34)",0,-0.08
268,12,"(2, 33)",0,-0.08
268,13,"(2, 32)",1,-0.08
268,14,"(3, 32)",0,-0.08
268,15,"(3, 31)",0,-8.33
268,16,"(3, 31)",0,-8.33
268,17,"(3, 31)",2,-0.08
268,18,"(3, 32)",2,-0.08
268,19,"(3, 33)",1,-0.08
268,20,"(4, 33)",1,-0.08
268,21,"(5, 33)",0,-0.08
268,22,"(5, 32)",0,-0.08
268,23,"(5, 31)",1,-0.08
268,24,"(6, 31)",1,-0.08
268,25,"(7, 31)",1,-0.08
268,26,"(8, 31)",1,-0.08
268,27,"(9, 31)",0,-0.08
268,28,"(9, 30)",0,-0.08
268,29,"(9, 29)",1,-0.08
268,30,"(10, 29)",0,-0.08
268,31,"(10, 28)",0,-0.08
268,32,"(10, 27)",1,-0.08
268,33,"(11, 27)",1,-0.08
268,34,"(12, 27)",1,-0.08
268,35,"(13, 27)",1,-0.08
268,36,"(14, 27)",1,-0.08
268,37,"(15, 27)",0,-0.08
268,38,"(15, 26)",1,-0.08
268,39,"(16, 26)",1,-0.08
268,40,"(17, 26)",0,-0.08
268,41,"(17, 25)",0,-0.08
268,42,"(17, 24)",0,-0.08
268,43,"(17, 23)",0,-0.08
268,44,"(17, 22)",1,-0.08
268,45,"(18, 22)",1,-0.08
268,46,"(19, 22)",0,-0.08
268,47,"(19, 21)",1,-0.08
268,48,"(20, 21)",1,-0.08
268,49,"(21, 21)",0,-0.08
268,50,"(21, 20)",0,-0.08
268,51,"(21, 19)",1,-0.08
268,52,"(22, 19)",1,-0.08
268,53,"(23, 19)",0,-0.08
268,54,"(23, 18)",0,-0.08
268,55,"(23, 17)",1,-0.08
268,56,"(24, 17)",1,-0.08
268,57,"(25, 17)",1,-0.08
268,58,"(26, 17)",1,-0.08
268,59,"(27, 17)",1,-0.08
268,60,"(28, 17)",0,-0.08
268,61,"(28, 16)",1,-0.08
268,62,"(29, 16)",0,-0.08
268,63,"(29, 15)",0,-0.08
268,64,"(29, 14)",0,-0.08
268,65,"(29, 13)",1,-0.08
268,66,"(30, 13)",1,-0.08
268,67,"(31, 13)",1,-0.08
268,68,"(32, 13)",1,-0.08
268,69,"(33, 13)",1,-0.08
268,70,"(34, 13)",1,-0.08
268,71,"(35, 13)",1,-0.08
268,72,"(36, 13)",1,-0.08
268,73,"(37, 13)",1,-0.08
268,74,"(38, 13)",0,-0.08
268,75,"(38, 12)",1,-0.08
268,76,"(39, 12)",0,-0.08
268,77,"(39, 11)",1,-0.08
268,78,"(40, 11)",1,-0.08
268,79,"(41, 11)",1,-0.08
268,80,"(42, 11)",1,-0.08
268,81,"(43, 11)",1,-0.08
268,82,"(44, 11)",1,-0.08
268,83,"(45, 11)",0,-0.08
268,84,"(45, 10)",0,-0.08
268,85,"(45, 9)",1,-0.08
268,86,"(46, 9)",0,-0.08
268,87,"(46, 8)",0,-0.08
268,88,"(46, 7)",1,-0.08
268,89,"(47, 7)",1,-0.08
268,90,"(48, 7)",1,-0.08
268,91,"(49, 7)",1,-0.08
268,92,"(50, 7)",1,-0.08
268,93,"(51, 7)",1,-0.08
268,94,"(52, 7)",1,-0.08
268,95,"(53, 7)",1,-0.08
268,96,"(54, 7)",1,-0.08
268,97,"(55, 7)",1,-0.08
268,98,"(56, 7)",1,-0.08
268,99,"(57, 7)",1,-0.08
268,100,"(58, 7)",1,-0.08
268,101,"(59, 7)",1,-0.08
268,102,"(60, 7)",1,-0.08
268,103,"(61, 7)",1,-0.08
268,104,"(62, 7)",1,-0.08
268,105,"(63, 7)",1,-0.08
268,106,"(64, 7)",1,-0.08
268,107,"(65, 7)",1,-0.08
268,108,"(66, 7)",1,-0.08
268,109,"(67, 7)",1,-0.08
268,110,"(68, 7)",1,-0.08
268,111,"(69, 7)",0,-0.08
268,112,"(69, 6)",1,-0.08
268,113,"(70, 6)",1,-0.08
268,114,"(71, 6)",1,-0.08
268,115,"(72, 6)",0,-0.08
268,116,"(72, 5)",1,-0.08
268,117,"(73, 5)",1,-0.08
268,118,"(74, 5)",1,-0.08
268,119,"(75, 5)",0,-0.08
268,120,"(75, 4)",0,-0.08
268,121,"(75, 3)",1,-0.08
268,122,"(76, 3)",0,-0.08
268,123,"(76, 2)",0,-0.08
268,124,"(76, 1)",1,-0.08
268,125,"(77, 1)",1,-0.08
268,126,"(78, 1)",0,-0.08
268,127,"(78, 0)",1,8.33
269,0,"(0, 39)",1,-0.08
269,1,"(1, 39)",0,-0.08
269,2,"(1, 38)",0,-0.08
269,3,"(1, 37)",0,-8.33
269,4,"(1, 37)",3,-0.08
269,5,"(0, 37)",0,-0.08
269,6,"(0, 36)",0,-0.08
269,7,"(0, 35)",1,-0.08
269,8,"(1, 35)",0,-0.08
269,9,"(1, 34)",1,-0.08
269,10,"(2, 34)",0,-0.08
269,11,"(2, 33)",0,-0.08
269,12,"(2, 32)",1,-0.08
269,13,"(3, 32)",0,-0.08
269,14,"(3, 31)",0,-8.33
269,15,"(3, 31)",0,-8.33
269,16,"(3, 31)",2,-0.08
269,17,"(3, 32)",2,-0.08
269,18,"(3, 33)",1,-0.08
269,19,"(4, 33)",1,-0.08
269,20,"(5, 33)",0,-0.08
269,21,"(5, 32)",0,-0.08
269,22,"(5, 31)",1,-0.08
269,23,"(6, 31)",1,-0.08
269,24,"(7, 31)",1,-0.08
269,25,"(8, 31)",1,-0.08
269,26,"(9, 31)",0,-0.08
269,27,"(9, 30)",1,-0.08
269,28,"(10, 30)",0,-0.08
269,29,"(10, 29)",0,-0.08
269,30,"(10, 28)",0,-0.08
269,31,"(10, 27)",1,-0.08
269,32,"(11, 27)",1,-0.08
269,33,"(12, 27)",0,-0.08
269,34,"(12, 26)",0,-0.08
269,35,"(12, 25)",0,-0.08
269,36,"(12, 24)",1,-0.08
269,37,"(13, 24)",0,-0.08
269,38,"(13, 23)",1,-0.08
269,39,"(14, 23)",1,-0.08
269,40,"(15, 23)",1,-0.08
269,41,"(16, 23)",1,-0.08
269,42,"(17, 23)",1,-0.08
269,43,"(18, 23)",0,-0.08
269,44,"(18, 22)",1,-0.08
269,45,"(19, 22)",0,-0.08
269,46,"(19, 21)",0,-0.08
269,47,"(19, 20)",1,-0.08
269,48,"(20, 20)",0,-0.08
269,49,"(20, 19)",1,-0.08
269,50,"(21, 19)",1,-0.08
269,51,"(22, 19)",1,-0.08
269,52,"(23, 19)",0,-0.08
269,53,"(23, 18)",0,-0.08
269,54,"(23, 17)",0,-0.08
269,55,"(23, 16)",0,-0.08
269,56,"(23, 15)",1,-0.08
269,57,"(24, 15)",1,-0.08
269,58,"(25, 15)",1,-0.08
269,59,"(26, 15)",1,-0.08
269,60,"(27, 15)",1,-0.08
269,61,"(28, 15)",1,-0.08
269,62,"(29, 15)",0,-0.08
269,63,"(29, 14)",0,-0.08
269,64,"(29, 13)",1,-0.08
269,65,"(30, 13)",1,-0.08
269,66,"(31, 13)",1,-0.08
269,67,"(32, 13)",1,-0.08
269,68,"(33, 13)",1,-0.08
269,69,"(34, 13)",1,-0.08
269,70,"(35, 13)",0,-0.08
269,71,"(35, 12)",1,-0.08
269,72,"(36, 12)",1,-0.08
269,73,"(37, 12)",1,-0.08
269,74,"(38, 12)",1,-0.08
269,75,"(39, 12)",0,-0.08
269,76,"(39, 11)",1,-0.08
269,77,"(40, 11)",1,-0.08
269,78,"(41, 11)",1,-0.08
269,79,"(42, 11)",1,-0.08
269,80,"(43, 11)",1,-0.08
269,81,"(44, 11)",1,-0.08
269,82,"(45, 11)",0,-0.08
269,83,"(45, 10)",1,-0.08
269,84,"(46, 10)",1,-0.08
269,85,"(47, 10)",1,-0.08
269,86,"(48, 10)",1,-0.08
269,87,"(49, 10)",1,-0.08
269,88,"(50, 10)",0,-0.08
269,89,"(50, 9)",1,-0.08
269,90,"(51, 9)",1,-0.08
269,91,"(52, 9)",1,-0.08
269,92,"(53, 9)",1,-0.08
269,93,"(54, 9)",1,-0.08
269,94,"(55, 9)",1,-0.08
269,95,"(56, 9)",1,-0.08
269,96,"(57, 9)",0,-0.08
269,97,"(57, 8)",1,-0.08
269,98,"(58, 8)",0,-0.08
269,99,"(58, 7)",1,-0.08
269,100,"(59, 7)",1,-0.08
269,101,"(60, 7)",1,-0.08
269,102,"(61, 7)",1,-0.08
269,103,"(62, 7)",1,-0.08
269,104,"(63, 7)",1,-0.08
269,105,"(64, 7)",1,-0.08
269,106,"(65, 7)",1,-0.08
269,107,"(66, 7)",1,-0.08
269,108,"(67, 7)",1,-0.08
269,109,"(68, 7)",1,-0.08
269,110,"(69, 7)",0,-0.08
269,111,"(69, 6)",1,-0.08
269,112,"(70, 6)",1,-0.08
269,113,"(71, 6)",1,-0.08
269,114,"(72, 6)",0,-0.08
269,115,"(72, 5)",1,-0.08
269,116,"(73, 5)",1,-0.08
269,117,"(74, 5)",1,-0.08
269,118,"(75, 5)",0,-0.08
269,119,"(75, 4)",0,-0.08
269,120,"(75, 3)",1,-0.08
269,121,"(76, 3)",1,-0.08
269,122,"(77, 3)",0,-0.08
269,123,"(77, 2)",0,-0.08
269,124,"(77, 1)",1,-0.08
269,125,"(78, 1)",0,-0.08
269,126,"(78, 0)",1,8.33
270,0,"(0, 39)",0,-0.08
270,1,"(0, 38)",0,-0.08
270,2,"(0, 37)",1,-0.08
270,3,"(1, 37)",0,-8.33
270,4,"(1, 37)",3,-0.08
270,5,"(0, 37)",0,-0.08
270,6,"(0, 36)",0,-0.08
270,7,"(0, 35)",0,-0.08
270,8,"(0, 34)",0,-0.08
270,9,"(0, 33)",1,-0.08
270,10,"(1, 33)",1,-0.08
270,11,"(2, 33)",0,-0.08
270,12,"(2, 32)",1,-0.08
270,13,"(3, 32)",0,-0.08
270,14,"(3, 31)",0,-8.33
270,15,"(3, 31)",0,-8.33
270,16,"(3, 31)",2,-0.08
270,17,"(3, 32)",2,-0.08
270,18,"(3, 33)",1,-0.08
270,19,"(4, 33)",1,-0.08
270,20,"(5, 33)",0,-0.08
270,21,"(5, 32)",0,-0.08
270,22,"(5, 31)",1,-0.08
270,23,"(6, 31)",1,-0.08
270,24,"(7, 31)",1,-0.08
270,25,"(8, 31)",1,-0.08
270,26,"(9, 31)",0,-0.08
270,27,"(9, 30)",0,-0.08
270,28,"(9, 29)",1,-0.08
270,29,"(10, 29)",0,-0.08
270,30,"(10, 28)",0,-0.08
270,31,"(10, 27)",1,-0.08
270,32,"(11, 27)",1,-0.08
270,33,"(12, 27)",0,-0.08
270,34,"(12, 26)",0,-0.08
270,35,"(12, 25)",1,-0.08
270,36,"(13, 25)",1,-0.08
270,37,"(14, 25)",1,-0.08
270,38,"(15, 25)",1,-0.08
270,39,"(16, 25)",1,-0.08
270,40,"(17, 25)",0,-0.08
270,41,"(17, 24)",0,-0.08
270,42,"(17, 23)",1,-0.08
270,43,"(18, 23)",1,-0.08
270,44,"(19, 23)",0,-0.08
270,45,"(19, 22)",0,-0.08
270,46,"(19, 21)",0,-0.08
270,47,"(19, 20)",1,-0.08
270,48,"(20, 20)",0,-0.08
270,49,"(20, 19)",1,-0.08
270,50,"(21, 19)",1,-0.08
270,51,"(22, 19)",1,-0.08
270,52,"(23, 19)",0,-0.08
270,53,"(23, 18)",0,-0.08
270,54,"(23, 17)",1,-0.08
270,55,"(24, 17)",1,-0.08
270,56,"(25, 17)",1,-0.08
270,57,"(26, 17)",1,-0.08
270,58,"(27, 17)",1,-0.08
270,59,"(28, 17)",1,-0.08
270,60,"(29, 17)",1,-0.08
270,61,"(30, 17)",1,-0.08
270,62,"(31, 17)",0,-0.08
270,63,"(31, 16)",1,-0.08
270,64,"(32, 16)",0,-0.08
270,65,"(32, 15)",1,-0.08
270,66,"(33, 15)",1,-0.08
270,67,"(34, 15)",0,-0.08
270,68,"(34, 14)",0,-0.08
270,69,"(34, 13)",1,-0.08
270,70,"(35, 13)",1,-0.08
270,71,"(36, 13)",1,-0.08
270,72,"(37, 13)",1,-0.08
270,73,"(38, 13)",0,-0.08
270,74,"(38, 12)",1,-0.08
270,75,"(39, 12)",0,-0.08
270,76,"(39, 11)",1,-0.08
270,77,"(40, 11)",1,-0.08
270,78,"(41, 11)",1,-0.08
270,79,"(42, 11)",1,-0.08
270,80,"(43, 11)",1,-0.08
270,81,"(44, 11)",1,-0.08
270,82,"(45, 11)",0,-0.08
270,83,"(45, 10)",0,-0.08
270,84,"(45, 9)",0,-0.08
270,85,"(45, 8)",0,-0.08
270,86,"(45, 7)",1,-0.08
270,87,"(46, 7)",1,-0.08
270,88,"(47, 7)",1,-0.08
270,89,"(48, 7)",1,-0.08
270,90,"(49, 7)",1,-0.08
270,91,"(50, 7)",1,-0.08
270,92,"(51, 7)",1,-0.08
270,93,"(52, 7)",1,-0.08
270,94,"(53, 7)",1,-0.08
270,95,"(54, 7)",1,-0.08
270,96,"(55, 7)",1,-0.08
270,97,"(56, 7)",1,-0.08
270,98,"(57, 7)",1,-0.08
270,99,"(58, 7)",1,-0.08
270,100,"(59, 7)",1,-0.08
270,101,"(60, 7)",1,-0.08
270,102,"(61, 7)",1,-0.08
270,103,"(62, 7)",1,-0.08
270,104,"(63, 7)",1,-0.08
270,105,"(64, 7)",1,-0.08
270,106,"(65, 7)",1,-0.08
270,107,"(66, 7)",1,-0.08
270,108,"(67, 7)",1,-0.08
270,109,"(68, 7)",1,-0.08
270,110,"(69, 7)",0,-0.08
270,111,"(69, 6)",1,-0.08
270,112,"(70, 6)",1,-0.08
270,113,"(71, 6)",1,-0.08
270,114,"(72, 6)",1,-0.08
270,115,"(73, 6)",0,-0.08
270,116,"(73, 5)",1,-0.08
270,117,"(74, 5)",0,-0.08
270,118,"(74, 4)",1,-0.08
270,119,"(75, 4)",0,-0.08
270,120,"(75, 3)",1,-0.08
270,121,"(76, 3)",1,-0.08
270,122,"(77, 3)",0,-0.08
270,123,"(77, 2)",0,-0.08
270,124,"(77, 1)",0,-0.08
270,125,"(77, 0)",1,-0.08
270,126,"(78, 0)",1,8.33
271,0,"(0, 39)",1,-0.08
271,1,"(1, 39)",1,-0.08
271,2,"(2, 39)",1,-0.08
271,3,"(3, 39)",1,-0.08
271,4,"(4, 39)",0,-8.33
271,5,"(4, 39)",1,-0.08
271,6,"(5, 39)",1,-0.08
271,7,"(6, 39)",1,-0.08
271,8,"(7, 39)",0,-0.08
271,9,"(7, 38)",0,-0.08
271,10,"(7, 37)",0,-0.08
271,11,"(7, 36)",1,-0.08
271,12,"(8, 36)",0,-0.08
271,13,"(8, 35)",0,-8.33
271,14,"(8, 35)",1,-0.08
271,15,"(9, 35)",0,-8.33
271,16,"(9, 35)",2,-0.08
271,17,"(9, 36)",2,-0.08
271,18,"(9, 37)",1,-0.08
271,19,"(10, 37)",1,-0.08
271,20,"(11, 37)",1,-0.08
271,21,"(12, 37)",0,-0.08
271,22,"(12, 36)",0,-0.08
271,23,"(12, 35)",1,-0.08
271,24,"(13, 35)",1,-0.08
271,25,"(14, 35)",1,-0.08
271,26,"(15, 35)",0,-0.08
271,27,"(15, 34)",0,-0.08
271,28,"(15, 33)",0,-0.08
271,29,"(15, 32)",0,-0.08
271,30,"(15, 31)",1,-0.08
271,31,"(16, 31)",0,-0.08
271,32,"(16, 30)",0,-0.08
271,33,"(16, 29)",1,-0.08
271,34,"(17, 29)",1,-0.08
271,35,"(18, 29)",1,-0.08
271,36,"(19, 29)",1,-0.08
271,37,"(20, 29)",0,-0.08
271,38,"(20, 28)",1,-0.08
271,39,"(21, 28)",0,-0.08
271,40,"(21, 27)",0,-0.08
271,41,"(21, 26)",1,-0.08
271,42,"(22, 26)",1,-0.08
271,43,"(23, 26)",0,-0.08
271,44,"(23, 25)",0,-0.08
271,45,"(23, 24)",1,-0.08
271,46,"(24, 24)",1,-0.08
271,47,"(25, 24)",0,-0.08
271,48,"(25, 23)",0,-0.08
271,49,"(25, 22)",0,-0.08
271,50,"(25, 21)",1,-0.08
271,51,"(26, 21)",1,-0.08
271,52,"(27, 21)",1,-0.08
271,53,"(28, 21)",0,-0.08
271,54,"(28, 20)",0,-0.08
271,55,"(28, 19)",1,-0.08
271,56,"(29, 19)",1,-0.08
271,57,"(30, 19)",1,-0.08
271,58,"(31, 19)",0,-0.08
271,59,"(31, 18)",0,-0.08
271,60,"(31, 17)",1,-0.08
271,61,"(32, 17)",1,-0.08
271,62,"(33, 17)",1,-0.08
271,63,"(34, 17)",1,-0.08
271,64,"(35, 17)",0,-0.08
271,65,"(35, 16)",1,-0.08
271,66,"(36, 16)",1,-0.08
271,67,"(37, 16)",1,-8.33
271,68,"(37, 16)",0,-0.08
271,69,"(37, 15)",1,-0.08
271,70,"(38, 15)",0,-0.08
271,71,"(38, 14)",0,-0.08
271,72,"(38, 13)",1,-0.08
271,73,"(39, 13)",0,-0.08
271,74,"(39, 12)",0,-0.08
271,75,"(39, 11)",1,-0.08
271,76,"(40, 11)",1,-0.08
271,77,"(41, 11)",1,-0.08
271,78,"(42, 11)",1,-0.08
271,79,"(43, 11)",1,-0.08
271,80,"(44, 11)",1,-0.08
271,81,"(45, 11)",0,-0.08
271,82,"(45, 10)",0,-0.08
271,83,"(45, 9)",0,-0.08
271,84,"(45, 8)",1,-0.08
271,85,"(46, 8)",0,-0.08
271,86,"(46, 7)",1,-0.08
271,87,"(47, 7)",1,-0.08
271,88,"(48, 7)",1,-0.08
271,89,"(49, 7)",1,-0.08
271,90,"(50, 7)",1,-0.08
271,91,"(51, 7)",1,-0.08
271,92,"(52, 7)",1,-0.08
271,93,"(53, 7)",1,-0.08
271,94,"(54, 7)",1,-0.08
271,95,"(55, 7)",1,-0.08
271,96,"(56, 7)",1,-0.08
271,97,"(57, 7)",1,-0.08
271,98,"(58, 7)",1,-0.08
271,99,"(59, 7)",1,-0.08
271,100,"(60, 7)",1,-0.08
271,101,"(61, 7)",1,-0.08
271,102,"(62, 7)",1,-0.08
271,103,"(63, 7)",1,-0.08
271,104,"(64, 7)",1,-0.08
271,105,"(65, 7)",1,-0.08
271,106,"(66, 7)",1,-0.08
271,107,"(67, 7)",1,-0.08
271,108,"(68, 7)",1,-0.08
271,109,"(69, 7)",0,-0.08
271,110,"(69, 6)",1,-0.08
271,111,"(70, 6)",1,-0.08
271,112,"(71, 6)",0,-0.08
271,113,"(71, 5)",1,-0.08
271,114,"(72, 5)",1,-0.08
271,115,"(73, 5)",1,-0.08
271,116,"(74, 5)",1,-0.08
271,117,"(75, 5)",0,-0.08
271,118,"(75, 4)",0,-0.08
271,119,"(75, 3)",1,-0.08
271,120,"(76, 3)",0,-0.08
271,121,"(76, 2)",0,-0.08
271,122,"(76, 1)",1,-0.08
271,123,"(77, 1)",0,-0.08
271,124,"(77, 0)",1,-0.08
271,125,"(78, 0)",1,8.33
272,0,"(0, 39)",1,-0.08
272,1,"(1, 39)",0,-0.08
272,2,"(1, 38)",1,-8.33
272,3,"(1, 38)",0,-0.08
272,4,"(1, 37)",0,-8.33
272,5,"(1, 37)",3,-0.08
272,6,"(0, 37)",0,-0.08
272,7,"(0, 36)",0,-0.08
272,8,"(0, 35)",1,-0.08
272,9,"(1, 35)",1,-0.08
272,10,"(2, 35)",0,-0.08
272,11,"(2, 34)",0,-0.08
272,12,"(2, 33)",0,-0.08
272,13,"(2, 32)",1,-0.08
272,14,"(3, 32)",0,-0.08
272,15,"(3, 31)",0,-8.33
272,16,"(3, 31)",0,-8.33
272,17,"(3, 31)",2,-0.08
272,18,"(3, 32)",2,-0.08
272,19,"(3, 33)",1,-0.08
272,20,"(4, 33)",1,-0.08
272,21,"(5, 33)",0,-0.08
272,22,"(5, 32)",0,-0.08
272,23,"(5, 31)",1,-0.08
272,24,"(6, 31)",1,-0.08
272,25,"(7, 31)",1,-0.08
272,26,"(8, 31)",1,-0.08
272,27,"(9, 31)",0,-0.08
272,28,"(9, 30)",1,-0.08
272,29,"(10, 30)",0,-0.08
272,30,"(10, 29)",0,-0.08
272,31,"(10, 28)",0,-0.08
272,32,"(10, 27)",1,-0.08
272,33,"(11, 27)",1,-0.08
272,34,"(12, 27)",1,-0.08
272,35,"(13, 27)",0,-0.08
272,36,"(13, 26)",0,-0.08
272,37,"(13, 25)",1,-0.08
272,38,"(14, 25)",0,-0.08
272,39,"(14, 24)",0,-0.08
272,40,"(14, 23)",1,-0.08
272,41,"(15, 23)",1,-0.08
272,42,"(16, 23)",0,-0.08
272,43,"(16, 22)",1,-0.08
272,44,"(17, 22)",1,-0.08
272,45,"(18, 22)",1,-0.08
272,46,"(19, 22)",1,-0.08
272,47,"(20, 22)",0,-0.08
272,48,"(20, 21)",0,-0.08
272,49,"(20, 20)",1,-0.08
272,50,"(21, 20)",1,-0.08
272,51,"(22, 20)",0,-0.08
272,52,"(22, 19)",1,-0.08
272,53,"(23, 19)",0,-0.08
272,54,"(23, 18)",0,-0.08
272,55,"(23, 17)",1,-0.08
272,56,"(24, 17)",1,-0.08
272,57,"(25, 17)",1,-0.08
272,58,"(26, 17)",1,-0.08
272,59,"(27, 17)",0,-0.08
272,60,"(27, 16)",0,-0.08
272,61,"(27, 15)",0,-0.08
272,62,"(27, 14)",0,-0.08
272,63,"(27, 13)",1,-0.08
272,64,"(28, 13)",1,-0.08
272,65,"(29, 13)",1,-0.08
272,66,"(30, 13)",1,-0.08
272,67,"(31, 13)",1,-0.08
272,68,"(32, 13)",1,-0.08
272,69,"(33, 13)",1,-0.08
272,70,"(34, 13)",1,-0.08
272,71,"(35, 13)",1,-0.08
272,72,"(36, 13)",1,-0.08
272,73,"(37, 13)",0,-0.08
272,74,"(37, 12)",1,-0.08
272,75,"(38, 12)",1,-0.08
272,76,"(39, 12)",0,-0.08
272,77,"(39, 11)",1,-0.08
272,78,"(40, 11)",1,-0.08
272,79,"(41, 11)",1,-0.08
272,80,"(42, 11)",1,-0.08
272,81,"(43, 11)",1,-0.08
272,82,"(44, 11)",1,-0.08
272,83,"(45, 11)",0,-0.08
272,84,"(45, 10)",1,-0.08
272,85,"(46, 10)",1,-0.08
272,86,"(47, 10)",1,-0.08
272,87,"(48, 10)",1,-0.08
272,88,"(49, 10)",0,-0.08
272,89,"(49, 9)",1,-0.08
272,90,"(50, 9)",1,-0.08
272,91,"(51, 9)",1,-0.08
272,92,"(52, 9)",1,-0.08
272,93,"(53, 9)",1,-0.08
272,94,"(54, 9)",1,-0.08
272,95,"(55, 9)",1,-0.08
272,96,"(56, 9)",1,-0.08
272,97,"(57, 9)",0,-0.08
272,98,"(57, 8)",1,-0.08
272,99,"(58, 8)",0,-0.08
272,100,"(58, 7)",1,-0.08
272,101,"(59, 7)",1,-0.08
272,102,"(60, 7)",1,-0.08
272,103,"(61, 7)",1,-0.08
272,104,"(62, 7)",1,-0.08
272,105,"(63, 7)",1,-0.08
272,106,"(64, 7)",1,-0.08
272,107,"(65, 7)",1,-0.08
272,108,"(66, 7)",1,-0.08
272,109,"(67, 7)",1,-0.08
272,110,"(68, 7)",1,-0.08
272,111,"(69, 7)",1,-0.08
272,112,"(70, 7)",0,-0.08
272,113,"(70, 6)",1,-0.08
272,114,"(71, 6)",0,-0.08
272,115,"(71, 5)",1,-0.08
272,116,"(72, 5)",1,-0.08
272,117,"(73, 5)",1,-0.08
272,118,"(74, 5)",0,-0.08
272,119,"(74, 4)",0,-0.08
272,120,"(74, 3)",1,-0.08
272,121,"(75, 3)",1,-0.08
272,122,"(76, 3)",1,-0.08
272,123,"(77, 3)",0,-0.08
272,124,"(77, 2)",0,-0.08
272,125,"(77, 1)",0,-0.08
272,126,"(77, 0)",1,-0.08
272,127,"(78, 0)",1,8.33
273,0,"(0, 39)",0,-0.08
273,1,"(0, 38)",0,-0.08
273,2,"(0, 37)",0,-0.08
273,3,"(0, 36)",0,-0.08
273,4,"(0, 35)",1,-0.08
273,5,"(1, 35)",1,-0.08
273,6,"(2, 35)",1,-0.08
273,7,"(3, 35)",0,-8.33
273,8,"(3, 35)",3,-0.08
273,9,"(2, 35)",0,-0.08
273,10,"(2, 34)",0,-0.08
273,11,"(2, 33)",0,-0.08
273,12,"(2, 32)",1,-0.08
273,13,"(3, 32)",0,-0.08
273,14,"(3, 31)",0,-8.33
273,15,"(3, 31)",0,-8.33
273,16,"(3, 31)",3,-0.08
273,17,"(2, 31)",3,-0.08
273,18,"(1, 31)",0,-0.08
273,19,"(1, 30)",0,-0.08
273,20,"(1, 29)",0,-0.08
273,21,"(1, 28)",0,-0.08
273,22,"(1, 27)",0,-0.08
273,23,"(1, 26)",1,-0.08
273,24,"(2, 26)",0,-0.08
273,25,"(2, 25)",1,-0.08
273,26,"(3, 25)",1,-0.08
273,27,"(4, 25)",1,-0.08
273,28,"(5, 25)",1,-0.08
273,29,"(6, 25)",1,-0.08
273,30,"(7, 25)",1,-0.08
273,31,"(8, 25)",1,-0.08
273,32,"(9, 25)",1,-0.08
273,33,"(10, 25)",1,-0.08
273,34,"(11, 25)",0,-0.08
273,35,"(11, 24)",1,-0.08
273,36,"(12, 24)",1,-0.08
273,37,"(13, 24)",1,-0.08
273,38,"(14, 24)",0,-0.08
273,39,"(14, 23)",1,-0.08
273,40,"(15, 23)",1,-0.08
273,41,"(16, 23)",1,-0.08
273,42,"(17, 23)",0,-0.08
273,43,"(17, 22)",1,-0.08
273,44,"(18, 22)",1,-0.08
273,45,"(19, 22)",0,-0.08
273,46,"(19, 21)",1,-0.08
273,47,"(20, 21)",0,-0.08
273,48,"(20, 20)",0,-0.08
273,49,"(20, 19)",1,-0.08
273,50,"(21, 19)",1,-0.08
273,51,"(22, 19)",1,-0.08
273,52,"(23, 19)",0,-0.08
273,53,"(23, 18)",0,-0.08
273,54,"(23, 17)",1,-0.08
273,55,"(24, 17)",1,-0.08
273,56,"(25, 17)",1,-0.08
273,57,"(26, 17)",1,-0.08
273,58,"(27, 17)",0,-0.08
273,59,"(27, 16)",0,-0.08
273,60,"(27, 15)",1,-0.08
273,61,"(28, 15)",1,-0.08
273,62,"(29, 15)",1,-0.08
273,63,"(30, 15)",1,-0.08
273,64,"(31, 15)",1,-0.08
273,65,"(32, 15)",0,-0.08
273,66,"(32, 14)",0,-0.08
273,67,"(32, 13)",1,-0.08
273,68,"(33, 13)",1,-0.08
273,69,"(34, 13)",1,-0.08
273,70,"(35, 13)",1,-0.08
273,71,"(36, 13)",1,-0.08
273,72,"(37, 13)",0,-0.08
273,73,"(37, 12)",1,-0.08
273,74,"(38, 12)",1,-0.08
273,75,"(39, 12)",0,-0.08
273,76,"(39, 11)",1,-0.08
273,77,"(40, 11)",1,-0.08
273,78,"(41, 11)",1,-0.08
273,79,"(42, 11)",1,-0.08
273,80,"(43, 11)",1,-0.08
273,81,"(44, 11)",1,-0.08
273,82,"(45, 11)",0,-0.08
273,83,"(45, 10)",0,-0.08
273,84,"(45, 9)",1,-0.08
273,85,"(46, 9)",0,-0.08
273,86,"(46, 8)",0,-0.08
273,87,"(46, 7)",1,-0.08
273,88,"(47, 7)",1,-0.08
273,89,"(48, 7)",1,-0.08
273,90,"(49, 7)",1,-0.08
273,91,"(50, 7)",1,-0.08
273,92,"(51, 7)",1,-0.08
273,93,"(52, 7)",1,-0.08
273,94,"(53, 7)",1,-0.08
273,95,"(54, 7)",1,-0.08
273,96,"(55, 7)",1,-0.08
273,97,"(56, 7)",1,-0.08
273,98,"(57, 7)",1,-0.08
273,99,"(58, 7)",1,-0.08
273,100,"(59, 7)",1,-0.08
273,101,"(60, 7)",1,-0.08
273,102,"(61, 7)",1,-0.08
273,103,"(62, 7)",1,-0.08
273,104,"(63, 7)",1,-0.08
273,105,"(64, 7)",1,-0.08
273,106,"(65, 7)",1,-0.08
273,107,"(66, 7)",1,-0.08
273,108,"(67, 7)",1,-0.08
273,109,"(68, 7)",1,-0.08
273,110,"(69, 7)",0,-0.08
273,111,"(69, 6)",1,-0.08
273,112,"(70, 6)",1,-0.08
273,113,"(71, 6)",1,-0.08
273,114,"(72, 6)",0,-0.08
273,115,"(72, 5)",1,-0.08
273,116,"(73, 5)",1,-0.08
273,117,"(74, 5)",0,-0.08
273,118,"(74, 4)",0,-0.08
273,119,"(74, 3)",1,-0.08
273,120,"(75, 3)",1,-0.08
273,121,"(76, 3)",0,-0.08
273,122,"(76, 2)",1,-0.08
273,123,"(77, 2)",0,-0.08
273,124,"(77, 1)",1,-0.08
273,125,"(78, 1)",1,-0.08
273,126,"(79, 1)",0,8.33
274,0,"(0, 39)",0,-0.08
274,1,"(0, 38)",1,-0.08
274,2,"(1, 38)",0,-0.08
274,3,"(1, 37)",0,-8.33
274,4,"(1, 37)",3,-0.08
274,5,"(0, 37)",0,-0.08
274,6,"(0, 36)",0,-0.08
274,7,"(0, 35)",0,-0.08
274,8,"(0, 34)",0,-0.08
274,9,"(0, 33)",1,-0.08
274,10,"(1, 33)",0,-0.08
274,11,"(1, 32)",1,-0.08
274,12,"(2, 32)",1,-0.08
274,13,"(3, 32)",0,-0.08
274,14,"(3, 31)",0,-8.33
274,15,"(3, 31)",0,-8.33
274,16,"(3, 31)",3,-0.08
274,17,"(2, 31)",3,-0.08
274,18,"(1, 31)",0,-0.08
274,19,"(1, 30)",0,-0.08
274,20,"(1, 29)",1,-0.08
274,21,"(2, 29)",1,-0.08
274,22,"(3, 29)",1,-0.08
274,23,"(4, 29)",1,-0.08
274,24,"(5, 29)",1,-0.08
274,25,"(6, 29)",1,-0.08
274,26,"(7, 29)",1,-0.08
274,27,"(8, 29)",0,-0.08
274,28,"(8, 28)",0,-0.08
274,29,"(8, 27)",1,-0.08
274,30,"(9, 27)",1,-0.08
274,31,"(10, 27)",1,-0.08
274,32,"(11, 27)",1,-0.08
274,33,"(12, 27)",0,-0.08
274,34,"(12, 26)",0,-0.08
274,35,"(12, 25)",0,-0.08
274,36,"(12, 24)",1,-0.08
274,37,"(13, 24)",1,-0.08
274,38,"(14, 24)",0,-0.08
274,39,"(14, 23)",1,-0.08
274,40,"(15, 23)",1,-0.08
274,41,"(16, 23)",1,-0.08
274,42,"(17, 23)",0,-0.08
274,43,"(17, 22)",1,-0.08
274,44,"(18, 22)",1,-0.08
274,45,"(19, 22)",0,-0.08
274,46,"(19, 21)",1,-0.08
274,47,"(20, 21)",0,-0.08
274,48,"(20, 20)",1,-0.08
274,49,"(21, 20)",0,-0.08
274,50,"(21, 19)",1,-0.08
274,51,"(22, 19)",1,-0.08
274,52,"(23, 19)",0,-0.08
274,53,"(23, 18)",0,-0.08
274,54,"(23, 17)",0,-0.08
274,55,"(23, 16)",0,-0.08
274,56,"(23, 15)",1,-0.08
274,57,"(24, 15)",1,-0.08
274,58,"(25, 15)",1,-0.08
274,59,"(26, 15)",1,-0.08
274,60,"(27, 15)",1,-0.08
274,61,"(28, 15)",1,-0.08
274,62,"(29, 15)",0,-0.08
274,63,"(29, 14)",0,-0.08
274,64,"(29, 13)",1,-0.08
274,65,"(30, 13)",1,-0.08
274,66,"(31, 13)",1,-0.08
274,67,"(32, 13)",1,-0.08
274,68,"(33, 13)",1,-0.08
274,69,"(34, 13)",1,-0.08
274,70,"(35, 13)",0,-0.08
274,71,"(35, 12)",1,-0.08
274,72,"(36, 12)",1,-0.08
274,73,"(37, 12)",1,-0.08
274,74,"(38, 12)",1,-0.08
274,75,"(39, 12)",0,-0.08
274,76,"(39, 11)",1,-0.08
274,77,"(40, 11)",1,-0.08
274,78,"(41, 11)",1,-0.08
274,79,"(42, 11)",1,-0.08
274,80,"(43, 11)",1,-0.08
274,81,"(44, 11)",1,-0.08
274,82,"(45, 11)",0,-0.08
274,83,"(45, 10)",1,-0.08
274,84,"(46, 10)",0,-0.08
274,85,"(46, 9)",0,-0.08
274,86,"(46, 8)",0,-0.08
274,87,"(46, 7)",1,-0.08
274,88,"(47, 7)",1,-0.08
274,89,"(48, 7)",1,-0.08
274,90,"(49, 7)",1,-0.08
274,91,"(50, 7)",1,-0.08
274,92,"(51, 7)",1,-0.08
274,93,"(52, 7)",1,-0.08
274,94,"(53, 7)",1,-0.08
274,95,"(54, 7)",1,-0.08
274,96,"(55, 7)",1,-0.08
274,97,"(56, 7)",1,-0.08
274,98,"(57, 7)",1,-0.08
274,99,"(58, 7)",1,-0.08
274,100,"(59, 7)",1,-0.08
274,101,"(60, 7)",1,-0.08
274,102,"(61, 7)",1,-0.08
274,103,"(62, 7)",1,-0.08
274,104,"(63, 7)",1,-0.08
274,105,"(64, 7)",1,-0.08
274,106,"(65, 7)",1,-0.08
274,107,"(66, 7)",1,-0.08
274,108,"(67, 7)",1,-0.08
274,109,"(68, 7)",1,-0.08
274,110,"(69, 7)",1,-0.08
274,111,"(70, 7)",1,-0.08
274,112,"(71, 7)",1,-0.08
274,113,"(72, 7)",1,-0.08
274,114,"(73, 7)",0,-0.08
274,115,"(73, 6)",1,-0.08
274,116,"(74, 6)",0,-0.08
274,117,"(74, 5)",1,-0.08
274,118,"(75, 5)",1,-0.08
274,119,"(76, 5)",1,-0.08
274,120,"(77, 5)",0,-0.08
274,121,"(77, 4)",0,-0.08
274,122,"(77, 3)",0,-0.08
274,123,"(77, 2)",0,-0.08
274,124,"(77, 1)",1,-0.08
274,125,"(78, 1)",1,-0.08
274,126,"(79, 1)",0,8.33
275,0,"(0, 39)",0,-0.08
275,1,"(0, 38)",1,-0.08
275,2,"(1, 38)",1,-8.33
275,3,"(1, 38)",0,-0.08
275,4,"(1, 37)",0,-8.33
275,5,"(1, 37)",3,-0.08
275,6,"(0, 37)",0,-0.08
275,7,"(0, 36)",0,-0.08
275,8,"(0, 35)",0,-0.08
275,9,"(0, 34)",0,-0.08
275,10,"(0, 33)",1,-0.08
275,11,"(1, 33)",0,-0.08
275,12,"(1, 32)",0,-0.08
275,13,"(1, 31)",0,-0.08
275,14,"(1, 30)",0,-0.08
275,15,"(1, 29)",1,-0.08
275,16,"(2, 29)",1,-0.08
275,17,"(3, 29)",0,-0.08
275,18,"(3, 28)",0,-0.08
275,19,"(3, 27)",0,-0.08
275,20,"(3, 26)",0,-0.08
275,21,"(3, 25)",1,-0.08
275,22,"(4, 25)",1,-0.08
275,23,"(5, 25)",1,-0.08
275,24,"(6, 25)",1,-0.08
275,25,"(7, 25)",1,-0.08
275,26,"(8, 25)",1,-0.08
275,27,"(9, 25)",1,-0.08
275,28,"(10, 25)",0,-0.08
275,29,"(10, 24)",1,-0.08
275,30,"(11, 24)",1,-0.08
275,31,"(12, 24)",1,-0.08
275,32,"(13, 24)",1,-0.08
275,33,"(14, 24)",0,-0.08
275,34,"(14, 23)",1,-0.08
275,35,"(15, 23)",1,-0.08
275,36,"(16, 23)",1,-0.08
275,37,"(17, 23)",0,-0.08
275,38,"(17, 22)",1,-0.08
275,39,"(18, 22)",1,-0.08
275,40,"(19, 22)",0,-0.08
275,41,"(19, 21)",0,-0.08
275,42,"(19, 20)",0,-0.08
275,43,"(19, 19)",1,-0.08
275,44,"(20, 19)",1,-0.08
275,45,"(21, 19)",0,-0.08
275,46,"(21, 18)",1,-8.33
275,47,"(21, 18)",2,-0.08
275,48,"(21, 19)",1,-0.08
275,49,"(22, 19)",1,-0.08
275,50,"(23, 19)",0,-0.08
275,51,"(23, 18)",0,-0.08
275,52,"(23, 17)",0,-0.08
275,53,"(23, 16)",0,-0.08
275,54,"(23, 15)",1,-0.08
275,55,"(24, 15)",1,-0.08
275,56,"(25, 15)",1,-0.08
275,57,"(26, 15)",1,-0.08
275,58,"(27, 15)",0,-0.08
275,59,"(27, 14)",0,-0.08
275,60,"(27, 13)",1,-0.08
275,61,"(28, 13)",1,-0.08
275,62,"(29, 13)",1,-0.08
275,63,"(30, 13)",1,-0.08
275,64,"(31, 13)",1,-0.08
275,65,"(32, 13)",1,-0.08
275,66,"(33, 13)",1,-0.08
275,67,"(34, 13)",1,-0.08
275,68,"(35, 13)",1,-0.08
275,69,"(36, 13)",0,-0.08
275,70,"(36, 12)",1,-0.08
275,71,"(37, 12)",1,-0.08
275,72,"(38, 12)",1,-0.08
275,73,"(39, 12)",0,-0.08
275,74,"(39, 11)",1,-0.08
275,75,"(40, 11)",1,-0.08
275,76,"(41, 11)",1,-0.08
275,77,"(42, 11)",1,-0.08
275,78,"(43, 11)",1,-0.08
275,79,"(44, 11)",1,-0.08
275,80,"(45, 11)",0,-0.08
275,81,"(45, 10)",0,-0.08
275,82,"(45, 9)",1,-0.08
275,83,"(46, 9)",0,-0.08
275,84,"(46, 8)",0,-0.08
275,85,"(46, 7)",1,-0.08
275,86,"(47, 7)",1,-0.08
275,87,"(48, 7)",1,-0.08
275,88,"(49, 7)",1,-0.08
275,89,"(50, 7)",1,-0.08
275,90,"(51, 7)",1,-0.08
275,91,"(52, 7)",1,-0.08
275,92,"(53, 7)",1,-0.08
275,93,"(54, 7)",1,-0.08
275,94,"(55, 7)",1,-0.08
275,95,"(56, 7)",1,-0.08
275,96,"(57, 7)",1,-0.08
275,97,"(58, 7)",1,-0.08
275,98,"(59, 7)",1,-0.08
275,99,"(60, 7)",1,-0.08
275,100,"(61, 7)",1,-0.08
275,101,"(62, 7)",1,-0.08
275,102,"(63, 7)",1,-0.08
275,103,"(64, 7)",1,-0.08
275,104,"(65, 7)",1,-0.08
275,105,"(66, 7)",1,-0.08
275,106,"(67, 7)",1,-0.08
275,107,"(68, 7)",1,-0.08
275,108,"(69, 7)",1,-0.08
275,109,"(70, 7)",1,-0.08
275,110,"(71, 7)",1,-0.08
275,111,"(72, 7)",0,-0.08
275,112,"(72, 6)",1,-0.08
275,113,"(73, 6)",0,-0.08
275,114,"(73, 5)",1,-0.08
275,115,"(74, 5)",0,-0.08
275,116,"(74, 4)",0,-0.08
275,117,"(74, 3)",1,-0.08
275,118,"(75, 3)",1,-0.08
275,119,"(76, 3)",1,-0.08
275,120,"(77, 3)",0,-0.08
275,121,"(77, 2)",0,-0.08
275,122,"(77, 1)",0,-0.08
275,123,"(77, 0)",1,-0.08
275,124,"(78, 0)",1,8.33
276,0,"(0, 39)",0,-0.08
276,1,"(0, 38)",0,-0.08
276,2,"(0, 37)",0,-0.08
276,3,"(0, 36)",0,-0.08
276,4,"(0, 35)",0,-0.08
276,5,"(0, 34)",1,-0.08
276,6,"(1, 34)",1,-0.08
276,7,"(2, 34)",0,-0.08
276,8,"(2, 33)",1,-0.08
276,9,"(3, 33)",0,-0.08
276,10,"(3, 32)",1,-8.33
276,11,"(3, 32)",0,-0.08
276,12,"(3, 31)",0,-8.33
276,13,"(3, 31)",2,-0.08
276,14,"(3, 32)",2,-0.08
276,15,"(3, 33)",1,-0.08
276,16,"(4, 33)",1,-0.08
276,17,"(5, 33)",1,-0.08
276,18,"(6, 33)",1,-0.08
276,19,"(7, 33)",1,-0.08
276,20,"(8, 33)",1,-0.08
276,21,"(9, 33)",1,-0.08
276,22,"(10, 33)",1,-0.08
276,23,"(11, 33)",0,-0.08
276,24,"(11, 32)",1,-0.08
276,25,"(12, 32)",0,-0.08
276,26,"(12, 31)",1,-0.08
276,27,"(13, 31)",1,-0.08
276,28,"(14, 31)",1,-0.08
276,29,"(15, 31)",1,-0.08
276,30,"(16, 31)",0,-0.08
276,31,"(16, 30)",0,-0.08
276,32,"(16, 29)",1,-0.08
276,33,"(17, 29)",1,-0.08
276,34,"(18, 29)",1,-0.08
276,35,"(19, 29)",1,-0.08
276,36,"(20, 29)",0,-0.08
276,37,"(20, 28)",0,-0.08
276,38,"(20, 27)",1,-0.08
276,39,"(21, 27)",0,-0.08
276,40,"(21, 26)",1,-0.08
276,41,"(22, 26)",0,-0.08
276,42,"(22, 25)",1,-0.08
276,43,"(23, 25)",1,-0.08
276,44,"(24, 25)",1,-0.08
276,45,"(25, 25)",0,-0.08
276,46,"(25, 24)",0,-0.08
276,47,"(25, 23)",0,-0.08
276,48,"(25, 22)",0,-0.08
276,49,"(25, 21)",0,-0.08
276,50,"(25, 20)",0,-0.08
276,51,"(25, 19)",1,-0.08
276,52,"(26, 19)",1,-0.08
276,53,"(27, 19)",0,-0.08
276,54,"(27, 18)",0,-0.08
276,55,"(27, 17)",1,-0.08
276,56,"(28, 17)",1,-0.08
276,57,"(29, 17)",1,-0.08
276,58,"(30, 17)",1,-0.08
276,59,"(31, 17)",1,-0.08
276,60,"(32, 17)",1,-0.08
276,61,"(33, 17)",1,-0.08
276,62,"(34, 17)",1,-0.08
276,63,"(35, 17)",1,-0.08
276,64,"(36, 17)",1,-0.08
276,65,"(37, 17)",0,-0.08
276,66,"(37, 16)",0,-0.08
276,67,"(37, 15)",0,-0.08
276,68,"(37, 14)",1,-0.08
276,69,"(38, 14)",0,-0.08
276,70,"(38, 13)",0,-0.08
276,71,"(38, 12)",1,-0.08
276,72,"(39, 12)",0,-0.08
276,73,"(39, 11)",1,-0.08
276,74,"(40, 11)",1,-0.08
276,75,"(41, 11)",1,-0.08
276,76,"(42, 11)",1,-0.08
276,77,"(43, 11)",1,-0.08
276,78,"(44, 11)",1,-0.08
276,79,"(45, 11)",0,-0.08
276,80,"(45, 10)",0,-0.08
276,81,"(45, 9)",0,-0.08
276,82,"(45, 8)",0,-0.08
276,83,"(45, 7)",1,-0.08
276,84,"(46, 7)",1,-0.08
276,85,"(47, 7)",1,-0.08
276,86,"(48, 7)",1,-0.08
276,87,"(49, 7)",1,-0.08
276,88,"(50, 7)",1,-0.08
276,89,"(51, 7)",1,-0.08
276,90,"(52, 7)",1,-0.08
276,91,"(53, 7)",1,-0.08
276,92,"(54, 7)",1,-0.08
276,93,"(55, 7)",1,-0.08
276,94,"(56, 7)",1,-0.08
276,95,"(57, 7)",1,-0.08
276,96,"(58, 7)",1,-0.08
276,97,"(59, 7)",1,-0.08
276,98,"(60, 7)",1,-0.08
276,99,"(61, 7)",1,-0.08
276,100,"(62, 7)",1,-0.08
276,101,"(63, 7)",1,-0.08
276,102,"(64, 7)",1,-0.08
276,103,"(65, 7)",1,-0.08
276,104,"(66, 7)",1,-0.08
276,105,"(67, 7)",1,-0.08
276,106,"(68, 7)",1,-0.08
276,107,"(69, 7)",0,-0.08
276,108,"(69, 6)",1,-0.08
276,109,"(70, 6)",1,-0.08
276,110,"(71, 6)",1,-0.08
276,111,"(72, 6)",0,-0.08
276,112,"(72, 5)",1,-0.08
276,113,"(73, 5)",1,-0.08
276,114,"(74, 5)",0,-0.08
276,115,"(74, 4)",0,-0.08
276,116,"(74, 3)",1,-0.08
276,117,"(75, 3)",1,-0.08
276,118,"(76, 3)",1,-0.08
276,119,"(77, 3)",0,-0.08
276,120,"(77, 2)",0,-0.08
276,121,"(77, 1)",1,-0.08
276,122,"(78, 1)",0,-0.08
276,123,"(78, 0)",1,8.33
277,0,"(0, 39)",1,-0.08
277,1,"(1, 39)",0,-0.08
277,2,"(1, 38)",0,-0.08
277,3,"(1, 37)",0,-8.33
277,4,"(1, 37)",3,-0.08
277,5,"(0, 37)",0,-0.08
277,6,"(0, 36)",0,-0.08
277,7,"(0, 35)",0,-0.08
277,8,"(0, 34)",0,-0.08
277,9,"(0, 33)",1,-0.08
277,10,"(1, 33)",0,-0.08
277,11,"(1, 32)",1,-0.08
277,12,"(2, 32)",1,-0.08
277,13,"(3, 32)",0,-0.08
277,14,"(3, 31)",0,-8.33
277,15,"(3, 31)",0,-8.33
277,16,"(3, 31)",2,-0.08
277,17,"(3, 32)",2,-0.08
277,18,"(3, 33)",1,-0.08
277,19,"(4, 33)",1,-0.08
277,20,"(5, 33)",0,-0.08
277,21,"(5, 32)",0,-0.08
277,22,"(5, 31)",0,-0.08
277,23,"(5, 30)",0,-0.08
277,24,"(5, 29)",1,-0.08
277,25,"(6, 29)",1,-0.08
277,26,"(7, 29)",0,-0.08
277,27,"(7, 28)",0,-0.08
277,28,"(7, 27)",0,-0.08
277,29,"(7, 26)",0,-0.08
277,30,"(7, 25)",1,-0.08
277,31,"(8, 25)",1,-0.08
277,32,"(9, 25)",0,-0.08
277,33,"(9, 24)",1,-0.08
277,34,"(10, 24)",1,-0.08
277,35,"(11, 24)",1,-0.08
277,36,"(12, 24)",1,-0.08
277,37,"(13, 24)",0,-0.08
277,38,"(13, 23)",1,-0.08
277,39,"(14, 23)",1,-0.08
277,40,"(15, 23)",1,-0.08
277,41,"(16, 23)",0,-0.08
277,42,"(16, 22)",1,-0.08
277,43,"(17, 22)",1,-0.08
277,44,"(18, 22)",1,-0.08
277,45,"(19, 22)",1,-0.08
277,46,"(20, 22)",1,-0.08
277,47,"(21, 22)",0,-0.08
277,48,"(21, 21)",0,-0.08
277,49,"(21, 20)",0,-0.08
277,50,"(21, 19)",1,-0.08
277,51,"(22, 19)",1,-0.08
277,52,"(23, 19)",0,-0.08
277,53,"(23, 18)",0,-0.08
277,54,"(23, 17)",0,-0.08
277,55,"(23, 16)",0,-0.08
277,56,"(23, 15)",1,-0.08
277,57,"(24, 15)",1,-0.08
277,58,"(25, 15)",1,-0.08
277,59,"(26, 15)",1,-0.08
277,60,"(27, 15)",1,-0.08
277,61,"(28, 15)",1,-0.08
277,62,"(29, 15)",1,-0.08
277,63,"(30, 15)",1,-0.08
277,64,"(31, 15)",1,-0.08
277,65,"(32, 15)",1,-0.08
277,66,"(33, 15)",1,-0.08
277,67,"(34, 15)",1,-0.08
277,68,"(35, 15)",0,-0.08
277,69,"(35, 14)",0,-0.08
277,70,"(35, 13)",1,-0.08
277,71,"(36, 13)",0,-0.08
277,72,"(36, 12)",1,-0.08
277,73,"(37, 12)",1,-0.08
277,74,"(38, 12)",1,-0.08
277,75,"(39, 12)",0,-0.08
277,76,"(39, 11)",1,-0.08
277,77,"(40, 11)",1,-0.08
277,78,"(41, 11)",1,-0.08
277,79,"(42, 11)",1,-0.08
277,80,"(43, 11)",1,-0.08
277,81,"(44, 11)",1,-0.08
277,82,"(45, 11)",0,-0.08
277,83,"(45, 10)",1,-0.08
277,84,"(46, 10)",0,-0.08
277,85,"(46, 9)",0,-0.08
277,86,"(46, 8)",0,-0.08
277,87,"(46, 7)",1,-0.08
277,88,"(47, 7)",1,-0.08
277,89,"(48, 7)",1,-0.08
277,90,"(49, 7)",1,-0.08
277,91,"(50, 7)",1,-0.08
277,92,"(51, 7)",1,-0.08
277,93,"(52, 7)",1,-0.08
277,94,"(53, 7)",1,-0.08
277,95,"(54, 7)",1,-0.08
277,96,"(55, 7)",1,-0.08
277,97,"(56, 7)",1,-0.08
277,98,"(57, 7)",1,-0.08
277,99,"(58, 7)",1,-0.08
277,100,"(59, 7)",1,-0.08
277,101,"(60, 7)",1,-0.08
277,102,"(61, 7)",1,-0.08
277,103,"(62, 7)",1,-0.08
277,104,"(63, 7)",1,-0.08
277,105,"(64, 7)",1,-0.08
277,106,"(65, 7)",1,-0.08
277,107,"(66, 7)",1,-0.08
277,108,"(67, 7)",1,-0.08
277,109,"(68, 7)",1,-0.08
277,110,"(69, 7)",1,-0.08
277,111,"(70, 7)",0,-0.08
277,112,"(70, 6)",1,-0.08
277,113,"(71, 6)",1,-0.08
277,114,"(72, 6)",1,-0.08
277,115,"(73, 6)",0,-0.08
277,116,"(73, 5)",1,-0.08
277,117,"(74, 5)",0,-0.08
277,118,"(74, 4)",0,-0.08
277,119,"(74, 3)",1,-0.08
277,120,"(75, 3)",1,-0.08
277,121,"(76, 3)",1,-0.08
277,122,"(77, 3)",0,-0.08
277,123,"(77, 2)",0,-0.08
277,124,"(77, 1)",1,-0.08
277,125,"(78, 1)",1,-0.08
277,126,"(79, 1)",0,8.33
278,0,"(0, 39)",1,-0.08
278,1,"(1, 39)",0,-0.08
278,2,"(1, 38)",1,-8.33
278,3,"(1, 38)",0,-0.08
278,4,"(1, 37)",0,-8.33
278,5,"(1, 37)",3,-0.08
278,6,"(0, 37)",0,-0.08
278,7,"(0, 36)",0,-0.08
278,8,"(0, 35)",1,-0.08
278,9,"(1, 35)",0,-0.08
278,10,"(1, 34)",1,-0.08
278,11,"(2, 34)",0,-0.08
278,12,"(2, 33)",0,-0.08
278,13,"(2, 32)",0,-0.08
278,14,"(2, 31)",1,-0.08
278,15,"(3, 31)",0,-8.33
278,16,"(3, 31)",0,-8.33
278,17,"(3, 31)",2,-0.08
278,18,"(3, 32)",2,-0.08
278,19,"(3, 33)",1,-0.08
278,20,"(4, 33)",1,-0.08
278,21,"(5, 33)",0,-0.08
278,22,"(5, 32)",0,-0.08
278,23,"(5, 31)",1,-0.08
278,24,"(6, 31)",1,-0.08
278,25,"(7, 31)",1,-0.08
278,26,"(8, 31)",1,-0.08
278,27,"(9, 31)",0,-0.08
278,28,"(9, 30)",1,-0.08
278,29,"(10, 30)",0,-0.08
278,30,"(10, 29)",0,-0.08
278,31,"(10, 28)",0,-0.08
278,32,"(10, 27)",1,-0.08
278,33,"(11, 27)",1,-0.08
278,34,"(12, 27)",0,-0.08
278,35,"(12, 26)",1,-0.08
278,36,"(13, 26)",0,-0.08
278,37,"(13, 25)",1,-0.08
278,38,"(14, 25)",0,-0.08
278,39,"(14, 24)",0,-0.08
278,40,"(14, 23)",1,-0.08
278,41,"(15, 23)",1,-0.08
278,42,"(16, 23)",1,-0.08
278,43,"(17, 23)",1,-0.08
278,44,"(18, 23)",0,-0.08
278,45,"(18, 22)",1,-0.08
278,46,"(19, 22)",0,-0.08
278,47,"(19, 21)",0,-0.08
278,48,"(19, 20)",0,-0.08
278,49,"(19, 19)",1,-0.08
278,50,"(20, 19)",1,-0.08
278,51,"(21, 19)",1,-0.08
278,52,"(22, 19)",1,-0.08
278,53,"(23, 19)",0,-0.08
278,54,"(23, 18)",0,-0.08
278,55,"(23, 17)",1,-0.08
278,56,"(24, 17)",1,-0.08
278,57,"(25, 17)",1,-0.08
278,58,"(26, 17)",1,-0.08
278,59,"(27, 17)",1,-0.08
278,60,"(28, 17)",1,-0.08
278,61,"(29, 17)",1,-0.08
278,62,"(30, 17)",1,-0.08
278,63,"(31, 17)",1,-0.08
278,64,"(32, 17)",0,-0.08
278,65,"(32, 16)",0,-0.08
278,66,"(32, 15)",0,-0.08
278,67,"(32, 14)",0,-0.08
278,68,"(32, 13)",1,-0.08
278,69,"(33, 13)",1,-0.08
278,70,"(34, 13)",1,-0.08
278,71,"(35, 13)",1,-0.08
278,72,"(36, 13)",1,-0.08
278,73,"(37, 13)",1,-0.08
278,74,"(38, 13)",0,-0.08
278,75,"(38, 12)",1,-0.08
278,76,"(39, 12)",0,-0.08
278,77,"(39, 11)",1,-0.08
278,78,"(40, 11)",1,-0.08
278,79,"(41, 11)",1,-0.08
278,80,"(42, 11)",1,-0.08
278,81,"(43, 11)",1,-0.08
278,82,"(44, 11)",1,-0.08
278,83,"(45, 11)",0,-0.08
278,84,"(45, 10)",0,-0.08
278,85,"(45, 9)",0,-0.08
278,86,"(45, 8)",0,-0.08
278,87,"(45, 7)",1,-0.08
278,88,"(46, 7)",1,-0.08
278,89,"(47, 7)",1,-0.08
278,90,"(48, 7)",1,-0.08
278,91,"(49, 7)",1,-0.08
278,92,"(50, 7)",1,-0.08
278,93,"(51, 7)",1,-0.08
278,94,"(52, 7)",1,-0.08
278,95,"(53, 7)",1,-0.08
278,96,"(54, 7)",1,-0.08
278,97,"(55, 7)",1,-0.08
278,98,"(56, 7)",1,-0.08
278,99,"(57, 7)",1,-0.08
278,100,"(58, 7)",1,-0.08
278,101,"(59, 7)",1,-0.08
278,102,"(60, 7)",1,-0.08
278,103,"(61, 7)",1,-0.08
278,104,"(62, 7)",1,-0.08
278,105,"(63, 7)",1,-0.08
278,106,"(64, 7)",1,-0.08
278,107,"(65, 7)",1,-0.08
278,108,"(66, 7)",1,-0.08
278,109,"(67, 7)",1,-0.08
278,110,"(68, 7)",1,-0.08
278,111,"(69, 7)",1,-0.08
278,112,"(70, 7)",1,-0.08
278,113,"(71, 7)",1,-0.08
278,114,"(72, 7)",0,-0.08
278,115,"(72, 6)",1,-0.08
278,116,"(73, 6)",0,-0.08
278,117,"(73, 5)",1,-0.08
278,118,"(74, 5)",0,-0.08
278,119,"(74, 4)",1,-0.08
278,120,"(75, 4)",0,-0.08
278,121,"(75, 3)",1,-0.08
278,122,"(76, 3)",0,-0.08
278,123,"(76, 2)",1,-0.08
278,124,"(77, 2)",0,-0.08
278,125,"(77, 1)",0,-0.08
278,126,"(77, 0)",1,-0.08
278,127,"(78, 0)",1,8.33
279,0,"(0, 39)",0,-0.08
279,1,"(0, 38)",1,-0.08
279,2,"(1, 38)",1,-8.33
279,3,"(1, 38)",0,-0.08
279,4,"(1, 37)",0,-8.33
279,5,"(1, 37)",3,-0.08
279,6,"(0, 37)",0,-0.08
279,7,"(0, 36)",0,-0.08
279,8,"(0, 35)",0,-0.08
279,9,"(0, 34)",1,-0.08
279,10,"(1, 34)",0,-0.08
279,11,"(1, 33)",0,-0.08
279,12,"(1, 32)",0,-0.08
279,13,"(1, 31)",1,-0.08
279,14,"(2, 31)",1,-0.08
279,15,"(3, 31)",0,-8.33
279,16,"(3, 31)",3,-0.08
279,17,"(2, 31)",3,-0.08
279,18,"(1, 31)",0,-0.08
279,19,"(1, 30)",0,-0.08
279,20,"(1, 29)",1,-0.08
279,21,"(2, 29)",1,-0.08
279,22,"(3, 29)",1,-0.08
279,23,"(4, 29)",1,-0.08
279,24,"(5, 29)",1,-0.08
279,25,"(6, 29)",1,-0.08
279,26,"(7, 29)",0,-0.08
279,27,"(7, 28)",0,-0.08
279,28,"(7, 27)",0,-0.08
279,29,"(7, 26)",0,-0.08
279,30,"(7, 25)",1,-0.08
279,31,"(8, 25)",1,-0.08
279,32,"(9, 25)",0,-0.08
279,33,"(9, 24)",1,-0.08
279,34,"(10, 24)",1,-0.08
279,35,"(11, 24)",1,-0.08
279,36,"(12, 24)",1,-0.08
279,37,"(13, 24)",0,-0.08
279,38,"(13, 23)",1,-0.08
279,39,"(14, 23)",1,-0.08
279,40,"(15, 23)",1,-0.08
279,41,"(16, 23)",1,-0.08
279,42,"(17, 23)",0,-0.08
279,43,"(17, 22)",1,-0.08
279,44,"(18, 22)",1,-0.08
279,45,"(19, 22)",0,-0.08
279,46,"(19, 21)",1,-0.08
279,47,"(20, 21)",0,-0.08
279,48,"(20, 20)",0,-0.08
279,49,"(20, 19)",1,-0.08
279,50,"(21, 19)",1,-0.08
279,51,"(22, 19)",1,-0.08
279,52,"(23, 19)",0,-0.08
279,53,"(23, 18)",0,-0.08
279,54,"(23, 17)",1,-0.08
279,55,"(24, 17)",1,-0.08
279,56,"(25, 17)",1,-0.08
279,57,"(26, 17)",1,-0.08
279,58,"(27, 17)",1,-0.08
279,59,"(28, 17)",0,-0.08
279,60,"(28, 16)",0,-0.08
279,61,"(28, 15)",1,-0.08
279,62,"(29, 15)",0,-0.08
279,63,"(29, 14)",0,-0.08
279,64,"(29, 13)",1,-0.08
279,65,"(30, 13)",1,-0.08
279,66,"(31, 13)",1,-0.08
279,67,"(32, 13)",1,-0.08
279,68,"(33, 13)",1,-0.08
279,69,"(34, 13)",1,-0.08
279,70,"(35, 13)",0,-0.08
279,71,"(35, 12)",1,-0.08
279,72,"(36, 12)",1,-0.08
279,73,"(37, 12)",1,-0.08
279,74,"(38, 12)",1,-0.08
279,75,"(39, 12)",0,-0.08
279,76,"(39, 11)",1,-0.08
279,77,"(40, 11)",1,-0.08
279,78,"(41, 11)",1,-0.08
279,79,"(42, 11)",1,-0.08
279,80,"(43, 11)",1,-0.08
279,81,"(44, 11)",1,-0.08
279,82,"(45, 11)",0,-0.08
279,83,"(45, 10)",1,-0.08
279,84,"(46, 10)",0,-0.08
279,85,"(46, 9)",0,-0.08
279,86,"(46, 8)",0,-0.08
279,87,"(46, 7)",1,-0.08
279,88,"(47, 7)",1,-0.08
279,89,"(48, 7)",1,-0.08
279,90,"(49, 7)",1,-0.08
279,91,"(50, 7)",1,-0.08
279,92,"(51, 7)",1,-0.08
279,93,"(52, 7)",1,-0.08
279,94,"(53, 7)",1,-0.08
279,95,"(54, 7)",1,-0.08
279,96,"(55, 7)",1,-0.08
279,97,"(56, 7)",1,-0.08
279,98,"(57, 7)",1,-0.08
279,99,"(58, 7)",1,-0.08
279,100,"(59, 7)",1,-0.08
279,101,"(60, 7)",1,-0.08
279,102,"(61, 7)",1,-0.08
279,103,"(62, 7)",1,-0.08
279,104,"(63, 7)",1,-0.08
279,105,"(64, 7)",1,-0.08
279,106,"(65, 7)",1,-0.08
279,107,"(66, 7)",1,-0.08
279,108,"(67, 7)",1,-0.08
279,109,"(68, 7)",1,-0.08
279,110,"(69, 7)",1,-0.08
279,111,"(70, 7)",0,-0.08
279,112,"(70, 6)",1,-0.08
279,113,"(71, 6)",0,-0.08
279,114,"(71, 5)",1,-0.08
279,115,"(72, 5)",1,-0.08
279,116,"(73, 5)",1,-0.08
279,117,"(74, 5)",1,-0.08
279,118,"(75, 5)",1,-0.08
279,119,"(76, 5)",1,-0.08
279,120,"(77, 5)",0,-0.08
279,121,"(77, 4)",0,-0.08
279,122,"(77, 3)",0,-0.08
279,123,"(77, 2)",0,-0.08
279,124,"(77, 1)",0,-0.08
279,125,"(77, 0)",1,-0.08
279,126,"(78, 0)",1,8.33
280,0,"(0, 39)",1,-0.08
280,1,"(1, 39)",0,-0.08
280,2,"(1, 38)",1,-8.33
280,3,"(1, 38)",0,-0.08
280,4,"(1, 37)",0,-8.33
280,5,"(1, 37)",3,-0.08
280,6,"(0, 37)",0,-0.08
280,7,"(0, 36)",0,-0.08
280,8,"(0, 35)",0,-0.08
280,9,"(0, 34)",1,-0.08
280,10,"(1, 34)",0,-0.08
280,11,"(1, 33)",0,-0.08
280,12,"(1, 32)",0,-0.08
280,13,"(1, 31)",1,-0.08
280,14,"(2, 31)",1,-0.08
280,15,"(3, 31)",0,-8.33
280,16,"(3, 31)",2,-0.08
280,17,"(3, 32)",2,-0.08
280,18,"(3, 33)",1,-0.08
280,19,"(4, 33)",1,-0.08
280,20,"(5, 33)",0,-0.08
280,21,"(5, 32)",0,-0.08
280,22,"(5, 31)",0,-0.08
280,23,"(5, 30)",0,-0.08
280,24,"(5, 29)",1,-0.08
280,25,"(6, 29)",1,-0.08
280,26,"(7, 29)",0,-0.08
280,27,"(7, 28)",1,-0.08
280,28,"(8, 28)",0,-0.08
280,29,"(8, 27)",1,-0.08
280,30,"(9, 27)",1,-0.08
280,31,"(10, 27)",1,-0.08
280,32,"(11, 27)",1,-0.08
280,33,"(12, 27)",1,-0.08
280,34,"(13, 27)",0,-0.08
280,35,"(13, 26)",0,-0.08
280,36,"(13, 25)",0,-0.08
280,37,"(13, 24)",1,-0.08
280,38,"(14, 24)",0,-0.08
280,39,"(14, 23)",1,-0.08
280,40,"(15, 23)",1,-0.08
280,41,"(16, 23)",0,-0.08
280,42,"(16, 22)",1,-0.08
280,43,"(17, 22)",1,-0.08
280,44,"(18, 22)",1,-0.08
280,45,"(19, 22)",0,-0.08
280,46,"(19, 21)",1,-0.08
280,47,"(20, 21)",1,-0.08
280,48,"(21, 21)",0,-0.08
280,49,"(21, 20)",0,-0.08
280,50,"(21, 19)",1,-0.08
280,51,"(22, 19)",1,-0.08
280,52,"(23, 19)",0,-0.08
280,53,"(23, 18)",0,-0.08
280,54,"(23, 17)",0,-0.08
280,55,"(23, 16)",0,-0.08
280,56,"(23, 15)",1,-0.08
280,57,"(24, 15)",1,-0.08
280,58,"(25, 15)",1,-0.08
280,59,"(26, 15)",1,-0.08
280,60,"(27, 15)",0,-0.08
280,61,"(27, 14)",0,-0.08
280,62,"(27, 13)",1,-0.08
280,63,"(28, 13)",1,-0.08
280,64,"(29, 13)",1,-0.08
280,65,"(30, 13)",1,-0.08
280,66,"(31, 13)",1,-0.08
280,67,"(32, 13)",1,-0.08
280,68,"(33, 13)",1,-0.08
280,69,"(34, 13)",1,-0.08
280,70,"(35, 13)",0,-0.08
280,71,"(35, 12)",1,-0.08
280,72,"(36, 12)",1,-0.08
280,73,"(37, 12)",1,-0.08
280,74,"(38, 12)",1,-0.08
280,75,"(39, 12)",0,-0.08
280,76,"(39, 11)",1,-0.08
280,77,"(40, 11)",1,-0.08
280,78,"(41, 11)",1,-0.08
280,79,"(42, 11)",1,-0.08
280,80,"(43, 11)",1,-0.08
280,81,"(44, 11)",1,-0.08
280,82,"(45, 11)",0,-0.08
280,83,"(45, 10)",1,-0.08
280,84,"(46, 10)",1,-0.08
280,85,"(47, 10)",1,-0.08
280,86,"(48, 10)",1,-0.08
280,87,"(49, 10)",1,-0.08
280,88,"(50, 10)",0,-0.08
280,89,"(50, 9)",1,-0.08
280,90,"(51, 9)",1,-0.08
280,91,"(52, 9)",1,-0.08
280,92,"(53, 9)",1,-0.08
280,93,"(54, 9)",1,-0.08
280,94,"(55, 9)",1,-0.08
280,95,"(56, 9)",1,-0.08
280,96,"(57, 9)",0,-0.08
280,97,"(57, 8)",1,-0.08
280,98,"(58, 8)",0,-0.08
280,99,"(58, 7)",1,-0.08
280,100,"(59, 7)",1,-0.08
280,101,"(60, 7)",1,-0.08
280,102,"(61, 7)",1,-0.08
280,103,"(62, 7)",1,-0.08
280,104,"(63, 7)",1,-0.08
280,105,"(64, 7)",1,-0.08
280,106,"(65, 7)",1,-0.08
280,107,"(66, 7)",1,-0.08
280,108,"(67, 7)",1,-0.08
280,109,"(68, 7)",1,-0.08
280,110,"(69, 7)",0,-0.08
280,111,"(69, 6)",1,-0.08
280,112,"(70, 6)",1,-0.08
280,113,"(71, 6)",0,-0.08
280,114,"(71, 5)",1,-0.08
280,115,"(72, 5)",1,-0.08
280,116,"(73, 5)",1,-0.08
280,117,"(74, 5)",1,-0.08
280,118,"(75, 5)",1,-0.08
280,119,"(76, 5)",1,-0.08
280,120,"(77, 5)",0,-0.08
280,121,"(77, 4)",0,-0.08
280,122,"(77, 3)",0,-0.08
280,123,"(77, 2)",0,-0.08
280,124,"(77, 1)",0,-0.08
280,125,"(77, 0)",1,-0.08
280,126,"(78, 0)",1,8.33
281,0,"(0, 39)",0,-0.08
281,1,"(0, 38)",1,-0.08
281,2,"(1, 38)",0,-0.08
281,3,"(1, 37)",1,-8.33
281,4,"(1, 37)",0,-8.33
281,5,"(1, 37)",3,-0.08
281,6,"(0, 37)",0,-0.08
281,7,"(0, 36)",0,-0.08
281,8,"(0, 35)",0,-0.08
281,9,"(0, 34)",0,-0.08
281,10,"(0, 33)",1,-0.08
281,11,"(1, 33)",1,-0.08
281,12,"(2, 33)",1,-0.08
281,13,"(3, 33)",0,-0.08
281,14,"(3, 32)",0,-0.08
281,15,"(3, 31)",0,-8.33
281,16,"(3, 31)",3,-0.08
281,17,"(2, 31)",3,-0.08
281,18,"(1, 31)",0,-0.08
281,19,"(1, 30)",0,-0.08
281,20,"(1, 29)",0,-0.08
281,21,"(1, 28)",0,-0.08
281,22,"(1, 27)",0,-0.08
281,23,"(1, 26)",0,-0.08
281,24,"(1, 25)",1,-0.08
281,25,"(2, 25)",1,-0.08
281,26,"(3, 25)",1,-0.08
281,27,"(4, 25)",1,-0.08
281,28,"(5, 25)",1,-0.08
281,29,"(6, 25)",1,-0.08
281,30,"(7, 25)",1,-0.08
281,31,"(8, 25)",1,-0.08
281,32,"(9, 25)",1,-0.08
281,33,"(10, 25)",0,-0.08
281,34,"(10, 24)",1,-0.08
281,35,"(11, 24)",1,-0.08
281,36,"(12, 24)",1,-0.08
281,37,"(13, 24)",1,-0.08
281,38,"(14, 24)",0,-0.08
281,39,"(14, 23)",1,-0.08
281,40,"(15, 23)",1,-0.08
281,41,"(16, 23)",0,-0.08
281,42,"(16, 22)",1,-0.08
281,43,"(17, 22)",1,-0.08
281,44,"(18, 22)",1,-0.08
281,45,"(19, 22)",0,-0.08
281,46,"(19, 21)",0,-0.08
281,47,"(19, 20)",1,-0.08
281,48,"(20, 20)",0,-0.08
281,49,"(20, 19)",1,-0.08
281,50,"(21, 19)",1,-0.08
281,51,"(22, 19)",1,-0.08
281,52,"(23, 19)",0,-0.08
281,53,"(23, 18)",0,-0.08
281,54,"(23, 17)",0,-0.08
281,55,"(23, 16)",0,-0.08
281,56,"(23, 15)",1,-0.08
281,57,"(24, 15)",1,-0.08
281,58,"(25, 15)",1,-0.08
281,59,"(26, 15)",1,-0.08
281,60,"(27, 15)",0,-0.08
281,61,"(27, 14)",0,-0.08
281,62,"(27, 13)",1,-0.08
281,63,"(28, 13)",1,-0.08
281,64,"(29, 13)",1,-0.08
281,65,"(30, 13)",1,-0.08
281,66,"(31, 13)",1,-0.08
281,67,"(32, 13)",1,-0.08
281,68,"(33, 13)",1,-0.08
281,69,"(34, 13)",1,-0.08
281,70,"(35, 13)",1,-0.08
281,71,"(36, 13)",0,-0.08
281,72,"(36, 12)",1,-0.08
281,73,"(37, 12)",1,-0.08
281,74,"(38, 12)",1,-0.08
281,75,"(39, 12)",0,-0.08
281,76,"(39, 11)",1,-0.08
281,77,"(40, 11)",1,-0.08
281,78,"(41, 11)",1,-0.08
281,79,"(42, 11)",1,-0.08
281,80,"(43, 11)",1,-0.08
281,81,"(44, 11)",1,-0.08
281,82,"(45, 11)",0,-0.08
281,83,"(45, 10)",0,-0.08
281,84,"(45, 9)",0,-0.08
281,85,"(45, 8)",0,-0.08
281,86,"(45, 7)",1,-0.08
281,87,"(46, 7)",1,-0.08
281,88,"(47, 7)",1,-0.08
281,89,"(48, 7)",1,-0.08
281,90,"(49, 7)",1,-0.08
281,91,"(50, 7)",1,-0.08
281,92,"(51, 7)",1,-0.08
281,93,"(52, 7)",1,-0.08
281,94,"(53, 7)",1,-0.08
281,95,"(54, 7)",1,-0.08
281,96,"(55, 7)",1,-0.08
281,97,"(56, 7)",1,-0.08
281,98,"(57, 7)",1,-0.08
281,99,"(58, 7)",1,-0.08
281,100,"(59, 7)",1,-0.08
281,101,"(60, 7)",1,-0.08
281,102,"(61, 7)",1,-0.08
281,103,"(62, 7)",1,-0.08
281,104,"(63, 7)",1,-0.08
281,105,"(64, 7)",1,-0.08
281,106,"(65, 7)",1,-0.08
281,107,"(66, 7)",1,-0.08
281,108,"(67, 7)",1,-0.08
281,109,"(68, 7)",1,-0.08
281,110,"(69, 7)",1,-0.08
281,111,"(70, 7)",1,-0.08
281,112,"(71, 7)",1,-0.08
281,113,"(72, 7)",1,-0.08
281,114,"(73, 7)",0,-0.08
281,115,"(73, 6)",1,-0.08
281,116,"(74, 6)",0,-0.08
281,117,"(74, 5)",1,-0.08
281,118,"(75, 5)",0,-0.08
281,119,"(75, 4)",0,-0.08
281,120,"(75, 3)",1,-0.08
281,121,"(76, 3)",1,-0.08
281,122,"(77, 3)",0,-0.08
281,123,"(77, 2)",0,-0.08
281,124,"(77, 1)",0,-0.08
281,125,"(77, 0)",1,-0.08
281,126,"(78, 0)",1,8.33
282,0,"(0, 39)",0,-0.08
282,1,"(0, 38)",0,-0.08
282,2,"(0, 37)",0,-0.08
282,3,"(0, 36)",1,-8.33
282,4,"(0, 36)",0,-0.08
282,5,"(0, 35)",0,-0.08
282,6,"(0, 34)",1,-0.08
282,7,"(1, 34)",0,-0.08
282,8,"(1, 33)",0,-0.08
282,9,"(1, 32)",0,-0.08
282,10,"(1, 31)",0,-0.08
282,11,"(1, 30)",0,-0.08
282,12,"(1, 29)",1,-0.08
282,13,"(2, 29)",1,-0.08
282,14,"(3, 29)",1,-0.08
282,15,"(4, 29)",1,-0.08
282,16,"(5, 29)",1,-0.08
282,17,"(6, 29)",1,-0.08
282,18,"(7, 29)",1,-0.08
282,19,"(8, 29)",1,-0.08
282,20,"(9, 29)",1,-0.08
282,21,"(10, 29)",0,-0.08
282,22,"(10, 28)",0,-0.08
282,23,"(10, 27)",0,-8.33
282,24,"(10, 27)",1,-0.08
282,25,"(11, 27)",1,-0.08
282,26,"(12, 27)",1,-0.08
282,27,"(13, 27)",0,-0.08
282,28,"(13, 26)",0,-0.08
282,29,"(13, 25)",0,-0.08
282,30,"(13, 24)",0,-0.08
282,31,"(13, 23)",1,-0.08
282,32,"(14, 23)",1,-0.08
282,33,"(15, 23)",1,-0.08
282,34,"(16, 23)",1,-0.08
282,35,"(17, 23)",0,-0.08
282,36,"(17, 22)",1,-0.08
282,37,"(18, 22)",1,-0.08
282,38,"(19, 22)",1,-0.08
282,39,"(20, 22)",1,-0.08
282,40,"(21, 22)",0,-0.08
282,41,"(21, 21)",0,-0.08
282,42,"(21, 20)",0,-0.08
282,43,"(21, 19)",1,-0.08
282,44,"(22, 19)",1,-0.08
282,45,"(23, 19)",0,-0.08
282,46,"(23, 18)",0,-0.08
282,47,"(23, 17)",1,-0.08
282,48,"(24, 17)",1,-0.08
282,49,"(25, 17)",1,-0.08
282,50,"(26, 17)",1,-0.08
282,51,"(27, 17)",1,-0.08
282,52,"(28, 17)",0,-0.08
282,53,"(28, 16)",1,-0.08
282,54,"(29, 16)",0,-0.08
282,55,"(29, 15)",0,-0.08
282,56,"(29, 14)",0,-0.08
282,57,"(29, 13)",1,-0.08
282,58,"(30, 13)",1,-0.08
282,59,"(31, 13)",1,-0.08
282,60,"(32, 13)",1,-0.08
282,61,"(33, 13)",1,-0.08
282,62,"(34, 13)",1,-0.08
282,63,"(35, 13)",1,-0.08
282,64,"(36, 13)",1,-0.08
282,65,"(37, 13)",1,-0.08
282,66,"(38, 13)",0,-0.08
282,67,"(38, 12)",1,-0.08
282,68,"(39, 12)",0,-0.08
282,69,"(39, 11)",1,-0.08
282,70,"(40, 11)",1,-0.08
282,71,"(41, 11)",1,-0.08
282,72,"(42, 11)",1,-0.08
282,73,"(43, 11)",1,-0.08
282,74,"(44, 11)",1,-0.08
282,75,"(45, 11)",0,-0.08
282,76,"(45, 10)",0,-0.08
282,77,"(45, 9)",1,-0.08
282,78,"(46, 9)",0,-0.08
282,79,"(46, 8)",0,-0.08
282,80,"(46, 7)",1,-0.08
282,81,"(47, 7)",1,-0.08
282,82,"(48, 7)",1,-0.08
282,83,"(49, 7)",1,-0.08
282,84,"(50, 7)",1,-0.08
282,85,"(51, 7)",1,-0.08
282,86,"(52, 7)",1,-0.08
282,87,"(53, 7)",1,-0.08
282,88,"(54, 7)",1,-0.08
282,89,"(55, 7)",1,-0.08
282,90,"(56, 7)",1,-0.08
282,91,"(57, 7)",1,-0.08
282,92,"(58, 7)",1,-0.08
282,93,"(59, 7)",1,-0.08
282,94,"(60, 7)",1,-0.08
282,95,"(61, 7)",1,-0.08
282,96,"(62, 7)",1,-0.08
282,97,"(63, 7)",1,-0.08
282,98,"(64, 7)",1,-0.08
282,99,"(65, 7)",1,-0.08
282,100,"(66, 7)",1,-0.08
282,101,"(67, 7)",1,-0.08
282,102,"(68, 7)",1,-0.08
282,103,"(69, 7)",0,-0.08
282,104,"(69, 6)",1,-0.08
282,105,"(70, 6)",1,-0.08
282,106,"(71, 6)",1,-0.08
282,107,"(72, 6)",0,-0.08
282,108,"(72, 5)",1,-0.08
282,109,"(73, 5)",1,-0.08
282,110,"(74, 5)",0,-0.08
282,111,"(74, 4)",1,-0.08
282,112,"(75, 4)",0,-0.08
282,113,"(75, 3)",1,-0.08
282,114,"(76, 3)",0,-0.08
282,115,"(76, 2)",0,-0.08
282,116,"(76, 1)",0,-0.08
282,117,"(76, 0)",1,-0.08
282,118,"(77, 0)",1,-0.08
282,119,"(78, 0)",1,8.33
283,0,"(0, 39)",0,-0.08
283,1,"(0, 38)",1,-0.08
283,2,"(1, 38)",1,-8.33
283,3,"(1, 38)",0,-0.08
283,4,"(1, 37)",0,-8.33
283,5,"(1, 37)",3,-0.08
283,6,"(0, 37)",0,-0.08
283,7,"(0, 36)",0,-0.08
283,8,"(0, 35)",0,-0.08
283,9,"(0, 34)",1,-0.08
283,10,"(1, 34)",0,-0.08
283,11,"(1, 33)",0,-0.08
283,12,"(1, 32)",0,-0.08
283,13,"(1, 31)",1,-0.08
283,14,"(2, 31)",1,-0.08
283,15,"(3, 31)",0,-8.33
283,16,"(3, 31)",2,-0.08
283,17,"(3, 32)",2,-0.08
283,18,"(3, 33)",1,-0.08
283,19,"(4, 33)",1,-0.08
283,20,"(5, 33)",0,-0.08
283,21,"(5, 32)",0,-0.08
283,22,"(5, 31)",0,-0.08
283,23,"(5, 30)",0,-0.08
283,24,"(5, 29)",1,-0.08
283,25,"(6, 29)",1,-0.08
283,26,"(7, 29)",0,-0.08
283,27,"(7, 28)",1,-0.08
283,28,"(8, 28)",0,-0.08
283,29,"(8, 27)",1,-0.08
283,30,"(9, 27)",1,-0.08
283,31,"(10, 27)",1,-0.08
283,32,"(11, 27)",1,-0.08
283,33,"(12, 27)",1,-0.08
283,34,"(13, 27)",0,-0.08
283,35,"(13, 26)",0,-0.08
283,36,"(13, 25)",0,-0.08
283,37,"(13, 24)",1,-0.08
283,38,"(14, 24)",0,-0.08
283,39,"(14, 23)",1,-0.08
283,40,"(15, 23)",1,-0.08
283,41,"(16, 23)",0,-0.08
283,42,"(16, 22)",1,-0.08
283,43,"(17, 22)",1,-0.08
283,44,"(18, 22)",1,-0.08
283,45,"(19, 22)",1,-0.08
283,46,"(20, 22)",0,-0.08
283,47,"(20, 21)",1,-0.08
283,48,"(21, 21)",1,-0.08
283,49,"(22, 21)",1,-0.08
283,50,"(23, 21)",1,-0.08
283,51,"(24, 21)",0,-0.08
283,52,"(24, 20)",1,-0.08
283,53,"(25, 20)",0,-0.08
283,54,"(25, 19)",0,-0.08
283,55,"(25, 18)",1,-0.08
283,56,"(26, 18)",1,-0.08
283,57,"(27, 18)",0,-0.08
283,58,"(27, 17)",0,-0.08
283,59,"(27, 16)",0,-0.08
283,60,"(27, 15)",1,-0.08
283,61,"(28, 15)",1,-0.08
283,62,"(29, 15)",1,-0.08
283,63,"(30, 15)",1,-0.08
283,64,"(31, 15)",1,-0.08
283,65,"(32, 15)",1,-0.08
283,66,"(33, 15)",1,-0.08
283,67,"(34, 15)",1,-0.08
283,68,"(35, 15)",0,-0.08
283,69,"(35, 14)",0,-0.08
283,70,"(35, 13)",0,-0.08
283,71,"(35, 12)",1,-0.08
283,72,"(36, 12)",1,-0.08
283,73,"(37, 12)",1,-0.08
283,74,"(38, 12)",1,-0.08
283,75,"(39, 12)",0,-0.08
283,76,"(39, 11)",1,-0.08
283,77,"(40, 11)",1,-0.08
283,78,"(41, 11)",1,-0.08
283,79,"(42, 11)",1,-0.08
283,80,"(43, 11)",1,-0.08
283,81,"(44, 11)",1,-0.08
283,82,"(45, 11)",0,-0.08
283,83,"(45, 10)",0,-0.08
283,84,"(45, 9)",0,-0.08
283,85,"(45, 8)",0,-0.08
283,86,"(45, 7)",1,-0.08
283,87,"(46, 7)",1,-0.08
283,88,"(47, 7)",1,-0.08
283,89,"(48, 7)",1,-0.08
283,90,"(49, 7)",1,-0.08
283,91,"(50, 7)",1,-0.08
283,92,"(51, 7)",1,-0.08
283,93,"(52, 7)",1,-0.08
283,94,"(53, 7)",1,-0.08
283,95,"(54, 7)",1,-0.08
283,96,"(55, 7)",1,-0.08
283,97,"(56, 7)",1,-0.08
283,98,"(57, 7)",1,-0.08
283,99,"(58, 7)",1,-0.08
283,100,"(59, 7)",1,-0.08
283,101,"(60, 7)",1,-0.08
283,102,"(61, 7)",1,-0.08
283,103,"(62, 7)",1,-0.08
283,104,"(63, 7)",1,-0.08
283,105,"(64, 7)",1,-0.08
283,106,"(65, 7)",1,-0.08
283,107,"(66, 7)",1,-0.08
283,108,"(67, 7)",1,-0.08
283,109,"(68, 7)",1,-0.08
283,110,"(69, 7)",1,-0.08
283,111,"(70, 7)",1,-0.08
283,112,"(71, 7)",0,-0.08
283,113,"(71, 6)",1,-0.08
283,114,"(72, 6)",1,-0.08
283,115,"(73, 6)",1,-0.08
283,116,"(74, 6)",0,-0.08
283,117,"(74, 5)",0,-0.08
283,118,"(74, 4)",1,-0.08
283,119,"(75, 4)",0,-0.08
283,120,"(75, 3)",1,-0.08
283,121,"(76, 3)",0,-0.08
283,122,"(76, 2)",0,-0.08
283,123,"(76, 1)",1,-0.08
283,124,"(77, 1)",1,-0.08
283,125,"(78, 1)",1,-0.08
283,126,"(79, 1)",0,8.33
284,0,"(0, 39)",0,-0.08
284,1,"(0, 38)",0,-0.08
284,2,"(0, 37)",0,-0.08
284,3,"(0, 36)",0,-0.08
284,4,"(0, 35)",1,-0.08
284,5,"(1, 35)",1,-0.08
284,6,"(2, 35)",1,-0.08
284,7,"(3, 35)",0,-8.33
284,8,"(3, 35)",3,-0.08
284,9,"(2, 35)",0,-0.08
284,10,"(2, 34)",0,-0.08
284,11,"(2, 33)",1,-0.08
284,12,"(3, 33)",1,-0.08
284,13,"(4, 33)",1,-0.08
284,14,"(5, 33)",0,-0.08
284,15,"(5, 32)",0,-0.08
284,16,"(5, 31)",1,-0.08
284,17,"(6, 31)",1,-0.08
284,18,"(7, 31)",1,-0.08
284,19,"(8, 31)",1,-0.08
284,20,"(9, 31)",1,-8.33
284,21,"(9, 31)",0,-0.08
284,22,"(9, 30)",0,-0.08
284,23,"(9, 29)",1,-0.08
284,24,"(10, 29)",0,-0.08
284,25,"(10, 28)",0,-0.08
284,26,"(10, 27)",0,-8.33
284,27,"(10, 27)",1,-0.08
284,28,"(11, 27)",1,-0.08
284,29,"(12, 27)",0,-0.08
284,30,"(12, 26)",1,-0.08
284,31,"(13, 26)",0,-0.08
284,32,"(13, 25)",1,-0.08
284,33,"(14, 25)",0,-0.08
284,34,"(14, 24)",0,-0.08
284,35,"(14, 23)",1,-0.08
284,36,"(15, 23)",1,-0.08
284,37,"(16, 23)",1,-0.08
284,38,"(17, 23)",0,-0.08
284,39,"(17, 22)",1,-0.08
284,40,"(18, 22)",1,-0.08
284,41,"(19, 22)",0,-0.08
284,42,"(19, 21)",1,-0.08
284,43,"(20, 21)",0,-0.08
284,44,"(20, 20)",0,-0.08
284,45,"(20, 19)",1,-0.08
284,46,"(21, 19)",1,-0.08
284,47,"(22, 19)",1,-0.08
284,48,"(23, 19)",0,-0.08
284,49,"(23, 18)",0,-0.08
284,50,"(23, 17)",0,-0.08
284,51,"(23, 16)",0,-0.08
284,52,"(23, 15)",1,-0.08
284,53,"(24, 15)",1,-0.08
284,54,"(25, 15)",1,-0.08
284,55,"(26, 15)",1,-0.08
284,56,"(27, 15)",1,-0.08
284,57,"(28, 15)",1,-0.08
284,58,"(29, 15)",1,-0.08
284,59,"(30, 15)",1,-0.08
284,60,"(31, 15)",1,-0.08
284,61,"(32, 15)",0,-0.08
284,62,"(32, 14)",0,-0.08
284,63,"(32, 13)",1,-0.08
284,64,"(33, 13)",1,-0.08
284,65,"(34, 13)",1,-0.08
284,66,"(35, 13)",0,-0.08
284,67,"(35, 12)",1,-0.08
284,68,"(36, 12)",1,-0.08
284,69,"(37, 12)",1,-0.08
284,70,"(38, 12)",1,-0.08
284,71,"(39, 12)",0,-0.08
284,72,"(39, 11)",1,-0.08
284,73,"(40, 11)",1,-0.08
284,74,"(41, 11)",1,-0.08
284,75,"(42, 11)",1,-0.08
284,76,"(43, 11)",1,-0.08
284,77,"(44, 11)",1,-0.08
284,78,"(45, 11)",0,-0.08
284,79,"(45, 10)",0,-0.08
284,80,"(45, 9)",1,-0.08
284,81,"(46, 9)",0,-0.08
284,82,"(46, 8)",0,-0.08
284,83,"(46, 7)",1,-0.08
284,84,"(47, 7)",1,-0.08
284,85,"(48, 7)",1,-0.08
284,86,"(49, 7)",1,-0.08
284,87,"(50, 7)",1,-0.08
284,88,"(51, 7)",1,-0.08
284,89,"(52, 7)",1,-0.08
284,90,"(53, 7)",1,-0.08
284,91,"(54, 7)",1,-0.08
284,92,"(55, 7)",1,-0.08
284,93,"(56, 7)",1,-0.08
284,94,"(57, 7)",1,-0.08
284,95,"(58, 7)",1,-0.08
284,96,"(59, 7)",1,-0.08
284,97,"(60, 7)",1,-0.08
284,98,"(61, 7)",1,-0.08
284,99,"(62, 7)",1,-0.08
284,100,"(63, 7)",1,-0.08
284,101,"(64, 7)",1,-0.08
284,102,"(65, 7)",1,-0.08
284,103,"(66, 7)",1,-0.08
284,104,"(67, 7)",1,-0.08
284,105,"(68, 7)",1,-0.08
284,106,"(69, 7)",1,-0.08
284,107,"(70, 7)",1,-0.08
284,108,"(71, 7)",0,-0.08
284,109,"(71, 6)",1,-0.08
284,110,"(72, 6)",1,-0.08
284,111,"(73, 6)",0,-0.08
284,112,"(73, 5)",1,-0.08
284,113,"(74, 5)",1,-0.08
284,114,"(75, 5)",0,-0.08
284,115,"(75, 4)",0,-0.08
284,116,"(75, 3)",1,-0.08
284,117,"(76, 3)",0,-0.08
284,118,"(76, 2)",1,-0.08
284,119,"(77, 2)",0,-0.08
284,120,"(77, 1)",0,-0.08
284,121,"(77, 0)",1,-0.08
284,122,"(78, 0)",1,8.33
285,0,"(0, 39)",0,-0.08
285,1,"(0, 38)",0,-0.08
285,2,"(0, 37)",0,-0.08
285,3,"(0, 36)",1,-8.33
285,4,"(0, 36)",0,-0.08
285,5,"(0, 35)",0,-0.08
285,6,"(0, 34)",0,-0.08
285,7,"(0, 33)",1,-0.08
285,8,"(1, 33)",0,-0.08
285,9,"(1, 32)",1,-0.08
285,10,"(2, 32)",1,-0.08
285,11,"(3, 32)",0,-0.08
285,12,"(3, 31)",0,-8.33
285,13,"(3, 31)",0,-8.33
285,14,"(3, 31)",3,-0.08
285,15,"(2, 31)",3,-0.08
285,16,"(1, 31)",0,-0.08
285,17,"(1, 30)",0,-0.08
285,18,"(1, 29)",0,-0.08
285,19,"(1, 28)",0,-0.08
285,20,"(1, 27)",0,-0.08
285,21,"(1, 26)",1,-0.08
285,22,"(2, 26)",0,-0.08
285,23,"(2, 25)",1,-0.08
285,24,"(3, 25)",1,-0.08
285,25,"(4, 25)",1,-0.08
285,26,"(5, 25)",1,-0.08
285,27,"(6, 25)",1,-0.08
285,28,"(7, 25)",1,-0.08
285,29,"(8, 25)",1,-0.08
285,30,"(9, 25)",0,-0.08
285,31,"(9, 24)",1,-0.08
285,32,"(10, 24)",1,-0.08
285,33,"(11, 24)",1,-0.08
285,34,"(12, 24)",1,-0.08
285,35,"(13, 24)",1,-0.08
285,36,"(14, 24)",0,-0.08
285,37,"(14, 23)",1,-0.08
285,38,"(15, 23)",1,-0.08
285,39,"(16, 23)",0,-0.08
285,40,"(16, 22)",1,-0.08
285,41,"(17, 22)",1,-0.08
285,42,"(18, 22)",1,-0.08
285,43,"(19, 22)",1,-0.08
285,44,"(20, 22)",1,-0.08
285,45,"(21, 22)",0,-0.08
285,46,"(21, 21)",0,-0.08
285,47,"(21, 20)",0,-0.08
285,48,"(21, 19)",1,-0.08
285,49,"(22, 19)",1,-0.08
285,50,"(23, 19)",0,-0.08
285,51,"(23, 18)",0,-0.08
285,52,"(23, 17)",1,-0.08
285,53,"(24, 17)",1,-0.08
285,54,"(25, 17)",1,-0.08
285,55,"(26, 17)",1,-0.08
285,56,"(27, 17)",0,-0.08
285,57,"(27, 16)",1,-0.08
285,58,"(28, 16)",1,-0.08
285,59,"(29, 16)",0,-0.08
285,60,"(29, 15)",1,-0.08
285,61,"(30, 15)",1,-0.08
285,62,"(31, 15)",0,-0.08
285,63,"(31, 14)",1,-0.08
285,64,"(32, 14)",0,-0.08
285,65,"(32, 13)",1,-0.08
285,66,"(33, 13)",1,-0.08
285,67,"(34, 13)",1,-0.08
285,68,"(35, 13)",1,-0.08
285,69,"(36, 13)",1,-0.08
285,70,"(37, 13)",1,-0.08
285,71,"(38, 13)",1,-0.08
285,72,"(39, 13)",0,-0.08
285,73,"(39, 12)",0,-0.08
285,74,"(39, 11)",1,-0.08
285,75,"(40, 11)",1,-0.08
285,76,"(41, 11)",1,-0.08
285,77,"(42, 11)",1,-0.08
285,78,"(43, 11)",1,-0.08
285,79,"(44, 11)",1,-0.08
285,80,"(45, 11)",0,-0.08
285,81,"(45, 10)",0,-0.08
285,82,"(45, 9)",1,-0.08
285,83,"(46, 9)",0,-0.08
285,84,"(46, 8)",0,-0.08
285,85,"(46, 7)",1,-0.08
285,86,"(47, 7)",1,-0.08
285,87,"(48, 7)",1,-0.08
285,88,"(49, 7)",1,-0.08
285,89,"(50, 7)",1,-0.08
285,90,"(51, 7)",1,-0.08
285,91,"(52, 7)",1,-0.08
285,92,"(53, 7)",1,-0.08
285,93,"(54, 7)",1,-0.08
285,94,"(55, 7)",1,-0.08
285,95,"(56, 7)",1,-0.08
285,96,"(57, 7)",1,-0.08
285,97,"(58, 7)",1,-0.08
285,98,"(59, 7)",1,-0.08
285,99,"(60, 7)",1,-0.08
285,100,"(61, 7)",1,-0.08
285,101,"(62, 7)",1,-0.08
285,102,"(63, 7)",1,-0.08
285,103,"(64, 7)",1,-0.08
285,104,"(65, 7)",1,-0.08
285,105,"(66, 7)",1,-0.08
285,106,"(67, 7)",1,-0.08
285,107,"(68, 7)",1,-0.08
285,108,"(69, 7)",1,-0.08
285,109,"(70, 7)",1,-0.08
285,110,"(71, 7)",1,-0.08
285,111,"(72, 7)",0,-0.08
285,112,"(72, 6)",1,-0.08
285,113,"(73, 6)",1,-0.08
285,114,"(74, 6)",0,-0.08
285,115,"(74, 5)",1,-0.08
285,116,"(75, 5)",0,-0.08
285,117,"(75, 4)",0,-0.08
285,118,"(75, 3)",1,-0.08
285,119,"(76, 3)",1,-0.08
285,120,"(77, 3)",0,-0.08
285,121,"(77, 2)",0,-0.08
285,122,"(77, 1)",0,-0.08
285,123,"(77, 0)",1,-0.08
285,124,"(78, 0)",1,8.33
286,0,"(0, 39)",0,-0.08
286,1,"(0, 38)",0,-0.08
286,2,"(0, 37)",1,-0.08
286,3,"(1, 37)",1,-8.33
286,4,"(1, 37)",0,-8.33
286,5,"(1, 37)",3,-0.08
286,6,"(0, 37)",0,-0.08
286,7,"(0, 36)",0,-0.08
286,8,"(0, 35)",0,-0.08
286,9,"(0, 34)",0,-0.08
286,10,"(0, 33)",1,-0.08
286,11,"(1, 33)",0,-0.08
286,12,"(1, 32)",0,-0.08
286,13,"(1, 31)",1,-0.08
286,14,"(2, 31)",1,-0.08
286,15,"(3, 31)",0,-8.33
286,16,"(3, 31)",2,-0.08
286,17,"(3, 32)",2,-0.08
286,18,"(3, 33)",1,-0.08
286,19,"(4, 33)",1,-0.08
286,20,"(5, 33)",0,-0.08
286,21,"(5, 32)",0,-0.08
286,22,"(5, 31)",1,-0.08
286,23,"(6, 31)",1,-0.08
286,24,"(7, 31)",1,-0.08
286,25,"(8, 31)",0,-0.08
286,26,"(8, 30)",0,-0.08
286,27,"(8, 29)",0,-0.08
286,28,"(8, 28)",0,-0.08
286,29,"(8, 27)",1,-0.08
286,30,"(9, 27)",1,-0.08
286,31,"(10, 27)",1,-0.08
286,32,"(11, 27)",1,-0.08
286,33,"(12, 27)",1,-0.08
286,34,"(13, 27)",0,-0.08
286,35,"(13, 26)",0,-0.08
286,36,"(13, 25)",0,-0.08
286,37,"(13, 24)",0,-0.08
286,38,"(13, 23)",1,-0.08
286,39,"(14, 23)",1,-0.08
286,40,"(15, 23)",1,-0.08
286,41,"(16, 23)",0,-0.08
286,42,"(16, 22)",1,-0.08
286,43,"(17, 22)",1,-0.08
286,44,"(18, 22)",1,-0.08
286,45,"(19, 22)",1,-0.08
286,46,"(20, 22)",0,-0.08
286,47,"(20, 21)",1,-0.08
286,48,"(21, 21)",0,-0.08
286,49,"(21, 20)",0,-0.08
286,50,"(21, 19)",1,-0.08
286,51,"(22, 19)",1,-0.08
286,52,"(23, 19)",0,-0.08
286,53,"(23, 18)",0,-0.08
286,54,"(23, 17)",1,-0.08
286,55,"(24, 17)",1,-0.08
286,56,"(25, 17)",1,-0.08
286,57,"(26, 17)",1,-0.08
286,58,"(27, 17)",0,-0.08
286,59,"(27, 16)",0,-0.08
286,60,"(27, 15)",0,-0.08
286,61,"(27, 14)",0,-0.08
286,62,"(27, 13)",1,-0.08
286,63,"(28, 13)",1,-0.08
286,64,"(29, 13)",1,-0.08
286,65,"(30, 13)",1,-0.08
286,66,"(31, 13)",1,-0.08
286,67,"(32, 13)",1,-0.08
286,68,"(33, 13)",1,-0.08
286,69,"(34, 13)",1,-0.08
286,70,"(35, 13)",1,-0.08
286,71,"(36, 13)",0,-0.08
286,72,"(36, 12)",1,-0.08
286,73,"(37, 12)",1,-0.08
286,74,"(38, 12)",1,-0.08
286,75,"(39, 12)",0,-0.08
286,76,"(39, 11)",1,-0.08
286,77,"(40, 11)",1,-0.08
286,78,"(41, 11)",1,-0.08
286,79,"(42, 11)",1,-0.08
286,80,"(43, 11)",1,-0.08
286,81,"(44, 11)",1,-0.08
286,82,"(45, 11)",0,-0.08
286,83,"(45, 10)",1,-0.08
286,84,"(46, 10)",0,-0.08
286,85,"(46, 9)",0,-0.08
286,86,"(46, 8)",0,-0.08
286,87,"(46, 7)",1,-0.08
286,88,"(47, 7)",1,-0.08
286,89,"(48, 7)",1,-0.08
286,90,"(49, 7)",1,-0.08
286,91,"(50, 7)",1,-0.08
286,92,"(51, 7)",1,-0.08
286,93,"(52, 7)",1,-0.08
286,94,"(53, 7)",1,-0.08
286,95,"(54, 7)",1,-0.08
286,96,"(55, 7)",1,-0.08
286,97,"(56, 7)",1,-0.08
286,98,"(57, 7)",1,-0.08
286,99,"(58, 7)",1,-0.08
286,100,"(59, 7)",1,-0.08
286,101,"(60, 7)",1,-0.08
286,102,"(61, 7)",1,-0.08
286,103,"(62, 7)",1,-0.08
286,104,"(63, 7)",1,-0.08
286,105,"(64, 7)",1,-0.08
286,106,"(65, 7)",1,-0.08
286,107,"(66, 7)",1,-0.08
286,108,"(67, 7)",1,-0.08
286,109,"(68, 7)",1,-0.08
286,110,"(69, 7)",0,-0.08
286,111,"(69, 6)",1,-0.08
286,112,"(70, 6)",1,-0.08
286,113,"(71, 6)",0,-0.08
286,114,"(71, 5)",1,-0.08
286,115,"(72, 5)",1,-0.08
286,116,"(73, 5)",1,-0.08
286,117,"(74, 5)",0,-0.08
286,118,"(74, 4)",0,-0.08
286,119,"(74, 3)",1,-0.08
286,120,"(75, 3)",1,-0.08
286,121,"(76, 3)",0,-0.08
286,122,"(76, 2)",1,-0.08
286,123,"(77, 2)",0,-0.08
286,124,"(77, 1)",0,-0.08
286,125,"(77, 0)",1,-0.08
286,126,"(78, 0)",1,8.33
287,0,"(0, 39)",1,-0.08
287,1,"(1, 39)",0,-0.08
287,2,"(1, 38)",0,-0.08
287,3,"(1, 37)",1,-8.33
287,4,"(1, 37)",0,-8.33
287,5,"(1, 37)",3,-0.08
287,6,"(0, 37)",0,-0.08
287,7,"(0, 36)",0,-0.08
287,8,"(0, 35)",0,-0.08
287,9,"(0, 34)",0,-0.08
287,10,"(0, 33)",1,-0.08
287,11,"(1, 33)",0,-0.08
287,12,"(1, 32)",1,-0.08
287,13,"(2, 32)",0,-0.08
287,14,"(2, 31)",1,-0.08
287,15,"(3, 31)",0,-8.33
287,16,"(3, 31)",0,-8.33
287,17,"(3, 31)",3,-0.08
287,18,"(2, 31)",3,-0.08
287,19,"(1, 31)",0,-0.08
287,20,"(1, 30)",0,-0.08
287,21,"(1, 29)",0,-0.08
287,22,"(1, 28)",0,-0.08
287,23,"(1, 27)",0,-0.08
287,24,"(1, 26)",1,-0.08
287,25,"(2, 26)",1,-0.08
287,26,"(3, 26)",0,-0.08
287,27,"(3, 25)",1,-0.08
287,28,"(4, 25)",1,-0.08
287,29,"(5, 25)",1,-0.08
287,30,"(6, 25)",1,-0.08
287,31,"(7, 25)",1,-0.08
287,32,"(8, 25)",1,-0.08
287,33,"(9, 25)",0,-0.08
287,34,"(9, 24)",1,-0.08
287,35,"(10, 24)",1,-0.08
287,36,"(11, 24)",1,-0.08
287,37,"(12, 24)",1,-0.08
287,38,"(13, 24)",1,-0.08
287,39,"(14, 24)",0,-0.08
287,40,"(14, 23)",1,-0.08
287,41,"(15, 23)",1,-0.08
287,42,"(16, 23)",1,-0.08
287,43,"(17, 23)",0,-0.08
287,44,"(17, 22)",1,-0.08
287,45,"(18, 22)",1,-0.08
287,46,"(19, 22)",1,-0.08
287,47,"(20, 22)",0,-0.08
287,48,"(20, 21)",0,-0.08
287,49,"(20, 20)",0,-0.08
287,50,"(20, 19)",1,-0.08
287,51,"(21, 19)",1,-0.08
287,52,"(22, 19)",1,-0.08
287,53,"(23, 19)",0,-0.08
287,54,"(23, 18)",0,-0.08
287,55,"(23, 17)",0,-0.08
287,56,"(23, 16)",0,-0.08
287,57,"(23, 15)",1,-0.08
287,58,"(24, 15)",1,-0.08
287,59,"(25, 15)",1,-0.08
287,60,"(26, 15)",1,-0.08
287,61,"(27, 15)",1,-0.08
287,62,"(28, 15)",1,-0.08
287,63,"(29, 15)",1,-0.08
287,64,"(30, 15)",1,-0.08
287,65,"(31, 15)",0,-0.08
287,66,"(31, 14)",0,-0.08
287,67,"(31, 13)",1,-0.08
287,68,"(32, 13)",1,-0.08
287,69,"(33, 13)",1,-0.08
287,70,"(34, 13)",1,-0.08
287,71,"(35, 13)",0,-0.08
287,72,"(35, 12)",1,-0.08
287,73,"(36, 12)",1,-0.08
287,74,"(37, 12)",1,-0.08
287,75,"(38, 12)",1,-0.08
287,76,"(39, 12)",0,-0.08
287,77,"(39, 11)",1,-0.08
287,78,"(40, 11)",1,-0.08
287,79,"(41, 11)",1,-0.08
287,80,"(42, 11)",1,-0.08
287,81,"(43, 11)",1,-0.08
287,82,"(44, 11)",1,-0.08
287,83,"(45, 11)",0,-0.08
287,84,"(45, 10)",1,-0.08
287,85,"(46, 10)",0,-0.08
287,86,"(46, 9)",0,-0.08
287,87,"(46, 8)",0,-0.08
287,88,"(46, 7)",1,-0.08
287,89,"(47, 7)",1,-0.08
287,90,"(48, 7)",1,-0.08
287,91,"(49, 7)",1,-0.08
287,92,"(50, 7)",1,-0.08
287,93,"(51, 7)",1,-0.08
287,94,"(52, 7)",1,-0.08
287,95,"(53, 7)",1,-0.08
287,96,"(54, 7)",1,-0.08
287,97,"(55, 7)",1,-0.08
287,98,"(56, 7)",1,-0.08
287,99,"(57, 7)",1,-0.08
287,100,"(58, 7)",1,-0.08
287,101,"(59, 7)",1,-0.08
287,102,"(60, 7)",1,-0.08
287,103,"(61, 7)",1,-0.08
287,104,"(62, 7)",1,-0.08
287,105,"(63, 7)",1,-0.08
287,106,"(64, 7)",1,-0.08
287,107,"(65, 7)",1,-0.08
287,108,"(66, 7)",1,-0.08
287,109,"(67, 7)",1,-0.08
287,110,"(68, 7)",1,-0.08
287,111,"(69, 7)",1,-0.08
287,112,"(70, 7)",1,-0.08
287,113,"(71, 7)",0,-0.08
287,114,"(71, 6)",0,-0.08
287,115,"(71, 5)",1,-0.08
287,116,"(72, 5)",1,-0.08
287,117,"(73, 5)",1,-0.08
287,118,"(74, 5)",0,-0.08
287,119,"(74, 4)",1,-0.08
287,120,"(75, 4)",0,-0.08
287,121,"(75, 3)",1,-0.08
287,122,"(76, 3)",0,-0.08
287,123,"(76, 2)",1,-0.08
287,124,"(77, 2)",0,-0.08
287,125,"(77, 1)",1,-0.08
287,126,"(78, 1)",1,-0.08
287,127,"(79, 1)",0,8.33
288,0,"(0, 39)",0,-0.08
288,1,"(0, 38)",0,-0.08
288,2,"(0, 37)",1,-0.08
288,3,"(1, 37)",1,-8.33
288,4,"(1, 37)",0,-8.33
288,5,"(1, 37)",3,-0.08
288,6,"(0, 37)",0,-0.08
288,7,"(0, 36)",0,-0.08
288,8,"(0, 35)",0,-0.08
288,9,"(0, 34)",1,-0.08
288,10,"(1, 34)",1,-0.08
288,11,"(2, 34)",0,-0.08
288,12,"(2, 33)",1,-0.08
288,13,"(3, 33)",1,-0.08
288,14,"(4, 33)",1,-0.08
288,15,"(5, 33)",1,-0.08
288,16,"(6, 33)",1,-0.08
288,17,"(7, 33)",0,-0.08
288,18,"(7, 32)",0,-0.08
288,19,"(7, 31)",1,-0.08
288,20,"(8, 31)",0,-0.08
288,21,"(8, 30)",0,-0.08
288,22,"(8, 29)",1,-0.08
288,23,"(9, 29)",1,-0.08
288,24,"(10, 29)",0,-0.08
288,25,"(10, 28)",0,-0.08
288,26,"(10, 27)",0,-8.33
288,27,"(10, 27)",1,-0.08
288,28,"(11, 27)",1,-0.08
288,29,"(12, 27)",0,-0.08
288,30,"(12, 26)",0,-0.08
288,31,"(12, 25)",0,-0.08
288,32,"(12, 24)",1,-0.08
288,33,"(13, 24)",1,-0.08
288,34,"(14, 24)",0,-0.08
288,35,"(14, 23)",1,-0.08
288,36,"(15, 23)",1,-0.08
288,37,"(16, 23)",0,-0.08
288,38,"(16, 22)",1,-0.08
288,39,"(17, 22)",1,-0.08
288,40,"(18, 22)",1,-0.08
288,41,"(19, 22)",0,-0.08
288,42,"(19, 21)",1,-0.08
288,43,"(20, 21)",1,-0.08
288,44,"(21, 21)",0,-0.08
288,45,"(21, 20)",1,-0.08
288,46,"(22, 20)",0,-0.08
288,47,"(22, 19)",1,-0.08
288,48,"(23, 19)",0,-0.08
288,49,"(23, 18)",0,-0.08
288,50,"(23, 17)",0,-0.08
288,51,"(23, 16)",0,-0.08
288,52,"(23, 15)",1,-0.08
288,53,"(24, 15)",1,-0.08
288,54,"(25, 15)",1,-0.08
288,55,"(26, 15)",1,-0.08
288,56,"(27, 15)",1,-0.08
288,57,"(28, 15)",1,-0.08
288,58,"(29, 15)",1,-0.08
288,59,"(30, 15)",1,-0.08
288,60,"(31, 15)",1,-0.08
288,61,"(32, 15)",1,-0.08
288,62,"(33, 15)",1,-0.08
288,63,"(34, 15)",0,-0.08
288,64,"(34, 14)",1,-0.08
288,65,"(35, 14)",0,-0.08
288,66,"(35, 13)",0,-0.08
288,67,"(35, 12)",1,-0.08
288,68,"(36, 12)",1,-0.08
288,69,"(37, 12)",1,-0.08
288,70,"(38, 12)",1,-0.08
288,71,"(39, 12)",0,-0.08
288,72,"(39, 11)",1,-0.08
288,73,"(40, 11)",1,-0.08
288,74,"(41, 11)",1,-0.08
288,75,"(42, 11)",1,-0.08
288,76,"(43, 11)",1,-0.08
288,77,"(44, 11)",1,-0.08
288,78,"(45, 11)",0,-0.08
288,79,"(45, 10)",0,-0.08
288,80,"(45, 9)",1,-0.08
288,81,"(46, 9)",0,-0.08
288,82,"(46, 8)",0,-0.08
288,83,"(46, 7)",1,-0.08
288,84,"(47, 7)",1,-0.08
288,85,"(48, 7)",1,-0.08
288,86,"(49, 7)",1,-0.08
288,87,"(50, 7)",1,-0.08
288,88,"(51, 7)",1,-0.08
288,89,"(52, 7)",1,-0.08
288,90,"(53, 7)",1,-0.08
288,91,"(54, 7)",1,-0.08
288,92,"(55, 7)",1,-0.08
288,93,"(56, 7)",1,-0.08
288,94,"(57, 7)",1,-0.08
288,95,"(58, 7)",1,-0.08
288,96,"(59, 7)",1,-0.08
288,97,"(60, 7)",1,-0.08
288,98,"(61, 7)",1,-0.08
288,99,"(62, 7)",1,-0.08
288,100,"(63, 7)",1,-0.08
288,101,"(64, 7)",1,-0.08
288,102,"(65, 7)",1,-0.08
288,103,"(66, 7)",1,-0.08
288,104,"(67, 7)",1,-0.08
288,105,"(68, 7)",1,-0.08
288,106,"(69, 7)",1,-0.08
288,107,"(70, 7)",1,-0.08
288,108,"(71, 7)",0,-0.08
288,109,"(71, 6)",0,-0.08
288,110,"(71, 5)",1,-0.08
288,111,"(72, 5)",1,-0.08
288,112,"(73, 5)",1,-0.08
288,113,"(74, 5)",1,-0.08
288,114,"(75, 5)",0,-0.08
288,115,"(75, 4)",0,-0.08
288,116,"(75, 3)",1,-0.08
288,117,"(76, 3)",1,-0.08
288,118,"(77, 3)",0,-0.08
288,119,"(77, 2)",0,-0.08
288,120,"(77, 1)",1,-0.08
288,121,"(78, 1)",1,-0.08
288,122,"(79, 1)",0,8.33
289,0,"(0, 39)",1,-0.08
289,1,"(1, 39)",0,-0.08
289,2,"(1, 38)",0,-0.08
289,3,"(1, 37)",1,-8.33
289,4,"(1, 37)",0,-8.33
289,5,"(1, 37)",3,-0.08
289,6,"(0, 37)",0,-0.08
289,7,"(0, 36)",0,-0.08
289,8,"(0, 35)",1,-0.08
289,9,"(1, 35)",0,-0.08
289,10,"(1, 34)",0,-0.08
289,11,"(1, 33)",0,-0.08
289,12,"(1, 32)",1,-0.08
289,13,"(2, 32)",0,-0.08
289,14,"(2, 31)",1,-0.08
289,15,"(3, 31)",0,-8.33
289,16,"(3, 31)",0,-8.33
289,17,"(3, 31)",3,-0.08
289,18,"(2, 31)",3,-0.08
289,19,"(1, 31)",0,-0.08
289,20,"(1, 30)",0,-0.08
289,21,"(1, 29)",1,-0.08
289,22,"(2, 29)",1,-0.08
289,23,"(3, 29)",0,-0.08
289,24,"(3, 28)",0,-0.08
289,25,"(3, 27)",0,-0.08
289,26,"(3, 26)",0,-0.08
289,27,"(3, 25)",1,-0.08
289,28,"(4, 25)",1,-0.08
289,29,"(5, 25)",1,-0.08
289,30,"(6, 25)",1,-0.08
289,31,"(7, 25)",1,-0.08
289,32,"(8, 25)",1,-0.08
289,33,"(9, 25)",0,-0.08
289,34,"(9, 24)",1,-0.08
289,35,"(10, 24)",1,-0.08
289,36,"(11, 24)",1,-0.08
289,37,"(12, 24)",1,-0.08
289,38,"(13, 24)",1,-0.08
289,39,"(14, 24)",0,-0.08
289,40,"(14, 23)",1,-0.08
289,41,"(15, 23)",1,-0.08
289,42,"(16, 23)",0,-0.08
289,43,"(16, 22)",1,-0.08
289,44,"(17, 22)",1,-0.08
289,45,"(18, 22)",1,-0.08
289,46,"(19, 22)",0,-0.08
289,47,"(19, 21)",0,-0.08
289,48,"(19, 20)",0,-0.08
289,49,"(19, 19)",1,-0.08
289,50,"(20, 19)",1,-0.08
289,51,"(21, 19)",1,-0.08
289,52,"(22, 19)",1,-0.08
289,53,"(23, 19)",0,-0.08
289,54,"(23, 18)",0,-0.08
289,55,"(23, 17)",1,-0.08
289,56,"(24, 17)",1,-0.08
289,57,"(25, 17)",1,-0.08
289,58,"(26, 17)",1,-0.08
289,59,"(27, 17)",0,-0.08
289,60,"(27, 16)",1,-0.08
289,61,"(28, 16)",0,-0.08
289,62,"(28, 15)",1,-0.08
289,63,"(29, 15)",1,-0.08
289,64,"(30, 15)",1,-0.08
289,65,"(31, 15)",1,-0.08
289,66,"(32, 15)",1,-0.08
289,67,"(33, 15)",1,-0.08
289,68,"(34, 15)",0,-0.08
289,69,"(34, 14)",1,-0.08
289,70,"(35, 14)",0,-0.08
289,71,"(35, 13)",0,-0.08
289,72,"(35, 12)",1,-0.08
289,73,"(36, 12)",1,-0.08
289,74,"(37, 12)",1,-0.08
289,75,"(38, 12)",1,-0.08
289,76,"(39, 12)",0,-0.08
289,77,"(39, 11)",1,-0.08
289,78,"(40, 11)",1,-0.08
289,79,"(41, 11)",1,-0.08
289,80,"(42, 11)",1,-0.08
289,81,"(43, 11)",1,-0.08
289,82,"(44, 11)",1,-0.08
289,83,"(45, 11)",0,-0.08
289,84,"(45, 10)",1,-0.08
289,85,"(46, 10)",0,-0.08
289,86,"(46, 9)",0,-0.08
289,87,"(46, 8)",0,-0.08
289,88,"(46, 7)",1,-0.08
289,89,"(47, 7)",1,-0.08
289,90,"(48, 7)",1,-0.08
289,91,"(49, 7)",1,-0.08
289,92,"(50, 7)",1,-0.08
289,93,"(51, 7)",1,-0.08
289,94,"(52, 7)",1,-0.08
289,95,"(53, 7)",1,-0.08
289,96,"(54, 7)",1,-0.08
289,97,"(55, 7)",1,-0.08
289,98,"(56, 7)",1,-0.08
289,99,"(57, 7)",1,-0.08
289,100,"(58, 7)",1,-0.08
289,101,"(59, 7)",1,-0.08
289,102,"(60, 7)",1,-0.08
289,103,"(61, 7)",1,-0.08
289,104,"(62, 7)",1,-0.08
289,105,"(63, 7)",1,-0.08
289,106,"(64, 7)",1,-0.08
289,107,"(65, 7)",1,-0.08
289,108,"(66, 7)",1,-0.08
289,109,"(67, 7)",1,-0.08
289,110,"(68, 7)",1,-0.08
289,111,"(69, 7)",0,-0.08
289,112,"(69, 6)",1,-0.08
289,113,"(70, 6)",1,-0.08
289,114,"(71, 6)",0,-0.08
289,115,"(71, 5)",1,-0.08
289,116,"(72, 5)",1,-0.08
289,117,"(73, 5)",1,-0.08
289,118,"(74, 5)",0,-0.08
289,119,"(74, 4)",0,-0.08
289,120,"(74, 3)",1,-0.08
289,121,"(75, 3)",1,-0.08
289,122,"(76, 3)",1,-0.08
289,123,"(77, 3)",0,-0.08
289,124,"(77, 2)",0,-0.08
289,125,"(77, 1)",1,-0.08
289,126,"(78, 1)",0,-0.08
289,127,"(78, 0)",1,8.33
290,0,"(0, 39)",1,-0.08
290,1,"(1, 39)",0,-0.08
290,2,"(1, 38)",1,-8.33
290,3,"(1, 38)",0,-0.08
290,4,"(1, 37)",0,-8.33
290,5,"(1, 37)",3,-0.08
290,6,"(0, 37)",0,-0.08
290,7,"(0, 36)",0,-0.08
290,8,"(0, 35)",1,-0.08
290,9,"(1, 35)",0,-0.08
290,10,"(1, 34)",0,-0.08
290,11,"(1, 33)",1,-0.08
290,12,"(2, 33)",0,-0.08
290,13,"(2, 32)",1,-0.08
290,14,"(3, 32)",0,-0.08
290,15,"(3, 31)",0,-8.33
290,16,"(3, 31)",0,-8.33
290,17,"(3, 31)",2,-0.08
290,18,"(3, 32)",2,-0.08
290,19,"(3, 33)",1,-0.08
290,20,"(4, 33)",1,-0.08
290,21,"(5, 33)",1,-0.08
290,22,"(6, 33)",1,-0.08
290,23,"(7, 33)",1,-0.08
290,24,"(8, 33)",1,-0.08
290,25,"(9, 33)",1,-0.08
290,26,"(10, 33)",1,-0.08
290,27,"(11, 33)",1,-0.08
290,28,"(12, 33)",0,-0.08
290,29,"(12, 32)",0,-0.08
290,30,"(12, 31)",1,-0.08
290,31,"(13, 31)",1,-0.08
290,32,"(14, 31)",1,-0.08
290,33,"(15, 31)",1,-0.08
290,34,"(16, 31)",0,-0.08
290,35,"(16, 30)",0,-0.08
290,36,"(16, 29)",1,-0.08
290,37,"(17, 29)",1,-0.08
290,38,"(18, 29)",1,-0.08
290,39,"(19, 29)",0,-0.08
290,40,"(19, 28)",1,-0.08
290,41,"(20, 28)",0,-0.08
290,42,"(20, 27)",1,-0.08
290,43,"(21, 27)",0,-0.08
290,44,"(21, 26)",0,-0.08
290,45,"(21, 25)",1,-0.08
290,46,"(22, 25)",0,-0.08
290,47,"(22, 24)",0,-0.08
290,48,"(22, 23)",1,-0.08
290,49,"(23, 23)",1,-0.08
290,50,"(24, 23)",0,-0.08
290,51,"(24, 22)",1,-0.08
290,52,"(25, 22)",0,-0.08
290,53,"(25, 21)",1,-0.08
290,54,"(26, 21)",1,-0.08
290,55,"(27, 21)",1,-0.08
290,56,"(28, 21)",0,-0.08
290,57,"(28, 20)",0,-0.08
290,58,"(28, 19)",1,-0.08
290,59,"(29, 19)",1,-0.08
290,60,"(30, 19)",1,-0.08
290,61,"(31, 19)",1,-0.08
290,62,"(32, 19)",1,-0.08
290,63,"(33, 19)",1,-0.08
290,64,"(34, 19)",1,-0.08
290,65,"(35, 19)",1,-0.08
290,66,"(36, 19)",1,-0.08
290,67,"(37, 19)",0,-0.08
290,68,"(37, 18)",0,-0.08
290,69,"(37, 17)",1,-0.08
290,70,"(38, 17)",1,-0.08
290,71,"(39, 17)",0,-0.08
290,72,"(39, 16)",0,-0.08
290,73,"(39, 15)",1,-0.08
290,74,"(40, 15)",1,-0.08
290,75,"(41, 15)",0,-0.08
290,76,"(41, 14)",0,-0.08
290,77,"(41, 13)",1,-0.08
290,78,"(42, 13)",1,-0.08
290,79,"(43, 13)",1,-0.08
290,80,"(44, 13)",1,-0.08
290,81,"(45, 13)",0,-0.08
290,82,"(45, 12)",0,-0.08
290,83,"(45, 11)",0,-0.08
290,84,"(45, 10)",0,-0.08
290,85,"(45, 9)",0,-0.08
290,86,"(45, 8)",0,-0.08
290,87,"(45, 7)",1,-0.08
290,88,"(46, 7)",1,-0.08
290,89,"(47, 7)",1,-0.08
290,90,"(48, 7)",1,-0.08
290,91,"(49, 7)",1,-0.08
290,92,"(50, 7)",1,-0.08
290,93,"(51, 7)",1,-0.08
290,94,"(52, 7)",1,-0.08
290,95,"(53, 7)",1,-0.08
290,96,"(54, 7)",1,-0.08
290,97,"(55, 7)",1,-0.08
290,98,"(56, 7)",1,-0.08
290,99,"(57, 7)",1,-0.08
290,100,"(58, 7)",1,-0.08
290,101,"(59, 7)",1,-0.08
290,102,"(60, 7)",1,-0.08
290,103,"(61, 7)",1,-0.08
290,104,"(62, 7)",1,-0.08
290,105,"(63, 7)",1,-0.08
290,106,"(64, 7)",1,-0.08
290,107,"(65, 7)",1,-0.08
290,108,"(66, 7)",1,-0.08
290,109,"(67, 7)",1,-0.08
290,110,"(68, 7)",1,-0.08
290,111,"(69, 7)",1,-0.08
290,112,"(70, 7)",1,-0.08
290,113,"(71, 7)",0,-0.08
290,114,"(71, 6)",0,-0.08
290,115,"(71, 5)",1,-0.08
290,116,"(72, 5)",1,-0.08
290,117,"(73, 5)",1,-0.08
290,118,"(74, 5)",0,-0.08
290,119,"(74, 4)",0,-0.08
290,120,"(74, 3)",1,-0.08
290,121,"(75, 3)",1,-0.08
290,122,"(76, 3)",1,-0.08
290,123,"(77, 3)",0,-0.08
290,124,"(77, 2)",0,-0.08
290,125,"(77, 1)",0,-0.08
290,126,"(77, 0)",1,-0.08
290,127,"(78, 0)",1,8.33
291,0,"(0, 39)",0,-0.08
291,1,"(0, 38)",1,-0.08
291,2,"(1, 38)",0,-0.08
291,3,"(1, 37)",0,-8.33
291,4,"(1, 37)",3,-0.08
291,5,"(0, 37)",0,-0.08
291,6,"(0, 36)",0,-0.08
291,7,"(0, 35)",0,-0.08
291,8,"(0, 34)",0,-0.08
291,9,"(0, 33)",1,-0.08
291,10,"(1, 33)",1,-0.08
291,11,"(2, 33)",1,-0.08
291,12,"(3, 33)",1,-0.08
291,13,"(4, 33)",1,-0.08
291,14,"(5, 33)",1,-0.08
291,15,"(6, 33)",1,-0.08
291,16,"(7, 33)",0,-0.08
291,17,"(7, 32)",1,-0.08
291,18,"(8, 32)",0,-0.08
291,19,"(8, 31)",1,-0.08
291,20,"(9, 31)",0,-0.08
291,21,"(9, 30)",1,-0.08
291,22,"(10, 30)",0,-0.08
291,23,"(10, 29)",0,-0.08
291,24,"(10, 28)",0,-0.08
291,25,"(10, 27)",0,-8.33
291,26,"(10, 27)",1,-0.08
291,27,"(11, 27)",1,-0.08
291,28,"(12, 27)",1,-0.08
291,29,"(13, 27)",0,-0.08
291,30,"(13, 26)",0,-0.08
291,31,"(13, 25)",1,-0.08
291,32,"(14, 25)",0,-0.08
291,33,"(14, 24)",0,-0.08
291,34,"(14, 23)",1,-0.08
291,35,"(15, 23)",1,-0.08
291,36,"(16, 23)",0,-0.08
291,37,"(16, 22)",1,-0.08
291,38,"(17, 22)",1,-0.08
291,39,"(18, 22)",1,-0.08
291,40,"(19, 22)",0,-0.08
291,41,"(19, 21)",1,-0.08
291,42,"(20, 21)",0,-0.08
291,43,"(20, 20)",0,-0.08
291,44,"(20, 19)",1,-0.08
291,45,"(21, 19)",1,-0.08
291,46,"(22, 19)",1,-0.08
291,47,"(23, 19)",0,-0.08
291,48,"(23, 18)",0,-0.08
291,49,"(23, 17)",0,-0.08
291,50,"(23, 16)",0,-0.08
291,51,"(23, 15)",1,-0.08
291,52,"(24, 15)",1,-0.08
291,53,"(25, 15)",1,-0.08
291,54,"(26, 15)",1,-0.08
291,55,"(27, 15)",0,-0.08
291,56,"(27, 14)",0,-0.08
291,57,"(27, 13)",1,-0.08
291,58,"(28, 13)",1,-0.08
291,59,"(29, 13)",1,-0.08
291,60,"(30, 13)",1,-0.08
291,61,"(31, 13)",1,-0.08
291,62,"(32, 13)",1,-0.08
291,63,"(33, 13)",1,-0.08
291,64,"(34, 13)",1,-0.08
291,65,"(35, 13)",0,-0.08
291,66,"(35, 12)",1,-0.08
291,67,"(36, 12)",1,-0.08
291,68,"(37, 12)",1,-0.08
291,69,"(38, 12)",1,-0.08
291,70,"(39, 12)",0,-0.08
291,71,"(39, 11)",1,-0.08
291,72,"(40, 11)",1,-0.08
291,73,"(41, 11)",1,-0.08
291,74,"(42, 11)",1,-0.08
291,75,"(43, 11)",1,-0.08
291,76,"(44, 11)",1,-0.08
291,77,"(45, 11)",0,-0.08
291,78,"(45, 10)",1,-0.08
291,79,"(46, 10)",1,-0.08
291,80,"(47, 10)",1,-0.08
291,81,"(48, 10)",1,-0.08
291,82,"(49, 10)",1,-0.08
291,83,"(50, 10)",0,-0.08
291,84,"(50, 9)",1,-0.08
291,85,"(51, 9)",1,-0.08
291,86,"(52, 9)",1,-0.08
291,87,"(53, 9)",1,-0.08
291,88,"(54, 9)",1,-0.08
291,89,"(55, 9)",1,-0.08
291,90,"(56, 9)",1,-0.08
291,91,"(57, 9)",0,-0.08
291,92,"(57, 8)",0,-0.08
291,93,"(57, 7)",1,-0.08
291,94,"(58, 7)",1,-0.08
291,95,"(59, 7)",1,-0.08
291,96,"(60, 7)",1,-0.08
291,97,"(61, 7)",1,-0.08
291,98,"(62, 7)",1,-0.08
291,99,"(63, 7)",1,-0.08
291,100,"(64, 7)",1,-0.08
291,101,"(65, 7)",1,-0.08
291,102,"(66, 7)",1,-0.08
291,103,"(67, 7)",1,-0.08
291,104,"(68, 7)",1,-0.08
291,105,"(69, 7)",1,-0.08
291,106,"(70, 7)",0,-0.08
291,107,"(70, 6)",1,-0.08
291,108,"(71, 6)",1,-0.08
291,109,"(72, 6)",0,-0.08
291,110,"(72, 5)",1,-0.08
291,111,"(73, 5)",1,-0.08
291,112,"(74, 5)",1,-0.08
291,113,"(75, 5)",1,-0.08
291,114,"(76, 5)",1,-0.08
291,115,"(77, 5)",0,-0.08
291,116,"(77, 4)",0,-0.08
291,117,"(77, 3)",0,-0.08
291,118,"(77, 2)",0,-0.08
291,119,"(77, 1)",0,-0.08
291,120,"(77, 0)",1,-0.08
291,121,"(78, 0)",1,8.33
292,0,"(0, 39)",1,-0.08
292,1,"(1, 39)",0,-0.08
292,2,"(1, 38)",0,-0.08
292,3,"(1, 37)",1,-8.33
292,4,"(1, 37)",0,-8.33
292,5,"(1, 37)",3,-0.08
292,6,"(0, 37)",0,-0.08
292,7,"(0, 36)",0,-0.08
292,8,"(0, 35)",0,-0.08
292,9,"(0, 34)",0,-0.08
292,10,"(0, 33)",1,-0.08
292,11,"(1, 33)",0,-0.08
292,12,"(1, 32)",0,-0.08
292,13,"(1, 31)",0,-0.08
292,14,"(1, 30)",0,-0.08
292,15,"(1, 29)",0,-0.08
292,16,"(1, 28)",0,-0.08
292,17,"(1, 27)",0,-0.08
292,18,"(1, 26)",1,-0.08
292,19,"(2, 26)",1,-0.08
292,20,"(3, 26)",0,-0.08
292,21,"(3, 25)",1,-0.08
292,22,"(4, 25)",1,-0.08
292,23,"(5, 25)",1,-0.08
292,24,"(6, 25)",1,-0.08
292,25,"(7, 25)",1,-0.08
292,26,"(8, 25)",1,-0.08
292,27,"(9, 25)",1,-0.08
292,28,"(10, 25)",0,-0.08
292,29,"(10, 24)",1,-0.08
292,30,"(11, 24)",1,-0.08
292,31,"(12, 24)",1,-0.08
292,32,"(13, 24)",1,-0.08
292,33,"(14, 24)",0,-0.08
292,34,"(14, 23)",1,-0.08
292,35,"(15, 23)",1,-0.08
292,36,"(16, 23)",0,-0.08
292,37,"(16, 22)",1,-0.08
292,38,"(17, 22)",1,-0.08
292,39,"(18, 22)",1,-0.08
292,40,"(19, 22)",1,-0.08
292,41,"(20, 22)",1,-0.08
292,42,"(21, 22)",0,-0.08
292,43,"(21, 21)",1,-0.08
292,44,"(22, 21)",0,-0.08
292,45,"(22, 20)",1,-0.08
292,46,"(23, 20)",0,-0.08
292,47,"(23, 19)",0,-0.08
292,48,"(23, 18)",0,-0.08
292,49,"(23, 17)",1,-0.08
292,50,"(24, 17)",1,-0.08
292,51,"(25, 17)",1,-0.08
292,52,"(26, 17)",1,-0.08
292,53,"(27, 17)",0,-0.08
292,54,"(27, 16)",1,-0.08
292,55,"(28, 16)",0,-0.08
292,56,"(28, 15)",1,-0.08
292,57,"(29, 15)",0,-0.08
292,58,"(29, 14)",0,-0.08
292,59,"(29, 13)",1,-0.08
292,60,"(30, 13)",1,-0.08
292,61,"(31, 13)",1,-0.08
292,62,"(32, 13)",1,-0.08
292,63,"(33, 13)",1,-0.08
292,64,"(34, 13)",1,-0.08
292,65,"(35, 13)",1,-0.08
292,66,"(36, 13)",0,-0.08
292,67,"(36, 12)",1,-0.08
292,68,"(37, 12)",1,-0.08
292,69,"(38, 12)",1,-0.08
292,70,"(39, 12)",0,-0.08
292,71,"(39, 11)",1,-0.08
292,72,"(40, 11)",1,-0.08
292,73,"(41, 11)",1,-0.08
292,74,"(42, 11)",1,-0.08
292,75,"(43, 11)",1,-0.08
292,76,"(44, 11)",1,-0.08
292,77,"(45, 11)",0,-0.08
292,78,"(45, 10)",0,-0.08
292,79,"(45, 9)",1,-0.08
292,80,"(46, 9)",0,-0.08
292,81,"(46, 8)",0,-0.08
292,82,"(46, 7)",1,-0.08
292,83,"(47, 7)",1,-0.08
292,84,"(48, 7)",1,-0.08
292,85,"(49, 7)",1,-0.08
292,86,"(50, 7)",1,-0.08
292,87,"(51, 7)",1,-0.08
292,88,"(52, 7)",1,-0.08
292,89,"(53, 7)",1,-0.08
292,90,"(54, 7)",1,-0.08
292,91,"(55, 7)",1,-0.08
292,92,"(56, 7)",1,-0.08
292,93,"(57, 7)",1,-0.08
292,94,"(58, 7)",1,-0.08
292,95,"(59, 7)",1,-0.08
292,96,"(60, 7)",1,-0.08
292,97,"(61, 7)",1,-0.08
292,98,"(62, 7)",1,-0.08
292,99,"(63, 7)",1,-0.08
292,100,"(64, 7)",1,-0.08
292,101,"(65, 7)",1,-0.08
292,102,"(66, 7)",1,-0.08
292,103,"(67, 7)",1,-0.08
292,104,"(68, 7)",1,-0.08
292,105,"(69, 7)",1,-0.08
292,106,"(70, 7)",0,-0.08
292,107,"(70, 6)",1,-0.08
292,108,"(71, 6)",1,-0.08
292,109,"(72, 6)",0,-0.08
292,110,"(72, 5)",1,-0.08
292,111,"(73, 5)",1,-0.08
292,112,"(74, 5)",1,-0.08
292,113,"(75, 5)",1,-0.08
292,114,"(76, 5)",1,-0.08
292,115,"(77, 5)",0,-0.08
292,116,"(77, 4)",0,-0.08
292,117,"(77, 3)",0,-0.08
292,118,"(77, 2)",0,-0.08
292,119,"(77, 1)",0,-0.08
292,120,"(77, 0)",1,-0.08
292,121,"(78, 0)",1,8.33
293,0,"(0, 39)",0,-0.08
293,1,"(0, 38)",1,-0.08
293,2,"(1, 38)",1,-8.33
293,3,"(1, 38)",0,-0.08
293,4,"(1, 37)",0,-8.33
293,5,"(1, 37)",3,-0.08
293,6,"(0, 37)",0,-0.08
293,7,"(0, 36)",0,-0.08
293,8,"(0, 35)",0,-0.08
293,9,"(0, 34)",1,-0.08
293,10,"(1, 34)",0,-0.08
293,11,"(1, 33)",1,-0.08
293,12,"(2, 33)",0,-0.08
293,13,"(2, 32)",0,-0.08
293,14,"(2, 31)",1,-0.08
293,15,"(3, 31)",0,-8.33
293,16,"(3, 31)",0,-8.33
293,17,"(3, 31)",3,-0.08
293,18,"(2, 31)",3,-0.08
293,19,"(1, 31)",0,-0.08
293,20,"(1, 30)",0,-0.08
293,21,"(1, 29)",1,-0.08
293,22,"(2, 29)",1,-0.08
293,23,"(3, 29)",0,-0.08
293,24,"(3, 28)",0,-0.08
293,25,"(3, 27)",0,-0.08
293,26,"(3, 26)",0,-0.08
293,27,"(3, 25)",1,-0.08
293,28,"(4, 25)",1,-0.08
293,29,"(5, 25)",1,-0.08
293,30,"(6, 25)",1,-0.08
293,31,"(7, 25)",1,-0.08
293,32,"(8, 25)",1,-0.08
293,33,"(9, 25)",0,-0.08
293,34,"(9, 24)",1,-0.08
293,35,"(10, 24)",1,-0.08
293,36,"(11, 24)",1,-0.08
293,37,"(12, 24)",1,-0.08
293,38,"(13, 24)",0,-0.08
293,39,"(13, 23)",1,-0.08
293,40,"(14, 23)",1,-0.08
293,41,"(15, 23)",1,-0.08
293,42,"(16, 23)",0,-0.08
293,43,"(16, 22)",1,-0.08
293,44,"(17, 22)",1,-0.08
293,45,"(18, 22)",1,-0.08
293,46,"(19, 22)",0,-0.08
293,47,"(19, 21)",0,-0.08
293,48,"(19, 20)",0,-0.08
293,49,"(19, 19)",1,-0.08
293,50,"(20, 19)",1,-0.08
293,51,"(21, 19)",1,-0.08
293,52,"(22, 19)",1,-0.08
293,53,"(23, 19)",0,-0.08
293,54,"(23, 18)",0,-0.08
293,55,"(23, 17)",1,-0.08
293,56,"(24, 17)",1,-0.08
293,57,"(25, 17)",1,-0.08
293,58,"(26, 17)",1,-0.08
293,59,"(27, 17)",0,-0.08
293,60,"(27, 16)",0,-0.08
293,61,"(27, 15)",0,-0.08
293,62,"(27, 14)",0,-0.08
293,63,"(27, 13)",1,-0.08
293,64,"(28, 13)",1,-0.08
293,65,"(29, 13)",1,-0.08
293,66,"(30, 13)",1,-0.08
293,67,"(31, 13)",1,-0.08
293,68,"(32, 13)",1,-0.08
293,69,"(33, 13)",1,-0.08
293,70,"(34, 13)",1,-0.08
293,71,"(35, 13)",1,-0.08
293,72,"(36, 13)",0,-0.08
293,73,"(36, 12)",1,-0.08
293,74,"(37, 12)",1,-0.08
293,75,"(38, 12)",1,-0.08
293,76,"(39, 12)",0,-0.08
293,77,"(39, 11)",1,-0.08
293,78,"(40, 11)",1,-0.08
293,79,"(41, 11)",1,-0.08
293,80,"(42, 11)",1,-0.08
293,81,"(43, 11)",1,-0.08
293,82,"(44, 11)",1,-0.08
293,83,"(45, 11)",0,-0.08
293,84,"(45, 10)",0,-0.08
293,85,"(45, 9)",1,-0.08
293,86,"(46, 9)",0,-0.08
293,87,"(46, 8)",0,-0.08
293,88,"(46, 7)",1,-0.08
293,89,"(47, 7)",1,-0.08
293,90,"(48, 7)",1,-0.08
293,91,"(49, 7)",1,-0.08
293,92,"(50, 7)",1,-0.08
293,93,"(51, 7)",1,-0.08
293,94,"(52, 7)",1,-0.08
293,95,"(53, 7)",1,-0.08
293,96,"(54, 7)",1,-0.08
293,97,"(55, 7)",1,-0.08
293,98,"(56, 7)",1,-0.08
293,99,"(57, 7)",1,-0.08
293,100,"(58, 7)",1,-0.08
293,101,"(59, 7)",1,-0.08
293,102,"(60, 7)",1,-0.08
293,103,"(61, 7)",1,-0.08
293,104,"(62, 7)",1,-0.08
293,105,"(63, 7)",1,-0.08
293,106,"(64, 7)",1,-0.08
293,107,"(65, 7)",1,-0.08
293,108,"(66, 7)",1,-0.08
293,109,"(67, 7)",1,-0.08
293,110,"(68, 7)",1,-0.08
293,111,"(69, 7)",0,-0.08
293,112,"(69, 6)",1,-0.08
293,113,"(70, 6)",1,-0.08
293,114,"(71, 6)",1,-0.08
293,115,"(72, 6)",1,-0.08
293,116,"(73, 6)",1,-0.08
293,117,"(74, 6)",0,-0.08
293,118,"(74, 5)",0,-0.08
293,119,"(74, 4)",0,-0.08
293,120,"(74, 3)",1,-0.08
293,121,"(75, 3)",1,-0.08
293,122,"(76, 3)",1,-0.08
293,123,"(77, 3)",0,-0.08
293,124,"(77, 2)",0,-0.08
293,125,"(77, 1)",1,-0.08
293,126,"(78, 1)",1,-0.08
293,127,"(79, 1)",0,8.33
294,0,"(0, 39)",1,-0.08
294,1,"(1, 39)",0,-0.08
294,2,"(1, 38)",1,-8.33
294,3,"(1, 38)",0,-0.08
294,4,"(1, 37)",0,-8.33
294,5,"(1, 37)",3,-0.08
294,6,"(0, 37)",0,-0.08
294,7,"(0, 36)",0,-0.08
294,8,"(0, 35)",1,-0.08
294,9,"(1, 35)",0,-0.08
294,10,"(1, 34)",1,-0.08
294,11,"(2, 34)",0,-0.08
294,12,"(2, 33)",0,-0.08
294,13,"(2, 32)",0,-0.08
294,14,"(2, 31)",1,-0.08
294,15,"(3, 31)",0,-8.33
294,16,"(3, 31)",0,-8.33
294,17,"(3, 31)",3,-0.08
294,18,"(2, 31)",3,-0.08
294,19,"(1, 31)",0,-0.08
294,20,"(1, 30)",0,-0.08
294,21,"(1, 29)",0,-0.08
294,22,"(1, 28)",0,-0.08
294,23,"(1, 27)",0,-0.08
294,24,"(1, 26)",0,-0.08
294,25,"(1, 25)",1,-0.08
294,26,"(2, 25)",1,-0.08
294,27,"(3, 25)",1,-0.08
294,28,"(4, 25)",1,-0.08
294,29,"(5, 25)",1,-0.08
294,30,"(6, 25)",1,-0.08
294,31,"(7, 25)",1,-0.08
294,32,"(8, 25)",1,-0.08
294,33,"(9, 25)",1,-0.08
294,34,"(10, 25)",1,-0.08
294,35,"(11, 25)",0,-0.08
294,36,"(11, 24)",1,-0.08
294,37,"(12, 24)",1,-0.08
294,38,"(13, 24)",0,-0.08
294,39,"(13, 23)",1,-0.08
294,40,"(14, 23)",1,-0.08
294,41,"(15, 23)",1,-0.08
294,42,"(16, 23)",0,-0.08
294,43,"(16, 22)",1,-0.08
294,44,"(17, 22)",1,-0.08
294,45,"(18, 22)",1,-0.08
294,46,"(19, 22)",1,-0.08
294,47,"(20, 22)",1,-0.08
294,48,"(21, 22)",0,-0.08
294,49,"(21, 21)",1,-0.08
294,50,"(22, 21)",0,-0.08
294,51,"(22, 20)",0,-0.08
294,52,"(22, 19)",1,-0.08
294,53,"(23, 19)",0,-0.08
294,54,"(23, 18)",0,-0.08
294,55,"(23, 17)",1,-0.08
294,56,"(24, 17)",1,-0.08
294,57,"(25, 17)",1,-0.08
294,58,"(26, 17)",1,-0.08
294,59,"(27, 17)",0,-0.08
294,60,"(27, 16)",1,-0.08
294,61,"(28, 16)",0,-0.08
294,62,"(28, 15)",1,-0.08
294,63,"(29, 15)",0,-0.08
294,64,"(29, 14)",0,-0.08
294,65,"(29, 13)",1,-0.08
294,66,"(30, 13)",1,-0.08
294,67,"(31, 13)",1,-0.08
294,68,"(32, 13)",1,-0.08
294,69,"(33, 13)",1,-0.08
294,70,"(34, 13)",1,-0.08
294,71,"(35, 13)",1,-0.08
294,72,"(36, 13)",0,-0.08
294,73,"(36, 12)",1,-0.08
294,74,"(37, 12)",1,-0.08
294,75,"(38, 12)",1,-0.08
294,76,"(39, 12)",0,-0.08
294,77,"(39, 11)",1,-0.08
294,78,"(40, 11)",1,-0.08
294,79,"(41, 11)",1,-0.08
294,80,"(42, 11)",1,-0.08
294,81,"(43, 11)",1,-0.08
294,82,"(44, 11)",1,-0.08
294,83,"(45, 11)",0,-0.08
294,84,"(45, 10)",0,-0.08
294,85,"(45, 9)",1,-0.08
294,86,"(46, 9)",0,-0.08
294,87,"(46, 8)",0,-0.08
294,88,"(46, 7)",1,-0.08
294,89,"(47, 7)",1,-0.08
294,90,"(48, 7)",1,-0.08
294,91,"(49, 7)",1,-0.08
294,92,"(50, 7)",1,-0.08
294,93,"(51, 7)",1,-0.08
294,94,"(52, 7)",1,-0.08
294,95,"(53, 7)",1,-0.08
294,96,"(54, 7)",1,-0.08
294,97,"(55, 7)",1,-0.08
294,98,"(56, 7)",1,-0.08
294,99,"(57, 7)",1,-0.08
294,100,"(58, 7)",1,-0.08
294,101,"(59, 7)",1,-0.08
294,102,"(60, 7)",1,-0.08
294,103,"(61, 7)",1,-0.08
294,104,"(62, 7)",1,-0.08
294,105,"(63, 7)",1,-0.08
294,106,"(64, 7)",1,-0.08
294,107,"(65, 7)",1,-0.08
294,108,"(66, 7)",1,-0.08
294,109,"(67, 7)",1,-0.08
294,110,"(68, 7)",1,-0.08
294,111,"(69, 7)",0,-0.08
294,112,"(69, 6)",1,-0.08
294,113,"(70, 6)",1,-0.08
294,114,"(71, 6)",0,-0.08
294,115,"(71, 5)",1,-0.08
294,116,"(72, 5)",1,-0.08
294,117,"(73, 5)",1,-0.08
294,118,"(74, 5)",0,-0.08
294,119,"(74, 4)",1,-0.08
294,120,"(75, 4)",0,-0.08
294,121,"(75, 3)",1,-0.08
294,122,"(76, 3)",0,-0.08
294,123,"(76, 2)",0,-0.08
294,124,"(76, 1)",1,-0.08
294,125,"(77, 1)",1,-0.08
294,126,"(78, 1)",0,-0.08
294,127,"(78, 0)",1,8.33
295,0,"(0, 39)",0,-0.08
295,1,"(0, 38)",1,-0.08
295,2,"(1, 38)",0,-0.08
295,3,"(1, 37)",0,-8.33
295,4,"(1, 37)",3,-0.08
295,5,"(0, 37)",0,-0.08
295,6,"(0, 36)",0,-0.08
295,7,"(0, 35)",0,-0.08
295,8,"(0, 34)",0,-0.08
295,9,"(0, 33)",1,-0.08
295,10,"(1, 33)",0,-0.08
295,11,"(1, 32)",1,-0.08
295,12,"(2, 32)",1,-0.08
295,13,"(3, 32)",0,-0.08
295,14,"(3, 31)",0,-8.33
295,15,"(3, 31)",0,-8.33
295,16,"(3, 31)",3,-0.08
295,17,"(2, 31)",3,-0.08
295,18,"(1, 31)",0,-0.08
295,19,"(1, 30)",0,-0.08
295,20,"(1, 29)",1,-0.08
295,21,"(2, 29)",1,-0.08
295,22,"(3, 29)",1,-0.08
295,23,"(4, 29)",1,-0.08
295,24,"(5, 29)",1,-0.08
295,25,"(6, 29)",1,-0.08
295,26,"(7, 29)",1,-0.08
295,27,"(8, 29)",0,-0.08
295,28,"(8, 28)",0,-0.08
295,29,"(8, 27)",1,-0.08
295,30,"(9, 27)",1,-0.08
295,31,"(10, 27)",1,-0.08
295,32,"(11, 27)",1,-0.08
295,33,"(12, 27)",1,-0.08
295,34,"(13, 27)",1,-0.08
295,35,"(14, 27)",1,-0.08
295,36,"(15, 27)",1,-0.08
295,37,"(16, 27)",1,-0.08
295,38,"(17, 27)",0,-0.08
295,39,"(17, 26)",0,-0.08
295,40,"(17, 25)",0,-0.08
295,41,"(17, 24)",0,-0.08
295,42,"(17, 23)",0,-0.08
295,43,"(17, 22)",1,-0.08
295,44,"(18, 22)",1,-0.08
295,45,"(19, 22)",0,-0.08
295,46,"(19, 21)",0,-0.08
295,47,"(19, 20)",0,-0.08
295,48,"(19, 19)",1,-0.08
295,49,"(20, 19)",1,-0.08
295,50,"(21, 19)",1,-0.08
295,51,"(22, 19)",1,-0.08
295,52,"(23, 19)",0,-0.08
295,53,"(23, 18)",0,-0.08
295,54,"(23, 17)",0,-0.08
295,55,"(23, 16)",0,-0.08
295,56,"(23, 15)",1,-0.08
295,57,"(24, 15)",1,-0.08
295,58,"(25, 15)",1,-0.08
295,59,"(26, 15)",1,-0.08
295,60,"(27, 15)",0,-0.08
295,61,"(27, 14)",0,-0.08
295,62,"(27, 13)",1,-0.08
295,63,"(28, 13)",1,-0.08
295,64,"(29, 13)",1,-0.08
295,65,"(30, 13)",1,-0.08
295,66,"(31, 13)",1,-0.08
295,67,"(32, 13)",1,-0.08
295,68,"(33, 13)",1,-0.08
295,69,"(34, 13)",1,-0.08
295,70,"(35, 13)",0,-0.08
295,71,"(35, 12)",1,-0.08
295,72,"(36, 12)",1,-0.08
295,73,"(37, 12)",1,-0.08
295,74,"(38, 12)",1,-0.08
295,75,"(39, 12)",0,-0.08
295,76,"(39, 11)",1,-0.08
295,77,"(40, 11)",1,-0.08
295,78,"(41, 11)",1,-0.08
295,79,"(42, 11)",1,-0.08
295,80,"(43, 11)",1,-0.08
295,81,"(44, 11)",1,-0.08
295,82,"(45, 11)",0,-0.08
295,83,"(45, 10)",0,-0.08
295,84,"(45, 9)",1,-0.08
295,85,"(46, 9)",0,-0.08
295,86,"(46, 8)",0,-0.08
295,87,"(46, 7)",1,-0.08
295,88,"(47, 7)",1,-0.08
295,89,"(48, 7)",1,-0.08
295,90,"(49, 7)",1,-0.08
295,91,"(50, 7)",1,-0.08
295,92,"(51, 7)",1,-0.08
295,93,"(52, 7)",1,-0.08
295,94,"(53, 7)",1,-0.08
295,95,"(54, 7)",1,-0.08
295,96,"(55, 7)",1,-0.08
295,97,"(56, 7)",1,-0.08
295,98,"(57, 7)",1,-0.08
295,99,"(58, 7)",1,-0.08
295,100,"(59, 7)",1,-0.08
295,101,"(60, 7)",1,-0.08
295,102,"(61, 7)",1,-0.08
295,103,"(62, 7)",1,-0.08
295,104,"(63, 7)",1,-0.08
295,105,"(64, 7)",1,-0.08
295,106,"(65, 7)",1,-0.08
295,107,"(66, 7)",1,-0.08
295,108,"(67, 7)",1,-0.08
295,109,"(68, 7)",1,-0.08
295,110,"(69, 7)",1,-0.08
295,111,"(70, 7)",0,-0.08
295,112,"(70, 6)",1,-0.08
295,113,"(71, 6)",0,-0.08
295,114,"(71, 5)",1,-0.08
295,115,"(72, 5)",1,-0.08
295,116,"(73, 5)",1,-0.08
295,117,"(74, 5)",1,-0.08
295,118,"(75, 5)",1,-0.08
295,119,"(76, 5)",1,-0.08
295,120,"(77, 5)",0,-0.08
295,121,"(77, 4)",0,-0.08
295,122,"(77, 3)",0,-0.08
295,123,"(77, 2)",0,-0.08
295,124,"(77, 1)",0,-0.08
295,125,"(77, 0)",1,-0.08
295,126,"(78, 0)",1,8.33
296,0,"(0, 39)",0,-0.08
296,1,"(0, 38)",1,-0.08
296,2,"(1, 38)",0,-0.08
296,3,"(1, 37)",0,-8.33
296,4,"(1, 37)",3,-0.08
296,5,"(0, 37)",0,-0.08
296,6,"(0, 36)",0,-0.08
296,7,"(0, 35)",1,-0.08
296,8,"(1, 35)",1,-0.08
296,9,"(2, 35)",0,-0.08
296,10,"(2, 34)",0,-0.08
296,11,"(2, 33)",0,-0.08
296,12,"(2, 32)",0,-0.08
296,13,"(2, 31)",1,-0.08
296,14,"(3, 31)",0,-8.33
296,15,"(3, 31)",0,-8.33
296,16,"(3, 31)",3,-0.08
296,17,"(2, 31)",3,-0.08
296,18,"(1, 31)",0,-0.08
296,19,"(1, 30)",0,-0.08
296,20,"(1, 29)",1,-0.08
296,21,"(2, 29)",1,-0.08
296,22,"(3, 29)",1,-0.08
296,23,"(4, 29)",1,-0.08
296,24,"(5, 29)",1,-0.08
296,25,"(6, 29)",1,-0.08
296,26,"(7, 29)",0,-0.08
296,27,"(7, 28)",0,-0.08
296,28,"(7, 27)",0,-0.08
296,29,"(7, 26)",0,-0.08
296,30,"(7, 25)",1,-0.08
296,31,"(8, 25)",1,-0.08
296,32,"(9, 25)",0,-0.08
296,33,"(9, 24)",1,-0.08
296,34,"(10, 24)",1,-0.08
296,35,"(11, 24)",1,-0.08
296,36,"(12, 24)",1,-0.08
296,37,"(13, 24)",1,-0.08
296,38,"(14, 24)",0,-0.08
296,39,"(14, 23)",1,-0.08
296,40,"(15, 23)",1,-0.08
296,41,"(16, 23)",1,-0.08
296,42,"(17, 23)",0,-0.08
296,43,"(17, 22)",1,-0.08
296,44,"(18, 22)",1,-0.08
296,45,"(19, 22)",0,-0.08
296,46,"(19, 21)",1,-0.08
296,47,"(20, 21)",0,-0.08
296,48,"(20, 20)",1,-0.08
296,49,"(21, 20)",1,-0.08
296,50,"(22, 20)",0,-0.08
296,51,"(22, 19)",1,-0.08
296,52,"(23, 19)",0,-0.08
296,53,"(23, 18)",0,-0.08
296,54,"(23, 17)",0,-0.08
296,55,"(23, 16)",0,-0.08
296,56,"(23, 15)",1,-0.08
296,57,"(24, 15)",1,-0.08
296,58,"(25, 15)",1,-0.08
296,59,"(26, 15)",1,-0.08
296,60,"(27, 15)",1,-0.08
296,61,"(28, 15)",1,-0.08
296,62,"(29, 15)",1,-0.08
296,63,"(30, 15)",1,-0.08
296,64,"(31, 15)",1,-0.08
296,65,"(32, 15)",1,-0.08
296,66,"(33, 15)",1,-0.08
296,67,"(34, 15)",0,-0.08
296,68,"(34, 14)",1,-0.08
296,69,"(35, 14)",0,-0.08
296,70,"(35, 13)",1,-0.08
296,71,"(36, 13)",1,-0.08
296,72,"(37, 13)",0,-0.08
296,73,"(37, 12)",1,-0.08
296,74,"(38, 12)",1,-0.08
296,75,"(39, 12)",0,-0.08
296,76,"(39, 11)",1,-0.08
296,77,"(40, 11)",1,-0.08
296,78,"(41, 11)",1,-0.08
296,79,"(42, 11)",1,-0.08
296,80,"(43, 11)",1,-0.08
296,81,"(44, 11)",1,-0.08
296,82,"(45, 11)",0,-0.08
296,83,"(45, 10)",0,-0.08
296,84,"(45, 9)",1,-0.08
296,85,"(46, 9)",0,-0.08
296,86,"(46, 8)",0,-0.08
296,87,"(46, 7)",1,-0.08
296,88,"(47, 7)",1,-0.08
296,89,"(48, 7)",1,-0.08
296,90,"(49, 7)",1,-0.08
296,91,"(50, 7)",1,-0.08
296,92,"(51, 7)",1,-0.08
296,93,"(52, 7)",1,-0.08
296,94,"(53, 7)",1,-0.08
296,95,"(54, 7)",1,-0.08
296,96,"(55, 7)",1,-0.08
296,97,"(56, 7)",1,-0.08
296,98,"(57, 7)",1,-0.08
296,99,"(58, 7)",1,-0.08
296,100,"(59, 7)",1,-0.08
296,101,"(60, 7)",1,-0.08
296,102,"(61, 7)",1,-0.08
296,103,"(62, 7)",1,-0.08
296,104,"(63, 7)",1,-0.08
296,105,"(64, 7)",1,-0.08
296,106,"(65, 7)",1,-0.08
296,107,"(66, 7)",1,-0.08
296,108,"(67, 7)",1,-0.08
296,109,"(68, 7)",1,-0.08
296,110,"(69, 7)",1,-0.08
296,111,"(70, 7)",1,-0.08
296,112,"(71, 7)",1,-0.08
296,113,"(72, 7)",1,-0.08
296,114,"(73, 7)",1,-0.08
296,115,"(74, 7)",1,-0.08
296,116,"(75, 7)",1,-0.08
296,117,"(76, 7)",1,-0.08
296,118,"(77, 7)",0,-0.08
296,119,"(77, 6)",1,-0.08
296,120,"(78, 6)",1,-0.08
296,121,"(79, 6)",0,-0.08
296,122,"(79, 5)",0,-0.08
296,123,"(79, 4)",0,-0.08
296,124,"(79, 3)",0,-0.08
296,125,"(79, 2)",0,-0.08
296,126,"(79, 1)",0,8.33
297,0,"(0, 39)",0,-0.08
297,1,"(0, 38)",1,-0.08
297,2,"(1, 38)",1,-8.33
297,3,"(1, 38)",0,-0.08
297,4,"(1, 37)",0,-8.33
297,5,"(1, 37)",3,-0.08
297,6,"(0, 37)",0,-0.08
297,7,"(0, 36)",0,-0.08
297,8,"(0, 35)",1,-0.08
297,9,"(1, 35)",0,-0.08
297,10,"(1, 34)",0,-0.08
297,11,"(1, 33)",0,-0.08
297,12,"(1, 32)",1,-0.08
297,13,"(2, 32)",0,-0.08
297,14,"(2, 31)",1,-0.08
297,15,"(3, 31)",0,-8.33
297,16,"(3, 31)",0,-8.33
297,17,"(3, 31)",3,-0.08
297,18,"(2, 31)",3,-0.08
297,19,"(1, 31)",0,-0.08
297,20,"(1, 30)",0,-0.08
297,21,"(1, 29)",0,-0.08
297,22,"(1, 28)",0,-0.08
297,23,"(1, 27)",0,-0.08
297,24,"(1, 26)",1,-0.08
297,25,"(2, 26)",0,-0.08
297,26,"(2, 25)",1,-0.08
297,27,"(3, 25)",1,-0.08
297,28,"(4, 25)",1,-0.08
297,29,"(5, 25)",1,-0.08
297,30,"(6, 25)",1,-0.08
297,31,"(7, 25)",1,-0.08
297,32,"(8, 25)",1,-0.08
297,33,"(9, 25)",1,-0.08
297,34,"(10, 25)",1,-0.08
297,35,"(11, 25)",1,-0.08
297,36,"(12, 25)",1,-0.08
297,37,"(13, 25)",1,-0.08
297,38,"(14, 25)",1,-0.08
297,39,"(15, 25)",1,-0.08
297,40,"(16, 25)",1,-0.08
297,41,"(17, 25)",0,-0.08
297,42,"(17, 24)",0,-0.08
297,43,"(17, 23)",1,-0.08
297,44,"(18, 23)",1,-0.08
297,45,"(19, 23)",1,-0.08
297,46,"(20, 23)",1,-0.08
297,47,"(21, 23)",1,-0.08
297,48,"(22, 23)",1,-0.08
297,49,"(23, 23)",1,-0.08
297,50,"(24, 23)",0,-0.08
297,51,"(24, 22)",0,-0.08
297,52,"(24, 21)",0,-0.08
297,53,"(24, 20)",1,-0.08
297,54,"(25, 20)",0,-0.08
297,55,"(25, 19)",0,-0.08
297,56,"(25, 18)",0,-0.08
297,57,"(25, 17)",1,-0.08
297,58,"(26, 17)",1,-0.08
297,59,"(27, 17)",0,-0.08
297,60,"(27, 16)",0,-0.08
297,61,"(27, 15)",1,-0.08
297,62,"(28, 15)",1,-0.08
297,63,"(29, 15)",0,-0.08
297,64,"(29, 14)",0,-0.08
297,65,"(29, 13)",1,-0.08
297,66,"(30, 13)",1,-0.08
297,67,"(31, 13)",1,-0.08
297,68,"(32, 13)",1,-0.08
297,69,"(33, 13)",1,-0.08
297,70,"(34, 13)",1,-0.08
297,71,"(35, 13)",1,-0.08
297,72,"(36, 13)",1,-0.08
297,73,"(37, 13)",0,-0.08
297,74,"(37, 12)",1,-0.08
297,75,"(38, 12)",1,-0.08
297,76,"(39, 12)",0,-0.08
297,77,"(39, 11)",1,-0.08
297,78,"(40, 11)",1,-0.08
297,79,"(41, 11)",1,-0.08
297,80,"(42, 11)",1,-0.08
297,81,"(43, 11)",1,-0.08
297,82,"(44, 11)",1,-0.08
297,83,"(45, 11)",0,-0.08
297,84,"(45, 10)",1,-0.08
297,85,"(46, 10)",0,-0.08
297,86,"(46, 9)",0,-0.08
297,87,"(46, 8)",0,-0.08
297,88,"(46, 7)",1,-0.08
297,89,"(47, 7)",1,-0.08
297,90,"(48, 7)",1,-0.08
297,91,"(49, 7)",1,-0.08
297,92,"(50, 7)",1,-0.08
297,93,"(51, 7)",1,-0.08
297,94,"(52, 7)",1,-0.08
297,95,"(53, 7)",1,-0.08
297,96,"(54, 7)",1,-0.08
297,97,"(55, 7)",1,-0.08
297,98,"(56, 7)",1,-0.08
297,99,"(57, 7)",1,-0.08
297,100,"(58, 7)",1,-0.08
297,101,"(59, 7)",1,-0.08
297,102,"(60, 7)",1,-0.08
297,103,"(61, 7)",1,-0.08
297,104,"(62, 7)",1,-0.08
297,105,"(63, 7)",1,-0.08
297,106,"(64, 7)",1,-0.08
297,107,"(65, 7)",1,-0.08
297,108,"(66, 7)",1,-0.08
297,109,"(67, 7)",1,-0.08
297,110,"(68, 7)",1,-0.08
297,111,"(69, 7)",0,-0.08
297,112,"(69, 6)",1,-0.08
297,113,"(70, 6)",1,-0.08
297,114,"(71, 6)",0,-0.08
297,115,"(71, 5)",1,-0.08
297,116,"(72, 5)",1,-0.08
297,117,"(73, 5)",1,-0.08
297,118,"(74, 5)",0,-0.08
297,119,"(74, 4)",1,-0.08
297,120,"(75, 4)",0,-0.08
297,121,"(75, 3)",1,-0.08
297,122,"(76, 3)",0,-0.08
297,123,"(76, 2)",1,-0.08
297,124,"(77, 2)",0,-0.08
297,125,"(77, 1)",1,-0.08
297,126,"(78, 1)",0,-0.08
297,127,"(78, 0)",1,8.33
298,0,"(0, 39)",0,-0.08
298,1,"(0, 38)",0,-0.08
298,2,"(0, 37)",1,-0.08
298,3,"(1, 37)",0,-8.33
298,4,"(1, 37)",3,-0.08
298,5,"(0, 37)",0,-0.08
298,6,"(0, 36)",0,-0.08
298,7,"(0, 35)",1,-0.08
298,8,"(1, 35)",1,-0.08
298,9,"(2, 35)",0,-0.08
298,10,"(2, 34)",0,-0.08
298,11,"(2, 33)",0,-0.08
298,12,"(2, 32)",0,-0.08
298,13,"(2, 31)",1,-0.08
298,14,"(3, 31)",0,-8.33
298,15,"(3, 31)",0,-8.33
298,16,"(3, 31)",3,-0.08
298,17,"(2, 31)",3,-0.08
298,18,"(1, 31)",0,-0.08
298,19,"(1, 30)",0,-0.08
298,20,"(1, 29)",1,-0.08
298,21,"(2, 29)",1,-0.08
298,22,"(3, 29)",1,-0.08
298,23,"(4, 29)",1,-0.08
298,24,"(5, 29)",1,-0.08
298,25,"(6, 29)",1,-0.08
298,26,"(7, 29)",0,-0.08
298,27,"(7, 28)",0,-0.08
298,28,"(7, 27)",0,-0.08
298,29,"(7, 26)",0,-0.08
298,30,"(7, 25)",1,-0.08
298,31,"(8, 25)",1,-0.08
298,32,"(9, 25)",1,-0.08
298,33,"(10, 25)",1,-0.08
298,34,"(11, 25)",1,-0.08
298,35,"(12, 25)",1,-0.08
298,36,"(13, 25)",1,-0.08
298,37,"(14, 25)",1,-0.08
298,38,"(15, 25)",1,-0.08
298,39,"(16, 25)",1,-0.08
298,40,"(17, 25)",0,-0.08
298,41,"(17, 24)",0,-0.08
298,42,"(17, 23)",1,-0.08
298,43,"(18, 23)",0,-0.08
298,44,"(18, 22)",1,-0.08
298,45,"(19, 22)",1,-0.08
298,46,"(20, 22)",1,-0.08
298,47,"(21, 22)",0,-0.08
298,48,"(21, 21)",1,-0.08
298,49,"(22, 21)",0,-0.08
298,50,"(22, 20)",0,-0.08
298,51,"(22, 19)",1,-0.08
298,52,"(23, 19)",0,-0.08
298,53,"(23, 18)",0,-0.08
298,54,"(23, 17)",1,-0.08
298,55,"(24, 17)",1,-0.08
298,56,"(25, 17)",1,-0.08
298,57,"(26, 17)",1,-0.08
298,58,"(27, 17)",0,-0.08
298,59,"(27, 16)",0,-0.08
298,60,"(27, 15)",0,-0.08
298,61,"(27, 14)",0,-0.08
298,62,"(27, 13)",1,-0.08
298,63,"(28, 13)",1,-0.08
298,64,"(29, 13)",1,-0.08
298,65,"(30, 13)",1,-0.08
298,66,"(31, 13)",1,-0.08
298,67,"(32, 13)",1,-0.08
298,68,"(33, 13)",1,-0.08
298,69,"(34, 13)",1,-0.08
298,70,"(35, 13)",1,-0.08
298,71,"(36, 13)",1,-0.08
298,72,"(37, 13)",0,-0.08
298,73,"(37, 12)",1,-0.08
298,74,"(38, 12)",1,-0.08
298,75,"(39, 12)",0,-0.08
298,76,"(39, 11)",1,-0.08
298,77,"(40, 11)",1,-0.08
298,78,"(41, 11)",1,-0.08
298,79,"(42, 11)",1,-0.08
298,80,"(43, 11)",1,-0.08
298,81,"(44, 11)",1,-0.08
298,82,"(45, 11)",0,-0.08
298,83,"(45, 10)",1,-0.08
298,84,"(46, 10)",1,-0.08
298,85,"(47, 10)",1,-0.08
298,86,"(48, 10)",1,-0.08
298,87,"(49, 10)",1,-0.08
298,88,"(50, 10)",0,-0.08
298,89,"(50, 9)",0,-0.08
298,90,"(50, 8)",0,-0.08
298,91,"(50, 7)",1,-0.08
298,92,"(51, 7)",1,-0.08
298,93,"(52, 7)",1,-0.08
298,94,"(53, 7)",1,-0.08
298,95,"(54, 7)",1,-0.08
298,96,"(55, 7)",1,-0.08
298,97,"(56, 7)",1,-0.08
298,98,"(57, 7)",1,-0.08
298,99,"(58, 7)",1,-0.08
298,100,"(59, 7)",1,-0.08
298,101,"(60, 7)",1,-0.08
298,102,"(61, 7)",1,-0.08
298,103,"(62, 7)",1,-0.08
298,104,"(63, 7)",1,-0.08
298,105,"(64, 7)",1,-0.08
298,106,"(65, 7)",1,-0.08
298,107,"(66, 7)",1,-0.08
298,108,"(67, 7)",1,-0.08
298,109,"(68, 7)",1,-0.08
298,110,"(69, 7)",1,-0.08
298,111,"(70, 7)",0,-0.08
298,112,"(70, 6)",1,-0.08
298,113,"(71, 6)",1,-0.08
298,114,"(72, 6)",1,-0.08
298,115,"(73, 6)",1,-0.08
298,116,"(74, 6)",0,-0.08
298,117,"(74, 5)",1,-0.08
298,118,"(75, 5)",0,-0.08
298,119,"(75, 4)",0,-0.08
298,120,"(75, 3)",1,-0.08
298,121,"(76, 3)",0,-0.08
298,122,"(76, 2)",1,-0.08
298,123,"(77, 2)",0,-0.08
298,124,"(77, 1)",1,-0.08
298,125,"(78, 1)",0,-0.08
298,126,"(78, 0)",1,8.33
299,0,"(0, 39)",0,-0.08
299,1,"(0, 38)",1,-0.08
299,2,"(1, 38)",1,-8.33
299,3,"(1, 38)",0,-0.08
299,4,"(1, 37)",0,-8.33
299,5,"(1, 37)",3,-0.08
299,6,"(0, 37)",0,-0.08
299,7,"(0, 36)",0,-0.08
299,8,"(0, 35)",1,-0.08
299,9,"(1, 35)",0,-0.08
299,10,"(1, 34)",0,-0.08
299,11,"(1, 33)",0,-0.08
299,12,"(1, 32)",0,-0.08
299,13,"(1, 31)",0,-0.08
299,14,"(1, 30)",0,-0.08
299,15,"(1, 29)",1,-0.08
299,16,"(2, 29)",1,-0.08
299,17,"(3, 29)",1,-0.08
299,18,"(4, 29)",1,-0.08
299,19,"(5, 29)",0,-8.33
299,20,"(5, 29)",1,-0.08
299,21,"(6, 29)",1,-0.08
299,22,"(7, 29)",1,-0.08
299,23,"(8, 29)",0,-0.08
299,24,"(8, 28)",0,-0.08
299,25,"(8, 27)",1,-0.08
299,26,"(9, 27)",1,-0.08
299,27,"(10, 27)",1,-0.08
299,28,"(11, 27)",1,-0.08
299,29,"(12, 27)",0,-0.08
299,30,"(12, 26)",0,-0.08
299,31,"(12, 25)",1,-0.08
299,32,"(13, 25)",1,-0.08
299,33,"(14, 25)",1,-0.08
299,34,"(15, 25)",1,-0.08
299,35,"(16, 25)",1,-0.08
299,36,"(17, 25)",0,-0.08
299,37,"(17, 24)",0,-0.08
299,38,"(17, 23)",0,-0.08
299,39,"(17, 22)",1,-0.08
299,40,"(18, 22)",1,-0.08
299,41,"(19, 22)",0,-0.08
299,42,"(19, 21)",0,-0.08
299,43,"(19, 20)",1,-0.08
299,44,"(20, 20)",0,-0.08
299,45,"(20, 19)",1,-0.08
299,46,"(21, 19)",1,-0.08
299,47,"(22, 19)",1,-0.08
299,48,"(23, 19)",0,-0.08
299,49,"(23, 18)",0,-0.08
299,50,"(23, 17)",0,-0.08
299,51,"(23, 16)",0,-0.08
299,52,"(23, 15)",1,-0.08
299,53,"(24, 15)",1,-0.08
299,54,"(25, 15)",1,-0.08
299,55,"(26, 15)",1,-0.08
299,56,"(27, 15)",0,-0.08
299,57,"(27, 14)",0,-0.08
299,58,"(27, 13)",1,-0.08
299,59,"(28, 13)",1,-0.08
299,60,"(29, 13)",1,-0.08
299,61,"(30, 13)",1,-0.08
299,62,"(31, 13)",1,-0.08
299,63,"(32, 13)",1,-0.08
299,64,"(33, 13)",1,-0.08
299,65,"(34, 13)",1,-0.08
299,66,"(35, 13)",1,-0.08
299,67,"(36, 13)",1,-0.08
299,68,"(37, 13)",0,-0.08
299,69,"(37, 12)",1,-0.08
299,70,"(38, 12)",1,-0.08
299,71,"(39, 12)",0,-0.08
299,72,"(39, 11)",1,-0.08
299,73,"(40, 11)",1,-0.08
299,74,"(41, 11)",1,-0.08
299,75,"(42, 11)",1,-0.08
299,76,"(43, 11)",1,-0.08
299,77,"(44, 11)",1,-0.08
299,78,"(45, 11)",0,-0.08
299,79,"(45, 10)",1,-0.08
299,80,"(46, 10)",0,-0.08
299,81,"(46, 9)",0,-0.08
299,82,"(46, 8)",0,-0.08
299,83,"(46, 7)",1,-0.08
299,84,"(47, 7)",1,-0.08
299,85,"(48, 7)",1,-0.08
299,86,"(49, 7)",1,-0.08
299,87,"(50, 7)",1,-0.08
299,88,"(51, 7)",1,-0.08
299,89,"(52, 7)",1,-0.08
299,90,"(53, 7)",1,-0.08
299,91,"(54, 7)",1,-0.08
299,92,"(55, 7)",1,-0.08
299,93,"(56, 7)",1,-0.08
299,94,"(57, 7)",1,-0.08
299,95,"(58, 7)",1,-0.08
299,96,"(59, 7)",1,-0.08
299,97,"(60, 7)",1,-0.08
299,98,"(61, 7)",1,-0.08
299,99,"(62, 7)",1,-0.08
299,100,"(63, 7)",1,-0.08
299,101,"(64, 7)",1,-0.08
299,102,"(65, 7)",1,-0.08
299,103,"(66, 7)",1,-0.08
299,104,"(67, 7)",1,-0.08
299,105,"(68, 7)",1,-0.08
299,106,"(69, 7)",1,-0.08
299,107,"(70, 7)",1,-0.08
299,108,"(71, 7)",0,-0.08
299,109,"(71, 6)",1,-0.08
299,110,"(72, 6)",0,-0.08
299,111,"(72, 5)",1,-0.08
299,112,"(73, 5)",1,-0.08
299,113,"(74, 5)",0,-0.08
299,114,"(74, 4)",1,-0.08
299,115,"(75, 4)",0,-0.08
299,116,"(75, 3)",1,-0.08
299,117,"(76, 3)",0,-0.08
299,118,"(76, 2)",1,-0.08
299,119,"(77, 2)",0,-0.08
299,120,"(77, 1)",1,-0.08
299,121,"(78, 1)",1,-0.08
299,122,"(79, 1)",0,8.33
300,0,"(0, 39)",0,-0.08
300,1,"(0, 38)",1,-0.08
300,2,"(1, 38)",0,-0.08
300,3,"(1, 37)",0,-8.33
300,4,"(1, 37)",3,-0.08
300,5,"(0, 37)",0,-0.08
300,6,"(0, 36)",0,-0.08
300,7,"(0, 35)",0,-0.08
300,8,"(0, 34)",1,-0.08
300,9,"(1, 34)",0,-0.08
300,10,"(1, 33)",0,-0.08
300,11,"(1, 32)",0,-0.08
300,12,"(1, 31)",1,-0.08
300,13,"(2, 31)",1,-0.08
300,14,"(3, 31)",0,-8.33
300,15,"(3, 31)",2,-0.08
300,16,"(3, 32)",2,-0.08
300,17,"(3, 33)",1,-0.08
300,18,"(4, 33)",1,-0.08
300,19,"(5, 33)",1,-0.08
300,20,"(6, 33)",1,-0.08
300,21,"(7, 33)",0,-0.08
300,22,"(7, 32)",0,-0.08
300,23,"(7, 31)",1,-0.08
300,24,"(8, 31)",0,-0.08
300,25,"(8, 30)",1,-0.08
300,26,"(9, 30)",1,-0.08
300,27,"(10, 30)",0,-0.08
300,28,"(10, 29)",0,-0.08
300,29,"(10, 28)",0,-0.08
300,30,"(10, 27)",1,-0.08
300,31,"(11, 27)",1,-0.08
300,32,"(12, 27)",1,-0.08
300,33,"(13, 27)",0,-0.08
300,34,"(13, 26)",0,-0.08
300,35,"(13, 25)",0,-0.08
300,36,"(13, 24)",1,-0.08
300,37,"(14, 24)",0,-0.08
300,38,"(14, 23)",1,-0.08
300,39,"(15, 23)",1,-0.08
300,40,"(16, 23)",1,-0.08
300,41,"(17, 23)",1,-0.08
300,42,"(18, 23)",1,-0.08
300,43,"(19, 23)",0,-0.08
300,44,"(19, 22)",1,-0.08
300,45,"(20, 22)",0,-0.08
300,46,"(20, 21)",0,-0.08
300,47,"(20, 20)",1,-0.08
300,48,"(21, 20)",1,-0.08
300,49,"(22, 20)",1,-0.08
300,50,"(23, 20)",1,-0.08
300,51,"(24, 20)",1,-0.08
300,52,"(25, 20)",0,-0.08
300,53,"(25, 19)",1,-0.08
300,54,"(26, 19)",1,-0.08
300,55,"(27, 19)",1,-0.08
300,56,"(28, 19)",1,-0.08
300,57,"(29, 19)",1,-0.08
300,58,"(30, 19)",1,-0.08
300,59,"(31, 19)",1,-0.08
300,60,"(32, 19)",0,-0.08
300,61,"(32, 18)",0,-0.08
300,62,"(32, 17)",0,-0.08
300,63,"(32, 16)",0,-0.08
300,64,"(32, 15)",1,-0.08
300,65,"(33, 15)",1,-0.08
300,66,"(34, 15)",0,-0.08
300,67,"(34, 14)",1,-0.08
300,68,"(35, 14)",0,-0.08
300,69,"(35, 13)",1,-0.08
300,70,"(36, 13)",1,-0.08
300,71,"(37, 13)",1,-0.08
300,72,"(38, 13)",0,-0.08
300,73,"(38, 12)",1,-0.08
300,74,"(39, 12)",0,-0.08
300,75,"(39, 11)",1,-0.08
300,76,"(40, 11)",1,-0.08
300,77,"(41, 11)",1,-0.08
300,78,"(42, 11)",1,-0.08
300,79,"(43, 11)",1,-0.08
300,80,"(44, 11)",1,-0.08
300,81,"(45, 11)",0,-0.08
300,82,"(45, 10)",0,-0.08
300,83,"(45, 9)",1,-0.08
300,84,"(46, 9)",0,-0.08
300,85,"(46, 8)",0,-0.08
300,86,"(46, 7)",1,-0.08
300,87,"(47, 7)",1,-0.08
300,88,"(48, 7)",1,-0.08
300,89,"(49, 7)",1,-0.08
300,90,"(50, 7)",1,-0.08
300,91,"(51, 7)",1,-0.08
300,92,"(52, 7)",1,-0.08
300,93,"(53, 7)",1,-0.08
300,94,"(54, 7)",1,-0.08
300,95,"(55, 7)",1,-0.08
300,96,"(56, 7)",1,-0.08
300,97,"(57, 7)",1,-0.08
300,98,"(58, 7)",1,-0.08
300,99,"(59, 7)",1,-0.08
300,100,"(60, 7)",1,-0.08
300,101,"(61, 7)",1,-0.08
300,102,"(62, 7)",1,-0.08
300,103,"(63, 7)",1,-0.08
300,104,"(64, 7)",1,-0.08
300,105,"(65, 7)",1,-0.08
300,106,"(66, 7)",1,-0.08
300,107,"(67, 7)",1,-0.08
300,108,"(68, 7)",1,-0.08
300,109,"(69, 7)",1,-0.08
300,110,"(70, 7)",0,-0.08
300,111,"(70, 6)",1,-0.08
300,112,"(71, 6)",1,-0.08
300,113,"(72, 6)",1,-0.08
300,114,"(73, 6)",0,-0.08
300,115,"(73, 5)",1,-0.08
300,116,"(74, 5)",0,-0.08
300,117,"(74, 4)",1,-0.08
300,118,"(75, 4)",0,-0.08
300,119,"(75, 3)",1,-0.08
300,120,"(76, 3)",1,-0.08
300,121,"(77, 3)",0,-0.08
300,122,"(77, 2)",0,-0.08
300,123,"(77, 1)",1,-0.08
300,124,"(78, 1)",1,-0.08
300,125,"(79, 1)",0,8.33
301,0,"(0, 39)",1,-0.08
301,1,"(1, 39)",1,-0.08
301,2,"(2, 39)",0,-8.33
301,3,"(2, 39)",1,-0.08
301,4,"(3, 39)",1,-0.08
301,5,"(4, 39)",1,-0.08
301,6,"(5, 39)",1,-0.08
301,7,"(6, 39)",0,-8.33
301,8,"(6, 39)",1,-0.08
301,9,"(7, 39)",0,-0.08
301,10,"(7, 38)",0,-0.08
301,11,"(7, 37)",0,-0.08
301,12,"(7, 36)",1,-0.08
301,13,"(8, 36)",0,-0.08
301,14,"(8, 35)",1,-0.08
301,15,"(9, 35)",0,-8.33
301,16,"(9, 35)",2,-0.08
301,17,"(9, 36)",1,-0.08
301,18,"(10, 36)",2,-0.08
301,19,"(10, 37)",1,-0.08
301,20,"(11, 37)",1,-0.08
301,21,"(12, 37)",0,-0.08
301,22,"(12, 36)",0,-0.08
301,23,"(12, 35)",1,-0.08
301,24,"(13, 35)",0,-0.08
301,25,"(13, 34)",0,-0.08
301,26,"(13, 33)",1,-0.08
301,27,"(14, 33)",1,-0.08
301,28,"(15, 33)",0,-0.08
301,29,"(15, 32)",0,-0.08
301,30,"(15, 31)",1,-0.08
301,31,"(16, 31)",0,-0.08
301,32,"(16, 30)",0,-0.08
301,33,"(16, 29)",1,-0.08
301,34,"(17, 29)",1,-0.08
301,35,"(18, 29)",1,-0.08
301,36,"(19, 29)",1,-0.08
301,37,"(20, 29)",0,-0.08
301,38,"(20, 28)",0,-0.08
301,39,"(20, 27)",1,-0.08
301,40,"(21, 27)",0,-0.08
301,41,"(21, 26)",0,-0.08
301,42,"(21, 25)",1,-0.08
301,43,"(22, 25)",0,-0.08
301,44,"(22, 24)",0,-0.08
301,45,"(22, 23)",1,-0.08
301,46,"(23, 23)",1,-0.08
301,47,"(24, 23)",0,-0.08
301,48,"(24, 22)",0,-0.08
301,49,"(24, 21)",1,-0.08
301,50,"(25, 21)",0,-0.08
301,51,"(25, 20)",0,-0.08
301,52,"(25, 19)",1,-0.08
301,53,"(26, 19)",0,-0.08
301,54,"(26, 18)",0,-0.08
301,55,"(26, 17)",1,-0.08
301,56,"(27, 17)",0,-0.08
301,57,"(27, 16)",1,-0.08
301,58,"(28, 16)",0,-0.08
301,59,"(28, 15)",1,-0.08
301,60,"(29, 15)",0,-0.08
301,61,"(29, 14)",0,-0.08
301,62,"(29, 13)",1,-0.08
301,63,"(30, 13)",1,-0.08
301,64,"(31, 13)",1,-0.08
301,65,"(32, 13)",1,-0.08
301,66,"(33, 13)",1,-0.08
301,67,"(34, 13)",1,-0.08
301,68,"(35, 13)",1,-0.08
301,69,"(36, 13)",1,-0.08
301,70,"(37, 13)",0,-0.08
301,71,"(37, 12)",1,-0.08
301,72,"(38, 12)",1,-0.08
301,73,"(39, 12)",0,-0.08
301,74,"(39, 11)",1,-0.08
301,75,"(40, 11)",1,-0.08
301,76,"(41, 11)",1,-0.08
301,77,"(42, 11)",1,-0.08
301,78,"(43, 11)",1,-0.08
301,79,"(44, 11)",1,-0.08
301,80,"(45, 11)",0,-0.08
301,81,"(45, 10)",0,-0.08
301,82,"(45, 9)",1,-0.08
301,83,"(46, 9)",0,-0.08
301,84,"(46, 8)",0,-0.08
301,85,"(46, 7)",1,-0.08
301,86,"(47, 7)",1,-0.08
301,87,"(48, 7)",1,-0.08
301,88,"(49, 7)",1,-0.08
301,89,"(50, 7)",1,-0.08
301,90,"(51, 7)",1,-0.08
301,91,"(52, 7)",1,-0.08
301,92,"(53, 7)",1,-0.08
301,93,"(54, 7)",1,-0.08
301,94,"(55, 7)",1,-0.08
301,95,"(56, 7)",1,-0.08
301,96,"(57, 7)",1,-0.08
301,97,"(58, 7)",1,-0.08
301,98,"(59, 7)",1,-0.08
301,99,"(60, 7)",1,-0.08
301,100,"(61, 7)",1,-0.08
301,101,"(62, 7)",1,-0.08
301,102,"(63, 7)",1,-0.08
301,103,"(64, 7)",1,-0.08
301,104,"(65, 7)",1,-0.08
301,105,"(66, 7)",1,-0.08
301,106,"(67, 7)",1,-0.08
301,107,"(68, 7)",1,-0.08
301,108,"(69, 7)",0,-0.08
301,109,"(69, 6)",1,-0.08
301,110,"(70, 6)",1,-0.08
301,111,"(71, 6)",1,-0.08
301,112,"(72, 6)",0,-0.08
301,113,"(72, 5)",1,-0.08
301,114,"(73, 5)",1,-0.08
301,115,"(74, 5)",1,-0.08
301,116,"(75, 5)",0,-0.08
301,117,"(75, 4)",0,-0.08
301,118,"(75, 3)",1,-0.08
301,119,"(76, 3)",1,-0.08
301,120,"(77, 3)",1,-8.33
301,121,"(77, 3)",0,-0.08
301,122,"(77, 2)",0,-0.08
301,123,"(77, 1)",1,-0.08
301,124,"(78, 1)",1,-0.08
301,125,"(79, 1)",0,8.33
302,0,"(0, 39)",1,-0.08
302,1,"(1, 39)",1,-0.08
302,2,"(2, 39)",1,-0.08
302,3,"(3, 39)",1,-0.08
302,4,"(4, 39)",1,-0.08
302,5,"(5, 39)",0,-8.33
302,6,"(5, 39)",1,-0.08
302,7,"(6, 39)",1,-0.08
302,8,"(7, 39)",0,-0.08
302,9,"(7, 38)",0,-0.08
302,10,"(7, 37)",0,-0.08
302,11,"(7, 36)",0,-0.08
302,12,"(7, 35)",0,-0.08
302,13,"(7, 34)",0,-0.08
302,14,"(7, 33)",1,-0.08
302,15,"(8, 33)",1,-0.08
302,16,"(9, 33)",0,-0.08
302,17,"(9, 32)",0,-0.08
302,18,"(9, 31)",0,-0.08
302,19,"(9, 30)",0,-0.08
302,20,"(9, 29)",1,-0.08
302,21,"(10, 29)",0,-0.08
302,22,"(10, 28)",0,-0.08
302,23,"(10, 27)",1,-0.08
302,24,"(11, 27)",1,-0.08
302,25,"(12, 27)",1,-0.08
302,26,"(13, 27)",1,-0.08
302,27,"(14, 27)",1,-0.08
302,28,"(15, 27)",0,-0.08
302,29,"(15, 26)",0,-0.08
302,30,"(15, 25)",1,-0.08
302,31,"(16, 25)",1,-0.08
302,32,"(17, 25)",0,-0.08
302,33,"(17, 24)",0,-0.08
302,34,"(17, 23)",1,-0.08
302,35,"(18, 23)",1,-0.08
302,36,"(19, 23)",0,-0.08
302,37,"(19, 22)",0,-0.08
302,38,"(19, 21)",1,-0.08
302,39,"(20, 21)",0,-0.08
302,40,"(20, 20)",1,-0.08
302,41,"(21, 20)",1,-0.08
302,42,"(22, 20)",1,-0.08
302,43,"(23, 20)",0,-0.08
302,44,"(23, 19)",0,-0.08
302,45,"(23, 18)",0,-0.08
302,46,"(23, 17)",1,-0.08
302,47,"(24, 17)",1,-0.08
302,48,"(25, 17)",1,-0.08
302,49,"(26, 17)",1,-0.08
302,50,"(27, 17)",0,-0.08
302,51,"(27, 16)",0,-0.08
302,52,"(27, 15)",1,-0.08
302,53,"(28, 15)",1,-0.08
302,54,"(29, 15)",1,-0.08
302,55,"(30, 15)",1,-0.08
302,56,"(31, 15)",1,-0.08
302,57,"(32, 15)",0,-0.08
302,58,"(32, 14)",0,-0.08
302,59,"(32, 13)",1,-0.08
302,60,"(33, 13)",1,-0.08
302,61,"(34, 13)",1,-0.08
302,62,"(35, 13)",1,-0.08
302,63,"(36, 13)",1,-0.08
302,64,"(37, 13)",1,-0.08
302,65,"(38, 13)",0,-0.08
302,66,"(38, 12)",1,-0.08
302,67,"(39, 12)",0,-0.08
302,68,"(39, 11)",1,-0.08
302,69,"(40, 11)",1,-0.08
302,70,"(41, 11)",1,-0.08
302,71,"(42, 11)",1,-0.08
302,72,"(43, 11)",1,-0.08
302,73,"(44, 11)",1,-0.08
302,74,"(45, 11)",0,-0.08
302,75,"(45, 10)",1,-0.08
302,76,"(46, 10)",0,-0.08
302,77,"(46, 9)",0,-0.08
302,78,"(46, 8)",0,-0.08
302,79,"(46, 7)",1,-0.08
302,80,"(47, 7)",1,-0.08
302,81,"(48, 7)",1,-0.08
302,82,"(49, 7)",1,-0.08
302,83,"(50, 7)",1,-0.08
302,84,"(51, 7)",1,-0.08
302,85,"(52, 7)",1,-0.08
302,86,"(53, 7)",1,-0.08
302,87,"(54, 7)",1,-0.08
302,88,"(55, 7)",1,-0.08
302,89,"(56, 7)",1,-0.08
302,90,"(57, 7)",1,-0.08
302,91,"(58, 7)",1,-0.08
302,92,"(59, 7)",1,-0.08
302,93,"(60, 7)",1,-0.08
302,94,"(61, 7)",1,-0.08
302,95,"(62, 7)",1,-0.08
302,96,"(63, 7)",1,-0.08
302,97,"(64, 7)",1,-0.08
302,98,"(65, 7)",1,-0.08
302,99,"(66, 7)",1,-0.08
302,100,"(67, 7)",1,-0.08
302,101,"(68, 7)",1,-0.08
302,102,"(69, 7)",1,-0.08
302,103,"(70, 7)",1,-0.08
302,104,"(71, 7)",1,-0.08
302,105,"(72, 7)",0,-0.08
302,106,"(72, 6)",1,-0.08
302,107,"(73, 6)",1,-0.08
302,108,"(74, 6)",0,-0.08
302,109,"(74, 5)",0,-0.08
302,110,"(74, 4)",1,-0.08
302,111,"(75, 4)",0,-0.08
302,112,"(75, 3)",1,-0.08
302,113,"(76, 3)",1,-0.08
302,114,"(77, 3)",0,-0.08
302,115,"(77, 2)",0,-0.08
302,116,"(77, 1)",0,-0.08
302,117,"(77, 0)",1,-0.08
302,118,"(78, 0)",1,8.33
303,0,"(0, 39)",1,-0.08
303,1,"(1, 39)",1,-0.08
303,2,"(2, 39)",1,-0.08
303,3,"(3, 39)",0,-0.08
303,4,"(3, 38)",1,-8.33
303,5,"(3, 38)",0,-0.08
303,6,"(3, 37)",0,-0.08
303,7,"(3, 36)",0,-0.08
303,8,"(3, 35)",1,-8.33
303,9,"(3, 35)",3,-0.08
303,10,"(2, 35)",0,-0.08
303,11,"(2, 34)",0,-0.08
303,12,"(2, 33)",1,-0.08
303,13,"(3, 33)",0,-0.08
303,14,"(3, 32)",0,-0.08
303,15,"(3, 31)",0,-8.33
303,16,"(3, 31)",3,-0.08
303,17,"(2, 31)",3,-0.08
303,18,"(1, 31)",0,-0.08
303,19,"(1, 30)",0,-0.08
303,20,"(1, 29)",1,-0.08
303,21,"(2, 29)",1,-0.08
303,22,"(3, 29)",0,-0.08
303,23,"(3, 28)",0,-0.08
303,24,"(3, 27)",0,-0.08
303,25,"(3, 26)",0,-0.08
303,26,"(3, 25)",1,-0.08
303,27,"(4, 25)",1,-0.08
303,28,"(5, 25)",1,-0.08
303,29,"(6, 25)",1,-0.08
303,30,"(7, 25)",1,-0.08
303,31,"(8, 25)",1,-0.08
303,32,"(9, 25)",1,-0.08
303,33,"(10, 25)",1,-0.08
303,34,"(11, 25)",1,-0.08
303,35,"(12, 25)",0,-0.08
303,36,"(12, 24)",1,-0.08
303,37,"(13, 24)",1,-0.08
303,38,"(14, 24)",0,-0.08
303,39,"(14, 23)",1,-0.08
303,40,"(15, 23)",1,-0.08
303,41,"(16, 23)",1,-0.08
303,42,"(17, 23)",0,-0.08
303,43,"(17, 22)",1,-0.08
303,44,"(18, 22)",1,-0.08
303,45,"(19, 22)",0,-0.08
303,46,"(19, 21)",0,-0.08
303,47,"(19, 20)",0,-0.08
303,48,"(19, 19)",1,-0.08
303,49,"(20, 19)",1,-0.08
303,50,"(21, 19)",1,-0.08
303,51,"(22, 19)",1,-0.08
303,52,"(23, 19)",0,-0.08
303,53,"(23, 18)",0,-0.08
303,54,"(23, 17)",1,-0.08
303,55,"(24, 17)",1,-0.08
303,56,"(25, 17)",1,-0.08
303,57,"(26, 17)",1,-0.08
303,58,"(27, 17)",1,-0.08
303,59,"(28, 17)",0,-0.08
303,60,"(28, 16)",1,-0.08
303,61,"(29, 16)",0,-0.08
303,62,"(29, 15)",1,-0.08
303,63,"(30, 15)",1,-0.08
303,64,"(31, 15)",1,-0.08
303,65,"(32, 15)",1,-0.08
303,66,"(33, 15)",1,-0.08
303,67,"(34, 15)",0,-0.08
303,68,"(34, 14)",0,-0.08
303,69,"(34, 13)",1,-0.08
303,70,"(35, 13)",0,-0.08
303,71,"(35, 12)",1,-0.08
303,72,"(36, 12)",1,-0.08
303,73,"(37, 12)",1,-0.08
303,74,"(38, 12)",1,-0.08
303,75,"(39, 12)",0,-0.08
303,76,"(39, 11)",1,-0.08
303,77,"(40, 11)",1,-0.08
303,78,"(41, 11)",1,-0.08
303,79,"(42, 11)",1,-0.08
303,80,"(43, 11)",1,-0.08
303,81,"(44, 11)",1,-0.08
303,82,"(45, 11)",0,-0.08
303,83,"(45, 10)",0,-0.08
303,84,"(45, 9)",1,-0.08
303,85,"(46, 9)",0,-0.08
303,86,"(46, 8)",0,-0.08
303,87,"(46, 7)",1,-0.08
303,88,"(47, 7)",1,-0.08
303,89,"(48, 7)",1,-0.08
303,90,"(49, 7)",1,-0.08
303,91,"(50, 7)",1,-0.08
303,92,"(51, 7)",1,-0.08
303,93,"(52, 7)",1,-0.08
303,94,"(53, 7)",1,-0.08
303,95,"(54, 7)",1,-0.08
303,96,"(55, 7)",1,-0.08
303,97,"(56, 7)",1,-0.08
303,98,"(57, 7)",1,-0.08
303,99,"(58, 7)",1,-0.08
303,100,"(59, 7)",1,-0.08
303,101,"(60, 7)",1,-0.08
303,102,"(61, 7)",1,-0.08
303,103,"(62, 7)",1,-0.08
303,104,"(63, 7)",1,-0.08
303,105,"(64, 7)",1,-0.08
303,106,"(65, 7)",1,-0.08
303,107,"(66, 7)",1,-0.08
303,108,"(67, 7)",1,-0.08
303,109,"(68, 7)",1,-0.08
303,110,"(69, 7)",1,-0.08
303,111,"(70, 7)",0,-0.08
303,112,"(70, 6)",1,-0.08
303,113,"(71, 6)",1,-0.08
303,114,"(72, 6)",0,-0.08
303,115,"(72, 5)",1,-0.08
303,116,"(73, 5)",1,-0.08
303,117,"(74, 5)",0,-0.08
303,118,"(74, 4)",0,-0.08
303,119,"(74, 3)",1,-0.08
303,120,"(75, 3)",1,-0.08
303,121,"(76, 3)",0,-0.08
303,122,"(76, 2)",0,-0.08
303,123,"(76, 1)",0,-0.08
303,124,"(76, 0)",1,-0.08
303,125,"(77, 0)",1,-0.08
303,126,"(78, 0)",1,8.33
304,0,"(0, 39)",0,-0.08
304,1,"(0, 38)",0,-0.08
304,2,"(0, 37)",0,-0.08
304,3,"(0, 36)",1,-8.33
304,4,"(0, 36)",0,-0.08
304,5,"(0, 35)",0,-0.08
304,6,"(0, 34)",0,-0.08
304,7,"(0, 33)",1,-0.08
304,8,"(1, 33)",1,-0.08
304,9,"(2, 33)",1,-0.08
304,10,"(3, 33)",0,-0.08
304,11,"(3, 32)",0,-0.08
304,12,"(3, 31)",0,-8.33
304,13,"(3, 31)",2,-0.08
304,14,"(3, 32)",2,-0.08
304,15,"(3, 33)",1,-0.08
304,16,"(4, 33)",1,-0.08
304,17,"(5, 33)",0,-0.08
304,18,"(5, 32)",0,-0.08
304,19,"(5, 31)",1,-0.08
304,20,"(6, 31)",1,-0.08
304,21,"(7, 31)",1,-0.08
304,22,"(8, 31)",1,-0.08
304,23,"(9, 31)",0,-0.08
304,24,"(9, 30)",1,-0.08
304,25,"(10, 30)",0,-0.08
304,26,"(10, 29)",0,-0.08
304,27,"(10, 28)",0,-0.08
304,28,"(10, 27)",1,-0.08
304,29,"(11, 27)",1,-0.08
304,30,"(12, 27)",1,-0.08
304,31,"(13, 27)",0,-0.08
304,32,"(13, 26)",0,-0.08
304,33,"(13, 25)",0,-0.08
304,34,"(13, 24)",1,-0.08
304,35,"(14, 24)",0,-0.08
304,36,"(14, 23)",1,-0.08
304,37,"(15, 23)",1,-0.08
304,38,"(16, 23)",0,-0.08
304,39,"(16, 22)",1,-0.08
304,40,"(17, 22)",1,-0.08
304,41,"(18, 22)",1,-0.08
304,42,"(19, 22)",0,-0.08
304,43,"(19, 21)",0,-0.08
304,44,"(19, 20)",1,-0.08
304,45,"(20, 20)",0,-0.08
304,46,"(20, 19)",1,-0.08
304,47,"(21, 19)",1,-0.08
304,48,"(22, 19)",1,-0.08
304,49,"(23, 19)",0,-0.08
304,50,"(23, 18)",0,-0.08
304,51,"(23, 17)",0,-0.08
304,52,"(23, 16)",0,-0.08
304,53,"(23, 15)",1,-0.08
304,54,"(24, 15)",1,-0.08
304,55,"(25, 15)",1,-0.08
304,56,"(26, 15)",1,-0.08
304,57,"(27, 15)",0,-0.08
304,58,"(27, 14)",0,-0.08
304,59,"(27, 13)",1,-0.08
304,60,"(28, 13)",1,-0.08
304,61,"(29, 13)",1,-0.08
304,62,"(30, 13)",1,-0.08
304,63,"(31, 13)",1,-0.08
304,64,"(32, 13)",1,-0.08
304,65,"(33, 13)",1,-0.08
304,66,"(34, 13)",1,-0.08
304,67,"(35, 13)",1,-0.08
304,68,"(36, 13)",1,-0.08
304,69,"(37, 13)",1,-0.08
304,70,"(38, 13)",0,-0.08
304,71,"(38, 12)",1,-0.08
304,72,"(39, 12)",0,-0.08
304,73,"(39, 11)",1,-0.08
304,74,"(40, 11)",1,-0.08
304,75,"(41, 11)",1,-0.08
304,76,"(42, 11)",1,-0.08
304,77,"(43, 11)",1,-0.08
304,78,"(44, 11)",1,-0.08
304,79,"(45, 11)",0,-0.08
304,80,"(45, 10)",1,-0.08
304,81,"(46, 10)",0,-0.08
304,82,"(46, 9)",0,-0.08
304,83,"(46, 8)",0,-0.08
304,84,"(46, 7)",1,-0.08
304,85,"(47, 7)",1,-0.08
304,86,"(48, 7)",1,-0.08
304,87,"(49, 7)",1,-0.08
304,88,"(50, 7)",1,-0.08
304,89,"(51, 7)",1,-0.08
304,90,"(52, 7)",1,-0.08
304,91,"(53, 7)",1,-0.08
304,92,"(54, 7)",1,-0.08
304,93,"(55, 7)",1,-0.08
304,94,"(56, 7)",1,-0.08
304,95,"(57, 7)",1,-0.08
304,96,"(58, 7)",1,-0.08
304,97,"(59, 7)",1,-0.08
304,98,"(60, 7)",1,-0.08
304,99,"(61, 7)",1,-0.08
304,100,"(62, 7)",1,-0.08
304,101,"(63, 7)",1,-0.08
304,102,"(64, 7)",1,-0.08
304,103,"(65, 7)",1,-0.08
304,104,"(66, 7)",1,-0.08
304,105,"(67, 7)",1,-0.08
304,106,"(68, 7)",1,-0.08
304,107,"(69, 7)",0,-0.08
304,108,"(69, 6)",1,-0.08
304,109,"(70, 6)",1,-0.08
304,110,"(71, 6)",1,-0.08
304,111,"(72, 6)",0,-0.08
304,112,"(72, 5)",1,-0.08
304,113,"(73, 5)",1,-0.08
304,114,"(74, 5)",1,-0.08
304,115,"(75, 5)",1,-0.08
304,116,"(76, 5)",1,-0.08
304,117,"(77, 5)",0,-0.08
304,118,"(77, 4)",0,-0.08
304,119,"(77, 3)",0,-0.08
304,120,"(77, 2)",0,-0.08
304,121,"(77, 1)",1,-0.08
304,122,"(78, 1)",1,-0.08
304,123,"(79, 1)",0,8.33
305,0,"(0, 39)",0,-0.08
305,1,"(0, 38)",1,-0.08
305,2,"(1, 38)",1,-8.33
305,3,"(1, 38)",0,-0.08
305,4,"(1, 37)",0,-8.33
305,5,"(1, 37)",3,-0.08
305,6,"(0, 37)",0,-0.08
305,7,"(0, 36)",0,-0.08
305,8,"(0, 35)",1,-0.08
305,9,"(1, 35)",1,-0.08
305,10,"(2, 35)",0,-0.08
305,11,"(2, 34)",0,-0.08
305,12,"(2, 33)",0,-0.08
305,13,"(2, 32)",0,-0.08
305,14,"(2, 31)",1,-0.08
305,15,"(3, 31)",0,-8.33
305,16,"(3, 31)",0,-8.33
305,17,"(3, 31)",3,-0.08
305,18,"(2, 31)",3,-0.08
305,19,"(1, 31)",0,-0.08
305,20,"(1, 30)",0,-0.08
305,21,"(1, 29)",1,-0.08
305,22,"(2, 29)",1,-0.08
305,23,"(3, 29)",1,-0.08
305,24,"(4, 29)",1,-0.08
305,25,"(5, 29)",1,-0.08
305,26,"(6, 29)",1,-0.08
305,27,"(7, 29)",1,-0.08
305,28,"(8, 29)",1,-0.08
305,29,"(9, 29)",1,-0.08
305,30,"(10, 29)",0,-0.08
305,31,"(10, 28)",0,-0.08
305,32,"(10, 27)",1,-0.08
305,33,"(11, 27)",1,-0.08
305,34,"(12, 27)",1,-0.08
305,35,"(13, 27)",1,-0.08
305,36,"(14, 27)",1,-0.08
305,37,"(15, 27)",1,-0.08
305,38,"(16, 27)",1,-0.08
305,39,"(17, 27)",0,-0.08
305,40,"(17, 26)",0,-0.08
305,41,"(17, 25)",0,-0.08
305,42,"(17, 24)",0,-0.08
305,43,"(17, 23)",1,-0.08
305,44,"(18, 23)",0,-0.08
305,45,"(18, 22)",1,-0.08
305,46,"(19, 22)",1,-0.08
305,47,"(20, 22)",0,-0.08
305,48,"(20, 21)",0,-0.08
305,49,"(20, 20)",1,-0.08
305,50,"(21, 20)",1,-0.08
305,51,"(22, 20)",1,-0.08
305,52,"(23, 20)",0,-0.08
305,53,"(23, 19)",0,-0.08
305,54,"(23, 18)",0,-0.08
305,55,"(23, 17)",0,-0.08
305,56,"(23, 16)",0,-0.08
305,57,"(23, 15)",1,-0.08
305,58,"(24, 15)",1,-0.08
305,59,"(25, 15)",1,-0.08
305,60,"(26, 15)",1,-0.08
305,61,"(27, 15)",0,-0.08
305,62,"(27, 14)",0,-0.08
305,63,"(27, 13)",1,-0.08
305,64,"(28, 13)",1,-0.08
305,65,"(29, 13)",1,-0.08
305,66,"(30, 13)",1,-0.08
305,67,"(31, 13)",1,-0.08
305,68,"(32, 13)",1,-0.08
305,69,"(33, 13)",1,-0.08
305,70,"(34, 13)",1,-0.08
305,71,"(35, 13)",0,-0.08
305,72,"(35, 12)",1,-0.08
305,73,"(36, 12)",1,-0.08
305,74,"(37, 12)",1,-0.08
305,75,"(38, 12)",1,-0.08
305,76,"(39, 12)",0,-0.08
305,77,"(39, 11)",1,-0.08
305,78,"(40, 11)",1,-0.08
305,79,"(41, 11)",1,-0.08
305,80,"(42, 11)",1,-0.08
305,81,"(43, 11)",1,-0.08
305,82,"(44, 11)",1,-0.08
305,83,"(45, 11)",0,-0.08
305,84,"(45, 10)",0,-0.08
305,85,"(45, 9)",1,-0.08
305,86,"(46, 9)",0,-0.08
305,87,"(46, 8)",0,-0.08
305,88,"(46, 7)",1,-0.08
305,89,"(47, 7)",1,-0.08
305,90,"(48, 7)",1,-0.08
305,91,"(49, 7)",1,-0.08
305,92,"(50, 7)",1,-0.08
305,93,"(51, 7)",1,-0.08
305,94,"(52, 7)",1,-0.08
305,95,"(53, 7)",1,-0.08
305,96,"(54, 7)",1,-0.08
305,97,"(55, 7)",1,-0.08
305,98,"(56, 7)",1,-0.08
305,99,"(57, 7)",1,-0.08
305,100,"(58, 7)",1,-0.08
305,101,"(59, 7)",1,-0.08
305,102,"(60, 7)",1,-0.08
305,103,"(61, 7)",1,-0.08
305,104,"(62, 7)",1,-0.08
305,105,"(63, 7)",1,-0.08
305,106,"(64, 7)",1,-0.08
305,107,"(65, 7)",1,-0.08
305,108,"(66, 7)",1,-0.08
305,109,"(67, 7)",1,-0.08
305,110,"(68, 7)",1,-0.08
305,111,"(69, 7)",1,-0.08
305,112,"(70, 7)",0,-0.08
305,113,"(70, 6)",1,-0.08
305,114,"(71, 6)",0,-0.08
305,115,"(71, 5)",1,-0.08
305,116,"(72, 5)",1,-0.08
305,117,"(73, 5)",1,-0.08
305,118,"(74, 5)",0,-0.08
305,119,"(74, 4)",0,-0.08
305,120,"(74, 3)",1,-0.08
305,121,"(75, 3)",1,-0.08
305,122,"(76, 3)",1,-0.08
305,123,"(77, 3)",0,-0.08
305,124,"(77, 2)",0,-0.08
305,125,"(77, 1)",1,-0.08
305,126,"(78, 1)",1,-0.08
305,127,"(79, 1)",0,8.33
306,0,"(0, 39)",1,-0.08
306,1,"(1, 39)",0,-0.08
306,2,"(1, 38)",0,-0.08
306,3,"(1, 37)",1,-8.33
306,4,"(1, 37)",0,-8.33
306,5,"(1, 37)",3,-0.08
306,6,"(0, 37)",0,-0.08
306,7,"(0, 36)",0,-0.08
306,8,"(0, 35)",1,-0.08
306,9,"(1, 35)",1,-0.08
306,10,"(2, 35)",0,-0.08
306,11,"(2, 34)",0,-0.08
306,12,"(2, 33)",1,-0.08
306,13,"(3, 33)",1,-0.08
306,14,"(4, 33)",1,-0.08
306,15,"(5, 33)",1,-0.08
306,16,"(6, 33)",1,-0.08
306,17,"(7, 33)",0,-0.08
306,18,"(7, 32)",1,-0.08
306,19,"(8, 32)",0,-0.08
306,20,"(8, 31)",0,-0.08
306,21,"(8, 30)",0,-0.08
306,22,"(8, 29)",1,-0.08
306,23,"(9, 29)",1,-0.08
306,24,"(10, 29)",0,-0.08
306,25,"(10, 28)",0,-0.08
306,26,"(10, 27)",1,-0.08
306,27,"(11, 27)",1,-0.08
306,28,"(12, 27)",1,-0.08
306,29,"(13, 27)",1,-0.08
306,30,"(14, 27)",1,-0.08
306,31,"(15, 27)",1,-0.08
306,32,"(16, 27)",0,-0.08
306,33,"(16, 26)",1,-0.08
306,34,"(17, 26)",0,-0.08
306,35,"(17, 25)",0,-0.08
306,36,"(17, 24)",0,-0.08
306,37,"(17, 23)",1,-0.08
306,38,"(18, 23)",0,-0.08
306,39,"(18, 22)",1,-0.08
306,40,"(19, 22)",1,-0.08
306,41,"(20, 22)",0,-0.08
306,42,"(20, 21)",0,-0.08
306,43,"(20, 20)",0,-0.08
306,44,"(20, 19)",1,-0.08
306,45,"(21, 19)",1,-0.08
306,46,"(22, 19)",0,-8.33
306,47,"(22, 19)",1,-0.08
306,48,"(23, 19)",0,-0.08
306,49,"(23, 18)",0,-0.08
306,50,"(23, 17)",1,-0.08
306,51,"(24, 17)",1,-0.08
306,52,"(25, 17)",1,-0.08
306,53,"(26, 17)",1,-0.08
306,54,"(27, 17)",1,-0.08
306,55,"(28, 17)",1,-0.08
306,56,"(29, 17)",0,-0.08
306,57,"(29, 16)",0,-0.08
306,58,"(29, 15)",0,-0.08
306,59,"(29, 14)",0,-0.08
306,60,"(29, 13)",1,-0.08
306,61,"(30, 13)",1,-0.08
306,62,"(31, 13)",1,-0.08
306,63,"(32, 13)",1,-0.08
306,64,"(33, 13)",1,-0.08
306,65,"(34, 13)",1,-0.08
306,66,"(35, 13)",1,-0.08
306,67,"(36, 13)",0,-0.08
306,68,"(36, 12)",1,-0.08
306,69,"(37, 12)",1,-0.08
306,70,"(38, 12)",1,-0.08
306,71,"(39, 12)",0,-0.08
306,72,"(39, 11)",1,-0.08
306,73,"(40, 11)",1,-0.08
306,74,"(41, 11)",1,-0.08
306,75,"(42, 11)",1,-0.08
306,76,"(43, 11)",1,-0.08
306,77,"(44, 11)",1,-0.08
306,78,"(45, 11)",0,-0.08
306,79,"(45, 10)",0,-0.08
306,80,"(45, 9)",0,-0.08
306,81,"(45, 8)",0,-0.08
306,82,"(45, 7)",1,-0.08
306,83,"(46, 7)",1,-0.08
306,84,"(47, 7)",1,-0.08
306,85,"(48, 7)",1,-0.08
306,86,"(49, 7)",1,-0.08
306,87,"(50, 7)",1,-0.08
306,88,"(51, 7)",1,-0.08
306,89,"(52, 7)",1,-0.08
306,90,"(53, 7)",1,-0.08
306,91,"(54, 7)",1,-0.08
306,92,"(55, 7)",1,-0.08
306,93,"(56, 7)",1,-0.08
306,94,"(57, 7)",1,-0.08
306,95,"(58, 7)",1,-0.08
306,96,"(59, 7)",1,-0.08
306,97,"(60, 7)",1,-0.08
306,98,"(61, 7)",1,-0.08
306,99,"(62, 7)",1,-0.08
306,100,"(63, 7)",1,-0.08
306,101,"(64, 7)",1,-0.08
306,102,"(65, 7)",1,-0.08
306,103,"(66, 7)",1,-0.08
306,104,"(67, 7)",1,-0.08
306,105,"(68, 7)",1,-0.08
306,106,"(69, 7)",1,-0.08
306,107,"(70, 7)",1,-0.08
306,108,"(71, 7)",1,-0.08
306,109,"(72, 7)",0,-0.08
306,110,"(72, 6)",0,-0.08
306,111,"(72, 5)",1,-0.08
306,112,"(73, 5)",1,-0.08
306,113,"(74, 5)",1,-0.08
306,114,"(75, 5)",0,-0.08
306,115,"(75, 4)",0,-0.08
306,116,"(75, 3)",1,-0.08
306,117,"(76, 3)",0,-0.08
306,118,"(76, 2)",1,-0.08
306,119,"(77, 2)",0,-0.08
306,120,"(77, 1)",1,-0.08
306,121,"(78, 1)",0,-0.08
306,122,"(78, 0)",1,8.33
307,0,"(0, 39)",1,-0.08
307,1,"(1, 39)",1,-0.08
307,2,"(2, 39)",0,-8.33
307,3,"(2, 39)",1,-0.08
307,4,"(3, 39)",1,-0.08
307,5,"(4, 39)",1,-0.08
307,6,"(5, 39)",1,-0.08
307,7,"(6, 39)",0,-8.33
307,8,"(6, 39)",1,-0.08
307,9,"(7, 39)",0,-0.08
307,10,"(7, 38)",0,-0.08
307,11,"(7, 37)",0,-0.08
307,12,"(7, 36)",1,-0.08
307,13,"(8, 36)",0,-0.08
307,14,"(8, 35)",1,-0.08
307,15,"(9, 35)",0,-8.33
307,16,"(9, 35)",2,-0.08
307,17,"(9, 36)",2,-0.08
307,18,"(9, 37)",1,-0.08
307,19,"(10, 37)",1,-0.08
307,20,"(11, 37)",1,-0.08
307,21,"(12, 37)",1,-0.08
307,22,"(13, 37)",1,-0.08
307,23,"(14, 37)",1,-0.08
307,24,"(15, 37)",0,-0.08
307,25,"(15, 36)",1,-0.08
307,26,"(16, 36)",1,-0.08
307,27,"(17, 36)",0,-0.08
307,28,"(17, 35)",1,-0.08
307,29,"(18, 35)",0,-0.08
307,30,"(18, 34)",0,-0.08
307,31,"(18, 33)",1,-0.08
307,32,"(19, 33)",1,-8.33
307,33,"(19, 33)",0,-0.08
307,34,"(19, 32)",1,-0.08
307,35,"(20, 32)",1,-0.08
307,36,"(21, 32)",0,-0.08
307,37,"(21, 31)",0,-0.08
307,38,"(21, 30)",0,-0.08
307,39,"(21, 29)",0,-0.08
307,40,"(21, 28)",0,-0.08
307,41,"(21, 27)",0,-0.08
307,42,"(21, 26)",0,-0.08
307,43,"(21, 25)",1,-0.08
307,44,"(22, 25)",0,-0.08
307,45,"(22, 24)",1,-0.08
307,46,"(23, 24)",0,-0.08
307,47,"(23, 23)",1,-0.08
307,48,"(24, 23)",1,-0.08
307,49,"(25, 23)",0,-0.08
307,50,"(25, 22)",0,-0.08
307,51,"(25, 21)",0,-0.08
307,52,"(25, 20)",0,-0.08
307,53,"(25, 19)",0,-0.08
307,54,"(25, 18)",0,-0.08
307,55,"(25, 17)",1,-0.08
307,56,"(26, 17)",1,-0.08
307,57,"(27, 17)",1,-0.08
307,58,"(28, 17)",0,-0.08
307,59,"(28, 16)",0,-0.08
307,60,"(28, 15)",1,-0.08
307,61,"(29, 15)",1,-0.08
307,62,"(30, 15)",1,-0.08
307,63,"(31, 15)",0,-0.08
307,64,"(31, 14)",1,-0.08
307,65,"(32, 14)",0,-0.08
307,66,"(32, 13)",1,-0.08
307,67,"(33, 13)",1,-0.08
307,68,"(34, 13)",1,-0.08
307,69,"(35, 13)",1,-0.08
307,70,"(36, 13)",1,-0.08
307,71,"(37, 13)",1,-0.08
307,72,"(38, 13)",1,-0.08
307,73,"(39, 13)",0,-0.08
307,74,"(39, 12)",0,-0.08
307,75,"(39, 11)",1,-0.08
307,76,"(40, 11)",1,-0.08
307,77,"(41, 11)",1,-0.08
307,78,"(42, 11)",1,-0.08
307,79,"(43, 11)",1,-0.08
307,80,"(44, 11)",1,-0.08
307,81,"(45, 11)",0,-0.08
307,82,"(45, 10)",1,-0.08
307,83,"(46, 10)",0,-0.08
307,84,"(46, 9)",0,-0.08
307,85,"(46, 8)",0,-0.08
307,86,"(46, 7)",1,-0.08
307,87,"(47, 7)",1,-0.08
307,88,"(48, 7)",1,-0.08
307,89,"(49, 7)",1,-0.08
307,90,"(50, 7)",1,-0.08
307,91,"(51, 7)",1,-0.08
307,92,"(52, 7)",1,-0.08
307,93,"(53, 7)",1,-0.08
307,94,"(54, 7)",1,-0.08
307,95,"(55, 7)",1,-0.08
307,96,"(56, 7)",1,-0.08
307,97,"(57, 7)",1,-0.08
307,98,"(58, 7)",1,-0.08
307,99,"(59, 7)",1,-0.08
307,100,"(60, 7)",1,-0.08
307,101,"(61, 7)",1,-0.08
307,102,"(62, 7)",1,-0.08
307,103,"(63, 7)",1,-0.08
307,104,"(64, 7)",1,-0.08
307,105,"(65, 7)",1,-0.08
307,106,"(66, 7)",1,-0.08
307,107,"(67, 7)",1,-0.08
307,108,"(68, 7)",1,-0.08
307,109,"(69, 7)",1,-0.08
307,110,"(70, 7)",1,-0.08
307,111,"(71, 7)",1,-0.08
307,112,"(72, 7)",0,-0.08
307,113,"(72, 6)",1,-0.08
307,114,"(73, 6)",0,-0.08
307,115,"(73, 5)",1,-0.08
307,116,"(74, 5)",1,-0.08
307,117,"(75, 5)",1,-0.08
307,118,"(76, 5)",1,-0.08
307,119,"(77, 5)",0,-0.08
307,120,"(77, 4)",0,-0.08
307,121,"(77, 3)",0,-0.08
307,122,"(77, 2)",0,-0.08
307,123,"(77, 1)",1,-0.08
307,124,"(78, 1)",0,-0.08
307,125,"(78, 0)",1,8.33
308,0,"(0, 39)",0,-0.08
308,1,"(0, 38)",1,-0.08
308,2,"(1, 38)",1,-8.33
308,3,"(1, 38)",0,-0.08
308,4,"(1, 37)",0,-8.33
308,5,"(1, 37)",3,-0.08
308,6,"(0, 37)",0,-0.08
308,7,"(0, 36)",0,-0.08
308,8,"(0, 35)",0,-0.08
308,9,"(0, 34)",1,-0.08
308,10,"(1, 34)",1,-0.08
308,11,"(2, 34)",0,-0.08
308,12,"(2, 33)",0,-0.08
308,13,"(2, 32)",1,-0.08
308,14,"(3, 32)",0,-0.08
308,15,"(3, 31)",0,-8.33
308,16,"(3, 31)",0,-8.33
308,17,"(3, 31)",2,-0.08
308,18,"(3, 32)",2,-0.08
308,19,"(3, 33)",1,-0.08
308,20,"(4, 33)",1,-0.08
308,21,"(5, 33)",1,-0.08
308,22,"(6, 33)",1,-0.08
308,23,"(7, 33)",0,-0.08
308,24,"(7, 32)",1,-0.08
308,25,"(8, 32)",0,-0.08
308,26,"(8, 31)",1,-0.08
308,27,"(9, 31)",0,-0.08
308,28,"(9, 30)",0,-0.08
308,29,"(9, 29)",1,-0.08
308,30,"(10, 29)",0,-0.08
308,31,"(10, 28)",0,-0.08
308,32,"(10, 27)",1,-0.08
308,33,"(11, 27)",1,-0.08
308,34,"(12, 27)",1,-0.08
308,35,"(13, 27)",1,-0.08
308,36,"(14, 27)",1,-0.08
308,37,"(15, 27)",1,-0.08
308,38,"(16, 27)",1,-0.08
308,39,"(17, 27)",1,-0.08
308,40,"(18, 27)",1,-0.08
308,41,"(19, 27)",1,-0.08
308,42,"(20, 27)",1,-0.08
308,43,"(21, 27)",0,-0.08
308,44,"(21, 26)",0,-0.08
308,45,"(21, 25)",1,-0.08
308,46,"(22, 25)",0,-0.08
308,47,"(22, 24)",0,-0.08
308,48,"(22, 23)",1,-0.08
308,49,"(23, 23)",1,-0.08
308,50,"(24, 23)",0,-0.08
308,51,"(24, 22)",0,-0.08
308,52,"(24, 21)",1,-0.08
308,53,"(25, 21)",1,-0.08
308,54,"(26, 21)",1,-0.08
308,55,"(27, 21)",0,-0.08
308,56,"(27, 20)",1,-0.08
308,57,"(28, 20)",0,-0.08
308,58,"(28, 19)",1,-0.08
308,59,"(29, 19)",1,-0.08
308,60,"(30, 19)",1,-0.08
308,61,"(31, 19)",0,-0.08
308,62,"(31, 18)",1,-0.08
308,63,"(32, 18)",0,-0.08
308,64,"(32, 17)",0,-0.08
308,65,"(32, 16)",0,-0.08
308,66,"(32, 15)",1,-0.08
308,67,"(33, 15)",1,-0.08
308,68,"(34, 15)",1,-0.08
308,69,"(35, 15)",0,-0.08
308,70,"(35, 14)",0,-0.08
308,71,"(35, 13)",0,-0.08
308,72,"(35, 12)",1,-0.08
308,73,"(36, 12)",1,-0.08
308,74,"(37, 12)",1,-0.08
308,75,"(38, 12)",1,-0.08
308,76,"(39, 12)",0,-0.08
308,77,"(39, 11)",1,-0.08
308,78,"(40, 11)",1,-0.08
308,79,"(41, 11)",1,-0.08
308,80,"(42, 11)",1,-0.08
308,81,"(43, 11)",1,-0.08
308,82,"(44, 11)",1,-0.08
308,83,"(45, 11)",0,-0.08
308,84,"(45, 10)",0,-0.08
308,85,"(45, 9)",1,-0.08
308,86,"(46, 9)",0,-0.08
308,87,"(46, 8)",0,-0.08
308,88,"(46, 7)",1,-0.08
308,89,"(47, 7)",1,-0.08
308,90,"(48, 7)",1,-0.08
308,91,"(49, 7)",1,-0.08
308,92,"(50, 7)",1,-0.08
308,93,"(51, 7)",1,-0.08
308,94,"(52, 7)",1,-0.08
308,95,"(53, 7)",1,-0.08
308,96,"(54, 7)",1,-0.08
308,97,"(55, 7)",1,-0.08
308,98,"(56, 7)",1,-0.08
308,99,"(57, 7)",1,-0.08
308,100,"(58, 7)",1,-0.08
308,101,"(59, 7)",1,-0.08
308,102,"(60, 7)",1,-0.08
308,103,"(61, 7)",1,-0.08
308,104,"(62, 7)",1,-0.08
308,105,"(63, 7)",1,-0.08
308,106,"(64, 7)",1,-0.08
308,107,"(65, 7)",1,-0.08
308,108,"(66, 7)",1,-0.08
308,109,"(67, 7)",1,-0.08
308,110,"(68, 7)",1,-0.08
308,111,"(69, 7)",0,-0.08
308,112,"(69, 6)",1,-0.08
308,113,"(70, 6)",1,-0.08
308,114,"(71, 6)",0,-0.08
308,115,"(71, 5)",1,-0.08
308,116,"(72, 5)",1,-0.08
308,117,"(73, 5)",1,-0.08
308,118,"(74, 5)",1,-0.08
308,119,"(75, 5)",1,-0.08
308,120,"(76, 5)",1,-0.08
308,121,"(77, 5)",0,-0.08
308,122,"(77, 4)",0,-0.08
308,123,"(77, 3)",0,-0.08
308,124,"(77, 2)",0,-0.08
308,125,"(77, 1)",1,-0.08
308,126,"(78, 1)",1,-0.08
308,127,"(79, 1)",0,8.33
309,0,"(0, 39)",0,-0.08
309,1,"(0, 38)",1,-0.08
309,2,"(1, 38)",1,-8.33
309,3,"(1, 38)",0,-0.08
309,4,"(1, 37)",0,-8.33
309,5,"(1, 37)",3,-0.08
309,6,"(0, 37)",0,-0.08
309,7,"(0, 36)",0,-0.08
309,8,"(0, 35)",0,-0.08
309,9,"(0, 34)",0,-0.08
309,10,"(0, 33)",1,-0.08
309,11,"(1, 33)",1,-0.08
309,12,"(2, 33)",0,-0.08
309,13,"(2, 32)",1,-0.08
309,14,"(3, 32)",0,-0.08
309,15,"(3, 31)",0,-8.33
309,16,"(3, 31)",0,-8.33
309,17,"(3, 31)",3,-0.08
309,18,"(2, 31)",3,-0.08
309,19,"(1, 31)",0,-0.08
309,20,"(1, 30)",0,-0.08
309,21,"(1, 29)",1,-0.08
309,22,"(2, 29)",1,-0.08
309,23,"(3, 29)",1,-0.08
309,24,"(4, 29)",1,-0.08
309,25,"(5, 29)",1,-0.08
309,26,"(6, 29)",1,-0.08
309,27,"(7, 29)",0,-0.08
309,28,"(7, 28)",0,-0.08
309,29,"(7, 27)",0,-0.08
309,30,"(7, 26)",0,-0.08
309,31,"(7, 25)",1,-0.08
309,32,"(8, 25)",1,-0.08
309,33,"(9, 25)",1,-0.08
309,34,"(10, 25)",1,-0.08
309,35,"(11, 25)",1,-0.08
309,36,"(12, 25)",1,-0.08
309,37,"(13, 25)",0,-0.08
309,38,"(13, 24)",0,-0.08
309,39,"(13, 23)",1,-0.08
309,40,"(14, 23)",1,-0.08
309,41,"(15, 23)",1,-0.08
309,42,"(16, 23)",0,-0.08
309,43,"(16, 22)",1,-0.08
309,44,"(17, 22)",1,-0.08
309,45,"(18, 22)",1,-0.08
309,46,"(19, 22)",1,-0.08
309,47,"(20, 22)",1,-0.08
309,48,"(21, 22)",0,-0.08
309,49,"(21, 21)",1,-0.08
309,50,"(22, 21)",0,-0.08
309,51,"(22, 20)",0,-0.08
309,52,"(22, 19)",1,-0.08
309,53,"(23, 19)",0,-0.08
309,54,"(23, 18)",0,-0.08
309,55,"(23, 17)",1,-0.08
309,56,"(24, 17)",1,-0.08
309,57,"(25, 17)",1,-0.08
309,58,"(26, 17)",1,-0.08
309,59,"(27, 17)",0,-0.08
309,60,"(27, 16)",0,-0.08
309,61,"(27, 15)",0,-0.08
309,62,"(27, 14)",0,-0.08
309,63,"(27, 13)",1,-0.08
309,64,"(28, 13)",1,-0.08
309,65,"(29, 13)",1,-0.08
309,66,"(30, 13)",1,-0.08
309,67,"(31, 13)",1,-0.08
309,68,"(32, 13)",1,-0.08
309,69,"(33, 13)",1,-0.08
309,70,"(34, 13)",1,-0.08
309,71,"(35, 13)",0,-0.08
309,72,"(35, 12)",1,-0.08
309,73,"(36, 12)",1,-0.08
309,74,"(37, 12)",1,-0.08
309,75,"(38, 12)",1,-0.08
309,76,"(39, 12)",0,-0.08
309,77,"(39, 11)",1,-0.08
309,78,"(40, 11)",1,-0.08
309,79,"(41, 11)",1,-0.08
309,80,"(42, 11)",1,-0.08
309,81,"(43, 11)",1,-0.08
309,82,"(44, 11)",1,-0.08
309,83,"(45, 11)",0,-0.08
309,84,"(45, 10)",1,-0.08
309,85,"(46, 10)",1,-0.08
309,86,"(47, 10)",1,-0.08
309,87,"(48, 10)",1,-0.08
309,88,"(49, 10)",1,-0.08
309,89,"(50, 10)",0,-0.08
309,90,"(50, 9)",0,-0.08
309,91,"(50, 8)",0,-0.08
309,92,"(50, 7)",1,-0.08
309,93,"(51, 7)",1,-0.08
309,94,"(52, 7)",1,-0.08
309,95,"(53, 7)",1,-0.08
309,96,"(54, 7)",1,-0.08
309,97,"(55, 7)",1,-0.08
309,98,"(56, 7)",1,-0.08
309,99,"(57, 7)",1,-0.08
309,100,"(58, 7)",1,-0.08
309,101,"(59, 7)",1,-0.08
309,102,"(60, 7)",1,-0.08
309,103,"(61, 7)",1,-0.08
309,104,"(62, 7)",1,-0.08
309,105,"(63, 7)",1,-0.08
309,106,"(64, 7)",1,-0.08
309,107,"(65, 7)",1,-0.08
309,108,"(66, 7)",1,-0.08
309,109,"(67, 7)",1,-0.08
309,110,"(68, 7)",1,-0.08
309,111,"(69, 7)",0,-0.08
309,112,"(69, 6)",1,-0.08
309,113,"(70, 6)",1,-0.08
309,114,"(71, 6)",1,-0.08
309,115,"(72, 6)",1,-0.08
309,116,"(73, 6)",1,-0.08
309,117,"(74, 6)",0,-0.08
309,118,"(74, 5)",1,-0.08
309,119,"(75, 5)",1,-0.08
309,120,"(76, 5)",1,-0.08
309,121,"(77, 5)",0,-0.08
309,122,"(77, 4)",0,-0.08
309,123,"(77, 3)",0,-0.08
309,124,"(77, 2)",0,-0.08
309,125,"(77, 1)",0,-0.08
309,126,"(77, 0)",1,-0.08
309,127,"(78, 0)",1,8.33
310,0,"(0, 39)",1,-0.08
310,1,"(1, 39)",1,-0.08
310,2,"(2, 39)",1,-0.08
310,3,"(3, 39)",1,-0.08
310,4,"(4, 39)",1,-0.08
310,5,"(5, 39)",1,-0.08
310,6,"(6, 39)",1,-0.08
310,7,"(7, 39)",1,-0.08
310,8,"(8, 39)",1,-0.08
310,9,"(9, 39)",1,-0.08
310,10,"(10, 39)",0,-0.08
310,11,"(10, 38)",0,-0.08
310,12,"(10, 37)",0,-0.08
310,13,"(10, 36)",0,-8.33
310,14,"(10, 36)",2,-0.08
310,15,"(10, 37)",1,-0.08
310,16,"(11, 37)",1,-0.08
310,17,"(12, 37)",0,-0.08
310,18,"(12, 36)",1,-8.33
310,19,"(12, 36)",0,-0.08
310,20,"(12, 35)",1,-0.08
310,21,"(13, 35)",1,-0.08
310,22,"(14, 35)",1,-0.08
310,23,"(15, 35)",0,-0.08
310,24,"(15, 34)",0,-0.08
310,25,"(15, 33)",0,-0.08
310,26,"(15, 32)",0,-0.08
310,27,"(15, 31)",1,-0.08
310,28,"(16, 31)",0,-0.08
310,29,"(16, 30)",0,-0.08
310,30,"(16, 29)",1,-0.08
310,31,"(17, 29)",1,-0.08
310,32,"(18, 29)",1,-0.08
310,33,"(19, 29)",0,-0.08
310,34,"(19, 28)",0,-0.08
310,35,"(19, 27)",1,-0.08
310,36,"(20, 27)",1,-0.08
310,37,"(21, 27)",0,-0.08
310,38,"(21, 26)",1,-0.08
310,39,"(22, 26)",0,-0.08
310,40,"(22, 25)",0,-0.08
310,41,"(22, 24)",1,-0.08
310,42,"(23, 24)",1,-0.08
310,43,"(24, 24)",1,-0.08
310,44,"(25, 24)",0,-0.08
310,45,"(25, 23)",0,-0.08
310,46,"(25, 22)",0,-0.08
310,47,"(25, 21)",0,-0.08
310,48,"(25, 20)",0,-0.08
310,49,"(25, 19)",0,-0.08
310,50,"(25, 18)",1,-0.08
310,51,"(26, 18)",1,-0.08
310,52,"(27, 18)",0,-0.08
310,53,"(27, 17)",0,-0.08
310,54,"(27, 16)",0,-0.08
310,55,"(27, 15)",0,-0.08
310,56,"(27, 14)",0,-0.08
310,57,"(27, 13)",1,-0.08
310,58,"(28, 13)",1,-0.08
310,59,"(29, 13)",1,-0.08
310,60,"(30, 13)",1,-0.08
310,61,"(31, 13)",1,-0.08
310,62,"(32, 13)",1,-0.08
310,63,"(33, 13)",1,-0.08
310,64,"(34, 13)",1,-0.08
310,65,"(35, 13)",0,-0.08
310,66,"(35, 12)",1,-0.08
310,67,"(36, 12)",1,-0.08
310,68,"(37, 12)",1,-0.08
310,69,"(38, 12)",1,-0.08
310,70,"(39, 12)",0,-0.08
310,71,"(39, 11)",1,-0.08
310,72,"(40, 11)",1,-0.08
310,73,"(41, 11)",1,-0.08
310,74,"(42, 11)",1,-0.08
310,75,"(43, 11)",1,-0.08
310,76,"(44, 11)",1,-0.08
310,77,"(45, 11)",0,-0.08
310,78,"(45, 10)",1,-0.08
310,79,"(46, 10)",1,-0.08
310,80,"(47, 10)",1,-0.08
310,81,"(48, 10)",1,-0.08
310,82,"(49, 10)",0,-0.08
310,83,"(49, 9)",1,-0.08
310,84,"(50, 9)",0,-0.08
310,85,"(50, 8)",0,-0.08
310,86,"(50, 7)",1,-0.08
310,87,"(51, 7)",1,-0.08
310,88,"(52, 7)",1,-0.08
310,89,"(53, 7)",1,-0.08
310,90,"(54, 7)",1,-0.08
310,91,"(55, 7)",1,-0.08
310,92,"(56, 7)",1,-0.08
310,93,"(57, 7)",1,-0.08
310,94,"(58, 7)",1,-0.08
310,95,"(59, 7)",1,-0.08
310,96,"(60, 7)",1,-0.08
310,97,"(61, 7)",1,-0.08
310,98,"(62, 7)",1,-0.08
310,99,"(63, 7)",1,-0.08
310,100,"(64, 7)",1,-0.08
310,101,"(65, 7)",1,-0.08
310,102,"(66, 7)",1,-0.08
310,103,"(67, 7)",1,-0.08
310,104,"(68, 7)",1,-0.08
310,105,"(69, 7)",0,-0.08
310,106,"(69, 6)",1,-0.08
310,107,"(70, 6)",1,-0.08
310,108,"(71, 6)",1,-0.08
310,109,"(72, 6)",0,-0.08
310,110,"(72, 5)",1,-0.08
310,111,"(73, 5)",1,-0.08
310,112,"(74, 5)",0,-0.08
310,113,"(74, 4)",0,-0.08
310,114,"(74, 3)",1,-0.08
310,115,"(75, 3)",1,-0.08
310,116,"(76, 3)",0,-0.08
310,117,"(76, 2)",1,-0.08
310,118,"(77, 2)",0,-0.08
310,119,"(77, 1)",1,-0.08
310,120,"(78, 1)",1,-0.08
310,121,"(79, 1)",0,8.33
311,0,"(0, 39)",1,-0.08
311,1,"(1, 39)",1,-0.08
311,2,"(2, 39)",1,-0.08
311,3,"(3, 39)",1,-0.08
311,4,"(4, 39)",1,-0.08
311,5,"(5, 39)",1,-0.08
311,6,"(6, 39)",0,-8.33
311,7,"(6, 39)",1,-0.08
311,8,"(7, 39)",0,-0.08
311,9,"(7, 38)",0,-0.08
311,10,"(7, 37)",0,-0.08
311,11,"(7, 36)",0,-0.08
311,12,"(7, 35)",1,-0.08
311,13,"(8, 35)",1,-0.08
311,14,"(9, 35)",0,-8.33
311,15,"(9, 35)",2,-0.08
311,16,"(9, 36)",2,-0.08
311,17,"(9, 37)",1,-0.08
311,18,"(10, 37)",1,-0.08
311,19,"(11, 37)",1,-0.08
311,20,"(12, 37)",1,-0.08
311,21,"(13, 37)",1,-0.08
311,22,"(14, 37)",1,-0.08
311,23,"(15, 37)",0,-0.08
311,24,"(15, 36)",0,-0.08
311,25,"(15, 35)",0,-0.08
311,26,"(15, 34)",0,-0.08
311,27,"(15, 33)",1,-0.08
311,28,"(16, 33)",1,-0.08
311,29,"(17, 33)",1,-0.08
311,30,"(18, 33)",1,-0.08
311,31,"(19, 33)",1,-8.33
311,32,"(19, 33)",0,-0.08
311,33,"(19, 32)",1,-0.08
311,34,"(20, 32)",1,-0.08
311,35,"(21, 32)",0,-0.08
311,36,"(21, 31)",0,-0.08
311,37,"(21, 30)",0,-0.08
311,38,"(21, 29)",0,-0.08
311,39,"(21, 28)",0,-0.08
311,40,"(21, 27)",0,-0.08
311,41,"(21, 26)",1,-0.08
311,42,"(22, 26)",1,-0.08
311,43,"(23, 26)",1,-0.08
311,44,"(24, 26)",1,-0.08
311,45,"(25, 26)",0,-0.08
311,46,"(25, 25)",1,-0.08
311,47,"(26, 25)",1,-0.08
311,48,"(27, 25)",1,-0.08
311,49,"(28, 25)",1,-0.08
311,50,"(29, 25)",1,-0.08
311,51,"(30, 25)",1,-0.08
311,52,"(31, 25)",1,-0.08
311,53,"(32, 25)",0,-0.08
311,54,"(32, 24)",0,-0.08
311,55,"(32, 23)",1,-0.08
311,56,"(33, 23)",0,-0.08
311,57,"(33, 22)",0,-0.08
311,58,"(33, 21)",1,-0.08
311,59,"(34, 21)",1,-0.08
311,60,"(35, 21)",1,-0.08
311,61,"(36, 21)",0,-0.08
311,62,"(36, 20)",0,-0.08
311,63,"(36, 19)",1,-0.08
311,64,"(37, 19)",0,-0.08
311,65,"(37, 18)",0,-0.08
311,66,"(37, 17)",1,-0.08
311,67,"(38, 17)",1,-0.08
311,68,"(39, 17)",0,-0.08
311,69,"(39, 16)",0,-0.08
311,70,"(39, 15)",1,-0.08
311,71,"(40, 15)",1,-0.08
311,72,"(41, 15)",0,-0.08
311,73,"(41, 14)",0,-0.08
311,74,"(41, 13)",0,-0.08
311,75,"(41, 12)",0,-0.08
311,76,"(41, 11)",1,-0.08
311,77,"(42, 11)",1,-0.08
311,78,"(43, 11)",1,-0.08
311,79,"(44, 11)",1,-0.08
311,80,"(45, 11)",0,-0.08
311,81,"(45, 10)",1,-0.08
311,82,"(46, 10)",0,-0.08
311,83,"(46, 9)",0,-0.08
311,84,"(46, 8)",0,-0.08
311,85,"(46, 7)",1,-0.08
311,86,"(47, 7)",1,-0.08
311,87,"(48, 7)",1,-0.08
311,88,"(49, 7)",1,-0.08
311,89,"(50, 7)",1,-0.08
311,90,"(51, 7)",1,-0.08
311,91,"(52, 7)",1,-0.08
311,92,"(53, 7)",1,-0.08
311,93,"(54, 7)",1,-0.08
311,94,"(55, 7)",1,-0.08
311,95,"(56, 7)",1,-0.08
311,96,"(57, 7)",1,-0.08
311,97,"(58, 7)",1,-0.08
311,98,"(59, 7)",1,-0.08
311,99,"(60, 7)",1,-0.08
311,100,"(61, 7)",1,-0.08
311,101,"(62, 7)",1,-0.08
311,102,"(63, 7)",1,-0.08
311,103,"(64, 7)",1,-0.08
311,104,"(65, 7)",1,-0.08
311,105,"(66, 7)",1,-0.08
311,106,"(67, 7)",1,-0.08
311,107,"(68, 7)",1,-0.08
311,108,"(69, 7)",1,-0.08
311,109,"(70, 7)",0,-0.08
311,110,"(70, 6)",1,-0.08
311,111,"(71, 6)",1,-0.08
311,112,"(72, 6)",1,-0.08
311,113,"(73, 6)",0,-0.08
311,114,"(73, 5)",1,-0.08
311,115,"(74, 5)",0,-0.08
311,116,"(74, 4)",1,-0.08
311,117,"(75, 4)",0,-0.08
311,118,"(75, 3)",1,-0.08
311,119,"(76, 3)",1,-0.08
311,120,"(77, 3)",0,-0.08
311,121,"(77, 2)",0,-0.08
311,122,"(77, 1)",1,-0.08
311,123,"(78, 1)",1,-0.08
311,124,"(79, 1)",0,8.33
312,0,"(0, 39)",1,-0.08
312,1,"(1, 39)",0,-0.08
312,2,"(1, 38)",0,-0.08
312,3,"(1, 37)",0,-8.33
312,4,"(1, 37)",3,-0.08
312,5,"(0, 37)",0,-0.08
312,6,"(0, 36)",0,-0.08
312,7,"(0, 35)",1,-0.08
312,8,"(1, 35)",1,-0.08
312,9,"(2, 35)",0,-0.08
312,10,"(2, 34)",0,-0.08
312,11,"(2, 33)",1,-0.08
312,12,"(3, 33)",1,-0.08
312,13,"(4, 33)",1,-0.08
312,14,"(5, 33)",0,-0.08
312,15,"(5, 32)",0,-0.08
312,16,"(5, 31)",1,-0.08
312,17,"(6, 31)",1,-0.08
312,18,"(7, 31)",1,-0.08
312,19,"(8, 31)",1,-0.08
312,20,"(9, 31)",0,-0.08
312,21,"(9, 30)",0,-0.08
312,22,"(9, 29)",1,-0.08
312,23,"(10, 29)",0,-0.08
312,24,"(10, 28)",0,-0.08
312,25,"(10, 27)",0,-8.33
312,26,"(10, 27)",1,-0.08
312,27,"(11, 27)",1,-0.08
312,28,"(12, 27)",1,-0.08
312,29,"(13, 27)",1,-0.08
312,30,"(14, 27)",1,-0.08
312,31,"(15, 27)",0,-0.08
312,32,"(15, 26)",0,-0.08
312,33,"(15, 25)",1,-0.08
312,34,"(16, 25)",1,-0.08
312,35,"(17, 25)",0,-0.08
312,36,"(17, 24)",0,-0.08
312,37,"(17, 23)",1,-0.08
312,38,"(18, 23)",1,-0.08
312,39,"(19, 23)",0,-0.08
312,40,"(19, 22)",0,-0.08
312,41,"(19, 21)",1,-0.08
312,42,"(20, 21)",0,-0.08
312,43,"(20, 20)",0,-0.08
312,44,"(20, 19)",1,-0.08
312,45,"(21, 19)",1,-0.08
312,46,"(22, 19)",1,-0.08
312,47,"(23, 19)",0,-0.08
312,48,"(23, 18)",0,-0.08
312,49,"(23, 17)",1,-0.08
312,50,"(24, 17)",1,-0.08
312,51,"(25, 17)",1,-0.08
312,52,"(26, 17)",1,-0.08
312,53,"(27, 17)",0,-0.08
312,54,"(27, 16)",0,-0.08
312,55,"(27, 15)",1,-0.08
312,56,"(28, 15)",1,-0.08
312,57,"(29, 15)",0,-0.08
312,58,"(29, 14)",0,-0.08
312,59,"(29, 13)",1,-0.08
312,60,"(30, 13)",1,-0.08
312,61,"(31, 13)",1,-0.08
312,62,"(32, 13)",1,-0.08
312,63,"(33, 13)",1,-0.08
312,64,"(34, 13)",1,-0.08
312,65,"(35, 13)",0,-0.08
312,66,"(35, 12)",1,-0.08
312,67,"(36, 12)",1,-0.08
312,68,"(37, 12)",1,-0.08
312,69,"(38, 12)",1,-0.08
312,70,"(39, 12)",0,-0.08
312,71,"(39, 11)",1,-0.08
312,72,"(40, 11)",1,-0.08
312,73,"(41, 11)",1,-0.08
312,74,"(42, 11)",1,-0.08
312,75,"(43, 11)",1,-0.08
312,76,"(44, 11)",1,-0.08
312,77,"(45, 11)",0,-0.08
312,78,"(45, 10)",0,-0.08
312,79,"(45, 9)",1,-0.08
312,80,"(46, 9)",0,-0.08
312,81,"(46, 8)",0,-0.08
312,82,"(46, 7)",1,-0.08
312,83,"(47, 7)",1,-0.08
312,84,"(48, 7)",1,-0.08
312,85,"(49, 7)",1,-0.08
312,86,"(50, 7)",1,-0.08
312,87,"(51, 7)",1,-0.08
312,88,"(52, 7)",1,-0.08
312,89,"(53, 7)",1,-0.08
312,90,"(54, 7)",1,-0.08
312,91,"(55, 7)",1,-0.08
312,92,"(56, 7)",1,-0.08
312,93,"(57, 7)",1,-0.08
312,94,"(58, 7)",1,-0.08
312,95,"(59, 7)",1,-0.08
312,96,"(60, 7)",1,-0.08
312,97,"(61, 7)",1,-0.08
312,98,"(62, 7)",1,-0.08
312,99,"(63, 7)",1,-0.08
312,100,"(64, 7)",1,-0.08
312,101,"(65, 7)",1,-0.08
312,102,"(66, 7)",1,-0.08
312,103,"(67, 7)",1,-0.08
312,104,"(68, 7)",1,-0.08
312,105,"(69, 7)",1,-0.08
312,106,"(70, 7)",1,-0.08
312,107,"(71, 7)",1,-0.08
312,108,"(72, 7)",0,-0.08
312,109,"(72, 6)",0,-0.08
312,110,"(72, 5)",1,-0.08
312,111,"(73, 5)",1,-0.08
312,112,"(74, 5)",0,-0.08
312,113,"(74, 4)",1,-0.08
312,114,"(75, 4)",0,-0.08
312,115,"(75, 3)",1,-0.08
312,116,"(76, 3)",1,-0.08
312,117,"(77, 3)",0,-0.08
312,118,"(77, 2)",0,-0.08
312,119,"(77, 1)",1,-0.08
312,120,"(78, 1)",1,-0.08
312,121,"(79, 1)",0,8.33
313,0,"(0, 39)",1,-0.08
313,1,"(1, 39)",0,-0.08
313,2,"(1, 38)",1,-8.33
313,3,"(1, 38)",0,-0.08
313,4,"(1, 37)",0,-8.33
313,5,"(1, 37)",3,-0.08
313,6,"(0, 37)",0,-0.08
313,7,"(0, 36)",0,-0.08
313,8,"(0, 35)",1,-0.08
313,9,"(1, 35)",0,-0.08
313,10,"(1, 34)",1,-0.08
313,11,"(2, 34)",0,-0.08
313,12,"(2, 33)",1,-0.08
313,13,"(3, 33)",0,-0.08
313,14,"(3, 32)",0,-0.08
313,15,"(3, 31)",0,-8.33
313,16,"(3, 31)",2,-0.08
313,17,"(3, 32)",2,-0.08
313,18,"(3, 33)",1,-0.08
313,19,"(4, 33)",1,-0.08
313,20,"(5, 33)",1,-0.08
313,21,"(6, 33)",1,-0.08
313,22,"(7, 33)",1,-0.08
313,23,"(8, 33)",0,-0.08
313,24,"(8, 32)",0,-0.08
313,25,"(8, 31)",1,-0.08
313,26,"(9, 31)",0,-0.08
313,27,"(9, 30)",0,-0.08
313,28,"(9, 29)",1,-0.08
313,29,"(10, 29)",0,-0.08
313,30,"(10, 28)",0,-0.08
313,31,"(10, 27)",1,-0.08
313,32,"(11, 27)",1,-0.08
313,33,"(12, 27)",0,-0.08
313,34,"(12, 26)",0,-0.08
313,35,"(12, 25)",1,-0.08
313,36,"(13, 25)",0,-0.08
313,37,"(13, 24)",1,-0.08
313,38,"(14, 24)",0,-0.08
313,39,"(14, 23)",1,-0.08
313,40,"(15, 23)",1,-0.08
313,41,"(16, 23)",1,-0.08
313,42,"(17, 23)",1,-0.08
313,43,"(18, 23)",0,-0.08
313,44,"(18, 22)",1,-0.08
313,45,"(19, 22)",0,-0.08
313,46,"(19, 21)",1,-0.08
313,47,"(20, 21)",0,-0.08
313,48,"(20, 20)",0,-0.08
313,49,"(20, 19)",1,-0.08
313,50,"(21, 19)",1,-0.08
313,51,"(22, 19)",1,-0.08
313,52,"(23, 19)",0,-0.08
313,53,"(23, 18)",0,-0.08
313,54,"(23, 17)",0,-0.08
313,55,"(23, 16)",0,-0.08
313,56,"(23, 15)",1,-0.08
313,57,"(24, 15)",1,-0.08
313,58,"(25, 15)",1,-0.08
313,59,"(26, 15)",1,-0.08
313,60,"(27, 15)",1,-0.08
313,61,"(28, 15)",1,-0.08
313,62,"(29, 15)",1,-0.08
313,63,"(30, 15)",1,-0.08
313,64,"(31, 15)",1,-0.08
313,65,"(32, 15)",1,-0.08
313,66,"(33, 15)",1,-0.08
313,67,"(34, 15)",1,-0.08
313,68,"(35, 15)",0,-0.08
313,69,"(35, 14)",0,-0.08
313,70,"(35, 13)",0,-0.08
313,71,"(35, 12)",1,-0.08
313,72,"(36, 12)",1,-0.08
313,73,"(37, 12)",1,-0.08
313,74,"(38, 12)",1,-0.08
313,75,"(39, 12)",0,-0.08
313,76,"(39, 11)",1,-0.08
313,77,"(40, 11)",1,-0.08
313,78,"(41, 11)",1,-0.08
313,79,"(42, 11)",1,-0.08
313,80,"(43, 11)",1,-0.08
313,81,"(44, 11)",1,-0.08
313,82,"(45, 11)",0,-0.08
313,83,"(45, 10)",1,-0.08
313,84,"(46, 10)",0,-0.08
313,85,"(46, 9)",0,-0.08
313,86,"(46, 8)",0,-0.08
313,87,"(46, 7)",1,-0.08
313,88,"(47, 7)",1,-0.08
313,89,"(48, 7)",1,-0.08
313,90,"(49, 7)",1,-0.08
313,91,"(50, 7)",1,-0.08
313,92,"(51, 7)",1,-0.08
313,93,"(52, 7)",1,-0.08
313,94,"(53, 7)",1,-0.08
313,95,"(54, 7)",1,-0.08
313,96,"(55, 7)",1,-0.08
313,97,"(56, 7)",1,-0.08
313,98,"(57, 7)",1,-0.08
313,99,"(58, 7)",1,-0.08
313,100,"(59, 7)",1,-0.08
313,101,"(60, 7)",1,-0.08
313,102,"(61, 7)",1,-0.08
313,103,"(62, 7)",1,-0.08
313,104,"(63, 7)",1,-0.08
313,105,"(64, 7)",1,-0.08
313,106,"(65, 7)",1,-0.08
313,107,"(66, 7)",1,-0.08
313,108,"(67, 7)",1,-0.08
313,109,"(68, 7)",1,-0.08
313,110,"(69, 7)",0,-0.08
313,111,"(69, 6)",1,-0.08
313,112,"(70, 6)",1,-0.08
313,113,"(71, 6)",0,-0.08
313,114,"(71, 5)",1,-0.08
313,115,"(72, 5)",1,-0.08
313,116,"(73, 5)",1,-0.08
313,117,"(74, 5)",0,-0.08
313,118,"(74, 4)",1,-0.08
313,119,"(75, 4)",0,-0.08
313,120,"(75, 3)",1,-0.08
313,121,"(76, 3)",1,-0.08
313,122,"(77, 3)",0,-0.08
313,123,"(77, 2)",0,-0.08
313,124,"(77, 1)",1,-0.08
313,125,"(78, 1)",1,-0.08
313,126,"(79, 1)",0,8.33
314,0,"(0, 39)",1,-0.08
314,1,"(1, 39)",1,-0.08
314,2,"(2, 39)",0,-8.33
314,3,"(2, 39)",1,-0.08
314,4,"(3, 39)",0,-0.08
314,5,"(3, 38)",0,-0.08
314,6,"(3, 37)",1,-8.33
314,7,"(3, 37)",0,-0.08
314,8,"(3, 36)",0,-0.08
314,9,"(3, 35)",3,-0.08
314,10,"(2, 35)",0,-0.08
314,11,"(2, 34)",0,-0.08
314,12,"(2, 33)",1,-0.08
314,13,"(3, 33)",1,-0.08
314,14,"(4, 33)",1,-0.08
314,15,"(5, 33)",0,-0.08
314,16,"(5, 32)",0,-0.08
314,17,"(5, 31)",1,-0.08
314,18,"(6, 31)",1,-0.08
314,19,"(7, 31)",1,-0.08
314,20,"(8, 31)",1,-0.08
314,21,"(9, 31)",0,-0.08
314,22,"(9, 30)",1,-0.08
314,23,"(10, 30)",0,-0.08
314,24,"(10, 29)",0,-0.08
314,25,"(10, 28)",0,-0.08
314,26,"(10, 27)",1,-0.08
314,27,"(11, 27)",1,-0.08
314,28,"(12, 27)",1,-0.08
314,29,"(13, 27)",0,-0.08
314,30,"(13, 26)",0,-0.08
314,31,"(13, 25)",1,-0.08
314,32,"(14, 25)",0,-0.08
314,33,"(14, 24)",1,-8.33
314,34,"(14, 24)",0,-0.08
314,35,"(14, 23)",1,-0.08
314,36,"(15, 23)",1,-0.08
314,37,"(16, 23)",1,-0.08
314,38,"(17, 23)",0,-0.08
314,39,"(17, 22)",1,-0.08
314,40,"(18, 22)",1,-0.08
314,41,"(19, 22)",0,-0.08
314,42,"(19, 21)",0,-0.08
314,43,"(19, 20)",0,-0.08
314,44,"(19, 19)",1,-0.08
314,45,"(20, 19)",1,-0.08
314,46,"(21, 19)",1,-0.08
314,47,"(22, 19)",1,-0.08
314,48,"(23, 19)",0,-0.08
314,49,"(23, 18)",0,-0.08
314,50,"(23, 17)",1,-0.08
314,51,"(24, 17)",1,-0.08
314,52,"(25, 17)",1,-0.08
314,53,"(26, 17)",1,-0.08
314,54,"(27, 17)",0,-0.08
314,55,"(27, 16)",1,-0.08
314,56,"(28, 16)",1,-0.08
314,57,"(29, 16)",0,-0.08
314,58,"(29, 15)",1,-0.08
314,59,"(30, 15)",1,-0.08
314,60,"(31, 15)",1,-0.08
314,61,"(32, 15)",1,-0.08
314,62,"(33, 15)",1,-0.08
314,63,"(34, 15)",0,-0.08
314,64,"(34, 14)",0,-0.08
314,65,"(34, 13)",1,-0.08
314,66,"(35, 13)",0,-0.08
314,67,"(35, 12)",1,-0.08
314,68,"(36, 12)",1,-0.08
314,69,"(37, 12)",1,-0.08
314,70,"(38, 12)",1,-0.08
314,71,"(39, 12)",0,-0.08
314,72,"(39, 11)",1,-0.08
314,73,"(40, 11)",1,-0.08
314,74,"(41, 11)",1,-0.08
314,75,"(42, 11)",1,-0.08
314,76,"(43, 11)",1,-0.08
314,77,"(44, 11)",1,-0.08
314,78,"(45, 11)",0,-0.08
314,79,"(45, 10)",0,-0.08
314,80,"(45, 9)",0,-0.08
314,81,"(45, 8)",0,-0.08
314,82,"(45, 7)",1,-0.08
314,83,"(46, 7)",1,-0.08
314,84,"(47, 7)",1,-0.08
314,85,"(48, 7)",1,-0.08
314,86,"(49, 7)",1,-0.08
314,87,"(50, 7)",1,-0.08
314,88,"(51, 7)",1,-0.08
314,89,"(52, 7)",1,-0.08
314,90,"(53, 7)",1,-0.08
314,91,"(54, 7)",1,-0.08
314,92,"(55, 7)",1,-0.08
314,93,"(56, 7)",1,-0.08
314,94,"(57, 7)",1,-0.08
314,95,"(58, 7)",1,-0.08
314,96,"(59, 7)",1,-0.08
314,97,"(60, 7)",1,-0.08
314,98,"(61, 7)",1,-0.08
314,99,"(62, 7)",1,-0.08
314,100,"(63, 7)",1,-0.08
314,101,"(64, 7)",1,-0.08
314,102,"(65, 7)",1,-0.08
314,103,"(66, 7)",1,-0.08
314,104,"(67, 7)",1,-0.08
314,105,"(68, 7)",1,-0.08
314,106,"(69, 7)",1,-0.08
314,107,"(70, 7)",1,-0.08
314,108,"(71, 7)",0,-0.08
314,109,"(71, 6)",1,-0.08
314,110,"(72, 6)",1,-0.08
314,111,"(73, 6)",0,-0.08
314,112,"(73, 5)",1,-0.08
314,113,"(74, 5)",1,-0.08
314,114,"(75, 5)",1,-0.08
314,115,"(76, 5)",0,-8.33
314,116,"(76, 5)",1,-0.08
314,117,"(77, 5)",0,-0.08
314,118,"(77, 4)",0,-0.08
314,119,"(77, 3)",0,-0.08
314,120,"(77, 2)",0,-0.08
314,121,"(77, 1)",0,-0.08
314,122,"(77, 0)",1,-0.08
314,123,"(78, 0)",1,8.33
315,0,"(0, 39)",1,-0.08
315,1,"(1, 39)",0,-0.08
315,2,"(1, 38)",0,-0.08
315,3,"(1, 37)",0,-8.33
315,4,"(1, 37)",3,-0.08
315,5,"(0, 37)",0,-0.08
315,6,"(0, 36)",0,-0.08
315,7,"(0, 35)",0,-0.08
315,8,"(0, 34)",1,-0.08
315,9,"(1, 34)",0,-0.08
315,10,"(1, 33)",1,-0.08
315,11,"(2, 33)",0,-0.08
315,12,"(2, 32)",1,-0.08
315,13,"(3, 32)",0,-0.08
315,14,"(3, 31)",0,-8.33
315,15,"(3, 31)",0,-8.33
315,16,"(3, 31)",3,-0.08
315,17,"(2, 31)",3,-0.08
315,18,"(1, 31)",0,-0.08
315,19,"(1, 30)",0,-0.08
315,20,"(1, 29)",1,-0.08
315,21,"(2, 29)",1,-0.08
315,22,"(3, 29)",0,-0.08
315,23,"(3, 28)",0,-0.08
315,24,"(3, 27)",0,-0.08
315,25,"(3, 26)",0,-0.08
315,26,"(3, 25)",1,-0.08
315,27,"(4, 25)",1,-0.08
315,28,"(5, 25)",1,-0.08
315,29,"(6, 25)",1,-0.08
315,30,"(7, 25)",1,-0.08
315,31,"(8, 25)",1,-0.08
315,32,"(9, 25)",0,-0.08
315,33,"(9, 24)",1,-0.08
315,34,"(10, 24)",1,-0.08
315,35,"(11, 24)",1,-0.08
315,36,"(12, 24)",1,-0.08
315,37,"(13, 24)",1,-0.08
315,38,"(14, 24)",0,-0.08
315,39,"(14, 23)",1,-0.08
315,40,"(15, 23)",1,-0.08
315,41,"(16, 23)",1,-0.08
315,42,"(17, 23)",1,-0.08
315,43,"(18, 23)",1,-0.08
315,44,"(19, 23)",1,-0.08
315,45,"(20, 23)",1,-0.08
315,46,"(21, 23)",0,-0.08
315,47,"(21, 22)",0,-0.08
315,48,"(21, 21)",1,-0.08
315,49,"(22, 21)",1,-0.08
315,50,"(23, 21)",0,-0.08
315,51,"(23, 20)",1,-0.08
315,52,"(24, 20)",1,-0.08
315,53,"(25, 20)",0,-0.08
315,54,"(25, 19)",1,-0.08
315,55,"(26, 19)",1,-0.08
315,56,"(27, 19)",0,-0.08
315,57,"(27, 18)",0,-0.08
315,58,"(27, 17)",0,-0.08
315,59,"(27, 16)",0,-0.08
315,60,"(27, 15)",0,-0.08
315,61,"(27, 14)",0,-0.08
315,62,"(27, 13)",1,-0.08
315,63,"(28, 13)",1,-0.08
315,64,"(29, 13)",1,-0.08
315,65,"(30, 13)",1,-0.08
315,66,"(31, 13)",1,-0.08
315,67,"(32, 13)",1,-0.08
315,68,"(33, 13)",1,-0.08
315,69,"(34, 13)",1,-0.08
315,70,"(35, 13)",0,-0.08
315,71,"(35, 12)",1,-0.08
315,72,"(36, 12)",1,-0.08
315,73,"(37, 12)",1,-0.08
315,74,"(38, 12)",1,-0.08
315,75,"(39, 12)",0,-0.08
315,76,"(39, 11)",1,-0.08
315,77,"(40, 11)",1,-0.08
315,78,"(41, 11)",1,-0.08
315,79,"(42, 11)",1,-0.08
315,80,"(43, 11)",1,-0.08
315,81,"(44, 11)",1,-0.08
315,82,"(45, 11)",0,-0.08
315,83,"(45, 10)",0,-0.08
315,84,"(45, 9)",1,-0.08
315,85,"(46, 9)",0,-0.08
315,86,"(46, 8)",0,-0.08
315,87,"(46, 7)",1,-0.08
315,88,"(47, 7)",1,-0.08
315,89,"(48, 7)",1,-0.08
315,90,"(49, 7)",1,-0.08
315,91,"(50, 7)",1,-0.08
315,92,"(51, 7)",1,-0.08
315,93,"(52, 7)",1,-0.08
315,94,"(53, 7)",1,-0.08
315,95,"(54, 7)",1,-0.08
315,96,"(55, 7)",1,-0.08
315,97,"(56, 7)",1,-0.08
315,98,"(57, 7)",1,-0.08
315,99,"(58, 7)",1,-0.08
315,100,"(59, 7)",1,-0.08
315,101,"(60, 7)",1,-0.08
315,102,"(61, 7)",1,-0.08
315,103,"(62, 7)",1,-0.08
315,104,"(63, 7)",1,-0.08
315,105,"(64, 7)",1,-0.08
315,106,"(65, 7)",1,-0.08
315,107,"(66, 7)",1,-0.08
315,108,"(67, 7)",1,-0.08
315,109,"(68, 7)",1,-0.08
315,110,"(69, 7)",1,-0.08
315,111,"(70, 7)",1,-0.08
315,112,"(71, 7)",0,-0.08
315,113,"(71, 6)",0,-0.08
315,114,"(71, 5)",1,-0.08
315,115,"(72, 5)",1,-0.08
315,116,"(73, 5)",1,-0.08
315,117,"(74, 5)",0,-0.08
315,118,"(74, 4)",0,-0.08
315,119,"(74, 3)",1,-0.08
315,120,"(75, 3)",1,-0.08
315,121,"(76, 3)",0,-0.08
315,122,"(76, 2)",1,-0.08
315,123,"(77, 2)",0,-0.08
315,124,"(77, 1)",0,-0.08
315,125,"(77, 0)",1,-0.08
315,126,"(78, 0)",1,8.33
316,0,"(0, 39)",1,-0.08
316,1,"(1, 39)",1,-0.08
316,2,"(2, 39)",1,-0.08
316,3,"(3, 39)",1,-0.08
316,4,"(4, 39)",0,-8.33
316,5,"(4, 39)",1,-0.08
316,6,"(5, 39)",0,-8.33
316,7,"(5, 39)",1,-0.08
316,8,"(6, 39)",1,-0.08
316,9,"(7, 39)",0,-0.08
316,10,"(7, 38)",0,-0.08
316,11,"(7, 37)",0,-0.08
316,12,"(7, 36)",0,-0.08
316,13,"(7, 35)",0,-0.08
316,14,"(7, 34)",0,-0.08
316,15,"(7, 33)",1,-0.08
316,16,"(8, 33)",0,-0.08
316,17,"(8, 32)",1,-0.08
316,18,"(9, 32)",0,-0.08
316,19,"(9, 31)",0,-0.08
316,20,"(9, 30)",1,-0.08
316,21,"(10, 30)",0,-0.08
316,22,"(10, 29)",0,-0.08
316,23,"(10, 28)",0,-0.08
316,24,"(10, 27)",1,-0.08
316,25,"(11, 27)",1,-0.08
316,26,"(12, 27)",0,-0.08
316,27,"(12, 26)",1,-0.08
316,28,"(13, 26)",0,-0.08
316,29,"(13, 25)",1,-0.08
316,30,"(14, 25)",0,-0.08
316,31,"(14, 24)",0,-0.08
316,32,"(14, 23)",1,-0.08
316,33,"(15, 23)",1,-0.08
316,34,"(16, 23)",0,-0.08
316,35,"(16, 22)",1,-0.08
316,36,"(17, 22)",1,-0.08
316,37,"(18, 22)",1,-0.08
316,38,"(19, 22)",1,-0.08
316,39,"(20, 22)",0,-0.08
316,40,"(20, 21)",1,-0.08
316,41,"(21, 21)",0,-0.08
316,42,"(21, 20)",1,-0.08
316,43,"(22, 20)",1,-0.08
316,44,"(23, 20)",1,-0.08
316,45,"(24, 20)",1,-0.08
316,46,"(25, 20)",0,-0.08
316,47,"(25, 19)",1,-0.08
316,48,"(26, 19)",0,-0.08
316,49,"(26, 18)",1,-0.08
316,50,"(27, 18)",0,-0.08
316,51,"(27, 17)",1,-0.08
316,52,"(28, 17)",1,-0.08
316,53,"(29, 17)",0,-0.08
316,54,"(29, 16)",0,-0.08
316,55,"(29, 15)",1,-0.08
316,56,"(30, 15)",1,-0.08
316,57,"(31, 15)",0,-0.08
316,58,"(31, 14)",1,-0.08
316,59,"(32, 14)",0,-0.08
316,60,"(32, 13)",1,-0.08
316,61,"(33, 13)",1,-0.08
316,62,"(34, 13)",1,-0.08
316,63,"(35, 13)",0,-0.08
316,64,"(35, 12)",1,-0.08
316,65,"(36, 12)",1,-0.08
316,66,"(37, 12)",1,-0.08
316,67,"(38, 12)",1,-0.08
316,68,"(39, 12)",0,-0.08
316,69,"(39, 11)",1,-0.08
316,70,"(40, 11)",1,-0.08
316,71,"(41, 11)",1,-0.08
316,72,"(42, 11)",1,-0.08
316,73,"(43, 11)",1,-0.08
316,74,"(44, 11)",1,-0.08
316,75,"(45, 11)",0,-0.08
316,76,"(45, 10)",0,-0.08
316,77,"(45, 9)",0,-0.08
316,78,"(45, 8)",0,-0.08
316,79,"(45, 7)",1,-0.08
316,80,"(46, 7)",1,-0.08
316,81,"(47, 7)",1,-0.08
316,82,"(48, 7)",1,-0.08
316,83,"(49, 7)",1,-0.08
316,84,"(50, 7)",1,-0.08
316,85,"(51, 7)",1,-0.08
316,86,"(52, 7)",1,-0.08
316,87,"(53, 7)",1,-0.08
316,88,"(54, 7)",1,-0.08
316,89,"(55, 7)",1,-0.08
316,90,"(56, 7)",1,-0.08
316,91,"(57, 7)",1,-0.08
316,92,"(58, 7)",1,-0.08
316,93,"(59, 7)",1,-0.08
316,94,"(60, 7)",1,-0.08
316,95,"(61, 7)",1,-0.08
316,96,"(62, 7)",1,-0.08
316,97,"(63, 7)",1,-0.08
316,98,"(64, 7)",1,-0.08
316,99,"(65, 7)",1,-0.08
316,100,"(66, 7)",1,-0.08
316,101,"(67, 7)",1,-0.08
316,102,"(68, 7)",1,-0.08
316,103,"(69, 7)",1,-0.08
316,104,"(70, 7)",0,-0.08
316,105,"(70, 6)",1,-0.08
316,106,"(71, 6)",0,-0.08
316,107,"(71, 5)",1,-0.08
316,108,"(72, 5)",1,-0.08
316,109,"(73, 5)",1,-0.08
316,110,"(74, 5)",0,-0.08
316,111,"(74, 4)",1,-0.08
316,112,"(75, 4)",0,-0.08
316,113,"(75, 3)",1,-0.08
316,114,"(76, 3)",1,-0.08
316,115,"(77, 3)",0,-0.08
316,116,"(77, 2)",0,-0.08
316,117,"(77, 1)",1,-0.08
316,118,"(78, 1)",1,-0.08
316,119,"(79, 1)",0,8.33
317,0,"(0, 39)",0,-0.08
317,1,"(0, 38)",1,-0.08
317,2,"(1, 38)",0,-0.08
317,3,"(1, 37)",0,-8.33
317,4,"(1, 37)",3,-0.08
317,5,"(0, 37)",0,-0.08
317,6,"(0, 36)",0,-0.08
317,7,"(0, 35)",1,-0.08
317,8,"(1, 35)",0,-0.08
317,9,"(1, 34)",0,-0.08
317,10,"(1, 33)",0,-0.08
317,11,"(1, 32)",1,-0.08
317,12,"(2, 32)",0,-0.08
317,13,"(2, 31)",1,-0.08
317,14,"(3, 31)",0,-8.33
317,15,"(3, 31)",0,-8.33
317,16,"(3, 31)",3,-0.08
317,17,"(2, 31)",3,-0.08
317,18,"(1, 31)",0,-0.08
317,19,"(1, 30)",0,-0.08
317,20,"(1, 29)",0,-0.08
317,21,"(1, 28)",0,-0.08
317,22,"(1, 27)",0,-0.08
317,23,"(1, 26)",1,-0.08
317,24,"(2, 26)",0,-0.08
317,25,"(2, 25)",1,-0.08
317,26,"(3, 25)",1,-0.08
317,27,"(4, 25)",1,-0.08
317,28,"(5, 25)",1,-0.08
317,29,"(6, 25)",1,-0.08
317,30,"(7, 25)",1,-0.08
317,31,"(8, 25)",1,-0.08
317,32,"(9, 25)",0,-0.08
317,33,"(9, 24)",1,-0.08
317,34,"(10, 24)",1,-0.08
317,35,"(11, 24)",1,-0.08
317,36,"(12, 24)",1,-0.08
317,37,"(13, 24)",0,-0.08
317,38,"(13, 23)",1,-0.08
317,39,"(14, 23)",1,-0.08
317,40,"(15, 23)",1,-0.08
317,41,"(16, 23)",1,-0.08
317,42,"(17, 23)",0,-0.08
317,43,"(17, 22)",1,-0.08
317,44,"(18, 22)",1,-0.08
317,45,"(19, 22)",0,-0.08
317,46,"(19, 21)",1,-0.08
317,47,"(20, 21)",0,-0.08
317,48,"(20, 20)",1,-0.08
317,49,"(21, 20)",1,-0.08
317,50,"(22, 20)",1,-0.08
317,51,"(23, 20)",1,-0.08
317,52,"(24, 20)",1,-0.08
317,53,"(25, 20)",0,-0.08
317,54,"(25, 19)",0,-0.08
317,55,"(25, 18)",1,-0.08
317,56,"(26, 18)",1,-0.08
317,57,"(27, 18)",0,-0.08
317,58,"(27, 17)",0,-0.08
317,59,"(27, 16)",1,-0.08
317,60,"(28, 16)",1,-0.08
317,61,"(29, 16)",0,-0.08
317,62,"(29, 15)",0,-0.08
317,63,"(29, 14)",0,-0.08
317,64,"(29, 13)",1,-0.08
317,65,"(30, 13)",1,-0.08
317,66,"(31, 13)",1,-0.08
317,67,"(32, 13)",1,-0.08
317,68,"(33, 13)",1,-0.08
317,69,"(34, 13)",1,-0.08
317,70,"(35, 13)",1,-0.08
317,71,"(36, 13)",0,-0.08
317,72,"(36, 12)",1,-0.08
317,73,"(37, 12)",1,-0.08
317,74,"(38, 12)",1,-0.08
317,75,"(39, 12)",0,-0.08
317,76,"(39, 11)",1,-0.08
317,77,"(40, 11)",1,-0.08
317,78,"(41, 11)",1,-0.08
317,79,"(42, 11)",1,-0.08
317,80,"(43, 11)",1,-0.08
317,81,"(44, 11)",1,-0.08
317,82,"(45, 11)",0,-0.08
317,83,"(45, 10)",1,-0.08
317,84,"(46, 10)",0,-0.08
317,85,"(46, 9)",0,-0.08
317,86,"(46, 8)",0,-0.08
317,87,"(46, 7)",1,-0.08
317,88,"(47, 7)",1,-0.08
317,89,"(48, 7)",1,-0.08
317,90,"(49, 7)",1,-0.08
317,91,"(50, 7)",1,-0.08
317,92,"(51, 7)",1,-0.08
317,93,"(52, 7)",1,-0.08
317,94,"(53, 7)",1,-0.08
317,95,"(54, 7)",1,-0.08
317,96,"(55, 7)",1,-0.08
317,97,"(56, 7)",1,-0.08
317,98,"(57, 7)",1,-0.08
317,99,"(58, 7)",1,-0.08
317,100,"(59, 7)",1,-0.08
317,101,"(60, 7)",1,-0.08
317,102,"(61, 7)",1,-0.08
317,103,"(62, 7)",1,-0.08
317,104,"(63, 7)",1,-0.08
317,105,"(64, 7)",1,-0.08
317,106,"(65, 7)",1,-0.08
317,107,"(66, 7)",1,-0.08
317,108,"(67, 7)",1,-0.08
317,109,"(68, 7)",1,-0.08
317,110,"(69, 7)",1,-0.08
317,111,"(70, 7)",0,-0.08
317,112,"(70, 6)",1,-0.08
317,113,"(71, 6)",0,-0.08
317,114,"(71, 5)",1,-0.08
317,115,"(72, 5)",1,-0.08
317,116,"(73, 5)",1,-0.08
317,117,"(74, 5)",1,-0.08
317,118,"(75, 5)",1,-0.08
317,119,"(76, 5)",1,-0.08
317,120,"(77, 5)",0,-0.08
317,121,"(77, 4)",0,-0.08
317,122,"(77, 3)",0,-0.08
317,123,"(77, 2)",0,-0.08
317,124,"(77, 1)",0,-0.08
317,125,"(77, 0)",1,-0.08
317,126,"(78, 0)",1,8.33
318,0,"(0, 39)",1,-0.08
318,1,"(1, 39)",0,-0.08
318,2,"(1, 38)",0,-0.08
318,3,"(1, 37)",0,-8.33
318,4,"(1, 37)",3,-0.08
318,5,"(0, 37)",0,-0.08
318,6,"(0, 36)",0,-0.08
318,7,"(0, 35)",1,-0.08
318,8,"(1, 35)",0,-0.08
318,9,"(1, 34)",1,-0.08
318,10,"(2, 34)",0,-0.08
318,11,"(2, 33)",1,-0.08
318,12,"(3, 33)",0,-0.08
318,13,"(3, 32)",0,-0.08
318,14,"(3, 31)",0,-8.33
318,15,"(3, 31)",2,-0.08
318,16,"(3, 32)",2,-0.08
318,17,"(3, 33)",1,-0.08
318,18,"(4, 33)",1,-0.08
318,19,"(5, 33)",1,-0.08
318,20,"(6, 33)",1,-0.08
318,21,"(7, 33)",0,-0.08
318,22,"(7, 32)",0,-0.08
318,23,"(7, 31)",1,-0.08
318,24,"(8, 31)",0,-0.08
318,25,"(8, 30)",0,-0.08
318,26,"(8, 29)",1,-0.08
318,27,"(9, 29)",1,-0.08
318,28,"(10, 29)",0,-0.08
318,29,"(10, 28)",0,-0.08
318,30,"(10, 27)",1,-0.08
318,31,"(11, 27)",1,-0.08
318,32,"(12, 27)",0,-0.08
318,33,"(12, 26)",1,-0.08
318,34,"(13, 26)",0,-0.08
318,35,"(13, 25)",0,-0.08
318,36,"(13, 24)",0,-0.08
318,37,"(13, 23)",1,-0.08
318,38,"(14, 23)",1,-0.08
318,39,"(15, 23)",1,-0.08
318,40,"(16, 23)",1,-0.08
318,41,"(17, 23)",0,-0.08
318,42,"(17, 22)",1,-0.08
318,43,"(18, 22)",1,-0.08
318,44,"(19, 22)",1,-0.08
318,45,"(20, 22)",0,-0.08
318,46,"(20, 21)",1,-0.08
318,47,"(21, 21)",0,-0.08
318,48,"(21, 20)",1,-0.08
318,49,"(22, 20)",0,-0.08
318,50,"(22, 19)",1,-0.08
318,51,"(23, 19)",0,-0.08
318,52,"(23, 18)",0,-0.08
318,53,"(23, 17)",1,-0.08
318,54,"(24, 17)",1,-0.08
318,55,"(25, 17)",1,-0.08
318,56,"(26, 17)",1,-0.08
318,57,"(27, 17)",1,-0.08
318,58,"(28, 17)",0,-0.08
318,59,"(28, 16)",0,-0.08
318,60,"(28, 15)",1,-0.08
318,61,"(29, 15)",1,-0.08
318,62,"(30, 15)",1,-0.08
318,63,"(31, 15)",1,-0.08
318,64,"(32, 15)",1,-0.08
318,65,"(33, 15)",1,-0.08
318,66,"(34, 15)",1,-0.08
318,67,"(35, 15)",0,-0.08
318,68,"(35, 14)",0,-0.08
318,69,"(35, 13)",0,-0.08
318,70,"(35, 12)",1,-0.08
318,71,"(36, 12)",1,-0.08
318,72,"(37, 12)",1,-0.08
318,73,"(38, 12)",1,-0.08
318,74,"(39, 12)",0,-0.08
318,75,"(39, 11)",1,-0.08
318,76,"(40, 11)",1,-0.08
318,77,"(41, 11)",1,-0.08
318,78,"(42, 11)",1,-0.08
318,79,"(43, 11)",1,-0.08
318,80,"(44, 11)",1,-0.08
318,81,"(45, 11)",0,-0.08
318,82,"(45, 10)",1,-0.08
318,83,"(46, 10)",1,-0.08
318,84,"(47, 10)",1,-0.08
318,85,"(48, 10)",1,-0.08
318,86,"(49, 10)",0,-0.08
318,87,"(49, 9)",1,-0.08
318,88,"(50, 9)",0,-0.08
318,89,"(50, 8)",0,-0.08
318,90,"(50, 7)",1,-0.08
318,91,"(51, 7)",1,-0.08
318,92,"(52, 7)",1,-0.08
318,93,"(53, 7)",1,-0.08
318,94,"(54, 7)",1,-0.08
318,95,"(55, 7)",1,-0.08
318,96,"(56, 7)",1,-0.08
318,97,"(57, 7)",1,-0.08
318,98,"(58, 7)",1,-0.08
318,99,"(59, 7)",1,-0.08
318,100,"(60, 7)",1,-0.08
318,101,"(61, 7)",1,-0.08
318,102,"(62, 7)",1,-0.08
318,103,"(63, 7)",1,-0.08
318,104,"(64, 7)",1,-0.08
318,105,"(65, 7)",1,-0.08
318,106,"(66, 7)",1,-0.08
318,107,"(67, 7)",1,-0.08
318,108,"(68, 7)",1,-0.08
318,109,"(69, 7)",1,-0.08
318,110,"(70, 7)",0,-0.08
318,111,"(70, 6)",1,-0.08
318,112,"(71, 6)",1,-0.08
318,113,"(72, 6)",1,-0.08
318,114,"(73, 6)",0,-0.08
318,115,"(73, 5)",1,-0.08
318,116,"(74, 5)",0,-0.08
318,117,"(74, 4)",1,-0.08
318,118,"(75, 4)",0,-0.08
318,119,"(75, 3)",1,-0.08
318,120,"(76, 3)",0,-0.08
318,121,"(76, 2)",0,-0.08
318,122,"(76, 1)",1,-0.08
318,123,"(77, 1)",1,-0.08
318,124,"(78, 1)",1,-0.08
318,125,"(79, 1)",0,8.33
319,0,"(0, 39)",0,-0.08
319,1,"(0, 38)",0,-0.08
319,2,"(0, 37)",1,-0.08
319,3,"(1, 37)",1,-8.33
319,4,"(1, 37)",0,-8.33
319,5,"(1, 37)",3,-0.08
319,6,"(0, 37)",0,-0.08
319,7,"(0, 36)",0,-0.08
319,8,"(0, 35)",0,-0.08
319,9,"(0, 34)",1,-0.08
319,10,"(1, 34)",0,-0.08
319,11,"(1, 33)",1,-0.08
319,12,"(2, 33)",1,-0.08
319,13,"(3, 33)",0,-0.08
319,14,"(3, 32)",0,-0.08
319,15,"(3, 31)",0,-8.33
319,16,"(3, 31)",2,-0.08
319,17,"(3, 32)",2,-0.08
319,18,"(3, 33)",1,-0.08
319,19,"(4, 33)",1,-0.08
319,20,"(5, 33)",0,-0.08
319,21,"(5, 32)",0,-0.08
319,22,"(5, 31)",1,-0.08
319,23,"(6, 31)",1,-0.08
319,24,"(7, 31)",1,-0.08
319,25,"(8, 31)",0,-0.08
319,26,"(8, 30)",0,-0.08
319,27,"(8, 29)",0,-0.08
319,28,"(8, 28)",0,-0.08
319,29,"(8, 27)",1,-0.08
319,30,"(9, 27)",1,-0.08
319,31,"(10, 27)",1,-0.08
319,32,"(11, 27)",1,-0.08
319,33,"(12, 27)",0,-0.08
319,34,"(12, 26)",1,-0.08
319,35,"(13, 26)",0,-0.08
319,36,"(13, 25)",1,-0.08
319,37,"(14, 25)",0,-0.08
319,38,"(14, 24)",0,-0.08
319,39,"(14, 23)",1,-0.08
319,40,"(15, 23)",1,-0.08
319,41,"(16, 23)",1,-0.08
319,42,"(17, 23)",1,-0.08
319,43,"(18, 23)",1,-0.08
319,44,"(19, 23)",1,-0.08
319,45,"(20, 23)",1,-0.08
319,46,"(21, 23)",1,-0.08
319,47,"(22, 23)",1,-0.08
319,48,"(23, 23)",1,-0.08
319,49,"(24, 23)",0,-0.08
319,50,"(24, 22)",1,-0.08
319,51,"(25, 22)",0,-0.08
319,52,"(25, 21)",1,-0.08
319,53,"(26, 21)",1,-0.08
319,54,"(27, 21)",1,-0.08
319,55,"(28, 21)",0,-0.08
319,56,"(28, 20)",0,-0.08
319,57,"(28, 19)",1,-0.08
319,58,"(29, 19)",1,-0.08
319,59,"(30, 19)",1,-0.08
319,60,"(31, 19)",1,-0.08
319,61,"(32, 19)",0,-0.08
319,62,"(32, 18)",0,-0.08
319,63,"(32, 17)",0,-0.08
319,64,"(32, 16)",0,-0.08
319,65,"(32, 15)",0,-0.08
319,66,"(32, 14)",0,-0.08
319,67,"(32, 13)",1,-0.08
319,68,"(33, 13)",1,-0.08
319,69,"(34, 13)",1,-0.08
319,70,"(35, 13)",1,-0.08
319,71,"(36, 13)",0,-0.08
319,72,"(36, 12)",1,-0.08
319,73,"(37, 12)",1,-0.08
319,74,"(38, 12)",1,-0.08
319,75,"(39, 12)",0,-0.08
319,76,"(39, 11)",1,-0.08
319,77,"(40, 11)",1,-0.08
319,78,"(41, 11)",1,-0.08
319,79,"(42, 11)",1,-0.08
319,80,"(43, 11)",1,-0.08
319,81,"(44, 11)",1,-0.08
319,82,"(45, 11)",0,-0.08
319,83,"(45, 10)",0,-0.08
319,84,"(45, 9)",0,-0.08
319,85,"(45, 8)",0,-0.08
319,86,"(45, 7)",1,-0.08
319,87,"(46, 7)",1,-0.08
319,88,"(47, 7)",1,-0.08
319,89,"(48, 7)",1,-0.08
319,90,"(49, 7)",1,-0.08
319,91,"(50, 7)",1,-0.08
319,92,"(51, 7)",1,-0.08
319,93,"(52, 7)",1,-0.08
319,94,"(53, 7)",1,-0.08
319,95,"(54, 7)",1,-0.08
319,96,"(55, 7)",1,-0.08
319,97,"(56, 7)",1,-0.08
319,98,"(57, 7)",1,-0.08
319,99,"(58, 7)",1,-0.08
319,100,"(59, 7)",1,-0.08
319,101,"(60, 7)",1,-0.08
319,102,"(61, 7)",1,-0.08
319,103,"(62, 7)",1,-0.08
319,104,"(63, 7)",1,-0.08
319,105,"(64, 7)",1,-0.08
319,106,"(65, 7)",1,-0.08
319,107,"(66, 7)",1,-0.08
319,108,"(67, 7)",1,-0.08
319,109,"(68, 7)",1,-0.08
319,110,"(69, 7)",0,-0.08
319,111,"(69, 6)",1,-0.08
319,112,"(70, 6)",1,-0.08
319,113,"(71, 6)",1,-0.08
319,114,"(72, 6)",1,-0.08
319,115,"(73, 6)",1,-0.08
319,116,"(74, 6)",0,-0.08
319,117,"(74, 5)",1,-0.08
319,118,"(75, 5)",1,-0.08
319,119,"(76, 5)",1,-0.08
319,120,"(77, 5)",0,-0.08
319,121,"(77, 4)",0,-0.08
319,122,"(77, 3)",0,-0.08
319,123,"(77, 2)",0,-0.08
319,124,"(77, 1)",0,-0.08
319,125,"(77, 0)",1,-0.08
319,126,"(78, 0)",1,8.33
320,0,"(0, 39)",0,-0.08
320,1,"(0, 38)",1,-0.08
320,2,"(1, 38)",1,-8.33
320,3,"(1, 38)",0,-0.08
320,4,"(1, 37)",0,-8.33
320,5,"(1, 37)",3,-0.08
320,6,"(0, 37)",0,-0.08
320,7,"(0, 36)",0,-0.08
320,8,"(0, 35)",1,-0.08
320,9,"(1, 35)",0,-0.08
320,10,"(1, 34)",1,-0.08
320,11,"(2, 34)",0,-0.08
320,12,"(2, 33)",0,-0.08
320,13,"(2, 32)",1,-0.08
320,14,"(3, 32)",0,-0.08
320,15,"(3, 31)",0,-8.33
320,16,"(3, 31)",0,-8.33
320,17,"(3, 31)",3,-0.08
320,18,"(2, 31)",3,-0.08
320,19,"(1, 31)",0,-0.08
320,20,"(1, 30)",0,-0.08
320,21,"(1, 29)",0,-0.08
320,22,"(1, 28)",0,-0.08
320,23,"(1, 27)",0,-0.08
320,24,"(1, 26)",1,-0.08
320,25,"(2, 26)",1,-0.08
320,26,"(3, 26)",0,-0.08
320,27,"(3, 25)",1,-0.08
320,28,"(4, 25)",1,-0.08
320,29,"(5, 25)",1,-0.08
320,30,"(6, 25)",1,-0.08
320,31,"(7, 25)",1,-0.08
320,32,"(8, 25)",1,-0.08
320,33,"(9, 25)",0,-0.08
320,34,"(9, 24)",1,-0.08
320,35,"(10, 24)",1,-0.08
320,36,"(11, 24)",1,-0.08
320,37,"(12, 24)",1,-0.08
320,38,"(13, 24)",0,-0.08
320,39,"(13, 23)",1,-0.08
320,40,"(14, 23)",1,-0.08
320,41,"(15, 23)",1,-0.08
320,42,"(16, 23)",0,-0.08
320,43,"(16, 22)",1,-0.08
320,44,"(17, 22)",1,-0.08
320,45,"(18, 22)",1,-0.08
320,46,"(19, 22)",0,-0.08
320,47,"(19, 21)",0,-0.08
320,48,"(19, 20)",0,-0.08
320,49,"(19, 19)",1,-0.08
320,50,"(20, 19)",1,-0.08
320,51,"(21, 19)",1,-0.08
320,52,"(22, 19)",1,-0.08
320,53,"(23, 19)",0,-0.08
320,54,"(23, 18)",0,-0.08
320,55,"(23, 17)",0,-0.08
320,56,"(23, 16)",0,-0.08
320,57,"(23, 15)",1,-0.08
320,58,"(24, 15)",1,-0.08
320,59,"(25, 15)",1,-0.08
320,60,"(26, 15)",1,-0.08
320,61,"(27, 15)",1,-0.08
320,62,"(28, 15)",1,-0.08
320,63,"(29, 15)",0,-0.08
320,64,"(29, 14)",0,-0.08
320,65,"(29, 13)",1,-0.08
320,66,"(30, 13)",1,-0.08
320,67,"(31, 13)",1,-0.08
320,68,"(32, 13)",1,-0.08
320,69,"(33, 13)",1,-0.08
320,70,"(34, 13)",1,-0.08
320,71,"(35, 13)",0,-0.08
320,72,"(35, 12)",1,-0.08
320,73,"(36, 12)",1,-0.08
320,74,"(37, 12)",1,-0.08
320,75,"(38, 12)",1,-0.08
320,76,"(39, 12)",0,-0.08
320,77,"(39, 11)",1,-0.08
320,78,"(40, 11)",1,-0.08
320,79,"(41, 11)",1,-0.08
320,80,"(42, 11)",1,-0.08
320,81,"(43, 11)",1,-0.08
320,82,"(44, 11)",1,-0.08
320,83,"(45, 11)",0,-0.08
320,84,"(45, 10)",0,-0.08
320,85,"(45, 9)",1,-0.08
320,86,"(46, 9)",0,-0.08
320,87,"(46, 8)",0,-0.08
320,88,"(46, 7)",1,-0.08
320,89,"(47, 7)",1,-0.08
320,90,"(48, 7)",1,-0.08
320,91,"(49, 7)",1,-0.08
320,92,"(50, 7)",1,-0.08
320,93,"(51, 7)",1,-0.08
320,94,"(52, 7)",1,-0.08
320,95,"(53, 7)",1,-0.08
320,96,"(54, 7)",1,-0.08
320,97,"(55, 7)",1,-0.08
320,98,"(56, 7)",1,-0.08
320,99,"(57, 7)",1,-0.08
320,100,"(58, 7)",1,-0.08
320,101,"(59, 7)",1,-0.08
320,102,"(60, 7)",1,-0.08
320,103,"(61, 7)",1,-0.08
320,104,"(62, 7)",1,-0.08
320,105,"(63, 7)",1,-0.08
320,106,"(64, 7)",1,-0.08
320,107,"(65, 7)",1,-0.08
320,108,"(66, 7)",1,-0.08
320,109,"(67, 7)",1,-0.08
320,110,"(68, 7)",1,-0.08
320,111,"(69, 7)",1,-0.08
320,112,"(70, 7)",1,-0.08
320,113,"(71, 7)",0,-0.08
320,114,"(71, 6)",0,-0.08
320,115,"(71, 5)",1,-0.08
320,116,"(72, 5)",1,-0.08
320,117,"(73, 5)",1,-0.08
320,118,"(74, 5)",0,-0.08
320,119,"(74, 4)",0,-0.08
320,120,"(74, 3)",1,-0.08
320,121,"(75, 3)",1,-0.08
320,122,"(76, 3)",0,-0.08
320,123,"(76, 2)",0,-0.08
320,124,"(76, 1)",0,-0.08
320,125,"(76, 0)",1,-0.08
320,126,"(77, 0)",1,-0.08
320,127,"(78, 0)",1,8.33
321,0,"(0, 39)",1,-0.08
321,1,"(1, 39)",1,-0.08
321,2,"(2, 39)",0,-8.33
321,3,"(2, 39)",1,-0.08
321,4,"(3, 39)",0,-0.08
321,5,"(3, 38)",0,-0.08
321,6,"(3, 37)",1,-8.33
321,7,"(3, 37)",0,-0.08
321,8,"(3, 36)",0,-0.08
321,9,"(3, 35)",3,-0.08
321,10,"(2, 35)",0,-0.08
321,11,"(2, 34)",0,-0.08
321,12,"(2, 33)",1,-0.08
321,13,"(3, 33)",0,-0.08
321,14,"(3, 32)",0,-0.08
321,15,"(3, 31)",0,-8.33
321,16,"(3, 31)",2,-0.08
321,17,"(3, 32)",2,-0.08
321,18,"(3, 33)",1,-0.08
321,19,"(4, 33)",1,-0.08
321,20,"(5, 33)",1,-0.08
321,21,"(6, 33)",1,-0.08
321,22,"(7, 33)",1,-0.08
321,23,"(8, 33)",1,-0.08
321,24,"(9, 33)",1,-0.08
321,25,"(10, 33)",1,-0.08
321,26,"(11, 33)",1,-0.08
321,27,"(12, 33)",0,-0.08
321,28,"(12, 32)",0,-0.08
321,29,"(12, 31)",1,-0.08
321,30,"(13, 31)",1,-0.08
321,31,"(14, 31)",1,-0.08
321,32,"(15, 31)",1,-0.08
321,33,"(16, 31)",0,-0.08
321,34,"(16, 30)",0,-0.08
321,35,"(16, 29)",1,-0.08
321,36,"(17, 29)",1,-0.08
321,37,"(18, 29)",1,-0.08
321,38,"(19, 29)",1,-0.08
321,39,"(20, 29)",0,-0.08
321,40,"(20, 28)",0,-0.08
321,41,"(20, 27)",1,-0.08
321,42,"(21, 27)",0,-0.08
321,43,"(21, 26)",1,-0.08
321,44,"(22, 26)",1,-0.08
321,45,"(23, 26)",0,-0.08
321,46,"(23, 25)",0,-0.08
321,47,"(23, 24)",0,-0.08
321,48,"(23, 23)",1,-0.08
321,49,"(24, 23)",0,-0.08
321,50,"(24, 22)",1,-0.08
321,51,"(25, 22)",0,-0.08
321,52,"(25, 21)",1,-0.08
321,53,"(26, 21)",1,-0.08
321,54,"(27, 21)",1,-0.08
321,55,"(28, 21)",0,-0.08
321,56,"(28, 20)",0,-0.08
321,57,"(28, 19)",1,-0.08
321,58,"(29, 19)",1,-0.08
321,59,"(30, 19)",1,-0.08
321,60,"(31, 19)",0,-0.08
321,61,"(31, 18)",1,-0.08
321,62,"(32, 18)",0,-0.08
321,63,"(32, 17)",1,-0.08
321,64,"(33, 17)",1,-0.08
321,65,"(34, 17)",1,-0.08
321,66,"(35, 17)",0,-0.08
321,67,"(35, 16)",1,-0.08
321,68,"(36, 16)",1,-0.08
321,69,"(37, 16)",0,-0.08
321,70,"(37, 15)",0,-0.08
321,71,"(37, 14)",1,-0.08
321,72,"(38, 14)",0,-0.08
321,73,"(38, 13)",1,-0.08
321,74,"(39, 13)",0,-0.08
321,75,"(39, 12)",0,-0.08
321,76,"(39, 11)",1,-0.08
321,77,"(40, 11)",1,-0.08
321,78,"(41, 11)",1,-0.08
321,79,"(42, 11)",1,-0.08
321,80,"(43, 11)",1,-0.08
321,81,"(44, 11)",1,-0.08
321,82,"(45, 11)",0,-0.08
321,83,"(45, 10)",0,-0.08
321,84,"(45, 9)",0,-0.08
321,85,"(45, 8)",0,-0.08
321,86,"(45, 7)",1,-0.08
321,87,"(46, 7)",1,-0.08
321,88,"(47, 7)",1,-0.08
321,89,"(48, 7)",1,-0.08
321,90,"(49, 7)",1,-0.08
321,91,"(50, 7)",1,-0.08
321,92,"(51, 7)",1,-0.08
321,93,"(52, 7)",1,-0.08
321,94,"(53, 7)",1,-0.08
321,95,"(54, 7)",1,-0.08
321,96,"(55, 7)",1,-0.08
321,97,"(56, 7)",1,-0.08
321,98,"(57, 7)",1,-0.08
321,99,"(58, 7)",1,-0.08
321,100,"(59, 7)",1,-0.08
321,101,"(60, 7)",1,-0.08
321,102,"(61, 7)",1,-0.08
321,103,"(62, 7)",1,-0.08
321,104,"(63, 7)",1,-0.08
321,105,"(64, 7)",1,-0.08
321,106,"(65, 7)",1,-0.08
321,107,"(66, 7)",1,-0.08
321,108,"(67, 7)",1,-0.08
321,109,"(68, 7)",1,-0.08
321,110,"(69, 7)",1,-0.08
321,111,"(70, 7)",0,-0.08
321,112,"(70, 6)",1,-0.08
321,113,"(71, 6)",0,-0.08
321,114,"(71, 5)",1,-0.08
321,115,"(72, 5)",1,-0.08
321,116,"(73, 5)",1,-0.08
321,117,"(74, 5)",1,-0.08
321,118,"(75, 5)",1,-0.08
321,119,"(76, 5)",1,-0.08
321,120,"(77, 5)",0,-0.08
321,121,"(77, 4)",0,-0.08
321,122,"(77, 3)",0,-0.08
321,123,"(77, 2)",0,-0.08
321,124,"(77, 1)",1,-0.08
321,125,"(78, 1)",0,-0.08
321,126,"(78, 0)",1,8.33
322,0,"(0, 39)",1,-0.08
322,1,"(1, 39)",1,-0.08
322,2,"(2, 39)",1,-0.08
322,3,"(3, 39)",1,-0.08
322,4,"(4, 39)",1,-0.08
322,5,"(5, 39)",1,-0.08
322,6,"(6, 39)",1,-0.08
322,7,"(7, 39)",0,-0.08
322,8,"(7, 38)",0,-0.08
322,9,"(7, 37)",0,-0.08
322,10,"(7, 36)",1,-0.08
322,11,"(8, 36)",1,-0.08
322,12,"(9, 36)",1,-0.08
322,13,"(10, 36)",0,-8.33
322,14,"(10, 36)",3,-0.08
322,15,"(9, 36)",0,-0.08
322,16,"(9, 35)",0,-8.33
322,17,"(9, 35)",2,-0.08
322,18,"(9, 36)",2,-0.08
322,19,"(9, 37)",1,-0.08
322,20,"(10, 37)",1,-0.08
322,21,"(11, 37)",1,-0.08
322,22,"(12, 37)",1,-0.08
322,23,"(13, 37)",1,-0.08
322,24,"(14, 37)",1,-0.08
322,25,"(15, 37)",1,-0.08
322,26,"(16, 37)",0,-0.08
322,27,"(16, 36)",1,-0.08
322,28,"(17, 36)",0,-0.08
322,29,"(17, 35)",0,-0.08
322,30,"(17, 34)",1,-0.08
322,31,"(18, 34)",1,-0.08
322,32,"(19, 34)",1,-0.08
322,33,"(20, 34)",1,-0.08
322,34,"(21, 34)",0,-0.08
322,35,"(21, 33)",0,-0.08
322,36,"(21, 32)",0,-0.08
322,37,"(21, 31)",1,-8.33
322,38,"(21, 31)",0,-0.08
322,39,"(21, 30)",0,-0.08
322,40,"(21, 29)",0,-0.08
322,41,"(21, 28)",0,-0.08
322,42,"(21, 27)",0,-0.08
322,43,"(21, 26)",1,-0.08
322,44,"(22, 26)",1,-0.08
322,45,"(23, 26)",1,-0.08
322,46,"(24, 26)",1,-0.08
322,47,"(25, 26)",1,-0.08
322,48,"(26, 26)",1,-0.08
322,49,"(27, 26)",0,-0.08
322,50,"(27, 25)",1,-0.08
322,51,"(28, 25)",1,-0.08
322,52,"(29, 25)",1,-0.08
322,53,"(30, 25)",1,-0.08
322,54,"(31, 25)",1,-0.08
322,55,"(32, 25)",0,-0.08
322,56,"(32, 24)",0,-0.08
322,57,"(32, 23)",1,-0.08
322,58,"(33, 23)",0,-0.08
322,59,"(33, 22)",0,-0.08
322,60,"(33, 21)",1,-0.08
322,61,"(34, 21)",1,-0.08
322,62,"(35, 21)",0,-0.08
322,63,"(35, 20)",0,-0.08
322,64,"(35, 19)",1,-0.08
322,65,"(36, 19)",1,-0.08
322,66,"(37, 19)",0,-0.08
322,67,"(37, 18)",0,-0.08
322,68,"(37, 17)",1,-0.08
322,69,"(38, 17)",1,-0.08
322,70,"(39, 17)",0,-0.08
322,71,"(39, 16)",1,-0.08
322,72,"(40, 16)",1,-0.08
322,73,"(41, 16)",1,-0.08
322,74,"(42, 16)",1,-0.08
322,75,"(43, 16)",1,-0.08
322,76,"(44, 16)",0,-0.08
322,77,"(44, 15)",1,-0.08
322,78,"(45, 15)",1,-0.08
322,79,"(46, 15)",0,-0.08
322,80,"(46, 14)",1,-0.08
322,81,"(47, 14)",0,-0.08
322,82,"(47, 13)",0,-0.08
322,83,"(47, 12)",0,-0.08
322,84,"(47, 11)",0,-0.08
322,85,"(47, 10)",1,-0.08
322,86,"(48, 10)",1,-0.08
322,87,"(49, 10)",1,-0.08
322,88,"(50, 10)",0,-0.08
322,89,"(50, 9)",0,-0.08
322,90,"(50, 8)",0,-0.08
322,91,"(50, 7)",1,-0.08
322,92,"(51, 7)",1,-0.08
322,93,"(52, 7)",1,-0.08
322,94,"(53, 7)",1,-0.08
322,95,"(54, 7)",1,-0.08
322,96,"(55, 7)",1,-0.08
322,97,"(56, 7)",1,-0.08
322,98,"(57, 7)",1,-0.08
322,99,"(58, 7)",1,-0.08
322,100,"(59, 7)",1,-0.08
322,101,"(60, 7)",1,-0.08
322,102,"(61, 7)",1,-0.08
322,103,"(62, 7)",1,-0.08
322,104,"(63, 7)",1,-0.08
322,105,"(64, 7)",1,-0.08
322,106,"(65, 7)",1,-0.08
322,107,"(66, 7)",1,-0.08
322,108,"(67, 7)",1,-0.08
322,109,"(68, 7)",1,-0.08
322,110,"(69, 7)",1,-0.08
322,111,"(70, 7)",1,-0.08
322,112,"(71, 7)",1,-0.08
322,113,"(72, 7)",0,-0.08
322,114,"(72, 6)",0,-0.08
322,115,"(72, 5)",1,-0.08
322,116,"(73, 5)",1,-0.08
322,117,"(74, 5)",0,-0.08
322,118,"(74, 4)",0,-0.08
322,119,"(74, 3)",1,-0.08
322,120,"(75, 3)",1,-0.08
322,121,"(76, 3)",0,-0.08
322,122,"(76, 2)",1,-0.08
322,123,"(77, 2)",0,-0.08
322,124,"(77, 1)",1,-0.08
322,125,"(78, 1)",0,-0.08
322,126,"(78, 0)",1,8.33
323,0,"(0, 39)",1,-0.08
323,1,"(1, 39)",1,-0.08
323,2,"(2, 39)",0,-8.33
323,3,"(2, 39)",1,-0.08
323,4,"(3, 39)",0,-0.08
323,5,"(3, 38)",0,-0.08
323,6,"(3, 37)",1,-8.33
323,7,"(3, 37)",0,-0.08
323,8,"(3, 36)",0,-0.08
323,9,"(3, 35)",3,-0.08
323,10,"(2, 35)",0,-0.08
323,11,"(2, 34)",0,-0.08
323,12,"(2, 33)",1,-0.08
323,13,"(3, 33)",1,-0.08
323,14,"(4, 33)",1,-0.08
323,15,"(5, 33)",1,-0.08
323,16,"(6, 33)",1,-0.08
323,17,"(7, 33)",1,-0.08
323,18,"(8, 33)",0,-0.08
323,19,"(8, 32)",1,-0.08
323,20,"(9, 32)",0,-0.08
323,21,"(9, 31)",0,-0.08
323,22,"(9, 30)",1,-0.08
323,23,"(10, 30)",0,-0.08
323,24,"(10, 29)",0,-0.08
323,25,"(10, 28)",0,-0.08
323,26,"(10, 27)",1,-0.08
323,27,"(11, 27)",1,-0.08
323,28,"(12, 27)",0,-0.08
323,29,"(12, 26)",1,-0.08
323,30,"(13, 26)",0,-0.08
323,31,"(13, 25)",0,-0.08
323,32,"(13, 24)",0,-0.08
323,33,"(13, 23)",1,-0.08
323,34,"(14, 23)",0,-0.08
323,35,"(14, 22)",0,-0.08
323,36,"(14, 21)",1,-0.08
323,37,"(15, 21)",0,-0.08
323,38,"(15, 20)",0,-0.08
323,39,"(15, 19)",0,-8.33
323,40,"(15, 19)",2,-0.08
323,41,"(15, 20)",2,-0.08
323,42,"(15, 21)",1,-0.08
323,43,"(16, 21)",1,-0.08
323,44,"(17, 21)",2,-0.08
323,45,"(17, 22)",1,-0.08
323,46,"(18, 22)",1,-0.08
323,47,"(19, 22)",0,-0.08
323,48,"(19, 21)",1,-0.08
323,49,"(20, 21)",0,-0.08
323,50,"(20, 20)",0,-0.08
323,51,"(20, 19)",1,-0.08
323,52,"(21, 19)",1,-0.08
323,53,"(22, 19)",1,-0.08
323,54,"(23, 19)",0,-0.08
323,55,"(23, 18)",0,-0.08
323,56,"(23, 17)",1,-0.08
323,57,"(24, 17)",1,-0.08
323,58,"(25, 17)",1,-0.08
323,59,"(26, 17)",1,-0.08
323,60,"(27, 17)",1,-0.08
323,61,"(28, 17)",1,-0.08
323,62,"(29, 17)",1,-0.08
323,63,"(30, 17)",1,-0.08
323,64,"(31, 17)",0,-0.08
323,65,"(31, 16)",0,-0.08
323,66,"(31, 15)",1,-0.08
323,67,"(32, 15)",1,-0.08
323,68,"(33, 15)",1,-0.08
323,69,"(34, 15)",0,-0.08
323,70,"(34, 14)",0,-0.08
323,71,"(34, 13)",1,-0.08
323,72,"(35, 13)",0,-0.08
323,73,"(35, 12)",1,-0.08
323,74,"(36, 12)",1,-0.08
323,75,"(37, 12)",1,-0.08
323,76,"(38, 12)",1,-0.08
323,77,"(39, 12)",0,-0.08
323,78,"(39, 11)",1,-0.08
323,79,"(40, 11)",1,-0.08
323,80,"(41, 11)",1,-0.08
323,81,"(42, 11)",1,-0.08
323,82,"(43, 11)",1,-0.08
323,83,"(44, 11)",1,-0.08
323,84,"(45, 11)",0,-0.08
323,85,"(45, 10)",0,-0.08
323,86,"(45, 9)",1,-0.08
323,87,"(46, 9)",0,-0.08
323,88,"(46, 8)",0,-0.08
323,89,"(46, 7)",1,-0.08
323,90,"(47, 7)",1,-0.08
323,91,"(48, 7)",1,-0.08
323,92,"(49, 7)",1,-0.08
323,93,"(50, 7)",1,-0.08
323,94,"(51, 7)",1,-0.08
323,95,"(52, 7)",1,-0.08
323,96,"(53, 7)",1,-0.08
323,97,"(54, 7)",1,-0.08
323,98,"(55, 7)",1,-0.08
323,99,"(56, 7)",1,-0.08
323,100,"(57, 7)",1,-0.08
323,101,"(58, 7)",1,-0.08
323,102,"(59, 7)",1,-0.08
323,103,"(60, 7)",1,-0.08
323,104,"(61, 7)",1,-0.08
323,105,"(62, 7)",1,-0.08
323,106,"(63, 7)",1,-0.08
323,107,"(64, 7)",1,-0.08
323,108,"(65, 7)",1,-0.08
323,109,"(66, 7)",1,-0.08
323,110,"(67, 7)",1,-0.08
323,111,"(68, 7)",1,-0.08
323,112,"(69, 7)",0,-0.08
323,113,"(69, 6)",1,-0.08
323,114,"(70, 6)",1,-0.08
323,115,"(71, 6)",1,-0.08
323,116,"(72, 6)",0,-0.08
323,117,"(72, 5)",1,-0.08
323,118,"(73, 5)",1,-0.08
323,119,"(74, 5)",0,-0.08
323,120,"(74, 4)",1,-0.08
323,121,"(75, 4)",1,-8.33
323,122,"(75, 4)",0,-0.08
323,123,"(75, 3)",1,-0.08
323,124,"(76, 3)",1,-0.08
323,125,"(77, 3)",0,-0.08
323,126,"(77, 2)",0,-0.08
323,127,"(77, 1)",1,-0.08
323,128,"(78, 1)",1,-0.08
323,129,"(79, 1)",0,8.33
324,0,"(0, 39)",0,-0.08
324,1,"(0, 38)",1,-0.08
324,2,"(1, 38)",1,-8.33
324,3,"(1, 38)",0,-0.08
324,4,"(1, 37)",0,-8.33
324,5,"(1, 37)",3,-0.08
324,6,"(0, 37)",0,-0.08
324,7,"(0, 36)",0,-0.08
324,8,"(0, 35)",0,-0.08
324,9,"(0, 34)",0,-0.08
324,10,"(0, 33)",1,-0.08
324,11,"(1, 33)",1,-0.08
324,12,"(2, 33)",1,-0.08
324,13,"(3, 33)",1,-0.08
324,14,"(4, 33)",1,-0.08
324,15,"(5, 33)",1,-0.08
324,16,"(6, 33)",1,-0.08
324,17,"(7, 33)",1,-0.08
324,18,"(8, 33)",1,-0.08
324,19,"(9, 33)",0,-0.08
324,20,"(9, 32)",0,-0.08
324,21,"(9, 31)",0,-0.08
324,22,"(9, 30)",1,-0.08
324,23,"(10, 30)",0,-0.08
324,24,"(10, 29)",0,-0.08
324,25,"(10, 28)",0,-0.08
324,26,"(10, 27)",0,-8.33
324,27,"(10, 27)",1,-0.08
324,28,"(11, 27)",1,-0.08
324,29,"(12, 27)",1,-0.08
324,30,"(13, 27)",1,-0.08
324,31,"(14, 27)",1,-0.08
324,32,"(15, 27)",0,-0.08
324,33,"(15, 26)",1,-0.08
324,34,"(16, 26)",0,-0.08
324,35,"(16, 25)",1,-0.08
324,36,"(17, 25)",0,-0.08
324,37,"(17, 24)",0,-0.08
324,38,"(17, 23)",1,-0.08
324,39,"(18, 23)",1,-0.08
324,40,"(19, 23)",1,-0.08
324,41,"(20, 23)",0,-0.08
324,42,"(20, 22)",1,-0.08
324,43,"(21, 22)",0,-0.08
324,44,"(21, 21)",1,-0.08
324,45,"(22, 21)",1,-0.08
324,46,"(23, 21)",0,-0.08
324,47,"(23, 20)",1,-0.08
324,48,"(24, 20)",1,-0.08
324,49,"(25, 20)",0,-0.08
324,50,"(25, 19)",0,-0.08
324,51,"(25, 18)",0,-0.08
324,52,"(25, 17)",1,-0.08
324,53,"(26, 17)",1,-0.08
324,54,"(27, 17)",1,-0.08
324,55,"(28, 17)",1,-0.08
324,56,"(29, 17)",0,-0.08
324,57,"(29, 16)",0,-0.08
324,58,"(29, 15)",1,-0.08
324,59,"(30, 15)",1,-0.08
324,60,"(31, 15)",1,-0.08
324,61,"(32, 15)",0,-0.08
324,62,"(32, 14)",0,-0.08
324,63,"(32, 13)",1,-0.08
324,64,"(33, 13)",1,-0.08
324,65,"(34, 13)",1,-0.08
324,66,"(35, 13)",1,-0.08
324,67,"(36, 13)",1,-0.08
324,68,"(37, 13)",1,-0.08
324,69,"(38, 13)",0,-0.08
324,70,"(38, 12)",1,-0.08
324,71,"(39, 12)",0,-0.08
324,72,"(39, 11)",1,-0.08
324,73,"(40, 11)",1,-0.08
324,74,"(41, 11)",1,-0.08
324,75,"(42, 11)",1,-0.08
324,76,"(43, 11)",1,-0.08
324,77,"(44, 11)",1,-0.08
324,78,"(45, 11)",0,-0.08
324,79,"(45, 10)",0,-0.08
324,80,"(45, 9)",1,-0.08
324,81,"(46, 9)",0,-0.08
324,82,"(46, 8)",0,-0.08
324,83,"(46, 7)",1,-0.08
324,84,"(47, 7)",1,-0.08
324,85,"(48, 7)",1,-0.08
324,86,"(49, 7)",1,-0.08
324,87,"(50, 7)",1,-0.08
324,88,"(51, 7)",1,-0.08
324,89,"(52, 7)",1,-0.08
324,90,"(53, 7)",1,-0.08
324,91,"(54, 7)",1,-0.08
324,92,"(55, 7)",1,-0.08
324,93,"(56, 7)",1,-0.08
324,94,"(57, 7)",1,-0.08
324,95,"(58, 7)",1,-0.08
324,96,"(59, 7)",1,-0.08
324,97,"(60, 7)",1,-0.08
324,98,"(61, 7)",1,-0.08
324,99,"(62, 7)",1,-0.08
324,100,"(63, 7)",1,-0.08
324,101,"(64, 7)",1,-0.08
324,102,"(65, 7)",1,-0.08
324,103,"(66, 7)",1,-0.08
324,104,"(67, 7)",1,-0.08
324,105,"(68, 7)",1,-0.08
324,106,"(69, 7)",0,-0.08
324,107,"(69, 6)",1,-0.08
324,108,"(70, 6)",1,-0.08
324,109,"(71, 6)",0,-0.08
324,110,"(71, 5)",1,-0.08
324,111,"(72, 5)",1,-0.08
324,112,"(73, 5)",1,-0.08
324,113,"(74, 5)",0,-0.08
324,114,"(74, 4)",1,-0.08
324,115,"(75, 4)",0,-0.08
324,116,"(75, 3)",1,-0.08
324,117,"(76, 3)",1,-0.08
324,118,"(77, 3)",0,-0.08
324,119,"(77, 2)",0,-0.08
324,120,"(77, 1)",0,-0.08
324,121,"(77, 0)",1,-0.08
324,122,"(78, 0)",1,8.33
325,0,"(0, 39)",1,-0.08
325,1,"(1, 39)",1,-0.08
325,2,"(2, 39)",1,-0.08
325,3,"(3, 39)",0,-0.08
325,4,"(3, 38)",1,-8.33
325,5,"(3, 38)",0,-0.08
325,6,"(3, 37)",0,-0.08
325,7,"(3, 36)",1,-8.33
325,8,"(3, 36)",2,-0.08
325,9,"(3, 37)",1,-8.33
325,10,"(3, 37)",0,-0.08
325,11,"(3, 36)",0,-0.08
325,12,"(3, 35)",3,-0.08
325,13,"(2, 35)",0,-0.08
325,14,"(2, 34)",0,-0.08
325,15,"(2, 33)",1,-0.08
325,16,"(3, 33)",1,-0.08
325,17,"(4, 33)",1,-0.08
325,18,"(5, 33)",1,-0.08
325,19,"(6, 33)",1,-0.08
325,20,"(7, 33)",0,-0.08
325,21,"(7, 32)",1,-0.08
325,22,"(8, 32)",0,-0.08
325,23,"(8, 31)",0,-0.08
325,24,"(8, 30)",0,-0.08
325,25,"(8, 29)",0,-0.08
325,26,"(8, 28)",0,-0.08
325,27,"(8, 27)",1,-0.08
325,28,"(9, 27)",1,-0.08
325,29,"(10, 27)",1,-0.08
325,30,"(11, 27)",1,-0.08
325,31,"(12, 27)",0,-0.08
325,32,"(12, 26)",1,-0.08
325,33,"(13, 26)",0,-0.08
325,34,"(13, 25)",0,-0.08
325,35,"(13, 24)",1,-0.08
325,36,"(14, 24)",1,-8.33
325,37,"(14, 24)",0,-0.08
325,38,"(14, 23)",1,-0.08
325,39,"(15, 23)",1,-0.08
325,40,"(16, 23)",1,-0.08
325,41,"(17, 23)",0,-0.08
325,42,"(17, 22)",1,-0.08
325,43,"(18, 22)",1,-0.08
325,44,"(19, 22)",1,-0.08
325,45,"(20, 22)",0,-0.08
325,46,"(20, 21)",1,-0.08
325,47,"(21, 21)",0,-0.08
325,48,"(21, 20)",1,-0.08
325,49,"(22, 20)",0,-0.08
325,50,"(22, 19)",0,-8.33
325,51,"(22, 19)",1,-0.08
325,52,"(23, 19)",0,-0.08
325,53,"(23, 18)",0,-0.08
325,54,"(23, 17)",0,-0.08
325,55,"(23, 16)",0,-0.08
325,56,"(23, 15)",1,-0.08
325,57,"(24, 15)",1,-0.08
325,58,"(25, 15)",1,-0.08
325,59,"(26, 15)",1,-0.08
325,60,"(27, 15)",0,-0.08
325,61,"(27, 14)",0,-0.08
325,62,"(27, 13)",1,-0.08
325,63,"(28, 13)",1,-0.08
325,64,"(29, 13)",1,-0.08
325,65,"(30, 13)",1,-0.08
325,66,"(31, 13)",1,-0.08
325,67,"(32, 13)",1,-0.08
325,68,"(33, 13)",1,-0.08
325,69,"(34, 13)",1,-0.08
325,70,"(35, 13)",1,-0.08
325,71,"(36, 13)",1,-0.08
325,72,"(37, 13)",1,-0.08
325,73,"(38, 13)",1,-0.08
325,74,"(39, 13)",0,-0.08
325,75,"(39, 12)",0,-0.08
325,76,"(39, 11)",1,-0.08
325,77,"(40, 11)",1,-0.08
325,78,"(41, 11)",1,-0.08
325,79,"(42, 11)",1,-0.08
325,80,"(43, 11)",1,-0.08
325,81,"(44, 11)",1,-0.08
325,82,"(45, 11)",0,-0.08
325,83,"(45, 10)",1,-0.08
325,84,"(46, 10)",0,-0.08
325,85,"(46, 9)",0,-0.08
325,86,"(46, 8)",0,-0.08
325,87,"(46, 7)",1,-0.08
325,88,"(47, 7)",1,-0.08
325,89,"(48, 7)",1,-0.08
325,90,"(49, 7)",1,-0.08
325,91,"(50, 7)",1,-0.08
325,92,"(51, 7)",1,-0.08
325,93,"(52, 7)",1,-0.08
325,94,"(53, 7)",1,-0.08
325,95,"(54, 7)",1,-0.08
325,96,"(55, 7)",1,-0.08
325,97,"(56, 7)",1,-0.08
325,98,"(57, 7)",1,-0.08
325,99,"(58, 7)",1,-0.08
325,100,"(59, 7)",1,-0.08
325,101,"(60, 7)",1,-0.08
325,102,"(61, 7)",1,-0.08
325,103,"(62, 7)",1,-0.08
325,104,"(63, 7)",1,-0.08
325,105,"(64, 7)",1,-0.08
325,106,"(65, 7)",1,-0.08
325,107,"(66, 7)",1,-0.08
325,108,"(67, 7)",1,-0.08
325,109,"(68, 7)",1,-0.08
325,110,"(69, 7)",0,-0.08
325,111,"(69, 6)",1,-0.08
325,112,"(70, 6)",1,-0.08
325,113,"(71, 6)",0,-0.08
325,114,"(71, 5)",1,-0.08
325,115,"(72, 5)",1,-0.08
325,116,"(73, 5)",1,-0.08
325,117,"(74, 5)",1,-0.08
325,118,"(75, 5)",1,-0.08
325,119,"(76, 5)",1,-0.08
325,120,"(77, 5)",0,-0.08
325,121,"(77, 4)",0,-0.08
325,122,"(77, 3)",0,-0.08
325,123,"(77, 2)",0,-0.08
325,124,"(77, 1)",0,-0.08
325,125,"(77, 0)",1,-0.08
325,126,"(78, 0)",1,8.33
326,0,"(0, 39)",1,-0.08
326,1,"(1, 39)",1,-0.08
326,2,"(2, 39)",0,-8.33
326,3,"(2, 39)",1,-0.08
326,4,"(3, 39)",0,-0.08
326,5,"(3, 38)",0,-0.08
326,6,"(3, 37)",1,-8.33
326,7,"(3, 37)",0,-0.08
326,8,"(3, 36)",0,-0.08
326,9,"(3, 35)",3,-0.08
326,10,"(2, 35)",0,-0.08
326,11,"(2, 34)",0,-0.08
326,12,"(2, 33)",1,-0.08
326,13,"(3, 33)",0,-0.08
326,14,"(3, 32)",0,-0.08
326,15,"(3, 31)",0,-8.33
326,16,"(3, 31)",3,-0.08
326,17,"(2, 31)",3,-0.08
326,18,"(1, 31)",0,-0.08
326,19,"(1, 30)",0,-0.08
326,20,"(1, 29)",0,-0.08
326,21,"(1, 28)",0,-0.08
326,22,"(1, 27)",0,-0.08
326,23,"(1, 26)",0,-0.08
326,24,"(1, 25)",1,-0.08
326,25,"(2, 25)",1,-0.08
326,26,"(3, 25)",1,-0.08
326,27,"(4, 25)",1,-0.08
326,28,"(5, 25)",1,-0.08
326,29,"(6, 25)",1,-0.08
326,30,"(7, 25)",1,-0.08
326,31,"(8, 25)",1,-0.08
326,32,"(9, 25)",0,-0.08
326,33,"(9, 24)",1,-0.08
326,34,"(10, 24)",1,-0.08
326,35,"(11, 24)",1,-0.08
326,36,"(12, 24)",1,-0.08
326,37,"(13, 24)",0,-0.08
326,38,"(13, 23)",1,-0.08
326,39,"(14, 23)",1,-0.08
326,40,"(15, 23)",1,-0.08
326,41,"(16, 23)",1,-0.08
326,42,"(17, 23)",1,-0.08
326,43,"(18, 23)",0,-0.08
326,44,"(18, 22)",1,-0.08
326,45,"(19, 22)",0,-0.08
326,46,"(19, 21)",1,-0.08
326,47,"(20, 21)",0,-0.08
326,48,"(20, 20)",0,-0.08
326,49,"(20, 19)",1,-0.08
326,50,"(21, 19)",1,-0.08
326,51,"(22, 19)",1,-0.08
326,52,"(23, 19)",0,-0.08
326,53,"(23, 18)",0,-0.08
326,54,"(23, 17)",1,-0.08
326,55,"(24, 17)",1,-0.08
326,56,"(25, 17)",1,-0.08
326,57,"(26, 17)",1,-0.08
326,58,"(27, 17)",0,-0.08
326,59,"(27, 16)",1,-0.08
326,60,"(28, 16)",1,-0.08
326,61,"(29, 16)",0,-0.08
326,62,"(29, 15)",0,-0.08
326,63,"(29, 14)",0,-0.08
326,64,"(29, 13)",1,-0.08
326,65,"(30, 13)",1,-0.08
326,66,"(31, 13)",1,-0.08
326,67,"(32, 13)",1,-0.08
326,68,"(33, 13)",1,-0.08
326,69,"(34, 13)",1,-0.08
326,70,"(35, 13)",1,-0.08
326,71,"(36, 13)",1,-0.08
326,72,"(37, 13)",1,-0.08
326,73,"(38, 13)",0,-0.08
326,74,"(38, 12)",1,-0.08
326,75,"(39, 12)",0,-0.08
326,76,"(39, 11)",1,-0.08
326,77,"(40, 11)",1,-0.08
326,78,"(41, 11)",1,-0.08
326,79,"(42, 11)",1,-0.08
326,80,"(43, 11)",1,-0.08
326,81,"(44, 11)",1,-0.08
326,82,"(45, 11)",0,-0.08
326,83,"(45, 10)",0,-0.08
326,84,"(45, 9)",0,-0.08
326,85,"(45, 8)",0,-0.08
326,86,"(45, 7)",1,-0.08
326,87,"(46, 7)",1,-0.08
326,88,"(47, 7)",1,-0.08
326,89,"(48, 7)",1,-0.08
326,90,"(49, 7)",1,-0.08
326,91,"(50, 7)",1,-0.08
326,92,"(51, 7)",1,-0.08
326,93,"(52, 7)",1,-0.08
326,94,"(53, 7)",1,-0.08
326,95,"(54, 7)",1,-0.08
326,96,"(55, 7)",1,-0.08
326,97,"(56, 7)",1,-0.08
326,98,"(57, 7)",1,-0.08
326,99,"(58, 7)",1,-0.08
326,100,"(59, 7)",1,-0.08
326,101,"(60, 7)",1,-0.08
326,102,"(61, 7)",1,-0.08
326,103,"(62, 7)",1,-0.08
326,104,"(63, 7)",1,-0.08
326,105,"(64, 7)",1,-0.08
326,106,"(65, 7)",1,-0.08
326,107,"(66, 7)",1,-0.08
326,108,"(67, 7)",1,-0.08
326,109,"(68, 7)",1,-0.08
326,110,"(69, 7)",0,-0.08
326,111,"(69, 6)",1,-0.08
326,112,"(70, 6)",1,-0.08
326,113,"(71, 6)",1,-0.08
326,114,"(72, 6)",0,-0.08
326,115,"(72, 5)",1,-0.08
326,116,"(73, 5)",1,-0.08
326,117,"(74, 5)",1,-0.08
326,118,"(75, 5)",0,-0.08
326,119,"(75, 4)",0,-0.08
326,120,"(75, 3)",1,-0.08
326,121,"(76, 3)",0,-0.08
326,122,"(76, 2)",0,-0.08
326,123,"(76, 1)",0,-0.08
326,124,"(76, 0)",1,-0.08
326,125,"(77, 0)",1,-0.08
326,126,"(78, 0)",1,8.33
327,0,"(0, 39)",1,-0.08
327,1,"(1, 39)",0,-0.08
327,2,"(1, 38)",1,-8.33
327,3,"(1, 38)",0,-0.08
327,4,"(1, 37)",0,-8.33
327,5,"(1, 37)",3,-0.08
327,6,"(0, 37)",0,-0.08
327,7,"(0, 36)",0,-0.08
327,8,"(0, 35)",0,-0.08
327,9,"(0, 34)",0,-0.08
327,10,"(0, 33)",1,-0.08
327,11,"(1, 33)",0,-0.08
327,12,"(1, 32)",0,-0.08
327,13,"(1, 31)",1,-0.08
327,14,"(2, 31)",1,-0.08
327,15,"(3, 31)",0,-8.33
327,16,"(3, 31)",3,-0.08
327,17,"(2, 31)",3,-0.08
327,18,"(1, 31)",0,-0.08
327,19,"(1, 30)",0,-0.08
327,20,"(1, 29)",1,-0.08
327,21,"(2, 29)",1,-0.08
327,22,"(3, 29)",0,-0.08
327,23,"(3, 28)",0,-0.08
327,24,"(3, 27)",0,-0.08
327,25,"(3, 26)",0,-0.08
327,26,"(3, 25)",1,-0.08
327,27,"(4, 25)",1,-0.08
327,28,"(5, 25)",1,-0.08
327,29,"(6, 25)",1,-0.08
327,30,"(7, 25)",1,-0.08
327,31,"(8, 25)",1,-0.08
327,32,"(9, 25)",1,-0.08
327,33,"(10, 25)",1,-0.08
327,34,"(11, 25)",1,-0.08
327,35,"(12, 25)",0,-0.08
327,36,"(12, 24)",1,-0.08
327,37,"(13, 24)",1,-0.08
327,38,"(14, 24)",0,-0.08
327,39,"(14, 23)",1,-0.08
327,40,"(15, 23)",1,-0.08
327,41,"(16, 23)",1,-0.08
327,42,"(17, 23)",1,-0.08
327,43,"(18, 23)",1,-0.08
327,44,"(19, 23)",1,-0.08
327,45,"(20, 23)",1,-0.08
327,46,"(21, 23)",1,-0.08
327,47,"(22, 23)",1,-0.08
327,48,"(23, 23)",1,-0.08
327,49,"(24, 23)",1,-0.08
327,50,"(25, 23)",0,-0.08
327,51,"(25, 22)",0,-0.08
327,52,"(25, 21)",1,-0.08
327,53,"(26, 21)",1,-0.08
327,54,"(27, 21)",1,-0.08
327,55,"(28, 21)",0,-0.08
327,56,"(28, 20)",0,-0.08
327,57,"(28, 19)",1,-0.08
327,58,"(29, 19)",1,-0.08
327,59,"(30, 19)",1,-0.08
327,60,"(31, 19)",1,-0.08
327,61,"(32, 19)",0,-0.08
327,62,"(32, 18)",0,-0.08
327,63,"(32, 17)",0,-0.08
327,64,"(32, 16)",0,-0.08
327,65,"(32, 15)",1,-0.08
327,66,"(33, 15)",1,-0.08
327,67,"(34, 15)",0,-0.08
327,68,"(34, 14)",0,-0.08
327,69,"(34, 13)",1,-0.08
327,70,"(35, 13)",0,-0.08
327,71,"(35, 12)",1,-0.08
327,72,"(36, 12)",1,-0.08
327,73,"(37, 12)",1,-0.08
327,74,"(38, 12)",1,-0.08
327,75,"(39, 12)",0,-0.08
327,76,"(39, 11)",1,-0.08
327,77,"(40, 11)",1,-0.08
327,78,"(41, 11)",1,-0.08
327,79,"(42, 11)",1,-0.08
327,80,"(43, 11)",1,-0.08
327,81,"(44, 11)",1,-0.08
327,82,"(45, 11)",0,-0.08
327,83,"(45, 10)",0,-0.08
327,84,"(45, 9)",0,-0.08
327,85,"(45, 8)",1,-0.08
327,86,"(46, 8)",0,-0.08
327,87,"(46, 7)",1,-0.08
327,88,"(47, 7)",1,-0.08
327,89,"(48, 7)",1,-0.08
327,90,"(49, 7)",1,-0.08
327,91,"(50, 7)",1,-0.08
327,92,"(51, 7)",1,-0.08
327,93,"(52, 7)",1,-0.08
327,94,"(53, 7)",1,-0.08
327,95,"(54, 7)",1,-0.08
327,96,"(55, 7)",1,-0.08
327,97,"(56, 7)",1,-0.08
327,98,"(57, 7)",1,-0.08
327,99,"(58, 7)",1,-0.08
327,100,"(59, 7)",1,-0.08
327,101,"(60, 7)",1,-0.08
327,102,"(61, 7)",1,-0.08
327,103,"(62, 7)",1,-0.08
327,104,"(63, 7)",1,-0.08
327,105,"(64, 7)",1,-0.08
327,106,"(65, 7)",1,-0.08
327,107,"(66, 7)",1,-0.08
327,108,"(67, 7)",1,-0.08
327,109,"(68, 7)",1,-0.08
327,110,"(69, 7)",0,-0.08
327,111,"(69, 6)",1,-0.08
327,112,"(70, 6)",1,-0.08
327,113,"(71, 6)",0,-0.08
327,114,"(71, 5)",1,-0.08
327,115,"(72, 5)",1,-0.08
327,116,"(73, 5)",1,-0.08
327,117,"(74, 5)",0,-0.08
327,118,"(74, 4)",0,-0.08
327,119,"(74, 3)",1,-0.08
327,120,"(75, 3)",1,-0.08
327,121,"(76, 3)",1,-0.08
327,122,"(77, 3)",0,-0.08
327,123,"(77, 2)",0,-0.08
327,124,"(77, 1)",0,-0.08
327,125,"(77, 0)",1,-0.08
327,126,"(78, 0)",1,8.33
328,0,"(0, 39)",1,-0.08
328,1,"(1, 39)",1,-0.08
328,2,"(2, 39)",0,-8.33
328,3,"(2, 39)",1,-0.08
328,4,"(3, 39)",1,-0.08
328,5,"(4, 39)",1,-0.08
328,6,"(5, 39)",0,-8.33
328,7,"(5, 39)",1,-0.08
328,8,"(6, 39)",1,-0.08
328,9,"(7, 39)",0,-0.08
328,10,"(7, 38)",0,-0.08
328,11,"(7, 37)",0,-0.08
328,12,"(7, 36)",0,-0.08
328,13,"(7, 35)",0,-0.08
328,14,"(7, 34)",0,-0.08
328,15,"(7, 33)",1,-0.08
328,16,"(8, 33)",1,-0.08
328,17,"(9, 33)",0,-0.08
328,18,"(9, 32)",0,-0.08
328,19,"(9, 31)",0,-0.08
328,20,"(9, 30)",1,-0.08
328,21,"(10, 30)",0,-0.08
328,22,"(10, 29)",0,-0.08
328,23,"(10, 28)",0,-0.08
328,24,"(10, 27)",1,-0.08
328,25,"(11, 27)",1,-0.08
328,26,"(12, 27)",1,-0.08
328,27,"(13, 27)",0,-0.08
328,28,"(13, 26)",0,-0.08
328,29,"(13, 25)",1,-0.08
328,30,"(14, 25)",0,-0.08
328,31,"(14, 24)",0,-0.08
328,32,"(14, 23)",1,-0.08
328,33,"(15, 23)",1,-0.08
328,34,"(16, 23)",0,-0.08
328,35,"(16, 22)",1,-0.08
328,36,"(17, 22)",1,-0.08
328,37,"(18, 22)",1,-0.08
328,38,"(19, 22)",1,-0.08
328,39,"(20, 22)",1,-0.08
328,40,"(21, 22)",0,-0.08
328,41,"(21, 21)",0,-0.08
328,42,"(21, 20)",0,-0.08
328,43,"(21, 19)",1,-0.08
328,44,"(22, 19)",1,-0.08
328,45,"(23, 19)",0,-0.08
328,46,"(23, 18)",0,-0.08
328,47,"(23, 17)",0,-0.08
328,48,"(23, 16)",0,-0.08
328,49,"(23, 15)",1,-0.08
328,50,"(24, 15)",1,-0.08
328,51,"(25, 15)",1,-0.08
328,52,"(26, 15)",1,-0.08
328,53,"(27, 15)",1,-0.08
328,54,"(28, 15)",1,-0.08
328,55,"(29, 15)",1,-0.08
328,56,"(30, 15)",1,-0.08
328,57,"(31, 15)",1,-0.08
328,58,"(32, 15)",0,-0.08
328,59,"(32, 14)",0,-0.08
328,60,"(32, 13)",1,-0.08
328,61,"(33, 13)",1,-0.08
328,62,"(34, 13)",1,-0.08
328,63,"(35, 13)",1,-0.08
328,64,"(36, 13)",1,-0.08
328,65,"(37, 13)",0,-0.08
328,66,"(37, 12)",1,-0.08
328,67,"(38, 12)",1,-0.08
328,68,"(39, 12)",0,-0.08
328,69,"(39, 11)",1,-0.08
328,70,"(40, 11)",1,-0.08
328,71,"(41, 11)",1,-0.08
328,72,"(42, 11)",1,-0.08
328,73,"(43, 11)",1,-0.08
328,74,"(44, 11)",1,-0.08
328,75,"(45, 11)",0,-0.08
328,76,"(45, 10)",1,-0.08
328,77,"(46, 10)",0,-0.08
328,78,"(46, 9)",0,-0.08
328,79,"(46, 8)",0,-0.08
328,80,"(46, 7)",1,-0.08
328,81,"(47, 7)",1,-0.08
328,82,"(48, 7)",1,-0.08
328,83,"(49, 7)",1,-0.08
328,84,"(50, 7)",1,-0.08
328,85,"(51, 7)",1,-0.08
328,86,"(52, 7)",1,-0.08
328,87,"(53, 7)",1,-0.08
328,88,"(54, 7)",1,-0.08
328,89,"(55, 7)",1,-0.08
328,90,"(56, 7)",1,-0.08
328,91,"(57, 7)",1,-0.08
328,92,"(58, 7)",1,-0.08
328,93,"(59, 7)",1,-0.08
328,94,"(60, 7)",1,-0.08
328,95,"(61, 7)",1,-0.08
328,96,"(62, 7)",1,-0.08
328,97,"(63, 7)",1,-0.08
328,98,"(64, 7)",1,-0.08
328,99,"(65, 7)",1,-0.08
328,100,"(66, 7)",1,-0.08
328,101,"(67, 7)",1,-0.08
328,102,"(68, 7)",1,-0.08
328,103,"(69, 7)",0,-0.08
328,104,"(69, 6)",1,-0.08
328,105,"(70, 6)",1,-0.08
328,106,"(71, 6)",0,-0.08
328,107,"(71, 5)",1,-0.08
328,108,"(72, 5)",1,-0.08
328,109,"(73, 5)",1,-0.08
328,110,"(74, 5)",1,-0.08
328,111,"(75, 5)",0,-0.08
328,112,"(75, 4)",0,-0.08
328,113,"(75, 3)",1,-0.08
328,114,"(76, 3)",0,-0.08
328,115,"(76, 2)",1,-0.08
328,116,"(77, 2)",0,-0.08
328,117,"(77, 1)",0,-0.08
328,118,"(77, 0)",1,-0.08
328,119,"(78, 0)",1,8.33
329,0,"(0, 39)",0,-0.08
329,1,"(0, 38)",1,-0.08
329,2,"(1, 38)",0,-0.08
329,3,"(1, 37)",0,-8.33
329,4,"(1, 37)",3,-0.08
329,5,"(0, 37)",0,-0.08
329,6,"(0, 36)",0,-0.08
329,7,"(0, 35)",1,-0.08
329,8,"(1, 35)",1,-0.08
329,9,"(2, 35)",0,-0.08
329,10,"(2, 34)",0,-0.08
329,11,"(2, 33)",0,-0.08
329,12,"(2, 32)",0,-0.08
329,13,"(2, 31)",1,-0.08
329,14,"(3, 31)",0,-8.33
329,15,"(3, 31)",0,-8.33
329,16,"(3, 31)",2,-0.08
329,17,"(3, 32)",2,-0.08
329,18,"(3, 33)",1,-0.08
329,19,"(4, 33)",1,-0.08
329,20,"(5, 33)",0,-0.08
329,21,"(5, 32)",0,-0.08
329,22,"(5, 31)",1,-0.08
329,23,"(6, 31)",1,-0.08
329,24,"(7, 31)",1,-0.08
329,25,"(8, 31)",0,-0.08
329,26,"(8, 30)",0,-0.08
329,27,"(8, 29)",0,-0.08
329,28,"(8, 28)",0,-0.08
329,29,"(8, 27)",1,-0.08
329,30,"(9, 27)",1,-0.08
329,31,"(10, 27)",1,-0.08
329,32,"(11, 27)",1,-0.08
329,33,"(12, 27)",1,-0.08
329,34,"(13, 27)",0,-0.08
329,35,"(13, 26)",0,-0.08
329,36,"(13, 25)",1,-0.08
329,37,"(14, 25)",0,-0.08
329,38,"(14, 24)",0,-0.08
329,39,"(14, 23)",1,-0.08
329,40,"(15, 23)",1,-0.08
329,41,"(16, 23)",1,-0.08
329,42,"(17, 23)",0,-0.08
329,43,"(17, 22)",1,-0.08
329,44,"(18, 22)",1,-0.08
329,45,"(19, 22)",0,-0.08
329,46,"(19, 21)",0,-0.08
329,47,"(19, 20)",1,-0.08
329,48,"(20, 20)",1,-0.08
329,49,"(21, 20)",1,-0.08
329,50,"(22, 20)",1,-0.08
329,51,"(23, 20)",0,-0.08
329,52,"(23, 19)",0,-0.08
329,53,"(23, 18)",0,-0.08
329,54,"(23, 17)",1,-0.08
329,55,"(24, 17)",1,-0.08
329,56,"(25, 17)",1,-0.08
329,57,"(26, 17)",1,-0.08
329,58,"(27, 17)",0,-0.08
329,59,"(27, 16)",1,-0.08
329,60,"(28, 16)",0,-0.08
329,61,"(28, 15)",1,-0.08
329,62,"(29, 15)",0,-0.08
329,63,"(29, 14)",0,-0.08
329,64,"(29, 13)",1,-0.08
329,65,"(30, 13)",1,-0.08
329,66,"(31, 13)",1,-0.08
329,67,"(32, 13)",1,-0.08
329,68,"(33, 13)",1,-0.08
329,69,"(34, 13)",1,-0.08
329,70,"(35, 13)",1,-0.08
329,71,"(36, 13)",0,-0.08
329,72,"(36, 12)",1,-0.08
329,73,"(37, 12)",1,-0.08
329,74,"(38, 12)",1,-0.08
329,75,"(39, 12)",0,-0.08
329,76,"(39, 11)",1,-0.08
329,77,"(40, 11)",1,-0.08
329,78,"(41, 11)",1,-0.08
329,79,"(42, 11)",1,-0.08
329,80,"(43, 11)",1,-0.08
329,81,"(44, 11)",1,-0.08
329,82,"(45, 11)",0,-0.08
329,83,"(45, 10)",1,-0.08
329,84,"(46, 10)",1,-0.08
329,85,"(47, 10)",1,-0.08
329,86,"(48, 10)",1,-0.08
329,87,"(49, 10)",1,-0.08
329,88,"(50, 10)",0,-0.08
329,89,"(50, 9)",1,-0.08
329,90,"(51, 9)",1,-0.08
329,91,"(52, 9)",1,-0.08
329,92,"(53, 9)",1,-0.08
329,93,"(54, 9)",1,-0.08
329,94,"(55, 9)",1,-0.08
329,95,"(56, 9)",1,-0.08
329,96,"(57, 9)",1,-0.08
329,97,"(58, 9)",0,-0.08
329,98,"(58, 8)",0,-0.08
329,99,"(58, 7)",1,-0.08
329,100,"(59, 7)",1,-0.08
329,101,"(60, 7)",1,-0.08
329,102,"(61, 7)",1,-0.08
329,103,"(62, 7)",1,-0.08
329,104,"(63, 7)",1,-0.08
329,105,"(64, 7)",1,-0.08
329,106,"(65, 7)",1,-0.08
329,107,"(66, 7)",1,-0.08
329,108,"(67, 7)",1,-0.08
329,109,"(68, 7)",1,-0.08
329,110,"(69, 7)",0,-0.08
329,111,"(69, 6)",1,-0.08
329,112,"(70, 6)",1,-0.08
329,113,"(71, 6)",1,-0.08
329,114,"(72, 6)",1,-0.08
329,115,"(73, 6)",1,-0.08
329,116,"(74, 6)",0,-0.08
329,117,"(74, 5)",0,-0.08
329,118,"(74, 4)",0,-0.08
329,119,"(74, 3)",1,-0.08
329,120,"(75, 3)",1,-0.08
329,121,"(76, 3)",1,-0.08
329,122,"(77, 3)",0,-0.08
329,123,"(77, 2)",0,-0.08
329,124,"(77, 1)",1,-0.08
329,125,"(78, 1)",0,-0.08
329,126,"(78, 0)",1,8.33
330,0,"(0, 39)",1,-0.08
330,1,"(1, 39)",0,-0.08
330,2,"(1, 38)",1,-8.33
330,3,"(1, 38)",0,-0.08
330,4,"(1, 37)",0,-8.33
330,5,"(1, 37)",3,-0.08
330,6,"(0, 37)",0,-0.08
330,7,"(0, 36)",0,-0.08
330,8,"(0, 35)",0,-0.08
330,9,"(0, 34)",0,-0.08
330,10,"(0, 33)",1,-0.08
330,11,"(1, 33)",0,-0.08
330,12,"(1, 32)",1,-0.08
330,13,"(2, 32)",1,-0.08
330,14,"(3, 32)",0,-0.08
330,15,"(3, 31)",0,-8.33
330,16,"(3, 31)",0,-8.33
330,17,"(3, 31)",2,-0.08
330,18,"(3, 32)",2,-0.08
330,19,"(3, 33)",1,-0.08
330,20,"(4, 33)",1,-0.08
330,21,"(5, 33)",0,-0.08
330,22,"(5, 32)",0,-0.08
330,23,"(5, 31)",0,-0.08
330,24,"(5, 30)",0,-0.08
330,25,"(5, 29)",1,-0.08
330,26,"(6, 29)",1,-0.08
330,27,"(7, 29)",1,-0.08
330,28,"(8, 29)",0,-0.08
330,29,"(8, 28)",0,-0.08
330,30,"(8, 27)",1,-0.08
330,31,"(9, 27)",1,-0.08
330,32,"(10, 27)",1,-0.08
330,33,"(11, 27)",1,-0.08
330,34,"(12, 27)",0,-0.08
330,35,"(12, 26)",1,-0.08
330,36,"(13, 26)",0,-0.08
330,37,"(13, 25)",0,-0.08
330,38,"(13, 24)",0,-0.08
330,39,"(13, 23)",1,-0.08
330,40,"(14, 23)",1,-0.08
330,41,"(15, 23)",1,-0.08
330,42,"(16, 23)",1,-0.08
330,43,"(17, 23)",0,-0.08
330,44,"(17, 22)",1,-0.08
330,45,"(18, 22)",1,-0.08
330,46,"(19, 22)",0,-0.08
330,47,"(19, 21)",0,-0.08
330,48,"(19, 20)",1,-0.08
330,49,"(20, 20)",1,-0.08
330,50,"(21, 20)",0,-0.08
330,51,"(21, 19)",1,-0.08
330,52,"(22, 19)",1,-0.08
330,53,"(23, 19)",0,-0.08
330,54,"(23, 18)",0,-0.08
330,55,"(23, 17)",1,-0.08
330,56,"(24, 17)",1,-0.08
330,57,"(25, 17)",1,-0.08
330,58,"(26, 17)",1,-0.08
330,59,"(27, 17)",0,-0.08
330,60,"(27, 16)",0,-0.08
330,61,"(27, 15)",1,-0.08
330,62,"(28, 15)",1,-0.08
330,63,"(29, 15)",1,-0.08
330,64,"(30, 15)",1,-0.08
330,65,"(31, 15)",1,-0.08
330,66,"(32, 15)",1,-0.08
330,67,"(33, 15)",1,-0.08
330,68,"(34, 15)",0,-0.08
330,69,"(34, 14)",0,-0.08
330,70,"(34, 13)",1,-0.08
330,71,"(35, 13)",1,-0.08
330,72,"(36, 13)",0,-0.08
330,73,"(36, 12)",1,-0.08
330,74,"(37, 12)",1,-0.08
330,75,"(38, 12)",1,-0.08
330,76,"(39, 12)",0,-0.08
330,77,"(39, 11)",1,-0.08
330,78,"(40, 11)",1,-0.08
330,79,"(41, 11)",1,-0.08
330,80,"(42, 11)",1,-0.08
330,81,"(43, 11)",1,-0.08
330,82,"(44, 11)",1,-0.08
330,83,"(45, 11)",0,-0.08
330,84,"(45, 10)",0,-0.08
330,85,"(45, 9)",1,-0.08
330,86,"(46, 9)",0,-0.08
330,87,"(46, 8)",0,-0.08
330,88,"(46, 7)",1,-0.08
330,89,"(47, 7)",1,-0.08
330,90,"(48, 7)",1,-0.08
330,91,"(49, 7)",1,-0.08
330,92,"(50, 7)",1,-0.08
330,93,"(51, 7)",1,-0.08
330,94,"(52, 7)",1,-0.08
330,95,"(53, 7)",1,-0.08
330,96,"(54, 7)",1,-0.08
330,97,"(55, 7)",1,-0.08
330,98,"(56, 7)",1,-0.08
330,99,"(57, 7)",1,-0.08
330,100,"(58, 7)",1,-0.08
330,101,"(59, 7)",1,-0.08
330,102,"(60, 7)",1,-0.08
330,103,"(61, 7)",1,-0.08
330,104,"(62, 7)",1,-0.08
330,105,"(63, 7)",1,-0.08
330,106,"(64, 7)",1,-0.08
330,107,"(65, 7)",1,-0.08
330,108,"(66, 7)",1,-0.08
330,109,"(67, 7)",1,-0.08
330,110,"(68, 7)",1,-0.08
330,111,"(69, 7)",0,-0.08
330,112,"(69, 6)",1,-0.08
330,113,"(70, 6)",1,-0.08
330,114,"(71, 6)",1,-0.08
330,115,"(72, 6)",1,-0.08
330,116,"(73, 6)",1,-0.08
330,117,"(74, 6)",0,-0.08
330,118,"(74, 5)",1,-0.08
330,119,"(75, 5)",1,-0.08
330,120,"(76, 5)",1,-0.08
330,121,"(77, 5)",0,-0.08
330,122,"(77, 4)",0,-0.08
330,123,"(77, 3)",0,-0.08
330,124,"(77, 2)",0,-0.08
330,125,"(77, 1)",0,-0.08
330,126,"(77, 0)",1,-0.08
330,127,"(78, 0)",1,8.33
331,0,"(0, 39)",1,-0.08
331,1,"(1, 39)",0,-0.08
331,2,"(1, 38)",0,-0.08
331,3,"(1, 37)",1,-8.33
331,4,"(1, 37)",0,-8.33
331,5,"(1, 37)",3,-0.08
331,6,"(0, 37)",0,-0.08
331,7,"(0, 36)",0,-0.08
331,8,"(0, 35)",0,-0.08
331,9,"(0, 34)",1,-0.08
331,10,"(1, 34)",1,-0.08
331,11,"(2, 34)",0,-0.08
331,12,"(2, 33)",1,-0.08
331,13,"(3, 33)",0,-0.08
331,14,"(3, 32)",0,-0.08
331,15,"(3, 31)",0,-8.33
331,16,"(3, 31)",2,-0.08
331,17,"(3, 32)",2,-0.08
331,18,"(3, 33)",1,-0.08
331,19,"(4, 33)",1,-0.08
331,20,"(5, 33)",0,-0.08
331,21,"(5, 32)",0,-0.08
331,22,"(5, 31)",0,-0.08
331,23,"(5, 30)",0,-0.08
331,24,"(5, 29)",1,-0.08
331,25,"(6, 29)",1,-0.08
331,26,"(7, 29)",1,-0.08
331,27,"(8, 29)",0,-0.08
331,28,"(8, 28)",0,-0.08
331,29,"(8, 27)",1,-0.08
331,30,"(9, 27)",1,-0.08
331,31,"(10, 27)",1,-0.08
331,32,"(11, 27)",1,-0.08
331,33,"(12, 27)",0,-0.08
331,34,"(12, 26)",1,-0.08
331,35,"(13, 26)",0,-0.08
331,36,"(13, 25)",0,-0.08
331,37,"(13, 24)",1,-0.08
331,38,"(14, 24)",0,-0.08
331,39,"(14, 23)",1,-0.08
331,40,"(15, 23)",1,-0.08
331,41,"(16, 23)",1,-0.08
331,42,"(17, 23)",0,-0.08
331,43,"(17, 22)",1,-0.08
331,44,"(18, 22)",1,-0.08
331,45,"(19, 22)",1,-0.08
331,46,"(20, 22)",0,-0.08
331,47,"(20, 21)",0,-0.08
331,48,"(20, 20)",1,-0.08
331,49,"(21, 20)",1,-0.08
331,50,"(22, 20)",0,-0.08
331,51,"(22, 19)",1,-0.08
331,52,"(23, 19)",0,-0.08
331,53,"(23, 18)",0,-0.08
331,54,"(23, 17)",0,-0.08
331,55,"(23, 16)",0,-0.08
331,56,"(23, 15)",1,-0.08
331,57,"(24, 15)",1,-0.08
331,58,"(25, 15)",1,-0.08
331,59,"(26, 15)",1,-0.08
331,60,"(27, 15)",0,-0.08
331,61,"(27, 14)",0,-0.08
331,62,"(27, 13)",1,-0.08
331,63,"(28, 13)",1,-0.08
331,64,"(29, 13)",1,-0.08
331,65,"(30, 13)",1,-0.08
331,66,"(31, 13)",1,-0.08
331,67,"(32, 13)",1,-0.08
331,68,"(33, 13)",1,-0.08
331,69,"(34, 13)",1,-0.08
331,70,"(35, 13)",0,-0.08
331,71,"(35, 12)",1,-0.08
331,72,"(36, 12)",1,-0.08
331,73,"(37, 12)",1,-0.08
331,74,"(38, 12)",1,-0.08
331,75,"(39, 12)",0,-0.08
331,76,"(39, 11)",1,-0.08
331,77,"(40, 11)",1,-0.08
331,78,"(41, 11)",1,-0.08
331,79,"(42, 11)",1,-0.08
331,80,"(43, 11)",1,-0.08
331,81,"(44, 11)",1,-0.08
331,82,"(45, 11)",0,-0.08
331,83,"(45, 10)",1,-0.08
331,84,"(46, 10)",1,-0.08
331,85,"(47, 10)",1,-0.08
331,86,"(48, 10)",1,-0.08
331,87,"(49, 10)",0,-0.08
331,88,"(49, 9)",1,-0.08
331,89,"(50, 9)",1,-0.08
331,90,"(51, 9)",1,-0.08
331,91,"(52, 9)",1,-0.08
331,92,"(53, 9)",1,-0.08
331,93,"(54, 9)",1,-0.08
331,94,"(55, 9)",1,-0.08
331,95,"(56, 9)",1,-0.08
331,96,"(57, 9)",1,-0.08
331,97,"(58, 9)",0,-0.08
331,98,"(58, 8)",0,-0.08
331,99,"(58, 7)",1,-0.08
331,100,"(59, 7)",1,-0.08
331,101,"(60, 7)",1,-0.08
331,102,"(61, 7)",1,-0.08
331,103,"(62, 7)",1,-0.08
331,104,"(63, 7)",1,-0.08
331,105,"(64, 7)",1,-0.08
331,106,"(65, 7)",1,-0.08
331,107,"(66, 7)",1,-0.08
331,108,"(67, 7)",1,-0.08
331,109,"(68, 7)",1,-0.08
331,110,"(69, 7)",0,-0.08
331,111,"(69, 6)",1,-0.08
331,112,"(70, 6)",1,-0.08
331,113,"(71, 6)",1,-0.08
331,114,"(72, 6)",0,-0.08
331,115,"(72, 5)",1,-0.08
331,116,"(73, 5)",1,-0.08
331,117,"(74, 5)",1,-0.08
331,118,"(75, 5)",0,-0.08
331,119,"(75, 4)",0,-0.08
331,120,"(75, 3)",1,-0.08
331,121,"(76, 3)",0,-0.08
331,122,"(76, 2)",1,-0.08
331,123,"(77, 2)",0,-0.08
331,124,"(77, 1)",1,-0.08
331,125,"(78, 1)",1,-0.08
331,126,"(79, 1)",0,8.33
332,0,"(0, 39)",1,-0.08
332,1,"(1, 39)",0,-0.08
332,2,"(1, 38)",1,-8.33
332,3,"(1, 38)",0,-0.08
332,4,"(1, 37)",0,-8.33
332,5,"(1, 37)",3,-0.08
332,6,"(0, 37)",0,-0.08
332,7,"(0, 36)",0,-0.08
332,8,"(0, 35)",1,-0.08
332,9,"(1, 35)",0,-0.08
332,10,"(1, 34)",1,-0.08
332,11,"(2, 34)",0,-0.08
332,12,"(2, 33)",1,-0.08
332,13,"(3, 33)",1,-0.08
332,14,"(4, 33)",1,-0.08
332,15,"(5, 33)",1,-0.08
332,16,"(6, 33)",1,-0.08
332,17,"(7, 33)",0,-0.08
332,18,"(7, 32)",0,-0.08
332,19,"(7, 31)",1,-0.08
332,20,"(8, 31)",0,-0.08
332,21,"(8, 30)",0,-0.08
332,22,"(8, 29)",0,-0.08
332,23,"(8, 28)",0,-0.08
332,24,"(8, 27)",1,-0.08
332,25,"(9, 27)",1,-0.08
332,26,"(10, 27)",1,-0.08
332,27,"(11, 27)",1,-0.08
332,28,"(12, 27)",0,-0.08
332,29,"(12, 26)",0,-0.08
332,30,"(12, 25)",0,-0.08
332,31,"(12, 24)",1,-0.08
332,32,"(13, 24)",1,-0.08
332,33,"(14, 24)",0,-0.08
332,34,"(14, 23)",1,-0.08
332,35,"(15, 23)",1,-0.08
332,36,"(16, 23)",0,-0.08
332,37,"(16, 22)",1,-0.08
332,38,"(17, 22)",1,-0.08
332,39,"(18, 22)",1,-0.08
332,40,"(19, 22)",1,-0.08
332,41,"(20, 22)",1,-0.08
332,42,"(21, 22)",0,-0.08
332,43,"(21, 21)",0,-0.08
332,44,"(21, 20)",0,-0.08
332,45,"(21, 19)",1,-0.08
332,46,"(22, 19)",0,-8.33
332,47,"(22, 19)",1,-0.08
332,48,"(23, 19)",0,-0.08
332,49,"(23, 18)",0,-0.08
332,50,"(23, 17)",1,-0.08
332,51,"(24, 17)",1,-0.08
332,52,"(25, 17)",1,-0.08
332,53,"(26, 17)",1,-0.08
332,54,"(27, 17)",1,-0.08
332,55,"(28, 17)",1,-0.08
332,56,"(29, 17)",1,-0.08
332,57,"(30, 17)",1,-0.08
332,58,"(31, 17)",1,-0.08
332,59,"(32, 17)",1,-0.08
332,60,"(33, 17)",1,-0.08
332,61,"(34, 17)",1,-0.08
332,62,"(35, 17)",0,-0.08
332,63,"(35, 16)",0,-0.08
332,64,"(35, 15)",0,-0.08
332,65,"(35, 14)",0,-0.08
332,66,"(35, 13)",1,-0.08
332,67,"(36, 13)",0,-0.08
332,68,"(36, 12)",1,-0.08
332,69,"(37, 12)",1,-0.08
332,70,"(38, 12)",1,-0.08
332,71,"(39, 12)",0,-0.08
332,72,"(39, 11)",1,-0.08
332,73,"(40, 11)",1,-0.08
332,74,"(41, 11)",1,-0.08
332,75,"(42, 11)",1,-0.08
332,76,"(43, 11)",1,-0.08
332,77,"(44, 11)",1,-0.08
332,78,"(45, 11)",0,-0.08
332,79,"(45, 10)",0,-0.08
332,80,"(45, 9)",1,-0.08
332,81,"(46, 9)",0,-0.08
332,82,"(46, 8)",0,-0.08
332,83,"(46, 7)",1,-0.08
332,84,"(47, 7)",1,-0.08
332,85,"(48, 7)",1,-0.08
332,86,"(49, 7)",1,-0.08
332,87,"(50, 7)",1,-0.08
332,88,"(51, 7)",1,-0.08
332,89,"(52, 7)",1,-0.08
332,90,"(53, 7)",1,-0.08
332,91,"(54, 7)",1,-0.08
332,92,"(55, 7)",1,-0.08
332,93,"(56, 7)",1,-0.08
332,94,"(57, 7)",1,-0.08
332,95,"(58, 7)",1,-0.08
332,96,"(59, 7)",1,-0.08
332,97,"(60, 7)",1,-0.08
332,98,"(61, 7)",1,-0.08
332,99,"(62, 7)",1,-0.08
332,100,"(63, 7)",1,-0.08
332,101,"(64, 7)",1,-0.08
332,102,"(65, 7)",1,-0.08
332,103,"(66, 7)",1,-0.08
332,104,"(67, 7)",1,-0.08
332,105,"(68, 7)",1,-0.08
332,106,"(69, 7)",0,-0.08
332,107,"(69, 6)",1,-0.08
332,108,"(70, 6)",1,-0.08
332,109,"(71, 6)",0,-0.08
332,110,"(71, 5)",1,-0.08
332,111,"(72, 5)",1,-0.08
332,112,"(73, 5)",1,-0.08
332,113,"(74, 5)",1,-0.08
332,114,"(75, 5)",0,-0.08
332,115,"(75, 4)",0,-0.08
332,116,"(75, 3)",1,-0.08
332,117,"(76, 3)",1,-0.08
332,118,"(77, 3)",0,-0.08
332,119,"(77, 2)",0,-0.08
332,120,"(77, 1)",1,-0.08
332,121,"(78, 1)",1,-0.08
332,122,"(79, 1)",0,8.33
333,0,"(0, 39)",1,-0.08
333,1,"(1, 39)",0,-0.08
333,2,"(1, 38)",0,-0.08
333,3,"(1, 37)",1,-8.33
333,4,"(1, 37)",0,-8.33
333,5,"(1, 37)",3,-0.08
333,6,"(0, 37)",0,-0.08
333,7,"(0, 36)",0,-0.08
333,8,"(0, 35)",1,-0.08
333,9,"(1, 35)",0,-0.08
333,10,"(1, 34)",1,-0.08
333,11,"(2, 34)",0,-0.08
333,12,"(2, 33)",1,-0.08
333,13,"(3, 33)",0,-0.08
333,14,"(3, 32)",0,-0.08
333,15,"(3, 31)",0,-8.33
333,16,"(3, 31)",3,-0.08
333,17,"(2, 31)",3,-0.08
333,18,"(1, 31)",0,-0.08
333,19,"(1, 30)",0,-0.08
333,20,"(1, 29)",0,-0.08
333,21,"(1, 28)",0,-0.08
333,22,"(1, 27)",0,-0.08
333,23,"(1, 26)",1,-0.08
333,24,"(2, 26)",1,-0.08
333,25,"(3, 26)",0,-0.08
333,26,"(3, 25)",1,-0.08
333,27,"(4, 25)",1,-0.08
333,28,"(5, 25)",1,-0.08
333,29,"(6, 25)",1,-0.08
333,30,"(7, 25)",1,-0.08
333,31,"(8, 25)",1,-0.08
333,32,"(9, 25)",0,-0.08
333,33,"(9, 24)",1,-0.08
333,34,"(10, 24)",1,-0.08
333,35,"(11, 24)",1,-0.08
333,36,"(12, 24)",1,-0.08
333,37,"(13, 24)",1,-0.08
333,38,"(14, 24)",0,-0.08
333,39,"(14, 23)",1,-0.08
333,40,"(15, 23)",1,-0.08
333,41,"(16, 23)",0,-0.08
333,42,"(16, 22)",1,-0.08
333,43,"(17, 22)",1,-0.08
333,44,"(18, 22)",1,-0.08
333,45,"(19, 22)",1,-0.08
333,46,"(20, 22)",1,-0.08
333,47,"(21, 22)",0,-0.08
333,48,"(21, 21)",0,-0.08
333,49,"(21, 20)",1,-0.08
333,50,"(22, 20)",0,-0.08
333,51,"(22, 19)",1,-0.08
333,52,"(23, 19)",0,-0.08
333,53,"(23, 18)",0,-0.08
333,54,"(23, 17)",1,-0.08
333,55,"(24, 17)",1,-0.08
333,56,"(25, 17)",1,-0.08
333,57,"(26, 17)",1,-0.08
333,58,"(27, 17)",0,-0.08
333,59,"(27, 16)",0,-0.08
333,60,"(27, 15)",0,-0.08
333,61,"(27, 14)",0,-0.08
333,62,"(27, 13)",1,-0.08
333,63,"(28, 13)",1,-0.08
333,64,"(29, 13)",1,-0.08
333,65,"(30, 13)",1,-0.08
333,66,"(31, 13)",1,-0.08
333,67,"(32, 13)",1,-0.08
333,68,"(33, 13)",1,-0.08
333,69,"(34, 13)",1,-0.08
333,70,"(35, 13)",1,-0.08
333,71,"(36, 13)",0,-0.08
333,72,"(36, 12)",1,-0.08
333,73,"(37, 12)",1,-0.08
333,74,"(38, 12)",1,-0.08
333,75,"(39, 12)",0,-0.08
333,76,"(39, 11)",1,-0.08
333,77,"(40, 11)",1,-0.08
333,78,"(41, 11)",1,-0.08
333,79,"(42, 11)",1,-0.08
333,80,"(43, 11)",1,-0.08
333,81,"(44, 11)",1,-0.08
333,82,"(45, 11)",0,-0.08
333,83,"(45, 10)",1,-0.08
333,84,"(46, 10)",0,-0.08
333,85,"(46, 9)",0,-0.08
333,86,"(46, 8)",0,-0.08
333,87,"(46, 7)",1,-0.08
333,88,"(47, 7)",1,-0.08
333,89,"(48, 7)",1,-0.08
333,90,"(49, 7)",1,-0.08
333,91,"(50, 7)",1,-0.08
333,92,"(51, 7)",1,-0.08
333,93,"(52, 7)",1,-0.08
333,94,"(53, 7)",1,-0.08
333,95,"(54, 7)",1,-0.08
333,96,"(55, 7)",1,-0.08
333,97,"(56, 7)",1,-0.08
333,98,"(57, 7)",1,-0.08
333,99,"(58, 7)",1,-0.08
333,100,"(59, 7)",1,-0.08
333,101,"(60, 7)",1,-0.08
333,102,"(61, 7)",1,-0.08
333,103,"(62, 7)",1,-0.08
333,104,"(63, 7)",1,-0.08
333,105,"(64, 7)",1,-0.08
333,106,"(65, 7)",1,-0.08
333,107,"(66, 7)",1,-0.08
333,108,"(67, 7)",1,-0.08
333,109,"(68, 7)",1,-0.08
333,110,"(69, 7)",0,-0.08
333,111,"(69, 6)",1,-0.08
333,112,"(70, 6)",1,-0.08
333,113,"(71, 6)",0,-0.08
333,114,"(71, 5)",1,-0.08
333,115,"(72, 5)",1,-0.08
333,116,"(73, 5)",1,-0.08
333,117,"(74, 5)",0,-0.08
333,118,"(74, 4)",0,-0.08
333,119,"(74, 3)",1,-0.08
333,120,"(75, 3)",1,-0.08
333,121,"(76, 3)",1,-0.08
333,122,"(77, 3)",0,-0.08
333,123,"(77, 2)",0,-0.08
333,124,"(77, 1)",0,-0.08
333,125,"(77, 0)",1,-0.08
333,126,"(78, 0)",1,8.33
334,0,"(0, 39)",0,-0.08
334,1,"(0, 38)",1,-0.08
334,2,"(1, 38)",1,-8.33
334,3,"(1, 38)",0,-0.08
334,4,"(1, 37)",0,-8.33
334,5,"(1, 37)",3,-0.08
334,6,"(0, 37)",0,-0.08
334,7,"(0, 36)",0,-0.08
334,8,"(0, 35)",1,-0.08
334,9,"(1, 35)",0,-0.08
334,10,"(1, 34)",0,-0.08
334,11,"(1, 33)",0,-0.08
334,12,"(1, 32)",0,-0.08
334,13,"(1, 31)",0,-0.08
334,14,"(1, 30)",0,-0.08
334,15,"(1, 29)",0,-0.08
334,16,"(1, 28)",0,-0.08
334,17,"(1, 27)",0,-0.08
334,18,"(1, 26)",0,-0.08
334,19,"(1, 25)",1,-0.08
334,20,"(2, 25)",1,-0.08
334,21,"(3, 25)",1,-0.08
334,22,"(4, 25)",1,-0.08
334,23,"(5, 25)",1,-0.08
334,24,"(6, 25)",1,-0.08
334,25,"(7, 25)",1,-0.08
334,26,"(8, 25)",1,-0.08
334,27,"(9, 25)",0,-0.08
334,28,"(9, 24)",1,-0.08
334,29,"(10, 24)",1,-0.08
334,30,"(11, 24)",1,-0.08
334,31,"(12, 24)",1,-0.08
334,32,"(13, 24)",0,-0.08
334,33,"(13, 23)",1,-0.08
334,34,"(14, 23)",1,-0.08
334,35,"(15, 23)",1,-0.08
334,36,"(16, 23)",1,-0.08
334,37,"(17, 23)",1,-0.08
334,38,"(18, 23)",1,-0.08
334,39,"(19, 23)",0,-0.08
334,40,"(19, 22)",0,-0.08
334,41,"(19, 21)",1,-0.08
334,42,"(20, 21)",0,-0.08
334,43,"(20, 20)",0,-0.08
334,44,"(20, 19)",1,-0.08
334,45,"(21, 19)",0,-0.08
334,46,"(21, 18)",1,-8.33
334,47,"(21, 18)",2,-0.08
334,48,"(21, 19)",1,-0.08
334,49,"(22, 19)",1,-0.08
334,50,"(23, 19)",0,-0.08
334,51,"(23, 18)",0,-0.08
334,52,"(23, 17)",0,-0.08
334,53,"(23, 16)",0,-0.08
334,54,"(23, 15)",1,-0.08
334,55,"(24, 15)",1,-0.08
334,56,"(25, 15)",1,-0.08
334,57,"(26, 15)",1,-0.08
334,58,"(27, 15)",1,-0.08
334,59,"(28, 15)",1,-0.08
334,60,"(29, 15)",1,-0.08
334,61,"(30, 15)",1,-0.08
334,62,"(31, 15)",1,-0.08
334,63,"(32, 15)",0,-0.08
334,64,"(32, 14)",0,-0.08
334,65,"(32, 13)",1,-0.08
334,66,"(33, 13)",1,-0.08
334,67,"(34, 13)",1,-0.08
334,68,"(35, 13)",1,-0.08
334,69,"(36, 13)",0,-0.08
334,70,"(36, 12)",1,-0.08
334,71,"(37, 12)",1,-0.08
334,72,"(38, 12)",1,-0.08
334,73,"(39, 12)",0,-0.08
334,74,"(39, 11)",1,-0.08
334,75,"(40, 11)",1,-0.08
334,76,"(41, 11)",1,-0.08
334,77,"(42, 11)",1,-0.08
334,78,"(43, 11)",1,-0.08
334,79,"(44, 11)",1,-0.08
334,80,"(45, 11)",0,-0.08
334,81,"(45, 10)",0,-0.08
334,82,"(45, 9)",0,-0.08
334,83,"(45, 8)",0,-0.08
334,84,"(45, 7)",1,-0.08
334,85,"(46, 7)",1,-0.08
334,86,"(47, 7)",1,-0.08
334,87,"(48, 7)",1,-0.08
334,88,"(49, 7)",1,-0.08
334,89,"(50, 7)",1,-0.08
334,90,"(51, 7)",1,-0.08
334,91,"(52, 7)",1,-0.08
334,92,"(53, 7)",1,-0.08
334,93,"(54, 7)",1,-0.08
334,94,"(55, 7)",1,-0.08
334,95,"(56, 7)",1,-0.08
334,96,"(57, 7)",1,-0.08
334,97,"(58, 7)",1,-0.08
334,98,"(59, 7)",1,-0.08
334,99,"(60, 7)",1,-0.08
334,100,"(61, 7)",1,-0.08
334,101,"(62, 7)",1,-0.08
334,102,"(63, 7)",1,-0.08
334,103,"(64, 7)",1,-0.08
334,104,"(65, 7)",1,-0.08
334,105,"(66, 7)",1,-0.08
334,106,"(67, 7)",1,-0.08
334,107,"(68, 7)",1,-0.08
334,108,"(69, 7)",0,-0.08
334,109,"(69, 6)",1,-0.08
334,110,"(70, 6)",1,-0.08
334,111,"(71, 6)",0,-0.08
334,112,"(71, 5)",1,-0.08
334,113,"(72, 5)",1,-0.08
334,114,"(73, 5)",1,-0.08
334,115,"(74, 5)",1,-0.08
334,116,"(75, 5)",0,-0.08
334,117,"(75, 4)",0,-0.08
334,118,"(75, 3)",1,-0.08
334,119,"(76, 3)",0,-0.08
334,120,"(76, 2)",1,-0.08
334,121,"(77, 2)",0,-0.08
334,122,"(77, 1)",0,-0.08
334,123,"(77, 0)",1,-0.08
334,124,"(78, 0)",1,8.33
335,0,"(0, 39)",1,-0.08
335,1,"(1, 39)",0,-0.08
335,2,"(1, 38)",1,-8.33
335,3,"(1, 38)",0,-0.08
335,4,"(1, 37)",0,-8.33
335,5,"(1, 37)",3,-0.08
335,6,"(0, 37)",0,-0.08
335,7,"(0, 36)",0,-0.08
335,8,"(0, 35)",1,-0.08
335,9,"(1, 35)",1,-0.08
335,10,"(2, 35)",0,-0.08
335,11,"(2, 34)",0,-0.08
335,12,"(2, 33)",1,-0.08
335,13,"(3, 33)",1,-0.08
335,14,"(4, 33)",1,-0.08
335,15,"(5, 33)",0,-0.08
335,16,"(5, 32)",0,-0.08
335,17,"(5, 31)",0,-0.08
335,18,"(5, 30)",0,-0.08
335,19,"(5, 29)",0,-8.33
335,20,"(5, 29)",1,-0.08
335,21,"(6, 29)",1,-0.08
335,22,"(7, 29)",0,-0.08
335,23,"(7, 28)",0,-0.08
335,24,"(7, 27)",1,-0.08
335,25,"(8, 27)",1,-0.08
335,26,"(9, 27)",1,-0.08
335,27,"(10, 27)",1,-0.08
335,28,"(11, 27)",1,-0.08
335,29,"(12, 27)",0,-0.08
335,30,"(12, 26)",1,-0.08
335,31,"(13, 26)",0,-0.08
335,32,"(13, 25)",0,-0.08
335,33,"(13, 24)",0,-0.08
335,34,"(13, 23)",1,-0.08
335,35,"(14, 23)",1,-0.08
335,36,"(15, 23)",1,-0.08
335,37,"(16, 23)",1,-0.08
335,38,"(17, 23)",0,-0.08
335,39,"(17, 22)",1,-0.08
335,40,"(18, 22)",1,-0.08
335,41,"(19, 22)",1,-0.08
335,42,"(20, 22)",1,-0.08
335,43,"(21, 22)",0,-0.08
335,44,"(21, 21)",0,-0.08
335,45,"(21, 20)",1,-0.08
335,46,"(22, 20)",0,-0.08
335,47,"(22, 19)",1,-0.08
335,48,"(23, 19)",0,-0.08
335,49,"(23, 18)",0,-0.08
335,50,"(23, 17)",1,-0.08
335,51,"(24, 17)",1,-0.08
335,52,"(25, 17)",1,-0.08
335,53,"(26, 17)",1,-0.08
335,54,"(27, 17)",1,-0.08
335,55,"(28, 17)",1,-0.08
335,56,"(29, 17)",0,-0.08
335,57,"(29, 16)",0,-0.08
335,58,"(29, 15)",0,-0.08
335,59,"(29, 14)",0,-0.08
335,60,"(29, 13)",1,-0.08
335,61,"(30, 13)",1,-0.08
335,62,"(31, 13)",1,-0.08
335,63,"(32, 13)",1,-0.08
335,64,"(33, 13)",1,-0.08
335,65,"(34, 13)",1,-0.08
335,66,"(35, 13)",0,-0.08
335,67,"(35, 12)",1,-0.08
335,68,"(36, 12)",1,-0.08
335,69,"(37, 12)",1,-0.08
335,70,"(38, 12)",1,-0.08
335,71,"(39, 12)",0,-0.08
335,72,"(39, 11)",1,-0.08
335,73,"(40, 11)",1,-0.08
335,74,"(41, 11)",1,-0.08
335,75,"(42, 11)",1,-0.08
335,76,"(43, 11)",1,-0.08
335,77,"(44, 11)",1,-0.08
335,78,"(45, 11)",0,-0.08
335,79,"(45, 10)",0,-0.08
335,80,"(45, 9)",0,-0.08
335,81,"(45, 8)",0,-0.08
335,82,"(45, 7)",1,-0.08
335,83,"(46, 7)",1,-0.08
335,84,"(47, 7)",1,-0.08
335,85,"(48, 7)",1,-0.08
335,86,"(49, 7)",1,-0.08
335,87,"(50, 7)",1,-0.08
335,88,"(51, 7)",1,-0.08
335,89,"(52, 7)",1,-0.08
335,90,"(53, 7)",1,-0.08
335,91,"(54, 7)",1,-0.08
335,92,"(55, 7)",1,-0.08
335,93,"(56, 7)",1,-0.08
335,94,"(57, 7)",1,-0.08
335,95,"(58, 7)",1,-0.08
335,96,"(59, 7)",1,-0.08
335,97,"(60, 7)",1,-0.08
335,98,"(61, 7)",1,-0.08
335,99,"(62, 7)",1,-0.08
335,100,"(63, 7)",1,-0.08
335,101,"(64, 7)",1,-0.08
335,102,"(65, 7)",1,-0.08
335,103,"(66, 7)",1,-0.08
335,104,"(67, 7)",1,-0.08
335,105,"(68, 7)",1,-0.08
335,106,"(69, 7)",1,-0.08
335,107,"(70, 7)",0,-0.08
335,108,"(70, 6)",1,-0.08
335,109,"(71, 6)",0,-0.08
335,110,"(71, 5)",1,-0.08
335,111,"(72, 5)",1,-0.08
335,112,"(73, 5)",1,-0.08
335,113,"(74, 5)",1,-0.08
335,114,"(75, 5)",1,-0.08
335,115,"(76, 5)",1,-0.08
335,116,"(77, 5)",0,-0.08
335,117,"(77, 4)",0,-0.08
335,118,"(77, 3)",0,-0.08
335,119,"(77, 2)",0,-0.08
335,120,"(77, 1)",0,-0.08
335,121,"(77, 0)",1,-0.08
335,122,"(78, 0)",1,8.33
336,0,"(0, 39)",1,-0.08
336,1,"(1, 39)",1,-0.08
336,2,"(2, 39)",1,-0.08
336,3,"(3, 39)",0,-0.08
336,4,"(3, 38)",1,-8.33
336,5,"(3, 38)",0,-0.08
336,6,"(3, 37)",0,-0.08
336,7,"(3, 36)",0,-0.08
336,8,"(3, 35)",1,-8.33
336,9,"(3, 35)",3,-0.08
336,10,"(2, 35)",0,-0.08
336,11,"(2, 34)",0,-0.08
336,12,"(2, 33)",0,-0.08
336,13,"(2, 32)",1,-0.08
336,14,"(3, 32)",0,-0.08
336,15,"(3, 31)",0,-8.33
336,16,"(3, 31)",0,-8.33
336,17,"(3, 31)",2,-0.08
336,18,"(3, 32)",2,-0.08
336,19,"(3, 33)",1,-0.08
336,20,"(4, 33)",1,-0.08
336,21,"(5, 33)",1,-0.08
336,22,"(6, 33)",1,-0.08
336,23,"(7, 33)",1,-0.08
336,24,"(8, 33)",0,-0.08
336,25,"(8, 32)",0,-0.08
336,26,"(8, 31)",1,-0.08
336,27,"(9, 31)",0,-0.08
336,28,"(9, 30)",1,-0.08
336,29,"(10, 30)",0,-0.08
336,30,"(10, 29)",0,-0.08
336,31,"(10, 28)",0,-0.08
336,32,"(10, 27)",1,-0.08
336,33,"(11, 27)",1,-0.08
336,34,"(12, 27)",1,-0.08
336,35,"(13, 27)",0,-0.08
336,36,"(13, 26)",0,-0.08
336,37,"(13, 25)",1,-0.08
336,38,"(14, 25)",0,-0.08
336,39,"(14, 24)",0,-0.08
336,40,"(14, 23)",1,-0.08
336,41,"(15, 23)",1,-0.08
336,42,"(16, 23)",0,-0.08
336,43,"(16, 22)",1,-0.08
336,44,"(17, 22)",1,-0.08
336,45,"(18, 22)",1,-0.08
336,46,"(19, 22)",0,-0.08
336,47,"(19, 21)",1,-0.08
336,48,"(20, 21)",1,-0.08
336,49,"(21, 21)",0,-0.08
336,50,"(21, 20)",0,-0.08
336,51,"(21, 19)",1,-0.08
336,52,"(22, 19)",1,-0.08
336,53,"(23, 19)",0,-0.08
336,54,"(23, 18)",0,-0.08
336,55,"(23, 17)",0,-0.08
336,56,"(23, 16)",0,-0.08
336,57,"(23, 15)",1,-0.08
336,58,"(24, 15)",1,-0.08
336,59,"(25, 15)",1,-0.08
336,60,"(26, 15)",1,-0.08
336,61,"(27, 15)",1,-0.08
336,62,"(28, 15)",1,-0.08
336,63,"(29, 15)",1,-0.08
336,64,"(30, 15)",1,-0.08
336,65,"(31, 15)",1,-0.08
336,66,"(32, 15)",0,-0.08
336,67,"(32, 14)",0,-0.08
336,68,"(32, 13)",1,-0.08
336,69,"(33, 13)",1,-0.08
336,70,"(34, 13)",1,-0.08
336,71,"(35, 13)",1,-0.08
336,72,"(36, 13)",0,-0.08
336,73,"(36, 12)",1,-0.08
336,74,"(37, 12)",1,-0.08
336,75,"(38, 12)",1,-0.08
336,76,"(39, 12)",0,-0.08
336,77,"(39, 11)",1,-0.08
336,78,"(40, 11)",1,-0.08
336,79,"(41, 11)",1,-0.08
336,80,"(42, 11)",1,-0.08
336,81,"(43, 11)",1,-0.08
336,82,"(44, 11)",1,-0.08
336,83,"(45, 11)",0,-0.08
336,84,"(45, 10)",1,-0.08
336,85,"(46, 10)",1,-0.08
336,86,"(47, 10)",1,-0.08
336,87,"(48, 10)",1,-0.08
336,88,"(49, 10)",0,-0.08
336,89,"(49, 9)",1,-0.08
336,90,"(50, 9)",1,-0.08
336,91,"(51, 9)",1,-0.08
336,92,"(52, 9)",1,-0.08
336,93,"(53, 9)",1,-0.08
336,94,"(54, 9)",1,-0.08
336,95,"(55, 9)",1,-0.08
336,96,"(56, 9)",1,-0.08
336,97,"(57, 9)",0,-0.08
336,98,"(57, 8)",0,-0.08
336,99,"(57, 7)",1,-0.08
336,100,"(58, 7)",1,-0.08
336,101,"(59, 7)",1,-0.08
336,102,"(60, 7)",1,-0.08
336,103,"(61, 7)",1,-0.08
336,104,"(62, 7)",1,-0.08
336,105,"(63, 7)",1,-0.08
336,106,"(64, 7)",1,-0.08
336,107,"(65, 7)",1,-0.08
336,108,"(66, 7)",1,-0.08
336,109,"(67, 7)",1,-0.08
336,110,"(68, 7)",1,-0.08
336,111,"(69, 7)",1,-0.08
336,112,"(70, 7)",0,-0.08
336,113,"(70, 6)",1,-0.08
336,114,"(71, 6)",1,-0.08
336,115,"(72, 6)",0,-0.08
336,116,"(72, 5)",1,-0.08
336,117,"(73, 5)",1,-0.08
336,118,"(74, 5)",1,-0.08
336,119,"(75, 5)",0,-0.08
336,120,"(75, 4)",0,-0.08
336,121,"(75, 3)",1,-0.08
336,122,"(76, 3)",1,-0.08
336,123,"(77, 3)",0,-0.08
336,124,"(77, 2)",0,-0.08
336,125,"(77, 1)",1,-0.08
336,126,"(78, 1)",1,-0.08
336,127,"(79, 1)",0,8.33
337,0,"(0, 39)",0,-0.08
337,1,"(0, 38)",0,-0.08
337,2,"(0, 37)",0,-0.08
337,3,"(0, 36)",0,-0.08
337,4,"(0, 35)",0,-0.08
337,5,"(0, 34)",0,-0.08
337,6,"(0, 33)",0,-8.33
337,7,"(0, 33)",1,-0.08
337,8,"(1, 33)",0,-0.08
337,9,"(1, 32)",0,-0.08
337,10,"(1, 31)",0,-0.08
337,11,"(1, 30)",1,-8.33
337,12,"(1, 30)",0,-0.08
337,13,"(1, 29)",0,-0.08
337,14,"(1, 28)",0,-0.08
337,15,"(1, 27)",0,-0.08
337,16,"(1, 26)",0,-0.08
337,17,"(1, 25)",1,-0.08
337,18,"(2, 25)",1,-0.08
337,19,"(3, 25)",0,-0.08
337,20,"(3, 24)",1,-0.08
337,21,"(4, 24)",1,-0.08
337,22,"(5, 24)",0,-0.08
337,23,"(5, 23)",0,-0.08
337,24,"(5, 22)",1,-0.08
337,25,"(6, 22)",1,-0.08
337,26,"(7, 22)",0,-0.08
337,27,"(7, 21)",1,-0.08
337,28,"(8, 21)",1,-0.08
337,29,"(9, 21)",1,-0.08
337,30,"(10, 21)",0,-8.33
337,31,"(10, 21)",1,-0.08
337,32,"(11, 21)",1,-0.08
337,33,"(12, 21)",1,-0.08
337,34,"(13, 21)",1,-0.08
337,35,"(14, 21)",1,-0.08
337,36,"(15, 21)",1,-0.08
337,37,"(16, 21)",1,-0.08
337,38,"(17, 21)",2,-0.08
337,39,"(17, 22)",1,-0.08
337,40,"(18, 22)",1,-0.08
337,41,"(19, 22)",1,-0.08
337,42,"(20, 22)",1,-0.08
337,43,"(21, 22)",0,-0.08
337,44,"(21, 21)",0,-0.08
337,45,"(21, 20)",1,-0.08
337,46,"(22, 20)",1,-0.08
337,47,"(23, 20)",0,-0.08
337,48,"(23, 19)",0,-0.08
337,49,"(23, 18)",0,-0.08
337,50,"(23, 17)",0,-0.08
337,51,"(23, 16)",0,-0.08
337,52,"(23, 15)",1,-0.08
337,53,"(24, 15)",1,-0.08
337,54,"(25, 15)",1,-0.08
337,55,"(26, 15)",1,-0.08
337,56,"(27, 15)",1,-0.08
337,57,"(28, 15)",1,-0.08
337,58,"(29, 15)",0,-0.08
337,59,"(29, 14)",0,-0.08
337,60,"(29, 13)",1,-0.08
337,61,"(30, 13)",1,-0.08
337,62,"(31, 13)",1,-0.08
337,63,"(32, 13)",1,-0.08
337,64,"(33, 13)",1,-0.08
337,65,"(34, 13)",1,-0.08
337,66,"(35, 13)",1,-0.08
337,67,"(36, 13)",0,-0.08
337,68,"(36, 12)",1,-0.08
337,69,"(37, 12)",1,-0.08
337,70,"(38, 12)",1,-0.08
337,71,"(39, 12)",0,-0.08
337,72,"(39, 11)",1,-0.08
337,73,"(40, 11)",1,-0.08
337,74,"(41, 11)",1,-0.08
337,75,"(42, 11)",1,-0.08
337,76,"(43, 11)",1,-0.08
337,77,"(44, 11)",1,-0.08
337,78,"(45, 11)",0,-0.08
337,79,"(45, 10)",0,-0.08
337,80,"(45, 9)",1,-0.08
337,81,"(46, 9)",0,-0.08
337,82,"(46, 8)",0,-0.08
337,83,"(46, 7)",1,-0.08
337,84,"(47, 7)",1,-0.08
337,85,"(48, 7)",1,-0.08
337,86,"(49, 7)",1,-0.08
337,87,"(50, 7)",1,-0.08
337,88,"(51, 7)",1,-0.08
337,89,"(52, 7)",1,-0.08
337,90,"(53, 7)",1,-0.08
337,91,"(54, 7)",1,-0.08
337,92,"(55, 7)",1,-0.08
337,93,"(56, 7)",1,-0.08
337,94,"(57, 7)",1,-0.08
337,95,"(58, 7)",1,-0.08
337,96,"(59, 7)",1,-0.08
337,97,"(60, 7)",1,-0.08
337,98,"(61, 7)",1,-0.08
337,99,"(62, 7)",1,-0.08
337,100,"(63, 7)",1,-0.08
337,101,"(64, 7)",1,-0.08
337,102,"(65, 7)",1,-0.08
337,103,"(66, 7)",1,-0.08
337,104,"(67, 7)",1,-0.08
337,105,"(68, 7)",1,-0.08
337,106,"(69, 7)",1,-0.08
337,107,"(70, 7)",0,-0.08
337,108,"(70, 6)",1,-0.08
337,109,"(71, 6)",0,-0.08
337,110,"(71, 5)",1,-0.08
337,111,"(72, 5)",1,-0.08
337,112,"(73, 5)",1,-0.08
337,113,"(74, 5)",1,-0.08
337,114,"(75, 5)",1,-0.08
337,115,"(76, 5)",1,-0.08
337,116,"(77, 5)",0,-0.08
337,117,"(77, 4)",0,-0.08
337,118,"(77, 3)",0,-0.08
337,119,"(77, 2)",0,-0.08
337,120,"(77, 1)",1,-0.08
337,121,"(78, 1)",1,-0.08
337,122,"(79, 1)",0,8.33
338,0,"(0, 39)",1,-0.08
338,1,"(1, 39)",0,-0.08
338,2,"(1, 38)",0,-0.08
338,3,"(1, 37)",0,-8.33
338,4,"(1, 37)",3,-0.08
338,5,"(0, 37)",0,-0.08
338,6,"(0, 36)",0,-0.08
338,7,"(0, 35)",0,-0.08
338,8,"(0, 34)",1,-0.08
338,9,"(1, 34)",1,-0.08
338,10,"(2, 34)",0,-0.08
338,11,"(2, 33)",1,-0.08
338,12,"(3, 33)",0,-0.08
338,13,"(3, 32)",0,-0.08
338,14,"(3, 31)",0,-8.33
338,15,"(3, 31)",2,-0.08
338,16,"(3, 32)",2,-0.08
338,17,"(3, 33)",1,-0.08
338,18,"(4, 33)",1,-0.08
338,19,"(5, 33)",0,-0.08
338,20,"(5, 32)",0,-0.08
338,21,"(5, 31)",1,-0.08
338,22,"(6, 31)",1,-0.08
338,23,"(7, 31)",1,-0.08
338,24,"(8, 31)",1,-0.08
338,25,"(9, 31)",0,-0.08
338,26,"(9, 30)",0,-0.08
338,27,"(9, 29)",1,-0.08
338,28,"(10, 29)",0,-0.08
338,29,"(10, 28)",0,-0.08
338,30,"(10, 27)",1,-0.08
338,31,"(11, 27)",1,-0.08
338,32,"(12, 27)",1,-0.08
338,33,"(13, 27)",1,-0.08
338,34,"(14, 27)",1,-0.08
338,35,"(15, 27)",1,-0.08
338,36,"(16, 27)",0,-0.08
338,37,"(16, 26)",1,-0.08
338,38,"(17, 26)",0,-0.08
338,39,"(17, 25)",0,-0.08
338,40,"(17, 24)",0,-0.08
338,41,"(17, 23)",0,-0.08
338,42,"(17, 22)",1,-0.08
338,43,"(18, 22)",1,-0.08
338,44,"(19, 22)",0,-0.08
338,45,"(19, 21)",0,-0.08
338,46,"(19, 20)",0,-0.08
338,47,"(19, 19)",1,-0.08
338,48,"(20, 19)",1,-0.08
338,49,"(21, 19)",1,-0.08
338,50,"(22, 19)",1,-0.08
338,51,"(23, 19)",0,-0.08
338,52,"(23, 18)",0,-0.08
338,53,"(23, 17)",1,-0.08
338,54,"(24, 17)",1,-0.08
338,55,"(25, 17)",1,-0.08
338,56,"(26, 17)",1,-0.08
338,57,"(27, 17)",1,-0.08
338,58,"(28, 17)",1,-0.08
338,59,"(29, 17)",0,-0.08
338,60,"(29, 16)",0,-0.08
338,61,"(29, 15)",0,-0.08
338,62,"(29, 14)",0,-0.08
338,63,"(29, 13)",1,-0.08
338,64,"(30, 13)",1,-0.08
338,65,"(31, 13)",1,-0.08
338,66,"(32, 13)",1,-0.08
338,67,"(33, 13)",1,-0.08
338,68,"(34, 13)",1,-0.08
338,69,"(35, 13)",0,-0.08
338,70,"(35, 12)",1,-0.08
338,71,"(36, 12)",1,-0.08
338,72,"(37, 12)",1,-0.08
338,73,"(38, 12)",1,-0.08
338,74,"(39, 12)",0,-0.08
338,75,"(39, 11)",1,-0.08
338,76,"(40, 11)",1,-0.08
338,77,"(41, 11)",1,-0.08
338,78,"(42, 11)",1,-0.08
338,79,"(43, 11)",1,-0.08
338,80,"(44, 11)",1,-0.08
338,81,"(45, 11)",0,-0.08
338,82,"(45, 10)",0,-0.08
338,83,"(45, 9)",1,-0.08
338,84,"(46, 9)",0,-0.08
338,85,"(46, 8)",0,-0.08
338,86,"(46, 7)",1,-0.08
338,87,"(47, 7)",1,-0.08
338,88,"(48, 7)",1,-0.08
338,89,"(49, 7)",1,-0.08
338,90,"(50, 7)",1,-0.08
338,91,"(51, 7)",1,-0.08
338,92,"(52, 7)",1,-0.08
338,93,"(53, 7)",1,-0.08
338,94,"(54, 7)",1,-0.08
338,95,"(55, 7)",1,-0.08
338,96,"(56, 7)",1,-0.08
338,97,"(57, 7)",1,-0.08
338,98,"(58, 7)",1,-0.08
338,99,"(59, 7)",1,-0.08
338,100,"(60, 7)",1,-0.08
338,101,"(61, 7)",1,-0.08
338,102,"(62, 7)",1,-0.08
338,103,"(63, 7)",1,-0.08
338,104,"(64, 7)",1,-0.08
338,105,"(65, 7)",1,-0.08
338,106,"(66, 7)",1,-0.08
338,107,"(67, 7)",1,-0.08
338,108,"(68, 7)",1,-0.08
338,109,"(69, 7)",1,-0.08
338,110,"(70, 7)",0,-0.08
338,111,"(70, 6)",1,-0.08
338,112,"(71, 6)",0,-0.08
338,113,"(71, 5)",1,-0.08
338,114,"(72, 5)",1,-0.08
338,115,"(73, 5)",1,-0.08
338,116,"(74, 5)",0,-0.08
338,117,"(74, 4)",1,-0.08
338,118,"(75, 4)",0,-0.08
338,119,"(75, 3)",1,-0.08
338,120,"(76, 3)",0,-0.08
338,121,"(76, 2)",0,-0.08
338,122,"(76, 1)",0,-0.08
338,123,"(76, 0)",1,-0.08
338,124,"(77, 0)",1,-0.08
338,125,"(78, 0)",1,8.33
339,0,"(0, 39)",1,-0.08
339,1,"(1, 39)",0,-0.08
339,2,"(1, 38)",0,-0.08
339,3,"(1, 37)",0,-8.33
339,4,"(1, 37)",3,-0.08
339,5,"(0, 37)",0,-0.08
339,6,"(0, 36)",0,-0.08
339,7,"(0, 35)",0,-0.08
339,8,"(0, 34)",1,-0.08
339,9,"(1, 34)",0,-0.08
339,10,"(1, 33)",1,-0.08
339,11,"(2, 33)",0,-0.08
339,12,"(2, 32)",0,-0.08
339,13,"(2, 31)",1,-0.08
339,14,"(3, 31)",0,-8.33
339,15,"(3, 31)",0,-8.33
339,16,"(3, 31)",2,-0.08
339,17,"(3, 32)",2,-0.08
339,18,"(3, 33)",1,-0.08
339,19,"(4, 33)",1,-0.08
339,20,"(5, 33)",1,-0.08
339,21,"(6, 33)",1,-0.08
339,22,"(7, 33)",1,-0.08
339,23,"(8, 33)",1,-0.08
339,24,"(9, 33)",0,-0.08
339,25,"(9, 32)",0,-0.08
339,26,"(9, 31)",0,-0.08
339,27,"(9, 30)",0,-0.08
339,28,"(9, 29)",1,-0.08
339,29,"(10, 29)",0,-0.08
339,30,"(10, 28)",0,-0.08
339,31,"(10, 27)",1,-0.08
339,32,"(11, 27)",1,-0.08
339,33,"(12, 27)",1,-0.08
339,34,"(13, 27)",1,-0.08
339,35,"(14, 27)",1,-0.08
339,36,"(15, 27)",1,-0.08
339,37,"(16, 27)",1,-0.08
339,38,"(17, 27)",1,-0.08
339,39,"(18, 27)",1,-0.08
339,40,"(19, 27)",0,-0.08
339,41,"(19, 26)",0,-0.08
339,42,"(19, 25)",1,-0.08
339,43,"(20, 25)",1,-0.08
339,44,"(21, 25)",1,-0.08
339,45,"(22, 25)",0,-0.08
339,46,"(22, 24)",1,-0.08
339,47,"(23, 24)",0,-0.08
339,48,"(23, 23)",1,-0.08
339,49,"(24, 23)",1,-0.08
339,50,"(25, 23)",0,-0.08
339,51,"(25, 22)",0,-0.08
339,52,"(25, 21)",0,-0.08
339,53,"(25, 20)",0,-0.08
339,54,"(25, 19)",1,-0.08
339,55,"(26, 19)",1,-0.08
339,56,"(27, 19)",0,-0.08
339,57,"(27, 18)",0,-0.08
339,58,"(27, 17)",1,-0.08
339,59,"(28, 17)",1,-0.08
339,60,"(29, 17)",1,-0.08
339,61,"(30, 17)",1,-0.08
339,62,"(31, 17)",0,-0.08
339,63,"(31, 16)",0,-0.08
339,64,"(31, 15)",1,-0.08
339,65,"(32, 15)",1,-0.08
339,66,"(33, 15)",1,-0.08
339,67,"(34, 15)",1,-0.08
339,68,"(35, 15)",0,-0.08
339,69,"(35, 14)",0,-0.08
339,70,"(35, 13)",1,-0.08
339,71,"(36, 13)",0,-0.08
339,72,"(36, 12)",1,-0.08
339,73,"(37, 12)",1,-0.08
339,74,"(38, 12)",1,-0.08
339,75,"(39, 12)",0,-0.08
339,76,"(39, 11)",1,-0.08
339,77,"(40, 11)",1,-0.08
339,78,"(41, 11)",1,-0.08
339,79,"(42, 11)",1,-0.08
339,80,"(43, 11)",1,-0.08
339,81,"(44, 11)",1,-0.08
339,82,"(45, 11)",0,-0.08
339,83,"(45, 10)",0,-0.08
339,84,"(45, 9)",0,-0.08
339,85,"(45, 8)",1,-0.08
339,86,"(46, 8)",0,-0.08
339,87,"(46, 7)",1,-0.08
339,88,"(47, 7)",1,-0.08
339,89,"(48, 7)",1,-0.08
339,90,"(49, 7)",1,-0.08
339,91,"(50, 7)",1,-0.08
339,92,"(51, 7)",1,-0.08
339,93,"(52, 7)",1,-0.08
339,94,"(53, 7)",1,-0.08
339,95,"(54, 7)",1,-0.08
339,96,"(55, 7)",1,-0.08
339,97,"(56, 7)",1,-0.08
339,98,"(57, 7)",1,-0.08
339,99,"(58, 7)",1,-0.08
339,100,"(59, 7)",1,-0.08
339,101,"(60, 7)",1,-0.08
339,102,"(61, 7)",1,-0.08
339,103,"(62, 7)",1,-0.08
339,104,"(63, 7)",1,-0.08
339,105,"(64, 7)",1,-0.08
339,106,"(65, 7)",1,-0.08
339,107,"(66, 7)",1,-0.08
339,108,"(67, 7)",1,-0.08
339,109,"(68, 7)",1,-0.08
339,110,"(69, 7)",1,-0.08
339,111,"(70, 7)",1,-0.08
339,112,"(71, 7)",0,-0.08
339,113,"(71, 6)",0,-0.08
339,114,"(71, 5)",1,-0.08
339,115,"(72, 5)",1,-0.08
339,116,"(73, 5)",1,-0.08
339,117,"(74, 5)",0,-0.08
339,118,"(74, 4)",1,-0.08
339,119,"(75, 4)",0,-0.08
339,120,"(75, 3)",1,-0.08
339,121,"(76, 3)",0,-0.08
339,122,"(76, 2)",0,-0.08
339,123,"(76, 1)",1,-0.08
339,124,"(77, 1)",1,-0.08
339,125,"(78, 1)",1,-0.08
339,126,"(79, 1)",0,8.33
340,0,"(0, 39)",1,-0.08
340,1,"(1, 39)",0,-0.08
340,2,"(1, 38)",0,-0.08
340,3,"(1, 37)",0,-8.33
340,4,"(1, 37)",3,-0.08
340,5,"(0, 37)",0,-0.08
340,6,"(0, 36)",0,-0.08
340,7,"(0, 35)",0,-0.08
340,8,"(0, 34)",1,-0.08
340,9,"(1, 34)",1,-0.08
340,10,"(2, 34)",0,-0.08
340,11,"(2, 33)",1,-0.08
340,12,"(3, 33)",1,-0.08
340,13,"(4, 33)",1,-0.08
340,14,"(5, 33)",0,-0.08
340,15,"(5, 32)",0,-0.08
340,16,"(5, 31)",0,-0.08
340,17,"(5, 30)",0,-0.08
340,18,"(5, 29)",0,-8.33
340,19,"(5, 29)",1,-0.08
340,20,"(6, 29)",1,-0.08
340,21,"(7, 29)",0,-0.08
340,22,"(7, 28)",0,-0.08
340,23,"(7, 27)",1,-0.08
340,24,"(8, 27)",1,-0.08
340,25,"(9, 27)",1,-0.08
340,26,"(10, 27)",1,-0.08
340,27,"(11, 27)",1,-0.08
340,28,"(12, 27)",0,-0.08
340,29,"(12, 26)",1,-0.08
340,30,"(13, 26)",0,-0.08
340,31,"(13, 25)",1,-0.08
340,32,"(14, 25)",1,-0.08
340,33,"(15, 25)",1,-0.08
340,34,"(16, 25)",1,-0.08
340,35,"(17, 25)",0,-0.08
340,36,"(17, 24)",0,-0.08
340,37,"(17, 23)",0,-0.08
340,38,"(17, 22)",1,-0.08
340,39,"(18, 22)",1,-0.08
340,40,"(19, 22)",0,-0.08
340,41,"(19, 21)",1,-0.08
340,42,"(20, 21)",1,-0.08
340,43,"(21, 21)",1,-0.08
340,44,"(22, 21)",0,-0.08
340,45,"(22, 20)",1,-0.08
340,46,"(23, 20)",0,-0.08
340,47,"(23, 19)",0,-0.08
340,48,"(23, 18)",0,-0.08
340,49,"(23, 17)",1,-0.08
340,50,"(24, 17)",1,-0.08
340,51,"(25, 17)",1,-0.08
340,52,"(26, 17)",1,-0.08
340,53,"(27, 17)",1,-0.08
340,54,"(28, 17)",1,-0.08
340,55,"(29, 17)",0,-0.08
340,56,"(29, 16)",0,-0.08
340,57,"(29, 15)",0,-0.08
340,58,"(29, 14)",0,-0.08
340,59,"(29, 13)",1,-0.08
340,60,"(30, 13)",1,-0.08
340,61,"(31, 13)",1,-0.08
340,62,"(32, 13)",1,-0.08
340,63,"(33, 13)",1,-0.08
340,64,"(34, 13)",1,-0.08
340,65,"(35, 13)",1,-0.08
340,66,"(36, 13)",1,-0.08
340,67,"(37, 13)",0,-0.08
340,68,"(37, 12)",1,-0.08
340,69,"(38, 12)",1,-0.08
340,70,"(39, 12)",0,-0.08
340,71,"(39, 11)",1,-0.08
340,72,"(40, 11)",1,-0.08
340,73,"(41, 11)",1,-0.08
340,74,"(42, 11)",1,-0.08
340,75,"(43, 11)",1,-0.08
340,76,"(44, 11)",1,-0.08
340,77,"(45, 11)",0,-0.08
340,78,"(45, 10)",1,-0.08
340,79,"(46, 10)",0,-0.08
340,80,"(46, 9)",0,-0.08
340,81,"(46, 8)",0,-0.08
340,82,"(46, 7)",1,-0.08
340,83,"(47, 7)",1,-0.08
340,84,"(48, 7)",1,-0.08
340,85,"(49, 7)",1,-0.08
340,86,"(50, 7)",1,-0.08
340,87,"(51, 7)",1,-0.08
340,88,"(52, 7)",1,-0.08
340,89,"(53, 7)",1,-0.08
340,90,"(54, 7)",1,-0.08
340,91,"(55, 7)",1,-0.08
340,92,"(56, 7)",1,-0.08
340,93,"(57, 7)",1,-0.08
340,94,"(58, 7)",1,-0.08
340,95,"(59, 7)",1,-0.08
340,96,"(60, 7)",1,-0.08
340,97,"(61, 7)",1,-0.08
340,98,"(62, 7)",1,-0.08
340,99,"(63, 7)",1,-0.08
340,100,"(64, 7)",1,-0.08
340,101,"(65, 7)",1,-0.08
340,102,"(66, 7)",1,-0.08
340,103,"(67, 7)",1,-0.08
340,104,"(68, 7)",1,-0.08
340,105,"(69, 7)",1,-0.08
340,106,"(70, 7)",1,-0.08
340,107,"(71, 7)",0,-0.08
340,108,"(71, 6)",0,-0.08
340,109,"(71, 5)",1,-0.08
340,110,"(72, 5)",1,-0.08
340,111,"(73, 5)",1,-0.08
340,112,"(74, 5)",1,-0.08
340,113,"(75, 5)",1,-0.08
340,114,"(76, 5)",1,-0.08
340,115,"(77, 5)",0,-0.08
340,116,"(77, 4)",0,-0.08
340,117,"(77, 3)",0,-0.08
340,118,"(77, 2)",0,-0.08
340,119,"(77, 1)",0,-0.08
340,120,"(77, 0)",1,-0.08
340,121,"(78, 0)",1,8.33
341,0,"(0, 39)",1,-0.08
341,1,"(1, 39)",1,-0.08
341,2,"(2, 39)",1,-0.08
341,3,"(3, 39)",0,-0.08
341,4,"(3, 38)",1,-8.33
341,5,"(3, 38)",0,-0.08
341,6,"(3, 37)",0,-0.08
341,7,"(3, 36)",1,-8.33
341,8,"(3, 36)",0,-0.08
341,9,"(3, 35)",3,-0.08
341,10,"(2, 35)",0,-0.08
341,11,"(2, 34)",0,-0.08
341,12,"(2, 33)",1,-0.08
341,13,"(3, 33)",0,-0.08
341,14,"(3, 32)",0,-0.08
341,15,"(3, 31)",0,-8.33
341,16,"(3, 31)",3,-0.08
341,17,"(2, 31)",3,-0.08
341,18,"(1, 31)",0,-0.08
341,19,"(1, 30)",0,-0.08
341,20,"(1, 29)",0,-0.08
341,21,"(1, 28)",0,-0.08
341,22,"(1, 27)",0,-0.08
341,23,"(1, 26)",1,-0.08
341,24,"(2, 26)",1,-0.08
341,25,"(3, 26)",0,-0.08
341,26,"(3, 25)",1,-0.08
341,27,"(4, 25)",1,-0.08
341,28,"(5, 25)",1,-0.08
341,29,"(6, 25)",1,-0.08
341,30,"(7, 25)",1,-0.08
341,31,"(8, 25)",1,-0.08
341,32,"(9, 25)",1,-0.08
341,33,"(10, 25)",1,-0.08
341,34,"(11, 25)",1,-0.08
341,35,"(12, 25)",1,-0.08
341,36,"(13, 25)",0,-0.08
341,37,"(13, 24)",1,-0.08
341,38,"(14, 24)",0,-0.08
341,39,"(14, 23)",1,-0.08
341,40,"(15, 23)",1,-0.08
341,41,"(16, 23)",1,-0.08
341,42,"(17, 23)",0,-0.08
341,43,"(17, 22)",1,-0.08
341,44,"(18, 22)",1,-0.08
341,45,"(19, 22)",1,-0.08
341,46,"(20, 22)",0,-0.08
341,47,"(20, 21)",1,-0.08
341,48,"(21, 21)",0,-0.08
341,49,"(21, 20)",1,-0.08
341,50,"(22, 20)",1,-0.08
341,51,"(23, 20)",1,-0.08
341,52,"(24, 20)",1,-0.08
341,53,"(25, 20)",0,-0.08
341,54,"(25, 19)",1,-0.08
341,55,"(26, 19)",1,-0.08
341,56,"(27, 19)",0,-0.08
341,57,"(27, 18)",0,-0.08
341,58,"(27, 17)",1,-0.08
341,59,"(28, 17)",1,-0.08
341,60,"(29, 17)",1,-0.08
341,61,"(30, 17)",1,-0.08
341,62,"(31, 17)",1,-0.08
341,63,"(32, 17)",0,-0.08
341,64,"(32, 16)",0,-0.08
341,65,"(32, 15)",0,-0.08
341,66,"(32, 14)",0,-0.08
341,67,"(32, 13)",1,-0.08
341,68,"(33, 13)",1,-0.08
341,69,"(34, 13)",1,-0.08
341,70,"(35, 13)",1,-0.08
341,71,"(36, 13)",1,-0.08
341,72,"(37, 13)",1,-0.08
341,73,"(38, 13)",1,-0.08
341,74,"(39, 13)",1,-0.08
341,75,"(40, 13)",1,-0.08
341,76,"(41, 13)",0,-0.08
341,77,"(41, 12)",0,-0.08
341,78,"(41, 11)",1,-0.08
341,79,"(42, 11)",1,-0.08
341,80,"(43, 11)",1,-0.08
341,81,"(44, 11)",1,-0.08
341,82,"(45, 11)",0,-0.08
341,83,"(45, 10)",0,-0.08
341,84,"(45, 9)",0,-0.08
341,85,"(45, 8)",0,-0.08
341,86,"(45, 7)",1,-0.08
341,87,"(46, 7)",1,-0.08
341,88,"(47, 7)",1,-0.08
341,89,"(48, 7)",1,-0.08
341,90,"(49, 7)",1,-0.08
341,91,"(50, 7)",1,-0.08
341,92,"(51, 7)",1,-0.08
341,93,"(52, 7)",1,-0.08
341,94,"(53, 7)",1,-0.08
341,95,"(54, 7)",1,-0.08
341,96,"(55, 7)",1,-0.08
341,97,"(56, 7)",1,-0.08
341,98,"(57, 7)",1,-0.08
341,99,"(58, 7)",1,-0.08
341,100,"(59, 7)",1,-0.08
341,101,"(60, 7)",1,-0.08
341,102,"(61, 7)",1,-0.08
341,103,"(62, 7)",1,-0.08
341,104,"(63, 7)",1,-0.08
341,105,"(64, 7)",1,-0.08
341,106,"(65, 7)",1,-0.08
341,107,"(66, 7)",1,-0.08
341,108,"(67, 7)",1,-0.08
341,109,"(68, 7)",1,-0.08
341,110,"(69, 7)",0,-0.08
341,111,"(69, 6)",1,-0.08
341,112,"(70, 6)",1,-0.08
341,113,"(71, 6)",0,-0.08
341,114,"(71, 5)",1,-0.08
341,115,"(72, 5)",1,-0.08
341,116,"(73, 5)",1,-0.08
341,117,"(74, 5)",1,-0.08
341,118,"(75, 5)",1,-0.08
341,119,"(76, 5)",1,-0.08
341,120,"(77, 5)",0,-0.08
341,121,"(77, 4)",0,-0.08
341,122,"(77, 3)",0,-0.08
341,123,"(77, 2)",0,-0.08
341,124,"(77, 1)",1,-0.08
341,125,"(78, 1)",1,-0.08
341,126,"(79, 1)",0,8.33
342,0,"(0, 39)",0,-0.08
342,1,"(0, 38)",0,-0.08
342,2,"(0, 37)",0,-0.08
342,3,"(0, 36)",0,-0.08
342,4,"(0, 35)",0,-0.08
342,5,"(0, 34)",0,-0.08
342,6,"(0, 33)",1,-0.08
342,7,"(1, 33)",0,-0.08
342,8,"(1, 32)",1,-0.08
342,9,"(2, 32)",0,-0.08
342,10,"(2, 31)",1,-0.08
342,11,"(3, 31)",1,-8.33
342,12,"(3, 31)",0,-8.33
342,13,"(3, 31)",0,-8.33
342,14,"(3, 31)",3,-0.08
342,15,"(2, 31)",3,-0.08
342,16,"(1, 31)",0,-0.08
342,17,"(1, 30)",0,-0.08
342,18,"(1, 29)",1,-0.08
342,19,"(2, 29)",1,-0.08
342,20,"(3, 29)",1,-0.08
342,21,"(4, 29)",1,-0.08
342,22,"(5, 29)",1,-0.08
342,23,"(6, 29)",1,-0.08
342,24,"(7, 29)",0,-0.08
342,25,"(7, 28)",1,-0.08
342,26,"(8, 28)",0,-0.08
342,27,"(8, 27)",1,-0.08
342,28,"(9, 27)",1,-0.08
342,29,"(10, 27)",1,-0.08
342,30,"(11, 27)",1,-0.08
342,31,"(12, 27)",0,-0.08
342,32,"(12, 26)",0,-0.08
342,33,"(12, 25)",1,-0.08
342,34,"(13, 25)",0,-0.08
342,35,"(13, 24)",0,-0.08
342,36,"(13, 23)",1,-0.08
342,37,"(14, 23)",1,-0.08
342,38,"(15, 23)",1,-0.08
342,39,"(16, 23)",0,-0.08
342,40,"(16, 22)",1,-0.08
342,41,"(17, 22)",1,-0.08
342,42,"(18, 22)",1,-0.08
342,43,"(19, 22)",1,-0.08
342,44,"(20, 22)",0,-0.08
342,45,"(20, 21)",1,-0.08
342,46,"(21, 21)",1,-0.08
342,47,"(22, 21)",0,-0.08
342,48,"(22, 20)",1,-0.08
342,49,"(23, 20)",0,-0.08
342,50,"(23, 19)",0,-0.08
342,51,"(23, 18)",0,-0.08
342,52,"(23, 17)",0,-0.08
342,53,"(23, 16)",0,-0.08
342,54,"(23, 15)",1,-0.08
342,55,"(24, 15)",1,-0.08
342,56,"(25, 15)",1,-0.08
342,57,"(26, 15)",1,-0.08
342,58,"(27, 15)",0,-0.08
342,59,"(27, 14)",0,-0.08
342,60,"(27, 13)",1,-0.08
342,61,"(28, 13)",1,-0.08
342,62,"(29, 13)",1,-0.08
342,63,"(30, 13)",1,-0.08
342,64,"(31, 13)",1,-0.08
342,65,"(32, 13)",1,-0.08
342,66,"(33, 13)",1,-0.08
342,67,"(34, 13)",1,-0.08
342,68,"(35, 13)",1,-0.08
342,69,"(36, 13)",0,-0.08
342,70,"(36, 12)",1,-0.08
342,71,"(37, 12)",1,-0.08
342,72,"(38, 12)",1,-0.08
342,73,"(39, 12)",0,-0.08
342,74,"(39, 11)",1,-0.08
342,75,"(40, 11)",1,-0.08
342,76,"(41, 11)",1,-0.08
342,77,"(42, 11)",1,-0.08
342,78,"(43, 11)",1,-0.08
342,79,"(44, 11)",1,-0.08
342,80,"(45, 11)",0,-0.08
342,81,"(45, 10)",1,-0.08
342,82,"(46, 10)",1,-0.08
342,83,"(47, 10)",1,-0.08
342,84,"(48, 10)",1,-0.08
342,85,"(49, 10)",1,-0.08
342,86,"(50, 10)",0,-0.08
342,87,"(50, 9)",0,-0.08
342,88,"(50, 8)",0,-0.08
342,89,"(50, 7)",1,-0.08
342,90,"(51, 7)",1,-0.08
342,91,"(52, 7)",1,-0.08
342,92,"(53, 7)",1,-0.08
342,93,"(54, 7)",1,-0.08
342,94,"(55, 7)",1,-0.08
342,95,"(56, 7)",1,-0.08
342,96,"(57, 7)",1,-0.08
342,97,"(58, 7)",1,-0.08
342,98,"(59, 7)",1,-0.08
342,99,"(60, 7)",1,-0.08
342,100,"(61, 7)",1,-0.08
342,101,"(62, 7)",1,-0.08
342,102,"(63, 7)",1,-0.08
342,103,"(64, 7)",1,-0.08
342,104,"(65, 7)",1,-0.08
342,105,"(66, 7)",1,-0.08
342,106,"(67, 7)",1,-0.08
342,107,"(68, 7)",1,-0.08
342,108,"(69, 7)",1,-0.08
342,109,"(70, 7)",0,-0.08
342,110,"(70, 6)",1,-0.08
342,111,"(71, 6)",1,-0.08
342,112,"(72, 6)",1,-0.08
342,113,"(73, 6)",1,-0.08
342,114,"(74, 6)",0,-0.08
342,115,"(74, 5)",1,-0.08
342,116,"(75, 5)",0,-0.08
342,117,"(75, 4)",0,-0.08
342,118,"(75, 3)",1,-0.08
342,119,"(76, 3)",0,-0.08
342,120,"(76, 2)",1,-0.08
342,121,"(77, 2)",0,-0.08
342,122,"(77, 1)",1,-0.08
342,123,"(78, 1)",1,-0.08
342,124,"(79, 1)",0,8.33
343,0,"(0, 39)",1,-0.08
343,1,"(1, 39)",0,-0.08
343,2,"(1, 38)",1,-8.33
343,3,"(1, 38)",0,-0.08
343,4,"(1, 37)",0,-8.33
343,5,"(1, 37)",3,-0.08
343,6,"(0, 37)",0,-0.08
343,7,"(0, 36)",0,-0.08
343,8,"(0, 35)",1,-0.08
343,9,"(1, 35)",0,-0.08
343,10,"(1, 34)",0,-0.08
343,11,"(1, 33)",0,-0.08
343,12,"(1, 32)",0,-0.08
343,13,"(1, 31)",0,-0.08
343,14,"(1, 30)",0,-0.08
343,15,"(1, 29)",1,-0.08
343,16,"(2, 29)",1,-0.08
343,17,"(3, 29)",0,-0.08
343,18,"(3, 28)",0,-0.08
343,19,"(3, 27)",1,-8.33
343,20,"(3, 27)",0,-0.08
343,21,"(3, 26)",0,-0.08
343,22,"(3, 25)",1,-0.08
343,23,"(4, 25)",1,-0.08
343,24,"(5, 25)",1,-0.08
343,25,"(6, 25)",1,-0.08
343,26,"(7, 25)",1,-0.08
343,27,"(8, 25)",1,-0.08
343,28,"(9, 25)",0,-0.08
343,29,"(9, 24)",1,-0.08
343,30,"(10, 24)",1,-0.08
343,31,"(11, 24)",1,-0.08
343,32,"(12, 24)",1,-0.08
343,33,"(13, 24)",1,-0.08
343,34,"(14, 24)",0,-0.08
343,35,"(14, 23)",1,-0.08
343,36,"(15, 23)",1,-0.08
343,37,"(16, 23)",1,-0.08
343,38,"(17, 23)",0,-0.08
343,39,"(17, 22)",1,-0.08
343,40,"(18, 22)",1,-0.08
343,41,"(19, 22)",1,-0.08
343,42,"(20, 22)",1,-0.08
343,43,"(21, 22)",0,-0.08
343,44,"(21, 21)",0,-0.08
343,45,"(21, 20)",0,-0.08
343,46,"(21, 19)",1,-0.08
343,47,"(22, 19)",1,-0.08
343,48,"(23, 19)",0,-0.08
343,49,"(23, 18)",0,-0.08
343,50,"(23, 17)",1,-0.08
343,51,"(24, 17)",1,-0.08
343,52,"(25, 17)",1,-0.08
343,53,"(26, 17)",1,-0.08
343,54,"(27, 17)",1,-0.08
343,55,"(28, 17)",0,-0.08
343,56,"(28, 16)",1,-0.08
343,57,"(29, 16)",0,-0.08
343,58,"(29, 15)",0,-0.08
343,59,"(29, 14)",0,-0.08
343,60,"(29, 13)",1,-0.08
343,61,"(30, 13)",1,-0.08
343,62,"(31, 13)",1,-0.08
343,63,"(32, 13)",1,-0.08
343,64,"(33, 13)",1,-0.08
343,65,"(34, 13)",1,-0.08
343,66,"(35, 13)",0,-0.08
343,67,"(35, 12)",1,-0.08
343,68,"(36, 12)",1,-0.08
343,69,"(37, 12)",1,-0.08
343,70,"(38, 12)",1,-0.08
343,71,"(39, 12)",0,-0.08
343,72,"(39, 11)",1,-0.08
343,73,"(40, 11)",1,-0.08
343,74,"(41, 11)",1,-0.08
343,75,"(42, 11)",1,-0.08
343,76,"(43, 11)",1,-0.08
343,77,"(44, 11)",1,-0.08
343,78,"(45, 11)",0,-0.08
343,79,"(45, 10)",0,-0.08
343,80,"(45, 9)",1,-0.08
343,81,"(46, 9)",0,-0.08
343,82,"(46, 8)",0,-0.08
343,83,"(46, 7)",1,-0.08
343,84,"(47, 7)",1,-0.08
343,85,"(48, 7)",1,-0.08
343,86,"(49, 7)",1,-0.08
343,87,"(50, 7)",1,-0.08
343,88,"(51, 7)",1,-0.08
343,89,"(52, 7)",1,-0.08
343,90,"(53, 7)",1,-0.08
343,91,"(54, 7)",1,-0.08
343,92,"(55, 7)",1,-0.08
343,93,"(56, 7)",1,-0.08
343,94,"(57, 7)",1,-0.08
343,95,"(58, 7)",1,-0.08
343,96,"(59, 7)",1,-0.08
343,97,"(60, 7)",1,-0.08
343,98,"(61, 7)",1,-0.08
343,99,"(62, 7)",1,-0.08
343,100,"(63, 7)",1,-0.08
343,101,"(64, 7)",1,-0.08
343,102,"(65, 7)",1,-0.08
343,103,"(66, 7)",1,-0.08
343,104,"(67, 7)",1,-0.08
343,105,"(68, 7)",1,-0.08
343,106,"(69, 7)",1,-0.08
343,107,"(70, 7)",1,-0.08
343,108,"(71, 7)",1,-0.08
343,109,"(72, 7)",0,-0.08
343,110,"(72, 6)",0,-0.08
343,111,"(72, 5)",1,-0.08
343,112,"(73, 5)",1,-0.08
343,113,"(74, 5)",0,-0.08
343,114,"(74, 4)",0,-0.08
343,115,"(74, 3)",1,-0.08
343,116,"(75, 3)",1,-0.08
343,117,"(76, 3)",1,-0.08
343,118,"(77, 3)",0,-0.08
343,119,"(77, 2)",0,-0.08
343,120,"(77, 1)",0,-0.08
343,121,"(77, 0)",1,-0.08
343,122,"(78, 0)",1,8.33
344,0,"(0, 39)",0,-0.08
344,1,"(0, 38)",0,-0.08
344,2,"(0, 37)",0,-0.08
344,3,"(0, 36)",1,-8.33
344,4,"(0, 36)",0,-0.08
344,5,"(0, 35)",1,-0.08
344,6,"(1, 35)",1,-0.08
344,7,"(2, 35)",0,-0.08
344,8,"(2, 34)",0,-0.08
344,9,"(2, 33)",0,-0.08
344,10,"(2, 32)",0,-0.08
344,11,"(2, 31)",1,-0.08
344,12,"(3, 31)",0,-8.33
344,13,"(3, 31)",0,-8.33
344,14,"(3, 31)",3,-0.08
344,15,"(2, 31)",3,-0.08
344,16,"(1, 31)",0,-0.08
344,17,"(1, 30)",0,-0.08
344,18,"(1, 29)",1,-0.08
344,19,"(2, 29)",1,-0.08
344,20,"(3, 29)",0,-0.08
344,21,"(3, 28)",0,-0.08
344,22,"(3, 27)",0,-0.08
344,23,"(3, 26)",0,-0.08
344,24,"(3, 25)",1,-0.08
344,25,"(4, 25)",1,-0.08
344,26,"(5, 25)",1,-0.08
344,27,"(6, 25)",1,-0.08
344,28,"(7, 25)",1,-0.08
344,29,"(8, 25)",1,-0.08
344,30,"(9, 25)",1,-0.08
344,31,"(10, 25)",0,-0.08
344,32,"(10, 24)",1,-0.08
344,33,"(11, 24)",1,-0.08
344,34,"(12, 24)",1,-0.08
344,35,"(13, 24)",1,-0.08
344,36,"(14, 24)",0,-0.08
344,37,"(14, 23)",1,-0.08
344,38,"(15, 23)",1,-0.08
344,39,"(16, 23)",0,-0.08
344,40,"(16, 22)",1,-0.08
344,41,"(17, 22)",1,-0.08
344,42,"(18, 22)",1,-0.08
344,43,"(19, 22)",1,-0.08
344,44,"(20, 22)",0,-0.08
344,45,"(20, 21)",0,-0.08
344,46,"(20, 20)",1,-0.08
344,47,"(21, 20)",1,-0.08
344,48,"(22, 20)",1,-0.08
344,49,"(23, 20)",0,-0.08
344,50,"(23, 19)",0,-0.08
344,51,"(23, 18)",0,-0.08
344,52,"(23, 17)",1,-0.08
344,53,"(24, 17)",1,-0.08
344,54,"(25, 17)",1,-0.08
344,55,"(26, 17)",1,-0.08
344,56,"(27, 17)",0,-0.08
344,57,"(27, 16)",0,-0.08
344,58,"(27, 15)",0,-0.08
344,59,"(27, 14)",0,-0.08
344,60,"(27, 13)",1,-0.08
344,61,"(28, 13)",1,-0.08
344,62,"(29, 13)",1,-0.08
344,63,"(30, 13)",1,-0.08
344,64,"(31, 13)",1,-0.08
344,65,"(32, 13)",1,-0.08
344,66,"(33, 13)",1,-0.08
344,67,"(34, 13)",1,-0.08
344,68,"(35, 13)",1,-0.08
344,69,"(36, 13)",0,-0.08
344,70,"(36, 12)",1,-0.08
344,71,"(37, 12)",1,-0.08
344,72,"(38, 12)",1,-0.08
344,73,"(39, 12)",0,-0.08
344,74,"(39, 11)",1,-0.08
344,75,"(40, 11)",1,-0.08
344,76,"(41, 11)",1,-0.08
344,77,"(42, 11)",1,-0.08
344,78,"(43, 11)",1,-0.08
344,79,"(44, 11)",1,-0.08
344,80,"(45, 11)",0,-0.08
344,81,"(45, 10)",0,-0.08
344,82,"(45, 9)",1,-0.08
344,83,"(46, 9)",0,-0.08
344,84,"(46, 8)",0,-0.08
344,85,"(46, 7)",1,-0.08
344,86,"(47, 7)",1,-0.08
344,87,"(48, 7)",1,-0.08
344,88,"(49, 7)",1,-0.08
344,89,"(50, 7)",1,-0.08
344,90,"(51, 7)",1,-0.08
344,91,"(52, 7)",1,-0.08
344,92,"(53, 7)",1,-0.08
344,93,"(54, 7)",1,-0.08
344,94,"(55, 7)",1,-0.08
344,95,"(56, 7)",1,-0.08
344,96,"(57, 7)",1,-0.08
344,97,"(58, 7)",1,-0.08
344,98,"(59, 7)",1,-0.08
344,99,"(60, 7)",1,-0.08
344,100,"(61, 7)",1,-0.08
344,101,"(62, 7)",1,-0.08
344,102,"(63, 7)",1,-0.08
344,103,"(64, 7)",1,-0.08
344,104,"(65, 7)",1,-0.08
344,105,"(66, 7)",1,-0.08
344,106,"(67, 7)",1,-0.08
344,107,"(68, 7)",1,-0.08
344,108,"(69, 7)",1,-0.08
344,109,"(70, 7)",0,-0.08
344,110,"(70, 6)",1,-0.08
344,111,"(71, 6)",0,-0.08
344,112,"(71, 5)",1,-0.08
344,113,"(72, 5)",1,-0.08
344,114,"(73, 5)",1,-0.08
344,115,"(74, 5)",0,-0.08
344,116,"(74, 4)",1,-0.08
344,117,"(75, 4)",0,-0.08
344,118,"(75, 3)",1,-0.08
344,119,"(76, 3)",0,-0.08
344,120,"(76, 2)",0,-0.08
344,121,"(76, 1)",1,-0.08
344,122,"(77, 1)",0,-0.08
344,123,"(77, 0)",1,-0.08
344,124,"(78, 0)",1,8.33
345,0,"(0, 39)",0,-0.08
345,1,"(0, 38)",1,-0.08
345,2,"(1, 38)",1,-8.33
345,3,"(1, 38)",0,-0.08
345,4,"(1, 37)",0,-8.33
345,5,"(1, 37)",3,-0.08
345,6,"(0, 37)",0,-0.08
345,7,"(0, 36)",0,-0.08
345,8,"(0, 35)",0,-0.08
345,9,"(0, 34)",1,-0.08
345,10,"(1, 34)",1,-0.08
345,11,"(2, 34)",0,-0.08
345,12,"(2, 33)",1,-0.08
345,13,"(3, 33)",0,-0.08
345,14,"(3, 32)",0,-0.08
345,15,"(3, 31)",0,-8.33
345,16,"(3, 31)",3,-0.08
345,17,"(2, 31)",3,-0.08
345,18,"(1, 31)",0,-0.08
345,19,"(1, 30)",0,-0.08
345,20,"(1, 29)",0,-0.08
345,21,"(1, 28)",0,-0.08
345,22,"(1, 27)",0,-0.08
345,23,"(1, 26)",1,-0.08
345,24,"(2, 26)",1,-0.08
345,25,"(3, 26)",0,-0.08
345,26,"(3, 25)",1,-0.08
345,27,"(4, 25)",1,-0.08
345,28,"(5, 25)",1,-0.08
345,29,"(6, 25)",1,-0.08
345,30,"(7, 25)",1,-0.08
345,31,"(8, 25)",1,-0.08
345,32,"(9, 25)",0,-0.08
345,33,"(9, 24)",1,-0.08
345,34,"(10, 24)",1,-0.08
345,35,"(11, 24)",1,-0.08
345,36,"(12, 24)",1,-0.08
345,37,"(13, 24)",1,-0.08
345,38,"(14, 24)",0,-0.08
345,39,"(14, 23)",1,-0.08
345,40,"(15, 23)",1,-0.08
345,41,"(16, 23)",0,-0.08
345,42,"(16, 22)",1,-0.08
345,43,"(17, 22)",1,-0.08
345,44,"(18, 22)",1,-0.08
345,45,"(19, 22)",1,-0.08
345,46,"(20, 22)",0,-0.08
345,47,"(20, 21)",0,-0.08
345,48,"(20, 20)",1,-0.08
345,49,"(21, 20)",1,-0.08
345,50,"(22, 20)",1,-0.08
345,51,"(23, 20)",1,-0.08
345,52,"(24, 20)",1,-0.08
345,53,"(25, 20)",0,-0.08
345,54,"(25, 19)",0,-0.08
345,55,"(25, 18)",1,-0.08
345,56,"(26, 18)",1,-0.08
345,57,"(27, 18)",0,-0.08
345,58,"(27, 17)",0,-0.08
345,59,"(27, 16)",0,-0.08
345,60,"(27, 15)",0,-0.08
345,61,"(27, 14)",0,-0.08
345,62,"(27, 13)",1,-0.08
345,63,"(28, 13)",1,-0.08
345,64,"(29, 13)",1,-0.08
345,65,"(30, 13)",1,-0.08
345,66,"(31, 13)",1,-0.08
345,67,"(32, 13)",1,-0.08
345,68,"(33, 13)",1,-0.08
345,69,"(34, 13)",1,-0.08
345,70,"(35, 13)",0,-0.08
345,71,"(35, 12)",1,-0.08
345,72,"(36, 12)",1,-0.08
345,73,"(37, 12)",1,-0.08
345,74,"(38, 12)",1,-0.08
345,75,"(39, 12)",0,-0.08
345,76,"(39, 11)",1,-0.08
345,77,"(40, 11)",1,-0.08
345,78,"(41, 11)",1,-0.08
345,79,"(42, 11)",1,-0.08
345,80,"(43, 11)",1,-0.08
345,81,"(44, 11)",1,-0.08
345,82,"(45, 11)",0,-0.08
345,83,"(45, 10)",1,-0.08
345,84,"(46, 10)",0,-0.08
345,85,"(46, 9)",0,-0.08
345,86,"(46, 8)",0,-0.08
345,87,"(46, 7)",1,-0.08
345,88,"(47, 7)",1,-0.08
345,89,"(48, 7)",1,-0.08
345,90,"(49, 7)",1,-0.08
345,91,"(50, 7)",1,-0.08
345,92,"(51, 7)",1,-0.08
345,93,"(52, 7)",1,-0.08
345,94,"(53, 7)",1,-0.08
345,95,"(54, 7)",1,-0.08
345,96,"(55, 7)",1,-0.08
345,97,"(56, 7)",1,-0.08
345,98,"(57, 7)",1,-0.08
345,99,"(58, 7)",1,-0.08
345,100,"(59, 7)",1,-0.08
345,101,"(60, 7)",1,-0.08
345,102,"(61, 7)",1,-0.08
345,103,"(62, 7)",1,-0.08
345,104,"(63, 7)",1,-0.08
345,105,"(64, 7)",1,-0.08
345,106,"(65, 7)",1,-0.08
345,107,"(66, 7)",1,-0.08
345,108,"(67, 7)",1,-0.08
345,109,"(68, 7)",1,-0.08
345,110,"(69, 7)",1,-0.08
345,111,"(70, 7)",1,-0.08
345,112,"(71, 7)",0,-0.08
345,113,"(71, 6)",0,-0.08
345,114,"(71, 5)",1,-0.08
345,115,"(72, 5)",1,-0.08
345,116,"(73, 5)",1,-0.08
345,117,"(74, 5)",1,-0.08
345,118,"(75, 5)",1,-0.08
345,119,"(76, 5)",1,-0.08
345,120,"(77, 5)",0,-0.08
345,121,"(77, 4)",0,-0.08
345,122,"(77, 3)",0,-0.08
345,123,"(77, 2)",0,-0.08
345,124,"(77, 1)",0,-0.08
345,125,"(77, 0)",1,-0.08
345,126,"(78, 0)",1,8.33
346,0,"(0, 39)",1,-0.08
346,1,"(1, 39)",1,-0.08
346,2,"(2, 39)",0,-8.33
346,3,"(2, 39)",1,-0.08
346,4,"(3, 39)",0,-0.08
346,5,"(3, 38)",0,-0.08
346,6,"(3, 37)",1,-8.33
346,7,"(3, 37)",0,-0.08
346,8,"(3, 36)",0,-0.08
346,9,"(3, 35)",3,-0.08
346,10,"(2, 35)",0,-0.08
346,11,"(2, 34)",0,-0.08
346,12,"(2, 33)",0,-0.08
346,13,"(2, 32)",0,-0.08
346,14,"(2, 31)",1,-0.08
346,15,"(3, 31)",0,-8.33
346,16,"(3, 31)",0,-8.33
346,17,"(3, 31)",2,-0.08
346,18,"(3, 32)",2,-0.08
346,19,"(3, 33)",1,-0.08
346,20,"(4, 33)",1,-0.08
346,21,"(5, 33)",1,-0.08
346,22,"(6, 33)",1,-0.08
346,23,"(7, 33)",0,-0.08
346,24,"(7, 32)",0,-0.08
346,25,"(7, 31)",1,-0.08
346,26,"(8, 31)",0,-0.08
346,27,"(8, 30)",0,-0.08
346,28,"(8, 29)",0,-0.08
346,29,"(8, 28)",0,-0.08
346,30,"(8, 27)",1,-0.08
346,31,"(9, 27)",1,-0.08
346,32,"(10, 27)",1,-0.08
346,33,"(11, 27)",1,-0.08
346,34,"(12, 27)",0,-0.08
346,35,"(12, 26)",1,-0.08
346,36,"(13, 26)",0,-0.08
346,37,"(13, 25)",1,-0.08
346,38,"(14, 25)",1,-0.08
346,39,"(15, 25)",1,-0.08
346,40,"(16, 25)",1,-0.08
346,41,"(17, 25)",0,-0.08
346,42,"(17, 24)",0,-0.08
346,43,"(17, 23)",1,-0.08
346,44,"(18, 23)",0,-0.08
346,45,"(18, 22)",1,-0.08
346,46,"(19, 22)",1,-0.08
346,47,"(20, 22)",0,-0.08
346,48,"(20, 21)",1,-0.08
346,49,"(21, 21)",1,-0.08
346,50,"(22, 21)",0,-0.08
346,51,"(22, 20)",1,-0.08
346,52,"(23, 20)",1,-0.08
346,53,"(24, 20)",1,-0.08
346,54,"(25, 20)",0,-0.08
346,55,"(25, 19)",1,-0.08
346,56,"(26, 19)",1,-0.08
346,57,"(27, 19)",1,-0.08
346,58,"(28, 19)",1,-0.08
346,59,"(29, 19)",1,-0.08
346,60,"(30, 19)",1,-0.08
346,61,"(31, 19)",0,-0.08
346,62,"(31, 18)",0,-0.08
346,63,"(31, 17)",0,-0.08
346,64,"(31, 16)",1,-0.08
346,65,"(32, 16)",0,-0.08
346,66,"(32, 15)",0,-0.08
346,67,"(32, 14)",0,-0.08
346,68,"(32, 13)",1,-0.08
346,69,"(33, 13)",1,-0.08
346,70,"(34, 13)",1,-0.08
346,71,"(35, 13)",0,-0.08
346,72,"(35, 12)",1,-0.08
346,73,"(36, 12)",1,-0.08
346,74,"(37, 12)",1,-0.08
346,75,"(38, 12)",1,-0.08
346,76,"(39, 12)",0,-0.08
346,77,"(39, 11)",1,-0.08
346,78,"(40, 11)",1,-0.08
346,79,"(41, 11)",1,-0.08
346,80,"(42, 11)",1,-0.08
346,81,"(43, 11)",1,-0.08
346,82,"(44, 11)",1,-0.08
346,83,"(45, 11)",0,-0.08
346,84,"(45, 10)",1,-0.08
346,85,"(46, 10)",0,-0.08
346,86,"(46, 9)",0,-0.08
346,87,"(46, 8)",0,-0.08
346,88,"(46, 7)",1,-0.08
346,89,"(47, 7)",1,-0.08
346,90,"(48, 7)",1,-0.08
346,91,"(49, 7)",1,-0.08
346,92,"(50, 7)",1,-0.08
346,93,"(51, 7)",1,-0.08
346,94,"(52, 7)",1,-0.08
346,95,"(53, 7)",1,-0.08
346,96,"(54, 7)",1,-0.08
346,97,"(55, 7)",1,-0.08
346,98,"(56, 7)",1,-0.08
346,99,"(57, 7)",1,-0.08
346,100,"(58, 7)",1,-0.08
346,101,"(59, 7)",1,-0.08
346,102,"(60, 7)",1,-0.08
346,103,"(61, 7)",1,-0.08
346,104,"(62, 7)",1,-0.08
346,105,"(63, 7)",1,-0.08
346,106,"(64, 7)",1,-0.08
346,107,"(65, 7)",1,-0.08
346,108,"(66, 7)",1,-0.08
346,109,"(67, 7)",1,-0.08
346,110,"(68, 7)",1,-0.08
346,111,"(69, 7)",0,-0.08
346,112,"(69, 6)",1,-0.08
346,113,"(70, 6)",1,-0.08
346,114,"(71, 6)",1,-0.08
346,115,"(72, 6)",0,-0.08
346,116,"(72, 5)",1,-0.08
346,117,"(73, 5)",1,-0.08
346,118,"(74, 5)",1,-0.08
346,119,"(75, 5)",1,-0.08
346,120,"(76, 5)",1,-0.08
346,121,"(77, 5)",0,-0.08
346,122,"(77, 4)",0,-0.08
346,123,"(77, 3)",0,-0.08
346,124,"(77, 2)",0,-0.08
346,125,"(77, 1)",0,-0.08
346,126,"(77, 0)",1,-0.08
346,127,"(78, 0)",1,8.33
347,0,"(0, 39)",0,-0.08
347,1,"(0, 38)",0,-0.08
347,2,"(0, 37)",0,-0.08
347,3,"(0, 36)",1,-8.33
347,4,"(0, 36)",0,-0.08
347,5,"(0, 35)",1,-0.08
347,6,"(1, 35)",0,-0.08
347,7,"(1, 34)",1,-0.08
347,8,"(2, 34)",0,-0.08
347,9,"(2, 33)",1,-0.08
347,10,"(3, 33)",0,-0.08
347,11,"(3, 32)",0,-0.08
347,12,"(3, 31)",0,-8.33
347,13,"(3, 31)",3,-0.08
347,14,"(2, 31)",3,-0.08
347,15,"(1, 31)",0,-0.08
347,16,"(1, 30)",0,-0.08
347,17,"(1, 29)",0,-0.08
347,18,"(1, 28)",0,-0.08
347,19,"(1, 27)",0,-0.08
347,20,"(1, 26)",0,-0.08
347,21,"(1, 25)",1,-0.08
347,22,"(2, 25)",1,-0.08
347,23,"(3, 25)",1,-0.08
347,24,"(4, 25)",1,-0.08
347,25,"(5, 25)",1,-0.08
347,26,"(6, 25)",1,-0.08
347,27,"(7, 25)",1,-0.08
347,28,"(8, 25)",1,-0.08
347,29,"(9, 25)",1,-0.08
347,30,"(10, 25)",1,-0.08
347,31,"(11, 25)",1,-0.08
347,32,"(12, 25)",0,-0.08
347,33,"(12, 24)",1,-0.08
347,34,"(13, 24)",1,-0.08
347,35,"(14, 24)",0,-0.08
347,36,"(14, 23)",1,-0.08
347,37,"(15, 23)",1,-0.08
347,38,"(16, 23)",1,-0.08
347,39,"(17, 23)",1,-0.08
347,40,"(18, 23)",0,-0.08
347,41,"(18, 22)",1,-0.08
347,42,"(19, 22)",0,-0.08
347,43,"(19, 21)",0,-0.08
347,44,"(19, 20)",0,-0.08
347,45,"(19, 19)",1,-0.08
347,46,"(20, 19)",1,-0.08
347,47,"(21, 19)",1,-0.08
347,48,"(22, 19)",1,-0.08
347,49,"(23, 19)",0,-0.08
347,50,"(23, 18)",0,-0.08
347,51,"(23, 17)",0,-0.08
347,52,"(23, 16)",0,-0.08
347,53,"(23, 15)",1,-0.08
347,54,"(24, 15)",1,-0.08
347,55,"(25, 15)",1,-0.08
347,56,"(26, 15)",1,-0.08
347,57,"(27, 15)",1,-0.08
347,58,"(28, 15)",1,-0.08
347,59,"(29, 15)",0,-0.08
347,60,"(29, 14)",0,-0.08
347,61,"(29, 13)",1,-0.08
347,62,"(30, 13)",1,-0.08
347,63,"(31, 13)",1,-0.08
347,64,"(32, 13)",1,-0.08
347,65,"(33, 13)",1,-0.08
347,66,"(34, 13)",1,-0.08
347,67,"(35, 13)",1,-0.08
347,68,"(36, 13)",0,-0.08
347,69,"(36, 12)",1,-0.08
347,70,"(37, 12)",1,-0.08
347,71,"(38, 12)",1,-0.08
347,72,"(39, 12)",0,-0.08
347,73,"(39, 11)",1,-0.08
347,74,"(40, 11)",1,-0.08
347,75,"(41, 11)",1,-0.08
347,76,"(42, 11)",1,-0.08
347,77,"(43, 11)",1,-0.08
347,78,"(44, 11)",1,-0.08
347,79,"(45, 11)",0,-0.08
347,80,"(45, 10)",1,-0.08
347,81,"(46, 10)",0,-0.08
347,82,"(46, 9)",0,-0.08
347,83,"(46, 8)",0,-0.08
347,84,"(46, 7)",1,-0.08
347,85,"(47, 7)",1,-0.08
347,86,"(48, 7)",1,-0.08
347,87,"(49, 7)",1,-0.08
347,88,"(50, 7)",1,-0.08
347,89,"(51, 7)",1,-0.08
347,90,"(52, 7)",1,-0.08
347,91,"(53, 7)",1,-0.08
347,92,"(54, 7)",1,-0.08
347,93,"(55, 7)",1,-0.08
347,94,"(56, 7)",1,-0.08
347,95,"(57, 7)",1,-0.08
347,96,"(58, 7)",1,-0.08
347,97,"(59, 7)",1,-0.08
347,98,"(60, 7)",1,-0.08
347,99,"(61, 7)",1,-0.08
347,100,"(62, 7)",1,-0.08
347,101,"(63, 7)",1,-0.08
347,102,"(64, 7)",1,-0.08
347,103,"(65, 7)",1,-0.08
347,104,"(66, 7)",1,-0.08
347,105,"(67, 7)",1,-0.08
347,106,"(68, 7)",1,-0.08
347,107,"(69, 7)",1,-0.08
347,108,"(70, 7)",0,-0.08
347,109,"(70, 6)",1,-0.08
347,110,"(71, 6)",1,-0.08
347,111,"(72, 6)",1,-0.08
347,112,"(73, 6)",1,-0.08
347,113,"(74, 6)",0,-0.08
347,114,"(74, 5)",0,-0.08
347,115,"(74, 4)",0,-0.08
347,116,"(74, 3)",1,-0.08
347,117,"(75, 3)",1,-0.08
347,118,"(76, 3)",0,-0.08
347,119,"(76, 2)",1,-0.08
347,120,"(77, 2)",0,-0.08
347,121,"(77, 1)",0,-0.08
347,122,"(77, 0)",1,-0.08
347,123,"(78, 0)",1,8.33
348,0,"(0, 39)",1,-0.08
348,1,"(1, 39)",0,-0.08
348,2,"(1, 38)",0,-0.08
348,3,"(1, 37)",0,-8.33
348,4,"(1, 37)",3,-0.08
348,5,"(0, 37)",0,-0.08
348,6,"(0, 36)",0,-0.08
348,7,"(0, 35)",0,-0.08
348,8,"(0, 34)",0,-0.08
348,9,"(0, 33)",1,-0.08
348,10,"(1, 33)",0,-0.08
348,11,"(1, 32)",1,-0.08
348,12,"(2, 32)",1,-0.08
348,13,"(3, 32)",0,-0.08
348,14,"(3, 31)",0,-8.33
348,15,"(3, 31)",0,-8.33
348,16,"(3, 31)",2,-0.08
348,17,"(3, 32)",2,-0.08
348,18,"(3, 33)",1,-0.08
348,19,"(4, 33)",1,-0.08
348,20,"(5, 33)",0,-0.08
348,21,"(5, 32)",0,-0.08
348,22,"(5, 31)",1,-0.08
348,23,"(6, 31)",1,-0.08
348,24,"(7, 31)",1,-0.08
348,25,"(8, 31)",0,-0.08
348,26,"(8, 30)",1,-0.08
348,27,"(9, 30)",0,-0.08
348,28,"(9, 29)",1,-0.08
348,29,"(10, 29)",0,-0.08
348,30,"(10, 28)",0,-0.08
348,31,"(10, 27)",1,-0.08
348,32,"(11, 27)",1,-0.08
348,33,"(12, 27)",1,-0.08
348,34,"(13, 27)",1,-0.08
348,35,"(14, 27)",1,-0.08
348,36,"(15, 27)",1,-0.08
348,37,"(16, 27)",0,-0.08
348,38,"(16, 26)",1,-0.08
348,39,"(17, 26)",0,-0.08
348,40,"(17, 25)",0,-0.08
348,41,"(17, 24)",0,-0.08
348,42,"(17, 23)",1,-0.08
348,43,"(18, 23)",1,-0.08
348,44,"(19, 23)",0,-0.08
348,45,"(19, 22)",1,-0.08
348,46,"(20, 22)",0,-0.08
348,47,"(20, 21)",0,-0.08
348,48,"(20, 20)",1,-0.08
348,49,"(21, 20)",1,-0.08
348,50,"(22, 20)",1,-0.08
348,51,"(23, 20)",0,-0.08
348,52,"(23, 19)",0,-0.08
348,53,"(23, 18)",0,-0.08
348,54,"(23, 17)",1,-0.08
348,55,"(24, 17)",1,-0.08
348,56,"(25, 17)",1,-0.08
348,57,"(26, 17)",1,-0.08
348,58,"(27, 17)",1,-0.08
348,59,"(28, 17)",0,-0.08
348,60,"(28, 16)",0,-0.08
348,61,"(28, 15)",1,-0.08
348,62,"(29, 15)",1,-0.08
348,63,"(30, 15)",1,-0.08
348,64,"(31, 15)",1,-0.08
348,65,"(32, 15)",0,-0.08
348,66,"(32, 14)",0,-0.08
348,67,"(32, 13)",1,-0.08
348,68,"(33, 13)",1,-0.08
348,69,"(34, 13)",1,-0.08
348,70,"(35, 13)",0,-0.08
348,71,"(35, 12)",1,-0.08
348,72,"(36, 12)",1,-0.08
348,73,"(37, 12)",1,-0.08
348,74,"(38, 12)",1,-0.08
348,75,"(39, 12)",0,-0.08
348,76,"(39, 11)",1,-0.08
348,77,"(40, 11)",1,-0.08
348,78,"(41, 11)",1,-0.08
348,79,"(42, 11)",1,-0.08
348,80,"(43, 11)",1,-0.08
348,81,"(44, 11)",1,-0.08
348,82,"(45, 11)",0,-0.08
348,83,"(45, 10)",1,-0.08
348,84,"(46, 10)",1,-0.08
348,85,"(47, 10)",1,-0.08
348,86,"(48, 10)",1,-0.08
348,87,"(49, 10)",1,-0.08
348,88,"(50, 10)",0,-0.08
348,89,"(50, 9)",1,-0.08
348,90,"(51, 9)",1,-0.08
348,91,"(52, 9)",1,-0.08
348,92,"(53, 9)",1,-0.08
348,93,"(54, 9)",1,-0.08
348,94,"(55, 9)",1,-0.08
348,95,"(56, 9)",1,-0.08
348,96,"(57, 9)",0,-0.08
348,97,"(57, 8)",1,-0.08
348,98,"(58, 8)",0,-0.08
348,99,"(58, 7)",1,-0.08
348,100,"(59, 7)",1,-0.08
348,101,"(60, 7)",1,-0.08
348,102,"(61, 7)",1,-0.08
348,103,"(62, 7)",1,-0.08
348,104,"(63, 7)",1,-0.08
348,105,"(64, 7)",1,-0.08
348,106,"(65, 7)",1,-0.08
348,107,"(66, 7)",1,-0.08
348,108,"(67, 7)",1,-0.08
348,109,"(68, 7)",1,-0.08
348,110,"(69, 7)",1,-0.08
348,111,"(70, 7)",1,-0.08
348,112,"(71, 7)",0,-0.08
348,113,"(71, 6)",0,-0.08
348,114,"(71, 5)",1,-0.08
348,115,"(72, 5)",1,-0.08
348,116,"(73, 5)",1,-0.08
348,117,"(74, 5)",1,-0.08
348,118,"(75, 5)",1,-0.08
348,119,"(76, 5)",1,-0.08
348,120,"(77, 5)",0,-0.08
348,121,"(77, 4)",0,-0.08
348,122,"(77, 3)",0,-0.08
348,123,"(77, 2)",0,-0.08
348,124,"(77, 1)",1,-0.08
348,125,"(78, 1)",0,-0.08
348,126,"(78, 0)",1,8.33
349,0,"(0, 39)",0,-0.08
349,1,"(0, 38)",1,-0.08
349,2,"(1, 38)",1,-8.33
349,3,"(1, 38)",0,-0.08
349,4,"(1, 37)",0,-8.33
349,5,"(1, 37)",3,-0.08
349,6,"(0, 37)",0,-0.08
349,7,"(0, 36)",0,-0.08
349,8,"(0, 35)",1,-0.08
349,9,"(1, 35)",0,-0.08
349,10,"(1, 34)",1,-0.08
349,11,"(2, 34)",0,-0.08
349,12,"(2, 33)",0,-0.08
349,13,"(2, 32)",0,-0.08
349,14,"(2, 31)",1,-0.08
349,15,"(3, 31)",0,-8.33
349,16,"(3, 31)",0,-8.33
349,17,"(3, 31)",3,-0.08
349,18,"(2, 31)",3,-0.08
349,19,"(1, 31)",0,-0.08
349,20,"(1, 30)",0,-0.08
349,21,"(1, 29)",0,-0.08
349,22,"(1, 28)",0,-0.08
349,23,"(1, 27)",0,-0.08
349,24,"(1, 26)",1,-0.08
349,25,"(2, 26)",1,-0.08
349,26,"(3, 26)",0,-0.08
349,27,"(3, 25)",1,-0.08
349,28,"(4, 25)",1,-0.08
349,29,"(5, 25)",1,-0.08
349,30,"(6, 25)",1,-0.08
349,31,"(7, 25)",1,-0.08
349,32,"(8, 25)",1,-0.08
349,33,"(9, 25)",1,-0.08
349,34,"(10, 25)",1,-0.08
349,35,"(11, 25)",1,-0.08
349,36,"(12, 25)",0,-0.08
349,37,"(12, 24)",1,-0.08
349,38,"(13, 24)",1,-0.08
349,39,"(14, 24)",0,-0.08
349,40,"(14, 23)",1,-0.08
349,41,"(15, 23)",1,-0.08
349,42,"(16, 23)",1,-0.08
349,43,"(17, 23)",1,-0.08
349,44,"(18, 23)",1,-0.08
349,45,"(19, 23)",0,-0.08
349,46,"(19, 22)",1,-0.08
349,47,"(20, 22)",1,-0.08
349,48,"(21, 22)",0,-0.08
349,49,"(21, 21)",0,-0.08
349,50,"(21, 20)",1,-0.08
349,51,"(22, 20)",0,-0.08
349,52,"(22, 19)",1,-0.08
349,53,"(23, 19)",0,-0.08
349,54,"(23, 18)",0,-0.08
349,55,"(23, 17)",1,-0.08
349,56,"(24, 17)",1,-0.08
349,57,"(25, 17)",1,-0.08
349,58,"(26, 17)",1,-0.08
349,59,"(27, 17)",1,-0.08
349,60,"(28, 17)",0,-0.08
349,61,"(28, 16)",1,-0.08
349,62,"(29, 16)",0,-0.08
349,63,"(29, 15)",1,-0.08
349,64,"(30, 15)",1,-0.08
349,65,"(31, 15)",0,-0.08
349,66,"(31, 14)",0,-0.08
349,67,"(31, 13)",1,-0.08
349,68,"(32, 13)",1,-0.08
349,69,"(33, 13)",1,-0.08
349,70,"(34, 13)",1,-0.08
349,71,"(35, 13)",0,-0.08
349,72,"(35, 12)",1,-0.08
349,73,"(36, 12)",1,-0.08
349,74,"(37, 12)",1,-0.08
349,75,"(38, 12)",1,-0.08
349,76,"(39, 12)",0,-0.08
349,77,"(39, 11)",1,-0.08
349,78,"(40, 11)",1,-0.08
349,79,"(41, 11)",1,-0.08
349,80,"(42, 11)",1,-0.08
349,81,"(43, 11)",1,-0.08
349,82,"(44, 11)",1,-0.08
349,83,"(45, 11)",0,-0.08
349,84,"(45, 10)",0,-0.08
349,85,"(45, 9)",0,-0.08
349,86,"(45, 8)",1,-0.08
349,87,"(46, 8)",0,-0.08
349,88,"(46, 7)",1,-0.08
349,89,"(47, 7)",1,-0.08
349,90,"(48, 7)",1,-0.08
349,91,"(49, 7)",1,-0.08
349,92,"(50, 7)",1,-0.08
349,93,"(51, 7)",1,-0.08
349,94,"(52, 7)",1,-0.08
349,95,"(53, 7)",1,-0.08
349,96,"(54, 7)",1,-0.08
349,97,"(55, 7)",1,-0.08
349,98,"(56, 7)",1,-0.08
349,99,"(57, 7)",1,-0.08
349,100,"(58, 7)",1,-0.08
349,101,"(59, 7)",1,-0.08
349,102,"(60, 7)",1,-0.08
349,103,"(61, 7)",1,-0.08
349,104,"(62, 7)",1,-0.08
349,105,"(63, 7)",1,-0.08
349,106,"(64, 7)",1,-0.08
349,107,"(65, 7)",1,-0.08
349,108,"(66, 7)",1,-0.08
349,109,"(67, 7)",1,-0.08
349,110,"(68, 7)",1,-0.08
349,111,"(69, 7)",1,-0.08
349,112,"(70, 7)",1,-0.08
349,113,"(71, 7)",0,-0.08
349,114,"(71, 6)",1,-0.08
349,115,"(72, 6)",0,-0.08
349,116,"(72, 5)",1,-0.08
349,117,"(73, 5)",1,-0.08
349,118,"(74, 5)",0,-0.08
349,119,"(74, 4)",1,-0.08
349,120,"(75, 4)",0,-0.08
349,121,"(75, 3)",1,-0.08
349,122,"(76, 3)",1,-0.08
349,123,"(77, 3)",0,-0.08
349,124,"(77, 2)",0,-0.08
349,125,"(77, 1)",0,-0.08
349,126,"(77, 0)",1,-0.08
349,127,"(78, 0)",1,8.33
350,0,"(0, 39)",1,-0.08
350,1,"(1, 39)",0,-0.08
350,2,"(1, 38)",0,-0.08
350,3,"(1, 37)",0,-8.33
350,4,"(1, 37)",3,-0.08
350,5,"(0, 37)",0,-0.08
350,6,"(0, 36)",0,-0.08
350,7,"(0, 35)",0,-0.08
350,8,"(0, 34)",1,-0.08
350,9,"(1, 34)",1,-0.08
350,10,"(2, 34)",0,-0.08
350,11,"(2, 33)",0,-0.08
350,12,"(2, 32)",1,-0.08
350,13,"(3, 32)",0,-0.08
350,14,"(3, 31)",0,-8.33
350,15,"(3, 31)",0,-8.33
350,16,"(3, 31)",3,-0.08
350,17,"(2, 31)",3,-0.08
350,18,"(1, 31)",0,-0.08
350,19,"(1, 30)",0,-0.08
350,20,"(1, 29)",0,-0.08
350,21,"(1, 28)",0,-0.08
350,22,"(1, 27)",0,-0.08
350,23,"(1, 26)",0,-0.08
350,24,"(1, 25)",1,-0.08
350,25,"(2, 25)",1,-0.08
350,26,"(3, 25)",1,-0.08
350,27,"(4, 25)",1,-0.08
350,28,"(5, 25)",1,-0.08
350,29,"(6, 25)",1,-0.08
350,30,"(7, 25)",1,-0.08
350,31,"(8, 25)",1,-0.08
350,32,"(9, 25)",0,-0.08
350,33,"(9, 24)",1,-0.08
350,34,"(10, 24)",1,-0.08
350,35,"(11, 24)",1,-0.08
350,36,"(12, 24)",1,-0.08
350,37,"(13, 24)",1,-0.08
350,38,"(14, 24)",0,-0.08
350,39,"(14, 23)",1,-0.08
350,40,"(15, 23)",1,-0.08
350,41,"(16, 23)",0,-0.08
350,42,"(16, 22)",1,-0.08
350,43,"(17, 22)",1,-0.08
350,44,"(18, 22)",1,-0.08
350,45,"(19, 22)",1,-0.08
350,46,"(20, 22)",1,-0.08
350,47,"(21, 22)",0,-0.08
350,48,"(21, 21)",1,-0.08
350,49,"(22, 21)",0,-0.08
350,50,"(22, 20)",1,-0.08
350,51,"(23, 20)",0,-0.08
350,52,"(23, 19)",0,-0.08
350,53,"(23, 18)",0,-0.08
350,54,"(23, 17)",0,-0.08
350,55,"(23, 16)",0,-0.08
350,56,"(23, 15)",1,-0.08
350,57,"(24, 15)",1,-0.08
350,58,"(25, 15)",1,-0.08
350,59,"(26, 15)",1,-0.08
350,60,"(27, 15)",1,-0.08
350,61,"(28, 15)",1,-0.08
350,62,"(29, 15)",1,-0.08
350,63,"(30, 15)",1,-0.08
350,64,"(31, 15)",0,-0.08
350,65,"(31, 14)",0,-0.08
350,66,"(31, 13)",1,-0.08
350,67,"(32, 13)",1,-0.08
350,68,"(33, 13)",1,-0.08
350,69,"(34, 13)",1,-0.08
350,70,"(35, 13)",1,-0.08
350,71,"(36, 13)",1,-0.08
350,72,"(37, 13)",0,-0.08
350,73,"(37, 12)",1,-0.08
350,74,"(38, 12)",1,-0.08
350,75,"(39, 12)",0,-0.08
350,76,"(39, 11)",1,-0.08
350,77,"(40, 11)",1,-0.08
350,78,"(41, 11)",1,-0.08
350,79,"(42, 11)",1,-0.08
350,80,"(43, 11)",1,-0.08
350,81,"(44, 11)",1,-0.08
350,82,"(45, 11)",0,-0.08
350,83,"(45, 10)",1,-0.08
350,84,"(46, 10)",0,-0.08
350,85,"(46, 9)",0,-0.08
350,86,"(46, 8)",0,-0.08
350,87,"(46, 7)",1,-0.08
350,88,"(47, 7)",1,-0.08
350,89,"(48, 7)",1,-0.08
350,90,"(49, 7)",1,-0.08
350,91,"(50, 7)",1,-0.08
350,92,"(51, 7)",1,-0.08
350,93,"(52, 7)",1,-0.08
350,94,"(53, 7)",1,-0.08
350,95,"(54, 7)",1,-0.08
350,96,"(55, 7)",1,-0.08
350,97,"(56, 7)",1,-0.08
350,98,"(57, 7)",1,-0.08
350,99,"(58, 7)",1,-0.08
350,100,"(59, 7)",1,-0.08
350,101,"(60, 7)",1,-0.08
350,102,"(61, 7)",1,-0.08
350,103,"(62, 7)",1,-0.08
350,104,"(63, 7)",1,-0.08
350,105,"(64, 7)",1,-0.08
350,106,"(65, 7)",1,-0.08
350,107,"(66, 7)",1,-0.08
350,108,"(67, 7)",1,-0.08
350,109,"(68, 7)",1,-0.08
350,110,"(69, 7)",0,-0.08
350,111,"(69, 6)",1,-0.08
350,112,"(70, 6)",1,-0.08
350,113,"(71, 6)",1,-0.08
350,114,"(72, 6)",1,-0.08
350,115,"(73, 6)",1,-0.08
350,116,"(74, 6)",0,-0.08
350,117,"(74, 5)",0,-0.08
350,118,"(74, 4)",1,-0.08
350,119,"(75, 4)",0,-0.08
350,120,"(75, 3)",1,-0.08
350,121,"(76, 3)",0,-0.08
350,122,"(76, 2)",1,-0.08
350,123,"(77, 2)",0,-0.08
350,124,"(77, 1)",1,-0.08
350,125,"(78, 1)",1,-0.08
350,126,"(79, 1)",0,8.33
351,0,"(0, 39)",0,-0.08
351,1,"(0, 38)",1,-0.08
351,2,"(1, 38)",1,-8.33
351,3,"(1, 38)",0,-0.08
351,4,"(1, 37)",0,-8.33
351,5,"(1, 37)",3,-0.08
351,6,"(0, 37)",0,-0.08
351,7,"(0, 36)",0,-0.08
351,8,"(0, 35)",1,-0.08
351,9,"(1, 35)",0,-0.08
351,10,"(1, 34)",1,-0.08
351,11,"(2, 34)",0,-0.08
351,12,"(2, 33)",0,-0.08
351,13,"(2, 32)",1,-0.08
351,14,"(3, 32)",0,-0.08
351,15,"(3, 31)",0,-8.33
351,16,"(3, 31)",0,-8.33
351,17,"(3, 31)",3,-0.08
351,18,"(2, 31)",3,-0.08
351,19,"(1, 31)",0,-0.08
351,20,"(1, 30)",0,-0.08
351,21,"(1, 29)",0,-0.08
351,22,"(1, 28)",0,-0.08
351,23,"(1, 27)",0,-0.08
351,24,"(1, 26)",1,-0.08
351,25,"(2, 26)",0,-0.08
351,26,"(2, 25)",1,-0.08
351,27,"(3, 25)",1,-0.08
351,28,"(4, 25)",1,-0.08
351,29,"(5, 25)",1,-0.08
351,30,"(6, 25)",1,-0.08
351,31,"(7, 25)",1,-0.08
351,32,"(8, 25)",1,-0.08
351,33,"(9, 25)",0,-0.08
351,34,"(9, 24)",1,-0.08
351,35,"(10, 24)",1,-0.08
351,36,"(11, 24)",1,-0.08
351,37,"(12, 24)",1,-0.08
351,38,"(13, 24)",1,-0.08
351,39,"(14, 24)",0,-0.08
351,40,"(14, 23)",1,-0.08
351,41,"(15, 23)",1,-0.08
351,42,"(16, 23)",0,-0.08
351,43,"(16, 22)",1,-0.08
351,44,"(17, 22)",1,-0.08
351,45,"(18, 22)",1,-0.08
351,46,"(19, 22)",0,-0.08
351,47,"(19, 21)",1,-0.08
351,48,"(20, 21)",0,-0.08
351,49,"(20, 20)",0,-0.08
351,50,"(20, 19)",1,-0.08
351,51,"(21, 19)",1,-0.08
351,52,"(22, 19)",1,-0.08
351,53,"(23, 19)",0,-0.08
351,54,"(23, 18)",0,-0.08
351,55,"(23, 17)",0,-0.08
351,56,"(23, 16)",0,-0.08
351,57,"(23, 15)",1,-0.08
351,58,"(24, 15)",1,-0.08
351,59,"(25, 15)",1,-0.08
351,60,"(26, 15)",1,-0.08
351,61,"(27, 15)",1,-0.08
351,62,"(28, 15)",1,-0.08
351,63,"(29, 15)",0,-0.08
351,64,"(29, 14)",0,-0.08
351,65,"(29, 13)",1,-0.08
351,66,"(30, 13)",1,-0.08
351,67,"(31, 13)",1,-0.08
351,68,"(32, 13)",1,-0.08
351,69,"(33, 13)",1,-0.08
351,70,"(34, 13)",1,-0.08
351,71,"(35, 13)",0,-0.08
351,72,"(35, 12)",1,-0.08
351,73,"(36, 12)",1,-0.08
351,74,"(37, 12)",1,-0.08
351,75,"(38, 12)",1,-0.08
351,76,"(39, 12)",0,-0.08
351,77,"(39, 11)",1,-0.08
351,78,"(40, 11)",1,-0.08
351,79,"(41, 11)",1,-0.08
351,80,"(42, 11)",1,-0.08
351,81,"(43, 11)",1,-0.08
351,82,"(44, 11)",1,-0.08
351,83,"(45, 11)",0,-0.08
351,84,"(45, 10)",0,-0.08
351,85,"(45, 9)",1,-0.08
351,86,"(46, 9)",0,-0.08
351,87,"(46, 8)",0,-0.08
351,88,"(46, 7)",1,-0.08
351,89,"(47, 7)",1,-0.08
351,90,"(48, 7)",1,-0.08
351,91,"(49, 7)",1,-0.08
351,92,"(50, 7)",1,-0.08
351,93,"(51, 7)",1,-0.08
351,94,"(52, 7)",1,-0.08
351,95,"(53, 7)",1,-0.08
351,96,"(54, 7)",1,-0.08
351,97,"(55, 7)",1,-0.08
351,98,"(56, 7)",1,-0.08
351,99,"(57, 7)",1,-0.08
351,100,"(58, 7)",1,-0.08
351,101,"(59, 7)",1,-0.08
351,102,"(60, 7)",1,-0.08
351,103,"(61, 7)",1,-0.08
351,104,"(62, 7)",1,-0.08
351,105,"(63, 7)",1,-0.08
351,106,"(64, 7)",1,-0.08
351,107,"(65, 7)",1,-0.08
351,108,"(66, 7)",1,-0.08
351,109,"(67, 7)",1,-0.08
351,110,"(68, 7)",1,-0.08
351,111,"(69, 7)",0,-0.08
351,112,"(69, 6)",1,-0.08
351,113,"(70, 6)",1,-0.08
351,114,"(71, 6)",1,-0.08
351,115,"(72, 6)",1,-0.08
351,116,"(73, 6)",0,-0.08
351,117,"(73, 5)",1,-0.08
351,118,"(74, 5)",0,-0.08
351,119,"(74, 4)",1,-0.08
351,120,"(75, 4)",0,-0.08
351,121,"(75, 3)",1,-0.08
351,122,"(76, 3)",0,-0.08
351,123,"(76, 2)",0,-0.08
351,124,"(76, 1)",1,-0.08
351,125,"(77, 1)",0,-0.08
351,126,"(77, 0)",1,-0.08
351,127,"(78, 0)",1,8.33
352,0,"(0, 39)",0,-0.08
352,1,"(0, 38)",1,-0.08
352,2,"(1, 38)",1,-8.33
352,3,"(1, 38)",0,-0.08
352,4,"(1, 37)",0,-8.33
352,5,"(1, 37)",3,-0.08
352,6,"(0, 37)",0,-0.08
352,7,"(0, 36)",0,-0.08
352,8,"(0, 35)",0,-0.08
352,9,"(0, 34)",1,-0.08
352,10,"(1, 34)",1,-0.08
352,11,"(2, 34)",0,-0.08
352,12,"(2, 33)",1,-0.08
352,13,"(3, 33)",0,-0.08
352,14,"(3, 32)",0,-0.08
352,15,"(3, 31)",0,-8.33
352,16,"(3, 31)",3,-0.08
352,17,"(2, 31)",3,-0.08
352,18,"(1, 31)",0,-0.08
352,19,"(1, 30)",0,-0.08
352,20,"(1, 29)",0,-0.08
352,21,"(1, 28)",0,-0.08
352,22,"(1, 27)",0,-0.08
352,23,"(1, 26)",0,-0.08
352,24,"(1, 25)",1,-0.08
352,25,"(2, 25)",1,-0.08
352,26,"(3, 25)",1,-0.08
352,27,"(4, 25)",1,-0.08
352,28,"(5, 25)",1,-0.08
352,29,"(6, 25)",1,-0.08
352,30,"(7, 25)",1,-0.08
352,31,"(8, 25)",1,-0.08
352,32,"(9, 25)",0,-0.08
352,33,"(9, 24)",1,-0.08
352,34,"(10, 24)",1,-0.08
352,35,"(11, 24)",1,-0.08
352,36,"(12, 24)",1,-0.08
352,37,"(13, 24)",0,-0.08
352,38,"(13, 23)",1,-0.08
352,39,"(14, 23)",1,-0.08
352,40,"(15, 23)",1,-0.08
352,41,"(16, 23)",0,-0.08
352,42,"(16, 22)",1,-0.08
352,43,"(17, 22)",1,-0.08
352,44,"(18, 22)",1,-0.08
352,45,"(19, 22)",0,-0.08
352,46,"(19, 21)",1,-0.08
352,47,"(20, 21)",0,-0.08
352,48,"(20, 20)",1,-0.08
352,49,"(21, 20)",1,-0.08
352,50,"(22, 20)",0,-0.08
352,51,"(22, 19)",1,-0.08
352,52,"(23, 19)",0,-0.08
352,53,"(23, 18)",0,-0.08
352,54,"(23, 17)",0,-0.08
352,55,"(23, 16)",0,-0.08
352,56,"(23, 15)",1,-0.08
352,57,"(24, 15)",1,-0.08
352,58,"(25, 15)",1,-0.08
352,59,"(26, 15)",1,-0.08
352,60,"(27, 15)",0,-0.08
352,61,"(27, 14)",0,-0.08
352,62,"(27, 13)",1,-0.08
352,63,"(28, 13)",1,-0.08
352,64,"(29, 13)",1,-0.08
352,65,"(30, 13)",1,-0.08
352,66,"(31, 13)",1,-0.08
352,67,"(32, 13)",1,-0.08
352,68,"(33, 13)",1,-0.08
352,69,"(34, 13)",1,-0.08
352,70,"(35, 13)",1,-0.08
352,71,"(36, 13)",1,-0.08
352,72,"(37, 13)",0,-0.08
352,73,"(37, 12)",1,-0.08
352,74,"(38, 12)",1,-0.08
352,75,"(39, 12)",0,-0.08
352,76,"(39, 11)",1,-0.08
352,77,"(40, 11)",1,-0.08
352,78,"(41, 11)",1,-0.08
352,79,"(42, 11)",1,-0.08
352,80,"(43, 11)",1,-0.08
352,81,"(44, 11)",1,-0.08
352,82,"(45, 11)",0,-0.08
352,83,"(45, 10)",0,-0.08
352,84,"(45, 9)",1,-0.08
352,85,"(46, 9)",0,-0.08
352,86,"(46, 8)",0,-0.08
352,87,"(46, 7)",1,-0.08
352,88,"(47, 7)",1,-0.08
352,89,"(48, 7)",1,-0.08
352,90,"(49, 7)",1,-0.08
352,91,"(50, 7)",1,-0.08
352,92,"(51, 7)",1,-0.08
352,93,"(52, 7)",1,-0.08
352,94,"(53, 7)",1,-0.08
352,95,"(54, 7)",1,-0.08
352,96,"(55, 7)",1,-0.08
352,97,"(56, 7)",1,-0.08
352,98,"(57, 7)",1,-0.08
352,99,"(58, 7)",1,-0.08
352,100,"(59, 7)",1,-0.08
352,101,"(60, 7)",1,-0.08
352,102,"(61, 7)",1,-0.08
352,103,"(62, 7)",1,-0.08
352,104,"(63, 7)",1,-0.08
352,105,"(64, 7)",1,-0.08
352,106,"(65, 7)",1,-0.08
352,107,"(66, 7)",1,-0.08
352,108,"(67, 7)",1,-0.08
352,109,"(68, 7)",1,-0.08
352,110,"(69, 7)",0,-0.08
352,111,"(69, 6)",1,-0.08
352,112,"(70, 6)",1,-0.08
352,113,"(71, 6)",0,-0.08
352,114,"(71, 5)",1,-0.08
352,115,"(72, 5)",1,-0.08
352,116,"(73, 5)",1,-0.08
352,117,"(74, 5)",1,-0.08
352,118,"(75, 5)",1,-0.08
352,119,"(76, 5)",1,-0.08
352,120,"(77, 5)",0,-0.08
352,121,"(77, 4)",0,-0.08
352,122,"(77, 3)",0,-0.08
352,123,"(77, 2)",0,-0.08
352,124,"(77, 1)",1,-0.08
352,125,"(78, 1)",1,-0.08
352,126,"(79, 1)",0,8.33
353,0,"(0, 39)",1,-0.08
353,1,"(1, 39)",1,-0.08
353,2,"(2, 39)",1,-0.08
353,3,"(3, 39)",1,-0.08
353,4,"(4, 39)",1,-0.08
353,5,"(5, 39)",1,-0.08
353,6,"(6, 39)",1,-0.08
353,7,"(7, 39)",1,-0.08
353,8,"(8, 39)",1,-0.08
353,9,"(9, 39)",0,-8.33
353,10,"(9, 39)",1,-0.08
353,11,"(10, 39)",1,-0.08
353,12,"(11, 39)",0,-0.08
353,13,"(11, 38)",1,-0.08
353,14,"(12, 38)",0,-0.08
353,15,"(12, 37)",1,-0.08
353,16,"(13, 37)",1,-0.08
353,17,"(14, 37)",1,-0.08
353,18,"(15, 37)",1,-0.08
353,19,"(16, 37)",0,-0.08
353,20,"(16, 36)",1,-0.08
353,21,"(17, 36)",0,-0.08
353,22,"(17, 35)",0,-0.08
353,23,"(17, 34)",1,-0.08
353,24,"(18, 34)",1,-0.08
353,25,"(19, 34)",0,-0.08
353,26,"(19, 33)",0,-0.08
353,27,"(19, 32)",0,-0.08
353,28,"(19, 31)",0,-0.08
353,29,"(19, 30)",0,-0.08
353,30,"(19, 29)",1,-0.08
353,31,"(20, 29)",0,-0.08
353,32,"(20, 28)",1,-0.08
353,33,"(21, 28)",0,-0.08
353,34,"(21, 27)",1,-8.33
353,35,"(21, 27)",0,-0.08
353,36,"(21, 26)",0,-0.08
353,37,"(21, 25)",1,-0.08
353,38,"(22, 25)",1,-0.08
353,39,"(23, 25)",0,-0.08
353,40,"(23, 24)",0,-0.08
353,41,"(23, 23)",1,-0.08
353,42,"(24, 23)",1,-0.08
353,43,"(25, 23)",0,-0.08
353,44,"(25, 22)",0,-0.08
353,45,"(25, 21)",0,-0.08
353,46,"(25, 20)",0,-0.08
353,47,"(25, 19)",1,-0.08
353,48,"(26, 19)",1,-0.08
353,49,"(27, 19)",0,-0.08
353,50,"(27, 18)",0,-0.08
353,51,"(27, 17)",0,-0.08
353,52,"(27, 16)",1,-0.08
353,53,"(28, 16)",1,-0.08
353,54,"(29, 16)",0,-0.08
353,55,"(29, 15)",1,-0.08
353,56,"(30, 15)",1,-0.08
353,57,"(31, 15)",1,-0.08
353,58,"(32, 15)",1,-0.08
353,59,"(33, 15)",1,-0.08
353,60,"(34, 15)",0,-0.08
353,61,"(34, 14)",0,-0.08
353,62,"(34, 13)",1,-0.08
353,63,"(35, 13)",1,-0.08
353,64,"(36, 13)",1,-0.08
353,65,"(37, 13)",1,-0.08
353,66,"(38, 13)",0,-0.08
353,67,"(38, 12)",1,-0.08
353,68,"(39, 12)",0,-0.08
353,69,"(39, 11)",1,-0.08
353,70,"(40, 11)",1,-0.08
353,71,"(41, 11)",1,-0.08
353,72,"(42, 11)",1,-0.08
353,73,"(43, 11)",1,-0.08
353,74,"(44, 11)",1,-0.08
353,75,"(45, 11)",0,-0.08
353,76,"(45, 10)",0,-0.08
353,77,"(45, 9)",1,-0.08
353,78,"(46, 9)",0,-0.08
353,79,"(46, 8)",0,-0.08
353,80,"(46, 7)",1,-0.08
353,81,"(47, 7)",1,-0.08
353,82,"(48, 7)",1,-0.08
353,83,"(49, 7)",1,-0.08
353,84,"(50, 7)",1,-0.08
353,85,"(51, 7)",1,-0.08
353,86,"(52, 7)",1,-0.08
353,87,"(53, 7)",1,-0.08
353,88,"(54, 7)",1,-0.08
353,89,"(55, 7)",1,-0.08
353,90,"(56, 7)",1,-0.08
353,91,"(57, 7)",1,-0.08
353,92,"(58, 7)",1,-0.08
353,93,"(59, 7)",1,-0.08
353,94,"(60, 7)",1,-0.08
353,95,"(61, 7)",1,-0.08
353,96,"(62, 7)",1,-0.08
353,97,"(63, 7)",1,-0.08
353,98,"(64, 7)",1,-0.08
353,99,"(65, 7)",1,-0.08
353,100,"(66, 7)",1,-0.08
353,101,"(67, 7)",1,-0.08
353,102,"(68, 7)",1,-0.08
353,103,"(69, 7)",1,-0.08
353,104,"(70, 7)",1,-0.08
353,105,"(71, 7)",1,-0.08
353,106,"(72, 7)",0,-0.08
353,107,"(72, 6)",0,-0.08
353,108,"(72, 5)",1,-0.08
353,109,"(73, 5)",1,-0.08
353,110,"(74, 5)",0,-0.08
353,111,"(74, 4)",0,-0.08
353,112,"(74, 3)",1,-0.08
353,113,"(75, 3)",1,-0.08
353,114,"(76, 3)",1,-0.08
353,115,"(77, 3)",0,-0.08
353,116,"(77, 2)",0,-0.08
353,117,"(77, 1)",1,-0.08
353,118,"(78, 1)",0,-0.08
353,119,"(78, 0)",1,8.33
354,0,"(0, 39)",1,-0.08
354,1,"(1, 39)",1,-0.08
354,2,"(2, 39)",1,-0.08
354,3,"(3, 39)",0,-0.08
354,4,"(3, 38)",0,-0.08
354,5,"(3, 37)",1,-8.33
354,6,"(3, 37)",0,-0.08
354,7,"(3, 36)",0,-0.08
354,8,"(3, 35)",3,-0.08
354,9,"(2, 35)",0,-0.08
354,10,"(2, 34)",0,-0.08
354,11,"(2, 33)",1,-0.08
354,12,"(3, 33)",0,-0.08
354,13,"(3, 32)",0,-0.08
354,14,"(3, 31)",0,-8.33
354,15,"(3, 31)",2,-0.08
354,16,"(3, 32)",2,-0.08
354,17,"(3, 33)",1,-0.08
354,18,"(4, 33)",1,-0.08
354,19,"(5, 33)",1,-0.08
354,20,"(6, 33)",1,-0.08
354,21,"(7, 33)",0,-0.08
354,22,"(7, 32)",1,-0.08
354,23,"(8, 32)",0,-0.08
354,24,"(8, 31)",0,-0.08
354,25,"(8, 30)",0,-0.08
354,26,"(8, 29)",0,-0.08
354,27,"(8, 28)",0,-0.08
354,28,"(8, 27)",1,-0.08
354,29,"(9, 27)",1,-0.08
354,30,"(10, 27)",1,-0.08
354,31,"(11, 27)",1,-0.08
354,32,"(12, 27)",0,-0.08
354,33,"(12, 26)",1,-0.08
354,34,"(13, 26)",0,-0.08
354,35,"(13, 25)",1,-0.08
354,36,"(14, 25)",1,-0.08
354,37,"(15, 25)",1,-0.08
354,38,"(16, 25)",1,-0.08
354,39,"(17, 25)",0,-0.08
354,40,"(17, 24)",0,-0.08
354,41,"(17, 23)",0,-0.08
354,42,"(17, 22)",1,-0.08
354,43,"(18, 22)",1,-0.08
354,44,"(19, 22)",0,-0.08
354,45,"(19, 21)",0,-0.08
354,46,"(19, 20)",0,-0.08
354,47,"(19, 19)",1,-0.08
354,48,"(20, 19)",1,-0.08
354,49,"(21, 19)",1,-0.08
354,50,"(22, 19)",1,-0.08
354,51,"(23, 19)",0,-0.08
354,52,"(23, 18)",0,-0.08
354,53,"(23, 17)",0,-0.08
354,54,"(23, 16)",0,-0.08
354,55,"(23, 15)",1,-0.08
354,56,"(24, 15)",1,-0.08
354,57,"(25, 15)",1,-0.08
354,58,"(26, 15)",1,-0.08
354,59,"(27, 15)",0,-0.08
354,60,"(27, 14)",0,-0.08
354,61,"(27, 13)",1,-0.08
354,62,"(28, 13)",1,-0.08
354,63,"(29, 13)",1,-0.08
354,64,"(30, 13)",1,-0.08
354,65,"(31, 13)",1,-0.08
354,66,"(32, 13)",1,-0.08
354,67,"(33, 13)",1,-0.08
354,68,"(34, 13)",1,-0.08
354,69,"(35, 13)",0,-0.08
354,70,"(35, 12)",1,-0.08
354,71,"(36, 12)",1,-0.08
354,72,"(37, 12)",1,-0.08
354,73,"(38, 12)",1,-0.08
354,74,"(39, 12)",0,-0.08
354,75,"(39, 11)",1,-0.08
354,76,"(40, 11)",1,-0.08
354,77,"(41, 11)",1,-0.08
354,78,"(42, 11)",1,-0.08
354,79,"(43, 11)",1,-0.08
354,80,"(44, 11)",1,-0.08
354,81,"(45, 11)",0,-0.08
354,82,"(45, 10)",1,-0.08
354,83,"(46, 10)",1,-0.08
354,84,"(47, 10)",1,-0.08
354,85,"(48, 10)",1,-0.08
354,86,"(49, 10)",0,-0.08
354,87,"(49, 9)",1,-0.08
354,88,"(50, 9)",1,-0.08
354,89,"(51, 9)",1,-0.08
354,90,"(52, 9)",1,-0.08
354,91,"(53, 9)",1,-0.08
354,92,"(54, 9)",1,-0.08
354,93,"(55, 9)",1,-0.08
354,94,"(56, 9)",1,-0.08
354,95,"(57, 9)",0,-0.08
354,96,"(57, 8)",0,-0.08
354,97,"(57, 7)",1,-0.08
354,98,"(58, 7)",1,-0.08
354,99,"(59, 7)",1,-0.08
354,100,"(60, 7)",1,-0.08
354,101,"(61, 7)",1,-0.08
354,102,"(62, 7)",1,-0.08
354,103,"(63, 7)",1,-0.08
354,104,"(64, 7)",1,-0.08
354,105,"(65, 7)",1,-0.08
354,106,"(66, 7)",1,-0.08
354,107,"(67, 7)",1,-0.08
354,108,"(68, 7)",1,-0.08
354,109,"(69, 7)",1,-0.08
354,110,"(70, 7)",1,-0.08
354,111,"(71, 7)",1,-0.08
354,112,"(72, 7)",1,-0.08
354,113,"(73, 7)",1,-0.08
354,114,"(74, 7)",1,-0.08
354,115,"(75, 7)",1,-0.08
354,116,"(76, 7)",1,-0.08
354,117,"(77, 7)",0,-0.08
354,118,"(77, 6)",1,-0.08
354,119,"(78, 6)",1,-0.08
354,120,"(79, 6)",0,-0.08
354,121,"(79, 5)",0,-0.08
354,122,"(79, 4)",0,-0.08
354,123,"(79, 3)",0,-0.08
354,124,"(79, 2)",0,-0.08
354,125,"(79, 1)",0,8.33
355,0,"(0, 39)",0,-0.08
355,1,"(0, 38)",0,-0.08
355,2,"(0, 37)",0,-0.08
355,3,"(0, 36)",1,-8.33
355,4,"(0, 36)",0,-0.08
355,5,"(0, 35)",1,-0.08
355,6,"(1, 35)",0,-0.08
355,7,"(1, 34)",1,-0.08
355,8,"(2, 34)",0,-0.08
355,9,"(2, 33)",0,-0.08
355,10,"(2, 32)",0,-0.08
355,11,"(2, 31)",1,-0.08
355,12,"(3, 31)",0,-8.33
355,13,"(3, 31)",0,-8.33
355,14,"(3, 31)",3,-0.08
355,15,"(2, 31)",3,-0.08
355,16,"(1, 31)",0,-0.08
355,17,"(1, 30)",0,-0.08
355,18,"(1, 29)",1,-0.08
355,19,"(2, 29)",1,-0.08
355,20,"(3, 29)",1,-0.08
355,21,"(4, 29)",1,-0.08
355,22,"(5, 29)",1,-0.08
355,23,"(6, 29)",1,-0.08
355,24,"(7, 29)",0,-0.08
355,25,"(7, 28)",1,-0.08
355,26,"(8, 28)",0,-0.08
355,27,"(8, 27)",1,-0.08
355,28,"(9, 27)",1,-0.08
355,29,"(10, 27)",1,-0.08
355,30,"(11, 27)",1,-0.08
355,31,"(12, 27)",1,-0.08
355,32,"(13, 27)",1,-0.08
355,33,"(14, 27)",1,-0.08
355,34,"(15, 27)",1,-0.08
355,35,"(16, 27)",0,-0.08
355,36,"(16, 26)",0,-0.08
355,37,"(16, 25)",1,-0.08
355,38,"(17, 25)",0,-0.08
355,39,"(17, 24)",0,-0.08
355,40,"(17, 23)",0,-0.08
355,41,"(17, 22)",1,-0.08
355,42,"(18, 22)",1,-0.08
355,43,"(19, 22)",0,-0.08
355,44,"(19, 21)",1,-0.08
355,45,"(20, 21)",1,-0.08
355,46,"(21, 21)",1,-0.08
355,47,"(22, 21)",0,-0.08
355,48,"(22, 20)",0,-0.08
355,49,"(22, 19)",1,-0.08
355,50,"(23, 19)",0,-0.08
355,51,"(23, 18)",0,-0.08
355,52,"(23, 17)",1,-0.08
355,53,"(24, 17)",1,-0.08
355,54,"(25, 17)",1,-0.08
355,55,"(26, 17)",1,-0.08
355,56,"(27, 17)",1,-0.08
355,57,"(28, 17)",0,-0.08
355,58,"(28, 16)",1,-0.08
355,59,"(29, 16)",0,-0.08
355,60,"(29, 15)",0,-0.08
355,61,"(29, 14)",0,-0.08
355,62,"(29, 13)",1,-0.08
355,63,"(30, 13)",1,-0.08
355,64,"(31, 13)",1,-0.08
355,65,"(32, 13)",1,-0.08
355,66,"(33, 13)",1,-0.08
355,67,"(34, 13)",1,-0.08
355,68,"(35, 13)",1,-0.08
355,69,"(36, 13)",1,-0.08
355,70,"(37, 13)",1,-0.08
355,71,"(38, 13)",0,-0.08
355,72,"(38, 12)",1,-0.08
355,73,"(39, 12)",0,-0.08
355,74,"(39, 11)",1,-0.08
355,75,"(40, 11)",1,-0.08
355,76,"(41, 11)",1,-0.08
355,77,"(42, 11)",1,-0.08
355,78,"(43, 11)",1,-0.08
355,79,"(44, 11)",1,-0.08
355,80,"(45, 11)",0,-0.08
355,81,"(45, 10)",1,-0.08
355,82,"(46, 10)",1,-0.08
355,83,"(47, 10)",1,-0.08
355,84,"(48, 10)",1,-0.08
355,85,"(49, 10)",0,-0.08
355,86,"(49, 9)",1,-0.08
355,87,"(50, 9)",1,-0.08
355,88,"(51, 9)",1,-0.08
355,89,"(52, 9)",1,-0.08
355,90,"(53, 9)",1,-0.08
355,91,"(54, 9)",1,-0.08
355,92,"(55, 9)",1,-0.08
355,93,"(56, 9)",1,-0.08
355,94,"(57, 9)",1,-0.08
355,95,"(58, 9)",0,-0.08
355,96,"(58, 8)",0,-0.08
355,97,"(58, 7)",1,-0.08
355,98,"(59, 7)",1,-0.08
355,99,"(60, 7)",1,-0.08
355,100,"(61, 7)",1,-0.08
355,101,"(62, 7)",1,-0.08
355,102,"(63, 7)",1,-0.08
355,103,"(64, 7)",1,-0.08
355,104,"(65, 7)",1,-0.08
355,105,"(66, 7)",1,-0.08
355,106,"(67, 7)",1,-0.08
355,107,"(68, 7)",1,-0.08
355,108,"(69, 7)",1,-0.08
355,109,"(70, 7)",0,-0.08
355,110,"(70, 6)",1,-0.08
355,111,"(71, 6)",0,-0.08
355,112,"(71, 5)",1,-0.08
355,113,"(72, 5)",1,-0.08
355,114,"(73, 5)",1,-0.08
355,115,"(74, 5)",0,-0.08
355,116,"(74, 4)",1,-0.08
355,117,"(75, 4)",0,-0.08
355,118,"(75, 3)",1,-0.08
355,119,"(76, 3)",1,-0.08
355,120,"(77, 3)",0,-0.08
355,121,"(77, 2)",0,-0.08
355,122,"(77, 1)",0,-0.08
355,123,"(77, 0)",1,-0.08
355,124,"(78, 0)",1,8.33
356,0,"(0, 39)",0,-0.08
356,1,"(0, 38)",0,-0.08
356,2,"(0, 37)",1,-0.08
356,3,"(1, 37)",1,-8.33
356,4,"(1, 37)",0,-8.33
356,5,"(1, 37)",3,-0.08
356,6,"(0, 37)",0,-0.08
356,7,"(0, 36)",0,-0.08
356,8,"(0, 35)",0,-0.08
356,9,"(0, 34)",1,-0.08
356,10,"(1, 34)",1,-0.08
356,11,"(2, 34)",0,-0.08
356,12,"(2, 33)",0,-0.08
356,13,"(2, 32)",1,-0.08
356,14,"(3, 32)",0,-0.08
356,15,"(3, 31)",0,-8.33
356,16,"(3, 31)",0,-8.33
356,17,"(3, 31)",3,-0.08
356,18,"(2, 31)",3,-0.08
356,19,"(1, 31)",0,-0.08
356,20,"(1, 30)",0,-0.08
356,21,"(1, 29)",1,-0.08
356,22,"(2, 29)",1,-0.08
356,23,"(3, 29)",1,-0.08
356,24,"(4, 29)",1,-0.08
356,25,"(5, 29)",1,-0.08
356,26,"(6, 29)",1,-0.08
356,27,"(7, 29)",1,-0.08
356,28,"(8, 29)",1,-0.08
356,29,"(9, 29)",1,-0.08
356,30,"(10, 29)",0,-0.08
356,31,"(10, 28)",0,-0.08
356,32,"(10, 27)",1,-0.08
356,33,"(11, 27)",1,-0.08
356,34,"(12, 27)",0,-0.08
356,35,"(12, 26)",0,-0.08
356,36,"(12, 25)",1,-0.08
356,37,"(13, 25)",0,-0.08
356,38,"(13, 24)",0,-0.08
356,39,"(13, 23)",1,-0.08
356,40,"(14, 23)",1,-0.08
356,41,"(15, 23)",1,-0.08
356,42,"(16, 23)",1,-0.08
356,43,"(17, 23)",1,-0.08
356,44,"(18, 23)",0,-0.08
356,45,"(18, 22)",1,-0.08
356,46,"(19, 22)",0,-0.08
356,47,"(19, 21)",0,-0.08
356,48,"(19, 20)",0,-0.08
356,49,"(19, 19)",1,-0.08
356,50,"(20, 19)",1,-0.08
356,51,"(21, 19)",1,-0.08
356,52,"(22, 19)",1,-0.08
356,53,"(23, 19)",0,-0.08
356,54,"(23, 18)",0,-0.08
356,55,"(23, 17)",1,-0.08
356,56,"(24, 17)",1,-0.08
356,57,"(25, 17)",1,-0.08
356,58,"(26, 17)",1,-0.08
356,59,"(27, 17)",0,-0.08
356,60,"(27, 16)",1,-0.08
356,61,"(28, 16)",0,-0.08
356,62,"(28, 15)",1,-0.08
356,63,"(29, 15)",1,-0.08
356,64,"(30, 15)",1,-0.08
356,65,"(31, 15)",0,-0.08
356,66,"(31, 14)",1,-0.08
356,67,"(32, 14)",0,-0.08
356,68,"(32, 13)",1,-0.08
356,69,"(33, 13)",1,-0.08
356,70,"(34, 13)",1,-0.08
356,71,"(35, 13)",0,-0.08
356,72,"(35, 12)",1,-0.08
356,73,"(36, 12)",1,-0.08
356,74,"(37, 12)",1,-0.08
356,75,"(38, 12)",1,-0.08
356,76,"(39, 12)",0,-0.08
356,77,"(39, 11)",1,-0.08
356,78,"(40, 11)",1,-0.08
356,79,"(41, 11)",1,-0.08
356,80,"(42, 11)",1,-0.08
356,81,"(43, 11)",1,-0.08
356,82,"(44, 11)",1,-0.08
356,83,"(45, 11)",0,-0.08
356,84,"(45, 10)",0,-0.08
356,85,"(45, 9)",0,-0.08
356,86,"(45, 8)",1,-0.08
356,87,"(46, 8)",0,-0.08
356,88,"(46, 7)",1,-0.08
356,89,"(47, 7)",1,-0.08
356,90,"(48, 7)",1,-0.08
356,91,"(49, 7)",1,-0.08
356,92,"(50, 7)",1,-0.08
356,93,"(51, 7)",1,-0.08
356,94,"(52, 7)",1,-0.08
356,95,"(53, 7)",1,-0.08
356,96,"(54, 7)",1,-0.08
356,97,"(55, 7)",1,-0.08
356,98,"(56, 7)",1,-0.08
356,99,"(57, 7)",1,-0.08
356,100,"(58, 7)",1,-0.08
356,101,"(59, 7)",1,-0.08
356,102,"(60, 7)",1,-0.08
356,103,"(61, 7)",1,-0.08
356,104,"(62, 7)",1,-0.08
356,105,"(63, 7)",1,-0.08
356,106,"(64, 7)",1,-0.08
356,107,"(65, 7)",1,-0.08
356,108,"(66, 7)",1,-0.08
356,109,"(67, 7)",1,-0.08
356,110,"(68, 7)",1,-0.08
356,111,"(69, 7)",0,-0.08
356,112,"(69, 6)",1,-0.08
356,113,"(70, 6)",1,-0.08
356,114,"(71, 6)",0,-0.08
356,115,"(71, 5)",1,-0.08
356,116,"(72, 5)",1,-0.08
356,117,"(73, 5)",1,-0.08
356,118,"(74, 5)",0,-0.08
356,119,"(74, 4)",1,-0.08
356,120,"(75, 4)",0,-0.08
356,121,"(75, 3)",1,-0.08
356,122,"(76, 3)",0,-0.08
356,123,"(76, 2)",1,-0.08
356,124,"(77, 2)",0,-0.08
356,125,"(77, 1)",1,-0.08
356,126,"(78, 1)",0,-0.08
356,127,"(78, 0)",1,8.33
357,0,"(0, 39)",1,-0.08
357,1,"(1, 39)",1,-0.08
357,2,"(2, 39)",1,-0.08
357,3,"(3, 39)",0,-0.08
357,4,"(3, 38)",1,-8.33
357,5,"(3, 38)",0,-0.08
357,6,"(3, 37)",0,-0.08
357,7,"(3, 36)",1,-8.33
357,8,"(3, 36)",2,-0.08
357,9,"(3, 37)",1,-8.33
357,10,"(3, 37)",0,-0.08
357,11,"(3, 36)",0,-0.08
357,12,"(3, 35)",3,-0.08
357,13,"(2, 35)",0,-0.08
357,14,"(2, 34)",0,-0.08
357,15,"(2, 33)",1,-0.08
357,16,"(3, 33)",1,-0.08
357,17,"(4, 33)",1,-0.08
357,18,"(5, 33)",0,-0.08
357,19,"(5, 32)",0,-0.08
357,20,"(5, 31)",0,-0.08
357,21,"(5, 30)",0,-0.08
357,22,"(5, 29)",1,-0.08
357,23,"(6, 29)",1,-0.08
357,24,"(7, 29)",0,-0.08
357,25,"(7, 28)",1,-0.08
357,26,"(8, 28)",0,-0.08
357,27,"(8, 27)",1,-0.08
357,28,"(9, 27)",1,-0.08
357,29,"(10, 27)",1,-0.08
357,30,"(11, 27)",1,-0.08
357,31,"(12, 27)",1,-0.08
357,32,"(13, 27)",0,-0.08
357,33,"(13, 26)",0,-0.08
357,34,"(13, 25)",0,-0.08
357,35,"(13, 24)",0,-0.08
357,36,"(13, 23)",1,-0.08
357,37,"(14, 23)",1,-0.08
357,38,"(15, 23)",0,-8.33
357,39,"(15, 23)",1,-0.08
357,40,"(16, 23)",1,-0.08
357,41,"(17, 23)",1,-0.08
357,42,"(18, 23)",1,-0.08
357,43,"(19, 23)",1,-0.08
357,44,"(20, 23)",0,-0.08
357,45,"(20, 22)",1,-0.08
357,46,"(21, 22)",0,-0.08
357,47,"(21, 21)",0,-0.08
357,48,"(21, 20)",1,-0.08
357,49,"(22, 20)",1,-0.08
357,50,"(23, 20)",1,-0.08
357,51,"(24, 20)",1,-0.08
357,52,"(25, 20)",0,-0.08
357,53,"(25, 19)",0,-0.08
357,54,"(25, 18)",1,-0.08
357,55,"(26, 18)",1,-0.08
357,56,"(27, 18)",0,-0.08
357,57,"(27, 17)",0,-0.08
357,58,"(27, 16)",1,-0.08
357,59,"(28, 16)",1,-0.08
357,60,"(29, 16)",0,-0.08
357,61,"(29, 15)",1,-0.08
357,62,"(30, 15)",1,-0.08
357,63,"(31, 15)",0,-0.08
357,64,"(31, 14)",1,-0.08
357,65,"(32, 14)",0,-0.08
357,66,"(32, 13)",1,-0.08
357,67,"(33, 13)",1,-0.08
357,68,"(34, 13)",1,-0.08
357,69,"(35, 13)",0,-0.08
357,70,"(35, 12)",1,-0.08
357,71,"(36, 12)",1,-0.08
357,72,"(37, 12)",1,-0.08
357,73,"(38, 12)",1,-0.08
357,74,"(39, 12)",0,-0.08
357,75,"(39, 11)",1,-0.08
357,76,"(40, 11)",1,-0.08
357,77,"(41, 11)",1,-0.08
357,78,"(42, 11)",1,-0.08
357,79,"(43, 11)",1,-0.08
357,80,"(44, 11)",1,-0.08
357,81,"(45, 11)",0,-0.08
357,82,"(45, 10)",0,-0.08
357,83,"(45, 9)",1,-0.08
357,84,"(46, 9)",0,-0.08
357,85,"(46, 8)",0,-0.08
357,86,"(46, 7)",1,-0.08
357,87,"(47, 7)",1,-0.08
357,88,"(48, 7)",1,-0.08
357,89,"(49, 7)",1,-0.08
357,90,"(50, 7)",1,-0.08
357,91,"(51, 7)",1,-0.08
357,92,"(52, 7)",1,-0.08
357,93,"(53, 7)",1,-0.08
357,94,"(54, 7)",1,-0.08
357,95,"(55, 7)",1,-0.08
357,96,"(56, 7)",1,-0.08
357,97,"(57, 7)",1,-0.08
357,98,"(58, 7)",1,-0.08
357,99,"(59, 7)",1,-0.08
357,100,"(60, 7)",1,-0.08
357,101,"(61, 7)",1,-0.08
357,102,"(62, 7)",1,-0.08
357,103,"(63, 7)",1,-0.08
357,104,"(64, 7)",1,-0.08
357,105,"(65, 7)",1,-0.08
357,106,"(66, 7)",1,-0.08
357,107,"(67, 7)",1,-0.08
357,108,"(68, 7)",1,-0.08
357,109,"(69, 7)",0,-0.08
357,110,"(69, 6)",1,-0.08
357,111,"(70, 6)",1,-0.08
357,112,"(71, 6)",1,-0.08
357,113,"(72, 6)",1,-0.08
357,114,"(73, 6)",0,-0.08
357,115,"(73, 5)",1,-0.08
357,116,"(74, 5)",1,-0.08
357,117,"(75, 5)",0,-0.08
357,118,"(75, 4)",0,-0.08
357,119,"(75, 3)",1,-0.08
357,120,"(76, 3)",1,-0.08
357,121,"(77, 3)",0,-0.08
357,122,"(77, 2)",0,-0.08
357,123,"(77, 1)",1,-0.08
357,124,"(78, 1)",1,-0.08
357,125,"(79, 1)",0,8.33
358,0,"(0, 39)",0,-0.08
358,1,"(0, 38)",0,-0.08
358,2,"(0, 37)",1,-0.08
358,3,"(1, 37)",0,-8.33
358,4,"(1, 37)",3,-0.08
358,5,"(0, 37)",0,-0.08
358,6,"(0, 36)",0,-0.08
358,7,"(0, 35)",1,-0.08
358,8,"(1, 35)",0,-0.08
358,9,"(1, 34)",1,-0.08
358,10,"(2, 34)",0,-0.08
358,11,"(2, 33)",0,-0.08
358,12,"(2, 32)",1,-0.08
358,13,"(3, 32)",0,-0.08
358,14,"(3, 31)",0,-8.33
358,15,"(3, 31)",0,-8.33
358,16,"(3, 31)",3,-0.08
358,17,"(2, 31)",3,-0.08
358,18,"(1, 31)",0,-0.08
358,19,"(1, 30)",0,-0.08
358,20,"(1, 29)",1,-0.08
358,21,"(2, 29)",1,-0.08
358,22,"(3, 29)",1,-0.08
358,23,"(4, 29)",1,-0.08
358,24,"(5, 29)",1,-0.08
358,25,"(6, 29)",1,-0.08
358,26,"(7, 29)",1,-0.08
358,27,"(8, 29)",0,-0.08
358,28,"(8, 28)",0,-0.08
358,29,"(8, 27)",1,-0.08
358,30,"(9, 27)",1,-0.08
358,31,"(10, 27)",1,-0.08
358,32,"(11, 27)",1,-0.08
358,33,"(12, 27)",0,-0.08
358,34,"(12, 26)",0,-0.08
358,35,"(12, 25)",0,-0.08
358,36,"(12, 24)",1,-0.08
358,37,"(13, 24)",1,-0.08
358,38,"(14, 24)",0,-0.08
358,39,"(14, 23)",1,-0.08
358,40,"(15, 23)",1,-0.08
358,41,"(16, 23)",1,-0.08
358,42,"(17, 23)",1,-0.08
358,43,"(18, 23)",1,-0.08
358,44,"(19, 23)",0,-0.08
358,45,"(19, 22)",1,-0.08
358,46,"(20, 22)",1,-0.08
358,47,"(21, 22)",0,-0.08
358,48,"(21, 21)",1,-0.08
358,49,"(22, 21)",1,-0.08
358,50,"(23, 21)",0,-0.08
358,51,"(23, 20)",0,-0.08
358,52,"(23, 19)",0,-0.08
358,53,"(23, 18)",0,-0.08
358,54,"(23, 17)",1,-0.08
358,55,"(24, 17)",1,-0.08
358,56,"(25, 17)",1,-0.08
358,57,"(26, 17)",1,-0.08
358,58,"(27, 17)",1,-0.08
358,59,"(28, 17)",0,-0.08
358,60,"(28, 16)",0,-0.08
358,61,"(28, 15)",1,-0.08
358,62,"(29, 15)",1,-0.08
358,63,"(30, 15)",1,-0.08
358,64,"(31, 15)",1,-0.08
358,65,"(32, 15)",0,-0.08
358,66,"(32, 14)",0,-0.08
358,67,"(32, 13)",1,-0.08
358,68,"(33, 13)",1,-0.08
358,69,"(34, 13)",1,-0.08
358,70,"(35, 13)",0,-0.08
358,71,"(35, 12)",1,-0.08
358,72,"(36, 12)",1,-0.08
358,73,"(37, 12)",1,-0.08
358,74,"(38, 12)",1,-0.08
358,75,"(39, 12)",0,-0.08
358,76,"(39, 11)",1,-0.08
358,77,"(40, 11)",1,-0.08
358,78,"(41, 11)",1,-0.08
358,79,"(42, 11)",1,-0.08
358,80,"(43, 11)",1,-0.08
358,81,"(44, 11)",1,-0.08
358,82,"(45, 11)",0,-0.08
358,83,"(45, 10)",0,-0.08
358,84,"(45, 9)",0,-0.08
358,85,"(45, 8)",1,-0.08
358,86,"(46, 8)",0,-0.08
358,87,"(46, 7)",1,-0.08
358,88,"(47, 7)",1,-0.08
358,89,"(48, 7)",1,-0.08
358,90,"(49, 7)",1,-0.08
358,91,"(50, 7)",1,-0.08
358,92,"(51, 7)",1,-0.08
358,93,"(52, 7)",1,-0.08
358,94,"(53, 7)",1,-0.08
358,95,"(54, 7)",1,-0.08
358,96,"(55, 7)",1,-0.08
358,97,"(56, 7)",1,-0.08
358,98,"(57, 7)",1,-0.08
358,99,"(58, 7)",1,-0.08
358,100,"(59, 7)",1,-0.08
358,101,"(60, 7)",1,-0.08
358,102,"(61, 7)",1,-0.08
358,103,"(62, 7)",1,-0.08
358,104,"(63, 7)",1,-0.08
358,105,"(64, 7)",1,-0.08
358,106,"(65, 7)",1,-0.08
358,107,"(66, 7)",1,-0.08
358,108,"(67, 7)",1,-0.08
358,109,"(68, 7)",1,-0.08
358,110,"(69, 7)",1,-0.08
358,111,"(70, 7)",0,-0.08
358,112,"(70, 6)",1,-0.08
358,113,"(71, 6)",1,-0.08
358,114,"(72, 6)",0,-0.08
358,115,"(72, 5)",1,-0.08
358,116,"(73, 5)",1,-0.08
358,117,"(74, 5)",1,-0.08
358,118,"(75, 5)",1,-0.08
358,119,"(76, 5)",1,-0.08
358,120,"(77, 5)",0,-0.08
358,121,"(77, 4)",0,-0.08
358,122,"(77, 3)",0,-0.08
358,123,"(77, 2)",0,-0.08
358,124,"(77, 1)",0,-0.08
358,125,"(77, 0)",1,-0.08
358,126,"(78, 0)",1,8.33
359,0,"(0, 39)",1,-0.08
359,1,"(1, 39)",0,-0.08
359,2,"(1, 38)",0,-0.08
359,3,"(1, 37)",1,-8.33
359,4,"(1, 37)",0,-8.33
359,5,"(1, 37)",3,-0.08
359,6,"(0, 37)",0,-0.08
359,7,"(0, 36)",0,-0.08
359,8,"(0, 35)",0,-0.08
359,9,"(0, 34)",0,-0.08
359,10,"(0, 33)",1,-0.08
359,11,"(1, 33)",0,-0.08
359,12,"(1, 32)",0,-0.08
359,13,"(1, 31)",1,-0.08
359,14,"(2, 31)",1,-0.08
359,15,"(3, 31)",0,-8.33
359,16,"(3, 31)",3,-0.08
359,17,"(2, 31)",3,-0.08
359,18,"(1, 31)",0,-0.08
359,19,"(1, 30)",0,-0.08
359,20,"(1, 29)",0,-0.08
359,21,"(1, 28)",0,-0.08
359,22,"(1, 27)",0,-0.08
359,23,"(1, 26)",0,-0.08
359,24,"(1, 25)",1,-0.08
359,25,"(2, 25)",1,-0.08
359,26,"(3, 25)",1,-0.08
359,27,"(4, 25)",1,-0.08
359,28,"(5, 25)",1,-0.08
359,29,"(6, 25)",1,-0.08
359,30,"(7, 25)",1,-0.08
359,31,"(8, 25)",1,-0.08
359,32,"(9, 25)",0,-0.08
359,33,"(9, 24)",1,-0.08
359,34,"(10, 24)",1,-0.08
359,35,"(11, 24)",1,-0.08
359,36,"(12, 24)",1,-0.08
359,37,"(13, 24)",1,-0.08
359,38,"(14, 24)",0,-0.08
359,39,"(14, 23)",1,-0.08
359,40,"(15, 23)",1,-0.08
359,41,"(16, 23)",1,-0.08
359,42,"(17, 23)",0,-0.08
359,43,"(17, 22)",1,-0.08
359,44,"(18, 22)",1,-0.08
359,45,"(19, 22)",0,-0.08
359,46,"(19, 21)",1,-0.08
359,47,"(20, 21)",1,-0.08
359,48,"(21, 21)",1,-0.08
359,49,"(22, 21)",0,-0.08
359,50,"(22, 20)",0,-0.08
359,51,"(22, 19)",1,-0.08
359,52,"(23, 19)",0,-0.08
359,53,"(23, 18)",0,-0.08
359,54,"(23, 17)",0,-0.08
359,55,"(23, 16)",0,-0.08
359,56,"(23, 15)",1,-0.08
359,57,"(24, 15)",1,-0.08
359,58,"(25, 15)",1,-0.08
359,59,"(26, 15)",1,-0.08
359,60,"(27, 15)",0,-0.08
359,61,"(27, 14)",0,-0.08
359,62,"(27, 13)",1,-0.08
359,63,"(28, 13)",1,-0.08
359,64,"(29, 13)",1,-0.08
359,65,"(30, 13)",1,-0.08
359,66,"(31, 13)",1,-0.08
359,67,"(32, 13)",1,-0.08
359,68,"(33, 13)",1,-0.08
359,69,"(34, 13)",1,-0.08
359,70,"(35, 13)",1,-0.08
359,71,"(36, 13)",0,-0.08
359,72,"(36, 12)",1,-0.08
359,73,"(37, 12)",1,-0.08
359,74,"(38, 12)",1,-0.08
359,75,"(39, 12)",0,-0.08
359,76,"(39, 11)",1,-0.08
359,77,"(40, 11)",1,-0.08
359,78,"(41, 11)",1,-0.08
359,79,"(42, 11)",1,-0.08
359,80,"(43, 11)",1,-0.08
359,81,"(44, 11)",1,-0.08
359,82,"(45, 11)",0,-0.08
359,83,"(45, 10)",1,-0.08
359,84,"(46, 10)",1,-0.08
359,85,"(47, 10)",1,-0.08
359,86,"(48, 10)",1,-0.08
359,87,"(49, 10)",0,-0.08
359,88,"(49, 9)",1,-0.08
359,89,"(50, 9)",0,-0.08
359,90,"(50, 8)",0,-0.08
359,91,"(50, 7)",1,-0.08
359,92,"(51, 7)",1,-0.08
359,93,"(52, 7)",1,-0.08
359,94,"(53, 7)",1,-0.08
359,95,"(54, 7)",1,-0.08
359,96,"(55, 7)",1,-0.08
359,97,"(56, 7)",1,-0.08
359,98,"(57, 7)",1,-0.08
359,99,"(58, 7)",1,-0.08
359,100,"(59, 7)",1,-0.08
359,101,"(60, 7)",1,-0.08
359,102,"(61, 7)",1,-0.08
359,103,"(62, 7)",1,-0.08
359,104,"(63, 7)",1,-0.08
359,105,"(64, 7)",1,-0.08
359,106,"(65, 7)",1,-0.08
359,107,"(66, 7)",1,-0.08
359,108,"(67, 7)",1,-0.08
359,109,"(68, 7)",1,-0.08
359,110,"(69, 7)",1,-0.08
359,111,"(70, 7)",0,-0.08
359,112,"(70, 6)",1,-0.08
359,113,"(71, 6)",1,-0.08
359,114,"(72, 6)",1,-0.08
359,115,"(73, 6)",1,-0.08
359,116,"(74, 6)",0,-0.08
359,117,"(74, 5)",0,-0.08
359,118,"(74, 4)",1,-0.08
359,119,"(75, 4)",0,-0.08
359,120,"(75, 3)",1,-0.08
359,121,"(76, 3)",1,-0.08
359,122,"(77, 3)",0,-0.08
359,123,"(77, 2)",0,-0.08
359,124,"(77, 1)",0,-0.08
359,125,"(77, 0)",1,-0.08
359,126,"(78, 0)",1,8.33
360,0,"(0, 39)",0,-0.08
360,1,"(0, 38)",0,-0.08
360,2,"(0, 37)",0,-0.08
360,3,"(0, 36)",0,-0.08
360,4,"(0, 35)",0,-0.08
360,5,"(0, 34)",1,-0.08
360,6,"(1, 34)",1,-0.08
360,7,"(2, 34)",1,-8.33
360,8,"(2, 34)",0,-0.08
360,9,"(2, 33)",1,-0.08
360,10,"(3, 33)",0,-0.08
360,11,"(3, 32)",0,-0.08
360,12,"(3, 31)",0,-8.33
360,13,"(3, 31)",3,-0.08
360,14,"(2, 31)",3,-0.08
360,15,"(1, 31)",0,-0.08
360,16,"(1, 30)",0,-0.08
360,17,"(1, 29)",1,-0.08
360,18,"(2, 29)",1,-0.08
360,19,"(3, 29)",0,-0.08
360,20,"(3, 28)",0,-0.08
360,21,"(3, 27)",0,-0.08
360,22,"(3, 26)",0,-0.08
360,23,"(3, 25)",1,-0.08
360,24,"(4, 25)",1,-0.08
360,25,"(5, 25)",1,-0.08
360,26,"(6, 25)",1,-0.08
360,27,"(7, 25)",1,-0.08
360,28,"(8, 25)",1,-0.08
360,29,"(9, 25)",1,-0.08
360,30,"(10, 25)",1,-0.08
360,31,"(11, 25)",0,-0.08
360,32,"(11, 24)",1,-0.08
360,33,"(12, 24)",1,-0.08
360,34,"(13, 24)",0,-0.08
360,35,"(13, 23)",1,-0.08
360,36,"(14, 23)",1,-0.08
360,37,"(15, 23)",1,-0.08
360,38,"(16, 23)",0,-0.08
360,39,"(16, 22)",1,-0.08
360,40,"(17, 22)",1,-0.08
360,41,"(18, 22)",1,-0.08
360,42,"(19, 22)",1,-0.08
360,43,"(20, 22)",0,-0.08
360,44,"(20, 21)",0,-0.08
360,45,"(20, 20)",0,-0.08
360,46,"(20, 19)",1,-0.08
360,47,"(21, 19)",1,-0.08
360,48,"(22, 19)",1,-0.08
360,49,"(23, 19)",0,-0.08
360,50,"(23, 18)",0,-0.08
360,51,"(23, 17)",1,-0.08
360,52,"(24, 17)",1,-0.08
360,53,"(25, 17)",1,-0.08
360,54,"(26, 17)",1,-0.08
360,55,"(27, 17)",1,-0.08
360,56,"(28, 17)",1,-0.08
360,57,"(29, 17)",0,-0.08
360,58,"(29, 16)",0,-0.08
360,59,"(29, 15)",0,-0.08
360,60,"(29, 14)",0,-0.08
360,61,"(29, 13)",1,-0.08
360,62,"(30, 13)",1,-0.08
360,63,"(31, 13)",1,-0.08
360,64,"(32, 13)",1,-0.08
360,65,"(33, 13)",1,-0.08
360,66,"(34, 13)",1,-0.08
360,67,"(35, 13)",1,-0.08
360,68,"(36, 13)",1,-0.08
360,69,"(37, 13)",0,-0.08
360,70,"(37, 12)",1,-0.08
360,71,"(38, 12)",1,-0.08
360,72,"(39, 12)",0,-0.08
360,73,"(39, 11)",1,-0.08
360,74,"(40, 11)",1,-0.08
360,75,"(41, 11)",1,-0.08
360,76,"(42, 11)",1,-0.08
360,77,"(43, 11)",1,-0.08
360,78,"(44, 11)",1,-0.08
360,79,"(45, 11)",0,-0.08
360,80,"(45, 10)",0,-0.08
360,81,"(45, 9)",0,-0.08
360,82,"(45, 8)",0,-0.08
360,83,"(45, 7)",1,-0.08
360,84,"(46, 7)",1,-0.08
360,85,"(47, 7)",1,-0.08
360,86,"(48, 7)",1,-0.08
360,87,"(49, 7)",1,-0.08
360,88,"(50, 7)",1,-0.08
360,89,"(51, 7)",1,-0.08
360,90,"(52, 7)",1,-0.08
360,91,"(53, 7)",1,-0.08
360,92,"(54, 7)",1,-0.08
360,93,"(55, 7)",1,-0.08
360,94,"(56, 7)",1,-0.08
360,95,"(57, 7)",1,-0.08
360,96,"(58, 7)",1,-0.08
360,97,"(59, 7)",1,-0.08
360,98,"(60, 7)",1,-0.08
360,99,"(61, 7)",1,-0.08
360,100,"(62, 7)",1,-0.08
360,101,"(63, 7)",1,-0.08
360,102,"(64, 7)",1,-0.08
360,103,"(65, 7)",1,-0.08
360,104,"(66, 7)",1,-0.08
360,105,"(67, 7)",1,-0.08
360,106,"(68, 7)",1,-0.08
360,107,"(69, 7)",0,-0.08
360,108,"(69, 6)",1,-0.08
360,109,"(70, 6)",1,-0.08
360,110,"(71, 6)",1,-0.08
360,111,"(72, 6)",1,-0.08
360,112,"(73, 6)",0,-0.08
360,113,"(73, 5)",1,-0.08
360,114,"(74, 5)",0,-0.08
360,115,"(74, 4)",0,-0.08
360,116,"(74, 3)",1,-0.08
360,117,"(75, 3)",1,-0.08
360,118,"(76, 3)",1,-0.08
360,119,"(77, 3)",0,-0.08
360,120,"(77, 2)",0,-0.08
360,121,"(77, 1)",0,-0.08
360,122,"(77, 0)",1,-0.08
360,123,"(78, 0)",1,8.33
361,0,"(0, 39)",1,-0.08
361,1,"(1, 39)",1,-0.08
361,2,"(2, 39)",1,-0.08
361,3,"(3, 39)",0,-0.08
361,4,"(3, 38)",0,-0.08
361,5,"(3, 37)",1,-8.33
361,6,"(3, 37)",0,-0.08
361,7,"(3, 36)",0,-0.08
361,8,"(3, 35)",3,-0.08
361,9,"(2, 35)",0,-0.08
361,10,"(2, 34)",0,-0.08
361,11,"(2, 33)",0,-0.08
361,12,"(2, 32)",1,-0.08
361,13,"(3, 32)",0,-0.08
361,14,"(3, 31)",0,-8.33
361,15,"(3, 31)",0,-8.33
361,16,"(3, 31)",3,-0.08
361,17,"(2, 31)",3,-0.08
361,18,"(1, 31)",0,-0.08
361,19,"(1, 30)",0,-0.08
361,20,"(1, 29)",1,-0.08
361,21,"(2, 29)",1,-0.08
361,22,"(3, 29)",1,-0.08
361,23,"(4, 29)",1,-0.08
361,24,"(5, 29)",1,-0.08
361,25,"(6, 29)",1,-0.08
361,26,"(7, 29)",1,-0.08
361,27,"(8, 29)",0,-0.08
361,28,"(8, 28)",0,-0.08
361,29,"(8, 27)",1,-0.08
361,30,"(9, 27)",1,-0.08
361,31,"(10, 27)",1,-0.08
361,32,"(11, 27)",1,-0.08
361,33,"(12, 27)",0,-0.08
361,34,"(12, 26)",0,-0.08
361,35,"(12, 25)",0,-0.08
361,36,"(12, 24)",1,-0.08
361,37,"(13, 24)",1,-0.08
361,38,"(14, 24)",0,-0.08
361,39,"(14, 23)",1,-0.08
361,40,"(15, 23)",1,-0.08
361,41,"(16, 23)",1,-0.08
361,42,"(17, 23)",0,-0.08
361,43,"(17, 22)",1,-0.08
361,44,"(18, 22)",1,-0.08
361,45,"(19, 22)",1,-0.08
361,46,"(20, 22)",0,-0.08
361,47,"(20, 21)",0,-0.08
361,48,"(20, 20)",0,-0.08
361,49,"(20, 19)",1,-0.08
361,50,"(21, 19)",1,-0.08
361,51,"(22, 19)",1,-0.08
361,52,"(23, 19)",0,-0.08
361,53,"(23, 18)",0,-0.08
361,54,"(23, 17)",0,-0.08
361,55,"(23, 16)",0,-0.08
361,56,"(23, 15)",1,-0.08
361,57,"(24, 15)",1,-0.08
361,58,"(25, 15)",1,-0.08
361,59,"(26, 15)",1,-0.08
361,60,"(27, 15)",0,-0.08
361,61,"(27, 14)",0,-0.08
361,62,"(27, 13)",1,-0.08
361,63,"(28, 13)",1,-0.08
361,64,"(29, 13)",1,-0.08
361,65,"(30, 13)",1,-0.08
361,66,"(31, 13)",1,-0.08
361,67,"(32, 13)",1,-0.08
361,68,"(33, 13)",1,-0.08
361,69,"(34, 13)",1,-0.08
361,70,"(35, 13)",0,-0.08
361,71,"(35, 12)",1,-0.08
361,72,"(36, 12)",1,-0.08
361,73,"(37, 12)",1,-0.08
361,74,"(38, 12)",1,-0.08
361,75,"(39, 12)",0,-0.08
361,76,"(39, 11)",1,-0.08
361,77,"(40, 11)",1,-0.08
361,78,"(41, 11)",1,-0.08
361,79,"(42, 11)",1,-0.08
361,80,"(43, 11)",1,-0.08
361,81,"(44, 11)",1,-0.08
361,82,"(45, 11)",0,-0.08
361,83,"(45, 10)",0,-0.08
361,84,"(45, 9)",1,-0.08
361,85,"(46, 9)",0,-0.08
361,86,"(46, 8)",0,-0.08
361,87,"(46, 7)",1,-0.08
361,88,"(47, 7)",1,-0.08
361,89,"(48, 7)",1,-0.08
361,90,"(49, 7)",1,-0.08
361,91,"(50, 7)",1,-0.08
361,92,"(51, 7)",1,-0.08
361,93,"(52, 7)",1,-0.08
361,94,"(53, 7)",1,-0.08
361,95,"(54, 7)",1,-0.08
361,96,"(55, 7)",1,-0.08
361,97,"(56, 7)",1,-0.08
361,98,"(57, 7)",1,-0.08
361,99,"(58, 7)",1,-0.08
361,100,"(59, 7)",1,-0.08
361,101,"(60, 7)",1,-0.08
361,102,"(61, 7)",1,-0.08
361,103,"(62, 7)",1,-0.08
361,104,"(63, 7)",1,-0.08
361,105,"(64, 7)",1,-0.08
361,106,"(65, 7)",1,-0.08
361,107,"(66, 7)",1,-0.08
361,108,"(67, 7)",1,-0.08
361,109,"(68, 7)",1,-0.08
361,110,"(69, 7)",0,-0.08
361,111,"(69, 6)",1,-0.08
361,112,"(70, 6)",1,-0.08
361,113,"(71, 6)",1,-0.08
361,114,"(72, 6)",1,-0.08
361,115,"(73, 6)",0,-0.08
361,116,"(73, 5)",1,-0.08
361,117,"(74, 5)",1,-0.08
361,118,"(75, 5)",1,-0.08
361,119,"(76, 5)",1,-0.08
361,120,"(77, 5)",0,-0.08
361,121,"(77, 4)",0,-0.08
361,122,"(77, 3)",0,-0.08
361,123,"(77, 2)",0,-0.08
361,124,"(77, 1)",1,-0.08
361,125,"(78, 1)",0,-0.08
361,126,"(78, 0)",1,8.33
362,0,"(0, 39)",0,-0.08
362,1,"(0, 38)",1,-0.08
362,2,"(1, 38)",0,-0.08
362,3,"(1, 37)",1,-8.33
362,4,"(1, 37)",0,-8.33
362,5,"(1, 37)",3,-0.08
362,6,"(0, 37)",0,-0.08
362,7,"(0, 36)",0,-0.08
362,8,"(0, 35)",0,-0.08
362,9,"(0, 34)",1,-0.08
362,10,"(1, 34)",0,-0.08
362,11,"(1, 33)",0,-0.08
362,12,"(1, 32)",0,-0.08
362,13,"(1, 31)",1,-0.08
362,14,"(2, 31)",1,-0.08
362,15,"(3, 31)",0,-8.33
362,16,"(3, 31)",2,-0.08
362,17,"(3, 32)",2,-0.08
362,18,"(3, 33)",1,-0.08
362,19,"(4, 33)",1,-0.08
362,20,"(5, 33)",1,-0.08
362,21,"(6, 33)",1,-0.08
362,22,"(7, 33)",1,-0.08
362,23,"(8, 33)",1,-0.08
362,24,"(9, 33)",0,-0.08
362,25,"(9, 32)",0,-0.08
362,26,"(9, 31)",0,-0.08
362,27,"(9, 30)",1,-0.08
362,28,"(10, 30)",0,-0.08
362,29,"(10, 29)",0,-0.08
362,30,"(10, 28)",0,-0.08
362,31,"(10, 27)",1,-0.08
362,32,"(11, 27)",1,-0.08
362,33,"(12, 27)",0,-0.08
362,34,"(12, 26)",0,-0.08
362,35,"(12, 25)",1,-0.08
362,36,"(13, 25)",0,-0.08
362,37,"(13, 24)",0,-0.08
362,38,"(13, 23)",1,-0.08
362,39,"(14, 23)",1,-0.08
362,40,"(15, 23)",1,-0.08
362,41,"(16, 23)",1,-0.08
362,42,"(17, 23)",0,-0.08
362,43,"(17, 22)",1,-0.08
362,44,"(18, 22)",1,-0.08
362,45,"(19, 22)",1,-0.08
362,46,"(20, 22)",1,-0.08
362,47,"(21, 22)",0,-0.08
362,48,"(21, 21)",0,-0.08
362,49,"(21, 20)",0,-0.08
362,50,"(21, 19)",1,-0.08
362,51,"(22, 19)",1,-0.08
362,52,"(23, 19)",0,-0.08
362,53,"(23, 18)",0,-0.08
362,54,"(23, 17)",1,-0.08
362,55,"(24, 17)",1,-0.08
362,56,"(25, 17)",1,-0.08
362,57,"(26, 17)",1,-0.08
362,58,"(27, 17)",0,-0.08
362,59,"(27, 16)",0,-0.08
362,60,"(27, 15)",0,-0.08
362,61,"(27, 14)",0,-0.08
362,62,"(27, 13)",1,-0.08
362,63,"(28, 13)",1,-0.08
362,64,"(29, 13)",1,-0.08
362,65,"(30, 13)",1,-0.08
362,66,"(31, 13)",1,-0.08
362,67,"(32, 13)",1,-0.08
362,68,"(33, 13)",1,-0.08
362,69,"(34, 13)",1,-0.08
362,70,"(35, 13)",0,-0.08
362,71,"(35, 12)",1,-0.08
362,72,"(36, 12)",1,-0.08
362,73,"(37, 12)",1,-0.08
362,74,"(38, 12)",1,-0.08
362,75,"(39, 12)",0,-0.08
362,76,"(39, 11)",1,-0.08
362,77,"(40, 11)",1,-0.08
362,78,"(41, 11)",1,-0.08
362,79,"(42, 11)",1,-0.08
362,80,"(43, 11)",1,-0.08
362,81,"(44, 11)",1,-0.08
362,82,"(45, 11)",0,-0.08
362,83,"(45, 10)",1,-0.08
362,84,"(46, 10)",1,-0.08
362,85,"(47, 10)",1,-0.08
362,86,"(48, 10)",1,-0.08
362,87,"(49, 10)",1,-0.08
362,88,"(50, 10)",0,-0.08
362,89,"(50, 9)",0,-0.08
362,90,"(50, 8)",0,-0.08
362,91,"(50, 7)",1,-0.08
362,92,"(51, 7)",1,-0.08
362,93,"(52, 7)",1,-0.08
362,94,"(53, 7)",1,-0.08
362,95,"(54, 7)",1,-0.08
362,96,"(55, 7)",1,-0.08
362,97,"(56, 7)",1,-0.08
362,98,"(57, 7)",1,-0.08
362,99,"(58, 7)",1,-0.08
362,100,"(59, 7)",1,-0.08
362,101,"(60, 7)",1,-0.08
362,102,"(61, 7)",1,-0.08
362,103,"(62, 7)",1,-0.08
362,104,"(63, 7)",1,-0.08
362,105,"(64, 7)",1,-0.08
362,106,"(65, 7)",1,-0.08
362,107,"(66, 7)",1,-0.08
362,108,"(67, 7)",1,-0.08
362,109,"(68, 7)",1,-0.08
362,110,"(69, 7)",1,-0.08
362,111,"(70, 7)",0,-0.08
362,112,"(70, 6)",1,-0.08
362,113,"(71, 6)",0,-0.08
362,114,"(71, 5)",1,-0.08
362,115,"(72, 5)",1,-0.08
362,116,"(73, 5)",1,-0.08
362,117,"(74, 5)",0,-0.08
362,118,"(74, 4)",1,-0.08
362,119,"(75, 4)",0,-0.08
362,120,"(75, 3)",1,-0.08
362,121,"(76, 3)",0,-0.08
362,122,"(76, 2)",0,-0.08
362,123,"(76, 1)",1,-0.08
362,124,"(77, 1)",0,-0.08
362,125,"(77, 0)",1,-0.08
362,126,"(78, 0)",1,8.33
363,0,"(0, 39)",0,-0.08
363,1,"(0, 38)",0,-0.08
363,2,"(0, 37)",1,-0.08
363,3,"(1, 37)",0,-8.33
363,4,"(1, 37)",3,-0.08
363,5,"(0, 37)",0,-0.08
363,6,"(0, 36)",0,-0.08
363,7,"(0, 35)",1,-0.08
363,8,"(1, 35)",1,-0.08
363,9,"(2, 35)",0,-0.08
363,10,"(2, 34)",0,-0.08
363,11,"(2, 33)",1,-0.08
363,12,"(3, 33)",1,-0.08
363,13,"(4, 33)",1,-0.08
363,14,"(5, 33)",1,-0.08
363,15,"(6, 33)",1,-0.08
363,16,"(7, 33)",1,-0.08
363,17,"(8, 33)",0,-0.08
363,18,"(8, 32)",1,-0.08
363,19,"(9, 32)",0,-0.08
363,20,"(9, 31)",0,-0.08
363,21,"(9, 30)",0,-0.08
363,22,"(9, 29)",1,-0.08
363,23,"(10, 29)",0,-0.08
363,24,"(10, 28)",0,-0.08
363,25,"(10, 27)",0,-8.33
363,26,"(10, 27)",1,-0.08
363,27,"(11, 27)",1,-0.08
363,28,"(12, 27)",1,-0.08
363,29,"(13, 27)",1,-0.08
363,30,"(14, 27)",1,-0.08
363,31,"(15, 27)",0,-0.08
363,32,"(15, 26)",0,-0.08
363,33,"(15, 25)",1,-0.08
363,34,"(16, 25)",1,-0.08
363,35,"(17, 25)",0,-0.08
363,36,"(17, 24)",0,-0.08
363,37,"(17, 23)",1,-0.08
363,38,"(18, 23)",1,-0.08
363,39,"(19, 23)",0,-0.08
363,40,"(19, 22)",0,-0.08
363,41,"(19, 21)",1,-0.08
363,42,"(20, 21)",0,-0.08
363,43,"(20, 20)",0,-0.08
363,44,"(20, 19)",1,-0.08
363,45,"(21, 19)",1,-0.08
363,46,"(22, 19)",1,-0.08
363,47,"(23, 19)",0,-0.08
363,48,"(23, 18)",0,-0.08
363,49,"(23, 17)",1,-0.08
363,50,"(24, 17)",1,-0.08
363,51,"(25, 17)",1,-0.08
363,52,"(26, 17)",1,-0.08
363,53,"(27, 17)",1,-0.08
363,54,"(28, 17)",0,-0.08
363,55,"(28, 16)",0,-0.08
363,56,"(28, 15)",1,-0.08
363,57,"(29, 15)",1,-0.08
363,58,"(30, 15)",1,-0.08
363,59,"(31, 15)",0,-0.08
363,60,"(31, 14)",1,-0.08
363,61,"(32, 14)",0,-0.08
363,62,"(32, 13)",1,-0.08
363,63,"(33, 13)",1,-0.08
363,64,"(34, 13)",1,-0.08
363,65,"(35, 13)",0,-0.08
363,66,"(35, 12)",1,-0.08
363,67,"(36, 12)",1,-0.08
363,68,"(37, 12)",1,-0.08
363,69,"(38, 12)",1,-0.08
363,70,"(39, 12)",0,-0.08
363,71,"(39, 11)",1,-0.08
363,72,"(40, 11)",1,-0.08
363,73,"(41, 11)",1,-0.08
363,74,"(42, 11)",1,-0.08
363,75,"(43, 11)",1,-0.08
363,76,"(44, 11)",1,-0.08
363,77,"(45, 11)",0,-0.08
363,78,"(45, 10)",1,-0.08
363,79,"(46, 10)",0,-0.08
363,80,"(46, 9)",0,-0.08
363,81,"(46, 8)",0,-0.08
363,82,"(46, 7)",1,-0.08
363,83,"(47, 7)",1,-0.08
363,84,"(48, 7)",1,-0.08
363,85,"(49, 7)",1,-0.08
363,86,"(50, 7)",1,-0.08
363,87,"(51, 7)",1,-0.08
363,88,"(52, 7)",1,-0.08
363,89,"(53, 7)",1,-0.08
363,90,"(54, 7)",1,-0.08
363,91,"(55, 7)",1,-0.08
363,92,"(56, 7)",1,-0.08
363,93,"(57, 7)",1,-0.08
363,94,"(58, 7)",1,-0.08
363,95,"(59, 7)",1,-0.08
363,96,"(60, 7)",1,-0.08
363,97,"(61, 7)",1,-0.08
363,98,"(62, 7)",1,-0.08
363,99,"(63, 7)",1,-0.08
363,100,"(64, 7)",1,-0.08
363,101,"(65, 7)",1,-0.08
363,102,"(66, 7)",1,-0.08
363,103,"(67, 7)",1,-0.08
363,104,"(68, 7)",1,-0.08
363,105,"(69, 7)",1,-0.08
363,106,"(70, 7)",1,-0.08
363,107,"(71, 7)",1,-0.08
363,108,"(72, 7)",0,-0.08
363,109,"(72, 6)",1,-0.08
363,110,"(73, 6)",0,-0.08
363,111,"(73, 5)",1,-0.08
363,112,"(74, 5)",0,-0.08
363,113,"(74, 4)",0,-0.08
363,114,"(74, 3)",1,-0.08
363,115,"(75, 3)",1,-0.08
363,116,"(76, 3)",0,-0.08
363,117,"(76, 2)",0,-0.08
363,118,"(76, 1)",1,-0.08
363,119,"(77, 1)",0,-0.08
363,120,"(77, 0)",1,-0.08
363,121,"(78, 0)",1,8.33
364,0,"(0, 39)",1,-0.08
364,1,"(1, 39)",0,-0.08
364,2,"(1, 38)",1,-8.33
364,3,"(1, 38)",0,-0.08
364,4,"(1, 37)",0,-8.33
364,5,"(1, 37)",3,-0.08
364,6,"(0, 37)",0,-0.08
364,7,"(0, 36)",0,-0.08
364,8,"(0, 35)",1,-0.08
364,9,"(1, 35)",0,-0.08
364,10,"(1, 34)",1,-0.08
364,11,"(2, 34)",0,-0.08
364,12,"(2, 33)",1,-0.08
364,13,"(3, 33)",1,-0.08
364,14,"(4, 33)",1,-0.08
364,15,"(5, 33)",0,-0.08
364,16,"(5, 32)",0,-0.08
364,17,"(5, 31)",1,-0.08
364,18,"(6, 31)",1,-0.08
364,19,"(7, 31)",1,-0.08
364,20,"(8, 31)",1,-0.08
364,21,"(9, 31)",0,-0.08
364,22,"(9, 30)",0,-0.08
364,23,"(9, 29)",1,-0.08
364,24,"(10, 29)",0,-0.08
364,25,"(10, 28)",0,-0.08
364,26,"(10, 27)",0,-8.33
364,27,"(10, 27)",1,-0.08
364,28,"(11, 27)",1,-0.08
364,29,"(12, 27)",0,-0.08
364,30,"(12, 26)",1,-0.08
364,31,"(13, 26)",0,-0.08
364,32,"(13, 25)",1,-0.08
364,33,"(14, 25)",1,-0.08
364,34,"(15, 25)",1,-0.08
364,35,"(16, 25)",1,-0.08
364,36,"(17, 25)",0,-0.08
364,37,"(17, 24)",0,-0.08
364,38,"(17, 23)",1,-0.08
364,39,"(18, 23)",1,-0.08
364,40,"(19, 23)",1,-0.08
364,41,"(20, 23)",0,-0.08
364,42,"(20, 22)",1,-0.08
364,43,"(21, 22)",0,-0.08
364,44,"(21, 21)",0,-0.08
364,45,"(21, 20)",1,-0.08
364,46,"(22, 20)",1,-0.08
364,47,"(23, 20)",1,-0.08
364,48,"(24, 20)",1,-0.08
364,49,"(25, 20)",0,-0.08
364,50,"(25, 19)",0,-0.08
364,51,"(25, 18)",1,-0.08
364,52,"(26, 18)",1,-0.08
364,53,"(27, 18)",0,-0.08
364,54,"(27, 17)",1,-0.08
364,55,"(28, 17)",0,-0.08
364,56,"(28, 16)",1,-0.08
364,57,"(29, 16)",0,-0.08
364,58,"(29, 15)",1,-0.08
364,59,"(30, 15)",1,-0.08
364,60,"(31, 15)",0,-0.08
364,61,"(31, 14)",0,-0.08
364,62,"(31, 13)",1,-0.08
364,63,"(32, 13)",1,-0.08
364,64,"(33, 13)",1,-0.08
364,65,"(34, 13)",1,-0.08
364,66,"(35, 13)",0,-0.08
364,67,"(35, 12)",1,-0.08
364,68,"(36, 12)",1,-0.08
364,69,"(37, 12)",1,-0.08
364,70,"(38, 12)",1,-0.08
364,71,"(39, 12)",0,-0.08
364,72,"(39, 11)",1,-0.08
364,73,"(40, 11)",1,-0.08
364,74,"(41, 11)",1,-0.08
364,75,"(42, 11)",1,-0.08
364,76,"(43, 11)",1,-0.08
364,77,"(44, 11)",1,-0.08
364,78,"(45, 11)",0,-0.08
364,79,"(45, 10)",1,-0.08
364,80,"(46, 10)",1,-0.08
364,81,"(47, 10)",1,-0.08
364,82,"(48, 10)",1,-0.08
364,83,"(49, 10)",0,-0.08
364,84,"(49, 9)",1,-0.08
364,85,"(50, 9)",1,-0.08
364,86,"(51, 9)",1,-0.08
364,87,"(52, 9)",1,-0.08
364,88,"(53, 9)",1,-0.08
364,89,"(54, 9)",1,-0.08
364,90,"(55, 9)",1,-0.08
364,91,"(56, 9)",1,-0.08
364,92,"(57, 9)",0,-0.08
364,93,"(57, 8)",0,-0.08
364,94,"(57, 7)",1,-0.08
364,95,"(58, 7)",1,-0.08
364,96,"(59, 7)",1,-0.08
364,97,"(60, 7)",1,-0.08
364,98,"(61, 7)",1,-0.08
364,99,"(62, 7)",1,-0.08
364,100,"(63, 7)",1,-0.08
364,101,"(64, 7)",1,-0.08
364,102,"(65, 7)",1,-0.08
364,103,"(66, 7)",1,-0.08
364,104,"(67, 7)",1,-0.08
364,105,"(68, 7)",1,-0.08
364,106,"(69, 7)",0,-0.08
364,107,"(69, 6)",1,-0.08
364,108,"(70, 6)",1,-0.08
364,109,"(71, 6)",1,-0.08
364,110,"(72, 6)",0,-0.08
364,111,"(72, 5)",1,-0.08
364,112,"(73, 5)",1,-0.08
364,113,"(74, 5)",0,-0.08
364,114,"(74, 4)",0,-0.08
364,115,"(74, 3)",1,-0.08
364,116,"(75, 3)",1,-0.08
364,117,"(76, 3)",1,-0.08
364,118,"(77, 3)",0,-0.08
364,119,"(77, 2)",0,-0.08
364,120,"(77, 1)",0,-0.08
364,121,"(77, 0)",1,-0.08
364,122,"(78, 0)",1,8.33
365,0,"(0, 39)",1,-0.08
365,1,"(1, 39)",0,-0.08
365,2,"(1, 38)",1,-8.33
365,3,"(1, 38)",0,-0.08
365,4,"(1, 37)",0,-8.33
365,5,"(1, 37)",3,-0.08
365,6,"(0, 37)",0,-0.08
365,7,"(0, 36)",0,-0.08
365,8,"(0, 35)",0,-0.08
365,9,"(0, 34)",0,-0.08
365,10,"(0, 33)",1,-0.08
365,11,"(1, 33)",1,-0.08
365,12,"(2, 33)",1,-0.08
365,13,"(3, 33)",0,-0.08
365,14,"(3, 32)",0,-0.08
365,15,"(3, 31)",0,-8.33
365,16,"(3, 31)",3,-0.08
365,17,"(2, 31)",3,-0.08
365,18,"(1, 31)",0,-0.08
365,19,"(1, 30)",0,-0.08
365,20,"(1, 29)",0,-0.08
365,21,"(1, 28)",0,-0.08
365,22,"(1, 27)",0,-0.08
365,23,"(1, 26)",0,-0.08
365,24,"(1, 25)",1,-0.08
365,25,"(2, 25)",1,-0.08
365,26,"(3, 25)",1,-0.08
365,27,"(4, 25)",1,-0.08
365,28,"(5, 25)",1,-0.08
365,29,"(6, 25)",1,-0.08
365,30,"(7, 25)",1,-0.08
365,31,"(8, 25)",1,-0.08
365,32,"(9, 25)",1,-0.08
365,33,"(10, 25)",0,-0.08
365,34,"(10, 24)",1,-0.08
365,35,"(11, 24)",1,-0.08
365,36,"(12, 24)",1,-0.08
365,37,"(13, 24)",0,-0.08
365,38,"(13, 23)",1,-0.08
365,39,"(14, 23)",1,-0.08
365,40,"(15, 23)",1,-0.08
365,41,"(16, 23)",1,-0.08
365,42,"(17, 23)",0,-0.08
365,43,"(17, 22)",1,-0.08
365,44,"(18, 22)",1,-0.08
365,45,"(19, 22)",0,-0.08
365,46,"(19, 21)",1,-0.08
365,47,"(20, 21)",0,-0.08
365,48,"(20, 20)",1,-0.08
365,49,"(21, 20)",1,-0.08
365,50,"(22, 20)",0,-0.08
365,51,"(22, 19)",1,-0.08
365,52,"(23, 19)",0,-0.08
365,53,"(23, 18)",0,-0.08
365,54,"(23, 17)",1,-0.08
365,55,"(24, 17)",1,-0.08
365,56,"(25, 17)",1,-0.08
365,57,"(26, 17)",1,-0.08
365,58,"(27, 17)",1,-0.08
365,59,"(28, 17)",0,-0.08
365,60,"(28, 16)",0,-0.08
365,61,"(28, 15)",1,-0.08
365,62,"(29, 15)",0,-0.08
365,63,"(29, 14)",0,-0.08
365,64,"(29, 13)",1,-0.08
365,65,"(30, 13)",1,-0.08
365,66,"(31, 13)",1,-0.08
365,67,"(32, 13)",1,-0.08
365,68,"(33, 13)",1,-0.08
365,69,"(34, 13)",1,-0.08
365,70,"(35, 13)",0,-0.08
365,71,"(35, 12)",1,-0.08
365,72,"(36, 12)",1,-0.08
365,73,"(37, 12)",1,-0.08
365,74,"(38, 12)",1,-0.08
365,75,"(39, 12)",0,-0.08
365,76,"(39, 11)",1,-0.08
365,77,"(40, 11)",1,-0.08
365,78,"(41, 11)",1,-0.08
365,79,"(42, 11)",1,-0.08
365,80,"(43, 11)",1,-0.08
365,81,"(44, 11)",1,-0.08
365,82,"(45, 11)",0,-0.08
365,83,"(45, 10)",0,-0.08
365,84,"(45, 9)",1,-0.08
365,85,"(46, 9)",0,-0.08
365,86,"(46, 8)",0,-0.08
365,87,"(46, 7)",1,-0.08
365,88,"(47, 7)",1,-0.08
365,89,"(48, 7)",1,-0.08
365,90,"(49, 7)",1,-0.08
365,91,"(50, 7)",1,-0.08
365,92,"(51, 7)",1,-0.08
365,93,"(52, 7)",1,-0.08
365,94,"(53, 7)",1,-0.08
365,95,"(54, 7)",1,-0.08
365,96,"(55, 7)",1,-0.08
365,97,"(56, 7)",1,-0.08
365,98,"(57, 7)",1,-0.08
365,99,"(58, 7)",1,-0.08
365,100,"(59, 7)",1,-0.08
365,101,"(60, 7)",1,-0.08
365,102,"(61, 7)",1,-0.08
365,103,"(62, 7)",1,-0.08
365,104,"(63, 7)",1,-0.08
365,105,"(64, 7)",1,-0.08
365,106,"(65, 7)",1,-0.08
365,107,"(66, 7)",1,-0.08
365,108,"(67, 7)",1,-0.08
365,109,"(68, 7)",1,-0.08
365,110,"(69, 7)",0,-0.08
365,111,"(69, 6)",1,-0.08
365,112,"(70, 6)",1,-0.08
365,113,"(71, 6)",1,-0.08
365,114,"(72, 6)",1,-0.08
365,115,"(73, 6)",0,-0.08
365,116,"(73, 5)",1,-0.08
365,117,"(74, 5)",0,-0.08
365,118,"(74, 4)",1,-0.08
365,119,"(75, 4)",0,-0.08
365,120,"(75, 3)",1,-0.08
365,121,"(76, 3)",1,-0.08
365,122,"(77, 3)",0,-0.08
365,123,"(77, 2)",0,-0.08
365,124,"(77, 1)",0,-0.08
365,125,"(77, 0)",1,-0.08
365,126,"(78, 0)",1,8.33
366,0,"(0, 39)",1,-0.08
366,1,"(1, 39)",0,-0.08
366,2,"(1, 38)",0,-0.08
366,3,"(1, 37)",1,-8.33
366,4,"(1, 37)",0,-8.33
366,5,"(1, 37)",3,-0.08
366,6,"(0, 37)",0,-0.08
366,7,"(0, 36)",0,-0.08
366,8,"(0, 35)",1,-0.08
366,9,"(1, 35)",1,-0.08
366,10,"(2, 35)",0,-0.08
366,11,"(2, 34)",0,-0.08
366,12,"(2, 33)",1,-0.08
366,13,"(3, 33)",1,-0.08
366,14,"(4, 33)",1,-0.08
366,15,"(5, 33)",1,-0.08
366,16,"(6, 33)",1,-0.08
366,17,"(7, 33)",1,-0.08
366,18,"(8, 33)",0,-0.08
366,19,"(8, 32)",1,-0.08
366,20,"(9, 32)",0,-0.08
366,21,"(9, 31)",0,-0.08
366,22,"(9, 30)",0,-0.08
366,23,"(9, 29)",1,-0.08
366,24,"(10, 29)",0,-0.08
366,25,"(10, 28)",0,-0.08
366,26,"(10, 27)",1,-0.08
366,27,"(11, 27)",1,-0.08
366,28,"(12, 27)",1,-0.08
366,29,"(13, 27)",1,-0.08
366,30,"(14, 27)",1,-0.08
366,31,"(15, 27)",1,-0.08
366,32,"(16, 27)",0,-0.08
366,33,"(16, 26)",1,-0.08
366,34,"(17, 26)",0,-0.08
366,35,"(17, 25)",0,-0.08
366,36,"(17, 24)",1,-8.33
366,37,"(17, 24)",0,-0.08
366,38,"(17, 23)",0,-0.08
366,39,"(17, 22)",1,-0.08
366,40,"(18, 22)",1,-0.08
366,41,"(19, 22)",1,-0.08
366,42,"(20, 22)",0,-0.08
366,43,"(20, 21)",0,-0.08
366,44,"(20, 20)",1,-0.08
366,45,"(21, 20)",0,-0.08
366,46,"(21, 19)",1,-0.08
366,47,"(22, 19)",1,-0.08
366,48,"(23, 19)",0,-0.08
366,49,"(23, 18)",0,-0.08
366,50,"(23, 17)",1,-0.08
366,51,"(24, 17)",1,-0.08
366,52,"(25, 17)",1,-0.08
366,53,"(26, 17)",1,-0.08
366,54,"(27, 17)",1,-0.08
366,55,"(28, 17)",0,-0.08
366,56,"(28, 16)",0,-0.08
366,57,"(28, 15)",1,-0.08
366,58,"(29, 15)",1,-0.08
366,59,"(30, 15)",1,-0.08
366,60,"(31, 15)",1,-0.08
366,61,"(32, 15)",1,-0.08
366,62,"(33, 15)",1,-0.08
366,63,"(34, 15)",1,-0.08
366,64,"(35, 15)",0,-0.08
366,65,"(35, 14)",0,-0.08
366,66,"(35, 13)",0,-0.08
366,67,"(35, 12)",1,-0.08
366,68,"(36, 12)",1,-0.08
366,69,"(37, 12)",1,-0.08
366,70,"(38, 12)",1,-0.08
366,71,"(39, 12)",0,-0.08
366,72,"(39, 11)",1,-0.08
366,73,"(40, 11)",1,-0.08
366,74,"(41, 11)",1,-0.08
366,75,"(42, 11)",1,-0.08
366,76,"(43, 11)",1,-0.08
366,77,"(44, 11)",1,-0.08
366,78,"(45, 11)",0,-0.08
366,79,"(45, 10)",0,-0.08
366,80,"(45, 9)",0,-0.08
366,81,"(45, 8)",1,-0.08
366,82,"(46, 8)",0,-0.08
366,83,"(46, 7)",1,-0.08
366,84,"(47, 7)",1,-0.08
366,85,"(48, 7)",1,-0.08
366,86,"(49, 7)",1,-0.08
366,87,"(50, 7)",1,-0.08
366,88,"(51, 7)",1,-0.08
366,89,"(52, 7)",1,-0.08
366,90,"(53, 7)",1,-0.08
366,91,"(54, 7)",1,-0.08
366,92,"(55, 7)",1,-0.08
366,93,"(56, 7)",1,-0.08
366,94,"(57, 7)",1,-0.08
366,95,"(58, 7)",1,-0.08
366,96,"(59, 7)",1,-0.08
366,97,"(60, 7)",1,-0.08
366,98,"(61, 7)",1,-0.08
366,99,"(62, 7)",1,-0.08
366,100,"(63, 7)",1,-0.08
366,101,"(64, 7)",1,-0.08
366,102,"(65, 7)",1,-0.08
366,103,"(66, 7)",1,-0.08
366,104,"(67, 7)",1,-0.08
366,105,"(68, 7)",1,-0.08
366,106,"(69, 7)",0,-0.08
366,107,"(69, 6)",1,-0.08
366,108,"(70, 6)",1,-0.08
366,109,"(71, 6)",0,-0.08
366,110,"(71, 5)",1,-0.08
366,111,"(72, 5)",1,-0.08
366,112,"(73, 5)",1,-0.08
366,113,"(74, 5)",0,-0.08
366,114,"(74, 4)",1,-0.08
366,115,"(75, 4)",0,-0.08
366,116,"(75, 3)",1,-0.08
366,117,"(76, 3)",1,-0.08
366,118,"(77, 3)",0,-0.08
366,119,"(77, 2)",0,-0.08
366,120,"(77, 1)",1,-0.08
366,121,"(78, 1)",1,-0.08
366,122,"(79, 1)",0,8.33
367,0,"(0, 39)",1,-0.08
367,1,"(1, 39)",0,-0.08
367,2,"(1, 38)",1,-8.33
367,3,"(1, 38)",0,-0.08
367,4,"(1, 37)",0,-8.33
367,5,"(1, 37)",3,-0.08
367,6,"(0, 37)",0,-0.08
367,7,"(0, 36)",0,-0.08
367,8,"(0, 35)",1,-0.08
367,9,"(1, 35)",0,-0.08
367,10,"(1, 34)",0,-0.08
367,11,"(1, 33)",1,-0.08
367,12,"(2, 33)",0,-0.08
367,13,"(2, 32)",0,-0.08
367,14,"(2, 31)",1,-0.08
367,15,"(3, 31)",0,-8.33
367,16,"(3, 31)",0,-8.33
367,17,"(3, 31)",3,-0.08
367,18,"(2, 31)",3,-0.08
367,19,"(1, 31)",0,-0.08
367,20,"(1, 30)",0,-0.08
367,21,"(1, 29)",1,-0.08
367,22,"(2, 29)",1,-0.08
367,23,"(3, 29)",1,-0.08
367,24,"(4, 29)",1,-0.08
367,25,"(5, 29)",1,-0.08
367,26,"(6, 29)",1,-0.08
367,27,"(7, 29)",0,-0.08
367,28,"(7, 28)",0,-0.08
367,29,"(7, 27)",1,-0.08
367,30,"(8, 27)",1,-0.08
367,31,"(9, 27)",1,-0.08
367,32,"(10, 27)",1,-0.08
367,33,"(11, 27)",1,-0.08
367,34,"(12, 27)",0,-0.08
367,35,"(12, 26)",0,-0.08
367,36,"(12, 25)",0,-0.08
367,37,"(12, 24)",1,-0.08
367,38,"(13, 24)",1,-0.08
367,39,"(14, 24)",0,-0.08
367,40,"(14, 23)",1,-0.08
367,41,"(15, 23)",1,-0.08
367,42,"(16, 23)",0,-0.08
367,43,"(16, 22)",1,-0.08
367,44,"(17, 22)",1,-0.08
367,45,"(18, 22)",1,-0.08
367,46,"(19, 22)",0,-0.08
367,47,"(19, 21)",1,-0.08
367,48,"(20, 21)",0,-0.08
367,49,"(20, 20)",0,-0.08
367,50,"(20, 19)",1,-0.08
367,51,"(21, 19)",1,-0.08
367,52,"(22, 19)",1,-0.08
367,53,"(23, 19)",0,-0.08
367,54,"(23, 18)",0,-0.08
367,55,"(23, 17)",1,-0.08
367,56,"(24, 17)",1,-0.08
367,57,"(25, 17)",1,-0.08
367,58,"(26, 17)",1,-0.08
367,59,"(27, 17)",1,-0.08
367,60,"(28, 17)",1,-0.08
367,61,"(29, 17)",0,-0.08
367,62,"(29, 16)",0,-0.08
367,63,"(29, 15)",0,-0.08
367,64,"(29, 14)",0,-0.08
367,65,"(29, 13)",1,-0.08
367,66,"(30, 13)",1,-0.08
367,67,"(31, 13)",1,-0.08
367,68,"(32, 13)",1,-0.08
367,69,"(33, 13)",1,-0.08
367,70,"(34, 13)",1,-0.08
367,71,"(35, 13)",0,-0.08
367,72,"(35, 12)",1,-0.08
367,73,"(36, 12)",1,-0.08
367,74,"(37, 12)",1,-0.08
367,75,"(38, 12)",1,-0.08
367,76,"(39, 12)",0,-0.08
367,77,"(39, 11)",1,-0.08
367,78,"(40, 11)",1,-0.08
367,79,"(41, 11)",1,-0.08
367,80,"(42, 11)",1,-0.08
367,81,"(43, 11)",1,-0.08
367,82,"(44, 11)",1,-0.08
367,83,"(45, 11)",0,-0.08
367,84,"(45, 10)",1,-0.08
367,85,"(46, 10)",0,-0.08
367,86,"(46, 9)",0,-0.08
367,87,"(46, 8)",0,-0.08
367,88,"(46, 7)",1,-0.08
367,89,"(47, 7)",1,-0.08
367,90,"(48, 7)",1,-0.08
367,91,"(49, 7)",1,-0.08
367,92,"(50, 7)",1,-0.08
367,93,"(51, 7)",1,-0.08
367,94,"(52, 7)",1,-0.08
367,95,"(53, 7)",1,-0.08
367,96,"(54, 7)",1,-0.08
367,97,"(55, 7)",1,-0.08
367,98,"(56, 7)",1,-0.08
367,99,"(57, 7)",1,-0.08
367,100,"(58, 7)",1,-0.08
367,101,"(59, 7)",1,-0.08
367,102,"(60, 7)",1,-0.08
367,103,"(61, 7)",1,-0.08
367,104,"(62, 7)",1,-0.08
367,105,"(63, 7)",1,-0.08
367,106,"(64, 7)",1,-0.08
367,107,"(65, 7)",1,-0.08
367,108,"(66, 7)",1,-0.08
367,109,"(67, 7)",1,-0.08
367,110,"(68, 7)",1,-0.08
367,111,"(69, 7)",1,-0.08
367,112,"(70, 7)",0,-0.08
367,113,"(70, 6)",1,-0.08
367,114,"(71, 6)",0,-0.08
367,115,"(71, 5)",1,-0.08
367,116,"(72, 5)",1,-0.08
367,117,"(73, 5)",1,-0.08
367,118,"(74, 5)",0,-0.08
367,119,"(74, 4)",0,-0.08
367,120,"(74, 3)",1,-0.08
367,121,"(75, 3)",1,-0.08
367,122,"(76, 3)",0,-0.08
367,123,"(76, 2)",1,-0.08
367,124,"(77, 2)",0,-0.08
367,125,"(77, 1)",0,-0.08
367,126,"(77, 0)",1,-0.08
367,127,"(78, 0)",1,8.33
368,0,"(0, 39)",1,-0.08
368,1,"(1, 39)",1,-0.08
368,2,"(2, 39)",1,-0.08
368,3,"(3, 39)",0,-0.08
368,4,"(3, 38)",0,-0.08
368,5,"(3, 37)",1,-8.33
368,6,"(3, 37)",0,-0.08
368,7,"(3, 36)",0,-0.08
368,8,"(3, 35)",3,-0.08
368,9,"(2, 35)",0,-0.08
368,10,"(2, 34)",0,-0.08
368,11,"(2, 33)",0,-0.08
368,12,"(2, 32)",0,-0.08
368,13,"(2, 31)",1,-0.08
368,14,"(3, 31)",0,-8.33
368,15,"(3, 31)",0,-8.33
368,16,"(3, 31)",3,-0.08
368,17,"(2, 31)",3,-0.08
368,18,"(1, 31)",0,-0.08
368,19,"(1, 30)",0,-0.08
368,20,"(1, 29)",0,-0.08
368,21,"(1, 28)",0,-0.08
368,22,"(1, 27)",0,-0.08
368,23,"(1, 26)",1,-0.08
368,24,"(2, 26)",0,-0.08
368,25,"(2, 25)",1,-0.08
368,26,"(3, 25)",1,-0.08
368,27,"(4, 25)",1,-0.08
368,28,"(5, 25)",1,-0.08
368,29,"(6, 25)",1,-0.08
368,30,"(7, 25)",1,-0.08
368,31,"(8, 25)",1,-0.08
368,32,"(9, 25)",0,-0.08
368,33,"(9, 24)",1,-0.08
368,34,"(10, 24)",1,-0.08
368,35,"(11, 24)",1,-0.08
368,36,"(12, 24)",1,-0.08
368,37,"(13, 24)",0,-0.08
368,38,"(13, 23)",1,-0.08
368,39,"(14, 23)",1,-0.08
368,40,"(15, 23)",1,-0.08
368,41,"(16, 23)",0,-0.08
368,42,"(16, 22)",1,-0.08
368,43,"(17, 22)",1,-0.08
368,44,"(18, 22)",1,-0.08
368,45,"(19, 22)",1,-0.08
368,46,"(20, 22)",1,-0.08
368,47,"(21, 22)",0,-0.08
368,48,"(21, 21)",1,-0.08
368,49,"(22, 21)",0,-0.08
368,50,"(22, 20)",0,-0.08
368,51,"(22, 19)",1,-0.08
368,52,"(23, 19)",0,-0.08
368,53,"(23, 18)",0,-0.08
368,54,"(23, 17)",0,-0.08
368,55,"(23, 16)",0,-0.08
368,56,"(23, 15)",1,-0.08
368,57,"(24, 15)",1,-0.08
368,58,"(25, 15)",1,-0.08
368,59,"(26, 15)",1,-0.08
368,60,"(27, 15)",1,-0.08
368,61,"(28, 15)",1,-0.08
368,62,"(29, 15)",1,-0.08
368,63,"(30, 15)",1,-0.08
368,64,"(31, 15)",0,-0.08
368,65,"(31, 14)",1,-0.08
368,66,"(32, 14)",0,-0.08
368,67,"(32, 13)",1,-0.08
368,68,"(33, 13)",1,-0.08
368,69,"(34, 13)",1,-0.08
368,70,"(35, 13)",1,-0.08
368,71,"(36, 13)",1,-0.08
368,72,"(37, 13)",1,-0.08
368,73,"(38, 13)",0,-0.08
368,74,"(38, 12)",1,-0.08
368,75,"(39, 12)",0,-0.08
368,76,"(39, 11)",1,-0.08
368,77,"(40, 11)",1,-0.08
368,78,"(41, 11)",1,-0.08
368,79,"(42, 11)",1,-0.08
368,80,"(43, 11)",1,-0.08
368,81,"(44, 11)",1,-0.08
368,82,"(45, 11)",0,-0.08
368,83,"(45, 10)",0,-0.08
368,84,"(45, 9)",1,-0.08
368,85,"(46, 9)",0,-0.08
368,86,"(46, 8)",0,-0.08
368,87,"(46, 7)",1,-0.08
368,88,"(47, 7)",1,-0.08
368,89,"(48, 7)",1,-0.08
368,90,"(49, 7)",1,-0.08
368,91,"(50, 7)",1,-0.08
368,92,"(51, 7)",1,-0.08
368,93,"(52, 7)",1,-0.08
368,94,"(53, 7)",1,-0.08
368,95,"(54, 7)",1,-0.08
368,96,"(55, 7)",1,-0.08
368,97,"(56, 7)",1,-0.08
368,98,"(57, 7)",1,-0.08
368,99,"(58, 7)",1,-0.08
368,100,"(59, 7)",1,-0.08
368,101,"(60, 7)",1,-0.08
368,102,"(61, 7)",1,-0.08
368,103,"(62, 7)",1,-0.08
368,104,"(63, 7)",1,-0.08
368,105,"(64, 7)",1,-0.08
368,106,"(65, 7)",1,-0.08
368,107,"(66, 7)",1,-0.08
368,108,"(67, 7)",1,-0.08
368,109,"(68, 7)",1,-0.08
368,110,"(69, 7)",0,-0.08
368,111,"(69, 6)",1,-0.08
368,112,"(70, 6)",1,-0.08
368,113,"(71, 6)",0,-0.08
368,114,"(71, 5)",1,-0.08
368,115,"(72, 5)",1,-0.08
368,116,"(73, 5)",1,-0.08
368,117,"(74, 5)",1,-0.08
368,118,"(75, 5)",1,-0.08
368,119,"(76, 5)",1,-0.08
368,120,"(77, 5)",0,-0.08
368,121,"(77, 4)",0,-0.08
368,122,"(77, 3)",0,-0.08
368,123,"(77, 2)",0,-0.08
368,124,"(77, 1)",0,-0.08
368,125,"(77, 0)",1,-0.08
368,126,"(78, 0)",1,8.33
369,0,"(0, 39)",0,-0.08
369,1,"(0, 38)",1,-0.08
369,2,"(1, 38)",0,-0.08
369,3,"(1, 37)",0,-8.33
369,4,"(1, 37)",3,-0.08
369,5,"(0, 37)",0,-0.08
369,6,"(0, 36)",0,-0.08
369,7,"(0, 35)",1,-0.08
369,8,"(1, 35)",1,-0.08
369,9,"(2, 35)",0,-0.08
369,10,"(2, 34)",0,-0.08
369,11,"(2, 33)",0,-0.08
369,12,"(2, 32)",0,-0.08
369,13,"(2, 31)",1,-0.08
369,14,"(3, 31)",0,-8.33
369,15,"(3, 31)",0,-8.33
369,16,"(3, 31)",2,-0.08
369,17,"(3, 32)",2,-0.08
369,18,"(3, 33)",1,-0.08
369,19,"(4, 33)",1,-0.08
369,20,"(5, 33)",1,-0.08
369,21,"(6, 33)",1,-0.08
369,22,"(7, 33)",0,-0.08
369,23,"(7, 32)",0,-0.08
369,24,"(7, 31)",1,-0.08
369,25,"(8, 31)",1,-0.08
369,26,"(9, 31)",0,-0.08
369,27,"(9, 30)",1,-0.08
369,28,"(10, 30)",0,-0.08
369,29,"(10, 29)",0,-0.08
369,30,"(10, 28)",0,-0.08
369,31,"(10, 27)",1,-0.08
369,32,"(11, 27)",1,-0.08
369,33,"(12, 27)",1,-0.08
369,34,"(13, 27)",0,-0.08
369,35,"(13, 26)",0,-0.08
369,36,"(13, 25)",0,-0.08
369,37,"(13, 24)",0,-0.08
369,38,"(13, 23)",1,-0.08
369,39,"(14, 23)",1,-0.08
369,40,"(15, 23)",1,-0.08
369,41,"(16, 23)",1,-0.08
369,42,"(17, 23)",1,-0.08
369,43,"(18, 23)",1,-0.08
369,44,"(19, 23)",0,-0.08
369,45,"(19, 22)",1,-0.08
369,46,"(20, 22)",0,-0.08
369,47,"(20, 21)",1,-0.08
369,48,"(21, 21)",0,-0.08
369,49,"(21, 20)",0,-0.08
369,50,"(21, 19)",1,-0.08
369,51,"(22, 19)",1,-0.08
369,52,"(23, 19)",0,-0.08
369,53,"(23, 18)",0,-0.08
369,54,"(23, 17)",1,-0.08
369,55,"(24, 17)",1,-0.08
369,56,"(25, 17)",1,-0.08
369,57,"(26, 17)",1,-0.08
369,58,"(27, 17)",0,-0.08
369,59,"(27, 16)",1,-0.08
369,60,"(28, 16)",0,-0.08
369,61,"(28, 15)",1,-0.08
369,62,"(29, 15)",0,-0.08
369,63,"(29, 14)",0,-0.08
369,64,"(29, 13)",1,-0.08
369,65,"(30, 13)",1,-0.08
369,66,"(31, 13)",1,-0.08
369,67,"(32, 13)",1,-0.08
369,68,"(33, 13)",1,-0.08
369,69,"(34, 13)",1,-0.08
369,70,"(35, 13)",1,-0.08
369,71,"(36, 13)",1,-0.08
369,72,"(37, 13)",0,-0.08
369,73,"(37, 12)",1,-0.08
369,74,"(38, 12)",1,-0.08
369,75,"(39, 12)",0,-0.08
369,76,"(39, 11)",1,-0.08
369,77,"(40, 11)",1,-0.08
369,78,"(41, 11)",1,-0.08
369,79,"(42, 11)",1,-0.08
369,80,"(43, 11)",1,-0.08
369,81,"(44, 11)",1,-0.08
369,82,"(45, 11)",0,-0.08
369,83,"(45, 10)",1,-0.08
369,84,"(46, 10)",0,-0.08
369,85,"(46, 9)",0,-0.08
369,86,"(46, 8)",0,-0.08
369,87,"(46, 7)",1,-0.08
369,88,"(47, 7)",1,-0.08
369,89,"(48, 7)",1,-0.08
369,90,"(49, 7)",1,-0.08
369,91,"(50, 7)",1,-0.08
369,92,"(51, 7)",1,-0.08
369,93,"(52, 7)",1,-0.08
369,94,"(53, 7)",1,-0.08
369,95,"(54, 7)",1,-0.08
369,96,"(55, 7)",1,-0.08
369,97,"(56, 7)",1,-0.08
369,98,"(57, 7)",1,-0.08
369,99,"(58, 7)",1,-0.08
369,100,"(59, 7)",1,-0.08
369,101,"(60, 7)",1,-0.08
369,102,"(61, 7)",1,-0.08
369,103,"(62, 7)",1,-0.08
369,104,"(63, 7)",1,-0.08
369,105,"(64, 7)",1,-0.08
369,106,"(65, 7)",1,-0.08
369,107,"(66, 7)",1,-0.08
369,108,"(67, 7)",1,-0.08
369,109,"(68, 7)",1,-0.08
369,110,"(69, 7)",0,-0.08
369,111,"(69, 6)",1,-0.08
369,112,"(70, 6)",1,-0.08
369,113,"(71, 6)",1,-0.08
369,114,"(72, 6)",0,-0.08
369,115,"(72, 5)",1,-0.08
369,116,"(73, 5)",1,-0.08
369,117,"(74, 5)",1,-0.08
369,118,"(75, 5)",1,-0.08
369,119,"(76, 5)",1,-0.08
369,120,"(77, 5)",0,-0.08
369,121,"(77, 4)",0,-0.08
369,122,"(77, 3)",0,-0.08
369,123,"(77, 2)",0,-0.08
369,124,"(77, 1)",1,-0.08
369,125,"(78, 1)",1,-0.08
369,126,"(79, 1)",0,8.33
370,0,"(0, 39)",1,-0.08
370,1,"(1, 39)",0,-0.08
370,2,"(1, 38)",0,-0.08
370,3,"(1, 37)",0,-8.33
370,4,"(1, 37)",3,-0.08
370,5,"(0, 37)",0,-0.08
370,6,"(0, 36)",0,-0.08
370,7,"(0, 35)",0,-0.08
370,8,"(0, 34)",0,-0.08
370,9,"(0, 33)",1,-0.08
370,10,"(1, 33)",0,-0.08
370,11,"(1, 32)",0,-0.08
370,12,"(1, 31)",1,-0.08
370,13,"(2, 31)",1,-0.08
370,14,"(3, 31)",0,-8.33
370,15,"(3, 31)",2,-0.08
370,16,"(3, 32)",2,-0.08
370,17,"(3, 33)",1,-0.08
370,18,"(4, 33)",1,-0.08
370,19,"(5, 33)",0,-0.08
370,20,"(5, 32)",0,-0.08
370,21,"(5, 31)",0,-0.08
370,22,"(5, 30)",0,-0.08
370,23,"(5, 29)",1,-0.08
370,24,"(6, 29)",1,-0.08
370,25,"(7, 29)",0,-0.08
370,26,"(7, 28)",1,-0.08
370,27,"(8, 28)",0,-0.08
370,28,"(8, 27)",1,-0.08
370,29,"(9, 27)",1,-0.08
370,30,"(10, 27)",1,-0.08
370,31,"(11, 27)",1,-0.08
370,32,"(12, 27)",1,-0.08
370,33,"(13, 27)",0,-0.08
370,34,"(13, 26)",0,-0.08
370,35,"(13, 25)",0,-0.08
370,36,"(13, 24)",0,-0.08
370,37,"(13, 23)",1,-0.08
370,38,"(14, 23)",1,-0.08
370,39,"(15, 23)",1,-0.08
370,40,"(16, 23)",0,-0.08
370,41,"(16, 22)",1,-0.08
370,42,"(17, 22)",1,-0.08
370,43,"(18, 22)",1,-0.08
370,44,"(19, 22)",0,-0.08
370,45,"(19, 21)",0,-0.08
370,46,"(19, 20)",1,-0.08
370,47,"(20, 20)",0,-0.08
370,48,"(20, 19)",1,-0.08
370,49,"(21, 19)",1,-0.08
370,50,"(22, 19)",1,-0.08
370,51,"(23, 19)",0,-0.08
370,52,"(23, 18)",0,-0.08
370,53,"(23, 17)",0,-0.08
370,54,"(23, 16)",0,-0.08
370,55,"(23, 15)",1,-0.08
370,56,"(24, 15)",1,-0.08
370,57,"(25, 15)",1,-0.08
370,58,"(26, 15)",1,-0.08
370,59,"(27, 15)",1,-0.08
370,60,"(28, 15)",1,-0.08
370,61,"(29, 15)",1,-0.08
370,62,"(30, 15)",1,-0.08
370,63,"(31, 15)",0,-0.08
370,64,"(31, 14)",1,-0.08
370,65,"(32, 14)",0,-0.08
370,66,"(32, 13)",1,-0.08
370,67,"(33, 13)",1,-0.08
370,68,"(34, 13)",1,-0.08
370,69,"(35, 13)",1,-0.08
370,70,"(36, 13)",1,-0.08
370,71,"(37, 13)",0,-0.08
370,72,"(37, 12)",1,-0.08
370,73,"(38, 12)",1,-0.08
370,74,"(39, 12)",0,-0.08
370,75,"(39, 11)",1,-0.08
370,76,"(40, 11)",1,-0.08
370,77,"(41, 11)",1,-0.08
370,78,"(42, 11)",1,-0.08
370,79,"(43, 11)",1,-0.08
370,80,"(44, 11)",1,-0.08
370,81,"(45, 11)",0,-0.08
370,82,"(45, 10)",0,-0.08
370,83,"(45, 9)",1,-0.08
370,84,"(46, 9)",0,-0.08
370,85,"(46, 8)",0,-0.08
370,86,"(46, 7)",1,-0.08
370,87,"(47, 7)",1,-0.08
370,88,"(48, 7)",1,-0.08
370,89,"(49, 7)",1,-0.08
370,90,"(50, 7)",1,-0.08
370,91,"(51, 7)",1,-0.08
370,92,"(52, 7)",1,-0.08
370,93,"(53, 7)",1,-0.08
370,94,"(54, 7)",1,-0.08
370,95,"(55, 7)",1,-0.08
370,96,"(56, 7)",1,-0.08
370,97,"(57, 7)",1,-0.08
370,98,"(58, 7)",1,-0.08
370,99,"(59, 7)",1,-0.08
370,100,"(60, 7)",1,-0.08
370,101,"(61, 7)",1,-0.08
370,102,"(62, 7)",1,-0.08
370,103,"(63, 7)",1,-0.08
370,104,"(64, 7)",1,-0.08
370,105,"(65, 7)",1,-0.08
370,106,"(66, 7)",1,-0.08
370,107,"(67, 7)",1,-0.08
370,108,"(68, 7)",1,-0.08
370,109,"(69, 7)",1,-0.08
370,110,"(70, 7)",0,-0.08
370,111,"(70, 6)",1,-0.08
370,112,"(71, 6)",0,-0.08
370,113,"(71, 5)",1,-0.08
370,114,"(72, 5)",1,-0.08
370,115,"(73, 5)",1,-0.08
370,116,"(74, 5)",1,-0.08
370,117,"(75, 5)",1,-0.08
370,118,"(76, 5)",1,-0.08
370,119,"(77, 5)",0,-0.08
370,120,"(77, 4)",0,-0.08
370,121,"(77, 3)",0,-0.08
370,122,"(77, 2)",0,-0.08
370,123,"(77, 1)",1,-0.08
370,124,"(78, 1)",0,-0.08
370,125,"(78, 0)",1,8.33
371,0,"(0, 39)",0,-0.08
371,1,"(0, 38)",1,-0.08
371,2,"(1, 38)",0,-0.08
371,3,"(1, 37)",0,-8.33
371,4,"(1, 37)",3,-0.08
371,5,"(0, 37)",0,-0.08
371,6,"(0, 36)",0,-0.08
371,7,"(0, 35)",1,-0.08
371,8,"(1, 35)",0,-0.08
371,9,"(1, 34)",1,-0.08
371,10,"(2, 34)",0,-0.08
371,11,"(2, 33)",0,-0.08
371,12,"(2, 32)",0,-0.08
371,13,"(2, 31)",1,-0.08
371,14,"(3, 31)",0,-8.33
371,15,"(3, 31)",0,-8.33
371,16,"(3, 31)",3,-0.08
371,17,"(2, 31)",3,-0.08
371,18,"(1, 31)",0,-0.08
371,19,"(1, 30)",0,-0.08
371,20,"(1, 29)",1,-0.08
371,21,"(2, 29)",1,-0.08
371,22,"(3, 29)",1,-0.08
371,23,"(4, 29)",1,-0.08
371,24,"(5, 29)",1,-0.08
371,25,"(6, 29)",1,-0.08
371,26,"(7, 29)",0,-0.08
371,27,"(7, 28)",0,-0.08
371,28,"(7, 27)",1,-0.08
371,29,"(8, 27)",1,-0.08
371,30,"(9, 27)",1,-0.08
371,31,"(10, 27)",1,-0.08
371,32,"(11, 27)",1,-0.08
371,33,"(12, 27)",1,-0.08
371,34,"(13, 27)",0,-0.08
371,35,"(13, 26)",0,-0.08
371,36,"(13, 25)",1,-0.08
371,37,"(14, 25)",0,-0.08
371,38,"(14, 24)",0,-0.08
371,39,"(14, 23)",1,-0.08
371,40,"(15, 23)",1,-0.08
371,41,"(16, 23)",0,-0.08
371,42,"(16, 22)",1,-0.08
371,43,"(17, 22)",1,-0.08
371,44,"(18, 22)",1,-0.08
371,45,"(19, 22)",1,-0.08
371,46,"(20, 22)",1,-0.08
371,47,"(21, 22)",0,-0.08
371,48,"(21, 21)",0,-0.08
371,49,"(21, 20)",1,-0.08
371,50,"(22, 20)",0,-0.08
371,51,"(22, 19)",1,-0.08
371,52,"(23, 19)",0,-0.08
371,53,"(23, 18)",0,-0.08
371,54,"(23, 17)",1,-0.08
371,55,"(24, 17)",1,-0.08
371,56,"(25, 17)",1,-0.08
371,57,"(26, 17)",1,-0.08
371,58,"(27, 17)",0,-0.08
371,59,"(27, 16)",1,-0.08
371,60,"(28, 16)",0,-0.08
371,61,"(28, 15)",1,-0.08
371,62,"(29, 15)",1,-0.08
371,63,"(30, 15)",1,-0.08
371,64,"(31, 15)",1,-0.08
371,65,"(32, 15)",1,-0.08
371,66,"(33, 15)",1,-0.08
371,67,"(34, 15)",1,-0.08
371,68,"(35, 15)",0,-0.08
371,69,"(35, 14)",0,-0.08
371,70,"(35, 13)",0,-0.08
371,71,"(35, 12)",1,-0.08
371,72,"(36, 12)",1,-0.08
371,73,"(37, 12)",1,-0.08
371,74,"(38, 12)",1,-0.08
371,75,"(39, 12)",0,-0.08
371,76,"(39, 11)",1,-0.08
371,77,"(40, 11)",1,-0.08
371,78,"(41, 11)",1,-0.08
371,79,"(42, 11)",1,-0.08
371,80,"(43, 11)",1,-0.08
371,81,"(44, 11)",1,-0.08
371,82,"(45, 11)",0,-0.08
371,83,"(45, 10)",1,-0.08
371,84,"(46, 10)",0,-0.08
371,85,"(46, 9)",0,-0.08
371,86,"(46, 8)",0,-0.08
371,87,"(46, 7)",1,-0.08
371,88,"(47, 7)",1,-0.08
371,89,"(48, 7)",1,-0.08
371,90,"(49, 7)",1,-0.08
371,91,"(50, 7)",1,-0.08
371,92,"(51, 7)",1,-0.08
371,93,"(52, 7)",1,-0.08
371,94,"(53, 7)",1,-0.08
371,95,"(54, 7)",1,-0.08
371,96,"(55, 7)",1,-0.08
371,97,"(56, 7)",1,-0.08
371,98,"(57, 7)",1,-0.08
371,99,"(58, 7)",1,-0.08
371,100,"(59, 7)",1,-0.08
371,101,"(60, 7)",1,-0.08
371,102,"(61, 7)",1,-0.08
371,103,"(62, 7)",1,-0.08
371,104,"(63, 7)",1,-0.08
371,105,"(64, 7)",1,-0.08
371,106,"(65, 7)",1,-0.08
371,107,"(66, 7)",1,-0.08
371,108,"(67, 7)",1,-0.08
371,109,"(68, 7)",1,-0.08
371,110,"(69, 7)",0,-0.08
371,111,"(69, 6)",1,-0.08
371,112,"(70, 6)",1,-0.08
371,113,"(71, 6)",0,-0.08
371,114,"(71, 5)",1,-0.08
371,115,"(72, 5)",1,-0.08
371,116,"(73, 5)",1,-0.08
371,117,"(74, 5)",1,-0.08
371,118,"(75, 5)",0,-0.08
371,119,"(75, 4)",0,-0.08
371,120,"(75, 3)",1,-0.08
371,121,"(76, 3)",1,-0.08
371,122,"(77, 3)",0,-0.08
371,123,"(77, 2)",0,-0.08
371,124,"(77, 1)",0,-0.08
371,125,"(77, 0)",1,-0.08
371,126,"(78, 0)",1,8.33
372,0,"(0, 39)",0,-0.08
372,1,"(0, 38)",1,-0.08
372,2,"(1, 38)",1,-8.33
372,3,"(1, 38)",0,-0.08
372,4,"(1, 37)",0,-8.33
372,5,"(1, 37)",3,-0.08
372,6,"(0, 37)",0,-0.08
372,7,"(0, 36)",0,-0.08
372,8,"(0, 35)",1,-0.08
372,9,"(1, 35)",0,-0.08
372,10,"(1, 34)",1,-0.08
372,11,"(2, 34)",0,-0.08
372,12,"(2, 33)",1,-0.08
372,13,"(3, 33)",0,-0.08
372,14,"(3, 32)",0,-0.08
372,15,"(3, 31)",0,-8.33
372,16,"(3, 31)",3,-0.08
372,17,"(2, 31)",3,-0.08
372,18,"(1, 31)",0,-0.08
372,19,"(1, 30)",0,-0.08
372,20,"(1, 29)",1,-0.08
372,21,"(2, 29)",1,-0.08
372,22,"(3, 29)",1,-0.08
372,23,"(4, 29)",1,-0.08
372,24,"(5, 29)",1,-0.08
372,25,"(6, 29)",1,-0.08
372,26,"(7, 29)",0,-0.08
372,27,"(7, 28)",1,-0.08
372,28,"(8, 28)",0,-0.08
372,29,"(8, 27)",1,-0.08
372,30,"(9, 27)",1,-0.08
372,31,"(10, 27)",1,-0.08
372,32,"(11, 27)",1,-0.08
372,33,"(12, 27)",0,-0.08
372,34,"(12, 26)",1,-0.08
372,35,"(13, 26)",0,-0.08
372,36,"(13, 25)",1,-0.08
372,37,"(14, 25)",0,-0.08
372,38,"(14, 24)",0,-0.08
372,39,"(14, 23)",1,-0.08
372,40,"(15, 23)",1,-0.08
372,41,"(16, 23)",1,-0.08
372,42,"(17, 23)",1,-0.08
372,43,"(18, 23)",1,-0.08
372,44,"(19, 23)",1,-0.08
372,45,"(20, 23)",0,-0.08
372,46,"(20, 22)",0,-0.08
372,47,"(20, 21)",0,-0.08
372,48,"(20, 20)",1,-0.08
372,49,"(21, 20)",0,-0.08
372,50,"(21, 19)",1,-0.08
372,51,"(22, 19)",1,-0.08
372,52,"(23, 19)",0,-0.08
372,53,"(23, 18)",0,-0.08
372,54,"(23, 17)",1,-0.08
372,55,"(24, 17)",1,-0.08
372,56,"(25, 17)",1,-0.08
372,57,"(26, 17)",1,-0.08
372,58,"(27, 17)",0,-0.08
372,59,"(27, 16)",0,-0.08
372,60,"(27, 15)",0,-0.08
372,61,"(27, 14)",0,-0.08
372,62,"(27, 13)",1,-0.08
372,63,"(28, 13)",1,-0.08
372,64,"(29, 13)",1,-0.08
372,65,"(30, 13)",1,-0.08
372,66,"(31, 13)",1,-0.08
372,67,"(32, 13)",1,-0.08
372,68,"(33, 13)",1,-0.08
372,69,"(34, 13)",1,-0.08
372,70,"(35, 13)",0,-0.08
372,71,"(35, 12)",1,-0.08
372,72,"(36, 12)",1,-0.08
372,73,"(37, 12)",1,-0.08
372,74,"(38, 12)",1,-0.08
372,75,"(39, 12)",0,-0.08
372,76,"(39, 11)",1,-0.08
372,77,"(40, 11)",1,-0.08
372,78,"(41, 11)",1,-0.08
372,79,"(42, 11)",1,-0.08
372,80,"(43, 11)",1,-0.08
372,81,"(44, 11)",1,-0.08
372,82,"(45, 11)",0,-0.08
372,83,"(45, 10)",1,-0.08
372,84,"(46, 10)",0,-0.08
372,85,"(46, 9)",0,-0.08
372,86,"(46, 8)",0,-0.08
372,87,"(46, 7)",1,-0.08
372,88,"(47, 7)",1,-0.08
372,89,"(48, 7)",1,-0.08
372,90,"(49, 7)",1,-0.08
372,91,"(50, 7)",1,-0.08
372,92,"(51, 7)",1,-0.08
372,93,"(52, 7)",1,-0.08
372,94,"(53, 7)",1,-0.08
372,95,"(54, 7)",1,-0.08
372,96,"(55, 7)",1,-0.08
372,97,"(56, 7)",1,-0.08
372,98,"(57, 7)",1,-0.08
372,99,"(58, 7)",1,-0.08
372,100,"(59, 7)",1,-0.08
372,101,"(60, 7)",1,-0.08
372,102,"(61, 7)",1,-0.08
372,103,"(62, 7)",1,-0.08
372,104,"(63, 7)",1,-0.08
372,105,"(64, 7)",1,-0.08
372,106,"(65, 7)",1,-0.08
372,107,"(66, 7)",1,-0.08
372,108,"(67, 7)",1,-0.08
372,109,"(68, 7)",1,-0.08
372,110,"(69, 7)",0,-0.08
372,111,"(69, 6)",1,-0.08
372,112,"(70, 6)",1,-0.08
372,113,"(71, 6)",1,-0.08
372,114,"(72, 6)",1,-0.08
372,115,"(73, 6)",0,-0.08
372,116,"(73, 5)",1,-0.08
372,117,"(74, 5)",1,-0.08
372,118,"(75, 5)",0,-0.08
372,119,"(75, 4)",0,-0.08
372,120,"(75, 3)",1,-0.08
372,121,"(76, 3)",0,-0.08
372,122,"(76, 2)",1,-0.08
372,123,"(77, 2)",0,-0.08
372,124,"(77, 1)",1,-0.08
372,125,"(78, 1)",0,-0.08
372,126,"(78, 0)",1,8.33
373,0,"(0, 39)",1,-0.08
373,1,"(1, 39)",0,-0.08
373,2,"(1, 38)",0,-0.08
373,3,"(1, 37)",0,-8.33
373,4,"(1, 37)",3,-0.08
373,5,"(0, 37)",0,-0.08
373,6,"(0, 36)",0,-0.08
373,7,"(0, 35)",0,-0.08
373,8,"(0, 34)",1,-0.08
373,9,"(1, 34)",0,-0.08
373,10,"(1, 33)",0,-0.08
373,11,"(1, 32)",0,-0.08
373,12,"(1, 31)",1,-0.08
373,13,"(2, 31)",1,-0.08
373,14,"(3, 31)",0,-8.33
373,15,"(3, 31)",2,-0.08
373,16,"(3, 32)",2,-0.08
373,17,"(3, 33)",1,-0.08
373,18,"(4, 33)",1,-0.08
373,19,"(5, 33)",1,-0.08
373,20,"(6, 33)",1,-0.08
373,21,"(7, 33)",1,-0.08
373,22,"(8, 33)",1,-0.08
373,23,"(9, 33)",0,-0.08
373,24,"(9, 32)",0,-0.08
373,25,"(9, 31)",0,-0.08
373,26,"(9, 30)",1,-0.08
373,27,"(10, 30)",0,-0.08
373,28,"(10, 29)",0,-0.08
373,29,"(10, 28)",0,-0.08
373,30,"(10, 27)",1,-0.08
373,31,"(11, 27)",1,-0.08
373,32,"(12, 27)",1,-0.08
373,33,"(13, 27)",0,-0.08
373,34,"(13, 26)",0,-0.08
373,35,"(13, 25)",1,-0.08
373,36,"(14, 25)",1,-0.08
373,37,"(15, 25)",1,-0.08
373,38,"(16, 25)",1,-0.08
373,39,"(17, 25)",0,-0.08
373,40,"(17, 24)",0,-0.08
373,41,"(17, 23)",1,-0.08
373,42,"(18, 23)",1,-0.08
373,43,"(19, 23)",0,-0.08
373,44,"(19, 22)",0,-0.08
373,45,"(19, 21)",0,-0.08
373,46,"(19, 20)",1,-0.08
373,47,"(20, 20)",1,-0.08
373,48,"(21, 20)",0,-0.08
373,49,"(21, 19)",1,-0.08
373,50,"(22, 19)",1,-0.08
373,51,"(23, 19)",0,-0.08
373,52,"(23, 18)",0,-0.08
373,53,"(23, 17)",0,-0.08
373,54,"(23, 16)",0,-0.08
373,55,"(23, 15)",1,-0.08
373,56,"(24, 15)",1,-0.08
373,57,"(25, 15)",1,-0.08
373,58,"(26, 15)",1,-0.08
373,59,"(27, 15)",1,-0.08
373,60,"(28, 15)",1,-0.08
373,61,"(29, 15)",1,-0.08
373,62,"(30, 15)",1,-0.08
373,63,"(31, 15)",0,-0.08
373,64,"(31, 14)",0,-0.08
373,65,"(31, 13)",1,-0.08
373,66,"(32, 13)",1,-0.08
373,67,"(33, 13)",1,-0.08
373,68,"(34, 13)",1,-0.08
373,69,"(35, 13)",1,-0.08
373,70,"(36, 13)",1,-0.08
373,71,"(37, 13)",1,-0.08
373,72,"(38, 13)",0,-0.08
373,73,"(38, 12)",1,-0.08
373,74,"(39, 12)",0,-0.08
373,75,"(39, 11)",1,-0.08
373,76,"(40, 11)",1,-0.08
373,77,"(41, 11)",1,-0.08
373,78,"(42, 11)",1,-0.08
373,79,"(43, 11)",1,-0.08
373,80,"(44, 11)",1,-0.08
373,81,"(45, 11)",0,-0.08
373,82,"(45, 10)",0,-0.08
373,83,"(45, 9)",1,-0.08
373,84,"(46, 9)",0,-0.08
373,85,"(46, 8)",0,-0.08
373,86,"(46, 7)",1,-0.08
373,87,"(47, 7)",1,-0.08
373,88,"(48, 7)",1,-0.08
373,89,"(49, 7)",1,-0.08
373,90,"(50, 7)",1,-0.08
373,91,"(51, 7)",1,-0.08
373,92,"(52, 7)",1,-0.08
373,93,"(53, 7)",1,-0.08
373,94,"(54, 7)",1,-0.08
373,95,"(55, 7)",1,-0.08
373,96,"(56, 7)",1,-0.08
373,97,"(57, 7)",1,-0.08
373,98,"(58, 7)",1,-0.08
373,99,"(59, 7)",1,-0.08
373,100,"(60, 7)",1,-0.08
373,101,"(61, 7)",1,-0.08
373,102,"(62, 7)",1,-0.08
373,103,"(63, 7)",1,-0.08
373,104,"(64, 7)",1,-0.08
373,105,"(65, 7)",1,-0.08
373,106,"(66, 7)",1,-0.08
373,107,"(67, 7)",1,-0.08
373,108,"(68, 7)",1,-0.08
373,109,"(69, 7)",0,-0.08
373,110,"(69, 6)",1,-0.08
373,111,"(70, 6)",1,-0.08
373,112,"(71, 6)",0,-0.08
373,113,"(71, 5)",1,-0.08
373,114,"(72, 5)",1,-0.08
373,115,"(73, 5)",1,-0.08
373,116,"(74, 5)",1,-0.08
373,117,"(75, 5)",0,-0.08
373,118,"(75, 4)",0,-0.08
373,119,"(75, 3)",1,-0.08
373,120,"(76, 3)",1,-0.08
373,121,"(77, 3)",0,-0.08
373,122,"(77, 2)",0,-0.08
373,123,"(77, 1)",0,-0.08
373,124,"(77, 0)",1,-0.08
373,125,"(78, 0)",1,8.33
374,0,"(0, 39)",0,-0.08
374,1,"(0, 38)",1,-0.08
374,2,"(1, 38)",1,-8.33
374,3,"(1, 38)",0,-0.08
374,4,"(1, 37)",0,-8.33
374,5,"(1, 37)",3,-0.08
374,6,"(0, 37)",0,-0.08
374,7,"(0, 36)",0,-0.08
374,8,"(0, 35)",1,-0.08
374,9,"(1, 35)",1,-0.08
374,10,"(2, 35)",0,-0.08
374,11,"(2, 34)",0,-0.08
374,12,"(2, 33)",1,-0.08
374,13,"(3, 33)",0,-0.08
374,14,"(3, 32)",0,-0.08
374,15,"(3, 31)",0,-8.33
374,16,"(3, 31)",2,-0.08
374,17,"(3, 32)",2,-0.08
374,18,"(3, 33)",1,-0.08
374,19,"(4, 33)",1,-0.08
374,20,"(5, 33)",0,-0.08
374,21,"(5, 32)",0,-0.08
374,22,"(5, 31)",0,-0.08
374,23,"(5, 30)",0,-0.08
374,24,"(5, 29)",1,-0.08
374,25,"(6, 29)",1,-0.08
374,26,"(7, 29)",0,-0.08
374,27,"(7, 28)",1,-0.08
374,28,"(8, 28)",0,-0.08
374,29,"(8, 27)",1,-0.08
374,30,"(9, 27)",1,-0.08
374,31,"(10, 27)",1,-0.08
374,32,"(11, 27)",1,-0.08
374,33,"(12, 27)",0,-0.08
374,34,"(12, 26)",0,-0.08
374,35,"(12, 25)",1,-0.08
374,36,"(13, 25)",0,-0.08
374,37,"(13, 24)",0,-0.08
374,38,"(13, 23)",1,-0.08
374,39,"(14, 23)",1,-0.08
374,40,"(15, 23)",1,-0.08
374,41,"(16, 23)",0,-0.08
374,42,"(16, 22)",1,-0.08
374,43,"(17, 22)",1,-0.08
374,44,"(18, 22)",1,-0.08
374,45,"(19, 22)",0,-0.08
374,46,"(19, 21)",1,-0.08
374,47,"(20, 21)",1,-0.08
374,48,"(21, 21)",1,-0.08
374,49,"(22, 21)",1,-0.08
374,50,"(23, 21)",1,-0.08
374,51,"(24, 21)",0,-0.08
374,52,"(24, 20)",1,-0.08
374,53,"(25, 20)",0,-0.08
374,54,"(25, 19)",1,-0.08
374,55,"(26, 19)",0,-0.08
374,56,"(26, 18)",0,-0.08
374,57,"(26, 17)",1,-0.08
374,58,"(27, 17)",0,-0.08
374,59,"(27, 16)",1,-0.08
374,60,"(28, 16)",0,-0.08
374,61,"(28, 15)",1,-0.08
374,62,"(29, 15)",0,-0.08
374,63,"(29, 14)",0,-0.08
374,64,"(29, 13)",1,-0.08
374,65,"(30, 13)",1,-0.08
374,66,"(31, 13)",1,-0.08
374,67,"(32, 13)",1,-0.08
374,68,"(33, 13)",1,-0.08
374,69,"(34, 13)",1,-0.08
374,70,"(35, 13)",0,-0.08
374,71,"(35, 12)",1,-0.08
374,72,"(36, 12)",1,-0.08
374,73,"(37, 12)",1,-0.08
374,74,"(38, 12)",1,-0.08
374,75,"(39, 12)",0,-0.08
374,76,"(39, 11)",1,-0.08
374,77,"(40, 11)",1,-0.08
374,78,"(41, 11)",1,-0.08
374,79,"(42, 11)",1,-0.08
374,80,"(43, 11)",1,-0.08
374,81,"(44, 11)",1,-0.08
374,82,"(45, 11)",0,-0.08
374,83,"(45, 10)",1,-0.08
374,84,"(46, 10)",1,-0.08
374,85,"(47, 10)",1,-0.08
374,86,"(48, 10)",1,-0.08
374,87,"(49, 10)",0,-0.08
374,88,"(49, 9)",1,-0.08
374,89,"(50, 9)",0,-0.08
374,90,"(50, 8)",0,-0.08
374,91,"(50, 7)",1,-0.08
374,92,"(51, 7)",1,-0.08
374,93,"(52, 7)",1,-0.08
374,94,"(53, 7)",1,-0.08
374,95,"(54, 7)",1,-0.08
374,96,"(55, 7)",1,-0.08
374,97,"(56, 7)",1,-0.08
374,98,"(57, 7)",1,-0.08
374,99,"(58, 7)",1,-0.08
374,100,"(59, 7)",1,-0.08
374,101,"(60, 7)",1,-0.08
374,102,"(61, 7)",1,-0.08
374,103,"(62, 7)",1,-0.08
374,104,"(63, 7)",1,-0.08
374,105,"(64, 7)",1,-0.08
374,106,"(65, 7)",1,-0.08
374,107,"(66, 7)",1,-0.08
374,108,"(67, 7)",1,-0.08
374,109,"(68, 7)",1,-0.08
374,110,"(69, 7)",1,-0.08
374,111,"(70, 7)",1,-0.08
374,112,"(71, 7)",1,-0.08
374,113,"(72, 7)",1,-0.08
374,114,"(73, 7)",1,-0.08
374,115,"(74, 7)",1,-0.08
374,116,"(75, 7)",1,-0.08
374,117,"(76, 7)",1,-0.08
374,118,"(77, 7)",0,-0.08
374,119,"(77, 6)",1,-0.08
374,120,"(78, 6)",1,-0.08
374,121,"(79, 6)",0,-0.08
374,122,"(79, 5)",0,-0.08
374,123,"(79, 4)",0,-0.08
374,124,"(79, 3)",0,-0.08
374,125,"(79, 2)",0,-0.08
374,126,"(79, 1)",0,8.33
375,0,"(0, 39)",1,-0.08
375,1,"(1, 39)",0,-0.08
375,2,"(1, 38)",0,-0.08
375,3,"(1, 37)",1,-8.33
375,4,"(1, 37)",0,-8.33
375,5,"(1, 37)",3,-0.08
375,6,"(0, 37)",0,-0.08
375,7,"(0, 36)",0,-0.08
375,8,"(0, 35)",1,-0.08
375,9,"(1, 35)",0,-0.08
375,10,"(1, 34)",0,-0.08
375,11,"(1, 33)",0,-0.08
375,12,"(1, 32)",1,-0.08
375,13,"(2, 32)",0,-0.08
375,14,"(2, 31)",1,-0.08
375,15,"(3, 31)",0,-8.33
375,16,"(3, 31)",0,-8.33
375,17,"(3, 31)",2,-0.08
375,18,"(3, 32)",2,-0.08
375,19,"(3, 33)",1,-0.08
375,20,"(4, 33)",1,-0.08
375,21,"(5, 33)",0,-0.08
375,22,"(5, 32)",0,-0.08
375,23,"(5, 31)",1,-0.08
375,24,"(6, 31)",1,-0.08
375,25,"(7, 31)",1,-0.08
375,26,"(8, 31)",1,-0.08
375,27,"(9, 31)",0,-0.08
375,28,"(9, 30)",1,-0.08
375,29,"(10, 30)",0,-0.08
375,30,"(10, 29)",0,-0.08
375,31,"(10, 28)",0,-0.08
375,32,"(10, 27)",1,-0.08
375,33,"(11, 27)",1,-0.08
375,34,"(12, 27)",1,-0.08
375,35,"(13, 27)",0,-0.08
375,36,"(13, 26)",0,-0.08
375,37,"(13, 25)",0,-0.08
375,38,"(13, 24)",0,-0.08
375,39,"(13, 23)",1,-0.08
375,40,"(14, 23)",1,-0.08
375,41,"(15, 23)",1,-0.08
375,42,"(16, 23)",1,-0.08
375,43,"(17, 23)",0,-0.08
375,44,"(17, 22)",1,-0.08
375,45,"(18, 22)",1,-0.08
375,46,"(19, 22)",1,-0.08
375,47,"(20, 22)",0,-0.08
375,48,"(20, 21)",0,-0.08
375,49,"(20, 20)",1,-0.08
375,50,"(21, 20)",0,-0.08
375,51,"(21, 19)",1,-0.08
375,52,"(22, 19)",1,-0.08
375,53,"(23, 19)",0,-0.08
375,54,"(23, 18)",0,-0.08
375,55,"(23, 17)",0,-0.08
375,56,"(23, 16)",0,-0.08
375,57,"(23, 15)",1,-0.08
375,58,"(24, 15)",1,-0.08
375,59,"(25, 15)",1,-0.08
375,60,"(26, 15)",1,-0.08
375,61,"(27, 15)",1,-0.08
375,62,"(28, 15)",1,-0.08
375,63,"(29, 15)",0,-0.08
375,64,"(29, 14)",0,-0.08
375,65,"(29, 13)",1,-0.08
375,66,"(30, 13)",1,-0.08
375,67,"(31, 13)",1,-0.08
375,68,"(32, 13)",1,-0.08
375,69,"(33, 13)",1,-0.08
375,70,"(34, 13)",1,-0.08
375,71,"(35, 13)",1,-0.08
375,72,"(36, 13)",0,-0.08
375,73,"(36, 12)",1,-0.08
375,74,"(37, 12)",1,-0.08
375,75,"(38, 12)",1,-0.08
375,76,"(39, 12)",0,-0.08
375,77,"(39, 11)",1,-0.08
375,78,"(40, 11)",1,-0.08
375,79,"(41, 11)",1,-0.08
375,80,"(42, 11)",1,-0.08
375,81,"(43, 11)",1,-0.08
375,82,"(44, 11)",1,-0.08
375,83,"(45, 11)",0,-0.08
375,84,"(45, 10)",0,-0.08
375,85,"(45, 9)",0,-0.08
375,86,"(45, 8)",1,-0.08
375,87,"(46, 8)",0,-0.08
375,88,"(46, 7)",1,-0.08
375,89,"(47, 7)",1,-0.08
375,90,"(48, 7)",1,-0.08
375,91,"(49, 7)",1,-0.08
375,92,"(50, 7)",1,-0.08
375,93,"(51, 7)",1,-0.08
375,94,"(52, 7)",1,-0.08
375,95,"(53, 7)",1,-0.08
375,96,"(54, 7)",1,-0.08
375,97,"(55, 7)",1,-0.08
375,98,"(56, 7)",1,-0.08
375,99,"(57, 7)",1,-0.08
375,100,"(58, 7)",1,-0.08
375,101,"(59, 7)",1,-0.08
375,102,"(60, 7)",1,-0.08
375,103,"(61, 7)",1,-0.08
375,104,"(62, 7)",1,-0.08
375,105,"(63, 7)",1,-0.08
375,106,"(64, 7)",1,-0.08
375,107,"(65, 7)",1,-0.08
375,108,"(66, 7)",1,-0.08
375,109,"(67, 7)",1,-0.08
375,110,"(68, 7)",1,-0.08
375,111,"(69, 7)",0,-0.08
375,112,"(69, 6)",1,-0.08
375,113,"(70, 6)",1,-0.08
375,114,"(71, 6)",0,-0.08
375,115,"(71, 5)",1,-0.08
375,116,"(72, 5)",1,-0.08
375,117,"(73, 5)",1,-0.08
375,118,"(74, 5)",0,-0.08
375,119,"(74, 4)",0,-0.08
375,120,"(74, 3)",1,-0.08
375,121,"(75, 3)",1,-0.08
375,122,"(76, 3)",0,-0.08
375,123,"(76, 2)",1,-0.08
375,124,"(77, 2)",0,-0.08
375,125,"(77, 1)",0,-0.08
375,126,"(77, 0)",1,-0.08
375,127,"(78, 0)",1,8.33
376,0,"(0, 39)",0,-0.08
376,1,"(0, 38)",0,-0.08
376,2,"(0, 37)",1,-0.08
376,3,"(1, 37)",1,-8.33
376,4,"(1, 37)",0,-8.33
376,5,"(1, 37)",3,-0.08
376,6,"(0, 37)",0,-0.08
376,7,"(0, 36)",0,-0.08
376,8,"(0, 35)",1,-0.08
376,9,"(1, 35)",0,-0.08
376,10,"(1, 34)",0,-0.08
376,11,"(1, 33)",0,-0.08
376,12,"(1, 32)",1,-0.08
376,13,"(2, 32)",0,-0.08
376,14,"(2, 31)",1,-0.08
376,15,"(3, 31)",0,-8.33
376,16,"(3, 31)",0,-8.33
376,17,"(3, 31)",2,-0.08
376,18,"(3, 32)",2,-0.08
376,19,"(3, 33)",1,-0.08
376,20,"(4, 33)",1,-0.08
376,21,"(5, 33)",0,-0.08
376,22,"(5, 32)",0,-0.08
376,23,"(5, 31)",0,-0.08
376,24,"(5, 30)",0,-0.08
376,25,"(5, 29)",1,-0.08
376,26,"(6, 29)",1,-0.08
376,27,"(7, 29)",0,-0.08
376,28,"(7, 28)",0,-0.08
376,29,"(7, 27)",0,-0.08
376,30,"(7, 26)",0,-0.08
376,31,"(7, 25)",1,-0.08
376,32,"(8, 25)",1,-0.08
376,33,"(9, 25)",0,-0.08
376,34,"(9, 24)",1,-0.08
376,35,"(10, 24)",1,-0.08
376,36,"(11, 24)",1,-0.08
376,37,"(12, 24)",1,-0.08
376,38,"(13, 24)",0,-0.08
376,39,"(13, 23)",1,-0.08
376,40,"(14, 23)",1,-0.08
376,41,"(15, 23)",1,-0.08
376,42,"(16, 23)",1,-0.08
376,43,"(17, 23)",1,-0.08
376,44,"(18, 23)",1,-0.08
376,45,"(19, 23)",0,-0.08
376,46,"(19, 22)",1,-0.08
376,47,"(20, 22)",0,-0.08
376,48,"(20, 21)",1,-0.08
376,49,"(21, 21)",1,-0.08
376,50,"(22, 21)",0,-0.08
376,51,"(22, 20)",0,-0.08
376,52,"(22, 19)",1,-0.08
376,53,"(23, 19)",0,-0.08
376,54,"(23, 18)",0,-0.08
376,55,"(23, 17)",0,-0.08
376,56,"(23, 16)",0,-0.08
376,57,"(23, 15)",1,-0.08
376,58,"(24, 15)",1,-0.08
376,59,"(25, 15)",1,-0.08
376,60,"(26, 15)",1,-0.08
376,61,"(27, 15)",1,-0.08
376,62,"(28, 15)",1,-0.08
376,63,"(29, 15)",1,-0.08
376,64,"(30, 15)",1,-0.08
376,65,"(31, 15)",1,-0.08
376,66,"(32, 15)",0,-0.08
376,67,"(32, 14)",0,-0.08
376,68,"(32, 13)",1,-0.08
376,69,"(33, 13)",1,-0.08
376,70,"(34, 13)",1,-0.08
376,71,"(35, 13)",0,-0.08
376,72,"(35, 12)",1,-0.08
376,73,"(36, 12)",1,-0.08
376,74,"(37, 12)",1,-0.08
376,75,"(38, 12)",1,-0.08
376,76,"(39, 12)",0,-0.08
376,77,"(39, 11)",1,-0.08
376,78,"(40, 11)",1,-0.08
376,79,"(41, 11)",1,-0.08
376,80,"(42, 11)",1,-0.08
376,81,"(43, 11)",1,-0.08
376,82,"(44, 11)",1,-0.08
376,83,"(45, 11)",0,-0.08
376,84,"(45, 10)",0,-0.08
376,85,"(45, 9)",0,-0.08
376,86,"(45, 8)",1,-0.08
376,87,"(46, 8)",0,-0.08
376,88,"(46, 7)",1,-0.08
376,89,"(47, 7)",1,-0.08
376,90,"(48, 7)",1,-0.08
376,91,"(49, 7)",1,-0.08
376,92,"(50, 7)",1,-0.08
376,93,"(51, 7)",1,-0.08
376,94,"(52, 7)",1,-0.08
376,95,"(53, 7)",1,-0.08
376,96,"(54, 7)",1,-0.08
376,97,"(55, 7)",1,-0.08
376,98,"(56, 7)",1,-0.08
376,99,"(57, 7)",1,-0.08
376,100,"(58, 7)",1,-0.08
376,101,"(59, 7)",1,-0.08
376,102,"(60, 7)",1,-0.08
376,103,"(61, 7)",1,-0.08
376,104,"(62, 7)",1,-0.08
376,105,"(63, 7)",1,-0.08
376,106,"(64, 7)",1,-0.08
376,107,"(65, 7)",1,-0.08
376,108,"(66, 7)",1,-0.08
376,109,"(67, 7)",1,-0.08
376,110,"(68, 7)",1,-0.08
376,111,"(69, 7)",0,-0.08
376,112,"(69, 6)",1,-0.08
376,113,"(70, 6)",1,-0.08
376,114,"(71, 6)",0,-0.08
376,115,"(71, 5)",1,-0.08
376,116,"(72, 5)",1,-0.08
376,117,"(73, 5)",1,-0.08
376,118,"(74, 5)",1,-0.08
376,119,"(75, 5)",1,-0.08
376,120,"(76, 5)",1,-0.08
376,121,"(77, 5)",0,-0.08
376,122,"(77, 4)",0,-0.08
376,123,"(77, 3)",0,-0.08
376,124,"(77, 2)",0,-0.08
376,125,"(77, 1)",0,-0.08
376,126,"(77, 0)",1,-0.08
376,127,"(78, 0)",1,8.33
377,0,"(0, 39)",0,-0.08
377,1,"(0, 38)",1,-0.08
377,2,"(1, 38)",1,-8.33
377,3,"(1, 38)",0,-0.08
377,4,"(1, 37)",0,-8.33
377,5,"(1, 37)",3,-0.08
377,6,"(0, 37)",0,-0.08
377,7,"(0, 36)",0,-0.08
377,8,"(0, 35)",0,-0.08
377,9,"(0, 34)",1,-0.08
377,10,"(1, 34)",1,-0.08
377,11,"(2, 34)",0,-0.08
377,12,"(2, 33)",1,-0.08
377,13,"(3, 33)",0,-0.08
377,14,"(3, 32)",0,-0.08
377,15,"(3, 31)",0,-8.33
377,16,"(3, 31)",3,-0.08
377,17,"(2, 31)",3,-0.08
377,18,"(1, 31)",0,-0.08
377,19,"(1, 30)",0,-0.08
377,20,"(1, 29)",0,-0.08
377,21,"(1, 28)",0,-0.08
377,22,"(1, 27)",0,-0.08
377,23,"(1, 26)",0,-0.08
377,24,"(1, 25)",1,-0.08
377,25,"(2, 25)",1,-0.08
377,26,"(3, 25)",1,-0.08
377,27,"(4, 25)",1,-0.08
377,28,"(5, 25)",1,-0.08
377,29,"(6, 25)",1,-0.08
377,30,"(7, 25)",1,-0.08
377,31,"(8, 25)",1,-0.08
377,32,"(9, 25)",1,-0.08
377,33,"(10, 25)",0,-0.08
377,34,"(10, 24)",1,-0.08
377,35,"(11, 24)",1,-0.08
377,36,"(12, 24)",1,-0.08
377,37,"(13, 24)",0,-0.08
377,38,"(13, 23)",1,-0.08
377,39,"(14, 23)",1,-0.08
377,40,"(15, 23)",1,-0.08
377,41,"(16, 23)",1,-0.08
377,42,"(17, 23)",0,-0.08
377,43,"(17, 22)",1,-0.08
377,44,"(18, 22)",1,-0.08
377,45,"(19, 22)",0,-0.08
377,46,"(19, 21)",1,-0.08
377,47,"(20, 21)",0,-0.08
377,48,"(20, 20)",1,-0.08
377,49,"(21, 20)",1,-0.08
377,50,"(22, 20)",0,-0.08
377,51,"(22, 19)",1,-0.08
377,52,"(23, 19)",0,-0.08
377,53,"(23, 18)",0,-0.08
377,54,"(23, 17)",0,-0.08
377,55,"(23, 16)",0,-0.08
377,56,"(23, 15)",1,-0.08
377,57,"(24, 15)",1,-0.08
377,58,"(25, 15)",1,-0.08
377,59,"(26, 15)",1,-0.08
377,60,"(27, 15)",0,-0.08
377,61,"(27, 14)",0,-0.08
377,62,"(27, 13)",1,-0.08
377,63,"(28, 13)",1,-0.08
377,64,"(29, 13)",1,-0.08
377,65,"(30, 13)",1,-0.08
377,66,"(31, 13)",1,-0.08
377,67,"(32, 13)",1,-0.08
377,68,"(33, 13)",1,-0.08
377,69,"(34, 13)",1,-0.08
377,70,"(35, 13)",0,-0.08
377,71,"(35, 12)",1,-0.08
377,72,"(36, 12)",1,-0.08
377,73,"(37, 12)",1,-0.08
377,74,"(38, 12)",1,-0.08
377,75,"(39, 12)",0,-0.08
377,76,"(39, 11)",1,-0.08
377,77,"(40, 11)",1,-0.08
377,78,"(41, 11)",1,-0.08
377,79,"(42, 11)",1,-0.08
377,80,"(43, 11)",1,-0.08
377,81,"(44, 11)",1,-0.08
377,82,"(45, 11)",0,-0.08
377,83,"(45, 10)",0,-0.08
377,84,"(45, 9)",0,-0.08
377,85,"(45, 8)",0,-0.08
377,86,"(45, 7)",1,-0.08
377,87,"(46, 7)",1,-0.08
377,88,"(47, 7)",1,-0.08
377,89,"(48, 7)",1,-0.08
377,90,"(49, 7)",1,-0.08
377,91,"(50, 7)",1,-0.08
377,92,"(51, 7)",1,-0.08
377,93,"(52, 7)",1,-0.08
377,94,"(53, 7)",1,-0.08
377,95,"(54, 7)",1,-0.08
377,96,"(55, 7)",1,-0.08
377,97,"(56, 7)",1,-0.08
377,98,"(57, 7)",1,-0.08
377,99,"(58, 7)",1,-0.08
377,100,"(59, 7)",1,-0.08
377,101,"(60, 7)",1,-0.08
377,102,"(61, 7)",1,-0.08
377,103,"(62, 7)",1,-0.08
377,104,"(63, 7)",1,-0.08
377,105,"(64, 7)",1,-0.08
377,106,"(65, 7)",1,-0.08
377,107,"(66, 7)",1,-0.08
377,108,"(67, 7)",1,-0.08
377,109,"(68, 7)",1,-0.08
377,110,"(69, 7)",0,-0.08
377,111,"(69, 6)",1,-0.08
377,112,"(70, 6)",1,-0.08
377,113,"(71, 6)",0,-0.08
377,114,"(71, 5)",1,-0.08
377,115,"(72, 5)",1,-0.08
377,116,"(73, 5)",1,-0.08
377,117,"(74, 5)",0,-0.08
377,118,"(74, 4)",1,-0.08
377,119,"(75, 4)",0,-0.08
377,120,"(75, 3)",1,-0.08
377,121,"(76, 3)",1,-0.08
377,122,"(77, 3)",0,-0.08
377,123,"(77, 2)",0,-0.08
377,124,"(77, 1)",1,-0.08
377,125,"(78, 1)",1,-0.08
377,126,"(79, 1)",0,8.33
378,0,"(0, 39)",0,-0.08
378,1,"(0, 38)",1,-0.08
378,2,"(1, 38)",1,-8.33
378,3,"(1, 38)",0,-0.08
378,4,"(1, 37)",0,-8.33
378,5,"(1, 37)",3,-0.08
378,6,"(0, 37)",0,-0.08
378,7,"(0, 36)",0,-0.08
378,8,"(0, 35)",0,-0.08
378,9,"(0, 34)",0,-0.08
378,10,"(0, 33)",1,-0.08
378,11,"(1, 33)",0,-0.08
378,12,"(1, 32)",0,-0.08
378,13,"(1, 31)",0,-0.08
378,14,"(1, 30)",0,-0.08
378,15,"(1, 29)",1,-0.08
378,16,"(2, 29)",1,-0.08
378,17,"(3, 29)",1,-0.08
378,18,"(4, 29)",1,-0.08
378,19,"(5, 29)",1,-0.08
378,20,"(6, 29)",1,-0.08
378,21,"(7, 29)",0,-0.08
378,22,"(7, 28)",0,-0.08
378,23,"(7, 27)",0,-0.08
378,24,"(7, 26)",0,-0.08
378,25,"(7, 25)",1,-0.08
378,26,"(8, 25)",1,-0.08
378,27,"(9, 25)",0,-0.08
378,28,"(9, 24)",1,-0.08
378,29,"(10, 24)",1,-0.08
378,30,"(11, 24)",1,-0.08
378,31,"(12, 24)",1,-0.08
378,32,"(13, 24)",1,-0.08
378,33,"(14, 24)",0,-0.08
378,34,"(14, 23)",1,-0.08
378,35,"(15, 23)",1,-0.08
378,36,"(16, 23)",1,-0.08
378,37,"(17, 23)",0,-0.08
378,38,"(17, 22)",1,-0.08
378,39,"(18, 22)",1,-0.08
378,40,"(19, 22)",1,-0.08
378,41,"(20, 22)",0,-0.08
378,42,"(20, 21)",1,-0.08
378,43,"(21, 21)",1,-0.08
378,44,"(22, 21)",1,-0.08
378,45,"(23, 21)",0,-0.08
378,46,"(23, 20)",0,-0.08
378,47,"(23, 19)",0,-0.08
378,48,"(23, 18)",0,-0.08
378,49,"(23, 17)",1,-0.08
378,50,"(24, 17)",1,-0.08
378,51,"(25, 17)",1,-0.08
378,52,"(26, 17)",1,-0.08
378,53,"(27, 17)",1,-0.08
378,54,"(28, 17)",1,-0.08
378,55,"(29, 17)",1,-0.08
378,56,"(30, 17)",1,-0.08
378,57,"(31, 17)",1,-0.08
378,58,"(32, 17)",0,-0.08
378,59,"(32, 16)",0,-0.08
378,60,"(32, 15)",0,-0.08
378,61,"(32, 14)",0,-0.08
378,62,"(32, 13)",1,-0.08
378,63,"(33, 13)",1,-0.08
378,64,"(34, 13)",1,-0.08
378,65,"(35, 13)",1,-0.08
378,66,"(36, 13)",0,-0.08
378,67,"(36, 12)",1,-0.08
378,68,"(37, 12)",1,-0.08
378,69,"(38, 12)",1,-0.08
378,70,"(39, 12)",0,-0.08
378,71,"(39, 11)",1,-0.08
378,72,"(40, 11)",1,-0.08
378,73,"(41, 11)",1,-0.08
378,74,"(42, 11)",1,-0.08
378,75,"(43, 11)",1,-0.08
378,76,"(44, 11)",1,-0.08
378,77,"(45, 11)",0,-0.08
378,78,"(45, 10)",0,-0.08
378,79,"(45, 9)",0,-0.08
378,80,"(45, 8)",0,-0.08
378,81,"(45, 7)",1,-0.08
378,82,"(46, 7)",1,-0.08
378,83,"(47, 7)",1,-0.08
378,84,"(48, 7)",1,-0.08
378,85,"(49, 7)",1,-0.08
378,86,"(50, 7)",1,-0.08
378,87,"(51, 7)",1,-0.08
378,88,"(52, 7)",1,-0.08
378,89,"(53, 7)",1,-0.08
378,90,"(54, 7)",1,-0.08
378,91,"(55, 7)",1,-0.08
378,92,"(56, 7)",1,-0.08
378,93,"(57, 7)",1,-0.08
378,94,"(58, 7)",1,-0.08
378,95,"(59, 7)",1,-0.08
378,96,"(60, 7)",1,-0.08
378,97,"(61, 7)",1,-0.08
378,98,"(62, 7)",1,-0.08
378,99,"(63, 7)",1,-0.08
378,100,"(64, 7)",1,-0.08
378,101,"(65, 7)",1,-0.08
378,102,"(66, 7)",1,-0.08
378,103,"(67, 7)",1,-0.08
378,104,"(68, 7)",1,-0.08
378,105,"(69, 7)",1,-0.08
378,106,"(70, 7)",0,-0.08
378,107,"(70, 6)",1,-0.08
378,108,"(71, 6)",0,-0.08
378,109,"(71, 5)",1,-0.08
378,110,"(72, 5)",1,-0.08
378,111,"(73, 5)",1,-0.08
378,112,"(74, 5)",0,-0.08
378,113,"(74, 4)",0,-0.08
378,114,"(74, 3)",1,-0.08
378,115,"(75, 3)",1,-0.08
378,116,"(76, 3)",0,-0.08
378,117,"(76, 2)",0,-0.08
378,118,"(76, 1)",0,-0.08
378,119,"(76, 0)",1,-0.08
378,120,"(77, 0)",1,-0.08
378,121,"(78, 0)",1,8.33
379,0,"(0, 39)",1,-0.08
379,1,"(1, 39)",1,-0.08
379,2,"(2, 39)",0,-8.33
379,3,"(2, 39)",1,-0.08
379,4,"(3, 39)",0,-0.08
379,5,"(3, 38)",0,-0.08
379,6,"(3, 37)",1,-8.33
379,7,"(3, 37)",0,-0.08
379,8,"(3, 36)",0,-0.08
379,9,"(3, 35)",3,-0.08
379,10,"(2, 35)",0,-0.08
379,11,"(2, 34)",0,-0.08
379,12,"(2, 33)",1,-0.08
379,13,"(3, 33)",1,-0.08
379,14,"(4, 33)",1,-0.08
379,15,"(5, 33)",0,-0.08
379,16,"(5, 32)",0,-0.08
379,17,"(5, 31)",0,-0.08
379,18,"(5, 30)",0,-0.08
379,19,"(5, 29)",1,-0.08
379,20,"(6, 29)",1,-0.08
379,21,"(7, 29)",1,-0.08
379,22,"(8, 29)",0,-0.08
379,23,"(8, 28)",0,-0.08
379,24,"(8, 27)",1,-0.08
379,25,"(9, 27)",1,-0.08
379,26,"(10, 27)",1,-0.08
379,27,"(11, 27)",1,-0.08
379,28,"(12, 27)",0,-0.08
379,29,"(12, 26)",1,-0.08
379,30,"(13, 26)",0,-0.08
379,31,"(13, 25)",1,-0.08
379,32,"(14, 25)",1,-0.08
379,33,"(15, 25)",1,-0.08
379,34,"(16, 25)",1,-0.08
379,35,"(17, 25)",0,-0.08
379,36,"(17, 24)",1,-8.33
379,37,"(17, 24)",0,-0.08
379,38,"(17, 23)",0,-0.08
379,39,"(17, 22)",1,-0.08
379,40,"(18, 22)",1,-0.08
379,41,"(19, 22)",0,-0.08
379,42,"(19, 21)",0,-0.08
379,43,"(19, 20)",1,-0.08
379,44,"(20, 20)",0,-0.08
379,45,"(20, 19)",1,-0.08
379,46,"(21, 19)",1,-0.08
379,47,"(22, 19)",1,-0.08
379,48,"(23, 19)",0,-0.08
379,49,"(23, 18)",0,-0.08
379,50,"(23, 17)",1,-0.08
379,51,"(24, 17)",1,-0.08
379,52,"(25, 17)",1,-0.08
379,53,"(26, 17)",1,-0.08
379,54,"(27, 17)",0,-0.08
379,55,"(27, 16)",1,-0.08
379,56,"(28, 16)",1,-0.08
379,57,"(29, 16)",0,-0.08
379,58,"(29, 15)",1,-0.08
379,59,"(30, 15)",1,-0.08
379,60,"(31, 15)",1,-0.08
379,61,"(32, 15)",1,-0.08
379,62,"(33, 15)",1,-0.08
379,63,"(34, 15)",1,-0.08
379,64,"(35, 15)",0,-0.08
379,65,"(35, 14)",0,-0.08
379,66,"(35, 13)",1,-0.08
379,67,"(36, 13)",0,-0.08
379,68,"(36, 12)",1,-0.08
379,69,"(37, 12)",1,-0.08
379,70,"(38, 12)",1,-0.08
379,71,"(39, 12)",0,-0.08
379,72,"(39, 11)",1,-0.08
379,73,"(40, 11)",1,-0.08
379,74,"(41, 11)",1,-0.08
379,75,"(42, 11)",1,-0.08
379,76,"(43, 11)",1,-0.08
379,77,"(44, 11)",1,-0.08
379,78,"(45, 11)",0,-0.08
379,79,"(45, 10)",1,-0.08
379,80,"(46, 10)",0,-0.08
379,81,"(46, 9)",0,-0.08
379,82,"(46, 8)",0,-0.08
379,83,"(46, 7)",1,-0.08
379,84,"(47, 7)",1,-0.08
379,85,"(48, 7)",1,-0.08
379,86,"(49, 7)",1,-0.08
379,87,"(50, 7)",1,-0.08
379,88,"(51, 7)",1,-0.08
379,89,"(52, 7)",1,-0.08
379,90,"(53, 7)",1,-0.08
379,91,"(54, 7)",1,-0.08
379,92,"(55, 7)",1,-0.08
379,93,"(56, 7)",1,-0.08
379,94,"(57, 7)",1,-0.08
379,95,"(58, 7)",1,-0.08
379,96,"(59, 7)",1,-0.08
379,97,"(60, 7)",1,-0.08
379,98,"(61, 7)",1,-0.08
379,99,"(62, 7)",1,-0.08
379,100,"(63, 7)",1,-0.08
379,101,"(64, 7)",1,-0.08
379,102,"(65, 7)",1,-0.08
379,103,"(66, 7)",1,-0.08
379,104,"(67, 7)",1,-0.08
379,105,"(68, 7)",1,-0.08
379,106,"(69, 7)",0,-0.08
379,107,"(69, 6)",1,-0.08
379,108,"(70, 6)",1,-0.08
379,109,"(71, 6)",0,-0.08
379,110,"(71, 5)",1,-0.08
379,111,"(72, 5)",1,-0.08
379,112,"(73, 5)",1,-0.08
379,113,"(74, 5)",0,-0.08
379,114,"(74, 4)",0,-0.08
379,115,"(74, 3)",1,-0.08
379,116,"(75, 3)",1,-0.08
379,117,"(76, 3)",1,-0.08
379,118,"(77, 3)",0,-0.08
379,119,"(77, 2)",0,-0.08
379,120,"(77, 1)",0,-0.08
379,121,"(77, 0)",1,-0.08
379,122,"(78, 0)",1,8.33
380,0,"(0, 39)",0,-0.08
380,1,"(0, 38)",1,-0.08
380,2,"(1, 38)",1,-8.33
380,3,"(1, 38)",0,-0.08
380,4,"(1, 37)",0,-8.33
380,5,"(1, 37)",3,-0.08
380,6,"(0, 37)",0,-0.08
380,7,"(0, 36)",0,-0.08
380,8,"(0, 35)",1,-0.08
380,9,"(1, 35)",0,-0.08
380,10,"(1, 34)",1,-0.08
380,11,"(2, 34)",0,-0.08
380,12,"(2, 33)",0,-0.08
380,13,"(2, 32)",1,-0.08
380,14,"(3, 32)",0,-0.08
380,15,"(3, 31)",0,-8.33
380,16,"(3, 31)",0,-8.33
380,17,"(3, 31)",3,-0.08
380,18,"(2, 31)",3,-0.08
380,19,"(1, 31)",0,-0.08
380,20,"(1, 30)",0,-0.08
380,21,"(1, 29)",1,-0.08
380,22,"(2, 29)",1,-0.08
380,23,"(3, 29)",0,-0.08
380,24,"(3, 28)",0,-0.08
380,25,"(3, 27)",0,-0.08
380,26,"(3, 26)",0,-0.08
380,27,"(3, 25)",1,-0.08
380,28,"(4, 25)",1,-0.08
380,29,"(5, 25)",1,-0.08
380,30,"(6, 25)",1,-0.08
380,31,"(7, 25)",1,-0.08
380,32,"(8, 25)",1,-0.08
380,33,"(9, 25)",0,-0.08
380,34,"(9, 24)",1,-0.08
380,35,"(10, 24)",1,-0.08
380,36,"(11, 24)",1,-0.08
380,37,"(12, 24)",1,-0.08
380,38,"(13, 24)",0,-0.08
380,39,"(13, 23)",1,-0.08
380,40,"(14, 23)",1,-0.08
380,41,"(15, 23)",1,-0.08
380,42,"(16, 23)",1,-0.08
380,43,"(17, 23)",0,-0.08
380,44,"(17, 22)",1,-0.08
380,45,"(18, 22)",1,-0.08
380,46,"(19, 22)",0,-0.08
380,47,"(19, 21)",1,-0.08
380,48,"(20, 21)",0,-0.08
380,49,"(20, 20)",0,-0.08
380,50,"(20, 19)",1,-0.08
380,51,"(21, 19)",1,-0.08
380,52,"(22, 19)",1,-0.08
380,53,"(23, 19)",0,-0.08
380,54,"(23, 18)",0,-0.08
380,55,"(23, 17)",1,-0.08
380,56,"(24, 17)",1,-0.08
380,57,"(25, 17)",1,-0.08
380,58,"(26, 17)",1,-0.08
380,59,"(27, 17)",0,-0.08
380,60,"(27, 16)",1,-0.08
380,61,"(28, 16)",1,-0.08
380,62,"(29, 16)",0,-0.08
380,63,"(29, 15)",1,-0.08
380,64,"(30, 15)",1,-0.08
380,65,"(31, 15)",0,-0.08
380,66,"(31, 14)",0,-0.08
380,67,"(31, 13)",1,-0.08
380,68,"(32, 13)",1,-0.08
380,69,"(33, 13)",1,-0.08
380,70,"(34, 13)",1,-0.08
380,71,"(35, 13)",1,-0.08
380,72,"(36, 13)",0,-0.08
380,73,"(36, 12)",1,-0.08
380,74,"(37, 12)",1,-0.08
380,75,"(38, 12)",1,-0.08
380,76,"(39, 12)",0,-0.08
380,77,"(39, 11)",1,-0.08
380,78,"(40, 11)",1,-0.08
380,79,"(41, 11)",1,-0.08
380,80,"(42, 11)",1,-0.08
380,81,"(43, 11)",1,-0.08
380,82,"(44, 11)",1,-0.08
380,83,"(45, 11)",0,-0.08
380,84,"(45, 10)",1,-0.08
380,85,"(46, 10)",1,-0.08
380,86,"(47, 10)",1,-0.08
380,87,"(48, 10)",1,-0.08
380,88,"(49, 10)",0,-0.08
380,89,"(49, 9)",1,-0.08
380,90,"(50, 9)",1,-0.08
380,91,"(51, 9)",1,-0.08
380,92,"(52, 9)",1,-0.08
380,93,"(53, 9)",1,-0.08
380,94,"(54, 9)",1,-0.08
380,95,"(55, 9)",1,-0.08
380,96,"(56, 9)",1,-0.08
380,97,"(57, 9)",0,-0.08
380,98,"(57, 8)",0,-0.08
380,99,"(57, 7)",1,-0.08
380,100,"(58, 7)",1,-0.08
380,101,"(59, 7)",1,-0.08
380,102,"(60, 7)",1,-0.08
380,103,"(61, 7)",1,-0.08
380,104,"(62, 7)",1,-0.08
380,105,"(63, 7)",1,-0.08
380,106,"(64, 7)",1,-0.08
380,107,"(65, 7)",1,-0.08
380,108,"(66, 7)",1,-0.08
380,109,"(67, 7)",1,-0.08
380,110,"(68, 7)",1,-0.08
380,111,"(69, 7)",1,-0.08
380,112,"(70, 7)",1,-0.08
380,113,"(71, 7)",1,-0.08
380,114,"(72, 7)",1,-0.08
380,115,"(73, 7)",0,-0.08
380,116,"(73, 6)",0,-0.08
380,117,"(73, 5)",1,-0.08
380,118,"(74, 5)",1,-0.08
380,119,"(75, 5)",0,-0.08
380,120,"(75, 4)",0,-0.08
380,121,"(75, 3)",1,-0.08
380,122,"(76, 3)",0,-0.08
380,123,"(76, 2)",1,-0.08
380,124,"(77, 2)",0,-0.08
380,125,"(77, 1)",0,-0.08
380,126,"(77, 0)",1,-0.08
380,127,"(78, 0)",1,8.33
381,0,"(0, 39)",0,-0.08
381,1,"(0, 38)",0,-0.08
381,2,"(0, 37)",1,-0.08
381,3,"(1, 37)",1,-8.33
381,4,"(1, 37)",0,-8.33
381,5,"(1, 37)",3,-0.08
381,6,"(0, 37)",0,-0.08
381,7,"(0, 36)",0,-0.08
381,8,"(0, 35)",0,-0.08
381,9,"(0, 34)",0,-0.08
381,10,"(0, 33)",1,-0.08
381,11,"(1, 33)",1,-0.08
381,12,"(2, 33)",0,-0.08
381,13,"(2, 32)",0,-0.08
381,14,"(2, 31)",1,-0.08
381,15,"(3, 31)",0,-8.33
381,16,"(3, 31)",0,-8.33
381,17,"(3, 31)",3,-0.08
381,18,"(2, 31)",3,-0.08
381,19,"(1, 31)",0,-0.08
381,20,"(1, 30)",0,-0.08
381,21,"(1, 29)",0,-0.08
381,22,"(1, 28)",0,-0.08
381,23,"(1, 27)",0,-0.08
381,24,"(1, 26)",0,-0.08
381,25,"(1, 25)",1,-0.08
381,26,"(2, 25)",1,-0.08
381,27,"(3, 25)",1,-0.08
381,28,"(4, 25)",1,-0.08
381,29,"(5, 25)",1,-0.08
381,30,"(6, 25)",1,-0.08
381,31,"(7, 25)",1,-0.08
381,32,"(8, 25)",1,-0.08
381,33,"(9, 25)",1,-0.08
381,34,"(10, 25)",0,-0.08
381,35,"(10, 24)",1,-0.08
381,36,"(11, 24)",1,-0.08
381,37,"(12, 24)",1,-0.08
381,38,"(13, 24)",1,-0.08
381,39,"(14, 24)",0,-0.08
381,40,"(14, 23)",1,-0.08
381,41,"(15, 23)",1,-0.08
381,42,"(16, 23)",0,-0.08
381,43,"(16, 22)",1,-0.08
381,44,"(17, 22)",1,-0.08
381,45,"(18, 22)",1,-0.08
381,46,"(19, 22)",0,-0.08
381,47,"(19, 21)",1,-0.08
381,48,"(20, 21)",0,-0.08
381,49,"(20, 20)",1,-0.08
381,50,"(21, 20)",1,-0.08
381,51,"(22, 20)",0,-0.08
381,52,"(22, 19)",1,-0.08
381,53,"(23, 19)",0,-0.08
381,54,"(23, 18)",0,-0.08
381,55,"(23, 17)",1,-0.08
381,56,"(24, 17)",1,-0.08
381,57,"(25, 17)",1,-0.08
381,58,"(26, 17)",1,-0.08
381,59,"(27, 17)",0,-0.08
381,60,"(27, 16)",0,-0.08
381,61,"(27, 15)",0,-0.08
381,62,"(27, 14)",0,-0.08
381,63,"(27, 13)",1,-0.08
381,64,"(28, 13)",1,-0.08
381,65,"(29, 13)",1,-0.08
381,66,"(30, 13)",1,-0.08
381,67,"(31, 13)",1,-0.08
381,68,"(32, 13)",1,-0.08
381,69,"(33, 13)",1,-0.08
381,70,"(34, 13)",1,-0.08
381,71,"(35, 13)",0,-0.08
381,72,"(35, 12)",1,-0.08
381,73,"(36, 12)",1,-0.08
381,74,"(37, 12)",1,-0.08
381,75,"(38, 12)",1,-0.08
381,76,"(39, 12)",0,-0.08
381,77,"(39, 11)",1,-0.08
381,78,"(40, 11)",1,-0.08
381,79,"(41, 11)",1,-0.08
381,80,"(42, 11)",1,-0.08
381,81,"(43, 11)",1,-0.08
381,82,"(44, 11)",1,-0.08
381,83,"(45, 11)",0,-0.08
381,84,"(45, 10)",0,-0.08
381,85,"(45, 9)",1,-0.08
381,86,"(46, 9)",0,-0.08
381,87,"(46, 8)",0,-0.08
381,88,"(46, 7)",1,-0.08
381,89,"(47, 7)",1,-0.08
381,90,"(48, 7)",1,-0.08
381,91,"(49, 7)",1,-0.08
381,92,"(50, 7)",1,-0.08
381,93,"(51, 7)",1,-0.08
381,94,"(52, 7)",1,-0.08
381,95,"(53, 7)",1,-0.08
381,96,"(54, 7)",1,-0.08
381,97,"(55, 7)",1,-0.08
381,98,"(56, 7)",1,-0.08
381,99,"(57, 7)",1,-0.08
381,100,"(58, 7)",1,-0.08
381,101,"(59, 7)",1,-0.08
381,102,"(60, 7)",1,-0.08
381,103,"(61, 7)",1,-0.08
381,104,"(62, 7)",1,-0.08
381,105,"(63, 7)",1,-0.08
381,106,"(64, 7)",1,-0.08
381,107,"(65, 7)",1,-0.08
381,108,"(66, 7)",1,-0.08
381,109,"(67, 7)",1,-0.08
381,110,"(68, 7)",1,-0.08
381,111,"(69, 7)",1,-0.08
381,112,"(70, 7)",1,-0.08
381,113,"(71, 7)",0,-0.08
381,114,"(71, 6)",1,-0.08
381,115,"(72, 6)",0,-0.08
381,116,"(72, 5)",1,-0.08
381,117,"(73, 5)",1,-0.08
381,118,"(74, 5)",1,-0.08
381,119,"(75, 5)",1,-0.08
381,120,"(76, 5)",1,-0.08
381,121,"(77, 5)",0,-0.08
381,122,"(77, 4)",0,-0.08
381,123,"(77, 3)",0,-0.08
381,124,"(77, 2)",0,-0.08
381,125,"(77, 1)",1,-0.08
381,126,"(78, 1)",0,-0.08
381,127,"(78, 0)",1,8.33
382,0,"(0, 39)",1,-0.08
382,1,"(1, 39)",1,-0.08
382,2,"(2, 39)",0,-8.33
382,3,"(2, 39)",1,-0.08
382,4,"(3, 39)",0,-0.08
382,5,"(3, 38)",0,-0.08
382,6,"(3, 37)",1,-8.33
382,7,"(3, 37)",0,-0.08
382,8,"(3, 36)",0,-0.08
382,9,"(3, 35)",3,-0.08
382,10,"(2, 35)",0,-0.08
382,11,"(2, 34)",0,-0.08
382,12,"(2, 33)",1,-0.08
382,13,"(3, 33)",0,-0.08
382,14,"(3, 32)",0,-0.08
382,15,"(3, 31)",0,-8.33
382,16,"(3, 31)",2,-0.08
382,17,"(3, 32)",2,-0.08
382,18,"(3, 33)",1,-0.08
382,19,"(4, 33)",1,-0.08
382,20,"(5, 33)",0,-0.08
382,21,"(5, 32)",0,-0.08
382,22,"(5, 31)",0,-0.08
382,23,"(5, 30)",0,-0.08
382,24,"(5, 29)",1,-0.08
382,25,"(6, 29)",1,-0.08
382,26,"(7, 29)",0,-0.08
382,27,"(7, 28)",1,-0.08
382,28,"(8, 28)",0,-0.08
382,29,"(8, 27)",1,-0.08
382,30,"(9, 27)",1,-0.08
382,31,"(10, 27)",1,-0.08
382,32,"(11, 27)",1,-0.08
382,33,"(12, 27)",0,-0.08
382,34,"(12, 26)",1,-0.08
382,35,"(13, 26)",0,-0.08
382,36,"(13, 25)",0,-0.08
382,37,"(13, 24)",0,-0.08
382,38,"(13, 23)",1,-0.08
382,39,"(14, 23)",1,-0.08
382,40,"(15, 23)",1,-0.08
382,41,"(16, 23)",1,-0.08
382,42,"(17, 23)",0,-0.08
382,43,"(17, 22)",1,-0.08
382,44,"(18, 22)",1,-0.08
382,45,"(19, 22)",0,-0.08
382,46,"(19, 21)",0,-0.08
382,47,"(19, 20)",0,-0.08
382,48,"(19, 19)",1,-0.08
382,49,"(20, 19)",1,-0.08
382,50,"(21, 19)",1,-0.08
382,51,"(22, 19)",1,-0.08
382,52,"(23, 19)",0,-0.08
382,53,"(23, 18)",0,-0.08
382,54,"(23, 17)",1,-0.08
382,55,"(24, 17)",1,-0.08
382,56,"(25, 17)",1,-0.08
382,57,"(26, 17)",1,-0.08
382,58,"(27, 17)",0,-0.08
382,59,"(27, 16)",1,-0.08
382,60,"(28, 16)",1,-0.08
382,61,"(29, 16)",0,-0.08
382,62,"(29, 15)",0,-0.08
382,63,"(29, 14)",0,-0.08
382,64,"(29, 13)",1,-0.08
382,65,"(30, 13)",1,-0.08
382,66,"(31, 13)",1,-0.08
382,67,"(32, 13)",1,-0.08
382,68,"(33, 13)",1,-0.08
382,69,"(34, 13)",1,-0.08
382,70,"(35, 13)",0,-0.08
382,71,"(35, 12)",1,-0.08
382,72,"(36, 12)",1,-0.08
382,73,"(37, 12)",1,-0.08
382,74,"(38, 12)",1,-0.08
382,75,"(39, 12)",0,-0.08
382,76,"(39, 11)",1,-0.08
382,77,"(40, 11)",1,-0.08
382,78,"(41, 11)",1,-0.08
382,79,"(42, 11)",1,-0.08
382,80,"(43, 11)",1,-0.08
382,81,"(44, 11)",1,-0.08
382,82,"(45, 11)",0,-0.08
382,83,"(45, 10)",0,-0.08
382,84,"(45, 9)",1,-0.08
382,85,"(46, 9)",0,-0.08
382,86,"(46, 8)",0,-0.08
382,87,"(46, 7)",1,-0.08
382,88,"(47, 7)",1,-0.08
382,89,"(48, 7)",1,-0.08
382,90,"(49, 7)",1,-0.08
382,91,"(50, 7)",1,-0.08
382,92,"(51, 7)",1,-0.08
382,93,"(52, 7)",1,-0.08
382,94,"(53, 7)",1,-0.08
382,95,"(54, 7)",1,-0.08
382,96,"(55, 7)",1,-0.08
382,97,"(56, 7)",1,-0.08
382,98,"(57, 7)",1,-0.08
382,99,"(58, 7)",1,-0.08
382,100,"(59, 7)",1,-0.08
382,101,"(60, 7)",1,-0.08
382,102,"(61, 7)",1,-0.08
382,103,"(62, 7)",1,-0.08
382,104,"(63, 7)",1,-0.08
382,105,"(64, 7)",1,-0.08
382,106,"(65, 7)",1,-0.08
382,107,"(66, 7)",1,-0.08
382,108,"(67, 7)",1,-0.08
382,109,"(68, 7)",1,-0.08
382,110,"(69, 7)",1,-0.08
382,111,"(70, 7)",1,-0.08
382,112,"(71, 7)",0,-0.08
382,113,"(71, 6)",1,-0.08
382,114,"(72, 6)",1,-0.08
382,115,"(73, 6)",1,-0.08
382,116,"(74, 6)",0,-0.08
382,117,"(74, 5)",1,-0.08
382,118,"(75, 5)",1,-0.08
382,119,"(76, 5)",1,-0.08
382,120,"(77, 5)",0,-0.08
382,121,"(77, 4)",0,-0.08
382,122,"(77, 3)",0,-0.08
382,123,"(77, 2)",0,-0.08
382,124,"(77, 1)",0,-0.08
382,125,"(77, 0)",1,-0.08
382,126,"(78, 0)",1,8.33
383,0,"(0, 39)",0,-0.08
383,1,"(0, 38)",0,-0.08
383,2,"(0, 37)",0,-0.08
383,3,"(0, 36)",0,-0.08
383,4,"(0, 35)",1,-0.08
383,5,"(1, 35)",0,-0.08
383,6,"(1, 34)",0,-0.08
383,7,"(1, 33)",0,-0.08
383,8,"(1, 32)",1,-0.08
383,9,"(2, 32)",1,-0.08
383,10,"(3, 32)",1,-8.33
383,11,"(3, 32)",0,-0.08
383,12,"(3, 31)",0,-8.33
383,13,"(3, 31)",0,-8.33
383,14,"(3, 31)",3,-0.08
383,15,"(2, 31)",3,-0.08
383,16,"(1, 31)",0,-0.08
383,17,"(1, 30)",0,-0.08
383,18,"(1, 29)",1,-0.08
383,19,"(2, 29)",1,-0.08
383,20,"(3, 29)",1,-0.08
383,21,"(4, 29)",1,-0.08
383,22,"(5, 29)",1,-0.08
383,23,"(6, 29)",1,-0.08
383,24,"(7, 29)",0,-0.08
383,25,"(7, 28)",0,-0.08
383,26,"(7, 27)",0,-0.08
383,27,"(7, 26)",0,-0.08
383,28,"(7, 25)",1,-0.08
383,29,"(8, 25)",1,-0.08
383,30,"(9, 25)",1,-0.08
383,31,"(10, 25)",1,-0.08
383,32,"(11, 25)",1,-0.08
383,33,"(12, 25)",1,-0.08
383,34,"(13, 25)",0,-0.08
383,35,"(13, 24)",0,-0.08
383,36,"(13, 23)",1,-0.08
383,37,"(14, 23)",1,-0.08
383,38,"(15, 23)",1,-0.08
383,39,"(16, 23)",0,-0.08
383,40,"(16, 22)",1,-0.08
383,41,"(17, 22)",1,-0.08
383,42,"(18, 22)",1,-0.08
383,43,"(19, 22)",0,-0.08
383,44,"(19, 21)",0,-0.08
383,45,"(19, 20)",1,-0.08
383,46,"(20, 20)",1,-0.08
383,47,"(21, 20)",0,-0.08
383,48,"(21, 19)",1,-0.08
383,49,"(22, 19)",1,-0.08
383,50,"(23, 19)",0,-0.08
383,51,"(23, 18)",0,-0.08
383,52,"(23, 17)",0,-0.08
383,53,"(23, 16)",0,-0.08
383,54,"(23, 15)",1,-0.08
383,55,"(24, 15)",1,-0.08
383,56,"(25, 15)",1,-0.08
383,57,"(26, 15)",1,-0.08
383,58,"(27, 15)",1,-0.08
383,59,"(28, 15)",1,-0.08
383,60,"(29, 15)",0,-0.08
383,61,"(29, 14)",0,-0.08
383,62,"(29, 13)",1,-0.08
383,63,"(30, 13)",1,-0.08
383,64,"(31, 13)",1,-0.08
383,65,"(32, 13)",1,-0.08
383,66,"(33, 13)",1,-0.08
383,67,"(34, 13)",1,-0.08
383,68,"(35, 13)",1,-0.08
383,69,"(36, 13)",1,-0.08
383,70,"(37, 13)",0,-0.08
383,71,"(37, 12)",1,-0.08
383,72,"(38, 12)",1,-0.08
383,73,"(39, 12)",0,-0.08
383,74,"(39, 11)",1,-0.08
383,75,"(40, 11)",1,-0.08
383,76,"(41, 11)",1,-0.08
383,77,"(42, 11)",1,-0.08
383,78,"(43, 11)",1,-0.08
383,79,"(44, 11)",1,-0.08
383,80,"(45, 11)",0,-0.08
383,81,"(45, 10)",1,-0.08
383,82,"(46, 10)",1,-0.08
383,83,"(47, 10)",1,-0.08
383,84,"(48, 10)",1,-0.08
383,85,"(49, 10)",1,-0.08
383,86,"(50, 10)",0,-0.08
383,87,"(50, 9)",1,-0.08
383,88,"(51, 9)",1,-0.08
383,89,"(52, 9)",1,-0.08
383,90,"(53, 9)",1,-0.08
383,91,"(54, 9)",1,-0.08
383,92,"(55, 9)",1,-0.08
383,93,"(56, 9)",1,-0.08
383,94,"(57, 9)",0,-0.08
383,95,"(57, 8)",1,-0.08
383,96,"(58, 8)",0,-0.08
383,97,"(58, 7)",1,-0.08
383,98,"(59, 7)",1,-0.08
383,99,"(60, 7)",1,-0.08
383,100,"(61, 7)",1,-0.08
383,101,"(62, 7)",1,-0.08
383,102,"(63, 7)",1,-0.08
383,103,"(64, 7)",1,-0.08
383,104,"(65, 7)",1,-0.08
383,105,"(66, 7)",1,-0.08
383,106,"(67, 7)",1,-0.08
383,107,"(68, 7)",1,-0.08
383,108,"(69, 7)",1,-0.08
383,109,"(70, 7)",1,-0.08
383,110,"(71, 7)",0,-0.08
383,111,"(71, 6)",1,-0.08
383,112,"(72, 6)",0,-0.08
383,113,"(72, 5)",1,-0.08
383,114,"(73, 5)",1,-0.08
383,115,"(74, 5)",0,-0.08
383,116,"(74, 4)",1,-0.08
383,117,"(75, 4)",0,-0.08
383,118,"(75, 3)",1,-0.08
383,119,"(76, 3)",0,-0.08
383,120,"(76, 2)",1,-0.08
383,121,"(77, 2)",0,-0.08
383,122,"(77, 1)",0,-0.08
383,123,"(77, 0)",1,-0.08
383,124,"(78, 0)",1,8.33
384,0,"(0, 39)",0,-0.08
384,1,"(0, 38)",0,-0.08
384,2,"(0, 37)",1,-0.08
384,3,"(1, 37)",1,-8.33
384,4,"(1, 37)",0,-8.33
384,5,"(1, 37)",3,-0.08
384,6,"(0, 37)",0,-0.08
384,7,"(0, 36)",0,-0.08
384,8,"(0, 35)",1,-0.08
384,9,"(1, 35)",0,-0.08
384,10,"(1, 34)",0,-0.08
384,11,"(1, 33)",1,-0.08
384,12,"(2, 33)",1,-0.08
384,13,"(3, 33)",1,-0.08
384,14,"(4, 33)",1,-0.08
384,15,"(5, 33)",1,-0.08
384,16,"(6, 33)",1,-0.08
384,17,"(7, 33)",1,-0.08
384,18,"(8, 33)",1,-0.08
384,19,"(9, 33)",1,-0.08
384,20,"(10, 33)",1,-0.08
384,21,"(11, 33)",1,-0.08
384,22,"(12, 33)",0,-0.08
384,23,"(12, 32)",0,-0.08
384,24,"(12, 31)",1,-0.08
384,25,"(13, 31)",0,-0.08
384,26,"(13, 30)",0,-0.08
384,27,"(13, 29)",1,-0.08
384,28,"(14, 29)",0,-0.08
384,29,"(14, 28)",0,-0.08
384,30,"(14, 27)",1,-0.08
384,31,"(15, 27)",0,-0.08
384,32,"(15, 26)",1,-0.08
384,33,"(16, 26)",0,-0.08
384,34,"(16, 25)",1,-0.08
384,35,"(17, 25)",0,-0.08
384,36,"(17, 24)",1,-8.33
384,37,"(17, 24)",0,-0.08
384,38,"(17, 23)",1,-0.08
384,39,"(18, 23)",1,-0.08
384,40,"(19, 23)",0,-0.08
384,41,"(19, 22)",1,-0.08
384,42,"(20, 22)",1,-0.08
384,43,"(21, 22)",0,-0.08
384,44,"(21, 21)",0,-0.08
384,45,"(21, 20)",1,-0.08
384,46,"(22, 20)",0,-0.08
384,47,"(22, 19)",1,-0.08
384,48,"(23, 19)",0,-0.08
384,49,"(23, 18)",0,-0.08
384,50,"(23, 17)",0,-0.08
384,51,"(23, 16)",0,-0.08
384,52,"(23, 15)",1,-0.08
384,53,"(24, 15)",1,-0.08
384,54,"(25, 15)",1,-0.08
384,55,"(26, 15)",1,-0.08
384,56,"(27, 15)",0,-0.08
384,57,"(27, 14)",0,-0.08
384,58,"(27, 13)",1,-0.08
384,59,"(28, 13)",1,-0.08
384,60,"(29, 13)",1,-0.08
384,61,"(30, 13)",1,-0.08
384,62,"(31, 13)",1,-0.08
384,63,"(32, 13)",1,-0.08
384,64,"(33, 13)",1,-0.08
384,65,"(34, 13)",1,-0.08
384,66,"(35, 13)",0,-0.08
384,67,"(35, 12)",1,-0.08
384,68,"(36, 12)",1,-0.08
384,69,"(37, 12)",1,-0.08
384,70,"(38, 12)",1,-0.08
384,71,"(39, 12)",0,-0.08
384,72,"(39, 11)",1,-0.08
384,73,"(40, 11)",1,-0.08
384,74,"(41, 11)",1,-0.08
384,75,"(42, 11)",1,-0.08
384,76,"(43, 11)",1,-0.08
384,77,"(44, 11)",1,-0.08
384,78,"(45, 11)",0,-0.08
384,79,"(45, 10)",0,-0.08
384,80,"(45, 9)",1,-0.08
384,81,"(46, 9)",0,-0.08
384,82,"(46, 8)",0,-0.08
384,83,"(46, 7)",1,-0.08
384,84,"(47, 7)",1,-0.08
384,85,"(48, 7)",1,-0.08
384,86,"(49, 7)",1,-0.08
384,87,"(50, 7)",1,-0.08
384,88,"(51, 7)",1,-0.08
384,89,"(52, 7)",1,-0.08
384,90,"(53, 7)",1,-0.08
384,91,"(54, 7)",1,-0.08
384,92,"(55, 7)",1,-0.08
384,93,"(56, 7)",1,-0.08
384,94,"(57, 7)",1,-0.08
384,95,"(58, 7)",1,-0.08
384,96,"(59, 7)",1,-0.08
384,97,"(60, 7)",1,-0.08
384,98,"(61, 7)",1,-0.08
384,99,"(62, 7)",1,-0.08
384,100,"(63, 7)",1,-0.08
384,101,"(64, 7)",1,-0.08
384,102,"(65, 7)",1,-0.08
384,103,"(66, 7)",1,-0.08
384,104,"(67, 7)",1,-0.08
384,105,"(68, 7)",1,-0.08
384,106,"(69, 7)",1,-0.08
384,107,"(70, 7)",1,-0.08
384,108,"(71, 7)",0,-0.08
384,109,"(71, 6)",1,-0.08
384,110,"(72, 6)",1,-0.08
384,111,"(73, 6)",0,-0.08
384,112,"(73, 5)",1,-0.08
384,113,"(74, 5)",1,-0.08
384,114,"(75, 5)",1,-0.08
384,115,"(76, 5)",1,-0.08
384,116,"(77, 5)",0,-0.08
384,117,"(77, 4)",0,-0.08
384,118,"(77, 3)",0,-0.08
384,119,"(77, 2)",0,-0.08
384,120,"(77, 1)",0,-0.08
384,121,"(77, 0)",1,-0.08
384,122,"(78, 0)",1,8.33
385,0,"(0, 39)",0,-0.08
385,1,"(0, 38)",0,-0.08
385,2,"(0, 37)",1,-0.08
385,3,"(1, 37)",0,-8.33
385,4,"(1, 37)",3,-0.08
385,5,"(0, 37)",0,-0.08
385,6,"(0, 36)",0,-0.08
385,7,"(0, 35)",0,-0.08
385,8,"(0, 34)",1,-0.08
385,9,"(1, 34)",0,-0.08
385,10,"(1, 33)",0,-0.08
385,11,"(1, 32)",1,-0.08
385,12,"(2, 32)",0,-0.08
385,13,"(2, 31)",1,-0.08
385,14,"(3, 31)",0,-8.33
385,15,"(3, 31)",0,-8.33
385,16,"(3, 31)",3,-0.08
385,17,"(2, 31)",3,-0.08
385,18,"(1, 31)",0,-0.08
385,19,"(1, 30)",0,-0.08
385,20,"(1, 29)",0,-0.08
385,21,"(1, 28)",0,-0.08
385,22,"(1, 27)",0,-0.08
385,23,"(1, 26)",1,-0.08
385,24,"(2, 26)",1,-0.08
385,25,"(3, 26)",0,-0.08
385,26,"(3, 25)",1,-0.08
385,27,"(4, 25)",1,-0.08
385,28,"(5, 25)",1,-0.08
385,29,"(6, 25)",1,-0.08
385,30,"(7, 25)",1,-0.08
385,31,"(8, 25)",1,-0.08
385,32,"(9, 25)",1,-0.08
385,33,"(10, 25)",0,-0.08
385,34,"(10, 24)",1,-0.08
385,35,"(11, 24)",1,-0.08
385,36,"(12, 24)",1,-0.08
385,37,"(13, 24)",0,-0.08
385,38,"(13, 23)",1,-0.08
385,39,"(14, 23)",1,-0.08
385,40,"(15, 23)",1,-0.08
385,41,"(16, 23)",0,-0.08
385,42,"(16, 22)",1,-0.08
385,43,"(17, 22)",1,-0.08
385,44,"(18, 22)",1,-0.08
385,45,"(19, 22)",0,-0.08
385,46,"(19, 21)",0,-0.08
385,47,"(19, 20)",1,-0.08
385,48,"(20, 20)",0,-0.08
385,49,"(20, 19)",1,-0.08
385,50,"(21, 19)",1,-0.08
385,51,"(22, 19)",1,-0.08
385,52,"(23, 19)",0,-0.08
385,53,"(23, 18)",0,-0.08
385,54,"(23, 17)",1,-0.08
385,55,"(24, 17)",1,-0.08
385,56,"(25, 17)",1,-0.08
385,57,"(26, 17)",1,-0.08
385,58,"(27, 17)",0,-0.08
385,59,"(27, 16)",0,-0.08
385,60,"(27, 15)",0,-0.08
385,61,"(27, 14)",0,-0.08
385,62,"(27, 13)",1,-0.08
385,63,"(28, 13)",1,-0.08
385,64,"(29, 13)",1,-0.08
385,65,"(30, 13)",1,-0.08
385,66,"(31, 13)",1,-0.08
385,67,"(32, 13)",1,-0.08
385,68,"(33, 13)",1,-0.08
385,69,"(34, 13)",1,-0.08
385,70,"(35, 13)",0,-0.08
385,71,"(35, 12)",1,-0.08
385,72,"(36, 12)",1,-0.08
385,73,"(37, 12)",1,-0.08
385,74,"(38, 12)",1,-0.08
385,75,"(39, 12)",0,-0.08
385,76,"(39, 11)",1,-0.08
385,77,"(40, 11)",1,-0.08
385,78,"(41, 11)",1,-0.08
385,79,"(42, 11)",1,-0.08
385,80,"(43, 11)",1,-0.08
385,81,"(44, 11)",1,-0.08
385,82,"(45, 11)",0,-0.08
385,83,"(45, 10)",0,-0.08
385,84,"(45, 9)",1,-0.08
385,85,"(46, 9)",0,-0.08
385,86,"(46, 8)",0,-0.08
385,87,"(46, 7)",1,-0.08
385,88,"(47, 7)",1,-0.08
385,89,"(48, 7)",1,-0.08
385,90,"(49, 7)",1,-0.08
385,91,"(50, 7)",1,-0.08
385,92,"(51, 7)",1,-0.08
385,93,"(52, 7)",1,-0.08
385,94,"(53, 7)",1,-0.08
385,95,"(54, 7)",1,-0.08
385,96,"(55, 7)",1,-0.08
385,97,"(56, 7)",1,-0.08
385,98,"(57, 7)",1,-0.08
385,99,"(58, 7)",1,-0.08
385,100,"(59, 7)",1,-0.08
385,101,"(60, 7)",1,-0.08
385,102,"(61, 7)",1,-0.08
385,103,"(62, 7)",1,-0.08
385,104,"(63, 7)",1,-0.08
385,105,"(64, 7)",1,-0.08
385,106,"(65, 7)",1,-0.08
385,107,"(66, 7)",1,-0.08
385,108,"(67, 7)",1,-0.08
385,109,"(68, 7)",1,-0.08
385,110,"(69, 7)",1,-0.08
385,111,"(70, 7)",0,-0.08
385,112,"(70, 6)",1,-0.08
385,113,"(71, 6)",1,-0.08
385,114,"(72, 6)",1,-0.08
385,115,"(73, 6)",1,-0.08
385,116,"(74, 6)",0,-0.08
385,117,"(74, 5)",1,-0.08
385,118,"(75, 5)",0,-0.08
385,119,"(75, 4)",0,-0.08
385,120,"(75, 3)",1,-0.08
385,121,"(76, 3)",0,-0.08
385,122,"(76, 2)",0,-0.08
385,123,"(76, 1)",0,-0.08
385,124,"(76, 0)",1,-0.08
385,125,"(77, 0)",1,-0.08
385,126,"(78, 0)",1,8.33
386,0,"(0, 39)",0,-0.08
386,1,"(0, 38)",1,-0.08
386,2,"(1, 38)",1,-8.33
386,3,"(1, 38)",0,-0.08
386,4,"(1, 37)",0,-8.33
386,5,"(1, 37)",3,-0.08
386,6,"(0, 37)",0,-0.08
386,7,"(0, 36)",0,-0.08
386,8,"(0, 35)",0,-0.08
386,9,"(0, 34)",1,-0.08
386,10,"(1, 34)",1,-0.08
386,11,"(2, 34)",0,-0.08
386,12,"(2, 33)",1,-0.08
386,13,"(3, 33)",0,-0.08
386,14,"(3, 32)",0,-0.08
386,15,"(3, 31)",0,-8.33
386,16,"(3, 31)",2,-0.08
386,17,"(3, 32)",2,-0.08
386,18,"(3, 33)",1,-0.08
386,19,"(4, 33)",1,-0.08
386,20,"(5, 33)",1,-0.08
386,21,"(6, 33)",1,-0.08
386,22,"(7, 33)",0,-0.08
386,23,"(7, 32)",0,-0.08
386,24,"(7, 31)",1,-0.08
386,25,"(8, 31)",1,-0.08
386,26,"(9, 31)",0,-0.08
386,27,"(9, 30)",0,-0.08
386,28,"(9, 29)",1,-0.08
386,29,"(10, 29)",0,-0.08
386,30,"(10, 28)",0,-0.08
386,31,"(10, 27)",1,-0.08
386,32,"(11, 27)",1,-0.08
386,33,"(12, 27)",0,-0.08
386,34,"(12, 26)",1,-0.08
386,35,"(13, 26)",0,-0.08
386,36,"(13, 25)",1,-0.08
386,37,"(14, 25)",1,-0.08
386,38,"(15, 25)",1,-0.08
386,39,"(16, 25)",1,-0.08
386,40,"(17, 25)",0,-0.08
386,41,"(17, 24)",0,-0.08
386,42,"(17, 23)",1,-0.08
386,43,"(18, 23)",0,-0.08
386,44,"(18, 22)",1,-0.08
386,45,"(19, 22)",1,-0.08
386,46,"(20, 22)",1,-0.08
386,47,"(21, 22)",0,-0.08
386,48,"(21, 21)",1,-0.08
386,49,"(22, 21)",1,-0.08
386,50,"(23, 21)",0,-0.08
386,51,"(23, 20)",0,-0.08
386,52,"(23, 19)",0,-0.08
386,53,"(23, 18)",0,-0.08
386,54,"(23, 17)",1,-0.08
386,55,"(24, 17)",1,-0.08
386,56,"(25, 17)",1,-0.08
386,57,"(26, 17)",1,-0.08
386,58,"(27, 17)",1,-0.08
386,59,"(28, 17)",1,-0.08
386,60,"(29, 17)",1,-0.08
386,61,"(30, 17)",1,-0.08
386,62,"(31, 17)",0,-0.08
386,63,"(31, 16)",1,-0.08
386,64,"(32, 16)",0,-0.08
386,65,"(32, 15)",1,-0.08
386,66,"(33, 15)",1,-0.08
386,67,"(34, 15)",1,-0.08
386,68,"(35, 15)",0,-0.08
386,69,"(35, 14)",0,-0.08
386,70,"(35, 13)",0,-0.08
386,71,"(35, 12)",1,-0.08
386,72,"(36, 12)",1,-0.08
386,73,"(37, 12)",1,-0.08
386,74,"(38, 12)",1,-0.08
386,75,"(39, 12)",0,-0.08
386,76,"(39, 11)",1,-0.08
386,77,"(40, 11)",1,-0.08
386,78,"(41, 11)",1,-0.08
386,79,"(42, 11)",1,-0.08
386,80,"(43, 11)",1,-0.08
386,81,"(44, 11)",1,-0.08
386,82,"(45, 11)",0,-0.08
386,83,"(45, 10)",0,-0.08
386,84,"(45, 9)",0,-0.08
386,85,"(45, 8)",1,-0.08
386,86,"(46, 8)",0,-0.08
386,87,"(46, 7)",1,-0.08
386,88,"(47, 7)",1,-0.08
386,89,"(48, 7)",1,-0.08
386,90,"(49, 7)",1,-0.08
386,91,"(50, 7)",1,-0.08
386,92,"(51, 7)",1,-0.08
386,93,"(52, 7)",1,-0.08
386,94,"(53, 7)",1,-0.08
386,95,"(54, 7)",1,-0.08
386,96,"(55, 7)",1,-0.08
386,97,"(56, 7)",1,-0.08
386,98,"(57, 7)",1,-0.08
386,99,"(58, 7)",1,-0.08
386,100,"(59, 7)",1,-0.08
386,101,"(60, 7)",1,-0.08
386,102,"(61, 7)",1,-0.08
386,103,"(62, 7)",1,-0.08
386,104,"(63, 7)",1,-0.08
386,105,"(64, 7)",1,-0.08
386,106,"(65, 7)",1,-0.08
386,107,"(66, 7)",1,-0.08
386,108,"(67, 7)",1,-0.08
386,109,"(68, 7)",1,-0.08
386,110,"(69, 7)",1,-0.08
386,111,"(70, 7)",0,-0.08
386,112,"(70, 6)",1,-0.08
386,113,"(71, 6)",1,-0.08
386,114,"(72, 6)",1,-0.08
386,115,"(73, 6)",0,-0.08
386,116,"(73, 5)",1,-0.08
386,117,"(74, 5)",0,-0.08
386,118,"(74, 4)",1,-0.08
386,119,"(75, 4)",0,-0.08
386,120,"(75, 3)",1,-0.08
386,121,"(76, 3)",0,-0.08
386,122,"(76, 2)",0,-0.08
386,123,"(76, 1)",1,-0.08
386,124,"(77, 1)",1,-0.08
386,125,"(78, 1)",1,-0.08
386,126,"(79, 1)",0,8.33
387,0,"(0, 39)",1,-0.08
387,1,"(1, 39)",0,-0.08
387,2,"(1, 38)",0,-0.08
387,3,"(1, 37)",1,-8.33
387,4,"(1, 37)",0,-8.33
387,5,"(1, 37)",3,-0.08
387,6,"(0, 37)",0,-0.08
387,7,"(0, 36)",0,-0.08
387,8,"(0, 35)",0,-0.08
387,9,"(0, 34)",1,-0.08
387,10,"(1, 34)",1,-0.08
387,11,"(2, 34)",0,-0.08
387,12,"(2, 33)",1,-0.08
387,13,"(3, 33)",0,-0.08
387,14,"(3, 32)",0,-0.08
387,15,"(3, 31)",0,-8.33
387,16,"(3, 31)",2,-0.08
387,17,"(3, 32)",2,-0.08
387,18,"(3, 33)",1,-0.08
387,19,"(4, 33)",1,-0.08
387,20,"(5, 33)",1,-0.08
387,21,"(6, 33)",1,-0.08
387,22,"(7, 33)",1,-0.08
387,23,"(8, 33)",1,-0.08
387,24,"(9, 33)",1,-0.08
387,25,"(10, 33)",1,-0.08
387,26,"(11, 33)",1,-0.08
387,27,"(12, 33)",0,-0.08
387,28,"(12, 32)",0,-0.08
387,29,"(12, 31)",1,-0.08
387,30,"(13, 31)",0,-0.08
387,31,"(13, 30)",0,-0.08
387,32,"(13, 29)",0,-0.08
387,33,"(13, 28)",0,-0.08
387,34,"(13, 27)",0,-0.08
387,35,"(13, 26)",0,-0.08
387,36,"(13, 25)",1,-0.08
387,37,"(14, 25)",0,-0.08
387,38,"(14, 24)",0,-0.08
387,39,"(14, 23)",1,-0.08
387,40,"(15, 23)",1,-0.08
387,41,"(16, 23)",0,-0.08
387,42,"(16, 22)",1,-0.08
387,43,"(17, 22)",1,-0.08
387,44,"(18, 22)",1,-0.08
387,45,"(19, 22)",0,-0.08
387,46,"(19, 21)",0,-0.08
387,47,"(19, 20)",0,-0.08
387,48,"(19, 19)",1,-0.08
387,49,"(20, 19)",1,-0.08
387,50,"(21, 19)",1,-0.08
387,51,"(22, 19)",1,-0.08
387,52,"(23, 19)",0,-0.08
387,53,"(23, 18)",0,-0.08
387,54,"(23, 17)",0,-0.08
387,55,"(23, 16)",0,-0.08
387,56,"(23, 15)",1,-0.08
387,57,"(24, 15)",1,-0.08
387,58,"(25, 15)",1,-0.08
387,59,"(26, 15)",1,-0.08
387,60,"(27, 15)",0,-0.08
387,61,"(27, 14)",0,-0.08
387,62,"(27, 13)",1,-0.08
387,63,"(28, 13)",1,-0.08
387,64,"(29, 13)",1,-0.08
387,65,"(30, 13)",1,-0.08
387,66,"(31, 13)",1,-0.08
387,67,"(32, 13)",1,-0.08
387,68,"(33, 13)",1,-0.08
387,69,"(34, 13)",1,-0.08
387,70,"(35, 13)",0,-0.08
387,71,"(35, 12)",1,-0.08
387,72,"(36, 12)",1,-0.08
387,73,"(37, 12)",1,-0.08
387,74,"(38, 12)",1,-0.08
387,75,"(39, 12)",0,-0.08
387,76,"(39, 11)",1,-0.08
387,77,"(40, 11)",1,-0.08
387,78,"(41, 11)",1,-0.08
387,79,"(42, 11)",1,-0.08
387,80,"(43, 11)",1,-0.08
387,81,"(44, 11)",1,-0.08
387,82,"(45, 11)",0,-0.08
387,83,"(45, 10)",1,-0.08
387,84,"(46, 10)",0,-0.08
387,85,"(46, 9)",0,-0.08
387,86,"(46, 8)",0,-0.08
387,87,"(46, 7)",1,-0.08
387,88,"(47, 7)",1,-0.08
387,89,"(48, 7)",1,-0.08
387,90,"(49, 7)",1,-0.08
387,91,"(50, 7)",1,-0.08
387,92,"(51, 7)",1,-0.08
387,93,"(52, 7)",1,-0.08
387,94,"(53, 7)",1,-0.08
387,95,"(54, 7)",1,-0.08
387,96,"(55, 7)",1,-0.08
387,97,"(56, 7)",1,-0.08
387,98,"(57, 7)",1,-0.08
387,99,"(58, 7)",1,-0.08
387,100,"(59, 7)",1,-0.08
387,101,"(60, 7)",1,-0.08
387,102,"(61, 7)",1,-0.08
387,103,"(62, 7)",1,-0.08
387,104,"(63, 7)",1,-0.08
387,105,"(64, 7)",1,-0.08
387,106,"(65, 7)",1,-0.08
387,107,"(66, 7)",1,-0.08
387,108,"(67, 7)",1,-0.08
387,109,"(68, 7)",1,-0.08
387,110,"(69, 7)",1,-0.08
387,111,"(70, 7)",0,-0.08
387,112,"(70, 6)",1,-0.08
387,113,"(71, 6)",1,-0.08
387,114,"(72, 6)",0,-0.08
387,115,"(72, 5)",1,-0.08
387,116,"(73, 5)",1,-0.08
387,117,"(74, 5)",0,-0.08
387,118,"(74, 4)",0,-0.08
387,119,"(74, 3)",1,-0.08
387,120,"(75, 3)",1,-0.08
387,121,"(76, 3)",0,-0.08
387,122,"(76, 2)",0,-0.08
387,123,"(76, 1)",1,-0.08
387,124,"(77, 1)",0,-0.08
387,125,"(77, 0)",1,-0.08
387,126,"(78, 0)",1,8.33
388,0,"(0, 39)",0,-0.08
388,1,"(0, 38)",1,-0.08
388,2,"(1, 38)",1,-8.33
388,3,"(1, 38)",0,-0.08
388,4,"(1, 37)",0,-8.33
388,5,"(1, 37)",3,-0.08
388,6,"(0, 37)",0,-0.08
388,7,"(0, 36)",0,-0.08
388,8,"(0, 35)",0,-0.08
388,9,"(0, 34)",0,-0.08
388,10,"(0, 33)",1,-0.08
388,11,"(1, 33)",0,-0.08
388,12,"(1, 32)",1,-0.08
388,13,"(2, 32)",0,-0.08
388,14,"(2, 31)",1,-0.08
388,15,"(3, 31)",0,-8.33
388,16,"(3, 31)",0,-8.33
388,17,"(3, 31)",3,-0.08
388,18,"(2, 31)",3,-0.08
388,19,"(1, 31)",0,-0.08
388,20,"(1, 30)",0,-0.08
388,21,"(1, 29)",1,-0.08
388,22,"(2, 29)",1,-0.08
388,23,"(3, 29)",1,-0.08
388,24,"(4, 29)",1,-0.08
388,25,"(5, 29)",1,-0.08
388,26,"(6, 29)",1,-0.08
388,27,"(7, 29)",0,-0.08
388,28,"(7, 28)",0,-0.08
388,29,"(7, 27)",0,-0.08
388,30,"(7, 26)",0,-0.08
388,31,"(7, 25)",1,-0.08
388,32,"(8, 25)",1,-0.08
388,33,"(9, 25)",0,-0.08
388,34,"(9, 24)",1,-0.08
388,35,"(10, 24)",1,-0.08
388,36,"(11, 24)",1,-0.08
388,37,"(12, 24)",1,-0.08
388,38,"(13, 24)",1,-0.08
388,39,"(14, 24)",0,-0.08
388,40,"(14, 23)",1,-0.08
388,41,"(15, 23)",1,-0.08
388,42,"(16, 23)",1,-0.08
388,43,"(17, 23)",1,-0.08
388,44,"(18, 23)",1,-0.08
388,45,"(19, 23)",0,-0.08
388,46,"(19, 22)",0,-0.08
388,47,"(19, 21)",0,-0.08
388,48,"(19, 20)",0,-0.08
388,49,"(19, 19)",1,-0.08
388,50,"(20, 19)",1,-0.08
388,51,"(21, 19)",1,-0.08
388,52,"(22, 19)",1,-0.08
388,53,"(23, 19)",0,-0.08
388,54,"(23, 18)",0,-0.08
388,55,"(23, 17)",1,-0.08
388,56,"(24, 17)",1,-0.08
388,57,"(25, 17)",1,-0.08
388,58,"(26, 17)",1,-0.08
388,59,"(27, 17)",0,-0.08
388,60,"(27, 16)",0,-0.08
388,61,"(27, 15)",0,-0.08
388,62,"(27, 14)",0,-0.08
388,63,"(27, 13)",1,-0.08
388,64,"(28, 13)",1,-0.08
388,65,"(29, 13)",1,-0.08
388,66,"(30, 13)",1,-0.08
388,67,"(31, 13)",1,-0.08
388,68,"(32, 13)",1,-0.08
388,69,"(33, 13)",1,-0.08
388,70,"(34, 13)",1,-0.08
388,71,"(35, 13)",0,-0.08
388,72,"(35, 12)",1,-0.08
388,73,"(36, 12)",1,-0.08
388,74,"(37, 12)",1,-0.08
388,75,"(38, 12)",1,-0.08
388,76,"(39, 12)",0,-0.08
388,77,"(39, 11)",1,-0.08
388,78,"(40, 11)",1,-0.08
388,79,"(41, 11)",1,-0.08
388,80,"(42, 11)",1,-0.08
388,81,"(43, 11)",1,-0.08
388,82,"(44, 11)",1,-0.08
388,83,"(45, 11)",0,-0.08
388,84,"(45, 10)",0,-0.08
388,85,"(45, 9)",0,-0.08
388,86,"(45, 8)",0,-0.08
388,87,"(45, 7)",1,-0.08
388,88,"(46, 7)",1,-0.08
388,89,"(47, 7)",1,-0.08
388,90,"(48, 7)",1,-0.08
388,91,"(49, 7)",1,-0.08
388,92,"(50, 7)",1,-0.08
388,93,"(51, 7)",1,-0.08
388,94,"(52, 7)",1,-0.08
388,95,"(53, 7)",1,-0.08
388,96,"(54, 7)",1,-0.08
388,97,"(55, 7)",1,-0.08
388,98,"(56, 7)",1,-0.08
388,99,"(57, 7)",1,-0.08
388,100,"(58, 7)",1,-0.08
388,101,"(59, 7)",1,-0.08
388,102,"(60, 7)",1,-0.08
388,103,"(61, 7)",1,-0.08
388,104,"(62, 7)",1,-0.08
388,105,"(63, 7)",1,-0.08
388,106,"(64, 7)",1,-0.08
388,107,"(65, 7)",1,-0.08
388,108,"(66, 7)",1,-0.08
388,109,"(67, 7)",1,-0.08
388,110,"(68, 7)",1,-0.08
388,111,"(69, 7)",0,-0.08
388,112,"(69, 6)",1,-0.08
388,113,"(70, 6)",1,-0.08
388,114,"(71, 6)",1,-0.08
388,115,"(72, 6)",1,-0.08
388,116,"(73, 6)",0,-0.08
388,117,"(73, 5)",1,-0.08
388,118,"(74, 5)",0,-0.08
388,119,"(74, 4)",1,-0.08
388,120,"(75, 4)",0,-0.08
388,121,"(75, 3)",1,-0.08
388,122,"(76, 3)",0,-0.08
388,123,"(76, 2)",1,-0.08
388,124,"(77, 2)",0,-0.08
388,125,"(77, 1)",1,-0.08
388,126,"(78, 1)",1,-0.08
388,127,"(79, 1)",0,8.33
389,0,"(0, 39)",1,-0.08
389,1,"(1, 39)",1,-0.08
389,2,"(2, 39)",0,-8.33
389,3,"(2, 39)",1,-0.08
389,4,"(3, 39)",0,-0.08
389,5,"(3, 38)",0,-0.08
389,6,"(3, 37)",1,-8.33
389,7,"(3, 37)",0,-0.08
389,8,"(3, 36)",0,-0.08
389,9,"(3, 35)",3,-0.08
389,10,"(2, 35)",0,-0.08
389,11,"(2, 34)",0,-0.08
389,12,"(2, 33)",0,-0.08
389,13,"(2, 32)",0,-0.08
389,14,"(2, 31)",1,-0.08
389,15,"(3, 31)",0,-8.33
389,16,"(3, 31)",0,-8.33
389,17,"(3, 31)",3,-0.08
389,18,"(2, 31)",3,-0.08
389,19,"(1, 31)",0,-0.08
389,20,"(1, 30)",0,-0.08
389,21,"(1, 29)",1,-0.08
389,22,"(2, 29)",1,-0.08
389,23,"(3, 29)",0,-0.08
389,24,"(3, 28)",0,-0.08
389,25,"(3, 27)",0,-0.08
389,26,"(3, 26)",0,-0.08
389,27,"(3, 25)",1,-0.08
389,28,"(4, 25)",1,-0.08
389,29,"(5, 25)",1,-0.08
389,30,"(6, 25)",1,-0.08
389,31,"(7, 25)",1,-0.08
389,32,"(8, 25)",1,-0.08
389,33,"(9, 25)",1,-0.08
389,34,"(10, 25)",0,-0.08
389,35,"(10, 24)",1,-0.08
389,36,"(11, 24)",1,-0.08
389,37,"(12, 24)",1,-0.08
389,38,"(13, 24)",1,-0.08
389,39,"(14, 24)",0,-0.08
389,40,"(14, 23)",1,-0.08
389,41,"(15, 23)",1,-0.08
389,42,"(16, 23)",1,-0.08
389,43,"(17, 23)",1,-0.08
389,44,"(18, 23)",1,-0.08
389,45,"(19, 23)",1,-0.08
389,46,"(20, 23)",0,-0.08
389,47,"(20, 22)",0,-0.08
389,48,"(20, 21)",0,-0.08
389,49,"(20, 20)",1,-0.08
389,50,"(21, 20)",0,-0.08
389,51,"(21, 19)",1,-0.08
389,52,"(22, 19)",1,-0.08
389,53,"(23, 19)",0,-0.08
389,54,"(23, 18)",0,-0.08
389,55,"(23, 17)",0,-0.08
389,56,"(23, 16)",0,-0.08
389,57,"(23, 15)",1,-0.08
389,58,"(24, 15)",1,-0.08
389,59,"(25, 15)",1,-0.08
389,60,"(26, 15)",1,-0.08
389,61,"(27, 15)",0,-0.08
389,62,"(27, 14)",0,-0.08
389,63,"(27, 13)",1,-0.08
389,64,"(28, 13)",1,-0.08
389,65,"(29, 13)",1,-0.08
389,66,"(30, 13)",1,-0.08
389,67,"(31, 13)",1,-0.08
389,68,"(32, 13)",1,-0.08
389,69,"(33, 13)",1,-0.08
389,70,"(34, 13)",1,-0.08
389,71,"(35, 13)",0,-0.08
389,72,"(35, 12)",1,-0.08
389,73,"(36, 12)",1,-0.08
389,74,"(37, 12)",1,-0.08
389,75,"(38, 12)",1,-0.08
389,76,"(39, 12)",0,-0.08
389,77,"(39, 11)",1,-0.08
389,78,"(40, 11)",1,-0.08
389,79,"(41, 11)",1,-0.08
389,80,"(42, 11)",1,-0.08
389,81,"(43, 11)",1,-0.08
389,82,"(44, 11)",1,-0.08
389,83,"(45, 11)",0,-0.08
389,84,"(45, 10)",1,-0.08
389,85,"(46, 10)",0,-0.08
389,86,"(46, 9)",0,-0.08
389,87,"(46, 8)",0,-0.08
389,88,"(46, 7)",1,-0.08
389,89,"(47, 7)",1,-0.08
389,90,"(48, 7)",1,-0.08
389,91,"(49, 7)",1,-0.08
389,92,"(50, 7)",1,-0.08
389,93,"(51, 7)",1,-0.08
389,94,"(52, 7)",1,-0.08
389,95,"(53, 7)",1,-0.08
389,96,"(54, 7)",1,-0.08
389,97,"(55, 7)",1,-0.08
389,98,"(56, 7)",1,-0.08
389,99,"(57, 7)",1,-0.08
389,100,"(58, 7)",1,-0.08
389,101,"(59, 7)",1,-0.08
389,102,"(60, 7)",1,-0.08
389,103,"(61, 7)",1,-0.08
389,104,"(62, 7)",1,-0.08
389,105,"(63, 7)",1,-0.08
389,106,"(64, 7)",1,-0.08
389,107,"(65, 7)",1,-0.08
389,108,"(66, 7)",1,-0.08
389,109,"(67, 7)",1,-0.08
389,110,"(68, 7)",1,-0.08
389,111,"(69, 7)",0,-0.08
389,112,"(69, 6)",1,-0.08
389,113,"(70, 6)",1,-0.08
389,114,"(71, 6)",0,-0.08
389,115,"(71, 5)",1,-0.08
389,116,"(72, 5)",1,-0.08
389,117,"(73, 5)",1,-0.08
389,118,"(74, 5)",1,-0.08
389,119,"(75, 5)",0,-0.08
389,120,"(75, 4)",0,-0.08
389,121,"(75, 3)",1,-0.08
389,122,"(76, 3)",0,-0.08
389,123,"(76, 2)",0,-0.08
389,124,"(76, 1)",1,-0.08
389,125,"(77, 1)",1,-0.08
389,126,"(78, 1)",1,-0.08
389,127,"(79, 1)",0,8.33
390,0,"(0, 39)",0,-0.08
390,1,"(0, 38)",1,-0.08
390,2,"(1, 38)",0,-0.08
390,3,"(1, 37)",1,-8.33
390,4,"(1, 37)",0,-8.33
390,5,"(1, 37)",3,-0.08
390,6,"(0, 37)",0,-0.08
390,7,"(0, 36)",0,-0.08
390,8,"(0, 35)",1,-0.08
390,9,"(1, 35)",0,-0.08
390,10,"(1, 34)",0,-0.08
390,11,"(1, 33)",1,-0.08
390,12,"(2, 33)",1,-0.08
390,13,"(3, 33)",1,-0.08
390,14,"(4, 33)",1,-0.08
390,15,"(5, 33)",1,-0.08
390,16,"(6, 33)",1,-0.08
390,17,"(7, 33)",0,-0.08
390,18,"(7, 32)",1,-0.08
390,19,"(8, 32)",1,-0.08
390,20,"(9, 32)",0,-0.08
390,21,"(9, 31)",0,-0.08
390,22,"(9, 30)",1,-0.08
390,23,"(10, 30)",0,-0.08
390,24,"(10, 29)",0,-0.08
390,25,"(10, 28)",0,-0.08
390,26,"(10, 27)",1,-0.08
390,27,"(11, 27)",1,-0.08
390,28,"(12, 27)",0,-0.08
390,29,"(12, 26)",0,-0.08
390,30,"(12, 25)",0,-0.08
390,31,"(12, 24)",1,-0.08
390,32,"(13, 24)",0,-0.08
390,33,"(13, 23)",1,-0.08
390,34,"(14, 23)",1,-0.08
390,35,"(15, 23)",1,-0.08
390,36,"(16, 23)",1,-0.08
390,37,"(17, 23)",0,-0.08
390,38,"(17, 22)",1,-0.08
390,39,"(18, 22)",1,-0.08
390,40,"(19, 22)",1,-0.08
390,41,"(20, 22)",1,-0.08
390,42,"(21, 22)",0,-0.08
390,43,"(21, 21)",1,-0.08
390,44,"(22, 21)",0,-0.08
390,45,"(22, 20)",1,-0.08
390,46,"(23, 20)",1,-0.08
390,47,"(24, 20)",1,-0.08
390,48,"(25, 20)",0,-0.08
390,49,"(25, 19)",0,-0.08
390,50,"(25, 18)",0,-0.08
390,51,"(25, 17)",1,-0.08
390,52,"(26, 17)",1,-0.08
390,53,"(27, 17)",1,-0.08
390,54,"(28, 17)",0,-0.08
390,55,"(28, 16)",0,-0.08
390,56,"(28, 15)",1,-0.08
390,57,"(29, 15)",0,-0.08
390,58,"(29, 14)",0,-0.08
390,59,"(29, 13)",1,-0.08
390,60,"(30, 13)",1,-0.08
390,61,"(31, 13)",1,-0.08
390,62,"(32, 13)",1,-0.08
390,63,"(33, 13)",1,-0.08
390,64,"(34, 13)",1,-0.08
390,65,"(35, 13)",1,-0.08
390,66,"(36, 13)",0,-0.08
390,67,"(36, 12)",1,-0.08
390,68,"(37, 12)",1,-0.08
390,69,"(38, 12)",1,-0.08
390,70,"(39, 12)",0,-0.08
390,71,"(39, 11)",1,-0.08
390,72,"(40, 11)",1,-0.08
390,73,"(41, 11)",1,-0.08
390,74,"(42, 11)",1,-0.08
390,75,"(43, 11)",1,-0.08
390,76,"(44, 11)",1,-0.08
390,77,"(45, 11)",0,-0.08
390,78,"(45, 10)",0,-0.08
390,79,"(45, 9)",0,-0.08
390,80,"(45, 8)",0,-0.08
390,81,"(45, 7)",1,-0.08
390,82,"(46, 7)",1,-0.08
390,83,"(47, 7)",1,-0.08
390,84,"(48, 7)",1,-0.08
390,85,"(49, 7)",1,-0.08
390,86,"(50, 7)",1,-0.08
390,87,"(51, 7)",1,-0.08
390,88,"(52, 7)",1,-0.08
390,89,"(53, 7)",1,-0.08
390,90,"(54, 7)",1,-0.08
390,91,"(55, 7)",1,-0.08
390,92,"(56, 7)",1,-0.08
390,93,"(57, 7)",1,-0.08
390,94,"(58, 7)",1,-0.08
390,95,"(59, 7)",1,-0.08
390,96,"(60, 7)",1,-0.08
390,97,"(61, 7)",1,-0.08
390,98,"(62, 7)",1,-0.08
390,99,"(63, 7)",1,-0.08
390,100,"(64, 7)",1,-0.08
390,101,"(65, 7)",1,-0.08
390,102,"(66, 7)",1,-0.08
390,103,"(67, 7)",1,-0.08
390,104,"(68, 7)",1,-0.08
390,105,"(69, 7)",1,-0.08
390,106,"(70, 7)",0,-0.08
390,107,"(70, 6)",1,-0.08
390,108,"(71, 6)",0,-0.08
390,109,"(71, 5)",1,-0.08
390,110,"(72, 5)",1,-0.08
390,111,"(73, 5)",1,-0.08
390,112,"(74, 5)",1,-0.08
390,113,"(75, 5)",0,-0.08
390,114,"(75, 4)",0,-0.08
390,115,"(75, 3)",1,-0.08
390,116,"(76, 3)",1,-0.08
390,117,"(77, 3)",1,-8.33
390,118,"(77, 3)",0,-0.08
390,119,"(77, 2)",0,-0.08
390,120,"(77, 1)",0,-0.08
390,121,"(77, 0)",1,-0.08
390,122,"(78, 0)",1,8.33
391,0,"(0, 39)",0,-0.08
391,1,"(0, 38)",0,-0.08
391,2,"(0, 37)",1,-0.08
391,3,"(1, 37)",1,-8.33
391,4,"(1, 37)",0,-8.33
391,5,"(1, 37)",3,-0.08
391,6,"(0, 37)",0,-0.08
391,7,"(0, 36)",0,-0.08
391,8,"(0, 35)",0,-0.08
391,9,"(0, 34)",1,-0.08
391,10,"(1, 34)",0,-0.08
391,11,"(1, 33)",0,-0.08
391,12,"(1, 32)",1,-0.08
391,13,"(2, 32)",0,-0.08
391,14,"(2, 31)",1,-0.08
391,15,"(3, 31)",0,-8.33
391,16,"(3, 31)",0,-8.33
391,17,"(3, 31)",3,-0.08
391,18,"(2, 31)",3,-0.08
391,19,"(1, 31)",0,-0.08
391,20,"(1, 30)",0,-0.08
391,21,"(1, 29)",1,-0.08
391,22,"(2, 29)",1,-0.08
391,23,"(3, 29)",0,-0.08
391,24,"(3, 28)",0,-0.08
391,25,"(3, 27)",0,-0.08
391,26,"(3, 26)",0,-0.08
391,27,"(3, 25)",1,-0.08
391,28,"(4, 25)",1,-0.08
391,29,"(5, 25)",1,-0.08
391,30,"(6, 25)",1,-0.08
391,31,"(7, 25)",1,-0.08
391,32,"(8, 25)",1,-0.08
391,33,"(9, 25)",1,-0.08
391,34,"(10, 25)",1,-0.08
391,35,"(11, 25)",0,-0.08
391,36,"(11, 24)",1,-0.08
391,37,"(12, 24)",1,-0.08
391,38,"(13, 24)",0,-0.08
391,39,"(13, 23)",1,-0.08
391,40,"(14, 23)",1,-0.08
391,41,"(15, 23)",1,-0.08
391,42,"(16, 23)",1,-0.08
391,43,"(17, 23)",1,-0.08
391,44,"(18, 23)",0,-0.08
391,45,"(18, 22)",1,-0.08
391,46,"(19, 22)",0,-0.08
391,47,"(19, 21)",0,-0.08
391,48,"(19, 20)",0,-0.08
391,49,"(19, 19)",1,-0.08
391,50,"(20, 19)",1,-0.08
391,51,"(21, 19)",1,-0.08
391,52,"(22, 19)",1,-0.08
391,53,"(23, 19)",0,-0.08
391,54,"(23, 18)",0,-0.08
391,55,"(23, 17)",0,-0.08
391,56,"(23, 16)",0,-0.08
391,57,"(23, 15)",1,-0.08
391,58,"(24, 15)",1,-0.08
391,59,"(25, 15)",1,-0.08
391,60,"(26, 15)",1,-0.08
391,61,"(27, 15)",0,-0.08
391,62,"(27, 14)",0,-0.08
391,63,"(27, 13)",1,-0.08
391,64,"(28, 13)",1,-0.08
391,65,"(29, 13)",1,-0.08
391,66,"(30, 13)",1,-0.08
391,67,"(31, 13)",1,-0.08
391,68,"(32, 13)",1,-0.08
391,69,"(33, 13)",1,-0.08
391,70,"(34, 13)",1,-0.08
391,71,"(35, 13)",0,-0.08
391,72,"(35, 12)",1,-0.08
391,73,"(36, 12)",1,-0.08
391,74,"(37, 12)",1,-0.08
391,75,"(38, 12)",1,-0.08
391,76,"(39, 12)",0,-0.08
391,77,"(39, 11)",1,-0.08
391,78,"(40, 11)",1,-0.08
391,79,"(41, 11)",1,-0.08
391,80,"(42, 11)",1,-0.08
391,81,"(43, 11)",1,-0.08
391,82,"(44, 11)",1,-0.08
391,83,"(45, 11)",0,-0.08
391,84,"(45, 10)",0,-0.08
391,85,"(45, 9)",1,-0.08
391,86,"(46, 9)",0,-0.08
391,87,"(46, 8)",0,-0.08
391,88,"(46, 7)",1,-0.08
391,89,"(47, 7)",1,-0.08
391,90,"(48, 7)",1,-0.08
391,91,"(49, 7)",1,-0.08
391,92,"(50, 7)",1,-0.08
391,93,"(51, 7)",1,-0.08
391,94,"(52, 7)",1,-0.08
391,95,"(53, 7)",1,-0.08
391,96,"(54, 7)",1,-0.08
391,97,"(55, 7)",1,-0.08
391,98,"(56, 7)",1,-0.08
391,99,"(57, 7)",1,-0.08
391,100,"(58, 7)",1,-0.08
391,101,"(59, 7)",1,-0.08
391,102,"(60, 7)",1,-0.08
391,103,"(61, 7)",1,-0.08
391,104,"(62, 7)",1,-0.08
391,105,"(63, 7)",1,-0.08
391,106,"(64, 7)",1,-0.08
391,107,"(65, 7)",1,-0.08
391,108,"(66, 7)",1,-0.08
391,109,"(67, 7)",1,-0.08
391,110,"(68, 7)",1,-0.08
391,111,"(69, 7)",0,-0.08
391,112,"(69, 6)",1,-0.08
391,113,"(70, 6)",1,-0.08
391,114,"(71, 6)",1,-0.08
391,115,"(72, 6)",0,-0.08
391,116,"(72, 5)",1,-0.08
391,117,"(73, 5)",1,-0.08
391,118,"(74, 5)",1,-0.08
391,119,"(75, 5)",1,-0.08
391,120,"(76, 5)",1,-0.08
391,121,"(77, 5)",0,-0.08
391,122,"(77, 4)",0,-0.08
391,123,"(77, 3)",0,-0.08
391,124,"(77, 2)",0,-0.08
391,125,"(77, 1)",1,-0.08
391,126,"(78, 1)",0,-0.08
391,127,"(78, 0)",1,8.33
392,0,"(0, 39)",0,-0.08
392,1,"(0, 38)",1,-0.08
392,2,"(1, 38)",1,-8.33
392,3,"(1, 38)",0,-0.08
392,4,"(1, 37)",0,-8.33
392,5,"(1, 37)",3,-0.08
392,6,"(0, 37)",0,-0.08
392,7,"(0, 36)",0,-0.08
392,8,"(0, 35)",0,-0.08
392,9,"(0, 34)",0,-0.08
392,10,"(0, 33)",1,-0.08
392,11,"(1, 33)",1,-0.08
392,12,"(2, 33)",1,-0.08
392,13,"(3, 33)",1,-0.08
392,14,"(4, 33)",1,-0.08
392,15,"(5, 33)",1,-0.08
392,16,"(6, 33)",1,-0.08
392,17,"(7, 33)",0,-0.08
392,18,"(7, 32)",0,-0.08
392,19,"(7, 31)",1,-0.08
392,20,"(8, 31)",0,-0.08
392,21,"(8, 30)",1,-0.08
392,22,"(9, 30)",0,-0.08
392,23,"(9, 29)",1,-0.08
392,24,"(10, 29)",0,-0.08
392,25,"(10, 28)",0,-0.08
392,26,"(10, 27)",0,-8.33
392,27,"(10, 27)",1,-0.08
392,28,"(11, 27)",1,-0.08
392,29,"(12, 27)",1,-0.08
392,30,"(13, 27)",0,-0.08
392,31,"(13, 26)",0,-0.08
392,32,"(13, 25)",1,-0.08
392,33,"(14, 25)",1,-0.08
392,34,"(15, 25)",1,-0.08
392,35,"(16, 25)",1,-0.08
392,36,"(17, 25)",0,-0.08
392,37,"(17, 24)",0,-0.08
392,38,"(17, 23)",0,-0.08
392,39,"(17, 22)",1,-0.08
392,40,"(18, 22)",1,-0.08
392,41,"(19, 22)",1,-0.08
392,42,"(20, 22)",1,-0.08
392,43,"(21, 22)",0,-0.08
392,44,"(21, 21)",0,-0.08
392,45,"(21, 20)",1,-0.08
392,46,"(22, 20)",0,-0.08
392,47,"(22, 19)",1,-0.08
392,48,"(23, 19)",0,-0.08
392,49,"(23, 18)",0,-0.08
392,50,"(23, 17)",0,-0.08
392,51,"(23, 16)",0,-0.08
392,52,"(23, 15)",1,-0.08
392,53,"(24, 15)",1,-0.08
392,54,"(25, 15)",1,-0.08
392,55,"(26, 15)",1,-0.08
392,56,"(27, 15)",1,-0.08
392,57,"(28, 15)",1,-0.08
392,58,"(29, 15)",1,-0.08
392,59,"(30, 15)",1,-0.08
392,60,"(31, 15)",0,-0.08
392,61,"(31, 14)",1,-0.08
392,62,"(32, 14)",0,-0.08
392,63,"(32, 13)",1,-0.08
392,64,"(33, 13)",1,-0.08
392,65,"(34, 13)",1,-0.08
392,66,"(35, 13)",0,-0.08
392,67,"(35, 12)",1,-0.08
392,68,"(36, 12)",1,-0.08
392,69,"(37, 12)",1,-0.08
392,70,"(38, 12)",1,-0.08
392,71,"(39, 12)",0,-0.08
392,72,"(39, 11)",1,-0.08
392,73,"(40, 11)",1,-0.08
392,74,"(41, 11)",1,-0.08
392,75,"(42, 11)",1,-0.08
392,76,"(43, 11)",1,-0.08
392,77,"(44, 11)",1,-0.08
392,78,"(45, 11)",0,-0.08
392,79,"(45, 10)",0,-0.08
392,80,"(45, 9)",1,-0.08
392,81,"(46, 9)",0,-0.08
392,82,"(46, 8)",0,-0.08
392,83,"(46, 7)",1,-0.08
392,84,"(47, 7)",1,-0.08
392,85,"(48, 7)",1,-0.08
392,86,"(49, 7)",1,-0.08
392,87,"(50, 7)",1,-0.08
392,88,"(51, 7)",1,-0.08
392,89,"(52, 7)",1,-0.08
392,90,"(53, 7)",1,-0.08
392,91,"(54, 7)",1,-0.08
392,92,"(55, 7)",1,-0.08
392,93,"(56, 7)",1,-0.08
392,94,"(57, 7)",1,-0.08
392,95,"(58, 7)",1,-0.08
392,96,"(59, 7)",1,-0.08
392,97,"(60, 7)",1,-0.08
392,98,"(61, 7)",1,-0.08
392,99,"(62, 7)",1,-0.08
392,100,"(63, 7)",1,-0.08
392,101,"(64, 7)",1,-0.08
392,102,"(65, 7)",1,-0.08
392,103,"(66, 7)",1,-0.08
392,104,"(67, 7)",1,-0.08
392,105,"(68, 7)",1,-0.08
392,106,"(69, 7)",1,-0.08
392,107,"(70, 7)",1,-0.08
392,108,"(71, 7)",0,-0.08
392,109,"(71, 6)",1,-0.08
392,110,"(72, 6)",1,-0.08
392,111,"(73, 6)",1,-0.08
392,112,"(74, 6)",0,-0.08
392,113,"(74, 5)",0,-0.08
392,114,"(74, 4)",1,-0.08
392,115,"(75, 4)",0,-0.08
392,116,"(75, 3)",1,-0.08
392,117,"(76, 3)",1,-0.08
392,118,"(77, 3)",0,-0.08
392,119,"(77, 2)",0,-0.08
392,120,"(77, 1)",0,-0.08
392,121,"(77, 0)",1,-0.08
392,122,"(78, 0)",1,8.33
393,0,"(0, 39)",1,-0.08
393,1,"(1, 39)",0,-0.08
393,2,"(1, 38)",0,-0.08
393,3,"(1, 37)",1,-8.33
393,4,"(1, 37)",0,-8.33
393,5,"(1, 37)",3,-0.08
393,6,"(0, 37)",0,-0.08
393,7,"(0, 36)",0,-0.08
393,8,"(0, 35)",0,-0.08
393,9,"(0, 34)",1,-0.08
393,10,"(1, 34)",1,-0.08
393,11,"(2, 34)",0,-0.08
393,12,"(2, 33)",0,-0.08
393,13,"(2, 32)",1,-0.08
393,14,"(3, 32)",0,-0.08
393,15,"(3, 31)",0,-8.33
393,16,"(3, 31)",0,-8.33
393,17,"(3, 31)",2,-0.08
393,18,"(3, 32)",2,-0.08
393,19,"(3, 33)",1,-0.08
393,20,"(4, 33)",1,-0.08
393,21,"(5, 33)",0,-0.08
393,22,"(5, 32)",0,-0.08
393,23,"(5, 31)",0,-0.08
393,24,"(5, 30)",0,-0.08
393,25,"(5, 29)",1,-0.08
393,26,"(6, 29)",1,-0.08
393,27,"(7, 29)",0,-0.08
393,28,"(7, 28)",0,-0.08
393,29,"(7, 27)",1,-0.08
393,30,"(8, 27)",1,-0.08
393,31,"(9, 27)",1,-0.08
393,32,"(10, 27)",1,-0.08
393,33,"(11, 27)",1,-0.08
393,34,"(12, 27)",1,-0.08
393,35,"(13, 27)",0,-0.08
393,36,"(13, 26)",0,-0.08
393,37,"(13, 25)",0,-0.08
393,38,"(13, 24)",0,-0.08
393,39,"(13, 23)",1,-0.08
393,40,"(14, 23)",1,-0.08
393,41,"(15, 23)",1,-0.08
393,42,"(16, 23)",0,-0.08
393,43,"(16, 22)",1,-0.08
393,44,"(17, 22)",1,-0.08
393,45,"(18, 22)",1,-0.08
393,46,"(19, 22)",0,-0.08
393,47,"(19, 21)",1,-0.08
393,48,"(20, 21)",1,-0.08
393,49,"(21, 21)",0,-0.08
393,50,"(21, 20)",1,-0.08
393,51,"(22, 20)",1,-0.08
393,52,"(23, 20)",0,-0.08
393,53,"(23, 19)",0,-0.08
393,54,"(23, 18)",0,-0.08
393,55,"(23, 17)",0,-0.08
393,56,"(23, 16)",0,-0.08
393,57,"(23, 15)",1,-0.08
393,58,"(24, 15)",1,-0.08
393,59,"(25, 15)",1,-0.08
393,60,"(26, 15)",1,-0.08
393,61,"(27, 15)",1,-0.08
393,62,"(28, 15)",1,-0.08
393,63,"(29, 15)",1,-0.08
393,64,"(30, 15)",1,-0.08
393,65,"(31, 15)",0,-0.08
393,66,"(31, 14)",0,-0.08
393,67,"(31, 13)",1,-0.08
393,68,"(32, 13)",1,-0.08
393,69,"(33, 13)",1,-0.08
393,70,"(34, 13)",1,-0.08
393,71,"(35, 13)",1,-0.08
393,72,"(36, 13)",0,-0.08
393,73,"(36, 12)",1,-0.08
393,74,"(37, 12)",1,-0.08
393,75,"(38, 12)",1,-0.08
393,76,"(39, 12)",0,-0.08
393,77,"(39, 11)",1,-0.08
393,78,"(40, 11)",1,-0.08
393,79,"(41, 11)",1,-0.08
393,80,"(42, 11)",1,-0.08
393,81,"(43, 11)",1,-0.08
393,82,"(44, 11)",1,-0.08
393,83,"(45, 11)",0,-0.08
393,84,"(45, 10)",1,-0.08
393,85,"(46, 10)",0,-0.08
393,86,"(46, 9)",0,-0.08
393,87,"(46, 8)",0,-0.08
393,88,"(46, 7)",1,-0.08
393,89,"(47, 7)",1,-0.08
393,90,"(48, 7)",1,-0.08
393,91,"(49, 7)",1,-0.08
393,92,"(50, 7)",1,-0.08
393,93,"(51, 7)",1,-0.08
393,94,"(52, 7)",1,-0.08
393,95,"(53, 7)",1,-0.08
393,96,"(54, 7)",1,-0.08
393,97,"(55, 7)",1,-0.08
393,98,"(56, 7)",1,-0.08
393,99,"(57, 7)",1,-0.08
393,100,"(58, 7)",1,-0.08
393,101,"(59, 7)",1,-0.08
393,102,"(60, 7)",1,-0.08
393,103,"(61, 7)",1,-0.08
393,104,"(62, 7)",1,-0.08
393,105,"(63, 7)",1,-0.08
393,106,"(64, 7)",1,-0.08
393,107,"(65, 7)",1,-0.08
393,108,"(66, 7)",1,-0.08
393,109,"(67, 7)",1,-0.08
393,110,"(68, 7)",1,-0.08
393,111,"(69, 7)",1,-0.08
393,112,"(70, 7)",1,-0.08
393,113,"(71, 7)",0,-0.08
393,114,"(71, 6)",0,-0.08
393,115,"(71, 5)",1,-0.08
393,116,"(72, 5)",1,-0.08
393,117,"(73, 5)",1,-0.08
393,118,"(74, 5)",0,-0.08
393,119,"(74, 4)",0,-0.08
393,120,"(74, 3)",1,-0.08
393,121,"(75, 3)",1,-0.08
393,122,"(76, 3)",0,-0.08
393,123,"(76, 2)",1,-0.08
393,124,"(77, 2)",0,-0.08
393,125,"(77, 1)",1,-0.08
393,126,"(78, 1)",1,-0.08
393,127,"(79, 1)",0,8.33
394,0,"(0, 39)",0,-0.08
394,1,"(0, 38)",1,-0.08
394,2,"(1, 38)",1,-8.33
394,3,"(1, 38)",0,-0.08
394,4,"(1, 37)",0,-8.33
394,5,"(1, 37)",3,-0.08
394,6,"(0, 37)",0,-0.08
394,7,"(0, 36)",0,-0.08
394,8,"(0, 35)",1,-0.08
394,9,"(1, 35)",1,-0.08
394,10,"(2, 35)",0,-0.08
394,11,"(2, 34)",0,-0.08
394,12,"(2, 33)",1,-0.08
394,13,"(3, 33)",1,-0.08
394,14,"(4, 33)",1,-0.08
394,15,"(5, 33)",0,-0.08
394,16,"(5, 32)",0,-0.08
394,17,"(5, 31)",0,-0.08
394,18,"(5, 30)",0,-0.08
394,19,"(5, 29)",1,-0.08
394,20,"(6, 29)",1,-0.08
394,21,"(7, 29)",1,-0.08
394,22,"(8, 29)",0,-0.08
394,23,"(8, 28)",0,-0.08
394,24,"(8, 27)",1,-0.08
394,25,"(9, 27)",1,-0.08
394,26,"(10, 27)",0,-8.33
394,27,"(10, 27)",1,-0.08
394,28,"(11, 27)",1,-0.08
394,29,"(12, 27)",1,-0.08
394,30,"(13, 27)",1,-0.08
394,31,"(14, 27)",1,-0.08
394,32,"(15, 27)",1,-0.08
394,33,"(16, 27)",1,-0.08
394,34,"(17, 27)",1,-0.08
394,35,"(18, 27)",1,-0.08
394,36,"(19, 27)",0,-0.08
394,37,"(19, 26)",0,-0.08
394,38,"(19, 25)",0,-0.08
394,39,"(19, 24)",0,-0.08
394,40,"(19, 23)",1,-0.08
394,41,"(20, 23)",0,-0.08
394,42,"(20, 22)",1,-0.08
394,43,"(21, 22)",0,-0.08
394,44,"(21, 21)",0,-0.08
394,45,"(21, 20)",1,-0.08
394,46,"(22, 20)",0,-0.08
394,47,"(22, 19)",1,-0.08
394,48,"(23, 19)",0,-0.08
394,49,"(23, 18)",0,-0.08
394,50,"(23, 17)",1,-0.08
394,51,"(24, 17)",1,-0.08
394,52,"(25, 17)",1,-0.08
394,53,"(26, 17)",1,-0.08
394,54,"(27, 17)",0,-0.08
394,55,"(27, 16)",0,-0.08
394,56,"(27, 15)",1,-0.08
394,57,"(28, 15)",1,-0.08
394,58,"(29, 15)",0,-0.08
394,59,"(29, 14)",0,-0.08
394,60,"(29, 13)",1,-0.08
394,61,"(30, 13)",1,-0.08
394,62,"(31, 13)",1,-0.08
394,63,"(32, 13)",1,-0.08
394,64,"(33, 13)",1,-0.08
394,65,"(34, 13)",1,-0.08
394,66,"(35, 13)",0,-0.08
394,67,"(35, 12)",1,-0.08
394,68,"(36, 12)",1,-0.08
394,69,"(37, 12)",1,-0.08
394,70,"(38, 12)",1,-0.08
394,71,"(39, 12)",0,-0.08
394,72,"(39, 11)",1,-0.08
394,73,"(40, 11)",1,-0.08
394,74,"(41, 11)",1,-0.08
394,75,"(42, 11)",1,-0.08
394,76,"(43, 11)",1,-0.08
394,77,"(44, 11)",1,-0.08
394,78,"(45, 11)",0,-0.08
394,79,"(45, 10)",0,-0.08
394,80,"(45, 9)",0,-0.08
394,81,"(45, 8)",1,-0.08
394,82,"(46, 8)",0,-0.08
394,83,"(46, 7)",1,-0.08
394,84,"(47, 7)",1,-0.08
394,85,"(48, 7)",1,-0.08
394,86,"(49, 7)",1,-0.08
394,87,"(50, 7)",1,-0.08
394,88,"(51, 7)",1,-0.08
394,89,"(52, 7)",1,-0.08
394,90,"(53, 7)",1,-0.08
394,91,"(54, 7)",1,-0.08
394,92,"(55, 7)",1,-0.08
394,93,"(56, 7)",1,-0.08
394,94,"(57, 7)",1,-0.08
394,95,"(58, 7)",1,-0.08
394,96,"(59, 7)",1,-0.08
394,97,"(60, 7)",1,-0.08
394,98,"(61, 7)",1,-0.08
394,99,"(62, 7)",1,-0.08
394,100,"(63, 7)",1,-0.08
394,101,"(64, 7)",1,-0.08
394,102,"(65, 7)",1,-0.08
394,103,"(66, 7)",1,-0.08
394,104,"(67, 7)",1,-0.08
394,105,"(68, 7)",1,-0.08
394,106,"(69, 7)",0,-0.08
394,107,"(69, 6)",1,-0.08
394,108,"(70, 6)",1,-0.08
394,109,"(71, 6)",0,-0.08
394,110,"(71, 5)",1,-0.08
394,111,"(72, 5)",1,-0.08
394,112,"(73, 5)",1,-0.08
394,113,"(74, 5)",0,-0.08
394,114,"(74, 4)",1,-0.08
394,115,"(75, 4)",0,-0.08
394,116,"(75, 3)",1,-0.08
394,117,"(76, 3)",1,-0.08
394,118,"(77, 3)",0,-0.08
394,119,"(77, 2)",0,-0.08
394,120,"(77, 1)",0,-0.08
394,121,"(77, 0)",1,-0.08
394,122,"(78, 0)",1,8.33
395,0,"(0, 39)",0,-0.08
395,1,"(0, 38)",0,-0.08
395,2,"(0, 37)",0,-0.08
395,3,"(0, 36)",1,-8.33
395,4,"(0, 36)",0,-0.08
395,5,"(0, 35)",1,-0.08
395,6,"(1, 35)",1,-0.08
395,7,"(2, 35)",0,-0.08
395,8,"(2, 34)",0,-0.08
395,9,"(2, 33)",0,-0.08
395,10,"(2, 32)",1,-0.08
395,11,"(3, 32)",0,-0.08
395,12,"(3, 31)",0,-8.33
395,13,"(3, 31)",0,-8.33
395,14,"(3, 31)",3,-0.08
395,15,"(2, 31)",3,-0.08
395,16,"(1, 31)",0,-0.08
395,17,"(1, 30)",0,-0.08
395,18,"(1, 29)",1,-0.08
395,19,"(2, 29)",1,-0.08
395,20,"(3, 29)",0,-0.08
395,21,"(3, 28)",0,-0.08
395,22,"(3, 27)",0,-0.08
395,23,"(3, 26)",0,-0.08
395,24,"(3, 25)",1,-0.08
395,25,"(4, 25)",1,-0.08
395,26,"(5, 25)",1,-0.08
395,27,"(6, 25)",1,-0.08
395,28,"(7, 25)",1,-0.08
395,29,"(8, 25)",1,-0.08
395,30,"(9, 25)",0,-0.08
395,31,"(9, 24)",1,-0.08
395,32,"(10, 24)",1,-0.08
395,33,"(11, 24)",1,-0.08
395,34,"(12, 24)",1,-0.08
395,35,"(13, 24)",1,-0.08
395,36,"(14, 24)",0,-0.08
395,37,"(14, 23)",1,-0.08
395,38,"(15, 23)",1,-0.08
395,39,"(16, 23)",0,-0.08
395,40,"(16, 22)",1,-0.08
395,41,"(17, 22)",1,-0.08
395,42,"(18, 22)",1,-0.08
395,43,"(19, 22)",0,-0.08
395,44,"(19, 21)",1,-0.08
395,45,"(20, 21)",1,-0.08
395,46,"(21, 21)",0,-0.08
395,47,"(21, 20)",0,-0.08
395,48,"(21, 19)",1,-0.08
395,49,"(22, 19)",1,-0.08
395,50,"(23, 19)",0,-0.08
395,51,"(23, 18)",0,-0.08
395,52,"(23, 17)",0,-0.08
395,53,"(23, 16)",0,-0.08
395,54,"(23, 15)",1,-0.08
395,55,"(24, 15)",1,-0.08
395,56,"(25, 15)",1,-0.08
395,57,"(26, 15)",1,-0.08
395,58,"(27, 15)",1,-0.08
395,59,"(28, 15)",1,-0.08
395,60,"(29, 15)",0,-0.08
395,61,"(29, 14)",0,-0.08
395,62,"(29, 13)",1,-0.08
395,63,"(30, 13)",1,-0.08
395,64,"(31, 13)",1,-0.08
395,65,"(32, 13)",1,-0.08
395,66,"(33, 13)",1,-0.08
395,67,"(34, 13)",1,-0.08
395,68,"(35, 13)",1,-0.08
395,69,"(36, 13)",1,-0.08
395,70,"(37, 13)",1,-0.08
395,71,"(38, 13)",0,-0.08
395,72,"(38, 12)",1,-0.08
395,73,"(39, 12)",0,-0.08
395,74,"(39, 11)",1,-0.08
395,75,"(40, 11)",1,-0.08
395,76,"(41, 11)",1,-0.08
395,77,"(42, 11)",1,-0.08
395,78,"(43, 11)",1,-0.08
395,79,"(44, 11)",1,-0.08
395,80,"(45, 11)",0,-0.08
395,81,"(45, 10)",0,-0.08
395,82,"(45, 9)",1,-0.08
395,83,"(46, 9)",0,-0.08
395,84,"(46, 8)",0,-0.08
395,85,"(46, 7)",1,-0.08
395,86,"(47, 7)",1,-0.08
395,87,"(48, 7)",1,-0.08
395,88,"(49, 7)",1,-0.08
395,89,"(50, 7)",1,-0.08
395,90,"(51, 7)",1,-0.08
395,91,"(52, 7)",1,-0.08
395,92,"(53, 7)",1,-0.08
395,93,"(54, 7)",1,-0.08
395,94,"(55, 7)",1,-0.08
395,95,"(56, 7)",1,-0.08
395,96,"(57, 7)",1,-0.08
395,97,"(58, 7)",1,-0.08
395,98,"(59, 7)",1,-0.08
395,99,"(60, 7)",1,-0.08
395,100,"(61, 7)",1,-0.08
395,101,"(62, 7)",1,-0.08
395,102,"(63, 7)",1,-0.08
395,103,"(64, 7)",1,-0.08
395,104,"(65, 7)",1,-0.08
395,105,"(66, 7)",1,-0.08
395,106,"(67, 7)",1,-0.08
395,107,"(68, 7)",1,-0.08
395,108,"(69, 7)",1,-0.08
395,109,"(70, 7)",1,-0.08
395,110,"(71, 7)",1,-0.08
395,111,"(72, 7)",1,-0.08
395,112,"(73, 7)",1,-0.08
395,113,"(74, 7)",0,-0.08
395,114,"(74, 6)",0,-0.08
395,115,"(74, 5)",1,-0.08
395,116,"(75, 5)",0,-0.08
395,117,"(75, 4)",0,-0.08
395,118,"(75, 3)",1,-0.08
395,119,"(76, 3)",1,-0.08
395,120,"(77, 3)",0,-0.08
395,121,"(77, 2)",0,-0.08
395,122,"(77, 1)",1,-0.08
395,123,"(78, 1)",0,-0.08
395,124,"(78, 0)",1,8.33
396,0,"(0, 39)",1,-0.08
396,1,"(1, 39)",0,-0.08
396,2,"(1, 38)",0,-0.08
396,3,"(1, 37)",1,-8.33
396,4,"(1, 37)",0,-8.33
396,5,"(1, 37)",3,-0.08
396,6,"(0, 37)",0,-0.08
396,7,"(0, 36)",0,-0.08
396,8,"(0, 35)",1,-0.08
396,9,"(1, 35)",0,-0.08
396,10,"(1, 34)",0,-0.08
396,11,"(1, 33)",1,-0.08
396,12,"(2, 33)",1,-0.08
396,13,"(3, 33)",0,-0.08
396,14,"(3, 32)",0,-0.08
396,15,"(3, 31)",0,-8.33
396,16,"(3, 31)",2,-0.08
396,17,"(3, 32)",2,-0.08
396,18,"(3, 33)",1,-0.08
396,19,"(4, 33)",1,-0.08
396,20,"(5, 33)",0,-0.08
396,21,"(5, 32)",0,-0.08
396,22,"(5, 31)",0,-0.08
396,23,"(5, 30)",0,-0.08
396,24,"(5, 29)",1,-0.08
396,25,"(6, 29)",1,-0.08
396,26,"(7, 29)",1,-0.08
396,27,"(8, 29)",0,-0.08
396,28,"(8, 28)",0,-0.08
396,29,"(8, 27)",1,-0.08
396,30,"(9, 27)",1,-0.08
396,31,"(10, 27)",1,-0.08
396,32,"(11, 27)",1,-0.08
396,33,"(12, 27)",1,-0.08
396,34,"(13, 27)",0,-0.08
396,35,"(13, 26)",0,-0.08
396,36,"(13, 25)",1,-0.08
396,37,"(14, 25)",1,-0.08
396,38,"(15, 25)",1,-0.08
396,39,"(16, 25)",1,-0.08
396,40,"(17, 25)",0,-0.08
396,41,"(17, 24)",0,-0.08
396,42,"(17, 23)",1,-0.08
396,43,"(18, 23)",0,-0.08
396,44,"(18, 22)",1,-0.08
396,45,"(19, 22)",0,-0.08
396,46,"(19, 21)",0,-0.08
396,47,"(19, 20)",0,-0.08
396,48,"(19, 19)",1,-0.08
396,49,"(20, 19)",1,-0.08
396,50,"(21, 19)",1,-0.08
396,51,"(22, 19)",1,-0.08
396,52,"(23, 19)",0,-0.08
396,53,"(23, 18)",0,-0.08
396,54,"(23, 17)",1,-0.08
396,55,"(24, 17)",1,-0.08
396,56,"(25, 17)",1,-0.08
396,57,"(26, 17)",1,-0.08
396,58,"(27, 17)",0,-0.08
396,59,"(27, 16)",1,-0.08
396,60,"(28, 16)",1,-0.08
396,61,"(29, 16)",0,-0.08
396,62,"(29, 15)",0,-0.08
396,63,"(29, 14)",0,-0.08
396,64,"(29, 13)",1,-0.08
396,65,"(30, 13)",1,-0.08
396,66,"(31, 13)",1,-0.08
396,67,"(32, 13)",1,-0.08
396,68,"(33, 13)",1,-0.08
396,69,"(34, 13)",1,-0.08
396,70,"(35, 13)",0,-0.08
396,71,"(35, 12)",1,-0.08
396,72,"(36, 12)",1,-0.08
396,73,"(37, 12)",1,-0.08
396,74,"(38, 12)",1,-0.08
396,75,"(39, 12)",0,-0.08
396,76,"(39, 11)",1,-0.08
396,77,"(40, 11)",1,-0.08
396,78,"(41, 11)",1,-0.08
396,79,"(42, 11)",1,-0.08
396,80,"(43, 11)",1,-0.08
396,81,"(44, 11)",1,-0.08
396,82,"(45, 11)",0,-0.08
396,83,"(45, 10)",1,-0.08
396,84,"(46, 10)",1,-0.08
396,85,"(47, 10)",1,-0.08
396,86,"(48, 10)",1,-0.08
396,87,"(49, 10)",0,-0.08
396,88,"(49, 9)",1,-0.08
396,89,"(50, 9)",0,-0.08
396,90,"(50, 8)",0,-0.08
396,91,"(50, 7)",1,-0.08
396,92,"(51, 7)",1,-0.08
396,93,"(52, 7)",1,-0.08
396,94,"(53, 7)",1,-0.08
396,95,"(54, 7)",1,-0.08
396,96,"(55, 7)",1,-0.08
396,97,"(56, 7)",1,-0.08
396,98,"(57, 7)",1,-0.08
396,99,"(58, 7)",1,-0.08
396,100,"(59, 7)",1,-0.08
396,101,"(60, 7)",1,-0.08
396,102,"(61, 7)",1,-0.08
396,103,"(62, 7)",1,-0.08
396,104,"(63, 7)",1,-0.08
396,105,"(64, 7)",1,-0.08
396,106,"(65, 7)",1,-0.08
396,107,"(66, 7)",1,-0.08
396,108,"(67, 7)",1,-0.08
396,109,"(68, 7)",1,-0.08
396,110,"(69, 7)",1,-0.08
396,111,"(70, 7)",1,-0.08
396,112,"(71, 7)",0,-0.08
396,113,"(71, 6)",0,-0.08
396,114,"(71, 5)",1,-0.08
396,115,"(72, 5)",1,-0.08
396,116,"(73, 5)",1,-0.08
396,117,"(74, 5)",0,-0.08
396,118,"(74, 4)",1,-0.08
396,119,"(75, 4)",0,-0.08
396,120,"(75, 3)",1,-0.08
396,121,"(76, 3)",1,-0.08
396,122,"(77, 3)",0,-0.08
396,123,"(77, 2)",0,-0.08
396,124,"(77, 1)",0,-0.08
396,125,"(77, 0)",1,-0.08
396,126,"(78, 0)",1,8.33
397,0,"(0, 39)",0,-0.08
397,1,"(0, 38)",1,-0.08
397,2,"(1, 38)",0,-0.08
397,3,"(1, 37)",0,-8.33
397,4,"(1, 37)",3,-0.08
397,5,"(0, 37)",0,-0.08
397,6,"(0, 36)",0,-0.08
397,7,"(0, 35)",1,-0.08
397,8,"(1, 35)",0,-0.08
397,9,"(1, 34)",0,-0.08
397,10,"(1, 33)",1,-0.08
397,11,"(2, 33)",0,-0.08
397,12,"(2, 32)",0,-0.08
397,13,"(2, 31)",1,-0.08
397,14,"(3, 31)",0,-8.33
397,15,"(3, 31)",0,-8.33
397,16,"(3, 31)",2,-0.08
397,17,"(3, 32)",2,-0.08
397,18,"(3, 33)",1,-0.08
397,19,"(4, 33)",1,-0.08
397,20,"(5, 33)",1,-0.08
397,21,"(6, 33)",1,-0.08
397,22,"(7, 33)",0,-0.08
397,23,"(7, 32)",1,-0.08
397,24,"(8, 32)",0,-0.08
397,25,"(8, 31)",0,-0.08
397,26,"(8, 30)",1,-0.08
397,27,"(9, 30)",0,-0.08
397,28,"(9, 29)",1,-0.08
397,29,"(10, 29)",0,-0.08
397,30,"(10, 28)",0,-0.08
397,31,"(10, 27)",1,-0.08
397,32,"(11, 27)",1,-0.08
397,33,"(12, 27)",0,-0.08
397,34,"(12, 26)",1,-0.08
397,35,"(13, 26)",0,-0.08
397,36,"(13, 25)",1,-0.08
397,37,"(14, 25)",1,-0.08
397,38,"(15, 25)",1,-0.08
397,39,"(16, 25)",1,-0.08
397,40,"(17, 25)",0,-0.08
397,41,"(17, 24)",0,-0.08
397,42,"(17, 23)",1,-0.08
397,43,"(18, 23)",1,-0.08
397,44,"(19, 23)",0,-0.08
397,45,"(19, 22)",0,-0.08
397,46,"(19, 21)",1,-0.08
397,47,"(20, 21)",0,-0.08
397,48,"(20, 20)",1,-0.08
397,49,"(21, 20)",1,-0.08
397,50,"(22, 20)",0,-0.08
397,51,"(22, 19)",1,-0.08
397,52,"(23, 19)",0,-0.08
397,53,"(23, 18)",0,-0.08
397,54,"(23, 17)",0,-0.08
397,55,"(23, 16)",0,-0.08
397,56,"(23, 15)",1,-0.08
397,57,"(24, 15)",1,-0.08
397,58,"(25, 15)",1,-0.08
397,59,"(26, 15)",1,-0.08
397,60,"(27, 15)",1,-0.08
397,61,"(28, 15)",1,-0.08
397,62,"(29, 15)",0,-0.08
397,63,"(29, 14)",0,-0.08
397,64,"(29, 13)",1,-0.08
397,65,"(30, 13)",1,-0.08
397,66,"(31, 13)",1,-0.08
397,67,"(32, 13)",1,-0.08
397,68,"(33, 13)",1,-0.08
397,69,"(34, 13)",1,-0.08
397,70,"(35, 13)",0,-0.08
397,71,"(35, 12)",1,-0.08
397,72,"(36, 12)",1,-0.08
397,73,"(37, 12)",1,-0.08
397,74,"(38, 12)",1,-0.08
397,75,"(39, 12)",0,-0.08
397,76,"(39, 11)",1,-0.08
397,77,"(40, 11)",1,-0.08
397,78,"(41, 11)",1,-0.08
397,79,"(42, 11)",1,-0.08
397,80,"(43, 11)",1,-0.08
397,81,"(44, 11)",1,-0.08
397,82,"(45, 11)",0,-0.08
397,83,"(45, 10)",0,-0.08
397,84,"(45, 9)",0,-0.08
397,85,"(45, 8)",1,-0.08
397,86,"(46, 8)",0,-0.08
397,87,"(46, 7)",1,-0.08
397,88,"(47, 7)",1,-0.08
397,89,"(48, 7)",1,-0.08
397,90,"(49, 7)",1,-0.08
397,91,"(50, 7)",1,-0.08
397,92,"(51, 7)",1,-0.08
397,93,"(52, 7)",1,-0.08
397,94,"(53, 7)",1,-0.08
397,95,"(54, 7)",1,-0.08
397,96,"(55, 7)",1,-0.08
397,97,"(56, 7)",1,-0.08
397,98,"(57, 7)",1,-0.08
397,99,"(58, 7)",1,-0.08
397,100,"(59, 7)",1,-0.08
397,101,"(60, 7)",1,-0.08
397,102,"(61, 7)",1,-0.08
397,103,"(62, 7)",1,-0.08
397,104,"(63, 7)",1,-0.08
397,105,"(64, 7)",1,-0.08
397,106,"(65, 7)",1,-0.08
397,107,"(66, 7)",1,-0.08
397,108,"(67, 7)",1,-0.08
397,109,"(68, 7)",1,-0.08
397,110,"(69, 7)",1,-0.08
397,111,"(70, 7)",0,-0.08
397,112,"(70, 6)",1,-0.08
397,113,"(71, 6)",0,-0.08
397,114,"(71, 5)",1,-0.08
397,115,"(72, 5)",1,-0.08
397,116,"(73, 5)",1,-0.08
397,117,"(74, 5)",0,-0.08
397,118,"(74, 4)",0,-0.08
397,119,"(74, 3)",1,-0.08
397,120,"(75, 3)",1,-0.08
397,121,"(76, 3)",1,-0.08
397,122,"(77, 3)",0,-0.08
397,123,"(77, 2)",0,-0.08
397,124,"(77, 1)",0,-0.08
397,125,"(77, 0)",1,-0.08
397,126,"(78, 0)",1,8.33
398,0,"(0, 39)",1,-0.08
398,1,"(1, 39)",0,-0.08
398,2,"(1, 38)",0,-0.08
398,3,"(1, 37)",0,-8.33
398,4,"(1, 37)",3,-0.08
398,5,"(0, 37)",0,-0.08
398,6,"(0, 36)",0,-0.08
398,7,"(0, 35)",1,-0.08
398,8,"(1, 35)",1,-0.08
398,9,"(2, 35)",0,-0.08
398,10,"(2, 34)",0,-0.08
398,11,"(2, 33)",0,-0.08
398,12,"(2, 32)",1,-0.08
398,13,"(3, 32)",0,-0.08
398,14,"(3, 31)",0,-8.33
398,15,"(3, 31)",0,-8.33
398,16,"(3, 31)",3,-0.08
398,17,"(2, 31)",3,-0.08
398,18,"(1, 31)",0,-0.08
398,19,"(1, 30)",0,-0.08
398,20,"(1, 29)",1,-0.08
398,21,"(2, 29)",1,-0.08
398,22,"(3, 29)",0,-0.08
398,23,"(3, 28)",0,-0.08
398,24,"(3, 27)",0,-0.08
398,25,"(3, 26)",0,-0.08
398,26,"(3, 25)",1,-0.08
398,27,"(4, 25)",1,-0.08
398,28,"(5, 25)",1,-0.08
398,29,"(6, 25)",1,-0.08
398,30,"(7, 25)",1,-0.08
398,31,"(8, 25)",1,-0.08
398,32,"(9, 25)",0,-0.08
398,33,"(9, 24)",1,-0.08
398,34,"(10, 24)",1,-0.08
398,35,"(11, 24)",1,-0.08
398,36,"(12, 24)",1,-0.08
398,37,"(13, 24)",1,-0.08
398,38,"(14, 24)",0,-0.08
398,39,"(14, 23)",1,-0.08
398,40,"(15, 23)",1,-0.08
398,41,"(16, 23)",1,-0.08
398,42,"(17, 23)",0,-0.08
398,43,"(17, 22)",1,-0.08
398,44,"(18, 22)",1,-0.08
398,45,"(19, 22)",0,-0.08
398,46,"(19, 21)",1,-0.08
398,47,"(20, 21)",0,-0.08
398,48,"(20, 20)",0,-0.08
398,49,"(20, 19)",1,-0.08
398,50,"(21, 19)",1,-0.08
398,51,"(22, 19)",1,-0.08
398,52,"(23, 19)",0,-0.08
398,53,"(23, 18)",0,-0.08
398,54,"(23, 17)",0,-0.08
398,55,"(23, 16)",0,-0.08
398,56,"(23, 15)",1,-0.08
398,57,"(24, 15)",1,-0.08
398,58,"(25, 15)",1,-0.08
398,59,"(26, 15)",1,-0.08
398,60,"(27, 15)",0,-0.08
398,61,"(27, 14)",0,-0.08
398,62,"(27, 13)",1,-0.08
398,63,"(28, 13)",1,-0.08
398,64,"(29, 13)",1,-0.08
398,65,"(30, 13)",1,-0.08
398,66,"(31, 13)",1,-0.08
398,67,"(32, 13)",1,-0.08
398,68,"(33, 13)",1,-0.08
398,69,"(34, 13)",1,-0.08
398,70,"(35, 13)",1,-0.08
398,71,"(36, 13)",0,-0.08
398,72,"(36, 12)",1,-0.08
398,73,"(37, 12)",1,-0.08
398,74,"(38, 12)",1,-0.08
398,75,"(39, 12)",0,-0.08
398,76,"(39, 11)",1,-0.08
398,77,"(40, 11)",1,-0.08
398,78,"(41, 11)",1,-0.08
398,79,"(42, 11)",1,-0.08
398,80,"(43, 11)",1,-0.08
398,81,"(44, 11)",1,-0.08
398,82,"(45, 11)",0,-0.08
398,83,"(45, 10)",0,-0.08
398,84,"(45, 9)",1,-0.08
398,85,"(46, 9)",0,-0.08
398,86,"(46, 8)",0,-0.08
398,87,"(46, 7)",1,-0.08
398,88,"(47, 7)",1,-0.08
398,89,"(48, 7)",1,-0.08
398,90,"(49, 7)",1,-0.08
398,91,"(50, 7)",1,-0.08
398,92,"(51, 7)",1,-0.08
398,93,"(52, 7)",1,-0.08
398,94,"(53, 7)",1,-0.08
398,95,"(54, 7)",1,-0.08
398,96,"(55, 7)",1,-0.08
398,97,"(56, 7)",1,-0.08
398,98,"(57, 7)",1,-0.08
398,99,"(58, 7)",1,-0.08
398,100,"(59, 7)",1,-0.08
398,101,"(60, 7)",1,-0.08
398,102,"(61, 7)",1,-0.08
398,103,"(62, 7)",1,-0.08
398,104,"(63, 7)",1,-0.08
398,105,"(64, 7)",1,-0.08
398,106,"(65, 7)",1,-0.08
398,107,"(66, 7)",1,-0.08
398,108,"(67, 7)",1,-0.08
398,109,"(68, 7)",1,-0.08
398,110,"(69, 7)",0,-0.08
398,111,"(69, 6)",1,-0.08
398,112,"(70, 6)",1,-0.08
398,113,"(71, 6)",1,-0.08
398,114,"(72, 6)",0,-0.08
398,115,"(72, 5)",1,-0.08
398,116,"(73, 5)",1,-0.08
398,117,"(74, 5)",0,-0.08
398,118,"(74, 4)",0,-0.08
398,119,"(74, 3)",1,-0.08
398,120,"(75, 3)",1,-0.08
398,121,"(76, 3)",0,-0.08
398,122,"(76, 2)",1,-0.08
398,123,"(77, 2)",0,-0.08
398,124,"(77, 1)",0,-0.08
398,125,"(77, 0)",1,-0.08
398,126,"(78, 0)",1,8.33
399,0,"(0, 39)",1,-0.08
399,1,"(1, 39)",1,-0.08
399,2,"(2, 39)",1,-0.08
399,3,"(3, 39)",0,-0.08
399,4,"(3, 38)",1,-8.33
399,5,"(3, 38)",0,-0.08
399,6,"(3, 37)",1,-8.33
399,7,"(3, 37)",0,-0.08
399,8,"(3, 36)",0,-0.08
399,9,"(3, 35)",3,-0.08
399,10,"(2, 35)",0,-0.08
399,11,"(2, 34)",0,-0.08
399,12,"(2, 33)",0,-0.08
399,13,"(2, 32)",0,-0.08
399,14,"(2, 31)",1,-0.08
399,15,"(3, 31)",0,-8.33
399,16,"(3, 31)",0,-8.33
399,17,"(3, 31)",3,-0.08
399,18,"(2, 31)",3,-0.08
399,19,"(1, 31)",0,-0.08
399,20,"(1, 30)",0,-0.08
399,21,"(1, 29)",0,-0.08
399,22,"(1, 28)",0,-0.08
399,23,"(1, 27)",0,-0.08
399,24,"(1, 26)",0,-0.08
399,25,"(1, 25)",1,-0.08
399,26,"(2, 25)",1,-0.08
399,27,"(3, 25)",1,-0.08
399,28,"(4, 25)",1,-0.08
399,29,"(5, 25)",1,-0.08
399,30,"(6, 25)",1,-0.08
399,31,"(7, 25)",1,-0.08
399,32,"(8, 25)",1,-0.08
399,33,"(9, 25)",0,-0.08
399,34,"(9, 24)",1,-0.08
399,35,"(10, 24)",1,-0.08
399,36,"(11, 24)",1,-0.08
399,37,"(12, 24)",1,-0.08
399,38,"(13, 24)",0,-0.08
399,39,"(13, 23)",1,-0.08
399,40,"(14, 23)",1,-0.08
399,41,"(15, 23)",1,-0.08
399,42,"(16, 23)",1,-0.08
399,43,"(17, 23)",0,-0.08
399,44,"(17, 22)",1,-0.08
399,45,"(18, 22)",1,-0.08
399,46,"(19, 22)",1,-0.08
399,47,"(20, 22)",0,-0.08
399,48,"(20, 21)",1,-0.08
399,49,"(21, 21)",1,-0.08
399,50,"(22, 21)",1,-0.08
399,51,"(23, 21)",0,-0.08
399,52,"(23, 20)",0,-0.08
399,53,"(23, 19)",0,-0.08
399,54,"(23, 18)",0,-0.08
399,55,"(23, 17)",0,-0.08
399,56,"(23, 16)",0,-0.08
399,57,"(23, 15)",1,-0.08
399,58,"(24, 15)",1,-0.08
399,59,"(25, 15)",1,-0.08
399,60,"(26, 15)",1,-0.08
399,61,"(27, 15)",1,-0.08
399,62,"(28, 15)",1,-0.08
399,63,"(29, 15)",0,-0.08
399,64,"(29, 14)",0,-0.08
399,65,"(29, 13)",1,-0.08
399,66,"(30, 13)",1,-0.08
399,67,"(31, 13)",1,-0.08
399,68,"(32, 13)",1,-0.08
399,69,"(33, 13)",1,-0.08
399,70,"(34, 13)",1,-0.08
399,71,"(35, 13)",0,-0.08
399,72,"(35, 12)",1,-0.08
399,73,"(36, 12)",1,-0.08
399,74,"(37, 12)",1,-0.08
399,75,"(38, 12)",1,-0.08
399,76,"(39, 12)",0,-0.08
399,77,"(39, 11)",1,-0.08
399,78,"(40, 11)",1,-0.08
399,79,"(41, 11)",1,-0.08
399,80,"(42, 11)",1,-0.08
399,81,"(43, 11)",1,-0.08
399,82,"(44, 11)",1,-0.08
399,83,"(45, 11)",0,-0.08
399,84,"(45, 10)",1,-0.08
399,85,"(46, 10)",1,-0.08
399,86,"(47, 10)",1,-0.08
399,87,"(48, 10)",1,-0.08
399,88,"(49, 10)",1,-0.08
399,89,"(50, 10)",0,-0.08
399,90,"(50, 9)",1,-0.08
399,91,"(51, 9)",1,-0.08
399,92,"(52, 9)",1,-0.08
399,93,"(53, 9)",1,-0.08
399,94,"(54, 9)",1,-0.08
399,95,"(55, 9)",1,-0.08
399,96,"(56, 9)",1,-0.08
399,97,"(57, 9)",0,-0.08
399,98,"(57, 8)",1,-0.08
399,99,"(58, 8)",0,-0.08
399,100,"(58, 7)",1,-0.08
399,101,"(59, 7)",1,-0.08
399,102,"(60, 7)",1,-0.08
399,103,"(61, 7)",1,-0.08
399,104,"(62, 7)",1,-0.08
399,105,"(63, 7)",1,-0.08
399,106,"(64, 7)",1,-0.08
399,107,"(65, 7)",1,-0.08
399,108,"(66, 7)",1,-0.08
399,109,"(67, 7)",1,-0.08
399,110,"(68, 7)",1,-0.08
399,111,"(69, 7)",0,-0.08
399,112,"(69, 6)",1,-0.08
399,113,"(70, 6)",1,-0.08
399,114,"(71, 6)",0,-0.08
399,115,"(71, 5)",1,-0.08
399,116,"(72, 5)",1,-0.08
399,117,"(73, 5)",1,-0.08
399,118,"(74, 5)",1,-0.08
399,119,"(75, 5)",0,-0.08
399,120,"(75, 4)",0,-0.08
399,121,"(75, 3)",1,-0.08
399,122,"(76, 3)",0,-0.08
399,123,"(76, 2)",0,-0.08
399,124,"(76, 1)",1,-0.08
399,125,"(77, 1)",0,-0.08
399,126,"(77, 0)",1,-0.08
399,127,"(78, 0)",1,8.33
400,0,"(0, 39)",0,-0.08
400,1,"(0, 38)",1,-0.08
400,2,"(1, 38)",0,-0.08
400,3,"(1, 37)",0,-8.33
400,4,"(1, 37)",3,-0.08
400,5,"(0, 37)",0,-0.08
400,6,"(0, 36)",0,-0.08
400,7,"(0, 35)",1,-0.08
400,8,"(1, 35)",1,-0.08
400,9,"(2, 35)",0,-0.08
400,10,"(2, 34)",0,-0.08
400,11,"(2, 33)",1,-0.08
400,12,"(3, 33)",0,-0.08
400,13,"(3, 32)",0,-0.08
400,14,"(3, 31)",0,-8.33
400,15,"(3, 31)",3,-0.08
400,16,"(2, 31)",3,-0.08
400,17,"(1, 31)",0,-0.08
400,18,"(1, 30)",0,-0.08
400,19,"(1, 29)",0,-0.08
400,20,"(1, 28)",0,-0.08
400,21,"(1, 27)",0,-0.08
400,22,"(1, 26)",1,-0.08
400,23,"(2, 26)",1,-0.08
400,24,"(3, 26)",0,-0.08
400,25,"(3, 25)",1,-0.08
400,26,"(4, 25)",1,-0.08
400,27,"(5, 25)",1,-0.08
400,28,"(6, 25)",1,-0.08
400,29,"(7, 25)",1,-0.08
400,30,"(8, 25)",1,-0.08
400,31,"(9, 25)",1,-0.08
400,32,"(10, 25)",0,-0.08
400,33,"(10, 24)",1,-0.08
400,34,"(11, 24)",1,-0.08
400,35,"(12, 24)",1,-0.08
400,36,"(13, 24)",0,-0.08
400,37,"(13, 23)",1,-0.08
400,38,"(14, 23)",1,-0.08
400,39,"(15, 23)",1,-0.08
400,40,"(16, 23)",1,-0.08
400,41,"(17, 23)",1,-0.08
400,42,"(18, 23)",1,-0.08
400,43,"(19, 23)",1,-0.08
400,44,"(20, 23)",1,-0.08
400,45,"(21, 23)",0,-0.08
400,46,"(21, 22)",0,-0.08
400,47,"(21, 21)",0,-0.08
400,48,"(21, 20)",1,-0.08
400,49,"(22, 20)",0,-0.08
400,50,"(22, 19)",1,-0.08
400,51,"(23, 19)",0,-0.08
400,52,"(23, 18)",0,-0.08
400,53,"(23, 17)",0,-0.08
400,54,"(23, 16)",0,-0.08
400,55,"(23, 15)",1,-0.08
400,56,"(24, 15)",1,-0.08
400,57,"(25, 15)",1,-0.08
400,58,"(26, 15)",1,-0.08
400,59,"(27, 15)",0,-0.08
400,60,"(27, 14)",0,-0.08
400,61,"(27, 13)",1,-0.08
400,62,"(28, 13)",1,-0.08
400,63,"(29, 13)",1,-0.08
400,64,"(30, 13)",1,-0.08
400,65,"(31, 13)",1,-0.08
400,66,"(32, 13)",1,-0.08
400,67,"(33, 13)",1,-0.08
400,68,"(34, 13)",1,-0.08
400,69,"(35, 13)",1,-0.08
400,70,"(36, 13)",1,-0.08
400,71,"(37, 13)",0,-0.08
400,72,"(37, 12)",1,-0.08
400,73,"(38, 12)",1,-0.08
400,74,"(39, 12)",0,-0.08
400,75,"(39, 11)",1,-0.08
400,76,"(40, 11)",1,-0.08
400,77,"(41, 11)",1,-0.08
400,78,"(42, 11)",1,-0.08
400,79,"(43, 11)",1,-0.08
400,80,"(44, 11)",1,-0.08
400,81,"(45, 11)",0,-0.08
400,82,"(45, 10)",0,-0.08
400,83,"(45, 9)",0,-0.08
400,84,"(45, 8)",0,-0.08
400,85,"(45, 7)",1,-0.08
400,86,"(46, 7)",1,-0.08
400,87,"(47, 7)",1,-0.08
400,88,"(48, 7)",1,-0.08
400,89,"(49, 7)",1,-0.08
400,90,"(50, 7)",1,-0.08
400,91,"(51, 7)",1,-0.08
400,92,"(52, 7)",1,-0.08
400,93,"(53, 7)",1,-0.08
400,94,"(54, 7)",1,-0.08
400,95,"(55, 7)",1,-0.08
400,96,"(56, 7)",1,-0.08
400,97,"(57, 7)",1,-0.08
400,98,"(58, 7)",1,-0.08
400,99,"(59, 7)",1,-0.08
400,100,"(60, 7)",1,-0.08
400,101,"(61, 7)",1,-0.08
400,102,"(62, 7)",1,-0.08
400,103,"(63, 7)",1,-0.08
400,104,"(64, 7)",1,-0.08
400,105,"(65, 7)",1,-0.08
400,106,"(66, 7)",1,-0.08
400,107,"(67, 7)",1,-0.08
400,108,"(68, 7)",1,-0.08
400,109,"(69, 7)",0,-0.08
400,110,"(69, 6)",1,-0.08
400,111,"(70, 6)",1,-0.08
400,112,"(71, 6)",0,-0.08
400,113,"(71, 5)",1,-0.08
400,114,"(72, 5)",1,-0.08
400,115,"(73, 5)",1,-0.08
400,116,"(74, 5)",1,-0.08
400,117,"(75, 5)",0,-0.08
400,118,"(75, 4)",0,-0.08
400,119,"(75, 3)",1,-0.08
400,120,"(76, 3)",1,-0.08
400,121,"(77, 3)",0,-0.08
400,122,"(77, 2)",0,-0.08
400,123,"(77, 1)",1,-0.08
400,124,"(78, 1)",1,-0.08
400,125,"(79, 1)",0,8.33
401,0,"(0, 39)",1,-0.08
401,1,"(1, 39)",1,-0.08
401,2,"(2, 39)",1,-0.08
401,3,"(3, 39)",0,-0.08
401,4,"(3, 38)",1,-8.33
401,5,"(3, 38)",0,-0.08
401,6,"(3, 37)",0,-0.08
401,7,"(3, 36)",0,-0.08
401,8,"(3, 35)",0,-8.33
401,9,"(3, 35)",3,-0.08
401,10,"(2, 35)",0,-0.08
401,11,"(2, 34)",0,-0.08
401,12,"(2, 33)",0,-0.08
401,13,"(2, 32)",0,-0.08
401,14,"(2, 31)",0,-8.33
401,15,"(2, 31)",1,-0.08
401,16,"(3, 31)",0,-8.33
401,17,"(3, 31)",0,-8.33
401,18,"(3, 31)",3,-0.08
401,19,"(2, 31)",3,-0.08
401,20,"(1, 31)",0,-0.08
401,21,"(1, 30)",0,-0.08
401,22,"(1, 29)",0,-0.08
401,23,"(1, 28)",0,-0.08
401,24,"(1, 27)",0,-0.08
401,25,"(1, 26)",1,-0.08
401,26,"(2, 26)",0,-0.08
401,27,"(2, 25)",1,-0.08
401,28,"(3, 25)",1,-0.08
401,29,"(4, 25)",1,-0.08
401,30,"(5, 25)",1,-0.08
401,31,"(6, 25)",1,-0.08
401,32,"(7, 25)",1,-0.08
401,33,"(8, 25)",1,-0.08
401,34,"(9, 25)",1,-0.08
401,35,"(10, 25)",1,-0.08
401,36,"(11, 25)",1,-0.08
401,37,"(12, 25)",0,-0.08
401,38,"(12, 24)",1,-0.08
401,39,"(13, 24)",0,-0.08
401,40,"(13, 23)",1,-0.08
401,41,"(14, 23)",1,-0.08
401,42,"(15, 23)",1,-0.08
401,43,"(16, 23)",1,-0.08
401,44,"(17, 23)",0,-0.08
401,45,"(17, 22)",1,-0.08
401,46,"(18, 22)",1,-0.08
401,47,"(19, 22)",0,-0.08
401,48,"(19, 21)",1,-0.08
401,49,"(20, 21)",1,-0.08
401,50,"(21, 21)",0,-0.08
401,51,"(21, 20)",1,-0.08
401,52,"(22, 20)",0,-0.08
401,53,"(22, 19)",1,-0.08
401,54,"(23, 19)",0,-0.08
401,55,"(23, 18)",0,-0.08
401,56,"(23, 17)",0,-0.08
401,57,"(23, 16)",0,-0.08
401,58,"(23, 15)",1,-0.08
401,59,"(24, 15)",1,-0.08
401,60,"(25, 15)",1,-0.08
401,61,"(26, 15)",1,-0.08
401,62,"(27, 15)",0,-0.08
401,63,"(27, 14)",0,-0.08
401,64,"(27, 13)",1,-0.08
401,65,"(28, 13)",1,-0.08
401,66,"(29, 13)",1,-0.08
401,67,"(30, 13)",1,-0.08
401,68,"(31, 13)",1,-0.08
401,69,"(32, 13)",1,-0.08
401,70,"(33, 13)",1,-0.08
401,71,"(34, 13)",1,-0.08
401,72,"(35, 13)",0,-0.08
401,73,"(35, 12)",1,-0.08
401,74,"(36, 12)",1,-0.08
401,75,"(37, 12)",1,-0.08
401,76,"(38, 12)",1,-0.08
401,77,"(39, 12)",0,-0.08
401,78,"(39, 11)",1,-0.08
401,79,"(40, 11)",1,-0.08
401,80,"(41, 11)",1,-0.08
401,81,"(42, 11)",1,-0.08
401,82,"(43, 11)",1,-0.08
401,83,"(44, 11)",1,-0.08
401,84,"(45, 11)",0,-0.08
401,85,"(45, 10)",1,-0.08
401,86,"(46, 10)",0,-0.08
401,87,"(46, 9)",0,-0.08
401,88,"(46, 8)",0,-0.08
401,89,"(46, 7)",1,-0.08
401,90,"(47, 7)",1,-0.08
401,91,"(48, 7)",1,-0.08
401,92,"(49, 7)",1,-0.08
401,93,"(50, 7)",1,-0.08
401,94,"(51, 7)",1,-0.08
401,95,"(52, 7)",1,-0.08
401,96,"(53, 7)",1,-0.08
401,97,"(54, 7)",1,-0.08
401,98,"(55, 7)",1,-0.08
401,99,"(56, 7)",1,-0.08
401,100,"(57, 7)",1,-0.08
401,101,"(58, 7)",1,-0.08
401,102,"(59, 7)",1,-0.08
401,103,"(60, 7)",1,-0.08
401,104,"(61, 7)",1,-0.08
401,105,"(62, 7)",1,-0.08
401,106,"(63, 7)",1,-0.08
401,107,"(64, 7)",1,-0.08
401,108,"(65, 7)",1,-0.08
401,109,"(66, 7)",1,-0.08
401,110,"(67, 7)",1,-0.08
401,111,"(68, 7)",1,-0.08
401,112,"(69, 7)",1,-0.08
401,113,"(70, 7)",1,-0.08
401,114,"(71, 7)",1,-0.08
401,115,"(72, 7)",0,-0.08
401,116,"(72, 6)",0,-0.08
401,117,"(72, 5)",1,-0.08
401,118,"(73, 5)",1,-0.08
401,119,"(74, 5)",0,-0.08
401,120,"(74, 4)",1,-0.08
401,121,"(75, 4)",0,-0.08
401,122,"(75, 3)",1,-0.08
401,123,"(76, 3)",1,-0.08
401,124,"(77, 3)",0,-0.08
401,125,"(77, 2)",0,-0.08
401,126,"(77, 1)",0,-0.08
401,127,"(77, 0)",1,-0.08
401,128,"(78, 0)",1,8.33
402,0,"(0, 39)",0,-0.08
402,1,"(0, 38)",0,-0.08
402,2,"(0, 37)",1,-0.08
402,3,"(1, 37)",0,-8.33
402,4,"(1, 37)",3,-0.08
402,5,"(0, 37)",0,-0.08
402,6,"(0, 36)",0,-0.08
402,7,"(0, 35)",0,-0.08
402,8,"(0, 34)",0,-0.08
402,9,"(0, 33)",1,-0.08
402,10,"(1, 33)",1,-0.08
402,11,"(2, 33)",0,-0.08
402,12,"(2, 32)",1,-0.08
402,13,"(3, 32)",0,-0.08
402,14,"(3, 31)",0,-8.33
402,15,"(3, 31)",0,-8.33
402,16,"(3, 31)",3,-0.08
402,17,"(2, 31)",3,-0.08
402,18,"(1, 31)",0,-0.08
402,19,"(1, 30)",0,-0.08
402,20,"(1, 29)",1,-0.08
402,21,"(2, 29)",1,-0.08
402,22,"(3, 29)",0,-0.08
402,23,"(3, 28)",0,-0.08
402,24,"(3, 27)",0,-0.08
402,25,"(3, 26)",0,-0.08
402,26,"(3, 25)",1,-0.08
402,27,"(4, 25)",1,-0.08
402,28,"(5, 25)",1,-0.08
402,29,"(6, 25)",1,-0.08
402,30,"(7, 25)",1,-0.08
402,31,"(8, 25)",1,-0.08
402,32,"(9, 25)",0,-0.08
402,33,"(9, 24)",1,-0.08
402,34,"(10, 24)",1,-0.08
402,35,"(11, 24)",1,-0.08
402,36,"(12, 24)",1,-0.08
402,37,"(13, 24)",1,-0.08
402,38,"(14, 24)",0,-0.08
402,39,"(14, 23)",1,-0.08
402,40,"(15, 23)",1,-0.08
402,41,"(16, 23)",0,-0.08
402,42,"(16, 22)",1,-0.08
402,43,"(17, 22)",1,-0.08
402,44,"(18, 22)",1,-0.08
402,45,"(19, 22)",1,-0.08
402,46,"(20, 22)",0,-0.08
402,47,"(20, 21)",0,-0.08
402,48,"(20, 20)",1,-0.08
402,49,"(21, 20)",1,-0.08
402,50,"(22, 20)",1,-0.08
402,51,"(23, 20)",1,-0.08
402,52,"(24, 20)",1,-0.08
402,53,"(25, 20)",0,-0.08
402,54,"(25, 19)",0,-0.08
402,55,"(25, 18)",0,-0.08
402,56,"(25, 17)",1,-0.08
402,57,"(26, 17)",1,-0.08
402,58,"(27, 17)",1,-0.08
402,59,"(28, 17)",1,-0.08
402,60,"(29, 17)",0,-0.08
402,61,"(29, 16)",0,-0.08
402,62,"(29, 15)",0,-0.08
402,63,"(29, 14)",0,-0.08
402,64,"(29, 13)",1,-0.08
402,65,"(30, 13)",1,-0.08
402,66,"(31, 13)",1,-0.08
402,67,"(32, 13)",1,-0.08
402,68,"(33, 13)",1,-0.08
402,69,"(34, 13)",1,-0.08
402,70,"(35, 13)",0,-0.08
402,71,"(35, 12)",1,-0.08
402,72,"(36, 12)",1,-0.08
402,73,"(37, 12)",1,-0.08
402,74,"(38, 12)",1,-0.08
402,75,"(39, 12)",0,-0.08
402,76,"(39, 11)",1,-0.08
402,77,"(40, 11)",1,-0.08
402,78,"(41, 11)",1,-0.08
402,79,"(42, 11)",1,-0.08
402,80,"(43, 11)",1,-0.08
402,81,"(44, 11)",1,-0.08
402,82,"(45, 11)",0,-0.08
402,83,"(45, 10)",0,-0.08
402,84,"(45, 9)",1,-0.08
402,85,"(46, 9)",0,-0.08
402,86,"(46, 8)",0,-0.08
402,87,"(46, 7)",1,-0.08
402,88,"(47, 7)",1,-0.08
402,89,"(48, 7)",1,-0.08
402,90,"(49, 7)",1,-0.08
402,91,"(50, 7)",1,-0.08
402,92,"(51, 7)",1,-0.08
402,93,"(52, 7)",1,-0.08
402,94,"(53, 7)",1,-0.08
402,95,"(54, 7)",1,-0.08
402,96,"(55, 7)",1,-0.08
402,97,"(56, 7)",1,-0.08
402,98,"(57, 7)",1,-0.08
402,99,"(58, 7)",1,-0.08
402,100,"(59, 7)",1,-0.08
402,101,"(60, 7)",1,-0.08
402,102,"(61, 7)",1,-0.08
402,103,"(62, 7)",1,-0.08
402,104,"(63, 7)",1,-0.08
402,105,"(64, 7)",1,-0.08
402,106,"(65, 7)",1,-0.08
402,107,"(66, 7)",1,-0.08
402,108,"(67, 7)",1,-0.08
402,109,"(68, 7)",1,-0.08
402,110,"(69, 7)",0,-0.08
402,111,"(69, 6)",1,-0.08
402,112,"(70, 6)",1,-0.08
402,113,"(71, 6)",0,-0.08
402,114,"(71, 5)",1,-0.08
402,115,"(72, 5)",1,-0.08
402,116,"(73, 5)",1,-0.08
402,117,"(74, 5)",1,-0.08
402,118,"(75, 5)",1,-0.08
402,119,"(76, 5)",1,-0.08
402,120,"(77, 5)",0,-0.08
402,121,"(77, 4)",0,-0.08
402,122,"(77, 3)",0,-0.08
402,123,"(77, 2)",0,-0.08
402,124,"(77, 1)",0,-0.08
402,125,"(77, 0)",1,-0.08
402,126,"(78, 0)",1,8.33
403,0,"(0, 39)",0,-0.08
403,1,"(0, 38)",0,-0.08
403,2,"(0, 37)",1,-0.08
403,3,"(1, 37)",1,-8.33
403,4,"(1, 37)",0,-8.33
403,5,"(1, 37)",3,-0.08
403,6,"(0, 37)",0,-0.08
403,7,"(0, 36)",0,-0.08
403,8,"(0, 35)",0,-0.08
403,9,"(0, 34)",0,-0.08
403,10,"(0, 33)",1,-0.08
403,11,"(1, 33)",1,-0.08
403,12,"(2, 33)",0,-0.08
403,13,"(2, 32)",1,-0.08
403,14,"(3, 32)",0,-0.08
403,15,"(3, 31)",0,-8.33
403,16,"(3, 31)",0,-8.33
403,17,"(3, 31)",3,-0.08
403,18,"(2, 31)",3,-0.08
403,19,"(1, 31)",0,-0.08
403,20,"(1, 30)",0,-0.08
403,21,"(1, 29)",1,-0.08
403,22,"(2, 29)",1,-0.08
403,23,"(3, 29)",0,-0.08
403,24,"(3, 28)",0,-0.08
403,25,"(3, 27)",0,-0.08
403,26,"(3, 26)",0,-0.08
403,27,"(3, 25)",1,-0.08
403,28,"(4, 25)",1,-0.08
403,29,"(5, 25)",1,-0.08
403,30,"(6, 25)",1,-0.08
403,31,"(7, 25)",1,-0.08
403,32,"(8, 25)",1,-0.08
403,33,"(9, 25)",0,-0.08
403,34,"(9, 24)",1,-0.08
403,35,"(10, 24)",1,-0.08
403,36,"(11, 24)",1,-0.08
403,37,"(12, 24)",1,-0.08
403,38,"(13, 24)",0,-0.08
403,39,"(13, 23)",1,-0.08
403,40,"(14, 23)",1,-0.08
403,41,"(15, 23)",1,-0.08
403,42,"(16, 23)",0,-0.08
403,43,"(16, 22)",1,-0.08
403,44,"(17, 22)",1,-0.08
403,45,"(18, 22)",1,-0.08
403,46,"(19, 22)",1,-0.08
403,47,"(20, 22)",1,-0.08
403,48,"(21, 22)",0,-0.08
403,49,"(21, 21)",0,-0.08
403,50,"(21, 20)",1,-0.08
403,51,"(22, 20)",0,-0.08
403,52,"(22, 19)",1,-0.08
403,53,"(23, 19)",0,-0.08
403,54,"(23, 18)",0,-0.08
403,55,"(23, 17)",1,-0.08
403,56,"(24, 17)",1,-0.08
403,57,"(25, 17)",1,-0.08
403,58,"(26, 17)",1,-0.08
403,59,"(27, 17)",0,-0.08
403,60,"(27, 16)",1,-0.08
403,61,"(28, 16)",0,-0.08
403,62,"(28, 15)",1,-0.08
403,63,"(29, 15)",1,-0.08
403,64,"(30, 15)",1,-0.08
403,65,"(31, 15)",1,-0.08
403,66,"(32, 15)",1,-0.08
403,67,"(33, 15)",1,-0.08
403,68,"(34, 15)",0,-0.08
403,69,"(34, 14)",1,-0.08
403,70,"(35, 14)",0,-0.08
403,71,"(35, 13)",1,-0.08
403,72,"(36, 13)",1,-0.08
403,73,"(37, 13)",1,-0.08
403,74,"(38, 13)",0,-0.08
403,75,"(38, 12)",1,-0.08
403,76,"(39, 12)",0,-0.08
403,77,"(39, 11)",1,-0.08
403,78,"(40, 11)",1,-0.08
403,79,"(41, 11)",1,-0.08
403,80,"(42, 11)",1,-0.08
403,81,"(43, 11)",1,-0.08
403,82,"(44, 11)",1,-0.08
403,83,"(45, 11)",0,-0.08
403,84,"(45, 10)",1,-0.08
403,85,"(46, 10)",1,-0.08
403,86,"(47, 10)",1,-0.08
403,87,"(48, 10)",1,-0.08
403,88,"(49, 10)",1,-0.08
403,89,"(50, 10)",0,-0.08
403,90,"(50, 9)",0,-0.08
403,91,"(50, 8)",0,-0.08
403,92,"(50, 7)",1,-0.08
403,93,"(51, 7)",1,-0.08
403,94,"(52, 7)",1,-0.08
403,95,"(53, 7)",1,-0.08
403,96,"(54, 7)",1,-0.08
403,97,"(55, 7)",1,-0.08
403,98,"(56, 7)",1,-0.08
403,99,"(57, 7)",1,-0.08
403,100,"(58, 7)",1,-0.08
403,101,"(59, 7)",1,-0.08
403,102,"(60, 7)",1,-0.08
403,103,"(61, 7)",1,-0.08
403,104,"(62, 7)",1,-0.08
403,105,"(63, 7)",1,-0.08
403,106,"(64, 7)",1,-0.08
403,107,"(65, 7)",1,-0.08
403,108,"(66, 7)",1,-0.08
403,109,"(67, 7)",1,-0.08
403,110,"(68, 7)",1,-0.08
403,111,"(69, 7)",1,-0.08
403,112,"(70, 7)",0,-0.08
403,113,"(70, 6)",1,-0.08
403,114,"(71, 6)",0,-0.08
403,115,"(71, 5)",1,-0.08
403,116,"(72, 5)",1,-0.08
403,117,"(73, 5)",1,-0.08
403,118,"(74, 5)",0,-0.08
403,119,"(74, 4)",1,-0.08
403,120,"(75, 4)",0,-0.08
403,121,"(75, 3)",1,-0.08
403,122,"(76, 3)",0,-0.08
403,123,"(76, 2)",1,-0.08
403,124,"(77, 2)",0,-0.08
403,125,"(77, 1)",1,-0.08
403,126,"(78, 1)",1,-0.08
403,127,"(79, 1)",0,8.33
404,0,"(0, 39)",1,-0.08
404,1,"(1, 39)",0,-0.08
404,2,"(1, 38)",1,-8.33
404,3,"(1, 38)",0,-0.08
404,4,"(1, 37)",0,-8.33
404,5,"(1, 37)",3,-0.08
404,6,"(0, 37)",0,-0.08
404,7,"(0, 36)",0,-0.08
404,8,"(0, 35)",1,-0.08
404,9,"(1, 35)",1,-0.08
404,10,"(2, 35)",0,-0.08
404,11,"(2, 34)",0,-0.08
404,12,"(2, 33)",1,-0.08
404,13,"(3, 33)",1,-0.08
404,14,"(4, 33)",1,-0.08
404,15,"(5, 33)",1,-0.08
404,16,"(6, 33)",1,-0.08
404,17,"(7, 33)",0,-0.08
404,18,"(7, 32)",1,-0.08
404,19,"(8, 32)",0,-0.08
404,20,"(8, 31)",1,-0.08
404,21,"(9, 31)",0,-0.08
404,22,"(9, 30)",0,-0.08
404,23,"(9, 29)",1,-0.08
404,24,"(10, 29)",0,-0.08
404,25,"(10, 28)",0,-0.08
404,26,"(10, 27)",0,-8.33
404,27,"(10, 27)",1,-0.08
404,28,"(11, 27)",1,-0.08
404,29,"(12, 27)",1,-0.08
404,30,"(13, 27)",0,-0.08
404,31,"(13, 26)",0,-0.08
404,32,"(13, 25)",1,-0.08
404,33,"(14, 25)",0,-0.08
404,34,"(14, 24)",0,-0.08
404,35,"(14, 23)",1,-0.08
404,36,"(15, 23)",1,-0.08
404,37,"(16, 23)",0,-0.08
404,38,"(16, 22)",1,-0.08
404,39,"(17, 22)",1,-0.08
404,40,"(18, 22)",1,-0.08
404,41,"(19, 22)",0,-0.08
404,42,"(19, 21)",0,-0.08
404,43,"(19, 20)",0,-0.08
404,44,"(19, 19)",1,-0.08
404,45,"(20, 19)",1,-0.08
404,46,"(21, 19)",1,-0.08
404,47,"(22, 19)",1,-0.08
404,48,"(23, 19)",0,-0.08
404,49,"(23, 18)",0,-0.08
404,50,"(23, 17)",1,-0.08
404,51,"(24, 17)",1,-0.08
404,52,"(25, 17)",1,-0.08
404,53,"(26, 17)",1,-0.08
404,54,"(27, 17)",1,-0.08
404,55,"(28, 17)",1,-0.08
404,56,"(29, 17)",1,-0.08
404,57,"(30, 17)",1,-0.08
404,58,"(31, 17)",0,-0.08
404,59,"(31, 16)",0,-0.08
404,60,"(31, 15)",0,-0.08
404,61,"(31, 14)",0,-0.08
404,62,"(31, 13)",1,-0.08
404,63,"(32, 13)",1,-0.08
404,64,"(33, 13)",1,-0.08
404,65,"(34, 13)",1,-0.08
404,66,"(35, 13)",1,-0.08
404,67,"(36, 13)",0,-0.08
404,68,"(36, 12)",1,-0.08
404,69,"(37, 12)",1,-0.08
404,70,"(38, 12)",1,-0.08
404,71,"(39, 12)",0,-0.08
404,72,"(39, 11)",1,-0.08
404,73,"(40, 11)",1,-0.08
404,74,"(41, 11)",1,-0.08
404,75,"(42, 11)",1,-0.08
404,76,"(43, 11)",1,-0.08
404,77,"(44, 11)",1,-0.08
404,78,"(45, 11)",0,-0.08
404,79,"(45, 10)",1,-0.08
404,80,"(46, 10)",1,-0.08
404,81,"(47, 10)",1,-0.08
404,82,"(48, 10)",1,-0.08
404,83,"(49, 10)",1,-0.08
404,84,"(50, 10)",0,-0.08
404,85,"(50, 9)",1,-0.08
404,86,"(51, 9)",1,-0.08
404,87,"(52, 9)",1,-0.08
404,88,"(53, 9)",1,-0.08
404,89,"(54, 9)",1,-0.08
404,90,"(55, 9)",1,-0.08
404,91,"(56, 9)",1,-0.08
404,92,"(57, 9)",1,-0.08
404,93,"(58, 9)",0,-0.08
404,94,"(58, 8)",0,-0.08
404,95,"(58, 7)",1,-0.08
404,96,"(59, 7)",1,-0.08
404,97,"(60, 7)",1,-0.08
404,98,"(61, 7)",1,-0.08
404,99,"(62, 7)",1,-0.08
404,100,"(63, 7)",1,-0.08
404,101,"(64, 7)",1,-0.08
404,102,"(65, 7)",1,-0.08
404,103,"(66, 7)",1,-0.08
404,104,"(67, 7)",1,-0.08
404,105,"(68, 7)",1,-0.08
404,106,"(69, 7)",1,-0.08
404,107,"(70, 7)",1,-0.08
404,108,"(71, 7)",0,-0.08
404,109,"(71, 6)",0,-0.08
404,110,"(71, 5)",1,-0.08
404,111,"(72, 5)",1,-0.08
404,112,"(73, 5)",1,-0.08
404,113,"(74, 5)",0,-0.08
404,114,"(74, 4)",0,-0.08
404,115,"(74, 3)",1,-0.08
404,116,"(75, 3)",1,-0.08
404,117,"(76, 3)",1,-0.08
404,118,"(77, 3)",0,-0.08
404,119,"(77, 2)",0,-0.08
404,120,"(77, 1)",1,-0.08
404,121,"(78, 1)",0,-0.08
404,122,"(78, 0)",1,8.33
405,0,"(0, 39)",1,-0.08
405,1,"(1, 39)",1,-0.08
405,2,"(2, 39)",0,-8.33
405,3,"(2, 39)",1,-0.08
405,4,"(3, 39)",1,-0.08
405,5,"(4, 39)",1,-0.08
405,6,"(5, 39)",0,-8.33
405,7,"(5, 39)",1,-0.08
405,8,"(6, 39)",1,-0.08
405,9,"(7, 39)",1,-0.08
405,10,"(8, 39)",1,-0.08
405,11,"(9, 39)",1,-0.08
405,12,"(10, 39)",0,-0.08
405,13,"(10, 38)",0,-0.08
405,14,"(10, 37)",1,-0.08
405,15,"(11, 37)",1,-0.08
405,16,"(12, 37)",1,-0.08
405,17,"(13, 37)",1,-0.08
405,18,"(14, 37)",1,-0.08
405,19,"(15, 37)",1,-0.08
405,20,"(16, 37)",1,-0.08
405,21,"(17, 37)",1,-0.08
405,22,"(18, 37)",1,-0.08
405,23,"(19, 37)",1,-0.08
405,24,"(20, 37)",1,-0.08
405,25,"(21, 37)",1,-0.08
405,26,"(22, 37)",1,-0.08
405,27,"(23, 37)",1,-0.08
405,28,"(24, 37)",1,-0.08
405,29,"(25, 37)",0,-0.08
405,30,"(25, 36)",0,-0.08
405,31,"(25, 35)",1,-0.08
405,32,"(26, 35)",1,-0.08
405,33,"(27, 35)",0,-0.08
405,34,"(27, 34)",0,-0.08
405,35,"(27, 33)",1,-0.08
405,36,"(28, 33)",0,-0.08
405,37,"(28, 32)",0,-0.08
405,38,"(28, 31)",1,-0.08
405,39,"(29, 31)",1,-0.08
405,40,"(30, 31)",1,-0.08
405,41,"(31, 31)",1,-0.08
405,42,"(32, 31)",0,-0.08
405,43,"(32, 30)",1,-0.08
405,44,"(33, 30)",0,-0.08
405,45,"(33, 29)",0,-0.08
405,46,"(33, 28)",0,-0.08
405,47,"(33, 27)",1,-0.08
405,48,"(34, 27)",1,-0.08
405,49,"(35, 27)",0,-0.08
405,50,"(35, 26)",0,-0.08
405,51,"(35, 25)",1,-0.08
405,52,"(36, 25)",0,-0.08
405,53,"(36, 24)",1,-0.08
405,54,"(37, 24)",0,-0.08
405,55,"(37, 23)",0,-0.08
405,56,"(37, 22)",0,-0.08
405,57,"(37, 21)",1,-0.08
405,58,"(38, 21)",1,-0.08
405,59,"(39, 21)",0,-0.08
405,60,"(39, 20)",0,-0.08
405,61,"(39, 19)",0,-0.08
405,62,"(39, 18)",0,-0.08
405,63,"(39, 17)",0,-0.08
405,64,"(39, 16)",0,-0.08
405,65,"(39, 15)",1,-0.08
405,66,"(40, 15)",1,-0.08
405,67,"(41, 15)",0,-0.08
405,68,"(41, 14)",0,-0.08
405,69,"(41, 13)",1,-0.08
405,70,"(42, 13)",1,-0.08
405,71,"(43, 13)",1,-0.08
405,72,"(44, 13)",0,-0.08
405,73,"(44, 12)",0,-0.08
405,74,"(44, 11)",1,-0.08
405,75,"(45, 11)",0,-0.08
405,76,"(45, 10)",1,-0.08
405,77,"(46, 10)",1,-0.08
405,78,"(47, 10)",1,-0.08
405,79,"(48, 10)",1,-0.08
405,80,"(49, 10)",0,-0.08
405,81,"(49, 9)",1,-0.08
405,82,"(50, 9)",0,-0.08
405,83,"(50, 8)",0,-0.08
405,84,"(50, 7)",1,-0.08
405,85,"(51, 7)",1,-0.08
405,86,"(52, 7)",1,-0.08
405,87,"(53, 7)",1,-0.08
405,88,"(54, 7)",1,-0.08
405,89,"(55, 7)",1,-0.08
405,90,"(56, 7)",1,-0.08
405,91,"(57, 7)",1,-0.08
405,92,"(58, 7)",1,-0.08
405,93,"(59, 7)",1,-0.08
405,94,"(60, 7)",1,-0.08
405,95,"(61, 7)",1,-0.08
405,96,"(62, 7)",1,-0.08
405,97,"(63, 7)",1,-0.08
405,98,"(64, 7)",1,-0.08
405,99,"(65, 7)",1,-0.08
405,100,"(66, 7)",1,-0.08
405,101,"(67, 7)",1,-0.08
405,102,"(68, 7)",1,-0.08
405,103,"(69, 7)",0,-0.08
405,104,"(69, 6)",1,-0.08
405,105,"(70, 6)",1,-0.08
405,106,"(71, 6)",1,-0.08
405,107,"(72, 6)",1,-0.08
405,108,"(73, 6)",1,-0.08
405,109,"(74, 6)",0,-0.08
405,110,"(74, 5)",0,-0.08
405,111,"(74, 4)",1,-0.08
405,112,"(75, 4)",0,-0.08
405,113,"(75, 3)",1,-0.08
405,114,"(76, 3)",1,-0.08
405,115,"(77, 3)",0,-0.08
405,116,"(77, 2)",0,-0.08
405,117,"(77, 1)",1,-0.08
405,118,"(78, 1)",1,-0.08
405,119,"(79, 1)",0,8.33
406,0,"(0, 39)",0,-0.08
406,1,"(0, 38)",0,-0.08
406,2,"(0, 37)",1,-0.08
406,3,"(1, 37)",1,-8.33
406,4,"(1, 37)",0,-8.33
406,5,"(1, 37)",3,-0.08
406,6,"(0, 37)",0,-0.08
406,7,"(0, 36)",0,-0.08
406,8,"(0, 35)",0,-0.08
406,9,"(0, 34)",0,-0.08
406,10,"(0, 33)",1,-0.08
406,11,"(1, 33)",0,-0.08
406,12,"(1, 32)",0,-0.08
406,13,"(1, 31)",1,-0.08
406,14,"(2, 31)",1,-0.08
406,15,"(3, 31)",0,-8.33
406,16,"(3, 31)",2,-0.08
406,17,"(3, 32)",2,-0.08
406,18,"(3, 33)",1,-0.08
406,19,"(4, 33)",1,-0.08
406,20,"(5, 33)",0,-0.08
406,21,"(5, 32)",0,-0.08
406,22,"(5, 31)",0,-0.08
406,23,"(5, 30)",0,-0.08
406,24,"(5, 29)",1,-0.08
406,25,"(6, 29)",1,-0.08
406,26,"(7, 29)",0,-0.08
406,27,"(7, 28)",0,-0.08
406,28,"(7, 27)",0,-0.08
406,29,"(7, 26)",0,-0.08
406,30,"(7, 25)",1,-0.08
406,31,"(8, 25)",1,-0.08
406,32,"(9, 25)",0,-0.08
406,33,"(9, 24)",1,-0.08
406,34,"(10, 24)",1,-0.08
406,35,"(11, 24)",1,-0.08
406,36,"(12, 24)",1,-0.08
406,37,"(13, 24)",0,-0.08
406,38,"(13, 23)",1,-0.08
406,39,"(14, 23)",1,-0.08
406,40,"(15, 23)",1,-0.08
406,41,"(16, 23)",1,-0.08
406,42,"(17, 23)",0,-0.08
406,43,"(17, 22)",1,-0.08
406,44,"(18, 22)",1,-0.08
406,45,"(19, 22)",0,-0.08
406,46,"(19, 21)",0,-0.08
406,47,"(19, 20)",1,-0.08
406,48,"(20, 20)",1,-0.08
406,49,"(21, 20)",1,-0.08
406,50,"(22, 20)",1,-0.08
406,51,"(23, 20)",1,-0.08
406,52,"(24, 20)",1,-0.08
406,53,"(25, 20)",0,-0.08
406,54,"(25, 19)",0,-0.08
406,55,"(25, 18)",0,-0.08
406,56,"(25, 17)",1,-0.08
406,57,"(26, 17)",1,-0.08
406,58,"(27, 17)",1,-0.08
406,59,"(28, 17)",1,-0.08
406,60,"(29, 17)",1,-0.08
406,61,"(30, 17)",1,-0.08
406,62,"(31, 17)",0,-0.08
406,63,"(31, 16)",0,-0.08
406,64,"(31, 15)",1,-0.08
406,65,"(32, 15)",0,-0.08
406,66,"(32, 14)",0,-0.08
406,67,"(32, 13)",1,-0.08
406,68,"(33, 13)",1,-0.08
406,69,"(34, 13)",1,-0.08
406,70,"(35, 13)",0,-0.08
406,71,"(35, 12)",1,-0.08
406,72,"(36, 12)",1,-0.08
406,73,"(37, 12)",1,-0.08
406,74,"(38, 12)",1,-0.08
406,75,"(39, 12)",0,-0.08
406,76,"(39, 11)",1,-0.08
406,77,"(40, 11)",1,-0.08
406,78,"(41, 11)",1,-0.08
406,79,"(42, 11)",1,-0.08
406,80,"(43, 11)",1,-0.08
406,81,"(44, 11)",1,-0.08
406,82,"(45, 11)",0,-0.08
406,83,"(45, 10)",1,-0.08
406,84,"(46, 10)",1,-0.08
406,85,"(47, 10)",1,-0.08
406,86,"(48, 10)",1,-0.08
406,87,"(49, 10)",1,-0.08
406,88,"(50, 10)",0,-0.08
406,89,"(50, 9)",0,-0.08
406,90,"(50, 8)",0,-0.08
406,91,"(50, 7)",1,-0.08
406,92,"(51, 7)",1,-0.08
406,93,"(52, 7)",1,-0.08
406,94,"(53, 7)",1,-0.08
406,95,"(54, 7)",1,-0.08
406,96,"(55, 7)",1,-0.08
406,97,"(56, 7)",1,-0.08
406,98,"(57, 7)",1,-0.08
406,99,"(58, 7)",1,-0.08
406,100,"(59, 7)",1,-0.08
406,101,"(60, 7)",1,-0.08
406,102,"(61, 7)",1,-0.08
406,103,"(62, 7)",1,-0.08
406,104,"(63, 7)",1,-0.08
406,105,"(64, 7)",1,-0.08
406,106,"(65, 7)",1,-0.08
406,107,"(66, 7)",1,-0.08
406,108,"(67, 7)",1,-0.08
406,109,"(68, 7)",1,-0.08
406,110,"(69, 7)",0,-0.08
406,111,"(69, 6)",1,-0.08
406,112,"(70, 6)",1,-0.08
406,113,"(71, 6)",0,-0.08
406,114,"(71, 5)",1,-0.08
406,115,"(72, 5)",1,-0.08
406,116,"(73, 5)",1,-0.08
406,117,"(74, 5)",0,-0.08
406,118,"(74, 4)",0,-0.08
406,119,"(74, 3)",1,-0.08
406,120,"(75, 3)",1,-0.08
406,121,"(76, 3)",0,-0.08
406,122,"(76, 2)",0,-0.08
406,123,"(76, 1)",1,-0.08
406,124,"(77, 1)",0,-0.08
406,125,"(77, 0)",1,-0.08
406,126,"(78, 0)",1,8.33
407,0,"(0, 39)",1,-0.08
407,1,"(1, 39)",0,-0.08
407,2,"(1, 38)",0,-0.08
407,3,"(1, 37)",0,-8.33
407,4,"(1, 37)",3,-0.08
407,5,"(0, 37)",0,-0.08
407,6,"(0, 36)",0,-0.08
407,7,"(0, 35)",1,-0.08
407,8,"(1, 35)",1,-0.08
407,9,"(2, 35)",0,-0.08
407,10,"(2, 34)",0,-0.08
407,11,"(2, 33)",1,-0.08
407,12,"(3, 33)",1,-0.08
407,13,"(4, 33)",1,-0.08
407,14,"(5, 33)",1,-0.08
407,15,"(6, 33)",1,-0.08
407,16,"(7, 33)",1,-0.08
407,17,"(8, 33)",0,-0.08
407,18,"(8, 32)",1,-0.08
407,19,"(9, 32)",0,-0.08
407,20,"(9, 31)",0,-0.08
407,21,"(9, 30)",0,-0.08
407,22,"(9, 29)",1,-0.08
407,23,"(10, 29)",0,-0.08
407,24,"(10, 28)",0,-0.08
407,25,"(10, 27)",0,-8.33
407,26,"(10, 27)",1,-0.08
407,27,"(11, 27)",1,-0.08
407,28,"(12, 27)",1,-0.08
407,29,"(13, 27)",1,-0.08
407,30,"(14, 27)",1,-0.08
407,31,"(15, 27)",0,-0.08
407,32,"(15, 26)",0,-0.08
407,33,"(15, 25)",1,-0.08
407,34,"(16, 25)",1,-0.08
407,35,"(17, 25)",0,-0.08
407,36,"(17, 24)",0,-0.08
407,37,"(17, 23)",0,-0.08
407,38,"(17, 22)",1,-0.08
407,39,"(18, 22)",1,-0.08
407,40,"(19, 22)",0,-0.08
407,41,"(19, 21)",0,-0.08
407,42,"(19, 20)",1,-0.08
407,43,"(20, 20)",1,-0.08
407,44,"(21, 20)",1,-0.08
407,45,"(22, 20)",1,-0.08
407,46,"(23, 20)",1,-0.08
407,47,"(24, 20)",1,-0.08
407,48,"(25, 20)",0,-0.08
407,49,"(25, 19)",1,-0.08
407,50,"(26, 19)",0,-0.08
407,51,"(26, 18)",1,-0.08
407,52,"(27, 18)",0,-0.08
407,53,"(27, 17)",1,-0.08
407,54,"(28, 17)",0,-0.08
407,55,"(28, 16)",1,-0.08
407,56,"(29, 16)",0,-0.08
407,57,"(29, 15)",0,-0.08
407,58,"(29, 14)",0,-0.08
407,59,"(29, 13)",1,-0.08
407,60,"(30, 13)",1,-0.08
407,61,"(31, 13)",1,-0.08
407,62,"(32, 13)",1,-0.08
407,63,"(33, 13)",1,-0.08
407,64,"(34, 13)",1,-0.08
407,65,"(35, 13)",1,-0.08
407,66,"(36, 13)",0,-0.08
407,67,"(36, 12)",1,-0.08
407,68,"(37, 12)",1,-0.08
407,69,"(38, 12)",1,-0.08
407,70,"(39, 12)",0,-0.08
407,71,"(39, 11)",1,-0.08
407,72,"(40, 11)",1,-0.08
407,73,"(41, 11)",1,-0.08
407,74,"(42, 11)",1,-0.08
407,75,"(43, 11)",1,-0.08
407,76,"(44, 11)",1,-0.08
407,77,"(45, 11)",0,-0.08
407,78,"(45, 10)",1,-0.08
407,79,"(46, 10)",0,-0.08
407,80,"(46, 9)",0,-0.08
407,81,"(46, 8)",0,-0.08
407,82,"(46, 7)",1,-0.08
407,83,"(47, 7)",1,-0.08
407,84,"(48, 7)",1,-0.08
407,85,"(49, 7)",1,-0.08
407,86,"(50, 7)",1,-0.08
407,87,"(51, 7)",1,-0.08
407,88,"(52, 7)",1,-0.08
407,89,"(53, 7)",1,-0.08
407,90,"(54, 7)",1,-0.08
407,91,"(55, 7)",1,-0.08
407,92,"(56, 7)",1,-0.08
407,93,"(57, 7)",1,-0.08
407,94,"(58, 7)",1,-0.08
407,95,"(59, 7)",1,-0.08
407,96,"(60, 7)",1,-0.08
407,97,"(61, 7)",1,-0.08
407,98,"(62, 7)",1,-0.08
407,99,"(63, 7)",1,-0.08
407,100,"(64, 7)",1,-0.08
407,101,"(65, 7)",1,-0.08
407,102,"(66, 7)",1,-0.08
407,103,"(67, 7)",1,-0.08
407,104,"(68, 7)",1,-0.08
407,105,"(69, 7)",0,-0.08
407,106,"(69, 6)",1,-0.08
407,107,"(70, 6)",1,-0.08
407,108,"(71, 6)",1,-0.08
407,109,"(72, 6)",1,-0.08
407,110,"(73, 6)",0,-0.08
407,111,"(73, 5)",1,-0.08
407,112,"(74, 5)",0,-0.08
407,113,"(74, 4)",1,-0.08
407,114,"(75, 4)",0,-0.08
407,115,"(75, 3)",1,-0.08
407,116,"(76, 3)",0,-0.08
407,117,"(76, 2)",0,-0.08
407,118,"(76, 1)",1,-0.08
407,119,"(77, 1)",1,-0.08
407,120,"(78, 1)",0,-0.08
407,121,"(78, 0)",1,8.33
408,0,"(0, 39)",1,-0.08
408,1,"(1, 39)",0,-0.08
408,2,"(1, 38)",1,-8.33
408,3,"(1, 38)",0,-0.08
408,4,"(1, 37)",0,-8.33
408,5,"(1, 37)",3,-0.08
408,6,"(0, 37)",0,-0.08
408,7,"(0, 36)",0,-0.08
408,8,"(0, 35)",0,-0.08
408,9,"(0, 34)",1,-0.08
408,10,"(1, 34)",0,-0.08
408,11,"(1, 33)",1,-0.08
408,12,"(2, 33)",0,-0.08
408,13,"(2, 32)",1,-0.08
408,14,"(3, 32)",0,-0.08
408,15,"(3, 31)",0,-8.33
408,16,"(3, 31)",0,-8.33
408,17,"(3, 31)",3,-0.08
408,18,"(2, 31)",3,-0.08
408,19,"(1, 31)",0,-0.08
408,20,"(1, 30)",0,-0.08
408,21,"(1, 29)",0,-0.08
408,22,"(1, 28)",0,-0.08
408,23,"(1, 27)",0,-0.08
408,24,"(1, 26)",1,-0.08
408,25,"(2, 26)",1,-0.08
408,26,"(3, 26)",0,-0.08
408,27,"(3, 25)",1,-0.08
408,28,"(4, 25)",1,-0.08
408,29,"(5, 25)",1,-0.08
408,30,"(6, 25)",1,-0.08
408,31,"(7, 25)",1,-0.08
408,32,"(8, 25)",1,-0.08
408,33,"(9, 25)",1,-0.08
408,34,"(10, 25)",1,-0.08
408,35,"(11, 25)",0,-0.08
408,36,"(11, 24)",1,-0.08
408,37,"(12, 24)",1,-0.08
408,38,"(13, 24)",1,-0.08
408,39,"(14, 24)",0,-0.08
408,40,"(14, 23)",1,-0.08
408,41,"(15, 23)",1,-0.08
408,42,"(16, 23)",1,-0.08
408,43,"(17, 23)",1,-0.08
408,44,"(18, 23)",1,-0.08
408,45,"(19, 23)",0,-0.08
408,46,"(19, 22)",1,-0.08
408,47,"(20, 22)",0,-0.08
408,48,"(20, 21)",0,-0.08
408,49,"(20, 20)",1,-0.08
408,50,"(21, 20)",0,-0.08
408,51,"(21, 19)",1,-0.08
408,52,"(22, 19)",1,-0.08
408,53,"(23, 19)",0,-0.08
408,54,"(23, 18)",0,-0.08
408,55,"(23, 17)",1,-0.08
408,56,"(24, 17)",1,-0.08
408,57,"(25, 17)",1,-0.08
408,58,"(26, 17)",1,-0.08
408,59,"(27, 17)",1,-0.08
408,60,"(28, 17)",0,-0.08
408,61,"(28, 16)",0,-0.08
408,62,"(28, 15)",1,-0.08
408,63,"(29, 15)",0,-0.08
408,64,"(29, 14)",0,-0.08
408,65,"(29, 13)",1,-0.08
408,66,"(30, 13)",1,-0.08
408,67,"(31, 13)",1,-0.08
408,68,"(32, 13)",1,-0.08
408,69,"(33, 13)",1,-0.08
408,70,"(34, 13)",1,-0.08
408,71,"(35, 13)",0,-0.08
408,72,"(35, 12)",1,-0.08
408,73,"(36, 12)",1,-0.08
408,74,"(37, 12)",1,-0.08
408,75,"(38, 12)",1,-0.08
408,76,"(39, 12)",0,-0.08
408,77,"(39, 11)",1,-0.08
408,78,"(40, 11)",1,-0.08
408,79,"(41, 11)",1,-0.08
408,80,"(42, 11)",1,-0.08
408,81,"(43, 11)",1,-0.08
408,82,"(44, 11)",1,-0.08
408,83,"(45, 11)",0,-0.08
408,84,"(45, 10)",1,-0.08
408,85,"(46, 10)",0,-0.08
408,86,"(46, 9)",0,-0.08
408,87,"(46, 8)",0,-0.08
408,88,"(46, 7)",1,-0.08
408,89,"(47, 7)",1,-0.08
408,90,"(48, 7)",1,-0.08
408,91,"(49, 7)",1,-0.08
408,92,"(50, 7)",1,-0.08
408,93,"(51, 7)",1,-0.08
408,94,"(52, 7)",1,-0.08
408,95,"(53, 7)",1,-0.08
408,96,"(54, 7)",1,-0.08
408,97,"(55, 7)",1,-0.08
408,98,"(56, 7)",1,-0.08
408,99,"(57, 7)",1,-0.08
408,100,"(58, 7)",1,-0.08
408,101,"(59, 7)",1,-0.08
408,102,"(60, 7)",1,-0.08
408,103,"(61, 7)",1,-0.08
408,104,"(62, 7)",1,-0.08
408,105,"(63, 7)",1,-0.08
408,106,"(64, 7)",1,-0.08
408,107,"(65, 7)",1,-0.08
408,108,"(66, 7)",1,-0.08
408,109,"(67, 7)",1,-0.08
408,110,"(68, 7)",1,-0.08
408,111,"(69, 7)",0,-0.08
408,112,"(69, 6)",1,-0.08
408,113,"(70, 6)",1,-0.08
408,114,"(71, 6)",1,-0.08
408,115,"(72, 6)",1,-0.08
408,116,"(73, 6)",1,-0.08
408,117,"(74, 6)",0,-0.08
408,118,"(74, 5)",1,-0.08
408,119,"(75, 5)",1,-0.08
408,120,"(76, 5)",1,-0.08
408,121,"(77, 5)",0,-0.08
408,122,"(77, 4)",0,-0.08
408,123,"(77, 3)",0,-0.08
408,124,"(77, 2)",0,-0.08
408,125,"(77, 1)",0,-0.08
408,126,"(77, 0)",1,-0.08
408,127,"(78, 0)",1,8.33
409,0,"(0, 39)",1,-0.08
409,1,"(1, 39)",1,-0.08
409,2,"(2, 39)",1,-0.08
409,3,"(3, 39)",0,-0.08
409,4,"(3, 38)",0,-0.08
409,5,"(3, 37)",0,-0.08
409,6,"(3, 36)",1,-8.33
409,7,"(3, 36)",2,-0.08
409,8,"(3, 37)",1,-8.33
409,9,"(3, 37)",0,-0.08
409,10,"(3, 36)",0,-0.08
409,11,"(3, 35)",3,-0.08
409,12,"(2, 35)",0,-0.08
409,13,"(2, 34)",0,-0.08
409,14,"(2, 33)",1,-0.08
409,15,"(3, 33)",0,-0.08
409,16,"(3, 32)",0,-0.08
409,17,"(3, 31)",0,-8.33
409,18,"(3, 31)",3,-0.08
409,19,"(2, 31)",3,-0.08
409,20,"(1, 31)",0,-0.08
409,21,"(1, 30)",0,-0.08
409,22,"(1, 29)",1,-0.08
409,23,"(2, 29)",1,-0.08
409,24,"(3, 29)",1,-0.08
409,25,"(4, 29)",1,-0.08
409,26,"(5, 29)",1,-0.08
409,27,"(6, 29)",1,-0.08
409,28,"(7, 29)",0,-0.08
409,29,"(7, 28)",0,-0.08
409,30,"(7, 27)",1,-0.08
409,31,"(8, 27)",1,-0.08
409,32,"(9, 27)",1,-0.08
409,33,"(10, 27)",1,-0.08
409,34,"(11, 27)",1,-0.08
409,35,"(12, 27)",1,-0.08
409,36,"(13, 27)",1,-0.08
409,37,"(14, 27)",1,-0.08
409,38,"(15, 27)",1,-0.08
409,39,"(16, 27)",0,-0.08
409,40,"(16, 26)",1,-0.08
409,41,"(17, 26)",0,-0.08
409,42,"(17, 25)",0,-0.08
409,43,"(17, 24)",0,-0.08
409,44,"(17, 23)",1,-0.08
409,45,"(18, 23)",1,-0.08
409,46,"(19, 23)",1,-0.08
409,47,"(20, 23)",0,-0.08
409,48,"(20, 22)",1,-0.08
409,49,"(21, 22)",0,-0.08
409,50,"(21, 21)",1,-0.08
409,51,"(22, 21)",0,-0.08
409,52,"(22, 20)",1,-0.08
409,53,"(23, 20)",1,-0.08
409,54,"(24, 20)",1,-0.08
409,55,"(25, 20)",0,-0.08
409,56,"(25, 19)",0,-0.08
409,57,"(25, 18)",0,-0.08
409,58,"(25, 17)",1,-0.08
409,59,"(26, 17)",1,-0.08
409,60,"(27, 17)",0,-0.08
409,61,"(27, 16)",0,-0.08
409,62,"(27, 15)",1,-0.08
409,63,"(28, 15)",1,-0.08
409,64,"(29, 15)",0,-0.08
409,65,"(29, 14)",0,-0.08
409,66,"(29, 13)",1,-0.08
409,67,"(30, 13)",1,-0.08
409,68,"(31, 13)",1,-0.08
409,69,"(32, 13)",1,-0.08
409,70,"(33, 13)",1,-0.08
409,71,"(34, 13)",1,-0.08
409,72,"(35, 13)",1,-0.08
409,73,"(36, 13)",1,-0.08
409,74,"(37, 13)",1,-0.08
409,75,"(38, 13)",1,-0.08
409,76,"(39, 13)",1,-0.08
409,77,"(40, 13)",1,-0.08
409,78,"(41, 13)",0,-0.08
409,79,"(41, 12)",0,-0.08
409,80,"(41, 11)",1,-0.08
409,81,"(42, 11)",1,-0.08
409,82,"(43, 11)",1,-0.08
409,83,"(44, 11)",1,-0.08
409,84,"(45, 11)",0,-0.08
409,85,"(45, 10)",0,-0.08
409,86,"(45, 9)",0,-0.08
409,87,"(45, 8)",0,-0.08
409,88,"(45, 7)",1,-0.08
409,89,"(46, 7)",1,-0.08
409,90,"(47, 7)",1,-0.08
409,91,"(48, 7)",1,-0.08
409,92,"(49, 7)",1,-0.08
409,93,"(50, 7)",1,-0.08
409,94,"(51, 7)",1,-0.08
409,95,"(52, 7)",1,-0.08
409,96,"(53, 7)",1,-0.08
409,97,"(54, 7)",1,-0.08
409,98,"(55, 7)",1,-0.08
409,99,"(56, 7)",1,-0.08
409,100,"(57, 7)",1,-0.08
409,101,"(58, 7)",1,-0.08
409,102,"(59, 7)",1,-0.08
409,103,"(60, 7)",1,-0.08
409,104,"(61, 7)",1,-0.08
409,105,"(62, 7)",1,-0.08
409,106,"(63, 7)",1,-0.08
409,107,"(64, 7)",1,-0.08
409,108,"(65, 7)",1,-0.08
409,109,"(66, 7)",1,-0.08
409,110,"(67, 7)",1,-0.08
409,111,"(68, 7)",1,-0.08
409,112,"(69, 7)",1,-0.08
409,113,"(70, 7)",0,-0.08
409,114,"(70, 6)",1,-0.08
409,115,"(71, 6)",1,-0.08
409,116,"(72, 6)",0,-0.08
409,117,"(72, 5)",1,-0.08
409,118,"(73, 5)",1,-0.08
409,119,"(74, 5)",0,-0.08
409,120,"(74, 4)",1,-0.08
409,121,"(75, 4)",0,-0.08
409,122,"(75, 3)",1,-0.08
409,123,"(76, 3)",1,-0.08
409,124,"(77, 3)",0,-0.08
409,125,"(77, 2)",0,-0.08
409,126,"(77, 1)",1,-0.08
409,127,"(78, 1)",0,-0.08
409,128,"(78, 0)",1,8.33
410,0,"(0, 39)",1,-0.08
410,1,"(1, 39)",1,-0.08
410,2,"(2, 39)",0,-8.33
410,3,"(2, 39)",1,-0.08
410,4,"(3, 39)",0,-0.08
410,5,"(3, 38)",0,-0.08
410,6,"(3, 37)",1,-8.33
410,7,"(3, 37)",0,-0.08
410,8,"(3, 36)",0,-0.08
410,9,"(3, 35)",3,-0.08
410,10,"(2, 35)",0,-0.08
410,11,"(2, 34)",0,-0.08
410,12,"(2, 33)",0,-0.08
410,13,"(2, 32)",0,-0.08
410,14,"(2, 31)",1,-0.08
410,15,"(3, 31)",0,-8.33
410,16,"(3, 31)",0,-8.33
410,17,"(3, 31)",2,-0.08
410,18,"(3, 32)",2,-0.08
410,19,"(3, 33)",1,-0.08
410,20,"(4, 33)",1,-0.08
410,21,"(5, 33)",0,-0.08
410,22,"(5, 32)",0,-0.08
410,23,"(5, 31)",0,-0.08
410,24,"(5, 30)",0,-0.08
410,25,"(5, 29)",1,-0.08
410,26,"(6, 29)",1,-0.08
410,27,"(7, 29)",0,-0.08
410,28,"(7, 28)",1,-0.08
410,29,"(8, 28)",0,-0.08
410,30,"(8, 27)",1,-0.08
410,31,"(9, 27)",1,-0.08
410,32,"(10, 27)",1,-0.08
410,33,"(11, 27)",1,-0.08
410,34,"(12, 27)",1,-0.08
410,35,"(13, 27)",1,-0.08
410,36,"(14, 27)",1,-0.08
410,37,"(15, 27)",1,-0.08
410,38,"(16, 27)",0,-0.08
410,39,"(16, 26)",1,-0.08
410,40,"(17, 26)",0,-0.08
410,41,"(17, 25)",0,-0.08
410,42,"(17, 24)",0,-0.08
410,43,"(17, 23)",1,-0.08
410,44,"(18, 23)",0,-0.08
410,45,"(18, 22)",1,-0.08
410,46,"(19, 22)",1,-0.08
410,47,"(20, 22)",0,-0.08
410,48,"(20, 21)",0,-0.08
410,49,"(20, 20)",1,-0.08
410,50,"(21, 20)",1,-0.08
410,51,"(22, 20)",1,-0.08
410,52,"(23, 20)",0,-0.08
410,53,"(23, 19)",0,-0.08
410,54,"(23, 18)",0,-0.08
410,55,"(23, 17)",0,-0.08
410,56,"(23, 16)",0,-0.08
410,57,"(23, 15)",1,-0.08
410,58,"(24, 15)",1,-0.08
410,59,"(25, 15)",1,-0.08
410,60,"(26, 15)",1,-0.08
410,61,"(27, 15)",1,-0.08
410,62,"(28, 15)",1,-0.08
410,63,"(29, 15)",0,-0.08
410,64,"(29, 14)",0,-0.08
410,65,"(29, 13)",1,-0.08
410,66,"(30, 13)",1,-0.08
410,67,"(31, 13)",1,-0.08
410,68,"(32, 13)",1,-0.08
410,69,"(33, 13)",1,-0.08
410,70,"(34, 13)",1,-0.08
410,71,"(35, 13)",1,-0.08
410,72,"(36, 13)",1,-0.08
410,73,"(37, 13)",0,-0.08
410,74,"(37, 12)",1,-0.08
410,75,"(38, 12)",1,-0.08
410,76,"(39, 12)",0,-0.08
410,77,"(39, 11)",1,-0.08
410,78,"(40, 11)",1,-0.08
410,79,"(41, 11)",1,-0.08
410,80,"(42, 11)",1,-0.08
410,81,"(43, 11)",1,-0.08
410,82,"(44, 11)",1,-0.08
410,83,"(45, 11)",0,-0.08
410,84,"(45, 10)",1,-0.08
410,85,"(46, 10)",0,-0.08
410,86,"(46, 9)",0,-0.08
410,87,"(46, 8)",0,-0.08
410,88,"(46, 7)",1,-0.08
410,89,"(47, 7)",1,-0.08
410,90,"(48, 7)",1,-0.08
410,91,"(49, 7)",1,-0.08
410,92,"(50, 7)",1,-0.08
410,93,"(51, 7)",1,-0.08
410,94,"(52, 7)",1,-0.08
410,95,"(53, 7)",1,-0.08
410,96,"(54, 7)",1,-0.08
410,97,"(55, 7)",1,-0.08
410,98,"(56, 7)",1,-0.08
410,99,"(57, 7)",1,-0.08
410,100,"(58, 7)",1,-0.08
410,101,"(59, 7)",1,-0.08
410,102,"(60, 7)",1,-0.08
410,103,"(61, 7)",1,-0.08
410,104,"(62, 7)",1,-0.08
410,105,"(63, 7)",1,-0.08
410,106,"(64, 7)",1,-0.08
410,107,"(65, 7)",1,-0.08
410,108,"(66, 7)",1,-0.08
410,109,"(67, 7)",1,-0.08
410,110,"(68, 7)",1,-0.08
410,111,"(69, 7)",1,-0.08
410,112,"(70, 7)",1,-0.08
410,113,"(71, 7)",0,-0.08
410,114,"(71, 6)",1,-0.08
410,115,"(72, 6)",0,-0.08
410,116,"(72, 5)",1,-0.08
410,117,"(73, 5)",1,-0.08
410,118,"(74, 5)",1,-0.08
410,119,"(75, 5)",0,-0.08
410,120,"(75, 4)",0,-0.08
410,121,"(75, 3)",1,-0.08
410,122,"(76, 3)",0,-0.08
410,123,"(76, 2)",0,-0.08
410,124,"(76, 1)",1,-0.08
410,125,"(77, 1)",1,-0.08
410,126,"(78, 1)",0,-0.08
410,127,"(78, 0)",1,8.33
411,0,"(0, 39)",0,-0.08
411,1,"(0, 38)",1,-0.08
411,2,"(1, 38)",1,-8.33
411,3,"(1, 38)",0,-0.08
411,4,"(1, 37)",0,-8.33
411,5,"(1, 37)",3,-0.08
411,6,"(0, 37)",0,-0.08
411,7,"(0, 36)",0,-0.08
411,8,"(0, 35)",1,-0.08
411,9,"(1, 35)",0,-0.08
411,10,"(1, 34)",1,-0.08
411,11,"(2, 34)",0,-0.08
411,12,"(2, 33)",0,-0.08
411,13,"(2, 32)",0,-0.08
411,14,"(2, 31)",1,-0.08
411,15,"(3, 31)",0,-8.33
411,16,"(3, 31)",0,-8.33
411,17,"(3, 31)",2,-0.08
411,18,"(3, 32)",2,-0.08
411,19,"(3, 33)",1,-0.08
411,20,"(4, 33)",1,-0.08
411,21,"(5, 33)",1,-0.08
411,22,"(6, 33)",1,-0.08
411,23,"(7, 33)",0,-0.08
411,24,"(7, 32)",0,-0.08
411,25,"(7, 31)",1,-0.08
411,26,"(8, 31)",1,-0.08
411,27,"(9, 31)",0,-0.08
411,28,"(9, 30)",0,-0.08
411,29,"(9, 29)",1,-0.08
411,30,"(10, 29)",0,-0.08
411,31,"(10, 28)",0,-0.08
411,32,"(10, 27)",1,-0.08
411,33,"(11, 27)",1,-0.08
411,34,"(12, 27)",0,-0.08
411,35,"(12, 26)",1,-0.08
411,36,"(13, 26)",0,-0.08
411,37,"(13, 25)",1,-0.08
411,38,"(14, 25)",1,-0.08
411,39,"(15, 25)",1,-0.08
411,40,"(16, 25)",1,-0.08
411,41,"(17, 25)",0,-0.08
411,42,"(17, 24)",0,-0.08
411,43,"(17, 23)",1,-0.08
411,44,"(18, 23)",1,-0.08
411,45,"(19, 23)",1,-0.08
411,46,"(20, 23)",1,-0.08
411,47,"(21, 23)",1,-0.08
411,48,"(22, 23)",1,-0.08
411,49,"(23, 23)",1,-0.08
411,50,"(24, 23)",1,-0.08
411,51,"(25, 23)",0,-0.08
411,52,"(25, 22)",0,-0.08
411,53,"(25, 21)",1,-0.08
411,54,"(26, 21)",1,-0.08
411,55,"(27, 21)",0,-0.08
411,56,"(27, 20)",1,-0.08
411,57,"(28, 20)",0,-0.08
411,58,"(28, 19)",1,-0.08
411,59,"(29, 19)",1,-0.08
411,60,"(30, 19)",1,-0.08
411,61,"(31, 19)",0,-0.08
411,62,"(31, 18)",0,-0.08
411,63,"(31, 17)",0,-0.08
411,64,"(31, 16)",1,-0.08
411,65,"(32, 16)",0,-0.08
411,66,"(32, 15)",1,-0.08
411,67,"(33, 15)",1,-0.08
411,68,"(34, 15)",1,-0.08
411,69,"(35, 15)",0,-0.08
411,70,"(35, 14)",0,-0.08
411,71,"(35, 13)",0,-0.08
411,72,"(35, 12)",1,-0.08
411,73,"(36, 12)",1,-0.08
411,74,"(37, 12)",1,-0.08
411,75,"(38, 12)",1,-0.08
411,76,"(39, 12)",0,-0.08
411,77,"(39, 11)",1,-0.08
411,78,"(40, 11)",1,-0.08
411,79,"(41, 11)",1,-0.08
411,80,"(42, 11)",1,-0.08
411,81,"(43, 11)",1,-0.08
411,82,"(44, 11)",1,-0.08
411,83,"(45, 11)",0,-0.08
411,84,"(45, 10)",1,-0.08
411,85,"(46, 10)",1,-0.08
411,86,"(47, 10)",1,-0.08
411,87,"(48, 10)",1,-0.08
411,88,"(49, 10)",0,-0.08
411,89,"(49, 9)",1,-0.08
411,90,"(50, 9)",0,-0.08
411,91,"(50, 8)",0,-0.08
411,92,"(50, 7)",1,-0.08
411,93,"(51, 7)",1,-0.08
411,94,"(52, 7)",1,-0.08
411,95,"(53, 7)",1,-0.08
411,96,"(54, 7)",1,-0.08
411,97,"(55, 7)",1,-0.08
411,98,"(56, 7)",1,-0.08
411,99,"(57, 7)",1,-0.08
411,100,"(58, 7)",1,-0.08
411,101,"(59, 7)",1,-0.08
411,102,"(60, 7)",1,-0.08
411,103,"(61, 7)",1,-0.08
411,104,"(62, 7)",1,-0.08
411,105,"(63, 7)",1,-0.08
411,106,"(64, 7)",1,-0.08
411,107,"(65, 7)",1,-0.08
411,108,"(66, 7)",1,-0.08
411,109,"(67, 7)",1,-0.08
411,110,"(68, 7)",1,-0.08
411,111,"(69, 7)",1,-0.08
411,112,"(70, 7)",0,-0.08
411,113,"(70, 6)",1,-0.08
411,114,"(71, 6)",1,-0.08
411,115,"(72, 6)",0,-0.08
411,116,"(72, 5)",1,-0.08
411,117,"(73, 5)",1,-0.08
411,118,"(74, 5)",0,-0.08
411,119,"(74, 4)",0,-0.08
411,120,"(74, 3)",1,-0.08
411,121,"(75, 3)",1,-0.08
411,122,"(76, 3)",1,-0.08
411,123,"(77, 3)",0,-0.08
411,124,"(77, 2)",0,-0.08
411,125,"(77, 1)",0,-0.08
411,126,"(77, 0)",1,-0.08
411,127,"(78, 0)",1,8.33
412,0,"(0, 39)",1,-0.08
412,1,"(1, 39)",1,-0.08
412,2,"(2, 39)",1,-0.08
412,3,"(3, 39)",0,-0.08
412,4,"(3, 38)",0,-0.08
412,5,"(3, 37)",1,-8.33
412,6,"(3, 37)",0,-0.08
412,7,"(3, 36)",0,-0.08
412,8,"(3, 35)",3,-0.08
412,9,"(2, 35)",0,-0.08
412,10,"(2, 34)",0,-0.08
412,11,"(2, 33)",0,-0.08
412,12,"(2, 32)",0,-0.08
412,13,"(2, 31)",1,-0.08
412,14,"(3, 31)",0,-8.33
412,15,"(3, 31)",0,-8.33
412,16,"(3, 31)",3,-0.08
412,17,"(2, 31)",3,-0.08
412,18,"(1, 31)",0,-0.08
412,19,"(1, 30)",0,-0.08
412,20,"(1, 29)",0,-0.08
412,21,"(1, 28)",0,-0.08
412,22,"(1, 27)",0,-0.08
412,23,"(1, 26)",1,-0.08
412,24,"(2, 26)",1,-0.08
412,25,"(3, 26)",0,-0.08
412,26,"(3, 25)",1,-0.08
412,27,"(4, 25)",1,-0.08
412,28,"(5, 25)",1,-0.08
412,29,"(6, 25)",1,-0.08
412,30,"(7, 25)",1,-0.08
412,31,"(8, 25)",1,-0.08
412,32,"(9, 25)",1,-0.08
412,33,"(10, 25)",0,-0.08
412,34,"(10, 24)",1,-0.08
412,35,"(11, 24)",1,-0.08
412,36,"(12, 24)",1,-0.08
412,37,"(13, 24)",1,-0.08
412,38,"(14, 24)",0,-0.08
412,39,"(14, 23)",1,-0.08
412,40,"(15, 23)",1,-0.08
412,41,"(16, 23)",1,-0.08
412,42,"(17, 23)",0,-0.08
412,43,"(17, 22)",1,-0.08
412,44,"(18, 22)",1,-0.08
412,45,"(19, 22)",0,-0.08
412,46,"(19, 21)",1,-0.08
412,47,"(20, 21)",0,-0.08
412,48,"(20, 20)",0,-0.08
412,49,"(20, 19)",1,-0.08
412,50,"(21, 19)",1,-0.08
412,51,"(22, 19)",1,-0.08
412,52,"(23, 19)",0,-0.08
412,53,"(23, 18)",0,-0.08
412,54,"(23, 17)",0,-0.08
412,55,"(23, 16)",0,-0.08
412,56,"(23, 15)",1,-0.08
412,57,"(24, 15)",1,-0.08
412,58,"(25, 15)",1,-0.08
412,59,"(26, 15)",1,-0.08
412,60,"(27, 15)",1,-0.08
412,61,"(28, 15)",1,-0.08
412,62,"(29, 15)",1,-0.08
412,63,"(30, 15)",1,-0.08
412,64,"(31, 15)",1,-0.08
412,65,"(32, 15)",1,-0.08
412,66,"(33, 15)",1,-0.08
412,67,"(34, 15)",1,-0.08
412,68,"(35, 15)",0,-0.08
412,69,"(35, 14)",0,-0.08
412,70,"(35, 13)",1,-0.08
412,71,"(36, 13)",1,-0.08
412,72,"(37, 13)",1,-0.08
412,73,"(38, 13)",1,-0.08
412,74,"(39, 13)",1,-0.08
412,75,"(40, 13)",1,-0.08
412,76,"(41, 13)",0,-0.08
412,77,"(41, 12)",0,-0.08
412,78,"(41, 11)",1,-0.08
412,79,"(42, 11)",1,-0.08
412,80,"(43, 11)",1,-0.08
412,81,"(44, 11)",1,-0.08
412,82,"(45, 11)",0,-0.08
412,83,"(45, 10)",1,-0.08
412,84,"(46, 10)",1,-0.08
412,85,"(47, 10)",1,-0.08
412,86,"(48, 10)",1,-0.08
412,87,"(49, 10)",0,-0.08
412,88,"(49, 9)",1,-0.08
412,89,"(50, 9)",1,-0.08
412,90,"(51, 9)",1,-0.08
412,91,"(52, 9)",1,-0.08
412,92,"(53, 9)",1,-0.08
412,93,"(54, 9)",1,-0.08
412,94,"(55, 9)",1,-0.08
412,95,"(56, 9)",1,-0.08
412,96,"(57, 9)",0,-0.08
412,97,"(57, 8)",1,-0.08
412,98,"(58, 8)",0,-0.08
412,99,"(58, 7)",1,-0.08
412,100,"(59, 7)",1,-0.08
412,101,"(60, 7)",1,-0.08
412,102,"(61, 7)",1,-0.08
412,103,"(62, 7)",1,-0.08
412,104,"(63, 7)",1,-0.08
412,105,"(64, 7)",1,-0.08
412,106,"(65, 7)",1,-0.08
412,107,"(66, 7)",1,-0.08
412,108,"(67, 7)",1,-0.08
412,109,"(68, 7)",1,-0.08
412,110,"(69, 7)",0,-0.08
412,111,"(69, 6)",1,-0.08
412,112,"(70, 6)",1,-0.08
412,113,"(71, 6)",0,-0.08
412,114,"(71, 5)",1,-0.08
412,115,"(72, 5)",1,-0.08
412,116,"(73, 5)",1,-0.08
412,117,"(74, 5)",1,-0.08
412,118,"(75, 5)",0,-0.08
412,119,"(75, 4)",0,-0.08
412,120,"(75, 3)",1,-0.08
412,121,"(76, 3)",0,-0.08
412,122,"(76, 2)",0,-0.08
412,123,"(76, 1)",0,-0.08
412,124,"(76, 0)",1,-0.08
412,125,"(77, 0)",1,-0.08
412,126,"(78, 0)",1,8.33
413,0,"(0, 39)",0,-0.08
413,1,"(0, 38)",0,-0.08
413,2,"(0, 37)",1,-0.08
413,3,"(1, 37)",0,-8.33
413,4,"(1, 37)",3,-0.08
413,5,"(0, 37)",0,-0.08
413,6,"(0, 36)",0,-0.08
413,7,"(0, 35)",1,-0.08
413,8,"(1, 35)",1,-0.08
413,9,"(2, 35)",0,-0.08
413,10,"(2, 34)",0,-0.08
413,11,"(2, 33)",1,-0.08
413,12,"(3, 33)",0,-0.08
413,13,"(3, 32)",0,-0.08
413,14,"(3, 31)",0,-8.33
413,15,"(3, 31)",2,-0.08
413,16,"(3, 32)",2,-0.08
413,17,"(3, 33)",1,-0.08
413,18,"(4, 33)",1,-0.08
413,19,"(5, 33)",0,-0.08
413,20,"(5, 32)",0,-0.08
413,21,"(5, 31)",0,-0.08
413,22,"(5, 30)",0,-0.08
413,23,"(5, 29)",1,-0.08
413,24,"(6, 29)",1,-0.08
413,25,"(7, 29)",0,-0.08
413,26,"(7, 28)",1,-0.08
413,27,"(8, 28)",0,-0.08
413,28,"(8, 27)",1,-0.08
413,29,"(9, 27)",1,-0.08
413,30,"(10, 27)",1,-0.08
413,31,"(11, 27)",1,-0.08
413,32,"(12, 27)",1,-0.08
413,33,"(13, 27)",0,-0.08
413,34,"(13, 26)",0,-0.08
413,35,"(13, 25)",1,-0.08
413,36,"(14, 25)",1,-0.08
413,37,"(15, 25)",1,-0.08
413,38,"(16, 25)",1,-0.08
413,39,"(17, 25)",0,-0.08
413,40,"(17, 24)",0,-0.08
413,41,"(17, 23)",0,-0.08
413,42,"(17, 22)",1,-0.08
413,43,"(18, 22)",1,-0.08
413,44,"(19, 22)",1,-0.08
413,45,"(20, 22)",0,-0.08
413,46,"(20, 21)",0,-0.08
413,47,"(20, 20)",1,-0.08
413,48,"(21, 20)",1,-0.08
413,49,"(22, 20)",1,-0.08
413,50,"(23, 20)",1,-0.08
413,51,"(24, 20)",1,-0.08
413,52,"(25, 20)",0,-0.08
413,53,"(25, 19)",1,-0.08
413,54,"(26, 19)",0,-0.08
413,55,"(26, 18)",1,-0.08
413,56,"(27, 18)",0,-0.08
413,57,"(27, 17)",0,-0.08
413,58,"(27, 16)",0,-0.08
413,59,"(27, 15)",1,-0.08
413,60,"(28, 15)",1,-0.08
413,61,"(29, 15)",0,-0.08
413,62,"(29, 14)",0,-0.08
413,63,"(29, 13)",1,-0.08
413,64,"(30, 13)",1,-0.08
413,65,"(31, 13)",1,-0.08
413,66,"(32, 13)",1,-0.08
413,67,"(33, 13)",1,-0.08
413,68,"(34, 13)",1,-0.08
413,69,"(35, 13)",0,-0.08
413,70,"(35, 12)",1,-0.08
413,71,"(36, 12)",1,-0.08
413,72,"(37, 12)",1,-0.08
413,73,"(38, 12)",1,-0.08
413,74,"(39, 12)",0,-0.08
413,75,"(39, 11)",1,-0.08
413,76,"(40, 11)",1,-0.08
413,77,"(41, 11)",1,-0.08
413,78,"(42, 11)",1,-0.08
413,79,"(43, 11)",1,-0.08
413,80,"(44, 11)",1,-0.08
413,81,"(45, 11)",0,-0.08
413,82,"(45, 10)",1,-0.08
413,83,"(46, 10)",1,-0.08
413,84,"(47, 10)",1,-0.08
413,85,"(48, 10)",1,-0.08
413,86,"(49, 10)",0,-0.08
413,87,"(49, 9)",1,-0.08
413,88,"(50, 9)",0,-0.08
413,89,"(50, 8)",0,-0.08
413,90,"(50, 7)",1,-0.08
413,91,"(51, 7)",1,-0.08
413,92,"(52, 7)",1,-0.08
413,93,"(53, 7)",1,-0.08
413,94,"(54, 7)",1,-0.08
413,95,"(55, 7)",1,-0.08
413,96,"(56, 7)",1,-0.08
413,97,"(57, 7)",1,-0.08
413,98,"(58, 7)",1,-0.08
413,99,"(59, 7)",1,-0.08
413,100,"(60, 7)",1,-0.08
413,101,"(61, 7)",1,-0.08
413,102,"(62, 7)",1,-0.08
413,103,"(63, 7)",1,-0.08
413,104,"(64, 7)",1,-0.08
413,105,"(65, 7)",1,-0.08
413,106,"(66, 7)",1,-0.08
413,107,"(67, 7)",1,-0.08
413,108,"(68, 7)",1,-0.08
413,109,"(69, 7)",0,-0.08
413,110,"(69, 6)",1,-0.08
413,111,"(70, 6)",1,-0.08
413,112,"(71, 6)",0,-0.08
413,113,"(71, 5)",1,-0.08
413,114,"(72, 5)",1,-0.08
413,115,"(73, 5)",1,-0.08
413,116,"(74, 5)",1,-0.08
413,117,"(75, 5)",0,-0.08
413,118,"(75, 4)",0,-0.08
413,119,"(75, 3)",1,-0.08
413,120,"(76, 3)",0,-0.08
413,121,"(76, 2)",1,-0.08
413,122,"(77, 2)",0,-0.08
413,123,"(77, 1)",1,-0.08
413,124,"(78, 1)",0,-0.08
413,125,"(78, 0)",1,8.33
414,0,"(0, 39)",0,-0.08
414,1,"(0, 38)",0,-0.08
414,2,"(0, 37)",1,-0.08
414,3,"(1, 37)",1,-8.33
414,4,"(1, 37)",0,-8.33
414,5,"(1, 37)",3,-0.08
414,6,"(0, 37)",0,-0.08
414,7,"(0, 36)",0,-0.08
414,8,"(0, 35)",0,-0.08
414,9,"(0, 34)",0,-0.08
414,10,"(0, 33)",1,-0.08
414,11,"(1, 33)",1,-0.08
414,12,"(2, 33)",1,-0.08
414,13,"(3, 33)",0,-0.08
414,14,"(3, 32)",0,-0.08
414,15,"(3, 31)",0,-8.33
414,16,"(3, 31)",2,-0.08
414,17,"(3, 32)",2,-0.08
414,18,"(3, 33)",1,-0.08
414,19,"(4, 33)",1,-0.08
414,20,"(5, 33)",1,-0.08
414,21,"(6, 33)",1,-0.08
414,22,"(7, 33)",0,-0.08
414,23,"(7, 32)",0,-0.08
414,24,"(7, 31)",1,-0.08
414,25,"(8, 31)",1,-0.08
414,26,"(9, 31)",0,-0.08
414,27,"(9, 30)",1,-0.08
414,28,"(10, 30)",0,-0.08
414,29,"(10, 29)",0,-0.08
414,30,"(10, 28)",0,-0.08
414,31,"(10, 27)",1,-0.08
414,32,"(11, 27)",1,-0.08
414,33,"(12, 27)",1,-0.08
414,34,"(13, 27)",0,-0.08
414,35,"(13, 26)",0,-0.08
414,36,"(13, 25)",1,-0.08
414,37,"(14, 25)",1,-0.08
414,38,"(15, 25)",1,-0.08
414,39,"(16, 25)",1,-0.08
414,40,"(17, 25)",0,-0.08
414,41,"(17, 24)",0,-0.08
414,42,"(17, 23)",1,-0.08
414,43,"(18, 23)",0,-0.08
414,44,"(18, 22)",1,-0.08
414,45,"(19, 22)",1,-0.08
414,46,"(20, 22)",1,-0.08
414,47,"(21, 22)",0,-0.08
414,48,"(21, 21)",0,-0.08
414,49,"(21, 20)",0,-0.08
414,50,"(21, 19)",1,-0.08
414,51,"(22, 19)",1,-0.08
414,52,"(23, 19)",0,-0.08
414,53,"(23, 18)",0,-0.08
414,54,"(23, 17)",1,-0.08
414,55,"(24, 17)",1,-0.08
414,56,"(25, 17)",1,-0.08
414,57,"(26, 17)",1,-0.08
414,58,"(27, 17)",1,-0.08
414,59,"(28, 17)",1,-0.08
414,60,"(29, 17)",0,-0.08
414,61,"(29, 16)",0,-0.08
414,62,"(29, 15)",1,-0.08
414,63,"(30, 15)",1,-0.08
414,64,"(31, 15)",1,-0.08
414,65,"(32, 15)",0,-0.08
414,66,"(32, 14)",0,-0.08
414,67,"(32, 13)",1,-0.08
414,68,"(33, 13)",1,-0.08
414,69,"(34, 13)",1,-0.08
414,70,"(35, 13)",1,-0.08
414,71,"(36, 13)",0,-0.08
414,72,"(36, 12)",1,-0.08
414,73,"(37, 12)",1,-0.08
414,74,"(38, 12)",1,-0.08
414,75,"(39, 12)",0,-0.08
414,76,"(39, 11)",1,-0.08
414,77,"(40, 11)",1,-0.08
414,78,"(41, 11)",1,-0.08
414,79,"(42, 11)",1,-0.08
414,80,"(43, 11)",1,-0.08
414,81,"(44, 11)",1,-0.08
414,82,"(45, 11)",0,-0.08
414,83,"(45, 10)",0,-0.08
414,84,"(45, 9)",1,-0.08
414,85,"(46, 9)",0,-0.08
414,86,"(46, 8)",0,-0.08
414,87,"(46, 7)",1,-0.08
414,88,"(47, 7)",1,-0.08
414,89,"(48, 7)",1,-0.08
414,90,"(49, 7)",1,-0.08
414,91,"(50, 7)",1,-0.08
414,92,"(51, 7)",1,-0.08
414,93,"(52, 7)",1,-0.08
414,94,"(53, 7)",1,-0.08
414,95,"(54, 7)",1,-0.08
414,96,"(55, 7)",1,-0.08
414,97,"(56, 7)",1,-0.08
414,98,"(57, 7)",1,-0.08
414,99,"(58, 7)",1,-0.08
414,100,"(59, 7)",1,-0.08
414,101,"(60, 7)",1,-0.08
414,102,"(61, 7)",1,-0.08
414,103,"(62, 7)",1,-0.08
414,104,"(63, 7)",1,-0.08
414,105,"(64, 7)",1,-0.08
414,106,"(65, 7)",1,-0.08
414,107,"(66, 7)",1,-0.08
414,108,"(67, 7)",1,-0.08
414,109,"(68, 7)",1,-0.08
414,110,"(69, 7)",0,-0.08
414,111,"(69, 6)",1,-0.08
414,112,"(70, 6)",1,-0.08
414,113,"(71, 6)",1,-0.08
414,114,"(72, 6)",0,-0.08
414,115,"(72, 5)",1,-0.08
414,116,"(73, 5)",1,-0.08
414,117,"(74, 5)",1,-0.08
414,118,"(75, 5)",1,-0.08
414,119,"(76, 5)",1,-0.08
414,120,"(77, 5)",0,-0.08
414,121,"(77, 4)",0,-0.08
414,122,"(77, 3)",0,-0.08
414,123,"(77, 2)",0,-0.08
414,124,"(77, 1)",0,-0.08
414,125,"(77, 0)",1,-0.08
414,126,"(78, 0)",1,8.33
415,0,"(0, 39)",0,-0.08
415,1,"(0, 38)",1,-0.08
415,2,"(1, 38)",1,-8.33
415,3,"(1, 38)",0,-0.08
415,4,"(1, 37)",0,-8.33
415,5,"(1, 37)",3,-0.08
415,6,"(0, 37)",0,-0.08
415,7,"(0, 36)",0,-0.08
415,8,"(0, 35)",0,-0.08
415,9,"(0, 34)",1,-0.08
415,10,"(1, 34)",0,-0.08
415,11,"(1, 33)",0,-0.08
415,12,"(1, 32)",0,-0.08
415,13,"(1, 31)",1,-0.08
415,14,"(2, 31)",1,-0.08
415,15,"(3, 31)",0,-8.33
415,16,"(3, 31)",3,-0.08
415,17,"(2, 31)",3,-0.08
415,18,"(1, 31)",0,-0.08
415,19,"(1, 30)",0,-0.08
415,20,"(1, 29)",0,-0.08
415,21,"(1, 28)",0,-0.08
415,22,"(1, 27)",0,-0.08
415,23,"(1, 26)",0,-0.08
415,24,"(1, 25)",1,-0.08
415,25,"(2, 25)",1,-0.08
415,26,"(3, 25)",1,-0.08
415,27,"(4, 25)",1,-0.08
415,28,"(5, 25)",1,-0.08
415,29,"(6, 25)",1,-0.08
415,30,"(7, 25)",1,-0.08
415,31,"(8, 25)",1,-0.08
415,32,"(9, 25)",1,-0.08
415,33,"(10, 25)",0,-0.08
415,34,"(10, 24)",1,-0.08
415,35,"(11, 24)",1,-0.08
415,36,"(12, 24)",1,-0.08
415,37,"(13, 24)",1,-0.08
415,38,"(14, 24)",0,-0.08
415,39,"(14, 23)",1,-0.08
415,40,"(15, 23)",1,-0.08
415,41,"(16, 23)",1,-0.08
415,42,"(17, 23)",0,-0.08
415,43,"(17, 22)",1,-0.08
415,44,"(18, 22)",1,-0.08
415,45,"(19, 22)",0,-0.08
415,46,"(19, 21)",1,-0.08
415,47,"(20, 21)",0,-0.08
415,48,"(20, 20)",0,-0.08
415,49,"(20, 19)",1,-0.08
415,50,"(21, 19)",1,-0.08
415,51,"(22, 19)",1,-0.08
415,52,"(23, 19)",0,-0.08
415,53,"(23, 18)",0,-0.08
415,54,"(23, 17)",0,-0.08
415,55,"(23, 16)",0,-0.08
415,56,"(23, 15)",1,-0.08
415,57,"(24, 15)",1,-0.08
415,58,"(25, 15)",1,-0.08
415,59,"(26, 15)",1,-0.08
415,60,"(27, 15)",1,-0.08
415,61,"(28, 15)",1,-0.08
415,62,"(29, 15)",0,-0.08
415,63,"(29, 14)",0,-0.08
415,64,"(29, 13)",1,-0.08
415,65,"(30, 13)",1,-0.08
415,66,"(31, 13)",1,-0.08
415,67,"(32, 13)",1,-0.08
415,68,"(33, 13)",1,-0.08
415,69,"(34, 13)",1,-0.08
415,70,"(35, 13)",1,-0.08
415,71,"(36, 13)",1,-0.08
415,72,"(37, 13)",0,-0.08
415,73,"(37, 12)",1,-0.08
415,74,"(38, 12)",1,-0.08
415,75,"(39, 12)",0,-0.08
415,76,"(39, 11)",1,-0.08
415,77,"(40, 11)",1,-0.08
415,78,"(41, 11)",1,-0.08
415,79,"(42, 11)",1,-0.08
415,80,"(43, 11)",1,-0.08
415,81,"(44, 11)",1,-0.08
415,82,"(45, 11)",0,-0.08
415,83,"(45, 10)",1,-0.08
415,84,"(46, 10)",0,-0.08
415,85,"(46, 9)",0,-0.08
415,86,"(46, 8)",0,-0.08
415,87,"(46, 7)",1,-0.08
415,88,"(47, 7)",1,-0.08
415,89,"(48, 7)",1,-0.08
415,90,"(49, 7)",1,-0.08
415,91,"(50, 7)",1,-0.08
415,92,"(51, 7)",1,-0.08
415,93,"(52, 7)",1,-0.08
415,94,"(53, 7)",1,-0.08
415,95,"(54, 7)",1,-0.08
415,96,"(55, 7)",1,-0.08
415,97,"(56, 7)",1,-0.08
415,98,"(57, 7)",1,-0.08
415,99,"(58, 7)",1,-0.08
415,100,"(59, 7)",1,-0.08
415,101,"(60, 7)",1,-0.08
415,102,"(61, 7)",1,-0.08
415,103,"(62, 7)",1,-0.08
415,104,"(63, 7)",1,-0.08
415,105,"(64, 7)",1,-0.08
415,106,"(65, 7)",1,-0.08
415,107,"(66, 7)",1,-0.08
415,108,"(67, 7)",1,-0.08
415,109,"(68, 7)",1,-0.08
415,110,"(69, 7)",0,-0.08
415,111,"(69, 6)",1,-0.08
415,112,"(70, 6)",1,-0.08
415,113,"(71, 6)",0,-0.08
415,114,"(71, 5)",1,-0.08
415,115,"(72, 5)",1,-0.08
415,116,"(73, 5)",1,-0.08
415,117,"(74, 5)",1,-0.08
415,118,"(75, 5)",1,-0.08
415,119,"(76, 5)",1,-0.08
415,120,"(77, 5)",0,-0.08
415,121,"(77, 4)",0,-0.08
415,122,"(77, 3)",0,-0.08
415,123,"(77, 2)",0,-0.08
415,124,"(77, 1)",1,-0.08
415,125,"(78, 1)",1,-0.08
415,126,"(79, 1)",0,8.33
416,0,"(0, 39)",0,-0.08
416,1,"(0, 38)",0,-0.08
416,2,"(0, 37)",1,-0.08
416,3,"(1, 37)",1,-8.33
416,4,"(1, 37)",0,-8.33
416,5,"(1, 37)",3,-0.08
416,6,"(0, 37)",0,-0.08
416,7,"(0, 36)",0,-0.08
416,8,"(0, 35)",0,-0.08
416,9,"(0, 34)",1,-0.08
416,10,"(1, 34)",0,-0.08
416,11,"(1, 33)",1,-0.08
416,12,"(2, 33)",1,-0.08
416,13,"(3, 33)",0,-0.08
416,14,"(3, 32)",0,-0.08
416,15,"(3, 31)",0,-8.33
416,16,"(3, 31)",3,-0.08
416,17,"(2, 31)",3,-0.08
416,18,"(1, 31)",0,-0.08
416,19,"(1, 30)",0,-0.08
416,20,"(1, 29)",1,-0.08
416,21,"(2, 29)",1,-0.08
416,22,"(3, 29)",0,-0.08
416,23,"(3, 28)",0,-0.08
416,24,"(3, 27)",0,-0.08
416,25,"(3, 26)",0,-0.08
416,26,"(3, 25)",1,-0.08
416,27,"(4, 25)",1,-0.08
416,28,"(5, 25)",1,-0.08
416,29,"(6, 25)",1,-0.08
416,30,"(7, 25)",1,-0.08
416,31,"(8, 25)",1,-0.08
416,32,"(9, 25)",0,-0.08
416,33,"(9, 24)",1,-0.08
416,34,"(10, 24)",1,-0.08
416,35,"(11, 24)",1,-0.08
416,36,"(12, 24)",1,-0.08
416,37,"(13, 24)",1,-0.08
416,38,"(14, 24)",0,-0.08
416,39,"(14, 23)",1,-0.08
416,40,"(15, 23)",1,-0.08
416,41,"(16, 23)",1,-0.08
416,42,"(17, 23)",1,-0.08
416,43,"(18, 23)",1,-0.08
416,44,"(19, 23)",1,-0.08
416,45,"(20, 23)",0,-0.08
416,46,"(20, 22)",1,-0.08
416,47,"(21, 22)",0,-0.08
416,48,"(21, 21)",0,-0.08
416,49,"(21, 20)",0,-0.08
416,50,"(21, 19)",1,-0.08
416,51,"(22, 19)",1,-0.08
416,52,"(23, 19)",0,-0.08
416,53,"(23, 18)",0,-0.08
416,54,"(23, 17)",1,-0.08
416,55,"(24, 17)",1,-0.08
416,56,"(25, 17)",1,-0.08
416,57,"(26, 17)",1,-0.08
416,58,"(27, 17)",1,-0.08
416,59,"(28, 17)",1,-0.08
416,60,"(29, 17)",0,-0.08
416,61,"(29, 16)",0,-0.08
416,62,"(29, 15)",1,-0.08
416,63,"(30, 15)",1,-0.08
416,64,"(31, 15)",1,-0.08
416,65,"(32, 15)",0,-0.08
416,66,"(32, 14)",0,-0.08
416,67,"(32, 13)",1,-0.08
416,68,"(33, 13)",1,-0.08
416,69,"(34, 13)",1,-0.08
416,70,"(35, 13)",1,-0.08
416,71,"(36, 13)",0,-0.08
416,72,"(36, 12)",1,-0.08
416,73,"(37, 12)",1,-0.08
416,74,"(38, 12)",1,-0.08
416,75,"(39, 12)",0,-0.08
416,76,"(39, 11)",1,-0.08
416,77,"(40, 11)",1,-0.08
416,78,"(41, 11)",1,-0.08
416,79,"(42, 11)",1,-0.08
416,80,"(43, 11)",1,-0.08
416,81,"(44, 11)",1,-0.08
416,82,"(45, 11)",0,-0.08
416,83,"(45, 10)",0,-0.08
416,84,"(45, 9)",1,-0.08
416,85,"(46, 9)",0,-0.08
416,86,"(46, 8)",0,-0.08
416,87,"(46, 7)",1,-0.08
416,88,"(47, 7)",1,-0.08
416,89,"(48, 7)",1,-0.08
416,90,"(49, 7)",1,-0.08
416,91,"(50, 7)",1,-0.08
416,92,"(51, 7)",1,-0.08
416,93,"(52, 7)",1,-0.08
416,94,"(53, 7)",1,-0.08
416,95,"(54, 7)",1,-0.08
416,96,"(55, 7)",1,-0.08
416,97,"(56, 7)",1,-0.08
416,98,"(57, 7)",1,-0.08
416,99,"(58, 7)",1,-0.08
416,100,"(59, 7)",1,-0.08
416,101,"(60, 7)",1,-0.08
416,102,"(61, 7)",1,-0.08
416,103,"(62, 7)",1,-0.08
416,104,"(63, 7)",1,-0.08
416,105,"(64, 7)",1,-0.08
416,106,"(65, 7)",1,-0.08
416,107,"(66, 7)",1,-0.08
416,108,"(67, 7)",1,-0.08
416,109,"(68, 7)",1,-0.08
416,110,"(69, 7)",0,-0.08
416,111,"(69, 6)",1,-0.08
416,112,"(70, 6)",1,-0.08
416,113,"(71, 6)",0,-0.08
416,114,"(71, 5)",1,-0.08
416,115,"(72, 5)",1,-0.08
416,116,"(73, 5)",1,-0.08
416,117,"(74, 5)",1,-0.08
416,118,"(75, 5)",1,-0.08
416,119,"(76, 5)",1,-0.08
416,120,"(77, 5)",0,-0.08
416,121,"(77, 4)",0,-0.08
416,122,"(77, 3)",0,-0.08
416,123,"(77, 2)",0,-0.08
416,124,"(77, 1)",0,-0.08
416,125,"(77, 0)",1,-0.08
416,126,"(78, 0)",1,8.33
417,0,"(0, 39)",1,-0.08
417,1,"(1, 39)",0,-0.08
417,2,"(1, 38)",0,-0.08
417,3,"(1, 37)",0,-8.33
417,4,"(1, 37)",3,-0.08
417,5,"(0, 37)",0,-0.08
417,6,"(0, 36)",0,-0.08
417,7,"(0, 35)",1,-0.08
417,8,"(1, 35)",1,-0.08
417,9,"(2, 35)",0,-0.08
417,10,"(2, 34)",0,-0.08
417,11,"(2, 33)",0,-0.08
417,12,"(2, 32)",0,-0.08
417,13,"(2, 31)",1,-0.08
417,14,"(3, 31)",0,-8.33
417,15,"(3, 31)",0,-8.33
417,16,"(3, 31)",3,-0.08
417,17,"(2, 31)",3,-0.08
417,18,"(1, 31)",0,-0.08
417,19,"(1, 30)",0,-0.08
417,20,"(1, 29)",1,-0.08
417,21,"(2, 29)",1,-0.08
417,22,"(3, 29)",0,-0.08
417,23,"(3, 28)",0,-0.08
417,24,"(3, 27)",0,-0.08
417,25,"(3, 26)",0,-0.08
417,26,"(3, 25)",1,-0.08
417,27,"(4, 25)",1,-0.08
417,28,"(5, 25)",1,-0.08
417,29,"(6, 25)",1,-0.08
417,30,"(7, 25)",1,-0.08
417,31,"(8, 25)",1,-0.08
417,32,"(9, 25)",1,-0.08
417,33,"(10, 25)",0,-0.08
417,34,"(10, 24)",1,-0.08
417,35,"(11, 24)",1,-0.08
417,36,"(12, 24)",1,-0.08
417,37,"(13, 24)",1,-0.08
417,38,"(14, 24)",0,-0.08
417,39,"(14, 23)",1,-0.08
417,40,"(15, 23)",1,-0.08
417,41,"(16, 23)",1,-0.08
417,42,"(17, 23)",0,-0.08
417,43,"(17, 22)",1,-0.08
417,44,"(18, 22)",1,-0.08
417,45,"(19, 22)",1,-0.08
417,46,"(20, 22)",1,-0.08
417,47,"(21, 22)",0,-0.08
417,48,"(21, 21)",1,-0.08
417,49,"(22, 21)",1,-0.08
417,50,"(23, 21)",0,-0.08
417,51,"(23, 20)",1,-0.08
417,52,"(24, 20)",1,-0.08
417,53,"(25, 20)",0,-0.08
417,54,"(25, 19)",0,-0.08
417,55,"(25, 18)",1,-0.08
417,56,"(26, 18)",0,-0.08
417,57,"(26, 17)",1,-0.08
417,58,"(27, 17)",0,-0.08
417,59,"(27, 16)",0,-0.08
417,60,"(27, 15)",0,-0.08
417,61,"(27, 14)",0,-0.08
417,62,"(27, 13)",1,-0.08
417,63,"(28, 13)",1,-0.08
417,64,"(29, 13)",1,-0.08
417,65,"(30, 13)",1,-0.08
417,66,"(31, 13)",1,-0.08
417,67,"(32, 13)",1,-0.08
417,68,"(33, 13)",1,-0.08
417,69,"(34, 13)",1,-0.08
417,70,"(35, 13)",0,-0.08
417,71,"(35, 12)",1,-0.08
417,72,"(36, 12)",1,-0.08
417,73,"(37, 12)",1,-0.08
417,74,"(38, 12)",1,-0.08
417,75,"(39, 12)",0,-0.08
417,76,"(39, 11)",1,-0.08
417,77,"(40, 11)",1,-0.08
417,78,"(41, 11)",1,-0.08
417,79,"(42, 11)",1,-0.08
417,80,"(43, 11)",1,-0.08
417,81,"(44, 11)",1,-0.08
417,82,"(45, 11)",0,-0.08
417,83,"(45, 10)",1,-0.08
417,84,"(46, 10)",0,-0.08
417,85,"(46, 9)",0,-0.08
417,86,"(46, 8)",0,-0.08
417,87,"(46, 7)",1,-0.08
417,88,"(47, 7)",1,-0.08
417,89,"(48, 7)",1,-0.08
417,90,"(49, 7)",1,-0.08
417,91,"(50, 7)",1,-0.08
417,92,"(51, 7)",1,-0.08
417,93,"(52, 7)",1,-0.08
417,94,"(53, 7)",1,-0.08
417,95,"(54, 7)",1,-0.08
417,96,"(55, 7)",1,-0.08
417,97,"(56, 7)",1,-0.08
417,98,"(57, 7)",1,-0.08
417,99,"(58, 7)",1,-0.08
417,100,"(59, 7)",1,-0.08
417,101,"(60, 7)",1,-0.08
417,102,"(61, 7)",1,-0.08
417,103,"(62, 7)",1,-0.08
417,104,"(63, 7)",1,-0.08
417,105,"(64, 7)",1,-0.08
417,106,"(65, 7)",1,-0.08
417,107,"(66, 7)",1,-0.08
417,108,"(67, 7)",1,-0.08
417,109,"(68, 7)",1,-0.08
417,110,"(69, 7)",1,-0.08
417,111,"(70, 7)",0,-0.08
417,112,"(70, 6)",1,-0.08
417,113,"(71, 6)",0,-0.08
417,114,"(71, 5)",1,-0.08
417,115,"(72, 5)",1,-0.08
417,116,"(73, 5)",1,-0.08
417,117,"(74, 5)",1,-0.08
417,118,"(75, 5)",0,-0.08
417,119,"(75, 4)",0,-0.08
417,120,"(75, 3)",1,-0.08
417,121,"(76, 3)",1,-0.08
417,122,"(77, 3)",0,-0.08
417,123,"(77, 2)",0,-0.08
417,124,"(77, 1)",1,-0.08
417,125,"(78, 1)",0,-0.08
417,126,"(78, 0)",1,8.33
418,0,"(0, 39)",1,-0.08
418,1,"(1, 39)",0,-0.08
418,2,"(1, 38)",0,-0.08
418,3,"(1, 37)",0,-8.33
418,4,"(1, 37)",3,-0.08
418,5,"(0, 37)",0,-0.08
418,6,"(0, 36)",0,-0.08
418,7,"(0, 35)",1,-0.08
418,8,"(1, 35)",0,-0.08
418,9,"(1, 34)",1,-0.08
418,10,"(2, 34)",0,-0.08
418,11,"(2, 33)",0,-0.08
418,12,"(2, 32)",0,-0.08
418,13,"(2, 31)",1,-0.08
418,14,"(3, 31)",0,-8.33
418,15,"(3, 31)",0,-8.33
418,16,"(3, 31)",2,-0.08
418,17,"(3, 32)",2,-0.08
418,18,"(3, 33)",1,-0.08
418,19,"(4, 33)",1,-0.08
418,20,"(5, 33)",0,-0.08
418,21,"(5, 32)",0,-0.08
418,22,"(5, 31)",1,-0.08
418,23,"(6, 31)",1,-0.08
418,24,"(7, 31)",1,-0.08
418,25,"(8, 31)",0,-0.08
418,26,"(8, 30)",1,-0.08
418,27,"(9, 30)",1,-0.08
418,28,"(10, 30)",0,-0.08
418,29,"(10, 29)",0,-0.08
418,30,"(10, 28)",0,-0.08
418,31,"(10, 27)",1,-0.08
418,32,"(11, 27)",1,-0.08
418,33,"(12, 27)",0,-0.08
418,34,"(12, 26)",0,-0.08
418,35,"(12, 25)",1,-0.08
418,36,"(13, 25)",0,-0.08
418,37,"(13, 24)",1,-0.08
418,38,"(14, 24)",0,-0.08
418,39,"(14, 23)",1,-0.08
418,40,"(15, 23)",1,-0.08
418,41,"(16, 23)",1,-0.08
418,42,"(17, 23)",1,-0.08
418,43,"(18, 23)",1,-0.08
418,44,"(19, 23)",1,-0.08
418,45,"(20, 23)",0,-0.08
418,46,"(20, 22)",0,-0.08
418,47,"(20, 21)",0,-0.08
418,48,"(20, 20)",1,-0.08
418,49,"(21, 20)",0,-0.08
418,50,"(21, 19)",1,-0.08
418,51,"(22, 19)",1,-0.08
418,52,"(23, 19)",0,-0.08
418,53,"(23, 18)",0,-0.08
418,54,"(23, 17)",1,-0.08
418,55,"(24, 17)",1,-0.08
418,56,"(25, 17)",1,-0.08
418,57,"(26, 17)",1,-0.08
418,58,"(27, 17)",0,-0.08
418,59,"(27, 16)",0,-0.08
418,60,"(27, 15)",1,-0.08
418,61,"(28, 15)",1,-0.08
418,62,"(29, 15)",0,-0.08
418,63,"(29, 14)",0,-0.08
418,64,"(29, 13)",1,-0.08
418,65,"(30, 13)",1,-0.08
418,66,"(31, 13)",1,-0.08
418,67,"(32, 13)",1,-0.08
418,68,"(33, 13)",1,-0.08
418,69,"(34, 13)",1,-0.08
418,70,"(35, 13)",1,-0.08
418,71,"(36, 13)",1,-0.08
418,72,"(37, 13)",1,-0.08
418,73,"(38, 13)",0,-0.08
418,74,"(38, 12)",1,-0.08
418,75,"(39, 12)",0,-0.08
418,76,"(39, 11)",1,-0.08
418,77,"(40, 11)",1,-0.08
418,78,"(41, 11)",1,-0.08
418,79,"(42, 11)",1,-0.08
418,80,"(43, 11)",1,-0.08
418,81,"(44, 11)",1,-0.08
418,82,"(45, 11)",0,-0.08
418,83,"(45, 10)",1,-0.08
418,84,"(46, 10)",1,-0.08
418,85,"(47, 10)",1,-0.08
418,86,"(48, 10)",1,-0.08
418,87,"(49, 10)",1,-0.08
418,88,"(50, 10)",0,-0.08
418,89,"(50, 9)",0,-0.08
418,90,"(50, 8)",0,-0.08
418,91,"(50, 7)",1,-0.08
418,92,"(51, 7)",1,-0.08
418,93,"(52, 7)",1,-0.08
418,94,"(53, 7)",1,-0.08
418,95,"(54, 7)",1,-0.08
418,96,"(55, 7)",1,-0.08
418,97,"(56, 7)",1,-0.08
418,98,"(57, 7)",1,-0.08
418,99,"(58, 7)",1,-0.08
418,100,"(59, 7)",1,-0.08
418,101,"(60, 7)",1,-0.08
418,102,"(61, 7)",1,-0.08
418,103,"(62, 7)",1,-0.08
418,104,"(63, 7)",1,-0.08
418,105,"(64, 7)",1,-0.08
418,106,"(65, 7)",1,-0.08
418,107,"(66, 7)",1,-0.08
418,108,"(67, 7)",1,-0.08
418,109,"(68, 7)",1,-0.08
418,110,"(69, 7)",0,-0.08
418,111,"(69, 6)",1,-0.08
418,112,"(70, 6)",1,-0.08
418,113,"(71, 6)",1,-0.08
418,114,"(72, 6)",1,-0.08
418,115,"(73, 6)",1,-0.08
418,116,"(74, 6)",0,-0.08
418,117,"(74, 5)",0,-0.08
418,118,"(74, 4)",0,-0.08
418,119,"(74, 3)",1,-0.08
418,120,"(75, 3)",1,-0.08
418,121,"(76, 3)",1,-0.08
418,122,"(77, 3)",0,-0.08
418,123,"(77, 2)",0,-0.08
418,124,"(77, 1)",0,-0.08
418,125,"(77, 0)",1,-0.08
418,126,"(78, 0)",1,8.33
419,0,"(0, 39)",0,-0.08
419,1,"(0, 38)",1,-0.08
419,2,"(1, 38)",1,-8.33
419,3,"(1, 38)",0,-0.08
419,4,"(1, 37)",0,-8.33
419,5,"(1, 37)",3,-0.08
419,6,"(0, 37)",0,-0.08
419,7,"(0, 36)",0,-0.08
419,8,"(0, 35)",1,-0.08
419,9,"(1, 35)",1,-0.08
419,10,"(2, 35)",0,-0.08
419,11,"(2, 34)",0,-0.08
419,12,"(2, 33)",1,-0.08
419,13,"(3, 33)",1,-0.08
419,14,"(4, 33)",1,-0.08
419,15,"(5, 33)",1,-0.08
419,16,"(6, 33)",1,-0.08
419,17,"(7, 33)",1,-0.08
419,18,"(8, 33)",1,-0.08
419,19,"(9, 33)",0,-0.08
419,20,"(9, 32)",0,-0.08
419,21,"(9, 31)",0,-0.08
419,22,"(9, 30)",0,-0.08
419,23,"(9, 29)",1,-0.08
419,24,"(10, 29)",0,-0.08
419,25,"(10, 28)",0,-0.08
419,26,"(10, 27)",1,-0.08
419,27,"(11, 27)",1,-0.08
419,28,"(12, 27)",1,-0.08
419,29,"(13, 27)",0,-0.08
419,30,"(13, 26)",0,-0.08
419,31,"(13, 25)",0,-0.08
419,32,"(13, 24)",1,-0.08
419,33,"(14, 24)",0,-0.08
419,34,"(14, 23)",1,-0.08
419,35,"(15, 23)",1,-0.08
419,36,"(16, 23)",1,-0.08
419,37,"(17, 23)",1,-0.08
419,38,"(18, 23)",0,-0.08
419,39,"(18, 22)",1,-0.08
419,40,"(19, 22)",1,-0.08
419,41,"(20, 22)",1,-0.08
419,42,"(21, 22)",0,-0.08
419,43,"(21, 21)",0,-0.08
419,44,"(21, 20)",1,-0.08
419,45,"(22, 20)",0,-0.08
419,46,"(22, 19)",0,-8.33
419,47,"(22, 19)",1,-0.08
419,48,"(23, 19)",0,-0.08
419,49,"(23, 18)",0,-0.08
419,50,"(23, 17)",0,-0.08
419,51,"(23, 16)",0,-0.08
419,52,"(23, 15)",1,-0.08
419,53,"(24, 15)",1,-0.08
419,54,"(25, 15)",1,-0.08
419,55,"(26, 15)",1,-0.08
419,56,"(27, 15)",1,-0.08
419,57,"(28, 15)",1,-0.08
419,58,"(29, 15)",0,-0.08
419,59,"(29, 14)",0,-0.08
419,60,"(29, 13)",1,-0.08
419,61,"(30, 13)",1,-0.08
419,62,"(31, 13)",1,-0.08
419,63,"(32, 13)",1,-0.08
419,64,"(33, 13)",1,-0.08
419,65,"(34, 13)",1,-0.08
419,66,"(35, 13)",0,-0.08
419,67,"(35, 12)",1,-0.08
419,68,"(36, 12)",1,-0.08
419,69,"(37, 12)",1,-0.08
419,70,"(38, 12)",1,-0.08
419,71,"(39, 12)",0,-0.08
419,72,"(39, 11)",1,-0.08
419,73,"(40, 11)",1,-0.08
419,74,"(41, 11)",1,-0.08
419,75,"(42, 11)",1,-0.08
419,76,"(43, 11)",1,-0.08
419,77,"(44, 11)",1,-0.08
419,78,"(45, 11)",0,-0.08
419,79,"(45, 10)",0,-0.08
419,80,"(45, 9)",1,-0.08
419,81,"(46, 9)",0,-0.08
419,82,"(46, 8)",0,-0.08
419,83,"(46, 7)",1,-0.08
419,84,"(47, 7)",1,-0.08
419,85,"(48, 7)",1,-0.08
419,86,"(49, 7)",1,-0.08
419,87,"(50, 7)",1,-0.08
419,88,"(51, 7)",1,-0.08
419,89,"(52, 7)",1,-0.08
419,90,"(53, 7)",1,-0.08
419,91,"(54, 7)",1,-0.08
419,92,"(55, 7)",1,-0.08
419,93,"(56, 7)",1,-0.08
419,94,"(57, 7)",1,-0.08
419,95,"(58, 7)",1,-0.08
419,96,"(59, 7)",1,-0.08
419,97,"(60, 7)",1,-0.08
419,98,"(61, 7)",1,-0.08
419,99,"(62, 7)",1,-0.08
419,100,"(63, 7)",1,-0.08
419,101,"(64, 7)",1,-0.08
419,102,"(65, 7)",1,-0.08
419,103,"(66, 7)",1,-0.08
419,104,"(67, 7)",1,-0.08
419,105,"(68, 7)",1,-0.08
419,106,"(69, 7)",0,-0.08
419,107,"(69, 6)",1,-0.08
419,108,"(70, 6)",1,-0.08
419,109,"(71, 6)",1,-0.08
419,110,"(72, 6)",0,-0.08
419,111,"(72, 5)",1,-0.08
419,112,"(73, 5)",1,-0.08
419,113,"(74, 5)",1,-0.08
419,114,"(75, 5)",1,-0.08
419,115,"(76, 5)",1,-0.08
419,116,"(77, 5)",0,-0.08
419,117,"(77, 4)",0,-0.08
419,118,"(77, 3)",0,-0.08
419,119,"(77, 2)",0,-0.08
419,120,"(77, 1)",0,-0.08
419,121,"(77, 0)",1,-0.08
419,122,"(78, 0)",1,8.33
420,0,"(0, 39)",1,-0.08
420,1,"(1, 39)",1,-0.08
420,2,"(2, 39)",0,-8.33
420,3,"(2, 39)",1,-0.08
420,4,"(3, 39)",0,-0.08
420,5,"(3, 38)",0,-0.08
420,6,"(3, 37)",1,-8.33
420,7,"(3, 37)",0,-0.08
420,8,"(3, 36)",0,-0.08
420,9,"(3, 35)",3,-0.08
420,10,"(2, 35)",0,-0.08
420,11,"(2, 34)",0,-0.08
420,12,"(2, 33)",1,-0.08
420,13,"(3, 33)",0,-0.08
420,14,"(3, 32)",0,-0.08
420,15,"(3, 31)",0,-8.33
420,16,"(3, 31)",2,-0.08
420,17,"(3, 32)",2,-0.08
420,18,"(3, 33)",1,-0.08
420,19,"(4, 33)",1,-0.08
420,20,"(5, 33)",0,-0.08
420,21,"(5, 32)",0,-0.08
420,22,"(5, 31)",0,-0.08
420,23,"(5, 30)",0,-0.08
420,24,"(5, 29)",1,-0.08
420,25,"(6, 29)",1,-0.08
420,26,"(7, 29)",1,-0.08
420,27,"(8, 29)",0,-0.08
420,28,"(8, 28)",0,-0.08
420,29,"(8, 27)",1,-0.08
420,30,"(9, 27)",1,-0.08
420,31,"(10, 27)",1,-0.08
420,32,"(11, 27)",1,-0.08
420,33,"(12, 27)",0,-0.08
420,34,"(12, 26)",0,-0.08
420,35,"(12, 25)",0,-0.08
420,36,"(12, 24)",1,-0.08
420,37,"(13, 24)",0,-0.08
420,38,"(13, 23)",1,-0.08
420,39,"(14, 23)",1,-0.08
420,40,"(15, 23)",1,-0.08
420,41,"(16, 23)",0,-0.08
420,42,"(16, 22)",1,-0.08
420,43,"(17, 22)",1,-0.08
420,44,"(18, 22)",1,-0.08
420,45,"(19, 22)",1,-0.08
420,46,"(20, 22)",0,-0.08
420,47,"(20, 21)",1,-0.08
420,48,"(21, 21)",0,-0.08
420,49,"(21, 20)",1,-0.08
420,50,"(22, 20)",1,-0.08
420,51,"(23, 20)",0,-0.08
420,52,"(23, 19)",0,-0.08
420,53,"(23, 18)",0,-0.08
420,54,"(23, 17)",1,-0.08
420,55,"(24, 17)",1,-0.08
420,56,"(25, 17)",1,-0.08
420,57,"(26, 17)",1,-0.08
420,58,"(27, 17)",0,-0.08
420,59,"(27, 16)",1,-0.08
420,60,"(28, 16)",0,-0.08
420,61,"(28, 15)",1,-0.08
420,62,"(29, 15)",0,-0.08
420,63,"(29, 14)",0,-0.08
420,64,"(29, 13)",1,-0.08
420,65,"(30, 13)",1,-0.08
420,66,"(31, 13)",1,-0.08
420,67,"(32, 13)",1,-0.08
420,68,"(33, 13)",1,-0.08
420,69,"(34, 13)",1,-0.08
420,70,"(35, 13)",0,-0.08
420,71,"(35, 12)",1,-0.08
420,72,"(36, 12)",1,-0.08
420,73,"(37, 12)",1,-0.08
420,74,"(38, 12)",1,-0.08
420,75,"(39, 12)",0,-0.08
420,76,"(39, 11)",1,-0.08
420,77,"(40, 11)",1,-0.08
420,78,"(41, 11)",1,-0.08
420,79,"(42, 11)",1,-0.08
420,80,"(43, 11)",1,-0.08
420,81,"(44, 11)",1,-0.08
420,82,"(45, 11)",0,-0.08
420,83,"(45, 10)",1,-0.08
420,84,"(46, 10)",0,-0.08
420,85,"(46, 9)",0,-0.08
420,86,"(46, 8)",0,-0.08
420,87,"(46, 7)",1,-0.08
420,88,"(47, 7)",1,-0.08
420,89,"(48, 7)",1,-0.08
420,90,"(49, 7)",1,-0.08
420,91,"(50, 7)",1,-0.08
420,92,"(51, 7)",1,-0.08
420,93,"(52, 7)",1,-0.08
420,94,"(53, 7)",1,-0.08
420,95,"(54, 7)",1,-0.08
420,96,"(55, 7)",1,-0.08
420,97,"(56, 7)",1,-0.08
420,98,"(57, 7)",1,-0.08
420,99,"(58, 7)",1,-0.08
420,100,"(59, 7)",1,-0.08
420,101,"(60, 7)",1,-0.08
420,102,"(61, 7)",1,-0.08
420,103,"(62, 7)",1,-0.08
420,104,"(63, 7)",1,-0.08
420,105,"(64, 7)",1,-0.08
420,106,"(65, 7)",1,-0.08
420,107,"(66, 7)",1,-0.08
420,108,"(67, 7)",1,-0.08
420,109,"(68, 7)",1,-0.08
420,110,"(69, 7)",1,-0.08
420,111,"(70, 7)",0,-0.08
420,112,"(70, 6)",1,-0.08
420,113,"(71, 6)",1,-0.08
420,114,"(72, 6)",1,-0.08
420,115,"(73, 6)",1,-0.08
420,116,"(74, 6)",0,-0.08
420,117,"(74, 5)",0,-0.08
420,118,"(74, 4)",1,-0.08
420,119,"(75, 4)",0,-0.08
420,120,"(75, 3)",1,-0.08
420,121,"(76, 3)",0,-0.08
420,122,"(76, 2)",1,-0.08
420,123,"(77, 2)",0,-0.08
420,124,"(77, 1)",0,-0.08
420,125,"(77, 0)",1,-0.08
420,126,"(78, 0)",1,8.33
421,0,"(0, 39)",0,-0.08
421,1,"(0, 38)",1,-0.08
421,2,"(1, 38)",1,-8.33
421,3,"(1, 38)",0,-0.08
421,4,"(1, 37)",0,-8.33
421,5,"(1, 37)",3,-0.08
421,6,"(0, 37)",0,-0.08
421,7,"(0, 36)",0,-0.08
421,8,"(0, 35)",1,-0.08
421,9,"(1, 35)",1,-0.08
421,10,"(2, 35)",0,-0.08
421,11,"(2, 34)",0,-0.08
421,12,"(2, 33)",0,-0.08
421,13,"(2, 32)",0,-0.08
421,14,"(2, 31)",1,-0.08
421,15,"(3, 31)",0,-8.33
421,16,"(3, 31)",0,-8.33
421,17,"(3, 31)",2,-0.08
421,18,"(3, 32)",2,-0.08
421,19,"(3, 33)",1,-0.08
421,20,"(4, 33)",1,-0.08
421,21,"(5, 33)",1,-0.08
421,22,"(6, 33)",1,-0.08
421,23,"(7, 33)",0,-0.08
421,24,"(7, 32)",1,-0.08
421,25,"(8, 32)",1,-0.08
421,26,"(9, 32)",0,-0.08
421,27,"(9, 31)",0,-0.08
421,28,"(9, 30)",0,-0.08
421,29,"(9, 29)",1,-0.08
421,30,"(10, 29)",0,-0.08
421,31,"(10, 28)",0,-0.08
421,32,"(10, 27)",1,-0.08
421,33,"(11, 27)",1,-0.08
421,34,"(12, 27)",1,-0.08
421,35,"(13, 27)",0,-0.08
421,36,"(13, 26)",0,-0.08
421,37,"(13, 25)",0,-0.08
421,38,"(13, 24)",1,-0.08
421,39,"(14, 24)",0,-0.08
421,40,"(14, 23)",1,-0.08
421,41,"(15, 23)",1,-0.08
421,42,"(16, 23)",0,-0.08
421,43,"(16, 22)",1,-0.08
421,44,"(17, 22)",1,-0.08
421,45,"(18, 22)",1,-0.08
421,46,"(19, 22)",0,-0.08
421,47,"(19, 21)",0,-0.08
421,48,"(19, 20)",0,-0.08
421,49,"(19, 19)",1,-0.08
421,50,"(20, 19)",1,-0.08
421,51,"(21, 19)",1,-0.08
421,52,"(22, 19)",1,-0.08
421,53,"(23, 19)",0,-0.08
421,54,"(23, 18)",0,-0.08
421,55,"(23, 17)",1,-0.08
421,56,"(24, 17)",1,-0.08
421,57,"(25, 17)",1,-0.08
421,58,"(26, 17)",1,-0.08
421,59,"(27, 17)",1,-0.08
421,60,"(28, 17)",1,-0.08
421,61,"(29, 17)",1,-0.08
421,62,"(30, 17)",1,-0.08
421,63,"(31, 17)",0,-0.08
421,64,"(31, 16)",0,-0.08
421,65,"(31, 15)",1,-0.08
421,66,"(32, 15)",0,-0.08
421,67,"(32, 14)",0,-0.08
421,68,"(32, 13)",1,-0.08
421,69,"(33, 13)",1,-0.08
421,70,"(34, 13)",1,-0.08
421,71,"(35, 13)",0,-0.08
421,72,"(35, 12)",1,-0.08
421,73,"(36, 12)",1,-0.08
421,74,"(37, 12)",1,-0.08
421,75,"(38, 12)",1,-0.08
421,76,"(39, 12)",0,-0.08
421,77,"(39, 11)",1,-0.08
421,78,"(40, 11)",1,-0.08
421,79,"(41, 11)",1,-0.08
421,80,"(42, 11)",1,-0.08
421,81,"(43, 11)",1,-0.08
421,82,"(44, 11)",1,-0.08
421,83,"(45, 11)",0,-0.08
421,84,"(45, 10)",1,-0.08
421,85,"(46, 10)",1,-0.08
421,86,"(47, 10)",1,-0.08
421,87,"(48, 10)",1,-0.08
421,88,"(49, 10)",0,-0.08
421,89,"(49, 9)",1,-0.08
421,90,"(50, 9)",0,-0.08
421,91,"(50, 8)",0,-0.08
421,92,"(50, 7)",1,-0.08
421,93,"(51, 7)",1,-0.08
421,94,"(52, 7)",1,-0.08
421,95,"(53, 7)",1,-0.08
421,96,"(54, 7)",1,-0.08
421,97,"(55, 7)",1,-0.08
421,98,"(56, 7)",1,-0.08
421,99,"(57, 7)",1,-0.08
421,100,"(58, 7)",1,-0.08
421,101,"(59, 7)",1,-0.08
421,102,"(60, 7)",1,-0.08
421,103,"(61, 7)",1,-0.08
421,104,"(62, 7)",1,-0.08
421,105,"(63, 7)",1,-0.08
421,106,"(64, 7)",1,-0.08
421,107,"(65, 7)",1,-0.08
421,108,"(66, 7)",1,-0.08
421,109,"(67, 7)",1,-0.08
421,110,"(68, 7)",1,-0.08
421,111,"(69, 7)",0,-0.08
421,112,"(69, 6)",1,-0.08
421,113,"(70, 6)",1,-0.08
421,114,"(71, 6)",1,-0.08
421,115,"(72, 6)",1,-0.08
421,116,"(73, 6)",0,-0.08
421,117,"(73, 5)",1,-0.08
421,118,"(74, 5)",1,-0.08
421,119,"(75, 5)",1,-0.08
421,120,"(76, 5)",1,-0.08
421,121,"(77, 5)",0,-0.08
421,122,"(77, 4)",0,-0.08
421,123,"(77, 3)",0,-0.08
421,124,"(77, 2)",0,-0.08
421,125,"(77, 1)",0,-0.08
421,126,"(77, 0)",1,-0.08
421,127,"(78, 0)",1,8.33
422,0,"(0, 39)",1,-0.08
422,1,"(1, 39)",1,-0.08
422,2,"(2, 39)",1,-0.08
422,3,"(3, 39)",1,-0.08
422,4,"(4, 39)",1,-0.08
422,5,"(5, 39)",0,-8.33
422,6,"(5, 39)",1,-0.08
422,7,"(6, 39)",1,-0.08
422,8,"(7, 39)",1,-0.08
422,9,"(8, 39)",1,-0.08
422,10,"(9, 39)",1,-0.08
422,11,"(10, 39)",0,-0.08
422,12,"(10, 38)",0,-0.08
422,13,"(10, 37)",1,-0.08
422,14,"(11, 37)",1,-0.08
422,15,"(12, 37)",1,-0.08
422,16,"(13, 37)",1,-0.08
422,17,"(14, 37)",1,-0.08
422,18,"(15, 37)",0,-0.08
422,19,"(15, 36)",0,-0.08
422,20,"(15, 35)",0,-0.08
422,21,"(15, 34)",0,-0.08
422,22,"(15, 33)",0,-0.08
422,23,"(15, 32)",0,-0.08
422,24,"(15, 31)",1,-0.08
422,25,"(16, 31)",0,-0.08
422,26,"(16, 30)",0,-0.08
422,27,"(16, 29)",1,-0.08
422,28,"(17, 29)",1,-0.08
422,29,"(18, 29)",1,-0.08
422,30,"(19, 29)",1,-0.08
422,31,"(20, 29)",1,-0.08
422,32,"(21, 29)",0,-0.08
422,33,"(21, 28)",0,-0.08
422,34,"(21, 27)",0,-0.08
422,35,"(21, 26)",1,-0.08
422,36,"(22, 26)",1,-0.08
422,37,"(23, 26)",0,-0.08
422,38,"(23, 25)",1,-0.08
422,39,"(24, 25)",0,-0.08
422,40,"(24, 24)",1,-0.08
422,41,"(25, 24)",0,-0.08
422,42,"(25, 23)",0,-0.08
422,43,"(25, 22)",0,-0.08
422,44,"(25, 21)",0,-0.08
422,45,"(25, 20)",0,-0.08
422,46,"(25, 19)",0,-0.08
422,47,"(25, 18)",1,-0.08
422,48,"(26, 18)",0,-0.08
422,49,"(26, 17)",1,-0.08
422,50,"(27, 17)",1,-0.08
422,51,"(28, 17)",0,-0.08
422,52,"(28, 16)",1,-0.08
422,53,"(29, 16)",0,-0.08
422,54,"(29, 15)",0,-0.08
422,55,"(29, 14)",0,-0.08
422,56,"(29, 13)",1,-0.08
422,57,"(30, 13)",1,-0.08
422,58,"(31, 13)",1,-0.08
422,59,"(32, 13)",1,-0.08
422,60,"(33, 13)",1,-0.08
422,61,"(34, 13)",1,-0.08
422,62,"(35, 13)",1,-0.08
422,63,"(36, 13)",0,-0.08
422,64,"(36, 12)",1,-0.08
422,65,"(37, 12)",1,-0.08
422,66,"(38, 12)",1,-0.08
422,67,"(39, 12)",0,-0.08
422,68,"(39, 11)",1,-0.08
422,69,"(40, 11)",1,-0.08
422,70,"(41, 11)",1,-0.08
422,71,"(42, 11)",1,-0.08
422,72,"(43, 11)",1,-0.08
422,73,"(44, 11)",1,-0.08
422,74,"(45, 11)",0,-0.08
422,75,"(45, 10)",0,-0.08
422,76,"(45, 9)",0,-0.08
422,77,"(45, 8)",1,-0.08
422,78,"(46, 8)",0,-0.08
422,79,"(46, 7)",1,-0.08
422,80,"(47, 7)",1,-0.08
422,81,"(48, 7)",1,-0.08
422,82,"(49, 7)",1,-0.08
422,83,"(50, 7)",1,-0.08
422,84,"(51, 7)",1,-0.08
422,85,"(52, 7)",1,-0.08
422,86,"(53, 7)",1,-0.08
422,87,"(54, 7)",1,-0.08
422,88,"(55, 7)",1,-0.08
422,89,"(56, 7)",1,-0.08
422,90,"(57, 7)",1,-0.08
422,91,"(58, 7)",1,-0.08
422,92,"(59, 7)",1,-0.08
422,93,"(60, 7)",1,-0.08
422,94,"(61, 7)",1,-0.08
422,95,"(62, 7)",1,-0.08
422,96,"(63, 7)",1,-0.08
422,97,"(64, 7)",1,-0.08
422,98,"(65, 7)",1,-0.08
422,99,"(66, 7)",1,-0.08
422,100,"(67, 7)",1,-0.08
422,101,"(68, 7)",1,-0.08
422,102,"(69, 7)",0,-0.08
422,103,"(69, 6)",1,-0.08
422,104,"(70, 6)",1,-0.08
422,105,"(71, 6)",0,-0.08
422,106,"(71, 5)",1,-0.08
422,107,"(72, 5)",1,-0.08
422,108,"(73, 5)",1,-0.08
422,109,"(74, 5)",0,-0.08
422,110,"(74, 4)",1,-0.08
422,111,"(75, 4)",0,-0.08
422,112,"(75, 3)",1,-0.08
422,113,"(76, 3)",0,-0.08
422,114,"(76, 2)",1,-0.08
422,115,"(77, 2)",0,-0.08
422,116,"(77, 1)",1,-0.08
422,117,"(78, 1)",1,-0.08
422,118,"(79, 1)",0,8.33
423,0,"(0, 39)",0,-0.08
423,1,"(0, 38)",0,-0.08
423,2,"(0, 37)",1,-0.08
423,3,"(1, 37)",0,-8.33
423,4,"(1, 37)",3,-0.08
423,5,"(0, 37)",0,-0.08
423,6,"(0, 36)",0,-0.08
423,7,"(0, 35)",1,-0.08
423,8,"(1, 35)",0,-0.08
423,9,"(1, 34)",1,-0.08
423,10,"(2, 34)",0,-0.08
423,11,"(2, 33)",0,-0.08
423,12,"(2, 32)",0,-0.08
423,13,"(2, 31)",1,-0.08
423,14,"(3, 31)",0,-8.33
423,15,"(3, 31)",0,-8.33
423,16,"(3, 31)",2,-0.08
423,17,"(3, 32)",2,-0.08
423,18,"(3, 33)",1,-0.08
423,19,"(4, 33)",1,-0.08
423,20,"(5, 33)",1,-0.08
423,21,"(6, 33)",1,-0.08
423,22,"(7, 33)",1,-0.08
423,23,"(8, 33)",0,-0.08
423,24,"(8, 32)",1,-0.08
423,25,"(9, 32)",0,-0.08
423,26,"(9, 31)",0,-0.08
423,27,"(9, 30)",1,-0.08
423,28,"(10, 30)",0,-0.08
423,29,"(10, 29)",0,-0.08
423,30,"(10, 28)",0,-0.08
423,31,"(10, 27)",1,-0.08
423,32,"(11, 27)",1,-0.08
423,33,"(12, 27)",1,-0.08
423,34,"(13, 27)",0,-0.08
423,35,"(13, 26)",0,-0.08
423,36,"(13, 25)",0,-0.08
423,37,"(13, 24)",0,-0.08
423,38,"(13, 23)",1,-0.08
423,39,"(14, 23)",1,-0.08
423,40,"(15, 23)",1,-0.08
423,41,"(16, 23)",0,-0.08
423,42,"(16, 22)",1,-0.08
423,43,"(17, 22)",1,-0.08
423,44,"(18, 22)",1,-0.08
423,45,"(19, 22)",1,-0.08
423,46,"(20, 22)",1,-0.08
423,47,"(21, 22)",0,-0.08
423,48,"(21, 21)",0,-0.08
423,49,"(21, 20)",0,-0.08
423,50,"(21, 19)",1,-0.08
423,51,"(22, 19)",1,-0.08
423,52,"(23, 19)",0,-0.08
423,53,"(23, 18)",0,-0.08
423,54,"(23, 17)",1,-0.08
423,55,"(24, 17)",1,-0.08
423,56,"(25, 17)",1,-0.08
423,57,"(26, 17)",1,-0.08
423,58,"(27, 17)",1,-0.08
423,59,"(28, 17)",1,-0.08
423,60,"(29, 17)",0,-0.08
423,61,"(29, 16)",0,-0.08
423,62,"(29, 15)",0,-0.08
423,63,"(29, 14)",0,-0.08
423,64,"(29, 13)",1,-0.08
423,65,"(30, 13)",1,-0.08
423,66,"(31, 13)",1,-0.08
423,67,"(32, 13)",1,-0.08
423,68,"(33, 13)",1,-0.08
423,69,"(34, 13)",1,-0.08
423,70,"(35, 13)",1,-0.08
423,71,"(36, 13)",0,-0.08
423,72,"(36, 12)",1,-0.08
423,73,"(37, 12)",1,-0.08
423,74,"(38, 12)",1,-0.08
423,75,"(39, 12)",0,-0.08
423,76,"(39, 11)",1,-0.08
423,77,"(40, 11)",1,-0.08
423,78,"(41, 11)",1,-0.08
423,79,"(42, 11)",1,-0.08
423,80,"(43, 11)",1,-0.08
423,81,"(44, 11)",1,-0.08
423,82,"(45, 11)",0,-0.08
423,83,"(45, 10)",1,-0.08
423,84,"(46, 10)",0,-0.08
423,85,"(46, 9)",0,-0.08
423,86,"(46, 8)",0,-0.08
423,87,"(46, 7)",1,-0.08
423,88,"(47, 7)",1,-0.08
423,89,"(48, 7)",1,-0.08
423,90,"(49, 7)",1,-0.08
423,91,"(50, 7)",1,-0.08
423,92,"(51, 7)",1,-0.08
423,93,"(52, 7)",1,-0.08
423,94,"(53, 7)",1,-0.08
423,95,"(54, 7)",1,-0.08
423,96,"(55, 7)",1,-0.08
423,97,"(56, 7)",1,-0.08
423,98,"(57, 7)",1,-0.08
423,99,"(58, 7)",1,-0.08
423,100,"(59, 7)",1,-0.08
423,101,"(60, 7)",1,-0.08
423,102,"(61, 7)",1,-0.08
423,103,"(62, 7)",1,-0.08
423,104,"(63, 7)",1,-0.08
423,105,"(64, 7)",1,-0.08
423,106,"(65, 7)",1,-0.08
423,107,"(66, 7)",1,-0.08
423,108,"(67, 7)",1,-0.08
423,109,"(68, 7)",1,-0.08
423,110,"(69, 7)",1,-0.08
423,111,"(70, 7)",1,-0.08
423,112,"(71, 7)",1,-0.08
423,113,"(72, 7)",1,-0.08
423,114,"(73, 7)",0,-0.08
423,115,"(73, 6)",0,-0.08
423,116,"(73, 5)",1,-0.08
423,117,"(74, 5)",0,-0.08
423,118,"(74, 4)",0,-0.08
423,119,"(74, 3)",1,-0.08
423,120,"(75, 3)",1,-0.08
423,121,"(76, 3)",0,-0.08
423,122,"(76, 2)",0,-0.08
423,123,"(76, 1)",0,-0.08
423,124,"(76, 0)",1,-0.08
423,125,"(77, 0)",1,-0.08
423,126,"(78, 0)",1,8.33
424,0,"(0, 39)",1,-0.08
424,1,"(1, 39)",0,-0.08
424,2,"(1, 38)",0,-0.08
424,3,"(1, 37)",1,-8.33
424,4,"(1, 37)",0,-8.33
424,5,"(1, 37)",3,-0.08
424,6,"(0, 37)",0,-0.08
424,7,"(0, 36)",0,-0.08
424,8,"(0, 35)",0,-0.08
424,9,"(0, 34)",1,-0.08
424,10,"(1, 34)",0,-0.08
424,11,"(1, 33)",1,-0.08
424,12,"(2, 33)",1,-0.08
424,13,"(3, 33)",0,-0.08
424,14,"(3, 32)",0,-0.08
424,15,"(3, 31)",0,-8.33
424,16,"(3, 31)",3,-0.08
424,17,"(2, 31)",3,-0.08
424,18,"(1, 31)",0,-0.08
424,19,"(1, 30)",0,-0.08
424,20,"(1, 29)",0,-0.08
424,21,"(1, 28)",0,-0.08
424,22,"(1, 27)",0,-0.08
424,23,"(1, 26)",1,-0.08
424,24,"(2, 26)",0,-0.08
424,25,"(2, 25)",1,-0.08
424,26,"(3, 25)",1,-0.08
424,27,"(4, 25)",1,-0.08
424,28,"(5, 25)",1,-0.08
424,29,"(6, 25)",1,-0.08
424,30,"(7, 25)",1,-0.08
424,31,"(8, 25)",1,-0.08
424,32,"(9, 25)",0,-0.08
424,33,"(9, 24)",1,-0.08
424,34,"(10, 24)",1,-0.08
424,35,"(11, 24)",1,-0.08
424,36,"(12, 24)",1,-0.08
424,37,"(13, 24)",0,-0.08
424,38,"(13, 23)",1,-0.08
424,39,"(14, 23)",1,-0.08
424,40,"(15, 23)",1,-0.08
424,41,"(16, 23)",1,-0.08
424,42,"(17, 23)",0,-0.08
424,43,"(17, 22)",1,-0.08
424,44,"(18, 22)",1,-0.08
424,45,"(19, 22)",0,-0.08
424,46,"(19, 21)",0,-0.08
424,47,"(19, 20)",0,-0.08
424,48,"(19, 19)",1,-0.08
424,49,"(20, 19)",1,-0.08
424,50,"(21, 19)",1,-0.08
424,51,"(22, 19)",1,-0.08
424,52,"(23, 19)",0,-0.08
424,53,"(23, 18)",0,-0.08
424,54,"(23, 17)",1,-0.08
424,55,"(24, 17)",1,-0.08
424,56,"(25, 17)",1,-0.08
424,57,"(26, 17)",1,-0.08
424,58,"(27, 17)",0,-0.08
424,59,"(27, 16)",0,-0.08
424,60,"(27, 15)",1,-0.08
424,61,"(28, 15)",1,-0.08
424,62,"(29, 15)",0,-0.08
424,63,"(29, 14)",0,-0.08
424,64,"(29, 13)",1,-0.08
424,65,"(30, 13)",1,-0.08
424,66,"(31, 13)",1,-0.08
424,67,"(32, 13)",1,-0.08
424,68,"(33, 13)",1,-0.08
424,69,"(34, 13)",1,-0.08
424,70,"(35, 13)",1,-0.08
424,71,"(36, 13)",0,-0.08
424,72,"(36, 12)",1,-0.08
424,73,"(37, 12)",1,-0.08
424,74,"(38, 12)",1,-0.08
424,75,"(39, 12)",0,-0.08
424,76,"(39, 11)",1,-0.08
424,77,"(40, 11)",1,-0.08
424,78,"(41, 11)",1,-0.08
424,79,"(42, 11)",1,-0.08
424,80,"(43, 11)",1,-0.08
424,81,"(44, 11)",1,-0.08
424,82,"(45, 11)",0,-0.08
424,83,"(45, 10)",1,-0.08
424,84,"(46, 10)",0,-0.08
424,85,"(46, 9)",0,-0.08
424,86,"(46, 8)",0,-0.08
424,87,"(46, 7)",1,-0.08
424,88,"(47, 7)",1,-0.08
424,89,"(48, 7)",1,-0.08
424,90,"(49, 7)",1,-0.08
424,91,"(50, 7)",1,-0.08
424,92,"(51, 7)",1,-0.08
424,93,"(52, 7)",1,-0.08
424,94,"(53, 7)",1,-0.08
424,95,"(54, 7)",1,-0.08
424,96,"(55, 7)",1,-0.08
424,97,"(56, 7)",1,-0.08
424,98,"(57, 7)",1,-0.08
424,99,"(58, 7)",1,-0.08
424,100,"(59, 7)",1,-0.08
424,101,"(60, 7)",1,-0.08
424,102,"(61, 7)",1,-0.08
424,103,"(62, 7)",1,-0.08
424,104,"(63, 7)",1,-0.08
424,105,"(64, 7)",1,-0.08
424,106,"(65, 7)",1,-0.08
424,107,"(66, 7)",1,-0.08
424,108,"(67, 7)",1,-0.08
424,109,"(68, 7)",1,-0.08
424,110,"(69, 7)",1,-0.08
424,111,"(70, 7)",1,-0.08
424,112,"(71, 7)",0,-0.08
424,113,"(71, 6)",0,-0.08
424,114,"(71, 5)",1,-0.08
424,115,"(72, 5)",1,-0.08
424,116,"(73, 5)",1,-0.08
424,117,"(74, 5)",1,-0.08
424,118,"(75, 5)",1,-0.08
424,119,"(76, 5)",1,-0.08
424,120,"(77, 5)",0,-0.08
424,121,"(77, 4)",0,-0.08
424,122,"(77, 3)",0,-0.08
424,123,"(77, 2)",0,-0.08
424,124,"(77, 1)",1,-0.08
424,125,"(78, 1)",1,-0.08
424,126,"(79, 1)",0,8.33
425,0,"(0, 39)",0,-0.08
425,1,"(0, 38)",0,-0.08
425,2,"(0, 37)",1,-0.08
425,3,"(1, 37)",0,-8.33
425,4,"(1, 37)",3,-0.08
425,5,"(0, 37)",0,-0.08
425,6,"(0, 36)",0,-0.08
425,7,"(0, 35)",1,-0.08
425,8,"(1, 35)",1,-0.08
425,9,"(2, 35)",0,-0.08
425,10,"(2, 34)",0,-0.08
425,11,"(2, 33)",0,-0.08
425,12,"(2, 32)",1,-0.08
425,13,"(3, 32)",0,-0.08
425,14,"(3, 31)",0,-8.33
425,15,"(3, 31)",0,-8.33
425,16,"(3, 31)",2,-0.08
425,17,"(3, 32)",2,-0.08
425,18,"(3, 33)",1,-0.08
425,19,"(4, 33)",1,-0.08
425,20,"(5, 33)",1,-0.08
425,21,"(6, 33)",1,-0.08
425,22,"(7, 33)",1,-0.08
425,23,"(8, 33)",0,-0.08
425,24,"(8, 32)",0,-0.08
425,25,"(8, 31)",0,-0.08
425,26,"(8, 30)",0,-0.08
425,27,"(8, 29)",0,-0.08
425,28,"(8, 28)",0,-0.08
425,29,"(8, 27)",1,-0.08
425,30,"(9, 27)",1,-0.08
425,31,"(10, 27)",1,-0.08
425,32,"(11, 27)",1,-0.08
425,33,"(12, 27)",1,-0.08
425,34,"(13, 27)",0,-0.08
425,35,"(13, 26)",0,-0.08
425,36,"(13, 25)",0,-0.08
425,37,"(13, 24)",1,-0.08
425,38,"(14, 24)",0,-0.08
425,39,"(14, 23)",1,-0.08
425,40,"(15, 23)",1,-0.08
425,41,"(16, 23)",0,-0.08
425,42,"(16, 22)",1,-0.08
425,43,"(17, 22)",1,-0.08
425,44,"(18, 22)",1,-0.08
425,45,"(19, 22)",1,-0.08
425,46,"(20, 22)",0,-0.08
425,47,"(20, 21)",1,-0.08
425,48,"(21, 21)",1,-0.08
425,49,"(22, 21)",1,-0.08
425,50,"(23, 21)",1,-0.08
425,51,"(24, 21)",1,-0.08
425,52,"(25, 21)",0,-0.08
425,53,"(25, 20)",0,-0.08
425,54,"(25, 19)",0,-0.08
425,55,"(25, 18)",0,-0.08
425,56,"(25, 17)",1,-0.08
425,57,"(26, 17)",1,-0.08
425,58,"(27, 17)",1,-0.08
425,59,"(28, 17)",1,-0.08
425,60,"(29, 17)",1,-0.08
425,61,"(30, 17)",1,-0.08
425,62,"(31, 17)",1,-0.08
425,63,"(32, 17)",1,-0.08
425,64,"(33, 17)",1,-0.08
425,65,"(34, 17)",1,-0.08
425,66,"(35, 17)",0,-0.08
425,67,"(35, 16)",0,-0.08
425,68,"(35, 15)",0,-0.08
425,69,"(35, 14)",0,-0.08
425,70,"(35, 13)",1,-0.08
425,71,"(36, 13)",1,-0.08
425,72,"(37, 13)",1,-0.08
425,73,"(38, 13)",0,-0.08
425,74,"(38, 12)",1,-0.08
425,75,"(39, 12)",0,-0.08
425,76,"(39, 11)",1,-0.08
425,77,"(40, 11)",1,-0.08
425,78,"(41, 11)",1,-0.08
425,79,"(42, 11)",1,-0.08
425,80,"(43, 11)",1,-0.08
425,81,"(44, 11)",1,-0.08
425,82,"(45, 11)",0,-0.08
425,83,"(45, 10)",1,-0.08
425,84,"(46, 10)",0,-0.08
425,85,"(46, 9)",0,-0.08
425,86,"(46, 8)",0,-0.08
425,87,"(46, 7)",1,-0.08
425,88,"(47, 7)",1,-0.08
425,89,"(48, 7)",1,-0.08
425,90,"(49, 7)",1,-0.08
425,91,"(50, 7)",1,-0.08
425,92,"(51, 7)",1,-0.08
425,93,"(52, 7)",1,-0.08
425,94,"(53, 7)",1,-0.08
425,95,"(54, 7)",1,-0.08
425,96,"(55, 7)",1,-0.08
425,97,"(56, 7)",1,-0.08
425,98,"(57, 7)",1,-0.08
425,99,"(58, 7)",1,-0.08
425,100,"(59, 7)",1,-0.08
425,101,"(60, 7)",1,-0.08
425,102,"(61, 7)",1,-0.08
425,103,"(62, 7)",1,-0.08
425,104,"(63, 7)",1,-0.08
425,105,"(64, 7)",1,-0.08
425,106,"(65, 7)",1,-0.08
425,107,"(66, 7)",1,-0.08
425,108,"(67, 7)",1,-0.08
425,109,"(68, 7)",1,-0.08
425,110,"(69, 7)",0,-0.08
425,111,"(69, 6)",1,-0.08
425,112,"(70, 6)",1,-0.08
425,113,"(71, 6)",0,-0.08
425,114,"(71, 5)",1,-0.08
425,115,"(72, 5)",1,-0.08
425,116,"(73, 5)",1,-0.08
425,117,"(74, 5)",0,-0.08
425,118,"(74, 4)",0,-0.08
425,119,"(74, 3)",1,-0.08
425,120,"(75, 3)",1,-0.08
425,121,"(76, 3)",1,-0.08
425,122,"(77, 3)",0,-0.08
425,123,"(77, 2)",0,-0.08
425,124,"(77, 1)",0,-0.08
425,125,"(77, 0)",1,-0.08
425,126,"(78, 0)",1,8.33
426,0,"(0, 39)",1,-0.08
426,1,"(1, 39)",1,-0.08
426,2,"(2, 39)",1,-0.08
426,3,"(3, 39)",1,-0.08
426,4,"(4, 39)",1,-0.08
426,5,"(5, 39)",0,-8.33
426,6,"(5, 39)",1,-0.08
426,7,"(6, 39)",1,-0.08
426,8,"(7, 39)",1,-0.08
426,9,"(8, 39)",1,-0.08
426,10,"(9, 39)",1,-0.08
426,11,"(10, 39)",0,-0.08
426,12,"(10, 38)",1,-0.08
426,13,"(11, 38)",1,-0.08
426,14,"(12, 38)",0,-0.08
426,15,"(12, 37)",1,-0.08
426,16,"(13, 37)",1,-0.08
426,17,"(14, 37)",1,-0.08
426,18,"(15, 37)",0,-0.08
426,19,"(15, 36)",0,-0.08
426,20,"(15, 35)",0,-0.08
426,21,"(15, 34)",0,-0.08
426,22,"(15, 33)",1,-0.08
426,23,"(16, 33)",1,-0.08
426,24,"(17, 33)",1,-0.08
426,25,"(18, 33)",1,-0.08
426,26,"(19, 33)",0,-0.08
426,27,"(19, 32)",1,-0.08
426,28,"(20, 32)",1,-0.08
426,29,"(21, 32)",0,-0.08
426,30,"(21, 31)",0,-0.08
426,31,"(21, 30)",0,-0.08
426,32,"(21, 29)",0,-0.08
426,33,"(21, 28)",0,-0.08
426,34,"(21, 27)",0,-0.08
426,35,"(21, 26)",0,-0.08
426,36,"(21, 25)",1,-0.08
426,37,"(22, 25)",1,-0.08
426,38,"(23, 25)",1,-0.08
426,39,"(24, 25)",1,-0.08
426,40,"(25, 25)",1,-0.08
426,41,"(26, 25)",1,-0.08
426,42,"(27, 25)",1,-0.08
426,43,"(28, 25)",1,-0.08
426,44,"(29, 25)",1,-0.08
426,45,"(30, 25)",1,-0.08
426,46,"(31, 25)",1,-0.08
426,47,"(32, 25)",0,-0.08
426,48,"(32, 24)",0,-0.08
426,49,"(32, 23)",1,-0.08
426,50,"(33, 23)",0,-0.08
426,51,"(33, 22)",0,-0.08
426,52,"(33, 21)",1,-0.08
426,53,"(34, 21)",1,-0.08
426,54,"(35, 21)",1,-0.08
426,55,"(36, 21)",0,-0.08
426,56,"(36, 20)",0,-0.08
426,57,"(36, 19)",1,-0.08
426,58,"(37, 19)",0,-0.08
426,59,"(37, 18)",0,-0.08
426,60,"(37, 17)",1,-0.08
426,61,"(38, 17)",1,-0.08
426,62,"(39, 17)",0,-0.08
426,63,"(39, 16)",1,-0.08
426,64,"(40, 16)",0,-0.08
426,65,"(40, 15)",1,-0.08
426,66,"(41, 15)",0,-0.08
426,67,"(41, 14)",0,-0.08
426,68,"(41, 13)",1,-0.08
426,69,"(42, 13)",1,-0.08
426,70,"(43, 13)",0,-0.08
426,71,"(43, 12)",1,-0.08
426,72,"(44, 12)",0,-0.08
426,73,"(44, 11)",1,-0.08
426,74,"(45, 11)",0,-0.08
426,75,"(45, 10)",0,-0.08
426,76,"(45, 9)",1,-0.08
426,77,"(46, 9)",0,-0.08
426,78,"(46, 8)",0,-0.08
426,79,"(46, 7)",1,-0.08
426,80,"(47, 7)",1,-0.08
426,81,"(48, 7)",1,-0.08
426,82,"(49, 7)",1,-0.08
426,83,"(50, 7)",1,-0.08
426,84,"(51, 7)",1,-0.08
426,85,"(52, 7)",1,-0.08
426,86,"(53, 7)",1,-0.08
426,87,"(54, 7)",1,-0.08
426,88,"(55, 7)",1,-0.08
426,89,"(56, 7)",1,-0.08
426,90,"(57, 7)",1,-0.08
426,91,"(58, 7)",1,-0.08
426,92,"(59, 7)",1,-0.08
426,93,"(60, 7)",1,-0.08
426,94,"(61, 7)",1,-0.08
426,95,"(62, 7)",1,-0.08
426,96,"(63, 7)",1,-0.08
426,97,"(64, 7)",1,-0.08
426,98,"(65, 7)",1,-0.08
426,99,"(66, 7)",1,-0.08
426,100,"(67, 7)",1,-0.08
426,101,"(68, 7)",1,-0.08
426,102,"(69, 7)",0,-0.08
426,103,"(69, 6)",1,-0.08
426,104,"(70, 6)",1,-0.08
426,105,"(71, 6)",0,-0.08
426,106,"(71, 5)",1,-0.08
426,107,"(72, 5)",1,-0.08
426,108,"(73, 5)",1,-0.08
426,109,"(74, 5)",0,-0.08
426,110,"(74, 4)",1,-0.08
426,111,"(75, 4)",0,-0.08
426,112,"(75, 3)",1,-0.08
426,113,"(76, 3)",1,-0.08
426,114,"(77, 3)",0,-0.08
426,115,"(77, 2)",0,-0.08
426,116,"(77, 1)",0,-0.08
426,117,"(77, 0)",1,-0.08
426,118,"(78, 0)",1,8.33
427,0,"(0, 39)",1,-0.08
427,1,"(1, 39)",0,-0.08
427,2,"(1, 38)",0,-0.08
427,3,"(1, 37)",0,-8.33
427,4,"(1, 37)",3,-0.08
427,5,"(0, 37)",0,-0.08
427,6,"(0, 36)",0,-0.08
427,7,"(0, 35)",1,-0.08
427,8,"(1, 35)",1,-0.08
427,9,"(2, 35)",0,-0.08
427,10,"(2, 34)",0,-0.08
427,11,"(2, 33)",1,-0.08
427,12,"(3, 33)",1,-0.08
427,13,"(4, 33)",1,-0.08
427,14,"(5, 33)",1,-0.08
427,15,"(6, 33)",1,-0.08
427,16,"(7, 33)",0,-0.08
427,17,"(7, 32)",0,-0.08
427,18,"(7, 31)",1,-0.08
427,19,"(8, 31)",0,-0.08
427,20,"(8, 30)",1,-0.08
427,21,"(9, 30)",0,-0.08
427,22,"(9, 29)",1,-0.08
427,23,"(10, 29)",0,-0.08
427,24,"(10, 28)",0,-0.08
427,25,"(10, 27)",0,-8.33
427,26,"(10, 27)",1,-0.08
427,27,"(11, 27)",1,-0.08
427,28,"(12, 27)",1,-0.08
427,29,"(13, 27)",1,-0.08
427,30,"(14, 27)",1,-0.08
427,31,"(15, 27)",1,-0.08
427,32,"(16, 27)",0,-0.08
427,33,"(16, 26)",1,-0.08
427,34,"(17, 26)",0,-0.08
427,35,"(17, 25)",0,-0.08
427,36,"(17, 24)",0,-0.08
427,37,"(17, 23)",1,-0.08
427,38,"(18, 23)",1,-0.08
427,39,"(19, 23)",0,-0.08
427,40,"(19, 22)",1,-0.08
427,41,"(20, 22)",0,-0.08
427,42,"(20, 21)",0,-0.08
427,43,"(20, 20)",1,-0.08
427,44,"(21, 20)",1,-0.08
427,45,"(22, 20)",0,-0.08
427,46,"(22, 19)",1,-0.08
427,47,"(23, 19)",0,-0.08
427,48,"(23, 18)",0,-0.08
427,49,"(23, 17)",1,-0.08
427,50,"(24, 17)",1,-0.08
427,51,"(25, 17)",1,-0.08
427,52,"(26, 17)",1,-0.08
427,53,"(27, 17)",1,-0.08
427,54,"(28, 17)",1,-0.08
427,55,"(29, 17)",0,-0.08
427,56,"(29, 16)",0,-0.08
427,57,"(29, 15)",0,-0.08
427,58,"(29, 14)",0,-0.08
427,59,"(29, 13)",1,-0.08
427,60,"(30, 13)",1,-0.08
427,61,"(31, 13)",1,-0.08
427,62,"(32, 13)",1,-0.08
427,63,"(33, 13)",1,-0.08
427,64,"(34, 13)",1,-0.08
427,65,"(35, 13)",0,-0.08
427,66,"(35, 12)",1,-0.08
427,67,"(36, 12)",1,-0.08
427,68,"(37, 12)",1,-0.08
427,69,"(38, 12)",1,-0.08
427,70,"(39, 12)",0,-0.08
427,71,"(39, 11)",1,-0.08
427,72,"(40, 11)",1,-0.08
427,73,"(41, 11)",1,-0.08
427,74,"(42, 11)",1,-0.08
427,75,"(43, 11)",1,-0.08
427,76,"(44, 11)",1,-0.08
427,77,"(45, 11)",0,-0.08
427,78,"(45, 10)",1,-0.08
427,79,"(46, 10)",0,-0.08
427,80,"(46, 9)",0,-0.08
427,81,"(46, 8)",0,-0.08
427,82,"(46, 7)",1,-0.08
427,83,"(47, 7)",1,-0.08
427,84,"(48, 7)",1,-0.08
427,85,"(49, 7)",1,-0.08
427,86,"(50, 7)",1,-0.08
427,87,"(51, 7)",1,-0.08
427,88,"(52, 7)",1,-0.08
427,89,"(53, 7)",1,-0.08
427,90,"(54, 7)",1,-0.08
427,91,"(55, 7)",1,-0.08
427,92,"(56, 7)",1,-0.08
427,93,"(57, 7)",1,-0.08
427,94,"(58, 7)",1,-0.08
427,95,"(59, 7)",1,-0.08
427,96,"(60, 7)",1,-0.08
427,97,"(61, 7)",1,-0.08
427,98,"(62, 7)",1,-0.08
427,99,"(63, 7)",1,-0.08
427,100,"(64, 7)",1,-0.08
427,101,"(65, 7)",1,-0.08
427,102,"(66, 7)",1,-0.08
427,103,"(67, 7)",1,-0.08
427,104,"(68, 7)",1,-0.08
427,105,"(69, 7)",0,-0.08
427,106,"(69, 6)",1,-0.08
427,107,"(70, 6)",1,-0.08
427,108,"(71, 6)",1,-0.08
427,109,"(72, 6)",1,-0.08
427,110,"(73, 6)",0,-0.08
427,111,"(73, 5)",1,-0.08
427,112,"(74, 5)",1,-0.08
427,113,"(75, 5)",1,-0.08
427,114,"(76, 5)",1,-0.08
427,115,"(77, 5)",0,-0.08
427,116,"(77, 4)",0,-0.08
427,117,"(77, 3)",0,-0.08
427,118,"(77, 2)",0,-0.08
427,119,"(77, 1)",0,-0.08
427,120,"(77, 0)",1,-0.08
427,121,"(78, 0)",1,8.33
428,0,"(0, 39)",0,-0.08
428,1,"(0, 38)",0,-0.08
428,2,"(0, 37)",0,-0.08
428,3,"(0, 36)",1,-8.33
428,4,"(0, 36)",0,-0.08
428,5,"(0, 35)",1,-0.08
428,6,"(1, 35)",0,-0.08
428,7,"(1, 34)",0,-0.08
428,8,"(1, 33)",1,-0.08
428,9,"(2, 33)",1,-0.08
428,10,"(3, 33)",0,-0.08
428,11,"(3, 32)",0,-0.08
428,12,"(3, 31)",0,-8.33
428,13,"(3, 31)",2,-0.08
428,14,"(3, 32)",2,-0.08
428,15,"(3, 33)",1,-0.08
428,16,"(4, 33)",1,-0.08
428,17,"(5, 33)",1,-0.08
428,18,"(6, 33)",1,-0.08
428,19,"(7, 33)",1,-0.08
428,20,"(8, 33)",0,-0.08
428,21,"(8, 32)",0,-0.08
428,22,"(8, 31)",0,-0.08
428,23,"(8, 30)",1,-0.08
428,24,"(9, 30)",0,-0.08
428,25,"(9, 29)",1,-0.08
428,26,"(10, 29)",0,-0.08
428,27,"(10, 28)",0,-0.08
428,28,"(10, 27)",1,-0.08
428,29,"(11, 27)",1,-0.08
428,30,"(12, 27)",0,-0.08
428,31,"(12, 26)",1,-0.08
428,32,"(13, 26)",0,-0.08
428,33,"(13, 25)",0,-0.08
428,34,"(13, 24)",1,-0.08
428,35,"(14, 24)",0,-0.08
428,36,"(14, 23)",1,-0.08
428,37,"(15, 23)",1,-0.08
428,38,"(16, 23)",1,-0.08
428,39,"(17, 23)",1,-0.08
428,40,"(18, 23)",1,-0.08
428,41,"(19, 23)",1,-0.08
428,42,"(20, 23)",1,-0.08
428,43,"(21, 23)",1,-0.08
428,44,"(22, 23)",1,-0.08
428,45,"(23, 23)",1,-0.08
428,46,"(24, 23)",1,-0.08
428,47,"(25, 23)",0,-0.08
428,48,"(25, 22)",0,-0.08
428,49,"(25, 21)",1,-0.08
428,50,"(26, 21)",1,-0.08
428,51,"(27, 21)",0,-0.08
428,52,"(27, 20)",1,-0.08
428,53,"(28, 20)",0,-0.08
428,54,"(28, 19)",1,-0.08
428,55,"(29, 19)",1,-0.08
428,56,"(30, 19)",1,-0.08
428,57,"(31, 19)",1,-0.08
428,58,"(32, 19)",1,-0.08
428,59,"(33, 19)",1,-0.08
428,60,"(34, 19)",1,-0.08
428,61,"(35, 19)",1,-0.08
428,62,"(36, 19)",1,-0.08
428,63,"(37, 19)",1,-0.08
428,64,"(38, 19)",1,-0.08
428,65,"(39, 19)",0,-0.08
428,66,"(39, 18)",0,-0.08
428,67,"(39, 17)",0,-0.08
428,68,"(39, 16)",0,-0.08
428,69,"(39, 15)",1,-0.08
428,70,"(40, 15)",0,-0.08
428,71,"(40, 14)",0,-0.08
428,72,"(40, 13)",1,-0.08
428,73,"(41, 13)",1,-0.08
428,74,"(42, 13)",1,-0.08
428,75,"(43, 13)",1,-0.08
428,76,"(44, 13)",0,-0.08
428,77,"(44, 12)",0,-0.08
428,78,"(44, 11)",1,-0.08
428,79,"(45, 11)",0,-0.08
428,80,"(45, 10)",1,-0.08
428,81,"(46, 10)",0,-0.08
428,82,"(46, 9)",0,-0.08
428,83,"(46, 8)",0,-0.08
428,84,"(46, 7)",1,-0.08
428,85,"(47, 7)",1,-0.08
428,86,"(48, 7)",1,-0.08
428,87,"(49, 7)",1,-0.08
428,88,"(50, 7)",1,-0.08
428,89,"(51, 7)",1,-0.08
428,90,"(52, 7)",1,-0.08
428,91,"(53, 7)",1,-0.08
428,92,"(54, 7)",1,-0.08
428,93,"(55, 7)",1,-0.08
428,94,"(56, 7)",1,-0.08
428,95,"(57, 7)",1,-0.08
428,96,"(58, 7)",1,-0.08
428,97,"(59, 7)",1,-0.08
428,98,"(60, 7)",1,-0.08
428,99,"(61, 7)",1,-0.08
428,100,"(62, 7)",1,-0.08
428,101,"(63, 7)",1,-0.08
428,102,"(64, 7)",1,-0.08
428,103,"(65, 7)",1,-0.08
428,104,"(66, 7)",1,-0.08
428,105,"(67, 7)",1,-0.08
428,106,"(68, 7)",1,-0.08
428,107,"(69, 7)",0,-0.08
428,108,"(69, 6)",1,-0.08
428,109,"(70, 6)",1,-0.08
428,110,"(71, 6)",0,-0.08
428,111,"(71, 5)",1,-0.08
428,112,"(72, 5)",1,-0.08
428,113,"(73, 5)",1,-0.08
428,114,"(74, 5)",0,-0.08
428,115,"(74, 4)",0,-0.08
428,116,"(74, 3)",1,-0.08
428,117,"(75, 3)",1,-0.08
428,118,"(76, 3)",0,-0.08
428,119,"(76, 2)",0,-0.08
428,120,"(76, 1)",0,-0.08
428,121,"(76, 0)",1,-0.08
428,122,"(77, 0)",1,-0.08
428,123,"(78, 0)",1,8.33
429,0,"(0, 39)",0,-0.08
429,1,"(0, 38)",0,-0.08
429,2,"(0, 37)",1,-0.08
429,3,"(1, 37)",1,-8.33
429,4,"(1, 37)",0,-8.33
429,5,"(1, 37)",3,-0.08
429,6,"(0, 37)",0,-0.08
429,7,"(0, 36)",0,-0.08
429,8,"(0, 35)",1,-0.08
429,9,"(1, 35)",0,-0.08
429,10,"(1, 34)",0,-0.08
429,11,"(1, 33)",0,-0.08
429,12,"(1, 32)",0,-0.08
429,13,"(1, 31)",0,-0.08
429,14,"(1, 30)",0,-0.08
429,15,"(1, 29)",0,-0.08
429,16,"(1, 28)",0,-0.08
429,17,"(1, 27)",0,-0.08
429,18,"(1, 26)",1,-0.08
429,19,"(2, 26)",1,-0.08
429,20,"(3, 26)",0,-0.08
429,21,"(3, 25)",1,-0.08
429,22,"(4, 25)",1,-0.08
429,23,"(5, 25)",1,-0.08
429,24,"(6, 25)",1,-0.08
429,25,"(7, 25)",1,-0.08
429,26,"(8, 25)",1,-0.08
429,27,"(9, 25)",1,-0.08
429,28,"(10, 25)",0,-0.08
429,29,"(10, 24)",1,-0.08
429,30,"(11, 24)",1,-0.08
429,31,"(12, 24)",1,-0.08
429,32,"(13, 24)",0,-0.08
429,33,"(13, 23)",1,-0.08
429,34,"(14, 23)",1,-0.08
429,35,"(15, 23)",1,-0.08
429,36,"(16, 23)",0,-0.08
429,37,"(16, 22)",1,-0.08
429,38,"(17, 22)",1,-0.08
429,39,"(18, 22)",1,-0.08
429,40,"(19, 22)",1,-0.08
429,41,"(20, 22)",0,-0.08
429,42,"(20, 21)",1,-0.08
429,43,"(21, 21)",0,-0.08
429,44,"(21, 20)",0,-0.08
429,45,"(21, 19)",1,-0.08
429,46,"(22, 19)",1,-0.08
429,47,"(23, 19)",0,-0.08
429,48,"(23, 18)",0,-0.08
429,49,"(23, 17)",0,-0.08
429,50,"(23, 16)",0,-0.08
429,51,"(23, 15)",1,-0.08
429,52,"(24, 15)",1,-0.08
429,53,"(25, 15)",1,-0.08
429,54,"(26, 15)",1,-0.08
429,55,"(27, 15)",0,-0.08
429,56,"(27, 14)",0,-0.08
429,57,"(27, 13)",1,-0.08
429,58,"(28, 13)",1,-0.08
429,59,"(29, 13)",1,-0.08
429,60,"(30, 13)",1,-0.08
429,61,"(31, 13)",1,-0.08
429,62,"(32, 13)",1,-0.08
429,63,"(33, 13)",1,-0.08
429,64,"(34, 13)",1,-0.08
429,65,"(35, 13)",1,-0.08
429,66,"(36, 13)",0,-0.08
429,67,"(36, 12)",1,-0.08
429,68,"(37, 12)",1,-0.08
429,69,"(38, 12)",1,-0.08
429,70,"(39, 12)",0,-0.08
429,71,"(39, 11)",1,-0.08
429,72,"(40, 11)",1,-0.08
429,73,"(41, 11)",1,-0.08
429,74,"(42, 11)",1,-0.08
429,75,"(43, 11)",1,-0.08
429,76,"(44, 11)",1,-0.08
429,77,"(45, 11)",0,-0.08
429,78,"(45, 10)",0,-0.08
429,79,"(45, 9)",0,-0.08
429,80,"(45, 8)",0,-0.08
429,81,"(45, 7)",1,-0.08
429,82,"(46, 7)",1,-0.08
429,83,"(47, 7)",1,-0.08
429,84,"(48, 7)",1,-0.08
429,85,"(49, 7)",1,-0.08
429,86,"(50, 7)",1,-0.08
429,87,"(51, 7)",1,-0.08
429,88,"(52, 7)",1,-0.08
429,89,"(53, 7)",1,-0.08
429,90,"(54, 7)",1,-0.08
429,91,"(55, 7)",1,-0.08
429,92,"(56, 7)",1,-0.08
429,93,"(57, 7)",1,-0.08
429,94,"(58, 7)",1,-0.08
429,95,"(59, 7)",1,-0.08
429,96,"(60, 7)",1,-0.08
429,97,"(61, 7)",1,-0.08
429,98,"(62, 7)",1,-0.08
429,99,"(63, 7)",1,-0.08
429,100,"(64, 7)",1,-0.08
429,101,"(65, 7)",1,-0.08
429,102,"(66, 7)",1,-0.08
429,103,"(67, 7)",1,-0.08
429,104,"(68, 7)",1,-0.08
429,105,"(69, 7)",1,-0.08
429,106,"(70, 7)",0,-0.08
429,107,"(70, 6)",1,-0.08
429,108,"(71, 6)",0,-0.08
429,109,"(71, 5)",1,-0.08
429,110,"(72, 5)",1,-0.08
429,111,"(73, 5)",1,-0.08
429,112,"(74, 5)",0,-0.08
429,113,"(74, 4)",0,-0.08
429,114,"(74, 3)",1,-0.08
429,115,"(75, 3)",1,-0.08
429,116,"(76, 3)",1,-0.08
429,117,"(77, 3)",0,-0.08
429,118,"(77, 2)",0,-0.08
429,119,"(77, 1)",0,-0.08
429,120,"(77, 0)",1,-0.08
429,121,"(78, 0)",1,8.33
430,0,"(0, 39)",0,-0.08
430,1,"(0, 38)",1,-0.08
430,2,"(1, 38)",1,-8.33
430,3,"(1, 38)",0,-0.08
430,4,"(1, 37)",0,-8.33
430,5,"(1, 37)",3,-0.08
430,6,"(0, 37)",0,-0.08
430,7,"(0, 36)",0,-0.08
430,8,"(0, 35)",0,-0.08
430,9,"(0, 34)",0,-0.08
430,10,"(0, 33)",1,-0.08
430,11,"(1, 33)",0,-0.08
430,12,"(1, 32)",0,-0.08
430,13,"(1, 31)",1,-0.08
430,14,"(2, 31)",1,-0.08
430,15,"(3, 31)",0,-8.33
430,16,"(3, 31)",2,-0.08
430,17,"(3, 32)",2,-0.08
430,18,"(3, 33)",1,-0.08
430,19,"(4, 33)",1,-0.08
430,20,"(5, 33)",0,-0.08
430,21,"(5, 32)",0,-0.08
430,22,"(5, 31)",0,-0.08
430,23,"(5, 30)",0,-0.08
430,24,"(5, 29)",1,-0.08
430,25,"(6, 29)",1,-0.08
430,26,"(7, 29)",0,-0.08
430,27,"(7, 28)",0,-0.08
430,28,"(7, 27)",0,-0.08
430,29,"(7, 26)",0,-0.08
430,30,"(7, 25)",1,-0.08
430,31,"(8, 25)",1,-0.08
430,32,"(9, 25)",1,-0.08
430,33,"(10, 25)",0,-0.08
430,34,"(10, 24)",1,-0.08
430,35,"(11, 24)",1,-0.08
430,36,"(12, 24)",1,-0.08
430,37,"(13, 24)",1,-0.08
430,38,"(14, 24)",0,-0.08
430,39,"(14, 23)",1,-0.08
430,40,"(15, 23)",1,-0.08
430,41,"(16, 23)",1,-0.08
430,42,"(17, 23)",1,-0.08
430,43,"(18, 23)",0,-0.08
430,44,"(18, 22)",1,-0.08
430,45,"(19, 22)",0,-0.08
430,46,"(19, 21)",1,-0.08
430,47,"(20, 21)",1,-0.08
430,48,"(21, 21)",0,-0.08
430,49,"(21, 20)",0,-0.08
430,50,"(21, 19)",1,-0.08
430,51,"(22, 19)",1,-0.08
430,52,"(23, 19)",0,-0.08
430,53,"(23, 18)",0,-0.08
430,54,"(23, 17)",1,-0.08
430,55,"(24, 17)",1,-0.08
430,56,"(25, 17)",1,-0.08
430,57,"(26, 17)",1,-0.08
430,58,"(27, 17)",1,-0.08
430,59,"(28, 17)",0,-0.08
430,60,"(28, 16)",1,-0.08
430,61,"(29, 16)",0,-0.08
430,62,"(29, 15)",1,-0.08
430,63,"(30, 15)",1,-0.08
430,64,"(31, 15)",0,-0.08
430,65,"(31, 14)",0,-0.08
430,66,"(31, 13)",1,-0.08
430,67,"(32, 13)",1,-0.08
430,68,"(33, 13)",1,-0.08
430,69,"(34, 13)",1,-0.08
430,70,"(35, 13)",0,-0.08
430,71,"(35, 12)",1,-0.08
430,72,"(36, 12)",1,-0.08
430,73,"(37, 12)",1,-0.08
430,74,"(38, 12)",1,-0.08
430,75,"(39, 12)",0,-0.08
430,76,"(39, 11)",1,-0.08
430,77,"(40, 11)",1,-0.08
430,78,"(41, 11)",1,-0.08
430,79,"(42, 11)",1,-0.08
430,80,"(43, 11)",1,-0.08
430,81,"(44, 11)",1,-0.08
430,82,"(45, 11)",0,-0.08
430,83,"(45, 10)",0,-0.08
430,84,"(45, 9)",0,-0.08
430,85,"(45, 8)",0,-0.08
430,86,"(45, 7)",1,-0.08
430,87,"(46, 7)",1,-0.08
430,88,"(47, 7)",1,-0.08
430,89,"(48, 7)",1,-0.08
430,90,"(49, 7)",1,-0.08
430,91,"(50, 7)",1,-0.08
430,92,"(51, 7)",1,-0.08
430,93,"(52, 7)",1,-0.08
430,94,"(53, 7)",1,-0.08
430,95,"(54, 7)",1,-0.08
430,96,"(55, 7)",1,-0.08
430,97,"(56, 7)",1,-0.08
430,98,"(57, 7)",1,-0.08
430,99,"(58, 7)",1,-0.08
430,100,"(59, 7)",1,-0.08
430,101,"(60, 7)",1,-0.08
430,102,"(61, 7)",1,-0.08
430,103,"(62, 7)",1,-0.08
430,104,"(63, 7)",1,-0.08
430,105,"(64, 7)",1,-0.08
430,106,"(65, 7)",1,-0.08
430,107,"(66, 7)",1,-0.08
430,108,"(67, 7)",1,-0.08
430,109,"(68, 7)",1,-0.08
430,110,"(69, 7)",0,-0.08
430,111,"(69, 6)",1,-0.08
430,112,"(70, 6)",1,-0.08
430,113,"(71, 6)",1,-0.08
430,114,"(72, 6)",0,-0.08
430,115,"(72, 5)",1,-0.08
430,116,"(73, 5)",1,-0.08
430,117,"(74, 5)",1,-0.08
430,118,"(75, 5)",0,-0.08
430,119,"(75, 4)",0,-0.08
430,120,"(75, 3)",1,-0.08
430,121,"(76, 3)",0,-0.08
430,122,"(76, 2)",1,-0.08
430,123,"(77, 2)",0,-0.08
430,124,"(77, 1)",1,-0.08
430,125,"(78, 1)",0,-0.08
430,126,"(78, 0)",1,8.33
431,0,"(0, 39)",1,-0.08
431,1,"(1, 39)",0,-0.08
431,2,"(1, 38)",1,-8.33
431,3,"(1, 38)",0,-0.08
431,4,"(1, 37)",0,-8.33
431,5,"(1, 37)",3,-0.08
431,6,"(0, 37)",0,-0.08
431,7,"(0, 36)",0,-0.08
431,8,"(0, 35)",0,-0.08
431,9,"(0, 34)",0,-0.08
431,10,"(0, 33)",1,-0.08
431,11,"(1, 33)",1,-0.08
431,12,"(2, 33)",0,-0.08
431,13,"(2, 32)",0,-0.08
431,14,"(2, 31)",1,-0.08
431,15,"(3, 31)",0,-8.33
431,16,"(3, 31)",0,-8.33
431,17,"(3, 31)",3,-0.08
431,18,"(2, 31)",3,-0.08
431,19,"(1, 31)",0,-0.08
431,20,"(1, 30)",0,-0.08
431,21,"(1, 29)",1,-0.08
431,22,"(2, 29)",1,-0.08
431,23,"(3, 29)",0,-0.08
431,24,"(3, 28)",0,-0.08
431,25,"(3, 27)",0,-0.08
431,26,"(3, 26)",0,-0.08
431,27,"(3, 25)",1,-0.08
431,28,"(4, 25)",1,-0.08
431,29,"(5, 25)",1,-0.08
431,30,"(6, 25)",1,-0.08
431,31,"(7, 25)",1,-0.08
431,32,"(8, 25)",1,-0.08
431,33,"(9, 25)",1,-0.08
431,34,"(10, 25)",0,-0.08
431,35,"(10, 24)",1,-0.08
431,36,"(11, 24)",1,-0.08
431,37,"(12, 24)",1,-0.08
431,38,"(13, 24)",1,-0.08
431,39,"(14, 24)",0,-0.08
431,40,"(14, 23)",1,-0.08
431,41,"(15, 23)",1,-0.08
431,42,"(16, 23)",0,-0.08
431,43,"(16, 22)",1,-0.08
431,44,"(17, 22)",1,-0.08
431,45,"(18, 22)",1,-0.08
431,46,"(19, 22)",1,-0.08
431,47,"(20, 22)",0,-0.08
431,48,"(20, 21)",0,-0.08
431,49,"(20, 20)",0,-0.08
431,50,"(20, 19)",1,-0.08
431,51,"(21, 19)",1,-0.08
431,52,"(22, 19)",1,-0.08
431,53,"(23, 19)",0,-0.08
431,54,"(23, 18)",0,-0.08
431,55,"(23, 17)",0,-0.08
431,56,"(23, 16)",0,-0.08
431,57,"(23, 15)",1,-0.08
431,58,"(24, 15)",1,-0.08
431,59,"(25, 15)",1,-0.08
431,60,"(26, 15)",1,-0.08
431,61,"(27, 15)",0,-0.08
431,62,"(27, 14)",0,-0.08
431,63,"(27, 13)",1,-0.08
431,64,"(28, 13)",1,-0.08
431,65,"(29, 13)",1,-0.08
431,66,"(30, 13)",1,-0.08
431,67,"(31, 13)",1,-0.08
431,68,"(32, 13)",1,-0.08
431,69,"(33, 13)",1,-0.08
431,70,"(34, 13)",1,-0.08
431,71,"(35, 13)",1,-0.08
431,72,"(36, 13)",0,-0.08
431,73,"(36, 12)",1,-0.08
431,74,"(37, 12)",1,-0.08
431,75,"(38, 12)",1,-0.08
431,76,"(39, 12)",0,-0.08
431,77,"(39, 11)",1,-0.08
431,78,"(40, 11)",1,-0.08
431,79,"(41, 11)",1,-0.08
431,80,"(42, 11)",1,-0.08
431,81,"(43, 11)",1,-0.08
431,82,"(44, 11)",1,-0.08
431,83,"(45, 11)",0,-0.08
431,84,"(45, 10)",1,-0.08
431,85,"(46, 10)",0,-0.08
431,86,"(46, 9)",0,-0.08
431,87,"(46, 8)",0,-0.08
431,88,"(46, 7)",1,-0.08
431,89,"(47, 7)",1,-0.08
431,90,"(48, 7)",1,-0.08
431,91,"(49, 7)",1,-0.08
431,92,"(50, 7)",1,-0.08
431,93,"(51, 7)",1,-0.08
431,94,"(52, 7)",1,-0.08
431,95,"(53, 7)",1,-0.08
431,96,"(54, 7)",1,-0.08
431,97,"(55, 7)",1,-0.08
431,98,"(56, 7)",1,-0.08
431,99,"(57, 7)",1,-0.08
431,100,"(58, 7)",1,-0.08
431,101,"(59, 7)",1,-0.08
431,102,"(60, 7)",1,-0.08
431,103,"(61, 7)",1,-0.08
431,104,"(62, 7)",1,-0.08
431,105,"(63, 7)",1,-0.08
431,106,"(64, 7)",1,-0.08
431,107,"(65, 7)",1,-0.08
431,108,"(66, 7)",1,-0.08
431,109,"(67, 7)",1,-0.08
431,110,"(68, 7)",1,-0.08
431,111,"(69, 7)",1,-0.08
431,112,"(70, 7)",0,-0.08
431,113,"(70, 6)",1,-0.08
431,114,"(71, 6)",0,-0.08
431,115,"(71, 5)",1,-0.08
431,116,"(72, 5)",1,-0.08
431,117,"(73, 5)",1,-0.08
431,118,"(74, 5)",1,-0.08
431,119,"(75, 5)",1,-0.08
431,120,"(76, 5)",1,-0.08
431,121,"(77, 5)",0,-0.08
431,122,"(77, 4)",0,-0.08
431,123,"(77, 3)",0,-0.08
431,124,"(77, 2)",0,-0.08
431,125,"(77, 1)",1,-0.08
431,126,"(78, 1)",0,-0.08
431,127,"(78, 0)",1,8.33
432,0,"(0, 39)",0,-0.08
432,1,"(0, 38)",1,-0.08
432,2,"(1, 38)",1,-8.33
432,3,"(1, 38)",0,-0.08
432,4,"(1, 37)",0,-8.33
432,5,"(1, 37)",3,-0.08
432,6,"(0, 37)",0,-0.08
432,7,"(0, 36)",0,-0.08
432,8,"(0, 35)",0,-0.08
432,9,"(0, 34)",1,-0.08
432,10,"(1, 34)",1,-0.08
432,11,"(2, 34)",0,-0.08
432,12,"(2, 33)",1,-0.08
432,13,"(3, 33)",1,-0.08
432,14,"(4, 33)",1,-0.08
432,15,"(5, 33)",1,-0.08
432,16,"(6, 33)",1,-0.08
432,17,"(7, 33)",1,-0.08
432,18,"(8, 33)",1,-0.08
432,19,"(9, 33)",1,-0.08
432,20,"(10, 33)",1,-0.08
432,21,"(11, 33)",0,-0.08
432,22,"(11, 32)",0,-0.08
432,23,"(11, 31)",1,-0.08
432,24,"(12, 31)",1,-0.08
432,25,"(13, 31)",0,-0.08
432,26,"(13, 30)",0,-0.08
432,27,"(13, 29)",1,-0.08
432,28,"(14, 29)",0,-0.08
432,29,"(14, 28)",1,-0.08
432,30,"(15, 28)",0,-0.08
432,31,"(15, 27)",1,-0.08
432,32,"(16, 27)",0,-0.08
432,33,"(16, 26)",0,-0.08
432,34,"(16, 25)",1,-0.08
432,35,"(17, 25)",0,-0.08
432,36,"(17, 24)",1,-8.33
432,37,"(17, 24)",0,-0.08
432,38,"(17, 23)",1,-0.08
432,39,"(18, 23)",1,-0.08
432,40,"(19, 23)",0,-0.08
432,41,"(19, 22)",1,-0.08
432,42,"(20, 22)",1,-0.08
432,43,"(21, 22)",0,-0.08
432,44,"(21, 21)",0,-0.08
432,45,"(21, 20)",0,-0.08
432,46,"(21, 19)",1,-0.08
432,47,"(22, 19)",1,-0.08
432,48,"(23, 19)",0,-0.08
432,49,"(23, 18)",0,-0.08
432,50,"(23, 17)",1,-0.08
432,51,"(24, 17)",1,-0.08
432,52,"(25, 17)",1,-0.08
432,53,"(26, 17)",1,-0.08
432,54,"(27, 17)",1,-0.08
432,55,"(28, 17)",1,-0.08
432,56,"(29, 17)",1,-0.08
432,57,"(30, 17)",1,-0.08
432,58,"(31, 17)",1,-0.08
432,59,"(32, 17)",1,-0.08
432,60,"(33, 17)",1,-0.08
432,61,"(34, 17)",1,-0.08
432,62,"(35, 17)",0,-0.08
432,63,"(35, 16)",1,-0.08
432,64,"(36, 16)",1,-0.08
432,65,"(37, 16)",0,-0.08
432,66,"(37, 15)",0,-0.08
432,67,"(37, 14)",0,-0.08
432,68,"(37, 13)",0,-0.08
432,69,"(37, 12)",1,-0.08
432,70,"(38, 12)",1,-0.08
432,71,"(39, 12)",0,-0.08
432,72,"(39, 11)",1,-0.08
432,73,"(40, 11)",1,-0.08
432,74,"(41, 11)",1,-0.08
432,75,"(42, 11)",1,-0.08
432,76,"(43, 11)",1,-0.08
432,77,"(44, 11)",1,-0.08
432,78,"(45, 11)",0,-0.08
432,79,"(45, 10)",0,-0.08
432,80,"(45, 9)",1,-0.08
432,81,"(46, 9)",0,-0.08
432,82,"(46, 8)",0,-0.08
432,83,"(46, 7)",1,-0.08
432,84,"(47, 7)",1,-0.08
432,85,"(48, 7)",1,-0.08
432,86,"(49, 7)",1,-0.08
432,87,"(50, 7)",1,-0.08
432,88,"(51, 7)",1,-0.08
432,89,"(52, 7)",1,-0.08
432,90,"(53, 7)",1,-0.08
432,91,"(54, 7)",1,-0.08
432,92,"(55, 7)",1,-0.08
432,93,"(56, 7)",1,-0.08
432,94,"(57, 7)",1,-0.08
432,95,"(58, 7)",1,-0.08
432,96,"(59, 7)",1,-0.08
432,97,"(60, 7)",1,-0.08
432,98,"(61, 7)",1,-0.08
432,99,"(62, 7)",1,-0.08
432,100,"(63, 7)",1,-0.08
432,101,"(64, 7)",1,-0.08
432,102,"(65, 7)",1,-0.08
432,103,"(66, 7)",1,-0.08
432,104,"(67, 7)",1,-0.08
432,105,"(68, 7)",1,-0.08
432,106,"(69, 7)",0,-0.08
432,107,"(69, 6)",1,-0.08
432,108,"(70, 6)",1,-0.08
432,109,"(71, 6)",1,-0.08
432,110,"(72, 6)",1,-0.08
432,111,"(73, 6)",0,-0.08
432,112,"(73, 5)",1,-0.08
432,113,"(74, 5)",1,-0.08
432,114,"(75, 5)",0,-0.08
432,115,"(75, 4)",0,-0.08
432,116,"(75, 3)",1,-0.08
432,117,"(76, 3)",0,-0.08
432,118,"(76, 2)",0,-0.08
432,119,"(76, 1)",1,-0.08
432,120,"(77, 1)",1,-0.08
432,121,"(78, 1)",0,-0.08
432,122,"(78, 0)",1,8.33
433,0,"(0, 39)",1,-0.08
433,1,"(1, 39)",0,-0.08
433,2,"(1, 38)",1,-8.33
433,3,"(1, 38)",0,-0.08
433,4,"(1, 37)",0,-8.33
433,5,"(1, 37)",3,-0.08
433,6,"(0, 37)",0,-0.08
433,7,"(0, 36)",0,-0.08
433,8,"(0, 35)",1,-0.08
433,9,"(1, 35)",0,-0.08
433,10,"(1, 34)",1,-0.08
433,11,"(2, 34)",0,-0.08
433,12,"(2, 33)",1,-0.08
433,13,"(3, 33)",1,-0.08
433,14,"(4, 33)",1,-0.08
433,15,"(5, 33)",1,-0.08
433,16,"(6, 33)",1,-0.08
433,17,"(7, 33)",1,-0.08
433,18,"(8, 33)",1,-0.08
433,19,"(9, 33)",1,-0.08
433,20,"(10, 33)",1,-0.08
433,21,"(11, 33)",0,-0.08
433,22,"(11, 32)",1,-0.08
433,23,"(12, 32)",0,-0.08
433,24,"(12, 31)",1,-0.08
433,25,"(13, 31)",0,-0.08
433,26,"(13, 30)",0,-0.08
433,27,"(13, 29)",0,-0.08
433,28,"(13, 28)",1,-0.08
433,29,"(14, 28)",1,-0.08
433,30,"(15, 28)",0,-0.08
433,31,"(15, 27)",1,-0.08
433,32,"(16, 27)",0,-0.08
433,33,"(16, 26)",0,-0.08
433,34,"(16, 25)",1,-0.08
433,35,"(17, 25)",0,-0.08
433,36,"(17, 24)",0,-0.08
433,37,"(17, 23)",1,-0.08
433,38,"(18, 23)",0,-0.08
433,39,"(18, 22)",1,-0.08
433,40,"(19, 22)",1,-0.08
433,41,"(20, 22)",0,-0.08
433,42,"(20, 21)",1,-0.08
433,43,"(21, 21)",0,-0.08
433,44,"(21, 20)",0,-0.08
433,45,"(21, 19)",1,-0.08
433,46,"(22, 19)",0,-8.33
433,47,"(22, 19)",1,-0.08
433,48,"(23, 19)",0,-0.08
433,49,"(23, 18)",0,-0.08
433,50,"(23, 17)",1,-0.08
433,51,"(24, 17)",1,-0.08
433,52,"(25, 17)",1,-0.08
433,53,"(26, 17)",1,-0.08
433,54,"(27, 17)",1,-0.08
433,55,"(28, 17)",0,-0.08
433,56,"(28, 16)",0,-0.08
433,57,"(28, 15)",1,-0.08
433,58,"(29, 15)",1,-0.08
433,59,"(30, 15)",1,-0.08
433,60,"(31, 15)",1,-0.08
433,61,"(32, 15)",1,-0.08
433,62,"(33, 15)",1,-0.08
433,63,"(34, 15)",1,-0.08
433,64,"(35, 15)",0,-0.08
433,65,"(35, 14)",0,-0.08
433,66,"(35, 13)",0,-0.08
433,67,"(35, 12)",1,-0.08
433,68,"(36, 12)",1,-0.08
433,69,"(37, 12)",1,-0.08
433,70,"(38, 12)",1,-0.08
433,71,"(39, 12)",0,-0.08
433,72,"(39, 11)",1,-0.08
433,73,"(40, 11)",1,-0.08
433,74,"(41, 11)",1,-0.08
433,75,"(42, 11)",1,-0.08
433,76,"(43, 11)",1,-0.08
433,77,"(44, 11)",1,-0.08
433,78,"(45, 11)",0,-0.08
433,79,"(45, 10)",0,-0.08
433,80,"(45, 9)",0,-0.08
433,81,"(45, 8)",1,-0.08
433,82,"(46, 8)",0,-0.08
433,83,"(46, 7)",1,-0.08
433,84,"(47, 7)",1,-0.08
433,85,"(48, 7)",1,-0.08
433,86,"(49, 7)",1,-0.08
433,87,"(50, 7)",1,-0.08
433,88,"(51, 7)",1,-0.08
433,89,"(52, 7)",1,-0.08
433,90,"(53, 7)",1,-0.08
433,91,"(54, 7)",1,-0.08
433,92,"(55, 7)",1,-0.08
433,93,"(56, 7)",1,-0.08
433,94,"(57, 7)",1,-0.08
433,95,"(58, 7)",1,-0.08
433,96,"(59, 7)",1,-0.08
433,97,"(60, 7)",1,-0.08
433,98,"(61, 7)",1,-0.08
433,99,"(62, 7)",1,-0.08
433,100,"(63, 7)",1,-0.08
433,101,"(64, 7)",1,-0.08
433,102,"(65, 7)",1,-0.08
433,103,"(66, 7)",1,-0.08
433,104,"(67, 7)",1,-0.08
433,105,"(68, 7)",1,-0.08
433,106,"(69, 7)",1,-0.08
433,107,"(70, 7)",1,-0.08
433,108,"(71, 7)",1,-0.08
433,109,"(72, 7)",0,-0.08
433,110,"(72, 6)",0,-0.08
433,111,"(72, 5)",1,-0.08
433,112,"(73, 5)",1,-0.08
433,113,"(74, 5)",1,-0.08
433,114,"(75, 5)",0,-0.08
433,115,"(75, 4)",0,-0.08
433,116,"(75, 3)",1,-0.08
433,117,"(76, 3)",1,-0.08
433,118,"(77, 3)",0,-0.08
433,119,"(77, 2)",0,-0.08
433,120,"(77, 1)",0,-0.08
433,121,"(77, 0)",1,-0.08
433,122,"(78, 0)",1,8.33
434,0,"(0, 39)",0,-0.08
434,1,"(0, 38)",0,-0.08
434,2,"(0, 37)",1,-0.08
434,3,"(1, 37)",0,-8.33
434,4,"(1, 37)",3,-0.08
434,5,"(0, 37)",0,-0.08
434,6,"(0, 36)",0,-0.08
434,7,"(0, 35)",1,-0.08
434,8,"(1, 35)",0,-0.08
434,9,"(1, 34)",1,-0.08
434,10,"(2, 34)",0,-0.08
434,11,"(2, 33)",1,-0.08
434,12,"(3, 33)",1,-0.08
434,13,"(4, 33)",1,-0.08
434,14,"(5, 33)",1,-0.08
434,15,"(6, 33)",1,-0.08
434,16,"(7, 33)",1,-0.08
434,17,"(8, 33)",1,-0.08
434,18,"(9, 33)",0,-0.08
434,19,"(9, 32)",0,-0.08
434,20,"(9, 31)",0,-0.08
434,21,"(9, 30)",0,-0.08
434,22,"(9, 29)",1,-0.08
434,23,"(10, 29)",0,-0.08
434,24,"(10, 28)",0,-0.08
434,25,"(10, 27)",1,-0.08
434,26,"(11, 27)",1,-0.08
434,27,"(12, 27)",0,-0.08
434,28,"(12, 26)",1,-0.08
434,29,"(13, 26)",0,-0.08
434,30,"(13, 25)",0,-0.08
434,31,"(13, 24)",0,-0.08
434,32,"(13, 23)",1,-0.08
434,33,"(14, 23)",1,-0.08
434,34,"(15, 23)",1,-0.08
434,35,"(16, 23)",0,-0.08
434,36,"(16, 22)",1,-0.08
434,37,"(17, 22)",1,-0.08
434,38,"(18, 22)",1,-0.08
434,39,"(19, 22)",0,-0.08
434,40,"(19, 21)",0,-0.08
434,41,"(19, 20)",0,-0.08
434,42,"(19, 19)",1,-0.08
434,43,"(20, 19)",1,-0.08
434,44,"(21, 19)",0,-0.08
434,45,"(21, 18)",1,-8.33
434,46,"(21, 18)",2,-0.08
434,47,"(21, 19)",1,-0.08
434,48,"(22, 19)",1,-0.08
434,49,"(23, 19)",0,-0.08
434,50,"(23, 18)",0,-0.08
434,51,"(23, 17)",0,-0.08
434,52,"(23, 16)",0,-0.08
434,53,"(23, 15)",1,-0.08
434,54,"(24, 15)",1,-0.08
434,55,"(25, 15)",1,-0.08
434,56,"(26, 15)",1,-0.08
434,57,"(27, 15)",1,-0.08
434,58,"(28, 15)",1,-0.08
434,59,"(29, 15)",1,-0.08
434,60,"(30, 15)",1,-0.08
434,61,"(31, 15)",1,-0.08
434,62,"(32, 15)",0,-0.08
434,63,"(32, 14)",0,-0.08
434,64,"(32, 13)",1,-0.08
434,65,"(33, 13)",1,-0.08
434,66,"(34, 13)",1,-0.08
434,67,"(35, 13)",1,-0.08
434,68,"(36, 13)",1,-0.08
434,69,"(37, 13)",0,-0.08
434,70,"(37, 12)",1,-0.08
434,71,"(38, 12)",1,-0.08
434,72,"(39, 12)",0,-0.08
434,73,"(39, 11)",1,-0.08
434,74,"(40, 11)",1,-0.08
434,75,"(41, 11)",1,-0.08
434,76,"(42, 11)",1,-0.08
434,77,"(43, 11)",1,-0.08
434,78,"(44, 11)",1,-0.08
434,79,"(45, 11)",0,-0.08
434,80,"(45, 10)",0,-0.08
434,81,"(45, 9)",0,-0.08
434,82,"(45, 8)",1,-0.08
434,83,"(46, 8)",0,-0.08
434,84,"(46, 7)",1,-0.08
434,85,"(47, 7)",1,-0.08
434,86,"(48, 7)",1,-0.08
434,87,"(49, 7)",1,-0.08
434,88,"(50, 7)",1,-0.08
434,89,"(51, 7)",1,-0.08
434,90,"(52, 7)",1,-0.08
434,91,"(53, 7)",1,-0.08
434,92,"(54, 7)",1,-0.08
434,93,"(55, 7)",1,-0.08
434,94,"(56, 7)",1,-0.08
434,95,"(57, 7)",1,-0.08
434,96,"(58, 7)",1,-0.08
434,97,"(59, 7)",1,-0.08
434,98,"(60, 7)",1,-0.08
434,99,"(61, 7)",1,-0.08
434,100,"(62, 7)",1,-0.08
434,101,"(63, 7)",1,-0.08
434,102,"(64, 7)",1,-0.08
434,103,"(65, 7)",1,-0.08
434,104,"(66, 7)",1,-0.08
434,105,"(67, 7)",1,-0.08
434,106,"(68, 7)",1,-0.08
434,107,"(69, 7)",1,-0.08
434,108,"(70, 7)",0,-0.08
434,109,"(70, 6)",1,-0.08
434,110,"(71, 6)",0,-0.08
434,111,"(71, 5)",1,-0.08
434,112,"(72, 5)",1,-0.08
434,113,"(73, 5)",1,-0.08
434,114,"(74, 5)",0,-0.08
434,115,"(74, 4)",0,-0.08
434,116,"(74, 3)",1,-0.08
434,117,"(75, 3)",1,-0.08
434,118,"(76, 3)",0,-0.08
434,119,"(76, 2)",1,-0.08
434,120,"(77, 2)",0,-0.08
434,121,"(77, 1)",1,-0.08
434,122,"(78, 1)",0,-0.08
434,123,"(78, 0)",1,8.33
435,0,"(0, 39)",1,-0.08
435,1,"(1, 39)",0,-0.08
435,2,"(1, 38)",1,-8.33
435,3,"(1, 38)",0,-0.08
435,4,"(1, 37)",0,-8.33
435,5,"(1, 37)",3,-0.08
435,6,"(0, 37)",0,-0.08
435,7,"(0, 36)",0,-0.08
435,8,"(0, 35)",1,-0.08
435,9,"(1, 35)",0,-0.08
435,10,"(1, 34)",1,-0.08
435,11,"(2, 34)",0,-0.08
435,12,"(2, 33)",1,-0.08
435,13,"(3, 33)",0,-0.08
435,14,"(3, 32)",0,-0.08
435,15,"(3, 31)",0,-8.33
435,16,"(3, 31)",2,-0.08
435,17,"(3, 32)",2,-0.08
435,18,"(3, 33)",1,-0.08
435,19,"(4, 33)",1,-0.08
435,20,"(5, 33)",0,-0.08
435,21,"(5, 32)",0,-0.08
435,22,"(5, 31)",0,-0.08
435,23,"(5, 30)",0,-0.08
435,24,"(5, 29)",1,-0.08
435,25,"(6, 29)",1,-0.08
435,26,"(7, 29)",0,-0.08
435,27,"(7, 28)",0,-0.08
435,28,"(7, 27)",0,-0.08
435,29,"(7, 26)",0,-0.08
435,30,"(7, 25)",1,-0.08
435,31,"(8, 25)",1,-0.08
435,32,"(9, 25)",1,-0.08
435,33,"(10, 25)",0,-0.08
435,34,"(10, 24)",1,-0.08
435,35,"(11, 24)",1,-0.08
435,36,"(12, 24)",1,-0.08
435,37,"(13, 24)",1,-0.08
435,38,"(14, 24)",0,-0.08
435,39,"(14, 23)",1,-0.08
435,40,"(15, 23)",1,-0.08
435,41,"(16, 23)",1,-0.08
435,42,"(17, 23)",1,-0.08
435,43,"(18, 23)",0,-0.08
435,44,"(18, 22)",1,-0.08
435,45,"(19, 22)",1,-0.08
435,46,"(20, 22)",1,-0.08
435,47,"(21, 22)",0,-0.08
435,48,"(21, 21)",1,-0.08
435,49,"(22, 21)",0,-0.08
435,50,"(22, 20)",1,-0.08
435,51,"(23, 20)",1,-0.08
435,52,"(24, 20)",1,-0.08
435,53,"(25, 20)",0,-0.08
435,54,"(25, 19)",1,-0.08
435,55,"(26, 19)",1,-0.08
435,56,"(27, 19)",1,-0.08
435,57,"(28, 19)",1,-0.08
435,58,"(29, 19)",1,-0.08
435,59,"(30, 19)",1,-0.08
435,60,"(31, 19)",1,-0.08
435,61,"(32, 19)",0,-0.08
435,62,"(32, 18)",0,-0.08
435,63,"(32, 17)",0,-0.08
435,64,"(32, 16)",0,-0.08
435,65,"(32, 15)",0,-0.08
435,66,"(32, 14)",0,-0.08
435,67,"(32, 13)",1,-0.08
435,68,"(33, 13)",1,-0.08
435,69,"(34, 13)",1,-0.08
435,70,"(35, 13)",0,-0.08
435,71,"(35, 12)",1,-0.08
435,72,"(36, 12)",1,-0.08
435,73,"(37, 12)",1,-0.08
435,74,"(38, 12)",1,-0.08
435,75,"(39, 12)",0,-0.08
435,76,"(39, 11)",1,-0.08
435,77,"(40, 11)",1,-0.08
435,78,"(41, 11)",1,-0.08
435,79,"(42, 11)",1,-0.08
435,80,"(43, 11)",1,-0.08
435,81,"(44, 11)",1,-0.08
435,82,"(45, 11)",0,-0.08
435,83,"(45, 10)",0,-0.08
435,84,"(45, 9)",1,-0.08
435,85,"(46, 9)",0,-0.08
435,86,"(46, 8)",0,-0.08
435,87,"(46, 7)",1,-0.08
435,88,"(47, 7)",1,-0.08
435,89,"(48, 7)",1,-0.08
435,90,"(49, 7)",1,-0.08
435,91,"(50, 7)",1,-0.08
435,92,"(51, 7)",1,-0.08
435,93,"(52, 7)",1,-0.08
435,94,"(53, 7)",1,-0.08
435,95,"(54, 7)",1,-0.08
435,96,"(55, 7)",1,-0.08
435,97,"(56, 7)",1,-0.08
435,98,"(57, 7)",1,-0.08
435,99,"(58, 7)",1,-0.08
435,100,"(59, 7)",1,-0.08
435,101,"(60, 7)",1,-0.08
435,102,"(61, 7)",1,-0.08
435,103,"(62, 7)",1,-0.08
435,104,"(63, 7)",1,-0.08
435,105,"(64, 7)",1,-0.08
435,106,"(65, 7)",1,-0.08
435,107,"(66, 7)",1,-0.08
435,108,"(67, 7)",1,-0.08
435,109,"(68, 7)",1,-0.08
435,110,"(69, 7)",0,-0.08
435,111,"(69, 6)",1,-0.08
435,112,"(70, 6)",1,-0.08
435,113,"(71, 6)",0,-0.08
435,114,"(71, 5)",1,-0.08
435,115,"(72, 5)",1,-0.08
435,116,"(73, 5)",1,-0.08
435,117,"(74, 5)",1,-0.08
435,118,"(75, 5)",1,-0.08
435,119,"(76, 5)",1,-0.08
435,120,"(77, 5)",0,-0.08
435,121,"(77, 4)",0,-0.08
435,122,"(77, 3)",0,-0.08
435,123,"(77, 2)",0,-0.08
435,124,"(77, 1)",1,-0.08
435,125,"(78, 1)",0,-0.08
435,126,"(78, 0)",1,8.33
436,0,"(0, 39)",0,-0.08
436,1,"(0, 38)",1,-0.08
436,2,"(1, 38)",1,-8.33
436,3,"(1, 38)",0,-0.08
436,4,"(1, 37)",0,-8.33
436,5,"(1, 37)",3,-0.08
436,6,"(0, 37)",0,-0.08
436,7,"(0, 36)",0,-0.08
436,8,"(0, 35)",1,-0.08
436,9,"(1, 35)",0,-0.08
436,10,"(1, 34)",0,-0.08
436,11,"(1, 33)",0,-0.08
436,12,"(1, 32)",0,-0.08
436,13,"(1, 31)",0,-0.08
436,14,"(1, 30)",0,-0.08
436,15,"(1, 29)",1,-0.08
436,16,"(2, 29)",1,-0.08
436,17,"(3, 29)",0,-0.08
436,18,"(3, 28)",0,-0.08
436,19,"(3, 27)",0,-0.08
436,20,"(3, 26)",0,-0.08
436,21,"(3, 25)",1,-0.08
436,22,"(4, 25)",1,-0.08
436,23,"(5, 25)",1,-0.08
436,24,"(6, 25)",1,-0.08
436,25,"(7, 25)",1,-0.08
436,26,"(8, 25)",1,-0.08
436,27,"(9, 25)",1,-0.08
436,28,"(10, 25)",1,-0.08
436,29,"(11, 25)",0,-0.08
436,30,"(11, 24)",1,-0.08
436,31,"(12, 24)",1,-0.08
436,32,"(13, 24)",1,-0.08
436,33,"(14, 24)",0,-0.08
436,34,"(14, 23)",1,-0.08
436,35,"(15, 23)",1,-0.08
436,36,"(16, 23)",0,-0.08
436,37,"(16, 22)",1,-0.08
436,38,"(17, 22)",1,-0.08
436,39,"(18, 22)",1,-0.08
436,40,"(19, 22)",0,-0.08
436,41,"(19, 21)",0,-0.08
436,42,"(19, 20)",1,-0.08
436,43,"(20, 20)",1,-0.08
436,44,"(21, 20)",0,-0.08
436,45,"(21, 19)",1,-0.08
436,46,"(22, 19)",0,-8.33
436,47,"(22, 19)",1,-0.08
436,48,"(23, 19)",0,-0.08
436,49,"(23, 18)",0,-0.08
436,50,"(23, 17)",0,-0.08
436,51,"(23, 16)",0,-0.08
436,52,"(23, 15)",1,-0.08
436,53,"(24, 15)",1,-0.08
436,54,"(25, 15)",1,-0.08
436,55,"(26, 15)",1,-0.08
436,56,"(27, 15)",1,-0.08
436,57,"(28, 15)",1,-0.08
436,58,"(29, 15)",1,-0.08
436,59,"(30, 15)",1,-0.08
436,60,"(31, 15)",0,-0.08
436,61,"(31, 14)",1,-0.08
436,62,"(32, 14)",0,-0.08
436,63,"(32, 13)",1,-0.08
436,64,"(33, 13)",1,-0.08
436,65,"(34, 13)",1,-0.08
436,66,"(35, 13)",1,-0.08
436,67,"(36, 13)",1,-0.08
436,68,"(37, 13)",0,-0.08
436,69,"(37, 12)",1,-0.08
436,70,"(38, 12)",1,-0.08
436,71,"(39, 12)",0,-0.08
436,72,"(39, 11)",1,-0.08
436,73,"(40, 11)",1,-0.08
436,74,"(41, 11)",1,-0.08
436,75,"(42, 11)",1,-0.08
436,76,"(43, 11)",1,-0.08
436,77,"(44, 11)",1,-0.08
436,78,"(45, 11)",0,-0.08
436,79,"(45, 10)",1,-0.08
436,80,"(46, 10)",0,-0.08
436,81,"(46, 9)",0,-0.08
436,82,"(46, 8)",0,-0.08
436,83,"(46, 7)",1,-0.08
436,84,"(47, 7)",1,-0.08
436,85,"(48, 7)",1,-0.08
436,86,"(49, 7)",1,-0.08
436,87,"(50, 7)",1,-0.08
436,88,"(51, 7)",1,-0.08
436,89,"(52, 7)",1,-0.08
436,90,"(53, 7)",1,-0.08
436,91,"(54, 7)",1,-0.08
436,92,"(55, 7)",1,-0.08
436,93,"(56, 7)",1,-0.08
436,94,"(57, 7)",1,-0.08
436,95,"(58, 7)",1,-0.08
436,96,"(59, 7)",1,-0.08
436,97,"(60, 7)",1,-0.08
436,98,"(61, 7)",1,-0.08
436,99,"(62, 7)",1,-0.08
436,100,"(63, 7)",1,-0.08
436,101,"(64, 7)",1,-0.08
436,102,"(65, 7)",1,-0.08
436,103,"(66, 7)",1,-0.08
436,104,"(67, 7)",1,-0.08
436,105,"(68, 7)",1,-0.08
436,106,"(69, 7)",1,-0.08
436,107,"(70, 7)",1,-0.08
436,108,"(71, 7)",0,-0.08
436,109,"(71, 6)",1,-0.08
436,110,"(72, 6)",0,-0.08
436,111,"(72, 5)",1,-0.08
436,112,"(73, 5)",1,-0.08
436,113,"(74, 5)",0,-0.08
436,114,"(74, 4)",1,-0.08
436,115,"(75, 4)",0,-0.08
436,116,"(75, 3)",1,-0.08
436,117,"(76, 3)",1,-0.08
436,118,"(77, 3)",0,-0.08
436,119,"(77, 2)",0,-0.08
436,120,"(77, 1)",0,-0.08
436,121,"(77, 0)",1,-0.08
436,122,"(78, 0)",1,8.33
437,0,"(0, 39)",0,-0.08
437,1,"(0, 38)",1,-0.08
437,2,"(1, 38)",0,-0.08
437,3,"(1, 37)",1,-8.33
437,4,"(1, 37)",0,-8.33
437,5,"(1, 37)",3,-0.08
437,6,"(0, 37)",0,-0.08
437,7,"(0, 36)",0,-0.08
437,8,"(0, 35)",0,-0.08
437,9,"(0, 34)",1,-0.08
437,10,"(1, 34)",1,-0.08
437,11,"(2, 34)",0,-0.08
437,12,"(2, 33)",0,-0.08
437,13,"(2, 32)",1,-0.08
437,14,"(3, 32)",0,-0.08
437,15,"(3, 31)",0,-8.33
437,16,"(3, 31)",0,-8.33
437,17,"(3, 31)",3,-0.08
437,18,"(2, 31)",3,-0.08
437,19,"(1, 31)",0,-0.08
437,20,"(1, 30)",0,-0.08
437,21,"(1, 29)",1,-0.08
437,22,"(2, 29)",1,-0.08
437,23,"(3, 29)",0,-0.08
437,24,"(3, 28)",0,-0.08
437,25,"(3, 27)",0,-0.08
437,26,"(3, 26)",0,-0.08
437,27,"(3, 25)",1,-0.08
437,28,"(4, 25)",1,-0.08
437,29,"(5, 25)",1,-0.08
437,30,"(6, 25)",1,-0.08
437,31,"(7, 25)",1,-0.08
437,32,"(8, 25)",1,-0.08
437,33,"(9, 25)",0,-0.08
437,34,"(9, 24)",1,-0.08
437,35,"(10, 24)",1,-0.08
437,36,"(11, 24)",1,-0.08
437,37,"(12, 24)",1,-0.08
437,38,"(13, 24)",0,-0.08
437,39,"(13, 23)",1,-0.08
437,40,"(14, 23)",1,-0.08
437,41,"(15, 23)",1,-0.08
437,42,"(16, 23)",0,-0.08
437,43,"(16, 22)",1,-0.08
437,44,"(17, 22)",1,-0.08
437,45,"(18, 22)",1,-0.08
437,46,"(19, 22)",1,-0.08
437,47,"(20, 22)",1,-0.08
437,48,"(21, 22)",0,-0.08
437,49,"(21, 21)",1,-0.08
437,50,"(22, 21)",1,-0.08
437,51,"(23, 21)",0,-0.08
437,52,"(23, 20)",1,-0.08
437,53,"(24, 20)",1,-0.08
437,54,"(25, 20)",0,-0.08
437,55,"(25, 19)",1,-0.08
437,56,"(26, 19)",0,-0.08
437,57,"(26, 18)",1,-0.08
437,58,"(27, 18)",0,-0.08
437,59,"(27, 17)",1,-0.08
437,60,"(28, 17)",1,-0.08
437,61,"(29, 17)",1,-0.08
437,62,"(30, 17)",1,-0.08
437,63,"(31, 17)",0,-0.08
437,64,"(31, 16)",1,-0.08
437,65,"(32, 16)",0,-0.08
437,66,"(32, 15)",0,-0.08
437,67,"(32, 14)",0,-0.08
437,68,"(32, 13)",1,-0.08
437,69,"(33, 13)",1,-0.08
437,70,"(34, 13)",1,-0.08
437,71,"(35, 13)",1,-0.08
437,72,"(36, 13)",0,-0.08
437,73,"(36, 12)",1,-0.08
437,74,"(37, 12)",1,-0.08
437,75,"(38, 12)",1,-0.08
437,76,"(39, 12)",0,-0.08
437,77,"(39, 11)",1,-0.08
437,78,"(40, 11)",1,-0.08
437,79,"(41, 11)",1,-0.08
437,80,"(42, 11)",1,-0.08
437,81,"(43, 11)",1,-0.08
437,82,"(44, 11)",1,-0.08
437,83,"(45, 11)",0,-0.08
437,84,"(45, 10)",0,-0.08
437,85,"(45, 9)",0,-0.08
437,86,"(45, 8)",0,-0.08
437,87,"(45, 7)",1,-0.08
437,88,"(46, 7)",1,-0.08
437,89,"(47, 7)",1,-0.08
437,90,"(48, 7)",1,-0.08
437,91,"(49, 7)",1,-0.08
437,92,"(50, 7)",1,-0.08
437,93,"(51, 7)",1,-0.08
437,94,"(52, 7)",1,-0.08
437,95,"(53, 7)",1,-0.08
437,96,"(54, 7)",1,-0.08
437,97,"(55, 7)",1,-0.08
437,98,"(56, 7)",1,-0.08
437,99,"(57, 7)",1,-0.08
437,100,"(58, 7)",1,-0.08
437,101,"(59, 7)",1,-0.08
437,102,"(60, 7)",1,-0.08
437,103,"(61, 7)",1,-0.08
437,104,"(62, 7)",1,-0.08
437,105,"(63, 7)",1,-0.08
437,106,"(64, 7)",1,-0.08
437,107,"(65, 7)",1,-0.08
437,108,"(66, 7)",1,-0.08
437,109,"(67, 7)",1,-0.08
437,110,"(68, 7)",1,-0.08
437,111,"(69, 7)",1,-0.08
437,112,"(70, 7)",0,-0.08
437,113,"(70, 6)",1,-0.08
437,114,"(71, 6)",1,-0.08
437,115,"(72, 6)",0,-0.08
437,116,"(72, 5)",1,-0.08
437,117,"(73, 5)",1,-0.08
437,118,"(74, 5)",1,-0.08
437,119,"(75, 5)",0,-0.08
437,120,"(75, 4)",0,-0.08
437,121,"(75, 3)",1,-0.08
437,122,"(76, 3)",1,-0.08
437,123,"(77, 3)",0,-0.08
437,124,"(77, 2)",0,-0.08
437,125,"(77, 1)",0,-0.08
437,126,"(77, 0)",1,-0.08
437,127,"(78, 0)",1,8.33
438,0,"(0, 39)",1,-0.08
438,1,"(1, 39)",0,-0.08
438,2,"(1, 38)",0,-0.08
438,3,"(1, 37)",1,-8.33
438,4,"(1, 37)",0,-8.33
438,5,"(1, 37)",3,-0.08
438,6,"(0, 37)",0,-0.08
438,7,"(0, 36)",0,-0.08
438,8,"(0, 35)",0,-0.08
438,9,"(0, 34)",1,-0.08
438,10,"(1, 34)",1,-0.08
438,11,"(2, 34)",0,-0.08
438,12,"(2, 33)",0,-0.08
438,13,"(2, 32)",0,-0.08
438,14,"(2, 31)",1,-0.08
438,15,"(3, 31)",0,-8.33
438,16,"(3, 31)",0,-8.33
438,17,"(3, 31)",2,-0.08
438,18,"(3, 32)",2,-0.08
438,19,"(3, 33)",1,-0.08
438,20,"(4, 33)",1,-0.08
438,21,"(5, 33)",0,-0.08
438,22,"(5, 32)",0,-0.08
438,23,"(5, 31)",0,-0.08
438,24,"(5, 30)",0,-0.08
438,25,"(5, 29)",1,-0.08
438,26,"(6, 29)",1,-0.08
438,27,"(7, 29)",1,-0.08
438,28,"(8, 29)",1,-0.08
438,29,"(9, 29)",1,-0.08
438,30,"(10, 29)",0,-0.08
438,31,"(10, 28)",0,-0.08
438,32,"(10, 27)",1,-0.08
438,33,"(11, 27)",1,-0.08
438,34,"(12, 27)",0,-0.08
438,35,"(12, 26)",0,-0.08
438,36,"(12, 25)",0,-0.08
438,37,"(12, 24)",1,-0.08
438,38,"(13, 24)",1,-0.08
438,39,"(14, 24)",0,-0.08
438,40,"(14, 23)",1,-0.08
438,41,"(15, 23)",1,-0.08
438,42,"(16, 23)",1,-0.08
438,43,"(17, 23)",0,-0.08
438,44,"(17, 22)",1,-0.08
438,45,"(18, 22)",1,-0.08
438,46,"(19, 22)",0,-0.08
438,47,"(19, 21)",1,-0.08
438,48,"(20, 21)",0,-0.08
438,49,"(20, 20)",1,-0.08
438,50,"(21, 20)",1,-0.08
438,51,"(22, 20)",0,-0.08
438,52,"(22, 19)",1,-0.08
438,53,"(23, 19)",0,-0.08
438,54,"(23, 18)",0,-0.08
438,55,"(23, 17)",0,-0.08
438,56,"(23, 16)",0,-0.08
438,57,"(23, 15)",1,-0.08
438,58,"(24, 15)",1,-0.08
438,59,"(25, 15)",1,-0.08
438,60,"(26, 15)",1,-0.08
438,61,"(27, 15)",0,-0.08
438,62,"(27, 14)",0,-0.08
438,63,"(27, 13)",1,-0.08
438,64,"(28, 13)",1,-0.08
438,65,"(29, 13)",1,-0.08
438,66,"(30, 13)",1,-0.08
438,67,"(31, 13)",1,-0.08
438,68,"(32, 13)",1,-0.08
438,69,"(33, 13)",1,-0.08
438,70,"(34, 13)",1,-0.08
438,71,"(35, 13)",1,-0.08
438,72,"(36, 13)",0,-0.08
438,73,"(36, 12)",1,-0.08
438,74,"(37, 12)",1,-0.08
438,75,"(38, 12)",1,-0.08
438,76,"(39, 12)",0,-0.08
438,77,"(39, 11)",1,-0.08
438,78,"(40, 11)",1,-0.08
438,79,"(41, 11)",1,-0.08
438,80,"(42, 11)",1,-0.08
438,81,"(43, 11)",1,-0.08
438,82,"(44, 11)",1,-0.08
438,83,"(45, 11)",0,-0.08
438,84,"(45, 10)",1,-0.08
438,85,"(46, 10)",1,-0.08
438,86,"(47, 10)",1,-0.08
438,87,"(48, 10)",1,-0.08
438,88,"(49, 10)",0,-0.08
438,89,"(49, 9)",1,-0.08
438,90,"(50, 9)",1,-0.08
438,91,"(51, 9)",1,-0.08
438,92,"(52, 9)",1,-0.08
438,93,"(53, 9)",1,-0.08
438,94,"(54, 9)",1,-0.08
438,95,"(55, 9)",1,-0.08
438,96,"(56, 9)",1,-0.08
438,97,"(57, 9)",1,-0.08
438,98,"(58, 9)",0,-0.08
438,99,"(58, 8)",0,-0.08
438,100,"(58, 7)",1,-0.08
438,101,"(59, 7)",1,-0.08
438,102,"(60, 7)",1,-0.08
438,103,"(61, 7)",1,-0.08
438,104,"(62, 7)",1,-0.08
438,105,"(63, 7)",1,-0.08
438,106,"(64, 7)",1,-0.08
438,107,"(65, 7)",1,-0.08
438,108,"(66, 7)",1,-0.08
438,109,"(67, 7)",1,-0.08
438,110,"(68, 7)",1,-0.08
438,111,"(69, 7)",0,-0.08
438,112,"(69, 6)",1,-0.08
438,113,"(70, 6)",1,-0.08
438,114,"(71, 6)",1,-0.08
438,115,"(72, 6)",0,-0.08
438,116,"(72, 5)",1,-0.08
438,117,"(73, 5)",1,-0.08
438,118,"(74, 5)",1,-0.08
438,119,"(75, 5)",0,-0.08
438,120,"(75, 4)",0,-0.08
438,121,"(75, 3)",1,-0.08
438,122,"(76, 3)",0,-0.08
438,123,"(76, 2)",0,-0.08
438,124,"(76, 1)",0,-0.08
438,125,"(76, 0)",1,-0.08
438,126,"(77, 0)",1,-0.08
438,127,"(78, 0)",1,8.33
439,0,"(0, 39)",0,-0.08
439,1,"(0, 38)",1,-0.08
439,2,"(1, 38)",0,-0.08
439,3,"(1, 37)",0,-8.33
439,4,"(1, 37)",3,-0.08
439,5,"(0, 37)",0,-0.08
439,6,"(0, 36)",0,-0.08
439,7,"(0, 35)",0,-0.08
439,8,"(0, 34)",0,-0.08
439,9,"(0, 33)",1,-0.08
439,10,"(1, 33)",0,-0.08
439,11,"(1, 32)",0,-0.08
439,12,"(1, 31)",0,-0.08
439,13,"(1, 30)",0,-0.08
439,14,"(1, 29)",1,-0.08
439,15,"(2, 29)",1,-0.08
439,16,"(3, 29)",0,-0.08
439,17,"(3, 28)",0,-0.08
439,18,"(3, 27)",1,-8.33
439,19,"(3, 27)",0,-0.08
439,20,"(3, 26)",0,-0.08
439,21,"(3, 25)",1,-0.08
439,22,"(4, 25)",1,-0.08
439,23,"(5, 25)",1,-0.08
439,24,"(6, 25)",1,-0.08
439,25,"(7, 25)",1,-0.08
439,26,"(8, 25)",1,-0.08
439,27,"(9, 25)",0,-0.08
439,28,"(9, 24)",1,-0.08
439,29,"(10, 24)",1,-0.08
439,30,"(11, 24)",1,-0.08
439,31,"(12, 24)",1,-0.08
439,32,"(13, 24)",0,-0.08
439,33,"(13, 23)",1,-0.08
439,34,"(14, 23)",1,-0.08
439,35,"(15, 23)",1,-0.08
439,36,"(16, 23)",1,-0.08
439,37,"(17, 23)",0,-0.08
439,38,"(17, 22)",1,-0.08
439,39,"(18, 22)",1,-0.08
439,40,"(19, 22)",1,-0.08
439,41,"(20, 22)",0,-0.08
439,42,"(20, 21)",1,-0.08
439,43,"(21, 21)",1,-0.08
439,44,"(22, 21)",0,-0.08
439,45,"(22, 20)",0,-0.08
439,46,"(22, 19)",1,-0.08
439,47,"(23, 19)",0,-0.08
439,48,"(23, 18)",0,-0.08
439,49,"(23, 17)",1,-0.08
439,50,"(24, 17)",1,-0.08
439,51,"(25, 17)",1,-0.08
439,52,"(26, 17)",1,-0.08
439,53,"(27, 17)",1,-0.08
439,54,"(28, 17)",1,-0.08
439,55,"(29, 17)",1,-0.08
439,56,"(30, 17)",1,-0.08
439,57,"(31, 17)",0,-0.08
439,58,"(31, 16)",0,-0.08
439,59,"(31, 15)",1,-0.08
439,60,"(32, 15)",1,-0.08
439,61,"(33, 15)",1,-0.08
439,62,"(34, 15)",1,-0.08
439,63,"(35, 15)",0,-0.08
439,64,"(35, 14)",0,-0.08
439,65,"(35, 13)",1,-0.08
439,66,"(36, 13)",1,-0.08
439,67,"(37, 13)",1,-0.08
439,68,"(38, 13)",1,-0.08
439,69,"(39, 13)",1,-0.08
439,70,"(40, 13)",1,-0.08
439,71,"(41, 13)",1,-0.08
439,72,"(42, 13)",1,-0.08
439,73,"(43, 13)",1,-0.08
439,74,"(44, 13)",0,-0.08
439,75,"(44, 12)",1,-0.08
439,76,"(45, 12)",1,-0.08
439,77,"(46, 12)",1,-0.08
439,78,"(47, 12)",0,-0.08
439,79,"(47, 11)",0,-0.08
439,80,"(47, 10)",1,-0.08
439,81,"(48, 10)",1,-0.08
439,82,"(49, 10)",1,-0.08
439,83,"(50, 10)",0,-0.08
439,84,"(50, 9)",1,-0.08
439,85,"(51, 9)",1,-0.08
439,86,"(52, 9)",1,-0.08
439,87,"(53, 9)",1,-0.08
439,88,"(54, 9)",1,-0.08
439,89,"(55, 9)",1,-0.08
439,90,"(56, 9)",1,-0.08
439,91,"(57, 9)",1,-0.08
439,92,"(58, 9)",0,-0.08
439,93,"(58, 8)",0,-0.08
439,94,"(58, 7)",1,-0.08
439,95,"(59, 7)",1,-0.08
439,96,"(60, 7)",1,-0.08
439,97,"(61, 7)",1,-0.08
439,98,"(62, 7)",1,-0.08
439,99,"(63, 7)",1,-0.08
439,100,"(64, 7)",1,-0.08
439,101,"(65, 7)",1,-0.08
439,102,"(66, 7)",1,-0.08
439,103,"(67, 7)",1,-0.08
439,104,"(68, 7)",1,-0.08
439,105,"(69, 7)",0,-0.08
439,106,"(69, 6)",1,-0.08
439,107,"(70, 6)",1,-0.08
439,108,"(71, 6)",1,-0.08
439,109,"(72, 6)",0,-0.08
439,110,"(72, 5)",1,-0.08
439,111,"(73, 5)",1,-0.08
439,112,"(74, 5)",1,-0.08
439,113,"(75, 5)",0,-0.08
439,114,"(75, 4)",0,-0.08
439,115,"(75, 3)",1,-0.08
439,116,"(76, 3)",0,-0.08
439,117,"(76, 2)",0,-0.08
439,118,"(76, 1)",1,-0.08
439,119,"(77, 1)",0,-0.08
439,120,"(77, 0)",1,-0.08
439,121,"(78, 0)",1,8.33
440,0,"(0, 39)",0,-0.08
440,1,"(0, 38)",0,-0.08
440,2,"(0, 37)",0,-0.08
440,3,"(0, 36)",1,-8.33
440,4,"(0, 36)",0,-0.08
440,5,"(0, 35)",1,-0.08
440,6,"(1, 35)",1,-0.08
440,7,"(2, 35)",0,-0.08
440,8,"(2, 34)",0,-0.08
440,9,"(2, 33)",1,-0.08
440,10,"(3, 33)",1,-0.08
440,11,"(4, 33)",1,-0.08
440,12,"(5, 33)",0,-0.08
440,13,"(5, 32)",0,-0.08
440,14,"(5, 31)",1,-0.08
440,15,"(6, 31)",1,-0.08
440,16,"(7, 31)",1,-0.08
440,17,"(8, 31)",0,-0.08
440,18,"(8, 30)",0,-0.08
440,19,"(8, 29)",0,-0.08
440,20,"(8, 28)",0,-0.08
440,21,"(8, 27)",1,-0.08
440,22,"(9, 27)",1,-0.08
440,23,"(10, 27)",1,-0.08
440,24,"(11, 27)",1,-0.08
440,25,"(12, 27)",1,-0.08
440,26,"(13, 27)",0,-0.08
440,27,"(13, 26)",0,-0.08
440,28,"(13, 25)",0,-0.08
440,29,"(13, 24)",0,-0.08
440,30,"(13, 23)",1,-0.08
440,31,"(14, 23)",1,-0.08
440,32,"(15, 23)",1,-0.08
440,33,"(16, 23)",0,-0.08
440,34,"(16, 22)",1,-0.08
440,35,"(17, 22)",1,-0.08
440,36,"(18, 22)",1,-0.08
440,37,"(19, 22)",0,-0.08
440,38,"(19, 21)",0,-0.08
440,39,"(19, 20)",1,-0.08
440,40,"(20, 20)",0,-0.08
440,41,"(20, 19)",1,-0.08
440,42,"(21, 19)",0,-0.08
440,43,"(21, 18)",1,-8.33
440,44,"(21, 18)",0,-0.08
440,45,"(21, 17)",0,-0.08
440,46,"(21, 16)",0,-0.08
440,47,"(21, 15)",0,-0.08
440,48,"(21, 14)",1,-0.08
440,49,"(22, 14)",0,-0.08
440,50,"(22, 13)",0,-0.08
440,51,"(22, 12)",0,-0.08
440,52,"(22, 11)",0,-0.08
440,53,"(22, 10)",0,-0.08
440,54,"(22, 9)",1,-0.08
440,55,"(23, 9)",1,-0.08
440,56,"(24, 9)",1,-0.08
440,57,"(25, 9)",1,-0.08
440,58,"(26, 9)",1,-0.08
440,59,"(27, 9)",1,-0.08
440,60,"(28, 9)",1,-0.08
440,61,"(29, 9)",1,-0.08
440,62,"(30, 9)",1,-0.08
440,63,"(31, 9)",0,-0.08
440,64,"(31, 8)",0,-0.08
440,65,"(31, 7)",1,-0.08
440,66,"(32, 7)",1,-0.08
440,67,"(33, 7)",1,-0.08
440,68,"(34, 7)",1,-0.08
440,69,"(35, 7)",1,-0.08
440,70,"(36, 7)",1,-0.08
440,71,"(37, 7)",0,-0.08
440,72,"(37, 6)",1,-0.08
440,73,"(38, 6)",1,-0.08
440,74,"(39, 6)",1,-0.08
440,75,"(40, 6)",1,-0.08
440,76,"(41, 6)",1,-0.08
440,77,"(42, 6)",1,-0.08
440,78,"(43, 6)",1,-0.08
440,79,"(44, 6)",1,-0.08
440,80,"(45, 6)",1,-0.08
440,81,"(46, 6)",2,-0.08
440,82,"(46, 7)",1,-0.08
440,83,"(47, 7)",1,-0.08
440,84,"(48, 7)",1,-0.08
440,85,"(49, 7)",1,-0.08
440,86,"(50, 7)",1,-0.08
440,87,"(51, 7)",1,-0.08
440,88,"(52, 7)",1,-0.08
440,89,"(53, 7)",1,-0.08
440,90,"(54, 7)",1,-0.08
440,91,"(55, 7)",1,-0.08
440,92,"(56, 7)",1,-0.08
440,93,"(57, 7)",1,-0.08
440,94,"(58, 7)",1,-0.08
440,95,"(59, 7)",1,-0.08
440,96,"(60, 7)",1,-0.08
440,97,"(61, 7)",1,-0.08
440,98,"(62, 7)",1,-0.08
440,99,"(63, 7)",1,-0.08
440,100,"(64, 7)",1,-0.08
440,101,"(65, 7)",1,-0.08
440,102,"(66, 7)",1,-0.08
440,103,"(67, 7)",1,-0.08
440,104,"(68, 7)",1,-0.08
440,105,"(69, 7)",1,-0.08
440,106,"(70, 7)",0,-0.08
440,107,"(70, 6)",1,-0.08
440,108,"(71, 6)",1,-0.08
440,109,"(72, 6)",0,-0.08
440,110,"(72, 5)",1,-0.08
440,111,"(73, 5)",1,-0.08
440,112,"(74, 5)",0,-0.08
440,113,"(74, 4)",1,-0.08
440,114,"(75, 4)",0,-0.08
440,115,"(75, 3)",1,-0.08
440,116,"(76, 3)",0,-0.08
440,117,"(76, 2)",1,-0.08
440,118,"(77, 2)",0,-0.08
440,119,"(77, 1)",0,-0.08
440,120,"(77, 0)",1,-0.08
440,121,"(78, 0)",1,8.33
441,0,"(0, 39)",1,-0.08
441,1,"(1, 39)",0,-0.08
441,2,"(1, 38)",1,-8.33
441,3,"(1, 38)",0,-0.08
441,4,"(1, 37)",0,-8.33
441,5,"(1, 37)",3,-0.08
441,6,"(0, 37)",0,-0.08
441,7,"(0, 36)",0,-0.08
441,8,"(0, 35)",0,-0.08
441,9,"(0, 34)",0,-0.08
441,10,"(0, 33)",1,-0.08
441,11,"(1, 33)",1,-0.08
441,12,"(2, 33)",0,-0.08
441,13,"(2, 32)",0,-0.08
441,14,"(2, 31)",1,-0.08
441,15,"(3, 31)",0,-8.33
441,16,"(3, 31)",0,-8.33
441,17,"(3, 31)",3,-0.08
441,18,"(2, 31)",3,-0.08
441,19,"(1, 31)",0,-0.08
441,20,"(1, 30)",0,-0.08
441,21,"(1, 29)",0,-0.08
441,22,"(1, 28)",0,-0.08
441,23,"(1, 27)",0,-0.08
441,24,"(1, 26)",1,-0.08
441,25,"(2, 26)",1,-0.08
441,26,"(3, 26)",0,-0.08
441,27,"(3, 25)",1,-0.08
441,28,"(4, 25)",1,-0.08
441,29,"(5, 25)",1,-0.08
441,30,"(6, 25)",1,-0.08
441,31,"(7, 25)",1,-0.08
441,32,"(8, 25)",1,-0.08
441,33,"(9, 25)",1,-0.08
441,34,"(10, 25)",1,-0.08
441,35,"(11, 25)",1,-0.08
441,36,"(12, 25)",1,-0.08
441,37,"(13, 25)",1,-0.08
441,38,"(14, 25)",0,-0.08
441,39,"(14, 24)",0,-0.08
441,40,"(14, 23)",1,-0.08
441,41,"(15, 23)",1,-0.08
441,42,"(16, 23)",0,-0.08
441,43,"(16, 22)",1,-0.08
441,44,"(17, 22)",1,-0.08
441,45,"(18, 22)",1,-0.08
441,46,"(19, 22)",0,-0.08
441,47,"(19, 21)",0,-0.08
441,48,"(19, 20)",0,-0.08
441,49,"(19, 19)",1,-0.08
441,50,"(20, 19)",1,-0.08
441,51,"(21, 19)",1,-0.08
441,52,"(22, 19)",1,-0.08
441,53,"(23, 19)",0,-0.08
441,54,"(23, 18)",0,-0.08
441,55,"(23, 17)",1,-0.08
441,56,"(24, 17)",1,-0.08
441,57,"(25, 17)",1,-0.08
441,58,"(26, 17)",1,-0.08
441,59,"(27, 17)",1,-0.08
441,60,"(28, 17)",0,-0.08
441,61,"(28, 16)",0,-0.08
441,62,"(28, 15)",1,-0.08
441,63,"(29, 15)",0,-0.08
441,64,"(29, 14)",0,-0.08
441,65,"(29, 13)",1,-0.08
441,66,"(30, 13)",1,-0.08
441,67,"(31, 13)",1,-0.08
441,68,"(32, 13)",1,-0.08
441,69,"(33, 13)",1,-0.08
441,70,"(34, 13)",1,-0.08
441,71,"(35, 13)",0,-0.08
441,72,"(35, 12)",1,-0.08
441,73,"(36, 12)",1,-0.08
441,74,"(37, 12)",1,-0.08
441,75,"(38, 12)",1,-0.08
441,76,"(39, 12)",0,-0.08
441,77,"(39, 11)",1,-0.08
441,78,"(40, 11)",1,-0.08
441,79,"(41, 11)",1,-0.08
441,80,"(42, 11)",1,-0.08
441,81,"(43, 11)",1,-0.08
441,82,"(44, 11)",1,-0.08
441,83,"(45, 11)",0,-0.08
441,84,"(45, 10)",1,-0.08
441,85,"(46, 10)",1,-0.08
441,86,"(47, 10)",1,-0.08
441,87,"(48, 10)",1,-0.08
441,88,"(49, 10)",0,-0.08
441,89,"(49, 9)",1,-0.08
441,90,"(50, 9)",1,-0.08
441,91,"(51, 9)",1,-0.08
441,92,"(52, 9)",1,-0.08
441,93,"(53, 9)",1,-0.08
441,94,"(54, 9)",1,-0.08
441,95,"(55, 9)",1,-0.08
441,96,"(56, 9)",1,-0.08
441,97,"(57, 9)",0,-0.08
441,98,"(57, 8)",0,-0.08
441,99,"(57, 7)",1,-0.08
441,100,"(58, 7)",1,-0.08
441,101,"(59, 7)",1,-0.08
441,102,"(60, 7)",1,-0.08
441,103,"(61, 7)",1,-0.08
441,104,"(62, 7)",1,-0.08
441,105,"(63, 7)",1,-0.08
441,106,"(64, 7)",1,-0.08
441,107,"(65, 7)",1,-0.08
441,108,"(66, 7)",1,-0.08
441,109,"(67, 7)",1,-0.08
441,110,"(68, 7)",1,-0.08
441,111,"(69, 7)",1,-0.08
441,112,"(70, 7)",0,-0.08
441,113,"(70, 6)",1,-0.08
441,114,"(71, 6)",0,-0.08
441,115,"(71, 5)",1,-0.08
441,116,"(72, 5)",1,-0.08
441,117,"(73, 5)",1,-0.08
441,118,"(74, 5)",0,-0.08
441,119,"(74, 4)",0,-0.08
441,120,"(74, 3)",1,-0.08
441,121,"(75, 3)",1,-0.08
441,122,"(76, 3)",0,-0.08
441,123,"(76, 2)",0,-0.08
441,124,"(76, 1)",0,-0.08
441,125,"(76, 0)",1,-0.08
441,126,"(77, 0)",1,-0.08
441,127,"(78, 0)",1,8.33
442,0,"(0, 39)",1,-0.08
442,1,"(1, 39)",1,-0.08
442,2,"(2, 39)",1,-0.08
442,3,"(3, 39)",0,-0.08
442,4,"(3, 38)",1,-8.33
442,5,"(3, 38)",0,-0.08
442,6,"(3, 37)",0,-0.08
442,7,"(3, 36)",1,-8.33
442,8,"(3, 36)",0,-0.08
442,9,"(3, 35)",3,-0.08
442,10,"(2, 35)",0,-0.08
442,11,"(2, 34)",0,-0.08
442,12,"(2, 33)",0,-0.08
442,13,"(2, 32)",0,-0.08
442,14,"(2, 31)",1,-0.08
442,15,"(3, 31)",0,-8.33
442,16,"(3, 31)",0,-8.33
442,17,"(3, 31)",2,-0.08
442,18,"(3, 32)",2,-0.08
442,19,"(3, 33)",1,-0.08
442,20,"(4, 33)",1,-0.08
442,21,"(5, 33)",0,-0.08
442,22,"(5, 32)",0,-0.08
442,23,"(5, 31)",1,-0.08
442,24,"(6, 31)",1,-0.08
442,25,"(7, 31)",1,-0.08
442,26,"(8, 31)",0,-0.08
442,27,"(8, 30)",0,-0.08
442,28,"(8, 29)",1,-0.08
442,29,"(9, 29)",1,-0.08
442,30,"(10, 29)",0,-0.08
442,31,"(10, 28)",0,-0.08
442,32,"(10, 27)",1,-0.08
442,33,"(11, 27)",1,-0.08
442,34,"(12, 27)",1,-0.08
442,35,"(13, 27)",1,-0.08
442,36,"(14, 27)",1,-0.08
442,37,"(15, 27)",1,-0.08
442,38,"(16, 27)",1,-0.08
442,39,"(17, 27)",1,-0.08
442,40,"(18, 27)",1,-0.08
442,41,"(19, 27)",1,-0.08
442,42,"(20, 27)",1,-0.08
442,43,"(21, 27)",0,-0.08
442,44,"(21, 26)",0,-0.08
442,45,"(21, 25)",1,-0.08
442,46,"(22, 25)",1,-0.08
442,47,"(23, 25)",1,-0.08
442,48,"(24, 25)",0,-0.08
442,49,"(24, 24)",1,-0.08
442,50,"(25, 24)",0,-0.08
442,51,"(25, 23)",0,-0.08
442,52,"(25, 22)",0,-0.08
442,53,"(25, 21)",0,-0.08
442,54,"(25, 20)",0,-0.08
442,55,"(25, 19)",0,-0.08
442,56,"(25, 18)",1,-0.08
442,57,"(26, 18)",0,-0.08
442,58,"(26, 17)",1,-0.08
442,59,"(27, 17)",1,-0.08
442,60,"(28, 17)",0,-0.08
442,61,"(28, 16)",0,-0.08
442,62,"(28, 15)",1,-0.08
442,63,"(29, 15)",0,-0.08
442,64,"(29, 14)",0,-0.08
442,65,"(29, 13)",1,-0.08
442,66,"(30, 13)",1,-0.08
442,67,"(31, 13)",1,-0.08
442,68,"(32, 13)",1,-0.08
442,69,"(33, 13)",1,-0.08
442,70,"(34, 13)",1,-0.08
442,71,"(35, 13)",1,-0.08
442,72,"(36, 13)",0,-0.08
442,73,"(36, 12)",1,-0.08
442,74,"(37, 12)",1,-0.08
442,75,"(38, 12)",1,-0.08
442,76,"(39, 12)",0,-0.08
442,77,"(39, 11)",1,-0.08
442,78,"(40, 11)",1,-0.08
442,79,"(41, 11)",1,-0.08
442,80,"(42, 11)",1,-0.08
442,81,"(43, 11)",1,-0.08
442,82,"(44, 11)",1,-0.08
442,83,"(45, 11)",0,-0.08
442,84,"(45, 10)",0,-0.08
442,85,"(45, 9)",0,-0.08
442,86,"(45, 8)",0,-0.08
442,87,"(45, 7)",1,-0.08
442,88,"(46, 7)",1,-0.08
442,89,"(47, 7)",1,-0.08
442,90,"(48, 7)",1,-0.08
442,91,"(49, 7)",1,-0.08
442,92,"(50, 7)",1,-0.08
442,93,"(51, 7)",1,-0.08
442,94,"(52, 7)",1,-0.08
442,95,"(53, 7)",1,-0.08
442,96,"(54, 7)",1,-0.08
442,97,"(55, 7)",1,-0.08
442,98,"(56, 7)",1,-0.08
442,99,"(57, 7)",1,-0.08
442,100,"(58, 7)",1,-0.08
442,101,"(59, 7)",1,-0.08
442,102,"(60, 7)",1,-0.08
442,103,"(61, 7)",1,-0.08
442,104,"(62, 7)",1,-0.08
442,105,"(63, 7)",1,-0.08
442,106,"(64, 7)",1,-0.08
442,107,"(65, 7)",1,-0.08
442,108,"(66, 7)",1,-0.08
442,109,"(67, 7)",1,-0.08
442,110,"(68, 7)",1,-0.08
442,111,"(69, 7)",0,-0.08
442,112,"(69, 6)",1,-0.08
442,113,"(70, 6)",1,-0.08
442,114,"(71, 6)",0,-0.08
442,115,"(71, 5)",1,-0.08
442,116,"(72, 5)",1,-0.08
442,117,"(73, 5)",1,-0.08
442,118,"(74, 5)",0,-0.08
442,119,"(74, 4)",1,-0.08
442,120,"(75, 4)",0,-0.08
442,121,"(75, 3)",1,-0.08
442,122,"(76, 3)",1,-0.08
442,123,"(77, 3)",0,-0.08
442,124,"(77, 2)",0,-0.08
442,125,"(77, 1)",1,-0.08
442,126,"(78, 1)",1,-0.08
442,127,"(79, 1)",0,8.33
443,0,"(0, 39)",0,-0.08
443,1,"(0, 38)",0,-0.08
443,2,"(0, 37)",1,-0.08
443,3,"(1, 37)",1,-8.33
443,4,"(1, 37)",0,-8.33
443,5,"(1, 37)",3,-0.08
443,6,"(0, 37)",0,-0.08
443,7,"(0, 36)",0,-0.08
443,8,"(0, 35)",0,-0.08
443,9,"(0, 34)",0,-0.08
443,10,"(0, 33)",1,-0.08
443,11,"(1, 33)",1,-0.08
443,12,"(2, 33)",1,-0.08
443,13,"(3, 33)",1,-0.08
443,14,"(4, 33)",1,-0.08
443,15,"(5, 33)",1,-0.08
443,16,"(6, 33)",1,-0.08
443,17,"(7, 33)",1,-0.08
443,18,"(8, 33)",0,-0.08
443,19,"(8, 32)",1,-0.08
443,20,"(9, 32)",0,-0.08
443,21,"(9, 31)",0,-0.08
443,22,"(9, 30)",1,-0.08
443,23,"(10, 30)",0,-0.08
443,24,"(10, 29)",0,-0.08
443,25,"(10, 28)",0,-0.08
443,26,"(10, 27)",0,-8.33
443,27,"(10, 27)",1,-0.08
443,28,"(11, 27)",1,-0.08
443,29,"(12, 27)",0,-0.08
443,30,"(12, 26)",1,-0.08
443,31,"(13, 26)",0,-0.08
443,32,"(13, 25)",1,-0.08
443,33,"(14, 25)",1,-0.08
443,34,"(15, 25)",1,-0.08
443,35,"(16, 25)",1,-0.08
443,36,"(17, 25)",0,-0.08
443,37,"(17, 24)",0,-0.08
443,38,"(17, 23)",1,-0.08
443,39,"(18, 23)",0,-0.08
443,40,"(18, 22)",1,-0.08
443,41,"(19, 22)",1,-0.08
443,42,"(20, 22)",1,-0.08
443,43,"(21, 22)",0,-0.08
443,44,"(21, 21)",1,-0.08
443,45,"(22, 21)",0,-0.08
443,46,"(22, 20)",0,-0.08
443,47,"(22, 19)",1,-0.08
443,48,"(23, 19)",0,-0.08
443,49,"(23, 18)",0,-0.08
443,50,"(23, 17)",1,-0.08
443,51,"(24, 17)",1,-0.08
443,52,"(25, 17)",1,-0.08
443,53,"(26, 17)",1,-0.08
443,54,"(27, 17)",1,-0.08
443,55,"(28, 17)",1,-0.08
443,56,"(29, 17)",1,-0.08
443,57,"(30, 17)",1,-0.08
443,58,"(31, 17)",0,-0.08
443,59,"(31, 16)",1,-0.08
443,60,"(32, 16)",0,-0.08
443,61,"(32, 15)",1,-0.08
443,62,"(33, 15)",1,-0.08
443,63,"(34, 15)",1,-0.08
443,64,"(35, 15)",0,-0.08
443,65,"(35, 14)",0,-0.08
443,66,"(35, 13)",1,-0.08
443,67,"(36, 13)",0,-0.08
443,68,"(36, 12)",1,-0.08
443,69,"(37, 12)",1,-0.08
443,70,"(38, 12)",1,-0.08
443,71,"(39, 12)",0,-0.08
443,72,"(39, 11)",1,-0.08
443,73,"(40, 11)",1,-0.08
443,74,"(41, 11)",1,-0.08
443,75,"(42, 11)",1,-0.08
443,76,"(43, 11)",1,-0.08
443,77,"(44, 11)",1,-0.08
443,78,"(45, 11)",0,-0.08
443,79,"(45, 10)",1,-0.08
443,80,"(46, 10)",1,-0.08
443,81,"(47, 10)",1,-0.08
443,82,"(48, 10)",1,-0.08
443,83,"(49, 10)",1,-0.08
443,84,"(50, 10)",0,-0.08
443,85,"(50, 9)",1,-0.08
443,86,"(51, 9)",1,-0.08
443,87,"(52, 9)",1,-0.08
443,88,"(53, 9)",1,-0.08
443,89,"(54, 9)",1,-0.08
443,90,"(55, 9)",1,-0.08
443,91,"(56, 9)",1,-0.08
443,92,"(57, 9)",1,-0.08
443,93,"(58, 9)",0,-0.08
443,94,"(58, 8)",0,-0.08
443,95,"(58, 7)",1,-0.08
443,96,"(59, 7)",1,-0.08
443,97,"(60, 7)",1,-0.08
443,98,"(61, 7)",1,-0.08
443,99,"(62, 7)",1,-0.08
443,100,"(63, 7)",1,-0.08
443,101,"(64, 7)",1,-0.08
443,102,"(65, 7)",1,-0.08
443,103,"(66, 7)",1,-0.08
443,104,"(67, 7)",1,-0.08
443,105,"(68, 7)",1,-0.08
443,106,"(69, 7)",0,-0.08
443,107,"(69, 6)",1,-0.08
443,108,"(70, 6)",1,-0.08
443,109,"(71, 6)",0,-0.08
443,110,"(71, 5)",1,-0.08
443,111,"(72, 5)",1,-0.08
443,112,"(73, 5)",1,-0.08
443,113,"(74, 5)",0,-0.08
443,114,"(74, 4)",1,-0.08
443,115,"(75, 4)",0,-0.08
443,116,"(75, 3)",1,-0.08
443,117,"(76, 3)",0,-0.08
443,118,"(76, 2)",0,-0.08
443,119,"(76, 1)",1,-0.08
443,120,"(77, 1)",0,-0.08
443,121,"(77, 0)",1,-0.08
443,122,"(78, 0)",1,8.33
444,0,"(0, 39)",1,-0.08
444,1,"(1, 39)",1,-0.08
444,2,"(2, 39)",1,-0.08
444,3,"(3, 39)",0,-0.08
444,4,"(3, 38)",0,-0.08
444,5,"(3, 37)",1,-8.33
444,6,"(3, 37)",0,-0.08
444,7,"(3, 36)",0,-0.08
444,8,"(3, 35)",3,-0.08
444,9,"(2, 35)",0,-0.08
444,10,"(2, 34)",0,-0.08
444,11,"(2, 33)",0,-0.08
444,12,"(2, 32)",1,-0.08
444,13,"(3, 32)",0,-0.08
444,14,"(3, 31)",0,-8.33
444,15,"(3, 31)",0,-8.33
444,16,"(3, 31)",3,-0.08
444,17,"(2, 31)",3,-0.08
444,18,"(1, 31)",0,-0.08
444,19,"(1, 30)",0,-0.08
444,20,"(1, 29)",1,-0.08
444,21,"(2, 29)",1,-0.08
444,22,"(3, 29)",0,-0.08
444,23,"(3, 28)",0,-0.08
444,24,"(3, 27)",0,-0.08
444,25,"(3, 26)",0,-0.08
444,26,"(3, 25)",1,-0.08
444,27,"(4, 25)",1,-0.08
444,28,"(5, 25)",1,-0.08
444,29,"(6, 25)",1,-0.08
444,30,"(7, 25)",1,-0.08
444,31,"(8, 25)",1,-0.08
444,32,"(9, 25)",1,-0.08
444,33,"(10, 25)",0,-0.08
444,34,"(10, 24)",1,-0.08
444,35,"(11, 24)",1,-0.08
444,36,"(12, 24)",1,-0.08
444,37,"(13, 24)",0,-0.08
444,38,"(13, 23)",1,-0.08
444,39,"(14, 23)",1,-0.08
444,40,"(15, 23)",1,-0.08
444,41,"(16, 23)",1,-0.08
444,42,"(17, 23)",1,-0.08
444,43,"(18, 23)",0,-0.08
444,44,"(18, 22)",1,-0.08
444,45,"(19, 22)",0,-0.08
444,46,"(19, 21)",0,-0.08
444,47,"(19, 20)",1,-0.08
444,48,"(20, 20)",0,-0.08
444,49,"(20, 19)",1,-0.08
444,50,"(21, 19)",1,-0.08
444,51,"(22, 19)",1,-0.08
444,52,"(23, 19)",0,-0.08
444,53,"(23, 18)",0,-0.08
444,54,"(23, 17)",0,-0.08
444,55,"(23, 16)",0,-0.08
444,56,"(23, 15)",1,-0.08
444,57,"(24, 15)",1,-0.08
444,58,"(25, 15)",1,-0.08
444,59,"(26, 15)",1,-0.08
444,60,"(27, 15)",0,-0.08
444,61,"(27, 14)",0,-0.08
444,62,"(27, 13)",1,-0.08
444,63,"(28, 13)",1,-0.08
444,64,"(29, 13)",1,-0.08
444,65,"(30, 13)",1,-0.08
444,66,"(31, 13)",1,-0.08
444,67,"(32, 13)",1,-0.08
444,68,"(33, 13)",1,-0.08
444,69,"(34, 13)",1,-0.08
444,70,"(35, 13)",1,-0.08
444,71,"(36, 13)",0,-0.08
444,72,"(36, 12)",1,-0.08
444,73,"(37, 12)",1,-0.08
444,74,"(38, 12)",1,-0.08
444,75,"(39, 12)",0,-0.08
444,76,"(39, 11)",1,-0.08
444,77,"(40, 11)",1,-0.08
444,78,"(41, 11)",1,-0.08
444,79,"(42, 11)",1,-0.08
444,80,"(43, 11)",1,-0.08
444,81,"(44, 11)",1,-0.08
444,82,"(45, 11)",0,-0.08
444,83,"(45, 10)",1,-0.08
444,84,"(46, 10)",0,-0.08
444,85,"(46, 9)",0,-0.08
444,86,"(46, 8)",0,-0.08
444,87,"(46, 7)",1,-0.08
444,88,"(47, 7)",1,-0.08
444,89,"(48, 7)",1,-0.08
444,90,"(49, 7)",1,-0.08
444,91,"(50, 7)",1,-0.08
444,92,"(51, 7)",1,-0.08
444,93,"(52, 7)",1,-0.08
444,94,"(53, 7)",1,-0.08
444,95,"(54, 7)",1,-0.08
444,96,"(55, 7)",1,-0.08
444,97,"(56, 7)",1,-0.08
444,98,"(57, 7)",1,-0.08
444,99,"(58, 7)",1,-0.08
444,100,"(59, 7)",1,-0.08
444,101,"(60, 7)",1,-0.08
444,102,"(61, 7)",1,-0.08
444,103,"(62, 7)",1,-0.08
444,104,"(63, 7)",1,-0.08
444,105,"(64, 7)",1,-0.08
444,106,"(65, 7)",1,-0.08
444,107,"(66, 7)",1,-0.08
444,108,"(67, 7)",1,-0.08
444,109,"(68, 7)",1,-0.08
444,110,"(69, 7)",0,-0.08
444,111,"(69, 6)",1,-0.08
444,112,"(70, 6)",1,-0.08
444,113,"(71, 6)",0,-0.08
444,114,"(71, 5)",1,-0.08
444,115,"(72, 5)",1,-0.08
444,116,"(73, 5)",1,-0.08
444,117,"(74, 5)",0,-0.08
444,118,"(74, 4)",0,-0.08
444,119,"(74, 3)",1,-0.08
444,120,"(75, 3)",1,-0.08
444,121,"(76, 3)",0,-0.08
444,122,"(76, 2)",1,-0.08
444,123,"(77, 2)",0,-0.08
444,124,"(77, 1)",1,-0.08
444,125,"(78, 1)",0,-0.08
444,126,"(78, 0)",1,8.33
445,0,"(0, 39)",1,-0.08
445,1,"(1, 39)",0,-0.08
445,2,"(1, 38)",1,-8.33
445,3,"(1, 38)",0,-0.08
445,4,"(1, 37)",0,-8.33
445,5,"(1, 37)",3,-0.08
445,6,"(0, 37)",0,-0.08
445,7,"(0, 36)",0,-0.08
445,8,"(0, 35)",1,-0.08
445,9,"(1, 35)",1,-0.08
445,10,"(2, 35)",0,-0.08
445,11,"(2, 34)",0,-0.08
445,12,"(2, 33)",1,-0.08
445,13,"(3, 33)",0,-0.08
445,14,"(3, 32)",0,-0.08
445,15,"(3, 31)",0,-8.33
445,16,"(3, 31)",2,-0.08
445,17,"(3, 32)",2,-0.08
445,18,"(3, 33)",1,-0.08
445,19,"(4, 33)",1,-0.08
445,20,"(5, 33)",1,-0.08
445,21,"(6, 33)",1,-0.08
445,22,"(7, 33)",0,-0.08
445,23,"(7, 32)",0,-0.08
445,24,"(7, 31)",1,-0.08
445,25,"(8, 31)",1,-0.08
445,26,"(9, 31)",0,-0.08
445,27,"(9, 30)",1,-0.08
445,28,"(10, 30)",0,-0.08
445,29,"(10, 29)",0,-0.08
445,30,"(10, 28)",0,-0.08
445,31,"(10, 27)",1,-0.08
445,32,"(11, 27)",1,-0.08
445,33,"(12, 27)",0,-0.08
445,34,"(12, 26)",0,-0.08
445,35,"(12, 25)",0,-0.08
445,36,"(12, 24)",1,-0.08
445,37,"(13, 24)",0,-0.08
445,38,"(13, 23)",1,-0.08
445,39,"(14, 23)",1,-0.08
445,40,"(15, 23)",1,-0.08
445,41,"(16, 23)",1,-0.08
445,42,"(17, 23)",1,-0.08
445,43,"(18, 23)",0,-0.08
445,44,"(18, 22)",1,-0.08
445,45,"(19, 22)",0,-0.08
445,46,"(19, 21)",1,-0.08
445,47,"(20, 21)",0,-0.08
445,48,"(20, 20)",1,-0.08
445,49,"(21, 20)",1,-0.08
445,50,"(22, 20)",0,-0.08
445,51,"(22, 19)",1,-0.08
445,52,"(23, 19)",0,-0.08
445,53,"(23, 18)",0,-0.08
445,54,"(23, 17)",1,-0.08
445,55,"(24, 17)",1,-0.08
445,56,"(25, 17)",1,-0.08
445,57,"(26, 17)",1,-0.08
445,58,"(27, 17)",0,-0.08
445,59,"(27, 16)",0,-0.08
445,60,"(27, 15)",0,-0.08
445,61,"(27, 14)",0,-0.08
445,62,"(27, 13)",1,-0.08
445,63,"(28, 13)",1,-0.08
445,64,"(29, 13)",1,-0.08
445,65,"(30, 13)",1,-0.08
445,66,"(31, 13)",1,-0.08
445,67,"(32, 13)",1,-0.08
445,68,"(33, 13)",1,-0.08
445,69,"(34, 13)",1,-0.08
445,70,"(35, 13)",0,-0.08
445,71,"(35, 12)",1,-0.08
445,72,"(36, 12)",1,-0.08
445,73,"(37, 12)",1,-0.08
445,74,"(38, 12)",1,-0.08
445,75,"(39, 12)",0,-0.08
445,76,"(39, 11)",1,-0.08
445,77,"(40, 11)",1,-0.08
445,78,"(41, 11)",1,-0.08
445,79,"(42, 11)",1,-0.08
445,80,"(43, 11)",1,-0.08
445,81,"(44, 11)",1,-0.08
445,82,"(45, 11)",0,-0.08
445,83,"(45, 10)",1,-0.08
445,84,"(46, 10)",1,-0.08
445,85,"(47, 10)",1,-0.08
445,86,"(48, 10)",1,-0.08
445,87,"(49, 10)",1,-0.08
445,88,"(50, 10)",0,-0.08
445,89,"(50, 9)",1,-0.08
445,90,"(51, 9)",1,-0.08
445,91,"(52, 9)",1,-0.08
445,92,"(53, 9)",1,-0.08
445,93,"(54, 9)",1,-0.08
445,94,"(55, 9)",1,-0.08
445,95,"(56, 9)",1,-0.08
445,96,"(57, 9)",0,-0.08
445,97,"(57, 8)",0,-0.08
445,98,"(57, 7)",1,-0.08
445,99,"(58, 7)",1,-0.08
445,100,"(59, 7)",1,-0.08
445,101,"(60, 7)",1,-0.08
445,102,"(61, 7)",1,-0.08
445,103,"(62, 7)",1,-0.08
445,104,"(63, 7)",1,-0.08
445,105,"(64, 7)",1,-0.08
445,106,"(65, 7)",1,-0.08
445,107,"(66, 7)",1,-0.08
445,108,"(67, 7)",1,-0.08
445,109,"(68, 7)",1,-0.08
445,110,"(69, 7)",1,-0.08
445,111,"(70, 7)",0,-0.08
445,112,"(70, 6)",1,-0.08
445,113,"(71, 6)",0,-0.08
445,114,"(71, 5)",1,-0.08
445,115,"(72, 5)",1,-0.08
445,116,"(73, 5)",1,-0.08
445,117,"(74, 5)",0,-0.08
445,118,"(74, 4)",1,-0.08
445,119,"(75, 4)",0,-0.08
445,120,"(75, 3)",1,-0.08
445,121,"(76, 3)",1,-0.08
445,122,"(77, 3)",0,-0.08
445,123,"(77, 2)",0,-0.08
445,124,"(77, 1)",1,-0.08
445,125,"(78, 1)",1,-0.08
445,126,"(79, 1)",0,8.33
446,0,"(0, 39)",1,-0.08
446,1,"(1, 39)",0,-0.08
446,2,"(1, 38)",1,-8.33
446,3,"(1, 38)",0,-0.08
446,4,"(1, 37)",0,-8.33
446,5,"(1, 37)",3,-0.08
446,6,"(0, 37)",0,-0.08
446,7,"(0, 36)",0,-0.08
446,8,"(0, 35)",1,-0.08
446,9,"(1, 35)",0,-0.08
446,10,"(1, 34)",1,-0.08
446,11,"(2, 34)",0,-0.08
446,12,"(2, 33)",0,-0.08
446,13,"(2, 32)",1,-0.08
446,14,"(3, 32)",0,-0.08
446,15,"(3, 31)",0,-8.33
446,16,"(3, 31)",0,-8.33
446,17,"(3, 31)",2,-0.08
446,18,"(3, 32)",2,-0.08
446,19,"(3, 33)",1,-0.08
446,20,"(4, 33)",1,-0.08
446,21,"(5, 33)",1,-0.08
446,22,"(6, 33)",1,-0.08
446,23,"(7, 33)",0,-0.08
446,24,"(7, 32)",0,-0.08
446,25,"(7, 31)",1,-0.08
446,26,"(8, 31)",1,-0.08
446,27,"(9, 31)",0,-0.08
446,28,"(9, 30)",0,-0.08
446,29,"(9, 29)",1,-0.08
446,30,"(10, 29)",0,-0.08
446,31,"(10, 28)",0,-0.08
446,32,"(10, 27)",1,-0.08
446,33,"(11, 27)",1,-0.08
446,34,"(12, 27)",1,-0.08
446,35,"(13, 27)",0,-0.08
446,36,"(13, 26)",0,-0.08
446,37,"(13, 25)",0,-0.08
446,38,"(13, 24)",0,-0.08
446,39,"(13, 23)",1,-0.08
446,40,"(14, 23)",1,-0.08
446,41,"(15, 23)",1,-0.08
446,42,"(16, 23)",0,-0.08
446,43,"(16, 22)",1,-0.08
446,44,"(17, 22)",1,-0.08
446,45,"(18, 22)",1,-0.08
446,46,"(19, 22)",0,-0.08
446,47,"(19, 21)",1,-0.08
446,48,"(20, 21)",0,-0.08
446,49,"(20, 20)",1,-0.08
446,50,"(21, 20)",0,-0.08
446,51,"(21, 19)",1,-0.08
446,52,"(22, 19)",1,-0.08
446,53,"(23, 19)",0,-0.08
446,54,"(23, 18)",0,-0.08
446,55,"(23, 17)",0,-0.08
446,56,"(23, 16)",0,-0.08
446,57,"(23, 15)",1,-0.08
446,58,"(24, 15)",1,-0.08
446,59,"(25, 15)",1,-0.08
446,60,"(26, 15)",1,-0.08
446,61,"(27, 15)",0,-0.08
446,62,"(27, 14)",0,-0.08
446,63,"(27, 13)",1,-0.08
446,64,"(28, 13)",1,-0.08
446,65,"(29, 13)",1,-0.08
446,66,"(30, 13)",1,-0.08
446,67,"(31, 13)",1,-0.08
446,68,"(32, 13)",1,-0.08
446,69,"(33, 13)",1,-0.08
446,70,"(34, 13)",1,-0.08
446,71,"(35, 13)",1,-0.08
446,72,"(36, 13)",1,-0.08
446,73,"(37, 13)",1,-0.08
446,74,"(38, 13)",0,-0.08
446,75,"(38, 12)",1,-0.08
446,76,"(39, 12)",0,-0.08
446,77,"(39, 11)",1,-0.08
446,78,"(40, 11)",1,-0.08
446,79,"(41, 11)",1,-0.08
446,80,"(42, 11)",1,-0.08
446,81,"(43, 11)",1,-0.08
446,82,"(44, 11)",1,-0.08
446,83,"(45, 11)",0,-0.08
446,84,"(45, 10)",0,-0.08
446,85,"(45, 9)",0,-0.08
446,86,"(45, 8)",1,-0.08
446,87,"(46, 8)",0,-0.08
446,88,"(46, 7)",1,-0.08
446,89,"(47, 7)",1,-0.08
446,90,"(48, 7)",1,-0.08
446,91,"(49, 7)",1,-0.08
446,92,"(50, 7)",1,-0.08
446,93,"(51, 7)",1,-0.08
446,94,"(52, 7)",1,-0.08
446,95,"(53, 7)",1,-0.08
446,96,"(54, 7)",1,-0.08
446,97,"(55, 7)",1,-0.08
446,98,"(56, 7)",1,-0.08
446,99,"(57, 7)",1,-0.08
446,100,"(58, 7)",1,-0.08
446,101,"(59, 7)",1,-0.08
446,102,"(60, 7)",1,-0.08
446,103,"(61, 7)",1,-0.08
446,104,"(62, 7)",1,-0.08
446,105,"(63, 7)",1,-0.08
446,106,"(64, 7)",1,-0.08
446,107,"(65, 7)",1,-0.08
446,108,"(66, 7)",1,-0.08
446,109,"(67, 7)",1,-0.08
446,110,"(68, 7)",1,-0.08
446,111,"(69, 7)",0,-0.08
446,112,"(69, 6)",1,-0.08
446,113,"(70, 6)",1,-0.08
446,114,"(71, 6)",1,-0.08
446,115,"(72, 6)",1,-0.08
446,116,"(73, 6)",0,-0.08
446,117,"(73, 5)",1,-0.08
446,118,"(74, 5)",1,-0.08
446,119,"(75, 5)",1,-0.08
446,120,"(76, 5)",1,-0.08
446,121,"(77, 5)",0,-0.08
446,122,"(77, 4)",0,-0.08
446,123,"(77, 3)",0,-0.08
446,124,"(77, 2)",0,-0.08
446,125,"(77, 1)",1,-0.08
446,126,"(78, 1)",1,-0.08
446,127,"(79, 1)",0,8.33
447,0,"(0, 39)",1,-0.08
447,1,"(1, 39)",0,-0.08
447,2,"(1, 38)",1,-8.33
447,3,"(1, 38)",0,-0.08
447,4,"(1, 37)",0,-8.33
447,5,"(1, 37)",3,-0.08
447,6,"(0, 37)",0,-0.08
447,7,"(0, 36)",0,-0.08
447,8,"(0, 35)",1,-0.08
447,9,"(1, 35)",1,-0.08
447,10,"(2, 35)",0,-0.08
447,11,"(2, 34)",0,-0.08
447,12,"(2, 33)",1,-0.08
447,13,"(3, 33)",1,-0.08
447,14,"(4, 33)",1,-0.08
447,15,"(5, 33)",0,-0.08
447,16,"(5, 32)",0,-0.08
447,17,"(5, 31)",0,-0.08
447,18,"(5, 30)",0,-0.08
447,19,"(5, 29)",0,-8.33
447,20,"(5, 29)",1,-0.08
447,21,"(6, 29)",1,-0.08
447,22,"(7, 29)",1,-0.08
447,23,"(8, 29)",1,-0.08
447,24,"(9, 29)",1,-0.08
447,25,"(10, 29)",0,-0.08
447,26,"(10, 28)",0,-0.08
447,27,"(10, 27)",1,-0.08
447,28,"(11, 27)",1,-0.08
447,29,"(12, 27)",0,-0.08
447,30,"(12, 26)",1,-0.08
447,31,"(13, 26)",0,-0.08
447,32,"(13, 25)",0,-0.08
447,33,"(13, 24)",1,-0.08
447,34,"(14, 24)",0,-0.08
447,35,"(14, 23)",1,-0.08
447,36,"(15, 23)",1,-0.08
447,37,"(16, 23)",0,-0.08
447,38,"(16, 22)",1,-0.08
447,39,"(17, 22)",1,-0.08
447,40,"(18, 22)",1,-0.08
447,41,"(19, 22)",1,-0.08
447,42,"(20, 22)",0,-0.08
447,43,"(20, 21)",0,-0.08
447,44,"(20, 20)",1,-0.08
447,45,"(21, 20)",0,-0.08
447,46,"(21, 19)",1,-0.08
447,47,"(22, 19)",1,-0.08
447,48,"(23, 19)",0,-0.08
447,49,"(23, 18)",0,-0.08
447,50,"(23, 17)",1,-0.08
447,51,"(24, 17)",1,-0.08
447,52,"(25, 17)",1,-0.08
447,53,"(26, 17)",1,-0.08
447,54,"(27, 17)",1,-0.08
447,55,"(28, 17)",1,-0.08
447,56,"(29, 17)",0,-0.08
447,57,"(29, 16)",0,-0.08
447,58,"(29, 15)",1,-0.08
447,59,"(30, 15)",1,-0.08
447,60,"(31, 15)",0,-0.08
447,61,"(31, 14)",0,-0.08
447,62,"(31, 13)",1,-0.08
447,63,"(32, 13)",1,-0.08
447,64,"(33, 13)",1,-0.08
447,65,"(34, 13)",1,-0.08
447,66,"(35, 13)",1,-0.08
447,67,"(36, 13)",0,-0.08
447,68,"(36, 12)",1,-0.08
447,69,"(37, 12)",1,-0.08
447,70,"(38, 12)",1,-0.08
447,71,"(39, 12)",0,-0.08
447,72,"(39, 11)",1,-0.08
447,73,"(40, 11)",1,-0.08
447,74,"(41, 11)",1,-0.08
447,75,"(42, 11)",1,-0.08
447,76,"(43, 11)",1,-0.08
447,77,"(44, 11)",1,-0.08
447,78,"(45, 11)",0,-0.08
447,79,"(45, 10)",1,-0.08
447,80,"(46, 10)",1,-0.08
447,81,"(47, 10)",1,-0.08
447,82,"(48, 10)",1,-0.08
447,83,"(49, 10)",0,-0.08
447,84,"(49, 9)",1,-0.08
447,85,"(50, 9)",1,-0.08
447,86,"(51, 9)",1,-0.08
447,87,"(52, 9)",1,-0.08
447,88,"(53, 9)",1,-0.08
447,89,"(54, 9)",1,-0.08
447,90,"(55, 9)",1,-0.08
447,91,"(56, 9)",1,-0.08
447,92,"(57, 9)",1,-0.08
447,93,"(58, 9)",0,-0.08
447,94,"(58, 8)",0,-0.08
447,95,"(58, 7)",1,-0.08
447,96,"(59, 7)",1,-0.08
447,97,"(60, 7)",1,-0.08
447,98,"(61, 7)",1,-0.08
447,99,"(62, 7)",1,-0.08
447,100,"(63, 7)",1,-0.08
447,101,"(64, 7)",1,-0.08
447,102,"(65, 7)",1,-0.08
447,103,"(66, 7)",1,-0.08
447,104,"(67, 7)",1,-0.08
447,105,"(68, 7)",1,-0.08
447,106,"(69, 7)",1,-0.08
447,107,"(70, 7)",0,-0.08
447,108,"(70, 6)",1,-0.08
447,109,"(71, 6)",1,-0.08
447,110,"(72, 6)",1,-0.08
447,111,"(73, 6)",0,-0.08
447,112,"(73, 5)",1,-0.08
447,113,"(74, 5)",0,-0.08
447,114,"(74, 4)",1,-0.08
447,115,"(75, 4)",0,-0.08
447,116,"(75, 3)",1,-0.08
447,117,"(76, 3)",1,-0.08
447,118,"(77, 3)",0,-0.08
447,119,"(77, 2)",0,-0.08
447,120,"(77, 1)",0,-0.08
447,121,"(77, 0)",1,-0.08
447,122,"(78, 0)",1,8.33
448,0,"(0, 39)",1,-0.08
448,1,"(1, 39)",0,-0.08
448,2,"(1, 38)",0,-0.08
448,3,"(1, 37)",1,-8.33
448,4,"(1, 37)",0,-8.33
448,5,"(1, 37)",3,-0.08
448,6,"(0, 37)",0,-0.08
448,7,"(0, 36)",0,-0.08
448,8,"(0, 35)",1,-0.08
448,9,"(1, 35)",0,-0.08
448,10,"(1, 34)",0,-0.08
448,11,"(1, 33)",0,-0.08
448,12,"(1, 32)",0,-0.08
448,13,"(1, 31)",1,-0.08
448,14,"(2, 31)",1,-0.08
448,15,"(3, 31)",0,-8.33
448,16,"(3, 31)",3,-0.08
448,17,"(2, 31)",3,-0.08
448,18,"(1, 31)",0,-0.08
448,19,"(1, 30)",0,-0.08
448,20,"(1, 29)",1,-0.08
448,21,"(2, 29)",1,-0.08
448,22,"(3, 29)",0,-0.08
448,23,"(3, 28)",0,-0.08
448,24,"(3, 27)",0,-0.08
448,25,"(3, 26)",0,-0.08
448,26,"(3, 25)",1,-0.08
448,27,"(4, 25)",1,-0.08
448,28,"(5, 25)",1,-0.08
448,29,"(6, 25)",1,-0.08
448,30,"(7, 25)",1,-0.08
448,31,"(8, 25)",1,-0.08
448,32,"(9, 25)",1,-0.08
448,33,"(10, 25)",0,-0.08
448,34,"(10, 24)",1,-0.08
448,35,"(11, 24)",1,-0.08
448,36,"(12, 24)",1,-0.08
448,37,"(13, 24)",0,-0.08
448,38,"(13, 23)",1,-0.08
448,39,"(14, 23)",1,-0.08
448,40,"(15, 23)",1,-0.08
448,41,"(16, 23)",0,-0.08
448,42,"(16, 22)",1,-0.08
448,43,"(17, 22)",1,-0.08
448,44,"(18, 22)",1,-0.08
448,45,"(19, 22)",1,-0.08
448,46,"(20, 22)",1,-0.08
448,47,"(21, 22)",0,-0.08
448,48,"(21, 21)",0,-0.08
448,49,"(21, 20)",0,-0.08
448,50,"(21, 19)",1,-0.08
448,51,"(22, 19)",1,-0.08
448,52,"(23, 19)",0,-0.08
448,53,"(23, 18)",0,-0.08
448,54,"(23, 17)",0,-0.08
448,55,"(23, 16)",0,-0.08
448,56,"(23, 15)",1,-0.08
448,57,"(24, 15)",1,-0.08
448,58,"(25, 15)",1,-0.08
448,59,"(26, 15)",1,-0.08
448,60,"(27, 15)",1,-0.08
448,61,"(28, 15)",1,-0.08
448,62,"(29, 15)",1,-0.08
448,63,"(30, 15)",1,-0.08
448,64,"(31, 15)",0,-0.08
448,65,"(31, 14)",0,-0.08
448,66,"(31, 13)",1,-0.08
448,67,"(32, 13)",1,-0.08
448,68,"(33, 13)",1,-0.08
448,69,"(34, 13)",1,-0.08
448,70,"(35, 13)",0,-0.08
448,71,"(35, 12)",1,-0.08
448,72,"(36, 12)",1,-0.08
448,73,"(37, 12)",1,-0.08
448,74,"(38, 12)",1,-0.08
448,75,"(39, 12)",0,-0.08
448,76,"(39, 11)",1,-0.08
448,77,"(40, 11)",1,-0.08
448,78,"(41, 11)",1,-0.08
448,79,"(42, 11)",1,-0.08
448,80,"(43, 11)",1,-0.08
448,81,"(44, 11)",1,-0.08
448,82,"(45, 11)",0,-0.08
448,83,"(45, 10)",0,-0.08
448,84,"(45, 9)",1,-0.08
448,85,"(46, 9)",0,-0.08
448,86,"(46, 8)",0,-0.08
448,87,"(46, 7)",1,-0.08
448,88,"(47, 7)",1,-0.08
448,89,"(48, 7)",1,-0.08
448,90,"(49, 7)",1,-0.08
448,91,"(50, 7)",1,-0.08
448,92,"(51, 7)",1,-0.08
448,93,"(52, 7)",1,-0.08
448,94,"(53, 7)",1,-0.08
448,95,"(54, 7)",1,-0.08
448,96,"(55, 7)",1,-0.08
448,97,"(56, 7)",1,-0.08
448,98,"(57, 7)",1,-0.08
448,99,"(58, 7)",1,-0.08
448,100,"(59, 7)",1,-0.08
448,101,"(60, 7)",1,-0.08
448,102,"(61, 7)",1,-0.08
448,103,"(62, 7)",1,-0.08
448,104,"(63, 7)",1,-0.08
448,105,"(64, 7)",1,-0.08
448,106,"(65, 7)",1,-0.08
448,107,"(66, 7)",1,-0.08
448,108,"(67, 7)",1,-0.08
448,109,"(68, 7)",1,-0.08
448,110,"(69, 7)",1,-0.08
448,111,"(70, 7)",0,-0.08
448,112,"(70, 6)",1,-0.08
448,113,"(71, 6)",0,-0.08
448,114,"(71, 5)",1,-0.08
448,115,"(72, 5)",1,-0.08
448,116,"(73, 5)",1,-0.08
448,117,"(74, 5)",0,-0.08
448,118,"(74, 4)",1,-0.08
448,119,"(75, 4)",0,-0.08
448,120,"(75, 3)",1,-0.08
448,121,"(76, 3)",0,-0.08
448,122,"(76, 2)",1,-0.08
448,123,"(77, 2)",0,-0.08
448,124,"(77, 1)",0,-0.08
448,125,"(77, 0)",1,-0.08
448,126,"(78, 0)",1,8.33
449,0,"(0, 39)",1,-0.08
449,1,"(1, 39)",1,-0.08
449,2,"(2, 39)",1,-0.08
449,3,"(3, 39)",1,-0.08
449,4,"(4, 39)",1,-0.08
449,5,"(5, 39)",1,-0.08
449,6,"(6, 39)",0,-8.33
449,7,"(6, 39)",1,-0.08
449,8,"(7, 39)",1,-0.08
449,9,"(8, 39)",1,-0.08
449,10,"(9, 39)",1,-0.08
449,11,"(10, 39)",0,-0.08
449,12,"(10, 38)",1,-0.08
449,13,"(11, 38)",0,-0.08
449,14,"(11, 37)",1,-0.08
449,15,"(12, 37)",0,-0.08
449,16,"(12, 36)",0,-0.08
449,17,"(12, 35)",1,-0.08
449,18,"(13, 35)",0,-0.08
449,19,"(13, 34)",0,-0.08
449,20,"(13, 33)",1,-0.08
449,21,"(14, 33)",1,-0.08
449,22,"(15, 33)",1,-0.08
449,23,"(16, 33)",1,-0.08
449,24,"(17, 33)",0,-0.08
449,25,"(17, 32)",0,-0.08
449,26,"(17, 31)",0,-8.33
449,27,"(17, 31)",3,-0.08
449,28,"(16, 31)",0,-0.08
449,29,"(16, 30)",0,-0.08
449,30,"(16, 29)",1,-0.08
449,31,"(17, 29)",1,-0.08
449,32,"(18, 29)",1,-0.08
449,33,"(19, 29)",0,-0.08
449,34,"(19, 28)",1,-0.08
449,35,"(20, 28)",0,-0.08
449,36,"(20, 27)",1,-0.08
449,37,"(21, 27)",1,-8.33
449,38,"(21, 27)",0,-0.08
449,39,"(21, 26)",1,-0.08
449,40,"(22, 26)",1,-0.08
449,41,"(23, 26)",1,-0.08
449,42,"(24, 26)",1,-0.08
449,43,"(25, 26)",0,-0.08
449,44,"(25, 25)",0,-0.08
449,45,"(25, 24)",0,-0.08
449,46,"(25, 23)",0,-0.08
449,47,"(25, 22)",0,-0.08
449,48,"(25, 21)",0,-0.08
449,49,"(25, 20)",0,-0.08
449,50,"(25, 19)",1,-0.08
449,51,"(26, 19)",0,-0.08
449,52,"(26, 18)",0,-0.08
449,53,"(26, 17)",1,-0.08
449,54,"(27, 17)",0,-0.08
449,55,"(27, 16)",0,-0.08
449,56,"(27, 15)",0,-0.08
449,57,"(27, 14)",0,-0.08
449,58,"(27, 13)",1,-0.08
449,59,"(28, 13)",1,-0.08
449,60,"(29, 13)",1,-0.08
449,61,"(30, 13)",1,-0.08
449,62,"(31, 13)",1,-0.08
449,63,"(32, 13)",1,-0.08
449,64,"(33, 13)",1,-0.08
449,65,"(34, 13)",1,-0.08
449,66,"(35, 13)",1,-0.08
449,67,"(36, 13)",1,-0.08
449,68,"(37, 13)",0,-0.08
449,69,"(37, 12)",1,-0.08
449,70,"(38, 12)",1,-0.08
449,71,"(39, 12)",0,-0.08
449,72,"(39, 11)",1,-0.08
449,73,"(40, 11)",1,-0.08
449,74,"(41, 11)",1,-0.08
449,75,"(42, 11)",1,-0.08
449,76,"(43, 11)",1,-0.08
449,77,"(44, 11)",1,-0.08
449,78,"(45, 11)",0,-0.08
449,79,"(45, 10)",0,-0.08
449,80,"(45, 9)",1,-0.08
449,81,"(46, 9)",0,-0.08
449,82,"(46, 8)",0,-0.08
449,83,"(46, 7)",1,-0.08
449,84,"(47, 7)",1,-0.08
449,85,"(48, 7)",1,-0.08
449,86,"(49, 7)",1,-0.08
449,87,"(50, 7)",1,-0.08
449,88,"(51, 7)",1,-0.08
449,89,"(52, 7)",1,-0.08
449,90,"(53, 7)",1,-0.08
449,91,"(54, 7)",1,-0.08
449,92,"(55, 7)",1,-0.08
449,93,"(56, 7)",1,-0.08
449,94,"(57, 7)",1,-0.08
449,95,"(58, 7)",1,-0.08
449,96,"(59, 7)",1,-0.08
449,97,"(60, 7)",1,-0.08
449,98,"(61, 7)",1,-0.08
449,99,"(62, 7)",1,-0.08
449,100,"(63, 7)",1,-0.08
449,101,"(64, 7)",1,-0.08
449,102,"(65, 7)",1,-0.08
449,103,"(66, 7)",1,-0.08
449,104,"(67, 7)",1,-0.08
449,105,"(68, 7)",1,-0.08
449,106,"(69, 7)",1,-0.08
449,107,"(70, 7)",0,-0.08
449,108,"(70, 6)",1,-0.08
449,109,"(71, 6)",0,-0.08
449,110,"(71, 5)",1,-0.08
449,111,"(72, 5)",1,-0.08
449,112,"(73, 5)",1,-0.08
449,113,"(74, 5)",1,-0.08
449,114,"(75, 5)",0,-0.08
449,115,"(75, 4)",0,-0.08
449,116,"(75, 3)",1,-0.08
449,117,"(76, 3)",1,-0.08
449,118,"(77, 3)",0,-0.08
449,119,"(77, 2)",0,-0.08
449,120,"(77, 1)",0,-0.08
449,121,"(77, 0)",1,-0.08
449,122,"(78, 0)",1,8.33
450,0,"(0, 39)",1,-0.08
450,1,"(1, 39)",1,-0.08
450,2,"(2, 39)",0,-8.33
450,3,"(2, 39)",1,-0.08
450,4,"(3, 39)",1,-0.08
450,5,"(4, 39)",1,-0.08
450,6,"(5, 39)",1,-0.08
450,7,"(6, 39)",1,-0.08
450,8,"(7, 39)",1,-0.08
450,9,"(8, 39)",1,-0.08
450,10,"(9, 39)",0,-8.33
450,11,"(9, 39)",1,-0.08
450,12,"(10, 39)",0,-0.08
450,13,"(10, 38)",1,-0.08
450,14,"(11, 38)",0,-0.08
450,15,"(11, 37)",1,-0.08
450,16,"(12, 37)",1,-0.08
450,17,"(13, 37)",1,-0.08
450,18,"(14, 37)",1,-0.08
450,19,"(15, 37)",1,-0.08
450,20,"(16, 37)",0,-0.08
450,21,"(16, 36)",1,-0.08
450,22,"(17, 36)",0,-0.08
450,23,"(17, 35)",0,-0.08
450,24,"(17, 34)",0,-0.08
450,25,"(17, 33)",1,-0.08
450,26,"(18, 33)",1,-0.08
450,27,"(19, 33)",0,-0.08
450,28,"(19, 32)",0,-0.08
450,29,"(19, 31)",0,-0.08
450,30,"(19, 30)",0,-0.08
450,31,"(19, 29)",1,-0.08
450,32,"(20, 29)",1,-0.08
450,33,"(21, 29)",0,-0.08
450,34,"(21, 28)",0,-0.08
450,35,"(21, 27)",0,-0.08
450,36,"(21, 26)",0,-0.08
450,37,"(21, 25)",1,-0.08
450,38,"(22, 25)",0,-0.08
450,39,"(22, 24)",1,-0.08
450,40,"(23, 24)",0,-0.08
450,41,"(23, 23)",1,-0.08
450,42,"(24, 23)",0,-0.08
450,43,"(24, 22)",0,-0.08
450,44,"(24, 21)",0,-0.08
450,45,"(24, 20)",1,-0.08
450,46,"(25, 20)",0,-0.08
450,47,"(25, 19)",1,-0.08
450,48,"(26, 19)",1,-0.08
450,49,"(27, 19)",0,-0.08
450,50,"(27, 18)",0,-0.08
450,51,"(27, 17)",0,-0.08
450,52,"(27, 16)",0,-0.08
450,53,"(27, 15)",1,-0.08
450,54,"(28, 15)",1,-0.08
450,55,"(29, 15)",0,-0.08
450,56,"(29, 14)",0,-0.08
450,57,"(29, 13)",1,-0.08
450,58,"(30, 13)",1,-0.08
450,59,"(31, 13)",1,-0.08
450,60,"(32, 13)",1,-0.08
450,61,"(33, 13)",1,-0.08
450,62,"(34, 13)",1,-0.08
450,63,"(35, 13)",1,-0.08
450,64,"(36, 13)",0,-0.08
450,65,"(36, 12)",1,-0.08
450,66,"(37, 12)",1,-0.08
450,67,"(38, 12)",1,-0.08
450,68,"(39, 12)",0,-0.08
450,69,"(39, 11)",1,-0.08
450,70,"(40, 11)",1,-0.08
450,71,"(41, 11)",1,-0.08
450,72,"(42, 11)",1,-0.08
450,73,"(43, 11)",1,-0.08
450,74,"(44, 11)",1,-0.08
450,75,"(45, 11)",0,-0.08
450,76,"(45, 10)",1,-0.08
450,77,"(46, 10)",1,-0.08
450,78,"(47, 10)",1,-0.08
450,79,"(48, 10)",1,-0.08
450,80,"(49, 10)",1,-0.08
450,81,"(50, 10)",0,-0.08
450,82,"(50, 9)",1,-0.08
450,83,"(51, 9)",1,-0.08
450,84,"(52, 9)",1,-0.08
450,85,"(53, 9)",1,-0.08
450,86,"(54, 9)",1,-0.08
450,87,"(55, 9)",1,-0.08
450,88,"(56, 9)",1,-0.08
450,89,"(57, 9)",1,-0.08
450,90,"(58, 9)",0,-0.08
450,91,"(58, 8)",0,-0.08
450,92,"(58, 7)",1,-0.08
450,93,"(59, 7)",1,-0.08
450,94,"(60, 7)",1,-0.08
450,95,"(61, 7)",1,-0.08
450,96,"(62, 7)",1,-0.08
450,97,"(63, 7)",1,-0.08
450,98,"(64, 7)",1,-0.08
450,99,"(65, 7)",1,-0.08
450,100,"(66, 7)",1,-0.08
450,101,"(67, 7)",1,-0.08
450,102,"(68, 7)",1,-0.08
450,103,"(69, 7)",0,-0.08
450,104,"(69, 6)",1,-0.08
450,105,"(70, 6)",1,-0.08
450,106,"(71, 6)",0,-0.08
450,107,"(71, 5)",1,-0.08
450,108,"(72, 5)",1,-0.08
450,109,"(73, 5)",1,-0.08
450,110,"(74, 5)",0,-0.08
450,111,"(74, 4)",1,-0.08
450,112,"(75, 4)",0,-0.08
450,113,"(75, 3)",1,-0.08
450,114,"(76, 3)",1,-0.08
450,115,"(77, 3)",0,-0.08
450,116,"(77, 2)",0,-0.08
450,117,"(77, 1)",0,-0.08
450,118,"(77, 0)",1,-0.08
450,119,"(78, 0)",1,8.33
451,0,"(0, 39)",1,-0.08
451,1,"(1, 39)",0,-0.08
451,2,"(1, 38)",1,-8.33
451,3,"(1, 38)",0,-0.08
451,4,"(1, 37)",0,-8.33
451,5,"(1, 37)",3,-0.08
451,6,"(0, 37)",0,-0.08
451,7,"(0, 36)",0,-0.08
451,8,"(0, 35)",0,-0.08
451,9,"(0, 34)",1,-0.08
451,10,"(1, 34)",1,-0.08
451,11,"(2, 34)",0,-0.08
451,12,"(2, 33)",0,-0.08
451,13,"(2, 32)",1,-0.08
451,14,"(3, 32)",0,-0.08
451,15,"(3, 31)",0,-8.33
451,16,"(3, 31)",0,-8.33
451,17,"(3, 31)",3,-0.08
451,18,"(2, 31)",3,-0.08
451,19,"(1, 31)",0,-0.08
451,20,"(1, 30)",0,-0.08
451,21,"(1, 29)",1,-0.08
451,22,"(2, 29)",1,-0.08
451,23,"(3, 29)",1,-0.08
451,24,"(4, 29)",1,-0.08
451,25,"(5, 29)",1,-0.08
451,26,"(6, 29)",1,-0.08
451,27,"(7, 29)",0,-0.08
451,28,"(7, 28)",0,-0.08
451,29,"(7, 27)",0,-0.08
451,30,"(7, 26)",0,-0.08
451,31,"(7, 25)",1,-0.08
451,32,"(8, 25)",1,-0.08
451,33,"(9, 25)",0,-0.08
451,34,"(9, 24)",1,-0.08
451,35,"(10, 24)",1,-0.08
451,36,"(11, 24)",1,-0.08
451,37,"(12, 24)",1,-0.08
451,38,"(13, 24)",0,-0.08
451,39,"(13, 23)",1,-0.08
451,40,"(14, 23)",1,-0.08
451,41,"(15, 23)",1,-0.08
451,42,"(16, 23)",0,-0.08
451,43,"(16, 22)",1,-0.08
451,44,"(17, 22)",1,-0.08
451,45,"(18, 22)",1,-0.08
451,46,"(19, 22)",0,-0.08
451,47,"(19, 21)",0,-0.08
451,48,"(19, 20)",1,-0.08
451,49,"(20, 20)",0,-0.08
451,50,"(20, 19)",1,-0.08
451,51,"(21, 19)",1,-0.08
451,52,"(22, 19)",1,-0.08
451,53,"(23, 19)",0,-0.08
451,54,"(23, 18)",0,-0.08
451,55,"(23, 17)",1,-0.08
451,56,"(24, 17)",1,-0.08
451,57,"(25, 17)",1,-0.08
451,58,"(26, 17)",1,-0.08
451,59,"(27, 17)",0,-0.08
451,60,"(27, 16)",0,-0.08
451,61,"(27, 15)",1,-0.08
451,62,"(28, 15)",1,-0.08
451,63,"(29, 15)",0,-0.08
451,64,"(29, 14)",0,-0.08
451,65,"(29, 13)",1,-0.08
451,66,"(30, 13)",1,-0.08
451,67,"(31, 13)",1,-0.08
451,68,"(32, 13)",1,-0.08
451,69,"(33, 13)",1,-0.08
451,70,"(34, 13)",1,-0.08
451,71,"(35, 13)",1,-0.08
451,72,"(36, 13)",1,-0.08
451,73,"(37, 13)",1,-0.08
451,74,"(38, 13)",1,-0.08
451,75,"(39, 13)",1,-0.08
451,76,"(40, 13)",1,-0.08
451,77,"(41, 13)",1,-0.08
451,78,"(42, 13)",1,-0.08
451,79,"(43, 13)",0,-0.08
451,80,"(43, 12)",0,-0.08
451,81,"(43, 11)",1,-0.08
451,82,"(44, 11)",1,-0.08
451,83,"(45, 11)",0,-0.08
451,84,"(45, 10)",1,-0.08
451,85,"(46, 10)",1,-0.08
451,86,"(47, 10)",1,-0.08
451,87,"(48, 10)",1,-0.08
451,88,"(49, 10)",1,-0.08
451,89,"(50, 10)",0,-0.08
451,90,"(50, 9)",0,-0.08
451,91,"(50, 8)",0,-0.08
451,92,"(50, 7)",1,-0.08
451,93,"(51, 7)",1,-0.08
451,94,"(52, 7)",1,-0.08
451,95,"(53, 7)",1,-0.08
451,96,"(54, 7)",1,-0.08
451,97,"(55, 7)",1,-0.08
451,98,"(56, 7)",1,-0.08
451,99,"(57, 7)",1,-0.08
451,100,"(58, 7)",1,-0.08
451,101,"(59, 7)",1,-0.08
451,102,"(60, 7)",1,-0.08
451,103,"(61, 7)",1,-0.08
451,104,"(62, 7)",1,-0.08
451,105,"(63, 7)",1,-0.08
451,106,"(64, 7)",1,-0.08
451,107,"(65, 7)",1,-0.08
451,108,"(66, 7)",1,-0.08
451,109,"(67, 7)",1,-0.08
451,110,"(68, 7)",1,-0.08
451,111,"(69, 7)",1,-0.08
451,112,"(70, 7)",1,-0.08
451,113,"(71, 7)",1,-0.08
451,114,"(72, 7)",1,-0.08
451,115,"(73, 7)",0,-0.08
451,116,"(73, 6)",1,-0.08
451,117,"(74, 6)",0,-0.08
451,118,"(74, 5)",0,-0.08
451,119,"(74, 4)",1,-0.08
451,120,"(75, 4)",0,-0.08
451,121,"(75, 3)",1,-0.08
451,122,"(76, 3)",0,-0.08
451,123,"(76, 2)",1,-0.08
451,124,"(77, 2)",0,-0.08
451,125,"(77, 1)",1,-0.08
451,126,"(78, 1)",0,-0.08
451,127,"(78, 0)",1,8.33
452,0,"(0, 39)",0,-0.08
452,1,"(0, 38)",0,-0.08
452,2,"(0, 37)",0,-0.08
452,3,"(0, 36)",0,-0.08
452,4,"(0, 35)",0,-0.08
452,5,"(0, 34)",0,-0.08
452,6,"(0, 33)",0,-8.33
452,7,"(0, 33)",1,-0.08
452,8,"(1, 33)",1,-0.08
452,9,"(2, 33)",0,-0.08
452,10,"(2, 32)",1,-0.08
452,11,"(3, 32)",0,-0.08
452,12,"(3, 31)",0,-8.33
452,13,"(3, 31)",0,-8.33
452,14,"(3, 31)",3,-0.08
452,15,"(2, 31)",3,-0.08
452,16,"(1, 31)",0,-0.08
452,17,"(1, 30)",0,-0.08
452,18,"(1, 29)",0,-0.08
452,19,"(1, 28)",0,-0.08
452,20,"(1, 27)",0,-0.08
452,21,"(1, 26)",0,-0.08
452,22,"(1, 25)",1,-0.08
452,23,"(2, 25)",1,-0.08
452,24,"(3, 25)",1,-0.08
452,25,"(4, 25)",1,-0.08
452,26,"(5, 25)",1,-0.08
452,27,"(6, 25)",1,-0.08
452,28,"(7, 25)",1,-0.08
452,29,"(8, 25)",1,-0.08
452,30,"(9, 25)",0,-0.08
452,31,"(9, 24)",1,-0.08
452,32,"(10, 24)",1,-0.08
452,33,"(11, 24)",1,-0.08
452,34,"(12, 24)",1,-0.08
452,35,"(13, 24)",0,-0.08
452,36,"(13, 23)",1,-0.08
452,37,"(14, 23)",1,-0.08
452,38,"(15, 23)",1,-0.08
452,39,"(16, 23)",0,-0.08
452,40,"(16, 22)",1,-0.08
452,41,"(17, 22)",1,-0.08
452,42,"(18, 22)",1,-0.08
452,43,"(19, 22)",1,-0.08
452,44,"(20, 22)",0,-0.08
452,45,"(20, 21)",0,-0.08
452,46,"(20, 20)",0,-0.08
452,47,"(20, 19)",1,-0.08
452,48,"(21, 19)",1,-0.08
452,49,"(22, 19)",1,-0.08
452,50,"(23, 19)",0,-0.08
452,51,"(23, 18)",0,-0.08
452,52,"(23, 17)",0,-0.08
452,53,"(23, 16)",0,-0.08
452,54,"(23, 15)",1,-0.08
452,55,"(24, 15)",1,-0.08
452,56,"(25, 15)",1,-0.08
452,57,"(26, 15)",1,-0.08
452,58,"(27, 15)",0,-0.08
452,59,"(27, 14)",0,-0.08
452,60,"(27, 13)",1,-0.08
452,61,"(28, 13)",1,-0.08
452,62,"(29, 13)",1,-0.08
452,63,"(30, 13)",1,-0.08
452,64,"(31, 13)",1,-0.08
452,65,"(32, 13)",1,-0.08
452,66,"(33, 13)",1,-0.08
452,67,"(34, 13)",1,-0.08
452,68,"(35, 13)",1,-0.08
452,69,"(36, 13)",1,-0.08
452,70,"(37, 13)",0,-0.08
452,71,"(37, 12)",1,-0.08
452,72,"(38, 12)",1,-0.08
452,73,"(39, 12)",0,-0.08
452,74,"(39, 11)",1,-0.08
452,75,"(40, 11)",1,-0.08
452,76,"(41, 11)",1,-0.08
452,77,"(42, 11)",1,-0.08
452,78,"(43, 11)",1,-0.08
452,79,"(44, 11)",1,-0.08
452,80,"(45, 11)",0,-0.08
452,81,"(45, 10)",0,-0.08
452,82,"(45, 9)",0,-0.08
452,83,"(45, 8)",0,-0.08
452,84,"(45, 7)",1,-0.08
452,85,"(46, 7)",1,-0.08
452,86,"(47, 7)",1,-0.08
452,87,"(48, 7)",1,-0.08
452,88,"(49, 7)",1,-0.08
452,89,"(50, 7)",1,-0.08
452,90,"(51, 7)",1,-0.08
452,91,"(52, 7)",1,-0.08
452,92,"(53, 7)",1,-0.08
452,93,"(54, 7)",1,-0.08
452,94,"(55, 7)",1,-0.08
452,95,"(56, 7)",1,-0.08
452,96,"(57, 7)",1,-0.08
452,97,"(58, 7)",1,-0.08
452,98,"(59, 7)",1,-0.08
452,99,"(60, 7)",1,-0.08
452,100,"(61, 7)",1,-0.08
452,101,"(62, 7)",1,-0.08
452,102,"(63, 7)",1,-0.08
452,103,"(64, 7)",1,-0.08
452,104,"(65, 7)",1,-0.08
452,105,"(66, 7)",1,-0.08
452,106,"(67, 7)",1,-0.08
452,107,"(68, 7)",1,-0.08
452,108,"(69, 7)",0,-0.08
452,109,"(69, 6)",1,-0.08
452,110,"(70, 6)",1,-0.08
452,111,"(71, 6)",0,-0.08
452,112,"(71, 5)",1,-0.08
452,113,"(72, 5)",1,-0.08
452,114,"(73, 5)",1,-0.08
452,115,"(74, 5)",0,-0.08
452,116,"(74, 4)",0,-0.08
452,117,"(74, 3)",1,-0.08
452,118,"(75, 3)",1,-0.08
452,119,"(76, 3)",0,-0.08
452,120,"(76, 2)",1,-0.08
452,121,"(77, 2)",0,-0.08
452,122,"(77, 1)",1,-0.08
452,123,"(78, 1)",1,-0.08
452,124,"(79, 1)",0,8.33
453,0,"(0, 39)",1,-0.08
453,1,"(1, 39)",1,-0.08
453,2,"(2, 39)",1,-0.08
453,3,"(3, 39)",1,-0.08
453,4,"(4, 39)",0,-8.33
453,5,"(4, 39)",1,-0.08
453,6,"(5, 39)",1,-0.08
453,7,"(6, 39)",1,-0.08
453,8,"(7, 39)",0,-0.08
453,9,"(7, 38)",1,-0.08
453,10,"(8, 38)",1,-8.33
453,11,"(8, 38)",2,-0.08
453,12,"(8, 39)",1,-0.08
453,13,"(9, 39)",1,-0.08
453,14,"(10, 39)",0,-0.08
453,15,"(10, 38)",1,-0.08
453,16,"(11, 38)",1,-0.08
453,17,"(12, 38)",0,-0.08
453,18,"(12, 37)",1,-0.08
453,19,"(13, 37)",1,-0.08
453,20,"(14, 37)",1,-0.08
453,21,"(15, 37)",0,-0.08
453,22,"(15, 36)",1,-0.08
453,23,"(16, 36)",1,-0.08
453,24,"(17, 36)",0,-0.08
453,25,"(17, 35)",1,-0.08
453,26,"(18, 35)",1,-0.08
453,27,"(19, 35)",0,-0.08
453,28,"(19, 34)",0,-0.08
453,29,"(19, 33)",1,-8.33
453,30,"(19, 33)",0,-0.08
453,31,"(19, 32)",0,-0.08
453,32,"(19, 31)",0,-0.08
453,33,"(19, 30)",0,-0.08
453,34,"(19, 29)",0,-0.08
453,35,"(19, 28)",1,-0.08
453,36,"(20, 28)",1,-0.08
453,37,"(21, 28)",0,-0.08
453,38,"(21, 27)",0,-0.08
453,39,"(21, 26)",0,-0.08
453,40,"(21, 25)",1,-0.08
453,41,"(22, 25)",0,-0.08
453,42,"(22, 24)",0,-0.08
453,43,"(22, 23)",1,-0.08
453,44,"(23, 23)",1,-0.08
453,45,"(24, 23)",0,-0.08
453,46,"(24, 22)",0,-0.08
453,47,"(24, 21)",0,-0.08
453,48,"(24, 20)",1,-0.08
453,49,"(25, 20)",0,-0.08
453,50,"(25, 19)",0,-0.08
453,51,"(25, 18)",1,-0.08
453,52,"(26, 18)",0,-0.08
453,53,"(26, 17)",1,-0.08
453,54,"(27, 17)",1,-0.08
453,55,"(28, 17)",0,-0.08
453,56,"(28, 16)",0,-0.08
453,57,"(28, 15)",1,-0.08
453,58,"(29, 15)",1,-0.08
453,59,"(30, 15)",1,-0.08
453,60,"(31, 15)",0,-0.08
453,61,"(31, 14)",0,-0.08
453,62,"(31, 13)",1,-0.08
453,63,"(32, 13)",1,-0.08
453,64,"(33, 13)",1,-0.08
453,65,"(34, 13)",1,-0.08
453,66,"(35, 13)",0,-0.08
453,67,"(35, 12)",1,-0.08
453,68,"(36, 12)",1,-0.08
453,69,"(37, 12)",1,-0.08
453,70,"(38, 12)",1,-0.08
453,71,"(39, 12)",0,-0.08
453,72,"(39, 11)",1,-0.08
453,73,"(40, 11)",1,-0.08
453,74,"(41, 11)",1,-0.08
453,75,"(42, 11)",1,-0.08
453,76,"(43, 11)",1,-0.08
453,77,"(44, 11)",1,-0.08
453,78,"(45, 11)",0,-0.08
453,79,"(45, 10)",0,-0.08
453,80,"(45, 9)",0,-0.08
453,81,"(45, 8)",0,-0.08
453,82,"(45, 7)",1,-0.08
453,83,"(46, 7)",1,-0.08
453,84,"(47, 7)",1,-0.08
453,85,"(48, 7)",1,-0.08
453,86,"(49, 7)",1,-0.08
453,87,"(50, 7)",1,-0.08
453,88,"(51, 7)",1,-0.08
453,89,"(52, 7)",1,-0.08
453,90,"(53, 7)",1,-0.08
453,91,"(54, 7)",1,-0.08
453,92,"(55, 7)",1,-0.08
453,93,"(56, 7)",1,-0.08
453,94,"(57, 7)",1,-0.08
453,95,"(58, 7)",1,-0.08
453,96,"(59, 7)",1,-0.08
453,97,"(60, 7)",1,-0.08
453,98,"(61, 7)",1,-0.08
453,99,"(62, 7)",1,-0.08
453,100,"(63, 7)",1,-0.08
453,101,"(64, 7)",1,-0.08
453,102,"(65, 7)",1,-0.08
453,103,"(66, 7)",1,-0.08
453,104,"(67, 7)",1,-0.08
453,105,"(68, 7)",1,-0.08
453,106,"(69, 7)",0,-0.08
453,107,"(69, 6)",1,-0.08
453,108,"(70, 6)",1,-0.08
453,109,"(71, 6)",0,-0.08
453,110,"(71, 5)",1,-0.08
453,111,"(72, 5)",1,-0.08
453,112,"(73, 5)",1,-0.08
453,113,"(74, 5)",0,-0.08
453,114,"(74, 4)",0,-0.08
453,115,"(74, 3)",1,-0.08
453,116,"(75, 3)",1,-0.08
453,117,"(76, 3)",1,-0.08
453,118,"(77, 3)",0,-0.08
453,119,"(77, 2)",0,-0.08
453,120,"(77, 1)",0,-0.08
453,121,"(77, 0)",1,-0.08
453,122,"(78, 0)",1,8.33
454,0,"(0, 39)",0,-0.08
454,1,"(0, 38)",0,-0.08
454,2,"(0, 37)",0,-0.08
454,3,"(0, 36)",0,-0.08
454,4,"(0, 35)",0,-0.08
454,5,"(0, 34)",1,-0.08
454,6,"(1, 34)",0,-0.08
454,7,"(1, 33)",0,-0.08
454,8,"(1, 32)",1,-0.08
454,9,"(2, 32)",0,-0.08
454,10,"(2, 31)",1,-0.08
454,11,"(3, 31)",0,-8.33
454,12,"(3, 31)",1,-8.33
454,13,"(3, 31)",0,-8.33
454,14,"(3, 31)",3,-0.08
454,15,"(2, 31)",3,-0.08
454,16,"(1, 31)",0,-0.08
454,17,"(1, 30)",0,-0.08
454,18,"(1, 29)",0,-0.08
454,19,"(1, 28)",0,-0.08
454,20,"(1, 27)",0,-0.08
454,21,"(1, 26)",0,-0.08
454,22,"(1, 25)",1,-0.08
454,23,"(2, 25)",1,-0.08
454,24,"(3, 25)",1,-0.08
454,25,"(4, 25)",1,-0.08
454,26,"(5, 25)",1,-0.08
454,27,"(6, 25)",1,-0.08
454,28,"(7, 25)",1,-0.08
454,29,"(8, 25)",1,-0.08
454,30,"(9, 25)",1,-0.08
454,31,"(10, 25)",0,-0.08
454,32,"(10, 24)",1,-0.08
454,33,"(11, 24)",1,-0.08
454,34,"(12, 24)",1,-0.08
454,35,"(13, 24)",1,-0.08
454,36,"(14, 24)",0,-0.08
454,37,"(14, 23)",1,-0.08
454,38,"(15, 23)",1,-0.08
454,39,"(16, 23)",1,-0.08
454,40,"(17, 23)",1,-0.08
454,41,"(18, 23)",0,-0.08
454,42,"(18, 22)",1,-0.08
454,43,"(19, 22)",1,-0.08
454,44,"(20, 22)",1,-0.08
454,45,"(21, 22)",0,-0.08
454,46,"(21, 21)",0,-0.08
454,47,"(21, 20)",1,-0.08
454,48,"(22, 20)",0,-0.08
454,49,"(22, 19)",1,-0.08
454,50,"(23, 19)",0,-0.08
454,51,"(23, 18)",0,-0.08
454,52,"(23, 17)",1,-0.08
454,53,"(24, 17)",1,-0.08
454,54,"(25, 17)",1,-0.08
454,55,"(26, 17)",1,-0.08
454,56,"(27, 17)",1,-0.08
454,57,"(28, 17)",1,-0.08
454,58,"(29, 17)",0,-0.08
454,59,"(29, 16)",0,-0.08
454,60,"(29, 15)",0,-0.08
454,61,"(29, 14)",0,-0.08
454,62,"(29, 13)",1,-0.08
454,63,"(30, 13)",1,-0.08
454,64,"(31, 13)",1,-0.08
454,65,"(32, 13)",1,-0.08
454,66,"(33, 13)",1,-0.08
454,67,"(34, 13)",1,-0.08
454,68,"(35, 13)",1,-0.08
454,69,"(36, 13)",1,-0.08
454,70,"(37, 13)",1,-0.08
454,71,"(38, 13)",1,-0.08
454,72,"(39, 13)",1,-0.08
454,73,"(40, 13)",1,-0.08
454,74,"(41, 13)",1,-0.08
454,75,"(42, 13)",1,-0.08
454,76,"(43, 13)",1,-0.08
454,77,"(44, 13)",1,-0.08
454,78,"(45, 13)",0,-0.08
454,79,"(45, 12)",1,-0.08
454,80,"(46, 12)",1,-0.08
454,81,"(47, 12)",0,-0.08
454,82,"(47, 11)",0,-0.08
454,83,"(47, 10)",1,-0.08
454,84,"(48, 10)",1,-0.08
454,85,"(49, 10)",0,-0.08
454,86,"(49, 9)",1,-0.08
454,87,"(50, 9)",1,-0.08
454,88,"(51, 9)",1,-0.08
454,89,"(52, 9)",1,-0.08
454,90,"(53, 9)",1,-0.08
454,91,"(54, 9)",1,-0.08
454,92,"(55, 9)",1,-0.08
454,93,"(56, 9)",1,-0.08
454,94,"(57, 9)",0,-0.08
454,95,"(57, 8)",1,-0.08
454,96,"(58, 8)",0,-0.08
454,97,"(58, 7)",1,-0.08
454,98,"(59, 7)",1,-0.08
454,99,"(60, 7)",1,-0.08
454,100,"(61, 7)",1,-0.08
454,101,"(62, 7)",1,-0.08
454,102,"(63, 7)",1,-0.08
454,103,"(64, 7)",1,-0.08
454,104,"(65, 7)",1,-0.08
454,105,"(66, 7)",1,-0.08
454,106,"(67, 7)",1,-0.08
454,107,"(68, 7)",1,-0.08
454,108,"(69, 7)",0,-0.08
454,109,"(69, 6)",1,-0.08
454,110,"(70, 6)",1,-0.08
454,111,"(71, 6)",0,-0.08
454,112,"(71, 5)",1,-0.08
454,113,"(72, 5)",1,-0.08
454,114,"(73, 5)",1,-0.08
454,115,"(74, 5)",0,-0.08
454,116,"(74, 4)",0,-0.08
454,117,"(74, 3)",1,-0.08
454,118,"(75, 3)",1,-0.08
454,119,"(76, 3)",0,-0.08
454,120,"(76, 2)",1,-0.08
454,121,"(77, 2)",0,-0.08
454,122,"(77, 1)",0,-0.08
454,123,"(77, 0)",1,-0.08
454,124,"(78, 0)",1,8.33
455,0,"(0, 39)",0,-0.08
455,1,"(0, 38)",0,-0.08
455,2,"(0, 37)",1,-0.08
455,3,"(1, 37)",1,-8.33
455,4,"(1, 37)",0,-8.33
455,5,"(1, 37)",3,-0.08
455,6,"(0, 37)",0,-0.08
455,7,"(0, 36)",0,-0.08
455,8,"(0, 35)",1,-0.08
455,9,"(1, 35)",0,-0.08
455,10,"(1, 34)",0,-0.08
455,11,"(1, 33)",0,-0.08
455,12,"(1, 32)",1,-0.08
455,13,"(2, 32)",0,-0.08
455,14,"(2, 31)",1,-0.08
455,15,"(3, 31)",0,-8.33
455,16,"(3, 31)",0,-8.33
455,17,"(3, 31)",3,-0.08
455,18,"(2, 31)",3,-0.08
455,19,"(1, 31)",0,-0.08
455,20,"(1, 30)",0,-0.08
455,21,"(1, 29)",0,-0.08
455,22,"(1, 28)",0,-0.08
455,23,"(1, 27)",0,-0.08
455,24,"(1, 26)",1,-0.08
455,25,"(2, 26)",0,-0.08
455,26,"(2, 25)",1,-0.08
455,27,"(3, 25)",1,-0.08
455,28,"(4, 25)",1,-0.08
455,29,"(5, 25)",1,-0.08
455,30,"(6, 25)",1,-0.08
455,31,"(7, 25)",1,-0.08
455,32,"(8, 25)",1,-0.08
455,33,"(9, 25)",0,-0.08
455,34,"(9, 24)",1,-0.08
455,35,"(10, 24)",1,-0.08
455,36,"(11, 24)",1,-0.08
455,37,"(12, 24)",1,-0.08
455,38,"(13, 24)",0,-0.08
455,39,"(13, 23)",1,-0.08
455,40,"(14, 23)",1,-0.08
455,41,"(15, 23)",1,-0.08
455,42,"(16, 23)",1,-0.08
455,43,"(17, 23)",0,-0.08
455,44,"(17, 22)",1,-0.08
455,45,"(18, 22)",1,-0.08
455,46,"(19, 22)",1,-0.08
455,47,"(20, 22)",1,-0.08
455,48,"(21, 22)",0,-0.08
455,49,"(21, 21)",0,-0.08
455,50,"(21, 20)",1,-0.08
455,51,"(22, 20)",0,-0.08
455,52,"(22, 19)",1,-0.08
455,53,"(23, 19)",0,-0.08
455,54,"(23, 18)",0,-0.08
455,55,"(23, 17)",1,-0.08
455,56,"(24, 17)",1,-0.08
455,57,"(25, 17)",1,-0.08
455,58,"(26, 17)",1,-0.08
455,59,"(27, 17)",1,-0.08
455,60,"(28, 17)",1,-0.08
455,61,"(29, 17)",1,-0.08
455,62,"(30, 17)",1,-0.08
455,63,"(31, 17)",1,-0.08
455,64,"(32, 17)",0,-0.08
455,65,"(32, 16)",0,-0.08
455,66,"(32, 15)",1,-0.08
455,67,"(33, 15)",1,-0.08
455,68,"(34, 15)",1,-0.08
455,69,"(35, 15)",0,-0.08
455,70,"(35, 14)",0,-0.08
455,71,"(35, 13)",0,-0.08
455,72,"(35, 12)",1,-0.08
455,73,"(36, 12)",1,-0.08
455,74,"(37, 12)",1,-0.08
455,75,"(38, 12)",1,-0.08
455,76,"(39, 12)",0,-0.08
455,77,"(39, 11)",1,-0.08
455,78,"(40, 11)",1,-0.08
455,79,"(41, 11)",1,-0.08
455,80,"(42, 11)",1,-0.08
455,81,"(43, 11)",1,-0.08
455,82,"(44, 11)",1,-0.08
455,83,"(45, 11)",0,-0.08
455,84,"(45, 10)",0,-0.08
455,85,"(45, 9)",1,-0.08
455,86,"(46, 9)",0,-0.08
455,87,"(46, 8)",0,-0.08
455,88,"(46, 7)",1,-0.08
455,89,"(47, 7)",1,-0.08
455,90,"(48, 7)",1,-0.08
455,91,"(49, 7)",1,-0.08
455,92,"(50, 7)",1,-0.08
455,93,"(51, 7)",1,-0.08
455,94,"(52, 7)",1,-0.08
455,95,"(53, 7)",1,-0.08
455,96,"(54, 7)",1,-0.08
455,97,"(55, 7)",1,-0.08
455,98,"(56, 7)",1,-0.08
455,99,"(57, 7)",1,-0.08
455,100,"(58, 7)",1,-0.08
455,101,"(59, 7)",1,-0.08
455,102,"(60, 7)",1,-0.08
455,103,"(61, 7)",1,-0.08
455,104,"(62, 7)",1,-0.08
455,105,"(63, 7)",1,-0.08
455,106,"(64, 7)",1,-0.08
455,107,"(65, 7)",1,-0.08
455,108,"(66, 7)",1,-0.08
455,109,"(67, 7)",1,-0.08
455,110,"(68, 7)",1,-0.08
455,111,"(69, 7)",0,-0.08
455,112,"(69, 6)",1,-0.08
455,113,"(70, 6)",1,-0.08
455,114,"(71, 6)",1,-0.08
455,115,"(72, 6)",0,-0.08
455,116,"(72, 5)",1,-0.08
455,117,"(73, 5)",1,-0.08
455,118,"(74, 5)",1,-0.08
455,119,"(75, 5)",0,-0.08
455,120,"(75, 4)",0,-0.08
455,121,"(75, 3)",1,-0.08
455,122,"(76, 3)",0,-0.08
455,123,"(76, 2)",1,-0.08
455,124,"(77, 2)",0,-0.08
455,125,"(77, 1)",0,-0.08
455,126,"(77, 0)",1,-0.08
455,127,"(78, 0)",1,8.33
456,0,"(0, 39)",1,-0.08
456,1,"(1, 39)",0,-0.08
456,2,"(1, 38)",0,-0.08
456,3,"(1, 37)",1,-8.33
456,4,"(1, 37)",0,-8.33
456,5,"(1, 37)",3,-0.08
456,6,"(0, 37)",0,-0.08
456,7,"(0, 36)",0,-0.08
456,8,"(0, 35)",1,-0.08
456,9,"(1, 35)",1,-0.08
456,10,"(2, 35)",0,-0.08
456,11,"(2, 34)",0,-0.08
456,12,"(2, 33)",0,-0.08
456,13,"(2, 32)",0,-0.08
456,14,"(2, 31)",1,-0.08
456,15,"(3, 31)",0,-8.33
456,16,"(3, 31)",0,-8.33
456,17,"(3, 31)",2,-0.08
456,18,"(3, 32)",2,-0.08
456,19,"(3, 33)",1,-0.08
456,20,"(4, 33)",1,-0.08
456,21,"(5, 33)",1,-0.08
456,22,"(6, 33)",1,-0.08
456,23,"(7, 33)",1,-0.08
456,24,"(8, 33)",0,-0.08
456,25,"(8, 32)",1,-0.08
456,26,"(9, 32)",0,-0.08
456,27,"(9, 31)",0,-0.08
456,28,"(9, 30)",1,-0.08
456,29,"(10, 30)",0,-0.08
456,30,"(10, 29)",0,-0.08
456,31,"(10, 28)",0,-0.08
456,32,"(10, 27)",1,-0.08
456,33,"(11, 27)",1,-0.08
456,34,"(12, 27)",0,-0.08
456,35,"(12, 26)",1,-0.08
456,36,"(13, 26)",0,-0.08
456,37,"(13, 25)",0,-0.08
456,38,"(13, 24)",1,-0.08
456,39,"(14, 24)",0,-0.08
456,40,"(14, 23)",1,-0.08
456,41,"(15, 23)",1,-0.08
456,42,"(16, 23)",0,-0.08
456,43,"(16, 22)",1,-0.08
456,44,"(17, 22)",1,-0.08
456,45,"(18, 22)",1,-0.08
456,46,"(19, 22)",1,-0.08
456,47,"(20, 22)",1,-0.08
456,48,"(21, 22)",0,-0.08
456,49,"(21, 21)",0,-0.08
456,50,"(21, 20)",0,-0.08
456,51,"(21, 19)",1,-0.08
456,52,"(22, 19)",1,-0.08
456,53,"(23, 19)",0,-0.08
456,54,"(23, 18)",0,-0.08
456,55,"(23, 17)",0,-0.08
456,56,"(23, 16)",0,-0.08
456,57,"(23, 15)",1,-0.08
456,58,"(24, 15)",1,-0.08
456,59,"(25, 15)",1,-0.08
456,60,"(26, 15)",1,-0.08
456,61,"(27, 15)",1,-0.08
456,62,"(28, 15)",1,-0.08
456,63,"(29, 15)",0,-0.08
456,64,"(29, 14)",0,-0.08
456,65,"(29, 13)",1,-0.08
456,66,"(30, 13)",1,-0.08
456,67,"(31, 13)",1,-0.08
456,68,"(32, 13)",1,-0.08
456,69,"(33, 13)",1,-0.08
456,70,"(34, 13)",1,-0.08
456,71,"(35, 13)",1,-0.08
456,72,"(36, 13)",1,-0.08
456,73,"(37, 13)",0,-0.08
456,74,"(37, 12)",1,-0.08
456,75,"(38, 12)",1,-0.08
456,76,"(39, 12)",0,-0.08
456,77,"(39, 11)",1,-0.08
456,78,"(40, 11)",1,-0.08
456,79,"(41, 11)",1,-0.08
456,80,"(42, 11)",1,-0.08
456,81,"(43, 11)",1,-0.08
456,82,"(44, 11)",1,-0.08
456,83,"(45, 11)",0,-0.08
456,84,"(45, 10)",1,-0.08
456,85,"(46, 10)",1,-0.08
456,86,"(47, 10)",1,-0.08
456,87,"(48, 10)",1,-0.08
456,88,"(49, 10)",0,-0.08
456,89,"(49, 9)",1,-0.08
456,90,"(50, 9)",1,-0.08
456,91,"(51, 9)",1,-0.08
456,92,"(52, 9)",1,-0.08
456,93,"(53, 9)",1,-0.08
456,94,"(54, 9)",1,-0.08
456,95,"(55, 9)",1,-0.08
456,96,"(56, 9)",1,-0.08
456,97,"(57, 9)",1,-0.08
456,98,"(58, 9)",0,-0.08
456,99,"(58, 8)",0,-0.08
456,100,"(58, 7)",1,-0.08
456,101,"(59, 7)",1,-0.08
456,102,"(60, 7)",1,-0.08
456,103,"(61, 7)",1,-0.08
456,104,"(62, 7)",1,-0.08
456,105,"(63, 7)",1,-0.08
456,106,"(64, 7)",1,-0.08
456,107,"(65, 7)",1,-0.08
456,108,"(66, 7)",1,-0.08
456,109,"(67, 7)",1,-0.08
456,110,"(68, 7)",1,-0.08
456,111,"(69, 7)",0,-0.08
456,112,"(69, 6)",1,-0.08
456,113,"(70, 6)",1,-0.08
456,114,"(71, 6)",1,-0.08
456,115,"(72, 6)",1,-0.08
456,116,"(73, 6)",0,-0.08
456,117,"(73, 5)",1,-0.08
456,118,"(74, 5)",1,-0.08
456,119,"(75, 5)",0,-0.08
456,120,"(75, 4)",0,-0.08
456,121,"(75, 3)",1,-0.08
456,122,"(76, 3)",0,-0.08
456,123,"(76, 2)",0,-0.08
456,124,"(76, 1)",1,-0.08
456,125,"(77, 1)",1,-0.08
456,126,"(78, 1)",1,-0.08
456,127,"(79, 1)",0,8.33
457,0,"(0, 39)",1,-0.08
457,1,"(1, 39)",0,-0.08
457,2,"(1, 38)",0,-0.08
457,3,"(1, 37)",0,-8.33
457,4,"(1, 37)",3,-0.08
457,5,"(0, 37)",0,-0.08
457,6,"(0, 36)",0,-0.08
457,7,"(0, 35)",1,-0.08
457,8,"(1, 35)",0,-0.08
457,9,"(1, 34)",1,-0.08
457,10,"(2, 34)",0,-0.08
457,11,"(2, 33)",0,-0.08
457,12,"(2, 32)",0,-0.08
457,13,"(2, 31)",1,-0.08
457,14,"(3, 31)",0,-8.33
457,15,"(3, 31)",0,-8.33
457,16,"(3, 31)",3,-0.08
457,17,"(2, 31)",3,-0.08
457,18,"(1, 31)",0,-0.08
457,19,"(1, 30)",0,-0.08
457,20,"(1, 29)",0,-0.08
457,21,"(1, 28)",0,-0.08
457,22,"(1, 27)",0,-0.08
457,23,"(1, 26)",0,-0.08
457,24,"(1, 25)",1,-0.08
457,25,"(2, 25)",1,-0.08
457,26,"(3, 25)",1,-0.08
457,27,"(4, 25)",1,-0.08
457,28,"(5, 25)",1,-0.08
457,29,"(6, 25)",1,-0.08
457,30,"(7, 25)",1,-0.08
457,31,"(8, 25)",1,-0.08
457,32,"(9, 25)",0,-0.08
457,33,"(9, 24)",1,-0.08
457,34,"(10, 24)",1,-0.08
457,35,"(11, 24)",1,-0.08
457,36,"(12, 24)",1,-0.08
457,37,"(13, 24)",0,-0.08
457,38,"(13, 23)",1,-0.08
457,39,"(14, 23)",1,-0.08
457,40,"(15, 23)",1,-0.08
457,41,"(16, 23)",1,-0.08
457,42,"(17, 23)",1,-0.08
457,43,"(18, 23)",0,-0.08
457,44,"(18, 22)",1,-0.08
457,45,"(19, 22)",0,-0.08
457,46,"(19, 21)",1,-0.08
457,47,"(20, 21)",0,-0.08
457,48,"(20, 20)",0,-0.08
457,49,"(20, 19)",1,-0.08
457,50,"(21, 19)",1,-0.08
457,51,"(22, 19)",1,-0.08
457,52,"(23, 19)",0,-0.08
457,53,"(23, 18)",0,-0.08
457,54,"(23, 17)",0,-0.08
457,55,"(23, 16)",0,-0.08
457,56,"(23, 15)",1,-0.08
457,57,"(24, 15)",1,-0.08
457,58,"(25, 15)",1,-0.08
457,59,"(26, 15)",1,-0.08
457,60,"(27, 15)",1,-0.08
457,61,"(28, 15)",1,-0.08
457,62,"(29, 15)",1,-0.08
457,63,"(30, 15)",1,-0.08
457,64,"(31, 15)",1,-0.08
457,65,"(32, 15)",0,-0.08
457,66,"(32, 14)",0,-0.08
457,67,"(32, 13)",1,-0.08
457,68,"(33, 13)",1,-0.08
457,69,"(34, 13)",1,-0.08
457,70,"(35, 13)",1,-0.08
457,71,"(36, 13)",0,-0.08
457,72,"(36, 12)",1,-0.08
457,73,"(37, 12)",1,-0.08
457,74,"(38, 12)",1,-0.08
457,75,"(39, 12)",0,-0.08
457,76,"(39, 11)",1,-0.08
457,77,"(40, 11)",1,-0.08
457,78,"(41, 11)",1,-0.08
457,79,"(42, 11)",1,-0.08
457,80,"(43, 11)",1,-0.08
457,81,"(44, 11)",1,-0.08
457,82,"(45, 11)",0,-0.08
457,83,"(45, 10)",0,-0.08
457,84,"(45, 9)",1,-0.08
457,85,"(46, 9)",0,-0.08
457,86,"(46, 8)",0,-0.08
457,87,"(46, 7)",1,-0.08
457,88,"(47, 7)",1,-0.08
457,89,"(48, 7)",1,-0.08
457,90,"(49, 7)",1,-0.08
457,91,"(50, 7)",1,-0.08
457,92,"(51, 7)",1,-0.08
457,93,"(52, 7)",1,-0.08
457,94,"(53, 7)",1,-0.08
457,95,"(54, 7)",1,-0.08
457,96,"(55, 7)",1,-0.08
457,97,"(56, 7)",1,-0.08
457,98,"(57, 7)",1,-0.08
457,99,"(58, 7)",1,-0.08
457,100,"(59, 7)",1,-0.08
457,101,"(60, 7)",1,-0.08
457,102,"(61, 7)",1,-0.08
457,103,"(62, 7)",1,-0.08
457,104,"(63, 7)",1,-0.08
457,105,"(64, 7)",1,-0.08
457,106,"(65, 7)",1,-0.08
457,107,"(66, 7)",1,-0.08
457,108,"(67, 7)",1,-0.08
457,109,"(68, 7)",1,-0.08
457,110,"(69, 7)",1,-0.08
457,111,"(70, 7)",1,-0.08
457,112,"(71, 7)",0,-0.08
457,113,"(71, 6)",0,-0.08
457,114,"(71, 5)",1,-0.08
457,115,"(72, 5)",1,-0.08
457,116,"(73, 5)",1,-0.08
457,117,"(74, 5)",1,-0.08
457,118,"(75, 5)",0,-0.08
457,119,"(75, 4)",0,-0.08
457,120,"(75, 3)",1,-0.08
457,121,"(76, 3)",1,-0.08
457,122,"(77, 3)",0,-0.08
457,123,"(77, 2)",0,-0.08
457,124,"(77, 1)",1,-0.08
457,125,"(78, 1)",0,-0.08
457,126,"(78, 0)",1,8.33
458,0,"(0, 39)",1,-0.08
458,1,"(1, 39)",0,-0.08
458,2,"(1, 38)",1,-8.33
458,3,"(1, 38)",0,-0.08
458,4,"(1, 37)",0,-8.33
458,5,"(1, 37)",3,-0.08
458,6,"(0, 37)",0,-0.08
458,7,"(0, 36)",0,-0.08
458,8,"(0, 35)",0,-0.08
458,9,"(0, 34)",1,-0.08
458,10,"(1, 34)",0,-0.08
458,11,"(1, 33)",0,-0.08
458,12,"(1, 32)",1,-0.08
458,13,"(2, 32)",1,-0.08
458,14,"(3, 32)",0,-0.08
458,15,"(3, 31)",0,-8.33
458,16,"(3, 31)",0,-8.33
458,17,"(3, 31)",2,-0.08
458,18,"(3, 32)",2,-0.08
458,19,"(3, 33)",1,-0.08
458,20,"(4, 33)",1,-0.08
458,21,"(5, 33)",1,-0.08
458,22,"(6, 33)",1,-0.08
458,23,"(7, 33)",1,-0.08
458,24,"(8, 33)",1,-0.08
458,25,"(9, 33)",0,-0.08
458,26,"(9, 32)",0,-0.08
458,27,"(9, 31)",0,-0.08
458,28,"(9, 30)",1,-0.08
458,29,"(10, 30)",0,-0.08
458,30,"(10, 29)",0,-0.08
458,31,"(10, 28)",0,-0.08
458,32,"(10, 27)",1,-0.08
458,33,"(11, 27)",1,-0.08
458,34,"(12, 27)",1,-0.08
458,35,"(13, 27)",1,-0.08
458,36,"(14, 27)",1,-0.08
458,37,"(15, 27)",0,-0.08
458,38,"(15, 26)",0,-0.08
458,39,"(15, 25)",1,-0.08
458,40,"(16, 25)",1,-0.08
458,41,"(17, 25)",0,-0.08
458,42,"(17, 24)",0,-0.08
458,43,"(17, 23)",0,-0.08
458,44,"(17, 22)",1,-0.08
458,45,"(18, 22)",1,-0.08
458,46,"(19, 22)",1,-0.08
458,47,"(20, 22)",1,-0.08
458,48,"(21, 22)",0,-0.08
458,49,"(21, 21)",1,-0.08
458,50,"(22, 21)",0,-0.08
458,51,"(22, 20)",1,-0.08
458,52,"(23, 20)",0,-0.08
458,53,"(23, 19)",0,-0.08
458,54,"(23, 18)",0,-0.08
458,55,"(23, 17)",0,-0.08
458,56,"(23, 16)",0,-0.08
458,57,"(23, 15)",1,-0.08
458,58,"(24, 15)",1,-0.08
458,59,"(25, 15)",1,-0.08
458,60,"(26, 15)",1,-0.08
458,61,"(27, 15)",0,-0.08
458,62,"(27, 14)",0,-0.08
458,63,"(27, 13)",1,-0.08
458,64,"(28, 13)",1,-0.08
458,65,"(29, 13)",1,-0.08
458,66,"(30, 13)",1,-0.08
458,67,"(31, 13)",1,-0.08
458,68,"(32, 13)",1,-0.08
458,69,"(33, 13)",1,-0.08
458,70,"(34, 13)",1,-0.08
458,71,"(35, 13)",1,-0.08
458,72,"(36, 13)",1,-0.08
458,73,"(37, 13)",0,-0.08
458,74,"(37, 12)",1,-0.08
458,75,"(38, 12)",1,-0.08
458,76,"(39, 12)",0,-0.08
458,77,"(39, 11)",1,-0.08
458,78,"(40, 11)",1,-0.08
458,79,"(41, 11)",1,-0.08
458,80,"(42, 11)",1,-0.08
458,81,"(43, 11)",1,-0.08
458,82,"(44, 11)",1,-0.08
458,83,"(45, 11)",0,-0.08
458,84,"(45, 10)",1,-0.08
458,85,"(46, 10)",0,-0.08
458,86,"(46, 9)",0,-0.08
458,87,"(46, 8)",0,-0.08
458,88,"(46, 7)",1,-0.08
458,89,"(47, 7)",1,-0.08
458,90,"(48, 7)",1,-0.08
458,91,"(49, 7)",1,-0.08
458,92,"(50, 7)",1,-0.08
458,93,"(51, 7)",1,-0.08
458,94,"(52, 7)",1,-0.08
458,95,"(53, 7)",1,-0.08
458,96,"(54, 7)",1,-0.08
458,97,"(55, 7)",1,-0.08
458,98,"(56, 7)",1,-0.08
458,99,"(57, 7)",1,-0.08
458,100,"(58, 7)",1,-0.08
458,101,"(59, 7)",1,-0.08
458,102,"(60, 7)",1,-0.08
458,103,"(61, 7)",1,-0.08
458,104,"(62, 7)",1,-0.08
458,105,"(63, 7)",1,-0.08
458,106,"(64, 7)",1,-0.08
458,107,"(65, 7)",1,-0.08
458,108,"(66, 7)",1,-0.08
458,109,"(67, 7)",1,-0.08
458,110,"(68, 7)",1,-0.08
458,111,"(69, 7)",1,-0.08
458,112,"(70, 7)",0,-0.08
458,113,"(70, 6)",1,-0.08
458,114,"(71, 6)",0,-0.08
458,115,"(71, 5)",1,-0.08
458,116,"(72, 5)",1,-0.08
458,117,"(73, 5)",1,-0.08
458,118,"(74, 5)",0,-0.08
458,119,"(74, 4)",0,-0.08
458,120,"(74, 3)",1,-0.08
458,121,"(75, 3)",1,-0.08
458,122,"(76, 3)",1,-0.08
458,123,"(77, 3)",0,-0.08
458,124,"(77, 2)",0,-0.08
458,125,"(77, 1)",1,-0.08
458,126,"(78, 1)",1,-0.08
458,127,"(79, 1)",0,8.33
459,0,"(0, 39)",1,-0.08
459,1,"(1, 39)",0,-0.08
459,2,"(1, 38)",0,-0.08
459,3,"(1, 37)",1,-8.33
459,4,"(1, 37)",0,-8.33
459,5,"(1, 37)",3,-0.08
459,6,"(0, 37)",0,-0.08
459,7,"(0, 36)",0,-0.08
459,8,"(0, 35)",1,-0.08
459,9,"(1, 35)",0,-0.08
459,10,"(1, 34)",0,-0.08
459,11,"(1, 33)",0,-0.08
459,12,"(1, 32)",0,-0.08
459,13,"(1, 31)",1,-0.08
459,14,"(2, 31)",1,-0.08
459,15,"(3, 31)",0,-8.33
459,16,"(3, 31)",3,-0.08
459,17,"(2, 31)",3,-0.08
459,18,"(1, 31)",0,-0.08
459,19,"(1, 30)",0,-0.08
459,20,"(1, 29)",1,-0.08
459,21,"(2, 29)",1,-0.08
459,22,"(3, 29)",1,-0.08
459,23,"(4, 29)",1,-0.08
459,24,"(5, 29)",1,-0.08
459,25,"(6, 29)",1,-0.08
459,26,"(7, 29)",1,-0.08
459,27,"(8, 29)",0,-0.08
459,28,"(8, 28)",0,-0.08
459,29,"(8, 27)",1,-0.08
459,30,"(9, 27)",1,-0.08
459,31,"(10, 27)",1,-0.08
459,32,"(11, 27)",1,-0.08
459,33,"(12, 27)",0,-0.08
459,34,"(12, 26)",1,-0.08
459,35,"(13, 26)",0,-0.08
459,36,"(13, 25)",1,-0.08
459,37,"(14, 25)",1,-0.08
459,38,"(15, 25)",1,-0.08
459,39,"(16, 25)",1,-0.08
459,40,"(17, 25)",0,-0.08
459,41,"(17, 24)",0,-0.08
459,42,"(17, 23)",1,-0.08
459,43,"(18, 23)",0,-0.08
459,44,"(18, 22)",1,-0.08
459,45,"(19, 22)",0,-0.08
459,46,"(19, 21)",0,-0.08
459,47,"(19, 20)",0,-0.08
459,48,"(19, 19)",1,-0.08
459,49,"(20, 19)",1,-0.08
459,50,"(21, 19)",1,-0.08
459,51,"(22, 19)",1,-0.08
459,52,"(23, 19)",0,-0.08
459,53,"(23, 18)",0,-0.08
459,54,"(23, 17)",0,-0.08
459,55,"(23, 16)",0,-0.08
459,56,"(23, 15)",1,-0.08
459,57,"(24, 15)",1,-0.08
459,58,"(25, 15)",1,-0.08
459,59,"(26, 15)",1,-0.08
459,60,"(27, 15)",1,-0.08
459,61,"(28, 15)",1,-0.08
459,62,"(29, 15)",1,-0.08
459,63,"(30, 15)",1,-0.08
459,64,"(31, 15)",0,-0.08
459,65,"(31, 14)",1,-0.08
459,66,"(32, 14)",0,-0.08
459,67,"(32, 13)",1,-0.08
459,68,"(33, 13)",1,-0.08
459,69,"(34, 13)",1,-0.08
459,70,"(35, 13)",0,-0.08
459,71,"(35, 12)",1,-0.08
459,72,"(36, 12)",1,-0.08
459,73,"(37, 12)",1,-0.08
459,74,"(38, 12)",1,-0.08
459,75,"(39, 12)",0,-0.08
459,76,"(39, 11)",1,-0.08
459,77,"(40, 11)",1,-0.08
459,78,"(41, 11)",1,-0.08
459,79,"(42, 11)",1,-0.08
459,80,"(43, 11)",1,-0.08
459,81,"(44, 11)",1,-0.08
459,82,"(45, 11)",0,-0.08
459,83,"(45, 10)",1,-0.08
459,84,"(46, 10)",0,-0.08
459,85,"(46, 9)",0,-0.08
459,86,"(46, 8)",0,-0.08
459,87,"(46, 7)",1,-0.08
459,88,"(47, 7)",1,-0.08
459,89,"(48, 7)",1,-0.08
459,90,"(49, 7)",1,-0.08
459,91,"(50, 7)",1,-0.08
459,92,"(51, 7)",1,-0.08
459,93,"(52, 7)",1,-0.08
459,94,"(53, 7)",1,-0.08
459,95,"(54, 7)",1,-0.08
459,96,"(55, 7)",1,-0.08
459,97,"(56, 7)",1,-0.08
459,98,"(57, 7)",1,-0.08
459,99,"(58, 7)",1,-0.08
459,100,"(59, 7)",1,-0.08
459,101,"(60, 7)",1,-0.08
459,102,"(61, 7)",1,-0.08
459,103,"(62, 7)",1,-0.08
459,104,"(63, 7)",1,-0.08
459,105,"(64, 7)",1,-0.08
459,106,"(65, 7)",1,-0.08
459,107,"(66, 7)",1,-0.08
459,108,"(67, 7)",1,-0.08
459,109,"(68, 7)",1,-0.08
459,110,"(69, 7)",1,-0.08
459,111,"(70, 7)",1,-0.08
459,112,"(71, 7)",0,-0.08
459,113,"(71, 6)",1,-0.08
459,114,"(72, 6)",0,-0.08
459,115,"(72, 5)",1,-0.08
459,116,"(73, 5)",1,-0.08
459,117,"(74, 5)",1,-0.08
459,118,"(75, 5)",1,-0.08
459,119,"(76, 5)",1,-0.08
459,120,"(77, 5)",0,-0.08
459,121,"(77, 4)",0,-0.08
459,122,"(77, 3)",0,-0.08
459,123,"(77, 2)",0,-0.08
459,124,"(77, 1)",0,-0.08
459,125,"(77, 0)",1,-0.08
459,126,"(78, 0)",1,8.33
460,0,"(0, 39)",1,-0.08
460,1,"(1, 39)",0,-0.08
460,2,"(1, 38)",1,-8.33
460,3,"(1, 38)",0,-0.08
460,4,"(1, 37)",0,-8.33
460,5,"(1, 37)",3,-0.08
460,6,"(0, 37)",0,-0.08
460,7,"(0, 36)",0,-0.08
460,8,"(0, 35)",0,-0.08
460,9,"(0, 34)",0,-0.08
460,10,"(0, 33)",1,-0.08
460,11,"(1, 33)",1,-0.08
460,12,"(2, 33)",0,-0.08
460,13,"(2, 32)",1,-0.08
460,14,"(3, 32)",0,-0.08
460,15,"(3, 31)",0,-8.33
460,16,"(3, 31)",0,-8.33
460,17,"(3, 31)",3,-0.08
460,18,"(2, 31)",3,-0.08
460,19,"(1, 31)",0,-0.08
460,20,"(1, 30)",0,-0.08
460,21,"(1, 29)",0,-0.08
460,22,"(1, 28)",0,-0.08
460,23,"(1, 27)",0,-0.08
460,24,"(1, 26)",1,-0.08
460,25,"(2, 26)",0,-0.08
460,26,"(2, 25)",1,-0.08
460,27,"(3, 25)",1,-0.08
460,28,"(4, 25)",1,-0.08
460,29,"(5, 25)",1,-0.08
460,30,"(6, 25)",1,-0.08
460,31,"(7, 25)",1,-0.08
460,32,"(8, 25)",1,-0.08
460,33,"(9, 25)",1,-0.08
460,34,"(10, 25)",1,-0.08
460,35,"(11, 25)",0,-0.08
460,36,"(11, 24)",1,-0.08
460,37,"(12, 24)",1,-0.08
460,38,"(13, 24)",0,-0.08
460,39,"(13, 23)",1,-0.08
460,40,"(14, 23)",1,-0.08
460,41,"(15, 23)",1,-0.08
460,42,"(16, 23)",1,-0.08
460,43,"(17, 23)",1,-0.08
460,44,"(18, 23)",0,-0.08
460,45,"(18, 22)",1,-0.08
460,46,"(19, 22)",0,-0.08
460,47,"(19, 21)",0,-0.08
460,48,"(19, 20)",0,-0.08
460,49,"(19, 19)",1,-0.08
460,50,"(20, 19)",1,-0.08
460,51,"(21, 19)",1,-0.08
460,52,"(22, 19)",1,-0.08
460,53,"(23, 19)",0,-0.08
460,54,"(23, 18)",0,-0.08
460,55,"(23, 17)",0,-0.08
460,56,"(23, 16)",0,-0.08
460,57,"(23, 15)",1,-0.08
460,58,"(24, 15)",1,-0.08
460,59,"(25, 15)",1,-0.08
460,60,"(26, 15)",1,-0.08
460,61,"(27, 15)",1,-0.08
460,62,"(28, 15)",1,-0.08
460,63,"(29, 15)",0,-0.08
460,64,"(29, 14)",0,-0.08
460,65,"(29, 13)",1,-0.08
460,66,"(30, 13)",1,-0.08
460,67,"(31, 13)",1,-0.08
460,68,"(32, 13)",1,-0.08
460,69,"(33, 13)",1,-0.08
460,70,"(34, 13)",1,-0.08
460,71,"(35, 13)",0,-0.08
460,72,"(35, 12)",1,-0.08
460,73,"(36, 12)",1,-0.08
460,74,"(37, 12)",1,-0.08
460,75,"(38, 12)",1,-0.08
460,76,"(39, 12)",0,-0.08
460,77,"(39, 11)",1,-0.08
460,78,"(40, 11)",1,-0.08
460,79,"(41, 11)",1,-0.08
460,80,"(42, 11)",1,-0.08
460,81,"(43, 11)",1,-0.08
460,82,"(44, 11)",1,-0.08
460,83,"(45, 11)",0,-0.08
460,84,"(45, 10)",0,-0.08
460,85,"(45, 9)",0,-0.08
460,86,"(45, 8)",1,-0.08
460,87,"(46, 8)",0,-0.08
460,88,"(46, 7)",1,-0.08
460,89,"(47, 7)",1,-0.08
460,90,"(48, 7)",1,-0.08
460,91,"(49, 7)",1,-0.08
460,92,"(50, 7)",1,-0.08
460,93,"(51, 7)",1,-0.08
460,94,"(52, 7)",1,-0.08
460,95,"(53, 7)",1,-0.08
460,96,"(54, 7)",1,-0.08
460,97,"(55, 7)",1,-0.08
460,98,"(56, 7)",1,-0.08
460,99,"(57, 7)",1,-0.08
460,100,"(58, 7)",1,-0.08
460,101,"(59, 7)",1,-0.08
460,102,"(60, 7)",1,-0.08
460,103,"(61, 7)",1,-0.08
460,104,"(62, 7)",1,-0.08
460,105,"(63, 7)",1,-0.08
460,106,"(64, 7)",1,-0.08
460,107,"(65, 7)",1,-0.08
460,108,"(66, 7)",1,-0.08
460,109,"(67, 7)",1,-0.08
460,110,"(68, 7)",1,-0.08
460,111,"(69, 7)",0,-0.08
460,112,"(69, 6)",1,-0.08
460,113,"(70, 6)",1,-0.08
460,114,"(71, 6)",0,-0.08
460,115,"(71, 5)",1,-0.08
460,116,"(72, 5)",1,-0.08
460,117,"(73, 5)",1,-0.08
460,118,"(74, 5)",1,-0.08
460,119,"(75, 5)",0,-0.08
460,120,"(75, 4)",0,-0.08
460,121,"(75, 3)",1,-0.08
460,122,"(76, 3)",0,-0.08
460,123,"(76, 2)",0,-0.08
460,124,"(76, 1)",1,-0.08
460,125,"(77, 1)",0,-0.08
460,126,"(77, 0)",1,-0.08
460,127,"(78, 0)",1,8.33
461,0,"(0, 39)",0,-0.08
461,1,"(0, 38)",0,-0.08
461,2,"(0, 37)",1,-0.08
461,3,"(1, 37)",0,-8.33
461,4,"(1, 37)",3,-0.08
461,5,"(0, 37)",0,-0.08
461,6,"(0, 36)",0,-0.08
461,7,"(0, 35)",1,-0.08
461,8,"(1, 35)",0,-0.08
461,9,"(1, 34)",0,-0.08
461,10,"(1, 33)",1,-0.08
461,11,"(2, 33)",0,-0.08
461,12,"(2, 32)",1,-0.08
461,13,"(3, 32)",0,-0.08
461,14,"(3, 31)",0,-8.33
461,15,"(3, 31)",0,-8.33
461,16,"(3, 31)",2,-0.08
461,17,"(3, 32)",2,-0.08
461,18,"(3, 33)",1,-0.08
461,19,"(4, 33)",1,-0.08
461,20,"(5, 33)",1,-0.08
461,21,"(6, 33)",1,-0.08
461,22,"(7, 33)",1,-0.08
461,23,"(8, 33)",1,-0.08
461,24,"(9, 33)",0,-0.08
461,25,"(9, 32)",0,-0.08
461,26,"(9, 31)",0,-0.08
461,27,"(9, 30)",0,-0.08
461,28,"(9, 29)",1,-0.08
461,29,"(10, 29)",0,-0.08
461,30,"(10, 28)",0,-0.08
461,31,"(10, 27)",1,-0.08
461,32,"(11, 27)",1,-0.08
461,33,"(12, 27)",0,-0.08
461,34,"(12, 26)",0,-0.08
461,35,"(12, 25)",0,-0.08
461,36,"(12, 24)",1,-0.08
461,37,"(13, 24)",0,-0.08
461,38,"(13, 23)",1,-0.08
461,39,"(14, 23)",1,-0.08
461,40,"(15, 23)",1,-0.08
461,41,"(16, 23)",0,-0.08
461,42,"(16, 22)",1,-0.08
461,43,"(17, 22)",1,-0.08
461,44,"(18, 22)",1,-0.08
461,45,"(19, 22)",0,-0.08
461,46,"(19, 21)",0,-0.08
461,47,"(19, 20)",0,-0.08
461,48,"(19, 19)",1,-0.08
461,49,"(20, 19)",1,-0.08
461,50,"(21, 19)",1,-0.08
461,51,"(22, 19)",1,-0.08
461,52,"(23, 19)",0,-0.08
461,53,"(23, 18)",0,-0.08
461,54,"(23, 17)",1,-0.08
461,55,"(24, 17)",1,-0.08
461,56,"(25, 17)",1,-0.08
461,57,"(26, 17)",1,-0.08
461,58,"(27, 17)",1,-0.08
461,59,"(28, 17)",0,-0.08
461,60,"(28, 16)",1,-0.08
461,61,"(29, 16)",0,-0.08
461,62,"(29, 15)",1,-0.08
461,63,"(30, 15)",1,-0.08
461,64,"(31, 15)",0,-0.08
461,65,"(31, 14)",1,-0.08
461,66,"(32, 14)",0,-0.08
461,67,"(32, 13)",1,-0.08
461,68,"(33, 13)",1,-0.08
461,69,"(34, 13)",1,-0.08
461,70,"(35, 13)",0,-0.08
461,71,"(35, 12)",1,-0.08
461,72,"(36, 12)",1,-0.08
461,73,"(37, 12)",1,-0.08
461,74,"(38, 12)",1,-0.08
461,75,"(39, 12)",0,-0.08
461,76,"(39, 11)",1,-0.08
461,77,"(40, 11)",1,-0.08
461,78,"(41, 11)",1,-0.08
461,79,"(42, 11)",1,-0.08
461,80,"(43, 11)",1,-0.08
461,81,"(44, 11)",1,-0.08
461,82,"(45, 11)",0,-0.08
461,83,"(45, 10)",1,-0.08
461,84,"(46, 10)",0,-0.08
461,85,"(46, 9)",0,-0.08
461,86,"(46, 8)",0,-0.08
461,87,"(46, 7)",1,-0.08
461,88,"(47, 7)",1,-0.08
461,89,"(48, 7)",1,-0.08
461,90,"(49, 7)",1,-0.08
461,91,"(50, 7)",1,-0.08
461,92,"(51, 7)",1,-0.08
461,93,"(52, 7)",1,-0.08
461,94,"(53, 7)",1,-0.08
461,95,"(54, 7)",1,-0.08
461,96,"(55, 7)",1,-0.08
461,97,"(56, 7)",1,-0.08
461,98,"(57, 7)",1,-0.08
461,99,"(58, 7)",1,-0.08
461,100,"(59, 7)",1,-0.08
461,101,"(60, 7)",1,-0.08
461,102,"(61, 7)",1,-0.08
461,103,"(62, 7)",1,-0.08
461,104,"(63, 7)",1,-0.08
461,105,"(64, 7)",1,-0.08
461,106,"(65, 7)",1,-0.08
461,107,"(66, 7)",1,-0.08
461,108,"(67, 7)",1,-0.08
461,109,"(68, 7)",1,-0.08
461,110,"(69, 7)",0,-0.08
461,111,"(69, 6)",1,-0.08
461,112,"(70, 6)",1,-0.08
461,113,"(71, 6)",1,-0.08
461,114,"(72, 6)",0,-0.08
461,115,"(72, 5)",1,-0.08
461,116,"(73, 5)",1,-0.08
461,117,"(74, 5)",0,-0.08
461,118,"(74, 4)",0,-0.08
461,119,"(74, 3)",1,-0.08
461,120,"(75, 3)",1,-0.08
461,121,"(76, 3)",0,-0.08
461,122,"(76, 2)",0,-0.08
461,123,"(76, 1)",0,-0.08
461,124,"(76, 0)",1,-0.08
461,125,"(77, 0)",1,-0.08
461,126,"(78, 0)",1,8.33
462,0,"(0, 39)",0,-0.08
462,1,"(0, 38)",1,-0.08
462,2,"(1, 38)",0,-0.08
462,3,"(1, 37)",0,-8.33
462,4,"(1, 37)",3,-0.08
462,5,"(0, 37)",0,-0.08
462,6,"(0, 36)",0,-0.08
462,7,"(0, 35)",0,-0.08
462,8,"(0, 34)",1,-0.08
462,9,"(1, 34)",1,-0.08
462,10,"(2, 34)",0,-0.08
462,11,"(2, 33)",1,-0.08
462,12,"(3, 33)",1,-0.08
462,13,"(4, 33)",1,-0.08
462,14,"(5, 33)",1,-0.08
462,15,"(6, 33)",1,-0.08
462,16,"(7, 33)",0,-0.08
462,17,"(7, 32)",1,-0.08
462,18,"(8, 32)",1,-0.08
462,19,"(9, 32)",0,-0.08
462,20,"(9, 31)",0,-0.08
462,21,"(9, 30)",1,-0.08
462,22,"(10, 30)",0,-0.08
462,23,"(10, 29)",0,-0.08
462,24,"(10, 28)",0,-0.08
462,25,"(10, 27)",0,-8.33
462,26,"(10, 27)",1,-0.08
462,27,"(11, 27)",1,-0.08
462,28,"(12, 27)",0,-0.08
462,29,"(12, 26)",1,-0.08
462,30,"(13, 26)",0,-0.08
462,31,"(13, 25)",1,-0.08
462,32,"(14, 25)",0,-0.08
462,33,"(14, 24)",0,-0.08
462,34,"(14, 23)",1,-0.08
462,35,"(15, 23)",1,-0.08
462,36,"(16, 23)",1,-0.08
462,37,"(17, 23)",1,-0.08
462,38,"(18, 23)",1,-0.08
462,39,"(19, 23)",0,-0.08
462,40,"(19, 22)",0,-0.08
462,41,"(19, 21)",1,-0.08
462,42,"(20, 21)",1,-0.08
462,43,"(21, 21)",1,-0.08
462,44,"(22, 21)",0,-0.08
462,45,"(22, 20)",0,-0.08
462,46,"(22, 19)",1,-0.08
462,47,"(23, 19)",0,-0.08
462,48,"(23, 18)",0,-0.08
462,49,"(23, 17)",0,-0.08
462,50,"(23, 16)",0,-0.08
462,51,"(23, 15)",1,-0.08
462,52,"(24, 15)",1,-0.08
462,53,"(25, 15)",1,-0.08
462,54,"(26, 15)",1,-0.08
462,55,"(27, 15)",0,-0.08
462,56,"(27, 14)",0,-0.08
462,57,"(27, 13)",1,-0.08
462,58,"(28, 13)",1,-0.08
462,59,"(29, 13)",1,-0.08
462,60,"(30, 13)",1,-0.08
462,61,"(31, 13)",1,-0.08
462,62,"(32, 13)",1,-0.08
462,63,"(33, 13)",1,-0.08
462,64,"(34, 13)",1,-0.08
462,65,"(35, 13)",1,-0.08
462,66,"(36, 13)",1,-0.08
462,67,"(37, 13)",1,-0.08
462,68,"(38, 13)",1,-0.08
462,69,"(39, 13)",1,-0.08
462,70,"(40, 13)",1,-0.08
462,71,"(41, 13)",1,-0.08
462,72,"(42, 13)",1,-0.08
462,73,"(43, 13)",1,-0.08
462,74,"(44, 13)",1,-0.08
462,75,"(45, 13)",0,-0.08
462,76,"(45, 12)",0,-0.08
462,77,"(45, 11)",0,-0.08
462,78,"(45, 10)",0,-0.08
462,79,"(45, 9)",1,-0.08
462,80,"(46, 9)",0,-0.08
462,81,"(46, 8)",0,-0.08
462,82,"(46, 7)",1,-0.08
462,83,"(47, 7)",1,-0.08
462,84,"(48, 7)",1,-0.08
462,85,"(49, 7)",1,-0.08
462,86,"(50, 7)",1,-0.08
462,87,"(51, 7)",1,-0.08
462,88,"(52, 7)",1,-0.08
462,89,"(53, 7)",1,-0.08
462,90,"(54, 7)",1,-0.08
462,91,"(55, 7)",1,-0.08
462,92,"(56, 7)",1,-0.08
462,93,"(57, 7)",1,-0.08
462,94,"(58, 7)",1,-0.08
462,95,"(59, 7)",1,-0.08
462,96,"(60, 7)",1,-0.08
462,97,"(61, 7)",1,-0.08
462,98,"(62, 7)",1,-0.08
462,99,"(63, 7)",1,-0.08
462,100,"(64, 7)",1,-0.08
462,101,"(65, 7)",1,-0.08
462,102,"(66, 7)",1,-0.08
462,103,"(67, 7)",1,-0.08
462,104,"(68, 7)",1,-0.08
462,105,"(69, 7)",1,-0.08
462,106,"(70, 7)",0,-0.08
462,107,"(70, 6)",1,-0.08
462,108,"(71, 6)",1,-0.08
462,109,"(72, 6)",0,-0.08
462,110,"(72, 5)",1,-0.08
462,111,"(73, 5)",1,-0.08
462,112,"(74, 5)",0,-0.08
462,113,"(74, 4)",0,-0.08
462,114,"(74, 3)",1,-0.08
462,115,"(75, 3)",1,-0.08
462,116,"(76, 3)",0,-0.08
462,117,"(76, 2)",1,-0.08
462,118,"(77, 2)",0,-0.08
462,119,"(77, 1)",0,-0.08
462,120,"(77, 0)",1,-0.08
462,121,"(78, 0)",1,8.33
463,0,"(0, 39)",1,-0.08
463,1,"(1, 39)",1,-0.08
463,2,"(2, 39)",0,-8.33
463,3,"(2, 39)",1,-0.08
463,4,"(3, 39)",1,-0.08
463,5,"(4, 39)",1,-0.08
463,6,"(5, 39)",1,-0.08
463,7,"(6, 39)",0,-8.33
463,8,"(6, 39)",1,-0.08
463,9,"(7, 39)",1,-0.08
463,10,"(8, 39)",1,-0.08
463,11,"(9, 39)",0,-8.33
463,12,"(9, 39)",1,-0.08
463,13,"(10, 39)",0,-0.08
463,14,"(10, 38)",0,-0.08
463,15,"(10, 37)",1,-0.08
463,16,"(11, 37)",1,-0.08
463,17,"(12, 37)",1,-0.08
463,18,"(13, 37)",1,-0.08
463,19,"(14, 37)",1,-0.08
463,20,"(15, 37)",1,-0.08
463,21,"(16, 37)",0,-0.08
463,22,"(16, 36)",1,-0.08
463,23,"(17, 36)",0,-0.08
463,24,"(17, 35)",0,-0.08
463,25,"(17, 34)",1,-0.08
463,26,"(18, 34)",0,-0.08
463,27,"(18, 33)",1,-0.08
463,28,"(19, 33)",1,-8.33
463,29,"(19, 33)",0,-0.08
463,30,"(19, 32)",0,-0.08
463,31,"(19, 31)",0,-0.08
463,32,"(19, 30)",0,-0.08
463,33,"(19, 29)",0,-0.08
463,34,"(19, 28)",0,-0.08
463,35,"(19, 27)",0,-0.08
463,36,"(19, 26)",0,-0.08
463,37,"(19, 25)",1,-0.08
463,38,"(20, 25)",0,-0.08
463,39,"(20, 24)",0,-0.08
463,40,"(20, 23)",0,-0.08
463,41,"(20, 22)",1,-0.08
463,42,"(21, 22)",0,-0.08
463,43,"(21, 21)",0,-0.08
463,44,"(21, 20)",0,-0.08
463,45,"(21, 19)",1,-0.08
463,46,"(22, 19)",1,-0.08
463,47,"(23, 19)",0,-0.08
463,48,"(23, 18)",0,-0.08
463,49,"(23, 17)",1,-0.08
463,50,"(24, 17)",1,-0.08
463,51,"(25, 17)",1,-0.08
463,52,"(26, 17)",1,-0.08
463,53,"(27, 17)",1,-0.08
463,54,"(28, 17)",0,-0.08
463,55,"(28, 16)",1,-0.08
463,56,"(29, 16)",0,-0.08
463,57,"(29, 15)",0,-0.08
463,58,"(29, 14)",0,-0.08
463,59,"(29, 13)",1,-0.08
463,60,"(30, 13)",1,-0.08
463,61,"(31, 13)",1,-0.08
463,62,"(32, 13)",1,-0.08
463,63,"(33, 13)",1,-0.08
463,64,"(34, 13)",1,-0.08
463,65,"(35, 13)",0,-0.08
463,66,"(35, 12)",1,-0.08
463,67,"(36, 12)",1,-0.08
463,68,"(37, 12)",1,-0.08
463,69,"(38, 12)",1,-0.08
463,70,"(39, 12)",0,-0.08
463,71,"(39, 11)",1,-0.08
463,72,"(40, 11)",1,-0.08
463,73,"(41, 11)",1,-0.08
463,74,"(42, 11)",1,-0.08
463,75,"(43, 11)",1,-0.08
463,76,"(44, 11)",1,-0.08
463,77,"(45, 11)",0,-0.08
463,78,"(45, 10)",1,-0.08
463,79,"(46, 10)",0,-0.08
463,80,"(46, 9)",0,-0.08
463,81,"(46, 8)",0,-0.08
463,82,"(46, 7)",1,-0.08
463,83,"(47, 7)",1,-0.08
463,84,"(48, 7)",1,-0.08
463,85,"(49, 7)",1,-0.08
463,86,"(50, 7)",1,-0.08
463,87,"(51, 7)",1,-0.08
463,88,"(52, 7)",1,-0.08
463,89,"(53, 7)",1,-0.08
463,90,"(54, 7)",1,-0.08
463,91,"(55, 7)",1,-0.08
463,92,"(56, 7)",1,-0.08
463,93,"(57, 7)",1,-0.08
463,94,"(58, 7)",1,-0.08
463,95,"(59, 7)",1,-0.08
463,96,"(60, 7)",1,-0.08
463,97,"(61, 7)",1,-0.08
463,98,"(62, 7)",1,-0.08
463,99,"(63, 7)",1,-0.08
463,100,"(64, 7)",1,-0.08
463,101,"(65, 7)",1,-0.08
463,102,"(66, 7)",1,-0.08
463,103,"(67, 7)",1,-0.08
463,104,"(68, 7)",1,-0.08
463,105,"(69, 7)",1,-0.08
463,106,"(70, 7)",1,-0.08
463,107,"(71, 7)",1,-0.08
463,108,"(72, 7)",0,-0.08
463,109,"(72, 6)",0,-0.08
463,110,"(72, 5)",1,-0.08
463,111,"(73, 5)",1,-0.08
463,112,"(74, 5)",1,-0.08
463,113,"(75, 5)",1,-0.08
463,114,"(76, 5)",1,-0.08
463,115,"(77, 5)",0,-0.08
463,116,"(77, 4)",0,-0.08
463,117,"(77, 3)",0,-0.08
463,118,"(77, 2)",0,-0.08
463,119,"(77, 1)",1,-0.08
463,120,"(78, 1)",1,-0.08
463,121,"(79, 1)",0,8.33
464,0,"(0, 39)",0,-0.08
464,1,"(0, 38)",1,-0.08
464,2,"(1, 38)",1,-8.33
464,3,"(1, 38)",0,-0.08
464,4,"(1, 37)",0,-8.33
464,5,"(1, 37)",3,-0.08
464,6,"(0, 37)",0,-0.08
464,7,"(0, 36)",0,-0.08
464,8,"(0, 35)",1,-0.08
464,9,"(1, 35)",1,-0.08
464,10,"(2, 35)",0,-0.08
464,11,"(2, 34)",0,-0.08
464,12,"(2, 33)",1,-0.08
464,13,"(3, 33)",1,-0.08
464,14,"(4, 33)",1,-0.08
464,15,"(5, 33)",0,-0.08
464,16,"(5, 32)",0,-0.08
464,17,"(5, 31)",0,-0.08
464,18,"(5, 30)",0,-0.08
464,19,"(5, 29)",0,-8.33
464,20,"(5, 29)",1,-0.08
464,21,"(6, 29)",1,-0.08
464,22,"(7, 29)",0,-0.08
464,23,"(7, 28)",0,-0.08
464,24,"(7, 27)",0,-0.08
464,25,"(7, 26)",0,-0.08
464,26,"(7, 25)",1,-0.08
464,27,"(8, 25)",1,-0.08
464,28,"(9, 25)",0,-0.08
464,29,"(9, 24)",1,-0.08
464,30,"(10, 24)",1,-0.08
464,31,"(11, 24)",1,-0.08
464,32,"(12, 24)",1,-0.08
464,33,"(13, 24)",1,-0.08
464,34,"(14, 24)",0,-0.08
464,35,"(14, 23)",1,-0.08
464,36,"(15, 23)",1,-0.08
464,37,"(16, 23)",0,-0.08
464,38,"(16, 22)",1,-0.08
464,39,"(17, 22)",1,-0.08
464,40,"(18, 22)",1,-0.08
464,41,"(19, 22)",0,-0.08
464,42,"(19, 21)",1,-0.08
464,43,"(20, 21)",1,-0.08
464,44,"(21, 21)",1,-0.08
464,45,"(22, 21)",0,-0.08
464,46,"(22, 20)",0,-0.08
464,47,"(22, 19)",1,-0.08
464,48,"(23, 19)",0,-0.08
464,49,"(23, 18)",0,-0.08
464,50,"(23, 17)",0,-0.08
464,51,"(23, 16)",0,-0.08
464,52,"(23, 15)",1,-0.08
464,53,"(24, 15)",1,-0.08
464,54,"(25, 15)",1,-0.08
464,55,"(26, 15)",1,-0.08
464,56,"(27, 15)",1,-0.08
464,57,"(28, 15)",1,-0.08
464,58,"(29, 15)",1,-0.08
464,59,"(30, 15)",1,-0.08
464,60,"(31, 15)",1,-0.08
464,61,"(32, 15)",1,-0.08
464,62,"(33, 15)",1,-0.08
464,63,"(34, 15)",1,-0.08
464,64,"(35, 15)",0,-0.08
464,65,"(35, 14)",0,-0.08
464,66,"(35, 13)",1,-0.08
464,67,"(36, 13)",0,-0.08
464,68,"(36, 12)",1,-0.08
464,69,"(37, 12)",1,-0.08
464,70,"(38, 12)",1,-0.08
464,71,"(39, 12)",0,-0.08
464,72,"(39, 11)",1,-0.08
464,73,"(40, 11)",1,-0.08
464,74,"(41, 11)",1,-0.08
464,75,"(42, 11)",1,-0.08
464,76,"(43, 11)",1,-0.08
464,77,"(44, 11)",1,-0.08
464,78,"(45, 11)",0,-0.08
464,79,"(45, 10)",0,-0.08
464,80,"(45, 9)",1,-0.08
464,81,"(46, 9)",0,-0.08
464,82,"(46, 8)",0,-0.08
464,83,"(46, 7)",1,-0.08
464,84,"(47, 7)",1,-0.08
464,85,"(48, 7)",1,-0.08
464,86,"(49, 7)",1,-0.08
464,87,"(50, 7)",1,-0.08
464,88,"(51, 7)",1,-0.08
464,89,"(52, 7)",1,-0.08
464,90,"(53, 7)",1,-0.08
464,91,"(54, 7)",1,-0.08
464,92,"(55, 7)",1,-0.08
464,93,"(56, 7)",1,-0.08
464,94,"(57, 7)",1,-0.08
464,95,"(58, 7)",1,-0.08
464,96,"(59, 7)",1,-0.08
464,97,"(60, 7)",1,-0.08
464,98,"(61, 7)",1,-0.08
464,99,"(62, 7)",1,-0.08
464,100,"(63, 7)",1,-0.08
464,101,"(64, 7)",1,-0.08
464,102,"(65, 7)",1,-0.08
464,103,"(66, 7)",1,-0.08
464,104,"(67, 7)",1,-0.08
464,105,"(68, 7)",1,-0.08
464,106,"(69, 7)",1,-0.08
464,107,"(70, 7)",0,-0.08
464,108,"(70, 6)",1,-0.08
464,109,"(71, 6)",1,-0.08
464,110,"(72, 6)",1,-0.08
464,111,"(73, 6)",0,-0.08
464,112,"(73, 5)",1,-0.08
464,113,"(74, 5)",0,-0.08
464,114,"(74, 4)",1,-0.08
464,115,"(75, 4)",0,-0.08
464,116,"(75, 3)",1,-0.08
464,117,"(76, 3)",0,-0.08
464,118,"(76, 2)",1,-0.08
464,119,"(77, 2)",0,-0.08
464,120,"(77, 1)",0,-0.08
464,121,"(77, 0)",1,-0.08
464,122,"(78, 0)",1,8.33
465,0,"(0, 39)",0,-0.08
465,1,"(0, 38)",1,-0.08
465,2,"(1, 38)",1,-8.33
465,3,"(1, 38)",0,-0.08
465,4,"(1, 37)",0,-8.33
465,5,"(1, 37)",3,-0.08
465,6,"(0, 37)",0,-0.08
465,7,"(0, 36)",0,-0.08
465,8,"(0, 35)",0,-0.08
465,9,"(0, 34)",0,-0.08
465,10,"(0, 33)",1,-0.08
465,11,"(1, 33)",1,-0.08
465,12,"(2, 33)",0,-0.08
465,13,"(2, 32)",1,-0.08
465,14,"(3, 32)",0,-0.08
465,15,"(3, 31)",0,-8.33
465,16,"(3, 31)",0,-8.33
465,17,"(3, 31)",2,-0.08
465,18,"(3, 32)",2,-0.08
465,19,"(3, 33)",1,-0.08
465,20,"(4, 33)",1,-0.08
465,21,"(5, 33)",0,-0.08
465,22,"(5, 32)",0,-0.08
465,23,"(5, 31)",0,-0.08
465,24,"(5, 30)",0,-0.08
465,25,"(5, 29)",1,-0.08
465,26,"(6, 29)",1,-0.08
465,27,"(7, 29)",1,-0.08
465,28,"(8, 29)",0,-0.08
465,29,"(8, 28)",0,-0.08
465,30,"(8, 27)",1,-0.08
465,31,"(9, 27)",1,-0.08
465,32,"(10, 27)",1,-0.08
465,33,"(11, 27)",1,-0.08
465,34,"(12, 27)",0,-0.08
465,35,"(12, 26)",0,-0.08
465,36,"(12, 25)",1,-0.08
465,37,"(13, 25)",1,-0.08
465,38,"(14, 25)",0,-0.08
465,39,"(14, 24)",0,-0.08
465,40,"(14, 23)",1,-0.08
465,41,"(15, 23)",1,-0.08
465,42,"(16, 23)",1,-0.08
465,43,"(17, 23)",0,-0.08
465,44,"(17, 22)",1,-0.08
465,45,"(18, 22)",1,-0.08
465,46,"(19, 22)",1,-0.08
465,47,"(20, 22)",0,-0.08
465,48,"(20, 21)",1,-0.08
465,49,"(21, 21)",1,-0.08
465,50,"(22, 21)",1,-0.08
465,51,"(23, 21)",0,-0.08
465,52,"(23, 20)",0,-0.08
465,53,"(23, 19)",0,-0.08
465,54,"(23, 18)",0,-0.08
465,55,"(23, 17)",1,-0.08
465,56,"(24, 17)",1,-0.08
465,57,"(25, 17)",1,-0.08
465,58,"(26, 17)",1,-0.08
465,59,"(27, 17)",1,-0.08
465,60,"(28, 17)",1,-0.08
465,61,"(29, 17)",1,-0.08
465,62,"(30, 17)",1,-0.08
465,63,"(31, 17)",0,-0.08
465,64,"(31, 16)",0,-0.08
465,65,"(31, 15)",0,-0.08
465,66,"(31, 14)",0,-0.08
465,67,"(31, 13)",1,-0.08
465,68,"(32, 13)",1,-0.08
465,69,"(33, 13)",1,-0.08
465,70,"(34, 13)",1,-0.08
465,71,"(35, 13)",1,-0.08
465,72,"(36, 13)",0,-0.08
465,73,"(36, 12)",1,-0.08
465,74,"(37, 12)",1,-0.08
465,75,"(38, 12)",1,-0.08
465,76,"(39, 12)",0,-0.08
465,77,"(39, 11)",1,-0.08
465,78,"(40, 11)",1,-0.08
465,79,"(41, 11)",1,-0.08
465,80,"(42, 11)",1,-0.08
465,81,"(43, 11)",1,-0.08
465,82,"(44, 11)",1,-0.08
465,83,"(45, 11)",0,-0.08
465,84,"(45, 10)",1,-0.08
465,85,"(46, 10)",1,-0.08
465,86,"(47, 10)",1,-0.08
465,87,"(48, 10)",1,-0.08
465,88,"(49, 10)",1,-0.08
465,89,"(50, 10)",0,-0.08
465,90,"(50, 9)",1,-0.08
465,91,"(51, 9)",1,-0.08
465,92,"(52, 9)",1,-0.08
465,93,"(53, 9)",1,-0.08
465,94,"(54, 9)",1,-0.08
465,95,"(55, 9)",1,-0.08
465,96,"(56, 9)",1,-0.08
465,97,"(57, 9)",0,-0.08
465,98,"(57, 8)",0,-0.08
465,99,"(57, 7)",1,-0.08
465,100,"(58, 7)",1,-0.08
465,101,"(59, 7)",1,-0.08
465,102,"(60, 7)",1,-0.08
465,103,"(61, 7)",1,-0.08
465,104,"(62, 7)",1,-0.08
465,105,"(63, 7)",1,-0.08
465,106,"(64, 7)",1,-0.08
465,107,"(65, 7)",1,-0.08
465,108,"(66, 7)",1,-0.08
465,109,"(67, 7)",1,-0.08
465,110,"(68, 7)",1,-0.08
465,111,"(69, 7)",1,-0.08
465,112,"(70, 7)",0,-0.08
465,113,"(70, 6)",1,-0.08
465,114,"(71, 6)",0,-0.08
465,115,"(71, 5)",1,-0.08
465,116,"(72, 5)",1,-0.08
465,117,"(73, 5)",1,-0.08
465,118,"(74, 5)",1,-0.08
465,119,"(75, 5)",0,-0.08
465,120,"(75, 4)",0,-0.08
465,121,"(75, 3)",1,-0.08
465,122,"(76, 3)",1,-0.08
465,123,"(77, 3)",0,-0.08
465,124,"(77, 2)",0,-0.08
465,125,"(77, 1)",1,-0.08
465,126,"(78, 1)",1,-0.08
465,127,"(79, 1)",0,8.33
466,0,"(0, 39)",0,-0.08
466,1,"(0, 38)",0,-0.08
466,2,"(0, 37)",0,-0.08
466,3,"(0, 36)",0,-0.08
466,4,"(0, 35)",0,-0.08
466,5,"(0, 34)",0,-0.08
466,6,"(0, 33)",0,-8.33
466,7,"(0, 33)",1,-0.08
466,8,"(1, 33)",1,-0.08
466,9,"(2, 33)",0,-0.08
466,10,"(2, 32)",0,-0.08
466,11,"(2, 31)",0,-8.33
466,12,"(2, 31)",1,-0.08
466,13,"(3, 31)",0,-8.33
466,14,"(3, 31)",0,-8.33
466,15,"(3, 31)",3,-0.08
466,16,"(2, 31)",3,-0.08
466,17,"(1, 31)",0,-0.08
466,18,"(1, 30)",0,-0.08
466,19,"(1, 29)",1,-0.08
466,20,"(2, 29)",1,-0.08
466,21,"(3, 29)",0,-0.08
466,22,"(3, 28)",0,-0.08
466,23,"(3, 27)",0,-0.08
466,24,"(3, 26)",0,-0.08
466,25,"(3, 25)",1,-0.08
466,26,"(4, 25)",1,-0.08
466,27,"(5, 25)",1,-0.08
466,28,"(6, 25)",1,-0.08
466,29,"(7, 25)",1,-0.08
466,30,"(8, 25)",1,-0.08
466,31,"(9, 25)",1,-0.08
466,32,"(10, 25)",1,-0.08
466,33,"(11, 25)",1,-0.08
466,34,"(12, 25)",0,-0.08
466,35,"(12, 24)",1,-0.08
466,36,"(13, 24)",1,-0.08
466,37,"(14, 24)",0,-0.08
466,38,"(14, 23)",1,-0.08
466,39,"(15, 23)",1,-0.08
466,40,"(16, 23)",1,-0.08
466,41,"(17, 23)",0,-0.08
466,42,"(17, 22)",1,-0.08
466,43,"(18, 22)",1,-0.08
466,44,"(19, 22)",1,-0.08
466,45,"(20, 22)",1,-0.08
466,46,"(21, 22)",0,-0.08
466,47,"(21, 21)",1,-0.08
466,48,"(22, 21)",0,-0.08
466,49,"(22, 20)",0,-0.08
466,50,"(22, 19)",1,-0.08
466,51,"(23, 19)",0,-0.08
466,52,"(23, 18)",0,-0.08
466,53,"(23, 17)",1,-0.08
466,54,"(24, 17)",1,-0.08
466,55,"(25, 17)",1,-0.08
466,56,"(26, 17)",1,-0.08
466,57,"(27, 17)",0,-0.08
466,58,"(27, 16)",1,-0.08
466,59,"(28, 16)",0,-0.08
466,60,"(28, 15)",1,-0.08
466,61,"(29, 15)",0,-0.08
466,62,"(29, 14)",0,-0.08
466,63,"(29, 13)",1,-0.08
466,64,"(30, 13)",1,-0.08
466,65,"(31, 13)",1,-0.08
466,66,"(32, 13)",1,-0.08
466,67,"(33, 13)",1,-0.08
466,68,"(34, 13)",1,-0.08
466,69,"(35, 13)",1,-0.08
466,70,"(36, 13)",0,-0.08
466,71,"(36, 12)",1,-0.08
466,72,"(37, 12)",1,-0.08
466,73,"(38, 12)",1,-0.08
466,74,"(39, 12)",0,-0.08
466,75,"(39, 11)",1,-0.08
466,76,"(40, 11)",1,-0.08
466,77,"(41, 11)",1,-0.08
466,78,"(42, 11)",1,-0.08
466,79,"(43, 11)",1,-0.08
466,80,"(44, 11)",1,-0.08
466,81,"(45, 11)",0,-0.08
466,82,"(45, 10)",0,-0.08
466,83,"(45, 9)",1,-0.08
466,84,"(46, 9)",0,-0.08
466,85,"(46, 8)",0,-0.08
466,86,"(46, 7)",1,-0.08
466,87,"(47, 7)",1,-0.08
466,88,"(48, 7)",1,-0.08
466,89,"(49, 7)",1,-0.08
466,90,"(50, 7)",1,-0.08
466,91,"(51, 7)",1,-0.08
466,92,"(52, 7)",1,-0.08
466,93,"(53, 7)",1,-0.08
466,94,"(54, 7)",1,-0.08
466,95,"(55, 7)",1,-0.08
466,96,"(56, 7)",1,-0.08
466,97,"(57, 7)",1,-0.08
466,98,"(58, 7)",1,-0.08
466,99,"(59, 7)",1,-0.08
466,100,"(60, 7)",1,-0.08
466,101,"(61, 7)",1,-0.08
466,102,"(62, 7)",1,-0.08
466,103,"(63, 7)",1,-0.08
466,104,"(64, 7)",1,-0.08
466,105,"(65, 7)",1,-0.08
466,106,"(66, 7)",1,-0.08
466,107,"(67, 7)",1,-0.08
466,108,"(68, 7)",1,-0.08
466,109,"(69, 7)",1,-0.08
466,110,"(70, 7)",0,-0.08
466,111,"(70, 6)",1,-0.08
466,112,"(71, 6)",0,-0.08
466,113,"(71, 5)",1,-0.08
466,114,"(72, 5)",1,-0.08
466,115,"(73, 5)",1,-0.08
466,116,"(74, 5)",1,-0.08
466,117,"(75, 5)",1,-0.08
466,118,"(76, 5)",1,-0.08
466,119,"(77, 5)",0,-0.08
466,120,"(77, 4)",0,-0.08
466,121,"(77, 3)",0,-0.08
466,122,"(77, 2)",0,-0.08
466,123,"(77, 1)",0,-0.08
466,124,"(77, 0)",1,-0.08
466,125,"(78, 0)",1,8.33
467,0,"(0, 39)",0,-0.08
467,1,"(0, 38)",0,-0.08
467,2,"(0, 37)",0,-0.08
467,3,"(0, 36)",0,-0.08
467,4,"(0, 35)",0,-0.08
467,5,"(0, 34)",0,-0.08
467,6,"(0, 33)",0,-8.33
467,7,"(0, 33)",1,-0.08
467,8,"(1, 33)",0,-0.08
467,9,"(1, 32)",0,-0.08
467,10,"(1, 31)",1,-0.08
467,11,"(2, 31)",0,-8.33
467,12,"(2, 31)",1,-0.08
467,13,"(3, 31)",0,-8.33
467,14,"(3, 31)",2,-0.08
467,15,"(3, 32)",2,-0.08
467,16,"(3, 33)",1,-0.08
467,17,"(4, 33)",1,-0.08
467,18,"(5, 33)",0,-0.08
467,19,"(5, 32)",0,-0.08
467,20,"(5, 31)",0,-0.08
467,21,"(5, 30)",0,-0.08
467,22,"(5, 29)",1,-0.08
467,23,"(6, 29)",1,-0.08
467,24,"(7, 29)",0,-0.08
467,25,"(7, 28)",0,-0.08
467,26,"(7, 27)",1,-0.08
467,27,"(8, 27)",1,-0.08
467,28,"(9, 27)",1,-0.08
467,29,"(10, 27)",1,-0.08
467,30,"(11, 27)",1,-0.08
467,31,"(12, 27)",0,-0.08
467,32,"(12, 26)",0,-0.08
467,33,"(12, 25)",0,-0.08
467,34,"(12, 24)",1,-0.08
467,35,"(13, 24)",1,-0.08
467,36,"(14, 24)",0,-0.08
467,37,"(14, 23)",1,-0.08
467,38,"(15, 23)",1,-0.08
467,39,"(16, 23)",1,-0.08
467,40,"(17, 23)",0,-0.08
467,41,"(17, 22)",1,-0.08
467,42,"(18, 22)",1,-0.08
467,43,"(19, 22)",1,-0.08
467,44,"(20, 22)",1,-0.08
467,45,"(21, 22)",0,-0.08
467,46,"(21, 21)",1,-0.08
467,47,"(22, 21)",0,-0.08
467,48,"(22, 20)",0,-0.08
467,49,"(22, 19)",1,-0.08
467,50,"(23, 19)",0,-0.08
467,51,"(23, 18)",0,-0.08
467,52,"(23, 17)",1,-0.08
467,53,"(24, 17)",1,-0.08
467,54,"(25, 17)",1,-0.08
467,55,"(26, 17)",1,-0.08
467,56,"(27, 17)",0,-0.08
467,57,"(27, 16)",0,-0.08
467,58,"(27, 15)",0,-0.08
467,59,"(27, 14)",0,-0.08
467,60,"(27, 13)",1,-0.08
467,61,"(28, 13)",1,-0.08
467,62,"(29, 13)",1,-0.08
467,63,"(30, 13)",1,-0.08
467,64,"(31, 13)",1,-0.08
467,65,"(32, 13)",1,-0.08
467,66,"(33, 13)",1,-0.08
467,67,"(34, 13)",1,-0.08
467,68,"(35, 13)",0,-0.08
467,69,"(35, 12)",1,-0.08
467,70,"(36, 12)",1,-0.08
467,71,"(37, 12)",1,-0.08
467,72,"(38, 12)",1,-0.08
467,73,"(39, 12)",0,-0.08
467,74,"(39, 11)",1,-0.08
467,75,"(40, 11)",1,-0.08
467,76,"(41, 11)",1,-0.08
467,77,"(42, 11)",1,-0.08
467,78,"(43, 11)",1,-0.08
467,79,"(44, 11)",1,-0.08
467,80,"(45, 11)",0,-0.08
467,81,"(45, 10)",0,-0.08
467,82,"(45, 9)",1,-0.08
467,83,"(46, 9)",0,-0.08
467,84,"(46, 8)",0,-0.08
467,85,"(46, 7)",1,-0.08
467,86,"(47, 7)",1,-0.08
467,87,"(48, 7)",1,-0.08
467,88,"(49, 7)",1,-0.08
467,89,"(50, 7)",1,-0.08
467,90,"(51, 7)",1,-0.08
467,91,"(52, 7)",1,-0.08
467,92,"(53, 7)",1,-0.08
467,93,"(54, 7)",1,-0.08
467,94,"(55, 7)",1,-0.08
467,95,"(56, 7)",1,-0.08
467,96,"(57, 7)",1,-0.08
467,97,"(58, 7)",1,-0.08
467,98,"(59, 7)",1,-0.08
467,99,"(60, 7)",1,-0.08
467,100,"(61, 7)",1,-0.08
467,101,"(62, 7)",1,-0.08
467,102,"(63, 7)",1,-0.08
467,103,"(64, 7)",1,-0.08
467,104,"(65, 7)",1,-0.08
467,105,"(66, 7)",1,-0.08
467,106,"(67, 7)",1,-0.08
467,107,"(68, 7)",1,-0.08
467,108,"(69, 7)",0,-0.08
467,109,"(69, 6)",1,-0.08
467,110,"(70, 6)",1,-0.08
467,111,"(71, 6)",1,-0.08
467,112,"(72, 6)",0,-0.08
467,113,"(72, 5)",1,-0.08
467,114,"(73, 5)",1,-0.08
467,115,"(74, 5)",0,-0.08
467,116,"(74, 4)",1,-0.08
467,117,"(75, 4)",0,-0.08
467,118,"(75, 3)",1,-0.08
467,119,"(76, 3)",0,-0.08
467,120,"(76, 2)",0,-0.08
467,121,"(76, 1)",0,-0.08
467,122,"(76, 0)",1,-0.08
467,123,"(77, 0)",1,-0.08
467,124,"(78, 0)",1,8.33
468,0,"(0, 39)",0,-0.08
468,1,"(0, 38)",1,-0.08
468,2,"(1, 38)",0,-0.08
468,3,"(1, 37)",1,-8.33
468,4,"(1, 37)",0,-8.33
468,5,"(1, 37)",3,-0.08
468,6,"(0, 37)",0,-0.08
468,7,"(0, 36)",0,-0.08
468,8,"(0, 35)",1,-0.08
468,9,"(1, 35)",0,-0.08
468,10,"(1, 34)",0,-0.08
468,11,"(1, 33)",1,-0.08
468,12,"(2, 33)",1,-0.08
468,13,"(3, 33)",0,-0.08
468,14,"(3, 32)",0,-0.08
468,15,"(3, 31)",0,-8.33
468,16,"(3, 31)",3,-0.08
468,17,"(2, 31)",3,-0.08
468,18,"(1, 31)",0,-0.08
468,19,"(1, 30)",0,-0.08
468,20,"(1, 29)",1,-0.08
468,21,"(2, 29)",1,-0.08
468,22,"(3, 29)",1,-0.08
468,23,"(4, 29)",1,-0.08
468,24,"(5, 29)",1,-0.08
468,25,"(6, 29)",1,-0.08
468,26,"(7, 29)",1,-0.08
468,27,"(8, 29)",1,-0.08
468,28,"(9, 29)",1,-0.08
468,29,"(10, 29)",0,-0.08
468,30,"(10, 28)",0,-0.08
468,31,"(10, 27)",1,-0.08
468,32,"(11, 27)",1,-0.08
468,33,"(12, 27)",0,-0.08
468,34,"(12, 26)",0,-0.08
468,35,"(12, 25)",0,-0.08
468,36,"(12, 24)",1,-0.08
468,37,"(13, 24)",0,-0.08
468,38,"(13, 23)",1,-0.08
468,39,"(14, 23)",1,-0.08
468,40,"(15, 23)",1,-0.08
468,41,"(16, 23)",0,-0.08
468,42,"(16, 22)",1,-0.08
468,43,"(17, 22)",1,-0.08
468,44,"(18, 22)",1,-0.08
468,45,"(19, 22)",1,-0.08
468,46,"(20, 22)",0,-0.08
468,47,"(20, 21)",0,-0.08
468,48,"(20, 20)",1,-0.08
468,49,"(21, 20)",1,-0.08
468,50,"(22, 20)",1,-0.08
468,51,"(23, 20)",0,-0.08
468,52,"(23, 19)",0,-0.08
468,53,"(23, 18)",0,-0.08
468,54,"(23, 17)",0,-0.08
468,55,"(23, 16)",0,-0.08
468,56,"(23, 15)",1,-0.08
468,57,"(24, 15)",1,-0.08
468,58,"(25, 15)",1,-0.08
468,59,"(26, 15)",1,-0.08
468,60,"(27, 15)",1,-0.08
468,61,"(28, 15)",1,-0.08
468,62,"(29, 15)",0,-0.08
468,63,"(29, 14)",0,-0.08
468,64,"(29, 13)",1,-0.08
468,65,"(30, 13)",1,-0.08
468,66,"(31, 13)",1,-0.08
468,67,"(32, 13)",1,-0.08
468,68,"(33, 13)",1,-0.08
468,69,"(34, 13)",1,-0.08
468,70,"(35, 13)",1,-0.08
468,71,"(36, 13)",1,-0.08
468,72,"(37, 13)",0,-0.08
468,73,"(37, 12)",1,-0.08
468,74,"(38, 12)",1,-0.08
468,75,"(39, 12)",0,-0.08
468,76,"(39, 11)",1,-0.08
468,77,"(40, 11)",1,-0.08
468,78,"(41, 11)",1,-0.08
468,79,"(42, 11)",1,-0.08
468,80,"(43, 11)",1,-0.08
468,81,"(44, 11)",1,-0.08
468,82,"(45, 11)",0,-0.08
468,83,"(45, 10)",0,-0.08
468,84,"(45, 9)",1,-0.08
468,85,"(46, 9)",0,-0.08
468,86,"(46, 8)",0,-0.08
468,87,"(46, 7)",1,-0.08
468,88,"(47, 7)",1,-0.08
468,89,"(48, 7)",1,-0.08
468,90,"(49, 7)",1,-0.08
468,91,"(50, 7)",1,-0.08
468,92,"(51, 7)",1,-0.08
468,93,"(52, 7)",1,-0.08
468,94,"(53, 7)",1,-0.08
468,95,"(54, 7)",1,-0.08
468,96,"(55, 7)",1,-0.08
468,97,"(56, 7)",1,-0.08
468,98,"(57, 7)",1,-0.08
468,99,"(58, 7)",1,-0.08
468,100,"(59, 7)",1,-0.08
468,101,"(60, 7)",1,-0.08
468,102,"(61, 7)",1,-0.08
468,103,"(62, 7)",1,-0.08
468,104,"(63, 7)",1,-0.08
468,105,"(64, 7)",1,-0.08
468,106,"(65, 7)",1,-0.08
468,107,"(66, 7)",1,-0.08
468,108,"(67, 7)",1,-0.08
468,109,"(68, 7)",1,-0.08
468,110,"(69, 7)",0,-0.08
468,111,"(69, 6)",1,-0.08
468,112,"(70, 6)",1,-0.08
468,113,"(71, 6)",1,-0.08
468,114,"(72, 6)",0,-0.08
468,115,"(72, 5)",1,-0.08
468,116,"(73, 5)",1,-0.08
468,117,"(74, 5)",1,-0.08
468,118,"(75, 5)",0,-0.08
468,119,"(75, 4)",0,-0.08
468,120,"(75, 3)",1,-0.08
468,121,"(76, 3)",1,-0.08
468,122,"(77, 3)",0,-0.08
468,123,"(77, 2)",0,-0.08
468,124,"(77, 1)",1,-0.08
468,125,"(78, 1)",0,-0.08
468,126,"(78, 0)",1,8.33
469,0,"(0, 39)",1,-0.08
469,1,"(1, 39)",1,-0.08
469,2,"(2, 39)",0,-8.33
469,3,"(2, 39)",1,-0.08
469,4,"(3, 39)",1,-0.08
469,5,"(4, 39)",1,-0.08
469,6,"(5, 39)",0,-8.33
469,7,"(5, 39)",1,-0.08
469,8,"(6, 39)",1,-0.08
469,9,"(7, 39)",0,-0.08
469,10,"(7, 38)",0,-0.08
469,11,"(7, 37)",0,-0.08
469,12,"(7, 36)",0,-0.08
469,13,"(7, 35)",0,-0.08
469,14,"(7, 34)",0,-0.08
469,15,"(7, 33)",0,-0.08
469,16,"(7, 32)",1,-0.08
469,17,"(8, 32)",0,-0.08
469,18,"(8, 31)",1,-0.08
469,19,"(9, 31)",0,-0.08
469,20,"(9, 30)",0,-0.08
469,21,"(9, 29)",1,-0.08
469,22,"(10, 29)",0,-0.08
469,23,"(10, 28)",0,-0.08
469,24,"(10, 27)",1,-0.08
469,25,"(11, 27)",1,-0.08
469,26,"(12, 27)",0,-0.08
469,27,"(12, 26)",1,-0.08
469,28,"(13, 26)",0,-0.08
469,29,"(13, 25)",0,-0.08
469,30,"(13, 24)",1,-0.08
469,31,"(14, 24)",0,-0.08
469,32,"(14, 23)",1,-0.08
469,33,"(15, 23)",1,-0.08
469,34,"(16, 23)",1,-0.08
469,35,"(17, 23)",0,-0.08
469,36,"(17, 22)",1,-0.08
469,37,"(18, 22)",1,-0.08
469,38,"(19, 22)",1,-0.08
469,39,"(20, 22)",1,-0.08
469,40,"(21, 22)",0,-0.08
469,41,"(21, 21)",1,-0.08
469,42,"(22, 21)",1,-0.08
469,43,"(23, 21)",1,-0.08
469,44,"(24, 21)",1,-0.08
469,45,"(25, 21)",1,-0.08
469,46,"(26, 21)",1,-0.08
469,47,"(27, 21)",1,-0.08
469,48,"(28, 21)",0,-0.08
469,49,"(28, 20)",0,-0.08
469,50,"(28, 19)",1,-0.08
469,51,"(29, 19)",1,-0.08
469,52,"(30, 19)",1,-0.08
469,53,"(31, 19)",0,-0.08
469,54,"(31, 18)",0,-0.08
469,55,"(31, 17)",1,-0.08
469,56,"(32, 17)",0,-0.08
469,57,"(32, 16)",0,-0.08
469,58,"(32, 15)",1,-0.08
469,59,"(33, 15)",1,-0.08
469,60,"(34, 15)",1,-0.08
469,61,"(35, 15)",0,-0.08
469,62,"(35, 14)",0,-0.08
469,63,"(35, 13)",1,-0.08
469,64,"(36, 13)",1,-0.08
469,65,"(37, 13)",1,-0.08
469,66,"(38, 13)",1,-0.08
469,67,"(39, 13)",0,-0.08
469,68,"(39, 12)",0,-0.08
469,69,"(39, 11)",1,-0.08
469,70,"(40, 11)",1,-0.08
469,71,"(41, 11)",1,-0.08
469,72,"(42, 11)",1,-0.08
469,73,"(43, 11)",1,-0.08
469,74,"(44, 11)",1,-0.08
469,75,"(45, 11)",0,-0.08
469,76,"(45, 10)",1,-0.08
469,77,"(46, 10)",0,-0.08
469,78,"(46, 9)",0,-0.08
469,79,"(46, 8)",0,-0.08
469,80,"(46, 7)",1,-0.08
469,81,"(47, 7)",1,-0.08
469,82,"(48, 7)",1,-0.08
469,83,"(49, 7)",1,-0.08
469,84,"(50, 7)",1,-0.08
469,85,"(51, 7)",1,-0.08
469,86,"(52, 7)",1,-0.08
469,87,"(53, 7)",1,-0.08
469,88,"(54, 7)",1,-0.08
469,89,"(55, 7)",1,-0.08
469,90,"(56, 7)",1,-0.08
469,91,"(57, 7)",1,-0.08
469,92,"(58, 7)",1,-0.08
469,93,"(59, 7)",1,-0.08
469,94,"(60, 7)",1,-0.08
469,95,"(61, 7)",1,-0.08
469,96,"(62, 7)",1,-0.08
469,97,"(63, 7)",1,-0.08
469,98,"(64, 7)",1,-0.08
469,99,"(65, 7)",1,-0.08
469,100,"(66, 7)",1,-0.08
469,101,"(67, 7)",1,-0.08
469,102,"(68, 7)",1,-0.08
469,103,"(69, 7)",1,-0.08
469,104,"(70, 7)",1,-0.08
469,105,"(71, 7)",0,-0.08
469,106,"(71, 6)",1,-0.08
469,107,"(72, 6)",0,-0.08
469,108,"(72, 5)",1,-0.08
469,109,"(73, 5)",1,-0.08
469,110,"(74, 5)",1,-0.08
469,111,"(75, 5)",1,-0.08
469,112,"(76, 5)",1,-0.08
469,113,"(77, 5)",0,-0.08
469,114,"(77, 4)",0,-0.08
469,115,"(77, 3)",0,-0.08
469,116,"(77, 2)",0,-0.08
469,117,"(77, 1)",0,-0.08
469,118,"(77, 0)",1,-0.08
469,119,"(78, 0)",1,8.33
470,0,"(0, 39)",1,-0.08
470,1,"(1, 39)",0,-0.08
470,2,"(1, 38)",0,-0.08
470,3,"(1, 37)",1,-8.33
470,4,"(1, 37)",0,-8.33
470,5,"(1, 37)",3,-0.08
470,6,"(0, 37)",0,-0.08
470,7,"(0, 36)",0,-0.08
470,8,"(0, 35)",0,-0.08
470,9,"(0, 34)",1,-0.08
470,10,"(1, 34)",0,-0.08
470,11,"(1, 33)",1,-0.08
470,12,"(2, 33)",0,-0.08
470,13,"(2, 32)",0,-0.08
470,14,"(2, 31)",1,-0.08
470,15,"(3, 31)",0,-8.33
470,16,"(3, 31)",0,-8.33
470,17,"(3, 31)",3,-0.08
470,18,"(2, 31)",3,-0.08
470,19,"(1, 31)",0,-0.08
470,20,"(1, 30)",0,-0.08
470,21,"(1, 29)",1,-0.08
470,22,"(2, 29)",1,-0.08
470,23,"(3, 29)",1,-0.08
470,24,"(4, 29)",1,-0.08
470,25,"(5, 29)",1,-0.08
470,26,"(6, 29)",1,-0.08
470,27,"(7, 29)",0,-0.08
470,28,"(7, 28)",0,-0.08
470,29,"(7, 27)",0,-0.08
470,30,"(7, 26)",0,-0.08
470,31,"(7, 25)",1,-0.08
470,32,"(8, 25)",1,-0.08
470,33,"(9, 25)",0,-0.08
470,34,"(9, 24)",1,-0.08
470,35,"(10, 24)",1,-0.08
470,36,"(11, 24)",1,-0.08
470,37,"(12, 24)",1,-0.08
470,38,"(13, 24)",0,-0.08
470,39,"(13, 23)",1,-0.08
470,40,"(14, 23)",1,-0.08
470,41,"(15, 23)",1,-0.08
470,42,"(16, 23)",1,-0.08
470,43,"(17, 23)",0,-0.08
470,44,"(17, 22)",1,-0.08
470,45,"(18, 22)",1,-0.08
470,46,"(19, 22)",0,-0.08
470,47,"(19, 21)",1,-0.08
470,48,"(20, 21)",1,-0.08
470,49,"(21, 21)",1,-0.08
470,50,"(22, 21)",1,-0.08
470,51,"(23, 21)",1,-0.08
470,52,"(24, 21)",1,-0.08
470,53,"(25, 21)",0,-0.08
470,54,"(25, 20)",0,-0.08
470,55,"(25, 19)",0,-0.08
470,56,"(25, 18)",1,-0.08
470,57,"(26, 18)",1,-0.08
470,58,"(27, 18)",0,-0.08
470,59,"(27, 17)",1,-0.08
470,60,"(28, 17)",1,-0.08
470,61,"(29, 17)",0,-0.08
470,62,"(29, 16)",0,-0.08
470,63,"(29, 15)",1,-0.08
470,64,"(30, 15)",1,-0.08
470,65,"(31, 15)",1,-0.08
470,66,"(32, 15)",1,-0.08
470,67,"(33, 15)",1,-0.08
470,68,"(34, 15)",0,-0.08
470,69,"(34, 14)",1,-0.08
470,70,"(35, 14)",0,-0.08
470,71,"(35, 13)",0,-0.08
470,72,"(35, 12)",1,-0.08
470,73,"(36, 12)",1,-0.08
470,74,"(37, 12)",1,-0.08
470,75,"(38, 12)",1,-0.08
470,76,"(39, 12)",0,-0.08
470,77,"(39, 11)",1,-0.08
470,78,"(40, 11)",1,-0.08
470,79,"(41, 11)",1,-0.08
470,80,"(42, 11)",1,-0.08
470,81,"(43, 11)",1,-0.08
470,82,"(44, 11)",1,-0.08
470,83,"(45, 11)",0,-0.08
470,84,"(45, 10)",1,-0.08
470,85,"(46, 10)",1,-0.08
470,86,"(47, 10)",1,-0.08
470,87,"(48, 10)",1,-0.08
470,88,"(49, 10)",1,-0.08
470,89,"(50, 10)",0,-0.08
470,90,"(50, 9)",1,-0.08
470,91,"(51, 9)",1,-0.08
470,92,"(52, 9)",1,-0.08
470,93,"(53, 9)",1,-0.08
470,94,"(54, 9)",1,-0.08
470,95,"(55, 9)",1,-0.08
470,96,"(56, 9)",1,-0.08
470,97,"(57, 9)",0,-0.08
470,98,"(57, 8)",0,-0.08
470,99,"(57, 7)",1,-0.08
470,100,"(58, 7)",1,-0.08
470,101,"(59, 7)",1,-0.08
470,102,"(60, 7)",1,-0.08
470,103,"(61, 7)",1,-0.08
470,104,"(62, 7)",1,-0.08
470,105,"(63, 7)",1,-0.08
470,106,"(64, 7)",1,-0.08
470,107,"(65, 7)",1,-0.08
470,108,"(66, 7)",1,-0.08
470,109,"(67, 7)",1,-0.08
470,110,"(68, 7)",1,-0.08
470,111,"(69, 7)",0,-0.08
470,112,"(69, 6)",1,-0.08
470,113,"(70, 6)",1,-0.08
470,114,"(71, 6)",0,-0.08
470,115,"(71, 5)",1,-0.08
470,116,"(72, 5)",1,-0.08
470,117,"(73, 5)",1,-0.08
470,118,"(74, 5)",1,-0.08
470,119,"(75, 5)",1,-0.08
470,120,"(76, 5)",1,-0.08
470,121,"(77, 5)",0,-0.08
470,122,"(77, 4)",0,-0.08
470,123,"(77, 3)",0,-0.08
470,124,"(77, 2)",0,-0.08
470,125,"(77, 1)",0,-0.08
470,126,"(77, 0)",1,-0.08
470,127,"(78, 0)",1,8.33
471,0,"(0, 39)",1,-0.08
471,1,"(1, 39)",0,-0.08
471,2,"(1, 38)",0,-0.08
471,3,"(1, 37)",0,-8.33
471,4,"(1, 37)",3,-0.08
471,5,"(0, 37)",0,-0.08
471,6,"(0, 36)",0,-0.08
471,7,"(0, 35)",0,-0.08
471,8,"(0, 34)",1,-0.08
471,9,"(1, 34)",0,-0.08
471,10,"(1, 33)",1,-0.08
471,11,"(2, 33)",0,-0.08
471,12,"(2, 32)",0,-0.08
471,13,"(2, 31)",1,-0.08
471,14,"(3, 31)",0,-8.33
471,15,"(3, 31)",0,-8.33
471,16,"(3, 31)",2,-0.08
471,17,"(3, 32)",2,-0.08
471,18,"(3, 33)",1,-0.08
471,19,"(4, 33)",1,-0.08
471,20,"(5, 33)",1,-0.08
471,21,"(6, 33)",1,-0.08
471,22,"(7, 33)",1,-0.08
471,23,"(8, 33)",0,-0.08
471,24,"(8, 32)",0,-0.08
471,25,"(8, 31)",0,-0.08
471,26,"(8, 30)",0,-0.08
471,27,"(8, 29)",0,-0.08
471,28,"(8, 28)",0,-0.08
471,29,"(8, 27)",1,-0.08
471,30,"(9, 27)",1,-0.08
471,31,"(10, 27)",1,-0.08
471,32,"(11, 27)",1,-0.08
471,33,"(12, 27)",0,-0.08
471,34,"(12, 26)",0,-0.08
471,35,"(12, 25)",1,-0.08
471,36,"(13, 25)",0,-0.08
471,37,"(13, 24)",1,-0.08
471,38,"(14, 24)",0,-0.08
471,39,"(14, 23)",1,-0.08
471,40,"(15, 23)",1,-0.08
471,41,"(16, 23)",1,-0.08
471,42,"(17, 23)",0,-0.08
471,43,"(17, 22)",1,-0.08
471,44,"(18, 22)",1,-0.08
471,45,"(19, 22)",1,-0.08
471,46,"(20, 22)",1,-0.08
471,47,"(21, 22)",0,-0.08
471,48,"(21, 21)",0,-0.08
471,49,"(21, 20)",0,-0.08
471,50,"(21, 19)",1,-0.08
471,51,"(22, 19)",1,-0.08
471,52,"(23, 19)",0,-0.08
471,53,"(23, 18)",0,-0.08
471,54,"(23, 17)",1,-0.08
471,55,"(24, 17)",1,-0.08
471,56,"(25, 17)",1,-0.08
471,57,"(26, 17)",1,-0.08
471,58,"(27, 17)",0,-0.08
471,59,"(27, 16)",1,-0.08
471,60,"(28, 16)",0,-0.08
471,61,"(28, 15)",1,-0.08
471,62,"(29, 15)",0,-0.08
471,63,"(29, 14)",0,-0.08
471,64,"(29, 13)",1,-0.08
471,65,"(30, 13)",1,-0.08
471,66,"(31, 13)",1,-0.08
471,67,"(32, 13)",1,-0.08
471,68,"(33, 13)",1,-0.08
471,69,"(34, 13)",1,-0.08
471,70,"(35, 13)",1,-0.08
471,71,"(36, 13)",1,-0.08
471,72,"(37, 13)",1,-0.08
471,73,"(38, 13)",0,-0.08
471,74,"(38, 12)",1,-0.08
471,75,"(39, 12)",0,-0.08
471,76,"(39, 11)",1,-0.08
471,77,"(40, 11)",1,-0.08
471,78,"(41, 11)",1,-0.08
471,79,"(42, 11)",1,-0.08
471,80,"(43, 11)",1,-0.08
471,81,"(44, 11)",1,-0.08
471,82,"(45, 11)",0,-0.08
471,83,"(45, 10)",0,-0.08
471,84,"(45, 9)",1,-0.08
471,85,"(46, 9)",0,-0.08
471,86,"(46, 8)",0,-0.08
471,87,"(46, 7)",1,-0.08
471,88,"(47, 7)",1,-0.08
471,89,"(48, 7)",1,-0.08
471,90,"(49, 7)",1,-0.08
471,91,"(50, 7)",1,-0.08
471,92,"(51, 7)",1,-0.08
471,93,"(52, 7)",1,-0.08
471,94,"(53, 7)",1,-0.08
471,95,"(54, 7)",1,-0.08
471,96,"(55, 7)",1,-0.08
471,97,"(56, 7)",1,-0.08
471,98,"(57, 7)",1,-0.08
471,99,"(58, 7)",1,-0.08
471,100,"(59, 7)",1,-0.08
471,101,"(60, 7)",1,-0.08
471,102,"(61, 7)",1,-0.08
471,103,"(62, 7)",1,-0.08
471,104,"(63, 7)",1,-0.08
471,105,"(64, 7)",1,-0.08
471,106,"(65, 7)",1,-0.08
471,107,"(66, 7)",1,-0.08
471,108,"(67, 7)",1,-0.08
471,109,"(68, 7)",1,-0.08
471,110,"(69, 7)",1,-0.08
471,111,"(70, 7)",0,-0.08
471,112,"(70, 6)",1,-0.08
471,113,"(71, 6)",0,-0.08
471,114,"(71, 5)",1,-0.08
471,115,"(72, 5)",1,-0.08
471,116,"(73, 5)",1,-0.08
471,117,"(74, 5)",0,-0.08
471,118,"(74, 4)",0,-0.08
471,119,"(74, 3)",1,-0.08
471,120,"(75, 3)",1,-0.08
471,121,"(76, 3)",0,-0.08
471,122,"(76, 2)",1,-0.08
471,123,"(77, 2)",0,-0.08
471,124,"(77, 1)",0,-0.08
471,125,"(77, 0)",1,-0.08
471,126,"(78, 0)",1,8.33
472,0,"(0, 39)",1,-0.08
472,1,"(1, 39)",0,-0.08
472,2,"(1, 38)",0,-0.08
472,3,"(1, 37)",0,-8.33
472,4,"(1, 37)",3,-0.08
472,5,"(0, 37)",0,-0.08
472,6,"(0, 36)",0,-0.08
472,7,"(0, 35)",1,-0.08
472,8,"(1, 35)",1,-0.08
472,9,"(2, 35)",0,-0.08
472,10,"(2, 34)",0,-0.08
472,11,"(2, 33)",1,-0.08
472,12,"(3, 33)",0,-0.08
472,13,"(3, 32)",0,-0.08
472,14,"(3, 31)",0,-8.33
472,15,"(3, 31)",3,-0.08
472,16,"(2, 31)",3,-0.08
472,17,"(1, 31)",0,-0.08
472,18,"(1, 30)",0,-0.08
472,19,"(1, 29)",1,-0.08
472,20,"(2, 29)",1,-0.08
472,21,"(3, 29)",1,-0.08
472,22,"(4, 29)",1,-0.08
472,23,"(5, 29)",1,-0.08
472,24,"(6, 29)",1,-0.08
472,25,"(7, 29)",1,-0.08
472,26,"(8, 29)",1,-0.08
472,27,"(9, 29)",1,-0.08
472,28,"(10, 29)",0,-0.08
472,29,"(10, 28)",0,-0.08
472,30,"(10, 27)",1,-0.08
472,31,"(11, 27)",1,-0.08
472,32,"(12, 27)",1,-0.08
472,33,"(13, 27)",1,-0.08
472,34,"(14, 27)",1,-0.08
472,35,"(15, 27)",0,-0.08
472,36,"(15, 26)",0,-0.08
472,37,"(15, 25)",1,-0.08
472,38,"(16, 25)",1,-0.08
472,39,"(17, 25)",0,-0.08
472,40,"(17, 24)",0,-0.08
472,41,"(17, 23)",1,-0.08
472,42,"(18, 23)",1,-0.08
472,43,"(19, 23)",1,-0.08
472,44,"(20, 23)",1,-0.08
472,45,"(21, 23)",0,-0.08
472,46,"(21, 22)",0,-0.08
472,47,"(21, 21)",0,-0.08
472,48,"(21, 20)",0,-0.08
472,49,"(21, 19)",1,-0.08
472,50,"(22, 19)",1,-0.08
472,51,"(23, 19)",0,-0.08
472,52,"(23, 18)",0,-0.08
472,53,"(23, 17)",0,-0.08
472,54,"(23, 16)",0,-0.08
472,55,"(23, 15)",1,-0.08
472,56,"(24, 15)",1,-0.08
472,57,"(25, 15)",1,-0.08
472,58,"(26, 15)",1,-0.08
472,59,"(27, 15)",1,-0.08
472,60,"(28, 15)",1,-0.08
472,61,"(29, 15)",0,-0.08
472,62,"(29, 14)",0,-0.08
472,63,"(29, 13)",1,-0.08
472,64,"(30, 13)",1,-0.08
472,65,"(31, 13)",1,-0.08
472,66,"(32, 13)",1,-0.08
472,67,"(33, 13)",1,-0.08
472,68,"(34, 13)",1,-0.08
472,69,"(35, 13)",0,-0.08
472,70,"(35, 12)",1,-0.08
472,71,"(36, 12)",1,-0.08
472,72,"(37, 12)",1,-0.08
472,73,"(38, 12)",1,-0.08
472,74,"(39, 12)",0,-0.08
472,75,"(39, 11)",1,-0.08
472,76,"(40, 11)",1,-0.08
472,77,"(41, 11)",1,-0.08
472,78,"(42, 11)",1,-0.08
472,79,"(43, 11)",1,-0.08
472,80,"(44, 11)",1,-0.08
472,81,"(45, 11)",0,-0.08
472,82,"(45, 10)",1,-0.08
472,83,"(46, 10)",1,-0.08
472,84,"(47, 10)",1,-0.08
472,85,"(48, 10)",1,-0.08
472,86,"(49, 10)",0,-0.08
472,87,"(49, 9)",1,-0.08
472,88,"(50, 9)",0,-0.08
472,89,"(50, 8)",0,-0.08
472,90,"(50, 7)",1,-0.08
472,91,"(51, 7)",1,-0.08
472,92,"(52, 7)",1,-0.08
472,93,"(53, 7)",1,-0.08
472,94,"(54, 7)",1,-0.08
472,95,"(55, 7)",1,-0.08
472,96,"(56, 7)",1,-0.08
472,97,"(57, 7)",1,-0.08
472,98,"(58, 7)",1,-0.08
472,99,"(59, 7)",1,-0.08
472,100,"(60, 7)",1,-0.08
472,101,"(61, 7)",1,-0.08
472,102,"(62, 7)",1,-0.08
472,103,"(63, 7)",1,-0.08
472,104,"(64, 7)",1,-0.08
472,105,"(65, 7)",1,-0.08
472,106,"(66, 7)",1,-0.08
472,107,"(67, 7)",1,-0.08
472,108,"(68, 7)",1,-0.08
472,109,"(69, 7)",1,-0.08
472,110,"(70, 7)",1,-0.08
472,111,"(71, 7)",1,-0.08
472,112,"(72, 7)",0,-0.08
472,113,"(72, 6)",0,-0.08
472,114,"(72, 5)",1,-0.08
472,115,"(73, 5)",1,-0.08
472,116,"(74, 5)",1,-0.08
472,117,"(75, 5)",1,-0.08
472,118,"(76, 5)",1,-0.08
472,119,"(77, 5)",0,-0.08
472,120,"(77, 4)",0,-0.08
472,121,"(77, 3)",0,-0.08
472,122,"(77, 2)",0,-0.08
472,123,"(77, 1)",0,-0.08
472,124,"(77, 0)",1,-0.08
472,125,"(78, 0)",1,8.33
473,0,"(0, 39)",1,-0.08
473,1,"(1, 39)",1,-0.08
473,2,"(2, 39)",0,-8.33
473,3,"(2, 39)",1,-0.08
473,4,"(3, 39)",0,-0.08
473,5,"(3, 38)",0,-0.08
473,6,"(3, 37)",1,-8.33
473,7,"(3, 37)",0,-0.08
473,8,"(3, 36)",0,-0.08
473,9,"(3, 35)",3,-0.08
473,10,"(2, 35)",0,-0.08
473,11,"(2, 34)",0,-0.08
473,12,"(2, 33)",0,-0.08
473,13,"(2, 32)",1,-0.08
473,14,"(3, 32)",0,-0.08
473,15,"(3, 31)",0,-8.33
473,16,"(3, 31)",0,-8.33
473,17,"(3, 31)",2,-0.08
473,18,"(3, 32)",2,-0.08
473,19,"(3, 33)",1,-0.08
473,20,"(4, 33)",1,-0.08
473,21,"(5, 33)",1,-0.08
473,22,"(6, 33)",1,-0.08
473,23,"(7, 33)",1,-0.08
473,24,"(8, 33)",1,-0.08
473,25,"(9, 33)",0,-0.08
473,26,"(9, 32)",0,-0.08
473,27,"(9, 31)",0,-0.08
473,28,"(9, 30)",0,-0.08
473,29,"(9, 29)",1,-0.08
473,30,"(10, 29)",0,-0.08
473,31,"(10, 28)",0,-0.08
473,32,"(10, 27)",1,-0.08
473,33,"(11, 27)",1,-0.08
473,34,"(12, 27)",0,-0.08
473,35,"(12, 26)",1,-0.08
473,36,"(13, 26)",0,-0.08
473,37,"(13, 25)",1,-0.08
473,38,"(14, 25)",1,-0.08
473,39,"(15, 25)",1,-0.08
473,40,"(16, 25)",1,-0.08
473,41,"(17, 25)",0,-0.08
473,42,"(17, 24)",0,-0.08
473,43,"(17, 23)",0,-0.08
473,44,"(17, 22)",1,-0.08
473,45,"(18, 22)",1,-0.08
473,46,"(19, 22)",1,-0.08
473,47,"(20, 22)",0,-0.08
473,48,"(20, 21)",0,-0.08
473,49,"(20, 20)",1,-0.08
473,50,"(21, 20)",0,-0.08
473,51,"(21, 19)",1,-0.08
473,52,"(22, 19)",1,-0.08
473,53,"(23, 19)",0,-0.08
473,54,"(23, 18)",0,-0.08
473,55,"(23, 17)",1,-0.08
473,56,"(24, 17)",1,-0.08
473,57,"(25, 17)",1,-0.08
473,58,"(26, 17)",1,-0.08
473,59,"(27, 17)",1,-0.08
473,60,"(28, 17)",1,-0.08
473,61,"(29, 17)",0,-0.08
473,62,"(29, 16)",0,-0.08
473,63,"(29, 15)",1,-0.08
473,64,"(30, 15)",1,-0.08
473,65,"(31, 15)",1,-0.08
473,66,"(32, 15)",1,-0.08
473,67,"(33, 15)",1,-0.08
473,68,"(34, 15)",1,-0.08
473,69,"(35, 15)",0,-0.08
473,70,"(35, 14)",0,-0.08
473,71,"(35, 13)",0,-0.08
473,72,"(35, 12)",1,-0.08
473,73,"(36, 12)",1,-0.08
473,74,"(37, 12)",1,-0.08
473,75,"(38, 12)",1,-0.08
473,76,"(39, 12)",0,-0.08
473,77,"(39, 11)",1,-0.08
473,78,"(40, 11)",1,-0.08
473,79,"(41, 11)",1,-0.08
473,80,"(42, 11)",1,-0.08
473,81,"(43, 11)",1,-0.08
473,82,"(44, 11)",1,-0.08
473,83,"(45, 11)",0,-0.08
473,84,"(45, 10)",1,-0.08
473,85,"(46, 10)",1,-0.08
473,86,"(47, 10)",1,-0.08
473,87,"(48, 10)",1,-0.08
473,88,"(49, 10)",1,-0.08
473,89,"(50, 10)",0,-0.08
473,90,"(50, 9)",0,-0.08
473,91,"(50, 8)",0,-0.08
473,92,"(50, 7)",1,-0.08
473,93,"(51, 7)",1,-0.08
473,94,"(52, 7)",1,-0.08
473,95,"(53, 7)",1,-0.08
473,96,"(54, 7)",1,-0.08
473,97,"(55, 7)",1,-0.08
473,98,"(56, 7)",1,-0.08
473,99,"(57, 7)",1,-0.08
473,100,"(58, 7)",1,-0.08
473,101,"(59, 7)",1,-0.08
473,102,"(60, 7)",1,-0.08
473,103,"(61, 7)",1,-0.08
473,104,"(62, 7)",1,-0.08
473,105,"(63, 7)",1,-0.08
473,106,"(64, 7)",1,-0.08
473,107,"(65, 7)",1,-0.08
473,108,"(66, 7)",1,-0.08
473,109,"(67, 7)",1,-0.08
473,110,"(68, 7)",1,-0.08
473,111,"(69, 7)",1,-0.08
473,112,"(70, 7)",0,-0.08
473,113,"(70, 6)",1,-0.08
473,114,"(71, 6)",0,-0.08
473,115,"(71, 5)",1,-0.08
473,116,"(72, 5)",1,-0.08
473,117,"(73, 5)",1,-0.08
473,118,"(74, 5)",0,-0.08
473,119,"(74, 4)",1,-0.08
473,120,"(75, 4)",0,-0.08
473,121,"(75, 3)",1,-0.08
473,122,"(76, 3)",0,-0.08
473,123,"(76, 2)",0,-0.08
473,124,"(76, 1)",1,-0.08
473,125,"(77, 1)",0,-0.08
473,126,"(77, 0)",1,-0.08
473,127,"(78, 0)",1,8.33
474,0,"(0, 39)",0,-0.08
474,1,"(0, 38)",1,-0.08
474,2,"(1, 38)",1,-8.33
474,3,"(1, 38)",0,-0.08
474,4,"(1, 37)",0,-8.33
474,5,"(1, 37)",3,-0.08
474,6,"(0, 37)",0,-0.08
474,7,"(0, 36)",0,-0.08
474,8,"(0, 35)",0,-0.08
474,9,"(0, 34)",1,-0.08
474,10,"(1, 34)",1,-0.08
474,11,"(2, 34)",0,-0.08
474,12,"(2, 33)",1,-0.08
474,13,"(3, 33)",0,-0.08
474,14,"(3, 32)",0,-0.08
474,15,"(3, 31)",0,-8.33
474,16,"(3, 31)",3,-0.08
474,17,"(2, 31)",3,-0.08
474,18,"(1, 31)",0,-0.08
474,19,"(1, 30)",0,-0.08
474,20,"(1, 29)",1,-0.08
474,21,"(2, 29)",1,-0.08
474,22,"(3, 29)",1,-0.08
474,23,"(4, 29)",1,-0.08
474,24,"(5, 29)",1,-0.08
474,25,"(6, 29)",1,-0.08
474,26,"(7, 29)",0,-0.08
474,27,"(7, 28)",1,-0.08
474,28,"(8, 28)",0,-0.08
474,29,"(8, 27)",1,-0.08
474,30,"(9, 27)",1,-0.08
474,31,"(10, 27)",1,-0.08
474,32,"(11, 27)",1,-0.08
474,33,"(12, 27)",1,-0.08
474,34,"(13, 27)",1,-0.08
474,35,"(14, 27)",1,-0.08
474,36,"(15, 27)",1,-0.08
474,37,"(16, 27)",1,-0.08
474,38,"(17, 27)",1,-0.08
474,39,"(18, 27)",1,-0.08
474,40,"(19, 27)",1,-0.08
474,41,"(20, 27)",1,-0.08
474,42,"(21, 27)",0,-0.08
474,43,"(21, 26)",0,-0.08
474,44,"(21, 25)",1,-0.08
474,45,"(22, 25)",1,-0.08
474,46,"(23, 25)",1,-0.08
474,47,"(24, 25)",0,-0.08
474,48,"(24, 24)",1,-0.08
474,49,"(25, 24)",0,-0.08
474,50,"(25, 23)",0,-0.08
474,51,"(25, 22)",0,-0.08
474,52,"(25, 21)",1,-0.08
474,53,"(26, 21)",1,-0.08
474,54,"(27, 21)",0,-0.08
474,55,"(27, 20)",0,-0.08
474,56,"(27, 19)",0,-0.08
474,57,"(27, 18)",0,-0.08
474,58,"(27, 17)",0,-0.08
474,59,"(27, 16)",1,-0.08
474,60,"(28, 16)",0,-0.08
474,61,"(28, 15)",1,-0.08
474,62,"(29, 15)",1,-0.08
474,63,"(30, 15)",1,-0.08
474,64,"(31, 15)",1,-0.08
474,65,"(32, 15)",0,-0.08
474,66,"(32, 14)",0,-0.08
474,67,"(32, 13)",1,-0.08
474,68,"(33, 13)",1,-0.08
474,69,"(34, 13)",1,-0.08
474,70,"(35, 13)",0,-0.08
474,71,"(35, 12)",1,-0.08
474,72,"(36, 12)",1,-0.08
474,73,"(37, 12)",1,-0.08
474,74,"(38, 12)",1,-0.08
474,75,"(39, 12)",0,-0.08
474,76,"(39, 11)",1,-0.08
474,77,"(40, 11)",1,-0.08
474,78,"(41, 11)",1,-0.08
474,79,"(42, 11)",1,-0.08
474,80,"(43, 11)",1,-0.08
474,81,"(44, 11)",1,-0.08
474,82,"(45, 11)",0,-0.08
474,83,"(45, 10)",0,-0.08
474,84,"(45, 9)",0,-0.08
474,85,"(45, 8)",0,-0.08
474,86,"(45, 7)",1,-0.08
474,87,"(46, 7)",1,-0.08
474,88,"(47, 7)",1,-0.08
474,89,"(48, 7)",1,-0.08
474,90,"(49, 7)",1,-0.08
474,91,"(50, 7)",1,-0.08
474,92,"(51, 7)",1,-0.08
474,93,"(52, 7)",1,-0.08
474,94,"(53, 7)",1,-0.08
474,95,"(54, 7)",1,-0.08
474,96,"(55, 7)",1,-0.08
474,97,"(56, 7)",1,-0.08
474,98,"(57, 7)",1,-0.08
474,99,"(58, 7)",1,-0.08
474,100,"(59, 7)",1,-0.08
474,101,"(60, 7)",1,-0.08
474,102,"(61, 7)",1,-0.08
474,103,"(62, 7)",1,-0.08
474,104,"(63, 7)",1,-0.08
474,105,"(64, 7)",1,-0.08
474,106,"(65, 7)",1,-0.08
474,107,"(66, 7)",1,-0.08
474,108,"(67, 7)",1,-0.08
474,109,"(68, 7)",1,-0.08
474,110,"(69, 7)",1,-0.08
474,111,"(70, 7)",0,-0.08
474,112,"(70, 6)",1,-0.08
474,113,"(71, 6)",0,-0.08
474,114,"(71, 5)",1,-0.08
474,115,"(72, 5)",1,-0.08
474,116,"(73, 5)",1,-0.08
474,117,"(74, 5)",1,-0.08
474,118,"(75, 5)",0,-0.08
474,119,"(75, 4)",0,-0.08
474,120,"(75, 3)",1,-0.08
474,121,"(76, 3)",0,-0.08
474,122,"(76, 2)",0,-0.08
474,123,"(76, 1)",1,-0.08
474,124,"(77, 1)",0,-0.08
474,125,"(77, 0)",1,-0.08
474,126,"(78, 0)",1,8.33
475,0,"(0, 39)",1,-0.08
475,1,"(1, 39)",1,-0.08
475,2,"(2, 39)",0,-8.33
475,3,"(2, 39)",1,-0.08
475,4,"(3, 39)",0,-0.08
475,5,"(3, 38)",0,-0.08
475,6,"(3, 37)",1,-8.33
475,7,"(3, 37)",0,-0.08
475,8,"(3, 36)",0,-0.08
475,9,"(3, 35)",3,-0.08
475,10,"(2, 35)",0,-0.08
475,11,"(2, 34)",0,-0.08
475,12,"(2, 33)",0,-0.08
475,13,"(2, 32)",0,-0.08
475,14,"(2, 31)",1,-0.08
475,15,"(3, 31)",0,-8.33
475,16,"(3, 31)",0,-8.33
475,17,"(3, 31)",2,-0.08
475,18,"(3, 32)",2,-0.08
475,19,"(3, 33)",1,-0.08
475,20,"(4, 33)",1,-0.08
475,21,"(5, 33)",0,-0.08
475,22,"(5, 32)",0,-0.08
475,23,"(5, 31)",1,-0.08
475,24,"(6, 31)",1,-0.08
475,25,"(7, 31)",1,-0.08
475,26,"(8, 31)",1,-0.08
475,27,"(9, 31)",0,-0.08
475,28,"(9, 30)",1,-0.08
475,29,"(10, 30)",0,-0.08
475,30,"(10, 29)",0,-0.08
475,31,"(10, 28)",0,-0.08
475,32,"(10, 27)",1,-0.08
475,33,"(11, 27)",1,-0.08
475,34,"(12, 27)",0,-0.08
475,35,"(12, 26)",0,-0.08
475,36,"(12, 25)",1,-0.08
475,37,"(13, 25)",1,-0.08
475,38,"(14, 25)",1,-0.08
475,39,"(15, 25)",1,-0.08
475,40,"(16, 25)",1,-0.08
475,41,"(17, 25)",0,-0.08
475,42,"(17, 24)",0,-0.08
475,43,"(17, 23)",0,-0.08
475,44,"(17, 22)",1,-0.08
475,45,"(18, 22)",1,-0.08
475,46,"(19, 22)",1,-0.08
475,47,"(20, 22)",0,-0.08
475,48,"(20, 21)",1,-0.08
475,49,"(21, 21)",0,-0.08
475,50,"(21, 20)",1,-0.08
475,51,"(22, 20)",0,-0.08
475,52,"(22, 19)",1,-0.08
475,53,"(23, 19)",0,-0.08
475,54,"(23, 18)",0,-0.08
475,55,"(23, 17)",1,-0.08
475,56,"(24, 17)",1,-0.08
475,57,"(25, 17)",1,-0.08
475,58,"(26, 17)",1,-0.08
475,59,"(27, 17)",0,-0.08
475,60,"(27, 16)",0,-0.08
475,61,"(27, 15)",1,-0.08
475,62,"(28, 15)",1,-0.08
475,63,"(29, 15)",1,-0.08
475,64,"(30, 15)",1,-0.08
475,65,"(31, 15)",0,-0.08
475,66,"(31, 14)",1,-0.08
475,67,"(32, 14)",0,-0.08
475,68,"(32, 13)",1,-0.08
475,69,"(33, 13)",1,-0.08
475,70,"(34, 13)",1,-0.08
475,71,"(35, 13)",1,-0.08
475,72,"(36, 13)",1,-0.08
475,73,"(37, 13)",1,-0.08
475,74,"(38, 13)",0,-0.08
475,75,"(38, 12)",1,-0.08
475,76,"(39, 12)",0,-0.08
475,77,"(39, 11)",1,-0.08
475,78,"(40, 11)",1,-0.08
475,79,"(41, 11)",1,-0.08
475,80,"(42, 11)",1,-0.08
475,81,"(43, 11)",1,-0.08
475,82,"(44, 11)",1,-0.08
475,83,"(45, 11)",0,-0.08
475,84,"(45, 10)",1,-0.08
475,85,"(46, 10)",1,-0.08
475,86,"(47, 10)",1,-0.08
475,87,"(48, 10)",1,-0.08
475,88,"(49, 10)",1,-0.08
475,89,"(50, 10)",0,-0.08
475,90,"(50, 9)",0,-0.08
475,91,"(50, 8)",0,-0.08
475,92,"(50, 7)",1,-0.08
475,93,"(51, 7)",1,-0.08
475,94,"(52, 7)",1,-0.08
475,95,"(53, 7)",1,-0.08
475,96,"(54, 7)",1,-0.08
475,97,"(55, 7)",1,-0.08
475,98,"(56, 7)",1,-0.08
475,99,"(57, 7)",1,-0.08
475,100,"(58, 7)",1,-0.08
475,101,"(59, 7)",1,-0.08
475,102,"(60, 7)",1,-0.08
475,103,"(61, 7)",1,-0.08
475,104,"(62, 7)",1,-0.08
475,105,"(63, 7)",1,-0.08
475,106,"(64, 7)",1,-0.08
475,107,"(65, 7)",1,-0.08
475,108,"(66, 7)",1,-0.08
475,109,"(67, 7)",1,-0.08
475,110,"(68, 7)",1,-0.08
475,111,"(69, 7)",0,-0.08
475,112,"(69, 6)",1,-0.08
475,113,"(70, 6)",1,-0.08
475,114,"(71, 6)",1,-0.08
475,115,"(72, 6)",1,-0.08
475,116,"(73, 6)",0,-0.08
475,117,"(73, 5)",1,-0.08
475,118,"(74, 5)",0,-0.08
475,119,"(74, 4)",1,-0.08
475,120,"(75, 4)",0,-0.08
475,121,"(75, 3)",1,-0.08
475,122,"(76, 3)",0,-0.08
475,123,"(76, 2)",1,-0.08
475,124,"(77, 2)",0,-0.08
475,125,"(77, 1)",0,-0.08
475,126,"(77, 0)",1,-0.08
475,127,"(78, 0)",1,8.33
476,0,"(0, 39)",0,-0.08
476,1,"(0, 38)",1,-0.08
476,2,"(1, 38)",0,-0.08
476,3,"(1, 37)",1,-8.33
476,4,"(1, 37)",0,-8.33
476,5,"(1, 37)",3,-0.08
476,6,"(0, 37)",0,-0.08
476,7,"(0, 36)",0,-0.08
476,8,"(0, 35)",1,-0.08
476,9,"(1, 35)",0,-0.08
476,10,"(1, 34)",0,-0.08
476,11,"(1, 33)",1,-0.08
476,12,"(2, 33)",0,-0.08
476,13,"(2, 32)",1,-0.08
476,14,"(3, 32)",0,-0.08
476,15,"(3, 31)",0,-8.33
476,16,"(3, 31)",0,-8.33
476,17,"(3, 31)",3,-0.08
476,18,"(2, 31)",3,-0.08
476,19,"(1, 31)",0,-0.08
476,20,"(1, 30)",0,-0.08
476,21,"(1, 29)",0,-0.08
476,22,"(1, 28)",0,-0.08
476,23,"(1, 27)",0,-0.08
476,24,"(1, 26)",1,-0.08
476,25,"(2, 26)",1,-0.08
476,26,"(3, 26)",0,-0.08
476,27,"(3, 25)",1,-0.08
476,28,"(4, 25)",1,-0.08
476,29,"(5, 25)",1,-0.08
476,30,"(6, 25)",1,-0.08
476,31,"(7, 25)",1,-0.08
476,32,"(8, 25)",1,-0.08
476,33,"(9, 25)",0,-0.08
476,34,"(9, 24)",1,-0.08
476,35,"(10, 24)",1,-0.08
476,36,"(11, 24)",1,-0.08
476,37,"(12, 24)",1,-0.08
476,38,"(13, 24)",0,-0.08
476,39,"(13, 23)",1,-0.08
476,40,"(14, 23)",1,-0.08
476,41,"(15, 23)",1,-0.08
476,42,"(16, 23)",0,-0.08
476,43,"(16, 22)",1,-0.08
476,44,"(17, 22)",1,-0.08
476,45,"(18, 22)",1,-0.08
476,46,"(19, 22)",0,-0.08
476,47,"(19, 21)",0,-0.08
476,48,"(19, 20)",0,-0.08
476,49,"(19, 19)",1,-0.08
476,50,"(20, 19)",1,-0.08
476,51,"(21, 19)",1,-0.08
476,52,"(22, 19)",1,-0.08
476,53,"(23, 19)",0,-0.08
476,54,"(23, 18)",0,-0.08
476,55,"(23, 17)",0,-0.08
476,56,"(23, 16)",0,-0.08
476,57,"(23, 15)",1,-0.08
476,58,"(24, 15)",1,-0.08
476,59,"(25, 15)",1,-0.08
476,60,"(26, 15)",1,-0.08
476,61,"(27, 15)",1,-0.08
476,62,"(28, 15)",1,-0.08
476,63,"(29, 15)",0,-0.08
476,64,"(29, 14)",0,-0.08
476,65,"(29, 13)",1,-0.08
476,66,"(30, 13)",1,-0.08
476,67,"(31, 13)",1,-0.08
476,68,"(32, 13)",1,-0.08
476,69,"(33, 13)",1,-0.08
476,70,"(34, 13)",1,-0.08
476,71,"(35, 13)",0,-0.08
476,72,"(35, 12)",1,-0.08
476,73,"(36, 12)",1,-0.08
476,74,"(37, 12)",1,-0.08
476,75,"(38, 12)",1,-0.08
476,76,"(39, 12)",0,-0.08
476,77,"(39, 11)",1,-0.08
476,78,"(40, 11)",1,-0.08
476,79,"(41, 11)",1,-0.08
476,80,"(42, 11)",1,-0.08
476,81,"(43, 11)",1,-0.08
476,82,"(44, 11)",1,-0.08
476,83,"(45, 11)",0,-0.08
476,84,"(45, 10)",0,-0.08
476,85,"(45, 9)",1,-0.08
476,86,"(46, 9)",0,-0.08
476,87,"(46, 8)",0,-0.08
476,88,"(46, 7)",1,-0.08
476,89,"(47, 7)",1,-0.08
476,90,"(48, 7)",1,-0.08
476,91,"(49, 7)",1,-0.08
476,92,"(50, 7)",1,-0.08
476,93,"(51, 7)",1,-0.08
476,94,"(52, 7)",1,-0.08
476,95,"(53, 7)",1,-0.08
476,96,"(54, 7)",1,-0.08
476,97,"(55, 7)",1,-0.08
476,98,"(56, 7)",1,-0.08
476,99,"(57, 7)",1,-0.08
476,100,"(58, 7)",1,-0.08
476,101,"(59, 7)",1,-0.08
476,102,"(60, 7)",1,-0.08
476,103,"(61, 7)",1,-0.08
476,104,"(62, 7)",1,-0.08
476,105,"(63, 7)",1,-0.08
476,106,"(64, 7)",1,-0.08
476,107,"(65, 7)",1,-0.08
476,108,"(66, 7)",1,-0.08
476,109,"(67, 7)",1,-0.08
476,110,"(68, 7)",1,-0.08
476,111,"(69, 7)",1,-0.08
476,112,"(70, 7)",0,-0.08
476,113,"(70, 6)",1,-0.08
476,114,"(71, 6)",1,-0.08
476,115,"(72, 6)",1,-0.08
476,116,"(73, 6)",0,-0.08
476,117,"(73, 5)",1,-0.08
476,118,"(74, 5)",0,-0.08
476,119,"(74, 4)",1,-0.08
476,120,"(75, 4)",0,-0.08
476,121,"(75, 3)",1,-0.08
476,122,"(76, 3)",1,-0.08
476,123,"(77, 3)",0,-0.08
476,124,"(77, 2)",0,-0.08
476,125,"(77, 1)",0,-0.08
476,126,"(77, 0)",1,-0.08
476,127,"(78, 0)",1,8.33
477,0,"(0, 39)",0,-0.08
477,1,"(0, 38)",1,-0.08
477,2,"(1, 38)",1,-8.33
477,3,"(1, 38)",0,-0.08
477,4,"(1, 37)",0,-8.33
477,5,"(1, 37)",3,-0.08
477,6,"(0, 37)",0,-0.08
477,7,"(0, 36)",0,-0.08
477,8,"(0, 35)",1,-0.08
477,9,"(1, 35)",0,-0.08
477,10,"(1, 34)",1,-0.08
477,11,"(2, 34)",0,-0.08
477,12,"(2, 33)",1,-0.08
477,13,"(3, 33)",1,-0.08
477,14,"(4, 33)",1,-0.08
477,15,"(5, 33)",1,-0.08
477,16,"(6, 33)",1,-0.08
477,17,"(7, 33)",0,-0.08
477,18,"(7, 32)",1,-0.08
477,19,"(8, 32)",0,-0.08
477,20,"(8, 31)",0,-0.08
477,21,"(8, 30)",1,-0.08
477,22,"(9, 30)",1,-0.08
477,23,"(10, 30)",0,-0.08
477,24,"(10, 29)",0,-0.08
477,25,"(10, 28)",0,-0.08
477,26,"(10, 27)",0,-8.33
477,27,"(10, 27)",1,-0.08
477,28,"(11, 27)",1,-0.08
477,29,"(12, 27)",0,-0.08
477,30,"(12, 26)",0,-0.08
477,31,"(12, 25)",0,-0.08
477,32,"(12, 24)",1,-0.08
477,33,"(13, 24)",0,-0.08
477,34,"(13, 23)",1,-0.08
477,35,"(14, 23)",1,-0.08
477,36,"(15, 23)",1,-0.08
477,37,"(16, 23)",0,-0.08
477,38,"(16, 22)",1,-0.08
477,39,"(17, 22)",1,-0.08
477,40,"(18, 22)",1,-0.08
477,41,"(19, 22)",1,-0.08
477,42,"(20, 22)",1,-0.08
477,43,"(21, 22)",0,-0.08
477,44,"(21, 21)",1,-0.08
477,45,"(22, 21)",1,-0.08
477,46,"(23, 21)",0,-0.08
477,47,"(23, 20)",0,-0.08
477,48,"(23, 19)",0,-0.08
477,49,"(23, 18)",0,-0.08
477,50,"(23, 17)",1,-0.08
477,51,"(24, 17)",1,-0.08
477,52,"(25, 17)",1,-0.08
477,53,"(26, 17)",1,-0.08
477,54,"(27, 17)",0,-0.08
477,55,"(27, 16)",0,-0.08
477,56,"(27, 15)",1,-0.08
477,57,"(28, 15)",1,-0.08
477,58,"(29, 15)",0,-0.08
477,59,"(29, 14)",0,-0.08
477,60,"(29, 13)",1,-0.08
477,61,"(30, 13)",1,-0.08
477,62,"(31, 13)",1,-0.08
477,63,"(32, 13)",1,-0.08
477,64,"(33, 13)",1,-0.08
477,65,"(34, 13)",1,-0.08
477,66,"(35, 13)",1,-0.08
477,67,"(36, 13)",0,-0.08
477,68,"(36, 12)",1,-0.08
477,69,"(37, 12)",1,-0.08
477,70,"(38, 12)",1,-0.08
477,71,"(39, 12)",0,-0.08
477,72,"(39, 11)",1,-0.08
477,73,"(40, 11)",1,-0.08
477,74,"(41, 11)",1,-0.08
477,75,"(42, 11)",1,-0.08
477,76,"(43, 11)",1,-0.08
477,77,"(44, 11)",1,-0.08
477,78,"(45, 11)",0,-0.08
477,79,"(45, 10)",1,-0.08
477,80,"(46, 10)",0,-0.08
477,81,"(46, 9)",0,-0.08
477,82,"(46, 8)",0,-0.08
477,83,"(46, 7)",1,-0.08
477,84,"(47, 7)",1,-0.08
477,85,"(48, 7)",1,-0.08
477,86,"(49, 7)",1,-0.08
477,87,"(50, 7)",1,-0.08
477,88,"(51, 7)",1,-0.08
477,89,"(52, 7)",1,-0.08
477,90,"(53, 7)",1,-0.08
477,91,"(54, 7)",1,-0.08
477,92,"(55, 7)",1,-0.08
477,93,"(56, 7)",1,-0.08
477,94,"(57, 7)",1,-0.08
477,95,"(58, 7)",1,-0.08
477,96,"(59, 7)",1,-0.08
477,97,"(60, 7)",1,-0.08
477,98,"(61, 7)",1,-0.08
477,99,"(62, 7)",1,-0.08
477,100,"(63, 7)",1,-0.08
477,101,"(64, 7)",1,-0.08
477,102,"(65, 7)",1,-0.08
477,103,"(66, 7)",1,-0.08
477,104,"(67, 7)",1,-0.08
477,105,"(68, 7)",1,-0.08
477,106,"(69, 7)",0,-0.08
477,107,"(69, 6)",1,-0.08
477,108,"(70, 6)",1,-0.08
477,109,"(71, 6)",1,-0.08
477,110,"(72, 6)",0,-0.08
477,111,"(72, 5)",1,-0.08
477,112,"(73, 5)",1,-0.08
477,113,"(74, 5)",1,-0.08
477,114,"(75, 5)",0,-0.08
477,115,"(75, 4)",0,-0.08
477,116,"(75, 3)",1,-0.08
477,117,"(76, 3)",0,-0.08
477,118,"(76, 2)",1,-0.08
477,119,"(77, 2)",0,-0.08
477,120,"(77, 1)",1,-0.08
477,121,"(78, 1)",0,-0.08
477,122,"(78, 0)",1,8.33
478,0,"(0, 39)",1,-0.08
478,1,"(1, 39)",1,-0.08
478,2,"(2, 39)",1,-0.08
478,3,"(3, 39)",0,-0.08
478,4,"(3, 38)",1,-8.33
478,5,"(3, 38)",0,-0.08
478,6,"(3, 37)",0,-0.08
478,7,"(3, 36)",1,-8.33
478,8,"(3, 36)",2,-0.08
478,9,"(3, 37)",1,-8.33
478,10,"(3, 37)",0,-0.08
478,11,"(3, 36)",0,-0.08
478,12,"(3, 35)",3,-0.08
478,13,"(2, 35)",0,-0.08
478,14,"(2, 34)",0,-0.08
478,15,"(2, 33)",1,-0.08
478,16,"(3, 33)",0,-0.08
478,17,"(3, 32)",0,-0.08
478,18,"(3, 31)",0,-8.33
478,19,"(3, 31)",2,-0.08
478,20,"(3, 32)",2,-0.08
478,21,"(3, 33)",1,-0.08
478,22,"(4, 33)",1,-0.08
478,23,"(5, 33)",1,-0.08
478,24,"(6, 33)",1,-0.08
478,25,"(7, 33)",1,-0.08
478,26,"(8, 33)",1,-0.08
478,27,"(9, 33)",0,-0.08
478,28,"(9, 32)",0,-0.08
478,29,"(9, 31)",0,-0.08
478,30,"(9, 30)",0,-0.08
478,31,"(9, 29)",1,-0.08
478,32,"(10, 29)",0,-0.08
478,33,"(10, 28)",0,-0.08
478,34,"(10, 27)",1,-0.08
478,35,"(11, 27)",1,-0.08
478,36,"(12, 27)",0,-0.08
478,37,"(12, 26)",1,-0.08
478,38,"(13, 26)",0,-0.08
478,39,"(13, 25)",1,-0.08
478,40,"(14, 25)",1,-0.08
478,41,"(15, 25)",1,-0.08
478,42,"(16, 25)",1,-0.08
478,43,"(17, 25)",0,-0.08
478,44,"(17, 24)",0,-0.08
478,45,"(17, 23)",1,-0.08
478,46,"(18, 23)",1,-0.08
478,47,"(19, 23)",1,-0.08
478,48,"(20, 23)",0,-0.08
478,49,"(20, 22)",1,-0.08
478,50,"(21, 22)",0,-0.08
478,51,"(21, 21)",1,-0.08
478,52,"(22, 21)",1,-0.08
478,53,"(23, 21)",1,-0.08
478,54,"(24, 21)",0,-0.08
478,55,"(24, 20)",1,-0.08
478,56,"(25, 20)",0,-0.08
478,57,"(25, 19)",0,-0.08
478,58,"(25, 18)",1,-0.08
478,59,"(26, 18)",0,-0.08
478,60,"(26, 17)",1,-0.08
478,61,"(27, 17)",0,-0.08
478,62,"(27, 16)",0,-0.08
478,63,"(27, 15)",0,-0.08
478,64,"(27, 14)",0,-0.08
478,65,"(27, 13)",1,-0.08
478,66,"(28, 13)",1,-0.08
478,67,"(29, 13)",1,-0.08
478,68,"(30, 13)",1,-0.08
478,69,"(31, 13)",1,-0.08
478,70,"(32, 13)",1,-0.08
478,71,"(33, 13)",1,-0.08
478,72,"(34, 13)",1,-0.08
478,73,"(35, 13)",0,-0.08
478,74,"(35, 12)",1,-0.08
478,75,"(36, 12)",1,-0.08
478,76,"(37, 12)",1,-0.08
478,77,"(38, 12)",1,-0.08
478,78,"(39, 12)",0,-0.08
478,79,"(39, 11)",1,-0.08
478,80,"(40, 11)",1,-0.08
478,81,"(41, 11)",1,-0.08
478,82,"(42, 11)",1,-0.08
478,83,"(43, 11)",1,-0.08
478,84,"(44, 11)",1,-0.08
478,85,"(45, 11)",0,-0.08
478,86,"(45, 10)",1,-0.08
478,87,"(46, 10)",0,-0.08
478,88,"(46, 9)",0,-0.08
478,89,"(46, 8)",0,-0.08
478,90,"(46, 7)",1,-0.08
478,91,"(47, 7)",1,-0.08
478,92,"(48, 7)",1,-0.08
478,93,"(49, 7)",1,-0.08
478,94,"(50, 7)",1,-0.08
478,95,"(51, 7)",1,-0.08
478,96,"(52, 7)",1,-0.08
478,97,"(53, 7)",1,-0.08
478,98,"(54, 7)",1,-0.08
478,99,"(55, 7)",1,-0.08
478,100,"(56, 7)",1,-0.08
478,101,"(57, 7)",1,-0.08
478,102,"(58, 7)",1,-0.08
478,103,"(59, 7)",1,-0.08
478,104,"(60, 7)",1,-0.08
478,105,"(61, 7)",1,-0.08
478,106,"(62, 7)",1,-0.08
478,107,"(63, 7)",1,-0.08
478,108,"(64, 7)",1,-0.08
478,109,"(65, 7)",1,-0.08
478,110,"(66, 7)",1,-0.08
478,111,"(67, 7)",1,-0.08
478,112,"(68, 7)",1,-0.08
478,113,"(69, 7)",0,-0.08
478,114,"(69, 6)",1,-0.08
478,115,"(70, 6)",1,-0.08
478,116,"(71, 6)",0,-0.08
478,117,"(71, 5)",1,-0.08
478,118,"(72, 5)",1,-0.08
478,119,"(73, 5)",1,-0.08
478,120,"(74, 5)",1,-0.08
478,121,"(75, 5)",1,-0.08
478,122,"(76, 5)",1,-0.08
478,123,"(77, 5)",0,-0.08
478,124,"(77, 4)",0,-0.08
478,125,"(77, 3)",0,-0.08
478,126,"(77, 2)",0,-0.08
478,127,"(77, 1)",0,-0.08
478,128,"(77, 0)",1,-0.08
478,129,"(78, 0)",1,8.33
479,0,"(0, 39)",1,-0.08
479,1,"(1, 39)",1,-0.08
479,2,"(2, 39)",1,-0.08
479,3,"(3, 39)",1,-0.08
479,4,"(4, 39)",1,-0.08
479,5,"(5, 39)",0,-8.33
479,6,"(5, 39)",1,-0.08
479,7,"(6, 39)",1,-0.08
479,8,"(7, 39)",0,-0.08
479,9,"(7, 38)",0,-0.08
479,10,"(7, 37)",0,-0.08
479,11,"(7, 36)",0,-0.08
479,12,"(7, 35)",0,-0.08
479,13,"(7, 34)",0,-0.08
479,14,"(7, 33)",1,-0.08
479,15,"(8, 33)",0,-0.08
479,16,"(8, 32)",0,-0.08
479,17,"(8, 31)",1,-0.08
479,18,"(9, 31)",0,-0.08
479,19,"(9, 30)",1,-0.08
479,20,"(10, 30)",0,-0.08
479,21,"(10, 29)",0,-0.08
479,22,"(10, 28)",0,-0.08
479,23,"(10, 27)",1,-0.08
479,24,"(11, 27)",1,-0.08
479,25,"(12, 27)",1,-0.08
479,26,"(13, 27)",0,-0.08
479,27,"(13, 26)",0,-0.08
479,28,"(13, 25)",0,-0.08
479,29,"(13, 24)",1,-0.08
479,30,"(14, 24)",0,-0.08
479,31,"(14, 23)",1,-0.08
479,32,"(15, 23)",1,-0.08
479,33,"(16, 23)",0,-0.08
479,34,"(16, 22)",1,-0.08
479,35,"(17, 22)",1,-0.08
479,36,"(18, 22)",1,-0.08
479,37,"(19, 22)",1,-0.08
479,38,"(20, 22)",1,-0.08
479,39,"(21, 22)",0,-0.08
479,40,"(21, 21)",0,-0.08
479,41,"(21, 20)",1,-0.08
479,42,"(22, 20)",0,-0.08
479,43,"(22, 19)",1,-0.08
479,44,"(23, 19)",0,-0.08
479,45,"(23, 18)",0,-0.08
479,46,"(23, 17)",1,-0.08
479,47,"(24, 17)",1,-0.08
479,48,"(25, 17)",1,-0.08
479,49,"(26, 17)",1,-0.08
479,50,"(27, 17)",0,-0.08
479,51,"(27, 16)",0,-0.08
479,52,"(27, 15)",1,-0.08
479,53,"(28, 15)",1,-0.08
479,54,"(29, 15)",0,-0.08
479,55,"(29, 14)",0,-0.08
479,56,"(29, 13)",1,-0.08
479,57,"(30, 13)",1,-0.08
479,58,"(31, 13)",1,-0.08
479,59,"(32, 13)",1,-0.08
479,60,"(33, 13)",1,-0.08
479,61,"(34, 13)",1,-0.08
479,62,"(35, 13)",0,-0.08
479,63,"(35, 12)",1,-0.08
479,64,"(36, 12)",1,-0.08
479,65,"(37, 12)",1,-0.08
479,66,"(38, 12)",1,-0.08
479,67,"(39, 12)",0,-0.08
479,68,"(39, 11)",1,-0.08
479,69,"(40, 11)",1,-0.08
479,70,"(41, 11)",1,-0.08
479,71,"(42, 11)",1,-0.08
479,72,"(43, 11)",1,-0.08
479,73,"(44, 11)",1,-0.08
479,74,"(45, 11)",0,-0.08
479,75,"(45, 10)",1,-0.08
479,76,"(46, 10)",0,-0.08
479,77,"(46, 9)",0,-0.08
479,78,"(46, 8)",0,-0.08
479,79,"(46, 7)",1,-0.08
479,80,"(47, 7)",1,-0.08
479,81,"(48, 7)",1,-0.08
479,82,"(49, 7)",1,-0.08
479,83,"(50, 7)",1,-0.08
479,84,"(51, 7)",1,-0.08
479,85,"(52, 7)",1,-0.08
479,86,"(53, 7)",1,-0.08
479,87,"(54, 7)",1,-0.08
479,88,"(55, 7)",1,-0.08
479,89,"(56, 7)",1,-0.08
479,90,"(57, 7)",1,-0.08
479,91,"(58, 7)",1,-0.08
479,92,"(59, 7)",1,-0.08
479,93,"(60, 7)",1,-0.08
479,94,"(61, 7)",1,-0.08
479,95,"(62, 7)",1,-0.08
479,96,"(63, 7)",1,-0.08
479,97,"(64, 7)",1,-0.08
479,98,"(65, 7)",1,-0.08
479,99,"(66, 7)",1,-0.08
479,100,"(67, 7)",1,-0.08
479,101,"(68, 7)",1,-0.08
479,102,"(69, 7)",0,-0.08
479,103,"(69, 6)",1,-0.08
479,104,"(70, 6)",1,-0.08
479,105,"(71, 6)",1,-0.08
479,106,"(72, 6)",1,-0.08
479,107,"(73, 6)",1,-0.08
479,108,"(74, 6)",0,-0.08
479,109,"(74, 5)",0,-0.08
479,110,"(74, 4)",0,-0.08
479,111,"(74, 3)",1,-0.08
479,112,"(75, 3)",1,-0.08
479,113,"(76, 3)",1,-0.08
479,114,"(77, 3)",0,-0.08
479,115,"(77, 2)",0,-0.08
479,116,"(77, 1)",0,-0.08
479,117,"(77, 0)",1,-0.08
479,118,"(78, 0)",1,8.33
480,0,"(0, 39)",0,-0.08
480,1,"(0, 38)",0,-0.08
480,2,"(0, 37)",1,-0.08
480,3,"(1, 37)",0,-8.33
480,4,"(1, 37)",3,-0.08
480,5,"(0, 37)",0,-0.08
480,6,"(0, 36)",0,-0.08
480,7,"(0, 35)",1,-0.08
480,8,"(1, 35)",0,-0.08
480,9,"(1, 34)",0,-0.08
480,10,"(1, 33)",1,-0.08
480,11,"(2, 33)",0,-0.08
480,12,"(2, 32)",1,-0.08
480,13,"(3, 32)",0,-0.08
480,14,"(3, 31)",0,-8.33
480,15,"(3, 31)",0,-8.33
480,16,"(3, 31)",2,-0.08
480,17,"(3, 32)",2,-0.08
480,18,"(3, 33)",1,-0.08
480,19,"(4, 33)",1,-0.08
480,20,"(5, 33)",1,-0.08
480,21,"(6, 33)",1,-0.08
480,22,"(7, 33)",1,-0.08
480,23,"(8, 33)",1,-0.08
480,24,"(9, 33)",0,-0.08
480,25,"(9, 32)",0,-0.08
480,26,"(9, 31)",0,-0.08
480,27,"(9, 30)",1,-0.08
480,28,"(10, 30)",0,-0.08
480,29,"(10, 29)",0,-0.08
480,30,"(10, 28)",0,-0.08
480,31,"(10, 27)",1,-0.08
480,32,"(11, 27)",1,-0.08
480,33,"(12, 27)",1,-0.08
480,34,"(13, 27)",1,-0.08
480,35,"(14, 27)",1,-0.08
480,36,"(15, 27)",0,-0.08
480,37,"(15, 26)",0,-0.08
480,38,"(15, 25)",1,-0.08
480,39,"(16, 25)",1,-0.08
480,40,"(17, 25)",0,-0.08
480,41,"(17, 24)",0,-0.08
480,42,"(17, 23)",0,-0.08
480,43,"(17, 22)",1,-0.08
480,44,"(18, 22)",1,-0.08
480,45,"(19, 22)",1,-0.08
480,46,"(20, 22)",1,-0.08
480,47,"(21, 22)",0,-0.08
480,48,"(21, 21)",0,-0.08
480,49,"(21, 20)",0,-0.08
480,50,"(21, 19)",1,-0.08
480,51,"(22, 19)",1,-0.08
480,52,"(23, 19)",0,-0.08
480,53,"(23, 18)",0,-0.08
480,54,"(23, 17)",0,-0.08
480,55,"(23, 16)",0,-0.08
480,56,"(23, 15)",1,-0.08
480,57,"(24, 15)",1,-0.08
480,58,"(25, 15)",1,-0.08
480,59,"(26, 15)",1,-0.08
480,60,"(27, 15)",1,-0.08
480,61,"(28, 15)",1,-0.08
480,62,"(29, 15)",1,-0.08
480,63,"(30, 15)",1,-0.08
480,64,"(31, 15)",0,-0.08
480,65,"(31, 14)",1,-0.08
480,66,"(32, 14)",0,-0.08
480,67,"(32, 13)",1,-0.08
480,68,"(33, 13)",1,-0.08
480,69,"(34, 13)",1,-0.08
480,70,"(35, 13)",1,-0.08
480,71,"(36, 13)",1,-0.08
480,72,"(37, 13)",0,-0.08
480,73,"(37, 12)",1,-0.08
480,74,"(38, 12)",1,-0.08
480,75,"(39, 12)",0,-0.08
480,76,"(39, 11)",1,-0.08
480,77,"(40, 11)",1,-0.08
480,78,"(41, 11)",1,-0.08
480,79,"(42, 11)",1,-0.08
480,80,"(43, 11)",1,-0.08
480,81,"(44, 11)",1,-0.08
480,82,"(45, 11)",0,-0.08
480,83,"(45, 10)",1,-0.08
480,84,"(46, 10)",1,-0.08
480,85,"(47, 10)",1,-0.08
480,86,"(48, 10)",1,-0.08
480,87,"(49, 10)",0,-0.08
480,88,"(49, 9)",1,-0.08
480,89,"(50, 9)",0,-0.08
480,90,"(50, 8)",0,-0.08
480,91,"(50, 7)",1,-0.08
480,92,"(51, 7)",1,-0.08
480,93,"(52, 7)",1,-0.08
480,94,"(53, 7)",1,-0.08
480,95,"(54, 7)",1,-0.08
480,96,"(55, 7)",1,-0.08
480,97,"(56, 7)",1,-0.08
480,98,"(57, 7)",1,-0.08
480,99,"(58, 7)",1,-0.08
480,100,"(59, 7)",1,-0.08
480,101,"(60, 7)",1,-0.08
480,102,"(61, 7)",1,-0.08
480,103,"(62, 7)",1,-0.08
480,104,"(63, 7)",1,-0.08
480,105,"(64, 7)",1,-0.08
480,106,"(65, 7)",1,-0.08
480,107,"(66, 7)",1,-0.08
480,108,"(67, 7)",1,-0.08
480,109,"(68, 7)",1,-0.08
480,110,"(69, 7)",0,-0.08
480,111,"(69, 6)",1,-0.08
480,112,"(70, 6)",1,-0.08
480,113,"(71, 6)",0,-0.08
480,114,"(71, 5)",1,-0.08
480,115,"(72, 5)",1,-0.08
480,116,"(73, 5)",1,-0.08
480,117,"(74, 5)",0,-0.08
480,118,"(74, 4)",0,-0.08
480,119,"(74, 3)",1,-0.08
480,120,"(75, 3)",1,-0.08
480,121,"(76, 3)",1,-0.08
480,122,"(77, 3)",0,-0.08
480,123,"(77, 2)",0,-0.08
480,124,"(77, 1)",0,-0.08
480,125,"(77, 0)",1,-0.08
480,126,"(78, 0)",1,8.33
481,0,"(0, 39)",1,-0.08
481,1,"(1, 39)",0,-0.08
481,2,"(1, 38)",1,-8.33
481,3,"(1, 38)",0,-0.08
481,4,"(1, 37)",0,-8.33
481,5,"(1, 37)",3,-0.08
481,6,"(0, 37)",0,-0.08
481,7,"(0, 36)",0,-0.08
481,8,"(0, 35)",0,-0.08
481,9,"(0, 34)",0,-0.08
481,10,"(0, 33)",1,-0.08
481,11,"(1, 33)",1,-0.08
481,12,"(2, 33)",1,-0.08
481,13,"(3, 33)",0,-0.08
481,14,"(3, 32)",0,-0.08
481,15,"(3, 31)",0,-8.33
481,16,"(3, 31)",2,-0.08
481,17,"(3, 32)",2,-0.08
481,18,"(3, 33)",1,-0.08
481,19,"(4, 33)",1,-0.08
481,20,"(5, 33)",0,-0.08
481,21,"(5, 32)",0,-0.08
481,22,"(5, 31)",1,-0.08
481,23,"(6, 31)",1,-0.08
481,24,"(7, 31)",1,-0.08
481,25,"(8, 31)",1,-0.08
481,26,"(9, 31)",0,-0.08
481,27,"(9, 30)",0,-0.08
481,28,"(9, 29)",1,-0.08
481,29,"(10, 29)",0,-0.08
481,30,"(10, 28)",0,-0.08
481,31,"(10, 27)",1,-0.08
481,32,"(11, 27)",1,-0.08
481,33,"(12, 27)",1,-0.08
481,34,"(13, 27)",1,-0.08
481,35,"(14, 27)",1,-0.08
481,36,"(15, 27)",0,-0.08
481,37,"(15, 26)",0,-0.08
481,38,"(15, 25)",1,-0.08
481,39,"(16, 25)",1,-0.08
481,40,"(17, 25)",0,-0.08
481,41,"(17, 24)",0,-0.08
481,42,"(17, 23)",1,-0.08
481,43,"(18, 23)",0,-0.08
481,44,"(18, 22)",1,-0.08
481,45,"(19, 22)",1,-0.08
481,46,"(20, 22)",1,-0.08
481,47,"(21, 22)",0,-0.08
481,48,"(21, 21)",0,-0.08
481,49,"(21, 20)",0,-0.08
481,50,"(21, 19)",1,-0.08
481,51,"(22, 19)",1,-0.08
481,52,"(23, 19)",0,-0.08
481,53,"(23, 18)",0,-0.08
481,54,"(23, 17)",0,-0.08
481,55,"(23, 16)",0,-0.08
481,56,"(23, 15)",1,-0.08
481,57,"(24, 15)",1,-0.08
481,58,"(25, 15)",1,-0.08
481,59,"(26, 15)",1,-0.08
481,60,"(27, 15)",1,-0.08
481,61,"(28, 15)",1,-0.08
481,62,"(29, 15)",0,-0.08
481,63,"(29, 14)",0,-0.08
481,64,"(29, 13)",1,-0.08
481,65,"(30, 13)",1,-0.08
481,66,"(31, 13)",1,-0.08
481,67,"(32, 13)",1,-0.08
481,68,"(33, 13)",1,-0.08
481,69,"(34, 13)",1,-0.08
481,70,"(35, 13)",1,-0.08
481,71,"(36, 13)",0,-0.08
481,72,"(36, 12)",1,-0.08
481,73,"(37, 12)",1,-0.08
481,74,"(38, 12)",1,-0.08
481,75,"(39, 12)",0,-0.08
481,76,"(39, 11)",1,-0.08
481,77,"(40, 11)",1,-0.08
481,78,"(41, 11)",1,-0.08
481,79,"(42, 11)",1,-0.08
481,80,"(43, 11)",1,-0.08
481,81,"(44, 11)",1,-0.08
481,82,"(45, 11)",0,-0.08
481,83,"(45, 10)",0,-0.08
481,84,"(45, 9)",1,-0.08
481,85,"(46, 9)",0,-0.08
481,86,"(46, 8)",0,-0.08
481,87,"(46, 7)",1,-0.08
481,88,"(47, 7)",1,-0.08
481,89,"(48, 7)",1,-0.08
481,90,"(49, 7)",1,-0.08
481,91,"(50, 7)",1,-0.08
481,92,"(51, 7)",1,-0.08
481,93,"(52, 7)",1,-0.08
481,94,"(53, 7)",1,-0.08
481,95,"(54, 7)",1,-0.08
481,96,"(55, 7)",1,-0.08
481,97,"(56, 7)",1,-0.08
481,98,"(57, 7)",1,-0.08
481,99,"(58, 7)",1,-0.08
481,100,"(59, 7)",1,-0.08
481,101,"(60, 7)",1,-0.08
481,102,"(61, 7)",1,-0.08
481,103,"(62, 7)",1,-0.08
481,104,"(63, 7)",1,-0.08
481,105,"(64, 7)",1,-0.08
481,106,"(65, 7)",1,-0.08
481,107,"(66, 7)",1,-0.08
481,108,"(67, 7)",1,-0.08
481,109,"(68, 7)",1,-0.08
481,110,"(69, 7)",0,-0.08
481,111,"(69, 6)",1,-0.08
481,112,"(70, 6)",1,-0.08
481,113,"(71, 6)",1,-0.08
481,114,"(72, 6)",1,-0.08
481,115,"(73, 6)",1,-0.08
481,116,"(74, 6)",0,-0.08
481,117,"(74, 5)",1,-0.08
481,118,"(75, 5)",1,-0.08
481,119,"(76, 5)",1,-0.08
481,120,"(77, 5)",0,-0.08
481,121,"(77, 4)",0,-0.08
481,122,"(77, 3)",0,-0.08
481,123,"(77, 2)",0,-0.08
481,124,"(77, 1)",0,-0.08
481,125,"(77, 0)",1,-0.08
481,126,"(78, 0)",1,8.33
482,0,"(0, 39)",0,-0.08
482,1,"(0, 38)",1,-0.08
482,2,"(1, 38)",0,-0.08
482,3,"(1, 37)",1,-8.33
482,4,"(1, 37)",0,-8.33
482,5,"(1, 37)",3,-0.08
482,6,"(0, 37)",0,-0.08
482,7,"(0, 36)",0,-0.08
482,8,"(0, 35)",0,-0.08
482,9,"(0, 34)",1,-0.08
482,10,"(1, 34)",0,-0.08
482,11,"(1, 33)",1,-0.08
482,12,"(2, 33)",0,-0.08
482,13,"(2, 32)",1,-0.08
482,14,"(3, 32)",0,-0.08
482,15,"(3, 31)",0,-8.33
482,16,"(3, 31)",0,-8.33
482,17,"(3, 31)",2,-0.08
482,18,"(3, 32)",2,-0.08
482,19,"(3, 33)",1,-0.08
482,20,"(4, 33)",1,-0.08
482,21,"(5, 33)",1,-0.08
482,22,"(6, 33)",1,-0.08
482,23,"(7, 33)",0,-0.08
482,24,"(7, 32)",0,-0.08
482,25,"(7, 31)",1,-0.08
482,26,"(8, 31)",1,-0.08
482,27,"(9, 31)",0,-0.08
482,28,"(9, 30)",1,-0.08
482,29,"(10, 30)",0,-0.08
482,30,"(10, 29)",0,-0.08
482,31,"(10, 28)",0,-0.08
482,32,"(10, 27)",1,-0.08
482,33,"(11, 27)",1,-0.08
482,34,"(12, 27)",1,-0.08
482,35,"(13, 27)",1,-0.08
482,36,"(14, 27)",1,-0.08
482,37,"(15, 27)",1,-0.08
482,38,"(16, 27)",0,-0.08
482,39,"(16, 26)",1,-0.08
482,40,"(17, 26)",0,-0.08
482,41,"(17, 25)",0,-0.08
482,42,"(17, 24)",0,-0.08
482,43,"(17, 23)",0,-0.08
482,44,"(17, 22)",1,-0.08
482,45,"(18, 22)",1,-0.08
482,46,"(19, 22)",0,-0.08
482,47,"(19, 21)",1,-0.08
482,48,"(20, 21)",0,-0.08
482,49,"(20, 20)",1,-0.08
482,50,"(21, 20)",1,-0.08
482,51,"(22, 20)",0,-0.08
482,52,"(22, 19)",1,-0.08
482,53,"(23, 19)",0,-0.08
482,54,"(23, 18)",0,-0.08
482,55,"(23, 17)",0,-0.08
482,56,"(23, 16)",0,-0.08
482,57,"(23, 15)",1,-0.08
482,58,"(24, 15)",1,-0.08
482,59,"(25, 15)",1,-0.08
482,60,"(26, 15)",1,-0.08
482,61,"(27, 15)",1,-0.08
482,62,"(28, 15)",1,-0.08
482,63,"(29, 15)",1,-0.08
482,64,"(30, 15)",1,-0.08
482,65,"(31, 15)",0,-0.08
482,66,"(31, 14)",0,-0.08
482,67,"(31, 13)",1,-0.08
482,68,"(32, 13)",1,-0.08
482,69,"(33, 13)",1,-0.08
482,70,"(34, 13)",1,-0.08
482,71,"(35, 13)",1,-0.08
482,72,"(36, 13)",1,-0.08
482,73,"(37, 13)",1,-0.08
482,74,"(38, 13)",0,-0.08
482,75,"(38, 12)",1,-0.08
482,76,"(39, 12)",0,-0.08
482,77,"(39, 11)",1,-0.08
482,78,"(40, 11)",1,-0.08
482,79,"(41, 11)",1,-0.08
482,80,"(42, 11)",1,-0.08
482,81,"(43, 11)",1,-0.08
482,82,"(44, 11)",1,-0.08
482,83,"(45, 11)",0,-0.08
482,84,"(45, 10)",1,-0.08
482,85,"(46, 10)",0,-0.08
482,86,"(46, 9)",0,-0.08
482,87,"(46, 8)",0,-0.08
482,88,"(46, 7)",1,-0.08
482,89,"(47, 7)",1,-0.08
482,90,"(48, 7)",1,-0.08
482,91,"(49, 7)",1,-0.08
482,92,"(50, 7)",1,-0.08
482,93,"(51, 7)",1,-0.08
482,94,"(52, 7)",1,-0.08
482,95,"(53, 7)",1,-0.08
482,96,"(54, 7)",1,-0.08
482,97,"(55, 7)",1,-0.08
482,98,"(56, 7)",1,-0.08
482,99,"(57, 7)",1,-0.08
482,100,"(58, 7)",1,-0.08
482,101,"(59, 7)",1,-0.08
482,102,"(60, 7)",1,-0.08
482,103,"(61, 7)",1,-0.08
482,104,"(62, 7)",1,-0.08
482,105,"(63, 7)",1,-0.08
482,106,"(64, 7)",1,-0.08
482,107,"(65, 7)",1,-0.08
482,108,"(66, 7)",1,-0.08
482,109,"(67, 7)",1,-0.08
482,110,"(68, 7)",1,-0.08
482,111,"(69, 7)",0,-0.08
482,112,"(69, 6)",1,-0.08
482,113,"(70, 6)",1,-0.08
482,114,"(71, 6)",0,-0.08
482,115,"(71, 5)",1,-0.08
482,116,"(72, 5)",1,-0.08
482,117,"(73, 5)",1,-0.08
482,118,"(74, 5)",1,-0.08
482,119,"(75, 5)",1,-0.08
482,120,"(76, 5)",1,-0.08
482,121,"(77, 5)",0,-0.08
482,122,"(77, 4)",0,-0.08
482,123,"(77, 3)",0,-0.08
482,124,"(77, 2)",0,-0.08
482,125,"(77, 1)",0,-0.08
482,126,"(77, 0)",1,-0.08
482,127,"(78, 0)",1,8.33
483,0,"(0, 39)",0,-0.08
483,1,"(0, 38)",1,-0.08
483,2,"(1, 38)",1,-8.33
483,3,"(1, 38)",0,-0.08
483,4,"(1, 37)",0,-8.33
483,5,"(1, 37)",3,-0.08
483,6,"(0, 37)",0,-0.08
483,7,"(0, 36)",0,-0.08
483,8,"(0, 35)",0,-0.08
483,9,"(0, 34)",0,-0.08
483,10,"(0, 33)",1,-0.08
483,11,"(1, 33)",1,-0.08
483,12,"(2, 33)",1,-0.08
483,13,"(3, 33)",1,-0.08
483,14,"(4, 33)",1,-0.08
483,15,"(5, 33)",0,-0.08
483,16,"(5, 32)",0,-0.08
483,17,"(5, 31)",1,-0.08
483,18,"(6, 31)",1,-0.08
483,19,"(7, 31)",1,-0.08
483,20,"(8, 31)",1,-0.08
483,21,"(9, 31)",0,-0.08
483,22,"(9, 30)",0,-0.08
483,23,"(9, 29)",1,-0.08
483,24,"(10, 29)",0,-0.08
483,25,"(10, 28)",0,-0.08
483,26,"(10, 27)",1,-0.08
483,27,"(11, 27)",1,-0.08
483,28,"(12, 27)",1,-0.08
483,29,"(13, 27)",0,-0.08
483,30,"(13, 26)",0,-0.08
483,31,"(13, 25)",0,-0.08
483,32,"(13, 24)",0,-0.08
483,33,"(13, 23)",1,-0.08
483,34,"(14, 23)",1,-0.08
483,35,"(15, 23)",1,-0.08
483,36,"(16, 23)",1,-0.08
483,37,"(17, 23)",0,-0.08
483,38,"(17, 22)",1,-0.08
483,39,"(18, 22)",1,-0.08
483,40,"(19, 22)",0,-0.08
483,41,"(19, 21)",1,-0.08
483,42,"(20, 21)",0,-0.08
483,43,"(20, 20)",0,-0.08
483,44,"(20, 19)",1,-0.08
483,45,"(21, 19)",0,-0.08
483,46,"(21, 18)",1,-8.33
483,47,"(21, 18)",0,-0.08
483,48,"(21, 17)",0,-0.08
483,49,"(21, 16)",0,-0.08
483,50,"(21, 15)",0,-0.08
483,51,"(21, 14)",0,-0.08
483,52,"(21, 13)",0,-0.08
483,53,"(21, 12)",0,-0.08
483,54,"(21, 11)",0,-0.08
483,55,"(21, 10)",1,-0.08
483,56,"(22, 10)",0,-0.08
483,57,"(22, 9)",1,-0.08
483,58,"(23, 9)",1,-0.08
483,59,"(24, 9)",1,-0.08
483,60,"(25, 9)",1,-0.08
483,61,"(26, 9)",1,-0.08
483,62,"(27, 9)",1,-0.08
483,63,"(28, 9)",1,-0.08
483,64,"(29, 9)",1,-0.08
483,65,"(30, 9)",1,-0.08
483,66,"(31, 9)",1,-0.08
483,67,"(32, 9)",0,-0.08
483,68,"(32, 8)",0,-0.08
483,69,"(32, 7)",1,-0.08
483,70,"(33, 7)",1,-0.08
483,71,"(34, 7)",1,-0.08
483,72,"(35, 7)",1,-0.08
483,73,"(36, 7)",1,-0.08
483,74,"(37, 7)",1,-0.08
483,75,"(38, 7)",1,-0.08
483,76,"(39, 7)",1,-0.08
483,77,"(40, 7)",0,-0.08
483,78,"(40, 6)",1,-0.08
483,79,"(41, 6)",1,-0.08
483,80,"(42, 6)",1,-0.08
483,81,"(43, 6)",1,-0.08
483,82,"(44, 6)",1,-0.08
483,83,"(45, 6)",2,-0.08
483,84,"(45, 7)",1,-0.08
483,85,"(46, 7)",1,-0.08
483,86,"(47, 7)",1,-0.08
483,87,"(48, 7)",1,-0.08
483,88,"(49, 7)",1,-0.08
483,89,"(50, 7)",1,-0.08
483,90,"(51, 7)",1,-0.08
483,91,"(52, 7)",1,-0.08
483,92,"(53, 7)",1,-0.08
483,93,"(54, 7)",1,-0.08
483,94,"(55, 7)",1,-0.08
483,95,"(56, 7)",1,-0.08
483,96,"(57, 7)",1,-0.08
483,97,"(58, 7)",1,-0.08
483,98,"(59, 7)",1,-0.08
483,99,"(60, 7)",1,-0.08
483,100,"(61, 7)",1,-0.08
483,101,"(62, 7)",1,-0.08
483,102,"(63, 7)",1,-0.08
483,103,"(64, 7)",1,-0.08
483,104,"(65, 7)",1,-0.08
483,105,"(66, 7)",1,-0.08
483,106,"(67, 7)",1,-0.08
483,107,"(68, 7)",1,-0.08
483,108,"(69, 7)",0,-0.08
483,109,"(69, 6)",1,-0.08
483,110,"(70, 6)",1,-0.08
483,111,"(71, 6)",1,-0.08
483,112,"(72, 6)",1,-0.08
483,113,"(73, 6)",1,-0.08
483,114,"(74, 6)",0,-0.08
483,115,"(74, 5)",1,-0.08
483,116,"(75, 5)",1,-0.08
483,117,"(76, 5)",1,-0.08
483,118,"(77, 5)",0,-0.08
483,119,"(77, 4)",0,-0.08
483,120,"(77, 3)",0,-0.08
483,121,"(77, 2)",0,-0.08
483,122,"(77, 1)",1,-0.08
483,123,"(78, 1)",1,-0.08
483,124,"(79, 1)",0,8.33
484,0,"(0, 39)",1,-0.08
484,1,"(1, 39)",0,-0.08
484,2,"(1, 38)",0,-0.08
484,3,"(1, 37)",1,-8.33
484,4,"(1, 37)",0,-8.33
484,5,"(1, 37)",3,-0.08
484,6,"(0, 37)",0,-0.08
484,7,"(0, 36)",0,-0.08
484,8,"(0, 35)",1,-0.08
484,9,"(1, 35)",0,-0.08
484,10,"(1, 34)",1,-0.08
484,11,"(2, 34)",0,-0.08
484,12,"(2, 33)",0,-0.08
484,13,"(2, 32)",1,-0.08
484,14,"(3, 32)",0,-0.08
484,15,"(3, 31)",0,-8.33
484,16,"(3, 31)",0,-8.33
484,17,"(3, 31)",2,-0.08
484,18,"(3, 32)",2,-0.08
484,19,"(3, 33)",1,-0.08
484,20,"(4, 33)",1,-0.08
484,21,"(5, 33)",1,-0.08
484,22,"(6, 33)",1,-0.08
484,23,"(7, 33)",0,-0.08
484,24,"(7, 32)",1,-0.08
484,25,"(8, 32)",0,-0.08
484,26,"(8, 31)",0,-0.08
484,27,"(8, 30)",0,-0.08
484,28,"(8, 29)",0,-0.08
484,29,"(8, 28)",0,-0.08
484,30,"(8, 27)",1,-0.08
484,31,"(9, 27)",1,-0.08
484,32,"(10, 27)",1,-0.08
484,33,"(11, 27)",1,-0.08
484,34,"(12, 27)",0,-0.08
484,35,"(12, 26)",0,-0.08
484,36,"(12, 25)",0,-0.08
484,37,"(12, 24)",1,-0.08
484,38,"(13, 24)",1,-0.08
484,39,"(14, 24)",0,-0.08
484,40,"(14, 23)",1,-0.08
484,41,"(15, 23)",1,-0.08
484,42,"(16, 23)",1,-0.08
484,43,"(17, 23)",1,-0.08
484,44,"(18, 23)",1,-0.08
484,45,"(19, 23)",1,-0.08
484,46,"(20, 23)",1,-0.08
484,47,"(21, 23)",1,-0.08
484,48,"(22, 23)",1,-0.08
484,49,"(23, 23)",1,-0.08
484,50,"(24, 23)",1,-0.08
484,51,"(25, 23)",0,-0.08
484,52,"(25, 22)",0,-0.08
484,53,"(25, 21)",1,-0.08
484,54,"(26, 21)",1,-0.08
484,55,"(27, 21)",0,-0.08
484,56,"(27, 20)",1,-0.08
484,57,"(28, 20)",0,-0.08
484,58,"(28, 19)",1,-0.08
484,59,"(29, 19)",1,-0.08
484,60,"(30, 19)",1,-0.08
484,61,"(31, 19)",1,-0.08
484,62,"(32, 19)",1,-0.08
484,63,"(33, 19)",1,-0.08
484,64,"(34, 19)",1,-0.08
484,65,"(35, 19)",0,-0.08
484,66,"(35, 18)",0,-0.08
484,67,"(35, 17)",1,-0.08
484,68,"(36, 17)",1,-0.08
484,69,"(37, 17)",1,-0.08
484,70,"(38, 17)",1,-0.08
484,71,"(39, 17)",0,-0.08
484,72,"(39, 16)",1,-0.08
484,73,"(40, 16)",1,-0.08
484,74,"(41, 16)",0,-0.08
484,75,"(41, 15)",0,-0.08
484,76,"(41, 14)",0,-0.08
484,77,"(41, 13)",1,-0.08
484,78,"(42, 13)",1,-0.08
484,79,"(43, 13)",0,-0.08
484,80,"(43, 12)",1,-0.08
484,81,"(44, 12)",1,-0.08
484,82,"(45, 12)",1,-0.08
484,83,"(46, 12)",1,-0.08
484,84,"(47, 12)",0,-0.08
484,85,"(47, 11)",0,-0.08
484,86,"(47, 10)",1,-0.08
484,87,"(48, 10)",1,-0.08
484,88,"(49, 10)",1,-0.08
484,89,"(50, 10)",0,-0.08
484,90,"(50, 9)",1,-0.08
484,91,"(51, 9)",1,-0.08
484,92,"(52, 9)",1,-0.08
484,93,"(53, 9)",1,-0.08
484,94,"(54, 9)",1,-0.08
484,95,"(55, 9)",1,-0.08
484,96,"(56, 9)",1,-0.08
484,97,"(57, 9)",0,-0.08
484,98,"(57, 8)",0,-0.08
484,99,"(57, 7)",1,-0.08
484,100,"(58, 7)",1,-0.08
484,101,"(59, 7)",1,-0.08
484,102,"(60, 7)",1,-0.08
484,103,"(61, 7)",1,-0.08
484,104,"(62, 7)",1,-0.08
484,105,"(63, 7)",1,-0.08
484,106,"(64, 7)",1,-0.08
484,107,"(65, 7)",1,-0.08
484,108,"(66, 7)",1,-0.08
484,109,"(67, 7)",1,-0.08
484,110,"(68, 7)",1,-0.08
484,111,"(69, 7)",1,-0.08
484,112,"(70, 7)",0,-0.08
484,113,"(70, 6)",1,-0.08
484,114,"(71, 6)",0,-0.08
484,115,"(71, 5)",1,-0.08
484,116,"(72, 5)",1,-0.08
484,117,"(73, 5)",1,-0.08
484,118,"(74, 5)",0,-0.08
484,119,"(74, 4)",1,-0.08
484,120,"(75, 4)",0,-0.08
484,121,"(75, 3)",1,-0.08
484,122,"(76, 3)",1,-0.08
484,123,"(77, 3)",0,-0.08
484,124,"(77, 2)",0,-0.08
484,125,"(77, 1)",0,-0.08
484,126,"(77, 0)",1,-0.08
484,127,"(78, 0)",1,8.33
485,0,"(0, 39)",0,-0.08
485,1,"(0, 38)",1,-0.08
485,2,"(1, 38)",0,-0.08
485,3,"(1, 37)",0,-8.33
485,4,"(1, 37)",3,-0.08
485,5,"(0, 37)",0,-0.08
485,6,"(0, 36)",0,-0.08
485,7,"(0, 35)",0,-0.08
485,8,"(0, 34)",0,-0.08
485,9,"(0, 33)",1,-0.08
485,10,"(1, 33)",0,-0.08
485,11,"(1, 32)",1,-0.08
485,12,"(2, 32)",0,-0.08
485,13,"(2, 31)",1,-0.08
485,14,"(3, 31)",0,-8.33
485,15,"(3, 31)",0,-8.33
485,16,"(3, 31)",3,-0.08
485,17,"(2, 31)",3,-0.08
485,18,"(1, 31)",0,-0.08
485,19,"(1, 30)",0,-0.08
485,20,"(1, 29)",1,-0.08
485,21,"(2, 29)",1,-0.08
485,22,"(3, 29)",0,-0.08
485,23,"(3, 28)",0,-0.08
485,24,"(3, 27)",0,-0.08
485,25,"(3, 26)",0,-0.08
485,26,"(3, 25)",1,-0.08
485,27,"(4, 25)",1,-0.08
485,28,"(5, 25)",1,-0.08
485,29,"(6, 25)",1,-0.08
485,30,"(7, 25)",1,-0.08
485,31,"(8, 25)",1,-0.08
485,32,"(9, 25)",1,-0.08
485,33,"(10, 25)",1,-0.08
485,34,"(11, 25)",0,-0.08
485,35,"(11, 24)",1,-0.08
485,36,"(12, 24)",1,-0.08
485,37,"(13, 24)",1,-0.08
485,38,"(14, 24)",0,-0.08
485,39,"(14, 23)",1,-0.08
485,40,"(15, 23)",1,-0.08
485,41,"(16, 23)",1,-0.08
485,42,"(17, 23)",1,-0.08
485,43,"(18, 23)",1,-0.08
485,44,"(19, 23)",0,-0.08
485,45,"(19, 22)",0,-0.08
485,46,"(19, 21)",1,-0.08
485,47,"(20, 21)",0,-0.08
485,48,"(20, 20)",1,-0.08
485,49,"(21, 20)",1,-0.08
485,50,"(22, 20)",0,-0.08
485,51,"(22, 19)",1,-0.08
485,52,"(23, 19)",0,-0.08
485,53,"(23, 18)",0,-0.08
485,54,"(23, 17)",0,-0.08
485,55,"(23, 16)",0,-0.08
485,56,"(23, 15)",1,-0.08
485,57,"(24, 15)",1,-0.08
485,58,"(25, 15)",1,-0.08
485,59,"(26, 15)",1,-0.08
485,60,"(27, 15)",0,-0.08
485,61,"(27, 14)",0,-0.08
485,62,"(27, 13)",1,-0.08
485,63,"(28, 13)",1,-0.08
485,64,"(29, 13)",1,-0.08
485,65,"(30, 13)",1,-0.08
485,66,"(31, 13)",1,-0.08
485,67,"(32, 13)",1,-0.08
485,68,"(33, 13)",1,-0.08
485,69,"(34, 13)",1,-0.08
485,70,"(35, 13)",0,-0.08
485,71,"(35, 12)",1,-0.08
485,72,"(36, 12)",1,-0.08
485,73,"(37, 12)",1,-0.08
485,74,"(38, 12)",1,-0.08
485,75,"(39, 12)",0,-0.08
485,76,"(39, 11)",1,-0.08
485,77,"(40, 11)",1,-0.08
485,78,"(41, 11)",1,-0.08
485,79,"(42, 11)",1,-0.08
485,80,"(43, 11)",1,-0.08
485,81,"(44, 11)",1,-0.08
485,82,"(45, 11)",0,-0.08
485,83,"(45, 10)",0,-0.08
485,84,"(45, 9)",0,-0.08
485,85,"(45, 8)",1,-0.08
485,86,"(46, 8)",0,-0.08
485,87,"(46, 7)",1,-0.08
485,88,"(47, 7)",1,-0.08
485,89,"(48, 7)",1,-0.08
485,90,"(49, 7)",1,-0.08
485,91,"(50, 7)",1,-0.08
485,92,"(51, 7)",1,-0.08
485,93,"(52, 7)",1,-0.08
485,94,"(53, 7)",1,-0.08
485,95,"(54, 7)",1,-0.08
485,96,"(55, 7)",1,-0.08
485,97,"(56, 7)",1,-0.08
485,98,"(57, 7)",1,-0.08
485,99,"(58, 7)",1,-0.08
485,100,"(59, 7)",1,-0.08
485,101,"(60, 7)",1,-0.08
485,102,"(61, 7)",1,-0.08
485,103,"(62, 7)",1,-0.08
485,104,"(63, 7)",1,-0.08
485,105,"(64, 7)",1,-0.08
485,106,"(65, 7)",1,-0.08
485,107,"(66, 7)",1,-0.08
485,108,"(67, 7)",1,-0.08
485,109,"(68, 7)",1,-0.08
485,110,"(69, 7)",1,-0.08
485,111,"(70, 7)",0,-0.08
485,112,"(70, 6)",1,-0.08
485,113,"(71, 6)",1,-0.08
485,114,"(72, 6)",1,-0.08
485,115,"(73, 6)",1,-0.08
485,116,"(74, 6)",0,-0.08
485,117,"(74, 5)",1,-0.08
485,118,"(75, 5)",1,-0.08
485,119,"(76, 5)",1,-0.08
485,120,"(77, 5)",0,-0.08
485,121,"(77, 4)",0,-0.08
485,122,"(77, 3)",0,-0.08
485,123,"(77, 2)",0,-0.08
485,124,"(77, 1)",1,-0.08
485,125,"(78, 1)",1,-0.08
485,126,"(79, 1)",0,8.33
486,0,"(0, 39)",1,-0.08
486,1,"(1, 39)",0,-0.08
486,2,"(1, 38)",1,-8.33
486,3,"(1, 38)",0,-0.08
486,4,"(1, 37)",0,-8.33
486,5,"(1, 37)",3,-0.08
486,6,"(0, 37)",0,-0.08
486,7,"(0, 36)",0,-0.08
486,8,"(0, 35)",0,-0.08
486,9,"(0, 34)",0,-0.08
486,10,"(0, 33)",1,-0.08
486,11,"(1, 33)",0,-0.08
486,12,"(1, 32)",0,-0.08
486,13,"(1, 31)",0,-0.08
486,14,"(1, 30)",0,-0.08
486,15,"(1, 29)",0,-0.08
486,16,"(1, 28)",0,-0.08
486,17,"(1, 27)",0,-0.08
486,18,"(1, 26)",0,-0.08
486,19,"(1, 25)",1,-0.08
486,20,"(2, 25)",1,-0.08
486,21,"(3, 25)",1,-0.08
486,22,"(4, 25)",1,-0.08
486,23,"(5, 25)",1,-0.08
486,24,"(6, 25)",1,-0.08
486,25,"(7, 25)",1,-0.08
486,26,"(8, 25)",1,-0.08
486,27,"(9, 25)",1,-0.08
486,28,"(10, 25)",1,-0.08
486,29,"(11, 25)",0,-0.08
486,30,"(11, 24)",1,-0.08
486,31,"(12, 24)",1,-0.08
486,32,"(13, 24)",1,-0.08
486,33,"(14, 24)",0,-0.08
486,34,"(14, 23)",1,-0.08
486,35,"(15, 23)",1,-0.08
486,36,"(16, 23)",0,-0.08
486,37,"(16, 22)",1,-0.08
486,38,"(17, 22)",1,-0.08
486,39,"(18, 22)",1,-0.08
486,40,"(19, 22)",0,-0.08
486,41,"(19, 21)",1,-0.08
486,42,"(20, 21)",1,-0.08
486,43,"(21, 21)",1,-0.08
486,44,"(22, 21)",0,-0.08
486,45,"(22, 20)",1,-0.08
486,46,"(23, 20)",1,-0.08
486,47,"(24, 20)",1,-0.08
486,48,"(25, 20)",0,-0.08
486,49,"(25, 19)",0,-0.08
486,50,"(25, 18)",1,-0.08
486,51,"(26, 18)",0,-0.08
486,52,"(26, 17)",1,-0.08
486,53,"(27, 17)",0,-0.08
486,54,"(27, 16)",1,-0.08
486,55,"(28, 16)",0,-0.08
486,56,"(28, 15)",1,-0.08
486,57,"(29, 15)",1,-0.08
486,58,"(30, 15)",1,-0.08
486,59,"(31, 15)",0,-0.08
486,60,"(31, 14)",0,-0.08
486,61,"(31, 13)",1,-0.08
486,62,"(32, 13)",1,-0.08
486,63,"(33, 13)",1,-0.08
486,64,"(34, 13)",1,-0.08
486,65,"(35, 13)",0,-0.08
486,66,"(35, 12)",1,-0.08
486,67,"(36, 12)",1,-0.08
486,68,"(37, 12)",1,-0.08
486,69,"(38, 12)",1,-0.08
486,70,"(39, 12)",0,-0.08
486,71,"(39, 11)",1,-0.08
486,72,"(40, 11)",1,-0.08
486,73,"(41, 11)",1,-0.08
486,74,"(42, 11)",1,-0.08
486,75,"(43, 11)",1,-0.08
486,76,"(44, 11)",1,-0.08
486,77,"(45, 11)",0,-0.08
486,78,"(45, 10)",0,-0.08
486,79,"(45, 9)",1,-0.08
486,80,"(46, 9)",0,-0.08
486,81,"(46, 8)",0,-0.08
486,82,"(46, 7)",1,-0.08
486,83,"(47, 7)",1,-0.08
486,84,"(48, 7)",1,-0.08
486,85,"(49, 7)",1,-0.08
486,86,"(50, 7)",1,-0.08
486,87,"(51, 7)",1,-0.08
486,88,"(52, 7)",1,-0.08
486,89,"(53, 7)",1,-0.08
486,90,"(54, 7)",1,-0.08
486,91,"(55, 7)",1,-0.08
486,92,"(56, 7)",1,-0.08
486,93,"(57, 7)",1,-0.08
486,94,"(58, 7)",1,-0.08
486,95,"(59, 7)",1,-0.08
486,96,"(60, 7)",1,-0.08
486,97,"(61, 7)",1,-0.08
486,98,"(62, 7)",1,-0.08
486,99,"(63, 7)",1,-0.08
486,100,"(64, 7)",1,-0.08
486,101,"(65, 7)",1,-0.08
486,102,"(66, 7)",1,-0.08
486,103,"(67, 7)",1,-0.08
486,104,"(68, 7)",1,-0.08
486,105,"(69, 7)",0,-0.08
486,106,"(69, 6)",1,-0.08
486,107,"(70, 6)",1,-0.08
486,108,"(71, 6)",0,-0.08
486,109,"(71, 5)",1,-0.08
486,110,"(72, 5)",1,-0.08
486,111,"(73, 5)",1,-0.08
486,112,"(74, 5)",1,-0.08
486,113,"(75, 5)",1,-0.08
486,114,"(76, 5)",1,-0.08
486,115,"(77, 5)",0,-0.08
486,116,"(77, 4)",0,-0.08
486,117,"(77, 3)",1,-8.33
486,118,"(77, 3)",0,-0.08
486,119,"(77, 2)",0,-0.08
486,120,"(77, 1)",0,-0.08
486,121,"(77, 0)",1,-0.08
486,122,"(78, 0)",1,8.33
487,0,"(0, 39)",1,-0.08
487,1,"(1, 39)",1,-0.08
487,2,"(2, 39)",1,-0.08
487,3,"(3, 39)",0,-0.08
487,4,"(3, 38)",1,-8.33
487,5,"(3, 38)",0,-0.08
487,6,"(3, 37)",0,-0.08
487,7,"(3, 36)",0,-0.08
487,8,"(3, 35)",0,-8.33
487,9,"(3, 35)",3,-0.08
487,10,"(2, 35)",0,-0.08
487,11,"(2, 34)",0,-0.08
487,12,"(2, 33)",0,-0.08
487,13,"(2, 32)",0,-0.08
487,14,"(2, 31)",0,-8.33
487,15,"(2, 31)",1,-0.08
487,16,"(3, 31)",0,-8.33
487,17,"(3, 31)",0,-8.33
487,18,"(3, 31)",3,-0.08
487,19,"(2, 31)",3,-0.08
487,20,"(1, 31)",0,-0.08
487,21,"(1, 30)",0,-0.08
487,22,"(1, 29)",0,-0.08
487,23,"(1, 28)",0,-0.08
487,24,"(1, 27)",0,-0.08
487,25,"(1, 26)",0,-0.08
487,26,"(1, 25)",1,-0.08
487,27,"(2, 25)",1,-0.08
487,28,"(3, 25)",1,-0.08
487,29,"(4, 25)",1,-0.08
487,30,"(5, 25)",1,-0.08
487,31,"(6, 25)",1,-0.08
487,32,"(7, 25)",1,-0.08
487,33,"(8, 25)",1,-0.08
487,34,"(9, 25)",1,-0.08
487,35,"(10, 25)",0,-0.08
487,36,"(10, 24)",1,-0.08
487,37,"(11, 24)",1,-0.08
487,38,"(12, 24)",1,-0.08
487,39,"(13, 24)",1,-0.08
487,40,"(14, 24)",0,-0.08
487,41,"(14, 23)",1,-0.08
487,42,"(15, 23)",1,-0.08
487,43,"(16, 23)",0,-0.08
487,44,"(16, 22)",1,-0.08
487,45,"(17, 22)",1,-0.08
487,46,"(18, 22)",1,-0.08
487,47,"(19, 22)",0,-0.08
487,48,"(19, 21)",0,-0.08
487,49,"(19, 20)",1,-0.08
487,50,"(20, 20)",1,-0.08
487,51,"(21, 20)",0,-0.08
487,52,"(21, 19)",1,-0.08
487,53,"(22, 19)",1,-0.08
487,54,"(23, 19)",0,-0.08
487,55,"(23, 18)",0,-0.08
487,56,"(23, 17)",0,-0.08
487,57,"(23, 16)",0,-0.08
487,58,"(23, 15)",1,-0.08
487,59,"(24, 15)",1,-0.08
487,60,"(25, 15)",1,-0.08
487,61,"(26, 15)",1,-0.08
487,62,"(27, 15)",0,-0.08
487,63,"(27, 14)",0,-0.08
487,64,"(27, 13)",1,-0.08
487,65,"(28, 13)",1,-0.08
487,66,"(29, 13)",1,-0.08
487,67,"(30, 13)",1,-0.08
487,68,"(31, 13)",1,-0.08
487,69,"(32, 13)",1,-0.08
487,70,"(33, 13)",1,-0.08
487,71,"(34, 13)",1,-0.08
487,72,"(35, 13)",1,-0.08
487,73,"(36, 13)",0,-0.08
487,74,"(36, 12)",1,-0.08
487,75,"(37, 12)",1,-0.08
487,76,"(38, 12)",1,-0.08
487,77,"(39, 12)",0,-0.08
487,78,"(39, 11)",1,-0.08
487,79,"(40, 11)",1,-0.08
487,80,"(41, 11)",1,-0.08
487,81,"(42, 11)",1,-0.08
487,82,"(43, 11)",1,-0.08
487,83,"(44, 11)",1,-0.08
487,84,"(45, 11)",0,-0.08
487,85,"(45, 10)",1,-0.08
487,86,"(46, 10)",0,-0.08
487,87,"(46, 9)",0,-0.08
487,88,"(46, 8)",0,-0.08
487,89,"(46, 7)",1,-0.08
487,90,"(47, 7)",1,-0.08
487,91,"(48, 7)",1,-0.08
487,92,"(49, 7)",1,-0.08
487,93,"(50, 7)",1,-0.08
487,94,"(51, 7)",1,-0.08
487,95,"(52, 7)",1,-0.08
487,96,"(53, 7)",1,-0.08
487,97,"(54, 7)",1,-0.08
487,98,"(55, 7)",1,-0.08
487,99,"(56, 7)",1,-0.08
487,100,"(57, 7)",1,-0.08
487,101,"(58, 7)",1,-0.08
487,102,"(59, 7)",1,-0.08
487,103,"(60, 7)",1,-0.08
487,104,"(61, 7)",1,-0.08
487,105,"(62, 7)",1,-0.08
487,106,"(63, 7)",1,-0.08
487,107,"(64, 7)",1,-0.08
487,108,"(65, 7)",1,-0.08
487,109,"(66, 7)",1,-0.08
487,110,"(67, 7)",1,-0.08
487,111,"(68, 7)",1,-0.08
487,112,"(69, 7)",0,-0.08
487,113,"(69, 6)",1,-0.08
487,114,"(70, 6)",1,-0.08
487,115,"(71, 6)",1,-0.08
487,116,"(72, 6)",0,-0.08
487,117,"(72, 5)",1,-0.08
487,118,"(73, 5)",1,-0.08
487,119,"(74, 5)",1,-0.08
487,120,"(75, 5)",0,-0.08
487,121,"(75, 4)",0,-0.08
487,122,"(75, 3)",1,-0.08
487,123,"(76, 3)",0,-0.08
487,124,"(76, 2)",0,-0.08
487,125,"(76, 1)",0,-0.08
487,126,"(76, 0)",1,-0.08
487,127,"(77, 0)",1,-0.08
487,128,"(78, 0)",1,8.33
488,0,"(0, 39)",0,-0.08
488,1,"(0, 38)",1,-0.08
488,2,"(1, 38)",1,-8.33
488,3,"(1, 38)",0,-0.08
488,4,"(1, 37)",0,-8.33
488,5,"(1, 37)",3,-0.08
488,6,"(0, 37)",0,-0.08
488,7,"(0, 36)",0,-0.08
488,8,"(0, 35)",0,-0.08
488,9,"(0, 34)",0,-0.08
488,10,"(0, 33)",1,-0.08
488,11,"(1, 33)",0,-0.08
488,12,"(1, 32)",1,-0.08
488,13,"(2, 32)",0,-0.08
488,14,"(2, 31)",1,-0.08
488,15,"(3, 31)",0,-8.33
488,16,"(3, 31)",0,-8.33
488,17,"(3, 31)",2,-0.08
488,18,"(3, 32)",2,-0.08
488,19,"(3, 33)",1,-0.08
488,20,"(4, 33)",1,-0.08
488,21,"(5, 33)",1,-0.08
488,22,"(6, 33)",1,-0.08
488,23,"(7, 33)",1,-0.08
488,24,"(8, 33)",0,-0.08
488,25,"(8, 32)",0,-0.08
488,26,"(8, 31)",0,-0.08
488,27,"(8, 30)",1,-0.08
488,28,"(9, 30)",0,-0.08
488,29,"(9, 29)",1,-0.08
488,30,"(10, 29)",0,-0.08
488,31,"(10, 28)",0,-0.08
488,32,"(10, 27)",1,-0.08
488,33,"(11, 27)",1,-0.08
488,34,"(12, 27)",1,-0.08
488,35,"(13, 27)",1,-0.08
488,36,"(14, 27)",1,-0.08
488,37,"(15, 27)",0,-0.08
488,38,"(15, 26)",0,-0.08
488,39,"(15, 25)",1,-0.08
488,40,"(16, 25)",1,-0.08
488,41,"(17, 25)",0,-0.08
488,42,"(17, 24)",0,-0.08
488,43,"(17, 23)",1,-0.08
488,44,"(18, 23)",1,-0.08
488,45,"(19, 23)",1,-0.08
488,46,"(20, 23)",0,-0.08
488,47,"(20, 22)",0,-0.08
488,48,"(20, 21)",1,-0.08
488,49,"(21, 21)",1,-0.08
488,50,"(22, 21)",1,-0.08
488,51,"(23, 21)",1,-0.08
488,52,"(24, 21)",1,-0.08
488,53,"(25, 21)",1,-0.08
488,54,"(26, 21)",1,-0.08
488,55,"(27, 21)",0,-0.08
488,56,"(27, 20)",1,-0.08
488,57,"(28, 20)",0,-0.08
488,58,"(28, 19)",1,-0.08
488,59,"(29, 19)",1,-0.08
488,60,"(30, 19)",1,-0.08
488,61,"(31, 19)",1,-0.08
488,62,"(32, 19)",0,-0.08
488,63,"(32, 18)",0,-0.08
488,64,"(32, 17)",0,-0.08
488,65,"(32, 16)",0,-0.08
488,66,"(32, 15)",1,-0.08
488,67,"(33, 15)",1,-0.08
488,68,"(34, 15)",0,-0.08
488,69,"(34, 14)",0,-0.08
488,70,"(34, 13)",1,-0.08
488,71,"(35, 13)",0,-0.08
488,72,"(35, 12)",1,-0.08
488,73,"(36, 12)",1,-0.08
488,74,"(37, 12)",1,-0.08
488,75,"(38, 12)",1,-0.08
488,76,"(39, 12)",0,-0.08
488,77,"(39, 11)",1,-0.08
488,78,"(40, 11)",1,-0.08
488,79,"(41, 11)",1,-0.08
488,80,"(42, 11)",1,-0.08
488,81,"(43, 11)",1,-0.08
488,82,"(44, 11)",1,-0.08
488,83,"(45, 11)",0,-0.08
488,84,"(45, 10)",1,-0.08
488,85,"(46, 10)",1,-0.08
488,86,"(47, 10)",1,-0.08
488,87,"(48, 10)",1,-0.08
488,88,"(49, 10)",0,-0.08
488,89,"(49, 9)",1,-0.08
488,90,"(50, 9)",0,-0.08
488,91,"(50, 8)",0,-0.08
488,92,"(50, 7)",1,-0.08
488,93,"(51, 7)",1,-0.08
488,94,"(52, 7)",1,-0.08
488,95,"(53, 7)",1,-0.08
488,96,"(54, 7)",1,-0.08
488,97,"(55, 7)",1,-0.08
488,98,"(56, 7)",1,-0.08
488,99,"(57, 7)",1,-0.08
488,100,"(58, 7)",1,-0.08
488,101,"(59, 7)",1,-0.08
488,102,"(60, 7)",1,-0.08
488,103,"(61, 7)",1,-0.08
488,104,"(62, 7)",1,-0.08
488,105,"(63, 7)",1,-0.08
488,106,"(64, 7)",1,-0.08
488,107,"(65, 7)",1,-0.08
488,108,"(66, 7)",1,-0.08
488,109,"(67, 7)",1,-0.08
488,110,"(68, 7)",1,-0.08
488,111,"(69, 7)",0,-0.08
488,112,"(69, 6)",1,-0.08
488,113,"(70, 6)",1,-0.08
488,114,"(71, 6)",0,-0.08
488,115,"(71, 5)",1,-0.08
488,116,"(72, 5)",1,-0.08
488,117,"(73, 5)",1,-0.08
488,118,"(74, 5)",0,-0.08
488,119,"(74, 4)",1,-0.08
488,120,"(75, 4)",0,-0.08
488,121,"(75, 3)",1,-0.08
488,122,"(76, 3)",1,-0.08
488,123,"(77, 3)",0,-0.08
488,124,"(77, 2)",0,-0.08
488,125,"(77, 1)",0,-0.08
488,126,"(77, 0)",1,-0.08
488,127,"(78, 0)",1,8.33
489,0,"(0, 39)",0,-0.08
489,1,"(0, 38)",0,-0.08
489,2,"(0, 37)",1,-0.08
489,3,"(1, 37)",1,-8.33
489,4,"(1, 37)",0,-8.33
489,5,"(1, 37)",3,-0.08
489,6,"(0, 37)",0,-0.08
489,7,"(0, 36)",0,-0.08
489,8,"(0, 35)",1,-0.08
489,9,"(1, 35)",1,-0.08
489,10,"(2, 35)",0,-0.08
489,11,"(2, 34)",0,-0.08
489,12,"(2, 33)",1,-0.08
489,13,"(3, 33)",1,-0.08
489,14,"(4, 33)",1,-0.08
489,15,"(5, 33)",0,-0.08
489,16,"(5, 32)",0,-0.08
489,17,"(5, 31)",1,-0.08
489,18,"(6, 31)",1,-0.08
489,19,"(7, 31)",1,-0.08
489,20,"(8, 31)",0,-0.08
489,21,"(8, 30)",1,-0.08
489,22,"(9, 30)",0,-0.08
489,23,"(9, 29)",1,-0.08
489,24,"(10, 29)",0,-0.08
489,25,"(10, 28)",0,-0.08
489,26,"(10, 27)",0,-8.33
489,27,"(10, 27)",1,-0.08
489,28,"(11, 27)",1,-0.08
489,29,"(12, 27)",0,-0.08
489,30,"(12, 26)",0,-0.08
489,31,"(12, 25)",0,-0.08
489,32,"(12, 24)",1,-0.08
489,33,"(13, 24)",0,-0.08
489,34,"(13, 23)",1,-0.08
489,35,"(14, 23)",1,-0.08
489,36,"(15, 23)",1,-0.08
489,37,"(16, 23)",0,-0.08
489,38,"(16, 22)",1,-0.08
489,39,"(17, 22)",1,-0.08
489,40,"(18, 22)",1,-0.08
489,41,"(19, 22)",1,-0.08
489,42,"(20, 22)",1,-0.08
489,43,"(21, 22)",0,-0.08
489,44,"(21, 21)",0,-0.08
489,45,"(21, 20)",0,-0.08
489,46,"(21, 19)",1,-0.08
489,47,"(22, 19)",1,-0.08
489,48,"(23, 19)",0,-0.08
489,49,"(23, 18)",0,-0.08
489,50,"(23, 17)",0,-0.08
489,51,"(23, 16)",0,-0.08
489,52,"(23, 15)",1,-0.08
489,53,"(24, 15)",1,-0.08
489,54,"(25, 15)",1,-0.08
489,55,"(26, 15)",1,-0.08
489,56,"(27, 15)",0,-0.08
489,57,"(27, 14)",0,-0.08
489,58,"(27, 13)",1,-0.08
489,59,"(28, 13)",1,-0.08
489,60,"(29, 13)",1,-0.08
489,61,"(30, 13)",1,-0.08
489,62,"(31, 13)",1,-0.08
489,63,"(32, 13)",1,-0.08
489,64,"(33, 13)",1,-0.08
489,65,"(34, 13)",1,-0.08
489,66,"(35, 13)",1,-0.08
489,67,"(36, 13)",0,-0.08
489,68,"(36, 12)",1,-0.08
489,69,"(37, 12)",1,-0.08
489,70,"(38, 12)",1,-0.08
489,71,"(39, 12)",0,-0.08
489,72,"(39, 11)",1,-0.08
489,73,"(40, 11)",1,-0.08
489,74,"(41, 11)",1,-0.08
489,75,"(42, 11)",1,-0.08
489,76,"(43, 11)",1,-0.08
489,77,"(44, 11)",1,-0.08
489,78,"(45, 11)",0,-0.08
489,79,"(45, 10)",1,-0.08
489,80,"(46, 10)",1,-0.08
489,81,"(47, 10)",1,-0.08
489,82,"(48, 10)",1,-0.08
489,83,"(49, 10)",1,-0.08
489,84,"(50, 10)",0,-0.08
489,85,"(50, 9)",1,-0.08
489,86,"(51, 9)",1,-0.08
489,87,"(52, 9)",1,-0.08
489,88,"(53, 9)",1,-0.08
489,89,"(54, 9)",1,-0.08
489,90,"(55, 9)",1,-0.08
489,91,"(56, 9)",1,-0.08
489,92,"(57, 9)",1,-0.08
489,93,"(58, 9)",0,-0.08
489,94,"(58, 8)",0,-0.08
489,95,"(58, 7)",1,-0.08
489,96,"(59, 7)",1,-0.08
489,97,"(60, 7)",1,-0.08
489,98,"(61, 7)",1,-0.08
489,99,"(62, 7)",1,-0.08
489,100,"(63, 7)",1,-0.08
489,101,"(64, 7)",1,-0.08
489,102,"(65, 7)",1,-0.08
489,103,"(66, 7)",1,-0.08
489,104,"(67, 7)",1,-0.08
489,105,"(68, 7)",1,-0.08
489,106,"(69, 7)",0,-0.08
489,107,"(69, 6)",1,-0.08
489,108,"(70, 6)",1,-0.08
489,109,"(71, 6)",1,-0.08
489,110,"(72, 6)",0,-0.08
489,111,"(72, 5)",1,-0.08
489,112,"(73, 5)",1,-0.08
489,113,"(74, 5)",0,-0.08
489,114,"(74, 4)",1,-0.08
489,115,"(75, 4)",0,-0.08
489,116,"(75, 3)",1,-0.08
489,117,"(76, 3)",0,-0.08
489,118,"(76, 2)",1,-0.08
489,119,"(77, 2)",0,-0.08
489,120,"(77, 1)",1,-0.08
489,121,"(78, 1)",1,-0.08
489,122,"(79, 1)",0,8.33
490,0,"(0, 39)",0,-0.08
490,1,"(0, 38)",0,-0.08
490,2,"(0, 37)",0,-0.08
490,3,"(0, 36)",0,-0.08
490,4,"(0, 35)",0,-0.08
490,5,"(0, 34)",1,-0.08
490,6,"(1, 34)",1,-0.08
490,7,"(2, 34)",0,-0.08
490,8,"(2, 33)",1,-0.08
490,9,"(3, 33)",0,-0.08
490,10,"(3, 32)",1,-8.33
490,11,"(3, 32)",0,-0.08
490,12,"(3, 31)",0,-8.33
490,13,"(3, 31)",2,-0.08
490,14,"(3, 32)",2,-0.08
490,15,"(3, 33)",1,-0.08
490,16,"(4, 33)",1,-0.08
490,17,"(5, 33)",1,-0.08
490,18,"(6, 33)",1,-0.08
490,19,"(7, 33)",0,-0.08
490,20,"(7, 32)",0,-0.08
490,21,"(7, 31)",1,-0.08
490,22,"(8, 31)",0,-0.08
490,23,"(8, 30)",0,-0.08
490,24,"(8, 29)",0,-0.08
490,25,"(8, 28)",0,-0.08
490,26,"(8, 27)",1,-0.08
490,27,"(9, 27)",1,-0.08
490,28,"(10, 27)",1,-0.08
490,29,"(11, 27)",1,-0.08
490,30,"(12, 27)",1,-0.08
490,31,"(13, 27)",0,-0.08
490,32,"(13, 26)",0,-0.08
490,33,"(13, 25)",0,-0.08
490,34,"(13, 24)",1,-0.08
490,35,"(14, 24)",0,-0.08
490,36,"(14, 23)",1,-0.08
490,37,"(15, 23)",1,-0.08
490,38,"(16, 23)",0,-0.08
490,39,"(16, 22)",1,-0.08
490,40,"(17, 22)",1,-0.08
490,41,"(18, 22)",1,-0.08
490,42,"(19, 22)",1,-0.08
490,43,"(20, 22)",1,-0.08
490,44,"(21, 22)",0,-0.08
490,45,"(21, 21)",0,-0.08
490,46,"(21, 20)",0,-0.08
490,47,"(21, 19)",1,-0.08
490,48,"(22, 19)",1,-0.08
490,49,"(23, 19)",0,-0.08
490,50,"(23, 18)",0,-0.08
490,51,"(23, 17)",0,-0.08
490,52,"(23, 16)",0,-0.08
490,53,"(23, 15)",1,-0.08
490,54,"(24, 15)",1,-0.08
490,55,"(25, 15)",1,-0.08
490,56,"(26, 15)",1,-0.08
490,57,"(27, 15)",0,-0.08
490,58,"(27, 14)",0,-0.08
490,59,"(27, 13)",1,-0.08
490,60,"(28, 13)",1,-0.08
490,61,"(29, 13)",1,-0.08
490,62,"(30, 13)",1,-0.08
490,63,"(31, 13)",1,-0.08
490,64,"(32, 13)",1,-0.08
490,65,"(33, 13)",1,-0.08
490,66,"(34, 13)",1,-0.08
490,67,"(35, 13)",0,-0.08
490,68,"(35, 12)",1,-0.08
490,69,"(36, 12)",1,-0.08
490,70,"(37, 12)",1,-0.08
490,71,"(38, 12)",1,-0.08
490,72,"(39, 12)",0,-0.08
490,73,"(39, 11)",1,-0.08
490,74,"(40, 11)",1,-0.08
490,75,"(41, 11)",1,-0.08
490,76,"(42, 11)",1,-0.08
490,77,"(43, 11)",1,-0.08
490,78,"(44, 11)",1,-0.08
490,79,"(45, 11)",0,-0.08
490,80,"(45, 10)",1,-0.08
490,81,"(46, 10)",1,-0.08
490,82,"(47, 10)",1,-0.08
490,83,"(48, 10)",1,-0.08
490,84,"(49, 10)",0,-0.08
490,85,"(49, 9)",1,-0.08
490,86,"(50, 9)",1,-0.08
490,87,"(51, 9)",1,-0.08
490,88,"(52, 9)",1,-0.08
490,89,"(53, 9)",1,-0.08
490,90,"(54, 9)",1,-0.08
490,91,"(55, 9)",1,-0.08
490,92,"(56, 9)",1,-0.08
490,93,"(57, 9)",1,-0.08
490,94,"(58, 9)",0,-0.08
490,95,"(58, 8)",0,-0.08
490,96,"(58, 7)",1,-0.08
490,97,"(59, 7)",1,-0.08
490,98,"(60, 7)",1,-0.08
490,99,"(61, 7)",1,-0.08
490,100,"(62, 7)",1,-0.08
490,101,"(63, 7)",1,-0.08
490,102,"(64, 7)",1,-0.08
490,103,"(65, 7)",1,-0.08
490,104,"(66, 7)",1,-0.08
490,105,"(67, 7)",1,-0.08
490,106,"(68, 7)",1,-0.08
490,107,"(69, 7)",0,-0.08
490,108,"(69, 6)",1,-0.08
490,109,"(70, 6)",1,-0.08
490,110,"(71, 6)",1,-0.08
490,111,"(72, 6)",1,-0.08
490,112,"(73, 6)",1,-0.08
490,113,"(74, 6)",0,-0.08
490,114,"(74, 5)",1,-0.08
490,115,"(75, 5)",1,-0.08
490,116,"(76, 5)",1,-0.08
490,117,"(77, 5)",0,-0.08
490,118,"(77, 4)",0,-0.08
490,119,"(77, 3)",0,-0.08
490,120,"(77, 2)",0,-0.08
490,121,"(77, 1)",0,-0.08
490,122,"(77, 0)",1,-0.08
490,123,"(78, 0)",1,8.33
491,0,"(0, 39)",0,-0.08
491,1,"(0, 38)",1,-0.08
491,2,"(1, 38)",1,-8.33
491,3,"(1, 38)",0,-0.08
491,4,"(1, 37)",0,-8.33
491,5,"(1, 37)",3,-0.08
491,6,"(0, 37)",0,-0.08
491,7,"(0, 36)",0,-0.08
491,8,"(0, 35)",0,-0.08
491,9,"(0, 34)",0,-0.08
491,10,"(0, 33)",1,-0.08
491,11,"(1, 33)",1,-0.08
491,12,"(2, 33)",0,-0.08
491,13,"(2, 32)",0,-0.08
491,14,"(2, 31)",1,-0.08
491,15,"(3, 31)",0,-8.33
491,16,"(3, 31)",0,-8.33
491,17,"(3, 31)",2,-0.08
491,18,"(3, 32)",2,-0.08
491,19,"(3, 33)",1,-0.08
491,20,"(4, 33)",1,-0.08
491,21,"(5, 33)",0,-0.08
491,22,"(5, 32)",0,-0.08
491,23,"(5, 31)",1,-0.08
491,24,"(6, 31)",1,-0.08
491,25,"(7, 31)",1,-0.08
491,26,"(8, 31)",1,-0.08
491,27,"(9, 31)",0,-0.08
491,28,"(9, 30)",0,-0.08
491,29,"(9, 29)",1,-0.08
491,30,"(10, 29)",0,-0.08
491,31,"(10, 28)",0,-0.08
491,32,"(10, 27)",1,-0.08
491,33,"(11, 27)",1,-0.08
491,34,"(12, 27)",1,-0.08
491,35,"(13, 27)",1,-0.08
491,36,"(14, 27)",1,-0.08
491,37,"(15, 27)",1,-0.08
491,38,"(16, 27)",0,-0.08
491,39,"(16, 26)",1,-0.08
491,40,"(17, 26)",0,-0.08
491,41,"(17, 25)",0,-0.08
491,42,"(17, 24)",0,-0.08
491,43,"(17, 23)",0,-0.08
491,44,"(17, 22)",1,-0.08
491,45,"(18, 22)",1,-0.08
491,46,"(19, 22)",0,-0.08
491,47,"(19, 21)",1,-0.08
491,48,"(20, 21)",0,-0.08
491,49,"(20, 20)",0,-0.08
491,50,"(20, 19)",1,-0.08
491,51,"(21, 19)",1,-0.08
491,52,"(22, 19)",1,-0.08
491,53,"(23, 19)",0,-0.08
491,54,"(23, 18)",0,-0.08
491,55,"(23, 17)",1,-0.08
491,56,"(24, 17)",1,-0.08
491,57,"(25, 17)",1,-0.08
491,58,"(26, 17)",1,-0.08
491,59,"(27, 17)",1,-0.08
491,60,"(28, 17)",1,-0.08
491,61,"(29, 17)",0,-0.08
491,62,"(29, 16)",0,-0.08
491,63,"(29, 15)",1,-0.08
491,64,"(30, 15)",1,-0.08
491,65,"(31, 15)",1,-0.08
491,66,"(32, 15)",0,-0.08
491,67,"(32, 14)",0,-0.08
491,68,"(32, 13)",1,-0.08
491,69,"(33, 13)",1,-0.08
491,70,"(34, 13)",1,-0.08
491,71,"(35, 13)",0,-0.08
491,72,"(35, 12)",1,-0.08
491,73,"(36, 12)",1,-0.08
491,74,"(37, 12)",1,-0.08
491,75,"(38, 12)",1,-0.08
491,76,"(39, 12)",0,-0.08
491,77,"(39, 11)",1,-0.08
491,78,"(40, 11)",1,-0.08
491,79,"(41, 11)",1,-0.08
491,80,"(42, 11)",1,-0.08
491,81,"(43, 11)",1,-0.08
491,82,"(44, 11)",1,-0.08
491,83,"(45, 11)",0,-0.08
491,84,"(45, 10)",1,-0.08
491,85,"(46, 10)",1,-0.08
491,86,"(47, 10)",1,-0.08
491,87,"(48, 10)",1,-0.08
491,88,"(49, 10)",0,-0.08
491,89,"(49, 9)",1,-0.08
491,90,"(50, 9)",0,-0.08
491,91,"(50, 8)",0,-0.08
491,92,"(50, 7)",1,-0.08
491,93,"(51, 7)",1,-0.08
491,94,"(52, 7)",1,-0.08
491,95,"(53, 7)",1,-0.08
491,96,"(54, 7)",1,-0.08
491,97,"(55, 7)",1,-0.08
491,98,"(56, 7)",1,-0.08
491,99,"(57, 7)",1,-0.08
491,100,"(58, 7)",1,-0.08
491,101,"(59, 7)",1,-0.08
491,102,"(60, 7)",1,-0.08
491,103,"(61, 7)",1,-0.08
491,104,"(62, 7)",1,-0.08
491,105,"(63, 7)",1,-0.08
491,106,"(64, 7)",1,-0.08
491,107,"(65, 7)",1,-0.08
491,108,"(66, 7)",1,-0.08
491,109,"(67, 7)",1,-0.08
491,110,"(68, 7)",1,-0.08
491,111,"(69, 7)",1,-0.08
491,112,"(70, 7)",1,-0.08
491,113,"(71, 7)",0,-0.08
491,114,"(71, 6)",0,-0.08
491,115,"(71, 5)",1,-0.08
491,116,"(72, 5)",1,-0.08
491,117,"(73, 5)",1,-0.08
491,118,"(74, 5)",1,-0.08
491,119,"(75, 5)",0,-0.08
491,120,"(75, 4)",0,-0.08
491,121,"(75, 3)",1,-0.08
491,122,"(76, 3)",1,-0.08
491,123,"(77, 3)",0,-0.08
491,124,"(77, 2)",0,-0.08
491,125,"(77, 1)",1,-0.08
491,126,"(78, 1)",1,-0.08
491,127,"(79, 1)",0,8.33
492,0,"(0, 39)",1,-0.08
492,1,"(1, 39)",0,-0.08
492,2,"(1, 38)",0,-0.08
492,3,"(1, 37)",0,-8.33
492,4,"(1, 37)",3,-0.08
492,5,"(0, 37)",0,-0.08
492,6,"(0, 36)",0,-0.08
492,7,"(0, 35)",0,-0.08
492,8,"(0, 34)",0,-0.08
492,9,"(0, 33)",1,-0.08
492,10,"(1, 33)",0,-0.08
492,11,"(1, 32)",1,-0.08
492,12,"(2, 32)",1,-0.08
492,13,"(3, 32)",0,-0.08
492,14,"(3, 31)",0,-8.33
492,15,"(3, 31)",0,-8.33
492,16,"(3, 31)",3,-0.08
492,17,"(2, 31)",3,-0.08
492,18,"(1, 31)",0,-0.08
492,19,"(1, 30)",0,-0.08
492,20,"(1, 29)",1,-0.08
492,21,"(2, 29)",1,-0.08
492,22,"(3, 29)",1,-0.08
492,23,"(4, 29)",1,-0.08
492,24,"(5, 29)",1,-0.08
492,25,"(6, 29)",1,-0.08
492,26,"(7, 29)",1,-0.08
492,27,"(8, 29)",1,-0.08
492,28,"(9, 29)",1,-0.08
492,29,"(10, 29)",0,-0.08
492,30,"(10, 28)",0,-0.08
492,31,"(10, 27)",1,-0.08
492,32,"(11, 27)",1,-0.08
492,33,"(12, 27)",1,-0.08
492,34,"(13, 27)",1,-0.08
492,35,"(14, 27)",1,-0.08
492,36,"(15, 27)",0,-0.08
492,37,"(15, 26)",0,-0.08
492,38,"(15, 25)",1,-0.08
492,39,"(16, 25)",1,-0.08
492,40,"(17, 25)",0,-0.08
492,41,"(17, 24)",0,-0.08
492,42,"(17, 23)",0,-0.08
492,43,"(17, 22)",1,-0.08
492,44,"(18, 22)",1,-0.08
492,45,"(19, 22)",0,-0.08
492,46,"(19, 21)",1,-0.08
492,47,"(20, 21)",0,-0.08
492,48,"(20, 20)",1,-0.08
492,49,"(21, 20)",1,-0.08
492,50,"(22, 20)",1,-0.08
492,51,"(23, 20)",1,-0.08
492,52,"(24, 20)",1,-0.08
492,53,"(25, 20)",0,-0.08
492,54,"(25, 19)",0,-0.08
492,55,"(25, 18)",0,-0.08
492,56,"(25, 17)",1,-0.08
492,57,"(26, 17)",1,-0.08
492,58,"(27, 17)",0,-0.08
492,59,"(27, 16)",0,-0.08
492,60,"(27, 15)",0,-0.08
492,61,"(27, 14)",0,-0.08
492,62,"(27, 13)",1,-0.08
492,63,"(28, 13)",1,-0.08
492,64,"(29, 13)",1,-0.08
492,65,"(30, 13)",1,-0.08
492,66,"(31, 13)",1,-0.08
492,67,"(32, 13)",1,-0.08
492,68,"(33, 13)",1,-0.08
492,69,"(34, 13)",1,-0.08
492,70,"(35, 13)",1,-0.08
492,71,"(36, 13)",0,-0.08
492,72,"(36, 12)",1,-0.08
492,73,"(37, 12)",1,-0.08
492,74,"(38, 12)",1,-0.08
492,75,"(39, 12)",0,-0.08
492,76,"(39, 11)",1,-0.08
492,77,"(40, 11)",1,-0.08
492,78,"(41, 11)",1,-0.08
492,79,"(42, 11)",1,-0.08
492,80,"(43, 11)",1,-0.08
492,81,"(44, 11)",1,-0.08
492,82,"(45, 11)",0,-0.08
492,83,"(45, 10)",0,-0.08
492,84,"(45, 9)",1,-0.08
492,85,"(46, 9)",0,-0.08
492,86,"(46, 8)",0,-0.08
492,87,"(46, 7)",1,-0.08
492,88,"(47, 7)",1,-0.08
492,89,"(48, 7)",1,-0.08
492,90,"(49, 7)",1,-0.08
492,91,"(50, 7)",1,-0.08
492,92,"(51, 7)",1,-0.08
492,93,"(52, 7)",1,-0.08
492,94,"(53, 7)",1,-0.08
492,95,"(54, 7)",1,-0.08
492,96,"(55, 7)",1,-0.08
492,97,"(56, 7)",1,-0.08
492,98,"(57, 7)",1,-0.08
492,99,"(58, 7)",1,-0.08
492,100,"(59, 7)",1,-0.08
492,101,"(60, 7)",1,-0.08
492,102,"(61, 7)",1,-0.08
492,103,"(62, 7)",1,-0.08
492,104,"(63, 7)",1,-0.08
492,105,"(64, 7)",1,-0.08
492,106,"(65, 7)",1,-0.08
492,107,"(66, 7)",1,-0.08
492,108,"(67, 7)",1,-0.08
492,109,"(68, 7)",1,-0.08
492,110,"(69, 7)",0,-0.08
492,111,"(69, 6)",1,-0.08
492,112,"(70, 6)",1,-0.08
492,113,"(71, 6)",0,-0.08
492,114,"(71, 5)",1,-0.08
492,115,"(72, 5)",1,-0.08
492,116,"(73, 5)",1,-0.08
492,117,"(74, 5)",0,-0.08
492,118,"(74, 4)",1,-0.08
492,119,"(75, 4)",0,-0.08
492,120,"(75, 3)",1,-0.08
492,121,"(76, 3)",0,-0.08
492,122,"(76, 2)",1,-0.08
492,123,"(77, 2)",0,-0.08
492,124,"(77, 1)",0,-0.08
492,125,"(77, 0)",1,-0.08
492,126,"(78, 0)",1,8.33
493,0,"(0, 39)",1,-0.08
493,1,"(1, 39)",0,-0.08
493,2,"(1, 38)",0,-0.08
493,3,"(1, 37)",1,-8.33
493,4,"(1, 37)",0,-8.33
493,5,"(1, 37)",3,-0.08
493,6,"(0, 37)",0,-0.08
493,7,"(0, 36)",0,-0.08
493,8,"(0, 35)",0,-0.08
493,9,"(0, 34)",1,-0.08
493,10,"(1, 34)",1,-0.08
493,11,"(2, 34)",0,-0.08
493,12,"(2, 33)",1,-0.08
493,13,"(3, 33)",0,-0.08
493,14,"(3, 32)",0,-0.08
493,15,"(3, 31)",0,-8.33
493,16,"(3, 31)",3,-0.08
493,17,"(2, 31)",3,-0.08
493,18,"(1, 31)",0,-0.08
493,19,"(1, 30)",0,-0.08
493,20,"(1, 29)",1,-0.08
493,21,"(2, 29)",1,-0.08
493,22,"(3, 29)",0,-0.08
493,23,"(3, 28)",0,-0.08
493,24,"(3, 27)",0,-0.08
493,25,"(3, 26)",0,-0.08
493,26,"(3, 25)",1,-0.08
493,27,"(4, 25)",1,-0.08
493,28,"(5, 25)",1,-0.08
493,29,"(6, 25)",1,-0.08
493,30,"(7, 25)",1,-0.08
493,31,"(8, 25)",1,-0.08
493,32,"(9, 25)",0,-0.08
493,33,"(9, 24)",1,-0.08
493,34,"(10, 24)",1,-0.08
493,35,"(11, 24)",1,-0.08
493,36,"(12, 24)",1,-0.08
493,37,"(13, 24)",0,-0.08
493,38,"(13, 23)",1,-0.08
493,39,"(14, 23)",1,-0.08
493,40,"(15, 23)",1,-0.08
493,41,"(16, 23)",1,-0.08
493,42,"(17, 23)",0,-0.08
493,43,"(17, 22)",1,-0.08
493,44,"(18, 22)",1,-0.08
493,45,"(19, 22)",1,-0.08
493,46,"(20, 22)",0,-0.08
493,47,"(20, 21)",0,-0.08
493,48,"(20, 20)",1,-0.08
493,49,"(21, 20)",0,-0.08
493,50,"(21, 19)",1,-0.08
493,51,"(22, 19)",1,-0.08
493,52,"(23, 19)",0,-0.08
493,53,"(23, 18)",0,-0.08
493,54,"(23, 17)",0,-0.08
493,55,"(23, 16)",0,-0.08
493,56,"(23, 15)",1,-0.08
493,57,"(24, 15)",1,-0.08
493,58,"(25, 15)",1,-0.08
493,59,"(26, 15)",1,-0.08
493,60,"(27, 15)",0,-0.08
493,61,"(27, 14)",0,-0.08
493,62,"(27, 13)",1,-0.08
493,63,"(28, 13)",1,-0.08
493,64,"(29, 13)",1,-0.08
493,65,"(30, 13)",1,-0.08
493,66,"(31, 13)",1,-0.08
493,67,"(32, 13)",1,-0.08
493,68,"(33, 13)",1,-0.08
493,69,"(34, 13)",1,-0.08
493,70,"(35, 13)",0,-0.08
493,71,"(35, 12)",1,-0.08
493,72,"(36, 12)",1,-0.08
493,73,"(37, 12)",1,-0.08
493,74,"(38, 12)",1,-0.08
493,75,"(39, 12)",0,-0.08
493,76,"(39, 11)",1,-0.08
493,77,"(40, 11)",1,-0.08
493,78,"(41, 11)",1,-0.08
493,79,"(42, 11)",1,-0.08
493,80,"(43, 11)",1,-0.08
493,81,"(44, 11)",1,-0.08
493,82,"(45, 11)",0,-0.08
493,83,"(45, 10)",1,-0.08
493,84,"(46, 10)",1,-0.08
493,85,"(47, 10)",1,-0.08
493,86,"(48, 10)",1,-0.08
493,87,"(49, 10)",1,-0.08
493,88,"(50, 10)",0,-0.08
493,89,"(50, 9)",0,-0.08
493,90,"(50, 8)",0,-0.08
493,91,"(50, 7)",1,-0.08
493,92,"(51, 7)",1,-0.08
493,93,"(52, 7)",1,-0.08
493,94,"(53, 7)",1,-0.08
493,95,"(54, 7)",1,-0.08
493,96,"(55, 7)",1,-0.08
493,97,"(56, 7)",1,-0.08
493,98,"(57, 7)",1,-0.08
493,99,"(58, 7)",1,-0.08
493,100,"(59, 7)",1,-0.08
493,101,"(60, 7)",1,-0.08
493,102,"(61, 7)",1,-0.08
493,103,"(62, 7)",1,-0.08
493,104,"(63, 7)",1,-0.08
493,105,"(64, 7)",1,-0.08
493,106,"(65, 7)",1,-0.08
493,107,"(66, 7)",1,-0.08
493,108,"(67, 7)",1,-0.08
493,109,"(68, 7)",1,-0.08
493,110,"(69, 7)",1,-0.08
493,111,"(70, 7)",1,-0.08
493,112,"(71, 7)",1,-0.08
493,113,"(72, 7)",1,-0.08
493,114,"(73, 7)",1,-0.08
493,115,"(74, 7)",0,-0.08
493,116,"(74, 6)",0,-0.08
493,117,"(74, 5)",0,-0.08
493,118,"(74, 4)",0,-0.08
493,119,"(74, 3)",1,-0.08
493,120,"(75, 3)",1,-0.08
493,121,"(76, 3)",0,-0.08
493,122,"(76, 2)",1,-0.08
493,123,"(77, 2)",0,-0.08
493,124,"(77, 1)",0,-0.08
493,125,"(77, 0)",1,-0.08
493,126,"(78, 0)",1,8.33
494,0,"(0, 39)",1,-0.08
494,1,"(1, 39)",1,-0.08
494,2,"(2, 39)",1,-0.08
494,3,"(3, 39)",1,-0.08
494,4,"(4, 39)",0,-8.33
494,5,"(4, 39)",1,-0.08
494,6,"(5, 39)",1,-0.08
494,7,"(6, 39)",1,-0.08
494,8,"(7, 39)",1,-0.08
494,9,"(8, 39)",1,-0.08
494,10,"(9, 39)",1,-0.08
494,11,"(10, 39)",0,-0.08
494,12,"(10, 38)",1,-0.08
494,13,"(11, 38)",0,-0.08
494,14,"(11, 37)",1,-0.08
494,15,"(12, 37)",1,-0.08
494,16,"(13, 37)",1,-0.08
494,17,"(14, 37)",1,-0.08
494,18,"(15, 37)",1,-0.08
494,19,"(16, 37)",0,-0.08
494,20,"(16, 36)",1,-0.08
494,21,"(17, 36)",0,-0.08
494,22,"(17, 35)",1,-0.08
494,23,"(18, 35)",0,-0.08
494,24,"(18, 34)",0,-0.08
494,25,"(18, 33)",0,-8.33
494,26,"(18, 33)",1,-0.08
494,27,"(19, 33)",0,-0.08
494,28,"(19, 32)",0,-0.08
494,29,"(19, 31)",0,-0.08
494,30,"(19, 30)",0,-0.08
494,31,"(19, 29)",0,-0.08
494,32,"(19, 28)",1,-0.08
494,33,"(20, 28)",1,-0.08
494,34,"(21, 28)",0,-0.08
494,35,"(21, 27)",0,-0.08
494,36,"(21, 26)",1,-0.08
494,37,"(22, 26)",0,-0.08
494,38,"(22, 25)",0,-0.08
494,39,"(22, 24)",0,-0.08
494,40,"(22, 23)",1,-0.08
494,41,"(23, 23)",1,-0.08
494,42,"(24, 23)",0,-0.08
494,43,"(24, 22)",0,-0.08
494,44,"(24, 21)",1,-0.08
494,45,"(25, 21)",1,-0.08
494,46,"(26, 21)",1,-0.08
494,47,"(27, 21)",1,-0.08
494,48,"(28, 21)",0,-0.08
494,49,"(28, 20)",0,-0.08
494,50,"(28, 19)",1,-0.08
494,51,"(29, 19)",0,-8.33
494,52,"(29, 19)",1,-0.08
494,53,"(30, 19)",1,-0.08
494,54,"(31, 19)",0,-0.08
494,55,"(31, 18)",1,-0.08
494,56,"(32, 18)",0,-0.08
494,57,"(32, 17)",0,-0.08
494,58,"(32, 16)",0,-0.08
494,59,"(32, 15)",0,-0.08
494,60,"(32, 14)",0,-0.08
494,61,"(32, 13)",1,-0.08
494,62,"(33, 13)",1,-0.08
494,63,"(34, 13)",1,-0.08
494,64,"(35, 13)",1,-0.08
494,65,"(36, 13)",1,-0.08
494,66,"(37, 13)",1,-0.08
494,67,"(38, 13)",1,-0.08
494,68,"(39, 13)",0,-0.08
494,69,"(39, 12)",0,-0.08
494,70,"(39, 11)",1,-0.08
494,71,"(40, 11)",1,-0.08
494,72,"(41, 11)",1,-0.08
494,73,"(42, 11)",1,-0.08
494,74,"(43, 11)",1,-0.08
494,75,"(44, 11)",1,-0.08
494,76,"(45, 11)",0,-0.08
494,77,"(45, 10)",1,-0.08
494,78,"(46, 10)",0,-0.08
494,79,"(46, 9)",0,-0.08
494,80,"(46, 8)",0,-0.08
494,81,"(46, 7)",1,-0.08
494,82,"(47, 7)",1,-0.08
494,83,"(48, 7)",1,-0.08
494,84,"(49, 7)",1,-0.08
494,85,"(50, 7)",1,-0.08
494,86,"(51, 7)",1,-0.08
494,87,"(52, 7)",1,-0.08
494,88,"(53, 7)",1,-0.08
494,89,"(54, 7)",1,-0.08
494,90,"(55, 7)",1,-0.08
494,91,"(56, 7)",1,-0.08
494,92,"(57, 7)",1,-0.08
494,93,"(58, 7)",1,-0.08
494,94,"(59, 7)",1,-0.08
494,95,"(60, 7)",1,-0.08
494,96,"(61, 7)",1,-0.08
494,97,"(62, 7)",1,-0.08
494,98,"(63, 7)",1,-0.08
494,99,"(64, 7)",1,-0.08
494,100,"(65, 7)",1,-0.08
494,101,"(66, 7)",1,-0.08
494,102,"(67, 7)",1,-0.08
494,103,"(68, 7)",1,-0.08
494,104,"(69, 7)",1,-0.08
494,105,"(70, 7)",1,-0.08
494,106,"(71, 7)",1,-0.08
494,107,"(72, 7)",1,-0.08
494,108,"(73, 7)",1,-0.08
494,109,"(74, 7)",1,-0.08
494,110,"(75, 7)",1,-0.08
494,111,"(76, 7)",1,-0.08
494,112,"(77, 7)",0,-0.08
494,113,"(77, 6)",0,-0.08
494,114,"(77, 5)",0,-0.08
494,115,"(77, 4)",0,-0.08
494,116,"(77, 3)",0,-0.08
494,117,"(77, 2)",0,-0.08
494,118,"(77, 1)",0,-0.08
494,119,"(77, 0)",1,-0.08
494,120,"(78, 0)",1,8.33
495,0,"(0, 39)",0,-0.08
495,1,"(0, 38)",1,-0.08
495,2,"(1, 38)",1,-8.33
495,3,"(1, 38)",0,-0.08
495,4,"(1, 37)",0,-8.33
495,5,"(1, 37)",3,-0.08
495,6,"(0, 37)",0,-0.08
495,7,"(0, 36)",0,-0.08
495,8,"(0, 35)",0,-0.08
495,9,"(0, 34)",1,-0.08
495,10,"(1, 34)",0,-0.08
495,11,"(1, 33)",1,-0.08
495,12,"(2, 33)",1,-0.08
495,13,"(3, 33)",0,-0.08
495,14,"(3, 32)",0,-0.08
495,15,"(3, 31)",0,-8.33
495,16,"(3, 31)",2,-0.08
495,17,"(3, 32)",2,-0.08
495,18,"(3, 33)",1,-0.08
495,19,"(4, 33)",1,-0.08
495,20,"(5, 33)",1,-0.08
495,21,"(6, 33)",1,-0.08
495,22,"(7, 33)",0,-0.08
495,23,"(7, 32)",0,-0.08
495,24,"(7, 31)",1,-0.08
495,25,"(8, 31)",1,-0.08
495,26,"(9, 31)",0,-0.08
495,27,"(9, 30)",0,-0.08
495,28,"(9, 29)",1,-0.08
495,29,"(10, 29)",0,-0.08
495,30,"(10, 28)",0,-0.08
495,31,"(10, 27)",1,-0.08
495,32,"(11, 27)",1,-0.08
495,33,"(12, 27)",0,-0.08
495,34,"(12, 26)",1,-0.08
495,35,"(13, 26)",0,-0.08
495,36,"(13, 25)",0,-0.08
495,37,"(13, 24)",0,-0.08
495,38,"(13, 23)",1,-0.08
495,39,"(14, 23)",1,-0.08
495,40,"(15, 23)",1,-0.08
495,41,"(16, 23)",0,-0.08
495,42,"(16, 22)",1,-0.08
495,43,"(17, 22)",1,-0.08
495,44,"(18, 22)",1,-0.08
495,45,"(19, 22)",1,-0.08
495,46,"(20, 22)",1,-0.08
495,47,"(21, 22)",0,-0.08
495,48,"(21, 21)",1,-0.08
495,49,"(22, 21)",1,-0.08
495,50,"(23, 21)",1,-0.08
495,51,"(24, 21)",1,-0.08
495,52,"(25, 21)",0,-0.08
495,53,"(25, 20)",0,-0.08
495,54,"(25, 19)",0,-0.08
495,55,"(25, 18)",1,-0.08
495,56,"(26, 18)",0,-0.08
495,57,"(26, 17)",1,-0.08
495,58,"(27, 17)",0,-0.08
495,59,"(27, 16)",1,-0.08
495,60,"(28, 16)",0,-0.08
495,61,"(28, 15)",1,-0.08
495,62,"(29, 15)",0,-0.08
495,63,"(29, 14)",0,-0.08
495,64,"(29, 13)",1,-0.08
495,65,"(30, 13)",1,-0.08
495,66,"(31, 13)",1,-0.08
495,67,"(32, 13)",1,-0.08
495,68,"(33, 13)",1,-0.08
495,69,"(34, 13)",1,-0.08
495,70,"(35, 13)",0,-0.08
495,71,"(35, 12)",1,-0.08
495,72,"(36, 12)",1,-0.08
495,73,"(37, 12)",1,-0.08
495,74,"(38, 12)",1,-0.08
495,75,"(39, 12)",0,-0.08
495,76,"(39, 11)",1,-0.08
495,77,"(40, 11)",1,-0.08
495,78,"(41, 11)",1,-0.08
495,79,"(42, 11)",1,-0.08
495,80,"(43, 11)",1,-0.08
495,81,"(44, 11)",1,-0.08
495,82,"(45, 11)",0,-0.08
495,83,"(45, 10)",1,-0.08
495,84,"(46, 10)",0,-0.08
495,85,"(46, 9)",0,-0.08
495,86,"(46, 8)",0,-0.08
495,87,"(46, 7)",1,-0.08
495,88,"(47, 7)",1,-0.08
495,89,"(48, 7)",1,-0.08
495,90,"(49, 7)",1,-0.08
495,91,"(50, 7)",1,-0.08
495,92,"(51, 7)",1,-0.08
495,93,"(52, 7)",1,-0.08
495,94,"(53, 7)",1,-0.08
495,95,"(54, 7)",1,-0.08
495,96,"(55, 7)",1,-0.08
495,97,"(56, 7)",1,-0.08
495,98,"(57, 7)",1,-0.08
495,99,"(58, 7)",1,-0.08
495,100,"(59, 7)",1,-0.08
495,101,"(60, 7)",1,-0.08
495,102,"(61, 7)",1,-0.08
495,103,"(62, 7)",1,-0.08
495,104,"(63, 7)",1,-0.08
495,105,"(64, 7)",1,-0.08
495,106,"(65, 7)",1,-0.08
495,107,"(66, 7)",1,-0.08
495,108,"(67, 7)",1,-0.08
495,109,"(68, 7)",1,-0.08
495,110,"(69, 7)",0,-0.08
495,111,"(69, 6)",1,-0.08
495,112,"(70, 6)",1,-0.08
495,113,"(71, 6)",0,-0.08
495,114,"(71, 5)",1,-0.08
495,115,"(72, 5)",1,-0.08
495,116,"(73, 5)",1,-0.08
495,117,"(74, 5)",1,-0.08
495,118,"(75, 5)",1,-0.08
495,119,"(76, 5)",1,-0.08
495,120,"(77, 5)",0,-0.08
495,121,"(77, 4)",0,-0.08
495,122,"(77, 3)",0,-0.08
495,123,"(77, 2)",0,-0.08
495,124,"(77, 1)",0,-0.08
495,125,"(77, 0)",1,-0.08
495,126,"(78, 0)",1,8.33
496,0,"(0, 39)",0,-0.08
496,1,"(0, 38)",0,-0.08
496,2,"(0, 37)",0,-0.08
496,3,"(0, 36)",1,-8.33
496,4,"(0, 36)",0,-0.08
496,5,"(0, 35)",0,-0.08
496,6,"(0, 34)",0,-0.08
496,7,"(0, 33)",1,-0.08
496,8,"(1, 33)",1,-0.08
496,9,"(2, 33)",1,-0.08
496,10,"(3, 33)",1,-0.08
496,11,"(4, 33)",1,-0.08
496,12,"(5, 33)",1,-0.08
496,13,"(6, 33)",1,-0.08
496,14,"(7, 33)",0,-0.08
496,15,"(7, 32)",0,-0.08
496,16,"(7, 31)",1,-0.08
496,17,"(8, 31)",1,-0.08
496,18,"(9, 31)",0,-0.08
496,19,"(9, 30)",0,-0.08
496,20,"(9, 29)",1,-0.08
496,21,"(10, 29)",0,-0.08
496,22,"(10, 28)",0,-0.08
496,23,"(10, 27)",1,-0.08
496,24,"(11, 27)",1,-0.08
496,25,"(12, 27)",0,-0.08
496,26,"(12, 26)",1,-0.08
496,27,"(13, 26)",0,-0.08
496,28,"(13, 25)",1,-0.08
496,29,"(14, 25)",0,-0.08
496,30,"(14, 24)",0,-0.08
496,31,"(14, 23)",1,-0.08
496,32,"(15, 23)",1,-0.08
496,33,"(16, 23)",0,-0.08
496,34,"(16, 22)",1,-0.08
496,35,"(17, 22)",1,-0.08
496,36,"(18, 22)",1,-0.08
496,37,"(19, 22)",1,-0.08
496,38,"(20, 22)",0,-0.08
496,39,"(20, 21)",1,-0.08
496,40,"(21, 21)",1,-0.08
496,41,"(22, 21)",0,-0.08
496,42,"(22, 20)",1,-0.08
496,43,"(23, 20)",0,-0.08
496,44,"(23, 19)",0,-0.08
496,45,"(23, 18)",0,-0.08
496,46,"(23, 17)",1,-0.08
496,47,"(24, 17)",1,-0.08
496,48,"(25, 17)",1,-0.08
496,49,"(26, 17)",1,-0.08
496,50,"(27, 17)",1,-0.08
496,51,"(28, 17)",1,-0.08
496,52,"(29, 17)",0,-0.08
496,53,"(29, 16)",0,-0.08
496,54,"(29, 15)",1,-0.08
496,55,"(30, 15)",1,-0.08
496,56,"(31, 15)",1,-0.08
496,57,"(32, 15)",1,-0.08
496,58,"(33, 15)",1,-0.08
496,59,"(34, 15)",0,-0.08
496,60,"(34, 14)",1,-0.08
496,61,"(35, 14)",0,-0.08
496,62,"(35, 13)",1,-0.08
496,63,"(36, 13)",0,-0.08
496,64,"(36, 12)",1,-0.08
496,65,"(37, 12)",1,-0.08
496,66,"(38, 12)",1,-0.08
496,67,"(39, 12)",0,-0.08
496,68,"(39, 11)",1,-0.08
496,69,"(40, 11)",1,-0.08
496,70,"(41, 11)",1,-0.08
496,71,"(42, 11)",1,-0.08
496,72,"(43, 11)",1,-0.08
496,73,"(44, 11)",1,-0.08
496,74,"(45, 11)",0,-0.08
496,75,"(45, 10)",0,-0.08
496,76,"(45, 9)",1,-0.08
496,77,"(46, 9)",0,-0.08
496,78,"(46, 8)",0,-0.08
496,79,"(46, 7)",1,-0.08
496,80,"(47, 7)",1,-0.08
496,81,"(48, 7)",1,-0.08
496,82,"(49, 7)",1,-0.08
496,83,"(50, 7)",1,-0.08
496,84,"(51, 7)",1,-0.08
496,85,"(52, 7)",1,-0.08
496,86,"(53, 7)",1,-0.08
496,87,"(54, 7)",1,-0.08
496,88,"(55, 7)",1,-0.08
496,89,"(56, 7)",1,-0.08
496,90,"(57, 7)",1,-0.08
496,91,"(58, 7)",1,-0.08
496,92,"(59, 7)",1,-0.08
496,93,"(60, 7)",1,-0.08
496,94,"(61, 7)",1,-0.08
496,95,"(62, 7)",1,-0.08
496,96,"(63, 7)",1,-0.08
496,97,"(64, 7)",1,-0.08
496,98,"(65, 7)",1,-0.08
496,99,"(66, 7)",1,-0.08
496,100,"(67, 7)",1,-0.08
496,101,"(68, 7)",1,-0.08
496,102,"(69, 7)",1,-0.08
496,103,"(70, 7)",1,-0.08
496,104,"(71, 7)",0,-0.08
496,105,"(71, 6)",0,-0.08
496,106,"(71, 5)",1,-0.08
496,107,"(72, 5)",1,-0.08
496,108,"(73, 5)",1,-0.08
496,109,"(74, 5)",1,-0.08
496,110,"(75, 5)",1,-0.08
496,111,"(76, 5)",0,-8.33
496,112,"(76, 5)",1,-0.08
496,113,"(77, 5)",0,-0.08
496,114,"(77, 4)",0,-0.08
496,115,"(77, 3)",0,-0.08
496,116,"(77, 2)",0,-0.08
496,117,"(77, 1)",0,-0.08
496,118,"(77, 0)",1,-0.08
496,119,"(78, 0)",1,8.33
497,0,"(0, 39)",0,-0.08
497,1,"(0, 38)",0,-0.08
497,2,"(0, 37)",1,-0.08
497,3,"(1, 37)",0,-8.33
497,4,"(1, 37)",3,-0.08
497,5,"(0, 37)",0,-0.08
497,6,"(0, 36)",0,-0.08
497,7,"(0, 35)",0,-0.08
497,8,"(0, 34)",0,-0.08
497,9,"(0, 33)",1,-0.08
497,10,"(1, 33)",0,-0.08
497,11,"(1, 32)",0,-0.08
497,12,"(1, 31)",0,-0.08
497,13,"(1, 30)",0,-0.08
497,14,"(1, 29)",0,-0.08
497,15,"(1, 28)",0,-0.08
497,16,"(1, 27)",0,-0.08
497,17,"(1, 26)",0,-0.08
497,18,"(1, 25)",1,-0.08
497,19,"(2, 25)",1,-0.08
497,20,"(3, 25)",1,-0.08
497,21,"(4, 25)",1,-0.08
497,22,"(5, 25)",1,-0.08
497,23,"(6, 25)",1,-0.08
497,24,"(7, 25)",1,-0.08
497,25,"(8, 25)",1,-0.08
497,26,"(9, 25)",0,-0.08
497,27,"(9, 24)",1,-0.08
497,28,"(10, 24)",1,-0.08
497,29,"(11, 24)",1,-0.08
497,30,"(12, 24)",1,-0.08
497,31,"(13, 24)",1,-0.08
497,32,"(14, 24)",0,-0.08
497,33,"(14, 23)",1,-0.08
497,34,"(15, 23)",1,-0.08
497,35,"(16, 23)",1,-0.08
497,36,"(17, 23)",1,-0.08
497,37,"(18, 23)",0,-0.08
497,38,"(18, 22)",1,-0.08
497,39,"(19, 22)",1,-0.08
497,40,"(20, 22)",1,-0.08
497,41,"(21, 22)",0,-0.08
497,42,"(21, 21)",1,-0.08
497,43,"(22, 21)",1,-0.08
497,44,"(23, 21)",1,-0.08
497,45,"(24, 21)",1,-0.08
497,46,"(25, 21)",1,-0.08
497,47,"(26, 21)",1,-0.08
497,48,"(27, 21)",1,-0.08
497,49,"(28, 21)",0,-0.08
497,50,"(28, 20)",0,-0.08
497,51,"(28, 19)",1,-0.08
497,52,"(29, 19)",0,-8.33
497,53,"(29, 19)",1,-0.08
497,54,"(30, 19)",1,-0.08
497,55,"(31, 19)",0,-0.08
497,56,"(31, 18)",0,-0.08
497,57,"(31, 17)",0,-0.08
497,58,"(31, 16)",0,-0.08
497,59,"(31, 15)",0,-0.08
497,60,"(31, 14)",0,-0.08
497,61,"(31, 13)",1,-0.08
497,62,"(32, 13)",1,-0.08
497,63,"(33, 13)",1,-0.08
497,64,"(34, 13)",1,-0.08
497,65,"(35, 13)",1,-0.08
497,66,"(36, 13)",1,-0.08
497,67,"(37, 13)",1,-0.08
497,68,"(38, 13)",0,-0.08
497,69,"(38, 12)",1,-0.08
497,70,"(39, 12)",0,-0.08
497,71,"(39, 11)",1,-0.08
497,72,"(40, 11)",1,-0.08
497,73,"(41, 11)",1,-0.08
497,74,"(42, 11)",1,-0.08
497,75,"(43, 11)",1,-0.08
497,76,"(44, 11)",1,-0.08
497,77,"(45, 11)",0,-0.08
497,78,"(45, 10)",0,-0.08
497,79,"(45, 9)",1,-0.08
497,80,"(46, 9)",0,-0.08
497,81,"(46, 8)",0,-0.08
497,82,"(46, 7)",1,-0.08
497,83,"(47, 7)",1,-0.08
497,84,"(48, 7)",1,-0.08
497,85,"(49, 7)",1,-0.08
497,86,"(50, 7)",1,-0.08
497,87,"(51, 7)",1,-0.08
497,88,"(52, 7)",1,-0.08
497,89,"(53, 7)",1,-0.08
497,90,"(54, 7)",1,-0.08
497,91,"(55, 7)",1,-0.08
497,92,"(56, 7)",1,-0.08
497,93,"(57, 7)",1,-0.08
497,94,"(58, 7)",1,-0.08
497,95,"(59, 7)",1,-0.08
497,96,"(60, 7)",1,-0.08
497,97,"(61, 7)",1,-0.08
497,98,"(62, 7)",1,-0.08
497,99,"(63, 7)",1,-0.08
497,100,"(64, 7)",1,-0.08
497,101,"(65, 7)",1,-0.08
497,102,"(66, 7)",1,-0.08
497,103,"(67, 7)",1,-0.08
497,104,"(68, 7)",1,-0.08
497,105,"(69, 7)",0,-0.08
497,106,"(69, 6)",1,-0.08
497,107,"(70, 6)",1,-0.08
497,108,"(71, 6)",0,-0.08
497,109,"(71, 5)",1,-0.08
497,110,"(72, 5)",1,-0.08
497,111,"(73, 5)",1,-0.08
497,112,"(74, 5)",0,-0.08
497,113,"(74, 4)",1,-0.08
497,114,"(75, 4)",0,-0.08
497,115,"(75, 3)",1,-0.08
497,116,"(76, 3)",0,-0.08
497,117,"(76, 2)",0,-0.08
497,118,"(76, 1)",0,-0.08
497,119,"(76, 0)",1,-0.08
497,120,"(77, 0)",1,-0.08
497,121,"(78, 0)",1,8.33
498,0,"(0, 39)",1,-0.08
498,1,"(1, 39)",0,-0.08
498,2,"(1, 38)",1,-8.33
498,3,"(1, 38)",0,-0.08
498,4,"(1, 37)",0,-8.33
498,5,"(1, 37)",3,-0.08
498,6,"(0, 37)",0,-0.08
498,7,"(0, 36)",0,-0.08
498,8,"(0, 35)",1,-0.08
498,9,"(1, 35)",1,-0.08
498,10,"(2, 35)",0,-0.08
498,11,"(2, 34)",0,-0.08
498,12,"(2, 33)",0,-0.08
498,13,"(2, 32)",1,-0.08
498,14,"(3, 32)",0,-0.08
498,15,"(3, 31)",0,-8.33
498,16,"(3, 31)",0,-8.33
498,17,"(3, 31)",3,-0.08
498,18,"(2, 31)",3,-0.08
498,19,"(1, 31)",0,-0.08
498,20,"(1, 30)",0,-0.08
498,21,"(1, 29)",0,-0.08
498,22,"(1, 28)",0,-0.08
498,23,"(1, 27)",0,-0.08
498,24,"(1, 26)",0,-0.08
498,25,"(1, 25)",1,-0.08
498,26,"(2, 25)",1,-0.08
498,27,"(3, 25)",1,-0.08
498,28,"(4, 25)",1,-0.08
498,29,"(5, 25)",1,-0.08
498,30,"(6, 25)",1,-0.08
498,31,"(7, 25)",1,-0.08
498,32,"(8, 25)",1,-0.08
498,33,"(9, 25)",1,-0.08
498,34,"(10, 25)",0,-0.08
498,35,"(10, 24)",1,-0.08
498,36,"(11, 24)",1,-0.08
498,37,"(12, 24)",1,-0.08
498,38,"(13, 24)",0,-0.08
498,39,"(13, 23)",1,-0.08
498,40,"(14, 23)",1,-0.08
498,41,"(15, 23)",1,-0.08
498,42,"(16, 23)",0,-0.08
498,43,"(16, 22)",1,-0.08
498,44,"(17, 22)",1,-0.08
498,45,"(18, 22)",1,-0.08
498,46,"(19, 22)",0,-0.08
498,47,"(19, 21)",0,-0.08
498,48,"(19, 20)",0,-0.08
498,49,"(19, 19)",1,-0.08
498,50,"(20, 19)",1,-0.08
498,51,"(21, 19)",1,-0.08
498,52,"(22, 19)",1,-0.08
498,53,"(23, 19)",0,-0.08
498,54,"(23, 18)",0,-0.08
498,55,"(23, 17)",1,-0.08
498,56,"(24, 17)",1,-0.08
498,57,"(25, 17)",1,-0.08
498,58,"(26, 17)",1,-0.08
498,59,"(27, 17)",1,-0.08
498,60,"(28, 17)",0,-0.08
498,61,"(28, 16)",0,-0.08
498,62,"(28, 15)",1,-0.08
498,63,"(29, 15)",1,-0.08
498,64,"(30, 15)",1,-0.08
498,65,"(31, 15)",1,-0.08
498,66,"(32, 15)",1,-0.08
498,67,"(33, 15)",1,-0.08
498,68,"(34, 15)",1,-0.08
498,69,"(35, 15)",0,-0.08
498,70,"(35, 14)",0,-0.08
498,71,"(35, 13)",0,-0.08
498,72,"(35, 12)",1,-0.08
498,73,"(36, 12)",1,-0.08
498,74,"(37, 12)",1,-0.08
498,75,"(38, 12)",1,-0.08
498,76,"(39, 12)",0,-0.08
498,77,"(39, 11)",1,-0.08
498,78,"(40, 11)",1,-0.08
498,79,"(41, 11)",1,-0.08
498,80,"(42, 11)",1,-0.08
498,81,"(43, 11)",1,-0.08
498,82,"(44, 11)",1,-0.08
498,83,"(45, 11)",0,-0.08
498,84,"(45, 10)",1,-0.08
498,85,"(46, 10)",1,-0.08
498,86,"(47, 10)",1,-0.08
498,87,"(48, 10)",1,-0.08
498,88,"(49, 10)",0,-0.08
498,89,"(49, 9)",1,-0.08
498,90,"(50, 9)",0,-0.08
498,91,"(50, 8)",0,-0.08
498,92,"(50, 7)",1,-0.08
498,93,"(51, 7)",1,-0.08
498,94,"(52, 7)",1,-0.08
498,95,"(53, 7)",1,-0.08
498,96,"(54, 7)",1,-0.08
498,97,"(55, 7)",1,-0.08
498,98,"(56, 7)",1,-0.08
498,99,"(57, 7)",1,-0.08
498,100,"(58, 7)",1,-0.08
498,101,"(59, 7)",1,-0.08
498,102,"(60, 7)",1,-0.08
498,103,"(61, 7)",1,-0.08
498,104,"(62, 7)",1,-0.08
498,105,"(63, 7)",1,-0.08
498,106,"(64, 7)",1,-0.08
498,107,"(65, 7)",1,-0.08
498,108,"(66, 7)",1,-0.08
498,109,"(67, 7)",1,-0.08
498,110,"(68, 7)",1,-0.08
498,111,"(69, 7)",0,-0.08
498,112,"(69, 6)",1,-0.08
498,113,"(70, 6)",1,-0.08
498,114,"(71, 6)",1,-0.08
498,115,"(72, 6)",1,-0.08
498,116,"(73, 6)",1,-0.08
498,117,"(74, 6)",0,-0.08
498,118,"(74, 5)",1,-0.08
498,119,"(75, 5)",1,-0.08
498,120,"(76, 5)",1,-0.08
498,121,"(77, 5)",0,-0.08
498,122,"(77, 4)",0,-0.08
498,123,"(77, 3)",0,-0.08
498,124,"(77, 2)",0,-0.08
498,125,"(77, 1)",0,-0.08
498,126,"(77, 0)",1,-0.08
498,127,"(78, 0)",1,8.33
499,0,"(0, 39)",1,-0.08
499,1,"(1, 39)",0,-0.08
499,2,"(1, 38)",1,-8.33
499,3,"(1, 38)",0,-0.08
499,4,"(1, 37)",0,-8.33
499,5,"(1, 37)",3,-0.08
499,6,"(0, 37)",0,-0.08
499,7,"(0, 36)",0,-0.08
499,8,"(0, 35)",1,-0.08
499,9,"(1, 35)",0,-0.08
499,10,"(1, 34)",0,-0.08
499,11,"(1, 33)",1,-0.08
499,12,"(2, 33)",1,-0.08
499,13,"(3, 33)",0,-0.08
499,14,"(3, 32)",0,-0.08
499,15,"(3, 31)",0,-8.33
499,16,"(3, 31)",3,-0.08
499,17,"(2, 31)",3,-0.08
499,18,"(1, 31)",0,-0.08
499,19,"(1, 30)",0,-0.08
499,20,"(1, 29)",0,-0.08
499,21,"(1, 28)",0,-0.08
499,22,"(1, 27)",0,-0.08
499,23,"(1, 26)",0,-0.08
499,24,"(1, 25)",1,-0.08
499,25,"(2, 25)",1,-0.08
499,26,"(3, 25)",1,-0.08
499,27,"(4, 25)",1,-0.08
499,28,"(5, 25)",1,-0.08
499,29,"(6, 25)",1,-0.08
499,30,"(7, 25)",1,-0.08
499,31,"(8, 25)",1,-0.08
499,32,"(9, 25)",0,-0.08
499,33,"(9, 24)",1,-0.08
499,34,"(10, 24)",1,-0.08
499,35,"(11, 24)",1,-0.08
499,36,"(12, 24)",1,-0.08
499,37,"(13, 24)",0,-0.08
499,38,"(13, 23)",1,-0.08
499,39,"(14, 23)",1,-0.08
499,40,"(15, 23)",1,-0.08
499,41,"(16, 23)",1,-0.08
499,42,"(17, 23)",0,-0.08
499,43,"(17, 22)",1,-0.08
499,44,"(18, 22)",1,-0.08
499,45,"(19, 22)",1,-0.08
499,46,"(20, 22)",1,-0.08
499,47,"(21, 22)",0,-0.08
499,48,"(21, 21)",1,-0.08
499,49,"(22, 21)",0,-0.08
499,50,"(22, 20)",1,-0.08
499,51,"(23, 20)",1,-0.08
499,52,"(24, 20)",1,-0.08
499,53,"(25, 20)",0,-0.08
499,54,"(25, 19)",0,-0.08
499,55,"(25, 18)",0,-0.08
499,56,"(25, 17)",1,-0.08
499,57,"(26, 17)",1,-0.08
499,58,"(27, 17)",1,-0.08
499,59,"(28, 17)",1,-0.08
499,60,"(29, 17)",1,-0.08
499,61,"(30, 17)",1,-0.08
499,62,"(31, 17)",0,-0.08
499,63,"(31, 16)",1,-0.08
499,64,"(32, 16)",0,-0.08
499,65,"(32, 15)",1,-0.08
499,66,"(33, 15)",1,-0.08
499,67,"(34, 15)",0,-0.08
499,68,"(34, 14)",0,-0.08
499,69,"(34, 13)",1,-0.08
499,70,"(35, 13)",0,-0.08
499,71,"(35, 12)",1,-0.08
499,72,"(36, 12)",1,-0.08
499,73,"(37, 12)",1,-0.08
499,74,"(38, 12)",1,-0.08
499,75,"(39, 12)",0,-0.08
499,76,"(39, 11)",1,-0.08
499,77,"(40, 11)",1,-0.08
499,78,"(41, 11)",1,-0.08
499,79,"(42, 11)",1,-0.08
499,80,"(43, 11)",1,-0.08
499,81,"(44, 11)",1,-0.08
499,82,"(45, 11)",0,-0.08
499,83,"(45, 10)",1,-0.08
499,84,"(46, 10)",0,-0.08
499,85,"(46, 9)",0,-0.08
499,86,"(46, 8)",0,-0.08
499,87,"(46, 7)",1,-0.08
499,88,"(47, 7)",1,-0.08
499,89,"(48, 7)",1,-0.08
499,90,"(49, 7)",1,-0.08
499,91,"(50, 7)",1,-0.08
499,92,"(51, 7)",1,-0.08
499,93,"(52, 7)",1,-0.08
499,94,"(53, 7)",1,-0.08
499,95,"(54, 7)",1,-0.08
499,96,"(55, 7)",1,-0.08
499,97,"(56, 7)",1,-0.08
499,98,"(57, 7)",1,-0.08
499,99,"(58, 7)",1,-0.08
499,100,"(59, 7)",1,-0.08
499,101,"(60, 7)",1,-0.08
499,102,"(61, 7)",1,-0.08
499,103,"(62, 7)",1,-0.08
499,104,"(63, 7)",1,-0.08
499,105,"(64, 7)",1,-0.08
499,106,"(65, 7)",1,-0.08
499,107,"(66, 7)",1,-0.08
499,108,"(67, 7)",1,-0.08
499,109,"(68, 7)",1,-0.08
499,110,"(69, 7)",0,-0.08
499,111,"(69, 6)",1,-0.08
499,112,"(70, 6)",1,-0.08
499,113,"(71, 6)",0,-0.08
499,114,"(71, 5)",1,-0.08
499,115,"(72, 5)",1,-0.08
499,116,"(73, 5)",1,-0.08
499,117,"(74, 5)",1,-0.08
499,118,"(75, 5)",1,-0.08
499,119,"(76, 5)",1,-0.08
499,120,"(77, 5)",0,-0.08
499,121,"(77, 4)",0,-0.08
499,122,"(77, 3)",0,-0.08
499,123,"(77, 2)",0,-0.08
499,124,"(77, 1)",0,-0.08
499,125,"(77, 0)",1,-0.08
499,126,"(78, 0)",1,8.33
500,0,"(0, 39)",1,-0.08
500,1,"(1, 39)",0,-0.08
500,2,"(1, 38)",0,-0.08
500,3,"(1, 37)",1,-8.33
500,4,"(1, 37)",0,-8.33
500,5,"(1, 37)",3,-0.08
500,6,"(0, 37)",0,-0.08
500,7,"(0, 36)",0,-0.08
500,8,"(0, 35)",1,-0.08
500,9,"(1, 35)",0,-0.08
500,10,"(1, 34)",1,-0.08
500,11,"(2, 34)",0,-0.08
500,12,"(2, 33)",1,-0.08
500,13,"(3, 33)",1,-0.08
500,14,"(4, 33)",1,-0.08
500,15,"(5, 33)",0,-0.08
500,16,"(5, 32)",0,-0.08
500,17,"(5, 31)",0,-0.08
500,18,"(5, 30)",0,-0.08
500,19,"(5, 29)",1,-0.08
500,20,"(6, 29)",1,-0.08
500,21,"(7, 29)",0,-0.08
500,22,"(7, 28)",1,-0.08
500,23,"(8, 28)",0,-0.08
500,24,"(8, 27)",1,-0.08
500,25,"(9, 27)",1,-0.08
500,26,"(10, 27)",0,-8.33
500,27,"(10, 27)",1,-0.08
500,28,"(11, 27)",1,-0.08
500,29,"(12, 27)",0,-0.08
500,30,"(12, 26)",1,-0.08
500,31,"(13, 26)",0,-0.08
500,32,"(13, 25)",1,-0.08
500,33,"(14, 25)",1,-0.08
500,34,"(15, 25)",1,-0.08
500,35,"(16, 25)",1,-0.08
500,36,"(17, 25)",0,-0.08
500,37,"(17, 24)",0,-0.08
500,38,"(17, 23)",1,-0.08
500,39,"(18, 23)",1,-0.08
500,40,"(19, 23)",1,-0.08
500,41,"(20, 23)",1,-0.08
500,42,"(21, 23)",0,-0.08
500,43,"(21, 22)",0,-0.08
500,44,"(21, 21)",0,-0.08
500,45,"(21, 20)",0,-0.08
500,46,"(21, 19)",1,-0.08
500,47,"(22, 19)",1,-0.08
500,48,"(23, 19)",0,-0.08
500,49,"(23, 18)",0,-0.08
500,50,"(23, 17)",1,-0.08
500,51,"(24, 17)",1,-0.08
500,52,"(25, 17)",1,-0.08
500,53,"(26, 17)",1,-0.08
500,54,"(27, 17)",0,-0.08
500,55,"(27, 16)",1,-0.08
500,56,"(28, 16)",1,-0.08
500,57,"(29, 16)",0,-0.08
500,58,"(29, 15)",1,-0.08
500,59,"(30, 15)",1,-0.08
500,60,"(31, 15)",0,-0.08
500,61,"(31, 14)",1,-0.08
500,62,"(32, 14)",0,-0.08
500,63,"(32, 13)",1,-0.08
500,64,"(33, 13)",1,-0.08
500,65,"(34, 13)",1,-0.08
500,66,"(35, 13)",1,-0.08
500,67,"(36, 13)",1,-0.08
500,68,"(37, 13)",1,-0.08
500,69,"(38, 13)",0,-0.08
500,70,"(38, 12)",1,-0.08
500,71,"(39, 12)",0,-0.08
500,72,"(39, 11)",1,-0.08
500,73,"(40, 11)",1,-0.08
500,74,"(41, 11)",1,-0.08
500,75,"(42, 11)",1,-0.08
500,76,"(43, 11)",1,-0.08
500,77,"(44, 11)",1,-0.08
500,78,"(45, 11)",0,-0.08
500,79,"(45, 10)",0,-0.08
500,80,"(45, 9)",0,-0.08
500,81,"(45, 8)",0,-0.08
500,82,"(45, 7)",1,-0.08
500,83,"(46, 7)",1,-0.08
500,84,"(47, 7)",1,-0.08
500,85,"(48, 7)",1,-0.08
500,86,"(49, 7)",1,-0.08
500,87,"(50, 7)",1,-0.08
500,88,"(51, 7)",1,-0.08
500,89,"(52, 7)",1,-0.08
500,90,"(53, 7)",1,-0.08
500,91,"(54, 7)",1,-0.08
500,92,"(55, 7)",1,-0.08
500,93,"(56, 7)",1,-0.08
500,94,"(57, 7)",1,-0.08
500,95,"(58, 7)",1,-0.08
500,96,"(59, 7)",1,-0.08
500,97,"(60, 7)",1,-0.08
500,98,"(61, 7)",1,-0.08
500,99,"(62, 7)",1,-0.08
500,100,"(63, 7)",1,-0.08
500,101,"(64, 7)",1,-0.08
500,102,"(65, 7)",1,-0.08
500,103,"(66, 7)",1,-0.08
500,104,"(67, 7)",1,-0.08
500,105,"(68, 7)",1,-0.08
500,106,"(69, 7)",0,-0.08
500,107,"(69, 6)",1,-0.08
500,108,"(70, 6)",1,-0.08
500,109,"(71, 6)",0,-0.08
500,110,"(71, 5)",1,-0.08
500,111,"(72, 5)",1,-0.08
500,112,"(73, 5)",1,-0.08
500,113,"(74, 5)",1,-0.08
500,114,"(75, 5)",1,-0.08
500,115,"(76, 5)",1,-0.08
500,116,"(77, 5)",0,-0.08
500,117,"(77, 4)",0,-0.08
500,118,"(77, 3)",0,-0.08
500,119,"(77, 2)",0,-0.08
500,120,"(77, 1)",0,-0.08
500,121,"(77, 0)",1,-0.08
500,122,"(78, 0)",1,8.33
501,0,"(0, 39)",1,-0.08
501,1,"(1, 39)",0,-0.08
501,2,"(1, 38)",1,-8.33
501,3,"(1, 38)",0,-0.08
501,4,"(1, 37)",0,-8.33
501,5,"(1, 37)",3,-0.08
501,6,"(0, 37)",0,-0.08
501,7,"(0, 36)",0,-0.08
501,8,"(0, 35)",1,-0.08
501,9,"(1, 35)",0,-0.08
501,10,"(1, 34)",0,-0.08
501,11,"(1, 33)",1,-0.08
501,12,"(2, 33)",1,-0.08
501,13,"(3, 33)",1,-0.08
501,14,"(4, 33)",1,-0.08
501,15,"(5, 33)",0,-0.08
501,16,"(5, 32)",0,-0.08
501,17,"(5, 31)",1,-0.08
501,18,"(6, 31)",1,-0.08
501,19,"(7, 31)",1,-0.08
501,20,"(8, 31)",0,-0.08
501,21,"(8, 30)",1,-0.08
501,22,"(9, 30)",0,-0.08
501,23,"(9, 29)",1,-0.08
501,24,"(10, 29)",0,-0.08
501,25,"(10, 28)",0,-0.08
501,26,"(10, 27)",0,-8.33
501,27,"(10, 27)",1,-0.08
501,28,"(11, 27)",1,-0.08
501,29,"(12, 27)",0,-0.08
501,30,"(12, 26)",0,-0.08
501,31,"(12, 25)",0,-0.08
501,32,"(12, 24)",1,-0.08
501,33,"(13, 24)",1,-0.08
501,34,"(14, 24)",0,-0.08
501,35,"(14, 23)",1,-0.08
501,36,"(15, 23)",1,-0.08
501,37,"(16, 23)",1,-0.08
501,38,"(17, 23)",1,-0.08
501,39,"(18, 23)",1,-0.08
501,40,"(19, 23)",0,-0.08
501,41,"(19, 22)",1,-0.08
501,42,"(20, 22)",0,-0.08
501,43,"(20, 21)",1,-0.08
501,44,"(21, 21)",0,-0.08
501,45,"(21, 20)",1,-0.08
501,46,"(22, 20)",0,-0.08
501,47,"(22, 19)",1,-0.08
501,48,"(23, 19)",0,-0.08
501,49,"(23, 18)",0,-0.08
501,50,"(23, 17)",1,-0.08
501,51,"(24, 17)",1,-0.08
501,52,"(25, 17)",1,-0.08
501,53,"(26, 17)",1,-0.08
501,54,"(27, 17)",0,-0.08
501,55,"(27, 16)",0,-0.08
501,56,"(27, 15)",1,-0.08
501,57,"(28, 15)",1,-0.08
501,58,"(29, 15)",1,-0.08
501,59,"(30, 15)",1,-0.08
501,60,"(31, 15)",0,-0.08
501,61,"(31, 14)",1,-0.08
501,62,"(32, 14)",0,-0.08
501,63,"(32, 13)",1,-0.08
501,64,"(33, 13)",1,-0.08
501,65,"(34, 13)",1,-0.08
501,66,"(35, 13)",1,-0.08
501,67,"(36, 13)",1,-0.08
501,68,"(37, 13)",0,-0.08
501,69,"(37, 12)",1,-0.08
501,70,"(38, 12)",1,-0.08
501,71,"(39, 12)",0,-0.08
501,72,"(39, 11)",1,-0.08
501,73,"(40, 11)",1,-0.08
501,74,"(41, 11)",1,-0.08
501,75,"(42, 11)",1,-0.08
501,76,"(43, 11)",1,-0.08
501,77,"(44, 11)",1,-0.08
501,78,"(45, 11)",0,-0.08
501,79,"(45, 10)",0,-0.08
501,80,"(45, 9)",0,-0.08
501,81,"(45, 8)",0,-0.08
501,82,"(45, 7)",1,-0.08
501,83,"(46, 7)",1,-0.08
501,84,"(47, 7)",1,-0.08
501,85,"(48, 7)",1,-0.08
501,86,"(49, 7)",1,-0.08
501,87,"(50, 7)",1,-0.08
501,88,"(51, 7)",1,-0.08
501,89,"(52, 7)",1,-0.08
501,90,"(53, 7)",1,-0.08
501,91,"(54, 7)",1,-0.08
501,92,"(55, 7)",1,-0.08
501,93,"(56, 7)",1,-0.08
501,94,"(57, 7)",1,-0.08
501,95,"(58, 7)",1,-0.08
501,96,"(59, 7)",1,-0.08
501,97,"(60, 7)",1,-0.08
501,98,"(61, 7)",1,-0.08
501,99,"(62, 7)",1,-0.08
501,100,"(63, 7)",1,-0.08
501,101,"(64, 7)",1,-0.08
501,102,"(65, 7)",1,-0.08
501,103,"(66, 7)",1,-0.08
501,104,"(67, 7)",1,-0.08
501,105,"(68, 7)",1,-0.08
501,106,"(69, 7)",1,-0.08
501,107,"(70, 7)",0,-0.08
501,108,"(70, 6)",1,-0.08
501,109,"(71, 6)",0,-0.08
501,110,"(71, 5)",1,-0.08
501,111,"(72, 5)",1,-0.08
501,112,"(73, 5)",1,-0.08
501,113,"(74, 5)",1,-0.08
501,114,"(75, 5)",1,-0.08
501,115,"(76, 5)",1,-0.08
501,116,"(77, 5)",0,-0.08
501,117,"(77, 4)",0,-0.08
501,118,"(77, 3)",0,-0.08
501,119,"(77, 2)",0,-0.08
501,120,"(77, 1)",0,-0.08
501,121,"(77, 0)",1,-0.08
501,122,"(78, 0)",1,8.33
502,0,"(0, 39)",1,-0.08
502,1,"(1, 39)",0,-0.08
502,2,"(1, 38)",0,-0.08
502,3,"(1, 37)",1,-8.33
502,4,"(1, 37)",0,-8.33
502,5,"(1, 37)",3,-0.08
502,6,"(0, 37)",0,-0.08
502,7,"(0, 36)",0,-0.08
502,8,"(0, 35)",0,-0.08
502,9,"(0, 34)",0,-0.08
502,10,"(0, 33)",1,-0.08
502,11,"(1, 33)",1,-0.08
502,12,"(2, 33)",1,-0.08
502,13,"(3, 33)",1,-0.08
502,14,"(4, 33)",1,-0.08
502,15,"(5, 33)",0,-0.08
502,16,"(5, 32)",0,-0.08
502,17,"(5, 31)",0,-0.08
502,18,"(5, 30)",0,-0.08
502,19,"(5, 29)",0,-8.33
502,20,"(5, 29)",1,-0.08
502,21,"(6, 29)",1,-0.08
502,22,"(7, 29)",1,-0.08
502,23,"(8, 29)",1,-0.08
502,24,"(9, 29)",1,-0.08
502,25,"(10, 29)",0,-0.08
502,26,"(10, 28)",0,-0.08
502,27,"(10, 27)",1,-0.08
502,28,"(11, 27)",1,-0.08
502,29,"(12, 27)",1,-0.08
502,30,"(13, 27)",0,-0.08
502,31,"(13, 26)",0,-0.08
502,32,"(13, 25)",1,-0.08
502,33,"(14, 25)",1,-0.08
502,34,"(15, 25)",1,-0.08
502,35,"(16, 25)",1,-0.08
502,36,"(17, 25)",0,-0.08
502,37,"(17, 24)",0,-0.08
502,38,"(17, 23)",1,-0.08
502,39,"(18, 23)",1,-0.08
502,40,"(19, 23)",0,-0.08
502,41,"(19, 22)",1,-0.08
502,42,"(20, 22)",0,-0.08
502,43,"(20, 21)",0,-0.08
502,44,"(20, 20)",1,-0.08
502,45,"(21, 20)",0,-0.08
502,46,"(21, 19)",1,-0.08
502,47,"(22, 19)",1,-0.08
502,48,"(23, 19)",0,-0.08
502,49,"(23, 18)",0,-0.08
502,50,"(23, 17)",0,-0.08
502,51,"(23, 16)",0,-0.08
502,52,"(23, 15)",1,-0.08
502,53,"(24, 15)",1,-0.08
502,54,"(25, 15)",1,-0.08
502,55,"(26, 15)",1,-0.08
502,56,"(27, 15)",0,-0.08
502,57,"(27, 14)",0,-0.08
502,58,"(27, 13)",1,-0.08
502,59,"(28, 13)",1,-0.08
502,60,"(29, 13)",1,-0.08
502,61,"(30, 13)",1,-0.08
502,62,"(31, 13)",1,-0.08
502,63,"(32, 13)",1,-0.08
502,64,"(33, 13)",1,-0.08
502,65,"(34, 13)",1,-0.08
502,66,"(35, 13)",1,-0.08
502,67,"(36, 13)",1,-0.08
502,68,"(37, 13)",1,-0.08
502,69,"(38, 13)",1,-0.08
502,70,"(39, 13)",1,-0.08
502,71,"(40, 13)",1,-0.08
502,72,"(41, 13)",0,-0.08
502,73,"(41, 12)",0,-0.08
502,74,"(41, 11)",1,-0.08
502,75,"(42, 11)",1,-0.08
502,76,"(43, 11)",1,-0.08
502,77,"(44, 11)",1,-0.08
502,78,"(45, 11)",0,-0.08
502,79,"(45, 10)",0,-0.08
502,80,"(45, 9)",0,-0.08
502,81,"(45, 8)",1,-0.08
502,82,"(46, 8)",0,-0.08
502,83,"(46, 7)",1,-0.08
502,84,"(47, 7)",1,-0.08
502,85,"(48, 7)",1,-0.08
502,86,"(49, 7)",1,-0.08
502,87,"(50, 7)",1,-0.08
502,88,"(51, 7)",1,-0.08
502,89,"(52, 7)",1,-0.08
502,90,"(53, 7)",1,-0.08
502,91,"(54, 7)",1,-0.08
502,92,"(55, 7)",1,-0.08
502,93,"(56, 7)",1,-0.08
502,94,"(57, 7)",1,-0.08
502,95,"(58, 7)",1,-0.08
502,96,"(59, 7)",1,-0.08
502,97,"(60, 7)",1,-0.08
502,98,"(61, 7)",1,-0.08
502,99,"(62, 7)",1,-0.08
502,100,"(63, 7)",1,-0.08
502,101,"(64, 7)",1,-0.08
502,102,"(65, 7)",1,-0.08
502,103,"(66, 7)",1,-0.08
502,104,"(67, 7)",1,-0.08
502,105,"(68, 7)",1,-0.08
502,106,"(69, 7)",0,-0.08
502,107,"(69, 6)",1,-0.08
502,108,"(70, 6)",1,-0.08
502,109,"(71, 6)",0,-0.08
502,110,"(71, 5)",1,-0.08
502,111,"(72, 5)",1,-0.08
502,112,"(73, 5)",1,-0.08
502,113,"(74, 5)",1,-0.08
502,114,"(75, 5)",0,-0.08
502,115,"(75, 4)",0,-0.08
502,116,"(75, 3)",1,-0.08
502,117,"(76, 3)",0,-0.08
502,118,"(76, 2)",1,-0.08
502,119,"(77, 2)",0,-0.08
502,120,"(77, 1)",0,-0.08
502,121,"(77, 0)",1,-0.08
502,122,"(78, 0)",1,8.33
503,0,"(0, 39)",0,-0.08
503,1,"(0, 38)",0,-0.08
503,2,"(0, 37)",1,-0.08
503,3,"(1, 37)",1,-8.33
503,4,"(1, 37)",0,-8.33
503,5,"(1, 37)",3,-0.08
503,6,"(0, 37)",0,-0.08
503,7,"(0, 36)",0,-0.08
503,8,"(0, 35)",1,-0.08
503,9,"(1, 35)",0,-0.08
503,10,"(1, 34)",0,-0.08
503,11,"(1, 33)",1,-0.08
503,12,"(2, 33)",0,-0.08
503,13,"(2, 32)",0,-0.08
503,14,"(2, 31)",1,-0.08
503,15,"(3, 31)",0,-8.33
503,16,"(3, 31)",0,-8.33
503,17,"(3, 31)",3,-0.08
503,18,"(2, 31)",3,-0.08
503,19,"(1, 31)",0,-0.08
503,20,"(1, 30)",0,-0.08
503,21,"(1, 29)",0,-0.08
503,22,"(1, 28)",0,-0.08
503,23,"(1, 27)",0,-0.08
503,24,"(1, 26)",1,-0.08
503,25,"(2, 26)",1,-0.08
503,26,"(3, 26)",0,-0.08
503,27,"(3, 25)",1,-0.08
503,28,"(4, 25)",1,-0.08
503,29,"(5, 25)",1,-0.08
503,30,"(6, 25)",1,-0.08
503,31,"(7, 25)",1,-0.08
503,32,"(8, 25)",1,-0.08
503,33,"(9, 25)",0,-0.08
503,34,"(9, 24)",1,-0.08
503,35,"(10, 24)",1,-0.08
503,36,"(11, 24)",1,-0.08
503,37,"(12, 24)",1,-0.08
503,38,"(13, 24)",0,-0.08
503,39,"(13, 23)",1,-0.08
503,40,"(14, 23)",1,-0.08
503,41,"(15, 23)",1,-0.08
503,42,"(16, 23)",0,-0.08
503,43,"(16, 22)",1,-0.08
503,44,"(17, 22)",1,-0.08
503,45,"(18, 22)",1,-0.08
503,46,"(19, 22)",1,-0.08
503,47,"(20, 22)",1,-0.08
503,48,"(21, 22)",0,-0.08
503,49,"(21, 21)",0,-0.08
503,50,"(21, 20)",1,-0.08
503,51,"(22, 20)",0,-0.08
503,52,"(22, 19)",1,-0.08
503,53,"(23, 19)",0,-0.08
503,54,"(23, 18)",0,-0.08
503,55,"(23, 17)",1,-0.08
503,56,"(24, 17)",1,-0.08
503,57,"(25, 17)",1,-0.08
503,58,"(26, 17)",1,-0.08
503,59,"(27, 17)",1,-0.08
503,60,"(28, 17)",1,-0.08
503,61,"(29, 17)",1,-0.08
503,62,"(30, 17)",1,-0.08
503,63,"(31, 17)",0,-0.08
503,64,"(31, 16)",0,-0.08
503,65,"(31, 15)",0,-0.08
503,66,"(31, 14)",1,-0.08
503,67,"(32, 14)",0,-0.08
503,68,"(32, 13)",1,-0.08
503,69,"(33, 13)",1,-0.08
503,70,"(34, 13)",1,-0.08
503,71,"(35, 13)",0,-0.08
503,72,"(35, 12)",1,-0.08
503,73,"(36, 12)",1,-0.08
503,74,"(37, 12)",1,-0.08
503,75,"(38, 12)",1,-0.08
503,76,"(39, 12)",0,-0.08
503,77,"(39, 11)",1,-0.08
503,78,"(40, 11)",1,-0.08
503,79,"(41, 11)",1,-0.08
503,80,"(42, 11)",1,-0.08
503,81,"(43, 11)",1,-0.08
503,82,"(44, 11)",1,-0.08
503,83,"(45, 11)",0,-0.08
503,84,"(45, 10)",0,-0.08
503,85,"(45, 9)",0,-0.08
503,86,"(45, 8)",1,-0.08
503,87,"(46, 8)",0,-0.08
503,88,"(46, 7)",1,-0.08
503,89,"(47, 7)",1,-0.08
503,90,"(48, 7)",1,-0.08
503,91,"(49, 7)",1,-0.08
503,92,"(50, 7)",1,-0.08
503,93,"(51, 7)",1,-0.08
503,94,"(52, 7)",1,-0.08
503,95,"(53, 7)",1,-0.08
503,96,"(54, 7)",1,-0.08
503,97,"(55, 7)",1,-0.08
503,98,"(56, 7)",1,-0.08
503,99,"(57, 7)",1,-0.08
503,100,"(58, 7)",1,-0.08
503,101,"(59, 7)",1,-0.08
503,102,"(60, 7)",1,-0.08
503,103,"(61, 7)",1,-0.08
503,104,"(62, 7)",1,-0.08
503,105,"(63, 7)",1,-0.08
503,106,"(64, 7)",1,-0.08
503,107,"(65, 7)",1,-0.08
503,108,"(66, 7)",1,-0.08
503,109,"(67, 7)",1,-0.08
503,110,"(68, 7)",1,-0.08
503,111,"(69, 7)",1,-0.08
503,112,"(70, 7)",0,-0.08
503,113,"(70, 6)",1,-0.08
503,114,"(71, 6)",1,-0.08
503,115,"(72, 6)",1,-0.08
503,116,"(73, 6)",0,-0.08
503,117,"(73, 5)",1,-0.08
503,118,"(74, 5)",1,-0.08
503,119,"(75, 5)",1,-0.08
503,120,"(76, 5)",1,-0.08
503,121,"(77, 5)",0,-0.08
503,122,"(77, 4)",0,-0.08
503,123,"(77, 3)",0,-0.08
503,124,"(77, 2)",0,-0.08
503,125,"(77, 1)",0,-0.08
503,126,"(77, 0)",1,-0.08
503,127,"(78, 0)",1,8.33
504,0,"(0, 39)",1,-0.08
504,1,"(1, 39)",1,-0.08
504,2,"(2, 39)",1,-0.08
504,3,"(3, 39)",0,-0.08
504,4,"(3, 38)",0,-0.08
504,5,"(3, 37)",0,-0.08
504,6,"(3, 36)",1,-8.33
504,7,"(3, 36)",2,-0.08
504,8,"(3, 37)",1,-8.33
504,9,"(3, 37)",0,-0.08
504,10,"(3, 36)",0,-0.08
504,11,"(3, 35)",3,-0.08
504,12,"(2, 35)",0,-0.08
504,13,"(2, 34)",0,-0.08
504,14,"(2, 33)",1,-0.08
504,15,"(3, 33)",1,-0.08
504,16,"(4, 33)",1,-0.08
504,17,"(5, 33)",1,-0.08
504,18,"(6, 33)",1,-0.08
504,19,"(7, 33)",1,-0.08
504,20,"(8, 33)",0,-0.08
504,21,"(8, 32)",0,-0.08
504,22,"(8, 31)",0,-0.08
504,23,"(8, 30)",0,-0.08
504,24,"(8, 29)",0,-0.08
504,25,"(8, 28)",0,-0.08
504,26,"(8, 27)",1,-0.08
504,27,"(9, 27)",1,-0.08
504,28,"(10, 27)",0,-8.33
504,29,"(10, 27)",1,-0.08
504,30,"(11, 27)",1,-0.08
504,31,"(12, 27)",1,-0.08
504,32,"(13, 27)",0,-0.08
504,33,"(13, 26)",0,-0.08
504,34,"(13, 25)",0,-0.08
504,35,"(13, 24)",0,-0.08
504,36,"(13, 23)",1,-0.08
504,37,"(14, 23)",1,-0.08
504,38,"(15, 23)",1,-0.08
504,39,"(16, 23)",1,-0.08
504,40,"(17, 23)",1,-0.08
504,41,"(18, 23)",0,-0.08
504,42,"(18, 22)",1,-0.08
504,43,"(19, 22)",0,-0.08
504,44,"(19, 21)",0,-0.08
504,45,"(19, 20)",0,-0.08
504,46,"(19, 19)",1,-0.08
504,47,"(20, 19)",1,-0.08
504,48,"(21, 19)",1,-0.08
504,49,"(22, 19)",1,-0.08
504,50,"(23, 19)",0,-0.08
504,51,"(23, 18)",0,-0.08
504,52,"(23, 17)",1,-0.08
504,53,"(24, 17)",1,-0.08
504,54,"(25, 17)",1,-0.08
504,55,"(26, 17)",1,-0.08
504,56,"(27, 17)",1,-0.08
504,57,"(28, 17)",0,-0.08
504,58,"(28, 16)",0,-0.08
504,59,"(28, 15)",1,-0.08
504,60,"(29, 15)",1,-0.08
504,61,"(30, 15)",1,-0.08
504,62,"(31, 15)",0,-0.08
504,63,"(31, 14)",1,-0.08
504,64,"(32, 14)",0,-0.08
504,65,"(32, 13)",1,-0.08
504,66,"(33, 13)",1,-0.08
504,67,"(34, 13)",1,-0.08
504,68,"(35, 13)",0,-0.08
504,69,"(35, 12)",1,-0.08
504,70,"(36, 12)",1,-0.08
504,71,"(37, 12)",1,-0.08
504,72,"(38, 12)",1,-0.08
504,73,"(39, 12)",0,-0.08
504,74,"(39, 11)",1,-0.08
504,75,"(40, 11)",1,-0.08
504,76,"(41, 11)",1,-0.08
504,77,"(42, 11)",1,-0.08
504,78,"(43, 11)",1,-0.08
504,79,"(44, 11)",1,-0.08
504,80,"(45, 11)",0,-0.08
504,81,"(45, 10)",0,-0.08
504,82,"(45, 9)",1,-0.08
504,83,"(46, 9)",0,-0.08
504,84,"(46, 8)",0,-0.08
504,85,"(46, 7)",1,-0.08
504,86,"(47, 7)",1,-0.08
504,87,"(48, 7)",1,-0.08
504,88,"(49, 7)",1,-0.08
504,89,"(50, 7)",1,-0.08
504,90,"(51, 7)",1,-0.08
504,91,"(52, 7)",1,-0.08
504,92,"(53, 7)",1,-0.08
504,93,"(54, 7)",1,-0.08
504,94,"(55, 7)",1,-0.08
504,95,"(56, 7)",1,-0.08
504,96,"(57, 7)",1,-0.08
504,97,"(58, 7)",1,-0.08
504,98,"(59, 7)",1,-0.08
504,99,"(60, 7)",1,-0.08
504,100,"(61, 7)",1,-0.08
504,101,"(62, 7)",1,-0.08
504,102,"(63, 7)",1,-0.08
504,103,"(64, 7)",1,-0.08
504,104,"(65, 7)",1,-0.08
504,105,"(66, 7)",1,-0.08
504,106,"(67, 7)",1,-0.08
504,107,"(68, 7)",1,-0.08
504,108,"(69, 7)",0,-0.08
504,109,"(69, 6)",1,-0.08
504,110,"(70, 6)",1,-0.08
504,111,"(71, 6)",1,-0.08
504,112,"(72, 6)",0,-0.08
504,113,"(72, 5)",1,-0.08
504,114,"(73, 5)",1,-0.08
504,115,"(74, 5)",1,-0.08
504,116,"(75, 5)",0,-0.08
504,117,"(75, 4)",0,-0.08
504,118,"(75, 3)",1,-0.08
504,119,"(76, 3)",0,-0.08
504,120,"(76, 2)",0,-0.08
504,121,"(76, 1)",1,-0.08
504,122,"(77, 1)",0,-0.08
504,123,"(77, 0)",1,-0.08
504,124,"(78, 0)",1,8.33
505,0,"(0, 39)",0,-0.08
505,1,"(0, 38)",0,-0.08
505,2,"(0, 37)",1,-0.08
505,3,"(1, 37)",1,-8.33
505,4,"(1, 37)",0,-8.33
505,5,"(1, 37)",3,-0.08
505,6,"(0, 37)",0,-0.08
505,7,"(0, 36)",0,-0.08
505,8,"(0, 35)",0,-0.08
505,9,"(0, 34)",1,-0.08
505,10,"(1, 34)",0,-0.08
505,11,"(1, 33)",1,-0.08
505,12,"(2, 33)",1,-0.08
505,13,"(3, 33)",0,-0.08
505,14,"(3, 32)",0,-0.08
505,15,"(3, 31)",0,-8.33
505,16,"(3, 31)",3,-0.08
505,17,"(2, 31)",3,-0.08
505,18,"(1, 31)",0,-0.08
505,19,"(1, 30)",0,-0.08
505,20,"(1, 29)",1,-0.08
505,21,"(2, 29)",1,-0.08
505,22,"(3, 29)",0,-0.08
505,23,"(3, 28)",0,-0.08
505,24,"(3, 27)",0,-0.08
505,25,"(3, 26)",0,-0.08
505,26,"(3, 25)",1,-0.08
505,27,"(4, 25)",1,-0.08
505,28,"(5, 25)",1,-0.08
505,29,"(6, 25)",1,-0.08
505,30,"(7, 25)",1,-0.08
505,31,"(8, 25)",1,-0.08
505,32,"(9, 25)",1,-0.08
505,33,"(10, 25)",0,-0.08
505,34,"(10, 24)",1,-0.08
505,35,"(11, 24)",1,-0.08
505,36,"(12, 24)",1,-0.08
505,37,"(13, 24)",0,-0.08
505,38,"(13, 23)",1,-0.08
505,39,"(14, 23)",1,-0.08
505,40,"(15, 23)",1,-0.08
505,41,"(16, 23)",0,-0.08
505,42,"(16, 22)",1,-0.08
505,43,"(17, 22)",1,-0.08
505,44,"(18, 22)",1,-0.08
505,45,"(19, 22)",0,-0.08
505,46,"(19, 21)",0,-0.08
505,47,"(19, 20)",1,-0.08
505,48,"(20, 20)",1,-0.08
505,49,"(21, 20)",1,-0.08
505,50,"(22, 20)",1,-0.08
505,51,"(23, 20)",0,-0.08
505,52,"(23, 19)",0,-0.08
505,53,"(23, 18)",0,-0.08
505,54,"(23, 17)",1,-0.08
505,55,"(24, 17)",1,-0.08
505,56,"(25, 17)",1,-0.08
505,57,"(26, 17)",1,-0.08
505,58,"(27, 17)",1,-0.08
505,59,"(28, 17)",1,-0.08
505,60,"(29, 17)",0,-0.08
505,61,"(29, 16)",0,-0.08
505,62,"(29, 15)",0,-0.08
505,63,"(29, 14)",0,-0.08
505,64,"(29, 13)",1,-0.08
505,65,"(30, 13)",1,-0.08
505,66,"(31, 13)",1,-0.08
505,67,"(32, 13)",1,-0.08
505,68,"(33, 13)",1,-0.08
505,69,"(34, 13)",1,-0.08
505,70,"(35, 13)",0,-0.08
505,71,"(35, 12)",1,-0.08
505,72,"(36, 12)",1,-0.08
505,73,"(37, 12)",1,-0.08
505,74,"(38, 12)",1,-0.08
505,75,"(39, 12)",0,-0.08
505,76,"(39, 11)",1,-0.08
505,77,"(40, 11)",1,-0.08
505,78,"(41, 11)",1,-0.08
505,79,"(42, 11)",1,-0.08
505,80,"(43, 11)",1,-0.08
505,81,"(44, 11)",1,-0.08
505,82,"(45, 11)",0,-0.08
505,83,"(45, 10)",0,-0.08
505,84,"(45, 9)",0,-0.08
505,85,"(45, 8)",1,-0.08
505,86,"(46, 8)",0,-0.08
505,87,"(46, 7)",1,-0.08
505,88,"(47, 7)",1,-0.08
505,89,"(48, 7)",1,-0.08
505,90,"(49, 7)",1,-0.08
505,91,"(50, 7)",1,-0.08
505,92,"(51, 7)",1,-0.08
505,93,"(52, 7)",1,-0.08
505,94,"(53, 7)",1,-0.08
505,95,"(54, 7)",1,-0.08
505,96,"(55, 7)",1,-0.08
505,97,"(56, 7)",1,-0.08
505,98,"(57, 7)",1,-0.08
505,99,"(58, 7)",1,-0.08
505,100,"(59, 7)",1,-0.08
505,101,"(60, 7)",1,-0.08
505,102,"(61, 7)",1,-0.08
505,103,"(62, 7)",1,-0.08
505,104,"(63, 7)",1,-0.08
505,105,"(64, 7)",1,-0.08
505,106,"(65, 7)",1,-0.08
505,107,"(66, 7)",1,-0.08
505,108,"(67, 7)",1,-0.08
505,109,"(68, 7)",1,-0.08
505,110,"(69, 7)",1,-0.08
505,111,"(70, 7)",0,-0.08
505,112,"(70, 6)",1,-0.08
505,113,"(71, 6)",1,-0.08
505,114,"(72, 6)",0,-0.08
505,115,"(72, 5)",1,-0.08
505,116,"(73, 5)",1,-0.08
505,117,"(74, 5)",1,-0.08
505,118,"(75, 5)",0,-0.08
505,119,"(75, 4)",0,-0.08
505,120,"(75, 3)",1,-0.08
505,121,"(76, 3)",1,-0.08
505,122,"(77, 3)",0,-0.08
505,123,"(77, 2)",0,-0.08
505,124,"(77, 1)",0,-0.08
505,125,"(77, 0)",1,-0.08
505,126,"(78, 0)",1,8.33
506,0,"(0, 39)",0,-0.08
506,1,"(0, 38)",1,-0.08
506,2,"(1, 38)",0,-0.08
506,3,"(1, 37)",0,-8.33
506,4,"(1, 37)",3,-0.08
506,5,"(0, 37)",0,-0.08
506,6,"(0, 36)",0,-0.08
506,7,"(0, 35)",0,-0.08
506,8,"(0, 34)",0,-0.08
506,9,"(0, 33)",1,-0.08
506,10,"(1, 33)",1,-0.08
506,11,"(2, 33)",0,-0.08
506,12,"(2, 32)",0,-0.08
506,13,"(2, 31)",1,-0.08
506,14,"(3, 31)",0,-8.33
506,15,"(3, 31)",0,-8.33
506,16,"(3, 31)",2,-0.08
506,17,"(3, 32)",2,-0.08
506,18,"(3, 33)",1,-0.08
506,19,"(4, 33)",1,-0.08
506,20,"(5, 33)",0,-0.08
506,21,"(5, 32)",0,-0.08
506,22,"(5, 31)",0,-0.08
506,23,"(5, 30)",0,-0.08
506,24,"(5, 29)",1,-0.08
506,25,"(6, 29)",1,-0.08
506,26,"(7, 29)",1,-0.08
506,27,"(8, 29)",0,-0.08
506,28,"(8, 28)",0,-0.08
506,29,"(8, 27)",1,-0.08
506,30,"(9, 27)",1,-0.08
506,31,"(10, 27)",1,-0.08
506,32,"(11, 27)",1,-0.08
506,33,"(12, 27)",1,-0.08
506,34,"(13, 27)",1,-0.08
506,35,"(14, 27)",1,-0.08
506,36,"(15, 27)",1,-0.08
506,37,"(16, 27)",0,-0.08
506,38,"(16, 26)",0,-0.08
506,39,"(16, 25)",1,-0.08
506,40,"(17, 25)",0,-0.08
506,41,"(17, 24)",0,-0.08
506,42,"(17, 23)",0,-0.08
506,43,"(17, 22)",1,-0.08
506,44,"(18, 22)",1,-0.08
506,45,"(19, 22)",1,-0.08
506,46,"(20, 22)",1,-0.08
506,47,"(21, 22)",0,-0.08
506,48,"(21, 21)",1,-0.08
506,49,"(22, 21)",1,-0.08
506,50,"(23, 21)",1,-0.08
506,51,"(24, 21)",1,-0.08
506,52,"(25, 21)",1,-0.08
506,53,"(26, 21)",1,-0.08
506,54,"(27, 21)",0,-0.08
506,55,"(27, 20)",0,-0.08
506,56,"(27, 19)",1,-0.08
506,57,"(28, 19)",1,-0.08
506,58,"(29, 19)",1,-0.08
506,59,"(30, 19)",1,-0.08
506,60,"(31, 19)",0,-0.08
506,61,"(31, 18)",0,-0.08
506,62,"(31, 17)",1,-0.08
506,63,"(32, 17)",0,-0.08
506,64,"(32, 16)",0,-0.08
506,65,"(32, 15)",1,-0.08
506,66,"(33, 15)",1,-0.08
506,67,"(34, 15)",1,-0.08
506,68,"(35, 15)",0,-0.08
506,69,"(35, 14)",0,-0.08
506,70,"(35, 13)",1,-0.08
506,71,"(36, 13)",0,-0.08
506,72,"(36, 12)",1,-0.08
506,73,"(37, 12)",1,-0.08
506,74,"(38, 12)",1,-0.08
506,75,"(39, 12)",0,-0.08
506,76,"(39, 11)",1,-0.08
506,77,"(40, 11)",1,-0.08
506,78,"(41, 11)",1,-0.08
506,79,"(42, 11)",1,-0.08
506,80,"(43, 11)",1,-0.08
506,81,"(44, 11)",1,-0.08
506,82,"(45, 11)",0,-0.08
506,83,"(45, 10)",1,-0.08
506,84,"(46, 10)",0,-0.08
506,85,"(46, 9)",0,-0.08
506,86,"(46, 8)",0,-0.08
506,87,"(46, 7)",1,-0.08
506,88,"(47, 7)",1,-0.08
506,89,"(48, 7)",1,-0.08
506,90,"(49, 7)",1,-0.08
506,91,"(50, 7)",1,-0.08
506,92,"(51, 7)",1,-0.08
506,93,"(52, 7)",1,-0.08
506,94,"(53, 7)",1,-0.08
506,95,"(54, 7)",1,-0.08
506,96,"(55, 7)",1,-0.08
506,97,"(56, 7)",1,-0.08
506,98,"(57, 7)",1,-0.08
506,99,"(58, 7)",1,-0.08
506,100,"(59, 7)",1,-0.08
506,101,"(60, 7)",1,-0.08
506,102,"(61, 7)",1,-0.08
506,103,"(62, 7)",1,-0.08
506,104,"(63, 7)",1,-0.08
506,105,"(64, 7)",1,-0.08
506,106,"(65, 7)",1,-0.08
506,107,"(66, 7)",1,-0.08
506,108,"(67, 7)",1,-0.08
506,109,"(68, 7)",1,-0.08
506,110,"(69, 7)",1,-0.08
506,111,"(70, 7)",0,-0.08
506,112,"(70, 6)",1,-0.08
506,113,"(71, 6)",1,-0.08
506,114,"(72, 6)",0,-0.08
506,115,"(72, 5)",1,-0.08
506,116,"(73, 5)",1,-0.08
506,117,"(74, 5)",0,-0.08
506,118,"(74, 4)",0,-0.08
506,119,"(74, 3)",1,-0.08
506,120,"(75, 3)",1,-0.08
506,121,"(76, 3)",1,-0.08
506,122,"(77, 3)",0,-0.08
506,123,"(77, 2)",0,-0.08
506,124,"(77, 1)",0,-0.08
506,125,"(77, 0)",1,-0.08
506,126,"(78, 0)",1,8.33
507,0,"(0, 39)",1,-0.08
507,1,"(1, 39)",1,-0.08
507,2,"(2, 39)",0,-8.33
507,3,"(2, 39)",1,-0.08
507,4,"(3, 39)",1,-0.08
507,5,"(4, 39)",1,-0.08
507,6,"(5, 39)",0,-8.33
507,7,"(5, 39)",1,-0.08
507,8,"(6, 39)",1,-0.08
507,9,"(7, 39)",1,-0.08
507,10,"(8, 39)",1,-0.08
507,11,"(9, 39)",1,-0.08
507,12,"(10, 39)",1,-0.08
507,13,"(11, 39)",0,-0.08
507,14,"(11, 38)",1,-0.08
507,15,"(12, 38)",0,-0.08
507,16,"(12, 37)",1,-0.08
507,17,"(13, 37)",1,-0.08
507,18,"(14, 37)",1,-0.08
507,19,"(15, 37)",0,-0.08
507,20,"(15, 36)",1,-0.08
507,21,"(16, 36)",1,-0.08
507,22,"(17, 36)",0,-0.08
507,23,"(17, 35)",0,-0.08
507,24,"(17, 34)",0,-0.08
507,25,"(17, 33)",1,-0.08
507,26,"(18, 33)",1,-0.08
507,27,"(19, 33)",0,-0.08
507,28,"(19, 32)",1,-0.08
507,29,"(20, 32)",1,-0.08
507,30,"(21, 32)",0,-0.08
507,31,"(21, 31)",0,-0.08
507,32,"(21, 30)",0,-0.08
507,33,"(21, 29)",0,-0.08
507,34,"(21, 28)",0,-0.08
507,35,"(21, 27)",0,-0.08
507,36,"(21, 26)",0,-0.08
507,37,"(21, 25)",1,-0.08
507,38,"(22, 25)",1,-0.08
507,39,"(23, 25)",0,-0.08
507,40,"(23, 24)",0,-0.08
507,41,"(23, 23)",1,-0.08
507,42,"(24, 23)",0,-0.08
507,43,"(24, 22)",1,-0.08
507,44,"(25, 22)",0,-0.08
507,45,"(25, 21)",0,-0.08
507,46,"(25, 20)",0,-0.08
507,47,"(25, 19)",0,-0.08
507,48,"(25, 18)",1,-0.08
507,49,"(26, 18)",0,-0.08
507,50,"(26, 17)",1,-0.08
507,51,"(27, 17)",0,-0.08
507,52,"(27, 16)",0,-0.08
507,53,"(27, 15)",0,-0.08
507,54,"(27, 14)",0,-0.08
507,55,"(27, 13)",1,-0.08
507,56,"(28, 13)",1,-0.08
507,57,"(29, 13)",1,-0.08
507,58,"(30, 13)",1,-0.08
507,59,"(31, 13)",1,-0.08
507,60,"(32, 13)",1,-0.08
507,61,"(33, 13)",1,-0.08
507,62,"(34, 13)",1,-0.08
507,63,"(35, 13)",0,-0.08
507,64,"(35, 12)",1,-0.08
507,65,"(36, 12)",1,-0.08
507,66,"(37, 12)",1,-0.08
507,67,"(38, 12)",1,-0.08
507,68,"(39, 12)",0,-0.08
507,69,"(39, 11)",1,-0.08
507,70,"(40, 11)",1,-0.08
507,71,"(41, 11)",1,-0.08
507,72,"(42, 11)",1,-0.08
507,73,"(43, 11)",1,-0.08
507,74,"(44, 11)",1,-0.08
507,75,"(45, 11)",0,-0.08
507,76,"(45, 10)",0,-0.08
507,77,"(45, 9)",0,-0.08
507,78,"(45, 8)",1,-0.08
507,79,"(46, 8)",0,-0.08
507,80,"(46, 7)",1,-0.08
507,81,"(47, 7)",1,-0.08
507,82,"(48, 7)",1,-0.08
507,83,"(49, 7)",1,-0.08
507,84,"(50, 7)",1,-0.08
507,85,"(51, 7)",1,-0.08
507,86,"(52, 7)",1,-0.08
507,87,"(53, 7)",1,-0.08
507,88,"(54, 7)",1,-0.08
507,89,"(55, 7)",1,-0.08
507,90,"(56, 7)",1,-0.08
507,91,"(57, 7)",1,-0.08
507,92,"(58, 7)",1,-0.08
507,93,"(59, 7)",1,-0.08
507,94,"(60, 7)",1,-0.08
507,95,"(61, 7)",1,-0.08
507,96,"(62, 7)",1,-0.08
507,97,"(63, 7)",1,-0.08
507,98,"(64, 7)",1,-0.08
507,99,"(65, 7)",1,-0.08
507,100,"(66, 7)",1,-0.08
507,101,"(67, 7)",1,-0.08
507,102,"(68, 7)",1,-0.08
507,103,"(69, 7)",0,-0.08
507,104,"(69, 6)",1,-0.08
507,105,"(70, 6)",1,-0.08
507,106,"(71, 6)",1,-0.08
507,107,"(72, 6)",1,-0.08
507,108,"(73, 6)",1,-0.08
507,109,"(74, 6)",0,-0.08
507,110,"(74, 5)",1,-0.08
507,111,"(75, 5)",1,-0.08
507,112,"(76, 5)",1,-0.08
507,113,"(77, 5)",0,-0.08
507,114,"(77, 4)",0,-0.08
507,115,"(77, 3)",0,-0.08
507,116,"(77, 2)",0,-0.08
507,117,"(77, 1)",0,-0.08
507,118,"(77, 0)",1,-0.08
507,119,"(78, 0)",1,8.33
508,0,"(0, 39)",1,-0.08
508,1,"(1, 39)",1,-0.08
508,2,"(2, 39)",0,-8.33
508,3,"(2, 39)",1,-0.08
508,4,"(3, 39)",1,-0.08
508,5,"(4, 39)",1,-0.08
508,6,"(5, 39)",0,-8.33
508,7,"(5, 39)",1,-0.08
508,8,"(6, 39)",1,-0.08
508,9,"(7, 39)",0,-0.08
508,10,"(7, 38)",0,-0.08
508,11,"(7, 37)",0,-0.08
508,12,"(7, 36)",0,-0.08
508,13,"(7, 35)",0,-0.08
508,14,"(7, 34)",0,-0.08
508,15,"(7, 33)",0,-0.08
508,16,"(7, 32)",1,-0.08
508,17,"(8, 32)",1,-0.08
508,18,"(9, 32)",0,-0.08
508,19,"(9, 31)",0,-0.08
508,20,"(9, 30)",1,-0.08
508,21,"(10, 30)",0,-0.08
508,22,"(10, 29)",0,-0.08
508,23,"(10, 28)",0,-0.08
508,24,"(10, 27)",1,-0.08
508,25,"(11, 27)",1,-0.08
508,26,"(12, 27)",1,-0.08
508,27,"(13, 27)",0,-0.08
508,28,"(13, 26)",0,-0.08
508,29,"(13, 25)",1,-0.08
508,30,"(14, 25)",0,-0.08
508,31,"(14, 24)",0,-0.08
508,32,"(14, 23)",1,-0.08
508,33,"(15, 23)",1,-0.08
508,34,"(16, 23)",0,-0.08
508,35,"(16, 22)",1,-0.08
508,36,"(17, 22)",1,-0.08
508,37,"(18, 22)",1,-0.08
508,38,"(19, 22)",1,-0.08
508,39,"(20, 22)",0,-0.08
508,40,"(20, 21)",0,-0.08
508,41,"(20, 20)",0,-0.08
508,42,"(20, 19)",1,-0.08
508,43,"(21, 19)",1,-0.08
508,44,"(22, 19)",1,-0.08
508,45,"(23, 19)",0,-0.08
508,46,"(23, 18)",0,-0.08
508,47,"(23, 17)",1,-0.08
508,48,"(24, 17)",1,-0.08
508,49,"(25, 17)",1,-0.08
508,50,"(26, 17)",1,-0.08
508,51,"(27, 17)",1,-0.08
508,52,"(28, 17)",0,-0.08
508,53,"(28, 16)",1,-0.08
508,54,"(29, 16)",0,-0.08
508,55,"(29, 15)",0,-0.08
508,56,"(29, 14)",0,-0.08
508,57,"(29, 13)",1,-0.08
508,58,"(30, 13)",1,-0.08
508,59,"(31, 13)",1,-0.08
508,60,"(32, 13)",1,-0.08
508,61,"(33, 13)",1,-0.08
508,62,"(34, 13)",1,-0.08
508,63,"(35, 13)",0,-0.08
508,64,"(35, 12)",1,-0.08
508,65,"(36, 12)",1,-0.08
508,66,"(37, 12)",1,-0.08
508,67,"(38, 12)",1,-0.08
508,68,"(39, 12)",0,-0.08
508,69,"(39, 11)",1,-0.08
508,70,"(40, 11)",1,-0.08
508,71,"(41, 11)",1,-0.08
508,72,"(42, 11)",1,-0.08
508,73,"(43, 11)",1,-0.08
508,74,"(44, 11)",1,-0.08
508,75,"(45, 11)",0,-0.08
508,76,"(45, 10)",1,-0.08
508,77,"(46, 10)",1,-0.08
508,78,"(47, 10)",1,-0.08
508,79,"(48, 10)",1,-0.08
508,80,"(49, 10)",0,-0.08
508,81,"(49, 9)",1,-0.08
508,82,"(50, 9)",0,-0.08
508,83,"(50, 8)",0,-0.08
508,84,"(50, 7)",1,-0.08
508,85,"(51, 7)",1,-0.08
508,86,"(52, 7)",1,-0.08
508,87,"(53, 7)",1,-0.08
508,88,"(54, 7)",1,-0.08
508,89,"(55, 7)",1,-0.08
508,90,"(56, 7)",1,-0.08
508,91,"(57, 7)",1,-0.08
508,92,"(58, 7)",1,-0.08
508,93,"(59, 7)",1,-0.08
508,94,"(60, 7)",1,-0.08
508,95,"(61, 7)",1,-0.08
508,96,"(62, 7)",1,-0.08
508,97,"(63, 7)",1,-0.08
508,98,"(64, 7)",1,-0.08
508,99,"(65, 7)",1,-0.08
508,100,"(66, 7)",1,-0.08
508,101,"(67, 7)",1,-0.08
508,102,"(68, 7)",1,-0.08
508,103,"(69, 7)",0,-0.08
508,104,"(69, 6)",1,-0.08
508,105,"(70, 6)",1,-0.08
508,106,"(71, 6)",1,-0.08
508,107,"(72, 6)",1,-0.08
508,108,"(73, 6)",1,-0.08
508,109,"(74, 6)",0,-0.08
508,110,"(74, 5)",1,-0.08
508,111,"(75, 5)",1,-0.08
508,112,"(76, 5)",1,-0.08
508,113,"(77, 5)",0,-0.08
508,114,"(77, 4)",0,-0.08
508,115,"(77, 3)",0,-0.08
508,116,"(77, 2)",0,-0.08
508,117,"(77, 1)",0,-0.08
508,118,"(77, 0)",1,-0.08
508,119,"(78, 0)",1,8.33
509,0,"(0, 39)",0,-0.08
509,1,"(0, 38)",0,-0.08
509,2,"(0, 37)",0,-0.08
509,3,"(0, 36)",0,-0.08
509,4,"(0, 35)",1,-0.08
509,5,"(1, 35)",1,-0.08
509,6,"(2, 35)",0,-0.08
509,7,"(2, 34)",1,-8.33
509,8,"(2, 34)",0,-0.08
509,9,"(2, 33)",1,-0.08
509,10,"(3, 33)",1,-0.08
509,11,"(4, 33)",1,-0.08
509,12,"(5, 33)",1,-0.08
509,13,"(6, 33)",1,-0.08
509,14,"(7, 33)",0,-0.08
509,15,"(7, 32)",0,-0.08
509,16,"(7, 31)",1,-0.08
509,17,"(8, 31)",1,-0.08
509,18,"(9, 31)",0,-0.08
509,19,"(9, 30)",1,-0.08
509,20,"(10, 30)",1,-8.33
509,21,"(10, 30)",0,-0.08
509,22,"(10, 29)",0,-0.08
509,23,"(10, 28)",0,-0.08
509,24,"(10, 27)",0,-8.33
509,25,"(10, 27)",1,-0.08
509,26,"(11, 27)",1,-0.08
509,27,"(12, 27)",0,-0.08
509,28,"(12, 26)",1,-0.08
509,29,"(13, 26)",0,-0.08
509,30,"(13, 25)",0,-0.08
509,31,"(13, 24)",1,-0.08
509,32,"(14, 24)",0,-0.08
509,33,"(14, 23)",1,-0.08
509,34,"(15, 23)",1,-0.08
509,35,"(16, 23)",0,-0.08
509,36,"(16, 22)",1,-0.08
509,37,"(17, 22)",1,-0.08
509,38,"(18, 22)",1,-0.08
509,39,"(19, 22)",1,-0.08
509,40,"(20, 22)",0,-0.08
509,41,"(20, 21)",0,-0.08
509,42,"(20, 20)",1,-0.08
509,43,"(21, 20)",1,-0.08
509,44,"(22, 20)",0,-0.08
509,45,"(22, 19)",1,-0.08
509,46,"(23, 19)",0,-0.08
509,47,"(23, 18)",0,-0.08
509,48,"(23, 17)",0,-0.08
509,49,"(23, 16)",0,-0.08
509,50,"(23, 15)",1,-0.08
509,51,"(24, 15)",1,-0.08
509,52,"(25, 15)",1,-0.08
509,53,"(26, 15)",1,-0.08
509,54,"(27, 15)",0,-0.08
509,55,"(27, 14)",0,-0.08
509,56,"(27, 13)",1,-0.08
509,57,"(28, 13)",1,-0.08
509,58,"(29, 13)",1,-0.08
509,59,"(30, 13)",1,-0.08
509,60,"(31, 13)",1,-0.08
509,61,"(32, 13)",1,-0.08
509,62,"(33, 13)",1,-0.08
509,63,"(34, 13)",1,-0.08
509,64,"(35, 13)",1,-0.08
509,65,"(36, 13)",0,-0.08
509,66,"(36, 12)",1,-0.08
509,67,"(37, 12)",1,-0.08
509,68,"(38, 12)",1,-0.08
509,69,"(39, 12)",0,-0.08
509,70,"(39, 11)",1,-0.08
509,71,"(40, 11)",1,-0.08
509,72,"(41, 11)",1,-0.08
509,73,"(42, 11)",1,-0.08
509,74,"(43, 11)",1,-0.08
509,75,"(44, 11)",1,-0.08
509,76,"(45, 11)",0,-0.08
509,77,"(45, 10)",1,-0.08
509,78,"(46, 10)",1,-0.08
509,79,"(47, 10)",1,-0.08
509,80,"(48, 10)",1,-0.08
509,81,"(49, 10)",0,-0.08
509,82,"(49, 9)",1,-0.08
509,83,"(50, 9)",0,-0.08
509,84,"(50, 8)",0,-0.08
509,85,"(50, 7)",1,-0.08
509,86,"(51, 7)",1,-0.08
509,87,"(52, 7)",1,-0.08
509,88,"(53, 7)",1,-0.08
509,89,"(54, 7)",1,-0.08
509,90,"(55, 7)",1,-0.08
509,91,"(56, 7)",1,-0.08
509,92,"(57, 7)",1,-0.08
509,93,"(58, 7)",1,-0.08
509,94,"(59, 7)",1,-0.08
509,95,"(60, 7)",1,-0.08
509,96,"(61, 7)",1,-0.08
509,97,"(62, 7)",1,-0.08
509,98,"(63, 7)",1,-0.08
509,99,"(64, 7)",1,-0.08
509,100,"(65, 7)",1,-0.08
509,101,"(66, 7)",1,-0.08
509,102,"(67, 7)",1,-0.08
509,103,"(68, 7)",1,-0.08
509,104,"(69, 7)",0,-0.08
509,105,"(69, 6)",1,-0.08
509,106,"(70, 6)",1,-0.08
509,107,"(71, 6)",0,-0.08
509,108,"(71, 5)",1,-0.08
509,109,"(72, 5)",1,-0.08
509,110,"(73, 5)",1,-0.08
509,111,"(74, 5)",0,-0.08
509,112,"(74, 4)",1,-0.08
509,113,"(75, 4)",0,-0.08
509,114,"(75, 3)",1,-0.08
509,115,"(76, 3)",1,-0.08
509,116,"(77, 3)",0,-0.08
509,117,"(77, 2)",0,-0.08
509,118,"(77, 1)",1,-0.08
509,119,"(78, 1)",0,-0.08
509,120,"(78, 0)",1,8.33
510,0,"(0, 39)",1,-0.08
510,1,"(1, 39)",1,-0.08
510,2,"(2, 39)",1,-0.08
510,3,"(3, 39)",0,-0.08
510,4,"(3, 38)",0,-0.08
510,5,"(3, 37)",0,-0.08
510,6,"(3, 36)",1,-8.33
510,7,"(3, 36)",0,-0.08
510,8,"(3, 35)",3,-0.08
510,9,"(2, 35)",0,-0.08
510,10,"(2, 34)",0,-0.08
510,11,"(2, 33)",1,-0.08
510,12,"(3, 33)",0,-0.08
510,13,"(3, 32)",0,-0.08
510,14,"(3, 31)",0,-8.33
510,15,"(3, 31)",3,-0.08
510,16,"(2, 31)",3,-0.08
510,17,"(1, 31)",0,-0.08
510,18,"(1, 30)",0,-0.08
510,19,"(1, 29)",1,-0.08
510,20,"(2, 29)",1,-0.08
510,21,"(3, 29)",0,-0.08
510,22,"(3, 28)",0,-0.08
510,23,"(3, 27)",0,-0.08
510,24,"(3, 26)",0,-0.08
510,25,"(3, 25)",1,-0.08
510,26,"(4, 25)",1,-0.08
510,27,"(5, 25)",1,-0.08
510,28,"(6, 25)",1,-0.08
510,29,"(7, 25)",1,-0.08
510,30,"(8, 25)",1,-0.08
510,31,"(9, 25)",0,-0.08
510,32,"(9, 24)",1,-0.08
510,33,"(10, 24)",1,-0.08
510,34,"(11, 24)",1,-0.08
510,35,"(12, 24)",1,-0.08
510,36,"(13, 24)",1,-0.08
510,37,"(14, 24)",0,-0.08
510,38,"(14, 23)",1,-0.08
510,39,"(15, 23)",1,-0.08
510,40,"(16, 23)",0,-0.08
510,41,"(16, 22)",1,-0.08
510,42,"(17, 22)",1,-0.08
510,43,"(18, 22)",1,-0.08
510,44,"(19, 22)",0,-0.08
510,45,"(19, 21)",0,-0.08
510,46,"(19, 20)",1,-0.08
510,47,"(20, 20)",0,-0.08
510,48,"(20, 19)",1,-0.08
510,49,"(21, 19)",1,-0.08
510,50,"(22, 19)",1,-0.08
510,51,"(23, 19)",0,-0.08
510,52,"(23, 18)",0,-0.08
510,53,"(23, 17)",1,-0.08
510,54,"(24, 17)",1,-0.08
510,55,"(25, 17)",1,-0.08
510,56,"(26, 17)",1,-0.08
510,57,"(27, 17)",1,-0.08
510,58,"(28, 17)",0,-0.08
510,59,"(28, 16)",0,-0.08
510,60,"(28, 15)",1,-0.08
510,61,"(29, 15)",1,-0.08
510,62,"(30, 15)",1,-0.08
510,63,"(31, 15)",1,-0.08
510,64,"(32, 15)",0,-0.08
510,65,"(32, 14)",0,-0.08
510,66,"(32, 13)",1,-0.08
510,67,"(33, 13)",1,-0.08
510,68,"(34, 13)",1,-0.08
510,69,"(35, 13)",1,-0.08
510,70,"(36, 13)",0,-0.08
510,71,"(36, 12)",1,-0.08
510,72,"(37, 12)",1,-0.08
510,73,"(38, 12)",1,-0.08
510,74,"(39, 12)",0,-0.08
510,75,"(39, 11)",1,-0.08
510,76,"(40, 11)",1,-0.08
510,77,"(41, 11)",1,-0.08
510,78,"(42, 11)",1,-0.08
510,79,"(43, 11)",1,-0.08
510,80,"(44, 11)",1,-0.08
510,81,"(45, 11)",0,-0.08
510,82,"(45, 10)",0,-0.08
510,83,"(45, 9)",0,-0.08
510,84,"(45, 8)",1,-0.08
510,85,"(46, 8)",0,-0.08
510,86,"(46, 7)",1,-0.08
510,87,"(47, 7)",1,-0.08
510,88,"(48, 7)",1,-0.08
510,89,"(49, 7)",1,-0.08
510,90,"(50, 7)",1,-0.08
510,91,"(51, 7)",1,-0.08
510,92,"(52, 7)",1,-0.08
510,93,"(53, 7)",1,-0.08
510,94,"(54, 7)",1,-0.08
510,95,"(55, 7)",1,-0.08
510,96,"(56, 7)",1,-0.08
510,97,"(57, 7)",1,-0.08
510,98,"(58, 7)",1,-0.08
510,99,"(59, 7)",1,-0.08
510,100,"(60, 7)",1,-0.08
510,101,"(61, 7)",1,-0.08
510,102,"(62, 7)",1,-0.08
510,103,"(63, 7)",1,-0.08
510,104,"(64, 7)",1,-0.08
510,105,"(65, 7)",1,-0.08
510,106,"(66, 7)",1,-0.08
510,107,"(67, 7)",1,-0.08
510,108,"(68, 7)",1,-0.08
510,109,"(69, 7)",0,-0.08
510,110,"(69, 6)",1,-0.08
510,111,"(70, 6)",1,-0.08
510,112,"(71, 6)",0,-0.08
510,113,"(71, 5)",1,-0.08
510,114,"(72, 5)",1,-0.08
510,115,"(73, 5)",1,-0.08
510,116,"(74, 5)",0,-0.08
510,117,"(74, 4)",1,-0.08
510,118,"(75, 4)",0,-0.08
510,119,"(75, 3)",1,-0.08
510,120,"(76, 3)",0,-0.08
510,121,"(76, 2)",0,-0.08
510,122,"(76, 1)",0,-0.08
510,123,"(76, 0)",1,-0.08
510,124,"(77, 0)",1,-0.08
510,125,"(78, 0)",1,8.33
511,0,"(0, 39)",1,-0.08
511,1,"(1, 39)",0,-0.08
511,2,"(1, 38)",1,-8.33
511,3,"(1, 38)",0,-0.08
511,4,"(1, 37)",0,-8.33
511,5,"(1, 37)",3,-0.08
511,6,"(0, 37)",0,-0.08
511,7,"(0, 36)",0,-0.08
511,8,"(0, 35)",1,-0.08
511,9,"(1, 35)",1,-0.08
511,10,"(2, 35)",0,-0.08
511,11,"(2, 34)",0,-0.08
511,12,"(2, 33)",0,-0.08
511,13,"(2, 32)",1,-0.08
511,14,"(3, 32)",0,-0.08
511,15,"(3, 31)",0,-8.33
511,16,"(3, 31)",0,-8.33
511,17,"(3, 31)",2,-0.08
511,18,"(3, 32)",2,-0.08
511,19,"(3, 33)",1,-0.08
511,20,"(4, 33)",1,-0.08
511,21,"(5, 33)",0,-0.08
511,22,"(5, 32)",0,-0.08
511,23,"(5, 31)",0,-0.08
511,24,"(5, 30)",0,-0.08
511,25,"(5, 29)",1,-0.08
511,26,"(6, 29)",1,-0.08
511,27,"(7, 29)",1,-0.08
511,28,"(8, 29)",1,-0.08
511,29,"(9, 29)",1,-0.08
511,30,"(10, 29)",0,-0.08
511,31,"(10, 28)",0,-0.08
511,32,"(10, 27)",1,-0.08
511,33,"(11, 27)",1,-0.08
511,34,"(12, 27)",1,-0.08
511,35,"(13, 27)",1,-0.08
511,36,"(14, 27)",1,-0.08
511,37,"(15, 27)",1,-0.08
511,38,"(16, 27)",1,-0.08
511,39,"(17, 27)",1,-0.08
511,40,"(18, 27)",1,-0.08
511,41,"(19, 27)",0,-0.08
511,42,"(19, 26)",0,-0.08
511,43,"(19, 25)",1,-0.08
511,44,"(20, 25)",1,-0.08
511,45,"(21, 25)",1,-0.08
511,46,"(22, 25)",0,-0.08
511,47,"(22, 24)",0,-0.08
511,48,"(22, 23)",1,-0.08
511,49,"(23, 23)",1,-0.08
511,50,"(24, 23)",1,-0.08
511,51,"(25, 23)",0,-0.08
511,52,"(25, 22)",0,-0.08
511,53,"(25, 21)",1,-0.08
511,54,"(26, 21)",1,-0.08
511,55,"(27, 21)",0,-0.08
511,56,"(27, 20)",1,-0.08
511,57,"(28, 20)",0,-0.08
511,58,"(28, 19)",1,-0.08
511,59,"(29, 19)",1,-0.08
511,60,"(30, 19)",1,-0.08
511,61,"(31, 19)",1,-0.08
511,62,"(32, 19)",1,-0.08
511,63,"(33, 19)",1,-0.08
511,64,"(34, 19)",0,-0.08
511,65,"(34, 18)",0,-0.08
511,66,"(34, 17)",1,-0.08
511,67,"(35, 17)",1,-0.08
511,68,"(36, 17)",1,-0.08
511,69,"(37, 17)",1,-0.08
511,70,"(38, 17)",1,-0.08
511,71,"(39, 17)",0,-0.08
511,72,"(39, 16)",1,-0.08
511,73,"(40, 16)",1,-0.08
511,74,"(41, 16)",0,-0.08
511,75,"(41, 15)",0,-0.08
511,76,"(41, 14)",0,-0.08
511,77,"(41, 13)",0,-0.08
511,78,"(41, 12)",0,-0.08
511,79,"(41, 11)",1,-0.08
511,80,"(42, 11)",1,-0.08
511,81,"(43, 11)",1,-0.08
511,82,"(44, 11)",1,-0.08
511,83,"(45, 11)",0,-0.08
511,84,"(45, 10)",1,-0.08
511,85,"(46, 10)",1,-0.08
511,86,"(47, 10)",1,-0.08
511,87,"(48, 10)",1,-0.08
511,88,"(49, 10)",1,-0.08
511,89,"(50, 10)",0,-0.08
511,90,"(50, 9)",0,-0.08
511,91,"(50, 8)",0,-0.08
511,92,"(50, 7)",1,-0.08
511,93,"(51, 7)",1,-0.08
511,94,"(52, 7)",1,-0.08
511,95,"(53, 7)",1,-0.08
511,96,"(54, 7)",1,-0.08
511,97,"(55, 7)",1,-0.08
511,98,"(56, 7)",1,-0.08
511,99,"(57, 7)",1,-0.08
511,100,"(58, 7)",1,-0.08
511,101,"(59, 7)",1,-0.08
511,102,"(60, 7)",1,-0.08
511,103,"(61, 7)",1,-0.08
511,104,"(62, 7)",1,-0.08
511,105,"(63, 7)",1,-0.08
511,106,"(64, 7)",1,-0.08
511,107,"(65, 7)",1,-0.08
511,108,"(66, 7)",1,-0.08
511,109,"(67, 7)",1,-0.08
511,110,"(68, 7)",1,-0.08
511,111,"(69, 7)",0,-0.08
511,112,"(69, 6)",1,-0.08
511,113,"(70, 6)",1,-0.08
511,114,"(71, 6)",1,-0.08
511,115,"(72, 6)",0,-0.08
511,116,"(72, 5)",1,-0.08
511,117,"(73, 5)",1,-0.08
511,118,"(74, 5)",1,-0.08
511,119,"(75, 5)",1,-0.08
511,120,"(76, 5)",1,-0.08
511,121,"(77, 5)",0,-0.08
511,122,"(77, 4)",0,-0.08
511,123,"(77, 3)",0,-0.08
511,124,"(77, 2)",0,-0.08
511,125,"(77, 1)",0,-0.08
511,126,"(77, 0)",1,-0.08
511,127,"(78, 0)",1,8.33
512,0,"(0, 39)",0,-0.08
512,1,"(0, 38)",1,-0.08
512,2,"(1, 38)",0,-0.08
512,3,"(1, 37)",0,-8.33
512,4,"(1, 37)",3,-0.08
512,5,"(0, 37)",0,-0.08
512,6,"(0, 36)",0,-0.08
512,7,"(0, 35)",0,-0.08
512,8,"(0, 34)",1,-0.08
512,9,"(1, 34)",0,-0.08
512,10,"(1, 33)",1,-0.08
512,11,"(2, 33)",0,-0.08
512,12,"(2, 32)",0,-0.08
512,13,"(2, 31)",1,-0.08
512,14,"(3, 31)",0,-8.33
512,15,"(3, 31)",0,-8.33
512,16,"(3, 31)",2,-0.08
512,17,"(3, 32)",2,-0.08
512,18,"(3, 33)",1,-0.08
512,19,"(4, 33)",1,-0.08
512,20,"(5, 33)",0,-0.08
512,21,"(5, 32)",0,-0.08
512,22,"(5, 31)",1,-0.08
512,23,"(6, 31)",1,-0.08
512,24,"(7, 31)",1,-0.08
512,25,"(8, 31)",0,-0.08
512,26,"(8, 30)",1,-0.08
512,27,"(9, 30)",1,-0.08
512,28,"(10, 30)",0,-0.08
512,29,"(10, 29)",0,-0.08
512,30,"(10, 28)",0,-0.08
512,31,"(10, 27)",1,-0.08
512,32,"(11, 27)",1,-0.08
512,33,"(12, 27)",1,-0.08
512,34,"(13, 27)",0,-0.08
512,35,"(13, 26)",0,-0.08
512,36,"(13, 25)",0,-0.08
512,37,"(13, 24)",0,-0.08
512,38,"(13, 23)",1,-0.08
512,39,"(14, 23)",1,-0.08
512,40,"(15, 23)",1,-0.08
512,41,"(16, 23)",1,-0.08
512,42,"(17, 23)",0,-0.08
512,43,"(17, 22)",1,-0.08
512,44,"(18, 22)",1,-0.08
512,45,"(19, 22)",0,-0.08
512,46,"(19, 21)",0,-0.08
512,47,"(19, 20)",0,-0.08
512,48,"(19, 19)",1,-0.08
512,49,"(20, 19)",1,-0.08
512,50,"(21, 19)",1,-0.08
512,51,"(22, 19)",1,-0.08
512,52,"(23, 19)",0,-0.08
512,53,"(23, 18)",0,-0.08
512,54,"(23, 17)",0,-0.08
512,55,"(23, 16)",0,-0.08
512,56,"(23, 15)",1,-0.08
512,57,"(24, 15)",1,-0.08
512,58,"(25, 15)",1,-0.08
512,59,"(26, 15)",1,-0.08
512,60,"(27, 15)",1,-0.08
512,61,"(28, 15)",1,-0.08
512,62,"(29, 15)",1,-0.08
512,63,"(30, 15)",1,-0.08
512,64,"(31, 15)",1,-0.08
512,65,"(32, 15)",1,-0.08
512,66,"(33, 15)",1,-0.08
512,67,"(34, 15)",0,-0.08
512,68,"(34, 14)",1,-0.08
512,69,"(35, 14)",0,-0.08
512,70,"(35, 13)",1,-0.08
512,71,"(36, 13)",0,-0.08
512,72,"(36, 12)",1,-0.08
512,73,"(37, 12)",1,-0.08
512,74,"(38, 12)",1,-0.08
512,75,"(39, 12)",0,-0.08
512,76,"(39, 11)",1,-0.08
512,77,"(40, 11)",1,-0.08
512,78,"(41, 11)",1,-0.08
512,79,"(42, 11)",1,-0.08
512,80,"(43, 11)",1,-0.08
512,81,"(44, 11)",1,-0.08
512,82,"(45, 11)",0,-0.08
512,83,"(45, 10)",1,-0.08
512,84,"(46, 10)",1,-0.08
512,85,"(47, 10)",1,-0.08
512,86,"(48, 10)",1,-0.08
512,87,"(49, 10)",1,-0.08
512,88,"(50, 10)",0,-0.08
512,89,"(50, 9)",1,-0.08
512,90,"(51, 9)",1,-0.08
512,91,"(52, 9)",1,-0.08
512,92,"(53, 9)",1,-0.08
512,93,"(54, 9)",1,-0.08
512,94,"(55, 9)",1,-0.08
512,95,"(56, 9)",1,-0.08
512,96,"(57, 9)",0,-0.08
512,97,"(57, 8)",1,-0.08
512,98,"(58, 8)",0,-0.08
512,99,"(58, 7)",1,-0.08
512,100,"(59, 7)",1,-0.08
512,101,"(60, 7)",1,-0.08
512,102,"(61, 7)",1,-0.08
512,103,"(62, 7)",1,-0.08
512,104,"(63, 7)",1,-0.08
512,105,"(64, 7)",1,-0.08
512,106,"(65, 7)",1,-0.08
512,107,"(66, 7)",1,-0.08
512,108,"(67, 7)",1,-0.08
512,109,"(68, 7)",1,-0.08
512,110,"(69, 7)",0,-0.08
512,111,"(69, 6)",1,-0.08
512,112,"(70, 6)",1,-0.08
512,113,"(71, 6)",1,-0.08
512,114,"(72, 6)",1,-0.08
512,115,"(73, 6)",1,-0.08
512,116,"(74, 6)",0,-0.08
512,117,"(74, 5)",0,-0.08
512,118,"(74, 4)",0,-0.08
512,119,"(74, 3)",1,-0.08
512,120,"(75, 3)",1,-0.08
512,121,"(76, 3)",0,-0.08
512,122,"(76, 2)",1,-0.08
512,123,"(77, 2)",0,-0.08
512,124,"(77, 1)",1,-0.08
512,125,"(78, 1)",0,-0.08
512,126,"(78, 0)",1,8.33
513,0,"(0, 39)",0,-0.08
513,1,"(0, 38)",1,-0.08
513,2,"(1, 38)",1,-8.33
513,3,"(1, 38)",0,-0.08
513,4,"(1, 37)",0,-8.33
513,5,"(1, 37)",3,-0.08
513,6,"(0, 37)",0,-0.08
513,7,"(0, 36)",0,-0.08
513,8,"(0, 35)",0,-0.08
513,9,"(0, 34)",0,-0.08
513,10,"(0, 33)",1,-0.08
513,11,"(1, 33)",1,-0.08
513,12,"(2, 33)",0,-0.08
513,13,"(2, 32)",0,-0.08
513,14,"(2, 31)",1,-0.08
513,15,"(3, 31)",0,-8.33
513,16,"(3, 31)",0,-8.33
513,17,"(3, 31)",2,-0.08
513,18,"(3, 32)",2,-0.08
513,19,"(3, 33)",1,-0.08
513,20,"(4, 33)",1,-0.08
513,21,"(5, 33)",1,-0.08
513,22,"(6, 33)",1,-0.08
513,23,"(7, 33)",1,-0.08
513,24,"(8, 33)",0,-0.08
513,25,"(8, 32)",0,-0.08
513,26,"(8, 31)",1,-0.08
513,27,"(9, 31)",0,-0.08
513,28,"(9, 30)",1,-0.08
513,29,"(10, 30)",0,-0.08
513,30,"(10, 29)",0,-0.08
513,31,"(10, 28)",0,-0.08
513,32,"(10, 27)",1,-0.08
513,33,"(11, 27)",1,-0.08
513,34,"(12, 27)",0,-0.08
513,35,"(12, 26)",0,-0.08
513,36,"(12, 25)",1,-0.08
513,37,"(13, 25)",0,-0.08
513,38,"(13, 24)",0,-0.08
513,39,"(13, 23)",1,-0.08
513,40,"(14, 23)",1,-0.08
513,41,"(15, 23)",1,-0.08
513,42,"(16, 23)",1,-0.08
513,43,"(17, 23)",1,-0.08
513,44,"(18, 23)",0,-0.08
513,45,"(18, 22)",1,-0.08
513,46,"(19, 22)",0,-0.08
513,47,"(19, 21)",0,-0.08
513,48,"(19, 20)",1,-0.08
513,49,"(20, 20)",1,-0.08
513,50,"(21, 20)",1,-0.08
513,51,"(22, 20)",1,-0.08
513,52,"(23, 20)",0,-0.08
513,53,"(23, 19)",0,-0.08
513,54,"(23, 18)",0,-0.08
513,55,"(23, 17)",1,-0.08
513,56,"(24, 17)",1,-0.08
513,57,"(25, 17)",1,-0.08
513,58,"(26, 17)",1,-0.08
513,59,"(27, 17)",0,-0.08
513,60,"(27, 16)",1,-0.08
513,61,"(28, 16)",1,-0.08
513,62,"(29, 16)",0,-0.08
513,63,"(29, 15)",1,-0.08
513,64,"(30, 15)",1,-0.08
513,65,"(31, 15)",1,-0.08
513,66,"(32, 15)",0,-0.08
513,67,"(32, 14)",0,-0.08
513,68,"(32, 13)",1,-0.08
513,69,"(33, 13)",1,-0.08
513,70,"(34, 13)",1,-0.08
513,71,"(35, 13)",1,-0.08
513,72,"(36, 13)",0,-0.08
513,73,"(36, 12)",1,-0.08
513,74,"(37, 12)",1,-0.08
513,75,"(38, 12)",1,-0.08
513,76,"(39, 12)",0,-0.08
513,77,"(39, 11)",1,-0.08
513,78,"(40, 11)",1,-0.08
513,79,"(41, 11)",1,-0.08
513,80,"(42, 11)",1,-0.08
513,81,"(43, 11)",1,-0.08
513,82,"(44, 11)",1,-0.08
513,83,"(45, 11)",0,-0.08
513,84,"(45, 10)",1,-0.08
513,85,"(46, 10)",1,-0.08
513,86,"(47, 10)",1,-0.08
513,87,"(48, 10)",1,-0.08
513,88,"(49, 10)",1,-0.08
513,89,"(50, 10)",0,-0.08
513,90,"(50, 9)",1,-0.08
513,91,"(51, 9)",1,-0.08
513,92,"(52, 9)",1,-0.08
513,93,"(53, 9)",1,-0.08
513,94,"(54, 9)",1,-0.08
513,95,"(55, 9)",1,-0.08
513,96,"(56, 9)",1,-0.08
513,97,"(57, 9)",0,-0.08
513,98,"(57, 8)",0,-0.08
513,99,"(57, 7)",1,-0.08
513,100,"(58, 7)",1,-0.08
513,101,"(59, 7)",1,-0.08
513,102,"(60, 7)",1,-0.08
513,103,"(61, 7)",1,-0.08
513,104,"(62, 7)",1,-0.08
513,105,"(63, 7)",1,-0.08
513,106,"(64, 7)",1,-0.08
513,107,"(65, 7)",1,-0.08
513,108,"(66, 7)",1,-0.08
513,109,"(67, 7)",1,-0.08
513,110,"(68, 7)",1,-0.08
513,111,"(69, 7)",0,-0.08
513,112,"(69, 6)",1,-0.08
513,113,"(70, 6)",1,-0.08
513,114,"(71, 6)",0,-0.08
513,115,"(71, 5)",1,-0.08
513,116,"(72, 5)",1,-0.08
513,117,"(73, 5)",1,-0.08
513,118,"(74, 5)",0,-0.08
513,119,"(74, 4)",1,-0.08
513,120,"(75, 4)",0,-0.08
513,121,"(75, 3)",1,-0.08
513,122,"(76, 3)",0,-0.08
513,123,"(76, 2)",0,-0.08
513,124,"(76, 1)",0,-0.08
513,125,"(76, 0)",1,-0.08
513,126,"(77, 0)",1,-0.08
513,127,"(78, 0)",1,8.33
514,0,"(0, 39)",1,-0.08
514,1,"(1, 39)",0,-0.08
514,2,"(1, 38)",1,-8.33
514,3,"(1, 38)",0,-0.08
514,4,"(1, 37)",0,-8.33
514,5,"(1, 37)",3,-0.08
514,6,"(0, 37)",0,-0.08
514,7,"(0, 36)",0,-0.08
514,8,"(0, 35)",1,-0.08
514,9,"(1, 35)",0,-0.08
514,10,"(1, 34)",0,-0.08
514,11,"(1, 33)",1,-0.08
514,12,"(2, 33)",1,-0.08
514,13,"(3, 33)",1,-0.08
514,14,"(4, 33)",1,-0.08
514,15,"(5, 33)",0,-0.08
514,16,"(5, 32)",0,-0.08
514,17,"(5, 31)",0,-0.08
514,18,"(5, 30)",0,-0.08
514,19,"(5, 29)",0,-8.33
514,20,"(5, 29)",1,-0.08
514,21,"(6, 29)",1,-0.08
514,22,"(7, 29)",1,-0.08
514,23,"(8, 29)",0,-0.08
514,24,"(8, 28)",0,-0.08
514,25,"(8, 27)",1,-0.08
514,26,"(9, 27)",1,-0.08
514,27,"(10, 27)",1,-0.08
514,28,"(11, 27)",1,-0.08
514,29,"(12, 27)",0,-0.08
514,30,"(12, 26)",0,-0.08
514,31,"(12, 25)",1,-0.08
514,32,"(13, 25)",1,-0.08
514,33,"(14, 25)",0,-0.08
514,34,"(14, 24)",0,-0.08
514,35,"(14, 23)",1,-0.08
514,36,"(15, 23)",1,-0.08
514,37,"(16, 23)",0,-0.08
514,38,"(16, 22)",1,-0.08
514,39,"(17, 22)",1,-0.08
514,40,"(18, 22)",1,-0.08
514,41,"(19, 22)",1,-0.08
514,42,"(20, 22)",1,-0.08
514,43,"(21, 22)",0,-0.08
514,44,"(21, 21)",0,-0.08
514,45,"(21, 20)",1,-0.08
514,46,"(22, 20)",0,-0.08
514,47,"(22, 19)",1,-0.08
514,48,"(23, 19)",0,-0.08
514,49,"(23, 18)",0,-0.08
514,50,"(23, 17)",1,-0.08
514,51,"(24, 17)",1,-0.08
514,52,"(25, 17)",1,-0.08
514,53,"(26, 17)",1,-0.08
514,54,"(27, 17)",0,-0.08
514,55,"(27, 16)",0,-0.08
514,56,"(27, 15)",0,-0.08
514,57,"(27, 14)",0,-0.08
514,58,"(27, 13)",1,-0.08
514,59,"(28, 13)",1,-0.08
514,60,"(29, 13)",1,-0.08
514,61,"(30, 13)",1,-0.08
514,62,"(31, 13)",1,-0.08
514,63,"(32, 13)",1,-0.08
514,64,"(33, 13)",1,-0.08
514,65,"(34, 13)",1,-0.08
514,66,"(35, 13)",1,-0.08
514,67,"(36, 13)",1,-0.08
514,68,"(37, 13)",0,-0.08
514,69,"(37, 12)",1,-0.08
514,70,"(38, 12)",1,-0.08
514,71,"(39, 12)",0,-0.08
514,72,"(39, 11)",1,-0.08
514,73,"(40, 11)",1,-0.08
514,74,"(41, 11)",1,-0.08
514,75,"(42, 11)",1,-0.08
514,76,"(43, 11)",1,-0.08
514,77,"(44, 11)",1,-0.08
514,78,"(45, 11)",0,-0.08
514,79,"(45, 10)",1,-0.08
514,80,"(46, 10)",0,-0.08
514,81,"(46, 9)",0,-0.08
514,82,"(46, 8)",0,-0.08
514,83,"(46, 7)",1,-0.08
514,84,"(47, 7)",1,-0.08
514,85,"(48, 7)",1,-0.08
514,86,"(49, 7)",1,-0.08
514,87,"(50, 7)",1,-0.08
514,88,"(51, 7)",1,-0.08
514,89,"(52, 7)",1,-0.08
514,90,"(53, 7)",1,-0.08
514,91,"(54, 7)",1,-0.08
514,92,"(55, 7)",1,-0.08
514,93,"(56, 7)",1,-0.08
514,94,"(57, 7)",1,-0.08
514,95,"(58, 7)",1,-0.08
514,96,"(59, 7)",1,-0.08
514,97,"(60, 7)",1,-0.08
514,98,"(61, 7)",1,-0.08
514,99,"(62, 7)",1,-0.08
514,100,"(63, 7)",1,-0.08
514,101,"(64, 7)",1,-0.08
514,102,"(65, 7)",1,-0.08
514,103,"(66, 7)",1,-0.08
514,104,"(67, 7)",1,-0.08
514,105,"(68, 7)",1,-0.08
514,106,"(69, 7)",0,-0.08
514,107,"(69, 6)",1,-0.08
514,108,"(70, 6)",1,-0.08
514,109,"(71, 6)",0,-0.08
514,110,"(71, 5)",1,-0.08
514,111,"(72, 5)",1,-0.08
514,112,"(73, 5)",1,-0.08
514,113,"(74, 5)",1,-0.08
514,114,"(75, 5)",1,-0.08
514,115,"(76, 5)",1,-0.08
514,116,"(77, 5)",0,-0.08
514,117,"(77, 4)",0,-0.08
514,118,"(77, 3)",0,-0.08
514,119,"(77, 2)",0,-0.08
514,120,"(77, 1)",0,-0.08
514,121,"(77, 0)",1,-0.08
514,122,"(78, 0)",1,8.33
515,0,"(0, 39)",0,-0.08
515,1,"(0, 38)",0,-0.08
515,2,"(0, 37)",0,-0.08
515,3,"(0, 36)",1,-8.33
515,4,"(0, 36)",0,-0.08
515,5,"(0, 35)",1,-0.08
515,6,"(1, 35)",1,-0.08
515,7,"(2, 35)",0,-0.08
515,8,"(2, 34)",0,-0.08
515,9,"(2, 33)",1,-0.08
515,10,"(3, 33)",1,-0.08
515,11,"(4, 33)",1,-0.08
515,12,"(5, 33)",1,-0.08
515,13,"(6, 33)",1,-0.08
515,14,"(7, 33)",0,-0.08
515,15,"(7, 32)",0,-0.08
515,16,"(7, 31)",1,-0.08
515,17,"(8, 31)",1,-0.08
515,18,"(9, 31)",0,-0.08
515,19,"(9, 30)",1,-0.08
515,20,"(10, 30)",0,-0.08
515,21,"(10, 29)",0,-0.08
515,22,"(10, 28)",0,-0.08
515,23,"(10, 27)",0,-8.33
515,24,"(10, 27)",1,-0.08
515,25,"(11, 27)",1,-0.08
515,26,"(12, 27)",1,-0.08
515,27,"(13, 27)",1,-0.08
515,28,"(14, 27)",1,-0.08
515,29,"(15, 27)",0,-0.08
515,30,"(15, 26)",0,-0.08
515,31,"(15, 25)",1,-0.08
515,32,"(16, 25)",1,-0.08
515,33,"(17, 25)",0,-0.08
515,34,"(17, 24)",0,-0.08
515,35,"(17, 23)",1,-0.08
515,36,"(18, 23)",1,-0.08
515,37,"(19, 23)",1,-0.08
515,38,"(20, 23)",1,-0.08
515,39,"(21, 23)",0,-0.08
515,40,"(21, 22)",0,-0.08
515,41,"(21, 21)",1,-0.08
515,42,"(22, 21)",0,-0.08
515,43,"(22, 20)",0,-0.08
515,44,"(22, 19)",1,-0.08
515,45,"(23, 19)",0,-0.08
515,46,"(23, 18)",0,-0.08
515,47,"(23, 17)",1,-0.08
515,48,"(24, 17)",1,-0.08
515,49,"(25, 17)",1,-0.08
515,50,"(26, 17)",1,-0.08
515,51,"(27, 17)",1,-0.08
515,52,"(28, 17)",1,-0.08
515,53,"(29, 17)",0,-0.08
515,54,"(29, 16)",0,-0.08
515,55,"(29, 15)",0,-0.08
515,56,"(29, 14)",0,-0.08
515,57,"(29, 13)",1,-0.08
515,58,"(30, 13)",1,-0.08
515,59,"(31, 13)",1,-0.08
515,60,"(32, 13)",1,-0.08
515,61,"(33, 13)",1,-0.08
515,62,"(34, 13)",1,-0.08
515,63,"(35, 13)",1,-0.08
515,64,"(36, 13)",1,-0.08
515,65,"(37, 13)",0,-0.08
515,66,"(37, 12)",1,-0.08
515,67,"(38, 12)",1,-0.08
515,68,"(39, 12)",0,-0.08
515,69,"(39, 11)",1,-0.08
515,70,"(40, 11)",1,-0.08
515,71,"(41, 11)",1,-0.08
515,72,"(42, 11)",1,-0.08
515,73,"(43, 11)",1,-0.08
515,74,"(44, 11)",1,-0.08
515,75,"(45, 11)",0,-0.08
515,76,"(45, 10)",1,-0.08
515,77,"(46, 10)",1,-0.08
515,78,"(47, 10)",1,-0.08
515,79,"(48, 10)",1,-0.08
515,80,"(49, 10)",0,-0.08
515,81,"(49, 9)",1,-0.08
515,82,"(50, 9)",1,-0.08
515,83,"(51, 9)",1,-0.08
515,84,"(52, 9)",1,-0.08
515,85,"(53, 9)",1,-0.08
515,86,"(54, 9)",1,-0.08
515,87,"(55, 9)",1,-0.08
515,88,"(56, 9)",1,-0.08
515,89,"(57, 9)",1,-0.08
515,90,"(58, 9)",0,-0.08
515,91,"(58, 8)",0,-0.08
515,92,"(58, 7)",1,-0.08
515,93,"(59, 7)",1,-0.08
515,94,"(60, 7)",1,-0.08
515,95,"(61, 7)",1,-0.08
515,96,"(62, 7)",1,-0.08
515,97,"(63, 7)",1,-0.08
515,98,"(64, 7)",1,-0.08
515,99,"(65, 7)",1,-0.08
515,100,"(66, 7)",1,-0.08
515,101,"(67, 7)",1,-0.08
515,102,"(68, 7)",1,-0.08
515,103,"(69, 7)",1,-0.08
515,104,"(70, 7)",1,-0.08
515,105,"(71, 7)",0,-0.08
515,106,"(71, 6)",1,-0.08
515,107,"(72, 6)",1,-0.08
515,108,"(73, 6)",1,-0.08
515,109,"(74, 6)",0,-0.08
515,110,"(74, 5)",1,-0.08
515,111,"(75, 5)",0,-0.08
515,112,"(75, 4)",0,-0.08
515,113,"(75, 3)",1,-0.08
515,114,"(76, 3)",1,-0.08
515,115,"(77, 3)",0,-0.08
515,116,"(77, 2)",0,-0.08
515,117,"(77, 1)",0,-0.08
515,118,"(77, 0)",1,-0.08
515,119,"(78, 0)",1,8.33
516,0,"(0, 39)",1,-0.08
516,1,"(1, 39)",0,-0.08
516,2,"(1, 38)",0,-0.08
516,3,"(1, 37)",0,-8.33
516,4,"(1, 37)",3,-0.08
516,5,"(0, 37)",0,-0.08
516,6,"(0, 36)",0,-0.08
516,7,"(0, 35)",0,-0.08
516,8,"(0, 34)",0,-0.08
516,9,"(0, 33)",1,-0.08
516,10,"(1, 33)",0,-0.08
516,11,"(1, 32)",0,-0.08
516,12,"(1, 31)",1,-0.08
516,13,"(2, 31)",1,-0.08
516,14,"(3, 31)",0,-8.33
516,15,"(3, 31)",2,-0.08
516,16,"(3, 32)",2,-0.08
516,17,"(3, 33)",1,-0.08
516,18,"(4, 33)",1,-0.08
516,19,"(5, 33)",0,-0.08
516,20,"(5, 32)",0,-0.08
516,21,"(5, 31)",1,-0.08
516,22,"(6, 31)",1,-0.08
516,23,"(7, 31)",1,-0.08
516,24,"(8, 31)",1,-0.08
516,25,"(9, 31)",0,-0.08
516,26,"(9, 30)",0,-0.08
516,27,"(9, 29)",1,-0.08
516,28,"(10, 29)",0,-0.08
516,29,"(10, 28)",0,-0.08
516,30,"(10, 27)",1,-0.08
516,31,"(11, 27)",1,-0.08
516,32,"(12, 27)",1,-0.08
516,33,"(13, 27)",1,-0.08
516,34,"(14, 27)",1,-0.08
516,35,"(15, 27)",1,-0.08
516,36,"(16, 27)",0,-0.08
516,37,"(16, 26)",1,-0.08
516,38,"(17, 26)",0,-0.08
516,39,"(17, 25)",0,-0.08
516,40,"(17, 24)",0,-0.08
516,41,"(17, 23)",0,-0.08
516,42,"(17, 22)",1,-0.08
516,43,"(18, 22)",1,-0.08
516,44,"(19, 22)",0,-0.08
516,45,"(19, 21)",1,-0.08
516,46,"(20, 21)",1,-0.08
516,47,"(21, 21)",1,-0.08
516,48,"(22, 21)",0,-0.08
516,49,"(22, 20)",0,-0.08
516,50,"(22, 19)",1,-0.08
516,51,"(23, 19)",0,-0.08
516,52,"(23, 18)",0,-0.08
516,53,"(23, 17)",1,-0.08
516,54,"(24, 17)",1,-0.08
516,55,"(25, 17)",1,-0.08
516,56,"(26, 17)",1,-0.08
516,57,"(27, 17)",1,-0.08
516,58,"(28, 17)",0,-0.08
516,59,"(28, 16)",0,-0.08
516,60,"(28, 15)",1,-0.08
516,61,"(29, 15)",0,-0.08
516,62,"(29, 14)",0,-0.08
516,63,"(29, 13)",1,-0.08
516,64,"(30, 13)",1,-0.08
516,65,"(31, 13)",1,-0.08
516,66,"(32, 13)",1,-0.08
516,67,"(33, 13)",1,-0.08
516,68,"(34, 13)",1,-0.08
516,69,"(35, 13)",1,-0.08
516,70,"(36, 13)",0,-0.08
516,71,"(36, 12)",1,-0.08
516,72,"(37, 12)",1,-0.08
516,73,"(38, 12)",1,-0.08
516,74,"(39, 12)",0,-0.08
516,75,"(39, 11)",1,-0.08
516,76,"(40, 11)",1,-0.08
516,77,"(41, 11)",1,-0.08
516,78,"(42, 11)",1,-0.08
516,79,"(43, 11)",1,-0.08
516,80,"(44, 11)",1,-0.08
516,81,"(45, 11)",0,-0.08
516,82,"(45, 10)",0,-0.08
516,83,"(45, 9)",1,-0.08
516,84,"(46, 9)",0,-0.08
516,85,"(46, 8)",0,-0.08
516,86,"(46, 7)",1,-0.08
516,87,"(47, 7)",1,-0.08
516,88,"(48, 7)",1,-0.08
516,89,"(49, 7)",1,-0.08
516,90,"(50, 7)",1,-0.08
516,91,"(51, 7)",1,-0.08
516,92,"(52, 7)",1,-0.08
516,93,"(53, 7)",1,-0.08
516,94,"(54, 7)",1,-0.08
516,95,"(55, 7)",1,-0.08
516,96,"(56, 7)",1,-0.08
516,97,"(57, 7)",1,-0.08
516,98,"(58, 7)",1,-0.08
516,99,"(59, 7)",1,-0.08
516,100,"(60, 7)",1,-0.08
516,101,"(61, 7)",1,-0.08
516,102,"(62, 7)",1,-0.08
516,103,"(63, 7)",1,-0.08
516,104,"(64, 7)",1,-0.08
516,105,"(65, 7)",1,-0.08
516,106,"(66, 7)",1,-0.08
516,107,"(67, 7)",1,-0.08
516,108,"(68, 7)",1,-0.08
516,109,"(69, 7)",1,-0.08
516,110,"(70, 7)",0,-0.08
516,111,"(70, 6)",1,-0.08
516,112,"(71, 6)",0,-0.08
516,113,"(71, 5)",1,-0.08
516,114,"(72, 5)",1,-0.08
516,115,"(73, 5)",1,-0.08
516,116,"(74, 5)",1,-0.08
516,117,"(75, 5)",1,-0.08
516,118,"(76, 5)",1,-0.08
516,119,"(77, 5)",0,-0.08
516,120,"(77, 4)",0,-0.08
516,121,"(77, 3)",0,-0.08
516,122,"(77, 2)",0,-0.08
516,123,"(77, 1)",1,-0.08
516,124,"(78, 1)",1,-0.08
516,125,"(79, 1)",0,8.33
517,0,"(0, 39)",0,-0.08
517,1,"(0, 38)",1,-0.08
517,2,"(1, 38)",1,-8.33
517,3,"(1, 38)",0,-0.08
517,4,"(1, 37)",0,-8.33
517,5,"(1, 37)",3,-0.08
517,6,"(0, 37)",0,-0.08
517,7,"(0, 36)",0,-0.08
517,8,"(0, 35)",0,-0.08
517,9,"(0, 34)",0,-0.08
517,10,"(0, 33)",1,-0.08
517,11,"(1, 33)",1,-0.08
517,12,"(2, 33)",0,-0.08
517,13,"(2, 32)",1,-0.08
517,14,"(3, 32)",0,-0.08
517,15,"(3, 31)",0,-8.33
517,16,"(3, 31)",0,-8.33
517,17,"(3, 31)",3,-0.08
517,18,"(2, 31)",3,-0.08
517,19,"(1, 31)",0,-0.08
517,20,"(1, 30)",0,-0.08
517,21,"(1, 29)",1,-0.08
517,22,"(2, 29)",1,-0.08
517,23,"(3, 29)",1,-0.08
517,24,"(4, 29)",1,-0.08
517,25,"(5, 29)",1,-0.08
517,26,"(6, 29)",1,-0.08
517,27,"(7, 29)",0,-0.08
517,28,"(7, 28)",1,-0.08
517,29,"(8, 28)",0,-0.08
517,30,"(8, 27)",1,-0.08
517,31,"(9, 27)",1,-0.08
517,32,"(10, 27)",1,-0.08
517,33,"(11, 27)",1,-0.08
517,34,"(12, 27)",1,-0.08
517,35,"(13, 27)",1,-0.08
517,36,"(14, 27)",1,-0.08
517,37,"(15, 27)",1,-0.08
517,38,"(16, 27)",1,-0.08
517,39,"(17, 27)",1,-0.08
517,40,"(18, 27)",1,-0.08
517,41,"(19, 27)",1,-0.08
517,42,"(20, 27)",1,-0.08
517,43,"(21, 27)",0,-0.08
517,44,"(21, 26)",1,-0.08
517,45,"(22, 26)",1,-0.08
517,46,"(23, 26)",0,-0.08
517,47,"(23, 25)",0,-0.08
517,48,"(23, 24)",0,-0.08
517,49,"(23, 23)",1,-0.08
517,50,"(24, 23)",0,-0.08
517,51,"(24, 22)",0,-0.08
517,52,"(24, 21)",1,-0.08
517,53,"(25, 21)",0,-0.08
517,54,"(25, 20)",0,-0.08
517,55,"(25, 19)",1,-0.08
517,56,"(26, 19)",0,-0.08
517,57,"(26, 18)",0,-0.08
517,58,"(26, 17)",1,-0.08
517,59,"(27, 17)",1,-0.08
517,60,"(28, 17)",0,-0.08
517,61,"(28, 16)",1,-0.08
517,62,"(29, 16)",0,-0.08
517,63,"(29, 15)",0,-0.08
517,64,"(29, 14)",0,-0.08
517,65,"(29, 13)",1,-0.08
517,66,"(30, 13)",1,-0.08
517,67,"(31, 13)",1,-0.08
517,68,"(32, 13)",1,-0.08
517,69,"(33, 13)",1,-0.08
517,70,"(34, 13)",1,-0.08
517,71,"(35, 13)",0,-0.08
517,72,"(35, 12)",1,-0.08
517,73,"(36, 12)",1,-0.08
517,74,"(37, 12)",1,-0.08
517,75,"(38, 12)",1,-0.08
517,76,"(39, 12)",0,-0.08
517,77,"(39, 11)",1,-0.08
517,78,"(40, 11)",1,-0.08
517,79,"(41, 11)",1,-0.08
517,80,"(42, 11)",1,-0.08
517,81,"(43, 11)",1,-0.08
517,82,"(44, 11)",1,-0.08
517,83,"(45, 11)",0,-0.08
517,84,"(45, 10)",1,-0.08
517,85,"(46, 10)",0,-0.08
517,86,"(46, 9)",0,-0.08
517,87,"(46, 8)",0,-0.08
517,88,"(46, 7)",1,-0.08
517,89,"(47, 7)",1,-0.08
517,90,"(48, 7)",1,-0.08
517,91,"(49, 7)",1,-0.08
517,92,"(50, 7)",1,-0.08
517,93,"(51, 7)",1,-0.08
517,94,"(52, 7)",1,-0.08
517,95,"(53, 7)",1,-0.08
517,96,"(54, 7)",1,-0.08
517,97,"(55, 7)",1,-0.08
517,98,"(56, 7)",1,-0.08
517,99,"(57, 7)",1,-0.08
517,100,"(58, 7)",1,-0.08
517,101,"(59, 7)",1,-0.08
517,102,"(60, 7)",1,-0.08
517,103,"(61, 7)",1,-0.08
517,104,"(62, 7)",1,-0.08
517,105,"(63, 7)",1,-0.08
517,106,"(64, 7)",1,-0.08
517,107,"(65, 7)",1,-0.08
517,108,"(66, 7)",1,-0.08
517,109,"(67, 7)",1,-0.08
517,110,"(68, 7)",1,-0.08
517,111,"(69, 7)",0,-0.08
517,112,"(69, 6)",1,-0.08
517,113,"(70, 6)",1,-0.08
517,114,"(71, 6)",0,-0.08
517,115,"(71, 5)",1,-0.08
517,116,"(72, 5)",1,-0.08
517,117,"(73, 5)",1,-0.08
517,118,"(74, 5)",0,-0.08
517,119,"(74, 4)",0,-0.08
517,120,"(74, 3)",1,-0.08
517,121,"(75, 3)",1,-0.08
517,122,"(76, 3)",1,-0.08
517,123,"(77, 3)",0,-0.08
517,124,"(77, 2)",0,-0.08
517,125,"(77, 1)",0,-0.08
517,126,"(77, 0)",1,-0.08
517,127,"(78, 0)",1,8.33
518,0,"(0, 39)",1,-0.08
518,1,"(1, 39)",1,-0.08
518,2,"(2, 39)",1,-0.08
518,3,"(3, 39)",1,-0.08
518,4,"(4, 39)",1,-0.08
518,5,"(5, 39)",1,-0.08
518,6,"(6, 39)",0,-8.33
518,7,"(6, 39)",1,-0.08
518,8,"(7, 39)",1,-0.08
518,9,"(8, 39)",1,-0.08
518,10,"(9, 39)",0,-8.33
518,11,"(9, 39)",1,-0.08
518,12,"(10, 39)",0,-0.08
518,13,"(10, 38)",1,-0.08
518,14,"(11, 38)",0,-0.08
518,15,"(11, 37)",1,-0.08
518,16,"(12, 37)",1,-0.08
518,17,"(13, 37)",1,-0.08
518,18,"(14, 37)",1,-0.08
518,19,"(15, 37)",0,-0.08
518,20,"(15, 36)",0,-0.08
518,21,"(15, 35)",0,-0.08
518,22,"(15, 34)",0,-0.08
518,23,"(15, 33)",1,-0.08
518,24,"(16, 33)",1,-0.08
518,25,"(17, 33)",1,-0.08
518,26,"(18, 33)",1,-0.08
518,27,"(19, 33)",0,-0.08
518,28,"(19, 32)",1,-0.08
518,29,"(20, 32)",1,-0.08
518,30,"(21, 32)",0,-0.08
518,31,"(21, 31)",1,-8.33
518,32,"(21, 31)",0,-0.08
518,33,"(21, 30)",0,-0.08
518,34,"(21, 29)",0,-0.08
518,35,"(21, 28)",0,-0.08
518,36,"(21, 27)",0,-0.08
518,37,"(21, 26)",1,-0.08
518,38,"(22, 26)",0,-0.08
518,39,"(22, 25)",0,-0.08
518,40,"(22, 24)",1,-0.08
518,41,"(23, 24)",0,-0.08
518,42,"(23, 23)",1,-0.08
518,43,"(24, 23)",0,-0.08
518,44,"(24, 22)",0,-0.08
518,45,"(24, 21)",0,-0.08
518,46,"(24, 20)",1,-0.08
518,47,"(25, 20)",0,-0.08
518,48,"(25, 19)",0,-0.08
518,49,"(25, 18)",0,-0.08
518,50,"(25, 17)",1,-0.08
518,51,"(26, 17)",1,-0.08
518,52,"(27, 17)",0,-0.08
518,53,"(27, 16)",1,-0.08
518,54,"(28, 16)",1,-0.08
518,55,"(29, 16)",0,-0.08
518,56,"(29, 15)",0,-0.08
518,57,"(29, 14)",0,-0.08
518,58,"(29, 13)",1,-0.08
518,59,"(30, 13)",1,-0.08
518,60,"(31, 13)",1,-0.08
518,61,"(32, 13)",1,-0.08
518,62,"(33, 13)",1,-0.08
518,63,"(34, 13)",1,-0.08
518,64,"(35, 13)",0,-0.08
518,65,"(35, 12)",1,-0.08
518,66,"(36, 12)",1,-0.08
518,67,"(37, 12)",1,-0.08
518,68,"(38, 12)",1,-0.08
518,69,"(39, 12)",0,-0.08
518,70,"(39, 11)",1,-0.08
518,71,"(40, 11)",1,-0.08
518,72,"(41, 11)",1,-0.08
518,73,"(42, 11)",1,-0.08
518,74,"(43, 11)",1,-0.08
518,75,"(44, 11)",1,-0.08
518,76,"(45, 11)",0,-0.08
518,77,"(45, 10)",1,-0.08
518,78,"(46, 10)",0,-0.08
518,79,"(46, 9)",0,-0.08
518,80,"(46, 8)",0,-0.08
518,81,"(46, 7)",1,-0.08
518,82,"(47, 7)",1,-0.08
518,83,"(48, 7)",1,-0.08
518,84,"(49, 7)",1,-0.08
518,85,"(50, 7)",1,-0.08
518,86,"(51, 7)",1,-0.08
518,87,"(52, 7)",1,-0.08
518,88,"(53, 7)",1,-0.08
518,89,"(54, 7)",1,-0.08
518,90,"(55, 7)",1,-0.08
518,91,"(56, 7)",1,-0.08
518,92,"(57, 7)",1,-0.08
518,93,"(58, 7)",1,-0.08
518,94,"(59, 7)",1,-0.08
518,95,"(60, 7)",1,-0.08
518,96,"(61, 7)",1,-0.08
518,97,"(62, 7)",1,-0.08
518,98,"(63, 7)",1,-0.08
518,99,"(64, 7)",1,-0.08
518,100,"(65, 7)",1,-0.08
518,101,"(66, 7)",1,-0.08
518,102,"(67, 7)",1,-0.08
518,103,"(68, 7)",1,-0.08
518,104,"(69, 7)",0,-0.08
518,105,"(69, 6)",1,-0.08
518,106,"(70, 6)",1,-0.08
518,107,"(71, 6)",0,-0.08
518,108,"(71, 5)",1,-0.08
518,109,"(72, 5)",1,-0.08
518,110,"(73, 5)",1,-0.08
518,111,"(74, 5)",1,-0.08
518,112,"(75, 5)",1,-0.08
518,113,"(76, 5)",1,-0.08
518,114,"(77, 5)",0,-0.08
518,115,"(77, 4)",0,-0.08
518,116,"(77, 3)",0,-0.08
518,117,"(77, 2)",0,-0.08
518,118,"(77, 1)",0,-0.08
518,119,"(77, 0)",1,-0.08
518,120,"(78, 0)",1,8.33
519,0,"(0, 39)",0,-0.08
519,1,"(0, 38)",1,-0.08
519,2,"(1, 38)",1,-8.33
519,3,"(1, 38)",0,-0.08
519,4,"(1, 37)",0,-8.33
519,5,"(1, 37)",3,-0.08
519,6,"(0, 37)",0,-0.08
519,7,"(0, 36)",0,-0.08
519,8,"(0, 35)",0,-0.08
519,9,"(0, 34)",0,-0.08
519,10,"(0, 33)",1,-0.08
519,11,"(1, 33)",0,-0.08
519,12,"(1, 32)",1,-0.08
519,13,"(2, 32)",1,-0.08
519,14,"(3, 32)",0,-0.08
519,15,"(3, 31)",0,-8.33
519,16,"(3, 31)",0,-8.33
519,17,"(3, 31)",2,-0.08
519,18,"(3, 32)",2,-0.08
519,19,"(3, 33)",1,-0.08
519,20,"(4, 33)",1,-0.08
519,21,"(5, 33)",0,-0.08
519,22,"(5, 32)",0,-0.08
519,23,"(5, 31)",1,-0.08
519,24,"(6, 31)",1,-0.08
519,25,"(7, 31)",1,-0.08
519,26,"(8, 31)",0,-0.08
519,27,"(8, 30)",0,-0.08
519,28,"(8, 29)",0,-0.08
519,29,"(8, 28)",0,-0.08
519,30,"(8, 27)",1,-0.08
519,31,"(9, 27)",1,-0.08
519,32,"(10, 27)",1,-0.08
519,33,"(11, 27)",1,-0.08
519,34,"(12, 27)",0,-0.08
519,35,"(12, 26)",1,-0.08
519,36,"(13, 26)",0,-0.08
519,37,"(13, 25)",1,-0.08
519,38,"(14, 25)",0,-0.08
519,39,"(14, 24)",0,-0.08
519,40,"(14, 23)",1,-0.08
519,41,"(15, 23)",1,-0.08
519,42,"(16, 23)",1,-0.08
519,43,"(17, 23)",0,-0.08
519,44,"(17, 22)",1,-0.08
519,45,"(18, 22)",1,-0.08
519,46,"(19, 22)",0,-0.08
519,47,"(19, 21)",0,-0.08
519,48,"(19, 20)",0,-0.08
519,49,"(19, 19)",1,-0.08
519,50,"(20, 19)",1,-0.08
519,51,"(21, 19)",1,-0.08
519,52,"(22, 19)",1,-0.08
519,53,"(23, 19)",0,-0.08
519,54,"(23, 18)",0,-0.08
519,55,"(23, 17)",0,-0.08
519,56,"(23, 16)",0,-0.08
519,57,"(23, 15)",1,-0.08
519,58,"(24, 15)",1,-0.08
519,59,"(25, 15)",1,-0.08
519,60,"(26, 15)",1,-0.08
519,61,"(27, 15)",0,-0.08
519,62,"(27, 14)",0,-0.08
519,63,"(27, 13)",1,-0.08
519,64,"(28, 13)",1,-0.08
519,65,"(29, 13)",1,-0.08
519,66,"(30, 13)",1,-0.08
519,67,"(31, 13)",1,-0.08
519,68,"(32, 13)",1,-0.08
519,69,"(33, 13)",1,-0.08
519,70,"(34, 13)",1,-0.08
519,71,"(35, 13)",0,-0.08
519,72,"(35, 12)",1,-0.08
519,73,"(36, 12)",1,-0.08
519,74,"(37, 12)",1,-0.08
519,75,"(38, 12)",1,-0.08
519,76,"(39, 12)",0,-0.08
519,77,"(39, 11)",1,-0.08
519,78,"(40, 11)",1,-0.08
519,79,"(41, 11)",1,-0.08
519,80,"(42, 11)",1,-0.08
519,81,"(43, 11)",1,-0.08
519,82,"(44, 11)",1,-0.08
519,83,"(45, 11)",0,-0.08
519,84,"(45, 10)",1,-0.08
519,85,"(46, 10)",0,-0.08
519,86,"(46, 9)",0,-0.08
519,87,"(46, 8)",0,-0.08
519,88,"(46, 7)",1,-0.08
519,89,"(47, 7)",1,-0.08
519,90,"(48, 7)",1,-0.08
519,91,"(49, 7)",1,-0.08
519,92,"(50, 7)",1,-0.08
519,93,"(51, 7)",1,-0.08
519,94,"(52, 7)",1,-0.08
519,95,"(53, 7)",1,-0.08
519,96,"(54, 7)",1,-0.08
519,97,"(55, 7)",1,-0.08
519,98,"(56, 7)",1,-0.08
519,99,"(57, 7)",1,-0.08
519,100,"(58, 7)",1,-0.08
519,101,"(59, 7)",1,-0.08
519,102,"(60, 7)",1,-0.08
519,103,"(61, 7)",1,-0.08
519,104,"(62, 7)",1,-0.08
519,105,"(63, 7)",1,-0.08
519,106,"(64, 7)",1,-0.08
519,107,"(65, 7)",1,-0.08
519,108,"(66, 7)",1,-0.08
519,109,"(67, 7)",1,-0.08
519,110,"(68, 7)",1,-0.08
519,111,"(69, 7)",0,-0.08
519,112,"(69, 6)",1,-0.08
519,113,"(70, 6)",1,-0.08
519,114,"(71, 6)",1,-0.08
519,115,"(72, 6)",0,-0.08
519,116,"(72, 5)",1,-0.08
519,117,"(73, 5)",1,-0.08
519,118,"(74, 5)",1,-0.08
519,119,"(75, 5)",0,-0.08
519,120,"(75, 4)",0,-0.08
519,121,"(75, 3)",1,-0.08
519,122,"(76, 3)",0,-0.08
519,123,"(76, 2)",0,-0.08
519,124,"(76, 1)",0,-0.08
519,125,"(76, 0)",1,-0.08
519,126,"(77, 0)",1,-0.08
519,127,"(78, 0)",1,8.33
520,0,"(0, 39)",1,-0.08
520,1,"(1, 39)",0,-0.08
520,2,"(1, 38)",1,-8.33
520,3,"(1, 38)",0,-0.08
520,4,"(1, 37)",0,-8.33
520,5,"(1, 37)",3,-0.08
520,6,"(0, 37)",0,-0.08
520,7,"(0, 36)",0,-0.08
520,8,"(0, 35)",0,-0.08
520,9,"(0, 34)",0,-0.08
520,10,"(0, 33)",1,-0.08
520,11,"(1, 33)",1,-0.08
520,12,"(2, 33)",1,-0.08
520,13,"(3, 33)",0,-0.08
520,14,"(3, 32)",0,-0.08
520,15,"(3, 31)",0,-8.33
520,16,"(3, 31)",2,-0.08
520,17,"(3, 32)",2,-0.08
520,18,"(3, 33)",1,-0.08
520,19,"(4, 33)",1,-0.08
520,20,"(5, 33)",1,-0.08
520,21,"(6, 33)",1,-0.08
520,22,"(7, 33)",0,-0.08
520,23,"(7, 32)",1,-0.08
520,24,"(8, 32)",1,-0.08
520,25,"(9, 32)",0,-0.08
520,26,"(9, 31)",0,-0.08
520,27,"(9, 30)",0,-0.08
520,28,"(9, 29)",1,-0.08
520,29,"(10, 29)",0,-0.08
520,30,"(10, 28)",0,-0.08
520,31,"(10, 27)",1,-0.08
520,32,"(11, 27)",1,-0.08
520,33,"(12, 27)",1,-0.08
520,34,"(13, 27)",1,-0.08
520,35,"(14, 27)",1,-0.08
520,36,"(15, 27)",0,-0.08
520,37,"(15, 26)",0,-0.08
520,38,"(15, 25)",1,-0.08
520,39,"(16, 25)",1,-0.08
520,40,"(17, 25)",0,-0.08
520,41,"(17, 24)",0,-0.08
520,42,"(17, 23)",0,-0.08
520,43,"(17, 22)",1,-0.08
520,44,"(18, 22)",1,-0.08
520,45,"(19, 22)",1,-0.08
520,46,"(20, 22)",1,-0.08
520,47,"(21, 22)",0,-0.08
520,48,"(21, 21)",0,-0.08
520,49,"(21, 20)",0,-0.08
520,50,"(21, 19)",1,-0.08
520,51,"(22, 19)",1,-0.08
520,52,"(23, 19)",0,-0.08
520,53,"(23, 18)",0,-0.08
520,54,"(23, 17)",1,-0.08
520,55,"(24, 17)",1,-0.08
520,56,"(25, 17)",1,-0.08
520,57,"(26, 17)",1,-0.08
520,58,"(27, 17)",0,-0.08
520,59,"(27, 16)",1,-0.08
520,60,"(28, 16)",1,-0.08
520,61,"(29, 16)",0,-0.08
520,62,"(29, 15)",1,-0.08
520,63,"(30, 15)",1,-0.08
520,64,"(31, 15)",0,-0.08
520,65,"(31, 14)",1,-0.08
520,66,"(32, 14)",0,-0.08
520,67,"(32, 13)",1,-0.08
520,68,"(33, 13)",1,-0.08
520,69,"(34, 13)",1,-0.08
520,70,"(35, 13)",0,-0.08
520,71,"(35, 12)",1,-0.08
520,72,"(36, 12)",1,-0.08
520,73,"(37, 12)",1,-0.08
520,74,"(38, 12)",1,-0.08
520,75,"(39, 12)",0,-0.08
520,76,"(39, 11)",1,-0.08
520,77,"(40, 11)",1,-0.08
520,78,"(41, 11)",1,-0.08
520,79,"(42, 11)",1,-0.08
520,80,"(43, 11)",1,-0.08
520,81,"(44, 11)",1,-0.08
520,82,"(45, 11)",0,-0.08
520,83,"(45, 10)",1,-0.08
520,84,"(46, 10)",0,-0.08
520,85,"(46, 9)",0,-0.08
520,86,"(46, 8)",0,-0.08
520,87,"(46, 7)",1,-0.08
520,88,"(47, 7)",1,-0.08
520,89,"(48, 7)",1,-0.08
520,90,"(49, 7)",1,-0.08
520,91,"(50, 7)",1,-0.08
520,92,"(51, 7)",1,-0.08
520,93,"(52, 7)",1,-0.08
520,94,"(53, 7)",1,-0.08
520,95,"(54, 7)",1,-0.08
520,96,"(55, 7)",1,-0.08
520,97,"(56, 7)",1,-0.08
520,98,"(57, 7)",1,-0.08
520,99,"(58, 7)",1,-0.08
520,100,"(59, 7)",1,-0.08
520,101,"(60, 7)",1,-0.08
520,102,"(61, 7)",1,-0.08
520,103,"(62, 7)",1,-0.08
520,104,"(63, 7)",1,-0.08
520,105,"(64, 7)",1,-0.08
520,106,"(65, 7)",1,-0.08
520,107,"(66, 7)",1,-0.08
520,108,"(67, 7)",1,-0.08
520,109,"(68, 7)",1,-0.08
520,110,"(69, 7)",0,-0.08
520,111,"(69, 6)",1,-0.08
520,112,"(70, 6)",1,-0.08
520,113,"(71, 6)",1,-0.08
520,114,"(72, 6)",1,-0.08
520,115,"(73, 6)",1,-0.08
520,116,"(74, 6)",0,-0.08
520,117,"(74, 5)",0,-0.08
520,118,"(74, 4)",1,-0.08
520,119,"(75, 4)",0,-0.08
520,120,"(75, 3)",1,-0.08
520,121,"(76, 3)",0,-0.08
520,122,"(76, 2)",1,-0.08
520,123,"(77, 2)",0,-0.08
520,124,"(77, 1)",1,-0.08
520,125,"(78, 1)",0,-0.08
520,126,"(78, 0)",1,8.33
521,0,"(0, 39)",0,-0.08
521,1,"(0, 38)",1,-0.08
521,2,"(1, 38)",0,-0.08
521,3,"(1, 37)",1,-8.33
521,4,"(1, 37)",0,-8.33
521,5,"(1, 37)",3,-0.08
521,6,"(0, 37)",0,-0.08
521,7,"(0, 36)",0,-0.08
521,8,"(0, 35)",0,-0.08
521,9,"(0, 34)",1,-0.08
521,10,"(1, 34)",0,-0.08
521,11,"(1, 33)",0,-0.08
521,12,"(1, 32)",1,-0.08
521,13,"(2, 32)",1,-0.08
521,14,"(3, 32)",0,-0.08
521,15,"(3, 31)",0,-8.33
521,16,"(3, 31)",0,-8.33
521,17,"(3, 31)",2,-0.08
521,18,"(3, 32)",2,-0.08
521,19,"(3, 33)",1,-0.08
521,20,"(4, 33)",1,-0.08
521,21,"(5, 33)",0,-0.08
521,22,"(5, 32)",0,-0.08
521,23,"(5, 31)",1,-0.08
521,24,"(6, 31)",1,-0.08
521,25,"(7, 31)",1,-0.08
521,26,"(8, 31)",0,-0.08
521,27,"(8, 30)",1,-0.08
521,28,"(9, 30)",1,-0.08
521,29,"(10, 30)",0,-0.08
521,30,"(10, 29)",0,-0.08
521,31,"(10, 28)",0,-0.08
521,32,"(10, 27)",1,-0.08
521,33,"(11, 27)",1,-0.08
521,34,"(12, 27)",1,-0.08
521,35,"(13, 27)",1,-0.08
521,36,"(14, 27)",1,-0.08
521,37,"(15, 27)",1,-0.08
521,38,"(16, 27)",0,-0.08
521,39,"(16, 26)",0,-0.08
521,40,"(16, 25)",1,-0.08
521,41,"(17, 25)",0,-0.08
521,42,"(17, 24)",0,-0.08
521,43,"(17, 23)",0,-0.08
521,44,"(17, 22)",1,-0.08
521,45,"(18, 22)",1,-0.08
521,46,"(19, 22)",1,-0.08
521,47,"(20, 22)",0,-0.08
521,48,"(20, 21)",1,-0.08
521,49,"(21, 21)",1,-0.08
521,50,"(22, 21)",0,-0.08
521,51,"(22, 20)",0,-0.08
521,52,"(22, 19)",1,-0.08
521,53,"(23, 19)",0,-0.08
521,54,"(23, 18)",0,-0.08
521,55,"(23, 17)",0,-0.08
521,56,"(23, 16)",0,-0.08
521,57,"(23, 15)",1,-0.08
521,58,"(24, 15)",1,-0.08
521,59,"(25, 15)",1,-0.08
521,60,"(26, 15)",1,-0.08
521,61,"(27, 15)",1,-0.08
521,62,"(28, 15)",1,-0.08
521,63,"(29, 15)",0,-0.08
521,64,"(29, 14)",0,-0.08
521,65,"(29, 13)",1,-0.08
521,66,"(30, 13)",1,-0.08
521,67,"(31, 13)",1,-0.08
521,68,"(32, 13)",1,-0.08
521,69,"(33, 13)",1,-0.08
521,70,"(34, 13)",1,-0.08
521,71,"(35, 13)",1,-0.08
521,72,"(36, 13)",0,-0.08
521,73,"(36, 12)",1,-0.08
521,74,"(37, 12)",1,-0.08
521,75,"(38, 12)",1,-0.08
521,76,"(39, 12)",0,-0.08
521,77,"(39, 11)",1,-0.08
521,78,"(40, 11)",1,-0.08
521,79,"(41, 11)",1,-0.08
521,80,"(42, 11)",1,-0.08
521,81,"(43, 11)",1,-0.08
521,82,"(44, 11)",1,-0.08
521,83,"(45, 11)",0,-0.08
521,84,"(45, 10)",0,-0.08
521,85,"(45, 9)",1,-0.08
521,86,"(46, 9)",0,-0.08
521,87,"(46, 8)",0,-0.08
521,88,"(46, 7)",1,-0.08
521,89,"(47, 7)",1,-0.08
521,90,"(48, 7)",1,-0.08
521,91,"(49, 7)",1,-0.08
521,92,"(50, 7)",1,-0.08
521,93,"(51, 7)",1,-0.08
521,94,"(52, 7)",1,-0.08
521,95,"(53, 7)",1,-0.08
521,96,"(54, 7)",1,-0.08
521,97,"(55, 7)",1,-0.08
521,98,"(56, 7)",1,-0.08
521,99,"(57, 7)",1,-0.08
521,100,"(58, 7)",1,-0.08
521,101,"(59, 7)",1,-0.08
521,102,"(60, 7)",1,-0.08
521,103,"(61, 7)",1,-0.08
521,104,"(62, 7)",1,-0.08
521,105,"(63, 7)",1,-0.08
521,106,"(64, 7)",1,-0.08
521,107,"(65, 7)",1,-0.08
521,108,"(66, 7)",1,-0.08
521,109,"(67, 7)",1,-0.08
521,110,"(68, 7)",1,-0.08
521,111,"(69, 7)",1,-0.08
521,112,"(70, 7)",0,-0.08
521,113,"(70, 6)",1,-0.08
521,114,"(71, 6)",1,-0.08
521,115,"(72, 6)",0,-0.08
521,116,"(72, 5)",1,-0.08
521,117,"(73, 5)",1,-0.08
521,118,"(74, 5)",1,-0.08
521,119,"(75, 5)",1,-0.08
521,120,"(76, 5)",1,-0.08
521,121,"(77, 5)",0,-0.08
521,122,"(77, 4)",0,-0.08
521,123,"(77, 3)",0,-0.08
521,124,"(77, 2)",0,-0.08
521,125,"(77, 1)",0,-0.08
521,126,"(77, 0)",1,-0.08
521,127,"(78, 0)",1,8.33
522,0,"(0, 39)",1,-0.08
522,1,"(1, 39)",1,-0.08
522,2,"(2, 39)",1,-0.08
522,3,"(3, 39)",1,-0.08
522,4,"(4, 39)",0,-8.33
522,5,"(4, 39)",1,-0.08
522,6,"(5, 39)",0,-8.33
522,7,"(5, 39)",1,-0.08
522,8,"(6, 39)",1,-0.08
522,9,"(7, 39)",0,-0.08
522,10,"(7, 38)",0,-0.08
522,11,"(7, 37)",0,-0.08
522,12,"(7, 36)",0,-0.08
522,13,"(7, 35)",0,-0.08
522,14,"(7, 34)",0,-0.08
522,15,"(7, 33)",0,-0.08
522,16,"(7, 32)",0,-0.08
522,17,"(7, 31)",1,-0.08
522,18,"(8, 31)",1,-0.08
522,19,"(9, 31)",0,-0.08
522,20,"(9, 30)",0,-0.08
522,21,"(9, 29)",1,-0.08
522,22,"(10, 29)",0,-0.08
522,23,"(10, 28)",0,-0.08
522,24,"(10, 27)",1,-0.08
522,25,"(11, 27)",1,-0.08
522,26,"(12, 27)",1,-0.08
522,27,"(13, 27)",0,-0.08
522,28,"(13, 26)",0,-0.08
522,29,"(13, 25)",1,-0.08
522,30,"(14, 25)",0,-0.08
522,31,"(14, 24)",0,-0.08
522,32,"(14, 23)",1,-0.08
522,33,"(15, 23)",1,-0.08
522,34,"(16, 23)",1,-0.08
522,35,"(17, 23)",0,-0.08
522,36,"(17, 22)",1,-0.08
522,37,"(18, 22)",1,-0.08
522,38,"(19, 22)",1,-0.08
522,39,"(20, 22)",0,-0.08
522,40,"(20, 21)",0,-0.08
522,41,"(20, 20)",1,-0.08
522,42,"(21, 20)",0,-0.08
522,43,"(21, 19)",1,-0.08
522,44,"(22, 19)",1,-0.08
522,45,"(23, 19)",0,-0.08
522,46,"(23, 18)",0,-0.08
522,47,"(23, 17)",0,-0.08
522,48,"(23, 16)",0,-0.08
522,49,"(23, 15)",1,-0.08
522,50,"(24, 15)",1,-0.08
522,51,"(25, 15)",1,-0.08
522,52,"(26, 15)",1,-0.08
522,53,"(27, 15)",0,-0.08
522,54,"(27, 14)",0,-0.08
522,55,"(27, 13)",1,-0.08
522,56,"(28, 13)",1,-0.08
522,57,"(29, 13)",1,-0.08
522,58,"(30, 13)",1,-0.08
522,59,"(31, 13)",1,-0.08
522,60,"(32, 13)",1,-0.08
522,61,"(33, 13)",1,-0.08
522,62,"(34, 13)",1,-0.08
522,63,"(35, 13)",0,-0.08
522,64,"(35, 12)",1,-0.08
522,65,"(36, 12)",1,-0.08
522,66,"(37, 12)",1,-0.08
522,67,"(38, 12)",1,-0.08
522,68,"(39, 12)",0,-0.08
522,69,"(39, 11)",1,-0.08
522,70,"(40, 11)",1,-0.08
522,71,"(41, 11)",1,-0.08
522,72,"(42, 11)",1,-0.08
522,73,"(43, 11)",1,-0.08
522,74,"(44, 11)",1,-0.08
522,75,"(45, 11)",0,-0.08
522,76,"(45, 10)",0,-0.08
522,77,"(45, 9)",1,-0.08
522,78,"(46, 9)",0,-0.08
522,79,"(46, 8)",0,-0.08
522,80,"(46, 7)",1,-0.08
522,81,"(47, 7)",1,-0.08
522,82,"(48, 7)",1,-0.08
522,83,"(49, 7)",1,-0.08
522,84,"(50, 7)",1,-0.08
522,85,"(51, 7)",1,-0.08
522,86,"(52, 7)",1,-0.08
522,87,"(53, 7)",1,-0.08
522,88,"(54, 7)",1,-0.08
522,89,"(55, 7)",1,-0.08
522,90,"(56, 7)",1,-0.08
522,91,"(57, 7)",1,-0.08
522,92,"(58, 7)",1,-0.08
522,93,"(59, 7)",1,-0.08
522,94,"(60, 7)",1,-0.08
522,95,"(61, 7)",1,-0.08
522,96,"(62, 7)",1,-0.08
522,97,"(63, 7)",1,-0.08
522,98,"(64, 7)",1,-0.08
522,99,"(65, 7)",1,-0.08
522,100,"(66, 7)",1,-0.08
522,101,"(67, 7)",1,-0.08
522,102,"(68, 7)",1,-0.08
522,103,"(69, 7)",0,-0.08
522,104,"(69, 6)",1,-0.08
522,105,"(70, 6)",1,-0.08
522,106,"(71, 6)",1,-0.08
522,107,"(72, 6)",1,-0.08
522,108,"(73, 6)",0,-0.08
522,109,"(73, 5)",1,-0.08
522,110,"(74, 5)",0,-0.08
522,111,"(74, 4)",1,-0.08
522,112,"(75, 4)",0,-0.08
522,113,"(75, 3)",1,-0.08
522,114,"(76, 3)",0,-0.08
522,115,"(76, 2)",1,-0.08
522,116,"(77, 2)",0,-0.08
522,117,"(77, 1)",1,-0.08
522,118,"(78, 1)",1,-0.08
522,119,"(79, 1)",0,8.33
523,0,"(0, 39)",1,-0.08
523,1,"(1, 39)",1,-0.08
523,2,"(2, 39)",0,-8.33
523,3,"(2, 39)",1,-0.08
523,4,"(3, 39)",1,-0.08
523,5,"(4, 39)",1,-0.08
523,6,"(5, 39)",0,-8.33
523,7,"(5, 39)",1,-0.08
523,8,"(6, 39)",1,-0.08
523,9,"(7, 39)",1,-0.08
523,10,"(8, 39)",1,-0.08
523,11,"(9, 39)",1,-0.08
523,12,"(10, 39)",0,-0.08
523,13,"(10, 38)",0,-0.08
523,14,"(10, 37)",1,-0.08
523,15,"(11, 37)",1,-0.08
523,16,"(12, 37)",1,-0.08
523,17,"(13, 37)",1,-0.08
523,18,"(14, 37)",1,-0.08
523,19,"(15, 37)",0,-0.08
523,20,"(15, 36)",0,-0.08
523,21,"(15, 35)",0,-0.08
523,22,"(15, 34)",0,-0.08
523,23,"(15, 33)",1,-0.08
523,24,"(16, 33)",1,-0.08
523,25,"(17, 33)",1,-0.08
523,26,"(18, 33)",1,-0.08
523,27,"(19, 33)",0,-0.08
523,28,"(19, 32)",0,-0.08
523,29,"(19, 31)",0,-0.08
523,30,"(19, 30)",0,-0.08
523,31,"(19, 29)",1,-0.08
523,32,"(20, 29)",1,-0.08
523,33,"(21, 29)",0,-0.08
523,34,"(21, 28)",0,-0.08
523,35,"(21, 27)",0,-0.08
523,36,"(21, 26)",1,-0.08
523,37,"(22, 26)",0,-0.08
523,38,"(22, 25)",1,-0.08
523,39,"(23, 25)",0,-0.08
523,40,"(23, 24)",1,-0.08
523,41,"(24, 24)",1,-0.08
523,42,"(25, 24)",0,-0.08
523,43,"(25, 23)",0,-0.08
523,44,"(25, 22)",0,-0.08
523,45,"(25, 21)",1,-0.08
523,46,"(26, 21)",1,-0.08
523,47,"(27, 21)",1,-0.08
523,48,"(28, 21)",0,-0.08
523,49,"(28, 20)",0,-0.08
523,50,"(28, 19)",1,-0.08
523,51,"(29, 19)",1,-0.08
523,52,"(30, 19)",1,-0.08
523,53,"(31, 19)",1,-0.08
523,54,"(32, 19)",1,-0.08
523,55,"(33, 19)",1,-0.08
523,56,"(34, 19)",1,-0.08
523,57,"(35, 19)",1,-0.08
523,58,"(36, 19)",1,-0.08
523,59,"(37, 19)",1,-0.08
523,60,"(38, 19)",1,-0.08
523,61,"(39, 19)",0,-0.08
523,62,"(39, 18)",0,-0.08
523,63,"(39, 17)",0,-0.08
523,64,"(39, 16)",0,-0.08
523,65,"(39, 15)",1,-0.08
523,66,"(40, 15)",0,-0.08
523,67,"(40, 14)",0,-0.08
523,68,"(40, 13)",1,-0.08
523,69,"(41, 13)",1,-0.08
523,70,"(42, 13)",1,-0.08
523,71,"(43, 13)",0,-0.08
523,72,"(43, 12)",0,-0.08
523,73,"(43, 11)",1,-0.08
523,74,"(44, 11)",1,-0.08
523,75,"(45, 11)",0,-0.08
523,76,"(45, 10)",0,-0.08
523,77,"(45, 9)",0,-0.08
523,78,"(45, 8)",0,-0.08
523,79,"(45, 7)",1,-0.08
523,80,"(46, 7)",1,-0.08
523,81,"(47, 7)",1,-0.08
523,82,"(48, 7)",1,-0.08
523,83,"(49, 7)",1,-0.08
523,84,"(50, 7)",1,-0.08
523,85,"(51, 7)",1,-0.08
523,86,"(52, 7)",1,-0.08
523,87,"(53, 7)",1,-0.08
523,88,"(54, 7)",1,-0.08
523,89,"(55, 7)",1,-0.08
523,90,"(56, 7)",1,-0.08
523,91,"(57, 7)",1,-0.08
523,92,"(58, 7)",1,-0.08
523,93,"(59, 7)",1,-0.08
523,94,"(60, 7)",1,-0.08
523,95,"(61, 7)",1,-0.08
523,96,"(62, 7)",1,-0.08
523,97,"(63, 7)",1,-0.08
523,98,"(64, 7)",1,-0.08
523,99,"(65, 7)",1,-0.08
523,100,"(66, 7)",1,-0.08
523,101,"(67, 7)",1,-0.08
523,102,"(68, 7)",1,-0.08
523,103,"(69, 7)",1,-0.08
523,104,"(70, 7)",0,-0.08
523,105,"(70, 6)",1,-0.08
523,106,"(71, 6)",0,-0.08
523,107,"(71, 5)",1,-0.08
523,108,"(72, 5)",1,-0.08
523,109,"(73, 5)",1,-0.08
523,110,"(74, 5)",0,-0.08
523,111,"(74, 4)",1,-0.08
523,112,"(75, 4)",0,-0.08
523,113,"(75, 3)",1,-0.08
523,114,"(76, 3)",1,-0.08
523,115,"(77, 3)",0,-0.08
523,116,"(77, 2)",0,-0.08
523,117,"(77, 1)",0,-0.08
523,118,"(77, 0)",1,-0.08
523,119,"(78, 0)",1,8.33
524,0,"(0, 39)",1,-0.08
524,1,"(1, 39)",1,-0.08
524,2,"(2, 39)",1,-0.08
524,3,"(3, 39)",0,-0.08
524,4,"(3, 38)",1,-8.33
524,5,"(3, 38)",0,-0.08
524,6,"(3, 37)",0,-0.08
524,7,"(3, 36)",1,-8.33
524,8,"(3, 36)",2,-0.08
524,9,"(3, 37)",1,-8.33
524,10,"(3, 37)",0,-0.08
524,11,"(3, 36)",0,-0.08
524,12,"(3, 35)",3,-0.08
524,13,"(2, 35)",0,-0.08
524,14,"(2, 34)",0,-0.08
524,15,"(2, 33)",1,-0.08
524,16,"(3, 33)",1,-0.08
524,17,"(4, 33)",1,-0.08
524,18,"(5, 33)",1,-0.08
524,19,"(6, 33)",1,-0.08
524,20,"(7, 33)",0,-0.08
524,21,"(7, 32)",0,-0.08
524,22,"(7, 31)",1,-0.08
524,23,"(8, 31)",0,-0.08
524,24,"(8, 30)",1,-0.08
524,25,"(9, 30)",0,-0.08
524,26,"(9, 29)",1,-0.08
524,27,"(10, 29)",0,-0.08
524,28,"(10, 28)",0,-0.08
524,29,"(10, 27)",1,-0.08
524,30,"(11, 27)",1,-0.08
524,31,"(12, 27)",1,-0.08
524,32,"(13, 27)",1,-0.08
524,33,"(14, 27)",1,-0.08
524,34,"(15, 27)",0,-0.08
524,35,"(15, 26)",1,-0.08
524,36,"(16, 26)",1,-0.08
524,37,"(17, 26)",0,-0.08
524,38,"(17, 25)",0,-0.08
524,39,"(17, 24)",0,-0.08
524,40,"(17, 23)",1,-0.08
524,41,"(18, 23)",1,-0.08
524,42,"(19, 23)",1,-0.08
524,43,"(20, 23)",0,-0.08
524,44,"(20, 22)",1,-0.08
524,45,"(21, 22)",0,-0.08
524,46,"(21, 21)",1,-0.08
524,47,"(22, 21)",1,-0.08
524,48,"(23, 21)",0,-0.08
524,49,"(23, 20)",1,-0.08
524,50,"(24, 20)",1,-0.08
524,51,"(25, 20)",0,-0.08
524,52,"(25, 19)",0,-0.08
524,53,"(25, 18)",1,-0.08
524,54,"(26, 18)",0,-0.08
524,55,"(26, 17)",1,-0.08
524,56,"(27, 17)",0,-0.08
524,57,"(27, 16)",1,-0.08
524,58,"(28, 16)",1,-0.08
524,59,"(29, 16)",0,-0.08
524,60,"(29, 15)",0,-0.08
524,61,"(29, 14)",0,-0.08
524,62,"(29, 13)",0,-0.08
524,63,"(29, 12)",1,-0.08
524,64,"(30, 12)",0,-0.08
524,65,"(30, 11)",1,-0.08
524,66,"(31, 11)",1,-0.08
524,67,"(32, 11)",1,-0.08
524,68,"(33, 11)",1,-0.08
524,69,"(34, 11)",1,-0.08
524,70,"(35, 11)",1,-0.08
524,71,"(36, 11)",1,-0.08
524,72,"(37, 11)",1,-8.33
524,73,"(37, 11)",0,-0.08
524,74,"(37, 10)",0,-0.08
524,75,"(37, 9)",1,-0.08
524,76,"(38, 9)",1,-0.08
524,77,"(39, 9)",1,-0.08
524,78,"(40, 9)",0,-0.08
524,79,"(40, 8)",0,-0.08
524,80,"(40, 7)",1,-0.08
524,81,"(41, 7)",1,-0.08
524,82,"(42, 7)",1,-0.08
524,83,"(43, 7)",2,-0.08
524,84,"(43, 8)",1,-0.08
524,85,"(44, 8)",1,-0.08
524,86,"(45, 8)",0,-0.08
524,87,"(45, 7)",1,-0.08
524,88,"(46, 7)",1,-0.08
524,89,"(47, 7)",1,-0.08
524,90,"(48, 7)",1,-0.08
524,91,"(49, 7)",1,-0.08
524,92,"(50, 7)",1,-0.08
524,93,"(51, 7)",1,-0.08
524,94,"(52, 7)",1,-0.08
524,95,"(53, 7)",1,-0.08
524,96,"(54, 7)",1,-0.08
524,97,"(55, 7)",1,-0.08
524,98,"(56, 7)",1,-0.08
524,99,"(57, 7)",1,-0.08
524,100,"(58, 7)",1,-0.08
524,101,"(59, 7)",1,-0.08
524,102,"(60, 7)",1,-0.08
524,103,"(61, 7)",1,-0.08
524,104,"(62, 7)",1,-0.08
524,105,"(63, 7)",1,-0.08
524,106,"(64, 7)",1,-0.08
524,107,"(65, 7)",1,-0.08
524,108,"(66, 7)",1,-0.08
524,109,"(67, 7)",1,-0.08
524,110,"(68, 7)",1,-0.08
524,111,"(69, 7)",1,-0.08
524,112,"(70, 7)",0,-0.08
524,113,"(70, 6)",1,-0.08
524,114,"(71, 6)",1,-0.08
524,115,"(72, 6)",0,-0.08
524,116,"(72, 5)",1,-0.08
524,117,"(73, 5)",1,-0.08
524,118,"(74, 5)",0,-0.08
524,119,"(74, 4)",0,-0.08
524,120,"(74, 3)",1,-0.08
524,121,"(75, 3)",1,-0.08
524,122,"(76, 3)",1,-0.08
524,123,"(77, 3)",0,-0.08
524,124,"(77, 2)",0,-0.08
524,125,"(77, 1)",0,-0.08
524,126,"(77, 0)",1,-0.08
524,127,"(78, 0)",1,8.33
525,0,"(0, 39)",0,-0.08
525,1,"(0, 38)",0,-0.08
525,2,"(0, 37)",0,-0.08
525,3,"(0, 36)",1,-8.33
525,4,"(0, 36)",0,-0.08
525,5,"(0, 35)",0,-0.08
525,6,"(0, 34)",1,-0.08
525,7,"(1, 34)",1,-0.08
525,8,"(2, 34)",0,-0.08
525,9,"(2, 33)",1,-0.08
525,10,"(3, 33)",0,-0.08
525,11,"(3, 32)",0,-0.08
525,12,"(3, 31)",0,-8.33
525,13,"(3, 31)",3,-0.08
525,14,"(2, 31)",3,-0.08
525,15,"(1, 31)",0,-0.08
525,16,"(1, 30)",0,-0.08
525,17,"(1, 29)",1,-0.08
525,18,"(2, 29)",1,-0.08
525,19,"(3, 29)",0,-0.08
525,20,"(3, 28)",0,-0.08
525,21,"(3, 27)",0,-0.08
525,22,"(3, 26)",0,-0.08
525,23,"(3, 25)",1,-0.08
525,24,"(4, 25)",1,-0.08
525,25,"(5, 25)",1,-0.08
525,26,"(6, 25)",1,-0.08
525,27,"(7, 25)",1,-0.08
525,28,"(8, 25)",1,-0.08
525,29,"(9, 25)",1,-0.08
525,30,"(10, 25)",0,-0.08
525,31,"(10, 24)",1,-0.08
525,32,"(11, 24)",1,-0.08
525,33,"(12, 24)",1,-0.08
525,34,"(13, 24)",1,-0.08
525,35,"(14, 24)",0,-0.08
525,36,"(14, 23)",1,-0.08
525,37,"(15, 23)",1,-0.08
525,38,"(16, 23)",0,-0.08
525,39,"(16, 22)",1,-0.08
525,40,"(17, 22)",1,-0.08
525,41,"(18, 22)",1,-0.08
525,42,"(19, 22)",0,-0.08
525,43,"(19, 21)",0,-0.08
525,44,"(19, 20)",0,-0.08
525,45,"(19, 19)",1,-0.08
525,46,"(20, 19)",1,-0.08
525,47,"(21, 19)",1,-0.08
525,48,"(22, 19)",1,-0.08
525,49,"(23, 19)",0,-0.08
525,50,"(23, 18)",0,-0.08
525,51,"(23, 17)",0,-0.08
525,52,"(23, 16)",0,-0.08
525,53,"(23, 15)",1,-0.08
525,54,"(24, 15)",1,-0.08
525,55,"(25, 15)",1,-0.08
525,56,"(26, 15)",1,-0.08
525,57,"(27, 15)",0,-0.08
525,58,"(27, 14)",0,-0.08
525,59,"(27, 13)",1,-0.08
525,60,"(28, 13)",1,-0.08
525,61,"(29, 13)",1,-0.08
525,62,"(30, 13)",1,-0.08
525,63,"(31, 13)",1,-0.08
525,64,"(32, 13)",1,-0.08
525,65,"(33, 13)",1,-0.08
525,66,"(34, 13)",1,-0.08
525,67,"(35, 13)",1,-0.08
525,68,"(36, 13)",0,-0.08
525,69,"(36, 12)",1,-0.08
525,70,"(37, 12)",1,-0.08
525,71,"(38, 12)",1,-0.08
525,72,"(39, 12)",0,-0.08
525,73,"(39, 11)",1,-0.08
525,74,"(40, 11)",1,-0.08
525,75,"(41, 11)",1,-0.08
525,76,"(42, 11)",1,-0.08
525,77,"(43, 11)",1,-0.08
525,78,"(44, 11)",1,-0.08
525,79,"(45, 11)",0,-0.08
525,80,"(45, 10)",1,-0.08
525,81,"(46, 10)",0,-0.08
525,82,"(46, 9)",0,-0.08
525,83,"(46, 8)",0,-0.08
525,84,"(46, 7)",1,-0.08
525,85,"(47, 7)",1,-0.08
525,86,"(48, 7)",1,-0.08
525,87,"(49, 7)",1,-0.08
525,88,"(50, 7)",1,-0.08
525,89,"(51, 7)",1,-0.08
525,90,"(52, 7)",1,-0.08
525,91,"(53, 7)",1,-0.08
525,92,"(54, 7)",1,-0.08
525,93,"(55, 7)",1,-0.08
525,94,"(56, 7)",1,-0.08
525,95,"(57, 7)",1,-0.08
525,96,"(58, 7)",1,-0.08
525,97,"(59, 7)",1,-0.08
525,98,"(60, 7)",1,-0.08
525,99,"(61, 7)",1,-0.08
525,100,"(62, 7)",1,-0.08
525,101,"(63, 7)",1,-0.08
525,102,"(64, 7)",1,-0.08
525,103,"(65, 7)",1,-0.08
525,104,"(66, 7)",1,-0.08
525,105,"(67, 7)",1,-0.08
525,106,"(68, 7)",1,-0.08
525,107,"(69, 7)",0,-0.08
525,108,"(69, 6)",1,-0.08
525,109,"(70, 6)",1,-0.08
525,110,"(71, 6)",1,-0.08
525,111,"(72, 6)",1,-0.08
525,112,"(73, 6)",1,-0.08
525,113,"(74, 6)",0,-0.08
525,114,"(74, 5)",1,-0.08
525,115,"(75, 5)",0,-0.08
525,116,"(75, 4)",0,-0.08
525,117,"(75, 3)",1,-0.08
525,118,"(76, 3)",0,-0.08
525,119,"(76, 2)",0,-0.08
525,120,"(76, 1)",1,-0.08
525,121,"(77, 1)",0,-0.08
525,122,"(77, 0)",1,-0.08
525,123,"(78, 0)",1,8.33
526,0,"(0, 39)",0,-0.08
526,1,"(0, 38)",0,-0.08
526,2,"(0, 37)",1,-0.08
526,3,"(1, 37)",0,-8.33
526,4,"(1, 37)",3,-0.08
526,5,"(0, 37)",0,-0.08
526,6,"(0, 36)",0,-0.08
526,7,"(0, 35)",0,-0.08
526,8,"(0, 34)",1,-0.08
526,9,"(1, 34)",1,-0.08
526,10,"(2, 34)",0,-0.08
526,11,"(2, 33)",1,-0.08
526,12,"(3, 33)",0,-0.08
526,13,"(3, 32)",0,-0.08
526,14,"(3, 31)",0,-8.33
526,15,"(3, 31)",2,-0.08
526,16,"(3, 32)",2,-0.08
526,17,"(3, 33)",1,-0.08
526,18,"(4, 33)",1,-0.08
526,19,"(5, 33)",1,-0.08
526,20,"(6, 33)",1,-0.08
526,21,"(7, 33)",0,-0.08
526,22,"(7, 32)",1,-0.08
526,23,"(8, 32)",0,-0.08
526,24,"(8, 31)",0,-0.08
526,25,"(8, 30)",0,-0.08
526,26,"(8, 29)",1,-0.08
526,27,"(9, 29)",1,-0.08
526,28,"(10, 29)",0,-0.08
526,29,"(10, 28)",0,-0.08
526,30,"(10, 27)",1,-0.08
526,31,"(11, 27)",1,-0.08
526,32,"(12, 27)",1,-0.08
526,33,"(13, 27)",1,-0.08
526,34,"(14, 27)",1,-0.08
526,35,"(15, 27)",0,-0.08
526,36,"(15, 26)",1,-0.08
526,37,"(16, 26)",0,-0.08
526,38,"(16, 25)",1,-0.08
526,39,"(17, 25)",0,-0.08
526,40,"(17, 24)",0,-0.08
526,41,"(17, 23)",0,-0.08
526,42,"(17, 22)",1,-0.08
526,43,"(18, 22)",1,-0.08
526,44,"(19, 22)",0,-0.08
526,45,"(19, 21)",1,-0.08
526,46,"(20, 21)",0,-0.08
526,47,"(20, 20)",1,-0.08
526,48,"(21, 20)",1,-0.08
526,49,"(22, 20)",1,-0.08
526,50,"(23, 20)",0,-0.08
526,51,"(23, 19)",0,-0.08
526,52,"(23, 18)",0,-0.08
526,53,"(23, 17)",1,-0.08
526,54,"(24, 17)",1,-0.08
526,55,"(25, 17)",1,-0.08
526,56,"(26, 17)",1,-0.08
526,57,"(27, 17)",0,-0.08
526,58,"(27, 16)",0,-0.08
526,59,"(27, 15)",0,-0.08
526,60,"(27, 14)",0,-0.08
526,61,"(27, 13)",1,-0.08
526,62,"(28, 13)",1,-0.08
526,63,"(29, 13)",1,-0.08
526,64,"(30, 13)",1,-0.08
526,65,"(31, 13)",1,-0.08
526,66,"(32, 13)",1,-0.08
526,67,"(33, 13)",1,-0.08
526,68,"(34, 13)",1,-0.08
526,69,"(35, 13)",1,-0.08
526,70,"(36, 13)",0,-0.08
526,71,"(36, 12)",1,-0.08
526,72,"(37, 12)",1,-0.08
526,73,"(38, 12)",1,-0.08
526,74,"(39, 12)",0,-0.08
526,75,"(39, 11)",1,-0.08
526,76,"(40, 11)",1,-0.08
526,77,"(41, 11)",1,-0.08
526,78,"(42, 11)",1,-0.08
526,79,"(43, 11)",1,-0.08
526,80,"(44, 11)",1,-0.08
526,81,"(45, 11)",0,-0.08
526,82,"(45, 10)",0,-0.08
526,83,"(45, 9)",1,-0.08
526,84,"(46, 9)",0,-0.08
526,85,"(46, 8)",0,-0.08
526,86,"(46, 7)",1,-0.08
526,87,"(47, 7)",1,-0.08
526,88,"(48, 7)",1,-0.08
526,89,"(49, 7)",1,-0.08
526,90,"(50, 7)",1,-0.08
526,91,"(51, 7)",1,-0.08
526,92,"(52, 7)",1,-0.08
526,93,"(53, 7)",1,-0.08
526,94,"(54, 7)",1,-0.08
526,95,"(55, 7)",1,-0.08
526,96,"(56, 7)",1,-0.08
526,97,"(57, 7)",1,-0.08
526,98,"(58, 7)",1,-0.08
526,99,"(59, 7)",1,-0.08
526,100,"(60, 7)",1,-0.08
526,101,"(61, 7)",1,-0.08
526,102,"(62, 7)",1,-0.08
526,103,"(63, 7)",1,-0.08
526,104,"(64, 7)",1,-0.08
526,105,"(65, 7)",1,-0.08
526,106,"(66, 7)",1,-0.08
526,107,"(67, 7)",1,-0.08
526,108,"(68, 7)",1,-0.08
526,109,"(69, 7)",0,-0.08
526,110,"(69, 6)",1,-0.08
526,111,"(70, 6)",1,-0.08
526,112,"(71, 6)",0,-0.08
526,113,"(71, 5)",1,-0.08
526,114,"(72, 5)",1,-0.08
526,115,"(73, 5)",1,-0.08
526,116,"(74, 5)",1,-0.08
526,117,"(75, 5)",1,-0.08
526,118,"(76, 5)",1,-0.08
526,119,"(77, 5)",0,-0.08
526,120,"(77, 4)",0,-0.08
526,121,"(77, 3)",0,-0.08
526,122,"(77, 2)",0,-0.08
526,123,"(77, 1)",0,-0.08
526,124,"(77, 0)",1,-0.08
526,125,"(78, 0)",1,8.33
527,0,"(0, 39)",0,-0.08
527,1,"(0, 38)",1,-0.08
527,2,"(1, 38)",0,-0.08
527,3,"(1, 37)",1,-8.33
527,4,"(1, 37)",0,-8.33
527,5,"(1, 37)",3,-0.08
527,6,"(0, 37)",0,-0.08
527,7,"(0, 36)",0,-0.08
527,8,"(0, 35)",1,-0.08
527,9,"(1, 35)",0,-0.08
527,10,"(1, 34)",1,-0.08
527,11,"(2, 34)",0,-0.08
527,12,"(2, 33)",1,-0.08
527,13,"(3, 33)",0,-0.08
527,14,"(3, 32)",0,-0.08
527,15,"(3, 31)",0,-8.33
527,16,"(3, 31)",2,-0.08
527,17,"(3, 32)",2,-0.08
527,18,"(3, 33)",1,-0.08
527,19,"(4, 33)",1,-0.08
527,20,"(5, 33)",1,-0.08
527,21,"(6, 33)",1,-0.08
527,22,"(7, 33)",1,-0.08
527,23,"(8, 33)",0,-0.08
527,24,"(8, 32)",0,-0.08
527,25,"(8, 31)",1,-0.08
527,26,"(9, 31)",0,-0.08
527,27,"(9, 30)",1,-0.08
527,28,"(10, 30)",0,-0.08
527,29,"(10, 29)",0,-0.08
527,30,"(10, 28)",0,-0.08
527,31,"(10, 27)",1,-0.08
527,32,"(11, 27)",1,-0.08
527,33,"(12, 27)",0,-0.08
527,34,"(12, 26)",0,-0.08
527,35,"(12, 25)",0,-0.08
527,36,"(12, 24)",1,-0.08
527,37,"(13, 24)",1,-0.08
527,38,"(14, 24)",0,-0.08
527,39,"(14, 23)",1,-0.08
527,40,"(15, 23)",1,-0.08
527,41,"(16, 23)",0,-0.08
527,42,"(16, 22)",1,-0.08
527,43,"(17, 22)",1,-0.08
527,44,"(18, 22)",1,-0.08
527,45,"(19, 22)",0,-0.08
527,46,"(19, 21)",0,-0.08
527,47,"(19, 20)",1,-0.08
527,48,"(20, 20)",1,-0.08
527,49,"(21, 20)",1,-0.08
527,50,"(22, 20)",1,-0.08
527,51,"(23, 20)",1,-0.08
527,52,"(24, 20)",1,-0.08
527,53,"(25, 20)",0,-0.08
527,54,"(25, 19)",1,-0.08
527,55,"(26, 19)",1,-0.08
527,56,"(27, 19)",0,-0.08
527,57,"(27, 18)",0,-0.08
527,58,"(27, 17)",0,-0.08
527,59,"(27, 16)",0,-0.08
527,60,"(27, 15)",1,-0.08
527,61,"(28, 15)",1,-0.08
527,62,"(29, 15)",0,-0.08
527,63,"(29, 14)",0,-0.08
527,64,"(29, 13)",1,-0.08
527,65,"(30, 13)",1,-0.08
527,66,"(31, 13)",1,-0.08
527,67,"(32, 13)",1,-0.08
527,68,"(33, 13)",1,-0.08
527,69,"(34, 13)",1,-0.08
527,70,"(35, 13)",1,-0.08
527,71,"(36, 13)",1,-0.08
527,72,"(37, 13)",1,-0.08
527,73,"(38, 13)",0,-0.08
527,74,"(38, 12)",1,-0.08
527,75,"(39, 12)",0,-0.08
527,76,"(39, 11)",1,-0.08
527,77,"(40, 11)",1,-0.08
527,78,"(41, 11)",1,-0.08
527,79,"(42, 11)",1,-0.08
527,80,"(43, 11)",1,-0.08
527,81,"(44, 11)",1,-0.08
527,82,"(45, 11)",0,-0.08
527,83,"(45, 10)",1,-0.08
527,84,"(46, 10)",1,-0.08
527,85,"(47, 10)",1,-0.08
527,86,"(48, 10)",1,-0.08
527,87,"(49, 10)",0,-0.08
527,88,"(49, 9)",1,-0.08
527,89,"(50, 9)",0,-0.08
527,90,"(50, 8)",0,-0.08
527,91,"(50, 7)",1,-0.08
527,92,"(51, 7)",1,-0.08
527,93,"(52, 7)",1,-0.08
527,94,"(53, 7)",1,-0.08
527,95,"(54, 7)",1,-0.08
527,96,"(55, 7)",1,-0.08
527,97,"(56, 7)",1,-0.08
527,98,"(57, 7)",1,-0.08
527,99,"(58, 7)",1,-0.08
527,100,"(59, 7)",1,-0.08
527,101,"(60, 7)",1,-0.08
527,102,"(61, 7)",1,-0.08
527,103,"(62, 7)",1,-0.08
527,104,"(63, 7)",1,-0.08
527,105,"(64, 7)",1,-0.08
527,106,"(65, 7)",1,-0.08
527,107,"(66, 7)",1,-0.08
527,108,"(67, 7)",1,-0.08
527,109,"(68, 7)",1,-0.08
527,110,"(69, 7)",1,-0.08
527,111,"(70, 7)",1,-0.08
527,112,"(71, 7)",0,-0.08
527,113,"(71, 6)",0,-0.08
527,114,"(71, 5)",1,-0.08
527,115,"(72, 5)",1,-0.08
527,116,"(73, 5)",1,-0.08
527,117,"(74, 5)",1,-0.08
527,118,"(75, 5)",1,-0.08
527,119,"(76, 5)",1,-0.08
527,120,"(77, 5)",0,-0.08
527,121,"(77, 4)",0,-0.08
527,122,"(77, 3)",0,-0.08
527,123,"(77, 2)",0,-0.08
527,124,"(77, 1)",1,-0.08
527,125,"(78, 1)",0,-0.08
527,126,"(78, 0)",1,8.33
528,0,"(0, 39)",0,-0.08
528,1,"(0, 38)",0,-0.08
528,2,"(0, 37)",1,-0.08
528,3,"(1, 37)",1,-8.33
528,4,"(1, 37)",0,-8.33
528,5,"(1, 37)",3,-0.08
528,6,"(0, 37)",0,-0.08
528,7,"(0, 36)",0,-0.08
528,8,"(0, 35)",1,-0.08
528,9,"(1, 35)",1,-0.08
528,10,"(2, 35)",0,-0.08
528,11,"(2, 34)",0,-0.08
528,12,"(2, 33)",1,-0.08
528,13,"(3, 33)",1,-0.08
528,14,"(4, 33)",1,-0.08
528,15,"(5, 33)",0,-0.08
528,16,"(5, 32)",0,-0.08
528,17,"(5, 31)",1,-0.08
528,18,"(6, 31)",1,-0.08
528,19,"(7, 31)",1,-0.08
528,20,"(8, 31)",0,-0.08
528,21,"(8, 30)",0,-0.08
528,22,"(8, 29)",1,-0.08
528,23,"(9, 29)",1,-0.08
528,24,"(10, 29)",0,-0.08
528,25,"(10, 28)",0,-0.08
528,26,"(10, 27)",1,-0.08
528,27,"(11, 27)",1,-0.08
528,28,"(12, 27)",1,-0.08
528,29,"(13, 27)",1,-0.08
528,30,"(14, 27)",1,-0.08
528,31,"(15, 27)",1,-0.08
528,32,"(16, 27)",0,-0.08
528,33,"(16, 26)",1,-0.08
528,34,"(17, 26)",0,-0.08
528,35,"(17, 25)",0,-0.08
528,36,"(17, 24)",0,-0.08
528,37,"(17, 23)",0,-0.08
528,38,"(17, 22)",1,-0.08
528,39,"(18, 22)",1,-0.08
528,40,"(19, 22)",1,-0.08
528,41,"(20, 22)",1,-0.08
528,42,"(21, 22)",0,-0.08
528,43,"(21, 21)",1,-0.08
528,44,"(22, 21)",1,-0.08
528,45,"(23, 21)",0,-0.08
528,46,"(23, 20)",1,-0.08
528,47,"(24, 20)",1,-0.08
528,48,"(25, 20)",0,-0.08
528,49,"(25, 19)",1,-0.08
528,50,"(26, 19)",1,-0.08
528,51,"(27, 19)",1,-0.08
528,52,"(28, 19)",1,-0.08
528,53,"(29, 19)",1,-0.08
528,54,"(30, 19)",1,-0.08
528,55,"(31, 19)",0,-0.08
528,56,"(31, 18)",1,-0.08
528,57,"(32, 18)",0,-0.08
528,58,"(32, 17)",1,-0.08
528,59,"(33, 17)",1,-0.08
528,60,"(34, 17)",1,-0.08
528,61,"(35, 17)",0,-0.08
528,62,"(35, 16)",1,-0.08
528,63,"(36, 16)",1,-0.08
528,64,"(37, 16)",0,-0.08
528,65,"(37, 15)",1,-0.08
528,66,"(38, 15)",0,-0.08
528,67,"(38, 14)",0,-0.08
528,68,"(38, 13)",0,-0.08
528,69,"(38, 12)",1,-0.08
528,70,"(39, 12)",0,-0.08
528,71,"(39, 11)",1,-0.08
528,72,"(40, 11)",1,-0.08
528,73,"(41, 11)",1,-0.08
528,74,"(42, 11)",1,-0.08
528,75,"(43, 11)",1,-0.08
528,76,"(44, 11)",1,-0.08
528,77,"(45, 11)",0,-0.08
528,78,"(45, 10)",1,-0.08
528,79,"(46, 10)",1,-0.08
528,80,"(47, 10)",1,-0.08
528,81,"(48, 10)",1,-0.08
528,82,"(49, 10)",1,-0.08
528,83,"(50, 10)",0,-0.08
528,84,"(50, 9)",0,-0.08
528,85,"(50, 8)",0,-0.08
528,86,"(50, 7)",1,-0.08
528,87,"(51, 7)",1,-0.08
528,88,"(52, 7)",1,-0.08
528,89,"(53, 7)",1,-0.08
528,90,"(54, 7)",1,-0.08
528,91,"(55, 7)",1,-0.08
528,92,"(56, 7)",1,-0.08
528,93,"(57, 7)",1,-0.08
528,94,"(58, 7)",1,-0.08
528,95,"(59, 7)",1,-0.08
528,96,"(60, 7)",1,-0.08
528,97,"(61, 7)",1,-0.08
528,98,"(62, 7)",1,-0.08
528,99,"(63, 7)",1,-0.08
528,100,"(64, 7)",1,-0.08
528,101,"(65, 7)",1,-0.08
528,102,"(66, 7)",1,-0.08
528,103,"(67, 7)",1,-0.08
528,104,"(68, 7)",1,-0.08
528,105,"(69, 7)",1,-0.08
528,106,"(70, 7)",1,-0.08
528,107,"(71, 7)",0,-0.08
528,108,"(71, 6)",1,-0.08
528,109,"(72, 6)",0,-0.08
528,110,"(72, 5)",1,-0.08
528,111,"(73, 5)",1,-0.08
528,112,"(74, 5)",0,-0.08
528,113,"(74, 4)",1,-0.08
528,114,"(75, 4)",1,-8.33
528,115,"(75, 4)",0,-0.08
528,116,"(75, 3)",1,-0.08
528,117,"(76, 3)",0,-0.08
528,118,"(76, 2)",0,-0.08
528,119,"(76, 1)",0,-0.08
528,120,"(76, 0)",1,-0.08
528,121,"(77, 0)",1,-0.08
528,122,"(78, 0)",1,8.33
529,0,"(0, 39)",1,-0.08
529,1,"(1, 39)",0,-0.08
529,2,"(1, 38)",0,-0.08
529,3,"(1, 37)",1,-8.33
529,4,"(1, 37)",0,-8.33
529,5,"(1, 37)",3,-0.08
529,6,"(0, 37)",0,-0.08
529,7,"(0, 36)",0,-0.08
529,8,"(0, 35)",0,-0.08
529,9,"(0, 34)",1,-0.08
529,10,"(1, 34)",0,-0.08
529,11,"(1, 33)",0,-0.08
529,12,"(1, 32)",1,-0.08
529,13,"(2, 32)",1,-0.08
529,14,"(3, 32)",0,-0.08
529,15,"(3, 31)",0,-8.33
529,16,"(3, 31)",0,-8.33
529,17,"(3, 31)",2,-0.08
529,18,"(3, 32)",2,-0.08
529,19,"(3, 33)",1,-0.08
529,20,"(4, 33)",1,-0.08
529,21,"(5, 33)",1,-0.08
529,22,"(6, 33)",1,-0.08
529,23,"(7, 33)",0,-0.08
529,24,"(7, 32)",0,-0.08
529,25,"(7, 31)",1,-0.08
529,26,"(8, 31)",1,-0.08
529,27,"(9, 31)",0,-0.08
529,28,"(9, 30)",0,-0.08
529,29,"(9, 29)",1,-0.08
529,30,"(10, 29)",0,-0.08
529,31,"(10, 28)",0,-0.08
529,32,"(10, 27)",1,-0.08
529,33,"(11, 27)",1,-0.08
529,34,"(12, 27)",0,-0.08
529,35,"(12, 26)",1,-0.08
529,36,"(13, 26)",0,-0.08
529,37,"(13, 25)",1,-0.08
529,38,"(14, 25)",1,-0.08
529,39,"(15, 25)",1,-0.08
529,40,"(16, 25)",1,-0.08
529,41,"(17, 25)",0,-0.08
529,42,"(17, 24)",0,-0.08
529,43,"(17, 23)",1,-0.08
529,44,"(18, 23)",1,-0.08
529,45,"(19, 23)",1,-0.08
529,46,"(20, 23)",1,-0.08
529,47,"(21, 23)",0,-0.08
529,48,"(21, 22)",0,-0.08
529,49,"(21, 21)",0,-0.08
529,50,"(21, 20)",0,-0.08
529,51,"(21, 19)",1,-0.08
529,52,"(22, 19)",1,-0.08
529,53,"(23, 19)",0,-0.08
529,54,"(23, 18)",0,-0.08
529,55,"(23, 17)",0,-0.08
529,56,"(23, 16)",0,-0.08
529,57,"(23, 15)",1,-0.08
529,58,"(24, 15)",1,-0.08
529,59,"(25, 15)",1,-0.08
529,60,"(26, 15)",1,-0.08
529,61,"(27, 15)",1,-0.08
529,62,"(28, 15)",1,-0.08
529,63,"(29, 15)",0,-0.08
529,64,"(29, 14)",0,-0.08
529,65,"(29, 13)",1,-0.08
529,66,"(30, 13)",1,-0.08
529,67,"(31, 13)",1,-0.08
529,68,"(32, 13)",1,-0.08
529,69,"(33, 13)",1,-0.08
529,70,"(34, 13)",1,-0.08
529,71,"(35, 13)",0,-0.08
529,72,"(35, 12)",1,-0.08
529,73,"(36, 12)",1,-0.08
529,74,"(37, 12)",1,-0.08
529,75,"(38, 12)",1,-0.08
529,76,"(39, 12)",0,-0.08
529,77,"(39, 11)",1,-0.08
529,78,"(40, 11)",1,-0.08
529,79,"(41, 11)",1,-0.08
529,80,"(42, 11)",1,-0.08
529,81,"(43, 11)",1,-0.08
529,82,"(44, 11)",1,-0.08
529,83,"(45, 11)",0,-0.08
529,84,"(45, 10)",1,-0.08
529,85,"(46, 10)",1,-0.08
529,86,"(47, 10)",1,-0.08
529,87,"(48, 10)",1,-0.08
529,88,"(49, 10)",1,-0.08
529,89,"(50, 10)",0,-0.08
529,90,"(50, 9)",1,-0.08
529,91,"(51, 9)",1,-0.08
529,92,"(52, 9)",1,-0.08
529,93,"(53, 9)",1,-0.08
529,94,"(54, 9)",1,-0.08
529,95,"(55, 9)",1,-0.08
529,96,"(56, 9)",1,-0.08
529,97,"(57, 9)",1,-0.08
529,98,"(58, 9)",0,-0.08
529,99,"(58, 8)",0,-0.08
529,100,"(58, 7)",1,-0.08
529,101,"(59, 7)",1,-0.08
529,102,"(60, 7)",1,-0.08
529,103,"(61, 7)",1,-0.08
529,104,"(62, 7)",1,-0.08
529,105,"(63, 7)",1,-0.08
529,106,"(64, 7)",1,-0.08
529,107,"(65, 7)",1,-0.08
529,108,"(66, 7)",1,-0.08
529,109,"(67, 7)",1,-0.08
529,110,"(68, 7)",1,-0.08
529,111,"(69, 7)",0,-0.08
529,112,"(69, 6)",1,-0.08
529,113,"(70, 6)",1,-0.08
529,114,"(71, 6)",0,-0.08
529,115,"(71, 5)",1,-0.08
529,116,"(72, 5)",1,-0.08
529,117,"(73, 5)",1,-0.08
529,118,"(74, 5)",1,-0.08
529,119,"(75, 5)",0,-0.08
529,120,"(75, 4)",0,-0.08
529,121,"(75, 3)",1,-0.08
529,122,"(76, 3)",0,-0.08
529,123,"(76, 2)",0,-0.08
529,124,"(76, 1)",1,-0.08
529,125,"(77, 1)",1,-0.08
529,126,"(78, 1)",1,-0.08
529,127,"(79, 1)",0,8.33
530,0,"(0, 39)",0,-0.08
530,1,"(0, 38)",0,-0.08
530,2,"(0, 37)",1,-0.08
530,3,"(1, 37)",1,-8.33
530,4,"(1, 37)",0,-8.33
530,5,"(1, 37)",3,-0.08
530,6,"(0, 37)",0,-0.08
530,7,"(0, 36)",0,-0.08
530,8,"(0, 35)",0,-0.08
530,9,"(0, 34)",1,-0.08
530,10,"(1, 34)",1,-0.08
530,11,"(2, 34)",0,-0.08
530,12,"(2, 33)",1,-0.08
530,13,"(3, 33)",0,-0.08
530,14,"(3, 32)",0,-0.08
530,15,"(3, 31)",0,-8.33
530,16,"(3, 31)",2,-0.08
530,17,"(3, 32)",2,-0.08
530,18,"(3, 33)",1,-0.08
530,19,"(4, 33)",1,-0.08
530,20,"(5, 33)",1,-0.08
530,21,"(6, 33)",1,-0.08
530,22,"(7, 33)",1,-0.08
530,23,"(8, 33)",1,-0.08
530,24,"(9, 33)",0,-0.08
530,25,"(9, 32)",0,-0.08
530,26,"(9, 31)",0,-0.08
530,27,"(9, 30)",0,-0.08
530,28,"(9, 29)",1,-0.08
530,29,"(10, 29)",0,-0.08
530,30,"(10, 28)",0,-0.08
530,31,"(10, 27)",1,-0.08
530,32,"(11, 27)",1,-0.08
530,33,"(12, 27)",1,-0.08
530,34,"(13, 27)",0,-0.08
530,35,"(13, 26)",0,-0.08
530,36,"(13, 25)",0,-0.08
530,37,"(13, 24)",0,-0.08
530,38,"(13, 23)",1,-0.08
530,39,"(14, 23)",1,-0.08
530,40,"(15, 23)",1,-0.08
530,41,"(16, 23)",0,-0.08
530,42,"(16, 22)",1,-0.08
530,43,"(17, 22)",1,-0.08
530,44,"(18, 22)",1,-0.08
530,45,"(19, 22)",0,-0.08
530,46,"(19, 21)",0,-0.08
530,47,"(19, 20)",1,-0.08
530,48,"(20, 20)",0,-0.08
530,49,"(20, 19)",1,-0.08
530,50,"(21, 19)",1,-0.08
530,51,"(22, 19)",1,-0.08
530,52,"(23, 19)",0,-0.08
530,53,"(23, 18)",0,-0.08
530,54,"(23, 17)",0,-0.08
530,55,"(23, 16)",0,-0.08
530,56,"(23, 15)",1,-0.08
530,57,"(24, 15)",1,-0.08
530,58,"(25, 15)",1,-0.08
530,59,"(26, 15)",1,-0.08
530,60,"(27, 15)",0,-0.08
530,61,"(27, 14)",0,-0.08
530,62,"(27, 13)",1,-0.08
530,63,"(28, 13)",1,-0.08
530,64,"(29, 13)",1,-0.08
530,65,"(30, 13)",1,-0.08
530,66,"(31, 13)",1,-0.08
530,67,"(32, 13)",1,-0.08
530,68,"(33, 13)",1,-0.08
530,69,"(34, 13)",1,-0.08
530,70,"(35, 13)",0,-0.08
530,71,"(35, 12)",1,-0.08
530,72,"(36, 12)",1,-0.08
530,73,"(37, 12)",1,-0.08
530,74,"(38, 12)",1,-0.08
530,75,"(39, 12)",0,-0.08
530,76,"(39, 11)",1,-0.08
530,77,"(40, 11)",1,-0.08
530,78,"(41, 11)",1,-0.08
530,79,"(42, 11)",1,-0.08
530,80,"(43, 11)",1,-0.08
530,81,"(44, 11)",1,-0.08
530,82,"(45, 11)",0,-0.08
530,83,"(45, 10)",0,-0.08
530,84,"(45, 9)",0,-0.08
530,85,"(45, 8)",1,-0.08
530,86,"(46, 8)",0,-0.08
530,87,"(46, 7)",1,-0.08
530,88,"(47, 7)",1,-0.08
530,89,"(48, 7)",1,-0.08
530,90,"(49, 7)",1,-0.08
530,91,"(50, 7)",1,-0.08
530,92,"(51, 7)",1,-0.08
530,93,"(52, 7)",1,-0.08
530,94,"(53, 7)",1,-0.08
530,95,"(54, 7)",1,-0.08
530,96,"(55, 7)",1,-0.08
530,97,"(56, 7)",1,-0.08
530,98,"(57, 7)",1,-0.08
530,99,"(58, 7)",1,-0.08
530,100,"(59, 7)",1,-0.08
530,101,"(60, 7)",1,-0.08
530,102,"(61, 7)",1,-0.08
530,103,"(62, 7)",1,-0.08
530,104,"(63, 7)",1,-0.08
530,105,"(64, 7)",1,-0.08
530,106,"(65, 7)",1,-0.08
530,107,"(66, 7)",1,-0.08
530,108,"(67, 7)",1,-0.08
530,109,"(68, 7)",1,-0.08
530,110,"(69, 7)",1,-0.08
530,111,"(70, 7)",1,-0.08
530,112,"(71, 7)",0,-0.08
530,113,"(71, 6)",0,-0.08
530,114,"(71, 5)",1,-0.08
530,115,"(72, 5)",1,-0.08
530,116,"(73, 5)",1,-0.08
530,117,"(74, 5)",1,-0.08
530,118,"(75, 5)",0,-0.08
530,119,"(75, 4)",0,-0.08
530,120,"(75, 3)",1,-0.08
530,121,"(76, 3)",0,-0.08
530,122,"(76, 2)",0,-0.08
530,123,"(76, 1)",0,-0.08
530,124,"(76, 0)",1,-0.08
530,125,"(77, 0)",1,-0.08
530,126,"(78, 0)",1,8.33
531,0,"(0, 39)",1,-0.08
531,1,"(1, 39)",1,-0.08
531,2,"(2, 39)",0,-8.33
531,3,"(2, 39)",1,-0.08
531,4,"(3, 39)",1,-0.08
531,5,"(4, 39)",1,-0.08
531,6,"(5, 39)",1,-0.08
531,7,"(6, 39)",1,-0.08
531,8,"(7, 39)",1,-0.08
531,9,"(8, 39)",0,-0.08
531,10,"(8, 38)",1,-8.33
531,11,"(8, 38)",2,-0.08
531,12,"(8, 39)",1,-0.08
531,13,"(9, 39)",1,-0.08
531,14,"(10, 39)",0,-0.08
531,15,"(10, 38)",0,-0.08
531,16,"(10, 37)",1,-0.08
531,17,"(11, 37)",1,-0.08
531,18,"(12, 37)",0,-0.08
531,19,"(12, 36)",0,-0.08
531,20,"(12, 35)",1,-0.08
531,21,"(13, 35)",0,-0.08
531,22,"(13, 34)",0,-0.08
531,23,"(13, 33)",1,-0.08
531,24,"(14, 33)",1,-0.08
531,25,"(15, 33)",1,-0.08
531,26,"(16, 33)",1,-0.08
531,27,"(17, 33)",1,-0.08
531,28,"(18, 33)",1,-0.08
531,29,"(19, 33)",1,-8.33
531,30,"(19, 33)",0,-0.08
531,31,"(19, 32)",1,-0.08
531,32,"(20, 32)",1,-0.08
531,33,"(21, 32)",0,-0.08
531,34,"(21, 31)",0,-0.08
531,35,"(21, 30)",0,-0.08
531,36,"(21, 29)",0,-0.08
531,37,"(21, 28)",0,-0.08
531,38,"(21, 27)",0,-0.08
531,39,"(21, 26)",0,-0.08
531,40,"(21, 25)",1,-0.08
531,41,"(22, 25)",1,-0.08
531,42,"(23, 25)",0,-0.08
531,43,"(23, 24)",0,-0.08
531,44,"(23, 23)",1,-0.08
531,45,"(24, 23)",0,-0.08
531,46,"(24, 22)",0,-0.08
531,47,"(24, 21)",1,-0.08
531,48,"(25, 21)",0,-0.08
531,49,"(25, 20)",0,-0.08
531,50,"(25, 19)",1,-0.08
531,51,"(26, 19)",1,-0.08
531,52,"(27, 19)",1,-0.08
531,53,"(28, 19)",1,-0.08
531,54,"(29, 19)",1,-0.08
531,55,"(30, 19)",1,-0.08
531,56,"(31, 19)",0,-0.08
531,57,"(31, 18)",0,-0.08
531,58,"(31, 17)",1,-0.08
531,59,"(32, 17)",0,-0.08
531,60,"(32, 16)",0,-0.08
531,61,"(32, 15)",0,-0.08
531,62,"(32, 14)",0,-0.08
531,63,"(32, 13)",1,-0.08
531,64,"(33, 13)",1,-0.08
531,65,"(34, 13)",1,-0.08
531,66,"(35, 13)",0,-0.08
531,67,"(35, 12)",1,-0.08
531,68,"(36, 12)",1,-0.08
531,69,"(37, 12)",1,-0.08
531,70,"(38, 12)",1,-0.08
531,71,"(39, 12)",0,-0.08
531,72,"(39, 11)",1,-0.08
531,73,"(40, 11)",1,-0.08
531,74,"(41, 11)",1,-0.08
531,75,"(42, 11)",1,-0.08
531,76,"(43, 11)",1,-0.08
531,77,"(44, 11)",1,-0.08
531,78,"(45, 11)",0,-0.08
531,79,"(45, 10)",1,-0.08
531,80,"(46, 10)",0,-0.08
531,81,"(46, 9)",0,-0.08
531,82,"(46, 8)",0,-0.08
531,83,"(46, 7)",1,-0.08
531,84,"(47, 7)",1,-0.08
531,85,"(48, 7)",1,-0.08
531,86,"(49, 7)",1,-0.08
531,87,"(50, 7)",1,-0.08
531,88,"(51, 7)",1,-0.08
531,89,"(52, 7)",1,-0.08
531,90,"(53, 7)",1,-0.08
531,91,"(54, 7)",1,-0.08
531,92,"(55, 7)",1,-0.08
531,93,"(56, 7)",1,-0.08
531,94,"(57, 7)",1,-0.08
531,95,"(58, 7)",1,-0.08
531,96,"(59, 7)",1,-0.08
531,97,"(60, 7)",1,-0.08
531,98,"(61, 7)",1,-0.08
531,99,"(62, 7)",1,-0.08
531,100,"(63, 7)",1,-0.08
531,101,"(64, 7)",1,-0.08
531,102,"(65, 7)",1,-0.08
531,103,"(66, 7)",1,-0.08
531,104,"(67, 7)",1,-0.08
531,105,"(68, 7)",1,-0.08
531,106,"(69, 7)",0,-0.08
531,107,"(69, 6)",1,-0.08
531,108,"(70, 6)",1,-0.08
531,109,"(71, 6)",0,-0.08
531,110,"(71, 5)",1,-0.08
531,111,"(72, 5)",1,-0.08
531,112,"(73, 5)",1,-0.08
531,113,"(74, 5)",1,-0.08
531,114,"(75, 5)",1,-0.08
531,115,"(76, 5)",1,-0.08
531,116,"(77, 5)",0,-0.08
531,117,"(77, 4)",0,-0.08
531,118,"(77, 3)",0,-0.08
531,119,"(77, 2)",0,-0.08
531,120,"(77, 1)",0,-0.08
531,121,"(77, 0)",1,-0.08
531,122,"(78, 0)",1,8.33
532,0,"(0, 39)",0,-0.08
532,1,"(0, 38)",0,-0.08
532,2,"(0, 37)",0,-0.08
532,3,"(0, 36)",0,-0.08
532,4,"(0, 35)",1,-0.08
532,5,"(1, 35)",0,-0.08
532,6,"(1, 34)",0,-0.08
532,7,"(1, 33)",0,-0.08
532,8,"(1, 32)",0,-0.08
532,9,"(1, 31)",0,-0.08
532,10,"(1, 30)",0,-0.08
532,11,"(1, 29)",0,-0.08
532,12,"(1, 28)",1,-8.33
532,13,"(1, 28)",0,-0.08
532,14,"(1, 27)",1,-8.33
532,15,"(1, 27)",0,-0.08
532,16,"(1, 26)",0,-0.08
532,17,"(1, 25)",1,-0.08
532,18,"(2, 25)",1,-0.08
532,19,"(3, 25)",1,-0.08
532,20,"(4, 25)",1,-0.08
532,21,"(5, 25)",1,-0.08
532,22,"(6, 25)",1,-0.08
532,23,"(7, 25)",1,-0.08
532,24,"(8, 25)",1,-0.08
532,25,"(9, 25)",1,-0.08
532,26,"(10, 25)",1,-0.08
532,27,"(11, 25)",1,-0.08
532,28,"(12, 25)",1,-0.08
532,29,"(13, 25)",0,-0.08
532,30,"(13, 24)",0,-0.08
532,31,"(13, 23)",1,-0.08
532,32,"(14, 23)",1,-0.08
532,33,"(15, 23)",1,-0.08
532,34,"(16, 23)",0,-0.08
532,35,"(16, 22)",1,-0.08
532,36,"(17, 22)",1,-0.08
532,37,"(18, 22)",1,-0.08
532,38,"(19, 22)",1,-0.08
532,39,"(20, 22)",1,-0.08
532,40,"(21, 22)",0,-0.08
532,41,"(21, 21)",1,-0.08
532,42,"(22, 21)",0,-0.08
532,43,"(22, 20)",1,-0.08
532,44,"(23, 20)",0,-0.08
532,45,"(23, 19)",0,-0.08
532,46,"(23, 18)",0,-0.08
532,47,"(23, 17)",0,-0.08
532,48,"(23, 16)",0,-0.08
532,49,"(23, 15)",1,-0.08
532,50,"(24, 15)",1,-0.08
532,51,"(25, 15)",1,-0.08
532,52,"(26, 15)",1,-0.08
532,53,"(27, 15)",0,-0.08
532,54,"(27, 14)",0,-0.08
532,55,"(27, 13)",1,-0.08
532,56,"(28, 13)",1,-0.08
532,57,"(29, 13)",1,-0.08
532,58,"(30, 13)",1,-0.08
532,59,"(31, 13)",1,-0.08
532,60,"(32, 13)",1,-0.08
532,61,"(33, 13)",1,-0.08
532,62,"(34, 13)",1,-0.08
532,63,"(35, 13)",1,-0.08
532,64,"(36, 13)",1,-0.08
532,65,"(37, 13)",0,-0.08
532,66,"(37, 12)",1,-0.08
532,67,"(38, 12)",1,-0.08
532,68,"(39, 12)",0,-0.08
532,69,"(39, 11)",1,-0.08
532,70,"(40, 11)",1,-0.08
532,71,"(41, 11)",1,-0.08
532,72,"(42, 11)",1,-0.08
532,73,"(43, 11)",1,-0.08
532,74,"(44, 11)",1,-0.08
532,75,"(45, 11)",0,-0.08
532,76,"(45, 10)",0,-0.08
532,77,"(45, 9)",0,-0.08
532,78,"(45, 8)",0,-0.08
532,79,"(45, 7)",1,-0.08
532,80,"(46, 7)",1,-0.08
532,81,"(47, 7)",1,-0.08
532,82,"(48, 7)",1,-0.08
532,83,"(49, 7)",1,-0.08
532,84,"(50, 7)",1,-0.08
532,85,"(51, 7)",1,-0.08
532,86,"(52, 7)",1,-0.08
532,87,"(53, 7)",1,-0.08
532,88,"(54, 7)",1,-0.08
532,89,"(55, 7)",1,-0.08
532,90,"(56, 7)",1,-0.08
532,91,"(57, 7)",1,-0.08
532,92,"(58, 7)",1,-0.08
532,93,"(59, 7)",1,-0.08
532,94,"(60, 7)",1,-0.08
532,95,"(61, 7)",1,-0.08
532,96,"(62, 7)",1,-0.08
532,97,"(63, 7)",1,-0.08
532,98,"(64, 7)",1,-0.08
532,99,"(65, 7)",1,-0.08
532,100,"(66, 7)",1,-0.08
532,101,"(67, 7)",1,-0.08
532,102,"(68, 7)",1,-0.08
532,103,"(69, 7)",0,-0.08
532,104,"(69, 6)",1,-0.08
532,105,"(70, 6)",1,-0.08
532,106,"(71, 6)",0,-0.08
532,107,"(71, 5)",1,-0.08
532,108,"(72, 5)",1,-0.08
532,109,"(73, 5)",1,-0.08
532,110,"(74, 5)",1,-0.08
532,111,"(75, 5)",1,-0.08
532,112,"(76, 5)",0,-8.33
532,113,"(76, 5)",1,-0.08
532,114,"(77, 5)",0,-0.08
532,115,"(77, 4)",0,-0.08
532,116,"(77, 3)",0,-0.08
532,117,"(77, 2)",0,-0.08
532,118,"(77, 1)",0,-0.08
532,119,"(77, 0)",1,-0.08
532,120,"(78, 0)",1,8.33
533,0,"(0, 39)",0,-0.08
533,1,"(0, 38)",0,-0.08
533,2,"(0, 37)",1,-0.08
533,3,"(1, 37)",1,-8.33
533,4,"(1, 37)",0,-8.33
533,5,"(1, 37)",3,-0.08
533,6,"(0, 37)",0,-0.08
533,7,"(0, 36)",0,-0.08
533,8,"(0, 35)",0,-0.08
533,9,"(0, 34)",0,-0.08
533,10,"(0, 33)",1,-0.08
533,11,"(1, 33)",0,-0.08
533,12,"(1, 32)",1,-0.08
533,13,"(2, 32)",1,-0.08
533,14,"(3, 32)",0,-0.08
533,15,"(3, 31)",0,-8.33
533,16,"(3, 31)",0,-8.33
533,17,"(3, 31)",3,-0.08
533,18,"(2, 31)",3,-0.08
533,19,"(1, 31)",0,-0.08
533,20,"(1, 30)",0,-0.08
533,21,"(1, 29)",1,-0.08
533,22,"(2, 29)",1,-0.08
533,23,"(3, 29)",0,-0.08
533,24,"(3, 28)",0,-0.08
533,25,"(3, 27)",0,-0.08
533,26,"(3, 26)",0,-0.08
533,27,"(3, 25)",1,-0.08
533,28,"(4, 25)",1,-0.08
533,29,"(5, 25)",1,-0.08
533,30,"(6, 25)",1,-0.08
533,31,"(7, 25)",1,-0.08
533,32,"(8, 25)",1,-0.08
533,33,"(9, 25)",1,-0.08
533,34,"(10, 25)",0,-0.08
533,35,"(10, 24)",1,-0.08
533,36,"(11, 24)",1,-0.08
533,37,"(12, 24)",1,-0.08
533,38,"(13, 24)",0,-0.08
533,39,"(13, 23)",1,-0.08
533,40,"(14, 23)",1,-0.08
533,41,"(15, 23)",1,-0.08
533,42,"(16, 23)",0,-0.08
533,43,"(16, 22)",1,-0.08
533,44,"(17, 22)",1,-0.08
533,45,"(18, 22)",1,-0.08
533,46,"(19, 22)",0,-0.08
533,47,"(19, 21)",1,-0.08
533,48,"(20, 21)",1,-0.08
533,49,"(21, 21)",0,-0.08
533,50,"(21, 20)",0,-0.08
533,51,"(21, 19)",1,-0.08
533,52,"(22, 19)",1,-0.08
533,53,"(23, 19)",0,-0.08
533,54,"(23, 18)",0,-0.08
533,55,"(23, 17)",0,-0.08
533,56,"(23, 16)",0,-0.08
533,57,"(23, 15)",1,-0.08
533,58,"(24, 15)",1,-0.08
533,59,"(25, 15)",1,-0.08
533,60,"(26, 15)",1,-0.08
533,61,"(27, 15)",0,-0.08
533,62,"(27, 14)",0,-0.08
533,63,"(27, 13)",1,-0.08
533,64,"(28, 13)",1,-0.08
533,65,"(29, 13)",1,-0.08
533,66,"(30, 13)",1,-0.08
533,67,"(31, 13)",1,-0.08
533,68,"(32, 13)",1,-0.08
533,69,"(33, 13)",1,-0.08
533,70,"(34, 13)",1,-0.08
533,71,"(35, 13)",1,-0.08
533,72,"(36, 13)",1,-0.08
533,73,"(37, 13)",1,-0.08
533,74,"(38, 13)",1,-0.08
533,75,"(39, 13)",0,-0.08
533,76,"(39, 12)",0,-0.08
533,77,"(39, 11)",1,-0.08
533,78,"(40, 11)",1,-0.08
533,79,"(41, 11)",1,-0.08
533,80,"(42, 11)",1,-0.08
533,81,"(43, 11)",1,-0.08
533,82,"(44, 11)",1,-0.08
533,83,"(45, 11)",0,-0.08
533,84,"(45, 10)",1,-0.08
533,85,"(46, 10)",1,-0.08
533,86,"(47, 10)",1,-0.08
533,87,"(48, 10)",1,-0.08
533,88,"(49, 10)",0,-0.08
533,89,"(49, 9)",1,-0.08
533,90,"(50, 9)",0,-0.08
533,91,"(50, 8)",0,-0.08
533,92,"(50, 7)",1,-0.08
533,93,"(51, 7)",1,-0.08
533,94,"(52, 7)",1,-0.08
533,95,"(53, 7)",1,-0.08
533,96,"(54, 7)",1,-0.08
533,97,"(55, 7)",1,-0.08
533,98,"(56, 7)",1,-0.08
533,99,"(57, 7)",1,-0.08
533,100,"(58, 7)",1,-0.08
533,101,"(59, 7)",1,-0.08
533,102,"(60, 7)",1,-0.08
533,103,"(61, 7)",1,-0.08
533,104,"(62, 7)",1,-0.08
533,105,"(63, 7)",1,-0.08
533,106,"(64, 7)",1,-0.08
533,107,"(65, 7)",1,-0.08
533,108,"(66, 7)",1,-0.08
533,109,"(67, 7)",1,-0.08
533,110,"(68, 7)",1,-0.08
533,111,"(69, 7)",1,-0.08
533,112,"(70, 7)",1,-0.08
533,113,"(71, 7)",1,-0.08
533,114,"(72, 7)",0,-0.08
533,115,"(72, 6)",1,-0.08
533,116,"(73, 6)",0,-0.08
533,117,"(73, 5)",1,-0.08
533,118,"(74, 5)",0,-0.08
533,119,"(74, 4)",0,-0.08
533,120,"(74, 3)",1,-0.08
533,121,"(75, 3)",1,-0.08
533,122,"(76, 3)",0,-0.08
533,123,"(76, 2)",0,-0.08
533,124,"(76, 1)",0,-0.08
533,125,"(76, 0)",1,-0.08
533,126,"(77, 0)",1,-0.08
533,127,"(78, 0)",1,8.33
534,0,"(0, 39)",0,-0.08
534,1,"(0, 38)",0,-0.08
534,2,"(0, 37)",0,-0.08
534,3,"(0, 36)",1,-8.33
534,4,"(0, 36)",0,-0.08
534,5,"(0, 35)",1,-0.08
534,6,"(1, 35)",0,-0.08
534,7,"(1, 34)",0,-0.08
534,8,"(1, 33)",1,-0.08
534,9,"(2, 33)",1,-0.08
534,10,"(3, 33)",0,-0.08
534,11,"(3, 32)",0,-0.08
534,12,"(3, 31)",0,-8.33
534,13,"(3, 31)",3,-0.08
534,14,"(2, 31)",3,-0.08
534,15,"(1, 31)",0,-0.08
534,16,"(1, 30)",0,-0.08
534,17,"(1, 29)",0,-0.08
534,18,"(1, 28)",0,-0.08
534,19,"(1, 27)",0,-0.08
534,20,"(1, 26)",1,-0.08
534,21,"(2, 26)",0,-0.08
534,22,"(2, 25)",1,-0.08
534,23,"(3, 25)",1,-0.08
534,24,"(4, 25)",1,-0.08
534,25,"(5, 25)",1,-0.08
534,26,"(6, 25)",1,-0.08
534,27,"(7, 25)",1,-0.08
534,28,"(8, 25)",1,-0.08
534,29,"(9, 25)",1,-0.08
534,30,"(10, 25)",0,-0.08
534,31,"(10, 24)",1,-0.08
534,32,"(11, 24)",1,-0.08
534,33,"(12, 24)",1,-0.08
534,34,"(13, 24)",1,-0.08
534,35,"(14, 24)",0,-0.08
534,36,"(14, 23)",1,-0.08
534,37,"(15, 23)",1,-0.08
534,38,"(16, 23)",1,-0.08
534,39,"(17, 23)",0,-0.08
534,40,"(17, 22)",1,-0.08
534,41,"(18, 22)",1,-0.08
534,42,"(19, 22)",1,-0.08
534,43,"(20, 22)",0,-0.08
534,44,"(20, 21)",0,-0.08
534,45,"(20, 20)",0,-0.08
534,46,"(20, 19)",1,-0.08
534,47,"(21, 19)",1,-0.08
534,48,"(22, 19)",1,-0.08
534,49,"(23, 19)",0,-0.08
534,50,"(23, 18)",0,-0.08
534,51,"(23, 17)",0,-0.08
534,52,"(23, 16)",0,-0.08
534,53,"(23, 15)",1,-0.08
534,54,"(24, 15)",1,-0.08
534,55,"(25, 15)",1,-0.08
534,56,"(26, 15)",1,-0.08
534,57,"(27, 15)",1,-0.08
534,58,"(28, 15)",1,-0.08
534,59,"(29, 15)",1,-0.08
534,60,"(30, 15)",1,-0.08
534,61,"(31, 15)",0,-0.08
534,62,"(31, 14)",0,-0.08
534,63,"(31, 13)",1,-0.08
534,64,"(32, 13)",1,-0.08
534,65,"(33, 13)",1,-0.08
534,66,"(34, 13)",1,-0.08
534,67,"(35, 13)",0,-0.08
534,68,"(35, 12)",1,-0.08
534,69,"(36, 12)",1,-0.08
534,70,"(37, 12)",1,-0.08
534,71,"(38, 12)",1,-0.08
534,72,"(39, 12)",0,-0.08
534,73,"(39, 11)",1,-0.08
534,74,"(40, 11)",1,-0.08
534,75,"(41, 11)",1,-0.08
534,76,"(42, 11)",1,-0.08
534,77,"(43, 11)",1,-0.08
534,78,"(44, 11)",1,-0.08
534,79,"(45, 11)",0,-0.08
534,80,"(45, 10)",1,-0.08
534,81,"(46, 10)",1,-0.08
534,82,"(47, 10)",1,-0.08
534,83,"(48, 10)",1,-0.08
534,84,"(49, 10)",1,-0.08
534,85,"(50, 10)",0,-0.08
534,86,"(50, 9)",0,-0.08
534,87,"(50, 8)",0,-0.08
534,88,"(50, 7)",1,-0.08
534,89,"(51, 7)",1,-0.08
534,90,"(52, 7)",1,-0.08
534,91,"(53, 7)",1,-0.08
534,92,"(54, 7)",1,-0.08
534,93,"(55, 7)",1,-0.08
534,94,"(56, 7)",1,-0.08
534,95,"(57, 7)",1,-0.08
534,96,"(58, 7)",1,-0.08
534,97,"(59, 7)",1,-0.08
534,98,"(60, 7)",1,-0.08
534,99,"(61, 7)",1,-0.08
534,100,"(62, 7)",1,-0.08
534,101,"(63, 7)",1,-0.08
534,102,"(64, 7)",1,-0.08
534,103,"(65, 7)",1,-0.08
534,104,"(66, 7)",1,-0.08
534,105,"(67, 7)",1,-0.08
534,106,"(68, 7)",1,-0.08
534,107,"(69, 7)",0,-0.08
534,108,"(69, 6)",1,-0.08
534,109,"(70, 6)",1,-0.08
534,110,"(71, 6)",0,-0.08
534,111,"(71, 5)",1,-0.08
534,112,"(72, 5)",1,-0.08
534,113,"(73, 5)",1,-0.08
534,114,"(74, 5)",1,-0.08
534,115,"(75, 5)",0,-0.08
534,116,"(75, 4)",0,-0.08
534,117,"(75, 3)",1,-0.08
534,118,"(76, 3)",0,-0.08
534,119,"(76, 2)",1,-0.08
534,120,"(77, 2)",0,-0.08
534,121,"(77, 1)",0,-0.08
534,122,"(77, 0)",1,-0.08
534,123,"(78, 0)",1,8.33
535,0,"(0, 39)",1,-0.08
535,1,"(1, 39)",0,-0.08
535,2,"(1, 38)",0,-0.08
535,3,"(1, 37)",0,-8.33
535,4,"(1, 37)",3,-0.08
535,5,"(0, 37)",0,-0.08
535,6,"(0, 36)",0,-0.08
535,7,"(0, 35)",0,-0.08
535,8,"(0, 34)",1,-0.08
535,9,"(1, 34)",1,-0.08
535,10,"(2, 34)",0,-0.08
535,11,"(2, 33)",1,-0.08
535,12,"(3, 33)",1,-0.08
535,13,"(4, 33)",1,-0.08
535,14,"(5, 33)",1,-0.08
535,15,"(6, 33)",1,-0.08
535,16,"(7, 33)",1,-0.08
535,17,"(8, 33)",1,-0.08
535,18,"(9, 33)",0,-0.08
535,19,"(9, 32)",0,-0.08
535,20,"(9, 31)",0,-0.08
535,21,"(9, 30)",1,-0.08
535,22,"(10, 30)",0,-0.08
535,23,"(10, 29)",0,-0.08
535,24,"(10, 28)",0,-0.08
535,25,"(10, 27)",0,-8.33
535,26,"(10, 27)",1,-0.08
535,27,"(11, 27)",1,-0.08
535,28,"(12, 27)",1,-0.08
535,29,"(13, 27)",1,-0.08
535,30,"(14, 27)",1,-0.08
535,31,"(15, 27)",1,-0.08
535,32,"(16, 27)",1,-0.08
535,33,"(17, 27)",0,-0.08
535,34,"(17, 26)",0,-0.08
535,35,"(17, 25)",0,-0.08
535,36,"(17, 24)",0,-0.08
535,37,"(17, 23)",0,-0.08
535,38,"(17, 22)",1,-0.08
535,39,"(18, 22)",1,-0.08
535,40,"(19, 22)",1,-0.08
535,41,"(20, 22)",0,-0.08
535,42,"(20, 21)",1,-0.08
535,43,"(21, 21)",0,-0.08
535,44,"(21, 20)",1,-0.08
535,45,"(22, 20)",0,-0.08
535,46,"(22, 19)",1,-0.08
535,47,"(23, 19)",0,-0.08
535,48,"(23, 18)",0,-0.08
535,49,"(23, 17)",0,-0.08
535,50,"(23, 16)",0,-0.08
535,51,"(23, 15)",1,-0.08
535,52,"(24, 15)",1,-0.08
535,53,"(25, 15)",1,-0.08
535,54,"(26, 15)",1,-0.08
535,55,"(27, 15)",0,-0.08
535,56,"(27, 14)",0,-0.08
535,57,"(27, 13)",1,-0.08
535,58,"(28, 13)",1,-0.08
535,59,"(29, 13)",1,-0.08
535,60,"(30, 13)",1,-0.08
535,61,"(31, 13)",1,-0.08
535,62,"(32, 13)",1,-0.08
535,63,"(33, 13)",1,-0.08
535,64,"(34, 13)",1,-0.08
535,65,"(35, 13)",0,-0.08
535,66,"(35, 12)",1,-0.08
535,67,"(36, 12)",1,-0.08
535,68,"(37, 12)",1,-0.08
535,69,"(38, 12)",1,-0.08
535,70,"(39, 12)",0,-0.08
535,71,"(39, 11)",1,-0.08
535,72,"(40, 11)",1,-0.08
535,73,"(41, 11)",1,-0.08
535,74,"(42, 11)",1,-0.08
535,75,"(43, 11)",1,-0.08
535,76,"(44, 11)",1,-0.08
535,77,"(45, 11)",0,-0.08
535,78,"(45, 10)",1,-0.08
535,79,"(46, 10)",1,-0.08
535,80,"(47, 10)",1,-0.08
535,81,"(48, 10)",1,-0.08
535,82,"(49, 10)",0,-0.08
535,83,"(49, 9)",1,-0.08
535,84,"(50, 9)",1,-0.08
535,85,"(51, 9)",1,-0.08
535,86,"(52, 9)",1,-0.08
535,87,"(53, 9)",1,-0.08
535,88,"(54, 9)",1,-0.08
535,89,"(55, 9)",1,-0.08
535,90,"(56, 9)",1,-0.08
535,91,"(57, 9)",0,-0.08
535,92,"(57, 8)",0,-0.08
535,93,"(57, 7)",1,-0.08
535,94,"(58, 7)",1,-0.08
535,95,"(59, 7)",1,-0.08
535,96,"(60, 7)",1,-0.08
535,97,"(61, 7)",1,-0.08
535,98,"(62, 7)",1,-0.08
535,99,"(63, 7)",1,-0.08
535,100,"(64, 7)",1,-0.08
535,101,"(65, 7)",1,-0.08
535,102,"(66, 7)",1,-0.08
535,103,"(67, 7)",1,-0.08
535,104,"(68, 7)",1,-0.08
535,105,"(69, 7)",0,-0.08
535,106,"(69, 6)",1,-0.08
535,107,"(70, 6)",1,-0.08
535,108,"(71, 6)",0,-0.08
535,109,"(71, 5)",1,-0.08
535,110,"(72, 5)",1,-0.08
535,111,"(73, 5)",1,-0.08
535,112,"(74, 5)",1,-0.08
535,113,"(75, 5)",0,-0.08
535,114,"(75, 4)",0,-0.08
535,115,"(75, 3)",1,-0.08
535,116,"(76, 3)",0,-0.08
535,117,"(76, 2)",0,-0.08
535,118,"(76, 1)",1,-0.08
535,119,"(77, 1)",0,-0.08
535,120,"(77, 0)",1,-0.08
535,121,"(78, 0)",1,8.33
536,0,"(0, 39)",0,-0.08
536,1,"(0, 38)",1,-0.08
536,2,"(1, 38)",1,-8.33
536,3,"(1, 38)",0,-0.08
536,4,"(1, 37)",0,-8.33
536,5,"(1, 37)",3,-0.08
536,6,"(0, 37)",0,-0.08
536,7,"(0, 36)",0,-0.08
536,8,"(0, 35)",1,-0.08
536,9,"(1, 35)",1,-0.08
536,10,"(2, 35)",0,-0.08
536,11,"(2, 34)",0,-0.08
536,12,"(2, 33)",1,-0.08
536,13,"(3, 33)",1,-0.08
536,14,"(4, 33)",1,-0.08
536,15,"(5, 33)",0,-0.08
536,16,"(5, 32)",0,-0.08
536,17,"(5, 31)",0,-0.08
536,18,"(5, 30)",0,-0.08
536,19,"(5, 29)",0,-8.33
536,20,"(5, 29)",1,-0.08
536,21,"(6, 29)",1,-0.08
536,22,"(7, 29)",1,-0.08
536,23,"(8, 29)",0,-0.08
536,24,"(8, 28)",0,-0.08
536,25,"(8, 27)",1,-0.08
536,26,"(9, 27)",1,-0.08
536,27,"(10, 27)",1,-0.08
536,28,"(11, 27)",1,-0.08
536,29,"(12, 27)",0,-0.08
536,30,"(12, 26)",1,-0.08
536,31,"(13, 26)",0,-0.08
536,32,"(13, 25)",1,-0.08
536,33,"(14, 25)",1,-0.08
536,34,"(15, 25)",1,-0.08
536,35,"(16, 25)",1,-0.08
536,36,"(17, 25)",0,-0.08
536,37,"(17, 24)",0,-0.08
536,38,"(17, 23)",1,-0.08
536,39,"(18, 23)",0,-0.08
536,40,"(18, 22)",1,-0.08
536,41,"(19, 22)",0,-0.08
536,42,"(19, 21)",1,-0.08
536,43,"(20, 21)",1,-0.08
536,44,"(21, 21)",0,-0.08
536,45,"(21, 20)",0,-0.08
536,46,"(21, 19)",1,-0.08
536,47,"(22, 19)",1,-0.08
536,48,"(23, 19)",0,-0.08
536,49,"(23, 18)",0,-0.08
536,50,"(23, 17)",1,-0.08
536,51,"(24, 17)",1,-0.08
536,52,"(25, 17)",1,-0.08
536,53,"(26, 17)",1,-0.08
536,54,"(27, 17)",1,-0.08
536,55,"(28, 17)",0,-0.08
536,56,"(28, 16)",1,-0.08
536,57,"(29, 16)",0,-0.08
536,58,"(29, 15)",1,-0.08
536,59,"(30, 15)",1,-0.08
536,60,"(31, 15)",1,-0.08
536,61,"(32, 15)",0,-0.08
536,62,"(32, 14)",0,-0.08
536,63,"(32, 13)",1,-0.08
536,64,"(33, 13)",1,-0.08
536,65,"(34, 13)",1,-0.08
536,66,"(35, 13)",0,-0.08
536,67,"(35, 12)",1,-0.08
536,68,"(36, 12)",1,-0.08
536,69,"(37, 12)",1,-0.08
536,70,"(38, 12)",1,-0.08
536,71,"(39, 12)",0,-0.08
536,72,"(39, 11)",1,-0.08
536,73,"(40, 11)",1,-0.08
536,74,"(41, 11)",1,-0.08
536,75,"(42, 11)",1,-0.08
536,76,"(43, 11)",1,-0.08
536,77,"(44, 11)",1,-0.08
536,78,"(45, 11)",0,-0.08
536,79,"(45, 10)",0,-0.08
536,80,"(45, 9)",0,-0.08
536,81,"(45, 8)",0,-0.08
536,82,"(45, 7)",1,-0.08
536,83,"(46, 7)",1,-0.08
536,84,"(47, 7)",1,-0.08
536,85,"(48, 7)",1,-0.08
536,86,"(49, 7)",1,-0.08
536,87,"(50, 7)",1,-0.08
536,88,"(51, 7)",1,-0.08
536,89,"(52, 7)",1,-0.08
536,90,"(53, 7)",1,-0.08
536,91,"(54, 7)",1,-0.08
536,92,"(55, 7)",1,-0.08
536,93,"(56, 7)",1,-0.08
536,94,"(57, 7)",1,-0.08
536,95,"(58, 7)",1,-0.08
536,96,"(59, 7)",1,-0.08
536,97,"(60, 7)",1,-0.08
536,98,"(61, 7)",1,-0.08
536,99,"(62, 7)",1,-0.08
536,100,"(63, 7)",1,-0.08
536,101,"(64, 7)",1,-0.08
536,102,"(65, 7)",1,-0.08
536,103,"(66, 7)",1,-0.08
536,104,"(67, 7)",1,-0.08
536,105,"(68, 7)",1,-0.08
536,106,"(69, 7)",1,-0.08
536,107,"(70, 7)",1,-0.08
536,108,"(71, 7)",1,-0.08
536,109,"(72, 7)",0,-0.08
536,110,"(72, 6)",1,-0.08
536,111,"(73, 6)",1,-0.08
536,112,"(74, 6)",0,-0.08
536,113,"(74, 5)",0,-0.08
536,114,"(74, 4)",0,-0.08
536,115,"(74, 3)",1,-0.08
536,116,"(75, 3)",1,-0.08
536,117,"(76, 3)",1,-0.08
536,118,"(77, 3)",0,-0.08
536,119,"(77, 2)",0,-0.08
536,120,"(77, 1)",0,-0.08
536,121,"(77, 0)",1,-0.08
536,122,"(78, 0)",1,8.33
537,0,"(0, 39)",0,-0.08
537,1,"(0, 38)",1,-0.08
537,2,"(1, 38)",0,-0.08
537,3,"(1, 37)",1,-8.33
537,4,"(1, 37)",0,-8.33
537,5,"(1, 37)",3,-0.08
537,6,"(0, 37)",0,-0.08
537,7,"(0, 36)",0,-0.08
537,8,"(0, 35)",0,-0.08
537,9,"(0, 34)",1,-0.08
537,10,"(1, 34)",1,-0.08
537,11,"(2, 34)",0,-0.08
537,12,"(2, 33)",0,-0.08
537,13,"(2, 32)",1,-0.08
537,14,"(3, 32)",0,-0.08
537,15,"(3, 31)",0,-8.33
537,16,"(3, 31)",0,-8.33
537,17,"(3, 31)",2,-0.08
537,18,"(3, 32)",2,-0.08
537,19,"(3, 33)",1,-0.08
537,20,"(4, 33)",1,-0.08
537,21,"(5, 33)",1,-0.08
537,22,"(6, 33)",1,-0.08
537,23,"(7, 33)",0,-0.08
537,24,"(7, 32)",0,-0.08
537,25,"(7, 31)",1,-0.08
537,26,"(8, 31)",0,-0.08
537,27,"(8, 30)",1,-0.08
537,28,"(9, 30)",0,-0.08
537,29,"(9, 29)",1,-0.08
537,30,"(10, 29)",0,-0.08
537,31,"(10, 28)",0,-0.08
537,32,"(10, 27)",1,-0.08
537,33,"(11, 27)",1,-0.08
537,34,"(12, 27)",1,-0.08
537,35,"(13, 27)",1,-0.08
537,36,"(14, 27)",1,-0.08
537,37,"(15, 27)",1,-0.08
537,38,"(16, 27)",0,-0.08
537,39,"(16, 26)",1,-0.08
537,40,"(17, 26)",0,-0.08
537,41,"(17, 25)",0,-0.08
537,42,"(17, 24)",0,-0.08
537,43,"(17, 23)",0,-0.08
537,44,"(17, 22)",1,-0.08
537,45,"(18, 22)",1,-0.08
537,46,"(19, 22)",1,-0.08
537,47,"(20, 22)",1,-0.08
537,48,"(21, 22)",0,-0.08
537,49,"(21, 21)",1,-0.08
537,50,"(22, 21)",1,-0.08
537,51,"(23, 21)",0,-0.08
537,52,"(23, 20)",0,-0.08
537,53,"(23, 19)",0,-0.08
537,54,"(23, 18)",0,-0.08
537,55,"(23, 17)",1,-0.08
537,56,"(24, 17)",1,-0.08
537,57,"(25, 17)",1,-0.08
537,58,"(26, 17)",1,-0.08
537,59,"(27, 17)",1,-0.08
537,60,"(28, 17)",1,-0.08
537,61,"(29, 17)",0,-0.08
537,62,"(29, 16)",0,-0.08
537,63,"(29, 15)",1,-0.08
537,64,"(30, 15)",1,-0.08
537,65,"(31, 15)",1,-0.08
537,66,"(32, 15)",0,-0.08
537,67,"(32, 14)",0,-0.08
537,68,"(32, 13)",1,-0.08
537,69,"(33, 13)",1,-0.08
537,70,"(34, 13)",1,-0.08
537,71,"(35, 13)",0,-0.08
537,72,"(35, 12)",1,-0.08
537,73,"(36, 12)",1,-0.08
537,74,"(37, 12)",1,-0.08
537,75,"(38, 12)",1,-0.08
537,76,"(39, 12)",0,-0.08
537,77,"(39, 11)",1,-0.08
537,78,"(40, 11)",1,-0.08
537,79,"(41, 11)",1,-0.08
537,80,"(42, 11)",1,-0.08
537,81,"(43, 11)",1,-0.08
537,82,"(44, 11)",1,-0.08
537,83,"(45, 11)",0,-0.08
537,84,"(45, 10)",0,-0.08
537,85,"(45, 9)",1,-0.08
537,86,"(46, 9)",0,-0.08
537,87,"(46, 8)",0,-0.08
537,88,"(46, 7)",1,-0.08
537,89,"(47, 7)",1,-0.08
537,90,"(48, 7)",1,-0.08
537,91,"(49, 7)",1,-0.08
537,92,"(50, 7)",1,-0.08
537,93,"(51, 7)",1,-0.08
537,94,"(52, 7)",1,-0.08
537,95,"(53, 7)",1,-0.08
537,96,"(54, 7)",1,-0.08
537,97,"(55, 7)",1,-0.08
537,98,"(56, 7)",1,-0.08
537,99,"(57, 7)",1,-0.08
537,100,"(58, 7)",1,-0.08
537,101,"(59, 7)",1,-0.08
537,102,"(60, 7)",1,-0.08
537,103,"(61, 7)",1,-0.08
537,104,"(62, 7)",1,-0.08
537,105,"(63, 7)",1,-0.08
537,106,"(64, 7)",1,-0.08
537,107,"(65, 7)",1,-0.08
537,108,"(66, 7)",1,-0.08
537,109,"(67, 7)",1,-0.08
537,110,"(68, 7)",1,-0.08
537,111,"(69, 7)",0,-0.08
537,112,"(69, 6)",1,-0.08
537,113,"(70, 6)",1,-0.08
537,114,"(71, 6)",1,-0.08
537,115,"(72, 6)",1,-0.08
537,116,"(73, 6)",0,-0.08
537,117,"(73, 5)",1,-0.08
537,118,"(74, 5)",1,-0.08
537,119,"(75, 5)",0,-0.08
537,120,"(75, 4)",0,-0.08
537,121,"(75, 3)",1,-0.08
537,122,"(76, 3)",0,-0.08
537,123,"(76, 2)",0,-0.08
537,124,"(76, 1)",1,-0.08
537,125,"(77, 1)",1,-0.08
537,126,"(78, 1)",0,-0.08
537,127,"(78, 0)",1,8.33
538,0,"(0, 39)",1,-0.08
538,1,"(1, 39)",1,-0.08
538,2,"(2, 39)",1,-0.08
538,3,"(3, 39)",1,-0.08
538,4,"(4, 39)",0,-8.33
538,5,"(4, 39)",1,-0.08
538,6,"(5, 39)",0,-8.33
538,7,"(5, 39)",1,-0.08
538,8,"(6, 39)",1,-0.08
538,9,"(7, 39)",0,-0.08
538,10,"(7, 38)",0,-0.08
538,11,"(7, 37)",0,-0.08
538,12,"(7, 36)",0,-0.08
538,13,"(7, 35)",0,-0.08
538,14,"(7, 34)",0,-0.08
538,15,"(7, 33)",1,-0.08
538,16,"(8, 33)",1,-0.08
538,17,"(9, 33)",1,-0.08
538,18,"(10, 33)",1,-0.08
538,19,"(11, 33)",0,-0.08
538,20,"(11, 32)",1,-0.08
538,21,"(12, 32)",0,-0.08
538,22,"(12, 31)",1,-0.08
538,23,"(13, 31)",1,-0.08
538,24,"(14, 31)",1,-0.08
538,25,"(15, 31)",1,-0.08
538,26,"(16, 31)",0,-0.08
538,27,"(16, 30)",0,-0.08
538,28,"(16, 29)",1,-0.08
538,29,"(17, 29)",1,-0.08
538,30,"(18, 29)",1,-0.08
538,31,"(19, 29)",1,-0.08
538,32,"(20, 29)",1,-0.08
538,33,"(21, 29)",0,-0.08
538,34,"(21, 28)",0,-0.08
538,35,"(21, 27)",0,-0.08
538,36,"(21, 26)",0,-0.08
538,37,"(21, 25)",1,-0.08
538,38,"(22, 25)",0,-0.08
538,39,"(22, 24)",1,-0.08
538,40,"(23, 24)",0,-0.08
538,41,"(23, 23)",1,-0.08
538,42,"(24, 23)",0,-0.08
538,43,"(24, 22)",0,-0.08
538,44,"(24, 21)",1,-0.08
538,45,"(25, 21)",1,-0.08
538,46,"(26, 21)",1,-0.08
538,47,"(27, 21)",1,-0.08
538,48,"(28, 21)",0,-0.08
538,49,"(28, 20)",0,-0.08
538,50,"(28, 19)",1,-0.08
538,51,"(29, 19)",1,-0.08
538,52,"(30, 19)",1,-0.08
538,53,"(31, 19)",1,-0.08
538,54,"(32, 19)",1,-0.08
538,55,"(33, 19)",1,-0.08
538,56,"(34, 19)",0,-0.08
538,57,"(34, 18)",1,-0.08
538,58,"(35, 18)",0,-0.08
538,59,"(35, 17)",0,-0.08
538,60,"(35, 16)",0,-0.08
538,61,"(35, 15)",0,-0.08
538,62,"(35, 14)",0,-0.08
538,63,"(35, 13)",0,-0.08
538,64,"(35, 12)",1,-0.08
538,65,"(36, 12)",1,-0.08
538,66,"(37, 12)",1,-0.08
538,67,"(38, 12)",1,-0.08
538,68,"(39, 12)",0,-0.08
538,69,"(39, 11)",1,-0.08
538,70,"(40, 11)",1,-0.08
538,71,"(41, 11)",1,-0.08
538,72,"(42, 11)",1,-0.08
538,73,"(43, 11)",1,-0.08
538,74,"(44, 11)",1,-0.08
538,75,"(45, 11)",0,-0.08
538,76,"(45, 10)",0,-0.08
538,77,"(45, 9)",1,-0.08
538,78,"(46, 9)",0,-0.08
538,79,"(46, 8)",0,-0.08
538,80,"(46, 7)",1,-0.08
538,81,"(47, 7)",1,-0.08
538,82,"(48, 7)",1,-0.08
538,83,"(49, 7)",1,-0.08
538,84,"(50, 7)",1,-0.08
538,85,"(51, 7)",1,-0.08
538,86,"(52, 7)",1,-0.08
538,87,"(53, 7)",1,-0.08
538,88,"(54, 7)",1,-0.08
538,89,"(55, 7)",1,-0.08
538,90,"(56, 7)",1,-0.08
538,91,"(57, 7)",1,-0.08
538,92,"(58, 7)",1,-0.08
538,93,"(59, 7)",1,-0.08
538,94,"(60, 7)",1,-0.08
538,95,"(61, 7)",1,-0.08
538,96,"(62, 7)",1,-0.08
538,97,"(63, 7)",1,-0.08
538,98,"(64, 7)",1,-0.08
538,99,"(65, 7)",1,-0.08
538,100,"(66, 7)",1,-0.08
538,101,"(67, 7)",1,-0.08
538,102,"(68, 7)",1,-0.08
538,103,"(69, 7)",0,-0.08
538,104,"(69, 6)",1,-0.08
538,105,"(70, 6)",1,-0.08
538,106,"(71, 6)",1,-0.08
538,107,"(72, 6)",1,-0.08
538,108,"(73, 6)",0,-0.08
538,109,"(73, 5)",1,-0.08
538,110,"(74, 5)",0,-0.08
538,111,"(74, 4)",0,-0.08
538,112,"(74, 3)",1,-0.08
538,113,"(75, 3)",1,-0.08
538,114,"(76, 3)",1,-0.08
538,115,"(77, 3)",0,-0.08
538,116,"(77, 2)",0,-0.08
538,117,"(77, 1)",1,-0.08
538,118,"(78, 1)",1,-0.08
538,119,"(79, 1)",0,8.33
539,0,"(0, 39)",0,-0.08
539,1,"(0, 38)",1,-0.08
539,2,"(1, 38)",0,-0.08
539,3,"(1, 37)",0,-8.33
539,4,"(1, 37)",3,-0.08
539,5,"(0, 37)",0,-0.08
539,6,"(0, 36)",0,-0.08
539,7,"(0, 35)",0,-0.08
539,8,"(0, 34)",0,-0.08
539,9,"(0, 33)",1,-0.08
539,10,"(1, 33)",1,-0.08
539,11,"(2, 33)",1,-0.08
539,12,"(3, 33)",1,-0.08
539,13,"(4, 33)",1,-0.08
539,14,"(5, 33)",0,-0.08
539,15,"(5, 32)",0,-0.08
539,16,"(5, 31)",1,-0.08
539,17,"(6, 31)",1,-0.08
539,18,"(7, 31)",1,-0.08
539,19,"(8, 31)",0,-0.08
539,20,"(8, 30)",1,-0.08
539,21,"(9, 30)",1,-0.08
539,22,"(10, 30)",0,-0.08
539,23,"(10, 29)",0,-0.08
539,24,"(10, 28)",0,-0.08
539,25,"(10, 27)",1,-0.08
539,26,"(11, 27)",1,-0.08
539,27,"(12, 27)",0,-0.08
539,28,"(12, 26)",0,-0.08
539,29,"(12, 25)",1,-0.08
539,30,"(13, 25)",1,-0.08
539,31,"(14, 25)",1,-0.08
539,32,"(15, 25)",1,-0.08
539,33,"(16, 25)",1,-0.08
539,34,"(17, 25)",0,-0.08
539,35,"(17, 24)",0,-0.08
539,36,"(17, 23)",0,-0.08
539,37,"(17, 22)",1,-0.08
539,38,"(18, 22)",1,-0.08
539,39,"(19, 22)",1,-0.08
539,40,"(20, 22)",0,-0.08
539,41,"(20, 21)",1,-0.08
539,42,"(21, 21)",0,-0.08
539,43,"(21, 20)",0,-0.08
539,44,"(21, 19)",0,-0.08
539,45,"(21, 18)",1,-8.33
539,46,"(21, 18)",0,-0.08
539,47,"(21, 17)",0,-0.08
539,48,"(21, 16)",0,-0.08
539,49,"(21, 15)",0,-0.08
539,50,"(21, 14)",0,-0.08
539,51,"(21, 13)",0,-0.08
539,52,"(21, 12)",1,-0.08
539,53,"(22, 12)",0,-0.08
539,54,"(22, 11)",0,-0.08
539,55,"(22, 10)",0,-0.08
539,56,"(22, 9)",1,-0.08
539,57,"(23, 9)",1,-0.08
539,58,"(24, 9)",1,-0.08
539,59,"(25, 9)",1,-0.08
539,60,"(26, 9)",1,-0.08
539,61,"(27, 9)",1,-0.08
539,62,"(28, 9)",1,-0.08
539,63,"(29, 9)",1,-0.08
539,64,"(30, 9)",1,-0.08
539,65,"(31, 9)",0,-0.08
539,66,"(31, 8)",1,-0.08
539,67,"(32, 8)",0,-0.08
539,68,"(32, 7)",1,-0.08
539,69,"(33, 7)",1,-0.08
539,70,"(34, 7)",1,-0.08
539,71,"(35, 7)",1,-0.08
539,72,"(36, 7)",1,-0.08
539,73,"(37, 7)",1,-0.08
539,74,"(38, 7)",1,-0.08
539,75,"(39, 7)",1,-0.08
539,76,"(40, 7)",1,-0.08
539,77,"(41, 7)",0,-0.08
539,78,"(41, 6)",1,-0.08
539,79,"(42, 6)",1,-0.08
539,80,"(43, 6)",1,-0.08
539,81,"(44, 6)",1,-0.08
539,82,"(45, 6)",2,-0.08
539,83,"(45, 7)",1,-0.08
539,84,"(46, 7)",1,-0.08
539,85,"(47, 7)",1,-0.08
539,86,"(48, 7)",1,-0.08
539,87,"(49, 7)",1,-0.08
539,88,"(50, 7)",1,-0.08
539,89,"(51, 7)",1,-0.08
539,90,"(52, 7)",1,-0.08
539,91,"(53, 7)",1,-0.08
539,92,"(54, 7)",1,-0.08
539,93,"(55, 7)",1,-0.08
539,94,"(56, 7)",1,-0.08
539,95,"(57, 7)",1,-0.08
539,96,"(58, 7)",1,-0.08
539,97,"(59, 7)",1,-0.08
539,98,"(60, 7)",1,-0.08
539,99,"(61, 7)",1,-0.08
539,100,"(62, 7)",1,-0.08
539,101,"(63, 7)",1,-0.08
539,102,"(64, 7)",1,-0.08
539,103,"(65, 7)",1,-0.08
539,104,"(66, 7)",1,-0.08
539,105,"(67, 7)",1,-0.08
539,106,"(68, 7)",1,-0.08
539,107,"(69, 7)",0,-0.08
539,108,"(69, 6)",1,-0.08
539,109,"(70, 6)",1,-0.08
539,110,"(71, 6)",1,-0.08
539,111,"(72, 6)",0,-0.08
539,112,"(72, 5)",1,-0.08
539,113,"(73, 5)",1,-0.08
539,114,"(74, 5)",1,-0.08
539,115,"(75, 5)",0,-0.08
539,116,"(75, 4)",0,-0.08
539,117,"(75, 3)",1,-0.08
539,118,"(76, 3)",1,-0.08
539,119,"(77, 3)",0,-0.08
539,120,"(77, 2)",0,-0.08
539,121,"(77, 1)",1,-0.08
539,122,"(78, 1)",0,-0.08
539,123,"(78, 0)",1,8.33
540,0,"(0, 39)",0,-0.08
540,1,"(0, 38)",1,-0.08
540,2,"(1, 38)",1,-8.33
540,3,"(1, 38)",0,-0.08
540,4,"(1, 37)",0,-8.33
540,5,"(1, 37)",3,-0.08
540,6,"(0, 37)",0,-0.08
540,7,"(0, 36)",0,-0.08
540,8,"(0, 35)",1,-0.08
540,9,"(1, 35)",0,-0.08
540,10,"(1, 34)",1,-0.08
540,11,"(2, 34)",0,-0.08
540,12,"(2, 33)",0,-0.08
540,13,"(2, 32)",0,-0.08
540,14,"(2, 31)",1,-0.08
540,15,"(3, 31)",0,-8.33
540,16,"(3, 31)",0,-8.33
540,17,"(3, 31)",3,-0.08
540,18,"(2, 31)",3,-0.08
540,19,"(1, 31)",0,-0.08
540,20,"(1, 30)",0,-0.08
540,21,"(1, 29)",1,-0.08
540,22,"(2, 29)",1,-0.08
540,23,"(3, 29)",1,-0.08
540,24,"(4, 29)",1,-0.08
540,25,"(5, 29)",1,-0.08
540,26,"(6, 29)",1,-0.08
540,27,"(7, 29)",1,-0.08
540,28,"(8, 29)",0,-0.08
540,29,"(8, 28)",0,-0.08
540,30,"(8, 27)",1,-0.08
540,31,"(9, 27)",1,-0.08
540,32,"(10, 27)",1,-0.08
540,33,"(11, 27)",1,-0.08
540,34,"(12, 27)",1,-0.08
540,35,"(13, 27)",1,-0.08
540,36,"(14, 27)",1,-0.08
540,37,"(15, 27)",1,-0.08
540,38,"(16, 27)",1,-0.08
540,39,"(17, 27)",1,-0.08
540,40,"(18, 27)",1,-0.08
540,41,"(19, 27)",0,-0.08
540,42,"(19, 26)",0,-0.08
540,43,"(19, 25)",1,-0.08
540,44,"(20, 25)",0,-0.08
540,45,"(20, 24)",0,-0.08
540,46,"(20, 23)",1,-0.08
540,47,"(21, 23)",1,-0.08
540,48,"(22, 23)",1,-0.08
540,49,"(23, 23)",1,-0.08
540,50,"(24, 23)",0,-0.08
540,51,"(24, 22)",0,-0.08
540,52,"(24, 21)",1,-0.08
540,53,"(25, 21)",0,-0.08
540,54,"(25, 20)",0,-0.08
540,55,"(25, 19)",0,-0.08
540,56,"(25, 18)",1,-0.08
540,57,"(26, 18)",1,-0.08
540,58,"(27, 18)",0,-0.08
540,59,"(27, 17)",0,-0.08
540,60,"(27, 16)",0,-0.08
540,61,"(27, 15)",0,-0.08
540,62,"(27, 14)",0,-0.08
540,63,"(27, 13)",1,-0.08
540,64,"(28, 13)",1,-0.08
540,65,"(29, 13)",1,-0.08
540,66,"(30, 13)",1,-0.08
540,67,"(31, 13)",1,-0.08
540,68,"(32, 13)",1,-0.08
540,69,"(33, 13)",1,-0.08
540,70,"(34, 13)",1,-0.08
540,71,"(35, 13)",0,-0.08
540,72,"(35, 12)",1,-0.08
540,73,"(36, 12)",1,-0.08
540,74,"(37, 12)",1,-0.08
540,75,"(38, 12)",1,-0.08
540,76,"(39, 12)",0,-0.08
540,77,"(39, 11)",1,-0.08
540,78,"(40, 11)",1,-0.08
540,79,"(41, 11)",1,-0.08
540,80,"(42, 11)",1,-0.08
540,81,"(43, 11)",1,-0.08
540,82,"(44, 11)",1,-0.08
540,83,"(45, 11)",0,-0.08
540,84,"(45, 10)",1,-0.08
540,85,"(46, 10)",1,-0.08
540,86,"(47, 10)",1,-0.08
540,87,"(48, 10)",1,-0.08
540,88,"(49, 10)",0,-0.08
540,89,"(49, 9)",1,-0.08
540,90,"(50, 9)",0,-0.08
540,91,"(50, 8)",0,-0.08
540,92,"(50, 7)",1,-0.08
540,93,"(51, 7)",1,-0.08
540,94,"(52, 7)",1,-0.08
540,95,"(53, 7)",1,-0.08
540,96,"(54, 7)",1,-0.08
540,97,"(55, 7)",1,-0.08
540,98,"(56, 7)",1,-0.08
540,99,"(57, 7)",1,-0.08
540,100,"(58, 7)",1,-0.08
540,101,"(59, 7)",1,-0.08
540,102,"(60, 7)",1,-0.08
540,103,"(61, 7)",1,-0.08
540,104,"(62, 7)",1,-0.08
540,105,"(63, 7)",1,-0.08
540,106,"(64, 7)",1,-0.08
540,107,"(65, 7)",1,-0.08
540,108,"(66, 7)",1,-0.08
540,109,"(67, 7)",1,-0.08
540,110,"(68, 7)",1,-0.08
540,111,"(69, 7)",1,-0.08
540,112,"(70, 7)",0,-0.08
540,113,"(70, 6)",1,-0.08
540,114,"(71, 6)",0,-0.08
540,115,"(71, 5)",1,-0.08
540,116,"(72, 5)",1,-0.08
540,117,"(73, 5)",1,-0.08
540,118,"(74, 5)",1,-0.08
540,119,"(75, 5)",1,-0.08
540,120,"(76, 5)",1,-0.08
540,121,"(77, 5)",0,-0.08
540,122,"(77, 4)",0,-0.08
540,123,"(77, 3)",0,-0.08
540,124,"(77, 2)",0,-0.08
540,125,"(77, 1)",1,-0.08
540,126,"(78, 1)",0,-0.08
540,127,"(78, 0)",1,8.33
541,0,"(0, 39)",0,-0.08
541,1,"(0, 38)",1,-0.08
541,2,"(1, 38)",0,-0.08
541,3,"(1, 37)",1,-8.33
541,4,"(1, 37)",0,-8.33
541,5,"(1, 37)",3,-0.08
541,6,"(0, 37)",0,-0.08
541,7,"(0, 36)",0,-0.08
541,8,"(0, 35)",0,-0.08
541,9,"(0, 34)",0,-0.08
541,10,"(0, 33)",1,-0.08
541,11,"(1, 33)",1,-0.08
541,12,"(2, 33)",1,-0.08
541,13,"(3, 33)",0,-0.08
541,14,"(3, 32)",0,-0.08
541,15,"(3, 31)",0,-8.33
541,16,"(3, 31)",2,-0.08
541,17,"(3, 32)",2,-0.08
541,18,"(3, 33)",1,-0.08
541,19,"(4, 33)",1,-0.08
541,20,"(5, 33)",1,-0.08
541,21,"(6, 33)",1,-0.08
541,22,"(7, 33)",0,-0.08
541,23,"(7, 32)",1,-0.08
541,24,"(8, 32)",1,-0.08
541,25,"(9, 32)",0,-0.08
541,26,"(9, 31)",0,-0.08
541,27,"(9, 30)",1,-0.08
541,28,"(10, 30)",0,-0.08
541,29,"(10, 29)",0,-0.08
541,30,"(10, 28)",0,-0.08
541,31,"(10, 27)",1,-0.08
541,32,"(11, 27)",1,-0.08
541,33,"(12, 27)",0,-0.08
541,34,"(12, 26)",0,-0.08
541,35,"(12, 25)",0,-0.08
541,36,"(12, 24)",1,-0.08
541,37,"(13, 24)",1,-0.08
541,38,"(14, 24)",0,-0.08
541,39,"(14, 23)",1,-0.08
541,40,"(15, 23)",1,-0.08
541,41,"(16, 23)",1,-0.08
541,42,"(17, 23)",0,-0.08
541,43,"(17, 22)",1,-0.08
541,44,"(18, 22)",1,-0.08
541,45,"(19, 22)",0,-0.08
541,46,"(19, 21)",0,-0.08
541,47,"(19, 20)",0,-0.08
541,48,"(19, 19)",1,-0.08
541,49,"(20, 19)",1,-0.08
541,50,"(21, 19)",1,-0.08
541,51,"(22, 19)",1,-0.08
541,52,"(23, 19)",0,-0.08
541,53,"(23, 18)",0,-0.08
541,54,"(23, 17)",0,-0.08
541,55,"(23, 16)",0,-0.08
541,56,"(23, 15)",1,-0.08
541,57,"(24, 15)",1,-0.08
541,58,"(25, 15)",1,-0.08
541,59,"(26, 15)",1,-0.08
541,60,"(27, 15)",0,-0.08
541,61,"(27, 14)",0,-0.08
541,62,"(27, 13)",1,-0.08
541,63,"(28, 13)",1,-0.08
541,64,"(29, 13)",1,-0.08
541,65,"(30, 13)",1,-0.08
541,66,"(31, 13)",1,-0.08
541,67,"(32, 13)",1,-0.08
541,68,"(33, 13)",1,-0.08
541,69,"(34, 13)",1,-0.08
541,70,"(35, 13)",1,-0.08
541,71,"(36, 13)",0,-0.08
541,72,"(36, 12)",1,-0.08
541,73,"(37, 12)",1,-0.08
541,74,"(38, 12)",1,-0.08
541,75,"(39, 12)",0,-0.08
541,76,"(39, 11)",1,-0.08
541,77,"(40, 11)",1,-0.08
541,78,"(41, 11)",1,-0.08
541,79,"(42, 11)",1,-0.08
541,80,"(43, 11)",1,-0.08
541,81,"(44, 11)",1,-0.08
541,82,"(45, 11)",0,-0.08
541,83,"(45, 10)",1,-0.08
541,84,"(46, 10)",0,-0.08
541,85,"(46, 9)",0,-0.08
541,86,"(46, 8)",0,-0.08
541,87,"(46, 7)",1,-0.08
541,88,"(47, 7)",1,-0.08
541,89,"(48, 7)",1,-0.08
541,90,"(49, 7)",1,-0.08
541,91,"(50, 7)",1,-0.08
541,92,"(51, 7)",1,-0.08
541,93,"(52, 7)",1,-0.08
541,94,"(53, 7)",1,-0.08
541,95,"(54, 7)",1,-0.08
541,96,"(55, 7)",1,-0.08
541,97,"(56, 7)",1,-0.08
541,98,"(57, 7)",1,-0.08
541,99,"(58, 7)",1,-0.08
541,100,"(59, 7)",1,-0.08
541,101,"(60, 7)",1,-0.08
541,102,"(61, 7)",1,-0.08
541,103,"(62, 7)",1,-0.08
541,104,"(63, 7)",1,-0.08
541,105,"(64, 7)",1,-0.08
541,106,"(65, 7)",1,-0.08
541,107,"(66, 7)",1,-0.08
541,108,"(67, 7)",1,-0.08
541,109,"(68, 7)",1,-0.08
541,110,"(69, 7)",1,-0.08
541,111,"(70, 7)",1,-0.08
541,112,"(71, 7)",1,-0.08
541,113,"(72, 7)",1,-0.08
541,114,"(73, 7)",0,-0.08
541,115,"(73, 6)",0,-0.08
541,116,"(73, 5)",1,-0.08
541,117,"(74, 5)",0,-0.08
541,118,"(74, 4)",1,-0.08
541,119,"(75, 4)",0,-0.08
541,120,"(75, 3)",1,-0.08
541,121,"(76, 3)",1,-0.08
541,122,"(77, 3)",0,-0.08
541,123,"(77, 2)",0,-0.08
541,124,"(77, 1)",1,-0.08
541,125,"(78, 1)",1,-0.08
541,126,"(79, 1)",0,8.33
542,0,"(0, 39)",1,-0.08
542,1,"(1, 39)",0,-0.08
542,2,"(1, 38)",1,-8.33
542,3,"(1, 38)",0,-0.08
542,4,"(1, 37)",0,-8.33
542,5,"(1, 37)",3,-0.08
542,6,"(0, 37)",0,-0.08
542,7,"(0, 36)",0,-0.08
542,8,"(0, 35)",1,-0.08
542,9,"(1, 35)",0,-0.08
542,10,"(1, 34)",0,-0.08
542,11,"(1, 33)",1,-0.08
542,12,"(2, 33)",0,-0.08
542,13,"(2, 32)",1,-0.08
542,14,"(3, 32)",0,-0.08
542,15,"(3, 31)",0,-8.33
542,16,"(3, 31)",0,-8.33
542,17,"(3, 31)",3,-0.08
542,18,"(2, 31)",3,-0.08
542,19,"(1, 31)",0,-0.08
542,20,"(1, 30)",0,-0.08
542,21,"(1, 29)",1,-0.08
542,22,"(2, 29)",1,-0.08
542,23,"(3, 29)",0,-0.08
542,24,"(3, 28)",0,-0.08
542,25,"(3, 27)",0,-0.08
542,26,"(3, 26)",0,-0.08
542,27,"(3, 25)",1,-0.08
542,28,"(4, 25)",1,-0.08
542,29,"(5, 25)",1,-0.08
542,30,"(6, 25)",1,-0.08
542,31,"(7, 25)",1,-0.08
542,32,"(8, 25)",1,-0.08
542,33,"(9, 25)",1,-0.08
542,34,"(10, 25)",0,-0.08
542,35,"(10, 24)",1,-0.08
542,36,"(11, 24)",1,-0.08
542,37,"(12, 24)",1,-0.08
542,38,"(13, 24)",0,-0.08
542,39,"(13, 23)",1,-0.08
542,40,"(14, 23)",1,-0.08
542,41,"(15, 23)",1,-0.08
542,42,"(16, 23)",1,-0.08
542,43,"(17, 23)",0,-0.08
542,44,"(17, 22)",1,-0.08
542,45,"(18, 22)",1,-0.08
542,46,"(19, 22)",0,-0.08
542,47,"(19, 21)",0,-0.08
542,48,"(19, 20)",1,-0.08
542,49,"(20, 20)",1,-0.08
542,50,"(21, 20)",1,-0.08
542,51,"(22, 20)",0,-0.08
542,52,"(22, 19)",1,-0.08
542,53,"(23, 19)",0,-0.08
542,54,"(23, 18)",0,-0.08
542,55,"(23, 17)",1,-0.08
542,56,"(24, 17)",1,-0.08
542,57,"(25, 17)",1,-0.08
542,58,"(26, 17)",1,-0.08
542,59,"(27, 17)",1,-0.08
542,60,"(28, 17)",0,-0.08
542,61,"(28, 16)",1,-0.08
542,62,"(29, 16)",0,-0.08
542,63,"(29, 15)",1,-0.08
542,64,"(30, 15)",1,-0.08
542,65,"(31, 15)",0,-0.08
542,66,"(31, 14)",1,-0.08
542,67,"(32, 14)",0,-0.08
542,68,"(32, 13)",1,-0.08
542,69,"(33, 13)",1,-0.08
542,70,"(34, 13)",1,-0.08
542,71,"(35, 13)",0,-0.08
542,72,"(35, 12)",1,-0.08
542,73,"(36, 12)",1,-0.08
542,74,"(37, 12)",1,-0.08
542,75,"(38, 12)",1,-0.08
542,76,"(39, 12)",0,-0.08
542,77,"(39, 11)",1,-0.08
542,78,"(40, 11)",1,-0.08
542,79,"(41, 11)",1,-0.08
542,80,"(42, 11)",1,-0.08
542,81,"(43, 11)",1,-0.08
542,82,"(44, 11)",1,-0.08
542,83,"(45, 11)",0,-0.08
542,84,"(45, 10)",0,-0.08
542,85,"(45, 9)",1,-0.08
542,86,"(46, 9)",0,-0.08
542,87,"(46, 8)",0,-0.08
542,88,"(46, 7)",1,-0.08
542,89,"(47, 7)",1,-0.08
542,90,"(48, 7)",1,-0.08
542,91,"(49, 7)",1,-0.08
542,92,"(50, 7)",1,-0.08
542,93,"(51, 7)",1,-0.08
542,94,"(52, 7)",1,-0.08
542,95,"(53, 7)",1,-0.08
542,96,"(54, 7)",1,-0.08
542,97,"(55, 7)",1,-0.08
542,98,"(56, 7)",1,-0.08
542,99,"(57, 7)",1,-0.08
542,100,"(58, 7)",1,-0.08
542,101,"(59, 7)",1,-0.08
542,102,"(60, 7)",1,-0.08
542,103,"(61, 7)",1,-0.08
542,104,"(62, 7)",1,-0.08
542,105,"(63, 7)",1,-0.08
542,106,"(64, 7)",1,-0.08
542,107,"(65, 7)",1,-0.08
542,108,"(66, 7)",1,-0.08
542,109,"(67, 7)",1,-0.08
542,110,"(68, 7)",1,-0.08
542,111,"(69, 7)",0,-0.08
542,112,"(69, 6)",1,-0.08
542,113,"(70, 6)",1,-0.08
542,114,"(71, 6)",0,-0.08
542,115,"(71, 5)",1,-0.08
542,116,"(72, 5)",1,-0.08
542,117,"(73, 5)",1,-0.08
542,118,"(74, 5)",1,-0.08
542,119,"(75, 5)",0,-0.08
542,120,"(75, 4)",0,-0.08
542,121,"(75, 3)",1,-0.08
542,122,"(76, 3)",0,-0.08
542,123,"(76, 2)",0,-0.08
542,124,"(76, 1)",0,-0.08
542,125,"(76, 0)",1,-0.08
542,126,"(77, 0)",1,-0.08
542,127,"(78, 0)",1,8.33
543,0,"(0, 39)",0,-0.08
543,1,"(0, 38)",1,-0.08
543,2,"(1, 38)",0,-0.08
543,3,"(1, 37)",0,-8.33
543,4,"(1, 37)",3,-0.08
543,5,"(0, 37)",0,-0.08
543,6,"(0, 36)",0,-0.08
543,7,"(0, 35)",0,-0.08
543,8,"(0, 34)",0,-0.08
543,9,"(0, 33)",1,-0.08
543,10,"(1, 33)",1,-0.08
543,11,"(2, 33)",0,-0.08
543,12,"(2, 32)",0,-0.08
543,13,"(2, 31)",1,-0.08
543,14,"(3, 31)",0,-8.33
543,15,"(3, 31)",0,-8.33
543,16,"(3, 31)",3,-0.08
543,17,"(2, 31)",3,-0.08
543,18,"(1, 31)",0,-0.08
543,19,"(1, 30)",0,-0.08
543,20,"(1, 29)",0,-0.08
543,21,"(1, 28)",0,-0.08
543,22,"(1, 27)",0,-0.08
543,23,"(1, 26)",0,-0.08
543,24,"(1, 25)",1,-0.08
543,25,"(2, 25)",1,-0.08
543,26,"(3, 25)",1,-0.08
543,27,"(4, 25)",1,-0.08
543,28,"(5, 25)",1,-0.08
543,29,"(6, 25)",1,-0.08
543,30,"(7, 25)",1,-0.08
543,31,"(8, 25)",1,-0.08
543,32,"(9, 25)",0,-0.08
543,33,"(9, 24)",1,-0.08
543,34,"(10, 24)",1,-0.08
543,35,"(11, 24)",1,-0.08
543,36,"(12, 24)",1,-0.08
543,37,"(13, 24)",1,-0.08
543,38,"(14, 24)",0,-0.08
543,39,"(14, 23)",1,-0.08
543,40,"(15, 23)",1,-0.08
543,41,"(16, 23)",0,-0.08
543,42,"(16, 22)",1,-0.08
543,43,"(17, 22)",1,-0.08
543,44,"(18, 22)",1,-0.08
543,45,"(19, 22)",1,-0.08
543,46,"(20, 22)",0,-0.08
543,47,"(20, 21)",1,-0.08
543,48,"(21, 21)",1,-0.08
543,49,"(22, 21)",0,-0.08
543,50,"(22, 20)",1,-0.08
543,51,"(23, 20)",0,-0.08
543,52,"(23, 19)",0,-0.08
543,53,"(23, 18)",0,-0.08
543,54,"(23, 17)",1,-0.08
543,55,"(24, 17)",1,-0.08
543,56,"(25, 17)",1,-0.08
543,57,"(26, 17)",1,-0.08
543,58,"(27, 17)",1,-0.08
543,59,"(28, 17)",1,-0.08
543,60,"(29, 17)",1,-0.08
543,61,"(30, 17)",1,-0.08
543,62,"(31, 17)",0,-0.08
543,63,"(31, 16)",0,-0.08
543,64,"(31, 15)",1,-0.08
543,65,"(32, 15)",1,-0.08
543,66,"(33, 15)",1,-0.08
543,67,"(34, 15)",0,-0.08
543,68,"(34, 14)",0,-0.08
543,69,"(34, 13)",1,-0.08
543,70,"(35, 13)",1,-0.08
543,71,"(36, 13)",0,-0.08
543,72,"(36, 12)",1,-0.08
543,73,"(37, 12)",1,-0.08
543,74,"(38, 12)",1,-0.08
543,75,"(39, 12)",0,-0.08
543,76,"(39, 11)",1,-0.08
543,77,"(40, 11)",1,-0.08
543,78,"(41, 11)",1,-0.08
543,79,"(42, 11)",1,-0.08
543,80,"(43, 11)",1,-0.08
543,81,"(44, 11)",1,-0.08
543,82,"(45, 11)",0,-0.08
543,83,"(45, 10)",1,-0.08
543,84,"(46, 10)",0,-0.08
543,85,"(46, 9)",0,-0.08
543,86,"(46, 8)",0,-0.08
543,87,"(46, 7)",1,-0.08
543,88,"(47, 7)",1,-0.08
543,89,"(48, 7)",1,-0.08
543,90,"(49, 7)",1,-0.08
543,91,"(50, 7)",1,-0.08
543,92,"(51, 7)",1,-0.08
543,93,"(52, 7)",1,-0.08
543,94,"(53, 7)",1,-0.08
543,95,"(54, 7)",1,-0.08
543,96,"(55, 7)",1,-0.08
543,97,"(56, 7)",1,-0.08
543,98,"(57, 7)",1,-0.08
543,99,"(58, 7)",1,-0.08
543,100,"(59, 7)",1,-0.08
543,101,"(60, 7)",1,-0.08
543,102,"(61, 7)",1,-0.08
543,103,"(62, 7)",1,-0.08
543,104,"(63, 7)",1,-0.08
543,105,"(64, 7)",1,-0.08
543,106,"(65, 7)",1,-0.08
543,107,"(66, 7)",1,-0.08
543,108,"(67, 7)",1,-0.08
543,109,"(68, 7)",1,-0.08
543,110,"(69, 7)",1,-0.08
543,111,"(70, 7)",0,-0.08
543,112,"(70, 6)",1,-0.08
543,113,"(71, 6)",1,-0.08
543,114,"(72, 6)",1,-0.08
543,115,"(73, 6)",0,-0.08
543,116,"(73, 5)",1,-0.08
543,117,"(74, 5)",0,-0.08
543,118,"(74, 4)",0,-0.08
543,119,"(74, 3)",1,-0.08
543,120,"(75, 3)",1,-0.08
543,121,"(76, 3)",0,-0.08
543,122,"(76, 2)",0,-0.08
543,123,"(76, 1)",1,-0.08
543,124,"(77, 1)",1,-0.08
543,125,"(78, 1)",1,-0.08
543,126,"(79, 1)",0,8.33
544,0,"(0, 39)",1,-0.08
544,1,"(1, 39)",0,-0.08
544,2,"(1, 38)",0,-0.08
544,3,"(1, 37)",0,-8.33
544,4,"(1, 37)",3,-0.08
544,5,"(0, 37)",0,-0.08
544,6,"(0, 36)",0,-0.08
544,7,"(0, 35)",1,-0.08
544,8,"(1, 35)",1,-0.08
544,9,"(2, 35)",0,-0.08
544,10,"(2, 34)",0,-0.08
544,11,"(2, 33)",1,-0.08
544,12,"(3, 33)",1,-0.08
544,13,"(4, 33)",1,-0.08
544,14,"(5, 33)",1,-0.08
544,15,"(6, 33)",1,-0.08
544,16,"(7, 33)",0,-0.08
544,17,"(7, 32)",1,-0.08
544,18,"(8, 32)",1,-0.08
544,19,"(9, 32)",0,-0.08
544,20,"(9, 31)",0,-0.08
544,21,"(9, 30)",1,-0.08
544,22,"(10, 30)",0,-0.08
544,23,"(10, 29)",0,-0.08
544,24,"(10, 28)",0,-0.08
544,25,"(10, 27)",1,-0.08
544,26,"(11, 27)",1,-0.08
544,27,"(12, 27)",1,-0.08
544,28,"(13, 27)",0,-0.08
544,29,"(13, 26)",0,-0.08
544,30,"(13, 25)",1,-0.08
544,31,"(14, 25)",0,-0.08
544,32,"(14, 24)",0,-0.08
544,33,"(14, 23)",1,-0.08
544,34,"(15, 23)",1,-0.08
544,35,"(16, 23)",0,-0.08
544,36,"(16, 22)",1,-0.08
544,37,"(17, 22)",1,-0.08
544,38,"(18, 22)",1,-0.08
544,39,"(19, 22)",1,-0.08
544,40,"(20, 22)",0,-0.08
544,41,"(20, 21)",1,-0.08
544,42,"(21, 21)",1,-0.08
544,43,"(22, 21)",1,-0.08
544,44,"(23, 21)",0,-0.08
544,45,"(23, 20)",1,-0.08
544,46,"(24, 20)",1,-0.08
544,47,"(25, 20)",0,-0.08
544,48,"(25, 19)",1,-0.08
544,49,"(26, 19)",1,-0.08
544,50,"(27, 19)",0,-0.08
544,51,"(27, 18)",0,-0.08
544,52,"(27, 17)",0,-0.08
544,53,"(27, 16)",1,-0.08
544,54,"(28, 16)",1,-0.08
544,55,"(29, 16)",0,-0.08
544,56,"(29, 15)",0,-0.08
544,57,"(29, 14)",0,-0.08
544,58,"(29, 13)",1,-0.08
544,59,"(30, 13)",1,-0.08
544,60,"(31, 13)",1,-0.08
544,61,"(32, 13)",1,-0.08
544,62,"(33, 13)",1,-0.08
544,63,"(34, 13)",1,-0.08
544,64,"(35, 13)",0,-0.08
544,65,"(35, 12)",1,-0.08
544,66,"(36, 12)",1,-0.08
544,67,"(37, 12)",1,-0.08
544,68,"(38, 12)",1,-0.08
544,69,"(39, 12)",0,-0.08
544,70,"(39, 11)",1,-0.08
544,71,"(40, 11)",1,-0.08
544,72,"(41, 11)",1,-0.08
544,73,"(42, 11)",1,-0.08
544,74,"(43, 11)",1,-0.08
544,75,"(44, 11)",1,-0.08
544,76,"(45, 11)",0,-0.08
544,77,"(45, 10)",1,-0.08
544,78,"(46, 10)",1,-0.08
544,79,"(47, 10)",1,-0.08
544,80,"(48, 10)",1,-0.08
544,81,"(49, 10)",1,-0.08
544,82,"(50, 10)",0,-0.08
544,83,"(50, 9)",1,-0.08
544,84,"(51, 9)",1,-0.08
544,85,"(52, 9)",1,-0.08
544,86,"(53, 9)",1,-0.08
544,87,"(54, 9)",1,-0.08
544,88,"(55, 9)",1,-0.08
544,89,"(56, 9)",1,-0.08
544,90,"(57, 9)",1,-0.08
544,91,"(58, 9)",0,-0.08
544,92,"(58, 8)",0,-0.08
544,93,"(58, 7)",1,-0.08
544,94,"(59, 7)",1,-0.08
544,95,"(60, 7)",1,-0.08
544,96,"(61, 7)",1,-0.08
544,97,"(62, 7)",1,-0.08
544,98,"(63, 7)",1,-0.08
544,99,"(64, 7)",1,-0.08
544,100,"(65, 7)",1,-0.08
544,101,"(66, 7)",1,-0.08
544,102,"(67, 7)",1,-0.08
544,103,"(68, 7)",1,-0.08
544,104,"(69, 7)",1,-0.08
544,105,"(70, 7)",0,-0.08
544,106,"(70, 6)",1,-0.08
544,107,"(71, 6)",1,-0.08
544,108,"(72, 6)",0,-0.08
544,109,"(72, 5)",1,-0.08
544,110,"(73, 5)",1,-0.08
544,111,"(74, 5)",1,-0.08
544,112,"(75, 5)",0,-0.08
544,113,"(75, 4)",1,-8.33
544,114,"(75, 4)",0,-0.08
544,115,"(75, 3)",1,-0.08
544,116,"(76, 3)",0,-0.08
544,117,"(76, 2)",0,-0.08
544,118,"(76, 1)",1,-0.08
544,119,"(77, 1)",1,-0.08
544,120,"(78, 1)",0,-0.08
544,121,"(78, 0)",1,8.33
545,0,"(0, 39)",0,-0.08
545,1,"(0, 38)",0,-0.08
545,2,"(0, 37)",0,-0.08
545,3,"(0, 36)",1,-8.33
545,4,"(0, 36)",0,-0.08
545,5,"(0, 35)",1,-0.08
545,6,"(1, 35)",0,-0.08
545,7,"(1, 34)",1,-0.08
545,8,"(2, 34)",0,-0.08
545,9,"(2, 33)",1,-0.08
545,10,"(3, 33)",1,-0.08
545,11,"(4, 33)",1,-0.08
545,12,"(5, 33)",1,-0.08
545,13,"(6, 33)",1,-0.08
545,14,"(7, 33)",0,-0.08
545,15,"(7, 32)",1,-0.08
545,16,"(8, 32)",0,-0.08
545,17,"(8, 31)",1,-0.08
545,18,"(9, 31)",0,-0.08
545,19,"(9, 30)",0,-0.08
545,20,"(9, 29)",1,-0.08
545,21,"(10, 29)",0,-0.08
545,22,"(10, 28)",0,-0.08
545,23,"(10, 27)",1,-0.08
545,24,"(11, 27)",1,-0.08
545,25,"(12, 27)",1,-0.08
545,26,"(13, 27)",0,-0.08
545,27,"(13, 26)",0,-0.08
545,28,"(13, 25)",0,-0.08
545,29,"(13, 24)",0,-0.08
545,30,"(13, 23)",1,-0.08
545,31,"(14, 23)",1,-0.08
545,32,"(15, 23)",1,-0.08
545,33,"(16, 23)",1,-0.08
545,34,"(17, 23)",0,-0.08
545,35,"(17, 22)",1,-0.08
545,36,"(18, 22)",1,-0.08
545,37,"(19, 22)",0,-0.08
545,38,"(19, 21)",1,-0.08
545,39,"(20, 21)",1,-0.08
545,40,"(21, 21)",0,-0.08
545,41,"(21, 20)",1,-0.08
545,42,"(22, 20)",0,-0.08
545,43,"(22, 19)",1,-0.08
545,44,"(23, 19)",0,-0.08
545,45,"(23, 18)",0,-0.08
545,46,"(23, 17)",1,-0.08
545,47,"(24, 17)",1,-0.08
545,48,"(25, 17)",1,-0.08
545,49,"(26, 17)",1,-0.08
545,50,"(27, 17)",1,-0.08
545,51,"(28, 17)",1,-0.08
545,52,"(29, 17)",1,-0.08
545,53,"(30, 17)",1,-0.08
545,54,"(31, 17)",0,-0.08
545,55,"(31, 16)",1,-0.08
545,56,"(32, 16)",0,-0.08
545,57,"(32, 15)",1,-0.08
545,58,"(33, 15)",1,-0.08
545,59,"(34, 15)",0,-0.08
545,60,"(34, 14)",0,-0.08
545,61,"(34, 13)",1,-0.08
545,62,"(35, 13)",0,-0.08
545,63,"(35, 12)",1,-0.08
545,64,"(36, 12)",1,-0.08
545,65,"(37, 12)",1,-0.08
545,66,"(38, 12)",1,-0.08
545,67,"(39, 12)",0,-0.08
545,68,"(39, 11)",1,-0.08
545,69,"(40, 11)",1,-0.08
545,70,"(41, 11)",1,-0.08
545,71,"(42, 11)",1,-0.08
545,72,"(43, 11)",1,-0.08
545,73,"(44, 11)",1,-0.08
545,74,"(45, 11)",0,-0.08
545,75,"(45, 10)",0,-0.08
545,76,"(45, 9)",0,-0.08
545,77,"(45, 8)",0,-0.08
545,78,"(45, 7)",1,-0.08
545,79,"(46, 7)",1,-0.08
545,80,"(47, 7)",1,-0.08
545,81,"(48, 7)",1,-0.08
545,82,"(49, 7)",1,-0.08
545,83,"(50, 7)",1,-0.08
545,84,"(51, 7)",1,-0.08
545,85,"(52, 7)",1,-0.08
545,86,"(53, 7)",1,-0.08
545,87,"(54, 7)",1,-0.08
545,88,"(55, 7)",1,-0.08
545,89,"(56, 7)",1,-0.08
545,90,"(57, 7)",1,-0.08
545,91,"(58, 7)",1,-0.08
545,92,"(59, 7)",1,-0.08
545,93,"(60, 7)",1,-0.08
545,94,"(61, 7)",1,-0.08
545,95,"(62, 7)",1,-0.08
545,96,"(63, 7)",1,-0.08
545,97,"(64, 7)",1,-0.08
545,98,"(65, 7)",1,-0.08
545,99,"(66, 7)",1,-0.08
545,100,"(67, 7)",1,-0.08
545,101,"(68, 7)",1,-0.08
545,102,"(69, 7)",1,-0.08
545,103,"(70, 7)",0,-0.08
545,104,"(70, 6)",1,-0.08
545,105,"(71, 6)",0,-0.08
545,106,"(71, 5)",1,-0.08
545,107,"(72, 5)",1,-0.08
545,108,"(73, 5)",1,-0.08
545,109,"(74, 5)",1,-0.08
545,110,"(75, 5)",0,-0.08
545,111,"(75, 4)",0,-0.08
545,112,"(75, 3)",1,-0.08
545,113,"(76, 3)",0,-0.08
545,114,"(76, 2)",1,-0.08
545,115,"(77, 2)",0,-0.08
545,116,"(77, 1)",0,-0.08
545,117,"(77, 0)",1,-0.08
545,118,"(78, 0)",1,8.33
546,0,"(0, 39)",0,-0.08
546,1,"(0, 38)",1,-0.08
546,2,"(1, 38)",0,-0.08
546,3,"(1, 37)",1,-8.33
546,4,"(1, 37)",0,-8.33
546,5,"(1, 37)",3,-0.08
546,6,"(0, 37)",0,-0.08
546,7,"(0, 36)",0,-0.08
546,8,"(0, 35)",1,-0.08
546,9,"(1, 35)",1,-0.08
546,10,"(2, 35)",0,-0.08
546,11,"(2, 34)",0,-0.08
546,12,"(2, 33)",0,-0.08
546,13,"(2, 32)",0,-0.08
546,14,"(2, 31)",1,-0.08
546,15,"(3, 31)",0,-8.33
546,16,"(3, 31)",0,-8.33
546,17,"(3, 31)",3,-0.08
546,18,"(2, 31)",3,-0.08
546,19,"(1, 31)",0,-0.08
546,20,"(1, 30)",0,-0.08
546,21,"(1, 29)",1,-0.08
546,22,"(2, 29)",1,-0.08
546,23,"(3, 29)",0,-0.08
546,24,"(3, 28)",0,-0.08
546,25,"(3, 27)",0,-0.08
546,26,"(3, 26)",0,-0.08
546,27,"(3, 25)",1,-0.08
546,28,"(4, 25)",1,-0.08
546,29,"(5, 25)",1,-0.08
546,30,"(6, 25)",1,-0.08
546,31,"(7, 25)",1,-0.08
546,32,"(8, 25)",1,-0.08
546,33,"(9, 25)",0,-0.08
546,34,"(9, 24)",1,-0.08
546,35,"(10, 24)",1,-0.08
546,36,"(11, 24)",1,-0.08
546,37,"(12, 24)",1,-0.08
546,38,"(13, 24)",1,-0.08
546,39,"(14, 24)",0,-0.08
546,40,"(14, 23)",1,-0.08
546,41,"(15, 23)",1,-0.08
546,42,"(16, 23)",1,-0.08
546,43,"(17, 23)",0,-0.08
546,44,"(17, 22)",1,-0.08
546,45,"(18, 22)",1,-0.08
546,46,"(19, 22)",0,-0.08
546,47,"(19, 21)",0,-0.08
546,48,"(19, 20)",0,-0.08
546,49,"(19, 19)",1,-0.08
546,50,"(20, 19)",1,-0.08
546,51,"(21, 19)",1,-0.08
546,52,"(22, 19)",1,-0.08
546,53,"(23, 19)",0,-0.08
546,54,"(23, 18)",0,-0.08
546,55,"(23, 17)",0,-0.08
546,56,"(23, 16)",0,-0.08
546,57,"(23, 15)",1,-0.08
546,58,"(24, 15)",1,-0.08
546,59,"(25, 15)",1,-0.08
546,60,"(26, 15)",1,-0.08
546,61,"(27, 15)",0,-0.08
546,62,"(27, 14)",0,-0.08
546,63,"(27, 13)",1,-0.08
546,64,"(28, 13)",1,-0.08
546,65,"(29, 13)",1,-0.08
546,66,"(30, 13)",1,-0.08
546,67,"(31, 13)",1,-0.08
546,68,"(32, 13)",1,-0.08
546,69,"(33, 13)",1,-0.08
546,70,"(34, 13)",1,-0.08
546,71,"(35, 13)",1,-0.08
546,72,"(36, 13)",0,-0.08
546,73,"(36, 12)",1,-0.08
546,74,"(37, 12)",1,-0.08
546,75,"(38, 12)",1,-0.08
546,76,"(39, 12)",0,-0.08
546,77,"(39, 11)",1,-0.08
546,78,"(40, 11)",1,-0.08
546,79,"(41, 11)",1,-0.08
546,80,"(42, 11)",1,-0.08
546,81,"(43, 11)",1,-0.08
546,82,"(44, 11)",1,-0.08
546,83,"(45, 11)",0,-0.08
546,84,"(45, 10)",0,-0.08
546,85,"(45, 9)",1,-0.08
546,86,"(46, 9)",0,-0.08
546,87,"(46, 8)",0,-0.08
546,88,"(46, 7)",1,-0.08
546,89,"(47, 7)",1,-0.08
546,90,"(48, 7)",1,-0.08
546,91,"(49, 7)",1,-0.08
546,92,"(50, 7)",1,-0.08
546,93,"(51, 7)",1,-0.08
546,94,"(52, 7)",1,-0.08
546,95,"(53, 7)",1,-0.08
546,96,"(54, 7)",1,-0.08
546,97,"(55, 7)",1,-0.08
546,98,"(56, 7)",1,-0.08
546,99,"(57, 7)",1,-0.08
546,100,"(58, 7)",1,-0.08
546,101,"(59, 7)",1,-0.08
546,102,"(60, 7)",1,-0.08
546,103,"(61, 7)",1,-0.08
546,104,"(62, 7)",1,-0.08
546,105,"(63, 7)",1,-0.08
546,106,"(64, 7)",1,-0.08
546,107,"(65, 7)",1,-0.08
546,108,"(66, 7)",1,-0.08
546,109,"(67, 7)",1,-0.08
546,110,"(68, 7)",1,-0.08
546,111,"(69, 7)",1,-0.08
546,112,"(70, 7)",1,-0.08
546,113,"(71, 7)",0,-0.08
546,114,"(71, 6)",1,-0.08
546,115,"(72, 6)",1,-0.08
546,116,"(73, 6)",1,-0.08
546,117,"(74, 6)",0,-0.08
546,118,"(74, 5)",0,-0.08
546,119,"(74, 4)",0,-0.08
546,120,"(74, 3)",1,-0.08
546,121,"(75, 3)",1,-0.08
546,122,"(76, 3)",0,-0.08
546,123,"(76, 2)",0,-0.08
546,124,"(76, 1)",1,-0.08
546,125,"(77, 1)",0,-0.08
546,126,"(77, 0)",1,-0.08
546,127,"(78, 0)",1,8.33
547,0,"(0, 39)",1,-0.08
547,1,"(1, 39)",0,-0.08
547,2,"(1, 38)",1,-8.33
547,3,"(1, 38)",0,-0.08
547,4,"(1, 37)",0,-8.33
547,5,"(1, 37)",3,-0.08
547,6,"(0, 37)",0,-0.08
547,7,"(0, 36)",0,-0.08
547,8,"(0, 35)",1,-0.08
547,9,"(1, 35)",0,-0.08
547,10,"(1, 34)",0,-0.08
547,11,"(1, 33)",0,-0.08
547,12,"(1, 32)",0,-0.08
547,13,"(1, 31)",1,-0.08
547,14,"(2, 31)",1,-0.08
547,15,"(3, 31)",0,-8.33
547,16,"(3, 31)",3,-0.08
547,17,"(2, 31)",3,-0.08
547,18,"(1, 31)",0,-0.08
547,19,"(1, 30)",0,-0.08
547,20,"(1, 29)",0,-0.08
547,21,"(1, 28)",0,-0.08
547,22,"(1, 27)",0,-0.08
547,23,"(1, 26)",0,-0.08
547,24,"(1, 25)",1,-0.08
547,25,"(2, 25)",1,-0.08
547,26,"(3, 25)",1,-0.08
547,27,"(4, 25)",1,-0.08
547,28,"(5, 25)",1,-0.08
547,29,"(6, 25)",1,-0.08
547,30,"(7, 25)",1,-0.08
547,31,"(8, 25)",1,-0.08
547,32,"(9, 25)",1,-0.08
547,33,"(10, 25)",0,-0.08
547,34,"(10, 24)",1,-0.08
547,35,"(11, 24)",1,-0.08
547,36,"(12, 24)",1,-0.08
547,37,"(13, 24)",0,-0.08
547,38,"(13, 23)",1,-0.08
547,39,"(14, 23)",1,-0.08
547,40,"(15, 23)",1,-0.08
547,41,"(16, 23)",1,-0.08
547,42,"(17, 23)",0,-0.08
547,43,"(17, 22)",1,-0.08
547,44,"(18, 22)",1,-0.08
547,45,"(19, 22)",1,-0.08
547,46,"(20, 22)",0,-0.08
547,47,"(20, 21)",1,-0.08
547,48,"(21, 21)",1,-0.08
547,49,"(22, 21)",0,-0.08
547,50,"(22, 20)",0,-0.08
547,51,"(22, 19)",1,-0.08
547,52,"(23, 19)",0,-0.08
547,53,"(23, 18)",0,-0.08
547,54,"(23, 17)",0,-0.08
547,55,"(23, 16)",0,-0.08
547,56,"(23, 15)",1,-0.08
547,57,"(24, 15)",1,-0.08
547,58,"(25, 15)",1,-0.08
547,59,"(26, 15)",1,-0.08
547,60,"(27, 15)",1,-0.08
547,61,"(28, 15)",1,-0.08
547,62,"(29, 15)",0,-0.08
547,63,"(29, 14)",0,-0.08
547,64,"(29, 13)",1,-0.08
547,65,"(30, 13)",1,-0.08
547,66,"(31, 13)",1,-0.08
547,67,"(32, 13)",1,-0.08
547,68,"(33, 13)",1,-0.08
547,69,"(34, 13)",1,-0.08
547,70,"(35, 13)",0,-0.08
547,71,"(35, 12)",1,-0.08
547,72,"(36, 12)",1,-0.08
547,73,"(37, 12)",1,-0.08
547,74,"(38, 12)",1,-0.08
547,75,"(39, 12)",0,-0.08
547,76,"(39, 11)",1,-0.08
547,77,"(40, 11)",1,-0.08
547,78,"(41, 11)",1,-0.08
547,79,"(42, 11)",1,-0.08
547,80,"(43, 11)",1,-0.08
547,81,"(44, 11)",1,-0.08
547,82,"(45, 11)",0,-0.08
547,83,"(45, 10)",0,-0.08
547,84,"(45, 9)",0,-0.08
547,85,"(45, 8)",1,-0.08
547,86,"(46, 8)",0,-0.08
547,87,"(46, 7)",1,-0.08
547,88,"(47, 7)",1,-0.08
547,89,"(48, 7)",1,-0.08
547,90,"(49, 7)",1,-0.08
547,91,"(50, 7)",1,-0.08
547,92,"(51, 7)",1,-0.08
547,93,"(52, 7)",1,-0.08
547,94,"(53, 7)",1,-0.08
547,95,"(54, 7)",1,-0.08
547,96,"(55, 7)",1,-0.08
547,97,"(56, 7)",1,-0.08
547,98,"(57, 7)",1,-0.08
547,99,"(58, 7)",1,-0.08
547,100,"(59, 7)",1,-0.08
547,101,"(60, 7)",1,-0.08
547,102,"(61, 7)",1,-0.08
547,103,"(62, 7)",1,-0.08
547,104,"(63, 7)",1,-0.08
547,105,"(64, 7)",1,-0.08
547,106,"(65, 7)",1,-0.08
547,107,"(66, 7)",1,-0.08
547,108,"(67, 7)",1,-0.08
547,109,"(68, 7)",1,-0.08
547,110,"(69, 7)",0,-0.08
547,111,"(69, 6)",1,-0.08
547,112,"(70, 6)",1,-0.08
547,113,"(71, 6)",1,-0.08
547,114,"(72, 6)",0,-0.08
547,115,"(72, 5)",1,-0.08
547,116,"(73, 5)",1,-0.08
547,117,"(74, 5)",0,-0.08
547,118,"(74, 4)",1,-0.08
547,119,"(75, 4)",0,-0.08
547,120,"(75, 3)",1,-0.08
547,121,"(76, 3)",0,-0.08
547,122,"(76, 2)",0,-0.08
547,123,"(76, 1)",0,-0.08
547,124,"(76, 0)",1,-0.08
547,125,"(77, 0)",1,-0.08
547,126,"(78, 0)",1,8.33
548,0,"(0, 39)",0,-0.08
548,1,"(0, 38)",0,-0.08
548,2,"(0, 37)",1,-0.08
548,3,"(1, 37)",0,-8.33
548,4,"(1, 37)",3,-0.08
548,5,"(0, 37)",0,-0.08
548,6,"(0, 36)",0,-0.08
548,7,"(0, 35)",1,-0.08
548,8,"(1, 35)",1,-0.08
548,9,"(2, 35)",0,-0.08
548,10,"(2, 34)",0,-0.08
548,11,"(2, 33)",1,-0.08
548,12,"(3, 33)",1,-0.08
548,13,"(4, 33)",1,-0.08
548,14,"(5, 33)",0,-0.08
548,15,"(5, 32)",0,-0.08
548,16,"(5, 31)",0,-0.08
548,17,"(5, 30)",0,-0.08
548,18,"(5, 29)",0,-8.33
548,19,"(5, 29)",1,-0.08
548,20,"(6, 29)",1,-0.08
548,21,"(7, 29)",1,-0.08
548,22,"(8, 29)",1,-0.08
548,23,"(9, 29)",1,-0.08
548,24,"(10, 29)",0,-0.08
548,25,"(10, 28)",0,-0.08
548,26,"(10, 27)",1,-0.08
548,27,"(11, 27)",1,-0.08
548,28,"(12, 27)",1,-0.08
548,29,"(13, 27)",0,-0.08
548,30,"(13, 26)",0,-0.08
548,31,"(13, 25)",0,-0.08
548,32,"(13, 24)",1,-0.08
548,33,"(14, 24)",0,-0.08
548,34,"(14, 23)",1,-0.08
548,35,"(15, 23)",1,-0.08
548,36,"(16, 23)",0,-0.08
548,37,"(16, 22)",1,-0.08
548,38,"(17, 22)",1,-0.08
548,39,"(18, 22)",1,-0.08
548,40,"(19, 22)",1,-0.08
548,41,"(20, 22)",1,-0.08
548,42,"(21, 22)",0,-0.08
548,43,"(21, 21)",0,-0.08
548,44,"(21, 20)",0,-0.08
548,45,"(21, 19)",1,-0.08
548,46,"(22, 19)",1,-0.08
548,47,"(23, 19)",0,-0.08
548,48,"(23, 18)",0,-0.08
548,49,"(23, 17)",0,-0.08
548,50,"(23, 16)",0,-0.08
548,51,"(23, 15)",1,-0.08
548,52,"(24, 15)",1,-0.08
548,53,"(25, 15)",1,-0.08
548,54,"(26, 15)",1,-0.08
548,55,"(27, 15)",1,-0.08
548,56,"(28, 15)",1,-0.08
548,57,"(29, 15)",1,-0.08
548,58,"(30, 15)",1,-0.08
548,59,"(31, 15)",0,-0.08
548,60,"(31, 14)",1,-0.08
548,61,"(32, 14)",0,-0.08
548,62,"(32, 13)",1,-0.08
548,63,"(33, 13)",1,-0.08
548,64,"(34, 13)",1,-0.08
548,65,"(35, 13)",0,-0.08
548,66,"(35, 12)",1,-0.08
548,67,"(36, 12)",1,-0.08
548,68,"(37, 12)",1,-0.08
548,69,"(38, 12)",1,-0.08
548,70,"(39, 12)",0,-0.08
548,71,"(39, 11)",1,-0.08
548,72,"(40, 11)",1,-0.08
548,73,"(41, 11)",1,-0.08
548,74,"(42, 11)",1,-0.08
548,75,"(43, 11)",1,-0.08
548,76,"(44, 11)",1,-0.08
548,77,"(45, 11)",0,-0.08
548,78,"(45, 10)",1,-0.08
548,79,"(46, 10)",0,-0.08
548,80,"(46, 9)",0,-0.08
548,81,"(46, 8)",0,-0.08
548,82,"(46, 7)",1,-0.08
548,83,"(47, 7)",1,-0.08
548,84,"(48, 7)",1,-0.08
548,85,"(49, 7)",1,-0.08
548,86,"(50, 7)",1,-0.08
548,87,"(51, 7)",1,-0.08
548,88,"(52, 7)",1,-0.08
548,89,"(53, 7)",1,-0.08
548,90,"(54, 7)",1,-0.08
548,91,"(55, 7)",1,-0.08
548,92,"(56, 7)",1,-0.08
548,93,"(57, 7)",1,-0.08
548,94,"(58, 7)",1,-0.08
548,95,"(59, 7)",1,-0.08
548,96,"(60, 7)",1,-0.08
548,97,"(61, 7)",1,-0.08
548,98,"(62, 7)",1,-0.08
548,99,"(63, 7)",1,-0.08
548,100,"(64, 7)",1,-0.08
548,101,"(65, 7)",1,-0.08
548,102,"(66, 7)",1,-0.08
548,103,"(67, 7)",1,-0.08
548,104,"(68, 7)",1,-0.08
548,105,"(69, 7)",1,-0.08
548,106,"(70, 7)",1,-0.08
548,107,"(71, 7)",0,-0.08
548,108,"(71, 6)",0,-0.08
548,109,"(71, 5)",1,-0.08
548,110,"(72, 5)",1,-0.08
548,111,"(73, 5)",1,-0.08
548,112,"(74, 5)",1,-0.08
548,113,"(75, 5)",1,-0.08
548,114,"(76, 5)",1,-0.08
548,115,"(77, 5)",0,-0.08
548,116,"(77, 4)",0,-0.08
548,117,"(77, 3)",0,-0.08
548,118,"(77, 2)",0,-0.08
548,119,"(77, 1)",0,-0.08
548,120,"(77, 0)",1,-0.08
548,121,"(78, 0)",1,8.33
549,0,"(0, 39)",1,-0.08
549,1,"(1, 39)",0,-0.08
549,2,"(1, 38)",0,-0.08
549,3,"(1, 37)",0,-8.33
549,4,"(1, 37)",3,-0.08
549,5,"(0, 37)",0,-0.08
549,6,"(0, 36)",0,-0.08
549,7,"(0, 35)",0,-0.08
549,8,"(0, 34)",0,-0.08
549,9,"(0, 33)",1,-0.08
549,10,"(1, 33)",1,-0.08
549,11,"(2, 33)",1,-0.08
549,12,"(3, 33)",1,-0.08
549,13,"(4, 33)",1,-0.08
549,14,"(5, 33)",0,-0.08
549,15,"(5, 32)",0,-0.08
549,16,"(5, 31)",0,-0.08
549,17,"(5, 30)",0,-0.08
549,18,"(5, 29)",1,-0.08
549,19,"(6, 29)",1,-0.08
549,20,"(7, 29)",0,-0.08
549,21,"(7, 28)",1,-0.08
549,22,"(8, 28)",0,-0.08
549,23,"(8, 27)",1,-0.08
549,24,"(9, 27)",1,-0.08
549,25,"(10, 27)",0,-8.33
549,26,"(10, 27)",1,-0.08
549,27,"(11, 27)",1,-0.08
549,28,"(12, 27)",1,-0.08
549,29,"(13, 27)",0,-0.08
549,30,"(13, 26)",0,-0.08
549,31,"(13, 25)",1,-0.08
549,32,"(14, 25)",1,-0.08
549,33,"(15, 25)",1,-0.08
549,34,"(16, 25)",1,-0.08
549,35,"(17, 25)",0,-0.08
549,36,"(17, 24)",0,-0.08
549,37,"(17, 23)",1,-0.08
549,38,"(18, 23)",0,-0.08
549,39,"(18, 22)",1,-0.08
549,40,"(19, 22)",0,-0.08
549,41,"(19, 21)",0,-0.08
549,42,"(19, 20)",1,-0.08
549,43,"(20, 20)",0,-0.08
549,44,"(20, 19)",1,-0.08
549,45,"(21, 19)",1,-0.08
549,46,"(22, 19)",1,-0.08
549,47,"(23, 19)",0,-0.08
549,48,"(23, 18)",0,-0.08
549,49,"(23, 17)",0,-0.08
549,50,"(23, 16)",0,-0.08
549,51,"(23, 15)",1,-0.08
549,52,"(24, 15)",1,-0.08
549,53,"(25, 15)",1,-0.08
549,54,"(26, 15)",1,-0.08
549,55,"(27, 15)",1,-0.08
549,56,"(28, 15)",1,-0.08
549,57,"(29, 15)",1,-0.08
549,58,"(30, 15)",1,-0.08
549,59,"(31, 15)",1,-0.08
549,60,"(32, 15)",1,-0.08
549,61,"(33, 15)",1,-0.08
549,62,"(34, 15)",1,-0.08
549,63,"(35, 15)",0,-0.08
549,64,"(35, 14)",0,-0.08
549,65,"(35, 13)",0,-0.08
549,66,"(35, 12)",1,-0.08
549,67,"(36, 12)",1,-0.08
549,68,"(37, 12)",1,-0.08
549,69,"(38, 12)",1,-0.08
549,70,"(39, 12)",0,-0.08
549,71,"(39, 11)",1,-0.08
549,72,"(40, 11)",1,-0.08
549,73,"(41, 11)",1,-0.08
549,74,"(42, 11)",1,-0.08
549,75,"(43, 11)",1,-0.08
549,76,"(44, 11)",1,-0.08
549,77,"(45, 11)",0,-0.08
549,78,"(45, 10)",1,-0.08
549,79,"(46, 10)",1,-0.08
549,80,"(47, 10)",1,-0.08
549,81,"(48, 10)",1,-0.08
549,82,"(49, 10)",1,-0.08
549,83,"(50, 10)",0,-0.08
549,84,"(50, 9)",0,-0.08
549,85,"(50, 8)",0,-0.08
549,86,"(50, 7)",1,-0.08
549,87,"(51, 7)",1,-0.08
549,88,"(52, 7)",1,-0.08
549,89,"(53, 7)",1,-0.08
549,90,"(54, 7)",1,-0.08
549,91,"(55, 7)",1,-0.08
549,92,"(56, 7)",1,-0.08
549,93,"(57, 7)",1,-0.08
549,94,"(58, 7)",1,-0.08
549,95,"(59, 7)",1,-0.08
549,96,"(60, 7)",1,-0.08
549,97,"(61, 7)",1,-0.08
549,98,"(62, 7)",1,-0.08
549,99,"(63, 7)",1,-0.08
549,100,"(64, 7)",1,-0.08
549,101,"(65, 7)",1,-0.08
549,102,"(66, 7)",1,-0.08
549,103,"(67, 7)",1,-0.08
549,104,"(68, 7)",1,-0.08
549,105,"(69, 7)",0,-0.08
549,106,"(69, 6)",1,-0.08
549,107,"(70, 6)",1,-0.08
549,108,"(71, 6)",1,-0.08
549,109,"(72, 6)",0,-0.08
549,110,"(72, 5)",1,-0.08
549,111,"(73, 5)",1,-0.08
549,112,"(74, 5)",1,-0.08
549,113,"(75, 5)",1,-0.08
549,114,"(76, 5)",1,-0.08
549,115,"(77, 5)",0,-0.08
549,116,"(77, 4)",0,-0.08
549,117,"(77, 3)",0,-0.08
549,118,"(77, 2)",0,-0.08
549,119,"(77, 1)",0,-0.08
549,120,"(77, 0)",1,-0.08
549,121,"(78, 0)",1,8.33
550,0,"(0, 39)",0,-0.08
550,1,"(0, 38)",1,-0.08
550,2,"(1, 38)",1,-8.33
550,3,"(1, 38)",0,-0.08
550,4,"(1, 37)",0,-8.33
550,5,"(1, 37)",3,-0.08
550,6,"(0, 37)",0,-0.08
550,7,"(0, 36)",0,-0.08
550,8,"(0, 35)",0,-0.08
550,9,"(0, 34)",0,-0.08
550,10,"(0, 33)",1,-0.08
550,11,"(1, 33)",0,-0.08
550,12,"(1, 32)",1,-0.08
550,13,"(2, 32)",0,-0.08
550,14,"(2, 31)",1,-0.08
550,15,"(3, 31)",0,-8.33
550,16,"(3, 31)",0,-8.33
550,17,"(3, 31)",3,-0.08
550,18,"(2, 31)",3,-0.08
550,19,"(1, 31)",0,-0.08
550,20,"(1, 30)",0,-0.08
550,21,"(1, 29)",1,-0.08
550,22,"(2, 29)",1,-0.08
550,23,"(3, 29)",1,-0.08
550,24,"(4, 29)",1,-0.08
550,25,"(5, 29)",1,-0.08
550,26,"(6, 29)",1,-0.08
550,27,"(7, 29)",0,-0.08
550,28,"(7, 28)",1,-0.08
550,29,"(8, 28)",0,-0.08
550,30,"(8, 27)",1,-0.08
550,31,"(9, 27)",1,-0.08
550,32,"(10, 27)",1,-0.08
550,33,"(11, 27)",1,-0.08
550,34,"(12, 27)",0,-0.08
550,35,"(12, 26)",1,-0.08
550,36,"(13, 26)",0,-0.08
550,37,"(13, 25)",1,-0.08
550,38,"(14, 25)",0,-0.08
550,39,"(14, 24)",0,-0.08
550,40,"(14, 23)",1,-0.08
550,41,"(15, 23)",1,-0.08
550,42,"(16, 23)",1,-0.08
550,43,"(17, 23)",1,-0.08
550,44,"(18, 23)",1,-0.08
550,45,"(19, 23)",0,-0.08
550,46,"(19, 22)",1,-0.08
550,47,"(20, 22)",1,-0.08
550,48,"(21, 22)",0,-0.08
550,49,"(21, 21)",1,-0.08
550,50,"(22, 21)",1,-0.08
550,51,"(23, 21)",0,-0.08
550,52,"(23, 20)",1,-0.08
550,53,"(24, 20)",1,-0.08
550,54,"(25, 20)",0,-0.08
550,55,"(25, 19)",0,-0.08
550,56,"(25, 18)",1,-0.08
550,57,"(26, 18)",0,-0.08
550,58,"(26, 17)",1,-0.08
550,59,"(27, 17)",0,-0.08
550,60,"(27, 16)",0,-0.08
550,61,"(27, 15)",0,-0.08
550,62,"(27, 14)",0,-0.08
550,63,"(27, 13)",1,-0.08
550,64,"(28, 13)",1,-0.08
550,65,"(29, 13)",1,-0.08
550,66,"(30, 13)",1,-0.08
550,67,"(31, 13)",1,-0.08
550,68,"(32, 13)",1,-0.08
550,69,"(33, 13)",1,-0.08
550,70,"(34, 13)",1,-0.08
550,71,"(35, 13)",1,-0.08
550,72,"(36, 13)",1,-0.08
550,73,"(37, 13)",0,-0.08
550,74,"(37, 12)",1,-0.08
550,75,"(38, 12)",1,-0.08
550,76,"(39, 12)",0,-0.08
550,77,"(39, 11)",1,-0.08
550,78,"(40, 11)",1,-0.08
550,79,"(41, 11)",1,-0.08
550,80,"(42, 11)",1,-0.08
550,81,"(43, 11)",1,-0.08
550,82,"(44, 11)",1,-0.08
550,83,"(45, 11)",0,-0.08
550,84,"(45, 10)",1,-0.08
550,85,"(46, 10)",1,-0.08
550,86,"(47, 10)",1,-0.08
550,87,"(48, 10)",1,-0.08
550,88,"(49, 10)",0,-0.08
550,89,"(49, 9)",1,-0.08
550,90,"(50, 9)",1,-0.08
550,91,"(51, 9)",1,-0.08
550,92,"(52, 9)",1,-0.08
550,93,"(53, 9)",1,-0.08
550,94,"(54, 9)",1,-0.08
550,95,"(55, 9)",1,-0.08
550,96,"(56, 9)",1,-0.08
550,97,"(57, 9)",1,-0.08
550,98,"(58, 9)",0,-0.08
550,99,"(58, 8)",0,-0.08
550,100,"(58, 7)",1,-0.08
550,101,"(59, 7)",1,-0.08
550,102,"(60, 7)",1,-0.08
550,103,"(61, 7)",1,-0.08
550,104,"(62, 7)",1,-0.08
550,105,"(63, 7)",1,-0.08
550,106,"(64, 7)",1,-0.08
550,107,"(65, 7)",1,-0.08
550,108,"(66, 7)",1,-0.08
550,109,"(67, 7)",1,-0.08
550,110,"(68, 7)",1,-0.08
550,111,"(69, 7)",0,-0.08
550,112,"(69, 6)",1,-0.08
550,113,"(70, 6)",1,-0.08
550,114,"(71, 6)",1,-0.08
550,115,"(72, 6)",1,-0.08
550,116,"(73, 6)",1,-0.08
550,117,"(74, 6)",0,-0.08
550,118,"(74, 5)",0,-0.08
550,119,"(74, 4)",0,-0.08
550,120,"(74, 3)",1,-0.08
550,121,"(75, 3)",1,-0.08
550,122,"(76, 3)",0,-0.08
550,123,"(76, 2)",0,-0.08
550,124,"(76, 1)",1,-0.08
550,125,"(77, 1)",1,-0.08
550,126,"(78, 1)",1,-0.08
550,127,"(79, 1)",0,8.33
551,0,"(0, 39)",0,-0.08
551,1,"(0, 38)",1,-0.08
551,2,"(1, 38)",0,-0.08
551,3,"(1, 37)",1,-8.33
551,4,"(1, 37)",0,-8.33
551,5,"(1, 37)",3,-0.08
551,6,"(0, 37)",0,-0.08
551,7,"(0, 36)",0,-0.08
551,8,"(0, 35)",1,-0.08
551,9,"(1, 35)",1,-0.08
551,10,"(2, 35)",0,-0.08
551,11,"(2, 34)",0,-0.08
551,12,"(2, 33)",1,-0.08
551,13,"(3, 33)",0,-0.08
551,14,"(3, 32)",0,-0.08
551,15,"(3, 31)",0,-8.33
551,16,"(3, 31)",3,-0.08
551,17,"(2, 31)",3,-0.08
551,18,"(1, 31)",0,-0.08
551,19,"(1, 30)",0,-0.08
551,20,"(1, 29)",1,-0.08
551,21,"(2, 29)",1,-0.08
551,22,"(3, 29)",0,-0.08
551,23,"(3, 28)",0,-0.08
551,24,"(3, 27)",0,-0.08
551,25,"(3, 26)",0,-0.08
551,26,"(3, 25)",1,-0.08
551,27,"(4, 25)",1,-0.08
551,28,"(5, 25)",1,-0.08
551,29,"(6, 25)",1,-0.08
551,30,"(7, 25)",1,-0.08
551,31,"(8, 25)",1,-0.08
551,32,"(9, 25)",0,-0.08
551,33,"(9, 24)",1,-0.08
551,34,"(10, 24)",1,-0.08
551,35,"(11, 24)",1,-0.08
551,36,"(12, 24)",1,-0.08
551,37,"(13, 24)",0,-0.08
551,38,"(13, 23)",1,-0.08
551,39,"(14, 23)",1,-0.08
551,40,"(15, 23)",1,-0.08
551,41,"(16, 23)",1,-0.08
551,42,"(17, 23)",1,-0.08
551,43,"(18, 23)",1,-0.08
551,44,"(19, 23)",1,-0.08
551,45,"(20, 23)",1,-0.08
551,46,"(21, 23)",0,-0.08
551,47,"(21, 22)",0,-0.08
551,48,"(21, 21)",0,-0.08
551,49,"(21, 20)",1,-0.08
551,50,"(22, 20)",1,-0.08
551,51,"(23, 20)",0,-0.08
551,52,"(23, 19)",0,-0.08
551,53,"(23, 18)",0,-0.08
551,54,"(23, 17)",1,-0.08
551,55,"(24, 17)",1,-0.08
551,56,"(25, 17)",1,-0.08
551,57,"(26, 17)",1,-0.08
551,58,"(27, 17)",1,-0.08
551,59,"(28, 17)",1,-0.08
551,60,"(29, 17)",0,-0.08
551,61,"(29, 16)",0,-0.08
551,62,"(29, 15)",1,-0.08
551,63,"(30, 15)",1,-0.08
551,64,"(31, 15)",1,-0.08
551,65,"(32, 15)",1,-0.08
551,66,"(33, 15)",1,-0.08
551,67,"(34, 15)",1,-0.08
551,68,"(35, 15)",0,-0.08
551,69,"(35, 14)",0,-0.08
551,70,"(35, 13)",1,-0.08
551,71,"(36, 13)",0,-0.08
551,72,"(36, 12)",1,-0.08
551,73,"(37, 12)",1,-0.08
551,74,"(38, 12)",1,-0.08
551,75,"(39, 12)",0,-0.08
551,76,"(39, 11)",1,-0.08
551,77,"(40, 11)",1,-0.08
551,78,"(41, 11)",1,-0.08
551,79,"(42, 11)",1,-0.08
551,80,"(43, 11)",1,-0.08
551,81,"(44, 11)",1,-0.08
551,82,"(45, 11)",0,-0.08
551,83,"(45, 10)",1,-0.08
551,84,"(46, 10)",0,-0.08
551,85,"(46, 9)",0,-0.08
551,86,"(46, 8)",0,-0.08
551,87,"(46, 7)",1,-0.08
551,88,"(47, 7)",1,-0.08
551,89,"(48, 7)",1,-0.08
551,90,"(49, 7)",1,-0.08
551,91,"(50, 7)",1,-0.08
551,92,"(51, 7)",1,-0.08
551,93,"(52, 7)",1,-0.08
551,94,"(53, 7)",1,-0.08
551,95,"(54, 7)",1,-0.08
551,96,"(55, 7)",1,-0.08
551,97,"(56, 7)",1,-0.08
551,98,"(57, 7)",1,-0.08
551,99,"(58, 7)",1,-0.08
551,100,"(59, 7)",1,-0.08
551,101,"(60, 7)",1,-0.08
551,102,"(61, 7)",1,-0.08
551,103,"(62, 7)",1,-0.08
551,104,"(63, 7)",1,-0.08
551,105,"(64, 7)",1,-0.08
551,106,"(65, 7)",1,-0.08
551,107,"(66, 7)",1,-0.08
551,108,"(67, 7)",1,-0.08
551,109,"(68, 7)",1,-0.08
551,110,"(69, 7)",0,-0.08
551,111,"(69, 6)",1,-0.08
551,112,"(70, 6)",1,-0.08
551,113,"(71, 6)",1,-0.08
551,114,"(72, 6)",0,-0.08
551,115,"(72, 5)",1,-0.08
551,116,"(73, 5)",1,-0.08
551,117,"(74, 5)",0,-0.08
551,118,"(74, 4)",1,-0.08
551,119,"(75, 4)",0,-0.08
551,120,"(75, 3)",1,-0.08
551,121,"(76, 3)",1,-0.08
551,122,"(77, 3)",0,-0.08
551,123,"(77, 2)",0,-0.08
551,124,"(77, 1)",0,-0.08
551,125,"(77, 0)",1,-0.08
551,126,"(78, 0)",1,8.33
552,0,"(0, 39)",1,-0.08
552,1,"(1, 39)",1,-0.08
552,2,"(2, 39)",1,-0.08
552,3,"(3, 39)",1,-0.08
552,4,"(4, 39)",0,-8.33
552,5,"(4, 39)",1,-0.08
552,6,"(5, 39)",1,-0.08
552,7,"(6, 39)",0,-8.33
552,8,"(6, 39)",1,-0.08
552,9,"(7, 39)",0,-0.08
552,10,"(7, 38)",0,-0.08
552,11,"(7, 37)",0,-0.08
552,12,"(7, 36)",1,-0.08
552,13,"(8, 36)",0,-0.08
552,14,"(8, 35)",1,-0.08
552,15,"(9, 35)",0,-8.33
552,16,"(9, 35)",2,-0.08
552,17,"(9, 36)",2,-0.08
552,18,"(9, 37)",1,-0.08
552,19,"(10, 37)",1,-0.08
552,20,"(11, 37)",1,-0.08
552,21,"(12, 37)",1,-0.08
552,22,"(13, 37)",1,-0.08
552,23,"(14, 37)",1,-0.08
552,24,"(15, 37)",1,-0.08
552,25,"(16, 37)",1,-0.08
552,26,"(17, 37)",0,-0.08
552,27,"(17, 36)",0,-0.08
552,28,"(17, 35)",1,-0.08
552,29,"(18, 35)",1,-0.08
552,30,"(19, 35)",1,-0.08
552,31,"(20, 35)",0,-0.08
552,32,"(20, 34)",0,-8.33
552,33,"(20, 34)",1,-0.08
552,34,"(21, 34)",0,-0.08
552,35,"(21, 33)",1,-0.08
552,36,"(22, 33)",1,-0.08
552,37,"(23, 33)",1,-0.08
552,38,"(24, 33)",1,-0.08
552,39,"(25, 33)",1,-0.08
552,40,"(26, 33)",0,-0.08
552,41,"(26, 32)",0,-0.08
552,42,"(26, 31)",0,-0.08
552,43,"(26, 30)",1,-0.08
552,44,"(27, 30)",1,-0.08
552,45,"(28, 30)",0,-0.08
552,46,"(28, 29)",1,-0.08
552,47,"(29, 29)",1,-0.08
552,48,"(30, 29)",1,-0.08
552,49,"(31, 29)",1,-0.08
552,50,"(32, 29)",0,-0.08
552,51,"(32, 28)",1,-0.08
552,52,"(33, 28)",0,-0.08
552,53,"(33, 27)",1,-0.08
552,54,"(34, 27)",1,-0.08
552,55,"(35, 27)",0,-0.08
552,56,"(35, 26)",0,-0.08
552,57,"(35, 25)",1,-0.08
552,58,"(36, 25)",1,-0.08
552,59,"(37, 25)",0,-0.08
552,60,"(37, 24)",0,-0.08
552,61,"(37, 23)",0,-0.08
552,62,"(37, 22)",0,-0.08
552,63,"(37, 21)",1,-0.08
552,64,"(38, 21)",1,-0.08
552,65,"(39, 21)",1,-0.08
552,66,"(40, 21)",0,-0.08
552,67,"(40, 20)",1,-0.08
552,68,"(41, 20)",0,-0.08
552,69,"(41, 19)",1,-0.08
552,70,"(42, 19)",1,-0.08
552,71,"(43, 19)",1,-0.08
552,72,"(44, 19)",1,-0.08
552,73,"(45, 19)",0,-0.08
552,74,"(45, 18)",0,-0.08
552,75,"(45, 17)",1,-0.08
552,76,"(46, 17)",1,-0.08
552,77,"(47, 17)",1,-0.08
552,78,"(48, 17)",1,-0.08
552,79,"(49, 17)",0,-0.08
552,80,"(49, 16)",0,-0.08
552,81,"(49, 15)",1,-0.08
552,82,"(50, 15)",0,-0.08
552,83,"(50, 14)",0,-0.08
552,84,"(50, 13)",1,-0.08
552,85,"(51, 13)",1,-0.08
552,86,"(52, 13)",1,-0.08
552,87,"(53, 13)",1,-0.08
552,88,"(54, 13)",1,-0.08
552,89,"(55, 13)",1,-0.08
552,90,"(56, 13)",0,-0.08
552,91,"(56, 12)",0,-0.08
552,92,"(56, 11)",0,-0.08
552,93,"(56, 10)",1,-0.08
552,94,"(57, 10)",0,-0.08
552,95,"(57, 9)",1,-0.08
552,96,"(58, 9)",0,-0.08
552,97,"(58, 8)",0,-0.08
552,98,"(58, 7)",1,-0.08
552,99,"(59, 7)",1,-0.08
552,100,"(60, 7)",1,-0.08
552,101,"(61, 7)",1,-0.08
552,102,"(62, 7)",1,-0.08
552,103,"(63, 7)",1,-0.08
552,104,"(64, 7)",1,-0.08
552,105,"(65, 7)",1,-0.08
552,106,"(66, 7)",1,-0.08
552,107,"(67, 7)",1,-0.08
552,108,"(68, 7)",1,-0.08
552,109,"(69, 7)",0,-0.08
552,110,"(69, 6)",1,-0.08
552,111,"(70, 6)",1,-0.08
552,112,"(71, 6)",0,-0.08
552,113,"(71, 5)",1,-0.08
552,114,"(72, 5)",1,-0.08
552,115,"(73, 5)",1,-0.08
552,116,"(74, 5)",0,-0.08
552,117,"(74, 4)",1,-0.08
552,118,"(75, 4)",0,-0.08
552,119,"(75, 3)",1,-0.08
552,120,"(76, 3)",1,-0.08
552,121,"(77, 3)",0,-0.08
552,122,"(77, 2)",0,-0.08
552,123,"(77, 1)",1,-0.08
552,124,"(78, 1)",0,-0.08
552,125,"(78, 0)",1,8.33
553,0,"(0, 39)",0,-0.08
553,1,"(0, 38)",0,-0.08
553,2,"(0, 37)",1,-0.08
553,3,"(1, 37)",1,-8.33
553,4,"(1, 37)",0,-8.33
553,5,"(1, 37)",3,-0.08
553,6,"(0, 37)",0,-0.08
553,7,"(0, 36)",0,-0.08
553,8,"(0, 35)",0,-0.08
553,9,"(0, 34)",1,-0.08
553,10,"(1, 34)",1,-0.08
553,11,"(2, 34)",0,-0.08
553,12,"(2, 33)",0,-0.08
553,13,"(2, 32)",0,-0.08
553,14,"(2, 31)",1,-0.08
553,15,"(3, 31)",0,-8.33
553,16,"(3, 31)",0,-8.33
553,17,"(3, 31)",3,-0.08
553,18,"(2, 31)",3,-0.08
553,19,"(1, 31)",0,-0.08
553,20,"(1, 30)",0,-0.08
553,21,"(1, 29)",1,-0.08
553,22,"(2, 29)",1,-0.08
553,23,"(3, 29)",1,-0.08
553,24,"(4, 29)",1,-0.08
553,25,"(5, 29)",1,-0.08
553,26,"(6, 29)",1,-0.08
553,27,"(7, 29)",1,-0.08
553,28,"(8, 29)",0,-0.08
553,29,"(8, 28)",0,-0.08
553,30,"(8, 27)",1,-0.08
553,31,"(9, 27)",1,-0.08
553,32,"(10, 27)",1,-0.08
553,33,"(11, 27)",1,-0.08
553,34,"(12, 27)",0,-0.08
553,35,"(12, 26)",0,-0.08
553,36,"(12, 25)",0,-0.08
553,37,"(12, 24)",1,-0.08
553,38,"(13, 24)",0,-0.08
553,39,"(13, 23)",1,-0.08
553,40,"(14, 23)",1,-0.08
553,41,"(15, 23)",1,-0.08
553,42,"(16, 23)",1,-0.08
553,43,"(17, 23)",0,-0.08
553,44,"(17, 22)",1,-0.08
553,45,"(18, 22)",1,-0.08
553,46,"(19, 22)",0,-0.08
553,47,"(19, 21)",1,-0.08
553,48,"(20, 21)",0,-0.08
553,49,"(20, 20)",1,-0.08
553,50,"(21, 20)",1,-0.08
553,51,"(22, 20)",1,-0.08
553,52,"(23, 20)",1,-0.08
553,53,"(24, 20)",1,-0.08
553,54,"(25, 20)",0,-0.08
553,55,"(25, 19)",0,-0.08
553,56,"(25, 18)",0,-0.08
553,57,"(25, 17)",1,-0.08
553,58,"(26, 17)",1,-0.08
553,59,"(27, 17)",1,-0.08
553,60,"(28, 17)",0,-0.08
553,61,"(28, 16)",0,-0.08
553,62,"(28, 15)",1,-0.08
553,63,"(29, 15)",1,-0.08
553,64,"(30, 15)",1,-0.08
553,65,"(31, 15)",1,-0.08
553,66,"(32, 15)",0,-0.08
553,67,"(32, 14)",0,-0.08
553,68,"(32, 13)",1,-0.08
553,69,"(33, 13)",1,-0.08
553,70,"(34, 13)",1,-0.08
553,71,"(35, 13)",0,-0.08
553,72,"(35, 12)",1,-0.08
553,73,"(36, 12)",1,-0.08
553,74,"(37, 12)",1,-0.08
553,75,"(38, 12)",1,-0.08
553,76,"(39, 12)",0,-0.08
553,77,"(39, 11)",1,-0.08
553,78,"(40, 11)",1,-0.08
553,79,"(41, 11)",1,-0.08
553,80,"(42, 11)",1,-0.08
553,81,"(43, 11)",1,-0.08
553,82,"(44, 11)",1,-0.08
553,83,"(45, 11)",0,-0.08
553,84,"(45, 10)",0,-0.08
553,85,"(45, 9)",0,-0.08
553,86,"(45, 8)",1,-0.08
553,87,"(46, 8)",0,-0.08
553,88,"(46, 7)",1,-0.08
553,89,"(47, 7)",1,-0.08
553,90,"(48, 7)",1,-0.08
553,91,"(49, 7)",1,-0.08
553,92,"(50, 7)",1,-0.08
553,93,"(51, 7)",1,-0.08
553,94,"(52, 7)",1,-0.08
553,95,"(53, 7)",1,-0.08
553,96,"(54, 7)",1,-0.08
553,97,"(55, 7)",1,-0.08
553,98,"(56, 7)",1,-0.08
553,99,"(57, 7)",1,-0.08
553,100,"(58, 7)",1,-0.08
553,101,"(59, 7)",1,-0.08
553,102,"(60, 7)",1,-0.08
553,103,"(61, 7)",1,-0.08
553,104,"(62, 7)",1,-0.08
553,105,"(63, 7)",1,-0.08
553,106,"(64, 7)",1,-0.08
553,107,"(65, 7)",1,-0.08
553,108,"(66, 7)",1,-0.08
553,109,"(67, 7)",1,-0.08
553,110,"(68, 7)",1,-0.08
553,111,"(69, 7)",1,-0.08
553,112,"(70, 7)",0,-0.08
553,113,"(70, 6)",1,-0.08
553,114,"(71, 6)",0,-0.08
553,115,"(71, 5)",1,-0.08
553,116,"(72, 5)",1,-0.08
553,117,"(73, 5)",1,-0.08
553,118,"(74, 5)",1,-0.08
553,119,"(75, 5)",0,-0.08
553,120,"(75, 4)",0,-0.08
553,121,"(75, 3)",1,-0.08
553,122,"(76, 3)",0,-0.08
553,123,"(76, 2)",1,-0.08
553,124,"(77, 2)",0,-0.08
553,125,"(77, 1)",1,-0.08
553,126,"(78, 1)",1,-0.08
553,127,"(79, 1)",0,8.33
554,0,"(0, 39)",0,-0.08
554,1,"(0, 38)",0,-0.08
554,2,"(0, 37)",0,-0.08
554,3,"(0, 36)",0,-0.08
554,4,"(0, 35)",0,-0.08
554,5,"(0, 34)",1,-0.08
554,6,"(1, 34)",1,-0.08
554,7,"(2, 34)",1,-8.33
554,8,"(2, 34)",0,-0.08
554,9,"(2, 33)",0,-0.08
554,10,"(2, 32)",1,-0.08
554,11,"(3, 32)",0,-0.08
554,12,"(3, 31)",0,-8.33
554,13,"(3, 31)",0,-8.33
554,14,"(3, 31)",2,-0.08
554,15,"(3, 32)",2,-0.08
554,16,"(3, 33)",1,-0.08
554,17,"(4, 33)",1,-0.08
554,18,"(5, 33)",0,-0.08
554,19,"(5, 32)",0,-0.08
554,20,"(5, 31)",0,-0.08
554,21,"(5, 30)",0,-0.08
554,22,"(5, 29)",1,-0.08
554,23,"(6, 29)",1,-0.08
554,24,"(7, 29)",1,-0.08
554,25,"(8, 29)",1,-0.08
554,26,"(9, 29)",1,-0.08
554,27,"(10, 29)",0,-0.08
554,28,"(10, 28)",0,-0.08
554,29,"(10, 27)",1,-0.08
554,30,"(11, 27)",1,-0.08
554,31,"(12, 27)",0,-0.08
554,32,"(12, 26)",1,-0.08
554,33,"(13, 26)",0,-0.08
554,34,"(13, 25)",0,-0.08
554,35,"(13, 24)",1,-0.08
554,36,"(14, 24)",0,-0.08
554,37,"(14, 23)",1,-0.08
554,38,"(15, 23)",1,-0.08
554,39,"(16, 23)",0,-0.08
554,40,"(16, 22)",1,-0.08
554,41,"(17, 22)",1,-0.08
554,42,"(18, 22)",1,-0.08
554,43,"(19, 22)",1,-0.08
554,44,"(20, 22)",0,-0.08
554,45,"(20, 21)",1,-0.08
554,46,"(21, 21)",1,-0.08
554,47,"(22, 21)",1,-0.08
554,48,"(23, 21)",0,-0.08
554,49,"(23, 20)",1,-0.08
554,50,"(24, 20)",1,-0.08
554,51,"(25, 20)",0,-0.08
554,52,"(25, 19)",1,-0.08
554,53,"(26, 19)",1,-0.08
554,54,"(27, 19)",0,-0.08
554,55,"(27, 18)",0,-0.08
554,56,"(27, 17)",0,-0.08
554,57,"(27, 16)",1,-0.08
554,58,"(28, 16)",0,-0.08
554,59,"(28, 15)",1,-0.08
554,60,"(29, 15)",1,-0.08
554,61,"(30, 15)",1,-0.08
554,62,"(31, 15)",1,-0.08
554,63,"(32, 15)",1,-0.08
554,64,"(33, 15)",1,-0.08
554,65,"(34, 15)",1,-0.08
554,66,"(35, 15)",0,-0.08
554,67,"(35, 14)",0,-0.08
554,68,"(35, 13)",1,-0.08
554,69,"(36, 13)",1,-0.08
554,70,"(37, 13)",1,-0.08
554,71,"(38, 13)",1,-0.08
554,72,"(39, 13)",1,-0.08
554,73,"(40, 13)",1,-0.08
554,74,"(41, 13)",1,-0.08
554,75,"(42, 13)",1,-0.08
554,76,"(43, 13)",1,-0.08
554,77,"(44, 13)",0,-0.08
554,78,"(44, 12)",1,-0.08
554,79,"(45, 12)",1,-0.08
554,80,"(46, 12)",1,-0.08
554,81,"(47, 12)",0,-0.08
554,82,"(47, 11)",0,-0.08
554,83,"(47, 10)",1,-0.08
554,84,"(48, 10)",1,-0.08
554,85,"(49, 10)",0,-0.08
554,86,"(49, 9)",1,-0.08
554,87,"(50, 9)",1,-0.08
554,88,"(51, 9)",1,-0.08
554,89,"(52, 9)",1,-0.08
554,90,"(53, 9)",1,-0.08
554,91,"(54, 9)",1,-0.08
554,92,"(55, 9)",1,-0.08
554,93,"(56, 9)",1,-0.08
554,94,"(57, 9)",0,-0.08
554,95,"(57, 8)",0,-0.08
554,96,"(57, 7)",1,-0.08
554,97,"(58, 7)",1,-0.08
554,98,"(59, 7)",1,-0.08
554,99,"(60, 7)",1,-0.08
554,100,"(61, 7)",1,-0.08
554,101,"(62, 7)",1,-0.08
554,102,"(63, 7)",1,-0.08
554,103,"(64, 7)",1,-0.08
554,104,"(65, 7)",1,-0.08
554,105,"(66, 7)",1,-0.08
554,106,"(67, 7)",1,-0.08
554,107,"(68, 7)",1,-0.08
554,108,"(69, 7)",1,-0.08
554,109,"(70, 7)",0,-0.08
554,110,"(70, 6)",1,-0.08
554,111,"(71, 6)",1,-0.08
554,112,"(72, 6)",1,-0.08
554,113,"(73, 6)",1,-0.08
554,114,"(74, 6)",0,-0.08
554,115,"(74, 5)",1,-0.08
554,116,"(75, 5)",1,-0.08
554,117,"(76, 5)",1,-0.08
554,118,"(77, 5)",0,-0.08
554,119,"(77, 4)",0,-0.08
554,120,"(77, 3)",0,-0.08
554,121,"(77, 2)",0,-0.08
554,122,"(77, 1)",1,-0.08
554,123,"(78, 1)",0,-0.08
554,124,"(78, 0)",1,8.33
555,0,"(0, 39)",1,-0.08
555,1,"(1, 39)",0,-0.08
555,2,"(1, 38)",0,-0.08
555,3,"(1, 37)",1,-8.33
555,4,"(1, 37)",0,-8.33
555,5,"(1, 37)",3,-0.08
555,6,"(0, 37)",0,-0.08
555,7,"(0, 36)",0,-0.08
555,8,"(0, 35)",0,-0.08
555,9,"(0, 34)",0,-0.08
555,10,"(0, 33)",1,-0.08
555,11,"(1, 33)",1,-0.08
555,12,"(2, 33)",1,-0.08
555,13,"(3, 33)",0,-0.08
555,14,"(3, 32)",0,-0.08
555,15,"(3, 31)",0,-8.33
555,16,"(3, 31)",2,-0.08
555,17,"(3, 32)",2,-0.08
555,18,"(3, 33)",1,-0.08
555,19,"(4, 33)",1,-0.08
555,20,"(5, 33)",1,-0.08
555,21,"(6, 33)",1,-0.08
555,22,"(7, 33)",1,-0.08
555,23,"(8, 33)",0,-0.08
555,24,"(8, 32)",1,-0.08
555,25,"(9, 32)",0,-0.08
555,26,"(9, 31)",0,-0.08
555,27,"(9, 30)",1,-0.08
555,28,"(10, 30)",0,-0.08
555,29,"(10, 29)",0,-0.08
555,30,"(10, 28)",0,-0.08
555,31,"(10, 27)",1,-0.08
555,32,"(11, 27)",1,-0.08
555,33,"(12, 27)",1,-0.08
555,34,"(13, 27)",0,-0.08
555,35,"(13, 26)",0,-0.08
555,36,"(13, 25)",1,-0.08
555,37,"(14, 25)",1,-0.08
555,38,"(15, 25)",1,-0.08
555,39,"(16, 25)",1,-0.08
555,40,"(17, 25)",0,-0.08
555,41,"(17, 24)",0,-0.08
555,42,"(17, 23)",0,-0.08
555,43,"(17, 22)",1,-0.08
555,44,"(18, 22)",1,-0.08
555,45,"(19, 22)",0,-0.08
555,46,"(19, 21)",0,-0.08
555,47,"(19, 20)",1,-0.08
555,48,"(20, 20)",0,-0.08
555,49,"(20, 19)",1,-0.08
555,50,"(21, 19)",1,-0.08
555,51,"(22, 19)",1,-0.08
555,52,"(23, 19)",0,-0.08
555,53,"(23, 18)",0,-0.08
555,54,"(23, 17)",1,-0.08
555,55,"(24, 17)",1,-0.08
555,56,"(25, 17)",1,-0.08
555,57,"(26, 17)",1,-0.08
555,58,"(27, 17)",1,-0.08
555,59,"(28, 17)",1,-0.08
555,60,"(29, 17)",1,-0.08
555,61,"(30, 17)",1,-0.08
555,62,"(31, 17)",0,-0.08
555,63,"(31, 16)",1,-0.08
555,64,"(32, 16)",0,-0.08
555,65,"(32, 15)",0,-0.08
555,66,"(32, 14)",0,-0.08
555,67,"(32, 13)",1,-0.08
555,68,"(33, 13)",1,-0.08
555,69,"(34, 13)",1,-0.08
555,70,"(35, 13)",1,-0.08
555,71,"(36, 13)",1,-0.08
555,72,"(37, 13)",0,-0.08
555,73,"(37, 12)",1,-0.08
555,74,"(38, 12)",1,-0.08
555,75,"(39, 12)",0,-0.08
555,76,"(39, 11)",1,-0.08
555,77,"(40, 11)",1,-0.08
555,78,"(41, 11)",1,-0.08
555,79,"(42, 11)",1,-0.08
555,80,"(43, 11)",1,-0.08
555,81,"(44, 11)",1,-0.08
555,82,"(45, 11)",0,-0.08
555,83,"(45, 10)",0,-0.08
555,84,"(45, 9)",1,-0.08
555,85,"(46, 9)",0,-0.08
555,86,"(46, 8)",0,-0.08
555,87,"(46, 7)",1,-0.08
555,88,"(47, 7)",1,-0.08
555,89,"(48, 7)",1,-0.08
555,90,"(49, 7)",1,-0.08
555,91,"(50, 7)",1,-0.08
555,92,"(51, 7)",1,-0.08
555,93,"(52, 7)",1,-0.08
555,94,"(53, 7)",1,-0.08
555,95,"(54, 7)",1,-0.08
555,96,"(55, 7)",1,-0.08
555,97,"(56, 7)",1,-0.08
555,98,"(57, 7)",1,-0.08
555,99,"(58, 7)",1,-0.08
555,100,"(59, 7)",1,-0.08
555,101,"(60, 7)",1,-0.08
555,102,"(61, 7)",1,-0.08
555,103,"(62, 7)",1,-0.08
555,104,"(63, 7)",1,-0.08
555,105,"(64, 7)",1,-0.08
555,106,"(65, 7)",1,-0.08
555,107,"(66, 7)",1,-0.08
555,108,"(67, 7)",1,-0.08
555,109,"(68, 7)",1,-0.08
555,110,"(69, 7)",1,-0.08
555,111,"(70, 7)",1,-0.08
555,112,"(71, 7)",1,-0.08
555,113,"(72, 7)",0,-0.08
555,114,"(72, 6)",0,-0.08
555,115,"(72, 5)",1,-0.08
555,116,"(73, 5)",1,-0.08
555,117,"(74, 5)",1,-0.08
555,118,"(75, 5)",1,-0.08
555,119,"(76, 5)",1,-0.08
555,120,"(77, 5)",0,-0.08
555,121,"(77, 4)",0,-0.08
555,122,"(77, 3)",0,-0.08
555,123,"(77, 2)",0,-0.08
555,124,"(77, 1)",0,-0.08
555,125,"(77, 0)",1,-0.08
555,126,"(78, 0)",1,8.33
556,0,"(0, 39)",1,-0.08
556,1,"(1, 39)",1,-0.08
556,2,"(2, 39)",0,-8.33
556,3,"(2, 39)",1,-0.08
556,4,"(3, 39)",1,-0.08
556,5,"(4, 39)",1,-0.08
556,6,"(5, 39)",1,-0.08
556,7,"(6, 39)",0,-8.33
556,8,"(6, 39)",1,-0.08
556,9,"(7, 39)",0,-0.08
556,10,"(7, 38)",1,-0.08
556,11,"(8, 38)",1,-8.33
556,12,"(8, 38)",2,-0.08
556,13,"(8, 39)",1,-0.08
556,14,"(9, 39)",1,-0.08
556,15,"(10, 39)",1,-0.08
556,16,"(11, 39)",0,-0.08
556,17,"(11, 38)",1,-0.08
556,18,"(12, 38)",0,-0.08
556,19,"(12, 37)",1,-0.08
556,20,"(13, 37)",1,-0.08
556,21,"(14, 37)",1,-0.08
556,22,"(15, 37)",0,-0.08
556,23,"(15, 36)",1,-0.08
556,24,"(16, 36)",1,-0.08
556,25,"(17, 36)",0,-0.08
556,26,"(17, 35)",0,-0.08
556,27,"(17, 34)",1,-0.08
556,28,"(18, 34)",0,-0.08
556,29,"(18, 33)",1,-0.08
556,30,"(19, 33)",0,-0.08
556,31,"(19, 32)",1,-0.08
556,32,"(20, 32)",1,-0.08
556,33,"(21, 32)",0,-0.08
556,34,"(21, 31)",0,-0.08
556,35,"(21, 30)",0,-0.08
556,36,"(21, 29)",0,-0.08
556,37,"(21, 28)",0,-0.08
556,38,"(21, 27)",1,-8.33
556,39,"(21, 27)",0,-0.08
556,40,"(21, 26)",1,-0.08
556,41,"(22, 26)",1,-0.08
556,42,"(23, 26)",1,-0.08
556,43,"(24, 26)",1,-0.08
556,44,"(25, 26)",1,-0.08
556,45,"(26, 26)",1,-0.08
556,46,"(27, 26)",0,-0.08
556,47,"(27, 25)",1,-0.08
556,48,"(28, 25)",1,-0.08
556,49,"(29, 25)",1,-0.08
556,50,"(30, 25)",1,-0.08
556,51,"(31, 25)",0,-0.08
556,52,"(31, 24)",1,-0.08
556,53,"(32, 24)",0,-0.08
556,54,"(32, 23)",1,-0.08
556,55,"(33, 23)",0,-0.08
556,56,"(33, 22)",0,-0.08
556,57,"(33, 21)",1,-0.08
556,58,"(34, 21)",1,-0.08
556,59,"(35, 21)",0,-0.08
556,60,"(35, 20)",1,-0.08
556,61,"(36, 20)",0,-0.08
556,62,"(36, 19)",1,-0.08
556,63,"(37, 19)",1,-0.08
556,64,"(38, 19)",1,-0.08
556,65,"(39, 19)",0,-0.08
556,66,"(39, 18)",0,-0.08
556,67,"(39, 17)",0,-0.08
556,68,"(39, 16)",0,-0.08
556,69,"(39, 15)",1,-0.08
556,70,"(40, 15)",1,-0.08
556,71,"(41, 15)",0,-0.08
556,72,"(41, 14)",0,-0.08
556,73,"(41, 13)",0,-0.08
556,74,"(41, 12)",0,-0.08
556,75,"(41, 11)",1,-0.08
556,76,"(42, 11)",1,-0.08
556,77,"(43, 11)",1,-0.08
556,78,"(44, 11)",1,-0.08
556,79,"(45, 11)",0,-0.08
556,80,"(45, 10)",0,-0.08
556,81,"(45, 9)",1,-0.08
556,82,"(46, 9)",0,-0.08
556,83,"(46, 8)",0,-0.08
556,84,"(46, 7)",1,-0.08
556,85,"(47, 7)",1,-0.08
556,86,"(48, 7)",1,-0.08
556,87,"(49, 7)",1,-0.08
556,88,"(50, 7)",1,-0.08
556,89,"(51, 7)",1,-0.08
556,90,"(52, 7)",1,-0.08
556,91,"(53, 7)",1,-0.08
556,92,"(54, 7)",1,-0.08
556,93,"(55, 7)",1,-0.08
556,94,"(56, 7)",1,-0.08
556,95,"(57, 7)",1,-0.08
556,96,"(58, 7)",1,-0.08
556,97,"(59, 7)",1,-0.08
556,98,"(60, 7)",1,-0.08
556,99,"(61, 7)",1,-0.08
556,100,"(62, 7)",1,-0.08
556,101,"(63, 7)",1,-0.08
556,102,"(64, 7)",1,-0.08
556,103,"(65, 7)",1,-0.08
556,104,"(66, 7)",1,-0.08
556,105,"(67, 7)",1,-0.08
556,106,"(68, 7)",1,-0.08
556,107,"(69, 7)",0,-0.08
556,108,"(69, 6)",1,-0.08
556,109,"(70, 6)",1,-0.08
556,110,"(71, 6)",0,-0.08
556,111,"(71, 5)",1,-0.08
556,112,"(72, 5)",1,-0.08
556,113,"(73, 5)",1,-0.08
556,114,"(74, 5)",0,-0.08
556,115,"(74, 4)",0,-0.08
556,116,"(74, 3)",1,-0.08
556,117,"(75, 3)",1,-0.08
556,118,"(76, 3)",1,-0.08
556,119,"(77, 3)",0,-0.08
556,120,"(77, 2)",0,-0.08
556,121,"(77, 1)",1,-0.08
556,122,"(78, 1)",1,-0.08
556,123,"(79, 1)",0,8.33
557,0,"(0, 39)",0,-0.08
557,1,"(0, 38)",0,-0.08
557,2,"(0, 37)",0,-0.08
557,3,"(0, 36)",0,-0.08
557,4,"(0, 35)",1,-0.08
557,5,"(1, 35)",1,-0.08
557,6,"(2, 35)",1,-0.08
557,7,"(3, 35)",0,-8.33
557,8,"(3, 35)",3,-0.08
557,9,"(2, 35)",0,-0.08
557,10,"(2, 34)",0,-0.08
557,11,"(2, 33)",0,-0.08
557,12,"(2, 32)",0,-0.08
557,13,"(2, 31)",1,-0.08
557,14,"(3, 31)",0,-8.33
557,15,"(3, 31)",0,-8.33
557,16,"(3, 31)",3,-0.08
557,17,"(2, 31)",3,-0.08
557,18,"(1, 31)",0,-0.08
557,19,"(1, 30)",0,-0.08
557,20,"(1, 29)",1,-0.08
557,21,"(2, 29)",1,-0.08
557,22,"(3, 29)",1,-0.08
557,23,"(4, 29)",1,-0.08
557,24,"(5, 29)",1,-0.08
557,25,"(6, 29)",1,-0.08
557,26,"(7, 29)",1,-0.08
557,27,"(8, 29)",0,-0.08
557,28,"(8, 28)",0,-0.08
557,29,"(8, 27)",1,-0.08
557,30,"(9, 27)",1,-0.08
557,31,"(10, 27)",1,-0.08
557,32,"(11, 27)",1,-0.08
557,33,"(12, 27)",1,-0.08
557,34,"(13, 27)",0,-0.08
557,35,"(13, 26)",0,-0.08
557,36,"(13, 25)",0,-0.08
557,37,"(13, 24)",1,-0.08
557,38,"(14, 24)",0,-0.08
557,39,"(14, 23)",1,-0.08
557,40,"(15, 23)",1,-0.08
557,41,"(16, 23)",0,-0.08
557,42,"(16, 22)",1,-0.08
557,43,"(17, 22)",1,-0.08
557,44,"(18, 22)",1,-0.08
557,45,"(19, 22)",0,-0.08
557,46,"(19, 21)",1,-0.08
557,47,"(20, 21)",0,-0.08
557,48,"(20, 20)",1,-0.08
557,49,"(21, 20)",1,-0.08
557,50,"(22, 20)",1,-0.08
557,51,"(23, 20)",1,-0.08
557,52,"(24, 20)",1,-0.08
557,53,"(25, 20)",0,-0.08
557,54,"(25, 19)",1,-0.08
557,55,"(26, 19)",1,-0.08
557,56,"(27, 19)",0,-0.08
557,57,"(27, 18)",0,-0.08
557,58,"(27, 17)",1,-0.08
557,59,"(28, 17)",1,-0.08
557,60,"(29, 17)",1,-0.08
557,61,"(30, 17)",1,-0.08
557,62,"(31, 17)",1,-0.08
557,63,"(32, 17)",0,-0.08
557,64,"(32, 16)",0,-0.08
557,65,"(32, 15)",1,-0.08
557,66,"(33, 15)",1,-0.08
557,67,"(34, 15)",1,-0.08
557,68,"(35, 15)",0,-0.08
557,69,"(35, 14)",0,-0.08
557,70,"(35, 13)",0,-0.08
557,71,"(35, 12)",1,-0.08
557,72,"(36, 12)",1,-0.08
557,73,"(37, 12)",1,-0.08
557,74,"(38, 12)",1,-0.08
557,75,"(39, 12)",0,-0.08
557,76,"(39, 11)",1,-0.08
557,77,"(40, 11)",1,-0.08
557,78,"(41, 11)",1,-0.08
557,79,"(42, 11)",1,-0.08
557,80,"(43, 11)",1,-0.08
557,81,"(44, 11)",1,-0.08
557,82,"(45, 11)",0,-0.08
557,83,"(45, 10)",0,-0.08
557,84,"(45, 9)",1,-0.08
557,85,"(46, 9)",0,-0.08
557,86,"(46, 8)",0,-0.08
557,87,"(46, 7)",1,-0.08
557,88,"(47, 7)",1,-0.08
557,89,"(48, 7)",1,-0.08
557,90,"(49, 7)",1,-0.08
557,91,"(50, 7)",1,-0.08
557,92,"(51, 7)",1,-0.08
557,93,"(52, 7)",1,-0.08
557,94,"(53, 7)",1,-0.08
557,95,"(54, 7)",1,-0.08
557,96,"(55, 7)",1,-0.08
557,97,"(56, 7)",1,-0.08
557,98,"(57, 7)",1,-0.08
557,99,"(58, 7)",1,-0.08
557,100,"(59, 7)",1,-0.08
557,101,"(60, 7)",1,-0.08
557,102,"(61, 7)",1,-0.08
557,103,"(62, 7)",1,-0.08
557,104,"(63, 7)",1,-0.08
557,105,"(64, 7)",1,-0.08
557,106,"(65, 7)",1,-0.08
557,107,"(66, 7)",1,-0.08
557,108,"(67, 7)",1,-0.08
557,109,"(68, 7)",1,-0.08
557,110,"(69, 7)",1,-0.08
557,111,"(70, 7)",0,-0.08
557,112,"(70, 6)",1,-0.08
557,113,"(71, 6)",1,-0.08
557,114,"(72, 6)",0,-0.08
557,115,"(72, 5)",1,-0.08
557,116,"(73, 5)",1,-0.08
557,117,"(74, 5)",0,-0.08
557,118,"(74, 4)",0,-0.08
557,119,"(74, 3)",1,-0.08
557,120,"(75, 3)",1,-0.08
557,121,"(76, 3)",1,-0.08
557,122,"(77, 3)",0,-0.08
557,123,"(77, 2)",0,-0.08
557,124,"(77, 1)",0,-0.08
557,125,"(77, 0)",1,-0.08
557,126,"(78, 0)",1,8.33
558,0,"(0, 39)",0,-0.08
558,1,"(0, 38)",1,-0.08
558,2,"(1, 38)",1,-8.33
558,3,"(1, 38)",0,-0.08
558,4,"(1, 37)",0,-8.33
558,5,"(1, 37)",3,-0.08
558,6,"(0, 37)",0,-0.08
558,7,"(0, 36)",0,-0.08
558,8,"(0, 35)",0,-0.08
558,9,"(0, 34)",0,-0.08
558,10,"(0, 33)",1,-0.08
558,11,"(1, 33)",1,-0.08
558,12,"(2, 33)",1,-0.08
558,13,"(3, 33)",1,-0.08
558,14,"(4, 33)",1,-0.08
558,15,"(5, 33)",1,-0.08
558,16,"(6, 33)",1,-0.08
558,17,"(7, 33)",0,-0.08
558,18,"(7, 32)",1,-0.08
558,19,"(8, 32)",0,-0.08
558,20,"(8, 31)",1,-0.08
558,21,"(9, 31)",0,-0.08
558,22,"(9, 30)",0,-0.08
558,23,"(9, 29)",1,-0.08
558,24,"(10, 29)",0,-0.08
558,25,"(10, 28)",0,-0.08
558,26,"(10, 27)",0,-8.33
558,27,"(10, 27)",1,-0.08
558,28,"(11, 27)",1,-0.08
558,29,"(12, 27)",0,-0.08
558,30,"(12, 26)",1,-0.08
558,31,"(13, 26)",0,-0.08
558,32,"(13, 25)",1,-0.08
558,33,"(14, 25)",0,-0.08
558,34,"(14, 24)",0,-0.08
558,35,"(14, 23)",1,-0.08
558,36,"(15, 23)",1,-0.08
558,37,"(16, 23)",0,-0.08
558,38,"(16, 22)",1,-0.08
558,39,"(17, 22)",1,-0.08
558,40,"(18, 22)",1,-0.08
558,41,"(19, 22)",1,-0.08
558,42,"(20, 22)",1,-0.08
558,43,"(21, 22)",0,-0.08
558,44,"(21, 21)",1,-0.08
558,45,"(22, 21)",1,-0.08
558,46,"(23, 21)",0,-0.08
558,47,"(23, 20)",0,-0.08
558,48,"(23, 19)",0,-0.08
558,49,"(23, 18)",0,-0.08
558,50,"(23, 17)",0,-0.08
558,51,"(23, 16)",0,-0.08
558,52,"(23, 15)",1,-0.08
558,53,"(24, 15)",1,-0.08
558,54,"(25, 15)",1,-0.08
558,55,"(26, 15)",1,-0.08
558,56,"(27, 15)",0,-0.08
558,57,"(27, 14)",0,-0.08
558,58,"(27, 13)",1,-0.08
558,59,"(28, 13)",1,-0.08
558,60,"(29, 13)",1,-0.08
558,61,"(30, 13)",1,-0.08
558,62,"(31, 13)",1,-0.08
558,63,"(32, 13)",1,-0.08
558,64,"(33, 13)",1,-0.08
558,65,"(34, 13)",1,-0.08
558,66,"(35, 13)",0,-0.08
558,67,"(35, 12)",1,-0.08
558,68,"(36, 12)",1,-0.08
558,69,"(37, 12)",1,-0.08
558,70,"(38, 12)",1,-0.08
558,71,"(39, 12)",0,-0.08
558,72,"(39, 11)",1,-0.08
558,73,"(40, 11)",1,-0.08
558,74,"(41, 11)",1,-0.08
558,75,"(42, 11)",1,-0.08
558,76,"(43, 11)",1,-0.08
558,77,"(44, 11)",1,-0.08
558,78,"(45, 11)",0,-0.08
558,79,"(45, 10)",0,-0.08
558,80,"(45, 9)",0,-0.08
558,81,"(45, 8)",0,-0.08
558,82,"(45, 7)",1,-0.08
558,83,"(46, 7)",1,-0.08
558,84,"(47, 7)",1,-0.08
558,85,"(48, 7)",1,-0.08
558,86,"(49, 7)",1,-0.08
558,87,"(50, 7)",1,-0.08
558,88,"(51, 7)",1,-0.08
558,89,"(52, 7)",1,-0.08
558,90,"(53, 7)",1,-0.08
558,91,"(54, 7)",1,-0.08
558,92,"(55, 7)",1,-0.08
558,93,"(56, 7)",1,-0.08
558,94,"(57, 7)",1,-0.08
558,95,"(58, 7)",1,-0.08
558,96,"(59, 7)",1,-0.08
558,97,"(60, 7)",1,-0.08
558,98,"(61, 7)",1,-0.08
558,99,"(62, 7)",1,-0.08
558,100,"(63, 7)",1,-0.08
558,101,"(64, 7)",1,-0.08
558,102,"(65, 7)",1,-0.08
558,103,"(66, 7)",1,-0.08
558,104,"(67, 7)",1,-0.08
558,105,"(68, 7)",1,-0.08
558,106,"(69, 7)",1,-0.08
558,107,"(70, 7)",1,-0.08
558,108,"(71, 7)",0,-0.08
558,109,"(71, 6)",0,-0.08
558,110,"(71, 5)",1,-0.08
558,111,"(72, 5)",1,-0.08
558,112,"(73, 5)",1,-0.08
558,113,"(74, 5)",0,-0.08
558,114,"(74, 4)",1,-0.08
558,115,"(75, 4)",0,-0.08
558,116,"(75, 3)",1,-0.08
558,117,"(76, 3)",1,-0.08
558,118,"(77, 3)",0,-0.08
558,119,"(77, 2)",0,-0.08
558,120,"(77, 1)",1,-0.08
558,121,"(78, 1)",0,-0.08
558,122,"(78, 0)",1,8.33
559,0,"(0, 39)",1,-0.08
559,1,"(1, 39)",1,-0.08
559,2,"(2, 39)",1,-0.08
559,3,"(3, 39)",1,-0.08
559,4,"(4, 39)",1,-0.08
559,5,"(5, 39)",1,-0.08
559,6,"(6, 39)",0,-8.33
559,7,"(6, 39)",1,-0.08
559,8,"(7, 39)",0,-0.08
559,9,"(7, 38)",1,-0.08
559,10,"(8, 38)",1,-8.33
559,11,"(8, 38)",2,-0.08
559,12,"(8, 39)",1,-0.08
559,13,"(9, 39)",1,-0.08
559,14,"(10, 39)",0,-0.08
559,15,"(10, 38)",1,-0.08
559,16,"(11, 38)",1,-0.08
559,17,"(12, 38)",0,-0.08
559,18,"(12, 37)",1,-0.08
559,19,"(13, 37)",1,-0.08
559,20,"(14, 37)",1,-0.08
559,21,"(15, 37)",0,-0.08
559,22,"(15, 36)",1,-0.08
559,23,"(16, 36)",1,-0.08
559,24,"(17, 36)",0,-0.08
559,25,"(17, 35)",0,-0.08
559,26,"(17, 34)",0,-0.08
559,27,"(17, 33)",1,-0.08
559,28,"(18, 33)",1,-0.08
559,29,"(19, 33)",0,-0.08
559,30,"(19, 32)",0,-0.08
559,31,"(19, 31)",0,-0.08
559,32,"(19, 30)",0,-0.08
559,33,"(19, 29)",0,-0.08
559,34,"(19, 28)",0,-0.08
559,35,"(19, 27)",0,-0.08
559,36,"(19, 26)",0,-0.08
559,37,"(19, 25)",0,-0.08
559,38,"(19, 24)",1,-0.08
559,39,"(20, 24)",0,-0.08
559,40,"(20, 23)",0,-0.08
559,41,"(20, 22)",0,-0.08
559,42,"(20, 21)",0,-0.08
559,43,"(20, 20)",0,-0.08
559,44,"(20, 19)",1,-0.08
559,45,"(21, 19)",0,-0.08
559,46,"(21, 18)",1,-8.33
559,47,"(21, 18)",0,-0.08
559,48,"(21, 17)",0,-0.08
559,49,"(21, 16)",0,-0.08
559,50,"(21, 15)",0,-0.08
559,51,"(21, 14)",1,-0.08
559,52,"(22, 14)",0,-0.08
559,53,"(22, 13)",0,-0.08
559,54,"(22, 12)",0,-0.08
559,55,"(22, 11)",0,-0.08
559,56,"(22, 10)",0,-0.08
559,57,"(22, 9)",1,-0.08
559,58,"(23, 9)",1,-0.08
559,59,"(24, 9)",1,-0.08
559,60,"(25, 9)",1,-0.08
559,61,"(26, 9)",1,-0.08
559,62,"(27, 9)",1,-0.08
559,63,"(28, 9)",1,-0.08
559,64,"(29, 9)",1,-0.08
559,65,"(30, 9)",1,-0.08
559,66,"(31, 9)",0,-0.08
559,67,"(31, 8)",0,-0.08
559,68,"(31, 7)",1,-0.08
559,69,"(32, 7)",1,-0.08
559,70,"(33, 7)",1,-0.08
559,71,"(34, 7)",1,-0.08
559,72,"(35, 7)",1,-0.08
559,73,"(36, 7)",1,-0.08
559,74,"(37, 7)",1,-0.08
559,75,"(38, 7)",1,-0.08
559,76,"(39, 7)",0,-0.08
559,77,"(39, 6)",1,-0.08
559,78,"(40, 6)",1,-0.08
559,79,"(41, 6)",1,-0.08
559,80,"(42, 6)",1,-0.08
559,81,"(43, 6)",1,-0.08
559,82,"(44, 6)",1,-0.08
559,83,"(45, 6)",2,-0.08
559,84,"(45, 7)",1,-0.08
559,85,"(46, 7)",1,-0.08
559,86,"(47, 7)",1,-0.08
559,87,"(48, 7)",1,-0.08
559,88,"(49, 7)",1,-0.08
559,89,"(50, 7)",1,-0.08
559,90,"(51, 7)",1,-0.08
559,91,"(52, 7)",1,-0.08
559,92,"(53, 7)",1,-0.08
559,93,"(54, 7)",1,-0.08
559,94,"(55, 7)",1,-0.08
559,95,"(56, 7)",1,-0.08
559,96,"(57, 7)",1,-0.08
559,97,"(58, 7)",1,-0.08
559,98,"(59, 7)",1,-0.08
559,99,"(60, 7)",1,-0.08
559,100,"(61, 7)",1,-0.08
559,101,"(62, 7)",1,-0.08
559,102,"(63, 7)",1,-0.08
559,103,"(64, 7)",1,-0.08
559,104,"(65, 7)",1,-0.08
559,105,"(66, 7)",1,-0.08
559,106,"(67, 7)",1,-0.08
559,107,"(68, 7)",1,-0.08
559,108,"(69, 7)",1,-0.08
559,109,"(70, 7)",1,-0.08
559,110,"(71, 7)",0,-0.08
559,111,"(71, 6)",0,-0.08
559,112,"(71, 5)",1,-0.08
559,113,"(72, 5)",1,-0.08
559,114,"(73, 5)",1,-0.08
559,115,"(74, 5)",1,-0.08
559,116,"(75, 5)",1,-0.08
559,117,"(76, 5)",1,-0.08
559,118,"(77, 5)",0,-0.08
559,119,"(77, 4)",0,-0.08
559,120,"(77, 3)",0,-0.08
559,121,"(77, 2)",0,-0.08
559,122,"(77, 1)",1,-0.08
559,123,"(78, 1)",1,-0.08
559,124,"(79, 1)",0,8.33
560,0,"(0, 39)",0,-0.08
560,1,"(0, 38)",1,-0.08
560,2,"(1, 38)",1,-8.33
560,3,"(1, 38)",0,-0.08
560,4,"(1, 37)",0,-8.33
560,5,"(1, 37)",3,-0.08
560,6,"(0, 37)",0,-0.08
560,7,"(0, 36)",0,-0.08
560,8,"(0, 35)",1,-0.08
560,9,"(1, 35)",1,-0.08
560,10,"(2, 35)",0,-0.08
560,11,"(2, 34)",0,-0.08
560,12,"(2, 33)",1,-0.08
560,13,"(3, 33)",1,-0.08
560,14,"(4, 33)",1,-0.08
560,15,"(5, 33)",0,-0.08
560,16,"(5, 32)",0,-0.08
560,17,"(5, 31)",1,-0.08
560,18,"(6, 31)",1,-0.08
560,19,"(7, 31)",1,-0.08
560,20,"(8, 31)",0,-0.08
560,21,"(8, 30)",1,-0.08
560,22,"(9, 30)",0,-0.08
560,23,"(9, 29)",1,-0.08
560,24,"(10, 29)",0,-0.08
560,25,"(10, 28)",0,-0.08
560,26,"(10, 27)",0,-8.33
560,27,"(10, 27)",1,-0.08
560,28,"(11, 27)",1,-0.08
560,29,"(12, 27)",0,-0.08
560,30,"(12, 26)",0,-0.08
560,31,"(12, 25)",1,-0.08
560,32,"(13, 25)",0,-0.08
560,33,"(13, 24)",0,-0.08
560,34,"(13, 23)",1,-0.08
560,35,"(14, 23)",1,-0.08
560,36,"(15, 23)",1,-0.08
560,37,"(16, 23)",0,-0.08
560,38,"(16, 22)",1,-0.08
560,39,"(17, 22)",1,-0.08
560,40,"(18, 22)",1,-0.08
560,41,"(19, 22)",0,-0.08
560,42,"(19, 21)",0,-0.08
560,43,"(19, 20)",1,-0.08
560,44,"(20, 20)",0,-0.08
560,45,"(20, 19)",1,-0.08
560,46,"(21, 19)",1,-0.08
560,47,"(22, 19)",1,-0.08
560,48,"(23, 19)",0,-0.08
560,49,"(23, 18)",0,-0.08
560,50,"(23, 17)",1,-0.08
560,51,"(24, 17)",1,-0.08
560,52,"(25, 17)",1,-0.08
560,53,"(26, 17)",1,-0.08
560,54,"(27, 17)",0,-0.08
560,55,"(27, 16)",0,-0.08
560,56,"(27, 15)",0,-0.08
560,57,"(27, 14)",0,-0.08
560,58,"(27, 13)",1,-0.08
560,59,"(28, 13)",1,-0.08
560,60,"(29, 13)",1,-0.08
560,61,"(30, 13)",1,-0.08
560,62,"(31, 13)",1,-0.08
560,63,"(32, 13)",1,-0.08
560,64,"(33, 13)",1,-0.08
560,65,"(34, 13)",1,-0.08
560,66,"(35, 13)",1,-0.08
560,67,"(36, 13)",1,-0.08
560,68,"(37, 13)",1,-0.08
560,69,"(38, 13)",1,-0.08
560,70,"(39, 13)",1,-0.08
560,71,"(40, 13)",1,-0.08
560,72,"(41, 13)",0,-0.08
560,73,"(41, 12)",0,-0.08
560,74,"(41, 11)",1,-0.08
560,75,"(42, 11)",1,-0.08
560,76,"(43, 11)",1,-0.08
560,77,"(44, 11)",1,-0.08
560,78,"(45, 11)",0,-0.08
560,79,"(45, 10)",1,-0.08
560,80,"(46, 10)",0,-0.08
560,81,"(46, 9)",0,-0.08
560,82,"(46, 8)",0,-0.08
560,83,"(46, 7)",1,-0.08
560,84,"(47, 7)",1,-0.08
560,85,"(48, 7)",1,-0.08
560,86,"(49, 7)",1,-0.08
560,87,"(50, 7)",1,-0.08
560,88,"(51, 7)",1,-0.08
560,89,"(52, 7)",1,-0.08
560,90,"(53, 7)",1,-0.08
560,91,"(54, 7)",1,-0.08
560,92,"(55, 7)",1,-0.08
560,93,"(56, 7)",1,-0.08
560,94,"(57, 7)",1,-0.08
560,95,"(58, 7)",1,-0.08
560,96,"(59, 7)",1,-0.08
560,97,"(60, 7)",1,-0.08
560,98,"(61, 7)",1,-0.08
560,99,"(62, 7)",1,-0.08
560,100,"(63, 7)",1,-0.08
560,101,"(64, 7)",1,-0.08
560,102,"(65, 7)",1,-0.08
560,103,"(66, 7)",1,-0.08
560,104,"(67, 7)",1,-0.08
560,105,"(68, 7)",1,-0.08
560,106,"(69, 7)",0,-0.08
560,107,"(69, 6)",1,-0.08
560,108,"(70, 6)",1,-0.08
560,109,"(71, 6)",0,-0.08
560,110,"(71, 5)",1,-0.08
560,111,"(72, 5)",1,-0.08
560,112,"(73, 5)",1,-0.08
560,113,"(74, 5)",1,-0.08
560,114,"(75, 5)",1,-0.08
560,115,"(76, 5)",1,-0.08
560,116,"(77, 5)",0,-0.08
560,117,"(77, 4)",0,-0.08
560,118,"(77, 3)",0,-0.08
560,119,"(77, 2)",0,-0.08
560,120,"(77, 1)",1,-0.08
560,121,"(78, 1)",0,-0.08
560,122,"(78, 0)",1,8.33
561,0,"(0, 39)",0,-0.08
561,1,"(0, 38)",1,-0.08
561,2,"(1, 38)",1,-8.33
561,3,"(1, 38)",0,-0.08
561,4,"(1, 37)",0,-8.33
561,5,"(1, 37)",3,-0.08
561,6,"(0, 37)",0,-0.08
561,7,"(0, 36)",0,-0.08
561,8,"(0, 35)",0,-0.08
561,9,"(0, 34)",0,-0.08
561,10,"(0, 33)",1,-0.08
561,11,"(1, 33)",1,-0.08
561,12,"(2, 33)",0,-0.08
561,13,"(2, 32)",0,-0.08
561,14,"(2, 31)",1,-0.08
561,15,"(3, 31)",0,-8.33
561,16,"(3, 31)",0,-8.33
561,17,"(3, 31)",2,-0.08
561,18,"(3, 32)",2,-0.08
561,19,"(3, 33)",1,-0.08
561,20,"(4, 33)",1,-0.08
561,21,"(5, 33)",0,-0.08
561,22,"(5, 32)",0,-0.08
561,23,"(5, 31)",0,-0.08
561,24,"(5, 30)",0,-0.08
561,25,"(5, 29)",1,-0.08
561,26,"(6, 29)",1,-0.08
561,27,"(7, 29)",0,-0.08
561,28,"(7, 28)",0,-0.08
561,29,"(7, 27)",1,-0.08
561,30,"(8, 27)",1,-0.08
561,31,"(9, 27)",1,-0.08
561,32,"(10, 27)",1,-0.08
561,33,"(11, 27)",1,-0.08
561,34,"(12, 27)",0,-0.08
561,35,"(12, 26)",0,-0.08
561,36,"(12, 25)",1,-0.08
561,37,"(13, 25)",0,-0.08
561,38,"(13, 24)",1,-0.08
561,39,"(14, 24)",0,-0.08
561,40,"(14, 23)",1,-0.08
561,41,"(15, 23)",1,-0.08
561,42,"(16, 23)",0,-0.08
561,43,"(16, 22)",1,-0.08
561,44,"(17, 22)",1,-0.08
561,45,"(18, 22)",1,-0.08
561,46,"(19, 22)",1,-0.08
561,47,"(20, 22)",0,-0.08
561,48,"(20, 21)",1,-0.08
561,49,"(21, 21)",1,-0.08
561,50,"(22, 21)",0,-0.08
561,51,"(22, 20)",0,-0.08
561,52,"(22, 19)",1,-0.08
561,53,"(23, 19)",0,-0.08
561,54,"(23, 18)",0,-0.08
561,55,"(23, 17)",1,-0.08
561,56,"(24, 17)",1,-0.08
561,57,"(25, 17)",1,-0.08
561,58,"(26, 17)",1,-0.08
561,59,"(27, 17)",0,-0.08
561,60,"(27, 16)",0,-0.08
561,61,"(27, 15)",1,-0.08
561,62,"(28, 15)",1,-0.08
561,63,"(29, 15)",0,-0.08
561,64,"(29, 14)",0,-0.08
561,65,"(29, 13)",1,-0.08
561,66,"(30, 13)",1,-0.08
561,67,"(31, 13)",1,-0.08
561,68,"(32, 13)",1,-0.08
561,69,"(33, 13)",1,-0.08
561,70,"(34, 13)",1,-0.08
561,71,"(35, 13)",0,-0.08
561,72,"(35, 12)",1,-0.08
561,73,"(36, 12)",1,-0.08
561,74,"(37, 12)",1,-0.08
561,75,"(38, 12)",1,-0.08
561,76,"(39, 12)",0,-0.08
561,77,"(39, 11)",1,-0.08
561,78,"(40, 11)",1,-0.08
561,79,"(41, 11)",1,-0.08
561,80,"(42, 11)",1,-0.08
561,81,"(43, 11)",1,-0.08
561,82,"(44, 11)",1,-0.08
561,83,"(45, 11)",0,-0.08
561,84,"(45, 10)",1,-0.08
561,85,"(46, 10)",0,-0.08
561,86,"(46, 9)",0,-0.08
561,87,"(46, 8)",0,-0.08
561,88,"(46, 7)",1,-0.08
561,89,"(47, 7)",1,-0.08
561,90,"(48, 7)",1,-0.08
561,91,"(49, 7)",1,-0.08
561,92,"(50, 7)",1,-0.08
561,93,"(51, 7)",1,-0.08
561,94,"(52, 7)",1,-0.08
561,95,"(53, 7)",1,-0.08
561,96,"(54, 7)",1,-0.08
561,97,"(55, 7)",1,-0.08
561,98,"(56, 7)",1,-0.08
561,99,"(57, 7)",1,-0.08
561,100,"(58, 7)",1,-0.08
561,101,"(59, 7)",1,-0.08
561,102,"(60, 7)",1,-0.08
561,103,"(61, 7)",1,-0.08
561,104,"(62, 7)",1,-0.08
561,105,"(63, 7)",1,-0.08
561,106,"(64, 7)",1,-0.08
561,107,"(65, 7)",1,-0.08
561,108,"(66, 7)",1,-0.08
561,109,"(67, 7)",1,-0.08
561,110,"(68, 7)",1,-0.08
561,111,"(69, 7)",0,-0.08
561,112,"(69, 6)",1,-0.08
561,113,"(70, 6)",1,-0.08
561,114,"(71, 6)",1,-0.08
561,115,"(72, 6)",0,-0.08
561,116,"(72, 5)",1,-0.08
561,117,"(73, 5)",1,-0.08
561,118,"(74, 5)",0,-0.08
561,119,"(74, 4)",0,-0.08
561,120,"(74, 3)",1,-0.08
561,121,"(75, 3)",1,-0.08
561,122,"(76, 3)",1,-0.08
561,123,"(77, 3)",0,-0.08
561,124,"(77, 2)",0,-0.08
561,125,"(77, 1)",1,-0.08
561,126,"(78, 1)",1,-0.08
561,127,"(79, 1)",0,8.33
562,0,"(0, 39)",0,-0.08
562,1,"(0, 38)",0,-0.08
562,2,"(0, 37)",0,-0.08
562,3,"(0, 36)",0,-0.08
562,4,"(0, 35)",1,-0.08
562,5,"(1, 35)",1,-0.08
562,6,"(2, 35)",1,-0.08
562,7,"(3, 35)",1,-8.33
562,8,"(3, 35)",3,-0.08
562,9,"(2, 35)",0,-0.08
562,10,"(2, 34)",0,-0.08
562,11,"(2, 33)",1,-0.08
562,12,"(3, 33)",1,-0.08
562,13,"(4, 33)",1,-0.08
562,14,"(5, 33)",0,-0.08
562,15,"(5, 32)",0,-0.08
562,16,"(5, 31)",0,-0.08
562,17,"(5, 30)",0,-0.08
562,18,"(5, 29)",0,-8.33
562,19,"(5, 29)",1,-0.08
562,20,"(6, 29)",1,-0.08
562,21,"(7, 29)",1,-0.08
562,22,"(8, 29)",0,-0.08
562,23,"(8, 28)",0,-0.08
562,24,"(8, 27)",1,-0.08
562,25,"(9, 27)",1,-0.08
562,26,"(10, 27)",1,-0.08
562,27,"(11, 27)",1,-0.08
562,28,"(12, 27)",1,-0.08
562,29,"(13, 27)",1,-0.08
562,30,"(14, 27)",1,-0.08
562,31,"(15, 27)",0,-0.08
562,32,"(15, 26)",1,-0.08
562,33,"(16, 26)",1,-0.08
562,34,"(17, 26)",0,-0.08
562,35,"(17, 25)",0,-0.08
562,36,"(17, 24)",0,-0.08
562,37,"(17, 23)",1,-0.08
562,38,"(18, 23)",0,-0.08
562,39,"(18, 22)",1,-0.08
562,40,"(19, 22)",0,-0.08
562,41,"(19, 21)",0,-0.08
562,42,"(19, 20)",1,-0.08
562,43,"(20, 20)",1,-0.08
562,44,"(21, 20)",0,-0.08
562,45,"(21, 19)",1,-0.08
562,46,"(22, 19)",1,-0.08
562,47,"(23, 19)",0,-0.08
562,48,"(23, 18)",0,-0.08
562,49,"(23, 17)",0,-0.08
562,50,"(23, 16)",0,-0.08
562,51,"(23, 15)",1,-0.08
562,52,"(24, 15)",1,-0.08
562,53,"(25, 15)",1,-0.08
562,54,"(26, 15)",1,-0.08
562,55,"(27, 15)",1,-0.08
562,56,"(28, 15)",1,-0.08
562,57,"(29, 15)",1,-0.08
562,58,"(30, 15)",1,-0.08
562,59,"(31, 15)",1,-0.08
562,60,"(32, 15)",0,-0.08
562,61,"(32, 14)",0,-0.08
562,62,"(32, 13)",1,-0.08
562,63,"(33, 13)",1,-0.08
562,64,"(34, 13)",1,-0.08
562,65,"(35, 13)",1,-0.08
562,66,"(36, 13)",1,-0.08
562,67,"(37, 13)",1,-0.08
562,68,"(38, 13)",1,-0.08
562,69,"(39, 13)",1,-0.08
562,70,"(40, 13)",1,-0.08
562,71,"(41, 13)",0,-0.08
562,72,"(41, 12)",0,-0.08
562,73,"(41, 11)",1,-0.08
562,74,"(42, 11)",1,-0.08
562,75,"(43, 11)",1,-0.08
562,76,"(44, 11)",1,-0.08
562,77,"(45, 11)",0,-0.08
562,78,"(45, 10)",1,-0.08
562,79,"(46, 10)",0,-0.08
562,80,"(46, 9)",0,-0.08
562,81,"(46, 8)",0,-0.08
562,82,"(46, 7)",1,-0.08
562,83,"(47, 7)",1,-0.08
562,84,"(48, 7)",1,-0.08
562,85,"(49, 7)",1,-0.08
562,86,"(50, 7)",1,-0.08
562,87,"(51, 7)",1,-0.08
562,88,"(52, 7)",1,-0.08
562,89,"(53, 7)",1,-0.08
562,90,"(54, 7)",1,-0.08
562,91,"(55, 7)",1,-0.08
562,92,"(56, 7)",1,-0.08
562,93,"(57, 7)",1,-0.08
562,94,"(58, 7)",1,-0.08
562,95,"(59, 7)",1,-0.08
562,96,"(60, 7)",1,-0.08
562,97,"(61, 7)",1,-0.08
562,98,"(62, 7)",1,-0.08
562,99,"(63, 7)",1,-0.08
562,100,"(64, 7)",1,-0.08
562,101,"(65, 7)",1,-0.08
562,102,"(66, 7)",1,-0.08
562,103,"(67, 7)",1,-0.08
562,104,"(68, 7)",1,-0.08
562,105,"(69, 7)",0,-0.08
562,106,"(69, 6)",1,-0.08
562,107,"(70, 6)",1,-0.08
562,108,"(71, 6)",0,-0.08
562,109,"(71, 5)",1,-0.08
562,110,"(72, 5)",1,-0.08
562,111,"(73, 5)",1,-0.08
562,112,"(74, 5)",1,-0.08
562,113,"(75, 5)",1,-0.08
562,114,"(76, 5)",1,-0.08
562,115,"(77, 5)",0,-0.08
562,116,"(77, 4)",0,-0.08
562,117,"(77, 3)",0,-0.08
562,118,"(77, 2)",0,-0.08
562,119,"(77, 1)",1,-0.08
562,120,"(78, 1)",1,-0.08
562,121,"(79, 1)",0,8.33
563,0,"(0, 39)",1,-0.08
563,1,"(1, 39)",0,-0.08
563,2,"(1, 38)",1,-8.33
563,3,"(1, 38)",0,-0.08
563,4,"(1, 37)",0,-8.33
563,5,"(1, 37)",3,-0.08
563,6,"(0, 37)",0,-0.08
563,7,"(0, 36)",0,-0.08
563,8,"(0, 35)",0,-0.08
563,9,"(0, 34)",1,-0.08
563,10,"(1, 34)",0,-0.08
563,11,"(1, 33)",0,-0.08
563,12,"(1, 32)",0,-0.08
563,13,"(1, 31)",0,-0.08
563,14,"(1, 30)",0,-0.08
563,15,"(1, 29)",0,-0.08
563,16,"(1, 28)",0,-0.08
563,17,"(1, 27)",0,-0.08
563,18,"(1, 26)",0,-0.08
563,19,"(1, 25)",1,-0.08
563,20,"(2, 25)",1,-0.08
563,21,"(3, 25)",1,-0.08
563,22,"(4, 25)",1,-0.08
563,23,"(5, 25)",1,-0.08
563,24,"(6, 25)",1,-0.08
563,25,"(7, 25)",1,-0.08
563,26,"(8, 25)",1,-0.08
563,27,"(9, 25)",0,-0.08
563,28,"(9, 24)",1,-0.08
563,29,"(10, 24)",1,-0.08
563,30,"(11, 24)",1,-0.08
563,31,"(12, 24)",1,-0.08
563,32,"(13, 24)",0,-0.08
563,33,"(13, 23)",1,-0.08
563,34,"(14, 23)",1,-0.08
563,35,"(15, 23)",1,-0.08
563,36,"(16, 23)",0,-0.08
563,37,"(16, 22)",1,-0.08
563,38,"(17, 22)",1,-0.08
563,39,"(18, 22)",1,-0.08
563,40,"(19, 22)",1,-0.08
563,41,"(20, 22)",0,-0.08
563,42,"(20, 21)",1,-0.08
563,43,"(21, 21)",0,-0.08
563,44,"(21, 20)",0,-0.08
563,45,"(21, 19)",0,-0.08
563,46,"(21, 18)",1,-8.33
563,47,"(21, 18)",2,-0.08
563,48,"(21, 19)",1,-0.08
563,49,"(22, 19)",1,-0.08
563,50,"(23, 19)",0,-0.08
563,51,"(23, 18)",0,-0.08
563,52,"(23, 17)",1,-0.08
563,53,"(24, 17)",1,-0.08
563,54,"(25, 17)",1,-0.08
563,55,"(26, 17)",1,-0.08
563,56,"(27, 17)",1,-0.08
563,57,"(28, 17)",1,-0.08
563,58,"(29, 17)",1,-0.08
563,59,"(30, 17)",1,-0.08
563,60,"(31, 17)",1,-0.08
563,61,"(32, 17)",0,-0.08
563,62,"(32, 16)",0,-0.08
563,63,"(32, 15)",1,-0.08
563,64,"(33, 15)",1,-0.08
563,65,"(34, 15)",1,-0.08
563,66,"(35, 15)",0,-0.08
563,67,"(35, 14)",0,-0.08
563,68,"(35, 13)",1,-0.08
563,69,"(36, 13)",1,-0.08
563,70,"(37, 13)",0,-0.08
563,71,"(37, 12)",1,-0.08
563,72,"(38, 12)",1,-0.08
563,73,"(39, 12)",0,-0.08
563,74,"(39, 11)",1,-0.08
563,75,"(40, 11)",1,-0.08
563,76,"(41, 11)",1,-0.08
563,77,"(42, 11)",1,-0.08
563,78,"(43, 11)",1,-0.08
563,79,"(44, 11)",1,-0.08
563,80,"(45, 11)",0,-0.08
563,81,"(45, 10)",1,-0.08
563,82,"(46, 10)",1,-0.08
563,83,"(47, 10)",1,-0.08
563,84,"(48, 10)",1,-0.08
563,85,"(49, 10)",1,-0.08
563,86,"(50, 10)",0,-0.08
563,87,"(50, 9)",0,-0.08
563,88,"(50, 8)",0,-0.08
563,89,"(50, 7)",1,-0.08
563,90,"(51, 7)",1,-0.08
563,91,"(52, 7)",1,-0.08
563,92,"(53, 7)",1,-0.08
563,93,"(54, 7)",1,-0.08
563,94,"(55, 7)",1,-0.08
563,95,"(56, 7)",1,-0.08
563,96,"(57, 7)",1,-0.08
563,97,"(58, 7)",1,-0.08
563,98,"(59, 7)",1,-0.08
563,99,"(60, 7)",1,-0.08
563,100,"(61, 7)",1,-0.08
563,101,"(62, 7)",1,-0.08
563,102,"(63, 7)",1,-0.08
563,103,"(64, 7)",1,-0.08
563,104,"(65, 7)",1,-0.08
563,105,"(66, 7)",1,-0.08
563,106,"(67, 7)",1,-0.08
563,107,"(68, 7)",1,-0.08
563,108,"(69, 7)",1,-0.08
563,109,"(70, 7)",1,-0.08
563,110,"(71, 7)",1,-0.08
563,111,"(72, 7)",0,-0.08
563,112,"(72, 6)",0,-0.08
563,113,"(72, 5)",1,-0.08
563,114,"(73, 5)",1,-0.08
563,115,"(74, 5)",1,-0.08
563,116,"(75, 5)",1,-0.08
563,117,"(76, 5)",1,-0.08
563,118,"(77, 5)",0,-0.08
563,119,"(77, 4)",0,-0.08
563,120,"(77, 3)",0,-0.08
563,121,"(77, 2)",0,-0.08
563,122,"(77, 1)",0,-0.08
563,123,"(77, 0)",1,-0.08
563,124,"(78, 0)",1,8.33
564,0,"(0, 39)",1,-0.08
564,1,"(1, 39)",0,-0.08
564,2,"(1, 38)",1,-8.33
564,3,"(1, 38)",0,-0.08
564,4,"(1, 37)",0,-8.33
564,5,"(1, 37)",3,-0.08
564,6,"(0, 37)",0,-0.08
564,7,"(0, 36)",0,-0.08
564,8,"(0, 35)",0,-0.08
564,9,"(0, 34)",1,-0.08
564,10,"(1, 34)",0,-0.08
564,11,"(1, 33)",0,-0.08
564,12,"(1, 32)",0,-0.08
564,13,"(1, 31)",0,-0.08
564,14,"(1, 30)",0,-0.08
564,15,"(1, 29)",0,-0.08
564,16,"(1, 28)",0,-0.08
564,17,"(1, 27)",0,-0.08
564,18,"(1, 26)",0,-0.08
564,19,"(1, 25)",1,-0.08
564,20,"(2, 25)",1,-0.08
564,21,"(3, 25)",1,-0.08
564,22,"(4, 25)",1,-0.08
564,23,"(5, 25)",1,-0.08
564,24,"(6, 25)",1,-0.08
564,25,"(7, 25)",1,-0.08
564,26,"(8, 25)",1,-0.08
564,27,"(9, 25)",1,-0.08
564,28,"(10, 25)",1,-0.08
564,29,"(11, 25)",0,-0.08
564,30,"(11, 24)",1,-0.08
564,31,"(12, 24)",1,-0.08
564,32,"(13, 24)",1,-0.08
564,33,"(14, 24)",0,-0.08
564,34,"(14, 23)",1,-0.08
564,35,"(15, 23)",1,-0.08
564,36,"(16, 23)",0,-0.08
564,37,"(16, 22)",1,-0.08
564,38,"(17, 22)",1,-0.08
564,39,"(18, 22)",1,-0.08
564,40,"(19, 22)",1,-0.08
564,41,"(20, 22)",1,-0.08
564,42,"(21, 22)",0,-0.08
564,43,"(21, 21)",1,-0.08
564,44,"(22, 21)",0,-0.08
564,45,"(22, 20)",0,-0.08
564,46,"(22, 19)",0,-8.33
564,47,"(22, 19)",1,-0.08
564,48,"(23, 19)",0,-0.08
564,49,"(23, 18)",0,-0.08
564,50,"(23, 17)",0,-0.08
564,51,"(23, 16)",0,-0.08
564,52,"(23, 15)",1,-0.08
564,53,"(24, 15)",1,-0.08
564,54,"(25, 15)",1,-0.08
564,55,"(26, 15)",1,-0.08
564,56,"(27, 15)",1,-0.08
564,57,"(28, 15)",1,-0.08
564,58,"(29, 15)",0,-0.08
564,59,"(29, 14)",0,-0.08
564,60,"(29, 13)",1,-0.08
564,61,"(30, 13)",1,-0.08
564,62,"(31, 13)",1,-0.08
564,63,"(32, 13)",1,-0.08
564,64,"(33, 13)",1,-0.08
564,65,"(34, 13)",1,-0.08
564,66,"(35, 13)",0,-0.08
564,67,"(35, 12)",1,-0.08
564,68,"(36, 12)",1,-0.08
564,69,"(37, 12)",1,-0.08
564,70,"(38, 12)",1,-0.08
564,71,"(39, 12)",0,-0.08
564,72,"(39, 11)",1,-0.08
564,73,"(40, 11)",1,-0.08
564,74,"(41, 11)",1,-0.08
564,75,"(42, 11)",1,-0.08
564,76,"(43, 11)",1,-0.08
564,77,"(44, 11)",1,-0.08
564,78,"(45, 11)",0,-0.08
564,79,"(45, 10)",1,-0.08
564,80,"(46, 10)",1,-0.08
564,81,"(47, 10)",1,-0.08
564,82,"(48, 10)",1,-0.08
564,83,"(49, 10)",0,-0.08
564,84,"(49, 9)",1,-0.08
564,85,"(50, 9)",1,-0.08
564,86,"(51, 9)",1,-0.08
564,87,"(52, 9)",1,-0.08
564,88,"(53, 9)",1,-0.08
564,89,"(54, 9)",1,-0.08
564,90,"(55, 9)",1,-0.08
564,91,"(56, 9)",1,-0.08
564,92,"(57, 9)",0,-0.08
564,93,"(57, 8)",0,-0.08
564,94,"(57, 7)",1,-0.08
564,95,"(58, 7)",1,-0.08
564,96,"(59, 7)",1,-0.08
564,97,"(60, 7)",1,-0.08
564,98,"(61, 7)",1,-0.08
564,99,"(62, 7)",1,-0.08
564,100,"(63, 7)",1,-0.08
564,101,"(64, 7)",1,-0.08
564,102,"(65, 7)",1,-0.08
564,103,"(66, 7)",1,-0.08
564,104,"(67, 7)",1,-0.08
564,105,"(68, 7)",1,-0.08
564,106,"(69, 7)",1,-0.08
564,107,"(70, 7)",1,-0.08
564,108,"(71, 7)",1,-0.08
564,109,"(72, 7)",0,-0.08
564,110,"(72, 6)",1,-0.08
564,111,"(73, 6)",1,-0.08
564,112,"(74, 6)",0,-0.08
564,113,"(74, 5)",0,-0.08
564,114,"(74, 4)",0,-0.08
564,115,"(74, 3)",1,-0.08
564,116,"(75, 3)",1,-0.08
564,117,"(76, 3)",0,-0.08
564,118,"(76, 2)",0,-0.08
564,119,"(76, 1)",0,-0.08
564,120,"(76, 0)",1,-0.08
564,121,"(77, 0)",1,-0.08
564,122,"(78, 0)",1,8.33
565,0,"(0, 39)",1,-0.08
565,1,"(1, 39)",0,-0.08
565,2,"(1, 38)",1,-8.33
565,3,"(1, 38)",0,-0.08
565,4,"(1, 37)",0,-8.33
565,5,"(1, 37)",3,-0.08
565,6,"(0, 37)",0,-0.08
565,7,"(0, 36)",0,-0.08
565,8,"(0, 35)",0,-0.08
565,9,"(0, 34)",0,-0.08
565,10,"(0, 33)",1,-0.08
565,11,"(1, 33)",0,-0.08
565,12,"(1, 32)",0,-0.08
565,13,"(1, 31)",1,-0.08
565,14,"(2, 31)",1,-0.08
565,15,"(3, 31)",0,-8.33
565,16,"(3, 31)",3,-0.08
565,17,"(2, 31)",3,-0.08
565,18,"(1, 31)",0,-0.08
565,19,"(1, 30)",0,-0.08
565,20,"(1, 29)",1,-0.08
565,21,"(2, 29)",1,-0.08
565,22,"(3, 29)",1,-0.08
565,23,"(4, 29)",1,-0.08
565,24,"(5, 29)",1,-0.08
565,25,"(6, 29)",1,-0.08
565,26,"(7, 29)",1,-0.08
565,27,"(8, 29)",1,-0.08
565,28,"(9, 29)",1,-0.08
565,29,"(10, 29)",0,-0.08
565,30,"(10, 28)",0,-0.08
565,31,"(10, 27)",1,-0.08
565,32,"(11, 27)",1,-0.08
565,33,"(12, 27)",1,-0.08
565,34,"(13, 27)",1,-0.08
565,35,"(14, 27)",1,-0.08
565,36,"(15, 27)",1,-0.08
565,37,"(16, 27)",1,-0.08
565,38,"(17, 27)",0,-0.08
565,39,"(17, 26)",0,-0.08
565,40,"(17, 25)",0,-0.08
565,41,"(17, 24)",0,-0.08
565,42,"(17, 23)",0,-0.08
565,43,"(17, 22)",1,-0.08
565,44,"(18, 22)",1,-0.08
565,45,"(19, 22)",1,-0.08
565,46,"(20, 22)",1,-0.08
565,47,"(21, 22)",0,-0.08
565,48,"(21, 21)",1,-0.08
565,49,"(22, 21)",0,-0.08
565,50,"(22, 20)",1,-0.08
565,51,"(23, 20)",0,-0.08
565,52,"(23, 19)",0,-0.08
565,53,"(23, 18)",0,-0.08
565,54,"(23, 17)",1,-0.08
565,55,"(24, 17)",1,-0.08
565,56,"(25, 17)",1,-0.08
565,57,"(26, 17)",1,-0.08
565,58,"(27, 17)",0,-0.08
565,59,"(27, 16)",1,-0.08
565,60,"(28, 16)",0,-0.08
565,61,"(28, 15)",1,-0.08
565,62,"(29, 15)",0,-0.08
565,63,"(29, 14)",0,-0.08
565,64,"(29, 13)",1,-0.08
565,65,"(30, 13)",1,-0.08
565,66,"(31, 13)",1,-0.08
565,67,"(32, 13)",1,-0.08
565,68,"(33, 13)",1,-0.08
565,69,"(34, 13)",1,-0.08
565,70,"(35, 13)",0,-0.08
565,71,"(35, 12)",1,-0.08
565,72,"(36, 12)",1,-0.08
565,73,"(37, 12)",1,-0.08
565,74,"(38, 12)",1,-0.08
565,75,"(39, 12)",0,-0.08
565,76,"(39, 11)",1,-0.08
565,77,"(40, 11)",1,-0.08
565,78,"(41, 11)",1,-0.08
565,79,"(42, 11)",1,-0.08
565,80,"(43, 11)",1,-0.08
565,81,"(44, 11)",1,-0.08
565,82,"(45, 11)",0,-0.08
565,83,"(45, 10)",1,-0.08
565,84,"(46, 10)",1,-0.08
565,85,"(47, 10)",1,-0.08
565,86,"(48, 10)",1,-0.08
565,87,"(49, 10)",0,-0.08
565,88,"(49, 9)",1,-0.08
565,89,"(50, 9)",0,-0.08
565,90,"(50, 8)",0,-0.08
565,91,"(50, 7)",1,-0.08
565,92,"(51, 7)",1,-0.08
565,93,"(52, 7)",1,-0.08
565,94,"(53, 7)",1,-0.08
565,95,"(54, 7)",1,-0.08
565,96,"(55, 7)",1,-0.08
565,97,"(56, 7)",1,-0.08
565,98,"(57, 7)",1,-0.08
565,99,"(58, 7)",1,-0.08
565,100,"(59, 7)",1,-0.08
565,101,"(60, 7)",1,-0.08
565,102,"(61, 7)",1,-0.08
565,103,"(62, 7)",1,-0.08
565,104,"(63, 7)",1,-0.08
565,105,"(64, 7)",1,-0.08
565,106,"(65, 7)",1,-0.08
565,107,"(66, 7)",1,-0.08
565,108,"(67, 7)",1,-0.08
565,109,"(68, 7)",1,-0.08
565,110,"(69, 7)",0,-0.08
565,111,"(69, 6)",1,-0.08
565,112,"(70, 6)",1,-0.08
565,113,"(71, 6)",1,-0.08
565,114,"(72, 6)",0,-0.08
565,115,"(72, 5)",1,-0.08
565,116,"(73, 5)",1,-0.08
565,117,"(74, 5)",1,-0.08
565,118,"(75, 5)",1,-0.08
565,119,"(76, 5)",1,-0.08
565,120,"(77, 5)",0,-0.08
565,121,"(77, 4)",0,-0.08
565,122,"(77, 3)",0,-0.08
565,123,"(77, 2)",0,-0.08
565,124,"(77, 1)",0,-0.08
565,125,"(77, 0)",1,-0.08
565,126,"(78, 0)",1,8.33
566,0,"(0, 39)",1,-0.08
566,1,"(1, 39)",0,-0.08
566,2,"(1, 38)",1,-8.33
566,3,"(1, 38)",0,-0.08
566,4,"(1, 37)",0,-8.33
566,5,"(1, 37)",3,-0.08
566,6,"(0, 37)",0,-0.08
566,7,"(0, 36)",0,-0.08
566,8,"(0, 35)",1,-0.08
566,9,"(1, 35)",1,-0.08
566,10,"(2, 35)",0,-0.08
566,11,"(2, 34)",0,-0.08
566,12,"(2, 33)",1,-0.08
566,13,"(3, 33)",0,-0.08
566,14,"(3, 32)",0,-0.08
566,15,"(3, 31)",0,-8.33
566,16,"(3, 31)",3,-0.08
566,17,"(2, 31)",3,-0.08
566,18,"(1, 31)",0,-0.08
566,19,"(1, 30)",0,-0.08
566,20,"(1, 29)",1,-0.08
566,21,"(2, 29)",1,-0.08
566,22,"(3, 29)",1,-0.08
566,23,"(4, 29)",1,-0.08
566,24,"(5, 29)",1,-0.08
566,25,"(6, 29)",1,-0.08
566,26,"(7, 29)",1,-0.08
566,27,"(8, 29)",1,-0.08
566,28,"(9, 29)",1,-0.08
566,29,"(10, 29)",0,-0.08
566,30,"(10, 28)",0,-0.08
566,31,"(10, 27)",1,-0.08
566,32,"(11, 27)",1,-0.08
566,33,"(12, 27)",0,-0.08
566,34,"(12, 26)",1,-0.08
566,35,"(13, 26)",0,-0.08
566,36,"(13, 25)",0,-0.08
566,37,"(13, 24)",0,-0.08
566,38,"(13, 23)",1,-0.08
566,39,"(14, 23)",1,-0.08
566,40,"(15, 23)",1,-0.08
566,41,"(16, 23)",0,-0.08
566,42,"(16, 22)",1,-0.08
566,43,"(17, 22)",1,-0.08
566,44,"(18, 22)",1,-0.08
566,45,"(19, 22)",1,-0.08
566,46,"(20, 22)",0,-0.08
566,47,"(20, 21)",1,-0.08
566,48,"(21, 21)",1,-0.08
566,49,"(22, 21)",0,-0.08
566,50,"(22, 20)",1,-0.08
566,51,"(23, 20)",0,-0.08
566,52,"(23, 19)",0,-0.08
566,53,"(23, 18)",0,-0.08
566,54,"(23, 17)",0,-0.08
566,55,"(23, 16)",0,-0.08
566,56,"(23, 15)",1,-0.08
566,57,"(24, 15)",1,-0.08
566,58,"(25, 15)",1,-0.08
566,59,"(26, 15)",1,-0.08
566,60,"(27, 15)",1,-0.08
566,61,"(28, 15)",1,-0.08
566,62,"(29, 15)",1,-0.08
566,63,"(30, 15)",1,-0.08
566,64,"(31, 15)",1,-0.08
566,65,"(32, 15)",1,-0.08
566,66,"(33, 15)",1,-0.08
566,67,"(34, 15)",0,-0.08
566,68,"(34, 14)",1,-0.08
566,69,"(35, 14)",0,-0.08
566,70,"(35, 13)",0,-0.08
566,71,"(35, 12)",1,-0.08
566,72,"(36, 12)",1,-0.08
566,73,"(37, 12)",1,-0.08
566,74,"(38, 12)",1,-0.08
566,75,"(39, 12)",0,-0.08
566,76,"(39, 11)",1,-0.08
566,77,"(40, 11)",1,-0.08
566,78,"(41, 11)",1,-0.08
566,79,"(42, 11)",1,-0.08
566,80,"(43, 11)",1,-0.08
566,81,"(44, 11)",1,-0.08
566,82,"(45, 11)",0,-0.08
566,83,"(45, 10)",1,-0.08
566,84,"(46, 10)",1,-0.08
566,85,"(47, 10)",1,-0.08
566,86,"(48, 10)",1,-0.08
566,87,"(49, 10)",0,-0.08
566,88,"(49, 9)",1,-0.08
566,89,"(50, 9)",1,-0.08
566,90,"(51, 9)",1,-0.08
566,91,"(52, 9)",1,-0.08
566,92,"(53, 9)",1,-0.08
566,93,"(54, 9)",1,-0.08
566,94,"(55, 9)",1,-0.08
566,95,"(56, 9)",1,-0.08
566,96,"(57, 9)",1,-0.08
566,97,"(58, 9)",0,-0.08
566,98,"(58, 8)",0,-0.08
566,99,"(58, 7)",1,-0.08
566,100,"(59, 7)",1,-0.08
566,101,"(60, 7)",1,-0.08
566,102,"(61, 7)",1,-0.08
566,103,"(62, 7)",1,-0.08
566,104,"(63, 7)",1,-0.08
566,105,"(64, 7)",1,-0.08
566,106,"(65, 7)",1,-0.08
566,107,"(66, 7)",1,-0.08
566,108,"(67, 7)",1,-0.08
566,109,"(68, 7)",1,-0.08
566,110,"(69, 7)",1,-0.08
566,111,"(70, 7)",1,-0.08
566,112,"(71, 7)",0,-0.08
566,113,"(71, 6)",0,-0.08
566,114,"(71, 5)",1,-0.08
566,115,"(72, 5)",1,-0.08
566,116,"(73, 5)",1,-0.08
566,117,"(74, 5)",1,-0.08
566,118,"(75, 5)",0,-0.08
566,119,"(75, 4)",0,-0.08
566,120,"(75, 3)",1,-0.08
566,121,"(76, 3)",0,-0.08
566,122,"(76, 2)",1,-0.08
566,123,"(77, 2)",0,-0.08
566,124,"(77, 1)",1,-0.08
566,125,"(78, 1)",1,-0.08
566,126,"(79, 1)",0,8.33
567,0,"(0, 39)",0,-0.08
567,1,"(0, 38)",0,-0.08
567,2,"(0, 37)",0,-0.08
567,3,"(0, 36)",1,-8.33
567,4,"(0, 36)",0,-0.08
567,5,"(0, 35)",1,-0.08
567,6,"(1, 35)",0,-0.08
567,7,"(1, 34)",1,-0.08
567,8,"(2, 34)",0,-0.08
567,9,"(2, 33)",1,-0.08
567,10,"(3, 33)",0,-0.08
567,11,"(3, 32)",0,-0.08
567,12,"(3, 31)",0,-8.33
567,13,"(3, 31)",2,-0.08
567,14,"(3, 32)",2,-0.08
567,15,"(3, 33)",1,-0.08
567,16,"(4, 33)",1,-0.08
567,17,"(5, 33)",1,-0.08
567,18,"(6, 33)",1,-0.08
567,19,"(7, 33)",1,-0.08
567,20,"(8, 33)",0,-0.08
567,21,"(8, 32)",1,-0.08
567,22,"(9, 32)",0,-0.08
567,23,"(9, 31)",0,-0.08
567,24,"(9, 30)",0,-0.08
567,25,"(9, 29)",1,-0.08
567,26,"(10, 29)",0,-0.08
567,27,"(10, 28)",0,-0.08
567,28,"(10, 27)",1,-0.08
567,29,"(11, 27)",1,-0.08
567,30,"(12, 27)",0,-0.08
567,31,"(12, 26)",0,-0.08
567,32,"(12, 25)",1,-0.08
567,33,"(13, 25)",1,-0.08
567,34,"(14, 25)",0,-0.08
567,35,"(14, 24)",0,-0.08
567,36,"(14, 23)",1,-0.08
567,37,"(15, 23)",1,-0.08
567,38,"(16, 23)",0,-0.08
567,39,"(16, 22)",1,-0.08
567,40,"(17, 22)",1,-0.08
567,41,"(18, 22)",1,-0.08
567,42,"(19, 22)",0,-0.08
567,43,"(19, 21)",0,-0.08
567,44,"(19, 20)",0,-0.08
567,45,"(19, 19)",1,-0.08
567,46,"(20, 19)",1,-0.08
567,47,"(21, 19)",1,-0.08
567,48,"(22, 19)",1,-0.08
567,49,"(23, 19)",0,-0.08
567,50,"(23, 18)",0,-0.08
567,51,"(23, 17)",0,-0.08
567,52,"(23, 16)",0,-0.08
567,53,"(23, 15)",1,-0.08
567,54,"(24, 15)",1,-0.08
567,55,"(25, 15)",1,-0.08
567,56,"(26, 15)",1,-0.08
567,57,"(27, 15)",0,-0.08
567,58,"(27, 14)",0,-0.08
567,59,"(27, 13)",1,-0.08
567,60,"(28, 13)",1,-0.08
567,61,"(29, 13)",1,-0.08
567,62,"(30, 13)",1,-0.08
567,63,"(31, 13)",1,-0.08
567,64,"(32, 13)",1,-0.08
567,65,"(33, 13)",1,-0.08
567,66,"(34, 13)",1,-0.08
567,67,"(35, 13)",1,-0.08
567,68,"(36, 13)",0,-0.08
567,69,"(36, 12)",1,-0.08
567,70,"(37, 12)",1,-0.08
567,71,"(38, 12)",1,-0.08
567,72,"(39, 12)",0,-0.08
567,73,"(39, 11)",1,-0.08
567,74,"(40, 11)",1,-0.08
567,75,"(41, 11)",1,-0.08
567,76,"(42, 11)",1,-0.08
567,77,"(43, 11)",1,-0.08
567,78,"(44, 11)",1,-0.08
567,79,"(45, 11)",0,-0.08
567,80,"(45, 10)",1,-0.08
567,81,"(46, 10)",1,-0.08
567,82,"(47, 10)",1,-0.08
567,83,"(48, 10)",1,-0.08
567,84,"(49, 10)",0,-0.08
567,85,"(49, 9)",1,-0.08
567,86,"(50, 9)",1,-0.08
567,87,"(51, 9)",1,-0.08
567,88,"(52, 9)",1,-0.08
567,89,"(53, 9)",1,-0.08
567,90,"(54, 9)",1,-0.08
567,91,"(55, 9)",1,-0.08
567,92,"(56, 9)",1,-0.08
567,93,"(57, 9)",1,-0.08
567,94,"(58, 9)",0,-0.08
567,95,"(58, 8)",0,-0.08
567,96,"(58, 7)",1,-0.08
567,97,"(59, 7)",1,-0.08
567,98,"(60, 7)",1,-0.08
567,99,"(61, 7)",1,-0.08
567,100,"(62, 7)",1,-0.08
567,101,"(63, 7)",1,-0.08
567,102,"(64, 7)",1,-0.08
567,103,"(65, 7)",1,-0.08
567,104,"(66, 7)",1,-0.08
567,105,"(67, 7)",1,-0.08
567,106,"(68, 7)",1,-0.08
567,107,"(69, 7)",1,-0.08
567,108,"(70, 7)",0,-0.08
567,109,"(70, 6)",1,-0.08
567,110,"(71, 6)",1,-0.08
567,111,"(72, 6)",0,-0.08
567,112,"(72, 5)",1,-0.08
567,113,"(73, 5)",1,-0.08
567,114,"(74, 5)",1,-0.08
567,115,"(75, 5)",1,-0.08
567,116,"(76, 5)",1,-0.08
567,117,"(77, 5)",0,-0.08
567,118,"(77, 4)",0,-0.08
567,119,"(77, 3)",0,-0.08
567,120,"(77, 2)",0,-0.08
567,121,"(77, 1)",0,-0.08
567,122,"(77, 0)",1,-0.08
567,123,"(78, 0)",1,8.33
568,0,"(0, 39)",0,-0.08
568,1,"(0, 38)",1,-0.08
568,2,"(1, 38)",1,-8.33
568,3,"(1, 38)",0,-0.08
568,4,"(1, 37)",0,-8.33
568,5,"(1, 37)",3,-0.08
568,6,"(0, 37)",0,-0.08
568,7,"(0, 36)",0,-0.08
568,8,"(0, 35)",1,-0.08
568,9,"(1, 35)",0,-0.08
568,10,"(1, 34)",1,-0.08
568,11,"(2, 34)",0,-0.08
568,12,"(2, 33)",0,-0.08
568,13,"(2, 32)",0,-0.08
568,14,"(2, 31)",1,-0.08
568,15,"(3, 31)",0,-8.33
568,16,"(3, 31)",0,-8.33
568,17,"(3, 31)",2,-0.08
568,18,"(3, 32)",2,-0.08
568,19,"(3, 33)",1,-0.08
568,20,"(4, 33)",1,-0.08
568,21,"(5, 33)",1,-0.08
568,22,"(6, 33)",1,-0.08
568,23,"(7, 33)",1,-0.08
568,24,"(8, 33)",1,-0.08
568,25,"(9, 33)",1,-0.08
568,26,"(10, 33)",1,-0.08
568,27,"(11, 33)",1,-0.08
568,28,"(12, 33)",0,-0.08
568,29,"(12, 32)",0,-0.08
568,30,"(12, 31)",1,-0.08
568,31,"(13, 31)",0,-0.08
568,32,"(13, 30)",0,-0.08
568,33,"(13, 29)",1,-0.08
568,34,"(14, 29)",0,-0.08
568,35,"(14, 28)",1,-0.08
568,36,"(15, 28)",0,-0.08
568,37,"(15, 27)",1,-0.08
568,38,"(16, 27)",0,-0.08
568,39,"(16, 26)",0,-0.08
568,40,"(16, 25)",1,-0.08
568,41,"(17, 25)",0,-0.08
568,42,"(17, 24)",0,-0.08
568,43,"(17, 23)",1,-0.08
568,44,"(18, 23)",1,-0.08
568,45,"(19, 23)",0,-0.08
568,46,"(19, 22)",0,-0.08
568,47,"(19, 21)",0,-0.08
568,48,"(19, 20)",0,-0.08
568,49,"(19, 19)",1,-0.08
568,50,"(20, 19)",1,-0.08
568,51,"(21, 19)",1,-0.08
568,52,"(22, 19)",1,-0.08
568,53,"(23, 19)",0,-0.08
568,54,"(23, 18)",0,-0.08
568,55,"(23, 17)",0,-0.08
568,56,"(23, 16)",0,-0.08
568,57,"(23, 15)",1,-0.08
568,58,"(24, 15)",1,-0.08
568,59,"(25, 15)",1,-0.08
568,60,"(26, 15)",1,-0.08
568,61,"(27, 15)",0,-0.08
568,62,"(27, 14)",0,-0.08
568,63,"(27, 13)",1,-0.08
568,64,"(28, 13)",1,-0.08
568,65,"(29, 13)",1,-0.08
568,66,"(30, 13)",1,-0.08
568,67,"(31, 13)",1,-0.08
568,68,"(32, 13)",1,-0.08
568,69,"(33, 13)",1,-0.08
568,70,"(34, 13)",1,-0.08
568,71,"(35, 13)",1,-0.08
568,72,"(36, 13)",0,-0.08
568,73,"(36, 12)",1,-0.08
568,74,"(37, 12)",1,-0.08
568,75,"(38, 12)",1,-0.08
568,76,"(39, 12)",0,-0.08
568,77,"(39, 11)",1,-0.08
568,78,"(40, 11)",1,-0.08
568,79,"(41, 11)",1,-0.08
568,80,"(42, 11)",1,-0.08
568,81,"(43, 11)",1,-0.08
568,82,"(44, 11)",1,-0.08
568,83,"(45, 11)",0,-0.08
568,84,"(45, 10)",1,-0.08
568,85,"(46, 10)",0,-0.08
568,86,"(46, 9)",0,-0.08
568,87,"(46, 8)",0,-0.08
568,88,"(46, 7)",1,-0.08
568,89,"(47, 7)",1,-0.08
568,90,"(48, 7)",1,-0.08
568,91,"(49, 7)",1,-0.08
568,92,"(50, 7)",1,-0.08
568,93,"(51, 7)",1,-0.08
568,94,"(52, 7)",1,-0.08
568,95,"(53, 7)",1,-0.08
568,96,"(54, 7)",1,-0.08
568,97,"(55, 7)",1,-0.08
568,98,"(56, 7)",1,-0.08
568,99,"(57, 7)",1,-0.08
568,100,"(58, 7)",1,-0.08
568,101,"(59, 7)",1,-0.08
568,102,"(60, 7)",1,-0.08
568,103,"(61, 7)",1,-0.08
568,104,"(62, 7)",1,-0.08
568,105,"(63, 7)",1,-0.08
568,106,"(64, 7)",1,-0.08
568,107,"(65, 7)",1,-0.08
568,108,"(66, 7)",1,-0.08
568,109,"(67, 7)",1,-0.08
568,110,"(68, 7)",1,-0.08
568,111,"(69, 7)",1,-0.08
568,112,"(70, 7)",1,-0.08
568,113,"(71, 7)",1,-0.08
568,114,"(72, 7)",1,-0.08
568,115,"(73, 7)",0,-0.08
568,116,"(73, 6)",1,-0.08
568,117,"(74, 6)",0,-0.08
568,118,"(74, 5)",0,-0.08
568,119,"(74, 4)",0,-0.08
568,120,"(74, 3)",1,-0.08
568,121,"(75, 3)",1,-0.08
568,122,"(76, 3)",0,-0.08
568,123,"(76, 2)",0,-0.08
568,124,"(76, 1)",1,-0.08
568,125,"(77, 1)",0,-0.08
568,126,"(77, 0)",1,-0.08
568,127,"(78, 0)",1,8.33
569,0,"(0, 39)",1,-0.08
569,1,"(1, 39)",0,-0.08
569,2,"(1, 38)",1,-8.33
569,3,"(1, 38)",0,-0.08
569,4,"(1, 37)",0,-8.33
569,5,"(1, 37)",3,-0.08
569,6,"(0, 37)",0,-0.08
569,7,"(0, 36)",0,-0.08
569,8,"(0, 35)",1,-0.08
569,9,"(1, 35)",1,-0.08
569,10,"(2, 35)",0,-0.08
569,11,"(2, 34)",0,-0.08
569,12,"(2, 33)",0,-0.08
569,13,"(2, 32)",1,-0.08
569,14,"(3, 32)",0,-0.08
569,15,"(3, 31)",0,-8.33
569,16,"(3, 31)",0,-8.33
569,17,"(3, 31)",2,-0.08
569,18,"(3, 32)",2,-0.08
569,19,"(3, 33)",1,-0.08
569,20,"(4, 33)",1,-0.08
569,21,"(5, 33)",1,-0.08
569,22,"(6, 33)",1,-0.08
569,23,"(7, 33)",1,-0.08
569,24,"(8, 33)",1,-0.08
569,25,"(9, 33)",0,-0.08
569,26,"(9, 32)",0,-0.08
569,27,"(9, 31)",0,-0.08
569,28,"(9, 30)",0,-0.08
569,29,"(9, 29)",1,-0.08
569,30,"(10, 29)",0,-0.08
569,31,"(10, 28)",0,-0.08
569,32,"(10, 27)",1,-0.08
569,33,"(11, 27)",1,-0.08
569,34,"(12, 27)",0,-0.08
569,35,"(12, 26)",1,-0.08
569,36,"(13, 26)",0,-0.08
569,37,"(13, 25)",0,-0.08
569,38,"(13, 24)",0,-0.08
569,39,"(13, 23)",1,-0.08
569,40,"(14, 23)",1,-0.08
569,41,"(15, 23)",1,-0.08
569,42,"(16, 23)",0,-0.08
569,43,"(16, 22)",1,-0.08
569,44,"(17, 22)",1,-0.08
569,45,"(18, 22)",1,-0.08
569,46,"(19, 22)",1,-0.08
569,47,"(20, 22)",0,-0.08
569,48,"(20, 21)",0,-0.08
569,49,"(20, 20)",0,-0.08
569,50,"(20, 19)",1,-0.08
569,51,"(21, 19)",1,-0.08
569,52,"(22, 19)",1,-0.08
569,53,"(23, 19)",0,-0.08
569,54,"(23, 18)",0,-0.08
569,55,"(23, 17)",0,-0.08
569,56,"(23, 16)",0,-0.08
569,57,"(23, 15)",1,-0.08
569,58,"(24, 15)",1,-0.08
569,59,"(25, 15)",1,-0.08
569,60,"(26, 15)",1,-0.08
569,61,"(27, 15)",1,-0.08
569,62,"(28, 15)",1,-0.08
569,63,"(29, 15)",0,-0.08
569,64,"(29, 14)",0,-0.08
569,65,"(29, 13)",1,-0.08
569,66,"(30, 13)",1,-0.08
569,67,"(31, 13)",1,-0.08
569,68,"(32, 13)",1,-0.08
569,69,"(33, 13)",1,-0.08
569,70,"(34, 13)",1,-0.08
569,71,"(35, 13)",1,-0.08
569,72,"(36, 13)",0,-0.08
569,73,"(36, 12)",1,-0.08
569,74,"(37, 12)",1,-0.08
569,75,"(38, 12)",1,-0.08
569,76,"(39, 12)",0,-0.08
569,77,"(39, 11)",1,-0.08
569,78,"(40, 11)",1,-0.08
569,79,"(41, 11)",1,-0.08
569,80,"(42, 11)",1,-0.08
569,81,"(43, 11)",1,-0.08
569,82,"(44, 11)",1,-0.08
569,83,"(45, 11)",0,-0.08
569,84,"(45, 10)",1,-0.08
569,85,"(46, 10)",0,-0.08
569,86,"(46, 9)",0,-0.08
569,87,"(46, 8)",0,-0.08
569,88,"(46, 7)",1,-0.08
569,89,"(47, 7)",1,-0.08
569,90,"(48, 7)",1,-0.08
569,91,"(49, 7)",1,-0.08
569,92,"(50, 7)",1,-0.08
569,93,"(51, 7)",1,-0.08
569,94,"(52, 7)",1,-0.08
569,95,"(53, 7)",1,-0.08
569,96,"(54, 7)",1,-0.08
569,97,"(55, 7)",1,-0.08
569,98,"(56, 7)",1,-0.08
569,99,"(57, 7)",1,-0.08
569,100,"(58, 7)",1,-0.08
569,101,"(59, 7)",1,-0.08
569,102,"(60, 7)",1,-0.08
569,103,"(61, 7)",1,-0.08
569,104,"(62, 7)",1,-0.08
569,105,"(63, 7)",1,-0.08
569,106,"(64, 7)",1,-0.08
569,107,"(65, 7)",1,-0.08
569,108,"(66, 7)",1,-0.08
569,109,"(67, 7)",1,-0.08
569,110,"(68, 7)",1,-0.08
569,111,"(69, 7)",1,-0.08
569,112,"(70, 7)",1,-0.08
569,113,"(71, 7)",1,-0.08
569,114,"(72, 7)",0,-0.08
569,115,"(72, 6)",0,-0.08
569,116,"(72, 5)",1,-0.08
569,117,"(73, 5)",1,-0.08
569,118,"(74, 5)",1,-0.08
569,119,"(75, 5)",1,-0.08
569,120,"(76, 5)",1,-0.08
569,121,"(77, 5)",0,-0.08
569,122,"(77, 4)",0,-0.08
569,123,"(77, 3)",0,-0.08
569,124,"(77, 2)",0,-0.08
569,125,"(77, 1)",1,-0.08
569,126,"(78, 1)",1,-0.08
569,127,"(79, 1)",0,8.33
570,0,"(0, 39)",0,-0.08
570,1,"(0, 38)",1,-0.08
570,2,"(1, 38)",1,-8.33
570,3,"(1, 38)",0,-0.08
570,4,"(1, 37)",0,-8.33
570,5,"(1, 37)",3,-0.08
570,6,"(0, 37)",0,-0.08
570,7,"(0, 36)",0,-0.08
570,8,"(0, 35)",1,-0.08
570,9,"(1, 35)",0,-0.08
570,10,"(1, 34)",1,-0.08
570,11,"(2, 34)",0,-0.08
570,12,"(2, 33)",1,-0.08
570,13,"(3, 33)",1,-0.08
570,14,"(4, 33)",1,-0.08
570,15,"(5, 33)",0,-0.08
570,16,"(5, 32)",0,-0.08
570,17,"(5, 31)",0,-0.08
570,18,"(5, 30)",0,-0.08
570,19,"(5, 29)",0,-8.33
570,20,"(5, 29)",1,-0.08
570,21,"(6, 29)",1,-0.08
570,22,"(7, 29)",1,-0.08
570,23,"(8, 29)",1,-0.08
570,24,"(9, 29)",1,-0.08
570,25,"(10, 29)",0,-0.08
570,26,"(10, 28)",0,-0.08
570,27,"(10, 27)",1,-0.08
570,28,"(11, 27)",1,-0.08
570,29,"(12, 27)",0,-0.08
570,30,"(12, 26)",1,-0.08
570,31,"(13, 26)",0,-0.08
570,32,"(13, 25)",1,-0.08
570,33,"(14, 25)",1,-0.08
570,34,"(15, 25)",1,-0.08
570,35,"(16, 25)",1,-0.08
570,36,"(17, 25)",0,-0.08
570,37,"(17, 24)",0,-0.08
570,38,"(17, 23)",0,-0.08
570,39,"(17, 22)",1,-0.08
570,40,"(18, 22)",1,-0.08
570,41,"(19, 22)",1,-0.08
570,42,"(20, 22)",1,-0.08
570,43,"(21, 22)",0,-0.08
570,44,"(21, 21)",0,-0.08
570,45,"(21, 20)",0,-0.08
570,46,"(21, 19)",1,-0.08
570,47,"(22, 19)",1,-0.08
570,48,"(23, 19)",0,-0.08
570,49,"(23, 18)",0,-0.08
570,50,"(23, 17)",0,-0.08
570,51,"(23, 16)",0,-0.08
570,52,"(23, 15)",1,-0.08
570,53,"(24, 15)",1,-0.08
570,54,"(25, 15)",1,-0.08
570,55,"(26, 15)",1,-0.08
570,56,"(27, 15)",0,-0.08
570,57,"(27, 14)",0,-0.08
570,58,"(27, 13)",1,-0.08
570,59,"(28, 13)",1,-0.08
570,60,"(29, 13)",1,-0.08
570,61,"(30, 13)",1,-0.08
570,62,"(31, 13)",1,-0.08
570,63,"(32, 13)",1,-0.08
570,64,"(33, 13)",1,-0.08
570,65,"(34, 13)",1,-0.08
570,66,"(35, 13)",0,-0.08
570,67,"(35, 12)",1,-0.08
570,68,"(36, 12)",1,-0.08
570,69,"(37, 12)",1,-0.08
570,70,"(38, 12)",1,-0.08
570,71,"(39, 12)",0,-0.08
570,72,"(39, 11)",1,-0.08
570,73,"(40, 11)",1,-0.08
570,74,"(41, 11)",1,-0.08
570,75,"(42, 11)",1,-0.08
570,76,"(43, 11)",1,-0.08
570,77,"(44, 11)",1,-0.08
570,78,"(45, 11)",0,-0.08
570,79,"(45, 10)",0,-0.08
570,80,"(45, 9)",1,-0.08
570,81,"(46, 9)",0,-0.08
570,82,"(46, 8)",0,-0.08
570,83,"(46, 7)",1,-0.08
570,84,"(47, 7)",1,-0.08
570,85,"(48, 7)",1,-0.08
570,86,"(49, 7)",1,-0.08
570,87,"(50, 7)",1,-0.08
570,88,"(51, 7)",1,-0.08
570,89,"(52, 7)",1,-0.08
570,90,"(53, 7)",1,-0.08
570,91,"(54, 7)",1,-0.08
570,92,"(55, 7)",1,-0.08
570,93,"(56, 7)",1,-0.08
570,94,"(57, 7)",1,-0.08
570,95,"(58, 7)",1,-0.08
570,96,"(59, 7)",1,-0.08
570,97,"(60, 7)",1,-0.08
570,98,"(61, 7)",1,-0.08
570,99,"(62, 7)",1,-0.08
570,100,"(63, 7)",1,-0.08
570,101,"(64, 7)",1,-0.08
570,102,"(65, 7)",1,-0.08
570,103,"(66, 7)",1,-0.08
570,104,"(67, 7)",1,-0.08
570,105,"(68, 7)",1,-0.08
570,106,"(69, 7)",1,-0.08
570,107,"(70, 7)",0,-0.08
570,108,"(70, 6)",1,-0.08
570,109,"(71, 6)",0,-0.08
570,110,"(71, 5)",1,-0.08
570,111,"(72, 5)",1,-0.08
570,112,"(73, 5)",1,-0.08
570,113,"(74, 5)",0,-0.08
570,114,"(74, 4)",0,-0.08
570,115,"(74, 3)",1,-0.08
570,116,"(75, 3)",1,-0.08
570,117,"(76, 3)",0,-0.08
570,118,"(76, 2)",0,-0.08
570,119,"(76, 1)",1,-0.08
570,120,"(77, 1)",1,-0.08
570,121,"(78, 1)",1,-0.08
570,122,"(79, 1)",0,8.33
571,0,"(0, 39)",1,-0.08
571,1,"(1, 39)",1,-0.08
571,2,"(2, 39)",0,-8.33
571,3,"(2, 39)",1,-0.08
571,4,"(3, 39)",0,-0.08
571,5,"(3, 38)",0,-0.08
571,6,"(3, 37)",1,-8.33
571,7,"(3, 37)",0,-0.08
571,8,"(3, 36)",0,-0.08
571,9,"(3, 35)",3,-0.08
571,10,"(2, 35)",0,-0.08
571,11,"(2, 34)",0,-0.08
571,12,"(2, 33)",0,-0.08
571,13,"(2, 32)",0,-0.08
571,14,"(2, 31)",1,-0.08
571,15,"(3, 31)",0,-8.33
571,16,"(3, 31)",0,-8.33
571,17,"(3, 31)",3,-0.08
571,18,"(2, 31)",3,-0.08
571,19,"(1, 31)",0,-0.08
571,20,"(1, 30)",0,-0.08
571,21,"(1, 29)",0,-0.08
571,22,"(1, 28)",0,-0.08
571,23,"(1, 27)",0,-0.08
571,24,"(1, 26)",1,-0.08
571,25,"(2, 26)",1,-0.08
571,26,"(3, 26)",0,-0.08
571,27,"(3, 25)",1,-0.08
571,28,"(4, 25)",1,-0.08
571,29,"(5, 25)",1,-0.08
571,30,"(6, 25)",1,-0.08
571,31,"(7, 25)",1,-0.08
571,32,"(8, 25)",1,-0.08
571,33,"(9, 25)",0,-0.08
571,34,"(9, 24)",1,-0.08
571,35,"(10, 24)",1,-0.08
571,36,"(11, 24)",1,-0.08
571,37,"(12, 24)",1,-0.08
571,38,"(13, 24)",1,-0.08
571,39,"(14, 24)",0,-0.08
571,40,"(14, 23)",1,-0.08
571,41,"(15, 23)",1,-0.08
571,42,"(16, 23)",0,-0.08
571,43,"(16, 22)",1,-0.08
571,44,"(17, 22)",1,-0.08
571,45,"(18, 22)",1,-0.08
571,46,"(19, 22)",1,-0.08
571,47,"(20, 22)",0,-0.08
571,48,"(20, 21)",1,-0.08
571,49,"(21, 21)",0,-0.08
571,50,"(21, 20)",0,-0.08
571,51,"(21, 19)",1,-0.08
571,52,"(22, 19)",1,-0.08
571,53,"(23, 19)",0,-0.08
571,54,"(23, 18)",0,-0.08
571,55,"(23, 17)",1,-0.08
571,56,"(24, 17)",1,-0.08
571,57,"(25, 17)",1,-0.08
571,58,"(26, 17)",1,-0.08
571,59,"(27, 17)",1,-0.08
571,60,"(28, 17)",1,-0.08
571,61,"(29, 17)",1,-0.08
571,62,"(30, 17)",1,-0.08
571,63,"(31, 17)",1,-0.08
571,64,"(32, 17)",1,-0.08
571,65,"(33, 17)",1,-0.08
571,66,"(34, 17)",1,-0.08
571,67,"(35, 17)",0,-0.08
571,68,"(35, 16)",0,-0.08
571,69,"(35, 15)",0,-0.08
571,70,"(35, 14)",0,-0.08
571,71,"(35, 13)",0,-0.08
571,72,"(35, 12)",1,-0.08
571,73,"(36, 12)",1,-0.08
571,74,"(37, 12)",1,-0.08
571,75,"(38, 12)",1,-0.08
571,76,"(39, 12)",0,-0.08
571,77,"(39, 11)",1,-0.08
571,78,"(40, 11)",1,-0.08
571,79,"(41, 11)",1,-0.08
571,80,"(42, 11)",1,-0.08
571,81,"(43, 11)",1,-0.08
571,82,"(44, 11)",1,-0.08
571,83,"(45, 11)",0,-0.08
571,84,"(45, 10)",1,-0.08
571,85,"(46, 10)",0,-0.08
571,86,"(46, 9)",0,-0.08
571,87,"(46, 8)",0,-0.08
571,88,"(46, 7)",1,-0.08
571,89,"(47, 7)",1,-0.08
571,90,"(48, 7)",1,-0.08
571,91,"(49, 7)",1,-0.08
571,92,"(50, 7)",1,-0.08
571,93,"(51, 7)",1,-0.08
571,94,"(52, 7)",1,-0.08
571,95,"(53, 7)",1,-0.08
571,96,"(54, 7)",1,-0.08
571,97,"(55, 7)",1,-0.08
571,98,"(56, 7)",1,-0.08
571,99,"(57, 7)",1,-0.08
571,100,"(58, 7)",1,-0.08
571,101,"(59, 7)",1,-0.08
571,102,"(60, 7)",1,-0.08
571,103,"(61, 7)",1,-0.08
571,104,"(62, 7)",1,-0.08
571,105,"(63, 7)",1,-0.08
571,106,"(64, 7)",1,-0.08
571,107,"(65, 7)",1,-0.08
571,108,"(66, 7)",1,-0.08
571,109,"(67, 7)",1,-0.08
571,110,"(68, 7)",1,-0.08
571,111,"(69, 7)",1,-0.08
571,112,"(70, 7)",0,-0.08
571,113,"(70, 6)",1,-0.08
571,114,"(71, 6)",1,-0.08
571,115,"(72, 6)",0,-0.08
571,116,"(72, 5)",1,-0.08
571,117,"(73, 5)",1,-0.08
571,118,"(74, 5)",1,-0.08
571,119,"(75, 5)",1,-0.08
571,120,"(76, 5)",1,-0.08
571,121,"(77, 5)",0,-0.08
571,122,"(77, 4)",0,-0.08
571,123,"(77, 3)",0,-0.08
571,124,"(77, 2)",0,-0.08
571,125,"(77, 1)",1,-0.08
571,126,"(78, 1)",1,-0.08
571,127,"(79, 1)",0,8.33
572,0,"(0, 39)",1,-0.08
572,1,"(1, 39)",1,-0.08
572,2,"(2, 39)",1,-0.08
572,3,"(3, 39)",1,-0.08
572,4,"(4, 39)",1,-0.08
572,5,"(5, 39)",0,-8.33
572,6,"(5, 39)",1,-0.08
572,7,"(6, 39)",1,-0.08
572,8,"(7, 39)",1,-0.08
572,9,"(8, 39)",1,-0.08
572,10,"(9, 39)",1,-0.08
572,11,"(10, 39)",0,-0.08
572,12,"(10, 38)",0,-0.08
572,13,"(10, 37)",1,-0.08
572,14,"(11, 37)",1,-0.08
572,15,"(12, 37)",0,-0.08
572,16,"(12, 36)",0,-0.08
572,17,"(12, 35)",1,-0.08
572,18,"(13, 35)",0,-0.08
572,19,"(13, 34)",0,-0.08
572,20,"(13, 33)",1,-0.08
572,21,"(14, 33)",1,-0.08
572,22,"(15, 33)",1,-0.08
572,23,"(16, 33)",1,-0.08
572,24,"(17, 33)",1,-0.08
572,25,"(18, 33)",1,-0.08
572,26,"(19, 33)",0,-0.08
572,27,"(19, 32)",0,-0.08
572,28,"(19, 31)",0,-0.08
572,29,"(19, 30)",0,-0.08
572,30,"(19, 29)",0,-0.08
572,31,"(19, 28)",1,-0.08
572,32,"(20, 28)",1,-0.08
572,33,"(21, 28)",0,-0.08
572,34,"(21, 27)",0,-0.08
572,35,"(21, 26)",0,-0.08
572,36,"(21, 25)",1,-0.08
572,37,"(22, 25)",1,-0.08
572,38,"(23, 25)",0,-0.08
572,39,"(23, 24)",0,-0.08
572,40,"(23, 23)",1,-0.08
572,41,"(24, 23)",1,-0.08
572,42,"(25, 23)",0,-0.08
572,43,"(25, 22)",0,-0.08
572,44,"(25, 21)",0,-0.08
572,45,"(25, 20)",0,-0.08
572,46,"(25, 19)",1,-0.08
572,47,"(26, 19)",1,-0.08
572,48,"(27, 19)",0,-0.08
572,49,"(27, 18)",0,-0.08
572,50,"(27, 17)",1,-0.08
572,51,"(28, 17)",1,-0.08
572,52,"(29, 17)",1,-0.08
572,53,"(30, 17)",1,-0.08
572,54,"(31, 17)",0,-0.08
572,55,"(31, 16)",1,-0.08
572,56,"(32, 16)",0,-0.08
572,57,"(32, 15)",1,-0.08
572,58,"(33, 15)",1,-0.08
572,59,"(34, 15)",0,-0.08
572,60,"(34, 14)",0,-0.08
572,61,"(34, 13)",1,-0.08
572,62,"(35, 13)",1,-0.08
572,63,"(36, 13)",0,-0.08
572,64,"(36, 12)",1,-0.08
572,65,"(37, 12)",1,-0.08
572,66,"(38, 12)",1,-0.08
572,67,"(39, 12)",0,-0.08
572,68,"(39, 11)",1,-0.08
572,69,"(40, 11)",1,-0.08
572,70,"(41, 11)",1,-0.08
572,71,"(42, 11)",1,-0.08
572,72,"(43, 11)",1,-0.08
572,73,"(44, 11)",1,-0.08
572,74,"(45, 11)",0,-0.08
572,75,"(45, 10)",1,-0.08
572,76,"(46, 10)",0,-0.08
572,77,"(46, 9)",0,-0.08
572,78,"(46, 8)",0,-0.08
572,79,"(46, 7)",1,-0.08
572,80,"(47, 7)",1,-0.08
572,81,"(48, 7)",1,-0.08
572,82,"(49, 7)",1,-0.08
572,83,"(50, 7)",1,-0.08
572,84,"(51, 7)",1,-0.08
572,85,"(52, 7)",1,-0.08
572,86,"(53, 7)",1,-0.08
572,87,"(54, 7)",1,-0.08
572,88,"(55, 7)",1,-0.08
572,89,"(56, 7)",1,-0.08
572,90,"(57, 7)",1,-0.08
572,91,"(58, 7)",1,-0.08
572,92,"(59, 7)",1,-0.08
572,93,"(60, 7)",1,-0.08
572,94,"(61, 7)",1,-0.08
572,95,"(62, 7)",1,-0.08
572,96,"(63, 7)",1,-0.08
572,97,"(64, 7)",1,-0.08
572,98,"(65, 7)",1,-0.08
572,99,"(66, 7)",1,-0.08
572,100,"(67, 7)",1,-0.08
572,101,"(68, 7)",1,-0.08
572,102,"(69, 7)",1,-0.08
572,103,"(70, 7)",0,-0.08
572,104,"(70, 6)",1,-0.08
572,105,"(71, 6)",0,-0.08
572,106,"(71, 5)",1,-0.08
572,107,"(72, 5)",1,-0.08
572,108,"(73, 5)",1,-0.08
572,109,"(74, 5)",0,-0.08
572,110,"(74, 4)",1,-0.08
572,111,"(75, 4)",0,-0.08
572,112,"(75, 3)",1,-0.08
572,113,"(76, 3)",1,-0.08
572,114,"(77, 3)",0,-0.08
572,115,"(77, 2)",0,-0.08
572,116,"(77, 1)",1,-0.08
572,117,"(78, 1)",0,-0.08
572,118,"(78, 0)",1,8.33
573,0,"(0, 39)",1,-0.08
573,1,"(1, 39)",1,-0.08
573,2,"(2, 39)",0,-8.33
573,3,"(2, 39)",1,-0.08
573,4,"(3, 39)",1,-0.08
573,5,"(4, 39)",1,-0.08
573,6,"(5, 39)",1,-0.08
573,7,"(6, 39)",1,-0.08
573,8,"(7, 39)",1,-0.08
573,9,"(8, 39)",0,-0.08
573,10,"(8, 38)",1,-8.33
573,11,"(8, 38)",2,-0.08
573,12,"(8, 39)",1,-0.08
573,13,"(9, 39)",1,-0.08
573,14,"(10, 39)",1,-0.08
573,15,"(11, 39)",1,-0.08
573,16,"(12, 39)",1,-0.08
573,17,"(13, 39)",1,-0.08
573,18,"(14, 39)",0,-0.08
573,19,"(14, 38)",0,-0.08
573,20,"(14, 37)",1,-0.08
573,21,"(15, 37)",1,-0.08
573,22,"(16, 37)",0,-0.08
573,23,"(16, 36)",1,-0.08
573,24,"(17, 36)",0,-0.08
573,25,"(17, 35)",0,-0.08
573,26,"(17, 34)",1,-0.08
573,27,"(18, 34)",1,-0.08
573,28,"(19, 34)",1,-0.08
573,29,"(20, 34)",0,-8.33
573,30,"(20, 34)",1,-0.08
573,31,"(21, 34)",0,-0.08
573,32,"(21, 33)",1,-0.08
573,33,"(22, 33)",1,-0.08
573,34,"(23, 33)",1,-0.08
573,35,"(24, 33)",1,-0.08
573,36,"(25, 33)",1,-0.08
573,37,"(26, 33)",0,-0.08
573,38,"(26, 32)",0,-0.08
573,39,"(26, 31)",1,-0.08
573,40,"(27, 31)",0,-0.08
573,41,"(27, 30)",0,-0.08
573,42,"(27, 29)",1,-0.08
573,43,"(28, 29)",1,-0.08
573,44,"(29, 29)",1,-0.08
573,45,"(30, 29)",1,-0.08
573,46,"(31, 29)",1,-0.08
573,47,"(32, 29)",1,-0.08
573,48,"(33, 29)",0,-0.08
573,49,"(33, 28)",0,-0.08
573,50,"(33, 27)",1,-0.08
573,51,"(34, 27)",1,-0.08
573,52,"(35, 27)",0,-0.08
573,53,"(35, 26)",0,-0.08
573,54,"(35, 25)",0,-0.08
573,55,"(35, 24)",0,-0.08
573,56,"(35, 23)",1,-0.08
573,57,"(36, 23)",0,-0.08
573,58,"(36, 22)",0,-0.08
573,59,"(36, 21)",0,-0.08
573,60,"(36, 20)",0,-0.08
573,61,"(36, 19)",1,-0.08
573,62,"(37, 19)",0,-0.08
573,63,"(37, 18)",0,-0.08
573,64,"(37, 17)",1,-0.08
573,65,"(38, 17)",1,-0.08
573,66,"(39, 17)",0,-0.08
573,67,"(39, 16)",0,-0.08
573,68,"(39, 15)",1,-0.08
573,69,"(40, 15)",1,-0.08
573,70,"(41, 15)",0,-0.08
573,71,"(41, 14)",0,-0.08
573,72,"(41, 13)",1,-0.08
573,73,"(42, 13)",1,-0.08
573,74,"(43, 13)",0,-0.08
573,75,"(43, 12)",0,-0.08
573,76,"(43, 11)",1,-0.08
573,77,"(44, 11)",1,-0.08
573,78,"(45, 11)",0,-0.08
573,79,"(45, 10)",0,-0.08
573,80,"(45, 9)",0,-0.08
573,81,"(45, 8)",0,-0.08
573,82,"(45, 7)",1,-0.08
573,83,"(46, 7)",1,-0.08
573,84,"(47, 7)",1,-0.08
573,85,"(48, 7)",1,-0.08
573,86,"(49, 7)",1,-0.08
573,87,"(50, 7)",1,-0.08
573,88,"(51, 7)",1,-0.08
573,89,"(52, 7)",1,-0.08
573,90,"(53, 7)",1,-0.08
573,91,"(54, 7)",1,-0.08
573,92,"(55, 7)",1,-0.08
573,93,"(56, 7)",1,-0.08
573,94,"(57, 7)",1,-0.08
573,95,"(58, 7)",1,-0.08
573,96,"(59, 7)",1,-0.08
573,97,"(60, 7)",1,-0.08
573,98,"(61, 7)",1,-0.08
573,99,"(62, 7)",1,-0.08
573,100,"(63, 7)",1,-0.08
573,101,"(64, 7)",1,-0.08
573,102,"(65, 7)",1,-0.08
573,103,"(66, 7)",1,-0.08
573,104,"(67, 7)",1,-0.08
573,105,"(68, 7)",1,-0.08
573,106,"(69, 7)",1,-0.08
573,107,"(70, 7)",0,-0.08
573,108,"(70, 6)",1,-0.08
573,109,"(71, 6)",1,-0.08
573,110,"(72, 6)",0,-0.08
573,111,"(72, 5)",1,-0.08
573,112,"(73, 5)",1,-0.08
573,113,"(74, 5)",0,-0.08
573,114,"(74, 4)",1,-0.08
573,115,"(75, 4)",0,-0.08
573,116,"(75, 3)",1,-0.08
573,117,"(76, 3)",0,-0.08
573,118,"(76, 2)",0,-0.08
573,119,"(76, 1)",1,-0.08
573,120,"(77, 1)",1,-0.08
573,121,"(78, 1)",0,-0.08
573,122,"(78, 0)",1,8.33
574,0,"(0, 39)",0,-0.08
574,1,"(0, 38)",1,-0.08
574,2,"(1, 38)",1,-8.33
574,3,"(1, 38)",0,-0.08
574,4,"(1, 37)",0,-8.33
574,5,"(1, 37)",3,-0.08
574,6,"(0, 37)",0,-0.08
574,7,"(0, 36)",0,-0.08
574,8,"(0, 35)",1,-0.08
574,9,"(1, 35)",1,-0.08
574,10,"(2, 35)",0,-0.08
574,11,"(2, 34)",0,-0.08
574,12,"(2, 33)",0,-0.08
574,13,"(2, 32)",0,-0.08
574,14,"(2, 31)",1,-0.08
574,15,"(3, 31)",0,-8.33
574,16,"(3, 31)",0,-8.33
574,17,"(3, 31)",2,-0.08
574,18,"(3, 32)",2,-0.08
574,19,"(3, 33)",1,-0.08
574,20,"(4, 33)",1,-0.08
574,21,"(5, 33)",0,-0.08
574,22,"(5, 32)",0,-0.08
574,23,"(5, 31)",1,-0.08
574,24,"(6, 31)",1,-0.08
574,25,"(7, 31)",1,-0.08
574,26,"(8, 31)",0,-0.08
574,27,"(8, 30)",0,-0.08
574,28,"(8, 29)",0,-0.08
574,29,"(8, 28)",0,-0.08
574,30,"(8, 27)",1,-0.08
574,31,"(9, 27)",1,-0.08
574,32,"(10, 27)",1,-0.08
574,33,"(11, 27)",1,-0.08
574,34,"(12, 27)",0,-0.08
574,35,"(12, 26)",0,-0.08
574,36,"(12, 25)",0,-0.08
574,37,"(12, 24)",1,-0.08
574,38,"(13, 24)",1,-0.08
574,39,"(14, 24)",0,-0.08
574,40,"(14, 23)",1,-0.08
574,41,"(15, 23)",1,-0.08
574,42,"(16, 23)",1,-0.08
574,43,"(17, 23)",0,-0.08
574,44,"(17, 22)",1,-0.08
574,45,"(18, 22)",1,-0.08
574,46,"(19, 22)",1,-0.08
574,47,"(20, 22)",1,-0.08
574,48,"(21, 22)",0,-0.08
574,49,"(21, 21)",0,-0.08
574,50,"(21, 20)",0,-0.08
574,51,"(21, 19)",1,-0.08
574,52,"(22, 19)",1,-0.08
574,53,"(23, 19)",0,-0.08
574,54,"(23, 18)",0,-0.08
574,55,"(23, 17)",0,-0.08
574,56,"(23, 16)",0,-0.08
574,57,"(23, 15)",1,-0.08
574,58,"(24, 15)",1,-0.08
574,59,"(25, 15)",1,-0.08
574,60,"(26, 15)",1,-0.08
574,61,"(27, 15)",1,-0.08
574,62,"(28, 15)",1,-0.08
574,63,"(29, 15)",1,-0.08
574,64,"(30, 15)",1,-0.08
574,65,"(31, 15)",0,-0.08
574,66,"(31, 14)",1,-0.08
574,67,"(32, 14)",0,-0.08
574,68,"(32, 13)",1,-0.08
574,69,"(33, 13)",1,-0.08
574,70,"(34, 13)",1,-0.08
574,71,"(35, 13)",0,-0.08
574,72,"(35, 12)",1,-0.08
574,73,"(36, 12)",1,-0.08
574,74,"(37, 12)",1,-0.08
574,75,"(38, 12)",1,-0.08
574,76,"(39, 12)",0,-0.08
574,77,"(39, 11)",1,-0.08
574,78,"(40, 11)",1,-0.08
574,79,"(41, 11)",1,-0.08
574,80,"(42, 11)",1,-0.08
574,81,"(43, 11)",1,-0.08
574,82,"(44, 11)",1,-0.08
574,83,"(45, 11)",0,-0.08
574,84,"(45, 10)",0,-0.08
574,85,"(45, 9)",0,-0.08
574,86,"(45, 8)",0,-0.08
574,87,"(45, 7)",1,-0.08
574,88,"(46, 7)",1,-0.08
574,89,"(47, 7)",1,-0.08
574,90,"(48, 7)",1,-0.08
574,91,"(49, 7)",1,-0.08
574,92,"(50, 7)",1,-0.08
574,93,"(51, 7)",1,-0.08
574,94,"(52, 7)",1,-0.08
574,95,"(53, 7)",1,-0.08
574,96,"(54, 7)",1,-0.08
574,97,"(55, 7)",1,-0.08
574,98,"(56, 7)",1,-0.08
574,99,"(57, 7)",1,-0.08
574,100,"(58, 7)",1,-0.08
574,101,"(59, 7)",1,-0.08
574,102,"(60, 7)",1,-0.08
574,103,"(61, 7)",1,-0.08
574,104,"(62, 7)",1,-0.08
574,105,"(63, 7)",1,-0.08
574,106,"(64, 7)",1,-0.08
574,107,"(65, 7)",1,-0.08
574,108,"(66, 7)",1,-0.08
574,109,"(67, 7)",1,-0.08
574,110,"(68, 7)",1,-0.08
574,111,"(69, 7)",0,-0.08
574,112,"(69, 6)",1,-0.08
574,113,"(70, 6)",1,-0.08
574,114,"(71, 6)",1,-0.08
574,115,"(72, 6)",0,-0.08
574,116,"(72, 5)",1,-0.08
574,117,"(73, 5)",1,-0.08
574,118,"(74, 5)",0,-0.08
574,119,"(74, 4)",1,-0.08
574,120,"(75, 4)",0,-0.08
574,121,"(75, 3)",1,-0.08
574,122,"(76, 3)",0,-0.08
574,123,"(76, 2)",0,-0.08
574,124,"(76, 1)",1,-0.08
574,125,"(77, 1)",0,-0.08
574,126,"(77, 0)",1,-0.08
574,127,"(78, 0)",1,8.33
575,0,"(0, 39)",0,-0.08
575,1,"(0, 38)",0,-0.08
575,2,"(0, 37)",0,-0.08
575,3,"(0, 36)",1,-8.33
575,4,"(0, 36)",0,-0.08
575,5,"(0, 35)",0,-0.08
575,6,"(0, 34)",0,-0.08
575,7,"(0, 33)",1,-0.08
575,8,"(1, 33)",0,-0.08
575,9,"(1, 32)",0,-0.08
575,10,"(1, 31)",1,-0.08
575,11,"(2, 31)",1,-0.08
575,12,"(3, 31)",0,-8.33
575,13,"(3, 31)",3,-0.08
575,14,"(2, 31)",3,-0.08
575,15,"(1, 31)",0,-0.08
575,16,"(1, 30)",0,-0.08
575,17,"(1, 29)",1,-0.08
575,18,"(2, 29)",1,-0.08
575,19,"(3, 29)",1,-0.08
575,20,"(4, 29)",1,-0.08
575,21,"(5, 29)",1,-0.08
575,22,"(6, 29)",1,-0.08
575,23,"(7, 29)",1,-0.08
575,24,"(8, 29)",0,-0.08
575,25,"(8, 28)",0,-0.08
575,26,"(8, 27)",1,-0.08
575,27,"(9, 27)",1,-0.08
575,28,"(10, 27)",1,-0.08
575,29,"(11, 27)",1,-0.08
575,30,"(12, 27)",0,-0.08
575,31,"(12, 26)",0,-0.08
575,32,"(12, 25)",0,-0.08
575,33,"(12, 24)",1,-0.08
575,34,"(13, 24)",1,-0.08
575,35,"(14, 24)",0,-0.08
575,36,"(14, 23)",1,-0.08
575,37,"(15, 23)",1,-0.08
575,38,"(16, 23)",1,-0.08
575,39,"(17, 23)",1,-0.08
575,40,"(18, 23)",0,-0.08
575,41,"(18, 22)",1,-0.08
575,42,"(19, 22)",0,-0.08
575,43,"(19, 21)",1,-0.08
575,44,"(20, 21)",1,-0.08
575,45,"(21, 21)",0,-0.08
575,46,"(21, 20)",1,-0.08
575,47,"(22, 20)",0,-0.08
575,48,"(22, 19)",1,-0.08
575,49,"(23, 19)",0,-0.08
575,50,"(23, 18)",0,-0.08
575,51,"(23, 17)",0,-0.08
575,52,"(23, 16)",0,-0.08
575,53,"(23, 15)",1,-0.08
575,54,"(24, 15)",1,-0.08
575,55,"(25, 15)",1,-0.08
575,56,"(26, 15)",1,-0.08
575,57,"(27, 15)",1,-0.08
575,58,"(28, 15)",1,-0.08
575,59,"(29, 15)",0,-0.08
575,60,"(29, 14)",0,-0.08
575,61,"(29, 13)",1,-0.08
575,62,"(30, 13)",1,-0.08
575,63,"(31, 13)",1,-0.08
575,64,"(32, 13)",1,-0.08
575,65,"(33, 13)",1,-0.08
575,66,"(34, 13)",1,-0.08
575,67,"(35, 13)",1,-0.08
575,68,"(36, 13)",1,-0.08
575,69,"(37, 13)",0,-0.08
575,70,"(37, 12)",1,-0.08
575,71,"(38, 12)",1,-0.08
575,72,"(39, 12)",0,-0.08
575,73,"(39, 11)",1,-0.08
575,74,"(40, 11)",1,-0.08
575,75,"(41, 11)",1,-0.08
575,76,"(42, 11)",1,-0.08
575,77,"(43, 11)",1,-0.08
575,78,"(44, 11)",1,-0.08
575,79,"(45, 11)",0,-0.08
575,80,"(45, 10)",0,-0.08
575,81,"(45, 9)",0,-0.08
575,82,"(45, 8)",0,-0.08
575,83,"(45, 7)",1,-0.08
575,84,"(46, 7)",1,-0.08
575,85,"(47, 7)",1,-0.08
575,86,"(48, 7)",1,-0.08
575,87,"(49, 7)",1,-0.08
575,88,"(50, 7)",1,-0.08
575,89,"(51, 7)",1,-0.08
575,90,"(52, 7)",1,-0.08
575,91,"(53, 7)",1,-0.08
575,92,"(54, 7)",1,-0.08
575,93,"(55, 7)",1,-0.08
575,94,"(56, 7)",1,-0.08
575,95,"(57, 7)",1,-0.08
575,96,"(58, 7)",1,-0.08
575,97,"(59, 7)",1,-0.08
575,98,"(60, 7)",1,-0.08
575,99,"(61, 7)",1,-0.08
575,100,"(62, 7)",1,-0.08
575,101,"(63, 7)",1,-0.08
575,102,"(64, 7)",1,-0.08
575,103,"(65, 7)",1,-0.08
575,104,"(66, 7)",1,-0.08
575,105,"(67, 7)",1,-0.08
575,106,"(68, 7)",1,-0.08
575,107,"(69, 7)",1,-0.08
575,108,"(70, 7)",1,-0.08
575,109,"(71, 7)",1,-0.08
575,110,"(72, 7)",0,-0.08
575,111,"(72, 6)",1,-0.08
575,112,"(73, 6)",1,-0.08
575,113,"(74, 6)",0,-0.08
575,114,"(74, 5)",0,-0.08
575,115,"(74, 4)",0,-0.08
575,116,"(74, 3)",1,-0.08
575,117,"(75, 3)",1,-0.08
575,118,"(76, 3)",1,-0.08
575,119,"(77, 3)",0,-0.08
575,120,"(77, 2)",0,-0.08
575,121,"(77, 1)",0,-0.08
575,122,"(77, 0)",1,-0.08
575,123,"(78, 0)",1,8.33
576,0,"(0, 39)",0,-0.08
576,1,"(0, 38)",1,-0.08
576,2,"(1, 38)",0,-0.08
576,3,"(1, 37)",1,-8.33
576,4,"(1, 37)",0,-8.33
576,5,"(1, 37)",3,-0.08
576,6,"(0, 37)",0,-0.08
576,7,"(0, 36)",0,-0.08
576,8,"(0, 35)",1,-0.08
576,9,"(1, 35)",1,-0.08
576,10,"(2, 35)",0,-0.08
576,11,"(2, 34)",0,-0.08
576,12,"(2, 33)",1,-0.08
576,13,"(3, 33)",0,-0.08
576,14,"(3, 32)",0,-0.08
576,15,"(3, 31)",0,-8.33
576,16,"(3, 31)",2,-0.08
576,17,"(3, 32)",2,-0.08
576,18,"(3, 33)",1,-0.08
576,19,"(4, 33)",1,-0.08
576,20,"(5, 33)",0,-0.08
576,21,"(5, 32)",0,-0.08
576,22,"(5, 31)",1,-0.08
576,23,"(6, 31)",1,-0.08
576,24,"(7, 31)",1,-0.08
576,25,"(8, 31)",1,-0.08
576,26,"(9, 31)",0,-0.08
576,27,"(9, 30)",1,-0.08
576,28,"(10, 30)",0,-0.08
576,29,"(10, 29)",0,-0.08
576,30,"(10, 28)",0,-0.08
576,31,"(10, 27)",1,-0.08
576,32,"(11, 27)",1,-0.08
576,33,"(12, 27)",0,-0.08
576,34,"(12, 26)",0,-0.08
576,35,"(12, 25)",0,-0.08
576,36,"(12, 24)",1,-0.08
576,37,"(13, 24)",0,-0.08
576,38,"(13, 23)",1,-0.08
576,39,"(14, 23)",1,-0.08
576,40,"(15, 23)",1,-0.08
576,41,"(16, 23)",0,-0.08
576,42,"(16, 22)",1,-0.08
576,43,"(17, 22)",1,-0.08
576,44,"(18, 22)",1,-0.08
576,45,"(19, 22)",0,-0.08
576,46,"(19, 21)",0,-0.08
576,47,"(19, 20)",1,-0.08
576,48,"(20, 20)",0,-0.08
576,49,"(20, 19)",1,-0.08
576,50,"(21, 19)",1,-0.08
576,51,"(22, 19)",1,-0.08
576,52,"(23, 19)",0,-0.08
576,53,"(23, 18)",0,-0.08
576,54,"(23, 17)",0,-0.08
576,55,"(23, 16)",0,-0.08
576,56,"(23, 15)",1,-0.08
576,57,"(24, 15)",1,-0.08
576,58,"(25, 15)",1,-0.08
576,59,"(26, 15)",1,-0.08
576,60,"(27, 15)",1,-0.08
576,61,"(28, 15)",1,-0.08
576,62,"(29, 15)",1,-0.08
576,63,"(30, 15)",1,-0.08
576,64,"(31, 15)",1,-0.08
576,65,"(32, 15)",0,-0.08
576,66,"(32, 14)",0,-0.08
576,67,"(32, 13)",1,-0.08
576,68,"(33, 13)",1,-0.08
576,69,"(34, 13)",1,-0.08
576,70,"(35, 13)",0,-0.08
576,71,"(35, 12)",1,-0.08
576,72,"(36, 12)",1,-0.08
576,73,"(37, 12)",1,-0.08
576,74,"(38, 12)",1,-0.08
576,75,"(39, 12)",0,-0.08
576,76,"(39, 11)",1,-0.08
576,77,"(40, 11)",1,-0.08
576,78,"(41, 11)",1,-0.08
576,79,"(42, 11)",1,-0.08
576,80,"(43, 11)",1,-0.08
576,81,"(44, 11)",1,-0.08
576,82,"(45, 11)",0,-0.08
576,83,"(45, 10)",1,-0.08
576,84,"(46, 10)",1,-0.08
576,85,"(47, 10)",1,-0.08
576,86,"(48, 10)",1,-0.08
576,87,"(49, 10)",1,-0.08
576,88,"(50, 10)",0,-0.08
576,89,"(50, 9)",1,-0.08
576,90,"(51, 9)",1,-0.08
576,91,"(52, 9)",1,-0.08
576,92,"(53, 9)",1,-0.08
576,93,"(54, 9)",1,-0.08
576,94,"(55, 9)",1,-0.08
576,95,"(56, 9)",1,-0.08
576,96,"(57, 9)",1,-0.08
576,97,"(58, 9)",0,-0.08
576,98,"(58, 8)",0,-0.08
576,99,"(58, 7)",1,-0.08
576,100,"(59, 7)",1,-0.08
576,101,"(60, 7)",1,-0.08
576,102,"(61, 7)",1,-0.08
576,103,"(62, 7)",1,-0.08
576,104,"(63, 7)",1,-0.08
576,105,"(64, 7)",1,-0.08
576,106,"(65, 7)",1,-0.08
576,107,"(66, 7)",1,-0.08
576,108,"(67, 7)",1,-0.08
576,109,"(68, 7)",1,-0.08
576,110,"(69, 7)",1,-0.08
576,111,"(70, 7)",0,-0.08
576,112,"(70, 6)",1,-0.08
576,113,"(71, 6)",0,-0.08
576,114,"(71, 5)",1,-0.08
576,115,"(72, 5)",1,-0.08
576,116,"(73, 5)",1,-0.08
576,117,"(74, 5)",0,-0.08
576,118,"(74, 4)",1,-0.08
576,119,"(75, 4)",0,-0.08
576,120,"(75, 3)",1,-0.08
576,121,"(76, 3)",0,-0.08
576,122,"(76, 2)",0,-0.08
576,123,"(76, 1)",1,-0.08
576,124,"(77, 1)",0,-0.08
576,125,"(77, 0)",1,-0.08
576,126,"(78, 0)",1,8.33
577,0,"(0, 39)",0,-0.08
577,1,"(0, 38)",1,-0.08
577,2,"(1, 38)",1,-8.33
577,3,"(1, 38)",0,-0.08
577,4,"(1, 37)",0,-8.33
577,5,"(1, 37)",3,-0.08
577,6,"(0, 37)",0,-0.08
577,7,"(0, 36)",0,-0.08
577,8,"(0, 35)",1,-0.08
577,9,"(1, 35)",0,-0.08
577,10,"(1, 34)",0,-0.08
577,11,"(1, 33)",1,-0.08
577,12,"(2, 33)",1,-0.08
577,13,"(3, 33)",1,-0.08
577,14,"(4, 33)",1,-0.08
577,15,"(5, 33)",1,-0.08
577,16,"(6, 33)",1,-0.08
577,17,"(7, 33)",0,-0.08
577,18,"(7, 32)",0,-0.08
577,19,"(7, 31)",1,-0.08
577,20,"(8, 31)",1,-0.08
577,21,"(9, 31)",0,-0.08
577,22,"(9, 30)",1,-0.08
577,23,"(10, 30)",0,-0.08
577,24,"(10, 29)",0,-0.08
577,25,"(10, 28)",0,-0.08
577,26,"(10, 27)",1,-0.08
577,27,"(11, 27)",1,-0.08
577,28,"(12, 27)",1,-0.08
577,29,"(13, 27)",1,-0.08
577,30,"(14, 27)",1,-0.08
577,31,"(15, 27)",1,-0.08
577,32,"(16, 27)",1,-0.08
577,33,"(17, 27)",0,-0.08
577,34,"(17, 26)",0,-0.08
577,35,"(17, 25)",0,-0.08
577,36,"(17, 24)",0,-0.08
577,37,"(17, 23)",0,-0.08
577,38,"(17, 22)",1,-0.08
577,39,"(18, 22)",1,-0.08
577,40,"(19, 22)",1,-0.08
577,41,"(20, 22)",0,-0.08
577,42,"(20, 21)",1,-0.08
577,43,"(21, 21)",0,-0.08
577,44,"(21, 20)",0,-0.08
577,45,"(21, 19)",0,-0.08
577,46,"(21, 18)",1,-8.33
577,47,"(21, 18)",2,-0.08
577,48,"(21, 19)",1,-0.08
577,49,"(22, 19)",1,-0.08
577,50,"(23, 19)",0,-0.08
577,51,"(23, 18)",0,-0.08
577,52,"(23, 17)",0,-0.08
577,53,"(23, 16)",0,-0.08
577,54,"(23, 15)",1,-0.08
577,55,"(24, 15)",1,-0.08
577,56,"(25, 15)",1,-0.08
577,57,"(26, 15)",1,-0.08
577,58,"(27, 15)",1,-0.08
577,59,"(28, 15)",1,-0.08
577,60,"(29, 15)",0,-0.08
577,61,"(29, 14)",0,-0.08
577,62,"(29, 13)",1,-0.08
577,63,"(30, 13)",1,-0.08
577,64,"(31, 13)",1,-0.08
577,65,"(32, 13)",1,-0.08
577,66,"(33, 13)",1,-0.08
577,67,"(34, 13)",1,-0.08
577,68,"(35, 13)",0,-0.08
577,69,"(35, 12)",1,-0.08
577,70,"(36, 12)",1,-0.08
577,71,"(37, 12)",1,-0.08
577,72,"(38, 12)",1,-0.08
577,73,"(39, 12)",0,-0.08
577,74,"(39, 11)",1,-0.08
577,75,"(40, 11)",1,-0.08
577,76,"(41, 11)",1,-0.08
577,77,"(42, 11)",1,-0.08
577,78,"(43, 11)",1,-0.08
577,79,"(44, 11)",1,-0.08
577,80,"(45, 11)",0,-0.08
577,81,"(45, 10)",1,-0.08
577,82,"(46, 10)",1,-0.08
577,83,"(47, 10)",1,-0.08
577,84,"(48, 10)",1,-0.08
577,85,"(49, 10)",0,-0.08
577,86,"(49, 9)",1,-0.08
577,87,"(50, 9)",0,-0.08
577,88,"(50, 8)",0,-0.08
577,89,"(50, 7)",1,-0.08
577,90,"(51, 7)",1,-0.08
577,91,"(52, 7)",1,-0.08
577,92,"(53, 7)",1,-0.08
577,93,"(54, 7)",1,-0.08
577,94,"(55, 7)",1,-0.08
577,95,"(56, 7)",1,-0.08
577,96,"(57, 7)",1,-0.08
577,97,"(58, 7)",1,-0.08
577,98,"(59, 7)",1,-0.08
577,99,"(60, 7)",1,-0.08
577,100,"(61, 7)",1,-0.08
577,101,"(62, 7)",1,-0.08
577,102,"(63, 7)",1,-0.08
577,103,"(64, 7)",1,-0.08
577,104,"(65, 7)",1,-0.08
577,105,"(66, 7)",1,-0.08
577,106,"(67, 7)",1,-0.08
577,107,"(68, 7)",1,-0.08
577,108,"(69, 7)",1,-0.08
577,109,"(70, 7)",0,-0.08
577,110,"(70, 6)",1,-0.08
577,111,"(71, 6)",0,-0.08
577,112,"(71, 5)",1,-0.08
577,113,"(72, 5)",1,-0.08
577,114,"(73, 5)",1,-0.08
577,115,"(74, 5)",1,-0.08
577,116,"(75, 5)",1,-0.08
577,117,"(76, 5)",1,-0.08
577,118,"(77, 5)",0,-0.08
577,119,"(77, 4)",0,-0.08
577,120,"(77, 3)",0,-0.08
577,121,"(77, 2)",0,-0.08
577,122,"(77, 1)",1,-0.08
577,123,"(78, 1)",1,-0.08
577,124,"(79, 1)",0,8.33
578,0,"(0, 39)",1,-0.08
578,1,"(1, 39)",1,-0.08
578,2,"(2, 39)",0,-8.33
578,3,"(2, 39)",1,-0.08
578,4,"(3, 39)",0,-0.08
578,5,"(3, 38)",0,-0.08
578,6,"(3, 37)",1,-8.33
578,7,"(3, 37)",0,-0.08
578,8,"(3, 36)",0,-0.08
578,9,"(3, 35)",3,-0.08
578,10,"(2, 35)",0,-0.08
578,11,"(2, 34)",0,-0.08
578,12,"(2, 33)",1,-0.08
578,13,"(3, 33)",1,-0.08
578,14,"(4, 33)",1,-0.08
578,15,"(5, 33)",0,-0.08
578,16,"(5, 32)",0,-0.08
578,17,"(5, 31)",0,-0.08
578,18,"(5, 30)",0,-0.08
578,19,"(5, 29)",1,-0.08
578,20,"(6, 29)",1,-0.08
578,21,"(7, 29)",0,-0.08
578,22,"(7, 28)",0,-0.08
578,23,"(7, 27)",0,-0.08
578,24,"(7, 26)",0,-0.08
578,25,"(7, 25)",0,-0.08
578,26,"(7, 24)",0,-0.08
578,27,"(7, 23)",0,-0.08
578,28,"(7, 22)",0,-0.08
578,29,"(7, 21)",0,-0.08
578,30,"(7, 20)",0,-0.08
578,31,"(7, 19)",1,-0.08
578,32,"(8, 19)",1,-0.08
578,33,"(9, 19)",1,-0.08
578,34,"(10, 19)",1,-0.08
578,35,"(11, 19)",0,-0.08
578,36,"(11, 18)",0,-0.08
578,37,"(11, 17)",0,-0.08
578,38,"(11, 16)",1,-0.08
578,39,"(12, 16)",0,-0.08
578,40,"(12, 15)",1,-0.08
578,41,"(13, 15)",1,-0.08
578,42,"(14, 15)",1,-0.08
578,43,"(15, 15)",0,-0.08
578,44,"(15, 14)",0,-0.08
578,45,"(15, 13)",1,-0.08
578,46,"(16, 13)",1,-0.08
578,47,"(17, 13)",1,-0.08
578,48,"(18, 13)",1,-0.08
578,49,"(19, 13)",1,-0.08
578,50,"(20, 13)",1,-0.08
578,51,"(21, 13)",1,-0.08
578,52,"(22, 13)",1,-0.08
578,53,"(23, 13)",1,-0.08
578,54,"(24, 13)",1,-0.08
578,55,"(25, 13)",0,-8.33
578,56,"(25, 13)",2,-0.08
578,57,"(25, 14)",2,-0.08
578,58,"(25, 15)",1,-0.08
578,59,"(26, 15)",1,-0.08
578,60,"(27, 15)",1,-0.08
578,61,"(28, 15)",1,-0.08
578,62,"(29, 15)",0,-0.08
578,63,"(29, 14)",0,-0.08
578,64,"(29, 13)",1,-0.08
578,65,"(30, 13)",1,-0.08
578,66,"(31, 13)",1,-0.08
578,67,"(32, 13)",1,-0.08
578,68,"(33, 13)",1,-0.08
578,69,"(34, 13)",1,-0.08
578,70,"(35, 13)",0,-0.08
578,71,"(35, 12)",1,-0.08
578,72,"(36, 12)",1,-0.08
578,73,"(37, 12)",1,-0.08
578,74,"(38, 12)",1,-0.08
578,75,"(39, 12)",0,-0.08
578,76,"(39, 11)",1,-0.08
578,77,"(40, 11)",1,-0.08
578,78,"(41, 11)",1,-0.08
578,79,"(42, 11)",1,-0.08
578,80,"(43, 11)",1,-0.08
578,81,"(44, 11)",1,-0.08
578,82,"(45, 11)",0,-0.08
578,83,"(45, 10)",1,-0.08
578,84,"(46, 10)",0,-0.08
578,85,"(46, 9)",0,-0.08
578,86,"(46, 8)",0,-0.08
578,87,"(46, 7)",1,-0.08
578,88,"(47, 7)",1,-0.08
578,89,"(48, 7)",1,-0.08
578,90,"(49, 7)",1,-0.08
578,91,"(50, 7)",1,-0.08
578,92,"(51, 7)",1,-0.08
578,93,"(52, 7)",1,-0.08
578,94,"(53, 7)",1,-0.08
578,95,"(54, 7)",1,-0.08
578,96,"(55, 7)",1,-0.08
578,97,"(56, 7)",1,-0.08
578,98,"(57, 7)",1,-0.08
578,99,"(58, 7)",1,-0.08
578,100,"(59, 7)",1,-0.08
578,101,"(60, 7)",1,-0.08
578,102,"(61, 7)",1,-0.08
578,103,"(62, 7)",1,-0.08
578,104,"(63, 7)",1,-0.08
578,105,"(64, 7)",1,-0.08
578,106,"(65, 7)",1,-0.08
578,107,"(66, 7)",1,-0.08
578,108,"(67, 7)",1,-0.08
578,109,"(68, 7)",1,-0.08
578,110,"(69, 7)",1,-0.08
578,111,"(70, 7)",0,-0.08
578,112,"(70, 6)",1,-0.08
578,113,"(71, 6)",1,-0.08
578,114,"(72, 6)",0,-0.08
578,115,"(72, 5)",1,-0.08
578,116,"(73, 5)",1,-0.08
578,117,"(74, 5)",1,-0.08
578,118,"(75, 5)",1,-0.08
578,119,"(76, 5)",1,-0.08
578,120,"(77, 5)",0,-0.08
578,121,"(77, 4)",0,-0.08
578,122,"(77, 3)",0,-0.08
578,123,"(77, 2)",0,-0.08
578,124,"(77, 1)",0,-0.08
578,125,"(77, 0)",1,-0.08
578,126,"(78, 0)",1,8.33
579,0,"(0, 39)",1,-0.08
579,1,"(1, 39)",1,-0.08
579,2,"(2, 39)",0,-8.33
579,3,"(2, 39)",1,-0.08
579,4,"(3, 39)",0,-0.08
579,5,"(3, 38)",0,-0.08
579,6,"(3, 37)",1,-8.33
579,7,"(3, 37)",0,-0.08
579,8,"(3, 36)",0,-0.08
579,9,"(3, 35)",3,-0.08
579,10,"(2, 35)",0,-0.08
579,11,"(2, 34)",0,-0.08
579,12,"(2, 33)",0,-0.08
579,13,"(2, 32)",1,-0.08
579,14,"(3, 32)",0,-0.08
579,15,"(3, 31)",0,-8.33
579,16,"(3, 31)",0,-8.33
579,17,"(3, 31)",3,-0.08
579,18,"(2, 31)",3,-0.08
579,19,"(1, 31)",0,-0.08
579,20,"(1, 30)",0,-0.08
579,21,"(1, 29)",0,-0.08
579,22,"(1, 28)",0,-0.08
579,23,"(1, 27)",0,-0.08
579,24,"(1, 26)",1,-0.08
579,25,"(2, 26)",0,-0.08
579,26,"(2, 25)",1,-0.08
579,27,"(3, 25)",1,-0.08
579,28,"(4, 25)",1,-0.08
579,29,"(5, 25)",1,-0.08
579,30,"(6, 25)",1,-0.08
579,31,"(7, 25)",1,-0.08
579,32,"(8, 25)",1,-0.08
579,33,"(9, 25)",0,-0.08
579,34,"(9, 24)",1,-0.08
579,35,"(10, 24)",1,-0.08
579,36,"(11, 24)",1,-0.08
579,37,"(12, 24)",1,-0.08
579,38,"(13, 24)",0,-0.08
579,39,"(13, 23)",1,-0.08
579,40,"(14, 23)",1,-0.08
579,41,"(15, 23)",1,-0.08
579,42,"(16, 23)",1,-0.08
579,43,"(17, 23)",1,-0.08
579,44,"(18, 23)",0,-0.08
579,45,"(18, 22)",1,-0.08
579,46,"(19, 22)",0,-0.08
579,47,"(19, 21)",1,-0.08
579,48,"(20, 21)",0,-0.08
579,49,"(20, 20)",0,-0.08
579,50,"(20, 19)",1,-0.08
579,51,"(21, 19)",1,-0.08
579,52,"(22, 19)",1,-0.08
579,53,"(23, 19)",0,-0.08
579,54,"(23, 18)",0,-0.08
579,55,"(23, 17)",1,-0.08
579,56,"(24, 17)",1,-0.08
579,57,"(25, 17)",1,-0.08
579,58,"(26, 17)",1,-0.08
579,59,"(27, 17)",1,-0.08
579,60,"(28, 17)",1,-0.08
579,61,"(29, 17)",1,-0.08
579,62,"(30, 17)",1,-0.08
579,63,"(31, 17)",1,-0.08
579,64,"(32, 17)",1,-0.08
579,65,"(33, 17)",1,-0.08
579,66,"(34, 17)",1,-0.08
579,67,"(35, 17)",1,-0.08
579,68,"(36, 17)",0,-0.08
579,69,"(36, 16)",1,-0.08
579,70,"(37, 16)",0,-0.08
579,71,"(37, 15)",1,-0.08
579,72,"(38, 15)",0,-0.08
579,73,"(38, 14)",0,-0.08
579,74,"(38, 13)",0,-0.08
579,75,"(38, 12)",1,-0.08
579,76,"(39, 12)",0,-0.08
579,77,"(39, 11)",1,-0.08
579,78,"(40, 11)",1,-0.08
579,79,"(41, 11)",1,-0.08
579,80,"(42, 11)",1,-0.08
579,81,"(43, 11)",1,-0.08
579,82,"(44, 11)",1,-0.08
579,83,"(45, 11)",0,-0.08
579,84,"(45, 10)",1,-0.08
579,85,"(46, 10)",0,-0.08
579,86,"(46, 9)",0,-0.08
579,87,"(46, 8)",0,-0.08
579,88,"(46, 7)",1,-0.08
579,89,"(47, 7)",1,-0.08
579,90,"(48, 7)",1,-0.08
579,91,"(49, 7)",1,-0.08
579,92,"(50, 7)",1,-0.08
579,93,"(51, 7)",1,-0.08
579,94,"(52, 7)",1,-0.08
579,95,"(53, 7)",1,-0.08
579,96,"(54, 7)",1,-0.08
579,97,"(55, 7)",1,-0.08
579,98,"(56, 7)",1,-0.08
579,99,"(57, 7)",1,-0.08
579,100,"(58, 7)",1,-0.08
579,101,"(59, 7)",1,-0.08
579,102,"(60, 7)",1,-0.08
579,103,"(61, 7)",1,-0.08
579,104,"(62, 7)",1,-0.08
579,105,"(63, 7)",1,-0.08
579,106,"(64, 7)",1,-0.08
579,107,"(65, 7)",1,-0.08
579,108,"(66, 7)",1,-0.08
579,109,"(67, 7)",1,-0.08
579,110,"(68, 7)",1,-0.08
579,111,"(69, 7)",0,-0.08
579,112,"(69, 6)",1,-0.08
579,113,"(70, 6)",1,-0.08
579,114,"(71, 6)",0,-0.08
579,115,"(71, 5)",1,-0.08
579,116,"(72, 5)",1,-0.08
579,117,"(73, 5)",1,-0.08
579,118,"(74, 5)",0,-0.08
579,119,"(74, 4)",0,-0.08
579,120,"(74, 3)",1,-0.08
579,121,"(75, 3)",1,-0.08
579,122,"(76, 3)",0,-0.08
579,123,"(76, 2)",1,-0.08
579,124,"(77, 2)",0,-0.08
579,125,"(77, 1)",0,-0.08
579,126,"(77, 0)",1,-0.08
579,127,"(78, 0)",1,8.33
580,0,"(0, 39)",0,-0.08
580,1,"(0, 38)",0,-0.08
580,2,"(0, 37)",0,-0.08
580,3,"(0, 36)",0,-0.08
580,4,"(0, 35)",1,-0.08
580,5,"(1, 35)",1,-0.08
580,6,"(2, 35)",1,-0.08
580,7,"(3, 35)",0,-8.33
580,8,"(3, 35)",3,-0.08
580,9,"(2, 35)",0,-0.08
580,10,"(2, 34)",0,-0.08
580,11,"(2, 33)",1,-0.08
580,12,"(3, 33)",1,-0.08
580,13,"(4, 33)",1,-0.08
580,14,"(5, 33)",1,-0.08
580,15,"(6, 33)",1,-0.08
580,16,"(7, 33)",1,-0.08
580,17,"(8, 33)",0,-0.08
580,18,"(8, 32)",1,-0.08
580,19,"(9, 32)",0,-0.08
580,20,"(9, 31)",1,-8.33
580,21,"(9, 31)",0,-0.08
580,22,"(9, 30)",1,-0.08
580,23,"(10, 30)",0,-0.08
580,24,"(10, 29)",0,-0.08
580,25,"(10, 28)",0,-0.08
580,26,"(10, 27)",1,-0.08
580,27,"(11, 27)",1,-0.08
580,28,"(12, 27)",0,-0.08
580,29,"(12, 26)",0,-0.08
580,30,"(12, 25)",0,-0.08
580,31,"(12, 24)",1,-0.08
580,32,"(13, 24)",0,-0.08
580,33,"(13, 23)",0,-0.08
580,34,"(13, 22)",0,-0.08
580,35,"(13, 21)",1,-0.08
580,36,"(14, 21)",1,-0.08
580,37,"(15, 21)",0,-0.08
580,38,"(15, 20)",0,-0.08
580,39,"(15, 19)",0,-8.33
580,40,"(15, 19)",2,-0.08
580,41,"(15, 20)",2,-0.08
580,42,"(15, 21)",1,-0.08
580,43,"(16, 21)",1,-0.08
580,44,"(17, 21)",2,-0.08
580,45,"(17, 22)",1,-0.08
580,46,"(18, 22)",1,-0.08
580,47,"(19, 22)",1,-0.08
580,48,"(20, 22)",0,-0.08
580,49,"(20, 21)",0,-0.08
580,50,"(20, 20)",1,-0.08
580,51,"(21, 20)",1,-0.08
580,52,"(22, 20)",0,-0.08
580,53,"(22, 19)",0,-8.33
580,54,"(22, 19)",1,-0.08
580,55,"(23, 19)",0,-0.08
580,56,"(23, 18)",0,-0.08
580,57,"(23, 17)",0,-0.08
580,58,"(23, 16)",0,-0.08
580,59,"(23, 15)",1,-0.08
580,60,"(24, 15)",1,-0.08
580,61,"(25, 15)",1,-0.08
580,62,"(26, 15)",1,-0.08
580,63,"(27, 15)",1,-0.08
580,64,"(28, 15)",1,-0.08
580,65,"(29, 15)",0,-0.08
580,66,"(29, 14)",0,-0.08
580,67,"(29, 13)",1,-0.08
580,68,"(30, 13)",1,-0.08
580,69,"(31, 13)",1,-0.08
580,70,"(32, 13)",1,-0.08
580,71,"(33, 13)",1,-0.08
580,72,"(34, 13)",1,-0.08
580,73,"(35, 13)",0,-0.08
580,74,"(35, 12)",1,-0.08
580,75,"(36, 12)",1,-0.08
580,76,"(37, 12)",1,-0.08
580,77,"(38, 12)",1,-0.08
580,78,"(39, 12)",0,-0.08
580,79,"(39, 11)",1,-0.08
580,80,"(40, 11)",1,-0.08
580,81,"(41, 11)",1,-0.08
580,82,"(42, 11)",1,-0.08
580,83,"(43, 11)",1,-0.08
580,84,"(44, 11)",1,-0.08
580,85,"(45, 11)",0,-0.08
580,86,"(45, 10)",0,-0.08
580,87,"(45, 9)",0,-0.08
580,88,"(45, 8)",0,-0.08
580,89,"(45, 7)",1,-0.08
580,90,"(46, 7)",1,-0.08
580,91,"(47, 7)",1,-0.08
580,92,"(48, 7)",1,-0.08
580,93,"(49, 7)",1,-0.08
580,94,"(50, 7)",1,-0.08
580,95,"(51, 7)",1,-0.08
580,96,"(52, 7)",1,-0.08
580,97,"(53, 7)",1,-0.08
580,98,"(54, 7)",1,-0.08
580,99,"(55, 7)",1,-0.08
580,100,"(56, 7)",1,-0.08
580,101,"(57, 7)",1,-0.08
580,102,"(58, 7)",1,-0.08
580,103,"(59, 7)",1,-0.08
580,104,"(60, 7)",1,-0.08
580,105,"(61, 7)",1,-0.08
580,106,"(62, 7)",1,-0.08
580,107,"(63, 7)",1,-0.08
580,108,"(64, 7)",1,-0.08
580,109,"(65, 7)",1,-0.08
580,110,"(66, 7)",1,-0.08
580,111,"(67, 7)",1,-0.08
580,112,"(68, 7)",1,-0.08
580,113,"(69, 7)",0,-0.08
580,114,"(69, 6)",1,-0.08
580,115,"(70, 6)",1,-0.08
580,116,"(71, 6)",1,-0.08
580,117,"(72, 6)",1,-0.08
580,118,"(73, 6)",0,-0.08
580,119,"(73, 5)",1,-0.08
580,120,"(74, 5)",1,-0.08
580,121,"(75, 5)",0,-0.08
580,122,"(75, 4)",0,-0.08
580,123,"(75, 3)",1,-0.08
580,124,"(76, 3)",0,-0.08
580,125,"(76, 2)",1,-0.08
580,126,"(77, 2)",0,-0.08
580,127,"(77, 1)",0,-0.08
580,128,"(77, 0)",1,-0.08
580,129,"(78, 0)",1,8.33
581,0,"(0, 39)",0,-0.08
581,1,"(0, 38)",1,-0.08
581,2,"(1, 38)",0,-0.08
581,3,"(1, 37)",0,-8.33
581,4,"(1, 37)",3,-0.08
581,5,"(0, 37)",0,-0.08
581,6,"(0, 36)",0,-0.08
581,7,"(0, 35)",0,-0.08
581,8,"(0, 34)",0,-0.08
581,9,"(0, 33)",1,-0.08
581,10,"(1, 33)",0,-0.08
581,11,"(1, 32)",1,-0.08
581,12,"(2, 32)",0,-0.08
581,13,"(2, 31)",1,-0.08
581,14,"(3, 31)",0,-8.33
581,15,"(3, 31)",0,-8.33
581,16,"(3, 31)",3,-0.08
581,17,"(2, 31)",3,-0.08
581,18,"(1, 31)",0,-0.08
581,19,"(1, 30)",0,-0.08
581,20,"(1, 29)",1,-0.08
581,21,"(2, 29)",1,-0.08
581,22,"(3, 29)",1,-0.08
581,23,"(4, 29)",1,-0.08
581,24,"(5, 29)",1,-0.08
581,25,"(6, 29)",1,-0.08
581,26,"(7, 29)",0,-0.08
581,27,"(7, 28)",0,-0.08
581,28,"(7, 27)",0,-0.08
581,29,"(7, 26)",0,-0.08
581,30,"(7, 25)",1,-0.08
581,31,"(8, 25)",1,-0.08
581,32,"(9, 25)",0,-0.08
581,33,"(9, 24)",1,-0.08
581,34,"(10, 24)",1,-0.08
581,35,"(11, 24)",1,-0.08
581,36,"(12, 24)",1,-0.08
581,37,"(13, 24)",0,-0.08
581,38,"(13, 23)",1,-0.08
581,39,"(14, 23)",1,-0.08
581,40,"(15, 23)",1,-0.08
581,41,"(16, 23)",0,-0.08
581,42,"(16, 22)",1,-0.08
581,43,"(17, 22)",1,-0.08
581,44,"(18, 22)",1,-0.08
581,45,"(19, 22)",1,-0.08
581,46,"(20, 22)",1,-0.08
581,47,"(21, 22)",0,-0.08
581,48,"(21, 21)",1,-0.08
581,49,"(22, 21)",1,-0.08
581,50,"(23, 21)",0,-0.08
581,51,"(23, 20)",1,-0.08
581,52,"(24, 20)",1,-0.08
581,53,"(25, 20)",0,-0.08
581,54,"(25, 19)",0,-0.08
581,55,"(25, 18)",1,-0.08
581,56,"(26, 18)",0,-0.08
581,57,"(26, 17)",1,-0.08
581,58,"(27, 17)",0,-0.08
581,59,"(27, 16)",1,-0.08
581,60,"(28, 16)",1,-0.08
581,61,"(29, 16)",0,-0.08
581,62,"(29, 15)",1,-0.08
581,63,"(30, 15)",1,-0.08
581,64,"(31, 15)",1,-0.08
581,65,"(32, 15)",0,-0.08
581,66,"(32, 14)",0,-0.08
581,67,"(32, 13)",1,-0.08
581,68,"(33, 13)",1,-0.08
581,69,"(34, 13)",1,-0.08
581,70,"(35, 13)",0,-0.08
581,71,"(35, 12)",1,-0.08
581,72,"(36, 12)",1,-0.08
581,73,"(37, 12)",1,-0.08
581,74,"(38, 12)",1,-0.08
581,75,"(39, 12)",0,-0.08
581,76,"(39, 11)",1,-0.08
581,77,"(40, 11)",1,-0.08
581,78,"(41, 11)",1,-0.08
581,79,"(42, 11)",1,-0.08
581,80,"(43, 11)",1,-0.08
581,81,"(44, 11)",1,-0.08
581,82,"(45, 11)",0,-0.08
581,83,"(45, 10)",1,-0.08
581,84,"(46, 10)",0,-0.08
581,85,"(46, 9)",0,-0.08
581,86,"(46, 8)",0,-0.08
581,87,"(46, 7)",1,-0.08
581,88,"(47, 7)",1,-0.08
581,89,"(48, 7)",1,-0.08
581,90,"(49, 7)",1,-0.08
581,91,"(50, 7)",1,-0.08
581,92,"(51, 7)",1,-0.08
581,93,"(52, 7)",1,-0.08
581,94,"(53, 7)",1,-0.08
581,95,"(54, 7)",1,-0.08
581,96,"(55, 7)",1,-0.08
581,97,"(56, 7)",1,-0.08
581,98,"(57, 7)",1,-0.08
581,99,"(58, 7)",1,-0.08
581,100,"(59, 7)",1,-0.08
581,101,"(60, 7)",1,-0.08
581,102,"(61, 7)",1,-0.08
581,103,"(62, 7)",1,-0.08
581,104,"(63, 7)",1,-0.08
581,105,"(64, 7)",1,-0.08
581,106,"(65, 7)",1,-0.08
581,107,"(66, 7)",1,-0.08
581,108,"(67, 7)",1,-0.08
581,109,"(68, 7)",1,-0.08
581,110,"(69, 7)",0,-0.08
581,111,"(69, 6)",1,-0.08
581,112,"(70, 6)",1,-0.08
581,113,"(71, 6)",1,-0.08
581,114,"(72, 6)",0,-0.08
581,115,"(72, 5)",1,-0.08
581,116,"(73, 5)",1,-0.08
581,117,"(74, 5)",0,-0.08
581,118,"(74, 4)",0,-0.08
581,119,"(74, 3)",1,-0.08
581,120,"(75, 3)",1,-0.08
581,121,"(76, 3)",1,-0.08
581,122,"(77, 3)",0,-0.08
581,123,"(77, 2)",0,-0.08
581,124,"(77, 1)",0,-0.08
581,125,"(77, 0)",1,-0.08
581,126,"(78, 0)",1,8.33
582,0,"(0, 39)",1,-0.08
582,1,"(1, 39)",1,-0.08
582,2,"(2, 39)",0,-8.33
582,3,"(2, 39)",1,-0.08
582,4,"(3, 39)",0,-0.08
582,5,"(3, 38)",0,-0.08
582,6,"(3, 37)",1,-8.33
582,7,"(3, 37)",0,-0.08
582,8,"(3, 36)",0,-0.08
582,9,"(3, 35)",3,-0.08
582,10,"(2, 35)",0,-0.08
582,11,"(2, 34)",0,-0.08
582,12,"(2, 33)",1,-0.08
582,13,"(3, 33)",0,-0.08
582,14,"(3, 32)",0,-0.08
582,15,"(3, 31)",0,-8.33
582,16,"(3, 31)",3,-0.08
582,17,"(2, 31)",3,-0.08
582,18,"(1, 31)",0,-0.08
582,19,"(1, 30)",0,-0.08
582,20,"(1, 29)",1,-0.08
582,21,"(2, 29)",1,-0.08
582,22,"(3, 29)",0,-0.08
582,23,"(3, 28)",0,-0.08
582,24,"(3, 27)",0,-0.08
582,25,"(3, 26)",0,-0.08
582,26,"(3, 25)",1,-0.08
582,27,"(4, 25)",1,-0.08
582,28,"(5, 25)",1,-0.08
582,29,"(6, 25)",1,-0.08
582,30,"(7, 25)",1,-0.08
582,31,"(8, 25)",1,-0.08
582,32,"(9, 25)",0,-0.08
582,33,"(9, 24)",1,-0.08
582,34,"(10, 24)",1,-0.08
582,35,"(11, 24)",1,-0.08
582,36,"(12, 24)",1,-0.08
582,37,"(13, 24)",1,-0.08
582,38,"(14, 24)",0,-0.08
582,39,"(14, 23)",1,-0.08
582,40,"(15, 23)",1,-0.08
582,41,"(16, 23)",1,-0.08
582,42,"(17, 23)",1,-0.08
582,43,"(18, 23)",1,-0.08
582,44,"(19, 23)",0,-0.08
582,45,"(19, 22)",0,-0.08
582,46,"(19, 21)",1,-0.08
582,47,"(20, 21)",0,-0.08
582,48,"(20, 20)",1,-0.08
582,49,"(21, 20)",0,-0.08
582,50,"(21, 19)",1,-0.08
582,51,"(22, 19)",1,-0.08
582,52,"(23, 19)",0,-0.08
582,53,"(23, 18)",0,-0.08
582,54,"(23, 17)",0,-0.08
582,55,"(23, 16)",0,-0.08
582,56,"(23, 15)",1,-0.08
582,57,"(24, 15)",1,-0.08
582,58,"(25, 15)",1,-0.08
582,59,"(26, 15)",1,-0.08
582,60,"(27, 15)",0,-0.08
582,61,"(27, 14)",0,-0.08
582,62,"(27, 13)",1,-0.08
582,63,"(28, 13)",1,-0.08
582,64,"(29, 13)",1,-0.08
582,65,"(30, 13)",1,-0.08
582,66,"(31, 13)",1,-0.08
582,67,"(32, 13)",1,-0.08
582,68,"(33, 13)",1,-0.08
582,69,"(34, 13)",1,-0.08
582,70,"(35, 13)",0,-0.08
582,71,"(35, 12)",1,-0.08
582,72,"(36, 12)",1,-0.08
582,73,"(37, 12)",1,-0.08
582,74,"(38, 12)",1,-0.08
582,75,"(39, 12)",0,-0.08
582,76,"(39, 11)",1,-0.08
582,77,"(40, 11)",1,-0.08
582,78,"(41, 11)",1,-0.08
582,79,"(42, 11)",1,-0.08
582,80,"(43, 11)",1,-0.08
582,81,"(44, 11)",1,-0.08
582,82,"(45, 11)",0,-0.08
582,83,"(45, 10)",1,-0.08
582,84,"(46, 10)",0,-0.08
582,85,"(46, 9)",0,-0.08
582,86,"(46, 8)",0,-0.08
582,87,"(46, 7)",1,-0.08
582,88,"(47, 7)",1,-0.08
582,89,"(48, 7)",1,-0.08
582,90,"(49, 7)",1,-0.08
582,91,"(50, 7)",1,-0.08
582,92,"(51, 7)",1,-0.08
582,93,"(52, 7)",1,-0.08
582,94,"(53, 7)",1,-0.08
582,95,"(54, 7)",1,-0.08
582,96,"(55, 7)",1,-0.08
582,97,"(56, 7)",1,-0.08
582,98,"(57, 7)",1,-0.08
582,99,"(58, 7)",1,-0.08
582,100,"(59, 7)",1,-0.08
582,101,"(60, 7)",1,-0.08
582,102,"(61, 7)",1,-0.08
582,103,"(62, 7)",1,-0.08
582,104,"(63, 7)",1,-0.08
582,105,"(64, 7)",1,-0.08
582,106,"(65, 7)",1,-0.08
582,107,"(66, 7)",1,-0.08
582,108,"(67, 7)",1,-0.08
582,109,"(68, 7)",1,-0.08
582,110,"(69, 7)",1,-0.08
582,111,"(70, 7)",1,-0.08
582,112,"(71, 7)",1,-0.08
582,113,"(72, 7)",1,-0.08
582,114,"(73, 7)",0,-0.08
582,115,"(73, 6)",1,-0.08
582,116,"(74, 6)",0,-0.08
582,117,"(74, 5)",0,-0.08
582,118,"(74, 4)",0,-0.08
582,119,"(74, 3)",1,-0.08
582,120,"(75, 3)",1,-0.08
582,121,"(76, 3)",1,-0.08
582,122,"(77, 3)",0,-0.08
582,123,"(77, 2)",0,-0.08
582,124,"(77, 1)",1,-0.08
582,125,"(78, 1)",0,-0.08
582,126,"(78, 0)",1,8.33
583,0,"(0, 39)",0,-0.08
583,1,"(0, 38)",1,-0.08
583,2,"(1, 38)",1,-8.33
583,3,"(1, 38)",0,-0.08
583,4,"(1, 37)",0,-8.33
583,5,"(1, 37)",3,-0.08
583,6,"(0, 37)",0,-0.08
583,7,"(0, 36)",0,-0.08
583,8,"(0, 35)",0,-0.08
583,9,"(0, 34)",0,-0.08
583,10,"(0, 33)",1,-0.08
583,11,"(1, 33)",0,-0.08
583,12,"(1, 32)",0,-0.08
583,13,"(1, 31)",0,-0.08
583,14,"(1, 30)",0,-0.08
583,15,"(1, 29)",0,-0.08
583,16,"(1, 28)",0,-0.08
583,17,"(1, 27)",0,-0.08
583,18,"(1, 26)",1,-0.08
583,19,"(2, 26)",0,-0.08
583,20,"(2, 25)",1,-0.08
583,21,"(3, 25)",1,-0.08
583,22,"(4, 25)",1,-0.08
583,23,"(5, 25)",1,-0.08
583,24,"(6, 25)",1,-0.08
583,25,"(7, 25)",1,-0.08
583,26,"(8, 25)",1,-0.08
583,27,"(9, 25)",0,-0.08
583,28,"(9, 24)",1,-0.08
583,29,"(10, 24)",1,-0.08
583,30,"(11, 24)",1,-0.08
583,31,"(12, 24)",1,-0.08
583,32,"(13, 24)",0,-0.08
583,33,"(13, 23)",1,-0.08
583,34,"(14, 23)",1,-0.08
583,35,"(15, 23)",1,-0.08
583,36,"(16, 23)",1,-0.08
583,37,"(17, 23)",1,-0.08
583,38,"(18, 23)",0,-0.08
583,39,"(18, 22)",1,-0.08
583,40,"(19, 22)",0,-0.08
583,41,"(19, 21)",1,-0.08
583,42,"(20, 21)",0,-0.08
583,43,"(20, 20)",1,-0.08
583,44,"(21, 20)",0,-0.08
583,45,"(21, 19)",0,-0.08
583,46,"(21, 18)",1,-8.33
583,47,"(21, 18)",2,-0.08
583,48,"(21, 19)",1,-0.08
583,49,"(22, 19)",1,-0.08
583,50,"(23, 19)",0,-0.08
583,51,"(23, 18)",0,-0.08
583,52,"(23, 17)",1,-0.08
583,53,"(24, 17)",1,-0.08
583,54,"(25, 17)",1,-0.08
583,55,"(26, 17)",1,-0.08
583,56,"(27, 17)",0,-0.08
583,57,"(27, 16)",1,-0.08
583,58,"(28, 16)",1,-0.08
583,59,"(29, 16)",0,-0.08
583,60,"(29, 15)",0,-0.08
583,61,"(29, 14)",0,-0.08
583,62,"(29, 13)",1,-0.08
583,63,"(30, 13)",1,-0.08
583,64,"(31, 13)",1,-0.08
583,65,"(32, 13)",1,-0.08
583,66,"(33, 13)",1,-0.08
583,67,"(34, 13)",1,-0.08
583,68,"(35, 13)",1,-0.08
583,69,"(36, 13)",1,-0.08
583,70,"(37, 13)",0,-0.08
583,71,"(37, 12)",1,-0.08
583,72,"(38, 12)",1,-0.08
583,73,"(39, 12)",0,-0.08
583,74,"(39, 11)",1,-0.08
583,75,"(40, 11)",1,-0.08
583,76,"(41, 11)",1,-0.08
583,77,"(42, 11)",1,-0.08
583,78,"(43, 11)",1,-0.08
583,79,"(44, 11)",1,-0.08
583,80,"(45, 11)",0,-0.08
583,81,"(45, 10)",0,-0.08
583,82,"(45, 9)",1,-0.08
583,83,"(46, 9)",0,-0.08
583,84,"(46, 8)",0,-0.08
583,85,"(46, 7)",1,-0.08
583,86,"(47, 7)",1,-0.08
583,87,"(48, 7)",1,-0.08
583,88,"(49, 7)",1,-0.08
583,89,"(50, 7)",1,-0.08
583,90,"(51, 7)",1,-0.08
583,91,"(52, 7)",1,-0.08
583,92,"(53, 7)",1,-0.08
583,93,"(54, 7)",1,-0.08
583,94,"(55, 7)",1,-0.08
583,95,"(56, 7)",1,-0.08
583,96,"(57, 7)",1,-0.08
583,97,"(58, 7)",1,-0.08
583,98,"(59, 7)",1,-0.08
583,99,"(60, 7)",1,-0.08
583,100,"(61, 7)",1,-0.08
583,101,"(62, 7)",1,-0.08
583,102,"(63, 7)",1,-0.08
583,103,"(64, 7)",1,-0.08
583,104,"(65, 7)",1,-0.08
583,105,"(66, 7)",1,-0.08
583,106,"(67, 7)",1,-0.08
583,107,"(68, 7)",1,-0.08
583,108,"(69, 7)",1,-0.08
583,109,"(70, 7)",1,-0.08
583,110,"(71, 7)",0,-0.08
583,111,"(71, 6)",0,-0.08
583,112,"(71, 5)",1,-0.08
583,113,"(72, 5)",1,-0.08
583,114,"(73, 5)",1,-0.08
583,115,"(74, 5)",1,-0.08
583,116,"(75, 5)",0,-0.08
583,117,"(75, 4)",0,-0.08
583,118,"(75, 3)",1,-0.08
583,119,"(76, 3)",0,-0.08
583,120,"(76, 2)",1,-0.08
583,121,"(77, 2)",0,-0.08
583,122,"(77, 1)",0,-0.08
583,123,"(77, 0)",1,-0.08
583,124,"(78, 0)",1,8.33
584,0,"(0, 39)",0,-0.08
584,1,"(0, 38)",1,-0.08
584,2,"(1, 38)",0,-0.08
584,3,"(1, 37)",1,-8.33
584,4,"(1, 37)",0,-8.33
584,5,"(1, 37)",3,-0.08
584,6,"(0, 37)",0,-0.08
584,7,"(0, 36)",0,-0.08
584,8,"(0, 35)",0,-0.08
584,9,"(0, 34)",1,-0.08
584,10,"(1, 34)",1,-0.08
584,11,"(2, 34)",0,-0.08
584,12,"(2, 33)",0,-0.08
584,13,"(2, 32)",1,-0.08
584,14,"(3, 32)",0,-0.08
584,15,"(3, 31)",0,-8.33
584,16,"(3, 31)",0,-8.33
584,17,"(3, 31)",3,-0.08
584,18,"(2, 31)",3,-0.08
584,19,"(1, 31)",0,-0.08
584,20,"(1, 30)",0,-0.08
584,21,"(1, 29)",1,-0.08
584,22,"(2, 29)",1,-0.08
584,23,"(3, 29)",0,-0.08
584,24,"(3, 28)",0,-0.08
584,25,"(3, 27)",0,-0.08
584,26,"(3, 26)",0,-0.08
584,27,"(3, 25)",1,-0.08
584,28,"(4, 25)",1,-0.08
584,29,"(5, 25)",1,-0.08
584,30,"(6, 25)",1,-0.08
584,31,"(7, 25)",1,-0.08
584,32,"(8, 25)",1,-0.08
584,33,"(9, 25)",1,-0.08
584,34,"(10, 25)",1,-0.08
584,35,"(11, 25)",0,-0.08
584,36,"(11, 24)",1,-0.08
584,37,"(12, 24)",1,-0.08
584,38,"(13, 24)",0,-0.08
584,39,"(13, 23)",1,-0.08
584,40,"(14, 23)",1,-0.08
584,41,"(15, 23)",1,-0.08
584,42,"(16, 23)",1,-0.08
584,43,"(17, 23)",0,-0.08
584,44,"(17, 22)",1,-0.08
584,45,"(18, 22)",1,-0.08
584,46,"(19, 22)",0,-0.08
584,47,"(19, 21)",0,-0.08
584,48,"(19, 20)",1,-0.08
584,49,"(20, 20)",1,-0.08
584,50,"(21, 20)",1,-0.08
584,51,"(22, 20)",0,-0.08
584,52,"(22, 19)",1,-0.08
584,53,"(23, 19)",0,-0.08
584,54,"(23, 18)",0,-0.08
584,55,"(23, 17)",0,-0.08
584,56,"(23, 16)",0,-0.08
584,57,"(23, 15)",1,-0.08
584,58,"(24, 15)",1,-0.08
584,59,"(25, 15)",1,-0.08
584,60,"(26, 15)",1,-0.08
584,61,"(27, 15)",0,-0.08
584,62,"(27, 14)",0,-0.08
584,63,"(27, 13)",1,-0.08
584,64,"(28, 13)",1,-0.08
584,65,"(29, 13)",1,-0.08
584,66,"(30, 13)",1,-0.08
584,67,"(31, 13)",1,-0.08
584,68,"(32, 13)",1,-0.08
584,69,"(33, 13)",1,-0.08
584,70,"(34, 13)",1,-0.08
584,71,"(35, 13)",0,-0.08
584,72,"(35, 12)",1,-0.08
584,73,"(36, 12)",1,-0.08
584,74,"(37, 12)",1,-0.08
584,75,"(38, 12)",1,-0.08
584,76,"(39, 12)",0,-0.08
584,77,"(39, 11)",1,-0.08
584,78,"(40, 11)",1,-0.08
584,79,"(41, 11)",1,-0.08
584,80,"(42, 11)",1,-0.08
584,81,"(43, 11)",1,-0.08
584,82,"(44, 11)",1,-0.08
584,83,"(45, 11)",0,-0.08
584,84,"(45, 10)",1,-0.08
584,85,"(46, 10)",1,-0.08
584,86,"(47, 10)",1,-0.08
584,87,"(48, 10)",1,-0.08
584,88,"(49, 10)",1,-0.08
584,89,"(50, 10)",0,-0.08
584,90,"(50, 9)",1,-0.08
584,91,"(51, 9)",1,-0.08
584,92,"(52, 9)",1,-0.08
584,93,"(53, 9)",1,-0.08
584,94,"(54, 9)",1,-0.08
584,95,"(55, 9)",1,-0.08
584,96,"(56, 9)",1,-0.08
584,97,"(57, 9)",1,-0.08
584,98,"(58, 9)",0,-0.08
584,99,"(58, 8)",0,-0.08
584,100,"(58, 7)",1,-0.08
584,101,"(59, 7)",1,-0.08
584,102,"(60, 7)",1,-0.08
584,103,"(61, 7)",1,-0.08
584,104,"(62, 7)",1,-0.08
584,105,"(63, 7)",1,-0.08
584,106,"(64, 7)",1,-0.08
584,107,"(65, 7)",1,-0.08
584,108,"(66, 7)",1,-0.08
584,109,"(67, 7)",1,-0.08
584,110,"(68, 7)",1,-0.08
584,111,"(69, 7)",0,-0.08
584,112,"(69, 6)",1,-0.08
584,113,"(70, 6)",1,-0.08
584,114,"(71, 6)",0,-0.08
584,115,"(71, 5)",1,-0.08
584,116,"(72, 5)",1,-0.08
584,117,"(73, 5)",1,-0.08
584,118,"(74, 5)",0,-0.08
584,119,"(74, 4)",1,-0.08
584,120,"(75, 4)",0,-0.08
584,121,"(75, 3)",1,-0.08
584,122,"(76, 3)",1,-0.08
584,123,"(77, 3)",0,-0.08
584,124,"(77, 2)",0,-0.08
584,125,"(77, 1)",1,-0.08
584,126,"(78, 1)",1,-0.08
584,127,"(79, 1)",0,8.33
585,0,"(0, 39)",0,-0.08
585,1,"(0, 38)",1,-0.08
585,2,"(1, 38)",0,-0.08
585,3,"(1, 37)",0,-8.33
585,4,"(1, 37)",3,-0.08
585,5,"(0, 37)",0,-0.08
585,6,"(0, 36)",0,-0.08
585,7,"(0, 35)",0,-0.08
585,8,"(0, 34)",0,-0.08
585,9,"(0, 33)",1,-0.08
585,10,"(1, 33)",1,-0.08
585,11,"(2, 33)",1,-0.08
585,12,"(3, 33)",0,-0.08
585,13,"(3, 32)",0,-0.08
585,14,"(3, 31)",0,-8.33
585,15,"(3, 31)",3,-0.08
585,16,"(2, 31)",3,-0.08
585,17,"(1, 31)",0,-0.08
585,18,"(1, 30)",0,-0.08
585,19,"(1, 29)",1,-0.08
585,20,"(2, 29)",1,-0.08
585,21,"(3, 29)",0,-0.08
585,22,"(3, 28)",0,-0.08
585,23,"(3, 27)",0,-0.08
585,24,"(3, 26)",0,-0.08
585,25,"(3, 25)",1,-0.08
585,26,"(4, 25)",1,-0.08
585,27,"(5, 25)",1,-0.08
585,28,"(6, 25)",1,-0.08
585,29,"(7, 25)",1,-0.08
585,30,"(8, 25)",1,-0.08
585,31,"(9, 25)",0,-0.08
585,32,"(9, 24)",1,-0.08
585,33,"(10, 24)",1,-0.08
585,34,"(11, 24)",1,-0.08
585,35,"(12, 24)",1,-0.08
585,36,"(13, 24)",1,-0.08
585,37,"(14, 24)",0,-0.08
585,38,"(14, 23)",1,-0.08
585,39,"(15, 23)",1,-0.08
585,40,"(16, 23)",1,-0.08
585,41,"(17, 23)",0,-0.08
585,42,"(17, 22)",1,-0.08
585,43,"(18, 22)",1,-0.08
585,44,"(19, 22)",0,-0.08
585,45,"(19, 21)",1,-0.08
585,46,"(20, 21)",1,-0.08
585,47,"(21, 21)",0,-0.08
585,48,"(21, 20)",0,-0.08
585,49,"(21, 19)",1,-0.08
585,50,"(22, 19)",1,-0.08
585,51,"(23, 19)",0,-0.08
585,52,"(23, 18)",0,-0.08
585,53,"(23, 17)",0,-0.08
585,54,"(23, 16)",0,-0.08
585,55,"(23, 15)",1,-0.08
585,56,"(24, 15)",1,-0.08
585,57,"(25, 15)",1,-0.08
585,58,"(26, 15)",1,-0.08
585,59,"(27, 15)",0,-0.08
585,60,"(27, 14)",0,-0.08
585,61,"(27, 13)",1,-0.08
585,62,"(28, 13)",1,-0.08
585,63,"(29, 13)",1,-0.08
585,64,"(30, 13)",1,-0.08
585,65,"(31, 13)",1,-0.08
585,66,"(32, 13)",1,-0.08
585,67,"(33, 13)",1,-0.08
585,68,"(34, 13)",1,-0.08
585,69,"(35, 13)",0,-0.08
585,70,"(35, 12)",1,-0.08
585,71,"(36, 12)",1,-0.08
585,72,"(37, 12)",1,-0.08
585,73,"(38, 12)",1,-0.08
585,74,"(39, 12)",0,-0.08
585,75,"(39, 11)",1,-0.08
585,76,"(40, 11)",1,-0.08
585,77,"(41, 11)",1,-0.08
585,78,"(42, 11)",1,-0.08
585,79,"(43, 11)",1,-0.08
585,80,"(44, 11)",1,-0.08
585,81,"(45, 11)",0,-0.08
585,82,"(45, 10)",0,-0.08
585,83,"(45, 9)",1,-0.08
585,84,"(46, 9)",0,-0.08
585,85,"(46, 8)",0,-0.08
585,86,"(46, 7)",1,-0.08
585,87,"(47, 7)",1,-0.08
585,88,"(48, 7)",1,-0.08
585,89,"(49, 7)",1,-0.08
585,90,"(50, 7)",1,-0.08
585,91,"(51, 7)",1,-0.08
585,92,"(52, 7)",1,-0.08
585,93,"(53, 7)",1,-0.08
585,94,"(54, 7)",1,-0.08
585,95,"(55, 7)",1,-0.08
585,96,"(56, 7)",1,-0.08
585,97,"(57, 7)",1,-0.08
585,98,"(58, 7)",1,-0.08
585,99,"(59, 7)",1,-0.08
585,100,"(60, 7)",1,-0.08
585,101,"(61, 7)",1,-0.08
585,102,"(62, 7)",1,-0.08
585,103,"(63, 7)",1,-0.08
585,104,"(64, 7)",1,-0.08
585,105,"(65, 7)",1,-0.08
585,106,"(66, 7)",1,-0.08
585,107,"(67, 7)",1,-0.08
585,108,"(68, 7)",1,-0.08
585,109,"(69, 7)",1,-0.08
585,110,"(70, 7)",1,-0.08
585,111,"(71, 7)",1,-0.08
585,112,"(72, 7)",0,-0.08
585,113,"(72, 6)",1,-0.08
585,114,"(73, 6)",0,-0.08
585,115,"(73, 5)",1,-0.08
585,116,"(74, 5)",0,-0.08
585,117,"(74, 4)",0,-0.08
585,118,"(74, 3)",1,-0.08
585,119,"(75, 3)",1,-0.08
585,120,"(76, 3)",0,-0.08
585,121,"(76, 2)",0,-0.08
585,122,"(76, 1)",1,-0.08
585,123,"(77, 1)",0,-0.08
585,124,"(77, 0)",1,-0.08
585,125,"(78, 0)",1,8.33
586,0,"(0, 39)",0,-0.08
586,1,"(0, 38)",1,-0.08
586,2,"(1, 38)",1,-8.33
586,3,"(1, 38)",0,-0.08
586,4,"(1, 37)",0,-8.33
586,5,"(1, 37)",3,-0.08
586,6,"(0, 37)",0,-0.08
586,7,"(0, 36)",0,-0.08
586,8,"(0, 35)",1,-0.08
586,9,"(1, 35)",0,-0.08
586,10,"(1, 34)",1,-0.08
586,11,"(2, 34)",0,-0.08
586,12,"(2, 33)",1,-0.08
586,13,"(3, 33)",0,-0.08
586,14,"(3, 32)",0,-0.08
586,15,"(3, 31)",0,-8.33
586,16,"(3, 31)",3,-0.08
586,17,"(2, 31)",3,-0.08
586,18,"(1, 31)",0,-0.08
586,19,"(1, 30)",0,-0.08
586,20,"(1, 29)",1,-0.08
586,21,"(2, 29)",1,-0.08
586,22,"(3, 29)",0,-0.08
586,23,"(3, 28)",0,-0.08
586,24,"(3, 27)",0,-0.08
586,25,"(3, 26)",0,-0.08
586,26,"(3, 25)",1,-0.08
586,27,"(4, 25)",1,-0.08
586,28,"(5, 25)",1,-0.08
586,29,"(6, 25)",1,-0.08
586,30,"(7, 25)",1,-0.08
586,31,"(8, 25)",1,-0.08
586,32,"(9, 25)",1,-0.08
586,33,"(10, 25)",0,-0.08
586,34,"(10, 24)",1,-0.08
586,35,"(11, 24)",1,-0.08
586,36,"(12, 24)",1,-0.08
586,37,"(13, 24)",0,-0.08
586,38,"(13, 23)",1,-0.08
586,39,"(14, 23)",1,-0.08
586,40,"(15, 23)",1,-0.08
586,41,"(16, 23)",0,-0.08
586,42,"(16, 22)",1,-0.08
586,43,"(17, 22)",1,-0.08
586,44,"(18, 22)",1,-0.08
586,45,"(19, 22)",0,-0.08
586,46,"(19, 21)",1,-0.08
586,47,"(20, 21)",1,-0.08
586,48,"(21, 21)",1,-0.08
586,49,"(22, 21)",0,-0.08
586,50,"(22, 20)",0,-0.08
586,51,"(22, 19)",1,-0.08
586,52,"(23, 19)",0,-0.08
586,53,"(23, 18)",0,-0.08
586,54,"(23, 17)",0,-0.08
586,55,"(23, 16)",0,-0.08
586,56,"(23, 15)",1,-0.08
586,57,"(24, 15)",1,-0.08
586,58,"(25, 15)",1,-0.08
586,59,"(26, 15)",1,-0.08
586,60,"(27, 15)",0,-0.08
586,61,"(27, 14)",0,-0.08
586,62,"(27, 13)",1,-0.08
586,63,"(28, 13)",1,-0.08
586,64,"(29, 13)",1,-0.08
586,65,"(30, 13)",1,-0.08
586,66,"(31, 13)",1,-0.08
586,67,"(32, 13)",1,-0.08
586,68,"(33, 13)",1,-0.08
586,69,"(34, 13)",1,-0.08
586,70,"(35, 13)",0,-0.08
586,71,"(35, 12)",1,-0.08
586,72,"(36, 12)",1,-0.08
586,73,"(37, 12)",1,-0.08
586,74,"(38, 12)",1,-0.08
586,75,"(39, 12)",0,-0.08
586,76,"(39, 11)",1,-0.08
586,77,"(40, 11)",1,-0.08
586,78,"(41, 11)",1,-0.08
586,79,"(42, 11)",1,-0.08
586,80,"(43, 11)",1,-0.08
586,81,"(44, 11)",1,-0.08
586,82,"(45, 11)",0,-0.08
586,83,"(45, 10)",1,-0.08
586,84,"(46, 10)",0,-0.08
586,85,"(46, 9)",0,-0.08
586,86,"(46, 8)",0,-0.08
586,87,"(46, 7)",1,-0.08
586,88,"(47, 7)",1,-0.08
586,89,"(48, 7)",1,-0.08
586,90,"(49, 7)",1,-0.08
586,91,"(50, 7)",1,-0.08
586,92,"(51, 7)",1,-0.08
586,93,"(52, 7)",1,-0.08
586,94,"(53, 7)",1,-0.08
586,95,"(54, 7)",1,-0.08
586,96,"(55, 7)",1,-0.08
586,97,"(56, 7)",1,-0.08
586,98,"(57, 7)",1,-0.08
586,99,"(58, 7)",1,-0.08
586,100,"(59, 7)",1,-0.08
586,101,"(60, 7)",1,-0.08
586,102,"(61, 7)",1,-0.08
586,103,"(62, 7)",1,-0.08
586,104,"(63, 7)",1,-0.08
586,105,"(64, 7)",1,-0.08
586,106,"(65, 7)",1,-0.08
586,107,"(66, 7)",1,-0.08
586,108,"(67, 7)",1,-0.08
586,109,"(68, 7)",1,-0.08
586,110,"(69, 7)",0,-0.08
586,111,"(69, 6)",1,-0.08
586,112,"(70, 6)",1,-0.08
586,113,"(71, 6)",1,-0.08
586,114,"(72, 6)",0,-0.08
586,115,"(72, 5)",1,-0.08
586,116,"(73, 5)",1,-0.08
586,117,"(74, 5)",0,-0.08
586,118,"(74, 4)",1,-0.08
586,119,"(75, 4)",0,-0.08
586,120,"(75, 3)",1,-0.08
586,121,"(76, 3)",1,-0.08
586,122,"(77, 3)",0,-0.08
586,123,"(77, 2)",0,-0.08
586,124,"(77, 1)",1,-0.08
586,125,"(78, 1)",0,-0.08
586,126,"(78, 0)",1,8.33
587,0,"(0, 39)",0,-0.08
587,1,"(0, 38)",1,-0.08
587,2,"(1, 38)",0,-0.08
587,3,"(1, 37)",0,-8.33
587,4,"(1, 37)",3,-0.08
587,5,"(0, 37)",0,-0.08
587,6,"(0, 36)",0,-0.08
587,7,"(0, 35)",0,-0.08
587,8,"(0, 34)",0,-0.08
587,9,"(0, 33)",1,-0.08
587,10,"(1, 33)",1,-0.08
587,11,"(2, 33)",1,-0.08
587,12,"(3, 33)",0,-0.08
587,13,"(3, 32)",0,-0.08
587,14,"(3, 31)",0,-8.33
587,15,"(3, 31)",2,-0.08
587,16,"(3, 32)",2,-0.08
587,17,"(3, 33)",1,-0.08
587,18,"(4, 33)",1,-0.08
587,19,"(5, 33)",0,-0.08
587,20,"(5, 32)",0,-0.08
587,21,"(5, 31)",0,-0.08
587,22,"(5, 30)",0,-0.08
587,23,"(5, 29)",1,-0.08
587,24,"(6, 29)",1,-0.08
587,25,"(7, 29)",1,-0.08
587,26,"(8, 29)",1,-0.08
587,27,"(9, 29)",1,-0.08
587,28,"(10, 29)",0,-0.08
587,29,"(10, 28)",0,-0.08
587,30,"(10, 27)",1,-0.08
587,31,"(11, 27)",1,-0.08
587,32,"(12, 27)",1,-0.08
587,33,"(13, 27)",1,-0.08
587,34,"(14, 27)",1,-0.08
587,35,"(15, 27)",0,-0.08
587,36,"(15, 26)",1,-0.08
587,37,"(16, 26)",1,-0.08
587,38,"(17, 26)",0,-0.08
587,39,"(17, 25)",0,-0.08
587,40,"(17, 24)",0,-0.08
587,41,"(17, 23)",1,-0.08
587,42,"(18, 23)",0,-0.08
587,43,"(18, 22)",1,-0.08
587,44,"(19, 22)",1,-0.08
587,45,"(20, 22)",1,-0.08
587,46,"(21, 22)",0,-0.08
587,47,"(21, 21)",0,-0.08
587,48,"(21, 20)",1,-0.08
587,49,"(22, 20)",1,-0.08
587,50,"(23, 20)",0,-0.08
587,51,"(23, 19)",0,-0.08
587,52,"(23, 18)",0,-0.08
587,53,"(23, 17)",1,-0.08
587,54,"(24, 17)",1,-0.08
587,55,"(25, 17)",1,-0.08
587,56,"(26, 17)",1,-0.08
587,57,"(27, 17)",0,-0.08
587,58,"(27, 16)",0,-0.08
587,59,"(27, 15)",1,-0.08
587,60,"(28, 15)",1,-0.08
587,61,"(29, 15)",0,-0.08
587,62,"(29, 14)",0,-0.08
587,63,"(29, 13)",1,-0.08
587,64,"(30, 13)",1,-0.08
587,65,"(31, 13)",1,-0.08
587,66,"(32, 13)",1,-0.08
587,67,"(33, 13)",1,-0.08
587,68,"(34, 13)",1,-0.08
587,69,"(35, 13)",1,-0.08
587,70,"(36, 13)",1,-0.08
587,71,"(37, 13)",1,-0.08
587,72,"(38, 13)",1,-0.08
587,73,"(39, 13)",1,-0.08
587,74,"(40, 13)",1,-0.08
587,75,"(41, 13)",1,-0.08
587,76,"(42, 13)",1,-0.08
587,77,"(43, 13)",1,-0.08
587,78,"(44, 13)",1,-0.08
587,79,"(45, 13)",0,-0.08
587,80,"(45, 12)",0,-0.08
587,81,"(45, 11)",0,-0.08
587,82,"(45, 10)",1,-0.08
587,83,"(46, 10)",0,-0.08
587,84,"(46, 9)",0,-0.08
587,85,"(46, 8)",0,-0.08
587,86,"(46, 7)",1,-0.08
587,87,"(47, 7)",1,-0.08
587,88,"(48, 7)",1,-0.08
587,89,"(49, 7)",1,-0.08
587,90,"(50, 7)",1,-0.08
587,91,"(51, 7)",1,-0.08
587,92,"(52, 7)",1,-0.08
587,93,"(53, 7)",1,-0.08
587,94,"(54, 7)",1,-0.08
587,95,"(55, 7)",1,-0.08
587,96,"(56, 7)",1,-0.08
587,97,"(57, 7)",1,-0.08
587,98,"(58, 7)",1,-0.08
587,99,"(59, 7)",1,-0.08
587,100,"(60, 7)",1,-0.08
587,101,"(61, 7)",1,-0.08
587,102,"(62, 7)",1,-0.08
587,103,"(63, 7)",1,-0.08
587,104,"(64, 7)",1,-0.08
587,105,"(65, 7)",1,-0.08
587,106,"(66, 7)",1,-0.08
587,107,"(67, 7)",1,-0.08
587,108,"(68, 7)",1,-0.08
587,109,"(69, 7)",0,-0.08
587,110,"(69, 6)",1,-0.08
587,111,"(70, 6)",1,-0.08
587,112,"(71, 6)",0,-0.08
587,113,"(71, 5)",1,-0.08
587,114,"(72, 5)",1,-0.08
587,115,"(73, 5)",1,-0.08
587,116,"(74, 5)",1,-0.08
587,117,"(75, 5)",0,-0.08
587,118,"(75, 4)",0,-0.08
587,119,"(75, 3)",1,-0.08
587,120,"(76, 3)",1,-0.08
587,121,"(77, 3)",0,-0.08
587,122,"(77, 2)",0,-0.08
587,123,"(77, 1)",1,-0.08
587,124,"(78, 1)",1,-0.08
587,125,"(79, 1)",0,8.33
588,0,"(0, 39)",1,-0.08
588,1,"(1, 39)",0,-0.08
588,2,"(1, 38)",0,-0.08
588,3,"(1, 37)",0,-8.33
588,4,"(1, 37)",3,-0.08
588,5,"(0, 37)",0,-0.08
588,6,"(0, 36)",0,-0.08
588,7,"(0, 35)",1,-0.08
588,8,"(1, 35)",0,-0.08
588,9,"(1, 34)",0,-0.08
588,10,"(1, 33)",1,-0.08
588,11,"(2, 33)",0,-0.08
588,12,"(2, 32)",0,-0.08
588,13,"(2, 31)",1,-0.08
588,14,"(3, 31)",0,-8.33
588,15,"(3, 31)",0,-8.33
588,16,"(3, 31)",2,-0.08
588,17,"(3, 32)",2,-0.08
588,18,"(3, 33)",1,-0.08
588,19,"(4, 33)",1,-0.08
588,20,"(5, 33)",0,-0.08
588,21,"(5, 32)",0,-0.08
588,22,"(5, 31)",0,-0.08
588,23,"(5, 30)",0,-0.08
588,24,"(5, 29)",1,-0.08
588,25,"(6, 29)",1,-0.08
588,26,"(7, 29)",1,-0.08
588,27,"(8, 29)",0,-0.08
588,28,"(8, 28)",0,-0.08
588,29,"(8, 27)",1,-0.08
588,30,"(9, 27)",1,-0.08
588,31,"(10, 27)",1,-0.08
588,32,"(11, 27)",1,-0.08
588,33,"(12, 27)",0,-0.08
588,34,"(12, 26)",1,-0.08
588,35,"(13, 26)",0,-0.08
588,36,"(13, 25)",0,-0.08
588,37,"(13, 24)",1,-0.08
588,38,"(14, 24)",0,-0.08
588,39,"(14, 23)",1,-0.08
588,40,"(15, 23)",1,-0.08
588,41,"(16, 23)",1,-0.08
588,42,"(17, 23)",1,-0.08
588,43,"(18, 23)",0,-0.08
588,44,"(18, 22)",1,-0.08
588,45,"(19, 22)",1,-0.08
588,46,"(20, 22)",1,-0.08
588,47,"(21, 22)",0,-0.08
588,48,"(21, 21)",0,-0.08
588,49,"(21, 20)",1,-0.08
588,50,"(22, 20)",1,-0.08
588,51,"(23, 20)",1,-0.08
588,52,"(24, 20)",1,-0.08
588,53,"(25, 20)",0,-0.08
588,54,"(25, 19)",0,-0.08
588,55,"(25, 18)",1,-0.08
588,56,"(26, 18)",1,-0.08
588,57,"(27, 18)",0,-0.08
588,58,"(27, 17)",0,-0.08
588,59,"(27, 16)",0,-0.08
588,60,"(27, 15)",1,-0.08
588,61,"(28, 15)",1,-0.08
588,62,"(29, 15)",1,-0.08
588,63,"(30, 15)",1,-0.08
588,64,"(31, 15)",1,-0.08
588,65,"(32, 15)",0,-0.08
588,66,"(32, 14)",0,-0.08
588,67,"(32, 13)",1,-0.08
588,68,"(33, 13)",1,-0.08
588,69,"(34, 13)",1,-0.08
588,70,"(35, 13)",1,-0.08
588,71,"(36, 13)",0,-0.08
588,72,"(36, 12)",1,-0.08
588,73,"(37, 12)",1,-0.08
588,74,"(38, 12)",1,-0.08
588,75,"(39, 12)",0,-0.08
588,76,"(39, 11)",1,-0.08
588,77,"(40, 11)",1,-0.08
588,78,"(41, 11)",1,-0.08
588,79,"(42, 11)",1,-0.08
588,80,"(43, 11)",1,-0.08
588,81,"(44, 11)",1,-0.08
588,82,"(45, 11)",0,-0.08
588,83,"(45, 10)",0,-0.08
588,84,"(45, 9)",0,-0.08
588,85,"(45, 8)",1,-0.08
588,86,"(46, 8)",0,-0.08
588,87,"(46, 7)",1,-0.08
588,88,"(47, 7)",1,-0.08
588,89,"(48, 7)",1,-0.08
588,90,"(49, 7)",1,-0.08
588,91,"(50, 7)",1,-0.08
588,92,"(51, 7)",1,-0.08
588,93,"(52, 7)",1,-0.08
588,94,"(53, 7)",1,-0.08
588,95,"(54, 7)",1,-0.08
588,96,"(55, 7)",1,-0.08
588,97,"(56, 7)",1,-0.08
588,98,"(57, 7)",1,-0.08
588,99,"(58, 7)",1,-0.08
588,100,"(59, 7)",1,-0.08
588,101,"(60, 7)",1,-0.08
588,102,"(61, 7)",1,-0.08
588,103,"(62, 7)",1,-0.08
588,104,"(63, 7)",1,-0.08
588,105,"(64, 7)",1,-0.08
588,106,"(65, 7)",1,-0.08
588,107,"(66, 7)",1,-0.08
588,108,"(67, 7)",1,-0.08
588,109,"(68, 7)",1,-0.08
588,110,"(69, 7)",1,-0.08
588,111,"(70, 7)",0,-0.08
588,112,"(70, 6)",1,-0.08
588,113,"(71, 6)",1,-0.08
588,114,"(72, 6)",1,-0.08
588,115,"(73, 6)",0,-0.08
588,116,"(73, 5)",1,-0.08
588,117,"(74, 5)",1,-0.08
588,118,"(75, 5)",1,-0.08
588,119,"(76, 5)",1,-0.08
588,120,"(77, 5)",0,-0.08
588,121,"(77, 4)",0,-0.08
588,122,"(77, 3)",0,-0.08
588,123,"(77, 2)",0,-0.08
588,124,"(77, 1)",1,-0.08
588,125,"(78, 1)",1,-0.08
588,126,"(79, 1)",0,8.33
589,0,"(0, 39)",1,-0.08
589,1,"(1, 39)",0,-0.08
589,2,"(1, 38)",0,-0.08
589,3,"(1, 37)",1,-8.33
589,4,"(1, 37)",0,-8.33
589,5,"(1, 37)",3,-0.08
589,6,"(0, 37)",0,-0.08
589,7,"(0, 36)",0,-0.08
589,8,"(0, 35)",0,-0.08
589,9,"(0, 34)",1,-0.08
589,10,"(1, 34)",1,-0.08
589,11,"(2, 34)",0,-0.08
589,12,"(2, 33)",0,-0.08
589,13,"(2, 32)",0,-0.08
589,14,"(2, 31)",1,-0.08
589,15,"(3, 31)",0,-8.33
589,16,"(3, 31)",0,-8.33
589,17,"(3, 31)",3,-0.08
589,18,"(2, 31)",3,-0.08
589,19,"(1, 31)",0,-0.08
589,20,"(1, 30)",0,-0.08
589,21,"(1, 29)",1,-0.08
589,22,"(2, 29)",1,-0.08
589,23,"(3, 29)",1,-0.08
589,24,"(4, 29)",1,-0.08
589,25,"(5, 29)",1,-0.08
589,26,"(6, 29)",1,-0.08
589,27,"(7, 29)",1,-0.08
589,28,"(8, 29)",0,-0.08
589,29,"(8, 28)",0,-0.08
589,30,"(8, 27)",1,-0.08
589,31,"(9, 27)",1,-0.08
589,32,"(10, 27)",1,-0.08
589,33,"(11, 27)",1,-0.08
589,34,"(12, 27)",1,-0.08
589,35,"(13, 27)",1,-0.08
589,36,"(14, 27)",1,-0.08
589,37,"(15, 27)",1,-0.08
589,38,"(16, 27)",1,-0.08
589,39,"(17, 27)",0,-0.08
589,40,"(17, 26)",0,-0.08
589,41,"(17, 25)",0,-0.08
589,42,"(17, 24)",0,-0.08
589,43,"(17, 23)",0,-0.08
589,44,"(17, 22)",1,-0.08
589,45,"(18, 22)",1,-0.08
589,46,"(19, 22)",1,-0.08
589,47,"(20, 22)",1,-0.08
589,48,"(21, 22)",0,-0.08
589,49,"(21, 21)",1,-0.08
589,50,"(22, 21)",1,-0.08
589,51,"(23, 21)",0,-0.08
589,52,"(23, 20)",0,-0.08
589,53,"(23, 19)",0,-0.08
589,54,"(23, 18)",0,-0.08
589,55,"(23, 17)",0,-0.08
589,56,"(23, 16)",0,-0.08
589,57,"(23, 15)",1,-0.08
589,58,"(24, 15)",1,-0.08
589,59,"(25, 15)",1,-0.08
589,60,"(26, 15)",1,-0.08
589,61,"(27, 15)",0,-0.08
589,62,"(27, 14)",0,-0.08
589,63,"(27, 13)",1,-0.08
589,64,"(28, 13)",1,-0.08
589,65,"(29, 13)",1,-0.08
589,66,"(30, 13)",1,-0.08
589,67,"(31, 13)",1,-0.08
589,68,"(32, 13)",1,-0.08
589,69,"(33, 13)",1,-0.08
589,70,"(34, 13)",1,-0.08
589,71,"(35, 13)",0,-0.08
589,72,"(35, 12)",1,-0.08
589,73,"(36, 12)",1,-0.08
589,74,"(37, 12)",1,-0.08
589,75,"(38, 12)",1,-0.08
589,76,"(39, 12)",0,-0.08
589,77,"(39, 11)",1,-0.08
589,78,"(40, 11)",1,-0.08
589,79,"(41, 11)",1,-0.08
589,80,"(42, 11)",1,-0.08
589,81,"(43, 11)",1,-0.08
589,82,"(44, 11)",1,-0.08
589,83,"(45, 11)",0,-0.08
589,84,"(45, 10)",1,-0.08
589,85,"(46, 10)",1,-0.08
589,86,"(47, 10)",1,-0.08
589,87,"(48, 10)",1,-0.08
589,88,"(49, 10)",1,-0.08
589,89,"(50, 10)",0,-0.08
589,90,"(50, 9)",1,-0.08
589,91,"(51, 9)",1,-0.08
589,92,"(52, 9)",1,-0.08
589,93,"(53, 9)",1,-0.08
589,94,"(54, 9)",1,-0.08
589,95,"(55, 9)",1,-0.08
589,96,"(56, 9)",1,-0.08
589,97,"(57, 9)",0,-0.08
589,98,"(57, 8)",0,-0.08
589,99,"(57, 7)",1,-0.08
589,100,"(58, 7)",1,-0.08
589,101,"(59, 7)",1,-0.08
589,102,"(60, 7)",1,-0.08
589,103,"(61, 7)",1,-0.08
589,104,"(62, 7)",1,-0.08
589,105,"(63, 7)",1,-0.08
589,106,"(64, 7)",1,-0.08
589,107,"(65, 7)",1,-0.08
589,108,"(66, 7)",1,-0.08
589,109,"(67, 7)",1,-0.08
589,110,"(68, 7)",1,-0.08
589,111,"(69, 7)",0,-0.08
589,112,"(69, 6)",1,-0.08
589,113,"(70, 6)",1,-0.08
589,114,"(71, 6)",0,-0.08
589,115,"(71, 5)",1,-0.08
589,116,"(72, 5)",1,-0.08
589,117,"(73, 5)",1,-0.08
589,118,"(74, 5)",1,-0.08
589,119,"(75, 5)",1,-0.08
589,120,"(76, 5)",1,-0.08
589,121,"(77, 5)",0,-0.08
589,122,"(77, 4)",0,-0.08
589,123,"(77, 3)",0,-0.08
589,124,"(77, 2)",0,-0.08
589,125,"(77, 1)",0,-0.08
589,126,"(77, 0)",1,-0.08
589,127,"(78, 0)",1,8.33
590,0,"(0, 39)",1,-0.08
590,1,"(1, 39)",1,-0.08
590,2,"(2, 39)",1,-0.08
590,3,"(3, 39)",1,-0.08
590,4,"(4, 39)",0,-8.33
590,5,"(4, 39)",1,-0.08
590,6,"(5, 39)",0,-8.33
590,7,"(5, 39)",1,-0.08
590,8,"(6, 39)",1,-0.08
590,9,"(7, 39)",1,-0.08
590,10,"(8, 39)",1,-0.08
590,11,"(9, 39)",1,-0.08
590,12,"(10, 39)",0,-0.08
590,13,"(10, 38)",0,-0.08
590,14,"(10, 37)",1,-0.08
590,15,"(11, 37)",1,-0.08
590,16,"(12, 37)",0,-0.08
590,17,"(12, 36)",0,-0.08
590,18,"(12, 35)",1,-0.08
590,19,"(13, 35)",0,-0.08
590,20,"(13, 34)",0,-0.08
590,21,"(13, 33)",1,-0.08
590,22,"(14, 33)",1,-0.08
590,23,"(15, 33)",1,-0.08
590,24,"(16, 33)",1,-0.08
590,25,"(17, 33)",1,-0.08
590,26,"(18, 33)",1,-0.08
590,27,"(19, 33)",0,-0.08
590,28,"(19, 32)",1,-0.08
590,29,"(20, 32)",1,-0.08
590,30,"(21, 32)",0,-0.08
590,31,"(21, 31)",0,-0.08
590,32,"(21, 30)",0,-0.08
590,33,"(21, 29)",0,-0.08
590,34,"(21, 28)",0,-0.08
590,35,"(21, 27)",0,-0.08
590,36,"(21, 26)",0,-0.08
590,37,"(21, 25)",1,-0.08
590,38,"(22, 25)",0,-0.08
590,39,"(22, 24)",0,-0.08
590,40,"(22, 23)",1,-0.08
590,41,"(23, 23)",1,-0.08
590,42,"(24, 23)",0,-0.08
590,43,"(24, 22)",1,-0.08
590,44,"(25, 22)",0,-0.08
590,45,"(25, 21)",1,-0.08
590,46,"(26, 21)",1,-0.08
590,47,"(27, 21)",1,-0.08
590,48,"(28, 21)",0,-0.08
590,49,"(28, 20)",0,-0.08
590,50,"(28, 19)",1,-0.08
590,51,"(29, 19)",1,-0.08
590,52,"(30, 19)",1,-0.08
590,53,"(31, 19)",1,-0.08
590,54,"(32, 19)",1,-0.08
590,55,"(33, 19)",1,-0.08
590,56,"(34, 19)",0,-0.08
590,57,"(34, 18)",0,-0.08
590,58,"(34, 17)",1,-0.08
590,59,"(35, 17)",0,-0.08
590,60,"(35, 16)",0,-0.08
590,61,"(35, 15)",0,-0.08
590,62,"(35, 14)",0,-0.08
590,63,"(35, 13)",1,-0.08
590,64,"(36, 13)",0,-0.08
590,65,"(36, 12)",1,-0.08
590,66,"(37, 12)",1,-0.08
590,67,"(38, 12)",1,-0.08
590,68,"(39, 12)",0,-0.08
590,69,"(39, 11)",1,-0.08
590,70,"(40, 11)",1,-0.08
590,71,"(41, 11)",1,-0.08
590,72,"(42, 11)",1,-0.08
590,73,"(43, 11)",1,-0.08
590,74,"(44, 11)",1,-0.08
590,75,"(45, 11)",0,-0.08
590,76,"(45, 10)",1,-0.08
590,77,"(46, 10)",1,-0.08
590,78,"(47, 10)",1,-0.08
590,79,"(48, 10)",1,-0.08
590,80,"(49, 10)",1,-0.08
590,81,"(50, 10)",0,-0.08
590,82,"(50, 9)",0,-0.08
590,83,"(50, 8)",0,-0.08
590,84,"(50, 7)",1,-0.08
590,85,"(51, 7)",1,-0.08
590,86,"(52, 7)",1,-0.08
590,87,"(53, 7)",1,-0.08
590,88,"(54, 7)",1,-0.08
590,89,"(55, 7)",1,-0.08
590,90,"(56, 7)",1,-0.08
590,91,"(57, 7)",1,-0.08
590,92,"(58, 7)",1,-0.08
590,93,"(59, 7)",1,-0.08
590,94,"(60, 7)",1,-0.08
590,95,"(61, 7)",1,-0.08
590,96,"(62, 7)",1,-0.08
590,97,"(63, 7)",1,-0.08
590,98,"(64, 7)",1,-0.08
590,99,"(65, 7)",1,-0.08
590,100,"(66, 7)",1,-0.08
590,101,"(67, 7)",1,-0.08
590,102,"(68, 7)",1,-0.08
590,103,"(69, 7)",0,-0.08
590,104,"(69, 6)",1,-0.08
590,105,"(70, 6)",1,-0.08
590,106,"(71, 6)",0,-0.08
590,107,"(71, 5)",1,-0.08
590,108,"(72, 5)",1,-0.08
590,109,"(73, 5)",1,-0.08
590,110,"(74, 5)",1,-0.08
590,111,"(75, 5)",0,-0.08
590,112,"(75, 4)",0,-0.08
590,113,"(75, 3)",1,-0.08
590,114,"(76, 3)",0,-0.08
590,115,"(76, 2)",1,-0.08
590,116,"(77, 2)",0,-0.08
590,117,"(77, 1)",0,-0.08
590,118,"(77, 0)",1,-0.08
590,119,"(78, 0)",1,8.33
591,0,"(0, 39)",0,-0.08
591,1,"(0, 38)",1,-0.08
591,2,"(1, 38)",0,-0.08
591,3,"(1, 37)",0,-8.33
591,4,"(1, 37)",3,-0.08
591,5,"(0, 37)",0,-0.08
591,6,"(0, 36)",0,-0.08
591,7,"(0, 35)",0,-0.08
591,8,"(0, 34)",0,-0.08
591,9,"(0, 33)",1,-0.08
591,10,"(1, 33)",0,-0.08
591,11,"(1, 32)",1,-0.08
591,12,"(2, 32)",1,-0.08
591,13,"(3, 32)",0,-0.08
591,14,"(3, 31)",0,-8.33
591,15,"(3, 31)",0,-8.33
591,16,"(3, 31)",3,-0.08
591,17,"(2, 31)",3,-0.08
591,18,"(1, 31)",0,-0.08
591,19,"(1, 30)",0,-0.08
591,20,"(1, 29)",1,-0.08
591,21,"(2, 29)",1,-0.08
591,22,"(3, 29)",0,-0.08
591,23,"(3, 28)",0,-0.08
591,24,"(3, 27)",0,-0.08
591,25,"(3, 26)",0,-0.08
591,26,"(3, 25)",1,-0.08
591,27,"(4, 25)",1,-0.08
591,28,"(5, 25)",1,-0.08
591,29,"(6, 25)",1,-0.08
591,30,"(7, 25)",1,-0.08
591,31,"(8, 25)",1,-0.08
591,32,"(9, 25)",0,-0.08
591,33,"(9, 24)",1,-0.08
591,34,"(10, 24)",1,-0.08
591,35,"(11, 24)",1,-0.08
591,36,"(12, 24)",1,-0.08
591,37,"(13, 24)",0,-0.08
591,38,"(13, 23)",1,-0.08
591,39,"(14, 23)",1,-0.08
591,40,"(15, 23)",1,-0.08
591,41,"(16, 23)",0,-0.08
591,42,"(16, 22)",1,-0.08
591,43,"(17, 22)",1,-0.08
591,44,"(18, 22)",1,-0.08
591,45,"(19, 22)",1,-0.08
591,46,"(20, 22)",0,-0.08
591,47,"(20, 21)",1,-0.08
591,48,"(21, 21)",0,-0.08
591,49,"(21, 20)",1,-0.08
591,50,"(22, 20)",1,-0.08
591,51,"(23, 20)",0,-0.08
591,52,"(23, 19)",0,-0.08
591,53,"(23, 18)",0,-0.08
591,54,"(23, 17)",1,-0.08
591,55,"(24, 17)",1,-0.08
591,56,"(25, 17)",1,-0.08
591,57,"(26, 17)",1,-0.08
591,58,"(27, 17)",1,-0.08
591,59,"(28, 17)",1,-0.08
591,60,"(29, 17)",1,-0.08
591,61,"(30, 17)",1,-0.08
591,62,"(31, 17)",0,-0.08
591,63,"(31, 16)",0,-0.08
591,64,"(31, 15)",0,-0.08
591,65,"(31, 14)",1,-0.08
591,66,"(32, 14)",0,-0.08
591,67,"(32, 13)",1,-0.08
591,68,"(33, 13)",1,-0.08
591,69,"(34, 13)",1,-0.08
591,70,"(35, 13)",0,-0.08
591,71,"(35, 12)",1,-0.08
591,72,"(36, 12)",1,-0.08
591,73,"(37, 12)",1,-0.08
591,74,"(38, 12)",1,-0.08
591,75,"(39, 12)",0,-0.08
591,76,"(39, 11)",1,-0.08
591,77,"(40, 11)",1,-0.08
591,78,"(41, 11)",1,-0.08
591,79,"(42, 11)",1,-0.08
591,80,"(43, 11)",1,-0.08
591,81,"(44, 11)",1,-0.08
591,82,"(45, 11)",0,-0.08
591,83,"(45, 10)",0,-0.08
591,84,"(45, 9)",0,-0.08
591,85,"(45, 8)",0,-0.08
591,86,"(45, 7)",1,-0.08
591,87,"(46, 7)",1,-0.08
591,88,"(47, 7)",1,-0.08
591,89,"(48, 7)",1,-0.08
591,90,"(49, 7)",1,-0.08
591,91,"(50, 7)",1,-0.08
591,92,"(51, 7)",1,-0.08
591,93,"(52, 7)",1,-0.08
591,94,"(53, 7)",1,-0.08
591,95,"(54, 7)",1,-0.08
591,96,"(55, 7)",1,-0.08
591,97,"(56, 7)",1,-0.08
591,98,"(57, 7)",1,-0.08
591,99,"(58, 7)",1,-0.08
591,100,"(59, 7)",1,-0.08
591,101,"(60, 7)",1,-0.08
591,102,"(61, 7)",1,-0.08
591,103,"(62, 7)",1,-0.08
591,104,"(63, 7)",1,-0.08
591,105,"(64, 7)",1,-0.08
591,106,"(65, 7)",1,-0.08
591,107,"(66, 7)",1,-0.08
591,108,"(67, 7)",1,-0.08
591,109,"(68, 7)",1,-0.08
591,110,"(69, 7)",0,-0.08
591,111,"(69, 6)",1,-0.08
591,112,"(70, 6)",1,-0.08
591,113,"(71, 6)",0,-0.08
591,114,"(71, 5)",1,-0.08
591,115,"(72, 5)",1,-0.08
591,116,"(73, 5)",1,-0.08
591,117,"(74, 5)",0,-0.08
591,118,"(74, 4)",1,-0.08
591,119,"(75, 4)",0,-0.08
591,120,"(75, 3)",1,-0.08
591,121,"(76, 3)",0,-0.08
591,122,"(76, 2)",0,-0.08
591,123,"(76, 1)",0,-0.08
591,124,"(76, 0)",1,-0.08
591,125,"(77, 0)",1,-0.08
591,126,"(78, 0)",1,8.33
592,0,"(0, 39)",0,-0.08
592,1,"(0, 38)",1,-0.08
592,2,"(1, 38)",0,-0.08
592,3,"(1, 37)",1,-8.33
592,4,"(1, 37)",0,-8.33
592,5,"(1, 37)",3,-0.08
592,6,"(0, 37)",0,-0.08
592,7,"(0, 36)",0,-0.08
592,8,"(0, 35)",1,-0.08
592,9,"(1, 35)",1,-0.08
592,10,"(2, 35)",0,-0.08
592,11,"(2, 34)",0,-0.08
592,12,"(2, 33)",0,-0.08
592,13,"(2, 32)",1,-0.08
592,14,"(3, 32)",0,-0.08
592,15,"(3, 31)",0,-8.33
592,16,"(3, 31)",0,-8.33
592,17,"(3, 31)",3,-0.08
592,18,"(2, 31)",3,-0.08
592,19,"(1, 31)",0,-0.08
592,20,"(1, 30)",0,-0.08
592,21,"(1, 29)",0,-0.08
592,22,"(1, 28)",0,-0.08
592,23,"(1, 27)",0,-0.08
592,24,"(1, 26)",1,-0.08
592,25,"(2, 26)",0,-0.08
592,26,"(2, 25)",1,-0.08
592,27,"(3, 25)",1,-0.08
592,28,"(4, 25)",1,-0.08
592,29,"(5, 25)",1,-0.08
592,30,"(6, 25)",1,-0.08
592,31,"(7, 25)",1,-0.08
592,32,"(8, 25)",1,-0.08
592,33,"(9, 25)",1,-0.08
592,34,"(10, 25)",1,-0.08
592,35,"(11, 25)",0,-0.08
592,36,"(11, 24)",1,-0.08
592,37,"(12, 24)",1,-0.08
592,38,"(13, 24)",1,-0.08
592,39,"(14, 24)",0,-0.08
592,40,"(14, 23)",1,-0.08
592,41,"(15, 23)",1,-0.08
592,42,"(16, 23)",0,-0.08
592,43,"(16, 22)",1,-0.08
592,44,"(17, 22)",1,-0.08
592,45,"(18, 22)",1,-0.08
592,46,"(19, 22)",0,-0.08
592,47,"(19, 21)",0,-0.08
592,48,"(19, 20)",1,-0.08
592,49,"(20, 20)",0,-0.08
592,50,"(20, 19)",1,-0.08
592,51,"(21, 19)",1,-0.08
592,52,"(22, 19)",1,-0.08
592,53,"(23, 19)",0,-0.08
592,54,"(23, 18)",0,-0.08
592,55,"(23, 17)",0,-0.08
592,56,"(23, 16)",0,-0.08
592,57,"(23, 15)",1,-0.08
592,58,"(24, 15)",1,-0.08
592,59,"(25, 15)",1,-0.08
592,60,"(26, 15)",1,-0.08
592,61,"(27, 15)",0,-0.08
592,62,"(27, 14)",0,-0.08
592,63,"(27, 13)",1,-0.08
592,64,"(28, 13)",1,-0.08
592,65,"(29, 13)",1,-0.08
592,66,"(30, 13)",1,-0.08
592,67,"(31, 13)",1,-0.08
592,68,"(32, 13)",1,-0.08
592,69,"(33, 13)",1,-0.08
592,70,"(34, 13)",1,-0.08
592,71,"(35, 13)",1,-0.08
592,72,"(36, 13)",1,-0.08
592,73,"(37, 13)",0,-0.08
592,74,"(37, 12)",1,-0.08
592,75,"(38, 12)",1,-0.08
592,76,"(39, 12)",0,-0.08
592,77,"(39, 11)",1,-0.08
592,78,"(40, 11)",1,-0.08
592,79,"(41, 11)",1,-0.08
592,80,"(42, 11)",1,-0.08
592,81,"(43, 11)",1,-0.08
592,82,"(44, 11)",1,-0.08
592,83,"(45, 11)",0,-0.08
592,84,"(45, 10)",1,-0.08
592,85,"(46, 10)",0,-0.08
592,86,"(46, 9)",0,-0.08
592,87,"(46, 8)",0,-0.08
592,88,"(46, 7)",1,-0.08
592,89,"(47, 7)",1,-0.08
592,90,"(48, 7)",1,-0.08
592,91,"(49, 7)",1,-0.08
592,92,"(50, 7)",1,-0.08
592,93,"(51, 7)",1,-0.08
592,94,"(52, 7)",1,-0.08
592,95,"(53, 7)",1,-0.08
592,96,"(54, 7)",1,-0.08
592,97,"(55, 7)",1,-0.08
592,98,"(56, 7)",1,-0.08
592,99,"(57, 7)",1,-0.08
592,100,"(58, 7)",1,-0.08
592,101,"(59, 7)",1,-0.08
592,102,"(60, 7)",1,-0.08
592,103,"(61, 7)",1,-0.08
592,104,"(62, 7)",1,-0.08
592,105,"(63, 7)",1,-0.08
592,106,"(64, 7)",1,-0.08
592,107,"(65, 7)",1,-0.08
592,108,"(66, 7)",1,-0.08
592,109,"(67, 7)",1,-0.08
592,110,"(68, 7)",1,-0.08
592,111,"(69, 7)",1,-0.08
592,112,"(70, 7)",1,-0.08
592,113,"(71, 7)",0,-0.08
592,114,"(71, 6)",1,-0.08
592,115,"(72, 6)",0,-0.08
592,116,"(72, 5)",1,-0.08
592,117,"(73, 5)",1,-0.08
592,118,"(74, 5)",0,-0.08
592,119,"(74, 4)",0,-0.08
592,120,"(74, 3)",1,-0.08
592,121,"(75, 3)",1,-0.08
592,122,"(76, 3)",0,-0.08
592,123,"(76, 2)",0,-0.08
592,124,"(76, 1)",0,-0.08
592,125,"(76, 0)",1,-0.08
592,126,"(77, 0)",1,-0.08
592,127,"(78, 0)",1,8.33
593,0,"(0, 39)",0,-0.08
593,1,"(0, 38)",1,-0.08
593,2,"(1, 38)",0,-0.08
593,3,"(1, 37)",1,-8.33
593,4,"(1, 37)",0,-8.33
593,5,"(1, 37)",3,-0.08
593,6,"(0, 37)",0,-0.08
593,7,"(0, 36)",0,-0.08
593,8,"(0, 35)",1,-0.08
593,9,"(1, 35)",0,-0.08
593,10,"(1, 34)",1,-0.08
593,11,"(2, 34)",0,-0.08
593,12,"(2, 33)",1,-0.08
593,13,"(3, 33)",0,-0.08
593,14,"(3, 32)",0,-0.08
593,15,"(3, 31)",0,-8.33
593,16,"(3, 31)",3,-0.08
593,17,"(2, 31)",3,-0.08
593,18,"(1, 31)",0,-0.08
593,19,"(1, 30)",0,-0.08
593,20,"(1, 29)",0,-0.08
593,21,"(1, 28)",0,-0.08
593,22,"(1, 27)",0,-0.08
593,23,"(1, 26)",1,-0.08
593,24,"(2, 26)",0,-0.08
593,25,"(2, 25)",1,-0.08
593,26,"(3, 25)",1,-0.08
593,27,"(4, 25)",1,-0.08
593,28,"(5, 25)",1,-0.08
593,29,"(6, 25)",1,-0.08
593,30,"(7, 25)",1,-0.08
593,31,"(8, 25)",1,-0.08
593,32,"(9, 25)",1,-0.08
593,33,"(10, 25)",0,-0.08
593,34,"(10, 24)",1,-0.08
593,35,"(11, 24)",1,-0.08
593,36,"(12, 24)",1,-0.08
593,37,"(13, 24)",0,-0.08
593,38,"(13, 23)",1,-0.08
593,39,"(14, 23)",1,-0.08
593,40,"(15, 23)",1,-0.08
593,41,"(16, 23)",1,-0.08
593,42,"(17, 23)",1,-0.08
593,43,"(18, 23)",0,-0.08
593,44,"(18, 22)",1,-0.08
593,45,"(19, 22)",0,-0.08
593,46,"(19, 21)",1,-0.08
593,47,"(20, 21)",0,-0.08
593,48,"(20, 20)",1,-0.08
593,49,"(21, 20)",0,-0.08
593,50,"(21, 19)",1,-0.08
593,51,"(22, 19)",1,-0.08
593,52,"(23, 19)",0,-0.08
593,53,"(23, 18)",0,-0.08
593,54,"(23, 17)",1,-0.08
593,55,"(24, 17)",1,-0.08
593,56,"(25, 17)",1,-0.08
593,57,"(26, 17)",1,-0.08
593,58,"(27, 17)",1,-0.08
593,59,"(28, 17)",1,-0.08
593,60,"(29, 17)",1,-0.08
593,61,"(30, 17)",1,-0.08
593,62,"(31, 17)",0,-0.08
593,63,"(31, 16)",1,-0.08
593,64,"(32, 16)",0,-0.08
593,65,"(32, 15)",1,-0.08
593,66,"(33, 15)",1,-0.08
593,67,"(34, 15)",0,-0.08
593,68,"(34, 14)",0,-0.08
593,69,"(34, 13)",1,-0.08
593,70,"(35, 13)",0,-0.08
593,71,"(35, 12)",1,-0.08
593,72,"(36, 12)",1,-0.08
593,73,"(37, 12)",1,-0.08
593,74,"(38, 12)",1,-0.08
593,75,"(39, 12)",0,-0.08
593,76,"(39, 11)",1,-0.08
593,77,"(40, 11)",1,-0.08
593,78,"(41, 11)",1,-0.08
593,79,"(42, 11)",1,-0.08
593,80,"(43, 11)",1,-0.08
593,81,"(44, 11)",1,-0.08
593,82,"(45, 11)",0,-0.08
593,83,"(45, 10)",1,-0.08
593,84,"(46, 10)",1,-0.08
593,85,"(47, 10)",1,-0.08
593,86,"(48, 10)",1,-0.08
593,87,"(49, 10)",1,-0.08
593,88,"(50, 10)",0,-0.08
593,89,"(50, 9)",0,-0.08
593,90,"(50, 8)",0,-0.08
593,91,"(50, 7)",1,-0.08
593,92,"(51, 7)",1,-0.08
593,93,"(52, 7)",1,-0.08
593,94,"(53, 7)",1,-0.08
593,95,"(54, 7)",1,-0.08
593,96,"(55, 7)",1,-0.08
593,97,"(56, 7)",1,-0.08
593,98,"(57, 7)",1,-0.08
593,99,"(58, 7)",1,-0.08
593,100,"(59, 7)",1,-0.08
593,101,"(60, 7)",1,-0.08
593,102,"(61, 7)",1,-0.08
593,103,"(62, 7)",1,-0.08
593,104,"(63, 7)",1,-0.08
593,105,"(64, 7)",1,-0.08
593,106,"(65, 7)",1,-0.08
593,107,"(66, 7)",1,-0.08
593,108,"(67, 7)",1,-0.08
593,109,"(68, 7)",1,-0.08
593,110,"(69, 7)",0,-0.08
593,111,"(69, 6)",1,-0.08
593,112,"(70, 6)",1,-0.08
593,113,"(71, 6)",0,-0.08
593,114,"(71, 5)",1,-0.08
593,115,"(72, 5)",1,-0.08
593,116,"(73, 5)",1,-0.08
593,117,"(74, 5)",1,-0.08
593,118,"(75, 5)",0,-0.08
593,119,"(75, 4)",0,-0.08
593,120,"(75, 3)",1,-0.08
593,121,"(76, 3)",1,-0.08
593,122,"(77, 3)",0,-0.08
593,123,"(77, 2)",0,-0.08
593,124,"(77, 1)",0,-0.08
593,125,"(77, 0)",1,-0.08
593,126,"(78, 0)",1,8.33
594,0,"(0, 39)",0,-0.08
594,1,"(0, 38)",1,-0.08
594,2,"(1, 38)",1,-8.33
594,3,"(1, 38)",0,-0.08
594,4,"(1, 37)",0,-8.33
594,5,"(1, 37)",3,-0.08
594,6,"(0, 37)",0,-0.08
594,7,"(0, 36)",0,-0.08
594,8,"(0, 35)",0,-0.08
594,9,"(0, 34)",0,-0.08
594,10,"(0, 33)",1,-0.08
594,11,"(1, 33)",0,-0.08
594,12,"(1, 32)",0,-0.08
594,13,"(1, 31)",0,-0.08
594,14,"(1, 30)",0,-0.08
594,15,"(1, 29)",0,-0.08
594,16,"(1, 28)",0,-0.08
594,17,"(1, 27)",0,-0.08
594,18,"(1, 26)",0,-0.08
594,19,"(1, 25)",1,-0.08
594,20,"(2, 25)",1,-0.08
594,21,"(3, 25)",1,-0.08
594,22,"(4, 25)",1,-0.08
594,23,"(5, 25)",1,-0.08
594,24,"(6, 25)",1,-0.08
594,25,"(7, 25)",1,-0.08
594,26,"(8, 25)",1,-0.08
594,27,"(9, 25)",0,-0.08
594,28,"(9, 24)",1,-0.08
594,29,"(10, 24)",1,-0.08
594,30,"(11, 24)",1,-0.08
594,31,"(12, 24)",1,-0.08
594,32,"(13, 24)",1,-0.08
594,33,"(14, 24)",0,-0.08
594,34,"(14, 23)",1,-0.08
594,35,"(15, 23)",1,-0.08
594,36,"(16, 23)",1,-0.08
594,37,"(17, 23)",1,-0.08
594,38,"(18, 23)",0,-0.08
594,39,"(18, 22)",1,-0.08
594,40,"(19, 22)",0,-0.08
594,41,"(19, 21)",0,-0.08
594,42,"(19, 20)",1,-0.08
594,43,"(20, 20)",1,-0.08
594,44,"(21, 20)",1,-0.08
594,45,"(22, 20)",1,-0.08
594,46,"(23, 20)",1,-0.08
594,47,"(24, 20)",1,-0.08
594,48,"(25, 20)",0,-0.08
594,49,"(25, 19)",0,-0.08
594,50,"(25, 18)",0,-0.08
594,51,"(25, 17)",1,-0.08
594,52,"(26, 17)",1,-0.08
594,53,"(27, 17)",0,-0.08
594,54,"(27, 16)",1,-0.08
594,55,"(28, 16)",0,-0.08
594,56,"(28, 15)",1,-0.08
594,57,"(29, 15)",1,-0.08
594,58,"(30, 15)",1,-0.08
594,59,"(31, 15)",1,-0.08
594,60,"(32, 15)",1,-0.08
594,61,"(33, 15)",1,-0.08
594,62,"(34, 15)",0,-0.08
594,63,"(34, 14)",1,-0.08
594,64,"(35, 14)",0,-0.08
594,65,"(35, 13)",0,-0.08
594,66,"(35, 12)",1,-0.08
594,67,"(36, 12)",1,-0.08
594,68,"(37, 12)",1,-0.08
594,69,"(38, 12)",1,-0.08
594,70,"(39, 12)",0,-0.08
594,71,"(39, 11)",1,-0.08
594,72,"(40, 11)",1,-0.08
594,73,"(41, 11)",1,-0.08
594,74,"(42, 11)",1,-0.08
594,75,"(43, 11)",1,-0.08
594,76,"(44, 11)",1,-0.08
594,77,"(45, 11)",0,-0.08
594,78,"(45, 10)",0,-0.08
594,79,"(45, 9)",1,-0.08
594,80,"(46, 9)",0,-0.08
594,81,"(46, 8)",0,-0.08
594,82,"(46, 7)",1,-0.08
594,83,"(47, 7)",1,-0.08
594,84,"(48, 7)",1,-0.08
594,85,"(49, 7)",1,-0.08
594,86,"(50, 7)",1,-0.08
594,87,"(51, 7)",1,-0.08
594,88,"(52, 7)",1,-0.08
594,89,"(53, 7)",1,-0.08
594,90,"(54, 7)",1,-0.08
594,91,"(55, 7)",1,-0.08
594,92,"(56, 7)",1,-0.08
594,93,"(57, 7)",1,-0.08
594,94,"(58, 7)",1,-0.08
594,95,"(59, 7)",1,-0.08
594,96,"(60, 7)",1,-0.08
594,97,"(61, 7)",1,-0.08
594,98,"(62, 7)",1,-0.08
594,99,"(63, 7)",1,-0.08
594,100,"(64, 7)",1,-0.08
594,101,"(65, 7)",1,-0.08
594,102,"(66, 7)",1,-0.08
594,103,"(67, 7)",1,-0.08
594,104,"(68, 7)",1,-0.08
594,105,"(69, 7)",0,-0.08
594,106,"(69, 6)",1,-0.08
594,107,"(70, 6)",1,-0.08
594,108,"(71, 6)",0,-0.08
594,109,"(71, 5)",1,-0.08
594,110,"(72, 5)",1,-0.08
594,111,"(73, 5)",1,-0.08
594,112,"(74, 5)",0,-0.08
594,113,"(74, 4)",1,-0.08
594,114,"(75, 4)",0,-0.08
594,115,"(75, 3)",1,-0.08
594,116,"(76, 3)",1,-0.08
594,117,"(77, 3)",1,-8.33
594,118,"(77, 3)",0,-0.08
594,119,"(77, 2)",0,-0.08
594,120,"(77, 1)",0,-0.08
594,121,"(77, 0)",1,-0.08
594,122,"(78, 0)",1,8.33
595,0,"(0, 39)",0,-0.08
595,1,"(0, 38)",0,-0.08
595,2,"(0, 37)",0,-0.08
595,3,"(0, 36)",0,-0.08
595,4,"(0, 35)",1,-0.08
595,5,"(1, 35)",0,-0.08
595,6,"(1, 34)",0,-0.08
595,7,"(1, 33)",0,-0.08
595,8,"(1, 32)",0,-0.08
595,9,"(1, 31)",0,-0.08
595,10,"(1, 30)",0,-0.08
595,11,"(1, 29)",1,-0.08
595,12,"(2, 29)",0,-8.33
595,13,"(2, 29)",1,-0.08
595,14,"(3, 29)",0,-0.08
595,15,"(3, 28)",0,-0.08
595,16,"(3, 27)",1,-8.33
595,17,"(3, 27)",0,-0.08
595,18,"(3, 26)",0,-0.08
595,19,"(3, 25)",1,-0.08
595,20,"(4, 25)",1,-0.08
595,21,"(5, 25)",1,-0.08
595,22,"(6, 25)",1,-0.08
595,23,"(7, 25)",1,-0.08
595,24,"(8, 25)",1,-0.08
595,25,"(9, 25)",0,-0.08
595,26,"(9, 24)",1,-0.08
595,27,"(10, 24)",1,-0.08
595,28,"(11, 24)",1,-0.08
595,29,"(12, 24)",1,-0.08
595,30,"(13, 24)",1,-0.08
595,31,"(14, 24)",0,-0.08
595,32,"(14, 23)",1,-0.08
595,33,"(15, 23)",1,-0.08
595,34,"(16, 23)",0,-0.08
595,35,"(16, 22)",1,-0.08
595,36,"(17, 22)",1,-0.08
595,37,"(18, 22)",1,-0.08
595,38,"(19, 22)",1,-0.08
595,39,"(20, 22)",1,-0.08
595,40,"(21, 22)",0,-0.08
595,41,"(21, 21)",0,-0.08
595,42,"(21, 20)",0,-0.08
595,43,"(21, 19)",1,-0.08
595,44,"(22, 19)",1,-0.08
595,45,"(23, 19)",0,-0.08
595,46,"(23, 18)",0,-0.08
595,47,"(23, 17)",0,-0.08
595,48,"(23, 16)",0,-0.08
595,49,"(23, 15)",1,-0.08
595,50,"(24, 15)",1,-0.08
595,51,"(25, 15)",1,-0.08
595,52,"(26, 15)",1,-0.08
595,53,"(27, 15)",1,-0.08
595,54,"(28, 15)",1,-0.08
595,55,"(29, 15)",0,-0.08
595,56,"(29, 14)",0,-0.08
595,57,"(29, 13)",1,-0.08
595,58,"(30, 13)",1,-0.08
595,59,"(31, 13)",1,-0.08
595,60,"(32, 13)",1,-0.08
595,61,"(33, 13)",1,-0.08
595,62,"(34, 13)",1,-0.08
595,63,"(35, 13)",0,-0.08
595,64,"(35, 12)",1,-0.08
595,65,"(36, 12)",1,-0.08
595,66,"(37, 12)",1,-0.08
595,67,"(38, 12)",1,-0.08
595,68,"(39, 12)",0,-0.08
595,69,"(39, 11)",1,-0.08
595,70,"(40, 11)",1,-0.08
595,71,"(41, 11)",1,-0.08
595,72,"(42, 11)",1,-0.08
595,73,"(43, 11)",1,-0.08
595,74,"(44, 11)",1,-0.08
595,75,"(45, 11)",0,-0.08
595,76,"(45, 10)",0,-0.08
595,77,"(45, 9)",1,-0.08
595,78,"(46, 9)",0,-0.08
595,79,"(46, 8)",0,-0.08
595,80,"(46, 7)",1,-0.08
595,81,"(47, 7)",1,-0.08
595,82,"(48, 7)",1,-0.08
595,83,"(49, 7)",1,-0.08
595,84,"(50, 7)",1,-0.08
595,85,"(51, 7)",1,-0.08
595,86,"(52, 7)",1,-0.08
595,87,"(53, 7)",1,-0.08
595,88,"(54, 7)",1,-0.08
595,89,"(55, 7)",1,-0.08
595,90,"(56, 7)",1,-0.08
595,91,"(57, 7)",1,-0.08
595,92,"(58, 7)",1,-0.08
595,93,"(59, 7)",1,-0.08
595,94,"(60, 7)",1,-0.08
595,95,"(61, 7)",1,-0.08
595,96,"(62, 7)",1,-0.08
595,97,"(63, 7)",1,-0.08
595,98,"(64, 7)",1,-0.08
595,99,"(65, 7)",1,-0.08
595,100,"(66, 7)",1,-0.08
595,101,"(67, 7)",1,-0.08
595,102,"(68, 7)",1,-0.08
595,103,"(69, 7)",0,-0.08
595,104,"(69, 6)",1,-0.08
595,105,"(70, 6)",1,-0.08
595,106,"(71, 6)",0,-0.08
595,107,"(71, 5)",1,-0.08
595,108,"(72, 5)",1,-0.08
595,109,"(73, 5)",1,-0.08
595,110,"(74, 5)",1,-0.08
595,111,"(75, 5)",1,-0.08
595,112,"(76, 5)",1,-0.08
595,113,"(77, 5)",0,-0.08
595,114,"(77, 4)",0,-0.08
595,115,"(77, 3)",0,-0.08
595,116,"(77, 2)",0,-0.08
595,117,"(77, 1)",1,-0.08
595,118,"(78, 1)",1,-0.08
595,119,"(79, 1)",0,8.33
596,0,"(0, 39)",1,-0.08
596,1,"(1, 39)",1,-0.08
596,2,"(2, 39)",0,-8.33
596,3,"(2, 39)",1,-0.08
596,4,"(3, 39)",1,-0.08
596,5,"(4, 39)",1,-0.08
596,6,"(5, 39)",0,-8.33
596,7,"(5, 39)",1,-0.08
596,8,"(6, 39)",1,-0.08
596,9,"(7, 39)",1,-0.08
596,10,"(8, 39)",1,-0.08
596,11,"(9, 39)",1,-0.08
596,12,"(10, 39)",0,-0.08
596,13,"(10, 38)",1,-0.08
596,14,"(11, 38)",0,-0.08
596,15,"(11, 37)",1,-0.08
596,16,"(12, 37)",1,-0.08
596,17,"(13, 37)",1,-0.08
596,18,"(14, 37)",1,-0.08
596,19,"(15, 37)",1,-0.08
596,20,"(16, 37)",1,-0.08
596,21,"(17, 37)",0,-0.08
596,22,"(17, 36)",0,-0.08
596,23,"(17, 35)",0,-0.08
596,24,"(17, 34)",0,-0.08
596,25,"(17, 33)",1,-0.08
596,26,"(18, 33)",1,-0.08
596,27,"(19, 33)",0,-0.08
596,28,"(19, 32)",0,-0.08
596,29,"(19, 31)",0,-0.08
596,30,"(19, 30)",0,-0.08
596,31,"(19, 29)",1,-0.08
596,32,"(20, 29)",0,-0.08
596,33,"(20, 28)",0,-0.08
596,34,"(20, 27)",1,-0.08
596,35,"(21, 27)",0,-0.08
596,36,"(21, 26)",0,-0.08
596,37,"(21, 25)",1,-0.08
596,38,"(22, 25)",0,-0.08
596,39,"(22, 24)",1,-0.08
596,40,"(23, 24)",1,-0.08
596,41,"(24, 24)",0,-0.08
596,42,"(24, 23)",0,-0.08
596,43,"(24, 22)",0,-0.08
596,44,"(24, 21)",0,-0.08
596,45,"(24, 20)",1,-0.08
596,46,"(25, 20)",0,-0.08
596,47,"(25, 19)",0,-0.08
596,48,"(25, 18)",0,-0.08
596,49,"(25, 17)",1,-0.08
596,50,"(26, 17)",1,-0.08
596,51,"(27, 17)",1,-0.08
596,52,"(28, 17)",1,-0.08
596,53,"(29, 17)",0,-0.08
596,54,"(29, 16)",0,-0.08
596,55,"(29, 15)",1,-0.08
596,56,"(30, 15)",1,-0.08
596,57,"(31, 15)",1,-0.08
596,58,"(32, 15)",0,-0.08
596,59,"(32, 14)",0,-0.08
596,60,"(32, 13)",1,-0.08
596,61,"(33, 13)",1,-0.08
596,62,"(34, 13)",1,-0.08
596,63,"(35, 13)",0,-0.08
596,64,"(35, 12)",1,-0.08
596,65,"(36, 12)",1,-0.08
596,66,"(37, 12)",1,-0.08
596,67,"(38, 12)",1,-0.08
596,68,"(39, 12)",0,-0.08
596,69,"(39, 11)",1,-0.08
596,70,"(40, 11)",1,-0.08
596,71,"(41, 11)",1,-0.08
596,72,"(42, 11)",1,-0.08
596,73,"(43, 11)",1,-0.08
596,74,"(44, 11)",1,-0.08
596,75,"(45, 11)",0,-0.08
596,76,"(45, 10)",1,-0.08
596,77,"(46, 10)",0,-0.08
596,78,"(46, 9)",0,-0.08
596,79,"(46, 8)",0,-0.08
596,80,"(46, 7)",1,-0.08
596,81,"(47, 7)",1,-0.08
596,82,"(48, 7)",1,-0.08
596,83,"(49, 7)",1,-0.08
596,84,"(50, 7)",1,-0.08
596,85,"(51, 7)",1,-0.08
596,86,"(52, 7)",1,-0.08
596,87,"(53, 7)",1,-0.08
596,88,"(54, 7)",1,-0.08
596,89,"(55, 7)",1,-0.08
596,90,"(56, 7)",1,-0.08
596,91,"(57, 7)",1,-0.08
596,92,"(58, 7)",1,-0.08
596,93,"(59, 7)",1,-0.08
596,94,"(60, 7)",1,-0.08
596,95,"(61, 7)",1,-0.08
596,96,"(62, 7)",1,-0.08
596,97,"(63, 7)",1,-0.08
596,98,"(64, 7)",1,-0.08
596,99,"(65, 7)",1,-0.08
596,100,"(66, 7)",1,-0.08
596,101,"(67, 7)",1,-0.08
596,102,"(68, 7)",1,-0.08
596,103,"(69, 7)",1,-0.08
596,104,"(70, 7)",0,-0.08
596,105,"(70, 6)",1,-0.08
596,106,"(71, 6)",0,-0.08
596,107,"(71, 5)",1,-0.08
596,108,"(72, 5)",1,-0.08
596,109,"(73, 5)",1,-0.08
596,110,"(74, 5)",0,-0.08
596,111,"(74, 4)",0,-0.08
596,112,"(74, 3)",1,-0.08
596,113,"(75, 3)",1,-0.08
596,114,"(76, 3)",0,-0.08
596,115,"(76, 2)",1,-0.08
596,116,"(77, 2)",0,-0.08
596,117,"(77, 1)",0,-0.08
596,118,"(77, 0)",1,-0.08
596,119,"(78, 0)",1,8.33
597,0,"(0, 39)",1,-0.08
597,1,"(1, 39)",1,-0.08
597,2,"(2, 39)",0,-8.33
597,3,"(2, 39)",1,-0.08
597,4,"(3, 39)",0,-0.08
597,5,"(3, 38)",0,-0.08
597,6,"(3, 37)",1,-8.33
597,7,"(3, 37)",0,-0.08
597,8,"(3, 36)",0,-0.08
597,9,"(3, 35)",3,-0.08
597,10,"(2, 35)",0,-0.08
597,11,"(2, 34)",0,-0.08
597,12,"(2, 33)",1,-0.08
597,13,"(3, 33)",0,-0.08
597,14,"(3, 32)",0,-0.08
597,15,"(3, 31)",0,-8.33
597,16,"(3, 31)",2,-0.08
597,17,"(3, 32)",2,-0.08
597,18,"(3, 33)",1,-0.08
597,19,"(4, 33)",1,-0.08
597,20,"(5, 33)",1,-0.08
597,21,"(6, 33)",1,-0.08
597,22,"(7, 33)",0,-0.08
597,23,"(7, 32)",0,-0.08
597,24,"(7, 31)",1,-0.08
597,25,"(8, 31)",1,-0.08
597,26,"(9, 31)",0,-0.08
597,27,"(9, 30)",0,-0.08
597,28,"(9, 29)",1,-0.08
597,29,"(10, 29)",0,-0.08
597,30,"(10, 28)",0,-0.08
597,31,"(10, 27)",1,-0.08
597,32,"(11, 27)",1,-0.08
597,33,"(12, 27)",1,-0.08
597,34,"(13, 27)",0,-0.08
597,35,"(13, 26)",0,-0.08
597,36,"(13, 25)",0,-0.08
597,37,"(13, 24)",1,-0.08
597,38,"(14, 24)",0,-0.08
597,39,"(14, 23)",1,-0.08
597,40,"(15, 23)",1,-0.08
597,41,"(16, 23)",1,-0.08
597,42,"(17, 23)",1,-0.08
597,43,"(18, 23)",0,-0.08
597,44,"(18, 22)",1,-0.08
597,45,"(19, 22)",1,-0.08
597,46,"(20, 22)",1,-0.08
597,47,"(21, 22)",0,-0.08
597,48,"(21, 21)",0,-0.08
597,49,"(21, 20)",1,-0.08
597,50,"(22, 20)",1,-0.08
597,51,"(23, 20)",0,-0.08
597,52,"(23, 19)",0,-0.08
597,53,"(23, 18)",0,-0.08
597,54,"(23, 17)",1,-0.08
597,55,"(24, 17)",1,-0.08
597,56,"(25, 17)",1,-0.08
597,57,"(26, 17)",1,-0.08
597,58,"(27, 17)",1,-0.08
597,59,"(28, 17)",0,-0.08
597,60,"(28, 16)",0,-0.08
597,61,"(28, 15)",1,-0.08
597,62,"(29, 15)",1,-0.08
597,63,"(30, 15)",1,-0.08
597,64,"(31, 15)",1,-0.08
597,65,"(32, 15)",1,-0.08
597,66,"(33, 15)",1,-0.08
597,67,"(34, 15)",1,-0.08
597,68,"(35, 15)",0,-0.08
597,69,"(35, 14)",0,-0.08
597,70,"(35, 13)",1,-0.08
597,71,"(36, 13)",1,-0.08
597,72,"(37, 13)",0,-0.08
597,73,"(37, 12)",1,-0.08
597,74,"(38, 12)",1,-0.08
597,75,"(39, 12)",0,-0.08
597,76,"(39, 11)",1,-0.08
597,77,"(40, 11)",1,-0.08
597,78,"(41, 11)",1,-0.08
597,79,"(42, 11)",1,-0.08
597,80,"(43, 11)",1,-0.08
597,81,"(44, 11)",1,-0.08
597,82,"(45, 11)",0,-0.08
597,83,"(45, 10)",0,-0.08
597,84,"(45, 9)",0,-0.08
597,85,"(45, 8)",0,-0.08
597,86,"(45, 7)",1,-0.08
597,87,"(46, 7)",1,-0.08
597,88,"(47, 7)",1,-0.08
597,89,"(48, 7)",1,-0.08
597,90,"(49, 7)",1,-0.08
597,91,"(50, 7)",1,-0.08
597,92,"(51, 7)",1,-0.08
597,93,"(52, 7)",1,-0.08
597,94,"(53, 7)",1,-0.08
597,95,"(54, 7)",1,-0.08
597,96,"(55, 7)",1,-0.08
597,97,"(56, 7)",1,-0.08
597,98,"(57, 7)",1,-0.08
597,99,"(58, 7)",1,-0.08
597,100,"(59, 7)",1,-0.08
597,101,"(60, 7)",1,-0.08
597,102,"(61, 7)",1,-0.08
597,103,"(62, 7)",1,-0.08
597,104,"(63, 7)",1,-0.08
597,105,"(64, 7)",1,-0.08
597,106,"(65, 7)",1,-0.08
597,107,"(66, 7)",1,-0.08
597,108,"(67, 7)",1,-0.08
597,109,"(68, 7)",1,-0.08
597,110,"(69, 7)",1,-0.08
597,111,"(70, 7)",1,-0.08
597,112,"(71, 7)",0,-0.08
597,113,"(71, 6)",0,-0.08
597,114,"(71, 5)",1,-0.08
597,115,"(72, 5)",1,-0.08
597,116,"(73, 5)",1,-0.08
597,117,"(74, 5)",1,-0.08
597,118,"(75, 5)",0,-0.08
597,119,"(75, 4)",0,-0.08
597,120,"(75, 3)",1,-0.08
597,121,"(76, 3)",1,-0.08
597,122,"(77, 3)",0,-0.08
597,123,"(77, 2)",0,-0.08
597,124,"(77, 1)",1,-0.08
597,125,"(78, 1)",0,-0.08
597,126,"(78, 0)",1,8.33
598,0,"(0, 39)",1,-0.08
598,1,"(1, 39)",0,-0.08
598,2,"(1, 38)",1,-8.33
598,3,"(1, 38)",0,-0.08
598,4,"(1, 37)",0,-8.33
598,5,"(1, 37)",3,-0.08
598,6,"(0, 37)",0,-0.08
598,7,"(0, 36)",0,-0.08
598,8,"(0, 35)",1,-0.08
598,9,"(1, 35)",0,-0.08
598,10,"(1, 34)",1,-0.08
598,11,"(2, 34)",0,-0.08
598,12,"(2, 33)",1,-0.08
598,13,"(3, 33)",1,-0.08
598,14,"(4, 33)",1,-0.08
598,15,"(5, 33)",0,-0.08
598,16,"(5, 32)",0,-0.08
598,17,"(5, 31)",0,-0.08
598,18,"(5, 30)",0,-0.08
598,19,"(5, 29)",1,-0.08
598,20,"(6, 29)",1,-0.08
598,21,"(7, 29)",0,-0.08
598,22,"(7, 28)",0,-0.08
598,23,"(7, 27)",1,-0.08
598,24,"(8, 27)",1,-0.08
598,25,"(9, 27)",1,-0.08
598,26,"(10, 27)",0,-8.33
598,27,"(10, 27)",1,-0.08
598,28,"(11, 27)",1,-0.08
598,29,"(12, 27)",1,-0.08
598,30,"(13, 27)",0,-0.08
598,31,"(13, 26)",0,-0.08
598,32,"(13, 25)",0,-0.08
598,33,"(13, 24)",0,-0.08
598,34,"(13, 23)",1,-0.08
598,35,"(14, 23)",1,-0.08
598,36,"(15, 23)",1,-0.08
598,37,"(16, 23)",1,-0.08
598,38,"(17, 23)",0,-0.08
598,39,"(17, 22)",1,-0.08
598,40,"(18, 22)",1,-0.08
598,41,"(19, 22)",1,-0.08
598,42,"(20, 22)",1,-0.08
598,43,"(21, 22)",0,-0.08
598,44,"(21, 21)",0,-0.08
598,45,"(21, 20)",1,-0.08
598,46,"(22, 20)",1,-0.08
598,47,"(23, 20)",0,-0.08
598,48,"(23, 19)",0,-0.08
598,49,"(23, 18)",0,-0.08
598,50,"(23, 17)",1,-0.08
598,51,"(24, 17)",1,-0.08
598,52,"(25, 17)",1,-0.08
598,53,"(26, 17)",1,-0.08
598,54,"(27, 17)",1,-0.08
598,55,"(28, 17)",1,-0.08
598,56,"(29, 17)",1,-0.08
598,57,"(30, 17)",1,-0.08
598,58,"(31, 17)",0,-0.08
598,59,"(31, 16)",1,-0.08
598,60,"(32, 16)",0,-0.08
598,61,"(32, 15)",0,-0.08
598,62,"(32, 14)",0,-0.08
598,63,"(32, 13)",1,-0.08
598,64,"(33, 13)",1,-0.08
598,65,"(34, 13)",1,-0.08
598,66,"(35, 13)",1,-0.08
598,67,"(36, 13)",1,-0.08
598,68,"(37, 13)",1,-0.08
598,69,"(38, 13)",0,-0.08
598,70,"(38, 12)",1,-0.08
598,71,"(39, 12)",0,-0.08
598,72,"(39, 11)",1,-0.08
598,73,"(40, 11)",1,-0.08
598,74,"(41, 11)",1,-0.08
598,75,"(42, 11)",1,-0.08
598,76,"(43, 11)",1,-0.08
598,77,"(44, 11)",1,-0.08
598,78,"(45, 11)",0,-0.08
598,79,"(45, 10)",1,-0.08
598,80,"(46, 10)",1,-0.08
598,81,"(47, 10)",1,-0.08
598,82,"(48, 10)",1,-0.08
598,83,"(49, 10)",0,-0.08
598,84,"(49, 9)",1,-0.08
598,85,"(50, 9)",1,-0.08
598,86,"(51, 9)",1,-0.08
598,87,"(52, 9)",1,-0.08
598,88,"(53, 9)",1,-0.08
598,89,"(54, 9)",1,-0.08
598,90,"(55, 9)",1,-0.08
598,91,"(56, 9)",1,-0.08
598,92,"(57, 9)",1,-0.08
598,93,"(58, 9)",0,-0.08
598,94,"(58, 8)",0,-0.08
598,95,"(58, 7)",1,-0.08
598,96,"(59, 7)",1,-0.08
598,97,"(60, 7)",1,-0.08
598,98,"(61, 7)",1,-0.08
598,99,"(62, 7)",1,-0.08
598,100,"(63, 7)",1,-0.08
598,101,"(64, 7)",1,-0.08
598,102,"(65, 7)",1,-0.08
598,103,"(66, 7)",1,-0.08
598,104,"(67, 7)",1,-0.08
598,105,"(68, 7)",1,-0.08
598,106,"(69, 7)",0,-0.08
598,107,"(69, 6)",1,-0.08
598,108,"(70, 6)",1,-0.08
598,109,"(71, 6)",0,-0.08
598,110,"(71, 5)",1,-0.08
598,111,"(72, 5)",1,-0.08
598,112,"(73, 5)",1,-0.08
598,113,"(74, 5)",0,-0.08
598,114,"(74, 4)",0,-0.08
598,115,"(74, 3)",1,-0.08
598,116,"(75, 3)",1,-0.08
598,117,"(76, 3)",0,-0.08
598,118,"(76, 2)",0,-0.08
598,119,"(76, 1)",1,-0.08
598,120,"(77, 1)",1,-0.08
598,121,"(78, 1)",0,-0.08
598,122,"(78, 0)",1,8.33
599,0,"(0, 39)",1,-0.08
599,1,"(1, 39)",1,-0.08
599,2,"(2, 39)",1,-0.08
599,3,"(3, 39)",0,-0.08
599,4,"(3, 38)",1,-8.33
599,5,"(3, 38)",0,-0.08
599,6,"(3, 37)",0,-0.08
599,7,"(3, 36)",1,-8.33
599,8,"(3, 36)",0,-0.08
599,9,"(3, 35)",3,-0.08
599,10,"(2, 35)",0,-0.08
599,11,"(2, 34)",0,-0.08
599,12,"(2, 33)",1,-0.08
599,13,"(3, 33)",1,-0.08
599,14,"(4, 33)",1,-0.08
599,15,"(5, 33)",1,-0.08
599,16,"(6, 33)",1,-0.08
599,17,"(7, 33)",1,-0.08
599,18,"(8, 33)",1,-0.08
599,19,"(9, 33)",0,-0.08
599,20,"(9, 32)",1,-8.33
599,21,"(9, 32)",0,-0.08
599,22,"(9, 31)",1,-8.33
599,23,"(9, 31)",0,-0.08
599,24,"(9, 30)",1,-0.08
599,25,"(10, 30)",0,-0.08
599,26,"(10, 29)",0,-0.08
599,27,"(10, 28)",0,-0.08
599,28,"(10, 27)",1,-0.08
599,29,"(11, 27)",1,-0.08
599,30,"(12, 27)",0,-0.08
599,31,"(12, 26)",1,-0.08
599,32,"(13, 26)",0,-0.08
599,33,"(13, 25)",0,-0.08
599,34,"(13, 24)",1,-0.08
599,35,"(14, 24)",1,-8.33
599,36,"(14, 24)",0,-0.08
599,37,"(14, 23)",1,-0.08
599,38,"(15, 23)",1,-0.08
599,39,"(16, 23)",1,-0.08
599,40,"(17, 23)",0,-0.08
599,41,"(17, 22)",1,-0.08
599,42,"(18, 22)",1,-0.08
599,43,"(19, 22)",0,-0.08
599,44,"(19, 21)",0,-0.08
599,45,"(19, 20)",1,-0.08
599,46,"(20, 20)",1,-0.08
599,47,"(21, 20)",0,-0.08
599,48,"(21, 19)",0,-0.08
599,49,"(21, 18)",1,-8.33
599,50,"(21, 18)",0,-0.08
599,51,"(21, 17)",0,-0.08
599,52,"(21, 16)",0,-0.08
599,53,"(21, 15)",0,-0.08
599,54,"(21, 14)",0,-0.08
599,55,"(21, 13)",0,-0.08
599,56,"(21, 12)",0,-0.08
599,57,"(21, 11)",0,-0.08
599,58,"(21, 10)",1,-0.08
599,59,"(22, 10)",0,-0.08
599,60,"(22, 9)",1,-0.08
599,61,"(23, 9)",1,-0.08
599,62,"(24, 9)",1,-0.08
599,63,"(25, 9)",1,-0.08
599,64,"(26, 9)",1,-0.08
599,65,"(27, 9)",1,-0.08
599,66,"(28, 9)",1,-0.08
599,67,"(29, 9)",1,-0.08
599,68,"(30, 9)",1,-0.08
599,69,"(31, 9)",0,-0.08
599,70,"(31, 8)",0,-0.08
599,71,"(31, 7)",1,-0.08
599,72,"(32, 7)",1,-0.08
599,73,"(33, 7)",1,-0.08
599,74,"(34, 7)",1,-0.08
599,75,"(35, 7)",1,-0.08
599,76,"(36, 7)",1,-0.08
599,77,"(37, 7)",1,-0.08
599,78,"(38, 7)",0,-0.08
599,79,"(38, 6)",1,-0.08
599,80,"(39, 6)",1,-0.08
599,81,"(40, 6)",1,-0.08
599,82,"(41, 6)",1,-0.08
599,83,"(42, 6)",1,-0.08
599,84,"(43, 6)",1,-0.08
599,85,"(44, 6)",1,-0.08
599,86,"(45, 6)",1,-0.08
599,87,"(46, 6)",0,-0.08
599,88,"(46, 5)",1,-0.08
599,89,"(47, 5)",0,-0.08
599,90,"(47, 4)",0,-0.08
599,91,"(47, 3)",1,-0.08
599,92,"(48, 3)",1,-0.08
599,93,"(49, 3)",1,-0.08
599,94,"(50, 3)",1,-0.08
599,95,"(51, 3)",0,-0.08
599,96,"(51, 2)",1,-0.08
599,97,"(52, 2)",1,-0.08
599,98,"(53, 2)",0,-0.08
599,99,"(53, 1)",1,-0.08
599,100,"(54, 1)",1,-0.08
599,101,"(55, 1)",1,-0.08
599,102,"(56, 1)",1,-0.08
599,103,"(57, 1)",1,-0.08
599,104,"(58, 1)",1,-0.08
599,105,"(59, 1)",1,-0.08
599,106,"(60, 1)",1,-0.08
599,107,"(61, 1)",1,-0.08
599,108,"(62, 1)",1,-0.08
599,109,"(63, 1)",1,-0.08
599,110,"(64, 1)",1,-0.08
599,111,"(65, 1)",1,-0.08
599,112,"(66, 1)",1,-0.08
599,113,"(67, 1)",1,-0.08
599,114,"(68, 1)",1,-0.08
599,115,"(69, 1)",1,-0.08
599,116,"(70, 1)",1,-0.08
599,117,"(71, 1)",2,-0.08
599,118,"(71, 2)",1,-0.08
599,119,"(72, 2)",1,-0.08
599,120,"(73, 2)",0,-0.08
599,121,"(73, 1)",0,-0.08
599,122,"(73, 0)",1,-0.08
599,123,"(74, 0)",1,-0.08
599,124,"(75, 0)",1,-0.08
599,125,"(76, 0)",1,-0.08
599,126,"(77, 0)",1,-0.08
599,127,"(78, 0)",1,8.33
600,0,"(0, 39)",1,-0.08
600,1,"(1, 39)",0,-0.08
600,2,"(1, 38)",0,-0.08
600,3,"(1, 37)",1,-8.33
600,4,"(1, 37)",0,-8.33
600,5,"(1, 37)",3,-0.08
600,6,"(0, 37)",0,-0.08
600,7,"(0, 36)",0,-0.08
600,8,"(0, 35)",0,-0.08
600,9,"(0, 34)",0,-0.08
600,10,"(0, 33)",1,-0.08
600,11,"(1, 33)",0,-0.08
600,12,"(1, 32)",1,-0.08
600,13,"(2, 32)",1,-0.08
600,14,"(3, 32)",0,-0.08
600,15,"(3, 31)",0,-8.33
600,16,"(3, 31)",0,-8.33
600,17,"(3, 31)",3,-0.08
600,18,"(2, 31)",3,-0.08
600,19,"(1, 31)",0,-0.08
600,20,"(1, 30)",0,-0.08
600,21,"(1, 29)",1,-0.08
600,22,"(2, 29)",1,-0.08
600,23,"(3, 29)",1,-0.08
600,24,"(4, 29)",1,-0.08
600,25,"(5, 29)",1,-0.08
600,26,"(6, 29)",1,-0.08
600,27,"(7, 29)",0,-0.08
600,28,"(7, 28)",0,-0.08
600,29,"(7, 27)",1,-0.08
600,30,"(8, 27)",1,-0.08
600,31,"(9, 27)",1,-0.08
600,32,"(10, 27)",1,-0.08
600,33,"(11, 27)",1,-0.08
600,34,"(12, 27)",0,-0.08
600,35,"(12, 26)",1,-0.08
600,36,"(13, 26)",0,-0.08
600,37,"(13, 25)",0,-0.08
600,38,"(13, 24)",1,-0.08
600,39,"(14, 24)",0,-0.08
600,40,"(14, 23)",1,-0.08
600,41,"(15, 23)",1,-0.08
600,42,"(16, 23)",0,-0.08
600,43,"(16, 22)",1,-0.08
600,44,"(17, 22)",1,-0.08
600,45,"(18, 22)",1,-0.08
600,46,"(19, 22)",1,-0.08
600,47,"(20, 22)",1,-0.08
600,48,"(21, 22)",0,-0.08
600,49,"(21, 21)",0,-0.08
600,50,"(21, 20)",0,-0.08
600,51,"(21, 19)",1,-0.08
600,52,"(22, 19)",1,-0.08
600,53,"(23, 19)",0,-0.08
600,54,"(23, 18)",0,-0.08
600,55,"(23, 17)",1,-0.08
600,56,"(24, 17)",1,-0.08
600,57,"(25, 17)",1,-0.08
600,58,"(26, 17)",1,-0.08
600,59,"(27, 17)",1,-0.08
600,60,"(28, 17)",0,-0.08
600,61,"(28, 16)",1,-0.08
600,62,"(29, 16)",0,-0.08
600,63,"(29, 15)",1,-0.08
600,64,"(30, 15)",1,-0.08
600,65,"(31, 15)",0,-0.08
600,66,"(31, 14)",0,-0.08
600,67,"(31, 13)",1,-0.08
600,68,"(32, 13)",1,-0.08
600,69,"(33, 13)",1,-0.08
600,70,"(34, 13)",1,-0.08
600,71,"(35, 13)",1,-0.08
600,72,"(36, 13)",0,-0.08
600,73,"(36, 12)",1,-0.08
600,74,"(37, 12)",1,-0.08
600,75,"(38, 12)",1,-0.08
600,76,"(39, 12)",0,-0.08
600,77,"(39, 11)",1,-0.08
600,78,"(40, 11)",1,-0.08
600,79,"(41, 11)",1,-0.08
600,80,"(42, 11)",1,-0.08
600,81,"(43, 11)",1,-0.08
600,82,"(44, 11)",1,-0.08
600,83,"(45, 11)",0,-0.08
600,84,"(45, 10)",1,-0.08
600,85,"(46, 10)",1,-0.08
600,86,"(47, 10)",1,-0.08
600,87,"(48, 10)",1,-0.08
600,88,"(49, 10)",1,-0.08
600,89,"(50, 10)",0,-0.08
600,90,"(50, 9)",1,-0.08
600,91,"(51, 9)",1,-0.08
600,92,"(52, 9)",1,-0.08
600,93,"(53, 9)",1,-0.08
600,94,"(54, 9)",1,-0.08
600,95,"(55, 9)",1,-0.08
600,96,"(56, 9)",1,-0.08
600,97,"(57, 9)",1,-0.08
600,98,"(58, 9)",0,-0.08
600,99,"(58, 8)",0,-0.08
600,100,"(58, 7)",1,-0.08
600,101,"(59, 7)",1,-0.08
600,102,"(60, 7)",1,-0.08
600,103,"(61, 7)",1,-0.08
600,104,"(62, 7)",1,-0.08
600,105,"(63, 7)",1,-0.08
600,106,"(64, 7)",1,-0.08
600,107,"(65, 7)",1,-0.08
600,108,"(66, 7)",1,-0.08
600,109,"(67, 7)",1,-0.08
600,110,"(68, 7)",1,-0.08
600,111,"(69, 7)",0,-0.08
600,112,"(69, 6)",1,-0.08
600,113,"(70, 6)",1,-0.08
600,114,"(71, 6)",0,-0.08
600,115,"(71, 5)",1,-0.08
600,116,"(72, 5)",1,-0.08
600,117,"(73, 5)",1,-0.08
600,118,"(74, 5)",1,-0.08
600,119,"(75, 5)",1,-0.08
600,120,"(76, 5)",1,-0.08
600,121,"(77, 5)",0,-0.08
600,122,"(77, 4)",0,-0.08
600,123,"(77, 3)",0,-0.08
600,124,"(77, 2)",0,-0.08
600,125,"(77, 1)",0,-0.08
600,126,"(77, 0)",1,-0.08
600,127,"(78, 0)",1,8.33
601,0,"(0, 39)",1,-0.08
601,1,"(1, 39)",0,-0.08
601,2,"(1, 38)",0,-0.08
601,3,"(1, 37)",1,-8.33
601,4,"(1, 37)",0,-8.33
601,5,"(1, 37)",3,-0.08
601,6,"(0, 37)",0,-0.08
601,7,"(0, 36)",0,-0.08
601,8,"(0, 35)",0,-0.08
601,9,"(0, 34)",1,-0.08
601,10,"(1, 34)",1,-0.08
601,11,"(2, 34)",0,-0.08
601,12,"(2, 33)",1,-0.08
601,13,"(3, 33)",1,-0.08
601,14,"(4, 33)",1,-0.08
601,15,"(5, 33)",1,-0.08
601,16,"(6, 33)",1,-0.08
601,17,"(7, 33)",1,-0.08
601,18,"(8, 33)",1,-0.08
601,19,"(9, 33)",0,-0.08
601,20,"(9, 32)",0,-0.08
601,21,"(9, 31)",0,-0.08
601,22,"(9, 30)",1,-0.08
601,23,"(10, 30)",0,-0.08
601,24,"(10, 29)",0,-0.08
601,25,"(10, 28)",0,-0.08
601,26,"(10, 27)",0,-8.33
601,27,"(10, 27)",1,-0.08
601,28,"(11, 27)",1,-0.08
601,29,"(12, 27)",1,-0.08
601,30,"(13, 27)",1,-0.08
601,31,"(14, 27)",1,-0.08
601,32,"(15, 27)",0,-0.08
601,33,"(15, 26)",0,-0.08
601,34,"(15, 25)",1,-0.08
601,35,"(16, 25)",1,-0.08
601,36,"(17, 25)",0,-0.08
601,37,"(17, 24)",0,-0.08
601,38,"(17, 23)",1,-0.08
601,39,"(18, 23)",0,-0.08
601,40,"(18, 22)",1,-0.08
601,41,"(19, 22)",1,-0.08
601,42,"(20, 22)",0,-0.08
601,43,"(20, 21)",0,-0.08
601,44,"(20, 20)",1,-0.08
601,45,"(21, 20)",1,-0.08
601,46,"(22, 20)",0,-0.08
601,47,"(22, 19)",1,-0.08
601,48,"(23, 19)",0,-0.08
601,49,"(23, 18)",0,-0.08
601,50,"(23, 17)",0,-0.08
601,51,"(23, 16)",0,-0.08
601,52,"(23, 15)",1,-0.08
601,53,"(24, 15)",1,-0.08
601,54,"(25, 15)",1,-0.08
601,55,"(26, 15)",1,-0.08
601,56,"(27, 15)",0,-0.08
601,57,"(27, 14)",0,-0.08
601,58,"(27, 13)",1,-0.08
601,59,"(28, 13)",1,-0.08
601,60,"(29, 13)",1,-0.08
601,61,"(30, 13)",1,-0.08
601,62,"(31, 13)",1,-0.08
601,63,"(32, 13)",1,-0.08
601,64,"(33, 13)",1,-0.08
601,65,"(34, 13)",1,-0.08
601,66,"(35, 13)",1,-0.08
601,67,"(36, 13)",0,-0.08
601,68,"(36, 12)",1,-0.08
601,69,"(37, 12)",1,-0.08
601,70,"(38, 12)",1,-0.08
601,71,"(39, 12)",0,-0.08
601,72,"(39, 11)",1,-0.08
601,73,"(40, 11)",1,-0.08
601,74,"(41, 11)",1,-0.08
601,75,"(42, 11)",1,-0.08
601,76,"(43, 11)",1,-0.08
601,77,"(44, 11)",1,-0.08
601,78,"(45, 11)",0,-0.08
601,79,"(45, 10)",0,-0.08
601,80,"(45, 9)",0,-0.08
601,81,"(45, 8)",1,-0.08
601,82,"(46, 8)",0,-0.08
601,83,"(46, 7)",1,-0.08
601,84,"(47, 7)",1,-0.08
601,85,"(48, 7)",1,-0.08
601,86,"(49, 7)",1,-0.08
601,87,"(50, 7)",1,-0.08
601,88,"(51, 7)",1,-0.08
601,89,"(52, 7)",1,-0.08
601,90,"(53, 7)",1,-0.08
601,91,"(54, 7)",1,-0.08
601,92,"(55, 7)",1,-0.08
601,93,"(56, 7)",1,-0.08
601,94,"(57, 7)",1,-0.08
601,95,"(58, 7)",1,-0.08
601,96,"(59, 7)",1,-0.08
601,97,"(60, 7)",1,-0.08
601,98,"(61, 7)",1,-0.08
601,99,"(62, 7)",1,-0.08
601,100,"(63, 7)",1,-0.08
601,101,"(64, 7)",1,-0.08
601,102,"(65, 7)",1,-0.08
601,103,"(66, 7)",1,-0.08
601,104,"(67, 7)",1,-0.08
601,105,"(68, 7)",1,-0.08
601,106,"(69, 7)",1,-0.08
601,107,"(70, 7)",1,-0.08
601,108,"(71, 7)",1,-0.08
601,109,"(72, 7)",1,-0.08
601,110,"(73, 7)",0,-0.08
601,111,"(73, 6)",0,-0.08
601,112,"(73, 5)",1,-0.08
601,113,"(74, 5)",0,-0.08
601,114,"(74, 4)",1,-0.08
601,115,"(75, 4)",0,-0.08
601,116,"(75, 3)",1,-0.08
601,117,"(76, 3)",1,-0.08
601,118,"(77, 3)",0,-0.08
601,119,"(77, 2)",0,-0.08
601,120,"(77, 1)",1,-0.08
601,121,"(78, 1)",0,-0.08
601,122,"(78, 0)",1,8.33
602,0,"(0, 39)",1,-0.08
602,1,"(1, 39)",0,-0.08
602,2,"(1, 38)",0,-0.08
602,3,"(1, 37)",1,-8.33
602,4,"(1, 37)",0,-8.33
602,5,"(1, 37)",3,-0.08
602,6,"(0, 37)",0,-0.08
602,7,"(0, 36)",0,-0.08
602,8,"(0, 35)",0,-0.08
602,9,"(0, 34)",1,-0.08
602,10,"(1, 34)",0,-0.08
602,11,"(1, 33)",0,-0.08
602,12,"(1, 32)",1,-0.08
602,13,"(2, 32)",0,-0.08
602,14,"(2, 31)",1,-0.08
602,15,"(3, 31)",0,-8.33
602,16,"(3, 31)",0,-8.33
602,17,"(3, 31)",3,-0.08
602,18,"(2, 31)",3,-0.08
602,19,"(1, 31)",0,-0.08
602,20,"(1, 30)",0,-0.08
602,21,"(1, 29)",0,-0.08
602,22,"(1, 28)",0,-0.08
602,23,"(1, 27)",0,-0.08
602,24,"(1, 26)",0,-0.08
602,25,"(1, 25)",1,-0.08
602,26,"(2, 25)",1,-0.08
602,27,"(3, 25)",1,-0.08
602,28,"(4, 25)",1,-0.08
602,29,"(5, 25)",1,-0.08
602,30,"(6, 25)",1,-0.08
602,31,"(7, 25)",1,-0.08
602,32,"(8, 25)",1,-0.08
602,33,"(9, 25)",0,-0.08
602,34,"(9, 24)",1,-0.08
602,35,"(10, 24)",1,-0.08
602,36,"(11, 24)",1,-0.08
602,37,"(12, 24)",1,-0.08
602,38,"(13, 24)",0,-0.08
602,39,"(13, 23)",1,-0.08
602,40,"(14, 23)",1,-0.08
602,41,"(15, 23)",1,-0.08
602,42,"(16, 23)",0,-0.08
602,43,"(16, 22)",1,-0.08
602,44,"(17, 22)",1,-0.08
602,45,"(18, 22)",1,-0.08
602,46,"(19, 22)",1,-0.08
602,47,"(20, 22)",1,-0.08
602,48,"(21, 22)",0,-0.08
602,49,"(21, 21)",0,-0.08
602,50,"(21, 20)",0,-0.08
602,51,"(21, 19)",1,-0.08
602,52,"(22, 19)",1,-0.08
602,53,"(23, 19)",0,-0.08
602,54,"(23, 18)",0,-0.08
602,55,"(23, 17)",0,-0.08
602,56,"(23, 16)",0,-0.08
602,57,"(23, 15)",1,-0.08
602,58,"(24, 15)",1,-0.08
602,59,"(25, 15)",1,-0.08
602,60,"(26, 15)",1,-0.08
602,61,"(27, 15)",1,-0.08
602,62,"(28, 15)",1,-0.08
602,63,"(29, 15)",1,-0.08
602,64,"(30, 15)",1,-0.08
602,65,"(31, 15)",0,-0.08
602,66,"(31, 14)",0,-0.08
602,67,"(31, 13)",1,-0.08
602,68,"(32, 13)",1,-0.08
602,69,"(33, 13)",1,-0.08
602,70,"(34, 13)",1,-0.08
602,71,"(35, 13)",0,-0.08
602,72,"(35, 12)",1,-0.08
602,73,"(36, 12)",1,-0.08
602,74,"(37, 12)",1,-0.08
602,75,"(38, 12)",1,-0.08
602,76,"(39, 12)",0,-0.08
602,77,"(39, 11)",1,-0.08
602,78,"(40, 11)",1,-0.08
602,79,"(41, 11)",1,-0.08
602,80,"(42, 11)",1,-0.08
602,81,"(43, 11)",1,-0.08
602,82,"(44, 11)",1,-0.08
602,83,"(45, 11)",0,-0.08
602,84,"(45, 10)",1,-0.08
602,85,"(46, 10)",1,-0.08
602,86,"(47, 10)",1,-0.08
602,87,"(48, 10)",1,-0.08
602,88,"(49, 10)",1,-0.08
602,89,"(50, 10)",0,-0.08
602,90,"(50, 9)",1,-0.08
602,91,"(51, 9)",1,-0.08
602,92,"(52, 9)",1,-0.08
602,93,"(53, 9)",1,-0.08
602,94,"(54, 9)",1,-0.08
602,95,"(55, 9)",1,-0.08
602,96,"(56, 9)",1,-0.08
602,97,"(57, 9)",1,-0.08
602,98,"(58, 9)",0,-0.08
602,99,"(58, 8)",0,-0.08
602,100,"(58, 7)",1,-0.08
602,101,"(59, 7)",1,-0.08
602,102,"(60, 7)",1,-0.08
602,103,"(61, 7)",1,-0.08
602,104,"(62, 7)",1,-0.08
602,105,"(63, 7)",1,-0.08
602,106,"(64, 7)",1,-0.08
602,107,"(65, 7)",1,-0.08
602,108,"(66, 7)",1,-0.08
602,109,"(67, 7)",1,-0.08
602,110,"(68, 7)",1,-0.08
602,111,"(69, 7)",1,-0.08
602,112,"(70, 7)",1,-0.08
602,113,"(71, 7)",1,-0.08
602,114,"(72, 7)",0,-0.08
602,115,"(72, 6)",0,-0.08
602,116,"(72, 5)",1,-0.08
602,117,"(73, 5)",1,-0.08
602,118,"(74, 5)",1,-0.08
602,119,"(75, 5)",1,-0.08
602,120,"(76, 5)",1,-0.08
602,121,"(77, 5)",0,-0.08
602,122,"(77, 4)",0,-0.08
602,123,"(77, 3)",0,-0.08
602,124,"(77, 2)",0,-0.08
602,125,"(77, 1)",1,-0.08
602,126,"(78, 1)",1,-0.08
602,127,"(79, 1)",0,8.33
603,0,"(0, 39)",1,-0.08
603,1,"(1, 39)",0,-0.08
603,2,"(1, 38)",0,-0.08
603,3,"(1, 37)",0,-8.33
603,4,"(1, 37)",3,-0.08
603,5,"(0, 37)",0,-0.08
603,6,"(0, 36)",0,-0.08
603,7,"(0, 35)",1,-0.08
603,8,"(1, 35)",0,-0.08
603,9,"(1, 34)",1,-0.08
603,10,"(2, 34)",0,-0.08
603,11,"(2, 33)",1,-0.08
603,12,"(3, 33)",1,-0.08
603,13,"(4, 33)",1,-0.08
603,14,"(5, 33)",0,-0.08
603,15,"(5, 32)",0,-0.08
603,16,"(5, 31)",0,-0.08
603,17,"(5, 30)",0,-0.08
603,18,"(5, 29)",1,-0.08
603,19,"(6, 29)",1,-0.08
603,20,"(7, 29)",1,-0.08
603,21,"(8, 29)",0,-0.08
603,22,"(8, 28)",0,-0.08
603,23,"(8, 27)",1,-0.08
603,24,"(9, 27)",1,-0.08
603,25,"(10, 27)",1,-0.08
603,26,"(11, 27)",1,-0.08
603,27,"(12, 27)",0,-0.08
603,28,"(12, 26)",1,-0.08
603,29,"(13, 26)",0,-0.08
603,30,"(13, 25)",1,-0.08
603,31,"(14, 25)",0,-0.08
603,32,"(14, 24)",0,-0.08
603,33,"(14, 23)",1,-0.08
603,34,"(15, 23)",1,-0.08
603,35,"(16, 23)",1,-0.08
603,36,"(17, 23)",0,-0.08
603,37,"(17, 22)",1,-0.08
603,38,"(18, 22)",1,-0.08
603,39,"(19, 22)",0,-0.08
603,40,"(19, 21)",1,-0.08
603,41,"(20, 21)",1,-0.08
603,42,"(21, 21)",0,-0.08
603,43,"(21, 20)",0,-0.08
603,44,"(21, 19)",1,-0.08
603,45,"(22, 19)",1,-0.08
603,46,"(23, 19)",0,-0.08
603,47,"(23, 18)",0,-0.08
603,48,"(23, 17)",1,-0.08
603,49,"(24, 17)",1,-0.08
603,50,"(25, 17)",1,-0.08
603,51,"(26, 17)",1,-0.08
603,52,"(27, 17)",1,-0.08
603,53,"(28, 17)",1,-0.08
603,54,"(29, 17)",1,-0.08
603,55,"(30, 17)",1,-0.08
603,56,"(31, 17)",0,-0.08
603,57,"(31, 16)",1,-0.08
603,58,"(32, 16)",0,-0.08
603,59,"(32, 15)",0,-0.08
603,60,"(32, 14)",0,-0.08
603,61,"(32, 13)",1,-0.08
603,62,"(33, 13)",1,-0.08
603,63,"(34, 13)",1,-0.08
603,64,"(35, 13)",1,-0.08
603,65,"(36, 13)",1,-0.08
603,66,"(37, 13)",0,-0.08
603,67,"(37, 12)",1,-0.08
603,68,"(38, 12)",1,-0.08
603,69,"(39, 12)",0,-0.08
603,70,"(39, 11)",1,-0.08
603,71,"(40, 11)",1,-0.08
603,72,"(41, 11)",1,-0.08
603,73,"(42, 11)",1,-0.08
603,74,"(43, 11)",1,-0.08
603,75,"(44, 11)",1,-0.08
603,76,"(45, 11)",0,-0.08
603,77,"(45, 10)",0,-0.08
603,78,"(45, 9)",0,-0.08
603,79,"(45, 8)",0,-0.08
603,80,"(45, 7)",1,-0.08
603,81,"(46, 7)",1,-0.08
603,82,"(47, 7)",1,-0.08
603,83,"(48, 7)",1,-0.08
603,84,"(49, 7)",1,-0.08
603,85,"(50, 7)",1,-0.08
603,86,"(51, 7)",1,-0.08
603,87,"(52, 7)",1,-0.08
603,88,"(53, 7)",1,-0.08
603,89,"(54, 7)",1,-0.08
603,90,"(55, 7)",1,-0.08
603,91,"(56, 7)",1,-0.08
603,92,"(57, 7)",1,-0.08
603,93,"(58, 7)",1,-0.08
603,94,"(59, 7)",1,-0.08
603,95,"(60, 7)",1,-0.08
603,96,"(61, 7)",1,-0.08
603,97,"(62, 7)",1,-0.08
603,98,"(63, 7)",1,-0.08
603,99,"(64, 7)",1,-0.08
603,100,"(65, 7)",1,-0.08
603,101,"(66, 7)",1,-0.08
603,102,"(67, 7)",1,-0.08
603,103,"(68, 7)",1,-0.08
603,104,"(69, 7)",0,-0.08
603,105,"(69, 6)",1,-0.08
603,106,"(70, 6)",1,-0.08
603,107,"(71, 6)",0,-0.08
603,108,"(71, 5)",1,-0.08
603,109,"(72, 5)",1,-0.08
603,110,"(73, 5)",1,-0.08
603,111,"(74, 5)",0,-0.08
603,112,"(74, 4)",0,-0.08
603,113,"(74, 3)",1,-0.08
603,114,"(75, 3)",1,-0.08
603,115,"(76, 3)",0,-0.08
603,116,"(76, 2)",1,-0.08
603,117,"(77, 2)",0,-0.08
603,118,"(77, 1)",0,-0.08
603,119,"(77, 0)",1,-0.08
603,120,"(78, 0)",1,8.33
604,0,"(0, 39)",1,-0.08
604,1,"(1, 39)",1,-0.08
604,2,"(2, 39)",1,-0.08
604,3,"(3, 39)",1,-0.08
604,4,"(4, 39)",0,-8.33
604,5,"(4, 39)",1,-0.08
604,6,"(5, 39)",0,-8.33
604,7,"(5, 39)",1,-0.08
604,8,"(6, 39)",1,-0.08
604,9,"(7, 39)",1,-0.08
604,10,"(8, 39)",1,-0.08
604,11,"(9, 39)",1,-0.08
604,12,"(10, 39)",0,-0.08
604,13,"(10, 38)",0,-0.08
604,14,"(10, 37)",1,-0.08
604,15,"(11, 37)",1,-0.08
604,16,"(12, 37)",0,-0.08
604,17,"(12, 36)",0,-0.08
604,18,"(12, 35)",1,-0.08
604,19,"(13, 35)",0,-0.08
604,20,"(13, 34)",0,-0.08
604,21,"(13, 33)",1,-0.08
604,22,"(14, 33)",1,-0.08
604,23,"(15, 33)",1,-0.08
604,24,"(16, 33)",1,-0.08
604,25,"(17, 33)",1,-0.08
604,26,"(18, 33)",1,-0.08
604,27,"(19, 33)",0,-0.08
604,28,"(19, 32)",1,-0.08
604,29,"(20, 32)",1,-0.08
604,30,"(21, 32)",0,-0.08
604,31,"(21, 31)",0,-0.08
604,32,"(21, 30)",0,-0.08
604,33,"(21, 29)",0,-0.08
604,34,"(21, 28)",0,-0.08
604,35,"(21, 27)",0,-0.08
604,36,"(21, 26)",1,-0.08
604,37,"(22, 26)",1,-0.08
604,38,"(23, 26)",0,-0.08
604,39,"(23, 25)",0,-0.08
604,40,"(23, 24)",1,-0.08
604,41,"(24, 24)",0,-0.08
604,42,"(24, 23)",1,-0.08
604,43,"(25, 23)",0,-0.08
604,44,"(25, 22)",0,-0.08
604,45,"(25, 21)",1,-0.08
604,46,"(26, 21)",1,-0.08
604,47,"(27, 21)",0,-0.08
604,48,"(27, 20)",0,-0.08
604,49,"(27, 19)",0,-0.08
604,50,"(27, 18)",0,-0.08
604,51,"(27, 17)",0,-0.08
604,52,"(27, 16)",0,-0.08
604,53,"(27, 15)",0,-0.08
604,54,"(27, 14)",0,-0.08
604,55,"(27, 13)",1,-0.08
604,56,"(28, 13)",1,-0.08
604,57,"(29, 13)",1,-0.08
604,58,"(30, 13)",1,-0.08
604,59,"(31, 13)",1,-0.08
604,60,"(32, 13)",1,-0.08
604,61,"(33, 13)",1,-0.08
604,62,"(34, 13)",1,-0.08
604,63,"(35, 13)",1,-0.08
604,64,"(36, 13)",1,-0.08
604,65,"(37, 13)",1,-0.08
604,66,"(38, 13)",1,-0.08
604,67,"(39, 13)",0,-0.08
604,68,"(39, 12)",0,-0.08
604,69,"(39, 11)",1,-0.08
604,70,"(40, 11)",1,-0.08
604,71,"(41, 11)",1,-0.08
604,72,"(42, 11)",1,-0.08
604,73,"(43, 11)",1,-0.08
604,74,"(44, 11)",1,-0.08
604,75,"(45, 11)",0,-0.08
604,76,"(45, 10)",0,-0.08
604,77,"(45, 9)",0,-0.08
604,78,"(45, 8)",1,-0.08
604,79,"(46, 8)",0,-0.08
604,80,"(46, 7)",1,-0.08
604,81,"(47, 7)",1,-0.08
604,82,"(48, 7)",1,-0.08
604,83,"(49, 7)",1,-0.08
604,84,"(50, 7)",1,-0.08
604,85,"(51, 7)",1,-0.08
604,86,"(52, 7)",1,-0.08
604,87,"(53, 7)",1,-0.08
604,88,"(54, 7)",1,-0.08
604,89,"(55, 7)",1,-0.08
604,90,"(56, 7)",1,-0.08
604,91,"(57, 7)",1,-0.08
604,92,"(58, 7)",1,-0.08
604,93,"(59, 7)",1,-0.08
604,94,"(60, 7)",1,-0.08
604,95,"(61, 7)",1,-0.08
604,96,"(62, 7)",1,-0.08
604,97,"(63, 7)",1,-0.08
604,98,"(64, 7)",1,-0.08
604,99,"(65, 7)",1,-0.08
604,100,"(66, 7)",1,-0.08
604,101,"(67, 7)",1,-0.08
604,102,"(68, 7)",1,-0.08
604,103,"(69, 7)",1,-0.08
604,104,"(70, 7)",0,-0.08
604,105,"(70, 6)",1,-0.08
604,106,"(71, 6)",0,-0.08
604,107,"(71, 5)",1,-0.08
604,108,"(72, 5)",1,-0.08
604,109,"(73, 5)",1,-0.08
604,110,"(74, 5)",1,-0.08
604,111,"(75, 5)",0,-0.08
604,112,"(75, 4)",0,-0.08
604,113,"(75, 3)",1,-0.08
604,114,"(76, 3)",0,-0.08
604,115,"(76, 2)",1,-0.08
604,116,"(77, 2)",0,-0.08
604,117,"(77, 1)",1,-0.08
604,118,"(78, 1)",0,-0.08
604,119,"(78, 0)",1,8.33
605,0,"(0, 39)",0,-0.08
605,1,"(0, 38)",1,-0.08
605,2,"(1, 38)",0,-0.08
605,3,"(1, 37)",0,-8.33
605,4,"(1, 37)",3,-0.08
605,5,"(0, 37)",0,-0.08
605,6,"(0, 36)",0,-0.08
605,7,"(0, 35)",0,-0.08
605,8,"(0, 34)",1,-0.08
605,9,"(1, 34)",0,-0.08
605,10,"(1, 33)",1,-0.08
605,11,"(2, 33)",1,-0.08
605,12,"(3, 33)",0,-0.08
605,13,"(3, 32)",0,-0.08
605,14,"(3, 31)",0,-8.33
605,15,"(3, 31)",3,-0.08
605,16,"(2, 31)",3,-0.08
605,17,"(1, 31)",0,-0.08
605,18,"(1, 30)",0,-0.08
605,19,"(1, 29)",1,-0.08
605,20,"(2, 29)",1,-0.08
605,21,"(3, 29)",1,-0.08
605,22,"(4, 29)",1,-0.08
605,23,"(5, 29)",1,-0.08
605,24,"(6, 29)",1,-0.08
605,25,"(7, 29)",0,-0.08
605,26,"(7, 28)",0,-0.08
605,27,"(7, 27)",0,-0.08
605,28,"(7, 26)",0,-0.08
605,29,"(7, 25)",1,-0.08
605,30,"(8, 25)",1,-0.08
605,31,"(9, 25)",1,-0.08
605,32,"(10, 25)",1,-0.08
605,33,"(11, 25)",1,-0.08
605,34,"(12, 25)",0,-0.08
605,35,"(12, 24)",1,-0.08
605,36,"(13, 24)",0,-0.08
605,37,"(13, 23)",1,-0.08
605,38,"(14, 23)",1,-0.08
605,39,"(15, 23)",1,-0.08
605,40,"(16, 23)",0,-0.08
605,41,"(16, 22)",1,-0.08
605,42,"(17, 22)",1,-0.08
605,43,"(18, 22)",1,-0.08
605,44,"(19, 22)",0,-0.08
605,45,"(19, 21)",1,-0.08
605,46,"(20, 21)",1,-0.08
605,47,"(21, 21)",1,-0.08
605,48,"(22, 21)",0,-0.08
605,49,"(22, 20)",0,-0.08
605,50,"(22, 19)",1,-0.08
605,51,"(23, 19)",0,-0.08
605,52,"(23, 18)",0,-0.08
605,53,"(23, 17)",1,-0.08
605,54,"(24, 17)",1,-0.08
605,55,"(25, 17)",1,-0.08
605,56,"(26, 17)",1,-0.08
605,57,"(27, 17)",1,-0.08
605,58,"(28, 17)",0,-0.08
605,59,"(28, 16)",0,-0.08
605,60,"(28, 15)",1,-0.08
605,61,"(29, 15)",1,-0.08
605,62,"(30, 15)",1,-0.08
605,63,"(31, 15)",0,-0.08
605,64,"(31, 14)",1,-0.08
605,65,"(32, 14)",0,-0.08
605,66,"(32, 13)",1,-0.08
605,67,"(33, 13)",1,-0.08
605,68,"(34, 13)",1,-0.08
605,69,"(35, 13)",0,-0.08
605,70,"(35, 12)",1,-0.08
605,71,"(36, 12)",1,-0.08
605,72,"(37, 12)",1,-0.08
605,73,"(38, 12)",1,-0.08
605,74,"(39, 12)",0,-0.08
605,75,"(39, 11)",1,-0.08
605,76,"(40, 11)",1,-0.08
605,77,"(41, 11)",1,-0.08
605,78,"(42, 11)",1,-0.08
605,79,"(43, 11)",1,-0.08
605,80,"(44, 11)",1,-0.08
605,81,"(45, 11)",0,-0.08
605,82,"(45, 10)",1,-0.08
605,83,"(46, 10)",0,-0.08
605,84,"(46, 9)",0,-0.08
605,85,"(46, 8)",0,-0.08
605,86,"(46, 7)",1,-0.08
605,87,"(47, 7)",1,-0.08
605,88,"(48, 7)",1,-0.08
605,89,"(49, 7)",1,-0.08
605,90,"(50, 7)",1,-0.08
605,91,"(51, 7)",1,-0.08
605,92,"(52, 7)",1,-0.08
605,93,"(53, 7)",1,-0.08
605,94,"(54, 7)",1,-0.08
605,95,"(55, 7)",1,-0.08
605,96,"(56, 7)",1,-0.08
605,97,"(57, 7)",1,-0.08
605,98,"(58, 7)",1,-0.08
605,99,"(59, 7)",1,-0.08
605,100,"(60, 7)",1,-0.08
605,101,"(61, 7)",1,-0.08
605,102,"(62, 7)",1,-0.08
605,103,"(63, 7)",1,-0.08
605,104,"(64, 7)",1,-0.08
605,105,"(65, 7)",1,-0.08
605,106,"(66, 7)",1,-0.08
605,107,"(67, 7)",1,-0.08
605,108,"(68, 7)",1,-0.08
605,109,"(69, 7)",1,-0.08
605,110,"(70, 7)",0,-0.08
605,111,"(70, 6)",1,-0.08
605,112,"(71, 6)",1,-0.08
605,113,"(72, 6)",1,-0.08
605,114,"(73, 6)",0,-0.08
605,115,"(73, 5)",1,-0.08
605,116,"(74, 5)",1,-0.08
605,117,"(75, 5)",0,-0.08
605,118,"(75, 4)",0,-0.08
605,119,"(75, 3)",1,-0.08
605,120,"(76, 3)",1,-0.08
605,121,"(77, 3)",0,-0.08
605,122,"(77, 2)",0,-0.08
605,123,"(77, 1)",0,-0.08
605,124,"(77, 0)",1,-0.08
605,125,"(78, 0)",1,8.33
606,0,"(0, 39)",0,-0.08
606,1,"(0, 38)",1,-0.08
606,2,"(1, 38)",1,-8.33
606,3,"(1, 38)",0,-0.08
606,4,"(1, 37)",0,-8.33
606,5,"(1, 37)",3,-0.08
606,6,"(0, 37)",0,-0.08
606,7,"(0, 36)",0,-0.08
606,8,"(0, 35)",0,-0.08
606,9,"(0, 34)",0,-0.08
606,10,"(0, 33)",1,-0.08
606,11,"(1, 33)",1,-0.08
606,12,"(2, 33)",0,-0.08
606,13,"(2, 32)",0,-0.08
606,14,"(2, 31)",1,-0.08
606,15,"(3, 31)",0,-8.33
606,16,"(3, 31)",0,-8.33
606,17,"(3, 31)",3,-0.08
606,18,"(2, 31)",3,-0.08
606,19,"(1, 31)",0,-0.08
606,20,"(1, 30)",0,-0.08
606,21,"(1, 29)",1,-0.08
606,22,"(2, 29)",1,-0.08
606,23,"(3, 29)",1,-0.08
606,24,"(4, 29)",1,-0.08
606,25,"(5, 29)",1,-0.08
606,26,"(6, 29)",1,-0.08
606,27,"(7, 29)",0,-0.08
606,28,"(7, 28)",1,-0.08
606,29,"(8, 28)",0,-0.08
606,30,"(8, 27)",1,-0.08
606,31,"(9, 27)",1,-0.08
606,32,"(10, 27)",1,-0.08
606,33,"(11, 27)",1,-0.08
606,34,"(12, 27)",0,-0.08
606,35,"(12, 26)",1,-0.08
606,36,"(13, 26)",0,-0.08
606,37,"(13, 25)",1,-0.08
606,38,"(14, 25)",1,-0.08
606,39,"(15, 25)",1,-0.08
606,40,"(16, 25)",1,-0.08
606,41,"(17, 25)",0,-0.08
606,42,"(17, 24)",0,-0.08
606,43,"(17, 23)",0,-0.08
606,44,"(17, 22)",1,-0.08
606,45,"(18, 22)",1,-0.08
606,46,"(19, 22)",0,-0.08
606,47,"(19, 21)",0,-0.08
606,48,"(19, 20)",1,-0.08
606,49,"(20, 20)",0,-0.08
606,50,"(20, 19)",1,-0.08
606,51,"(21, 19)",1,-0.08
606,52,"(22, 19)",1,-0.08
606,53,"(23, 19)",0,-0.08
606,54,"(23, 18)",0,-0.08
606,55,"(23, 17)",1,-0.08
606,56,"(24, 17)",1,-0.08
606,57,"(25, 17)",1,-0.08
606,58,"(26, 17)",1,-0.08
606,59,"(27, 17)",1,-0.08
606,60,"(28, 17)",0,-0.08
606,61,"(28, 16)",1,-0.08
606,62,"(29, 16)",0,-0.08
606,63,"(29, 15)",1,-0.08
606,64,"(30, 15)",1,-0.08
606,65,"(31, 15)",0,-0.08
606,66,"(31, 14)",1,-0.08
606,67,"(32, 14)",0,-0.08
606,68,"(32, 13)",1,-0.08
606,69,"(33, 13)",1,-0.08
606,70,"(34, 13)",1,-0.08
606,71,"(35, 13)",1,-0.08
606,72,"(36, 13)",0,-0.08
606,73,"(36, 12)",1,-0.08
606,74,"(37, 12)",1,-0.08
606,75,"(38, 12)",1,-0.08
606,76,"(39, 12)",0,-0.08
606,77,"(39, 11)",1,-0.08
606,78,"(40, 11)",1,-0.08
606,79,"(41, 11)",1,-0.08
606,80,"(42, 11)",1,-0.08
606,81,"(43, 11)",1,-0.08
606,82,"(44, 11)",1,-0.08
606,83,"(45, 11)",0,-0.08
606,84,"(45, 10)",1,-0.08
606,85,"(46, 10)",0,-0.08
606,86,"(46, 9)",0,-0.08
606,87,"(46, 8)",0,-0.08
606,88,"(46, 7)",1,-0.08
606,89,"(47, 7)",1,-0.08
606,90,"(48, 7)",1,-0.08
606,91,"(49, 7)",1,-0.08
606,92,"(50, 7)",1,-0.08
606,93,"(51, 7)",1,-0.08
606,94,"(52, 7)",1,-0.08
606,95,"(53, 7)",1,-0.08
606,96,"(54, 7)",1,-0.08
606,97,"(55, 7)",1,-0.08
606,98,"(56, 7)",1,-0.08
606,99,"(57, 7)",1,-0.08
606,100,"(58, 7)",1,-0.08
606,101,"(59, 7)",1,-0.08
606,102,"(60, 7)",1,-0.08
606,103,"(61, 7)",1,-0.08
606,104,"(62, 7)",1,-0.08
606,105,"(63, 7)",1,-0.08
606,106,"(64, 7)",1,-0.08
606,107,"(65, 7)",1,-0.08
606,108,"(66, 7)",1,-0.08
606,109,"(67, 7)",1,-0.08
606,110,"(68, 7)",1,-0.08
606,111,"(69, 7)",1,-0.08
606,112,"(70, 7)",1,-0.08
606,113,"(71, 7)",1,-0.08
606,114,"(72, 7)",0,-0.08
606,115,"(72, 6)",0,-0.08
606,116,"(72, 5)",1,-0.08
606,117,"(73, 5)",1,-0.08
606,118,"(74, 5)",0,-0.08
606,119,"(74, 4)",0,-0.08
606,120,"(74, 3)",1,-0.08
606,121,"(75, 3)",1,-0.08
606,122,"(76, 3)",0,-0.08
606,123,"(76, 2)",1,-0.08
606,124,"(77, 2)",0,-0.08
606,125,"(77, 1)",1,-0.08
606,126,"(78, 1)",1,-0.08
606,127,"(79, 1)",0,8.33
607,0,"(0, 39)",0,-0.08
607,1,"(0, 38)",1,-0.08
607,2,"(1, 38)",0,-0.08
607,3,"(1, 37)",0,-8.33
607,4,"(1, 37)",3,-0.08
607,5,"(0, 37)",0,-0.08
607,6,"(0, 36)",0,-0.08
607,7,"(0, 35)",0,-0.08
607,8,"(0, 34)",0,-0.08
607,9,"(0, 33)",1,-0.08
607,10,"(1, 33)",1,-0.08
607,11,"(2, 33)",0,-0.08
607,12,"(2, 32)",1,-0.08
607,13,"(3, 32)",0,-0.08
607,14,"(3, 31)",0,-8.33
607,15,"(3, 31)",0,-8.33
607,16,"(3, 31)",3,-0.08
607,17,"(2, 31)",3,-0.08
607,18,"(1, 31)",0,-0.08
607,19,"(1, 30)",0,-0.08
607,20,"(1, 29)",0,-0.08
607,21,"(1, 28)",0,-0.08
607,22,"(1, 27)",0,-0.08
607,23,"(1, 26)",0,-0.08
607,24,"(1, 25)",1,-0.08
607,25,"(2, 25)",1,-0.08
607,26,"(3, 25)",1,-0.08
607,27,"(4, 25)",1,-0.08
607,28,"(5, 25)",1,-0.08
607,29,"(6, 25)",1,-0.08
607,30,"(7, 25)",1,-0.08
607,31,"(8, 25)",1,-0.08
607,32,"(9, 25)",0,-0.08
607,33,"(9, 24)",1,-0.08
607,34,"(10, 24)",1,-0.08
607,35,"(11, 24)",1,-0.08
607,36,"(12, 24)",1,-0.08
607,37,"(13, 24)",0,-0.08
607,38,"(13, 23)",1,-0.08
607,39,"(14, 23)",1,-0.08
607,40,"(15, 23)",1,-0.08
607,41,"(16, 23)",1,-0.08
607,42,"(17, 23)",0,-0.08
607,43,"(17, 22)",1,-0.08
607,44,"(18, 22)",1,-0.08
607,45,"(19, 22)",1,-0.08
607,46,"(20, 22)",1,-0.08
607,47,"(21, 22)",0,-0.08
607,48,"(21, 21)",1,-0.08
607,49,"(22, 21)",0,-0.08
607,50,"(22, 20)",1,-0.08
607,51,"(23, 20)",1,-0.08
607,52,"(24, 20)",1,-0.08
607,53,"(25, 20)",0,-0.08
607,54,"(25, 19)",1,-0.08
607,55,"(26, 19)",0,-0.08
607,56,"(26, 18)",0,-0.08
607,57,"(26, 17)",1,-0.08
607,58,"(27, 17)",0,-0.08
607,59,"(27, 16)",0,-0.08
607,60,"(27, 15)",0,-0.08
607,61,"(27, 14)",0,-0.08
607,62,"(27, 13)",1,-0.08
607,63,"(28, 13)",1,-0.08
607,64,"(29, 13)",1,-0.08
607,65,"(30, 13)",1,-0.08
607,66,"(31, 13)",1,-0.08
607,67,"(32, 13)",1,-0.08
607,68,"(33, 13)",1,-0.08
607,69,"(34, 13)",1,-0.08
607,70,"(35, 13)",1,-0.08
607,71,"(36, 13)",0,-0.08
607,72,"(36, 12)",1,-0.08
607,73,"(37, 12)",1,-0.08
607,74,"(38, 12)",1,-0.08
607,75,"(39, 12)",0,-0.08
607,76,"(39, 11)",1,-0.08
607,77,"(40, 11)",1,-0.08
607,78,"(41, 11)",1,-0.08
607,79,"(42, 11)",1,-0.08
607,80,"(43, 11)",1,-0.08
607,81,"(44, 11)",1,-0.08
607,82,"(45, 11)",0,-0.08
607,83,"(45, 10)",0,-0.08
607,84,"(45, 9)",1,-0.08
607,85,"(46, 9)",0,-0.08
607,86,"(46, 8)",0,-0.08
607,87,"(46, 7)",1,-0.08
607,88,"(47, 7)",1,-0.08
607,89,"(48, 7)",1,-0.08
607,90,"(49, 7)",1,-0.08
607,91,"(50, 7)",1,-0.08
607,92,"(51, 7)",1,-0.08
607,93,"(52, 7)",1,-0.08
607,94,"(53, 7)",1,-0.08
607,95,"(54, 7)",1,-0.08
607,96,"(55, 7)",1,-0.08
607,97,"(56, 7)",1,-0.08
607,98,"(57, 7)",1,-0.08
607,99,"(58, 7)",1,-0.08
607,100,"(59, 7)",1,-0.08
607,101,"(60, 7)",1,-0.08
607,102,"(61, 7)",1,-0.08
607,103,"(62, 7)",1,-0.08
607,104,"(63, 7)",1,-0.08
607,105,"(64, 7)",1,-0.08
607,106,"(65, 7)",1,-0.08
607,107,"(66, 7)",1,-0.08
607,108,"(67, 7)",1,-0.08
607,109,"(68, 7)",1,-0.08
607,110,"(69, 7)",1,-0.08
607,111,"(70, 7)",1,-0.08
607,112,"(71, 7)",1,-0.08
607,113,"(72, 7)",1,-0.08
607,114,"(73, 7)",0,-0.08
607,115,"(73, 6)",0,-0.08
607,116,"(73, 5)",1,-0.08
607,117,"(74, 5)",1,-0.08
607,118,"(75, 5)",0,-0.08
607,119,"(75, 4)",0,-0.08
607,120,"(75, 3)",1,-0.08
607,121,"(76, 3)",0,-0.08
607,122,"(76, 2)",0,-0.08
607,123,"(76, 1)",1,-0.08
607,124,"(77, 1)",0,-0.08
607,125,"(77, 0)",1,-0.08
607,126,"(78, 0)",1,8.33
608,0,"(0, 39)",1,-0.08
608,1,"(1, 39)",0,-0.08
608,2,"(1, 38)",1,-8.33
608,3,"(1, 38)",0,-0.08
608,4,"(1, 37)",0,-8.33
608,5,"(1, 37)",3,-0.08
608,6,"(0, 37)",0,-0.08
608,7,"(0, 36)",0,-0.08
608,8,"(0, 35)",0,-0.08
608,9,"(0, 34)",0,-0.08
608,10,"(0, 33)",1,-0.08
608,11,"(1, 33)",0,-0.08
608,12,"(1, 32)",1,-0.08
608,13,"(2, 32)",1,-0.08
608,14,"(3, 32)",0,-0.08
608,15,"(3, 31)",0,-8.33
608,16,"(3, 31)",0,-8.33
608,17,"(3, 31)",3,-0.08
608,18,"(2, 31)",3,-0.08
608,19,"(1, 31)",0,-0.08
608,20,"(1, 30)",0,-0.08
608,21,"(1, 29)",1,-0.08
608,22,"(2, 29)",1,-0.08
608,23,"(3, 29)",1,-0.08
608,24,"(4, 29)",1,-0.08
608,25,"(5, 29)",1,-0.08
608,26,"(6, 29)",1,-0.08
608,27,"(7, 29)",1,-0.08
608,28,"(8, 29)",0,-0.08
608,29,"(8, 28)",0,-0.08
608,30,"(8, 27)",1,-0.08
608,31,"(9, 27)",1,-0.08
608,32,"(10, 27)",1,-0.08
608,33,"(11, 27)",1,-0.08
608,34,"(12, 27)",1,-0.08
608,35,"(13, 27)",0,-0.08
608,36,"(13, 26)",0,-0.08
608,37,"(13, 25)",0,-0.08
608,38,"(13, 24)",0,-0.08
608,39,"(13, 23)",1,-0.08
608,40,"(14, 23)",1,-0.08
608,41,"(15, 23)",1,-0.08
608,42,"(16, 23)",1,-0.08
608,43,"(17, 23)",0,-0.08
608,44,"(17, 22)",1,-0.08
608,45,"(18, 22)",1,-0.08
608,46,"(19, 22)",1,-0.08
608,47,"(20, 22)",0,-0.08
608,48,"(20, 21)",0,-0.08
608,49,"(20, 20)",1,-0.08
608,50,"(21, 20)",0,-0.08
608,51,"(21, 19)",1,-0.08
608,52,"(22, 19)",1,-0.08
608,53,"(23, 19)",0,-0.08
608,54,"(23, 18)",0,-0.08
608,55,"(23, 17)",1,-0.08
608,56,"(24, 17)",1,-0.08
608,57,"(25, 17)",1,-0.08
608,58,"(26, 17)",1,-0.08
608,59,"(27, 17)",1,-0.08
608,60,"(28, 17)",1,-0.08
608,61,"(29, 17)",0,-0.08
608,62,"(29, 16)",0,-0.08
608,63,"(29, 15)",1,-0.08
608,64,"(30, 15)",1,-0.08
608,65,"(31, 15)",0,-0.08
608,66,"(31, 14)",0,-0.08
608,67,"(31, 13)",1,-0.08
608,68,"(32, 13)",1,-0.08
608,69,"(33, 13)",1,-0.08
608,70,"(34, 13)",1,-0.08
608,71,"(35, 13)",1,-0.08
608,72,"(36, 13)",1,-0.08
608,73,"(37, 13)",0,-0.08
608,74,"(37, 12)",1,-0.08
608,75,"(38, 12)",1,-0.08
608,76,"(39, 12)",0,-0.08
608,77,"(39, 11)",1,-0.08
608,78,"(40, 11)",1,-0.08
608,79,"(41, 11)",1,-0.08
608,80,"(42, 11)",1,-0.08
608,81,"(43, 11)",1,-0.08
608,82,"(44, 11)",1,-0.08
608,83,"(45, 11)",0,-0.08
608,84,"(45, 10)",1,-0.08
608,85,"(46, 10)",0,-0.08
608,86,"(46, 9)",0,-0.08
608,87,"(46, 8)",0,-0.08
608,88,"(46, 7)",1,-0.08
608,89,"(47, 7)",1,-0.08
608,90,"(48, 7)",1,-0.08
608,91,"(49, 7)",1,-0.08
608,92,"(50, 7)",1,-0.08
608,93,"(51, 7)",1,-0.08
608,94,"(52, 7)",1,-0.08
608,95,"(53, 7)",1,-0.08
608,96,"(54, 7)",1,-0.08
608,97,"(55, 7)",1,-0.08
608,98,"(56, 7)",1,-0.08
608,99,"(57, 7)",1,-0.08
608,100,"(58, 7)",1,-0.08
608,101,"(59, 7)",1,-0.08
608,102,"(60, 7)",1,-0.08
608,103,"(61, 7)",1,-0.08
608,104,"(62, 7)",1,-0.08
608,105,"(63, 7)",1,-0.08
608,106,"(64, 7)",1,-0.08
608,107,"(65, 7)",1,-0.08
608,108,"(66, 7)",1,-0.08
608,109,"(67, 7)",1,-0.08
608,110,"(68, 7)",1,-0.08
608,111,"(69, 7)",0,-0.08
608,112,"(69, 6)",1,-0.08
608,113,"(70, 6)",1,-0.08
608,114,"(71, 6)",0,-0.08
608,115,"(71, 5)",1,-0.08
608,116,"(72, 5)",1,-0.08
608,117,"(73, 5)",1,-0.08
608,118,"(74, 5)",0,-0.08
608,119,"(74, 4)",1,-0.08
608,120,"(75, 4)",0,-0.08
608,121,"(75, 3)",1,-0.08
608,122,"(76, 3)",0,-0.08
608,123,"(76, 2)",1,-0.08
608,124,"(77, 2)",0,-0.08
608,125,"(77, 1)",1,-0.08
608,126,"(78, 1)",0,-0.08
608,127,"(78, 0)",1,8.33
609,0,"(0, 39)",0,-0.08
609,1,"(0, 38)",0,-0.08
609,2,"(0, 37)",1,-0.08
609,3,"(1, 37)",0,-8.33
609,4,"(1, 37)",3,-0.08
609,5,"(0, 37)",0,-0.08
609,6,"(0, 36)",0,-0.08
609,7,"(0, 35)",0,-0.08
609,8,"(0, 34)",1,-0.08
609,9,"(1, 34)",1,-0.08
609,10,"(2, 34)",0,-0.08
609,11,"(2, 33)",0,-0.08
609,12,"(2, 32)",0,-0.08
609,13,"(2, 31)",1,-0.08
609,14,"(3, 31)",0,-8.33
609,15,"(3, 31)",0,-8.33
609,16,"(3, 31)",2,-0.08
609,17,"(3, 32)",2,-0.08
609,18,"(3, 33)",1,-0.08
609,19,"(4, 33)",1,-0.08
609,20,"(5, 33)",0,-0.08
609,21,"(5, 32)",0,-0.08
609,22,"(5, 31)",0,-0.08
609,23,"(5, 30)",0,-0.08
609,24,"(5, 29)",1,-0.08
609,25,"(6, 29)",1,-0.08
609,26,"(7, 29)",0,-0.08
609,27,"(7, 28)",1,-0.08
609,28,"(8, 28)",0,-0.08
609,29,"(8, 27)",1,-0.08
609,30,"(9, 27)",1,-0.08
609,31,"(10, 27)",1,-0.08
609,32,"(11, 27)",1,-0.08
609,33,"(12, 27)",0,-0.08
609,34,"(12, 26)",0,-0.08
609,35,"(12, 25)",1,-0.08
609,36,"(13, 25)",0,-0.08
609,37,"(13, 24)",0,-0.08
609,38,"(13, 23)",1,-0.08
609,39,"(14, 23)",1,-0.08
609,40,"(15, 23)",1,-0.08
609,41,"(16, 23)",1,-0.08
609,42,"(17, 23)",1,-0.08
609,43,"(18, 23)",0,-0.08
609,44,"(18, 22)",1,-0.08
609,45,"(19, 22)",1,-0.08
609,46,"(20, 22)",1,-0.08
609,47,"(21, 22)",0,-0.08
609,48,"(21, 21)",1,-0.08
609,49,"(22, 21)",1,-0.08
609,50,"(23, 21)",1,-0.08
609,51,"(24, 21)",1,-0.08
609,52,"(25, 21)",0,-0.08
609,53,"(25, 20)",0,-0.08
609,54,"(25, 19)",0,-0.08
609,55,"(25, 18)",0,-0.08
609,56,"(25, 17)",1,-0.08
609,57,"(26, 17)",1,-0.08
609,58,"(27, 17)",1,-0.08
609,59,"(28, 17)",1,-0.08
609,60,"(29, 17)",0,-0.08
609,61,"(29, 16)",0,-0.08
609,62,"(29, 15)",1,-0.08
609,63,"(30, 15)",1,-0.08
609,64,"(31, 15)",0,-0.08
609,65,"(31, 14)",1,-0.08
609,66,"(32, 14)",0,-0.08
609,67,"(32, 13)",1,-0.08
609,68,"(33, 13)",1,-0.08
609,69,"(34, 13)",1,-0.08
609,70,"(35, 13)",1,-0.08
609,71,"(36, 13)",0,-0.08
609,72,"(36, 12)",1,-0.08
609,73,"(37, 12)",1,-0.08
609,74,"(38, 12)",1,-0.08
609,75,"(39, 12)",0,-0.08
609,76,"(39, 11)",1,-0.08
609,77,"(40, 11)",1,-0.08
609,78,"(41, 11)",1,-0.08
609,79,"(42, 11)",1,-0.08
609,80,"(43, 11)",1,-0.08
609,81,"(44, 11)",1,-0.08
609,82,"(45, 11)",0,-0.08
609,83,"(45, 10)",1,-0.08
609,84,"(46, 10)",1,-0.08
609,85,"(47, 10)",1,-0.08
609,86,"(48, 10)",1,-0.08
609,87,"(49, 10)",0,-0.08
609,88,"(49, 9)",1,-0.08
609,89,"(50, 9)",1,-0.08
609,90,"(51, 9)",1,-0.08
609,91,"(52, 9)",1,-0.08
609,92,"(53, 9)",1,-0.08
609,93,"(54, 9)",1,-0.08
609,94,"(55, 9)",1,-0.08
609,95,"(56, 9)",1,-0.08
609,96,"(57, 9)",1,-0.08
609,97,"(58, 9)",0,-0.08
609,98,"(58, 8)",0,-0.08
609,99,"(58, 7)",1,-0.08
609,100,"(59, 7)",1,-0.08
609,101,"(60, 7)",1,-0.08
609,102,"(61, 7)",1,-0.08
609,103,"(62, 7)",1,-0.08
609,104,"(63, 7)",1,-0.08
609,105,"(64, 7)",1,-0.08
609,106,"(65, 7)",1,-0.08
609,107,"(66, 7)",1,-0.08
609,108,"(67, 7)",1,-0.08
609,109,"(68, 7)",1,-0.08
609,110,"(69, 7)",0,-0.08
609,111,"(69, 6)",1,-0.08
609,112,"(70, 6)",1,-0.08
609,113,"(71, 6)",0,-0.08
609,114,"(71, 5)",1,-0.08
609,115,"(72, 5)",1,-0.08
609,116,"(73, 5)",1,-0.08
609,117,"(74, 5)",1,-0.08
609,118,"(75, 5)",0,-0.08
609,119,"(75, 4)",0,-0.08
609,120,"(75, 3)",1,-0.08
609,121,"(76, 3)",1,-0.08
609,122,"(77, 3)",0,-0.08
609,123,"(77, 2)",0,-0.08
609,124,"(77, 1)",0,-0.08
609,125,"(77, 0)",1,-0.08
609,126,"(78, 0)",1,8.33
610,0,"(0, 39)",0,-0.08
610,1,"(0, 38)",0,-0.08
610,2,"(0, 37)",0,-0.08
610,3,"(0, 36)",0,-0.08
610,4,"(0, 35)",0,-0.08
610,5,"(0, 34)",1,-0.08
610,6,"(1, 34)",1,-0.08
610,7,"(2, 34)",1,-8.33
610,8,"(2, 34)",0,-0.08
610,9,"(2, 33)",0,-0.08
610,10,"(2, 32)",0,-0.08
610,11,"(2, 31)",0,-8.33
610,12,"(2, 31)",1,-0.08
610,13,"(3, 31)",0,-8.33
610,14,"(3, 31)",0,-8.33
610,15,"(3, 31)",3,-0.08
610,16,"(2, 31)",3,-0.08
610,17,"(1, 31)",0,-0.08
610,18,"(1, 30)",0,-0.08
610,19,"(1, 29)",0,-0.08
610,20,"(1, 28)",0,-0.08
610,21,"(1, 27)",0,-0.08
610,22,"(1, 26)",1,-0.08
610,23,"(2, 26)",1,-0.08
610,24,"(3, 26)",0,-0.08
610,25,"(3, 25)",1,-0.08
610,26,"(4, 25)",1,-0.08
610,27,"(5, 25)",1,-0.08
610,28,"(6, 25)",1,-0.08
610,29,"(7, 25)",1,-0.08
610,30,"(8, 25)",1,-0.08
610,31,"(9, 25)",0,-0.08
610,32,"(9, 24)",1,-0.08
610,33,"(10, 24)",1,-0.08
610,34,"(11, 24)",1,-0.08
610,35,"(12, 24)",1,-0.08
610,36,"(13, 24)",0,-0.08
610,37,"(13, 23)",1,-0.08
610,38,"(14, 23)",1,-0.08
610,39,"(15, 23)",1,-0.08
610,40,"(16, 23)",0,-0.08
610,41,"(16, 22)",1,-0.08
610,42,"(17, 22)",1,-0.08
610,43,"(18, 22)",1,-0.08
610,44,"(19, 22)",1,-0.08
610,45,"(20, 22)",1,-0.08
610,46,"(21, 22)",0,-0.08
610,47,"(21, 21)",0,-0.08
610,48,"(21, 20)",1,-0.08
610,49,"(22, 20)",0,-0.08
610,50,"(22, 19)",1,-0.08
610,51,"(23, 19)",0,-0.08
610,52,"(23, 18)",0,-0.08
610,53,"(23, 17)",1,-0.08
610,54,"(24, 17)",1,-0.08
610,55,"(25, 17)",1,-0.08
610,56,"(26, 17)",1,-0.08
610,57,"(27, 17)",0,-0.08
610,58,"(27, 16)",1,-0.08
610,59,"(28, 16)",1,-0.08
610,60,"(29, 16)",0,-0.08
610,61,"(29, 15)",0,-0.08
610,62,"(29, 14)",0,-0.08
610,63,"(29, 13)",1,-0.08
610,64,"(30, 13)",1,-0.08
610,65,"(31, 13)",1,-0.08
610,66,"(32, 13)",1,-0.08
610,67,"(33, 13)",1,-0.08
610,68,"(34, 13)",1,-0.08
610,69,"(35, 13)",1,-0.08
610,70,"(36, 13)",0,-0.08
610,71,"(36, 12)",1,-0.08
610,72,"(37, 12)",1,-0.08
610,73,"(38, 12)",1,-0.08
610,74,"(39, 12)",0,-0.08
610,75,"(39, 11)",1,-0.08
610,76,"(40, 11)",1,-0.08
610,77,"(41, 11)",1,-0.08
610,78,"(42, 11)",1,-0.08
610,79,"(43, 11)",1,-0.08
610,80,"(44, 11)",1,-0.08
610,81,"(45, 11)",0,-0.08
610,82,"(45, 10)",0,-0.08
610,83,"(45, 9)",0,-0.08
610,84,"(45, 8)",1,-0.08
610,85,"(46, 8)",0,-0.08
610,86,"(46, 7)",1,-0.08
610,87,"(47, 7)",1,-0.08
610,88,"(48, 7)",1,-0.08
610,89,"(49, 7)",1,-0.08
610,90,"(50, 7)",1,-0.08
610,91,"(51, 7)",1,-0.08
610,92,"(52, 7)",1,-0.08
610,93,"(53, 7)",1,-0.08
610,94,"(54, 7)",1,-0.08
610,95,"(55, 7)",1,-0.08
610,96,"(56, 7)",1,-0.08
610,97,"(57, 7)",1,-0.08
610,98,"(58, 7)",1,-0.08
610,99,"(59, 7)",1,-0.08
610,100,"(60, 7)",1,-0.08
610,101,"(61, 7)",1,-0.08
610,102,"(62, 7)",1,-0.08
610,103,"(63, 7)",1,-0.08
610,104,"(64, 7)",1,-0.08
610,105,"(65, 7)",1,-0.08
610,106,"(66, 7)",1,-0.08
610,107,"(67, 7)",1,-0.08
610,108,"(68, 7)",1,-0.08
610,109,"(69, 7)",1,-0.08
610,110,"(70, 7)",1,-0.08
610,111,"(71, 7)",0,-0.08
610,112,"(71, 6)",0,-0.08
610,113,"(71, 5)",1,-0.08
610,114,"(72, 5)",1,-0.08
610,115,"(73, 5)",1,-0.08
610,116,"(74, 5)",1,-0.08
610,117,"(75, 5)",0,-0.08
610,118,"(75, 4)",0,-0.08
610,119,"(75, 3)",1,-0.08
610,120,"(76, 3)",1,-0.08
610,121,"(77, 3)",0,-0.08
610,122,"(77, 2)",0,-0.08
610,123,"(77, 1)",0,-0.08
610,124,"(77, 0)",1,-0.08
610,125,"(78, 0)",1,8.33
611,0,"(0, 39)",0,-0.08
611,1,"(0, 38)",1,-0.08
611,2,"(1, 38)",1,-8.33
611,3,"(1, 38)",0,-0.08
611,4,"(1, 37)",0,-8.33
611,5,"(1, 37)",3,-0.08
611,6,"(0, 37)",0,-0.08
611,7,"(0, 36)",0,-0.08
611,8,"(0, 35)",1,-0.08
611,9,"(1, 35)",0,-0.08
611,10,"(1, 34)",0,-0.08
611,11,"(1, 33)",0,-0.08
611,12,"(1, 32)",1,-0.08
611,13,"(2, 32)",1,-0.08
611,14,"(3, 32)",0,-0.08
611,15,"(3, 31)",0,-8.33
611,16,"(3, 31)",0,-8.33
611,17,"(3, 31)",3,-0.08
611,18,"(2, 31)",3,-0.08
611,19,"(1, 31)",0,-0.08
611,20,"(1, 30)",0,-0.08
611,21,"(1, 29)",1,-0.08
611,22,"(2, 29)",1,-0.08
611,23,"(3, 29)",1,-0.08
611,24,"(4, 29)",1,-0.08
611,25,"(5, 29)",1,-0.08
611,26,"(6, 29)",1,-0.08
611,27,"(7, 29)",0,-0.08
611,28,"(7, 28)",1,-0.08
611,29,"(8, 28)",0,-0.08
611,30,"(8, 27)",1,-0.08
611,31,"(9, 27)",1,-0.08
611,32,"(10, 27)",1,-0.08
611,33,"(11, 27)",1,-0.08
611,34,"(12, 27)",0,-0.08
611,35,"(12, 26)",1,-0.08
611,36,"(13, 26)",0,-0.08
611,37,"(13, 25)",1,-0.08
611,38,"(14, 25)",0,-0.08
611,39,"(14, 24)",0,-0.08
611,40,"(14, 23)",1,-0.08
611,41,"(15, 23)",1,-0.08
611,42,"(16, 23)",1,-0.08
611,43,"(17, 23)",1,-0.08
611,44,"(18, 23)",1,-0.08
611,45,"(19, 23)",1,-0.08
611,46,"(20, 23)",0,-0.08
611,47,"(20, 22)",0,-0.08
611,48,"(20, 21)",1,-0.08
611,49,"(21, 21)",1,-0.08
611,50,"(22, 21)",1,-0.08
611,51,"(23, 21)",1,-0.08
611,52,"(24, 21)",0,-0.08
611,53,"(24, 20)",1,-0.08
611,54,"(25, 20)",0,-0.08
611,55,"(25, 19)",0,-0.08
611,56,"(25, 18)",0,-0.08
611,57,"(25, 17)",1,-0.08
611,58,"(26, 17)",1,-0.08
611,59,"(27, 17)",0,-0.08
611,60,"(27, 16)",0,-0.08
611,61,"(27, 15)",0,-0.08
611,62,"(27, 14)",0,-0.08
611,63,"(27, 13)",1,-0.08
611,64,"(28, 13)",1,-0.08
611,65,"(29, 13)",1,-0.08
611,66,"(30, 13)",1,-0.08
611,67,"(31, 13)",1,-0.08
611,68,"(32, 13)",1,-0.08
611,69,"(33, 13)",1,-0.08
611,70,"(34, 13)",1,-0.08
611,71,"(35, 13)",1,-0.08
611,72,"(36, 13)",0,-0.08
611,73,"(36, 12)",1,-0.08
611,74,"(37, 12)",1,-0.08
611,75,"(38, 12)",1,-0.08
611,76,"(39, 12)",0,-0.08
611,77,"(39, 11)",1,-0.08
611,78,"(40, 11)",1,-0.08
611,79,"(41, 11)",1,-0.08
611,80,"(42, 11)",1,-0.08
611,81,"(43, 11)",1,-0.08
611,82,"(44, 11)",1,-0.08
611,83,"(45, 11)",0,-0.08
611,84,"(45, 10)",1,-0.08
611,85,"(46, 10)",1,-0.08
611,86,"(47, 10)",1,-0.08
611,87,"(48, 10)",1,-0.08
611,88,"(49, 10)",1,-0.08
611,89,"(50, 10)",0,-0.08
611,90,"(50, 9)",0,-0.08
611,91,"(50, 8)",0,-0.08
611,92,"(50, 7)",1,-0.08
611,93,"(51, 7)",1,-0.08
611,94,"(52, 7)",1,-0.08
611,95,"(53, 7)",1,-0.08
611,96,"(54, 7)",1,-0.08
611,97,"(55, 7)",1,-0.08
611,98,"(56, 7)",1,-0.08
611,99,"(57, 7)",1,-0.08
611,100,"(58, 7)",1,-0.08
611,101,"(59, 7)",1,-0.08
611,102,"(60, 7)",1,-0.08
611,103,"(61, 7)",1,-0.08
611,104,"(62, 7)",1,-0.08
611,105,"(63, 7)",1,-0.08
611,106,"(64, 7)",1,-0.08
611,107,"(65, 7)",1,-0.08
611,108,"(66, 7)",1,-0.08
611,109,"(67, 7)",1,-0.08
611,110,"(68, 7)",1,-0.08
611,111,"(69, 7)",0,-0.08
611,112,"(69, 6)",1,-0.08
611,113,"(70, 6)",1,-0.08
611,114,"(71, 6)",0,-0.08
611,115,"(71, 5)",1,-0.08
611,116,"(72, 5)",1,-0.08
611,117,"(73, 5)",1,-0.08
611,118,"(74, 5)",1,-0.08
611,119,"(75, 5)",1,-0.08
611,120,"(76, 5)",1,-0.08
611,121,"(77, 5)",0,-0.08
611,122,"(77, 4)",0,-0.08
611,123,"(77, 3)",0,-0.08
611,124,"(77, 2)",0,-0.08
611,125,"(77, 1)",0,-0.08
611,126,"(77, 0)",1,-0.08
611,127,"(78, 0)",1,8.33
612,0,"(0, 39)",1,-0.08
612,1,"(1, 39)",1,-0.08
612,2,"(2, 39)",1,-0.08
612,3,"(3, 39)",0,-0.08
612,4,"(3, 38)",0,-0.08
612,5,"(3, 37)",0,-0.08
612,6,"(3, 36)",0,-0.08
612,7,"(3, 35)",0,-8.33
612,8,"(3, 35)",3,-0.08
612,9,"(2, 35)",0,-0.08
612,10,"(2, 34)",0,-0.08
612,11,"(2, 33)",0,-0.08
612,12,"(2, 32)",1,-0.08
612,13,"(3, 32)",0,-0.08
612,14,"(3, 31)",0,-8.33
612,15,"(3, 31)",0,-8.33
612,16,"(3, 31)",3,-0.08
612,17,"(2, 31)",3,-0.08
612,18,"(1, 31)",0,-0.08
612,19,"(1, 30)",0,-0.08
612,20,"(1, 29)",0,-0.08
612,21,"(1, 28)",0,-0.08
612,22,"(1, 27)",0,-0.08
612,23,"(1, 26)",0,-0.08
612,24,"(1, 25)",1,-0.08
612,25,"(2, 25)",1,-0.08
612,26,"(3, 25)",1,-0.08
612,27,"(4, 25)",1,-0.08
612,28,"(5, 25)",1,-0.08
612,29,"(6, 25)",1,-0.08
612,30,"(7, 25)",1,-0.08
612,31,"(8, 25)",1,-0.08
612,32,"(9, 25)",0,-0.08
612,33,"(9, 24)",1,-0.08
612,34,"(10, 24)",1,-0.08
612,35,"(11, 24)",1,-0.08
612,36,"(12, 24)",1,-0.08
612,37,"(13, 24)",0,-0.08
612,38,"(13, 23)",1,-0.08
612,39,"(14, 23)",1,-0.08
612,40,"(15, 23)",1,-0.08
612,41,"(16, 23)",0,-0.08
612,42,"(16, 22)",1,-0.08
612,43,"(17, 22)",1,-0.08
612,44,"(18, 22)",1,-0.08
612,45,"(19, 22)",0,-0.08
612,46,"(19, 21)",1,-0.08
612,47,"(20, 21)",1,-0.08
612,48,"(21, 21)",1,-0.08
612,49,"(22, 21)",1,-0.08
612,50,"(23, 21)",0,-0.08
612,51,"(23, 20)",0,-0.08
612,52,"(23, 19)",0,-0.08
612,53,"(23, 18)",0,-0.08
612,54,"(23, 17)",1,-0.08
612,55,"(24, 17)",1,-0.08
612,56,"(25, 17)",1,-0.08
612,57,"(26, 17)",1,-0.08
612,58,"(27, 17)",0,-0.08
612,59,"(27, 16)",1,-0.08
612,60,"(28, 16)",1,-0.08
612,61,"(29, 16)",0,-0.08
612,62,"(29, 15)",1,-0.08
612,63,"(30, 15)",1,-0.08
612,64,"(31, 15)",1,-0.08
612,65,"(32, 15)",1,-0.08
612,66,"(33, 15)",1,-0.08
612,67,"(34, 15)",0,-0.08
612,68,"(34, 14)",0,-0.08
612,69,"(34, 13)",1,-0.08
612,70,"(35, 13)",0,-0.08
612,71,"(35, 12)",1,-0.08
612,72,"(36, 12)",1,-0.08
612,73,"(37, 12)",1,-0.08
612,74,"(38, 12)",1,-0.08
612,75,"(39, 12)",0,-0.08
612,76,"(39, 11)",1,-0.08
612,77,"(40, 11)",1,-0.08
612,78,"(41, 11)",1,-0.08
612,79,"(42, 11)",1,-0.08
612,80,"(43, 11)",1,-0.08
612,81,"(44, 11)",1,-0.08
612,82,"(45, 11)",0,-0.08
612,83,"(45, 10)",1,-0.08
612,84,"(46, 10)",0,-0.08
612,85,"(46, 9)",0,-0.08
612,86,"(46, 8)",0,-0.08
612,87,"(46, 7)",1,-0.08
612,88,"(47, 7)",1,-0.08
612,89,"(48, 7)",1,-0.08
612,90,"(49, 7)",1,-0.08
612,91,"(50, 7)",1,-0.08
612,92,"(51, 7)",1,-0.08
612,93,"(52, 7)",1,-0.08
612,94,"(53, 7)",1,-0.08
612,95,"(54, 7)",1,-0.08
612,96,"(55, 7)",1,-0.08
612,97,"(56, 7)",1,-0.08
612,98,"(57, 7)",1,-0.08
612,99,"(58, 7)",1,-0.08
612,100,"(59, 7)",1,-0.08
612,101,"(60, 7)",1,-0.08
612,102,"(61, 7)",1,-0.08
612,103,"(62, 7)",1,-0.08
612,104,"(63, 7)",1,-0.08
612,105,"(64, 7)",1,-0.08
612,106,"(65, 7)",1,-0.08
612,107,"(66, 7)",1,-0.08
612,108,"(67, 7)",1,-0.08
612,109,"(68, 7)",1,-0.08
612,110,"(69, 7)",1,-0.08
612,111,"(70, 7)",0,-0.08
612,112,"(70, 6)",1,-0.08
612,113,"(71, 6)",0,-0.08
612,114,"(71, 5)",1,-0.08
612,115,"(72, 5)",1,-0.08
612,116,"(73, 5)",1,-0.08
612,117,"(74, 5)",0,-0.08
612,118,"(74, 4)",0,-0.08
612,119,"(74, 3)",1,-0.08
612,120,"(75, 3)",1,-0.08
612,121,"(76, 3)",1,-0.08
612,122,"(77, 3)",0,-0.08
612,123,"(77, 2)",0,-0.08
612,124,"(77, 1)",0,-0.08
612,125,"(77, 0)",1,-0.08
612,126,"(78, 0)",1,8.33
613,0,"(0, 39)",1,-0.08
613,1,"(1, 39)",0,-0.08
613,2,"(1, 38)",1,-8.33
613,3,"(1, 38)",0,-0.08
613,4,"(1, 37)",0,-8.33
613,5,"(1, 37)",3,-0.08
613,6,"(0, 37)",0,-0.08
613,7,"(0, 36)",0,-0.08
613,8,"(0, 35)",0,-0.08
613,9,"(0, 34)",0,-0.08
613,10,"(0, 33)",1,-0.08
613,11,"(1, 33)",0,-0.08
613,12,"(1, 32)",0,-0.08
613,13,"(1, 31)",1,-0.08
613,14,"(2, 31)",1,-0.08
613,15,"(3, 31)",0,-8.33
613,16,"(3, 31)",2,-0.08
613,17,"(3, 32)",2,-0.08
613,18,"(3, 33)",1,-0.08
613,19,"(4, 33)",1,-0.08
613,20,"(5, 33)",0,-0.08
613,21,"(5, 32)",0,-0.08
613,22,"(5, 31)",1,-0.08
613,23,"(6, 31)",1,-0.08
613,24,"(7, 31)",1,-0.08
613,25,"(8, 31)",1,-0.08
613,26,"(9, 31)",0,-0.08
613,27,"(9, 30)",1,-0.08
613,28,"(10, 30)",0,-0.08
613,29,"(10, 29)",0,-0.08
613,30,"(10, 28)",0,-0.08
613,31,"(10, 27)",1,-0.08
613,32,"(11, 27)",1,-0.08
613,33,"(12, 27)",0,-0.08
613,34,"(12, 26)",1,-0.08
613,35,"(13, 26)",0,-0.08
613,36,"(13, 25)",1,-0.08
613,37,"(14, 25)",1,-0.08
613,38,"(15, 25)",1,-0.08
613,39,"(16, 25)",1,-0.08
613,40,"(17, 25)",0,-0.08
613,41,"(17, 24)",0,-0.08
613,42,"(17, 23)",0,-0.08
613,43,"(17, 22)",1,-0.08
613,44,"(18, 22)",1,-0.08
613,45,"(19, 22)",0,-0.08
613,46,"(19, 21)",1,-0.08
613,47,"(20, 21)",0,-0.08
613,48,"(20, 20)",1,-0.08
613,49,"(21, 20)",0,-0.08
613,50,"(21, 19)",1,-0.08
613,51,"(22, 19)",1,-0.08
613,52,"(23, 19)",0,-0.08
613,53,"(23, 18)",0,-0.08
613,54,"(23, 17)",0,-0.08
613,55,"(23, 16)",0,-0.08
613,56,"(23, 15)",1,-0.08
613,57,"(24, 15)",1,-0.08
613,58,"(25, 15)",1,-0.08
613,59,"(26, 15)",1,-0.08
613,60,"(27, 15)",1,-0.08
613,61,"(28, 15)",1,-0.08
613,62,"(29, 15)",0,-0.08
613,63,"(29, 14)",0,-0.08
613,64,"(29, 13)",1,-0.08
613,65,"(30, 13)",1,-0.08
613,66,"(31, 13)",1,-0.08
613,67,"(32, 13)",1,-0.08
613,68,"(33, 13)",1,-0.08
613,69,"(34, 13)",1,-0.08
613,70,"(35, 13)",1,-0.08
613,71,"(36, 13)",0,-0.08
613,72,"(36, 12)",1,-0.08
613,73,"(37, 12)",1,-0.08
613,74,"(38, 12)",1,-0.08
613,75,"(39, 12)",0,-0.08
613,76,"(39, 11)",1,-0.08
613,77,"(40, 11)",1,-0.08
613,78,"(41, 11)",1,-0.08
613,79,"(42, 11)",1,-0.08
613,80,"(43, 11)",1,-0.08
613,81,"(44, 11)",1,-0.08
613,82,"(45, 11)",0,-0.08
613,83,"(45, 10)",0,-0.08
613,84,"(45, 9)",0,-0.08
613,85,"(45, 8)",1,-0.08
613,86,"(46, 8)",0,-0.08
613,87,"(46, 7)",1,-0.08
613,88,"(47, 7)",1,-0.08
613,89,"(48, 7)",1,-0.08
613,90,"(49, 7)",1,-0.08
613,91,"(50, 7)",1,-0.08
613,92,"(51, 7)",1,-0.08
613,93,"(52, 7)",1,-0.08
613,94,"(53, 7)",1,-0.08
613,95,"(54, 7)",1,-0.08
613,96,"(55, 7)",1,-0.08
613,97,"(56, 7)",1,-0.08
613,98,"(57, 7)",1,-0.08
613,99,"(58, 7)",1,-0.08
613,100,"(59, 7)",1,-0.08
613,101,"(60, 7)",1,-0.08
613,102,"(61, 7)",1,-0.08
613,103,"(62, 7)",1,-0.08
613,104,"(63, 7)",1,-0.08
613,105,"(64, 7)",1,-0.08
613,106,"(65, 7)",1,-0.08
613,107,"(66, 7)",1,-0.08
613,108,"(67, 7)",1,-0.08
613,109,"(68, 7)",1,-0.08
613,110,"(69, 7)",1,-0.08
613,111,"(70, 7)",0,-0.08
613,112,"(70, 6)",1,-0.08
613,113,"(71, 6)",1,-0.08
613,114,"(72, 6)",1,-0.08
613,115,"(73, 6)",0,-0.08
613,116,"(73, 5)",1,-0.08
613,117,"(74, 5)",1,-0.08
613,118,"(75, 5)",1,-0.08
613,119,"(76, 5)",1,-0.08
613,120,"(77, 5)",0,-0.08
613,121,"(77, 4)",0,-0.08
613,122,"(77, 3)",0,-0.08
613,123,"(77, 2)",0,-0.08
613,124,"(77, 1)",0,-0.08
613,125,"(77, 0)",1,-0.08
613,126,"(78, 0)",1,8.33
614,0,"(0, 39)",0,-0.08
614,1,"(0, 38)",1,-0.08
614,2,"(1, 38)",1,-8.33
614,3,"(1, 38)",0,-0.08
614,4,"(1, 37)",0,-8.33
614,5,"(1, 37)",3,-0.08
614,6,"(0, 37)",0,-0.08
614,7,"(0, 36)",0,-0.08
614,8,"(0, 35)",0,-0.08
614,9,"(0, 34)",1,-0.08
614,10,"(1, 34)",1,-0.08
614,11,"(2, 34)",0,-0.08
614,12,"(2, 33)",0,-0.08
614,13,"(2, 32)",0,-0.08
614,14,"(2, 31)",1,-0.08
614,15,"(3, 31)",0,-8.33
614,16,"(3, 31)",0,-8.33
614,17,"(3, 31)",2,-0.08
614,18,"(3, 32)",2,-0.08
614,19,"(3, 33)",1,-0.08
614,20,"(4, 33)",1,-0.08
614,21,"(5, 33)",1,-0.08
614,22,"(6, 33)",1,-0.08
614,23,"(7, 33)",0,-0.08
614,24,"(7, 32)",0,-0.08
614,25,"(7, 31)",1,-0.08
614,26,"(8, 31)",1,-0.08
614,27,"(9, 31)",0,-0.08
614,28,"(9, 30)",1,-0.08
614,29,"(10, 30)",0,-0.08
614,30,"(10, 29)",0,-0.08
614,31,"(10, 28)",0,-0.08
614,32,"(10, 27)",1,-0.08
614,33,"(11, 27)",1,-0.08
614,34,"(12, 27)",1,-0.08
614,35,"(13, 27)",1,-0.08
614,36,"(14, 27)",1,-0.08
614,37,"(15, 27)",1,-0.08
614,38,"(16, 27)",1,-0.08
614,39,"(17, 27)",1,-0.08
614,40,"(18, 27)",1,-0.08
614,41,"(19, 27)",1,-0.08
614,42,"(20, 27)",1,-0.08
614,43,"(21, 27)",0,-0.08
614,44,"(21, 26)",0,-0.08
614,45,"(21, 25)",1,-0.08
614,46,"(22, 25)",1,-0.08
614,47,"(23, 25)",0,-0.08
614,48,"(23, 24)",0,-0.08
614,49,"(23, 23)",1,-0.08
614,50,"(24, 23)",0,-0.08
614,51,"(24, 22)",0,-0.08
614,52,"(24, 21)",0,-0.08
614,53,"(24, 20)",1,-0.08
614,54,"(25, 20)",0,-0.08
614,55,"(25, 19)",0,-0.08
614,56,"(25, 18)",1,-0.08
614,57,"(26, 18)",1,-0.08
614,58,"(27, 18)",0,-0.08
614,59,"(27, 17)",0,-0.08
614,60,"(27, 16)",1,-0.08
614,61,"(28, 16)",1,-0.08
614,62,"(29, 16)",0,-0.08
614,63,"(29, 15)",0,-0.08
614,64,"(29, 14)",0,-0.08
614,65,"(29, 13)",1,-0.08
614,66,"(30, 13)",1,-0.08
614,67,"(31, 13)",1,-0.08
614,68,"(32, 13)",1,-0.08
614,69,"(33, 13)",1,-0.08
614,70,"(34, 13)",1,-0.08
614,71,"(35, 13)",1,-0.08
614,72,"(36, 13)",0,-0.08
614,73,"(36, 12)",1,-0.08
614,74,"(37, 12)",1,-0.08
614,75,"(38, 12)",1,-0.08
614,76,"(39, 12)",0,-0.08
614,77,"(39, 11)",1,-0.08
614,78,"(40, 11)",1,-0.08
614,79,"(41, 11)",1,-0.08
614,80,"(42, 11)",1,-0.08
614,81,"(43, 11)",1,-0.08
614,82,"(44, 11)",1,-0.08
614,83,"(45, 11)",0,-0.08
614,84,"(45, 10)",0,-0.08
614,85,"(45, 9)",0,-0.08
614,86,"(45, 8)",0,-0.08
614,87,"(45, 7)",1,-0.08
614,88,"(46, 7)",1,-0.08
614,89,"(47, 7)",1,-0.08
614,90,"(48, 7)",1,-0.08
614,91,"(49, 7)",1,-0.08
614,92,"(50, 7)",1,-0.08
614,93,"(51, 7)",1,-0.08
614,94,"(52, 7)",1,-0.08
614,95,"(53, 7)",1,-0.08
614,96,"(54, 7)",1,-0.08
614,97,"(55, 7)",1,-0.08
614,98,"(56, 7)",1,-0.08
614,99,"(57, 7)",1,-0.08
614,100,"(58, 7)",1,-0.08
614,101,"(59, 7)",1,-0.08
614,102,"(60, 7)",1,-0.08
614,103,"(61, 7)",1,-0.08
614,104,"(62, 7)",1,-0.08
614,105,"(63, 7)",1,-0.08
614,106,"(64, 7)",1,-0.08
614,107,"(65, 7)",1,-0.08
614,108,"(66, 7)",1,-0.08
614,109,"(67, 7)",1,-0.08
614,110,"(68, 7)",1,-0.08
614,111,"(69, 7)",0,-0.08
614,112,"(69, 6)",1,-0.08
614,113,"(70, 6)",1,-0.08
614,114,"(71, 6)",1,-0.08
614,115,"(72, 6)",1,-0.08
614,116,"(73, 6)",0,-0.08
614,117,"(73, 5)",1,-0.08
614,118,"(74, 5)",0,-0.08
614,119,"(74, 4)",0,-0.08
614,120,"(74, 3)",1,-0.08
614,121,"(75, 3)",1,-0.08
614,122,"(76, 3)",1,-0.08
614,123,"(77, 3)",0,-0.08
614,124,"(77, 2)",0,-0.08
614,125,"(77, 1)",1,-0.08
614,126,"(78, 1)",1,-0.08
614,127,"(79, 1)",0,8.33
615,0,"(0, 39)",1,-0.08
615,1,"(1, 39)",1,-0.08
615,2,"(2, 39)",0,-8.33
615,3,"(2, 39)",1,-0.08
615,4,"(3, 39)",0,-0.08
615,5,"(3, 38)",0,-0.08
615,6,"(3, 37)",1,-8.33
615,7,"(3, 37)",0,-0.08
615,8,"(3, 36)",0,-0.08
615,9,"(3, 35)",3,-0.08
615,10,"(2, 35)",0,-0.08
615,11,"(2, 34)",0,-0.08
615,12,"(2, 33)",1,-0.08
615,13,"(3, 33)",1,-0.08
615,14,"(4, 33)",1,-0.08
615,15,"(5, 33)",0,-0.08
615,16,"(5, 32)",0,-0.08
615,17,"(5, 31)",1,-0.08
615,18,"(6, 31)",1,-0.08
615,19,"(7, 31)",1,-0.08
615,20,"(8, 31)",0,-0.08
615,21,"(8, 30)",0,-0.08
615,22,"(8, 29)",1,-0.08
615,23,"(9, 29)",1,-0.08
615,24,"(10, 29)",0,-0.08
615,25,"(10, 28)",0,-0.08
615,26,"(10, 27)",1,-0.08
615,27,"(11, 27)",1,-0.08
615,28,"(12, 27)",1,-0.08
615,29,"(13, 27)",0,-0.08
615,30,"(13, 26)",0,-0.08
615,31,"(13, 25)",0,-0.08
615,32,"(13, 24)",1,-0.08
615,33,"(14, 24)",1,-8.33
615,34,"(14, 24)",0,-0.08
615,35,"(14, 23)",1,-0.08
615,36,"(15, 23)",1,-0.08
615,37,"(16, 23)",0,-0.08
615,38,"(16, 22)",1,-0.08
615,39,"(17, 22)",1,-0.08
615,40,"(18, 22)",1,-0.08
615,41,"(19, 22)",0,-0.08
615,42,"(19, 21)",1,-0.08
615,43,"(20, 21)",0,-0.08
615,44,"(20, 20)",0,-0.08
615,45,"(20, 19)",1,-0.08
615,46,"(21, 19)",0,-0.08
615,47,"(21, 18)",1,-8.33
615,48,"(21, 18)",0,-0.08
615,49,"(21, 17)",0,-0.08
615,50,"(21, 16)",0,-0.08
615,51,"(21, 15)",0,-0.08
615,52,"(21, 14)",0,-0.08
615,53,"(21, 13)",1,-0.08
615,54,"(22, 13)",0,-0.08
615,55,"(22, 12)",0,-0.08
615,56,"(22, 11)",0,-0.08
615,57,"(22, 10)",0,-0.08
615,58,"(22, 9)",1,-0.08
615,59,"(23, 9)",1,-0.08
615,60,"(24, 9)",1,-0.08
615,61,"(25, 9)",1,-0.08
615,62,"(26, 9)",1,-0.08
615,63,"(27, 9)",1,-0.08
615,64,"(28, 9)",1,-0.08
615,65,"(29, 9)",1,-0.08
615,66,"(30, 9)",1,-0.08
615,67,"(31, 9)",0,-0.08
615,68,"(31, 8)",1,-0.08
615,69,"(32, 8)",0,-0.08
615,70,"(32, 7)",1,-0.08
615,71,"(33, 7)",1,-0.08
615,72,"(34, 7)",1,-0.08
615,73,"(35, 7)",1,-0.08
615,74,"(36, 7)",1,-0.08
615,75,"(37, 7)",0,-0.08
615,76,"(37, 6)",1,-0.08
615,77,"(38, 6)",1,-0.08
615,78,"(39, 6)",1,-0.08
615,79,"(40, 6)",1,-0.08
615,80,"(41, 6)",1,-0.08
615,81,"(42, 6)",1,-0.08
615,82,"(43, 6)",1,-0.08
615,83,"(44, 6)",1,-0.08
615,84,"(45, 6)",0,-0.08
615,85,"(45, 5)",1,-0.08
615,86,"(46, 5)",1,-0.08
615,87,"(47, 5)",0,-0.08
615,88,"(47, 4)",0,-0.08
615,89,"(47, 3)",1,-0.08
615,90,"(48, 3)",1,-0.08
615,91,"(49, 3)",1,-0.08
615,92,"(50, 3)",1,-0.08
615,93,"(51, 3)",0,-0.08
615,94,"(51, 2)",1,-0.08
615,95,"(52, 2)",1,-0.08
615,96,"(53, 2)",0,-0.08
615,97,"(53, 1)",1,-0.08
615,98,"(54, 1)",1,-0.08
615,99,"(55, 1)",1,-0.08
615,100,"(56, 1)",1,-0.08
615,101,"(57, 1)",1,-0.08
615,102,"(58, 1)",1,-0.08
615,103,"(59, 1)",1,-0.08
615,104,"(60, 1)",1,-0.08
615,105,"(61, 1)",1,-0.08
615,106,"(62, 1)",1,-0.08
615,107,"(63, 1)",1,-0.08
615,108,"(64, 1)",1,-0.08
615,109,"(65, 1)",1,-0.08
615,110,"(66, 1)",1,-0.08
615,111,"(67, 1)",1,-0.08
615,112,"(68, 1)",1,-0.08
615,113,"(69, 1)",1,-0.08
615,114,"(70, 1)",1,-0.08
615,115,"(71, 1)",2,-0.08
615,116,"(71, 2)",1,-0.08
615,117,"(72, 2)",1,-0.08
615,118,"(73, 2)",0,-0.08
615,119,"(73, 1)",0,-0.08
615,120,"(73, 0)",1,-0.08
615,121,"(74, 0)",1,-0.08
615,122,"(75, 0)",1,-0.08
615,123,"(76, 0)",1,-0.08
615,124,"(77, 0)",1,-0.08
615,125,"(78, 0)",1,8.33
616,0,"(0, 39)",0,-0.08
616,1,"(0, 38)",0,-0.08
616,2,"(0, 37)",1,-0.08
616,3,"(1, 37)",0,-8.33
616,4,"(1, 37)",3,-0.08
616,5,"(0, 37)",0,-0.08
616,6,"(0, 36)",0,-0.08
616,7,"(0, 35)",1,-0.08
616,8,"(1, 35)",1,-0.08
616,9,"(2, 35)",0,-0.08
616,10,"(2, 34)",0,-0.08
616,11,"(2, 33)",0,-0.08
616,12,"(2, 32)",0,-0.08
616,13,"(2, 31)",1,-0.08
616,14,"(3, 31)",0,-8.33
616,15,"(3, 31)",0,-8.33
616,16,"(3, 31)",3,-0.08
616,17,"(2, 31)",3,-0.08
616,18,"(1, 31)",0,-0.08
616,19,"(1, 30)",0,-0.08
616,20,"(1, 29)",0,-0.08
616,21,"(1, 28)",0,-0.08
616,22,"(1, 27)",0,-0.08
616,23,"(1, 26)",1,-0.08
616,24,"(2, 26)",0,-0.08
616,25,"(2, 25)",1,-0.08
616,26,"(3, 25)",1,-0.08
616,27,"(4, 25)",1,-0.08
616,28,"(5, 25)",1,-0.08
616,29,"(6, 25)",1,-0.08
616,30,"(7, 25)",1,-0.08
616,31,"(8, 25)",1,-0.08
616,32,"(9, 25)",0,-0.08
616,33,"(9, 24)",1,-0.08
616,34,"(10, 24)",1,-0.08
616,35,"(11, 24)",1,-0.08
616,36,"(12, 24)",1,-0.08
616,37,"(13, 24)",0,-0.08
616,38,"(13, 23)",1,-0.08
616,39,"(14, 23)",1,-0.08
616,40,"(15, 23)",1,-0.08
616,41,"(16, 23)",0,-0.08
616,42,"(16, 22)",1,-0.08
616,43,"(17, 22)",1,-0.08
616,44,"(18, 22)",1,-0.08
616,45,"(19, 22)",1,-0.08
616,46,"(20, 22)",1,-0.08
616,47,"(21, 22)",0,-0.08
616,48,"(21, 21)",0,-0.08
616,49,"(21, 20)",0,-0.08
616,50,"(21, 19)",1,-0.08
616,51,"(22, 19)",1,-0.08
616,52,"(23, 19)",0,-0.08
616,53,"(23, 18)",0,-0.08
616,54,"(23, 17)",1,-0.08
616,55,"(24, 17)",1,-0.08
616,56,"(25, 17)",1,-0.08
616,57,"(26, 17)",1,-0.08
616,58,"(27, 17)",0,-0.08
616,59,"(27, 16)",1,-0.08
616,60,"(28, 16)",0,-0.08
616,61,"(28, 15)",1,-0.08
616,62,"(29, 15)",1,-0.08
616,63,"(30, 15)",1,-0.08
616,64,"(31, 15)",1,-0.08
616,65,"(32, 15)",0,-0.08
616,66,"(32, 14)",0,-0.08
616,67,"(32, 13)",1,-0.08
616,68,"(33, 13)",1,-0.08
616,69,"(34, 13)",1,-0.08
616,70,"(35, 13)",1,-0.08
616,71,"(36, 13)",1,-0.08
616,72,"(37, 13)",0,-0.08
616,73,"(37, 12)",1,-0.08
616,74,"(38, 12)",1,-0.08
616,75,"(39, 12)",0,-0.08
616,76,"(39, 11)",1,-0.08
616,77,"(40, 11)",1,-0.08
616,78,"(41, 11)",1,-0.08
616,79,"(42, 11)",1,-0.08
616,80,"(43, 11)",1,-0.08
616,81,"(44, 11)",1,-0.08
616,82,"(45, 11)",0,-0.08
616,83,"(45, 10)",1,-0.08
616,84,"(46, 10)",1,-0.08
616,85,"(47, 10)",1,-0.08
616,86,"(48, 10)",1,-0.08
616,87,"(49, 10)",1,-0.08
616,88,"(50, 10)",0,-0.08
616,89,"(50, 9)",0,-0.08
616,90,"(50, 8)",0,-0.08
616,91,"(50, 7)",1,-0.08
616,92,"(51, 7)",1,-0.08
616,93,"(52, 7)",1,-0.08
616,94,"(53, 7)",1,-0.08
616,95,"(54, 7)",1,-0.08
616,96,"(55, 7)",1,-0.08
616,97,"(56, 7)",1,-0.08
616,98,"(57, 7)",1,-0.08
616,99,"(58, 7)",1,-0.08
616,100,"(59, 7)",1,-0.08
616,101,"(60, 7)",1,-0.08
616,102,"(61, 7)",1,-0.08
616,103,"(62, 7)",1,-0.08
616,104,"(63, 7)",1,-0.08
616,105,"(64, 7)",1,-0.08
616,106,"(65, 7)",1,-0.08
616,107,"(66, 7)",1,-0.08
616,108,"(67, 7)",1,-0.08
616,109,"(68, 7)",1,-0.08
616,110,"(69, 7)",1,-0.08
616,111,"(70, 7)",0,-0.08
616,112,"(70, 6)",1,-0.08
616,113,"(71, 6)",0,-0.08
616,114,"(71, 5)",1,-0.08
616,115,"(72, 5)",1,-0.08
616,116,"(73, 5)",1,-0.08
616,117,"(74, 5)",0,-0.08
616,118,"(74, 4)",0,-0.08
616,119,"(74, 3)",1,-0.08
616,120,"(75, 3)",1,-0.08
616,121,"(76, 3)",1,-0.08
616,122,"(77, 3)",0,-0.08
616,123,"(77, 2)",0,-0.08
616,124,"(77, 1)",1,-0.08
616,125,"(78, 1)",1,-0.08
616,126,"(79, 1)",0,8.33
617,0,"(0, 39)",1,-0.08
617,1,"(1, 39)",0,-0.08
617,2,"(1, 38)",0,-0.08
617,3,"(1, 37)",1,-8.33
617,4,"(1, 37)",0,-8.33
617,5,"(1, 37)",3,-0.08
617,6,"(0, 37)",0,-0.08
617,7,"(0, 36)",0,-0.08
617,8,"(0, 35)",0,-0.08
617,9,"(0, 34)",0,-0.08
617,10,"(0, 33)",1,-0.08
617,11,"(1, 33)",1,-0.08
617,12,"(2, 33)",0,-0.08
617,13,"(2, 32)",1,-0.08
617,14,"(3, 32)",0,-0.08
617,15,"(3, 31)",0,-8.33
617,16,"(3, 31)",0,-8.33
617,17,"(3, 31)",2,-0.08
617,18,"(3, 32)",2,-0.08
617,19,"(3, 33)",1,-0.08
617,20,"(4, 33)",1,-0.08
617,21,"(5, 33)",1,-0.08
617,22,"(6, 33)",1,-0.08
617,23,"(7, 33)",0,-0.08
617,24,"(7, 32)",0,-0.08
617,25,"(7, 31)",1,-0.08
617,26,"(8, 31)",0,-0.08
617,27,"(8, 30)",1,-0.08
617,28,"(9, 30)",1,-0.08
617,29,"(10, 30)",0,-0.08
617,30,"(10, 29)",0,-0.08
617,31,"(10, 28)",0,-0.08
617,32,"(10, 27)",1,-0.08
617,33,"(11, 27)",1,-0.08
617,34,"(12, 27)",0,-0.08
617,35,"(12, 26)",1,-0.08
617,36,"(13, 26)",0,-0.08
617,37,"(13, 25)",1,-0.08
617,38,"(14, 25)",1,-0.08
617,39,"(15, 25)",1,-0.08
617,40,"(16, 25)",1,-0.08
617,41,"(17, 25)",0,-0.08
617,42,"(17, 24)",0,-0.08
617,43,"(17, 23)",0,-0.08
617,44,"(17, 22)",1,-0.08
617,45,"(18, 22)",1,-0.08
617,46,"(19, 22)",0,-0.08
617,47,"(19, 21)",0,-0.08
617,48,"(19, 20)",1,-0.08
617,49,"(20, 20)",0,-0.08
617,50,"(20, 19)",1,-0.08
617,51,"(21, 19)",1,-0.08
617,52,"(22, 19)",1,-0.08
617,53,"(23, 19)",0,-0.08
617,54,"(23, 18)",0,-0.08
617,55,"(23, 17)",0,-0.08
617,56,"(23, 16)",0,-0.08
617,57,"(23, 15)",1,-0.08
617,58,"(24, 15)",1,-0.08
617,59,"(25, 15)",1,-0.08
617,60,"(26, 15)",1,-0.08
617,61,"(27, 15)",1,-0.08
617,62,"(28, 15)",1,-0.08
617,63,"(29, 15)",1,-0.08
617,64,"(30, 15)",1,-0.08
617,65,"(31, 15)",1,-0.08
617,66,"(32, 15)",0,-0.08
617,67,"(32, 14)",0,-0.08
617,68,"(32, 13)",1,-0.08
617,69,"(33, 13)",1,-0.08
617,70,"(34, 13)",1,-0.08
617,71,"(35, 13)",0,-0.08
617,72,"(35, 12)",1,-0.08
617,73,"(36, 12)",1,-0.08
617,74,"(37, 12)",1,-0.08
617,75,"(38, 12)",1,-0.08
617,76,"(39, 12)",0,-0.08
617,77,"(39, 11)",1,-0.08
617,78,"(40, 11)",1,-0.08
617,79,"(41, 11)",1,-0.08
617,80,"(42, 11)",1,-0.08
617,81,"(43, 11)",1,-0.08
617,82,"(44, 11)",1,-0.08
617,83,"(45, 11)",0,-0.08
617,84,"(45, 10)",0,-0.08
617,85,"(45, 9)",0,-0.08
617,86,"(45, 8)",1,-0.08
617,87,"(46, 8)",0,-0.08
617,88,"(46, 7)",1,-0.08
617,89,"(47, 7)",1,-0.08
617,90,"(48, 7)",1,-0.08
617,91,"(49, 7)",1,-0.08
617,92,"(50, 7)",1,-0.08
617,93,"(51, 7)",1,-0.08
617,94,"(52, 7)",1,-0.08
617,95,"(53, 7)",1,-0.08
617,96,"(54, 7)",1,-0.08
617,97,"(55, 7)",1,-0.08
617,98,"(56, 7)",1,-0.08
617,99,"(57, 7)",1,-0.08
617,100,"(58, 7)",1,-0.08
617,101,"(59, 7)",1,-0.08
617,102,"(60, 7)",1,-0.08
617,103,"(61, 7)",1,-0.08
617,104,"(62, 7)",1,-0.08
617,105,"(63, 7)",1,-0.08
617,106,"(64, 7)",1,-0.08
617,107,"(65, 7)",1,-0.08
617,108,"(66, 7)",1,-0.08
617,109,"(67, 7)",1,-0.08
617,110,"(68, 7)",1,-0.08
617,111,"(69, 7)",1,-0.08
617,112,"(70, 7)",0,-0.08
617,113,"(70, 6)",1,-0.08
617,114,"(71, 6)",1,-0.08
617,115,"(72, 6)",0,-0.08
617,116,"(72, 5)",1,-0.08
617,117,"(73, 5)",1,-0.08
617,118,"(74, 5)",1,-0.08
617,119,"(75, 5)",1,-0.08
617,120,"(76, 5)",1,-0.08
617,121,"(77, 5)",0,-0.08
617,122,"(77, 4)",0,-0.08
617,123,"(77, 3)",0,-0.08
617,124,"(77, 2)",0,-0.08
617,125,"(77, 1)",1,-0.08
617,126,"(78, 1)",0,-0.08
617,127,"(78, 0)",1,8.33
618,0,"(0, 39)",1,-0.08
618,1,"(1, 39)",1,-0.08
618,2,"(2, 39)",1,-0.08
618,3,"(3, 39)",1,-0.08
618,4,"(4, 39)",1,-0.08
618,5,"(5, 39)",1,-0.08
618,6,"(6, 39)",1,-0.08
618,7,"(7, 39)",0,-0.08
618,8,"(7, 38)",0,-0.08
618,9,"(7, 37)",0,-0.08
618,10,"(7, 36)",1,-0.08
618,11,"(8, 36)",0,-0.08
618,12,"(8, 35)",1,-0.08
618,13,"(9, 35)",1,-8.33
618,14,"(9, 35)",0,-8.33
618,15,"(9, 35)",2,-0.08
618,16,"(9, 36)",1,-0.08
618,17,"(10, 36)",2,-0.08
618,18,"(10, 37)",1,-0.08
618,19,"(11, 37)",1,-0.08
618,20,"(12, 37)",1,-0.08
618,21,"(13, 37)",1,-0.08
618,22,"(14, 37)",1,-0.08
618,23,"(15, 37)",1,-0.08
618,24,"(16, 37)",0,-0.08
618,25,"(16, 36)",1,-0.08
618,26,"(17, 36)",0,-0.08
618,27,"(17, 35)",0,-0.08
618,28,"(17, 34)",1,-0.08
618,29,"(18, 34)",0,-0.08
618,30,"(18, 33)",1,-0.08
618,31,"(19, 33)",0,-0.08
618,32,"(19, 32)",0,-0.08
618,33,"(19, 31)",0,-0.08
618,34,"(19, 30)",0,-0.08
618,35,"(19, 29)",1,-0.08
618,36,"(20, 29)",0,-0.08
618,37,"(20, 28)",1,-0.08
618,38,"(21, 28)",0,-0.08
618,39,"(21, 27)",0,-0.08
618,40,"(21, 26)",0,-0.08
618,41,"(21, 25)",1,-0.08
618,42,"(22, 25)",1,-0.08
618,43,"(23, 25)",1,-0.08
618,44,"(24, 25)",0,-0.08
618,45,"(24, 24)",1,-0.08
618,46,"(25, 24)",0,-0.08
618,47,"(25, 23)",0,-0.08
618,48,"(25, 22)",0,-0.08
618,49,"(25, 21)",0,-0.08
618,50,"(25, 20)",0,-0.08
618,51,"(25, 19)",0,-0.08
618,52,"(25, 18)",1,-0.08
618,53,"(26, 18)",0,-0.08
618,54,"(26, 17)",1,-0.08
618,55,"(27, 17)",0,-0.08
618,56,"(27, 16)",1,-0.08
618,57,"(28, 16)",0,-0.08
618,58,"(28, 15)",1,-0.08
618,59,"(29, 15)",0,-0.08
618,60,"(29, 14)",0,-0.08
618,61,"(29, 13)",1,-0.08
618,62,"(30, 13)",1,-0.08
618,63,"(31, 13)",1,-0.08
618,64,"(32, 13)",1,-0.08
618,65,"(33, 13)",1,-0.08
618,66,"(34, 13)",1,-0.08
618,67,"(35, 13)",1,-0.08
618,68,"(36, 13)",0,-0.08
618,69,"(36, 12)",1,-0.08
618,70,"(37, 12)",1,-0.08
618,71,"(38, 12)",1,-0.08
618,72,"(39, 12)",0,-0.08
618,73,"(39, 11)",1,-0.08
618,74,"(40, 11)",1,-0.08
618,75,"(41, 11)",1,-0.08
618,76,"(42, 11)",1,-0.08
618,77,"(43, 11)",1,-0.08
618,78,"(44, 11)",1,-0.08
618,79,"(45, 11)",0,-0.08
618,80,"(45, 10)",0,-0.08
618,81,"(45, 9)",0,-0.08
618,82,"(45, 8)",0,-0.08
618,83,"(45, 7)",1,-0.08
618,84,"(46, 7)",1,-0.08
618,85,"(47, 7)",1,-0.08
618,86,"(48, 7)",1,-0.08
618,87,"(49, 7)",1,-0.08
618,88,"(50, 7)",1,-0.08
618,89,"(51, 7)",1,-0.08
618,90,"(52, 7)",1,-0.08
618,91,"(53, 7)",1,-0.08
618,92,"(54, 7)",1,-0.08
618,93,"(55, 7)",1,-0.08
618,94,"(56, 7)",1,-0.08
618,95,"(57, 7)",1,-0.08
618,96,"(58, 7)",1,-0.08
618,97,"(59, 7)",1,-0.08
618,98,"(60, 7)",1,-0.08
618,99,"(61, 7)",1,-0.08
618,100,"(62, 7)",1,-0.08
618,101,"(63, 7)",1,-0.08
618,102,"(64, 7)",1,-0.08
618,103,"(65, 7)",1,-0.08
618,104,"(66, 7)",1,-0.08
618,105,"(67, 7)",1,-0.08
618,106,"(68, 7)",1,-0.08
618,107,"(69, 7)",0,-0.08
618,108,"(69, 6)",1,-0.08
618,109,"(70, 6)",1,-0.08
618,110,"(71, 6)",0,-0.08
618,111,"(71, 5)",1,-0.08
618,112,"(72, 5)",1,-0.08
618,113,"(73, 5)",1,-0.08
618,114,"(74, 5)",1,-0.08
618,115,"(75, 5)",0,-0.08
618,116,"(75, 4)",0,-0.08
618,117,"(75, 3)",1,-0.08
618,118,"(76, 3)",1,-0.08
618,119,"(77, 3)",1,-8.33
618,120,"(77, 3)",0,-0.08
618,121,"(77, 2)",0,-0.08
618,122,"(77, 1)",0,-0.08
618,123,"(77, 0)",1,-0.08
618,124,"(78, 0)",1,8.33
619,0,"(0, 39)",1,-0.08
619,1,"(1, 39)",0,-0.08
619,2,"(1, 38)",0,-0.08
619,3,"(1, 37)",1,-8.33
619,4,"(1, 37)",0,-8.33
619,5,"(1, 37)",3,-0.08
619,6,"(0, 37)",0,-0.08
619,7,"(0, 36)",0,-0.08
619,8,"(0, 35)",1,-0.08
619,9,"(1, 35)",1,-0.08
619,10,"(2, 35)",0,-0.08
619,11,"(2, 34)",0,-0.08
619,12,"(2, 33)",1,-0.08
619,13,"(3, 33)",1,-0.08
619,14,"(4, 33)",1,-0.08
619,15,"(5, 33)",1,-0.08
619,16,"(6, 33)",1,-0.08
619,17,"(7, 33)",0,-0.08
619,18,"(7, 32)",1,-0.08
619,19,"(8, 32)",0,-0.08
619,20,"(8, 31)",1,-0.08
619,21,"(9, 31)",0,-0.08
619,22,"(9, 30)",1,-0.08
619,23,"(10, 30)",0,-0.08
619,24,"(10, 29)",0,-0.08
619,25,"(10, 28)",0,-0.08
619,26,"(10, 27)",1,-0.08
619,27,"(11, 27)",1,-0.08
619,28,"(12, 27)",1,-0.08
619,29,"(13, 27)",1,-0.08
619,30,"(14, 27)",1,-0.08
619,31,"(15, 27)",0,-0.08
619,32,"(15, 26)",1,-0.08
619,33,"(16, 26)",0,-0.08
619,34,"(16, 25)",1,-0.08
619,35,"(17, 25)",0,-0.08
619,36,"(17, 24)",0,-0.08
619,37,"(17, 23)",1,-0.08
619,38,"(18, 23)",0,-0.08
619,39,"(18, 22)",1,-0.08
619,40,"(19, 22)",0,-0.08
619,41,"(19, 21)",1,-0.08
619,42,"(20, 21)",1,-0.08
619,43,"(21, 21)",0,-0.08
619,44,"(21, 20)",1,-0.08
619,45,"(22, 20)",0,-0.08
619,46,"(22, 19)",0,-8.33
619,47,"(22, 19)",1,-0.08
619,48,"(23, 19)",0,-0.08
619,49,"(23, 18)",0,-0.08
619,50,"(23, 17)",0,-0.08
619,51,"(23, 16)",0,-0.08
619,52,"(23, 15)",1,-0.08
619,53,"(24, 15)",1,-0.08
619,54,"(25, 15)",1,-0.08
619,55,"(26, 15)",1,-0.08
619,56,"(27, 15)",0,-0.08
619,57,"(27, 14)",0,-0.08
619,58,"(27, 13)",1,-0.08
619,59,"(28, 13)",1,-0.08
619,60,"(29, 13)",1,-0.08
619,61,"(30, 13)",1,-0.08
619,62,"(31, 13)",1,-0.08
619,63,"(32, 13)",1,-0.08
619,64,"(33, 13)",1,-0.08
619,65,"(34, 13)",1,-0.08
619,66,"(35, 13)",0,-0.08
619,67,"(35, 12)",1,-0.08
619,68,"(36, 12)",1,-0.08
619,69,"(37, 12)",1,-0.08
619,70,"(38, 12)",1,-0.08
619,71,"(39, 12)",0,-0.08
619,72,"(39, 11)",1,-0.08
619,73,"(40, 11)",1,-0.08
619,74,"(41, 11)",1,-0.08
619,75,"(42, 11)",1,-0.08
619,76,"(43, 11)",1,-0.08
619,77,"(44, 11)",1,-0.08
619,78,"(45, 11)",0,-0.08
619,79,"(45, 10)",0,-0.08
619,80,"(45, 9)",0,-0.08
619,81,"(45, 8)",0,-0.08
619,82,"(45, 7)",1,-0.08
619,83,"(46, 7)",1,-0.08
619,84,"(47, 7)",1,-0.08
619,85,"(48, 7)",1,-0.08
619,86,"(49, 7)",1,-0.08
619,87,"(50, 7)",1,-0.08
619,88,"(51, 7)",1,-0.08
619,89,"(52, 7)",1,-0.08
619,90,"(53, 7)",1,-0.08
619,91,"(54, 7)",1,-0.08
619,92,"(55, 7)",1,-0.08
619,93,"(56, 7)",1,-0.08
619,94,"(57, 7)",1,-0.08
619,95,"(58, 7)",1,-0.08
619,96,"(59, 7)",1,-0.08
619,97,"(60, 7)",1,-0.08
619,98,"(61, 7)",1,-0.08
619,99,"(62, 7)",1,-0.08
619,100,"(63, 7)",1,-0.08
619,101,"(64, 7)",1,-0.08
619,102,"(65, 7)",1,-0.08
619,103,"(66, 7)",1,-0.08
619,104,"(67, 7)",1,-0.08
619,105,"(68, 7)",1,-0.08
619,106,"(69, 7)",1,-0.08
619,107,"(70, 7)",1,-0.08
619,108,"(71, 7)",0,-0.08
619,109,"(71, 6)",0,-0.08
619,110,"(71, 5)",1,-0.08
619,111,"(72, 5)",1,-0.08
619,112,"(73, 5)",1,-0.08
619,113,"(74, 5)",1,-0.08
619,114,"(75, 5)",1,-0.08
619,115,"(76, 5)",1,-0.08
619,116,"(77, 5)",0,-0.08
619,117,"(77, 4)",0,-0.08
619,118,"(77, 3)",0,-0.08
619,119,"(77, 2)",0,-0.08
619,120,"(77, 1)",1,-0.08
619,121,"(78, 1)",0,-0.08
619,122,"(78, 0)",1,8.33
620,0,"(0, 39)",0,-0.08
620,1,"(0, 38)",0,-0.08
620,2,"(0, 37)",0,-0.08
620,3,"(0, 36)",1,-8.33
620,4,"(0, 36)",0,-0.08
620,5,"(0, 35)",0,-0.08
620,6,"(0, 34)",1,-0.08
620,7,"(1, 34)",0,-0.08
620,8,"(1, 33)",0,-0.08
620,9,"(1, 32)",1,-0.08
620,10,"(2, 32)",0,-0.08
620,11,"(2, 31)",1,-0.08
620,12,"(3, 31)",0,-8.33
620,13,"(3, 31)",0,-8.33
620,14,"(3, 31)",3,-0.08
620,15,"(2, 31)",3,-0.08
620,16,"(1, 31)",0,-0.08
620,17,"(1, 30)",0,-0.08
620,18,"(1, 29)",1,-0.08
620,19,"(2, 29)",1,-0.08
620,20,"(3, 29)",1,-0.08
620,21,"(4, 29)",1,-0.08
620,22,"(5, 29)",1,-0.08
620,23,"(6, 29)",1,-0.08
620,24,"(7, 29)",1,-0.08
620,25,"(8, 29)",0,-0.08
620,26,"(8, 28)",0,-0.08
620,27,"(8, 27)",1,-0.08
620,28,"(9, 27)",1,-0.08
620,29,"(10, 27)",1,-0.08
620,30,"(11, 27)",1,-0.08
620,31,"(12, 27)",1,-0.08
620,32,"(13, 27)",0,-0.08
620,33,"(13, 26)",0,-0.08
620,34,"(13, 25)",1,-0.08
620,35,"(14, 25)",0,-0.08
620,36,"(14, 24)",0,-0.08
620,37,"(14, 23)",1,-0.08
620,38,"(15, 23)",1,-0.08
620,39,"(16, 23)",0,-0.08
620,40,"(16, 22)",1,-0.08
620,41,"(17, 22)",1,-0.08
620,42,"(18, 22)",1,-0.08
620,43,"(19, 22)",0,-0.08
620,44,"(19, 21)",1,-0.08
620,45,"(20, 21)",1,-0.08
620,46,"(21, 21)",1,-0.08
620,47,"(22, 21)",0,-0.08
620,48,"(22, 20)",0,-0.08
620,49,"(22, 19)",1,-0.08
620,50,"(23, 19)",0,-0.08
620,51,"(23, 18)",0,-0.08
620,52,"(23, 17)",1,-0.08
620,53,"(24, 17)",1,-0.08
620,54,"(25, 17)",1,-0.08
620,55,"(26, 17)",1,-0.08
620,56,"(27, 17)",0,-0.08
620,57,"(27, 16)",1,-0.08
620,58,"(28, 16)",1,-0.08
620,59,"(29, 16)",0,-0.08
620,60,"(29, 15)",0,-0.08
620,61,"(29, 14)",0,-0.08
620,62,"(29, 13)",1,-0.08
620,63,"(30, 13)",1,-0.08
620,64,"(31, 13)",1,-0.08
620,65,"(32, 13)",1,-0.08
620,66,"(33, 13)",1,-0.08
620,67,"(34, 13)",1,-0.08
620,68,"(35, 13)",0,-0.08
620,69,"(35, 12)",1,-0.08
620,70,"(36, 12)",1,-0.08
620,71,"(37, 12)",1,-0.08
620,72,"(38, 12)",1,-0.08
620,73,"(39, 12)",0,-0.08
620,74,"(39, 11)",1,-0.08
620,75,"(40, 11)",1,-0.08
620,76,"(41, 11)",1,-0.08
620,77,"(42, 11)",1,-0.08
620,78,"(43, 11)",1,-0.08
620,79,"(44, 11)",1,-0.08
620,80,"(45, 11)",0,-0.08
620,81,"(45, 10)",0,-0.08
620,82,"(45, 9)",0,-0.08
620,83,"(45, 8)",1,-0.08
620,84,"(46, 8)",0,-0.08
620,85,"(46, 7)",1,-0.08
620,86,"(47, 7)",1,-0.08
620,87,"(48, 7)",1,-0.08
620,88,"(49, 7)",1,-0.08
620,89,"(50, 7)",1,-0.08
620,90,"(51, 7)",1,-0.08
620,91,"(52, 7)",1,-0.08
620,92,"(53, 7)",1,-0.08
620,93,"(54, 7)",1,-0.08
620,94,"(55, 7)",1,-0.08
620,95,"(56, 7)",1,-0.08
620,96,"(57, 7)",1,-0.08
620,97,"(58, 7)",1,-0.08
620,98,"(59, 7)",1,-0.08
620,99,"(60, 7)",1,-0.08
620,100,"(61, 7)",1,-0.08
620,101,"(62, 7)",1,-0.08
620,102,"(63, 7)",1,-0.08
620,103,"(64, 7)",1,-0.08
620,104,"(65, 7)",1,-0.08
620,105,"(66, 7)",1,-0.08
620,106,"(67, 7)",1,-0.08
620,107,"(68, 7)",1,-0.08
620,108,"(69, 7)",1,-0.08
620,109,"(70, 7)",1,-0.08
620,110,"(71, 7)",0,-0.08
620,111,"(71, 6)",0,-0.08
620,112,"(71, 5)",1,-0.08
620,113,"(72, 5)",1,-0.08
620,114,"(73, 5)",1,-0.08
620,115,"(74, 5)",1,-0.08
620,116,"(75, 5)",1,-0.08
620,117,"(76, 5)",1,-0.08
620,118,"(77, 5)",0,-0.08
620,119,"(77, 4)",0,-0.08
620,120,"(77, 3)",0,-0.08
620,121,"(77, 2)",0,-0.08
620,122,"(77, 1)",0,-0.08
620,123,"(77, 0)",1,-0.08
620,124,"(78, 0)",1,8.33
621,0,"(0, 39)",1,-0.08
621,1,"(1, 39)",1,-0.08
621,2,"(2, 39)",1,-0.08
621,3,"(3, 39)",1,-0.08
621,4,"(4, 39)",0,-8.33
621,5,"(4, 39)",1,-0.08
621,6,"(5, 39)",1,-0.08
621,7,"(6, 39)",0,-8.33
621,8,"(6, 39)",1,-0.08
621,9,"(7, 39)",0,-0.08
621,10,"(7, 38)",0,-0.08
621,11,"(7, 37)",0,-0.08
621,12,"(7, 36)",0,-0.08
621,13,"(7, 35)",0,-0.08
621,14,"(7, 34)",0,-0.08
621,15,"(7, 33)",1,-0.08
621,16,"(8, 33)",0,-0.08
621,17,"(8, 32)",1,-0.08
621,18,"(9, 32)",0,-0.08
621,19,"(9, 31)",0,-0.08
621,20,"(9, 30)",0,-0.08
621,21,"(9, 29)",1,-0.08
621,22,"(10, 29)",0,-0.08
621,23,"(10, 28)",0,-0.08
621,24,"(10, 27)",1,-0.08
621,25,"(11, 27)",1,-0.08
621,26,"(12, 27)",1,-0.08
621,27,"(13, 27)",0,-0.08
621,28,"(13, 26)",0,-0.08
621,29,"(13, 25)",1,-0.08
621,30,"(14, 25)",1,-0.08
621,31,"(15, 25)",1,-0.08
621,32,"(16, 25)",1,-0.08
621,33,"(17, 25)",0,-0.08
621,34,"(17, 24)",1,-8.33
621,35,"(17, 24)",0,-0.08
621,36,"(17, 23)",0,-0.08
621,37,"(17, 22)",1,-0.08
621,38,"(18, 22)",1,-0.08
621,39,"(19, 22)",1,-0.08
621,40,"(20, 22)",1,-0.08
621,41,"(21, 22)",0,-0.08
621,42,"(21, 21)",1,-0.08
621,43,"(22, 21)",1,-0.08
621,44,"(23, 21)",1,-0.08
621,45,"(24, 21)",1,-0.08
621,46,"(25, 21)",0,-0.08
621,47,"(25, 20)",0,-0.08
621,48,"(25, 19)",0,-0.08
621,49,"(25, 18)",1,-0.08
621,50,"(26, 18)",0,-0.08
621,51,"(26, 17)",1,-0.08
621,52,"(27, 17)",0,-0.08
621,53,"(27, 16)",1,-0.08
621,54,"(28, 16)",0,-0.08
621,55,"(28, 15)",1,-0.08
621,56,"(29, 15)",0,-0.08
621,57,"(29, 14)",0,-0.08
621,58,"(29, 13)",1,-0.08
621,59,"(30, 13)",1,-0.08
621,60,"(31, 13)",1,-0.08
621,61,"(32, 13)",1,-0.08
621,62,"(33, 13)",1,-0.08
621,63,"(34, 13)",1,-0.08
621,64,"(35, 13)",1,-0.08
621,65,"(36, 13)",1,-0.08
621,66,"(37, 13)",0,-0.08
621,67,"(37, 12)",1,-0.08
621,68,"(38, 12)",1,-0.08
621,69,"(39, 12)",0,-0.08
621,70,"(39, 11)",1,-0.08
621,71,"(40, 11)",1,-0.08
621,72,"(41, 11)",1,-0.08
621,73,"(42, 11)",1,-0.08
621,74,"(43, 11)",1,-0.08
621,75,"(44, 11)",1,-0.08
621,76,"(45, 11)",0,-0.08
621,77,"(45, 10)",1,-0.08
621,78,"(46, 10)",1,-0.08
621,79,"(47, 10)",1,-0.08
621,80,"(48, 10)",1,-0.08
621,81,"(49, 10)",1,-0.08
621,82,"(50, 10)",0,-0.08
621,83,"(50, 9)",1,-0.08
621,84,"(51, 9)",1,-0.08
621,85,"(52, 9)",1,-0.08
621,86,"(53, 9)",1,-0.08
621,87,"(54, 9)",1,-0.08
621,88,"(55, 9)",1,-0.08
621,89,"(56, 9)",1,-0.08
621,90,"(57, 9)",0,-0.08
621,91,"(57, 8)",1,-0.08
621,92,"(58, 8)",0,-0.08
621,93,"(58, 7)",1,-0.08
621,94,"(59, 7)",1,-0.08
621,95,"(60, 7)",1,-0.08
621,96,"(61, 7)",1,-0.08
621,97,"(62, 7)",1,-0.08
621,98,"(63, 7)",1,-0.08
621,99,"(64, 7)",1,-0.08
621,100,"(65, 7)",1,-0.08
621,101,"(66, 7)",1,-0.08
621,102,"(67, 7)",1,-0.08
621,103,"(68, 7)",1,-0.08
621,104,"(69, 7)",0,-0.08
621,105,"(69, 6)",1,-0.08
621,106,"(70, 6)",1,-0.08
621,107,"(71, 6)",1,-0.08
621,108,"(72, 6)",1,-0.08
621,109,"(73, 6)",1,-0.08
621,110,"(74, 6)",0,-0.08
621,111,"(74, 5)",1,-0.08
621,112,"(75, 5)",0,-0.08
621,113,"(75, 4)",0,-0.08
621,114,"(75, 3)",1,-0.08
621,115,"(76, 3)",0,-0.08
621,116,"(76, 2)",0,-0.08
621,117,"(76, 1)",0,-0.08
621,118,"(76, 0)",1,-0.08
621,119,"(77, 0)",1,-0.08
621,120,"(78, 0)",1,8.33
622,0,"(0, 39)",1,-0.08
622,1,"(1, 39)",0,-0.08
622,2,"(1, 38)",0,-0.08
622,3,"(1, 37)",0,-8.33
622,4,"(1, 37)",3,-0.08
622,5,"(0, 37)",0,-0.08
622,6,"(0, 36)",0,-0.08
622,7,"(0, 35)",1,-0.08
622,8,"(1, 35)",0,-0.08
622,9,"(1, 34)",0,-0.08
622,10,"(1, 33)",1,-0.08
622,11,"(2, 33)",0,-0.08
622,12,"(2, 32)",1,-0.08
622,13,"(3, 32)",0,-0.08
622,14,"(3, 31)",0,-8.33
622,15,"(3, 31)",0,-8.33
622,16,"(3, 31)",3,-0.08
622,17,"(2, 31)",3,-0.08
622,18,"(1, 31)",0,-0.08
622,19,"(1, 30)",0,-0.08
622,20,"(1, 29)",0,-0.08
622,21,"(1, 28)",0,-0.08
622,22,"(1, 27)",0,-0.08
622,23,"(1, 26)",1,-0.08
622,24,"(2, 26)",1,-0.08
622,25,"(3, 26)",0,-0.08
622,26,"(3, 25)",1,-0.08
622,27,"(4, 25)",1,-0.08
622,28,"(5, 25)",1,-0.08
622,29,"(6, 25)",1,-0.08
622,30,"(7, 25)",1,-0.08
622,31,"(8, 25)",1,-0.08
622,32,"(9, 25)",1,-0.08
622,33,"(10, 25)",0,-0.08
622,34,"(10, 24)",1,-0.08
622,35,"(11, 24)",1,-0.08
622,36,"(12, 24)",1,-0.08
622,37,"(13, 24)",0,-0.08
622,38,"(13, 23)",1,-0.08
622,39,"(14, 23)",1,-0.08
622,40,"(15, 23)",1,-0.08
622,41,"(16, 23)",1,-0.08
622,42,"(17, 23)",0,-0.08
622,43,"(17, 22)",1,-0.08
622,44,"(18, 22)",1,-0.08
622,45,"(19, 22)",1,-0.08
622,46,"(20, 22)",1,-0.08
622,47,"(21, 22)",0,-0.08
622,48,"(21, 21)",1,-0.08
622,49,"(22, 21)",1,-0.08
622,50,"(23, 21)",0,-0.08
622,51,"(23, 20)",1,-0.08
622,52,"(24, 20)",1,-0.08
622,53,"(25, 20)",0,-0.08
622,54,"(25, 19)",1,-0.08
622,55,"(26, 19)",0,-0.08
622,56,"(26, 18)",1,-0.08
622,57,"(27, 18)",0,-0.08
622,58,"(27, 17)",0,-0.08
622,59,"(27, 16)",0,-0.08
622,60,"(27, 15)",0,-0.08
622,61,"(27, 14)",0,-0.08
622,62,"(27, 13)",1,-0.08
622,63,"(28, 13)",1,-0.08
622,64,"(29, 13)",1,-0.08
622,65,"(30, 13)",1,-0.08
622,66,"(31, 13)",1,-0.08
622,67,"(32, 13)",1,-0.08
622,68,"(33, 13)",1,-0.08
622,69,"(34, 13)",1,-0.08
622,70,"(35, 13)",1,-0.08
622,71,"(36, 13)",0,-0.08
622,72,"(36, 12)",1,-0.08
622,73,"(37, 12)",1,-0.08
622,74,"(38, 12)",1,-0.08
622,75,"(39, 12)",0,-0.08
622,76,"(39, 11)",1,-0.08
622,77,"(40, 11)",1,-0.08
622,78,"(41, 11)",1,-0.08
622,79,"(42, 11)",1,-0.08
622,80,"(43, 11)",1,-0.08
622,81,"(44, 11)",1,-0.08
622,82,"(45, 11)",0,-0.08
622,83,"(45, 10)",1,-0.08
622,84,"(46, 10)",1,-0.08
622,85,"(47, 10)",1,-0.08
622,86,"(48, 10)",1,-0.08
622,87,"(49, 10)",0,-0.08
622,88,"(49, 9)",1,-0.08
622,89,"(50, 9)",0,-0.08
622,90,"(50, 8)",0,-0.08
622,91,"(50, 7)",1,-0.08
622,92,"(51, 7)",1,-0.08
622,93,"(52, 7)",1,-0.08
622,94,"(53, 7)",1,-0.08
622,95,"(54, 7)",1,-0.08
622,96,"(55, 7)",1,-0.08
622,97,"(56, 7)",1,-0.08
622,98,"(57, 7)",1,-0.08
622,99,"(58, 7)",1,-0.08
622,100,"(59, 7)",1,-0.08
622,101,"(60, 7)",1,-0.08
622,102,"(61, 7)",1,-0.08
622,103,"(62, 7)",1,-0.08
622,104,"(63, 7)",1,-0.08
622,105,"(64, 7)",1,-0.08
622,106,"(65, 7)",1,-0.08
622,107,"(66, 7)",1,-0.08
622,108,"(67, 7)",1,-0.08
622,109,"(68, 7)",1,-0.08
622,110,"(69, 7)",1,-0.08
622,111,"(70, 7)",1,-0.08
622,112,"(71, 7)",0,-0.08
622,113,"(71, 6)",1,-0.08
622,114,"(72, 6)",1,-0.08
622,115,"(73, 6)",1,-0.08
622,116,"(74, 6)",0,-0.08
622,117,"(74, 5)",1,-0.08
622,118,"(75, 5)",1,-0.08
622,119,"(76, 5)",1,-0.08
622,120,"(77, 5)",0,-0.08
622,121,"(77, 4)",0,-0.08
622,122,"(77, 3)",0,-0.08
622,123,"(77, 2)",0,-0.08
622,124,"(77, 1)",0,-0.08
622,125,"(77, 0)",1,-0.08
622,126,"(78, 0)",1,8.33
623,0,"(0, 39)",0,-0.08
623,1,"(0, 38)",0,-0.08
623,2,"(0, 37)",0,-0.08
623,3,"(0, 36)",1,-8.33
623,4,"(0, 36)",0,-0.08
623,5,"(0, 35)",0,-0.08
623,6,"(0, 34)",0,-0.08
623,7,"(0, 33)",1,-0.08
623,8,"(1, 33)",1,-0.08
623,9,"(2, 33)",0,-0.08
623,10,"(2, 32)",0,-0.08
623,11,"(2, 31)",1,-0.08
623,12,"(3, 31)",0,-8.33
623,13,"(3, 31)",0,-8.33
623,14,"(3, 31)",3,-0.08
623,15,"(2, 31)",3,-0.08
623,16,"(1, 31)",0,-0.08
623,17,"(1, 30)",0,-0.08
623,18,"(1, 29)",1,-0.08
623,19,"(2, 29)",1,-0.08
623,20,"(3, 29)",1,-0.08
623,21,"(4, 29)",1,-0.08
623,22,"(5, 29)",1,-0.08
623,23,"(6, 29)",1,-0.08
623,24,"(7, 29)",1,-0.08
623,25,"(8, 29)",0,-0.08
623,26,"(8, 28)",0,-0.08
623,27,"(8, 27)",1,-0.08
623,28,"(9, 27)",1,-0.08
623,29,"(10, 27)",1,-0.08
623,30,"(11, 27)",1,-0.08
623,31,"(12, 27)",0,-0.08
623,32,"(12, 26)",0,-0.08
623,33,"(12, 25)",0,-0.08
623,34,"(12, 24)",1,-0.08
623,35,"(13, 24)",0,-0.08
623,36,"(13, 23)",1,-0.08
623,37,"(14, 23)",1,-0.08
623,38,"(15, 23)",1,-0.08
623,39,"(16, 23)",0,-0.08
623,40,"(16, 22)",1,-0.08
623,41,"(17, 22)",1,-0.08
623,42,"(18, 22)",1,-0.08
623,43,"(19, 22)",1,-0.08
623,44,"(20, 22)",1,-0.08
623,45,"(21, 22)",0,-0.08
623,46,"(21, 21)",1,-0.08
623,47,"(22, 21)",0,-0.08
623,48,"(22, 20)",0,-0.08
623,49,"(22, 19)",1,-0.08
623,50,"(23, 19)",0,-0.08
623,51,"(23, 18)",0,-0.08
623,52,"(23, 17)",0,-0.08
623,53,"(23, 16)",0,-0.08
623,54,"(23, 15)",1,-0.08
623,55,"(24, 15)",1,-0.08
623,56,"(25, 15)",1,-0.08
623,57,"(26, 15)",1,-0.08
623,58,"(27, 15)",1,-0.08
623,59,"(28, 15)",1,-0.08
623,60,"(29, 15)",0,-0.08
623,61,"(29, 14)",0,-0.08
623,62,"(29, 13)",1,-0.08
623,63,"(30, 13)",1,-0.08
623,64,"(31, 13)",1,-0.08
623,65,"(32, 13)",1,-0.08
623,66,"(33, 13)",1,-0.08
623,67,"(34, 13)",1,-0.08
623,68,"(35, 13)",0,-0.08
623,69,"(35, 12)",1,-0.08
623,70,"(36, 12)",1,-0.08
623,71,"(37, 12)",1,-0.08
623,72,"(38, 12)",1,-0.08
623,73,"(39, 12)",0,-0.08
623,74,"(39, 11)",1,-0.08
623,75,"(40, 11)",1,-0.08
623,76,"(41, 11)",1,-0.08
623,77,"(42, 11)",1,-0.08
623,78,"(43, 11)",1,-0.08
623,79,"(44, 11)",1,-0.08
623,80,"(45, 11)",0,-0.08
623,81,"(45, 10)",1,-0.08
623,82,"(46, 10)",0,-0.08
623,83,"(46, 9)",0,-0.08
623,84,"(46, 8)",0,-0.08
623,85,"(46, 7)",1,-0.08
623,86,"(47, 7)",1,-0.08
623,87,"(48, 7)",1,-0.08
623,88,"(49, 7)",1,-0.08
623,89,"(50, 7)",1,-0.08
623,90,"(51, 7)",1,-0.08
623,91,"(52, 7)",1,-0.08
623,92,"(53, 7)",1,-0.08
623,93,"(54, 7)",1,-0.08
623,94,"(55, 7)",1,-0.08
623,95,"(56, 7)",1,-0.08
623,96,"(57, 7)",1,-0.08
623,97,"(58, 7)",1,-0.08
623,98,"(59, 7)",1,-0.08
623,99,"(60, 7)",1,-0.08
623,100,"(61, 7)",1,-0.08
623,101,"(62, 7)",1,-0.08
623,102,"(63, 7)",1,-0.08
623,103,"(64, 7)",1,-0.08
623,104,"(65, 7)",1,-0.08
623,105,"(66, 7)",1,-0.08
623,106,"(67, 7)",1,-0.08
623,107,"(68, 7)",1,-0.08
623,108,"(69, 7)",0,-0.08
623,109,"(69, 6)",1,-0.08
623,110,"(70, 6)",1,-0.08
623,111,"(71, 6)",0,-0.08
623,112,"(71, 5)",1,-0.08
623,113,"(72, 5)",1,-0.08
623,114,"(73, 5)",1,-0.08
623,115,"(74, 5)",0,-0.08
623,116,"(74, 4)",1,-0.08
623,117,"(75, 4)",0,-0.08
623,118,"(75, 3)",1,-0.08
623,119,"(76, 3)",0,-0.08
623,120,"(76, 2)",1,-0.08
623,121,"(77, 2)",0,-0.08
623,122,"(77, 1)",1,-0.08
623,123,"(78, 1)",1,-0.08
623,124,"(79, 1)",0,8.33
624,0,"(0, 39)",0,-0.08
624,1,"(0, 38)",0,-0.08
624,2,"(0, 37)",1,-0.08
624,3,"(1, 37)",0,-8.33
624,4,"(1, 37)",3,-0.08
624,5,"(0, 37)",0,-0.08
624,6,"(0, 36)",0,-0.08
624,7,"(0, 35)",1,-0.08
624,8,"(1, 35)",0,-0.08
624,9,"(1, 34)",1,-0.08
624,10,"(2, 34)",0,-0.08
624,11,"(2, 33)",0,-0.08
624,12,"(2, 32)",1,-0.08
624,13,"(3, 32)",0,-0.08
624,14,"(3, 31)",0,-8.33
624,15,"(3, 31)",0,-8.33
624,16,"(3, 31)",2,-0.08
624,17,"(3, 32)",2,-0.08
624,18,"(3, 33)",1,-0.08
624,19,"(4, 33)",1,-0.08
624,20,"(5, 33)",0,-0.08
624,21,"(5, 32)",0,-0.08
624,22,"(5, 31)",0,-0.08
624,23,"(5, 30)",0,-0.08
624,24,"(5, 29)",1,-0.08
624,25,"(6, 29)",1,-0.08
624,26,"(7, 29)",0,-0.08
624,27,"(7, 28)",0,-0.08
624,28,"(7, 27)",1,-0.08
624,29,"(8, 27)",1,-0.08
624,30,"(9, 27)",1,-0.08
624,31,"(10, 27)",1,-0.08
624,32,"(11, 27)",1,-0.08
624,33,"(12, 27)",0,-0.08
624,34,"(12, 26)",0,-0.08
624,35,"(12, 25)",0,-0.08
624,36,"(12, 24)",1,-0.08
624,37,"(13, 24)",1,-0.08
624,38,"(14, 24)",0,-0.08
624,39,"(14, 23)",1,-0.08
624,40,"(15, 23)",1,-0.08
624,41,"(16, 23)",1,-0.08
624,42,"(17, 23)",1,-0.08
624,43,"(18, 23)",0,-0.08
624,44,"(18, 22)",1,-0.08
624,45,"(19, 22)",1,-0.08
624,46,"(20, 22)",1,-0.08
624,47,"(21, 22)",0,-0.08
624,48,"(21, 21)",1,-0.08
624,49,"(22, 21)",1,-0.08
624,50,"(23, 21)",0,-0.08
624,51,"(23, 20)",1,-0.08
624,52,"(24, 20)",1,-0.08
624,53,"(25, 20)",0,-0.08
624,54,"(25, 19)",0,-0.08
624,55,"(25, 18)",0,-0.08
624,56,"(25, 17)",1,-0.08
624,57,"(26, 17)",1,-0.08
624,58,"(27, 17)",0,-0.08
624,59,"(27, 16)",0,-0.08
624,60,"(27, 15)",1,-0.08
624,61,"(28, 15)",1,-0.08
624,62,"(29, 15)",1,-0.08
624,63,"(30, 15)",1,-0.08
624,64,"(31, 15)",1,-0.08
624,65,"(32, 15)",0,-0.08
624,66,"(32, 14)",0,-0.08
624,67,"(32, 13)",1,-0.08
624,68,"(33, 13)",1,-0.08
624,69,"(34, 13)",1,-0.08
624,70,"(35, 13)",0,-0.08
624,71,"(35, 12)",1,-0.08
624,72,"(36, 12)",1,-0.08
624,73,"(37, 12)",1,-0.08
624,74,"(38, 12)",1,-0.08
624,75,"(39, 12)",0,-0.08
624,76,"(39, 11)",1,-0.08
624,77,"(40, 11)",1,-0.08
624,78,"(41, 11)",1,-0.08
624,79,"(42, 11)",1,-0.08
624,80,"(43, 11)",1,-0.08
624,81,"(44, 11)",1,-0.08
624,82,"(45, 11)",0,-0.08
624,83,"(45, 10)",1,-0.08
624,84,"(46, 10)",0,-0.08
624,85,"(46, 9)",0,-0.08
624,86,"(46, 8)",0,-0.08
624,87,"(46, 7)",1,-0.08
624,88,"(47, 7)",1,-0.08
624,89,"(48, 7)",1,-0.08
624,90,"(49, 7)",1,-0.08
624,91,"(50, 7)",1,-0.08
624,92,"(51, 7)",1,-0.08
624,93,"(52, 7)",1,-0.08
624,94,"(53, 7)",1,-0.08
624,95,"(54, 7)",1,-0.08
624,96,"(55, 7)",1,-0.08
624,97,"(56, 7)",1,-0.08
624,98,"(57, 7)",1,-0.08
624,99,"(58, 7)",1,-0.08
624,100,"(59, 7)",1,-0.08
624,101,"(60, 7)",1,-0.08
624,102,"(61, 7)",1,-0.08
624,103,"(62, 7)",1,-0.08
624,104,"(63, 7)",1,-0.08
624,105,"(64, 7)",1,-0.08
624,106,"(65, 7)",1,-0.08
624,107,"(66, 7)",1,-0.08
624,108,"(67, 7)",1,-0.08
624,109,"(68, 7)",1,-0.08
624,110,"(69, 7)",0,-0.08
624,111,"(69, 6)",1,-0.08
624,112,"(70, 6)",1,-0.08
624,113,"(71, 6)",0,-0.08
624,114,"(71, 5)",1,-0.08
624,115,"(72, 5)",1,-0.08
624,116,"(73, 5)",1,-0.08
624,117,"(74, 5)",0,-0.08
624,118,"(74, 4)",1,-0.08
624,119,"(75, 4)",0,-0.08
624,120,"(75, 3)",1,-0.08
624,121,"(76, 3)",0,-0.08
624,122,"(76, 2)",1,-0.08
624,123,"(77, 2)",0,-0.08
624,124,"(77, 1)",0,-0.08
624,125,"(77, 0)",1,-0.08
624,126,"(78, 0)",1,8.33
625,0,"(0, 39)",1,-0.08
625,1,"(1, 39)",0,-0.08
625,2,"(1, 38)",0,-0.08
625,3,"(1, 37)",0,-8.33
625,4,"(1, 37)",3,-0.08
625,5,"(0, 37)",0,-0.08
625,6,"(0, 36)",0,-0.08
625,7,"(0, 35)",1,-0.08
625,8,"(1, 35)",0,-0.08
625,9,"(1, 34)",0,-0.08
625,10,"(1, 33)",0,-0.08
625,11,"(1, 32)",1,-0.08
625,12,"(2, 32)",1,-0.08
625,13,"(3, 32)",0,-0.08
625,14,"(3, 31)",0,-8.33
625,15,"(3, 31)",0,-8.33
625,16,"(3, 31)",2,-0.08
625,17,"(3, 32)",2,-0.08
625,18,"(3, 33)",1,-0.08
625,19,"(4, 33)",1,-0.08
625,20,"(5, 33)",0,-0.08
625,21,"(5, 32)",0,-0.08
625,22,"(5, 31)",0,-0.08
625,23,"(5, 30)",0,-0.08
625,24,"(5, 29)",1,-0.08
625,25,"(6, 29)",1,-0.08
625,26,"(7, 29)",1,-0.08
625,27,"(8, 29)",1,-0.08
625,28,"(9, 29)",1,-0.08
625,29,"(10, 29)",0,-0.08
625,30,"(10, 28)",0,-0.08
625,31,"(10, 27)",1,-0.08
625,32,"(11, 27)",1,-0.08
625,33,"(12, 27)",0,-0.08
625,34,"(12, 26)",0,-0.08
625,35,"(12, 25)",0,-0.08
625,36,"(12, 24)",1,-0.08
625,37,"(13, 24)",0,-0.08
625,38,"(13, 23)",1,-0.08
625,39,"(14, 23)",1,-0.08
625,40,"(15, 23)",1,-0.08
625,41,"(16, 23)",1,-0.08
625,42,"(17, 23)",1,-0.08
625,43,"(18, 23)",1,-0.08
625,44,"(19, 23)",0,-0.08
625,45,"(19, 22)",1,-0.08
625,46,"(20, 22)",0,-0.08
625,47,"(20, 21)",0,-0.08
625,48,"(20, 20)",1,-0.08
625,49,"(21, 20)",0,-0.08
625,50,"(21, 19)",1,-0.08
625,51,"(22, 19)",1,-0.08
625,52,"(23, 19)",0,-0.08
625,53,"(23, 18)",0,-0.08
625,54,"(23, 17)",0,-0.08
625,55,"(23, 16)",0,-0.08
625,56,"(23, 15)",1,-0.08
625,57,"(24, 15)",1,-0.08
625,58,"(25, 15)",1,-0.08
625,59,"(26, 15)",1,-0.08
625,60,"(27, 15)",1,-0.08
625,61,"(28, 15)",1,-0.08
625,62,"(29, 15)",0,-0.08
625,63,"(29, 14)",0,-0.08
625,64,"(29, 13)",1,-0.08
625,65,"(30, 13)",1,-0.08
625,66,"(31, 13)",1,-0.08
625,67,"(32, 13)",1,-0.08
625,68,"(33, 13)",1,-0.08
625,69,"(34, 13)",1,-0.08
625,70,"(35, 13)",1,-0.08
625,71,"(36, 13)",0,-0.08
625,72,"(36, 12)",1,-0.08
625,73,"(37, 12)",1,-0.08
625,74,"(38, 12)",1,-0.08
625,75,"(39, 12)",0,-0.08
625,76,"(39, 11)",1,-0.08
625,77,"(40, 11)",1,-0.08
625,78,"(41, 11)",1,-0.08
625,79,"(42, 11)",1,-0.08
625,80,"(43, 11)",1,-0.08
625,81,"(44, 11)",1,-0.08
625,82,"(45, 11)",0,-0.08
625,83,"(45, 10)",1,-0.08
625,84,"(46, 10)",1,-0.08
625,85,"(47, 10)",1,-0.08
625,86,"(48, 10)",1,-0.08
625,87,"(49, 10)",0,-0.08
625,88,"(49, 9)",1,-0.08
625,89,"(50, 9)",0,-0.08
625,90,"(50, 8)",0,-0.08
625,91,"(50, 7)",1,-0.08
625,92,"(51, 7)",1,-0.08
625,93,"(52, 7)",1,-0.08
625,94,"(53, 7)",1,-0.08
625,95,"(54, 7)",1,-0.08
625,96,"(55, 7)",1,-0.08
625,97,"(56, 7)",1,-0.08
625,98,"(57, 7)",1,-0.08
625,99,"(58, 7)",1,-0.08
625,100,"(59, 7)",1,-0.08
625,101,"(60, 7)",1,-0.08
625,102,"(61, 7)",1,-0.08
625,103,"(62, 7)",1,-0.08
625,104,"(63, 7)",1,-0.08
625,105,"(64, 7)",1,-0.08
625,106,"(65, 7)",1,-0.08
625,107,"(66, 7)",1,-0.08
625,108,"(67, 7)",1,-0.08
625,109,"(68, 7)",1,-0.08
625,110,"(69, 7)",0,-0.08
625,111,"(69, 6)",1,-0.08
625,112,"(70, 6)",1,-0.08
625,113,"(71, 6)",1,-0.08
625,114,"(72, 6)",0,-0.08
625,115,"(72, 5)",1,-0.08
625,116,"(73, 5)",1,-0.08
625,117,"(74, 5)",0,-0.08
625,118,"(74, 4)",0,-0.08
625,119,"(74, 3)",1,-0.08
625,120,"(75, 3)",1,-0.08
625,121,"(76, 3)",0,-0.08
625,122,"(76, 2)",0,-0.08
625,123,"(76, 1)",0,-0.08
625,124,"(76, 0)",1,-0.08
625,125,"(77, 0)",1,-0.08
625,126,"(78, 0)",1,8.33
626,0,"(0, 39)",1,-0.08
626,1,"(1, 39)",0,-0.08
626,2,"(1, 38)",0,-0.08
626,3,"(1, 37)",0,-8.33
626,4,"(1, 37)",3,-0.08
626,5,"(0, 37)",0,-0.08
626,6,"(0, 36)",0,-0.08
626,7,"(0, 35)",0,-0.08
626,8,"(0, 34)",1,-0.08
626,9,"(1, 34)",0,-0.08
626,10,"(1, 33)",1,-0.08
626,11,"(2, 33)",1,-0.08
626,12,"(3, 33)",0,-0.08
626,13,"(3, 32)",0,-0.08
626,14,"(3, 31)",0,-8.33
626,15,"(3, 31)",2,-0.08
626,16,"(3, 32)",2,-0.08
626,17,"(3, 33)",1,-0.08
626,18,"(4, 33)",1,-0.08
626,19,"(5, 33)",0,-0.08
626,20,"(5, 32)",0,-0.08
626,21,"(5, 31)",0,-0.08
626,22,"(5, 30)",0,-0.08
626,23,"(5, 29)",1,-0.08
626,24,"(6, 29)",1,-0.08
626,25,"(7, 29)",1,-0.08
626,26,"(8, 29)",0,-0.08
626,27,"(8, 28)",0,-0.08
626,28,"(8, 27)",1,-0.08
626,29,"(9, 27)",1,-0.08
626,30,"(10, 27)",1,-0.08
626,31,"(11, 27)",1,-0.08
626,32,"(12, 27)",0,-0.08
626,33,"(12, 26)",1,-0.08
626,34,"(13, 26)",0,-0.08
626,35,"(13, 25)",1,-0.08
626,36,"(14, 25)",1,-0.08
626,37,"(15, 25)",1,-0.08
626,38,"(16, 25)",1,-0.08
626,39,"(17, 25)",0,-0.08
626,40,"(17, 24)",0,-0.08
626,41,"(17, 23)",0,-0.08
626,42,"(17, 22)",1,-0.08
626,43,"(18, 22)",1,-0.08
626,44,"(19, 22)",1,-0.08
626,45,"(20, 22)",0,-0.08
626,46,"(20, 21)",1,-0.08
626,47,"(21, 21)",0,-0.08
626,48,"(21, 20)",0,-0.08
626,49,"(21, 19)",1,-0.08
626,50,"(22, 19)",1,-0.08
626,51,"(23, 19)",0,-0.08
626,52,"(23, 18)",0,-0.08
626,53,"(23, 17)",0,-0.08
626,54,"(23, 16)",0,-0.08
626,55,"(23, 15)",1,-0.08
626,56,"(24, 15)",1,-0.08
626,57,"(25, 15)",1,-0.08
626,58,"(26, 15)",1,-0.08
626,59,"(27, 15)",0,-0.08
626,60,"(27, 14)",0,-0.08
626,61,"(27, 13)",1,-0.08
626,62,"(28, 13)",1,-0.08
626,63,"(29, 13)",1,-0.08
626,64,"(30, 13)",1,-0.08
626,65,"(31, 13)",1,-0.08
626,66,"(32, 13)",1,-0.08
626,67,"(33, 13)",1,-0.08
626,68,"(34, 13)",1,-0.08
626,69,"(35, 13)",0,-0.08
626,70,"(35, 12)",1,-0.08
626,71,"(36, 12)",1,-0.08
626,72,"(37, 12)",1,-0.08
626,73,"(38, 12)",1,-0.08
626,74,"(39, 12)",0,-0.08
626,75,"(39, 11)",1,-0.08
626,76,"(40, 11)",1,-0.08
626,77,"(41, 11)",1,-0.08
626,78,"(42, 11)",1,-0.08
626,79,"(43, 11)",1,-0.08
626,80,"(44, 11)",1,-0.08
626,81,"(45, 11)",0,-0.08
626,82,"(45, 10)",1,-0.08
626,83,"(46, 10)",0,-0.08
626,84,"(46, 9)",0,-0.08
626,85,"(46, 8)",0,-0.08
626,86,"(46, 7)",1,-0.08
626,87,"(47, 7)",1,-0.08
626,88,"(48, 7)",1,-0.08
626,89,"(49, 7)",1,-0.08
626,90,"(50, 7)",1,-0.08
626,91,"(51, 7)",1,-0.08
626,92,"(52, 7)",1,-0.08
626,93,"(53, 7)",1,-0.08
626,94,"(54, 7)",1,-0.08
626,95,"(55, 7)",1,-0.08
626,96,"(56, 7)",1,-0.08
626,97,"(57, 7)",1,-0.08
626,98,"(58, 7)",1,-0.08
626,99,"(59, 7)",1,-0.08
626,100,"(60, 7)",1,-0.08
626,101,"(61, 7)",1,-0.08
626,102,"(62, 7)",1,-0.08
626,103,"(63, 7)",1,-0.08
626,104,"(64, 7)",1,-0.08
626,105,"(65, 7)",1,-0.08
626,106,"(66, 7)",1,-0.08
626,107,"(67, 7)",1,-0.08
626,108,"(68, 7)",1,-0.08
626,109,"(69, 7)",0,-0.08
626,110,"(69, 6)",1,-0.08
626,111,"(70, 6)",1,-0.08
626,112,"(71, 6)",1,-0.08
626,113,"(72, 6)",1,-0.08
626,114,"(73, 6)",1,-0.08
626,115,"(74, 6)",0,-0.08
626,116,"(74, 5)",0,-0.08
626,117,"(74, 4)",1,-0.08
626,118,"(75, 4)",0,-0.08
626,119,"(75, 3)",1,-0.08
626,120,"(76, 3)",0,-0.08
626,121,"(76, 2)",0,-0.08
626,122,"(76, 1)",0,-0.08
626,123,"(76, 0)",1,-0.08
626,124,"(77, 0)",1,-0.08
626,125,"(78, 0)",1,8.33
627,0,"(0, 39)",1,-0.08
627,1,"(1, 39)",1,-0.08
627,2,"(2, 39)",1,-0.08
627,3,"(3, 39)",1,-0.08
627,4,"(4, 39)",1,-0.08
627,5,"(5, 39)",1,-0.08
627,6,"(6, 39)",1,-0.08
627,7,"(7, 39)",1,-0.08
627,8,"(8, 39)",0,-0.08
627,9,"(8, 38)",0,-8.33
627,10,"(8, 38)",1,-8.33
627,11,"(8, 38)",2,-0.08
627,12,"(8, 39)",1,-0.08
627,13,"(9, 39)",1,-0.08
627,14,"(10, 39)",0,-0.08
627,15,"(10, 38)",0,-0.08
627,16,"(10, 37)",1,-0.08
627,17,"(11, 37)",1,-0.08
627,18,"(12, 37)",0,-0.08
627,19,"(12, 36)",0,-0.08
627,20,"(12, 35)",1,-0.08
627,21,"(13, 35)",1,-0.08
627,22,"(14, 35)",1,-0.08
627,23,"(15, 35)",0,-0.08
627,24,"(15, 34)",0,-0.08
627,25,"(15, 33)",0,-0.08
627,26,"(15, 32)",0,-0.08
627,27,"(15, 31)",1,-0.08
627,28,"(16, 31)",0,-0.08
627,29,"(16, 30)",0,-0.08
627,30,"(16, 29)",1,-0.08
627,31,"(17, 29)",1,-0.08
627,32,"(18, 29)",1,-0.08
627,33,"(19, 29)",1,-0.08
627,34,"(20, 29)",1,-0.08
627,35,"(21, 29)",0,-0.08
627,36,"(21, 28)",0,-0.08
627,37,"(21, 27)",1,-8.33
627,38,"(21, 27)",0,-0.08
627,39,"(21, 26)",0,-0.08
627,40,"(21, 25)",1,-0.08
627,41,"(22, 25)",1,-0.08
627,42,"(23, 25)",1,-0.08
627,43,"(24, 25)",1,-0.08
627,44,"(25, 25)",0,-0.08
627,45,"(25, 24)",0,-0.08
627,46,"(25, 23)",0,-0.08
627,47,"(25, 22)",0,-0.08
627,48,"(25, 21)",0,-0.08
627,49,"(25, 20)",0,-0.08
627,50,"(25, 19)",1,-0.08
627,51,"(26, 19)",0,-0.08
627,52,"(26, 18)",1,-0.08
627,53,"(27, 18)",0,-0.08
627,54,"(27, 17)",0,-0.08
627,55,"(27, 16)",0,-0.08
627,56,"(27, 15)",0,-0.08
627,57,"(27, 14)",0,-0.08
627,58,"(27, 13)",1,-0.08
627,59,"(28, 13)",1,-0.08
627,60,"(29, 13)",1,-0.08
627,61,"(30, 13)",1,-0.08
627,62,"(31, 13)",1,-0.08
627,63,"(32, 13)",1,-0.08
627,64,"(33, 13)",1,-0.08
627,65,"(34, 13)",1,-0.08
627,66,"(35, 13)",1,-0.08
627,67,"(36, 13)",0,-0.08
627,68,"(36, 12)",1,-0.08
627,69,"(37, 12)",1,-0.08
627,70,"(38, 12)",1,-0.08
627,71,"(39, 12)",0,-0.08
627,72,"(39, 11)",1,-0.08
627,73,"(40, 11)",1,-0.08
627,74,"(41, 11)",1,-0.08
627,75,"(42, 11)",1,-0.08
627,76,"(43, 11)",1,-0.08
627,77,"(44, 11)",1,-0.08
627,78,"(45, 11)",0,-0.08
627,79,"(45, 10)",1,-0.08
627,80,"(46, 10)",1,-0.08
627,81,"(47, 10)",1,-0.08
627,82,"(48, 10)",1,-0.08
627,83,"(49, 10)",0,-0.08
627,84,"(49, 9)",1,-0.08
627,85,"(50, 9)",1,-0.08
627,86,"(51, 9)",1,-0.08
627,87,"(52, 9)",1,-0.08
627,88,"(53, 9)",1,-0.08
627,89,"(54, 9)",1,-0.08
627,90,"(55, 9)",1,-0.08
627,91,"(56, 9)",1,-0.08
627,92,"(57, 9)",1,-0.08
627,93,"(58, 9)",0,-0.08
627,94,"(58, 8)",0,-0.08
627,95,"(58, 7)",1,-0.08
627,96,"(59, 7)",1,-0.08
627,97,"(60, 7)",1,-0.08
627,98,"(61, 7)",1,-0.08
627,99,"(62, 7)",1,-0.08
627,100,"(63, 7)",1,-0.08
627,101,"(64, 7)",1,-0.08
627,102,"(65, 7)",1,-0.08
627,103,"(66, 7)",1,-0.08
627,104,"(67, 7)",1,-0.08
627,105,"(68, 7)",1,-0.08
627,106,"(69, 7)",0,-0.08
627,107,"(69, 6)",1,-0.08
627,108,"(70, 6)",1,-0.08
627,109,"(71, 6)",0,-0.08
627,110,"(71, 5)",1,-0.08
627,111,"(72, 5)",1,-0.08
627,112,"(73, 5)",1,-0.08
627,113,"(74, 5)",1,-0.08
627,114,"(75, 5)",0,-0.08
627,115,"(75, 4)",0,-0.08
627,116,"(75, 3)",1,-0.08
627,117,"(76, 3)",0,-0.08
627,118,"(76, 2)",0,-0.08
627,119,"(76, 1)",1,-0.08
627,120,"(77, 1)",0,-0.08
627,121,"(77, 0)",1,-0.08
627,122,"(78, 0)",1,8.33
628,0,"(0, 39)",0,-0.08
628,1,"(0, 38)",0,-0.08
628,2,"(0, 37)",1,-0.08
628,3,"(1, 37)",0,-8.33
628,4,"(1, 37)",3,-0.08
628,5,"(0, 37)",0,-0.08
628,6,"(0, 36)",0,-0.08
628,7,"(0, 35)",1,-0.08
628,8,"(1, 35)",1,-0.08
628,9,"(2, 35)",0,-0.08
628,10,"(2, 34)",0,-0.08
628,11,"(2, 33)",1,-0.08
628,12,"(3, 33)",0,-0.08
628,13,"(3, 32)",0,-0.08
628,14,"(3, 31)",0,-8.33
628,15,"(3, 31)",2,-0.08
628,16,"(3, 32)",2,-0.08
628,17,"(3, 33)",1,-0.08
628,18,"(4, 33)",1,-0.08
628,19,"(5, 33)",1,-0.08
628,20,"(6, 33)",1,-0.08
628,21,"(7, 33)",1,-0.08
628,22,"(8, 33)",1,-0.08
628,23,"(9, 33)",0,-0.08
628,24,"(9, 32)",0,-0.08
628,25,"(9, 31)",0,-0.08
628,26,"(9, 30)",0,-0.08
628,27,"(9, 29)",1,-0.08
628,28,"(10, 29)",0,-0.08
628,29,"(10, 28)",0,-0.08
628,30,"(10, 27)",1,-0.08
628,31,"(11, 27)",1,-0.08
628,32,"(12, 27)",1,-0.08
628,33,"(13, 27)",0,-0.08
628,34,"(13, 26)",0,-0.08
628,35,"(13, 25)",1,-0.08
628,36,"(14, 25)",0,-0.08
628,37,"(14, 24)",0,-0.08
628,38,"(14, 23)",1,-0.08
628,39,"(15, 23)",1,-0.08
628,40,"(16, 23)",1,-0.08
628,41,"(17, 23)",1,-0.08
628,42,"(18, 23)",0,-0.08
628,43,"(18, 22)",1,-0.08
628,44,"(19, 22)",0,-0.08
628,45,"(19, 21)",1,-0.08
628,46,"(20, 21)",1,-0.08
628,47,"(21, 21)",1,-0.08
628,48,"(22, 21)",1,-0.08
628,49,"(23, 21)",1,-0.08
628,50,"(24, 21)",1,-0.08
628,51,"(25, 21)",0,-0.08
628,52,"(25, 20)",0,-0.08
628,53,"(25, 19)",0,-0.08
628,54,"(25, 18)",1,-0.08
628,55,"(26, 18)",1,-0.08
628,56,"(27, 18)",0,-0.08
628,57,"(27, 17)",1,-0.08
628,58,"(28, 17)",1,-0.08
628,59,"(29, 17)",0,-0.08
628,60,"(29, 16)",0,-0.08
628,61,"(29, 15)",1,-0.08
628,62,"(30, 15)",1,-0.08
628,63,"(31, 15)",0,-0.08
628,64,"(31, 14)",1,-0.08
628,65,"(32, 14)",0,-0.08
628,66,"(32, 13)",1,-0.08
628,67,"(33, 13)",1,-0.08
628,68,"(34, 13)",1,-0.08
628,69,"(35, 13)",1,-0.08
628,70,"(36, 13)",1,-0.08
628,71,"(37, 13)",1,-0.08
628,72,"(38, 13)",1,-0.08
628,73,"(39, 13)",0,-0.08
628,74,"(39, 12)",0,-0.08
628,75,"(39, 11)",1,-0.08
628,76,"(40, 11)",1,-0.08
628,77,"(41, 11)",1,-0.08
628,78,"(42, 11)",1,-0.08
628,79,"(43, 11)",1,-0.08
628,80,"(44, 11)",1,-0.08
628,81,"(45, 11)",0,-0.08
628,82,"(45, 10)",0,-0.08
628,83,"(45, 9)",1,-0.08
628,84,"(46, 9)",0,-0.08
628,85,"(46, 8)",0,-0.08
628,86,"(46, 7)",1,-0.08
628,87,"(47, 7)",1,-0.08
628,88,"(48, 7)",1,-0.08
628,89,"(49, 7)",1,-0.08
628,90,"(50, 7)",1,-0.08
628,91,"(51, 7)",1,-0.08
628,92,"(52, 7)",1,-0.08
628,93,"(53, 7)",1,-0.08
628,94,"(54, 7)",1,-0.08
628,95,"(55, 7)",1,-0.08
628,96,"(56, 7)",1,-0.08
628,97,"(57, 7)",1,-0.08
628,98,"(58, 7)",1,-0.08
628,99,"(59, 7)",1,-0.08
628,100,"(60, 7)",1,-0.08
628,101,"(61, 7)",1,-0.08
628,102,"(62, 7)",1,-0.08
628,103,"(63, 7)",1,-0.08
628,104,"(64, 7)",1,-0.08
628,105,"(65, 7)",1,-0.08
628,106,"(66, 7)",1,-0.08
628,107,"(67, 7)",1,-0.08
628,108,"(68, 7)",1,-0.08
628,109,"(69, 7)",1,-0.08
628,110,"(70, 7)",0,-0.08
628,111,"(70, 6)",1,-0.08
628,112,"(71, 6)",1,-0.08
628,113,"(72, 6)",0,-0.08
628,114,"(72, 5)",1,-0.08
628,115,"(73, 5)",1,-0.08
628,116,"(74, 5)",1,-0.08
628,117,"(75, 5)",0,-0.08
628,118,"(75, 4)",0,-0.08
628,119,"(75, 3)",1,-0.08
628,120,"(76, 3)",0,-0.08
628,121,"(76, 2)",1,-0.08
628,122,"(77, 2)",0,-0.08
628,123,"(77, 1)",0,-0.08
628,124,"(77, 0)",1,-0.08
628,125,"(78, 0)",1,8.33
629,0,"(0, 39)",0,-0.08
629,1,"(0, 38)",0,-0.08
629,2,"(0, 37)",0,-0.08
629,3,"(0, 36)",1,-8.33
629,4,"(0, 36)",0,-0.08
629,5,"(0, 35)",0,-0.08
629,6,"(0, 34)",0,-0.08
629,7,"(0, 33)",1,-0.08
629,8,"(1, 33)",1,-0.08
629,9,"(2, 33)",0,-0.08
629,10,"(2, 32)",0,-0.08
629,11,"(2, 31)",1,-0.08
629,12,"(3, 31)",0,-8.33
629,13,"(3, 31)",0,-8.33
629,14,"(3, 31)",3,-0.08
629,15,"(2, 31)",3,-0.08
629,16,"(1, 31)",0,-0.08
629,17,"(1, 30)",0,-0.08
629,18,"(1, 29)",0,-0.08
629,19,"(1, 28)",0,-0.08
629,20,"(1, 27)",0,-0.08
629,21,"(1, 26)",0,-0.08
629,22,"(1, 25)",1,-0.08
629,23,"(2, 25)",1,-0.08
629,24,"(3, 25)",1,-0.08
629,25,"(4, 25)",1,-0.08
629,26,"(5, 25)",1,-0.08
629,27,"(6, 25)",1,-0.08
629,28,"(7, 25)",1,-0.08
629,29,"(8, 25)",1,-0.08
629,30,"(9, 25)",0,-0.08
629,31,"(9, 24)",1,-0.08
629,32,"(10, 24)",1,-0.08
629,33,"(11, 24)",1,-0.08
629,34,"(12, 24)",1,-0.08
629,35,"(13, 24)",0,-0.08
629,36,"(13, 23)",1,-0.08
629,37,"(14, 23)",1,-0.08
629,38,"(15, 23)",1,-0.08
629,39,"(16, 23)",0,-0.08
629,40,"(16, 22)",1,-0.08
629,41,"(17, 22)",1,-0.08
629,42,"(18, 22)",1,-0.08
629,43,"(19, 22)",1,-0.08
629,44,"(20, 22)",0,-0.08
629,45,"(20, 21)",0,-0.08
629,46,"(20, 20)",0,-0.08
629,47,"(20, 19)",1,-0.08
629,48,"(21, 19)",1,-0.08
629,49,"(22, 19)",1,-0.08
629,50,"(23, 19)",0,-0.08
629,51,"(23, 18)",0,-0.08
629,52,"(23, 17)",1,-0.08
629,53,"(24, 17)",1,-0.08
629,54,"(25, 17)",1,-0.08
629,55,"(26, 17)",1,-0.08
629,56,"(27, 17)",0,-0.08
629,57,"(27, 16)",1,-0.08
629,58,"(28, 16)",1,-0.08
629,59,"(29, 16)",0,-0.08
629,60,"(29, 15)",1,-0.08
629,61,"(30, 15)",1,-0.08
629,62,"(31, 15)",0,-0.08
629,63,"(31, 14)",1,-0.08
629,64,"(32, 14)",0,-0.08
629,65,"(32, 13)",1,-0.08
629,66,"(33, 13)",1,-0.08
629,67,"(34, 13)",1,-0.08
629,68,"(35, 13)",1,-0.08
629,69,"(36, 13)",1,-0.08
629,70,"(37, 13)",0,-0.08
629,71,"(37, 12)",1,-0.08
629,72,"(38, 12)",1,-0.08
629,73,"(39, 12)",0,-0.08
629,74,"(39, 11)",1,-0.08
629,75,"(40, 11)",1,-0.08
629,76,"(41, 11)",1,-0.08
629,77,"(42, 11)",1,-0.08
629,78,"(43, 11)",1,-0.08
629,79,"(44, 11)",1,-0.08
629,80,"(45, 11)",0,-0.08
629,81,"(45, 10)",1,-0.08
629,82,"(46, 10)",1,-0.08
629,83,"(47, 10)",1,-0.08
629,84,"(48, 10)",1,-0.08
629,85,"(49, 10)",1,-0.08
629,86,"(50, 10)",0,-0.08
629,87,"(50, 9)",0,-0.08
629,88,"(50, 8)",0,-0.08
629,89,"(50, 7)",1,-0.08
629,90,"(51, 7)",1,-0.08
629,91,"(52, 7)",1,-0.08
629,92,"(53, 7)",1,-0.08
629,93,"(54, 7)",1,-0.08
629,94,"(55, 7)",1,-0.08
629,95,"(56, 7)",1,-0.08
629,96,"(57, 7)",1,-0.08
629,97,"(58, 7)",1,-0.08
629,98,"(59, 7)",1,-0.08
629,99,"(60, 7)",1,-0.08
629,100,"(61, 7)",1,-0.08
629,101,"(62, 7)",1,-0.08
629,102,"(63, 7)",1,-0.08
629,103,"(64, 7)",1,-0.08
629,104,"(65, 7)",1,-0.08
629,105,"(66, 7)",1,-0.08
629,106,"(67, 7)",1,-0.08
629,107,"(68, 7)",1,-0.08
629,108,"(69, 7)",0,-0.08
629,109,"(69, 6)",1,-0.08
629,110,"(70, 6)",1,-0.08
629,111,"(71, 6)",1,-0.08
629,112,"(72, 6)",0,-0.08
629,113,"(72, 5)",1,-0.08
629,114,"(73, 5)",1,-0.08
629,115,"(74, 5)",1,-0.08
629,116,"(75, 5)",1,-0.08
629,117,"(76, 5)",1,-0.08
629,118,"(77, 5)",0,-0.08
629,119,"(77, 4)",0,-0.08
629,120,"(77, 3)",0,-0.08
629,121,"(77, 2)",0,-0.08
629,122,"(77, 1)",0,-0.08
629,123,"(77, 0)",1,-0.08
629,124,"(78, 0)",1,8.33
630,0,"(0, 39)",1,-0.08
630,1,"(1, 39)",1,-0.08
630,2,"(2, 39)",0,-8.33
630,3,"(2, 39)",1,-0.08
630,4,"(3, 39)",1,-0.08
630,5,"(4, 39)",1,-0.08
630,6,"(5, 39)",1,-0.08
630,7,"(6, 39)",1,-0.08
630,8,"(7, 39)",1,-0.08
630,9,"(8, 39)",1,-0.08
630,10,"(9, 39)",1,-0.08
630,11,"(10, 39)",1,-0.08
630,12,"(11, 39)",0,-0.08
630,13,"(11, 38)",0,-0.08
630,14,"(11, 37)",1,-0.08
630,15,"(12, 37)",1,-0.08
630,16,"(13, 37)",1,-0.08
630,17,"(14, 37)",1,-0.08
630,18,"(15, 37)",1,-0.08
630,19,"(16, 37)",0,-0.08
630,20,"(16, 36)",1,-0.08
630,21,"(17, 36)",0,-0.08
630,22,"(17, 35)",1,-0.08
630,23,"(18, 35)",0,-0.08
630,24,"(18, 34)",1,-0.08
630,25,"(19, 34)",1,-0.08
630,26,"(20, 34)",0,-8.33
630,27,"(20, 34)",1,-0.08
630,28,"(21, 34)",0,-0.08
630,29,"(21, 33)",0,-0.08
630,30,"(21, 32)",0,-0.08
630,31,"(21, 31)",0,-0.08
630,32,"(21, 30)",0,-0.08
630,33,"(21, 29)",0,-0.08
630,34,"(21, 28)",0,-0.08
630,35,"(21, 27)",0,-0.08
630,36,"(21, 26)",1,-0.08
630,37,"(22, 26)",0,-0.08
630,38,"(22, 25)",0,-0.08
630,39,"(22, 24)",1,-0.08
630,40,"(23, 24)",1,-0.08
630,41,"(24, 24)",1,-0.08
630,42,"(25, 24)",0,-0.08
630,43,"(25, 23)",0,-0.08
630,44,"(25, 22)",0,-0.08
630,45,"(25, 21)",1,-0.08
630,46,"(26, 21)",1,-0.08
630,47,"(27, 21)",1,-0.08
630,48,"(28, 21)",0,-0.08
630,49,"(28, 20)",0,-0.08
630,50,"(28, 19)",1,-0.08
630,51,"(29, 19)",1,-0.08
630,52,"(30, 19)",1,-0.08
630,53,"(31, 19)",0,-0.08
630,54,"(31, 18)",1,-0.08
630,55,"(32, 18)",0,-0.08
630,56,"(32, 17)",0,-0.08
630,57,"(32, 16)",0,-0.08
630,58,"(32, 15)",0,-0.08
630,59,"(32, 14)",0,-0.08
630,60,"(32, 13)",1,-0.08
630,61,"(33, 13)",1,-0.08
630,62,"(34, 13)",1,-0.08
630,63,"(35, 13)",0,-0.08
630,64,"(35, 12)",1,-0.08
630,65,"(36, 12)",1,-0.08
630,66,"(37, 12)",1,-0.08
630,67,"(38, 12)",1,-0.08
630,68,"(39, 12)",0,-0.08
630,69,"(39, 11)",1,-0.08
630,70,"(40, 11)",1,-0.08
630,71,"(41, 11)",1,-0.08
630,72,"(42, 11)",1,-0.08
630,73,"(43, 11)",1,-0.08
630,74,"(44, 11)",1,-0.08
630,75,"(45, 11)",0,-0.08
630,76,"(45, 10)",1,-0.08
630,77,"(46, 10)",0,-0.08
630,78,"(46, 9)",0,-0.08
630,79,"(46, 8)",0,-0.08
630,80,"(46, 7)",1,-0.08
630,81,"(47, 7)",1,-0.08
630,82,"(48, 7)",1,-0.08
630,83,"(49, 7)",1,-0.08
630,84,"(50, 7)",1,-0.08
630,85,"(51, 7)",1,-0.08
630,86,"(52, 7)",1,-0.08
630,87,"(53, 7)",1,-0.08
630,88,"(54, 7)",1,-0.08
630,89,"(55, 7)",1,-0.08
630,90,"(56, 7)",1,-0.08
630,91,"(57, 7)",1,-0.08
630,92,"(58, 7)",1,-0.08
630,93,"(59, 7)",1,-0.08
630,94,"(60, 7)",1,-0.08
630,95,"(61, 7)",1,-0.08
630,96,"(62, 7)",1,-0.08
630,97,"(63, 7)",1,-0.08
630,98,"(64, 7)",1,-0.08
630,99,"(65, 7)",1,-0.08
630,100,"(66, 7)",1,-0.08
630,101,"(67, 7)",1,-0.08
630,102,"(68, 7)",1,-0.08
630,103,"(69, 7)",0,-0.08
630,104,"(69, 6)",1,-0.08
630,105,"(70, 6)",1,-0.08
630,106,"(71, 6)",1,-0.08
630,107,"(72, 6)",1,-0.08
630,108,"(73, 6)",1,-0.08
630,109,"(74, 6)",0,-0.08
630,110,"(74, 5)",1,-0.08
630,111,"(75, 5)",1,-0.08
630,112,"(76, 5)",1,-0.08
630,113,"(77, 5)",0,-0.08
630,114,"(77, 4)",0,-0.08
630,115,"(77, 3)",0,-0.08
630,116,"(77, 2)",0,-0.08
630,117,"(77, 1)",0,-0.08
630,118,"(77, 0)",1,-0.08
630,119,"(78, 0)",1,8.33
631,0,"(0, 39)",1,-0.08
631,1,"(1, 39)",1,-0.08
631,2,"(2, 39)",1,-0.08
631,3,"(3, 39)",0,-0.08
631,4,"(3, 38)",0,-0.08
631,5,"(3, 37)",0,-0.08
631,6,"(3, 36)",1,-8.33
631,7,"(3, 36)",0,-0.08
631,8,"(3, 35)",3,-0.08
631,9,"(2, 35)",0,-0.08
631,10,"(2, 34)",0,-0.08
631,11,"(2, 33)",1,-0.08
631,12,"(3, 33)",0,-0.08
631,13,"(3, 32)",0,-0.08
631,14,"(3, 31)",0,-8.33
631,15,"(3, 31)",2,-0.08
631,16,"(3, 32)",2,-0.08
631,17,"(3, 33)",1,-0.08
631,18,"(4, 33)",1,-0.08
631,19,"(5, 33)",0,-0.08
631,20,"(5, 32)",0,-0.08
631,21,"(5, 31)",0,-0.08
631,22,"(5, 30)",0,-0.08
631,23,"(5, 29)",1,-0.08
631,24,"(6, 29)",1,-0.08
631,25,"(7, 29)",1,-0.08
631,26,"(8, 29)",1,-0.08
631,27,"(9, 29)",1,-0.08
631,28,"(10, 29)",0,-0.08
631,29,"(10, 28)",0,-0.08
631,30,"(10, 27)",1,-0.08
631,31,"(11, 27)",1,-0.08
631,32,"(12, 27)",1,-0.08
631,33,"(13, 27)",0,-0.08
631,34,"(13, 26)",0,-0.08
631,35,"(13, 25)",1,-0.08
631,36,"(14, 25)",1,-0.08
631,37,"(15, 25)",1,-0.08
631,38,"(16, 25)",1,-0.08
631,39,"(17, 25)",0,-0.08
631,40,"(17, 24)",0,-0.08
631,41,"(17, 23)",0,-0.08
631,42,"(17, 22)",1,-0.08
631,43,"(18, 22)",1,-0.08
631,44,"(19, 22)",0,-0.08
631,45,"(19, 21)",1,-0.08
631,46,"(20, 21)",0,-0.08
631,47,"(20, 20)",1,-0.08
631,48,"(21, 20)",1,-0.08
631,49,"(22, 20)",1,-0.08
631,50,"(23, 20)",0,-0.08
631,51,"(23, 19)",0,-0.08
631,52,"(23, 18)",0,-0.08
631,53,"(23, 17)",0,-0.08
631,54,"(23, 16)",0,-0.08
631,55,"(23, 15)",1,-0.08
631,56,"(24, 15)",1,-0.08
631,57,"(25, 15)",1,-0.08
631,58,"(26, 15)",1,-0.08
631,59,"(27, 15)",0,-0.08
631,60,"(27, 14)",0,-0.08
631,61,"(27, 13)",1,-0.08
631,62,"(28, 13)",1,-0.08
631,63,"(29, 13)",1,-0.08
631,64,"(30, 13)",1,-0.08
631,65,"(31, 13)",1,-0.08
631,66,"(32, 13)",1,-0.08
631,67,"(33, 13)",1,-0.08
631,68,"(34, 13)",1,-0.08
631,69,"(35, 13)",1,-0.08
631,70,"(36, 13)",0,-0.08
631,71,"(36, 12)",1,-0.08
631,72,"(37, 12)",1,-0.08
631,73,"(38, 12)",1,-0.08
631,74,"(39, 12)",0,-0.08
631,75,"(39, 11)",1,-0.08
631,76,"(40, 11)",1,-0.08
631,77,"(41, 11)",1,-0.08
631,78,"(42, 11)",1,-0.08
631,79,"(43, 11)",1,-0.08
631,80,"(44, 11)",1,-0.08
631,81,"(45, 11)",0,-0.08
631,82,"(45, 10)",0,-0.08
631,83,"(45, 9)",1,-0.08
631,84,"(46, 9)",0,-0.08
631,85,"(46, 8)",0,-0.08
631,86,"(46, 7)",1,-0.08
631,87,"(47, 7)",1,-0.08
631,88,"(48, 7)",1,-0.08
631,89,"(49, 7)",1,-0.08
631,90,"(50, 7)",1,-0.08
631,91,"(51, 7)",1,-0.08
631,92,"(52, 7)",1,-0.08
631,93,"(53, 7)",1,-0.08
631,94,"(54, 7)",1,-0.08
631,95,"(55, 7)",1,-0.08
631,96,"(56, 7)",1,-0.08
631,97,"(57, 7)",1,-0.08
631,98,"(58, 7)",1,-0.08
631,99,"(59, 7)",1,-0.08
631,100,"(60, 7)",1,-0.08
631,101,"(61, 7)",1,-0.08
631,102,"(62, 7)",1,-0.08
631,103,"(63, 7)",1,-0.08
631,104,"(64, 7)",1,-0.08
631,105,"(65, 7)",1,-0.08
631,106,"(66, 7)",1,-0.08
631,107,"(67, 7)",1,-0.08
631,108,"(68, 7)",1,-0.08
631,109,"(69, 7)",1,-0.08
631,110,"(70, 7)",1,-0.08
631,111,"(71, 7)",1,-0.08
631,112,"(72, 7)",0,-0.08
631,113,"(72, 6)",0,-0.08
631,114,"(72, 5)",1,-0.08
631,115,"(73, 5)",1,-0.08
631,116,"(74, 5)",0,-0.08
631,117,"(74, 4)",1,-0.08
631,118,"(75, 4)",0,-0.08
631,119,"(75, 3)",1,-0.08
631,120,"(76, 3)",0,-0.08
631,121,"(76, 2)",1,-0.08
631,122,"(77, 2)",0,-0.08
631,123,"(77, 1)",0,-0.08
631,124,"(77, 0)",1,-0.08
631,125,"(78, 0)",1,8.33
632,0,"(0, 39)",0,-0.08
632,1,"(0, 38)",1,-0.08
632,2,"(1, 38)",1,-8.33
632,3,"(1, 38)",0,-0.08
632,4,"(1, 37)",0,-8.33
632,5,"(1, 37)",3,-0.08
632,6,"(0, 37)",0,-0.08
632,7,"(0, 36)",0,-0.08
632,8,"(0, 35)",0,-0.08
632,9,"(0, 34)",0,-0.08
632,10,"(0, 33)",1,-0.08
632,11,"(1, 33)",0,-0.08
632,12,"(1, 32)",0,-0.08
632,13,"(1, 31)",1,-0.08
632,14,"(2, 31)",1,-0.08
632,15,"(3, 31)",0,-8.33
632,16,"(3, 31)",2,-0.08
632,17,"(3, 32)",2,-0.08
632,18,"(3, 33)",1,-0.08
632,19,"(4, 33)",1,-0.08
632,20,"(5, 33)",0,-0.08
632,21,"(5, 32)",0,-0.08
632,22,"(5, 31)",1,-0.08
632,23,"(6, 31)",1,-0.08
632,24,"(7, 31)",1,-0.08
632,25,"(8, 31)",0,-0.08
632,26,"(8, 30)",0,-0.08
632,27,"(8, 29)",0,-0.08
632,28,"(8, 28)",0,-0.08
632,29,"(8, 27)",1,-0.08
632,30,"(9, 27)",1,-0.08
632,31,"(10, 27)",1,-0.08
632,32,"(11, 27)",1,-0.08
632,33,"(12, 27)",1,-0.08
632,34,"(13, 27)",1,-0.08
632,35,"(14, 27)",1,-0.08
632,36,"(15, 27)",0,-0.08
632,37,"(15, 26)",1,-0.08
632,38,"(16, 26)",0,-0.08
632,39,"(16, 25)",1,-0.08
632,40,"(17, 25)",0,-0.08
632,41,"(17, 24)",0,-0.08
632,42,"(17, 23)",1,-0.08
632,43,"(18, 23)",1,-0.08
632,44,"(19, 23)",1,-0.08
632,45,"(20, 23)",0,-0.08
632,46,"(20, 22)",1,-0.08
632,47,"(21, 22)",0,-0.08
632,48,"(21, 21)",0,-0.08
632,49,"(21, 20)",0,-0.08
632,50,"(21, 19)",1,-0.08
632,51,"(22, 19)",1,-0.08
632,52,"(23, 19)",0,-0.08
632,53,"(23, 18)",0,-0.08
632,54,"(23, 17)",1,-0.08
632,55,"(24, 17)",1,-0.08
632,56,"(25, 17)",1,-0.08
632,57,"(26, 17)",1,-0.08
632,58,"(27, 17)",1,-0.08
632,59,"(28, 17)",0,-0.08
632,60,"(28, 16)",0,-0.08
632,61,"(28, 15)",1,-0.08
632,62,"(29, 15)",1,-0.08
632,63,"(30, 15)",1,-0.08
632,64,"(31, 15)",0,-0.08
632,65,"(31, 14)",0,-0.08
632,66,"(31, 13)",1,-0.08
632,67,"(32, 13)",1,-0.08
632,68,"(33, 13)",1,-0.08
632,69,"(34, 13)",1,-0.08
632,70,"(35, 13)",0,-0.08
632,71,"(35, 12)",1,-0.08
632,72,"(36, 12)",1,-0.08
632,73,"(37, 12)",1,-0.08
632,74,"(38, 12)",1,-0.08
632,75,"(39, 12)",0,-0.08
632,76,"(39, 11)",1,-0.08
632,77,"(40, 11)",1,-0.08
632,78,"(41, 11)",1,-0.08
632,79,"(42, 11)",1,-0.08
632,80,"(43, 11)",1,-0.08
632,81,"(44, 11)",1,-0.08
632,82,"(45, 11)",0,-0.08
632,83,"(45, 10)",1,-0.08
632,84,"(46, 10)",0,-0.08
632,85,"(46, 9)",0,-0.08
632,86,"(46, 8)",0,-0.08
632,87,"(46, 7)",1,-0.08
632,88,"(47, 7)",1,-0.08
632,89,"(48, 7)",1,-0.08
632,90,"(49, 7)",1,-0.08
632,91,"(50, 7)",1,-0.08
632,92,"(51, 7)",1,-0.08
632,93,"(52, 7)",1,-0.08
632,94,"(53, 7)",1,-0.08
632,95,"(54, 7)",1,-0.08
632,96,"(55, 7)",1,-0.08
632,97,"(56, 7)",1,-0.08
632,98,"(57, 7)",1,-0.08
632,99,"(58, 7)",1,-0.08
632,100,"(59, 7)",1,-0.08
632,101,"(60, 7)",1,-0.08
632,102,"(61, 7)",1,-0.08
632,103,"(62, 7)",1,-0.08
632,104,"(63, 7)",1,-0.08
632,105,"(64, 7)",1,-0.08
632,106,"(65, 7)",1,-0.08
632,107,"(66, 7)",1,-0.08
632,108,"(67, 7)",1,-0.08
632,109,"(68, 7)",1,-0.08
632,110,"(69, 7)",0,-0.08
632,111,"(69, 6)",1,-0.08
632,112,"(70, 6)",1,-0.08
632,113,"(71, 6)",1,-0.08
632,114,"(72, 6)",0,-0.08
632,115,"(72, 5)",1,-0.08
632,116,"(73, 5)",1,-0.08
632,117,"(74, 5)",0,-0.08
632,118,"(74, 4)",0,-0.08
632,119,"(74, 3)",1,-0.08
632,120,"(75, 3)",1,-0.08
632,121,"(76, 3)",0,-0.08
632,122,"(76, 2)",0,-0.08
632,123,"(76, 1)",0,-0.08
632,124,"(76, 0)",1,-0.08
632,125,"(77, 0)",1,-0.08
632,126,"(78, 0)",1,8.33
633,0,"(0, 39)",0,-0.08
633,1,"(0, 38)",0,-0.08
633,2,"(0, 37)",1,-0.08
633,3,"(1, 37)",1,-8.33
633,4,"(1, 37)",0,-8.33
633,5,"(1, 37)",3,-0.08
633,6,"(0, 37)",0,-0.08
633,7,"(0, 36)",0,-0.08
633,8,"(0, 35)",1,-0.08
633,9,"(1, 35)",0,-0.08
633,10,"(1, 34)",0,-0.08
633,11,"(1, 33)",0,-0.08
633,12,"(1, 32)",1,-0.08
633,13,"(2, 32)",1,-0.08
633,14,"(3, 32)",0,-0.08
633,15,"(3, 31)",0,-8.33
633,16,"(3, 31)",0,-8.33
633,17,"(3, 31)",2,-0.08
633,18,"(3, 32)",2,-0.08
633,19,"(3, 33)",1,-0.08
633,20,"(4, 33)",1,-0.08
633,21,"(5, 33)",1,-0.08
633,22,"(6, 33)",1,-0.08
633,23,"(7, 33)",0,-0.08
633,24,"(7, 32)",1,-0.08
633,25,"(8, 32)",0,-0.08
633,26,"(8, 31)",1,-0.08
633,27,"(9, 31)",0,-0.08
633,28,"(9, 30)",1,-0.08
633,29,"(10, 30)",0,-0.08
633,30,"(10, 29)",0,-0.08
633,31,"(10, 28)",0,-0.08
633,32,"(10, 27)",1,-0.08
633,33,"(11, 27)",1,-0.08
633,34,"(12, 27)",1,-0.08
633,35,"(13, 27)",1,-0.08
633,36,"(14, 27)",1,-0.08
633,37,"(15, 27)",0,-0.08
633,38,"(15, 26)",0,-0.08
633,39,"(15, 25)",1,-0.08
633,40,"(16, 25)",1,-0.08
633,41,"(17, 25)",0,-0.08
633,42,"(17, 24)",0,-0.08
633,43,"(17, 23)",1,-0.08
633,44,"(18, 23)",0,-0.08
633,45,"(18, 22)",1,-0.08
633,46,"(19, 22)",1,-0.08
633,47,"(20, 22)",0,-0.08
633,48,"(20, 21)",0,-0.08
633,49,"(20, 20)",0,-0.08
633,50,"(20, 19)",1,-0.08
633,51,"(21, 19)",1,-0.08
633,52,"(22, 19)",1,-0.08
633,53,"(23, 19)",0,-0.08
633,54,"(23, 18)",0,-0.08
633,55,"(23, 17)",0,-0.08
633,56,"(23, 16)",0,-0.08
633,57,"(23, 15)",1,-0.08
633,58,"(24, 15)",1,-0.08
633,59,"(25, 15)",1,-0.08
633,60,"(26, 15)",1,-0.08
633,61,"(27, 15)",1,-0.08
633,62,"(28, 15)",1,-0.08
633,63,"(29, 15)",0,-0.08
633,64,"(29, 14)",0,-0.08
633,65,"(29, 13)",1,-0.08
633,66,"(30, 13)",1,-0.08
633,67,"(31, 13)",1,-0.08
633,68,"(32, 13)",1,-0.08
633,69,"(33, 13)",1,-0.08
633,70,"(34, 13)",1,-0.08
633,71,"(35, 13)",1,-0.08
633,72,"(36, 13)",1,-0.08
633,73,"(37, 13)",0,-0.08
633,74,"(37, 12)",1,-0.08
633,75,"(38, 12)",1,-0.08
633,76,"(39, 12)",0,-0.08
633,77,"(39, 11)",1,-0.08
633,78,"(40, 11)",1,-0.08
633,79,"(41, 11)",1,-0.08
633,80,"(42, 11)",1,-0.08
633,81,"(43, 11)",1,-0.08
633,82,"(44, 11)",1,-0.08
633,83,"(45, 11)",0,-0.08
633,84,"(45, 10)",0,-0.08
633,85,"(45, 9)",1,-0.08
633,86,"(46, 9)",0,-0.08
633,87,"(46, 8)",0,-0.08
633,88,"(46, 7)",1,-0.08
633,89,"(47, 7)",1,-0.08
633,90,"(48, 7)",1,-0.08
633,91,"(49, 7)",1,-0.08
633,92,"(50, 7)",1,-0.08
633,93,"(51, 7)",1,-0.08
633,94,"(52, 7)",1,-0.08
633,95,"(53, 7)",1,-0.08
633,96,"(54, 7)",1,-0.08
633,97,"(55, 7)",1,-0.08
633,98,"(56, 7)",1,-0.08
633,99,"(57, 7)",1,-0.08
633,100,"(58, 7)",1,-0.08
633,101,"(59, 7)",1,-0.08
633,102,"(60, 7)",1,-0.08
633,103,"(61, 7)",1,-0.08
633,104,"(62, 7)",1,-0.08
633,105,"(63, 7)",1,-0.08
633,106,"(64, 7)",1,-0.08
633,107,"(65, 7)",1,-0.08
633,108,"(66, 7)",1,-0.08
633,109,"(67, 7)",1,-0.08
633,110,"(68, 7)",1,-0.08
633,111,"(69, 7)",1,-0.08
633,112,"(70, 7)",1,-0.08
633,113,"(71, 7)",0,-0.08
633,114,"(71, 6)",0,-0.08
633,115,"(71, 5)",1,-0.08
633,116,"(72, 5)",1,-0.08
633,117,"(73, 5)",1,-0.08
633,118,"(74, 5)",1,-0.08
633,119,"(75, 5)",0,-0.08
633,120,"(75, 4)",0,-0.08
633,121,"(75, 3)",1,-0.08
633,122,"(76, 3)",1,-0.08
633,123,"(77, 3)",0,-0.08
633,124,"(77, 2)",0,-0.08
633,125,"(77, 1)",1,-0.08
633,126,"(78, 1)",1,-0.08
633,127,"(79, 1)",0,8.33
634,0,"(0, 39)",1,-0.08
634,1,"(1, 39)",0,-0.08
634,2,"(1, 38)",0,-0.08
634,3,"(1, 37)",1,-8.33
634,4,"(1, 37)",0,-8.33
634,5,"(1, 37)",3,-0.08
634,6,"(0, 37)",0,-0.08
634,7,"(0, 36)",0,-0.08
634,8,"(0, 35)",1,-0.08
634,9,"(1, 35)",1,-0.08
634,10,"(2, 35)",0,-0.08
634,11,"(2, 34)",0,-0.08
634,12,"(2, 33)",0,-0.08
634,13,"(2, 32)",1,-0.08
634,14,"(3, 32)",0,-0.08
634,15,"(3, 31)",0,-8.33
634,16,"(3, 31)",0,-8.33
634,17,"(3, 31)",3,-0.08
634,18,"(2, 31)",3,-0.08
634,19,"(1, 31)",0,-0.08
634,20,"(1, 30)",0,-0.08
634,21,"(1, 29)",1,-0.08
634,22,"(2, 29)",1,-0.08
634,23,"(3, 29)",1,-0.08
634,24,"(4, 29)",1,-0.08
634,25,"(5, 29)",1,-0.08
634,26,"(6, 29)",1,-0.08
634,27,"(7, 29)",1,-0.08
634,28,"(8, 29)",0,-0.08
634,29,"(8, 28)",0,-0.08
634,30,"(8, 27)",1,-0.08
634,31,"(9, 27)",1,-0.08
634,32,"(10, 27)",1,-0.08
634,33,"(11, 27)",1,-0.08
634,34,"(12, 27)",1,-0.08
634,35,"(13, 27)",1,-0.08
634,36,"(14, 27)",1,-0.08
634,37,"(15, 27)",0,-0.08
634,38,"(15, 26)",0,-0.08
634,39,"(15, 25)",1,-0.08
634,40,"(16, 25)",1,-0.08
634,41,"(17, 25)",0,-0.08
634,42,"(17, 24)",0,-0.08
634,43,"(17, 23)",1,-0.08
634,44,"(18, 23)",1,-0.08
634,45,"(19, 23)",0,-0.08
634,46,"(19, 22)",1,-0.08
634,47,"(20, 22)",0,-0.08
634,48,"(20, 21)",1,-0.08
634,49,"(21, 21)",1,-0.08
634,50,"(22, 21)",0,-0.08
634,51,"(22, 20)",1,-0.08
634,52,"(23, 20)",1,-0.08
634,53,"(24, 20)",1,-0.08
634,54,"(25, 20)",0,-0.08
634,55,"(25, 19)",1,-0.08
634,56,"(26, 19)",0,-0.08
634,57,"(26, 18)",1,-0.08
634,58,"(27, 18)",0,-0.08
634,59,"(27, 17)",0,-0.08
634,60,"(27, 16)",1,-0.08
634,61,"(28, 16)",1,-0.08
634,62,"(29, 16)",0,-0.08
634,63,"(29, 15)",0,-0.08
634,64,"(29, 14)",0,-0.08
634,65,"(29, 13)",1,-0.08
634,66,"(30, 13)",1,-0.08
634,67,"(31, 13)",1,-0.08
634,68,"(32, 13)",1,-0.08
634,69,"(33, 13)",1,-0.08
634,70,"(34, 13)",1,-0.08
634,71,"(35, 13)",1,-0.08
634,72,"(36, 13)",1,-0.08
634,73,"(37, 13)",0,-0.08
634,74,"(37, 12)",1,-0.08
634,75,"(38, 12)",1,-0.08
634,76,"(39, 12)",0,-0.08
634,77,"(39, 11)",1,-0.08
634,78,"(40, 11)",1,-0.08
634,79,"(41, 11)",1,-0.08
634,80,"(42, 11)",1,-0.08
634,81,"(43, 11)",1,-0.08
634,82,"(44, 11)",1,-0.08
634,83,"(45, 11)",0,-0.08
634,84,"(45, 10)",0,-0.08
634,85,"(45, 9)",0,-0.08
634,86,"(45, 8)",0,-0.08
634,87,"(45, 7)",1,-0.08
634,88,"(46, 7)",1,-0.08
634,89,"(47, 7)",1,-0.08
634,90,"(48, 7)",1,-0.08
634,91,"(49, 7)",1,-0.08
634,92,"(50, 7)",1,-0.08
634,93,"(51, 7)",1,-0.08
634,94,"(52, 7)",1,-0.08
634,95,"(53, 7)",1,-0.08
634,96,"(54, 7)",1,-0.08
634,97,"(55, 7)",1,-0.08
634,98,"(56, 7)",1,-0.08
634,99,"(57, 7)",1,-0.08
634,100,"(58, 7)",1,-0.08
634,101,"(59, 7)",1,-0.08
634,102,"(60, 7)",1,-0.08
634,103,"(61, 7)",1,-0.08
634,104,"(62, 7)",1,-0.08
634,105,"(63, 7)",1,-0.08
634,106,"(64, 7)",1,-0.08
634,107,"(65, 7)",1,-0.08
634,108,"(66, 7)",1,-0.08
634,109,"(67, 7)",1,-0.08
634,110,"(68, 7)",1,-0.08
634,111,"(69, 7)",0,-0.08
634,112,"(69, 6)",1,-0.08
634,113,"(70, 6)",1,-0.08
634,114,"(71, 6)",0,-0.08
634,115,"(71, 5)",1,-0.08
634,116,"(72, 5)",1,-0.08
634,117,"(73, 5)",1,-0.08
634,118,"(74, 5)",0,-0.08
634,119,"(74, 4)",1,-0.08
634,120,"(75, 4)",0,-0.08
634,121,"(75, 3)",1,-0.08
634,122,"(76, 3)",0,-0.08
634,123,"(76, 2)",1,-0.08
634,124,"(77, 2)",0,-0.08
634,125,"(77, 1)",1,-0.08
634,126,"(78, 1)",1,-0.08
634,127,"(79, 1)",0,8.33
635,0,"(0, 39)",1,-0.08
635,1,"(1, 39)",1,-0.08
635,2,"(2, 39)",1,-0.08
635,3,"(3, 39)",0,-0.08
635,4,"(3, 38)",0,-0.08
635,5,"(3, 37)",1,-8.33
635,6,"(3, 37)",0,-0.08
635,7,"(3, 36)",0,-0.08
635,8,"(3, 35)",3,-0.08
635,9,"(2, 35)",0,-0.08
635,10,"(2, 34)",0,-0.08
635,11,"(2, 33)",1,-0.08
635,12,"(3, 33)",1,-0.08
635,13,"(4, 33)",1,-0.08
635,14,"(5, 33)",1,-0.08
635,15,"(6, 33)",1,-0.08
635,16,"(7, 33)",0,-0.08
635,17,"(7, 32)",0,-0.08
635,18,"(7, 31)",1,-0.08
635,19,"(8, 31)",1,-0.08
635,20,"(9, 31)",0,-0.08
635,21,"(9, 30)",0,-0.08
635,22,"(9, 29)",1,-0.08
635,23,"(10, 29)",0,-0.08
635,24,"(10, 28)",0,-0.08
635,25,"(10, 27)",1,-0.08
635,26,"(11, 27)",1,-0.08
635,27,"(12, 27)",0,-0.08
635,28,"(12, 26)",0,-0.08
635,29,"(12, 25)",0,-0.08
635,30,"(12, 24)",0,-8.33
635,31,"(12, 24)",1,-0.08
635,32,"(13, 24)",1,-0.08
635,33,"(14, 24)",0,-0.08
635,34,"(14, 23)",1,-0.08
635,35,"(15, 23)",1,-0.08
635,36,"(16, 23)",0,-0.08
635,37,"(16, 22)",1,-0.08
635,38,"(17, 22)",1,-0.08
635,39,"(18, 22)",1,-0.08
635,40,"(19, 22)",1,-0.08
635,41,"(20, 22)",1,-0.08
635,42,"(21, 22)",0,-0.08
635,43,"(21, 21)",1,-0.08
635,44,"(22, 21)",0,-0.08
635,45,"(22, 20)",1,-0.08
635,46,"(23, 20)",0,-0.08
635,47,"(23, 19)",0,-0.08
635,48,"(23, 18)",0,-0.08
635,49,"(23, 17)",1,-0.08
635,50,"(24, 17)",1,-0.08
635,51,"(25, 17)",1,-0.08
635,52,"(26, 17)",1,-0.08
635,53,"(27, 17)",0,-0.08
635,54,"(27, 16)",0,-0.08
635,55,"(27, 15)",0,-0.08
635,56,"(27, 14)",0,-0.08
635,57,"(27, 13)",1,-0.08
635,58,"(28, 13)",1,-0.08
635,59,"(29, 13)",1,-0.08
635,60,"(30, 13)",1,-0.08
635,61,"(31, 13)",1,-0.08
635,62,"(32, 13)",1,-0.08
635,63,"(33, 13)",1,-0.08
635,64,"(34, 13)",1,-0.08
635,65,"(35, 13)",0,-0.08
635,66,"(35, 12)",1,-0.08
635,67,"(36, 12)",1,-0.08
635,68,"(37, 12)",1,-0.08
635,69,"(38, 12)",1,-0.08
635,70,"(39, 12)",0,-0.08
635,71,"(39, 11)",1,-0.08
635,72,"(40, 11)",1,-0.08
635,73,"(41, 11)",1,-0.08
635,74,"(42, 11)",1,-0.08
635,75,"(43, 11)",1,-0.08
635,76,"(44, 11)",1,-0.08
635,77,"(45, 11)",0,-0.08
635,78,"(45, 10)",1,-0.08
635,79,"(46, 10)",0,-0.08
635,80,"(46, 9)",0,-0.08
635,81,"(46, 8)",0,-0.08
635,82,"(46, 7)",1,-0.08
635,83,"(47, 7)",1,-0.08
635,84,"(48, 7)",1,-0.08
635,85,"(49, 7)",1,-0.08
635,86,"(50, 7)",1,-0.08
635,87,"(51, 7)",1,-0.08
635,88,"(52, 7)",1,-0.08
635,89,"(53, 7)",1,-0.08
635,90,"(54, 7)",1,-0.08
635,91,"(55, 7)",1,-0.08
635,92,"(56, 7)",1,-0.08
635,93,"(57, 7)",1,-0.08
635,94,"(58, 7)",1,-0.08
635,95,"(59, 7)",1,-0.08
635,96,"(60, 7)",1,-0.08
635,97,"(61, 7)",1,-0.08
635,98,"(62, 7)",1,-0.08
635,99,"(63, 7)",1,-0.08
635,100,"(64, 7)",1,-0.08
635,101,"(65, 7)",1,-0.08
635,102,"(66, 7)",1,-0.08
635,103,"(67, 7)",1,-0.08
635,104,"(68, 7)",1,-0.08
635,105,"(69, 7)",1,-0.08
635,106,"(70, 7)",1,-0.08
635,107,"(71, 7)",0,-0.08
635,108,"(71, 6)",0,-0.08
635,109,"(71, 5)",1,-0.08
635,110,"(72, 5)",1,-0.08
635,111,"(73, 5)",1,-0.08
635,112,"(74, 5)",0,-0.08
635,113,"(74, 4)",0,-0.08
635,114,"(74, 3)",1,-0.08
635,115,"(75, 3)",1,-0.08
635,116,"(76, 3)",1,-0.08
635,117,"(77, 3)",0,-0.08
635,118,"(77, 2)",0,-0.08
635,119,"(77, 1)",0,-0.08
635,120,"(77, 0)",1,-0.08
635,121,"(78, 0)",1,8.33
636,0,"(0, 39)",1,-0.08
636,1,"(1, 39)",1,-0.08
636,2,"(2, 39)",1,-0.08
636,3,"(3, 39)",1,-0.08
636,4,"(4, 39)",1,-0.08
636,5,"(5, 39)",0,-8.33
636,6,"(5, 39)",1,-0.08
636,7,"(6, 39)",1,-0.08
636,8,"(7, 39)",0,-0.08
636,9,"(7, 38)",0,-0.08
636,10,"(7, 37)",0,-0.08
636,11,"(7, 36)",0,-0.08
636,12,"(7, 35)",0,-0.08
636,13,"(7, 34)",0,-0.08
636,14,"(7, 33)",0,-0.08
636,15,"(7, 32)",1,-0.08
636,16,"(8, 32)",0,-0.08
636,17,"(8, 31)",1,-0.08
636,18,"(9, 31)",0,-0.08
636,19,"(9, 30)",1,-0.08
636,20,"(10, 30)",0,-0.08
636,21,"(10, 29)",0,-0.08
636,22,"(10, 28)",0,-0.08
636,23,"(10, 27)",1,-0.08
636,24,"(11, 27)",1,-0.08
636,25,"(12, 27)",1,-0.08
636,26,"(13, 27)",0,-0.08
636,27,"(13, 26)",0,-0.08
636,28,"(13, 25)",1,-0.08
636,29,"(14, 25)",1,-0.08
636,30,"(15, 25)",1,-0.08
636,31,"(16, 25)",1,-0.08
636,32,"(17, 25)",0,-0.08
636,33,"(17, 24)",0,-0.08
636,34,"(17, 23)",0,-0.08
636,35,"(17, 22)",1,-0.08
636,36,"(18, 22)",1,-0.08
636,37,"(19, 22)",0,-0.08
636,38,"(19, 21)",1,-0.08
636,39,"(20, 21)",0,-0.08
636,40,"(20, 20)",1,-0.08
636,41,"(21, 20)",1,-0.08
636,42,"(22, 20)",0,-0.08
636,43,"(22, 19)",1,-0.08
636,44,"(23, 19)",0,-0.08
636,45,"(23, 18)",0,-0.08
636,46,"(23, 17)",0,-0.08
636,47,"(23, 16)",0,-0.08
636,48,"(23, 15)",1,-0.08
636,49,"(24, 15)",1,-0.08
636,50,"(25, 15)",1,-0.08
636,51,"(26, 15)",1,-0.08
636,52,"(27, 15)",1,-0.08
636,53,"(28, 15)",1,-0.08
636,54,"(29, 15)",1,-0.08
636,55,"(30, 15)",1,-0.08
636,56,"(31, 15)",1,-0.08
636,57,"(32, 15)",1,-0.08
636,58,"(33, 15)",1,-0.08
636,59,"(34, 15)",1,-0.08
636,60,"(35, 15)",0,-0.08
636,61,"(35, 14)",0,-0.08
636,62,"(35, 13)",0,-0.08
636,63,"(35, 12)",1,-0.08
636,64,"(36, 12)",1,-0.08
636,65,"(37, 12)",1,-0.08
636,66,"(38, 12)",1,-0.08
636,67,"(39, 12)",0,-0.08
636,68,"(39, 11)",1,-0.08
636,69,"(40, 11)",1,-0.08
636,70,"(41, 11)",1,-0.08
636,71,"(42, 11)",1,-0.08
636,72,"(43, 11)",1,-0.08
636,73,"(44, 11)",1,-0.08
636,74,"(45, 11)",0,-0.08
636,75,"(45, 10)",0,-0.08
636,76,"(45, 9)",1,-0.08
636,77,"(46, 9)",0,-0.08
636,78,"(46, 8)",0,-0.08
636,79,"(46, 7)",1,-0.08
636,80,"(47, 7)",1,-0.08
636,81,"(48, 7)",1,-0.08
636,82,"(49, 7)",1,-0.08
636,83,"(50, 7)",1,-0.08
636,84,"(51, 7)",1,-0.08
636,85,"(52, 7)",1,-0.08
636,86,"(53, 7)",1,-0.08
636,87,"(54, 7)",1,-0.08
636,88,"(55, 7)",1,-0.08
636,89,"(56, 7)",1,-0.08
636,90,"(57, 7)",1,-0.08
636,91,"(58, 7)",1,-0.08
636,92,"(59, 7)",1,-0.08
636,93,"(60, 7)",1,-0.08
636,94,"(61, 7)",1,-0.08
636,95,"(62, 7)",1,-0.08
636,96,"(63, 7)",1,-0.08
636,97,"(64, 7)",1,-0.08
636,98,"(65, 7)",1,-0.08
636,99,"(66, 7)",1,-0.08
636,100,"(67, 7)",1,-0.08
636,101,"(68, 7)",1,-0.08
636,102,"(69, 7)",1,-0.08
636,103,"(70, 7)",1,-0.08
636,104,"(71, 7)",0,-0.08
636,105,"(71, 6)",1,-0.08
636,106,"(72, 6)",0,-0.08
636,107,"(72, 5)",1,-0.08
636,108,"(73, 5)",1,-0.08
636,109,"(74, 5)",1,-0.08
636,110,"(75, 5)",1,-0.08
636,111,"(76, 5)",1,-0.08
636,112,"(77, 5)",0,-0.08
636,113,"(77, 4)",0,-0.08
636,114,"(77, 3)",0,-0.08
636,115,"(77, 2)",0,-0.08
636,116,"(77, 1)",1,-0.08
636,117,"(78, 1)",0,-0.08
636,118,"(78, 0)",1,8.33
637,0,"(0, 39)",0,-0.08
637,1,"(0, 38)",1,-0.08
637,2,"(1, 38)",1,-8.33
637,3,"(1, 38)",0,-0.08
637,4,"(1, 37)",0,-8.33
637,5,"(1, 37)",3,-0.08
637,6,"(0, 37)",0,-0.08
637,7,"(0, 36)",0,-0.08
637,8,"(0, 35)",1,-0.08
637,9,"(1, 35)",1,-0.08
637,10,"(2, 35)",0,-0.08
637,11,"(2, 34)",0,-0.08
637,12,"(2, 33)",0,-0.08
637,13,"(2, 32)",0,-0.08
637,14,"(2, 31)",1,-0.08
637,15,"(3, 31)",0,-8.33
637,16,"(3, 31)",0,-8.33
637,17,"(3, 31)",2,-0.08
637,18,"(3, 32)",2,-0.08
637,19,"(3, 33)",1,-0.08
637,20,"(4, 33)",1,-0.08
637,21,"(5, 33)",1,-0.08
637,22,"(6, 33)",1,-0.08
637,23,"(7, 33)",1,-0.08
637,24,"(8, 33)",0,-0.08
637,25,"(8, 32)",1,-0.08
637,26,"(9, 32)",0,-0.08
637,27,"(9, 31)",0,-0.08
637,28,"(9, 30)",1,-0.08
637,29,"(10, 30)",0,-0.08
637,30,"(10, 29)",0,-0.08
637,31,"(10, 28)",0,-0.08
637,32,"(10, 27)",1,-0.08
637,33,"(11, 27)",1,-0.08
637,34,"(12, 27)",1,-0.08
637,35,"(13, 27)",1,-0.08
637,36,"(14, 27)",1,-0.08
637,37,"(15, 27)",1,-0.08
637,38,"(16, 27)",1,-0.08
637,39,"(17, 27)",1,-0.08
637,40,"(18, 27)",1,-0.08
637,41,"(19, 27)",1,-0.08
637,42,"(20, 27)",1,-0.08
637,43,"(21, 27)",0,-0.08
637,44,"(21, 26)",1,-0.08
637,45,"(22, 26)",1,-0.08
637,46,"(23, 26)",0,-0.08
637,47,"(23, 25)",1,-0.08
637,48,"(24, 25)",0,-0.08
637,49,"(24, 24)",1,-0.08
637,50,"(25, 24)",0,-0.08
637,51,"(25, 23)",0,-0.08
637,52,"(25, 22)",0,-0.08
637,53,"(25, 21)",1,-0.08
637,54,"(26, 21)",1,-0.08
637,55,"(27, 21)",0,-0.08
637,56,"(27, 20)",0,-0.08
637,57,"(27, 19)",0,-0.08
637,58,"(27, 18)",0,-0.08
637,59,"(27, 17)",1,-0.08
637,60,"(28, 17)",1,-0.08
637,61,"(29, 17)",0,-0.08
637,62,"(29, 16)",0,-0.08
637,63,"(29, 15)",1,-0.08
637,64,"(30, 15)",1,-0.08
637,65,"(31, 15)",0,-0.08
637,66,"(31, 14)",1,-0.08
637,67,"(32, 14)",0,-0.08
637,68,"(32, 13)",1,-0.08
637,69,"(33, 13)",1,-0.08
637,70,"(34, 13)",1,-0.08
637,71,"(35, 13)",0,-0.08
637,72,"(35, 12)",1,-0.08
637,73,"(36, 12)",1,-0.08
637,74,"(37, 12)",1,-0.08
637,75,"(38, 12)",1,-0.08
637,76,"(39, 12)",0,-0.08
637,77,"(39, 11)",1,-0.08
637,78,"(40, 11)",1,-0.08
637,79,"(41, 11)",1,-0.08
637,80,"(42, 11)",1,-0.08
637,81,"(43, 11)",1,-0.08
637,82,"(44, 11)",1,-0.08
637,83,"(45, 11)",0,-0.08
637,84,"(45, 10)",0,-0.08
637,85,"(45, 9)",1,-0.08
637,86,"(46, 9)",0,-0.08
637,87,"(46, 8)",0,-0.08
637,88,"(46, 7)",1,-0.08
637,89,"(47, 7)",1,-0.08
637,90,"(48, 7)",1,-0.08
637,91,"(49, 7)",1,-0.08
637,92,"(50, 7)",1,-0.08
637,93,"(51, 7)",1,-0.08
637,94,"(52, 7)",1,-0.08
637,95,"(53, 7)",1,-0.08
637,96,"(54, 7)",1,-0.08
637,97,"(55, 7)",1,-0.08
637,98,"(56, 7)",1,-0.08
637,99,"(57, 7)",1,-0.08
637,100,"(58, 7)",1,-0.08
637,101,"(59, 7)",1,-0.08
637,102,"(60, 7)",1,-0.08
637,103,"(61, 7)",1,-0.08
637,104,"(62, 7)",1,-0.08
637,105,"(63, 7)",1,-0.08
637,106,"(64, 7)",1,-0.08
637,107,"(65, 7)",1,-0.08
637,108,"(66, 7)",1,-0.08
637,109,"(67, 7)",1,-0.08
637,110,"(68, 7)",1,-0.08
637,111,"(69, 7)",1,-0.08
637,112,"(70, 7)",1,-0.08
637,113,"(71, 7)",1,-0.08
637,114,"(72, 7)",1,-0.08
637,115,"(73, 7)",0,-0.08
637,116,"(73, 6)",1,-0.08
637,117,"(74, 6)",0,-0.08
637,118,"(74, 5)",1,-0.08
637,119,"(75, 5)",1,-0.08
637,120,"(76, 5)",1,-0.08
637,121,"(77, 5)",0,-0.08
637,122,"(77, 4)",0,-0.08
637,123,"(77, 3)",0,-0.08
637,124,"(77, 2)",0,-0.08
637,125,"(77, 1)",1,-0.08
637,126,"(78, 1)",0,-0.08
637,127,"(78, 0)",1,8.33
638,0,"(0, 39)",0,-0.08
638,1,"(0, 38)",1,-0.08
638,2,"(1, 38)",1,-8.33
638,3,"(1, 38)",0,-0.08
638,4,"(1, 37)",0,-8.33
638,5,"(1, 37)",3,-0.08
638,6,"(0, 37)",0,-0.08
638,7,"(0, 36)",0,-0.08
638,8,"(0, 35)",0,-0.08
638,9,"(0, 34)",1,-0.08
638,10,"(1, 34)",0,-0.08
638,11,"(1, 33)",1,-0.08
638,12,"(2, 33)",0,-0.08
638,13,"(2, 32)",0,-0.08
638,14,"(2, 31)",1,-0.08
638,15,"(3, 31)",0,-8.33
638,16,"(3, 31)",0,-8.33
638,17,"(3, 31)",2,-0.08
638,18,"(3, 32)",2,-0.08
638,19,"(3, 33)",1,-0.08
638,20,"(4, 33)",1,-0.08
638,21,"(5, 33)",0,-0.08
638,22,"(5, 32)",0,-0.08
638,23,"(5, 31)",0,-0.08
638,24,"(5, 30)",0,-0.08
638,25,"(5, 29)",1,-0.08
638,26,"(6, 29)",1,-0.08
638,27,"(7, 29)",1,-0.08
638,28,"(8, 29)",0,-0.08
638,29,"(8, 28)",0,-0.08
638,30,"(8, 27)",1,-0.08
638,31,"(9, 27)",1,-0.08
638,32,"(10, 27)",1,-0.08
638,33,"(11, 27)",1,-0.08
638,34,"(12, 27)",0,-0.08
638,35,"(12, 26)",0,-0.08
638,36,"(12, 25)",0,-0.08
638,37,"(12, 24)",1,-0.08
638,38,"(13, 24)",0,-0.08
638,39,"(13, 23)",1,-0.08
638,40,"(14, 23)",1,-0.08
638,41,"(15, 23)",1,-0.08
638,42,"(16, 23)",0,-0.08
638,43,"(16, 22)",1,-0.08
638,44,"(17, 22)",1,-0.08
638,45,"(18, 22)",1,-0.08
638,46,"(19, 22)",0,-0.08
638,47,"(19, 21)",0,-0.08
638,48,"(19, 20)",1,-0.08
638,49,"(20, 20)",0,-0.08
638,50,"(20, 19)",1,-0.08
638,51,"(21, 19)",1,-0.08
638,52,"(22, 19)",1,-0.08
638,53,"(23, 19)",0,-0.08
638,54,"(23, 18)",0,-0.08
638,55,"(23, 17)",1,-0.08
638,56,"(24, 17)",1,-0.08
638,57,"(25, 17)",1,-0.08
638,58,"(26, 17)",1,-0.08
638,59,"(27, 17)",0,-0.08
638,60,"(27, 16)",0,-0.08
638,61,"(27, 15)",1,-0.08
638,62,"(28, 15)",1,-0.08
638,63,"(29, 15)",0,-0.08
638,64,"(29, 14)",0,-0.08
638,65,"(29, 13)",1,-0.08
638,66,"(30, 13)",1,-0.08
638,67,"(31, 13)",1,-0.08
638,68,"(32, 13)",1,-0.08
638,69,"(33, 13)",1,-0.08
638,70,"(34, 13)",1,-0.08
638,71,"(35, 13)",1,-0.08
638,72,"(36, 13)",1,-0.08
638,73,"(37, 13)",1,-0.08
638,74,"(38, 13)",1,-0.08
638,75,"(39, 13)",1,-0.08
638,76,"(40, 13)",1,-0.08
638,77,"(41, 13)",0,-0.08
638,78,"(41, 12)",0,-0.08
638,79,"(41, 11)",1,-0.08
638,80,"(42, 11)",1,-0.08
638,81,"(43, 11)",1,-0.08
638,82,"(44, 11)",1,-0.08
638,83,"(45, 11)",0,-0.08
638,84,"(45, 10)",1,-0.08
638,85,"(46, 10)",0,-0.08
638,86,"(46, 9)",0,-0.08
638,87,"(46, 8)",0,-0.08
638,88,"(46, 7)",1,-0.08
638,89,"(47, 7)",1,-0.08
638,90,"(48, 7)",1,-0.08
638,91,"(49, 7)",1,-0.08
638,92,"(50, 7)",1,-0.08
638,93,"(51, 7)",1,-0.08
638,94,"(52, 7)",1,-0.08
638,95,"(53, 7)",1,-0.08
638,96,"(54, 7)",1,-0.08
638,97,"(55, 7)",1,-0.08
638,98,"(56, 7)",1,-0.08
638,99,"(57, 7)",1,-0.08
638,100,"(58, 7)",1,-0.08
638,101,"(59, 7)",1,-0.08
638,102,"(60, 7)",1,-0.08
638,103,"(61, 7)",1,-0.08
638,104,"(62, 7)",1,-0.08
638,105,"(63, 7)",1,-0.08
638,106,"(64, 7)",1,-0.08
638,107,"(65, 7)",1,-0.08
638,108,"(66, 7)",1,-0.08
638,109,"(67, 7)",1,-0.08
638,110,"(68, 7)",1,-0.08
638,111,"(69, 7)",1,-0.08
638,112,"(70, 7)",1,-0.08
638,113,"(71, 7)",0,-0.08
638,114,"(71, 6)",1,-0.08
638,115,"(72, 6)",1,-0.08
638,116,"(73, 6)",1,-0.08
638,117,"(74, 6)",0,-0.08
638,118,"(74, 5)",1,-0.08
638,119,"(75, 5)",1,-0.08
638,120,"(76, 5)",1,-0.08
638,121,"(77, 5)",0,-0.08
638,122,"(77, 4)",0,-0.08
638,123,"(77, 3)",0,-0.08
638,124,"(77, 2)",0,-0.08
638,125,"(77, 1)",0,-0.08
638,126,"(77, 0)",1,-0.08
638,127,"(78, 0)",1,8.33
639,0,"(0, 39)",0,-0.08
639,1,"(0, 38)",1,-0.08
639,2,"(1, 38)",0,-0.08
639,3,"(1, 37)",1,-8.33
639,4,"(1, 37)",0,-8.33
639,5,"(1, 37)",3,-0.08
639,6,"(0, 37)",0,-0.08
639,7,"(0, 36)",0,-0.08
639,8,"(0, 35)",1,-0.08
639,9,"(1, 35)",0,-0.08
639,10,"(1, 34)",0,-0.08
639,11,"(1, 33)",0,-0.08
639,12,"(1, 32)",0,-0.08
639,13,"(1, 31)",1,-0.08
639,14,"(2, 31)",1,-0.08
639,15,"(3, 31)",0,-8.33
639,16,"(3, 31)",3,-0.08
639,17,"(2, 31)",3,-0.08
639,18,"(1, 31)",0,-0.08
639,19,"(1, 30)",0,-0.08
639,20,"(1, 29)",1,-0.08
639,21,"(2, 29)",1,-0.08
639,22,"(3, 29)",0,-0.08
639,23,"(3, 28)",0,-0.08
639,24,"(3, 27)",0,-0.08
639,25,"(3, 26)",0,-0.08
639,26,"(3, 25)",1,-0.08
639,27,"(4, 25)",1,-0.08
639,28,"(5, 25)",1,-0.08
639,29,"(6, 25)",1,-0.08
639,30,"(7, 25)",1,-0.08
639,31,"(8, 25)",1,-0.08
639,32,"(9, 25)",1,-0.08
639,33,"(10, 25)",0,-0.08
639,34,"(10, 24)",1,-0.08
639,35,"(11, 24)",1,-0.08
639,36,"(12, 24)",1,-0.08
639,37,"(13, 24)",1,-0.08
639,38,"(14, 24)",0,-0.08
639,39,"(14, 23)",1,-0.08
639,40,"(15, 23)",1,-0.08
639,41,"(16, 23)",0,-0.08
639,42,"(16, 22)",1,-0.08
639,43,"(17, 22)",1,-0.08
639,44,"(18, 22)",1,-0.08
639,45,"(19, 22)",1,-0.08
639,46,"(20, 22)",0,-0.08
639,47,"(20, 21)",1,-0.08
639,48,"(21, 21)",0,-0.08
639,49,"(21, 20)",1,-0.08
639,50,"(22, 20)",1,-0.08
639,51,"(23, 20)",0,-0.08
639,52,"(23, 19)",0,-0.08
639,53,"(23, 18)",0,-0.08
639,54,"(23, 17)",0,-0.08
639,55,"(23, 16)",0,-0.08
639,56,"(23, 15)",1,-0.08
639,57,"(24, 15)",1,-0.08
639,58,"(25, 15)",1,-0.08
639,59,"(26, 15)",1,-0.08
639,60,"(27, 15)",0,-0.08
639,61,"(27, 14)",0,-0.08
639,62,"(27, 13)",1,-0.08
639,63,"(28, 13)",1,-0.08
639,64,"(29, 13)",1,-0.08
639,65,"(30, 13)",1,-0.08
639,66,"(31, 13)",1,-0.08
639,67,"(32, 13)",1,-0.08
639,68,"(33, 13)",1,-0.08
639,69,"(34, 13)",1,-0.08
639,70,"(35, 13)",1,-0.08
639,71,"(36, 13)",0,-0.08
639,72,"(36, 12)",1,-0.08
639,73,"(37, 12)",1,-0.08
639,74,"(38, 12)",1,-0.08
639,75,"(39, 12)",0,-0.08
639,76,"(39, 11)",1,-0.08
639,77,"(40, 11)",1,-0.08
639,78,"(41, 11)",1,-0.08
639,79,"(42, 11)",1,-0.08
639,80,"(43, 11)",1,-0.08
639,81,"(44, 11)",1,-0.08
639,82,"(45, 11)",0,-0.08
639,83,"(45, 10)",0,-0.08
639,84,"(45, 9)",1,-0.08
639,85,"(46, 9)",0,-0.08
639,86,"(46, 8)",0,-0.08
639,87,"(46, 7)",1,-0.08
639,88,"(47, 7)",1,-0.08
639,89,"(48, 7)",1,-0.08
639,90,"(49, 7)",1,-0.08
639,91,"(50, 7)",1,-0.08
639,92,"(51, 7)",1,-0.08
639,93,"(52, 7)",1,-0.08
639,94,"(53, 7)",1,-0.08
639,95,"(54, 7)",1,-0.08
639,96,"(55, 7)",1,-0.08
639,97,"(56, 7)",1,-0.08
639,98,"(57, 7)",1,-0.08
639,99,"(58, 7)",1,-0.08
639,100,"(59, 7)",1,-0.08
639,101,"(60, 7)",1,-0.08
639,102,"(61, 7)",1,-0.08
639,103,"(62, 7)",1,-0.08
639,104,"(63, 7)",1,-0.08
639,105,"(64, 7)",1,-0.08
639,106,"(65, 7)",1,-0.08
639,107,"(66, 7)",1,-0.08
639,108,"(67, 7)",1,-0.08
639,109,"(68, 7)",1,-0.08
639,110,"(69, 7)",0,-0.08
639,111,"(69, 6)",1,-0.08
639,112,"(70, 6)",1,-0.08
639,113,"(71, 6)",0,-0.08
639,114,"(71, 5)",1,-0.08
639,115,"(72, 5)",1,-0.08
639,116,"(73, 5)",1,-0.08
639,117,"(74, 5)",1,-0.08
639,118,"(75, 5)",1,-0.08
639,119,"(76, 5)",1,-0.08
639,120,"(77, 5)",0,-0.08
639,121,"(77, 4)",0,-0.08
639,122,"(77, 3)",0,-0.08
639,123,"(77, 2)",0,-0.08
639,124,"(77, 1)",1,-0.08
639,125,"(78, 1)",1,-0.08
639,126,"(79, 1)",0,8.33
