episode,t,obs,act,rew
0,0,"(0, 39)",1,-0.08
0,1,"(1, 39)",1,-0.08
0,2,"(2, 39)",1,-0.08
0,3,"(3, 39)",1,-0.08
0,4,"(4, 39)",1,-0.08
0,5,"(5, 39)",1,-0.08
0,6,"(6, 39)",1,-0.08
0,7,"(7, 39)",1,-0.08
0,8,"(8, 39)",1,-0.08
0,9,"(9, 39)",1,-0.08
0,10,"(10, 39)",0,-0.08
0,11,"(10, 38)",0,-0.08
0,12,"(10, 37)",1,-0.08
0,13,"(11, 37)",1,-0.08
0,14,"(12, 37)",1,-0.08
0,15,"(13, 37)",1,-0.08
0,16,"(14, 37)",1,-0.08
0,17,"(15, 37)",1,-0.08
0,18,"(16, 37)",0,-0.08
0,19,"(16, 36)",1,-0.08
0,20,"(17, 36)",0,-0.08
0,21,"(17, 35)",0,-0.08
0,22,"(17, 34)",1,-0.08
0,23,"(18, 34)",0,-0.08
0,24,"(18, 33)",1,-0.08
0,25,"(19, 33)",0,-0.08
0,26,"(19, 32)",0,-0.08
0,27,"(19, 31)",0,-0.08
0,28,"(19, 30)",0,-0.08
0,29,"(19, 29)",1,-0.08
0,30,"(20, 29)",0,-0.08
0,31,"(20, 28)",0,-0.08
0,32,"(20, 27)",1,-0.08
0,33,"(21, 27)",0,-0.08
0,34,"(21, 26)",1,-0.08
0,35,"(22, 26)",0,-0.08
0,36,"(22, 25)",0,-0.08
0,37,"(22, 24)",0,-0.08
0,38,"(22, 23)",1,-0.08
0,39,"(23, 23)",1,-0.08
0,40,"(24, 23)",1,-0.08
0,41,"(25, 23)",0,-0.08
0,42,"(25, 22)",0,-0.08
0,43,"(25, 21)",1,-0.08
0,44,"(26, 21)",1,-0.08
0,45,"(27, 21)",0,-0.08
0,46,"(27, 20)",1,-0.08
0,47,"(28, 20)",0,-0.08
0,48,"(28, 19)",1,-0.08
0,49,"(29, 19)",1,-0.08
0,50,"(30, 19)",1,-0.08
0,51,"(31, 19)",1,-0.08
0,52,"(32, 19)",1,-0.08
0,53,"(33, 19)",1,-0.08
0,54,"(34, 19)",1,-0.08
0,55,"(35, 19)",0,-0.08
0,56,"(35, 18)",0,-0.08
0,57,"(35, 17)",0,-0.08
0,58,"(35, 16)",0,-0.08
0,59,"(35, 15)",0,-0.08
0,60,"(35, 14)",0,-0.08
0,61,"(35, 13)",1,-0.08
0,62,"(36, 13)",1,-0.08
0,63,"(37, 13)",1,-0.08
0,64,"(38, 13)",1,-0.08
0,65,"(39, 13)",0,-0.08
0,66,"(39, 12)",0,-0.08
0,67,"(39, 11)",1,-0.08
0,68,"(40, 11)",1,-0.08
0,69,"(41, 11)",1,-0.08
0,70,"(42, 11)",1,-0.08
0,71,"(43, 11)",1,-0.08
0,72,"(44, 11)",1,-0.08
0,73,"(45, 11)",0,-0.08
0,74,"(45, 10)",0,-0.08
0,75,"(45, 9)",1,-0.08
0,76,"(46, 9)",0,-0.08
0,77,"(46, 8)",0,-0.08
0,78,"(46, 7)",1,-0.08
0,79,"(47, 7)",0,-0.08
0,80,"(47, 6)",1,-0.08
0,81,"(48, 6)",1,-0.08
0,82,"(49, 6)",0,-0.08
0,83,"(49, 5)",1,-0.08
0,84,"(50, 5)",1,-0.08
0,85,"(51, 5)",1,-0.08
0,86,"(52, 5)",1,-0.08
0,87,"(53, 5)",0,-0.08
0,88,"(53, 4)",0,-0.08
0,89,"(53, 3)",1,-0.08
0,90,"(54, 3)",1,-0.08
0,91,"(55, 3)",1,-0.08
0,92,"(56, 3)",1,-0.08
0,93,"(57, 3)",0,-0.08
0,94,"(57, 2)",1,-0.08
0,95,"(58, 2)",0,-0.08
0,96,"(58, 1)",1,-0.08
0,97,"(59, 1)",1,-0.08
0,98,"(60, 1)",1,-0.08
0,99,"(61, 1)",1,-0.08
0,100,"(62, 1)",1,-0.08
0,101,"(63, 1)",1,-0.08
0,102,"(64, 1)",1,-0.08
0,103,"(65, 1)",1,-0.08
0,104,"(66, 1)",1,-0.08
0,105,"(67, 1)",1,-0.08
0,106,"(68, 1)",1,-0.08
0,107,"(69, 1)",1,-0.08
0,108,"(70, 1)",1,-0.08
0,109,"(71, 1)",2,-0.08
0,110,"(71, 2)",2,-0.08
0,111,"(71, 3)",1,-0.08
0,112,"(72, 3)",1,-0.08
0,113,"(73, 3)",0,-0.08
0,114,"(73, 2)",0,-0.08
0,115,"(73, 1)",1,-0.08
0,116,"(74, 1)",0,-0.08
0,117,"(74, 0)",1,-0.08
0,118,"(75, 0)",1,-0.08
0,119,"(76, 0)",1,-0.08
0,120,"(77, 0)",1,-0.08
0,121,"(78, 0)",1,8.33
1,0,"(0, 39)",1,-0.08
1,1,"(1, 39)",1,-0.08
1,2,"(2, 39)",1,-0.08
1,3,"(3, 39)",1,-0.08
1,4,"(4, 39)",1,-0.08
1,5,"(5, 39)",1,-0.08
1,6,"(6, 39)",1,-0.08
1,7,"(7, 39)",1,-0.08
1,8,"(8, 39)",1,-0.08
1,9,"(9, 39)",1,-0.08
1,10,"(10, 39)",1,-0.08
1,11,"(11, 39)",0,-0.08
1,12,"(11, 38)",0,-0.08
1,13,"(11, 37)",1,-0.08
1,14,"(12, 37)",1,-0.08
1,15,"(13, 37)",1,-0.08
1,16,"(14, 37)",1,-0.08
1,17,"(15, 37)",0,-0.08
1,18,"(15, 36)",1,-0.08
1,19,"(16, 36)",1,-0.08
1,20,"(17, 36)",0,-0.08
1,21,"(17, 35)",0,-0.08
1,22,"(17, 34)",0,-0.08
1,23,"(17, 33)",1,-0.08
1,24,"(18, 33)",1,-0.08
1,25,"(19, 33)",0,-0.08
1,26,"(19, 32)",0,-0.08
1,27,"(19, 31)",0,-0.08
1,28,"(19, 30)",0,-0.08
1,29,"(19, 29)",1,-0.08
1,30,"(20, 29)",0,-0.08
1,31,"(20, 28)",0,-0.08
1,32,"(20, 27)",1,-0.08
1,33,"(21, 27)",0,-0.08
1,34,"(21, 26)",1,-0.08
1,35,"(22, 26)",0,-0.08
1,36,"(22, 25)",1,-0.08
1,37,"(23, 25)",1,-0.08
1,38,"(24, 25)",1,-0.08
1,39,"(25, 25)",0,-0.08
1,40,"(25, 24)",0,-0.08
1,41,"(25, 23)",0,-0.08
1,42,"(25, 22)",0,-0.08
1,43,"(25, 21)",0,-0.08
1,44,"(25, 20)",0,-0.08
1,45,"(25, 19)",1,-0.08
1,46,"(26, 19)",1,-0.08
1,47,"(27, 19)",0,-0.08
1,48,"(27, 18)",0,-0.08
1,49,"(27, 17)",0,-0.08
1,50,"(27, 16)",1,-0.08
1,51,"(28, 16)",1,-0.08
1,52,"(29, 16)",0,-0.08
1,53,"(29, 15)",1,-0.08
1,54,"(30, 15)",1,-0.08
1,55,"(31, 15)",1,-0.08
1,56,"(32, 15)",0,-0.08
1,57,"(32, 14)",0,-0.08
1,58,"(32, 13)",1,-0.08
1,59,"(33, 13)",1,-0.08
1,60,"(34, 13)",1,-0.08
1,61,"(35, 13)",1,-0.08
1,62,"(36, 13)",1,-0.08
1,63,"(37, 13)",1,-0.08
1,64,"(38, 13)",1,-0.08
1,65,"(39, 13)",1,-0.08
1,66,"(40, 13)",1,-0.08
1,67,"(41, 13)",0,-0.08
1,68,"(41, 12)",0,-0.08
1,69,"(41, 11)",1,-0.08
1,70,"(42, 11)",1,-0.08
1,71,"(43, 11)",1,-0.08
1,72,"(44, 11)",1,-0.08
1,73,"(45, 11)",0,-0.08
1,74,"(45, 10)",0,-0.08
1,75,"(45, 9)",1,-0.08
1,76,"(46, 9)",0,-0.08
1,77,"(46, 8)",0,-0.08
1,78,"(46, 7)",1,-0.08
1,79,"(47, 7)",0,-0.08
1,80,"(47, 6)",1,-0.08
1,81,"(48, 6)",1,-0.08
1,82,"(49, 6)",0,-0.08
1,83,"(49, 5)",1,-0.08
1,84,"(50, 5)",1,-0.08
1,85,"(51, 5)",0,-0.08
1,86,"(51, 4)",0,-0.08
1,87,"(51, 3)",0,-0.08
1,88,"(51, 2)",1,-0.08
1,89,"(52, 2)",0,-0.08
1,90,"(52, 1)",1,-0.08
1,91,"(53, 1)",1,-0.08
1,92,"(54, 1)",1,-0.08
1,93,"(55, 1)",1,-0.08
1,94,"(56, 1)",1,-0.08
1,95,"(57, 1)",1,-0.08
1,96,"(58, 1)",1,-0.08
1,97,"(59, 1)",1,-0.08
1,98,"(60, 1)",1,-0.08
1,99,"(61, 1)",1,-0.08
1,100,"(62, 1)",1,-0.08
1,101,"(63, 1)",1,-0.08
1,102,"(64, 1)",1,-0.08
1,103,"(65, 1)",1,-0.08
1,104,"(66, 1)",1,-0.08
1,105,"(67, 1)",1,-0.08
1,106,"(68, 1)",1,-0.08
1,107,"(69, 1)",1,-0.08
1,108,"(70, 1)",1,-0.08
1,109,"(71, 1)",2,-0.08
1,110,"(71, 2)",2,-0.08
1,111,"(71, 3)",1,-0.08
1,112,"(72, 3)",1,-0.08
1,113,"(73, 3)",0,-0.08
1,114,"(73, 2)",0,-0.08
1,115,"(73, 1)",1,-0.08
1,116,"(74, 1)",0,-0.08
1,117,"(74, 0)",1,-0.08
1,118,"(75, 0)",1,-0.08
1,119,"(76, 0)",1,-0.08
1,120,"(77, 0)",1,-0.08
1,121,"(78, 0)",1,8.33
2,0,"(0, 39)",1,-0.08
2,1,"(1, 39)",1,-0.08
2,2,"(2, 39)",1,-0.08
2,3,"(3, 39)",1,-0.08
2,4,"(4, 39)",1,-0.08
2,5,"(5, 39)",1,-0.08
2,6,"(6, 39)",1,-0.08
2,7,"(7, 39)",1,-0.08
2,8,"(8, 39)",1,-0.08
2,9,"(9, 39)",1,-0.08
2,10,"(10, 39)",0,-0.08
2,11,"(10, 38)",0,-0.08
2,12,"(10, 37)",1,-0.08
2,13,"(11, 37)",1,-0.08
2,14,"(12, 37)",1,-0.08
2,15,"(13, 37)",1,-0.08
2,16,"(14, 37)",1,-0.08
2,17,"(15, 37)",0,-0.08
2,18,"(15, 36)",1,-0.08
2,19,"(16, 36)",1,-0.08
2,20,"(17, 36)",0,-0.08
2,21,"(17, 35)",0,-0.08
2,22,"(17, 34)",0,-0.08
2,23,"(17, 33)",1,-0.08
2,24,"(18, 33)",1,-0.08
2,25,"(19, 33)",0,-0.08
2,26,"(19, 32)",0,-0.08
2,27,"(19, 31)",0,-0.08
2,28,"(19, 30)",0,-0.08
2,29,"(19, 29)",1,-0.08
2,30,"(20, 29)",0,-0.08
2,31,"(20, 28)",0,-0.08
2,32,"(20, 27)",1,-0.08
2,33,"(21, 27)",0,-0.08
2,34,"(21, 26)",0,-0.08
2,35,"(21, 25)",1,-0.08
2,36,"(22, 25)",0,-0.08
2,37,"(22, 24)",0,-0.08
2,38,"(22, 23)",1,-0.08
2,39,"(23, 23)",1,-0.08
2,40,"(24, 23)",1,-0.08
2,41,"(25, 23)",0,-0.08
2,42,"(25, 22)",0,-0.08
2,43,"(25, 21)",0,-0.08
2,44,"(25, 20)",0,-0.08
2,45,"(25, 19)",0,-0.08
2,46,"(25, 18)",1,-0.08
2,47,"(26, 18)",1,-0.08
2,48,"(27, 18)",0,-0.08
2,49,"(27, 17)",1,-0.08
2,50,"(28, 17)",0,-0.08
2,51,"(28, 16)",1,-0.08
2,52,"(29, 16)",0,-0.08
2,53,"(29, 15)",1,-0.08
2,54,"(30, 15)",1,-0.08
2,55,"(31, 15)",0,-0.08
2,56,"(31, 14)",1,-0.08
2,57,"(32, 14)",0,-0.08
2,58,"(32, 13)",1,-0.08
2,59,"(33, 13)",1,-0.08
2,60,"(34, 13)",1,-0.08
2,61,"(35, 13)",1,-0.08
2,62,"(36, 13)",1,-0.08
2,63,"(37, 13)",1,-0.08
2,64,"(38, 13)",1,-0.08
2,65,"(39, 13)",1,-0.08
2,66,"(40, 13)",1,-0.08
2,67,"(41, 13)",1,-0.08
2,68,"(42, 13)",1,-0.08
2,69,"(43, 13)",1,-0.08
2,70,"(44, 13)",1,-0.08
2,71,"(45, 13)",0,-0.08
2,72,"(45, 12)",0,-0.08
2,73,"(45, 11)",0,-0.08
2,74,"(45, 10)",1,-0.08
2,75,"(46, 10)",0,-0.08
2,76,"(46, 9)",0,-0.08
2,77,"(46, 8)",0,-0.08
2,78,"(46, 7)",0,-0.08
2,79,"(46, 6)",1,-0.08
2,80,"(47, 6)",1,-0.08
2,81,"(48, 6)",1,-0.08
2,82,"(49, 6)",0,-0.08
2,83,"(49, 5)",1,-0.08
2,84,"(50, 5)",1,-0.08
2,85,"(51, 5)",0,-0.08
2,86,"(51, 4)",0,-0.08
2,87,"(51, 3)",0,-0.08
2,88,"(51, 2)",1,-0.08
2,89,"(52, 2)",0,-0.08
2,90,"(52, 1)",1,-0.08
2,91,"(53, 1)",1,-0.08
2,92,"(54, 1)",1,-0.08
2,93,"(55, 1)",1,-0.08
2,94,"(56, 1)",1,-0.08
2,95,"(57, 1)",1,-0.08
2,96,"(58, 1)",1,-0.08
2,97,"(59, 1)",1,-0.08
2,98,"(60, 1)",1,-0.08
2,99,"(61, 1)",1,-0.08
2,100,"(62, 1)",1,-0.08
2,101,"(63, 1)",1,-0.08
2,102,"(64, 1)",1,-0.08
2,103,"(65, 1)",1,-0.08
2,104,"(66, 1)",1,-0.08
2,105,"(67, 1)",1,-0.08
2,106,"(68, 1)",1,-0.08
2,107,"(69, 1)",1,-0.08
2,108,"(70, 1)",1,-0.08
2,109,"(71, 1)",2,-0.08
2,110,"(71, 2)",2,-0.08
2,111,"(71, 3)",1,-0.08
2,112,"(72, 3)",1,-0.08
2,113,"(73, 3)",1,-0.08
2,114,"(74, 3)",1,-0.08
2,115,"(75, 3)",1,-0.08
2,116,"(76, 3)",1,-0.08
2,117,"(77, 3)",0,-0.08
2,118,"(77, 2)",0,-0.08
2,119,"(77, 1)",0,-0.08
2,120,"(77, 0)",1,-0.08
2,121,"(78, 0)",1,8.33
3,0,"(0, 39)",1,-0.08
3,1,"(1, 39)",1,-0.08
3,2,"(2, 39)",1,-0.08
3,3,"(3, 39)",1,-0.08
3,4,"(4, 39)",1,-0.08
3,5,"(5, 39)",1,-0.08
3,6,"(6, 39)",1,-0.08
3,7,"(7, 39)",1,-0.08
3,8,"(8, 39)",1,-0.08
3,9,"(9, 39)",1,-0.08
3,10,"(10, 39)",0,-0.08
3,11,"(10, 38)",0,-0.08
3,12,"(10, 37)",1,-0.08
3,13,"(11, 37)",1,-0.08
3,14,"(12, 37)",1,-0.08
3,15,"(13, 37)",1,-0.08
3,16,"(14, 37)",1,-0.08
3,17,"(15, 37)",1,-0.08
3,18,"(16, 37)",1,-0.08
3,19,"(17, 37)",1,-0.08
3,20,"(18, 37)",1,-0.08
3,21,"(19, 37)",0,-0.08
3,22,"(19, 36)",0,-0.08
3,23,"(19, 35)",0,-0.08
3,24,"(19, 34)",0,-0.08
3,25,"(19, 33)",0,-0.08
3,26,"(19, 32)",0,-0.08
3,27,"(19, 31)",0,-0.08
3,28,"(19, 30)",0,-0.08
3,29,"(19, 29)",1,-0.08
3,30,"(20, 29)",0,-0.08
3,31,"(20, 28)",0,-0.08
3,32,"(20, 27)",1,-0.08
3,33,"(21, 27)",0,-0.08
3,34,"(21, 26)",1,-0.08
3,35,"(22, 26)",1,-0.08
3,36,"(23, 26)",1,-0.08
3,37,"(24, 26)",0,-0.08
3,38,"(24, 25)",1,-0.08
3,39,"(25, 25)",0,-0.08
3,40,"(25, 24)",0,-0.08
3,41,"(25, 23)",0,-0.08
3,42,"(25, 22)",0,-0.08
3,43,"(25, 21)",1,-0.08
3,44,"(26, 21)",1,-0.08
3,45,"(27, 21)",0,-0.08
3,46,"(27, 20)",0,-0.08
3,47,"(27, 19)",0,-0.08
3,48,"(27, 18)",0,-0.08
3,49,"(27, 17)",0,-0.08
3,50,"(27, 16)",1,-0.08
3,51,"(28, 16)",1,-0.08
3,52,"(29, 16)",0,-0.08
3,53,"(29, 15)",1,-0.08
3,54,"(30, 15)",1,-0.08
3,55,"(31, 15)",0,-0.08
3,56,"(31, 14)",1,-0.08
3,57,"(32, 14)",0,-0.08
3,58,"(32, 13)",1,-0.08
3,59,"(33, 13)",1,-0.08
3,60,"(34, 13)",1,-0.08
3,61,"(35, 13)",1,-0.08
3,62,"(36, 13)",1,-0.08
3,63,"(37, 13)",1,-0.08
3,64,"(38, 13)",1,-0.08
3,65,"(39, 13)",1,-0.08
3,66,"(40, 13)",1,-0.08
3,67,"(41, 13)",1,-0.08
3,68,"(42, 13)",1,-0.08
3,69,"(43, 13)",1,-0.08
3,70,"(44, 13)",1,-0.08
3,71,"(45, 13)",0,-0.08
3,72,"(45, 12)",0,-0.08
3,73,"(45, 11)",0,-0.08
3,74,"(45, 10)",1,-0.08
3,75,"(46, 10)",0,-0.08
3,76,"(46, 9)",0,-0.08
3,77,"(46, 8)",0,-0.08
3,78,"(46, 7)",1,-0.08
3,79,"(47, 7)",0,-0.08
3,80,"(47, 6)",1,-0.08
3,81,"(48, 6)",1,-0.08
3,82,"(49, 6)",0,-0.08
3,83,"(49, 5)",1,-0.08
3,84,"(50, 5)",1,-0.08
3,85,"(51, 5)",1,-0.08
3,86,"(52, 5)",1,-0.08
3,87,"(53, 5)",0,-0.08
3,88,"(53, 4)",0,-0.08
3,89,"(53, 3)",0,-0.08
3,90,"(53, 2)",0,-0.08
3,91,"(53, 1)",1,-0.08
3,92,"(54, 1)",1,-0.08
3,93,"(55, 1)",1,-0.08
3,94,"(56, 1)",1,-0.08
3,95,"(57, 1)",1,-0.08
3,96,"(58, 1)",1,-0.08
3,97,"(59, 1)",1,-0.08
3,98,"(60, 1)",1,-0.08
3,99,"(61, 1)",1,-0.08
3,100,"(62, 1)",1,-0.08
3,101,"(63, 1)",1,-0.08
3,102,"(64, 1)",1,-0.08
3,103,"(65, 1)",1,-0.08
3,104,"(66, 1)",1,-0.08
3,105,"(67, 1)",1,-0.08
3,106,"(68, 1)",1,-0.08
3,107,"(69, 1)",1,-0.08
3,108,"(70, 1)",1,-0.08
3,109,"(71, 1)",2,-0.08
3,110,"(71, 2)",2,-0.08
3,111,"(71, 3)",1,-0.08
3,112,"(72, 3)",1,-0.08
3,113,"(73, 3)",1,-0.08
3,114,"(74, 3)",1,-0.08
3,115,"(75, 3)",1,-0.08
3,116,"(76, 3)",1,-0.08
3,117,"(77, 3)",0,-0.08
3,118,"(77, 2)",0,-0.08
3,119,"(77, 1)",1,-0.08
3,120,"(78, 1)",1,-0.08
3,121,"(79, 1)",0,8.33
4,0,"(0, 39)",1,-0.08
4,1,"(1, 39)",1,-0.08
4,2,"(2, 39)",1,-0.08
4,3,"(3, 39)",1,-0.08
4,4,"(4, 39)",1,-0.08
4,5,"(5, 39)",1,-0.08
4,6,"(6, 39)",1,-0.08
4,7,"(7, 39)",1,-0.08
4,8,"(8, 39)",1,-0.08
4,9,"(9, 39)",1,-0.08
4,10,"(10, 39)",1,-0.08
4,11,"(11, 39)",0,-0.08
4,12,"(11, 38)",0,-0.08
4,13,"(11, 37)",1,-0.08
4,14,"(12, 37)",1,-0.08
4,15,"(13, 37)",1,-0.08
4,16,"(14, 37)",1,-0.08
4,17,"(15, 37)",1,-0.08
4,18,"(16, 37)",1,-0.08
4,19,"(17, 37)",1,-0.08
4,20,"(18, 37)",1,-0.08
4,21,"(19, 37)",0,-0.08
4,22,"(19, 36)",0,-0.08
4,23,"(19, 35)",0,-0.08
4,24,"(19, 34)",0,-0.08
4,25,"(19, 33)",0,-0.08
4,26,"(19, 32)",0,-0.08
4,27,"(19, 31)",0,-0.08
4,28,"(19, 30)",0,-0.08
4,29,"(19, 29)",1,-0.08
4,30,"(20, 29)",0,-0.08
4,31,"(20, 28)",0,-0.08
4,32,"(20, 27)",1,-0.08
4,33,"(21, 27)",0,-0.08
4,34,"(21, 26)",0,-0.08
4,35,"(21, 25)",1,-0.08
4,36,"(22, 25)",0,-0.08
4,37,"(22, 24)",0,-0.08
4,38,"(22, 23)",1,-0.08
4,39,"(23, 23)",1,-0.08
4,40,"(24, 23)",1,-0.08
4,41,"(25, 23)",0,-0.08
4,42,"(25, 22)",0,-0.08
4,43,"(25, 21)",0,-0.08
4,44,"(25, 20)",0,-0.08
4,45,"(25, 19)",0,-0.08
4,46,"(25, 18)",1,-0.08
4,47,"(26, 18)",1,-0.08
4,48,"(27, 18)",0,-0.08
4,49,"(27, 17)",0,-0.08
4,50,"(27, 16)",1,-0.08
4,51,"(28, 16)",1,-0.08
4,52,"(29, 16)",0,-0.08
4,53,"(29, 15)",1,-0.08
4,54,"(30, 15)",1,-0.08
4,55,"(31, 15)",1,-0.08
4,56,"(32, 15)",0,-0.08
4,57,"(32, 14)",0,-0.08
4,58,"(32, 13)",1,-0.08
4,59,"(33, 13)",1,-0.08
4,60,"(34, 13)",1,-0.08
4,61,"(35, 13)",1,-0.08
4,62,"(36, 13)",1,-0.08
4,63,"(37, 13)",1,-0.08
4,64,"(38, 13)",1,-0.08
4,65,"(39, 13)",1,-0.08
4,66,"(40, 13)",1,-0.08
4,67,"(41, 13)",1,-0.08
4,68,"(42, 13)",1,-0.08
4,69,"(43, 13)",0,-0.08
4,70,"(43, 12)",0,-0.08
4,71,"(43, 11)",1,-0.08
4,72,"(44, 11)",1,-0.08
4,73,"(45, 11)",0,-0.08
4,74,"(45, 10)",0,-0.08
4,75,"(45, 9)",1,-0.08
4,76,"(46, 9)",0,-0.08
4,77,"(46, 8)",0,-0.08
4,78,"(46, 7)",1,-0.08
4,79,"(47, 7)",0,-0.08
4,80,"(47, 6)",1,-0.08
4,81,"(48, 6)",1,-0.08
4,82,"(49, 6)",0,-0.08
4,83,"(49, 5)",1,-0.08
4,84,"(50, 5)",1,-0.08
4,85,"(51, 5)",1,-0.08
4,86,"(52, 5)",1,-0.08
4,87,"(53, 5)",0,-0.08
4,88,"(53, 4)",0,-0.08
4,89,"(53, 3)",0,-0.08
4,90,"(53, 2)",0,-0.08
4,91,"(53, 1)",1,-0.08
4,92,"(54, 1)",1,-0.08
4,93,"(55, 1)",1,-0.08
4,94,"(56, 1)",1,-0.08
4,95,"(57, 1)",1,-0.08
4,96,"(58, 1)",1,-0.08
4,97,"(59, 1)",1,-0.08
4,98,"(60, 1)",1,-0.08
4,99,"(61, 1)",1,-0.08
4,100,"(62, 1)",1,-0.08
4,101,"(63, 1)",1,-0.08
4,102,"(64, 1)",1,-0.08
4,103,"(65, 1)",1,-0.08
4,104,"(66, 1)",1,-0.08
4,105,"(67, 1)",1,-0.08
4,106,"(68, 1)",1,-0.08
4,107,"(69, 1)",1,-0.08
4,108,"(70, 1)",1,-0.08
4,109,"(71, 1)",2,-0.08
4,110,"(71, 2)",2,-0.08
4,111,"(71, 3)",1,-0.08
4,112,"(72, 3)",1,-0.08
4,113,"(73, 3)",0,-0.08
4,114,"(73, 2)",0,-0.08
4,115,"(73, 1)",0,-0.08
4,116,"(73, 0)",1,-0.08
4,117,"(74, 0)",1,-0.08
4,118,"(75, 0)",1,-0.08
4,119,"(76, 0)",1,-0.08
4,120,"(77, 0)",1,-0.08
4,121,"(78, 0)",1,8.33
5,0,"(0, 39)",1,-0.08
5,1,"(1, 39)",1,-0.08
5,2,"(2, 39)",1,-0.08
5,3,"(3, 39)",1,-0.08
5,4,"(4, 39)",1,-0.08
5,5,"(5, 39)",1,-0.08
5,6,"(6, 39)",1,-0.08
5,7,"(7, 39)",1,-0.08
5,8,"(8, 39)",1,-0.08
5,9,"(9, 39)",1,-0.08
5,10,"(10, 39)",0,-0.08
5,11,"(10, 38)",0,-0.08
5,12,"(10, 37)",1,-0.08
5,13,"(11, 37)",1,-0.08
5,14,"(12, 37)",1,-0.08
5,15,"(13, 37)",1,-0.08
5,16,"(14, 37)",1,-0.08
5,17,"(15, 37)",1,-0.08
5,18,"(16, 37)",0,-0.08
5,19,"(16, 36)",1,-0.08
5,20,"(17, 36)",0,-0.08
5,21,"(17, 35)",1,-0.08
5,22,"(18, 35)",0,-0.08
5,23,"(18, 34)",1,-0.08
5,24,"(19, 34)",0,-0.08
5,25,"(19, 33)",0,-0.08
5,26,"(19, 32)",0,-0.08
5,27,"(19, 31)",0,-0.08
5,28,"(19, 30)",0,-0.08
5,29,"(19, 29)",1,-0.08
5,30,"(20, 29)",0,-0.08
5,31,"(20, 28)",0,-0.08
5,32,"(20, 27)",1,-0.08
5,33,"(21, 27)",0,-0.08
5,34,"(21, 26)",0,-0.08
5,35,"(21, 25)",1,-0.08
5,36,"(22, 25)",1,-0.08
5,37,"(23, 25)",1,-0.08
5,38,"(24, 25)",1,-0.08
5,39,"(25, 25)",0,-0.08
5,40,"(25, 24)",0,-0.08
5,41,"(25, 23)",0,-0.08
5,42,"(25, 22)",0,-0.08
5,43,"(25, 21)",0,-0.08
5,44,"(25, 20)",0,-0.08
5,45,"(25, 19)",0,-0.08
5,46,"(25, 18)",1,-0.08
5,47,"(26, 18)",1,-0.08
5,48,"(27, 18)",0,-0.08
5,49,"(27, 17)",0,-0.08
5,50,"(27, 16)",1,-0.08
5,51,"(28, 16)",1,-0.08
5,52,"(29, 16)",0,-0.08
5,53,"(29, 15)",1,-0.08
5,54,"(30, 15)",1,-0.08
5,55,"(31, 15)",0,-0.08
5,56,"(31, 14)",1,-0.08
5,57,"(32, 14)",0,-0.08
5,58,"(32, 13)",1,-0.08
5,59,"(33, 13)",1,-0.08
5,60,"(34, 13)",1,-0.08
5,61,"(35, 13)",1,-0.08
5,62,"(36, 13)",1,-0.08
5,63,"(37, 13)",1,-0.08
5,64,"(38, 13)",1,-0.08
5,65,"(39, 13)",0,-0.08
5,66,"(39, 12)",0,-0.08
5,67,"(39, 11)",1,-0.08
5,68,"(40, 11)",1,-0.08
5,69,"(41, 11)",1,-0.08
5,70,"(42, 11)",1,-0.08
5,71,"(43, 11)",1,-0.08
5,72,"(44, 11)",1,-0.08
5,73,"(45, 11)",0,-0.08
5,74,"(45, 10)",1,-0.08
5,75,"(46, 10)",0,-0.08
5,76,"(46, 9)",0,-0.08
5,77,"(46, 8)",0,-0.08
5,78,"(46, 7)",0,-0.08
5,79,"(46, 6)",1,-0.08
5,80,"(47, 6)",1,-0.08
5,81,"(48, 6)",1,-0.08
5,82,"(49, 6)",0,-0.08
5,83,"(49, 5)",1,-0.08
5,84,"(50, 5)",1,-0.08
5,85,"(51, 5)",1,-0.08
5,86,"(52, 5)",1,-0.08
5,87,"(53, 5)",0,-0.08
5,88,"(53, 4)",0,-0.08
5,89,"(53, 3)",0,-0.08
5,90,"(53, 2)",0,-0.08
5,91,"(53, 1)",1,-0.08
5,92,"(54, 1)",1,-0.08
5,93,"(55, 1)",1,-0.08
5,94,"(56, 1)",1,-0.08
5,95,"(57, 1)",1,-0.08
5,96,"(58, 1)",1,-0.08
5,97,"(59, 1)",1,-0.08
5,98,"(60, 1)",1,-0.08
5,99,"(61, 1)",1,-0.08
5,100,"(62, 1)",1,-0.08
5,101,"(63, 1)",1,-0.08
5,102,"(64, 1)",1,-0.08
5,103,"(65, 1)",1,-0.08
5,104,"(66, 1)",1,-0.08
5,105,"(67, 1)",1,-0.08
5,106,"(68, 1)",1,-0.08
5,107,"(69, 1)",1,-0.08
5,108,"(70, 1)",1,-0.08
5,109,"(71, 1)",2,-0.08
5,110,"(71, 2)",2,-0.08
5,111,"(71, 3)",1,-0.08
5,112,"(72, 3)",1,-0.08
5,113,"(73, 3)",0,-0.08
5,114,"(73, 2)",0,-0.08
5,115,"(73, 1)",0,-0.08
5,116,"(73, 0)",1,-0.08
5,117,"(74, 0)",1,-0.08
5,118,"(75, 0)",1,-0.08
5,119,"(76, 0)",1,-0.08
5,120,"(77, 0)",1,-0.08
5,121,"(78, 0)",1,8.33
6,0,"(0, 39)",1,-0.08
6,1,"(1, 39)",1,-0.08
6,2,"(2, 39)",1,-0.08
6,3,"(3, 39)",1,-0.08
6,4,"(4, 39)",1,-0.08
6,5,"(5, 39)",1,-0.08
6,6,"(6, 39)",1,-0.08
6,7,"(7, 39)",1,-0.08
6,8,"(8, 39)",1,-0.08
6,9,"(9, 39)",1,-0.08
6,10,"(10, 39)",0,-0.08
6,11,"(10, 38)",1,-0.08
6,12,"(11, 38)",0,-0.08
6,13,"(11, 37)",1,-0.08
6,14,"(12, 37)",1,-0.08
6,15,"(13, 37)",1,-0.08
6,16,"(14, 37)",1,-0.08
6,17,"(15, 37)",0,-0.08
6,18,"(15, 36)",1,-0.08
6,19,"(16, 36)",1,-0.08
6,20,"(17, 36)",0,-0.08
6,21,"(17, 35)",1,-0.08
6,22,"(18, 35)",1,-0.08
6,23,"(19, 35)",0,-0.08
6,24,"(19, 34)",0,-0.08
6,25,"(19, 33)",0,-0.08
6,26,"(19, 32)",0,-0.08
6,27,"(19, 31)",0,-0.08
6,28,"(19, 30)",0,-0.08
6,29,"(19, 29)",1,-0.08
6,30,"(20, 29)",0,-0.08
6,31,"(20, 28)",0,-0.08
6,32,"(20, 27)",1,-0.08
6,33,"(21, 27)",0,-0.08
6,34,"(21, 26)",1,-0.08
6,35,"(22, 26)",1,-0.08
6,36,"(23, 26)",0,-0.08
6,37,"(23, 25)",1,-0.08
6,38,"(24, 25)",1,-0.08
6,39,"(25, 25)",0,-0.08
6,40,"(25, 24)",0,-0.08
6,41,"(25, 23)",0,-0.08
6,42,"(25, 22)",0,-0.08
6,43,"(25, 21)",0,-0.08
6,44,"(25, 20)",0,-0.08
6,45,"(25, 19)",1,-0.08
6,46,"(26, 19)",1,-0.08
6,47,"(27, 19)",0,-0.08
6,48,"(27, 18)",0,-0.08
6,49,"(27, 17)",0,-0.08
6,50,"(27, 16)",1,-0.08
6,51,"(28, 16)",1,-0.08
6,52,"(29, 16)",0,-0.08
6,53,"(29, 15)",1,-0.08
6,54,"(30, 15)",1,-0.08
6,55,"(31, 15)",0,-0.08
6,56,"(31, 14)",1,-0.08
6,57,"(32, 14)",0,-0.08
6,58,"(32, 13)",1,-0.08
6,59,"(33, 13)",1,-0.08
6,60,"(34, 13)",1,-0.08
6,61,"(35, 13)",1,-0.08
6,62,"(36, 13)",1,-0.08
6,63,"(37, 13)",1,-0.08
6,64,"(38, 13)",1,-0.08
6,65,"(39, 13)",0,-0.08
6,66,"(39, 12)",0,-0.08
6,67,"(39, 11)",1,-0.08
6,68,"(40, 11)",1,-0.08
6,69,"(41, 11)",1,-0.08
6,70,"(42, 11)",1,-0.08
6,71,"(43, 11)",1,-0.08
6,72,"(44, 11)",1,-0.08
6,73,"(45, 11)",0,-0.08
6,74,"(45, 10)",1,-0.08
6,75,"(46, 10)",0,-0.08
6,76,"(46, 9)",0,-0.08
6,77,"(46, 8)",0,-0.08
6,78,"(46, 7)",1,-0.08
6,79,"(47, 7)",0,-0.08
6,80,"(47, 6)",1,-0.08
6,81,"(48, 6)",1,-0.08
6,82,"(49, 6)",0,-0.08
6,83,"(49, 5)",1,-0.08
6,84,"(50, 5)",1,-0.08
6,85,"(51, 5)",1,-0.08
6,86,"(52, 5)",1,-0.08
6,87,"(53, 5)",0,-0.08
6,88,"(53, 4)",0,-0.08
6,89,"(53, 3)",0,-0.08
6,90,"(53, 2)",0,-0.08
6,91,"(53, 1)",1,-0.08
6,92,"(54, 1)",1,-0.08
6,93,"(55, 1)",1,-0.08
6,94,"(56, 1)",1,-0.08
6,95,"(57, 1)",1,-0.08
6,96,"(58, 1)",1,-0.08
6,97,"(59, 1)",1,-0.08
6,98,"(60, 1)",1,-0.08
6,99,"(61, 1)",1,-0.08
6,100,"(62, 1)",1,-0.08
6,101,"(63, 1)",1,-0.08
6,102,"(64, 1)",1,-0.08
6,103,"(65, 1)",1,-0.08
6,104,"(66, 1)",1,-0.08
6,105,"(67, 1)",1,-0.08
6,106,"(68, 1)",1,-0.08
6,107,"(69, 1)",1,-0.08
6,108,"(70, 1)",1,-0.08
6,109,"(71, 1)",2,-0.08
6,110,"(71, 2)",2,-0.08
6,111,"(71, 3)",1,-0.08
6,112,"(72, 3)",1,-0.08
6,113,"(73, 3)",1,-0.08
6,114,"(74, 3)",1,-0.08
6,115,"(75, 3)",1,-0.08
6,116,"(76, 3)",1,-0.08
6,117,"(77, 3)",0,-0.08
6,118,"(77, 2)",0,-0.08
6,119,"(77, 1)",1,-0.08
6,120,"(78, 1)",1,-0.08
6,121,"(79, 1)",0,8.33
7,0,"(0, 39)",1,-0.08
7,1,"(1, 39)",1,-0.08
7,2,"(2, 39)",1,-0.08
7,3,"(3, 39)",1,-0.08
7,4,"(4, 39)",1,-0.08
7,5,"(5, 39)",1,-0.08
7,6,"(6, 39)",1,-0.08
7,7,"(7, 39)",1,-0.08
7,8,"(8, 39)",1,-0.08
7,9,"(9, 39)",1,-0.08
7,10,"(10, 39)",1,-0.08
7,11,"(11, 39)",0,-0.08
7,12,"(11, 38)",0,-0.08
7,13,"(11, 37)",1,-0.08
7,14,"(12, 37)",1,-0.08
7,15,"(13, 37)",1,-0.08
7,16,"(14, 37)",1,-0.08
7,17,"(15, 37)",0,-0.08
7,18,"(15, 36)",1,-0.08
7,19,"(16, 36)",1,-0.08
7,20,"(17, 36)",0,-0.08
7,21,"(17, 35)",1,-0.08
7,22,"(18, 35)",1,-0.08
7,23,"(19, 35)",0,-0.08
7,24,"(19, 34)",0,-0.08
7,25,"(19, 33)",0,-0.08
7,26,"(19, 32)",0,-0.08
7,27,"(19, 31)",0,-0.08
7,28,"(19, 30)",0,-0.08
7,29,"(19, 29)",1,-0.08
7,30,"(20, 29)",0,-0.08
7,31,"(20, 28)",0,-0.08
7,32,"(20, 27)",1,-0.08
7,33,"(21, 27)",0,-0.08
7,34,"(21, 26)",0,-0.08
7,35,"(21, 25)",1,-0.08
7,36,"(22, 25)",0,-0.08
7,37,"(22, 24)",0,-0.08
7,38,"(22, 23)",1,-0.08
7,39,"(23, 23)",1,-0.08
7,40,"(24, 23)",1,-0.08
7,41,"(25, 23)",0,-0.08
7,42,"(25, 22)",0,-0.08
7,43,"(25, 21)",1,-0.08
7,44,"(26, 21)",1,-0.08
7,45,"(27, 21)",0,-0.08
7,46,"(27, 20)",1,-0.08
7,47,"(28, 20)",0,-0.08
7,48,"(28, 19)",1,-0.08
7,49,"(29, 19)",1,-0.08
7,50,"(30, 19)",1,-0.08
7,51,"(31, 19)",1,-0.08
7,52,"(32, 19)",1,-0.08
7,53,"(33, 19)",1,-0.08
7,54,"(34, 19)",1,-0.08
7,55,"(35, 19)",0,-0.08
7,56,"(35, 18)",0,-0.08
7,57,"(35, 17)",1,-0.08
7,58,"(36, 17)",1,-0.08
7,59,"(37, 17)",0,-0.08
7,60,"(37, 16)",0,-0.08
7,61,"(37, 15)",1,-0.08
7,62,"(38, 15)",1,-0.08
7,63,"(39, 15)",1,-0.08
7,64,"(40, 15)",1,-0.08
7,65,"(41, 15)",0,-0.08
7,66,"(41, 14)",0,-0.08
7,67,"(41, 13)",1,-0.08
7,68,"(42, 13)",1,-0.08
7,69,"(43, 13)",1,-0.08
7,70,"(44, 13)",1,-0.08
7,71,"(45, 13)",0,-0.08
7,72,"(45, 12)",0,-0.08
7,73,"(45, 11)",0,-0.08
7,74,"(45, 10)",0,-0.08
7,75,"(45, 9)",1,-0.08
7,76,"(46, 9)",0,-0.08
7,77,"(46, 8)",0,-0.08
7,78,"(46, 7)",1,-0.08
7,79,"(47, 7)",0,-0.08
7,80,"(47, 6)",1,-0.08
7,81,"(48, 6)",1,-0.08
7,82,"(49, 6)",0,-0.08
7,83,"(49, 5)",1,-0.08
7,84,"(50, 5)",1,-0.08
7,85,"(51, 5)",1,-0.08
7,86,"(52, 5)",1,-0.08
7,87,"(53, 5)",0,-0.08
7,88,"(53, 4)",0,-0.08
7,89,"(53, 3)",0,-0.08
7,90,"(53, 2)",0,-0.08
7,91,"(53, 1)",1,-0.08
7,92,"(54, 1)",1,-0.08
7,93,"(55, 1)",1,-0.08
7,94,"(56, 1)",1,-0.08
7,95,"(57, 1)",1,-0.08
7,96,"(58, 1)",1,-0.08
7,97,"(59, 1)",1,-0.08
7,98,"(60, 1)",1,-0.08
7,99,"(61, 1)",1,-0.08
7,100,"(62, 1)",1,-0.08
7,101,"(63, 1)",1,-0.08
7,102,"(64, 1)",1,-0.08
7,103,"(65, 1)",1,-0.08
7,104,"(66, 1)",1,-0.08
7,105,"(67, 1)",1,-0.08
7,106,"(68, 1)",1,-0.08
7,107,"(69, 1)",1,-0.08
7,108,"(70, 1)",1,-0.08
7,109,"(71, 1)",2,-0.08
7,110,"(71, 2)",2,-0.08
7,111,"(71, 3)",1,-0.08
7,112,"(72, 3)",1,-0.08
7,113,"(73, 3)",0,-0.08
7,114,"(73, 2)",0,-0.08
7,115,"(73, 1)",1,-0.08
7,116,"(74, 1)",0,-0.08
7,117,"(74, 0)",1,-0.08
7,118,"(75, 0)",1,-0.08
7,119,"(76, 0)",1,-0.08
7,120,"(77, 0)",1,-0.08
7,121,"(78, 0)",1,8.33
8,0,"(0, 39)",1,-0.08
8,1,"(1, 39)",1,-0.08
8,2,"(2, 39)",1,-0.08
8,3,"(3, 39)",1,-0.08
8,4,"(4, 39)",1,-0.08
8,5,"(5, 39)",1,-0.08
8,6,"(6, 39)",1,-0.08
8,7,"(7, 39)",1,-0.08
8,8,"(8, 39)",1,-0.08
8,9,"(9, 39)",1,-0.08
8,10,"(10, 39)",0,-0.08
8,11,"(10, 38)",0,-0.08
8,12,"(10, 37)",1,-0.08
8,13,"(11, 37)",1,-0.08
8,14,"(12, 37)",1,-0.08
8,15,"(13, 37)",1,-0.08
8,16,"(14, 37)",1,-0.08
8,17,"(15, 37)",1,-0.08
8,18,"(16, 37)",0,-0.08
8,19,"(16, 36)",1,-0.08
8,20,"(17, 36)",0,-0.08
8,21,"(17, 35)",1,-0.08
8,22,"(18, 35)",0,-0.08
8,23,"(18, 34)",1,-0.08
8,24,"(19, 34)",0,-0.08
8,25,"(19, 33)",0,-0.08
8,26,"(19, 32)",0,-0.08
8,27,"(19, 31)",0,-0.08
8,28,"(19, 30)",0,-0.08
8,29,"(19, 29)",1,-0.08
8,30,"(20, 29)",0,-0.08
8,31,"(20, 28)",0,-0.08
8,32,"(20, 27)",1,-0.08
8,33,"(21, 27)",0,-0.08
8,34,"(21, 26)",1,-0.08
8,35,"(22, 26)",0,-0.08
8,36,"(22, 25)",1,-0.08
8,37,"(23, 25)",1,-0.08
8,38,"(24, 25)",1,-0.08
8,39,"(25, 25)",1,-0.08
8,40,"(26, 25)",1,-0.08
8,41,"(27, 25)",1,-0.08
8,42,"(28, 25)",1,-0.08
8,43,"(29, 25)",1,-0.08
8,44,"(30, 25)",1,-0.08
8,45,"(31, 25)",0,-0.08
8,46,"(31, 24)",0,-0.08
8,47,"(31, 23)",1,-0.08
8,48,"(32, 23)",1,-0.08
8,49,"(33, 23)",0,-0.08
8,50,"(33, 22)",0,-0.08
8,51,"(33, 21)",1,-0.08
8,52,"(34, 21)",1,-0.08
8,53,"(35, 21)",0,-0.08
8,54,"(35, 20)",0,-0.08
8,55,"(35, 19)",0,-0.08
8,56,"(35, 18)",0,-0.08
8,57,"(35, 17)",0,-0.08
8,58,"(35, 16)",0,-0.08
8,59,"(35, 15)",0,-0.08
8,60,"(35, 14)",0,-0.08
8,61,"(35, 13)",1,-0.08
8,62,"(36, 13)",1,-0.08
8,63,"(37, 13)",1,-0.08
8,64,"(38, 13)",1,-0.08
8,65,"(39, 13)",0,-0.08
8,66,"(39, 12)",0,-0.08
8,67,"(39, 11)",1,-0.08
8,68,"(40, 11)",1,-0.08
8,69,"(41, 11)",1,-0.08
8,70,"(42, 11)",1,-0.08
8,71,"(43, 11)",1,-0.08
8,72,"(44, 11)",1,-0.08
8,73,"(45, 11)",0,-0.08
8,74,"(45, 10)",1,-0.08
8,75,"(46, 10)",0,-0.08
8,76,"(46, 9)",0,-0.08
8,77,"(46, 8)",0,-0.08
8,78,"(46, 7)",0,-0.08
8,79,"(46, 6)",1,-0.08
8,80,"(47, 6)",1,-0.08
8,81,"(48, 6)",1,-0.08
8,82,"(49, 6)",0,-0.08
8,83,"(49, 5)",1,-0.08
8,84,"(50, 5)",1,-0.08
8,85,"(51, 5)",1,-0.08
8,86,"(52, 5)",1,-0.08
8,87,"(53, 5)",0,-0.08
8,88,"(53, 4)",0,-0.08
8,89,"(53, 3)",0,-0.08
8,90,"(53, 2)",0,-0.08
8,91,"(53, 1)",1,-0.08
8,92,"(54, 1)",1,-0.08
8,93,"(55, 1)",1,-0.08
8,94,"(56, 1)",1,-0.08
8,95,"(57, 1)",1,-0.08
8,96,"(58, 1)",1,-0.08
8,97,"(59, 1)",1,-0.08
8,98,"(60, 1)",1,-0.08
8,99,"(61, 1)",1,-0.08
8,100,"(62, 1)",1,-0.08
8,101,"(63, 1)",1,-0.08
8,102,"(64, 1)",1,-0.08
8,103,"(65, 1)",1,-0.08
8,104,"(66, 1)",1,-0.08
8,105,"(67, 1)",1,-0.08
8,106,"(68, 1)",1,-0.08
8,107,"(69, 1)",1,-0.08
8,108,"(70, 1)",1,-0.08
8,109,"(71, 1)",2,-0.08
8,110,"(71, 2)",2,-0.08
8,111,"(71, 3)",1,-0.08
8,112,"(72, 3)",1,-0.08
8,113,"(73, 3)",1,-0.08
8,114,"(74, 3)",1,-0.08
8,115,"(75, 3)",1,-0.08
8,116,"(76, 3)",1,-0.08
8,117,"(77, 3)",0,-0.08
8,118,"(77, 2)",0,-0.08
8,119,"(77, 1)",0,-0.08
8,120,"(77, 0)",1,-0.08
8,121,"(78, 0)",1,8.33
9,0,"(0, 39)",1,-0.08
9,1,"(1, 39)",1,-0.08
9,2,"(2, 39)",1,-0.08
9,3,"(3, 39)",1,-0.08
9,4,"(4, 39)",1,-0.08
9,5,"(5, 39)",1,-0.08
9,6,"(6, 39)",1,-0.08
9,7,"(7, 39)",1,-0.08
9,8,"(8, 39)",1,-0.08
9,9,"(9, 39)",1,-0.08
9,10,"(10, 39)",0,-0.08
9,11,"(10, 38)",0,-0.08
9,12,"(10, 37)",1,-0.08
9,13,"(11, 37)",1,-0.08
9,14,"(12, 37)",1,-0.08
9,15,"(13, 37)",1,-0.08
9,16,"(14, 37)",1,-0.08
9,17,"(15, 37)",0,-0.08
9,18,"(15, 36)",1,-0.08
9,19,"(16, 36)",1,-0.08
9,20,"(17, 36)",0,-0.08
9,21,"(17, 35)",0,-0.08
9,22,"(17, 34)",1,-0.08
9,23,"(18, 34)",1,-0.08
9,24,"(19, 34)",0,-0.08
9,25,"(19, 33)",0,-0.08
9,26,"(19, 32)",0,-0.08
9,27,"(19, 31)",0,-0.08
9,28,"(19, 30)",0,-0.08
9,29,"(19, 29)",1,-0.08
9,30,"(20, 29)",0,-0.08
9,31,"(20, 28)",0,-0.08
9,32,"(20, 27)",1,-0.08
9,33,"(21, 27)",0,-0.08
9,34,"(21, 26)",0,-0.08
9,35,"(21, 25)",1,-0.08
9,36,"(22, 25)",0,-0.08
9,37,"(22, 24)",0,-0.08
9,38,"(22, 23)",1,-0.08
9,39,"(23, 23)",1,-0.08
9,40,"(24, 23)",1,-0.08
9,41,"(25, 23)",0,-0.08
9,42,"(25, 22)",0,-0.08
9,43,"(25, 21)",0,-0.08
9,44,"(25, 20)",0,-0.08
9,45,"(25, 19)",0,-0.08
9,46,"(25, 18)",1,-0.08
9,47,"(26, 18)",1,-0.08
9,48,"(27, 18)",0,-0.08
9,49,"(27, 17)",1,-0.08
9,50,"(28, 17)",1,-0.08
9,51,"(29, 17)",0,-0.08
9,52,"(29, 16)",0,-0.08
9,53,"(29, 15)",1,-0.08
9,54,"(30, 15)",1,-0.08
9,55,"(31, 15)",1,-0.08
9,56,"(32, 15)",0,-0.08
9,57,"(32, 14)",0,-0.08
9,58,"(32, 13)",1,-0.08
9,59,"(33, 13)",1,-0.08
9,60,"(34, 13)",1,-0.08
9,61,"(35, 13)",1,-0.08
9,62,"(36, 13)",1,-0.08
9,63,"(37, 13)",1,-0.08
9,64,"(38, 13)",1,-0.08
9,65,"(39, 13)",1,-0.08
9,66,"(40, 13)",1,-0.08
9,67,"(41, 13)",1,-0.08
9,68,"(42, 13)",1,-0.08
9,69,"(43, 13)",0,-0.08
9,70,"(43, 12)",0,-0.08
9,71,"(43, 11)",1,-0.08
9,72,"(44, 11)",1,-0.08
9,73,"(45, 11)",0,-0.08
9,74,"(45, 10)",0,-0.08
9,75,"(45, 9)",1,-0.08
9,76,"(46, 9)",0,-0.08
9,77,"(46, 8)",0,-0.08
9,78,"(46, 7)",0,-0.08
9,79,"(46, 6)",1,-0.08
9,80,"(47, 6)",1,-0.08
9,81,"(48, 6)",1,-0.08
9,82,"(49, 6)",0,-0.08
9,83,"(49, 5)",1,-0.08
9,84,"(50, 5)",1,-0.08
9,85,"(51, 5)",0,-0.08
9,86,"(51, 4)",0,-0.08
9,87,"(51, 3)",0,-0.08
9,88,"(51, 2)",1,-0.08
9,89,"(52, 2)",1,-0.08
9,90,"(53, 2)",0,-0.08
9,91,"(53, 1)",1,-0.08
9,92,"(54, 1)",1,-0.08
9,93,"(55, 1)",1,-0.08
9,94,"(56, 1)",1,-0.08
9,95,"(57, 1)",1,-0.08
9,96,"(58, 1)",1,-0.08
9,97,"(59, 1)",1,-0.08
9,98,"(60, 1)",1,-0.08
9,99,"(61, 1)",1,-0.08
9,100,"(62, 1)",1,-0.08
9,101,"(63, 1)",1,-0.08
9,102,"(64, 1)",1,-0.08
9,103,"(65, 1)",1,-0.08
9,104,"(66, 1)",1,-0.08
9,105,"(67, 1)",1,-0.08
9,106,"(68, 1)",1,-0.08
9,107,"(69, 1)",1,-0.08
9,108,"(70, 1)",1,-0.08
9,109,"(71, 1)",2,-0.08
9,110,"(71, 2)",2,-0.08
9,111,"(71, 3)",1,-0.08
9,112,"(72, 3)",1,-0.08
9,113,"(73, 3)",0,-0.08
9,114,"(73, 2)",0,-0.08
9,115,"(73, 1)",1,-0.08
9,116,"(74, 1)",1,-0.08
9,117,"(75, 1)",0,-0.08
9,118,"(75, 0)",1,-0.08
9,119,"(76, 0)",1,-0.08
9,120,"(77, 0)",1,-0.08
9,121,"(78, 0)",1,8.33
10,0,"(0, 39)",1,-0.08
10,1,"(1, 39)",1,-0.08
10,2,"(2, 39)",1,-0.08
10,3,"(3, 39)",1,-0.08
10,4,"(4, 39)",1,-0.08
10,5,"(5, 39)",1,-0.08
10,6,"(6, 39)",1,-0.08
10,7,"(7, 39)",1,-0.08
10,8,"(8, 39)",1,-0.08
10,9,"(9, 39)",1,-0.08
10,10,"(10, 39)",0,-0.08
10,11,"(10, 38)",1,-0.08
10,12,"(11, 38)",0,-0.08
10,13,"(11, 37)",1,-0.08
10,14,"(12, 37)",1,-0.08
10,15,"(13, 37)",1,-0.08
10,16,"(14, 37)",1,-0.08
10,17,"(15, 37)",0,-0.08
10,18,"(15, 36)",1,-0.08
10,19,"(16, 36)",1,-0.08
10,20,"(17, 36)",0,-0.08
10,21,"(17, 35)",1,-0.08
10,22,"(18, 35)",0,-0.08
10,23,"(18, 34)",0,-0.08
10,24,"(18, 33)",1,-0.08
10,25,"(19, 33)",0,-0.08
10,26,"(19, 32)",0,-0.08
10,27,"(19, 31)",0,-0.08
10,28,"(19, 30)",0,-0.08
10,29,"(19, 29)",1,-0.08
10,30,"(20, 29)",0,-0.08
10,31,"(20, 28)",0,-0.08
10,32,"(20, 27)",1,-0.08
10,33,"(21, 27)",0,-0.08
10,34,"(21, 26)",0,-0.08
10,35,"(21, 25)",1,-0.08
10,36,"(22, 25)",1,-0.08
10,37,"(23, 25)",1,-0.08
10,38,"(24, 25)",1,-0.08
10,39,"(25, 25)",0,-0.08
10,40,"(25, 24)",0,-0.08
10,41,"(25, 23)",0,-0.08
10,42,"(25, 22)",0,-0.08
10,43,"(25, 21)",1,-0.08
10,44,"(26, 21)",1,-0.08
10,45,"(27, 21)",0,-0.08
10,46,"(27, 20)",1,-0.08
10,47,"(28, 20)",0,-0.08
10,48,"(28, 19)",1,-0.08
10,49,"(29, 19)",1,-0.08
10,50,"(30, 19)",1,-0.08
10,51,"(31, 19)",1,-0.08
10,52,"(32, 19)",1,-0.08
10,53,"(33, 19)",1,-0.08
10,54,"(34, 19)",1,-0.08
10,55,"(35, 19)",1,-0.08
10,56,"(36, 19)",1,-0.08
10,57,"(37, 19)",0,-0.08
10,58,"(37, 18)",0,-0.08
10,59,"(37, 17)",0,-0.08
10,60,"(37, 16)",0,-0.08
10,61,"(37, 15)",0,-0.08
10,62,"(37, 14)",0,-0.08
10,63,"(37, 13)",1,-0.08
10,64,"(38, 13)",1,-0.08
10,65,"(39, 13)",0,-0.08
10,66,"(39, 12)",0,-0.08
10,67,"(39, 11)",1,-0.08
10,68,"(40, 11)",1,-0.08
10,69,"(41, 11)",1,-0.08
10,70,"(42, 11)",1,-0.08
10,71,"(43, 11)",1,-0.08
10,72,"(44, 11)",1,-0.08
10,73,"(45, 11)",0,-0.08
10,74,"(45, 10)",1,-0.08
10,75,"(46, 10)",0,-0.08
10,76,"(46, 9)",0,-0.08
10,77,"(46, 8)",0,-0.08
10,78,"(46, 7)",1,-0.08
10,79,"(47, 7)",0,-0.08
10,80,"(47, 6)",1,-0.08
10,81,"(48, 6)",1,-0.08
10,82,"(49, 6)",0,-0.08
10,83,"(49, 5)",1,-0.08
10,84,"(50, 5)",1,-0.08
10,85,"(51, 5)",1,-0.08
10,86,"(52, 5)",1,-0.08
10,87,"(53, 5)",0,-0.08
10,88,"(53, 4)",0,-0.08
10,89,"(53, 3)",0,-0.08
10,90,"(53, 2)",0,-0.08
10,91,"(53, 1)",1,-0.08
10,92,"(54, 1)",1,-0.08
10,93,"(55, 1)",1,-0.08
10,94,"(56, 1)",1,-0.08
10,95,"(57, 1)",1,-0.08
10,96,"(58, 1)",1,-0.08
10,97,"(59, 1)",1,-0.08
10,98,"(60, 1)",1,-0.08
10,99,"(61, 1)",1,-0.08
10,100,"(62, 1)",1,-0.08
10,101,"(63, 1)",1,-0.08
10,102,"(64, 1)",1,-0.08
10,103,"(65, 1)",1,-0.08
10,104,"(66, 1)",1,-0.08
10,105,"(67, 1)",1,-0.08
10,106,"(68, 1)",1,-0.08
10,107,"(69, 1)",1,-0.08
10,108,"(70, 1)",1,-0.08
10,109,"(71, 1)",2,-0.08
10,110,"(71, 2)",2,-0.08
10,111,"(71, 3)",1,-0.08
10,112,"(72, 3)",1,-0.08
10,113,"(73, 3)",0,-0.08
10,114,"(73, 2)",0,-0.08
10,115,"(73, 1)",1,-0.08
10,116,"(74, 1)",1,-0.08
10,117,"(75, 1)",1,-0.08
10,118,"(76, 1)",1,-0.08
10,119,"(77, 1)",1,-0.08
10,120,"(78, 1)",1,-0.08
10,121,"(79, 1)",0,8.33
11,0,"(0, 39)",1,-0.08
11,1,"(1, 39)",1,-0.08
11,2,"(2, 39)",1,-0.08
11,3,"(3, 39)",1,-0.08
11,4,"(4, 39)",1,-0.08
11,5,"(5, 39)",1,-0.08
11,6,"(6, 39)",1,-0.08
11,7,"(7, 39)",1,-0.08
11,8,"(8, 39)",1,-0.08
11,9,"(9, 39)",1,-0.08
11,10,"(10, 39)",0,-0.08
11,11,"(10, 38)",0,-0.08
11,12,"(10, 37)",1,-0.08
11,13,"(11, 37)",1,-0.08
11,14,"(12, 37)",1,-0.08
11,15,"(13, 37)",1,-0.08
11,16,"(14, 37)",1,-0.08
11,17,"(15, 37)",0,-0.08
11,18,"(15, 36)",1,-0.08
11,19,"(16, 36)",1,-0.08
11,20,"(17, 36)",0,-0.08
11,21,"(17, 35)",0,-0.08
11,22,"(17, 34)",0,-0.08
11,23,"(17, 33)",1,-0.08
11,24,"(18, 33)",1,-0.08
11,25,"(19, 33)",0,-0.08
11,26,"(19, 32)",0,-0.08
11,27,"(19, 31)",0,-0.08
11,28,"(19, 30)",0,-0.08
11,29,"(19, 29)",1,-0.08
11,30,"(20, 29)",0,-0.08
11,31,"(20, 28)",0,-0.08
11,32,"(20, 27)",1,-0.08
11,33,"(21, 27)",0,-0.08
11,34,"(21, 26)",1,-0.08
11,35,"(22, 26)",1,-0.08
11,36,"(23, 26)",1,-0.08
11,37,"(24, 26)",0,-0.08
11,38,"(24, 25)",1,-0.08
11,39,"(25, 25)",1,-0.08
11,40,"(26, 25)",1,-0.08
11,41,"(27, 25)",1,-0.08
11,42,"(28, 25)",1,-0.08
11,43,"(29, 25)",1,-0.08
11,44,"(30, 25)",1,-0.08
11,45,"(31, 25)",0,-0.08
11,46,"(31, 24)",0,-0.08
11,47,"(31, 23)",1,-0.08
11,48,"(32, 23)",1,-0.08
11,49,"(33, 23)",0,-0.08
11,50,"(33, 22)",0,-0.08
11,51,"(33, 21)",1,-0.08
11,52,"(34, 21)",1,-0.08
11,53,"(35, 21)",0,-0.08
11,54,"(35, 20)",0,-0.08
11,55,"(35, 19)",1,-0.08
11,56,"(36, 19)",1,-0.08
11,57,"(37, 19)",0,-0.08
11,58,"(37, 18)",0,-0.08
11,59,"(37, 17)",1,-0.08
11,60,"(38, 17)",1,-0.08
11,61,"(39, 17)",0,-0.08
11,62,"(39, 16)",0,-0.08
11,63,"(39, 15)",1,-0.08
11,64,"(40, 15)",0,-0.08
11,65,"(40, 14)",0,-0.08
11,66,"(40, 13)",1,-0.08
11,67,"(41, 13)",1,-0.08
11,68,"(42, 13)",1,-0.08
11,69,"(43, 13)",1,-0.08
11,70,"(44, 13)",1,-0.08
11,71,"(45, 13)",0,-0.08
11,72,"(45, 12)",0,-0.08
11,73,"(45, 11)",0,-0.08
11,74,"(45, 10)",0,-0.08
11,75,"(45, 9)",0,-0.08
11,76,"(45, 8)",0,-0.08
11,77,"(45, 7)",1,-0.08
11,78,"(46, 7)",1,-0.08
11,79,"(47, 7)",0,-0.08
11,80,"(47, 6)",1,-0.08
11,81,"(48, 6)",1,-0.08
11,82,"(49, 6)",0,-0.08
11,83,"(49, 5)",1,-0.08
11,84,"(50, 5)",1,-0.08
11,85,"(51, 5)",1,-0.08
11,86,"(52, 5)",1,-0.08
11,87,"(53, 5)",0,-0.08
11,88,"(53, 4)",0,-0.08
11,89,"(53, 3)",0,-0.08
11,90,"(53, 2)",0,-0.08
11,91,"(53, 1)",1,-0.08
11,92,"(54, 1)",1,-0.08
11,93,"(55, 1)",1,-0.08
11,94,"(56, 1)",1,-0.08
11,95,"(57, 1)",1,-0.08
11,96,"(58, 1)",1,-0.08
11,97,"(59, 1)",1,-0.08
11,98,"(60, 1)",1,-0.08
11,99,"(61, 1)",1,-0.08
11,100,"(62, 1)",1,-0.08
11,101,"(63, 1)",1,-0.08
11,102,"(64, 1)",1,-0.08
11,103,"(65, 1)",1,-0.08
11,104,"(66, 1)",1,-0.08
11,105,"(67, 1)",1,-0.08
11,106,"(68, 1)",1,-0.08
11,107,"(69, 1)",1,-0.08
11,108,"(70, 1)",1,-0.08
11,109,"(71, 1)",2,-0.08
11,110,"(71, 2)",2,-0.08
11,111,"(71, 3)",1,-0.08
11,112,"(72, 3)",1,-0.08
11,113,"(73, 3)",1,-0.08
11,114,"(74, 3)",1,-0.08
11,115,"(75, 3)",1,-0.08
11,116,"(76, 3)",1,-0.08
11,117,"(77, 3)",0,-0.08
11,118,"(77, 2)",0,-0.08
11,119,"(77, 1)",1,-0.08
11,120,"(78, 1)",1,-0.08
11,121,"(79, 1)",0,8.33
12,0,"(0, 39)",1,-0.08
12,1,"(1, 39)",1,-0.08
12,2,"(2, 39)",1,-0.08
12,3,"(3, 39)",1,-0.08
12,4,"(4, 39)",1,-0.08
12,5,"(5, 39)",1,-0.08
12,6,"(6, 39)",1,-0.08
12,7,"(7, 39)",1,-0.08
12,8,"(8, 39)",1,-0.08
12,9,"(9, 39)",1,-0.08
12,10,"(10, 39)",1,-0.08
12,11,"(11, 39)",1,-0.08
12,12,"(12, 39)",1,-0.08
12,13,"(13, 39)",1,-0.08
12,14,"(14, 39)",0,-0.08
12,15,"(14, 38)",0,-0.08
12,16,"(14, 37)",1,-0.08
12,17,"(15, 37)",0,-0.08
12,18,"(15, 36)",1,-0.08
12,19,"(16, 36)",1,-0.08
12,20,"(17, 36)",0,-0.08
12,21,"(17, 35)",0,-0.08
12,22,"(17, 34)",1,-0.08
12,23,"(18, 34)",1,-0.08
12,24,"(19, 34)",0,-0.08
12,25,"(19, 33)",0,-0.08
12,26,"(19, 32)",0,-0.08
12,27,"(19, 31)",0,-0.08
12,28,"(19, 30)",0,-0.08
12,29,"(19, 29)",1,-0.08
12,30,"(20, 29)",0,-0.08
12,31,"(20, 28)",0,-0.08
12,32,"(20, 27)",1,-0.08
12,33,"(21, 27)",0,-0.08
12,34,"(21, 26)",1,-0.08
12,35,"(22, 26)",0,-0.08
12,36,"(22, 25)",1,-0.08
12,37,"(23, 25)",1,-0.08
12,38,"(24, 25)",1,-0.08
12,39,"(25, 25)",1,-0.08
12,40,"(26, 25)",1,-0.08
12,41,"(27, 25)",1,-0.08
12,42,"(28, 25)",1,-0.08
12,43,"(29, 25)",1,-0.08
12,44,"(30, 25)",1,-0.08
12,45,"(31, 25)",0,-0.08
12,46,"(31, 24)",0,-0.08
12,47,"(31, 23)",1,-0.08
12,48,"(32, 23)",1,-0.08
12,49,"(33, 23)",0,-0.08
12,50,"(33, 22)",0,-0.08
12,51,"(33, 21)",1,-0.08
12,52,"(34, 21)",1,-0.08
12,53,"(35, 21)",1,-0.08
12,54,"(36, 21)",1,-0.08
12,55,"(37, 21)",1,-0.08
12,56,"(38, 21)",1,-0.08
12,57,"(39, 21)",1,-0.08
12,58,"(40, 21)",0,-0.08
12,59,"(40, 20)",1,-0.08
12,60,"(41, 20)",1,-0.08
12,61,"(42, 20)",1,-0.08
12,62,"(43, 20)",0,-0.08
12,63,"(43, 19)",1,-0.08
12,64,"(44, 19)",0,-0.08
12,65,"(44, 18)",0,-0.08
12,66,"(44, 17)",0,-0.08
12,67,"(44, 16)",0,-0.08
12,68,"(44, 15)",1,-0.08
12,69,"(45, 15)",0,-0.08
12,70,"(45, 14)",0,-0.08
12,71,"(45, 13)",0,-0.08
12,72,"(45, 12)",0,-0.08
12,73,"(45, 11)",0,-0.08
12,74,"(45, 10)",1,-0.08
12,75,"(46, 10)",0,-0.08
12,76,"(46, 9)",0,-0.08
12,77,"(46, 8)",0,-0.08
12,78,"(46, 7)",0,-0.08
12,79,"(46, 6)",1,-0.08
12,80,"(47, 6)",1,-0.08
12,81,"(48, 6)",1,-0.08
12,82,"(49, 6)",0,-0.08
12,83,"(49, 5)",1,-0.08
12,84,"(50, 5)",1,-0.08
12,85,"(51, 5)",1,-0.08
12,86,"(52, 5)",1,-0.08
12,87,"(53, 5)",0,-0.08
12,88,"(53, 4)",0,-0.08
12,89,"(53, 3)",0,-0.08
12,90,"(53, 2)",0,-0.08
12,91,"(53, 1)",1,-0.08
12,92,"(54, 1)",1,-0.08
12,93,"(55, 1)",1,-0.08
12,94,"(56, 1)",1,-0.08
12,95,"(57, 1)",1,-0.08
12,96,"(58, 1)",1,-0.08
12,97,"(59, 1)",1,-0.08
12,98,"(60, 1)",1,-0.08
12,99,"(61, 1)",1,-0.08
12,100,"(62, 1)",1,-0.08
12,101,"(63, 1)",1,-0.08
12,102,"(64, 1)",1,-0.08
12,103,"(65, 1)",1,-0.08
12,104,"(66, 1)",1,-0.08
12,105,"(67, 1)",1,-0.08
12,106,"(68, 1)",1,-0.08
12,107,"(69, 1)",1,-0.08
12,108,"(70, 1)",1,-0.08
12,109,"(71, 1)",2,-0.08
12,110,"(71, 2)",2,-0.08
12,111,"(71, 3)",1,-0.08
12,112,"(72, 3)",1,-0.08
12,113,"(73, 3)",1,-0.08
12,114,"(74, 3)",1,-0.08
12,115,"(75, 3)",1,-0.08
12,116,"(76, 3)",1,-0.08
12,117,"(77, 3)",0,-0.08
12,118,"(77, 2)",0,-0.08
12,119,"(77, 1)",1,-0.08
12,120,"(78, 1)",1,-0.08
12,121,"(79, 1)",0,8.33
13,0,"(0, 39)",1,-0.08
13,1,"(1, 39)",1,-0.08
13,2,"(2, 39)",1,-0.08
13,3,"(3, 39)",1,-0.08
13,4,"(4, 39)",1,-0.08
13,5,"(5, 39)",1,-0.08
13,6,"(6, 39)",1,-0.08
13,7,"(7, 39)",1,-0.08
13,8,"(8, 39)",1,-0.08
13,9,"(9, 39)",1,-0.08
13,10,"(10, 39)",0,-0.08
13,11,"(10, 38)",1,-0.08
13,12,"(11, 38)",0,-0.08
13,13,"(11, 37)",1,-0.08
13,14,"(12, 37)",1,-0.08
13,15,"(13, 37)",1,-0.08
13,16,"(14, 37)",1,-0.08
13,17,"(15, 37)",0,-0.08
13,18,"(15, 36)",1,-0.08
13,19,"(16, 36)",1,-0.08
13,20,"(17, 36)",0,-0.08
13,21,"(17, 35)",1,-0.08
13,22,"(18, 35)",0,-0.08
13,23,"(18, 34)",1,-0.08
13,24,"(19, 34)",0,-0.08
13,25,"(19, 33)",0,-0.08
13,26,"(19, 32)",0,-0.08
13,27,"(19, 31)",0,-0.08
13,28,"(19, 30)",0,-0.08
13,29,"(19, 29)",1,-0.08
13,30,"(20, 29)",0,-0.08
13,31,"(20, 28)",0,-0.08
13,32,"(20, 27)",1,-0.08
13,33,"(21, 27)",0,-0.08
13,34,"(21, 26)",1,-0.08
13,35,"(22, 26)",0,-0.08
13,36,"(22, 25)",0,-0.08
13,37,"(22, 24)",0,-0.08
13,38,"(22, 23)",1,-0.08
13,39,"(23, 23)",1,-0.08
13,40,"(24, 23)",1,-0.08
13,41,"(25, 23)",0,-0.08
13,42,"(25, 22)",0,-0.08
13,43,"(25, 21)",0,-0.08
13,44,"(25, 20)",0,-0.08
13,45,"(25, 19)",0,-0.08
13,46,"(25, 18)",1,-0.08
13,47,"(26, 18)",1,-0.08
13,48,"(27, 18)",0,-0.08
13,49,"(27, 17)",1,-0.08
13,50,"(28, 17)",1,-0.08
13,51,"(29, 17)",0,-0.08
13,52,"(29, 16)",0,-0.08
13,53,"(29, 15)",1,-0.08
13,54,"(30, 15)",1,-0.08
13,55,"(31, 15)",0,-0.08
13,56,"(31, 14)",1,-0.08
13,57,"(32, 14)",0,-0.08
13,58,"(32, 13)",1,-0.08
13,59,"(33, 13)",1,-0.08
13,60,"(34, 13)",1,-0.08
13,61,"(35, 13)",1,-0.08
13,62,"(36, 13)",1,-0.08
13,63,"(37, 13)",1,-0.08
13,64,"(38, 13)",1,-0.08
13,65,"(39, 13)",0,-0.08
13,66,"(39, 12)",0,-0.08
13,67,"(39, 11)",1,-0.08
13,68,"(40, 11)",1,-0.08
13,69,"(41, 11)",1,-0.08
13,70,"(42, 11)",1,-0.08
13,71,"(43, 11)",1,-0.08
13,72,"(44, 11)",1,-0.08
13,73,"(45, 11)",0,-0.08
13,74,"(45, 10)",1,-0.08
13,75,"(46, 10)",0,-0.08
13,76,"(46, 9)",0,-0.08
13,77,"(46, 8)",0,-0.08
13,78,"(46, 7)",0,-0.08
13,79,"(46, 6)",1,-0.08
13,80,"(47, 6)",1,-0.08
13,81,"(48, 6)",1,-0.08
13,82,"(49, 6)",0,-0.08
13,83,"(49, 5)",1,-0.08
13,84,"(50, 5)",1,-0.08
13,85,"(51, 5)",0,-0.08
13,86,"(51, 4)",0,-0.08
13,87,"(51, 3)",0,-0.08
13,88,"(51, 2)",0,-0.08
13,89,"(51, 1)",1,-0.08
13,90,"(52, 1)",1,-0.08
13,91,"(53, 1)",1,-0.08
13,92,"(54, 1)",1,-0.08
13,93,"(55, 1)",1,-0.08
13,94,"(56, 1)",1,-0.08
13,95,"(57, 1)",1,-0.08
13,96,"(58, 1)",1,-0.08
13,97,"(59, 1)",1,-0.08
13,98,"(60, 1)",1,-0.08
13,99,"(61, 1)",1,-0.08
13,100,"(62, 1)",1,-0.08
13,101,"(63, 1)",1,-0.08
13,102,"(64, 1)",1,-0.08
13,103,"(65, 1)",1,-0.08
13,104,"(66, 1)",1,-0.08
13,105,"(67, 1)",1,-0.08
13,106,"(68, 1)",1,-0.08
13,107,"(69, 1)",1,-0.08
13,108,"(70, 1)",1,-0.08
13,109,"(71, 1)",2,-0.08
13,110,"(71, 2)",2,-0.08
13,111,"(71, 3)",1,-0.08
13,112,"(72, 3)",1,-0.08
13,113,"(73, 3)",1,-0.08
13,114,"(74, 3)",1,-0.08
13,115,"(75, 3)",1,-0.08
13,116,"(76, 3)",1,-0.08
13,117,"(77, 3)",0,-0.08
13,118,"(77, 2)",0,-0.08
13,119,"(77, 1)",0,-0.08
13,120,"(77, 0)",1,-0.08
13,121,"(78, 0)",1,8.33
14,0,"(0, 39)",1,-0.08
14,1,"(1, 39)",1,-0.08
14,2,"(2, 39)",1,-0.08
14,3,"(3, 39)",1,-0.08
14,4,"(4, 39)",1,-0.08
14,5,"(5, 39)",1,-0.08
14,6,"(6, 39)",1,-0.08
14,7,"(7, 39)",1,-0.08
14,8,"(8, 39)",1,-0.08
14,9,"(9, 39)",1,-0.08
14,10,"(10, 39)",0,-0.08
14,11,"(10, 38)",0,-0.08
14,12,"(10, 37)",1,-0.08
14,13,"(11, 37)",1,-0.08
14,14,"(12, 37)",1,-0.08
14,15,"(13, 37)",1,-0.08
14,16,"(14, 37)",1,-0.08
14,17,"(15, 37)",0,-0.08
14,18,"(15, 36)",1,-0.08
14,19,"(16, 36)",1,-0.08
14,20,"(17, 36)",0,-0.08
14,21,"(17, 35)",1,-0.08
14,22,"(18, 35)",0,-0.08
14,23,"(18, 34)",0,-0.08
14,24,"(18, 33)",1,-0.08
14,25,"(19, 33)",0,-0.08
14,26,"(19, 32)",0,-0.08
14,27,"(19, 31)",0,-0.08
14,28,"(19, 30)",0,-0.08
14,29,"(19, 29)",1,-0.08
14,30,"(20, 29)",0,-0.08
14,31,"(20, 28)",0,-0.08
14,32,"(20, 27)",1,-0.08
14,33,"(21, 27)",0,-0.08
14,34,"(21, 26)",1,-0.08
14,35,"(22, 26)",1,-0.08
14,36,"(23, 26)",0,-0.08
14,37,"(23, 25)",1,-0.08
14,38,"(24, 25)",1,-0.08
14,39,"(25, 25)",0,-0.08
14,40,"(25, 24)",0,-0.08
14,41,"(25, 23)",0,-0.08
14,42,"(25, 22)",0,-0.08
14,43,"(25, 21)",1,-0.08
14,44,"(26, 21)",1,-0.08
14,45,"(27, 21)",0,-0.08
14,46,"(27, 20)",0,-0.08
14,47,"(27, 19)",1,-0.08
14,48,"(28, 19)",1,-0.08
14,49,"(29, 19)",1,-0.08
14,50,"(30, 19)",1,-0.08
14,51,"(31, 19)",1,-0.08
14,52,"(32, 19)",1,-0.08
14,53,"(33, 19)",1,-0.08
14,54,"(34, 19)",1,-0.08
14,55,"(35, 19)",0,-0.08
14,56,"(35, 18)",0,-0.08
14,57,"(35, 17)",1,-0.08
14,58,"(36, 17)",1,-0.08
14,59,"(37, 17)",0,-0.08
14,60,"(37, 16)",0,-0.08
14,61,"(37, 15)",1,-0.08
14,62,"(38, 15)",1,-0.08
14,63,"(39, 15)",1,-0.08
14,64,"(40, 15)",1,-0.08
14,65,"(41, 15)",0,-0.08
14,66,"(41, 14)",0,-0.08
14,67,"(41, 13)",1,-0.08
14,68,"(42, 13)",1,-0.08
14,69,"(43, 13)",1,-0.08
14,70,"(44, 13)",1,-0.08
14,71,"(45, 13)",0,-0.08
14,72,"(45, 12)",0,-0.08
14,73,"(45, 11)",0,-0.08
14,74,"(45, 10)",1,-0.08
14,75,"(46, 10)",0,-0.08
14,76,"(46, 9)",0,-0.08
14,77,"(46, 8)",0,-0.08
14,78,"(46, 7)",0,-0.08
14,79,"(46, 6)",1,-0.08
14,80,"(47, 6)",1,-0.08
14,81,"(48, 6)",1,-0.08
14,82,"(49, 6)",0,-0.08
14,83,"(49, 5)",1,-0.08
14,84,"(50, 5)",1,-0.08
14,85,"(51, 5)",0,-0.08
14,86,"(51, 4)",0,-0.08
14,87,"(51, 3)",0,-0.08
14,88,"(51, 2)",1,-0.08
14,89,"(52, 2)",0,-0.08
14,90,"(52, 1)",1,-0.08
14,91,"(53, 1)",1,-0.08
14,92,"(54, 1)",1,-0.08
14,93,"(55, 1)",1,-0.08
14,94,"(56, 1)",1,-0.08
14,95,"(57, 1)",1,-0.08
14,96,"(58, 1)",1,-0.08
14,97,"(59, 1)",1,-0.08
14,98,"(60, 1)",1,-0.08
14,99,"(61, 1)",1,-0.08
14,100,"(62, 1)",1,-0.08
14,101,"(63, 1)",1,-0.08
14,102,"(64, 1)",1,-0.08
14,103,"(65, 1)",1,-0.08
14,104,"(66, 1)",1,-0.08
14,105,"(67, 1)",1,-0.08
14,106,"(68, 1)",1,-0.08
14,107,"(69, 1)",1,-0.08
14,108,"(70, 1)",1,-0.08
14,109,"(71, 1)",2,-0.08
14,110,"(71, 2)",2,-0.08
14,111,"(71, 3)",1,-0.08
14,112,"(72, 3)",1,-0.08
14,113,"(73, 3)",1,-0.08
14,114,"(74, 3)",1,-0.08
14,115,"(75, 3)",1,-0.08
14,116,"(76, 3)",1,-0.08
14,117,"(77, 3)",0,-0.08
14,118,"(77, 2)",0,-0.08
14,119,"(77, 1)",1,-0.08
14,120,"(78, 1)",1,-0.08
14,121,"(79, 1)",0,8.33
15,0,"(0, 39)",1,-0.08
15,1,"(1, 39)",1,-0.08
15,2,"(2, 39)",1,-0.08
15,3,"(3, 39)",1,-0.08
15,4,"(4, 39)",1,-0.08
15,5,"(5, 39)",1,-0.08
15,6,"(6, 39)",1,-0.08
15,7,"(7, 39)",1,-0.08
15,8,"(8, 39)",1,-0.08
15,9,"(9, 39)",1,-0.08
15,10,"(10, 39)",1,-0.08
15,11,"(11, 39)",1,-0.08
15,12,"(12, 39)",1,-0.08
15,13,"(13, 39)",1,-0.08
15,14,"(14, 39)",0,-0.08
15,15,"(14, 38)",0,-0.08
15,16,"(14, 37)",1,-0.08
15,17,"(15, 37)",1,-0.08
15,18,"(16, 37)",1,-0.08
15,19,"(17, 37)",0,-0.08
15,20,"(17, 36)",0,-0.08
15,21,"(17, 35)",1,-0.08
15,22,"(18, 35)",0,-0.08
15,23,"(18, 34)",1,-0.08
15,24,"(19, 34)",0,-0.08
15,25,"(19, 33)",0,-0.08
15,26,"(19, 32)",0,-0.08
15,27,"(19, 31)",0,-0.08
15,28,"(19, 30)",0,-0.08
15,29,"(19, 29)",1,-0.08
15,30,"(20, 29)",0,-0.08
15,31,"(20, 28)",0,-0.08
15,32,"(20, 27)",1,-0.08
15,33,"(21, 27)",0,-0.08
15,34,"(21, 26)",0,-0.08
15,35,"(21, 25)",1,-0.08
15,36,"(22, 25)",1,-0.08
15,37,"(23, 25)",1,-0.08
15,38,"(24, 25)",1,-0.08
15,39,"(25, 25)",0,-0.08
15,40,"(25, 24)",0,-0.08
15,41,"(25, 23)",0,-0.08
15,42,"(25, 22)",0,-0.08
15,43,"(25, 21)",0,-0.08
15,44,"(25, 20)",0,-0.08
15,45,"(25, 19)",1,-0.08
15,46,"(26, 19)",0,-0.08
15,47,"(26, 18)",1,-0.08
15,48,"(27, 18)",0,-0.08
15,49,"(27, 17)",1,-0.08
15,50,"(28, 17)",1,-0.08
15,51,"(29, 17)",1,-0.08
15,52,"(30, 17)",1,-0.08
15,53,"(31, 17)",1,-0.08
15,54,"(32, 17)",0,-0.08
15,55,"(32, 16)",0,-0.08
15,56,"(32, 15)",0,-0.08
15,57,"(32, 14)",0,-0.08
15,58,"(32, 13)",1,-0.08
15,59,"(33, 13)",1,-0.08
15,60,"(34, 13)",1,-0.08
15,61,"(35, 13)",1,-0.08
15,62,"(36, 13)",1,-0.08
15,63,"(37, 13)",1,-0.08
15,64,"(38, 13)",1,-0.08
15,65,"(39, 13)",1,-0.08
15,66,"(40, 13)",1,-0.08
15,67,"(41, 13)",1,-0.08
15,68,"(42, 13)",1,-0.08
15,69,"(43, 13)",0,-0.08
15,70,"(43, 12)",0,-0.08
15,71,"(43, 11)",1,-0.08
15,72,"(44, 11)",1,-0.08
15,73,"(45, 11)",0,-0.08
15,74,"(45, 10)",1,-0.08
15,75,"(46, 10)",0,-0.08
15,76,"(46, 9)",0,-0.08
15,77,"(46, 8)",0,-0.08
15,78,"(46, 7)",0,-0.08
15,79,"(46, 6)",1,-0.08
15,80,"(47, 6)",1,-0.08
15,81,"(48, 6)",1,-0.08
15,82,"(49, 6)",0,-0.08
15,83,"(49, 5)",1,-0.08
15,84,"(50, 5)",1,-0.08
15,85,"(51, 5)",0,-0.08
15,86,"(51, 4)",0,-0.08
15,87,"(51, 3)",0,-0.08
15,88,"(51, 2)",0,-0.08
15,89,"(51, 1)",1,-0.08
15,90,"(52, 1)",1,-0.08
15,91,"(53, 1)",1,-0.08
15,92,"(54, 1)",1,-0.08
15,93,"(55, 1)",1,-0.08
15,94,"(56, 1)",1,-0.08
15,95,"(57, 1)",1,-0.08
15,96,"(58, 1)",1,-0.08
15,97,"(59, 1)",1,-0.08
15,98,"(60, 1)",1,-0.08
15,99,"(61, 1)",1,-0.08
15,100,"(62, 1)",1,-0.08
15,101,"(63, 1)",1,-0.08
15,102,"(64, 1)",1,-0.08
15,103,"(65, 1)",1,-0.08
15,104,"(66, 1)",1,-0.08
15,105,"(67, 1)",1,-0.08
15,106,"(68, 1)",1,-0.08
15,107,"(69, 1)",1,-0.08
15,108,"(70, 1)",1,-0.08
15,109,"(71, 1)",2,-0.08
15,110,"(71, 2)",2,-0.08
15,111,"(71, 3)",1,-0.08
15,112,"(72, 3)",1,-0.08
15,113,"(73, 3)",0,-0.08
15,114,"(73, 2)",0,-0.08
15,115,"(73, 1)",0,-0.08
15,116,"(73, 0)",1,-0.08
15,117,"(74, 0)",1,-0.08
15,118,"(75, 0)",1,-0.08
15,119,"(76, 0)",1,-0.08
15,120,"(77, 0)",1,-0.08
15,121,"(78, 0)",1,8.33
16,0,"(0, 39)",1,-0.08
16,1,"(1, 39)",1,-0.08
16,2,"(2, 39)",1,-0.08
16,3,"(3, 39)",1,-0.08
16,4,"(4, 39)",1,-0.08
16,5,"(5, 39)",1,-0.08
16,6,"(6, 39)",1,-0.08
16,7,"(7, 39)",1,-0.08
16,8,"(8, 39)",1,-0.08
16,9,"(9, 39)",1,-0.08
16,10,"(10, 39)",1,-0.08
16,11,"(11, 39)",0,-0.08
16,12,"(11, 38)",0,-0.08
16,13,"(11, 37)",1,-0.08
16,14,"(12, 37)",1,-0.08
16,15,"(13, 37)",1,-0.08
16,16,"(14, 37)",1,-0.08
16,17,"(15, 37)",1,-0.08
16,18,"(16, 37)",1,-0.08
16,19,"(17, 37)",0,-0.08
16,20,"(17, 36)",0,-0.08
16,21,"(17, 35)",1,-0.08
16,22,"(18, 35)",0,-0.08
16,23,"(18, 34)",1,-0.08
16,24,"(19, 34)",0,-0.08
16,25,"(19, 33)",0,-0.08
16,26,"(19, 32)",0,-0.08
16,27,"(19, 31)",0,-0.08
16,28,"(19, 30)",0,-0.08
16,29,"(19, 29)",1,-0.08
16,30,"(20, 29)",0,-0.08
16,31,"(20, 28)",0,-0.08
16,32,"(20, 27)",1,-0.08
16,33,"(21, 27)",0,-0.08
16,34,"(21, 26)",0,-0.08
16,35,"(21, 25)",1,-0.08
16,36,"(22, 25)",0,-0.08
16,37,"(22, 24)",0,-0.08
16,38,"(22, 23)",1,-0.08
16,39,"(23, 23)",1,-0.08
16,40,"(24, 23)",1,-0.08
16,41,"(25, 23)",0,-0.08
16,42,"(25, 22)",0,-0.08
16,43,"(25, 21)",1,-0.08
16,44,"(26, 21)",1,-0.08
16,45,"(27, 21)",0,-0.08
16,46,"(27, 20)",1,-0.08
16,47,"(28, 20)",0,-0.08
16,48,"(28, 19)",1,-0.08
16,49,"(29, 19)",1,-0.08
16,50,"(30, 19)",1,-0.08
16,51,"(31, 19)",0,-0.08
16,52,"(31, 18)",0,-0.08
16,53,"(31, 17)",1,-0.08
16,54,"(32, 17)",1,-0.08
16,55,"(33, 17)",1,-0.08
16,56,"(34, 17)",1,-0.08
16,57,"(35, 17)",0,-0.08
16,58,"(35, 16)",0,-0.08
16,59,"(35, 15)",0,-0.08
16,60,"(35, 14)",0,-0.08
16,61,"(35, 13)",1,-0.08
16,62,"(36, 13)",1,-0.08
16,63,"(37, 13)",1,-0.08
16,64,"(38, 13)",1,-0.08
16,65,"(39, 13)",0,-0.08
16,66,"(39, 12)",0,-0.08
16,67,"(39, 11)",1,-0.08
16,68,"(40, 11)",1,-0.08
16,69,"(41, 11)",1,-0.08
16,70,"(42, 11)",1,-0.08
16,71,"(43, 11)",1,-0.08
16,72,"(44, 11)",1,-0.08
16,73,"(45, 11)",0,-0.08
16,74,"(45, 10)",1,-0.08
16,75,"(46, 10)",0,-0.08
16,76,"(46, 9)",0,-0.08
16,77,"(46, 8)",0,-0.08
16,78,"(46, 7)",0,-0.08
16,79,"(46, 6)",1,-0.08
16,80,"(47, 6)",1,-0.08
16,81,"(48, 6)",1,-0.08
16,82,"(49, 6)",0,-0.08
16,83,"(49, 5)",1,-0.08
16,84,"(50, 5)",1,-0.08
16,85,"(51, 5)",0,-0.08
16,86,"(51, 4)",0,-0.08
16,87,"(51, 3)",0,-0.08
16,88,"(51, 2)",0,-0.08
16,89,"(51, 1)",1,-0.08
16,90,"(52, 1)",1,-0.08
16,91,"(53, 1)",1,-0.08
16,92,"(54, 1)",1,-0.08
16,93,"(55, 1)",1,-0.08
16,94,"(56, 1)",1,-0.08
16,95,"(57, 1)",1,-0.08
16,96,"(58, 1)",1,-0.08
16,97,"(59, 1)",1,-0.08
16,98,"(60, 1)",1,-0.08
16,99,"(61, 1)",1,-0.08
16,100,"(62, 1)",1,-0.08
16,101,"(63, 1)",1,-0.08
16,102,"(64, 1)",1,-0.08
16,103,"(65, 1)",1,-0.08
16,104,"(66, 1)",1,-0.08
16,105,"(67, 1)",1,-0.08
16,106,"(68, 1)",1,-0.08
16,107,"(69, 1)",1,-0.08
16,108,"(70, 1)",1,-0.08
16,109,"(71, 1)",2,-0.08
16,110,"(71, 2)",2,-0.08
16,111,"(71, 3)",1,-0.08
16,112,"(72, 3)",1,-0.08
16,113,"(73, 3)",0,-0.08
16,114,"(73, 2)",0,-0.08
16,115,"(73, 1)",1,-0.08
16,116,"(74, 1)",1,-0.08
16,117,"(75, 1)",1,-0.08
16,118,"(76, 1)",1,-0.08
16,119,"(77, 1)",1,-0.08
16,120,"(78, 1)",0,-0.08
16,121,"(78, 0)",1,8.33
17,0,"(0, 39)",1,-0.08
17,1,"(1, 39)",1,-0.08
17,2,"(2, 39)",1,-0.08
17,3,"(3, 39)",1,-0.08
17,4,"(4, 39)",1,-0.08
17,5,"(5, 39)",1,-0.08
17,6,"(6, 39)",1,-0.08
17,7,"(7, 39)",1,-0.08
17,8,"(8, 39)",1,-0.08
17,9,"(9, 39)",1,-0.08
17,10,"(10, 39)",1,-0.08
17,11,"(11, 39)",0,-0.08
17,12,"(11, 38)",0,-0.08
17,13,"(11, 37)",1,-0.08
17,14,"(12, 37)",1,-0.08
17,15,"(13, 37)",1,-0.08
17,16,"(14, 37)",1,-0.08
17,17,"(15, 37)",1,-0.08
17,18,"(16, 37)",0,-0.08
17,19,"(16, 36)",1,-0.08
17,20,"(17, 36)",0,-0.08
17,21,"(17, 35)",0,-0.08
17,22,"(17, 34)",0,-0.08
17,23,"(17, 33)",1,-0.08
17,24,"(18, 33)",1,-0.08
17,25,"(19, 33)",0,-0.08
17,26,"(19, 32)",0,-0.08
17,27,"(19, 31)",0,-0.08
17,28,"(19, 30)",0,-0.08
17,29,"(19, 29)",1,-0.08
17,30,"(20, 29)",0,-0.08
17,31,"(20, 28)",0,-0.08
17,32,"(20, 27)",1,-0.08
17,33,"(21, 27)",0,-0.08
17,34,"(21, 26)",0,-0.08
17,35,"(21, 25)",1,-0.08
17,36,"(22, 25)",1,-0.08
17,37,"(23, 25)",1,-0.08
17,38,"(24, 25)",1,-0.08
17,39,"(25, 25)",1,-0.08
17,40,"(26, 25)",1,-0.08
17,41,"(27, 25)",1,-0.08
17,42,"(28, 25)",1,-0.08
17,43,"(29, 25)",1,-0.08
17,44,"(30, 25)",1,-0.08
17,45,"(31, 25)",0,-0.08
17,46,"(31, 24)",0,-0.08
17,47,"(31, 23)",1,-0.08
17,48,"(32, 23)",1,-0.08
17,49,"(33, 23)",0,-0.08
17,50,"(33, 22)",0,-0.08
17,51,"(33, 21)",1,-0.08
17,52,"(34, 21)",1,-0.08
17,53,"(35, 21)",0,-0.08
17,54,"(35, 20)",0,-0.08
17,55,"(35, 19)",0,-0.08
17,56,"(35, 18)",0,-0.08
17,57,"(35, 17)",0,-0.08
17,58,"(35, 16)",0,-0.08
17,59,"(35, 15)",0,-0.08
17,60,"(35, 14)",0,-0.08
17,61,"(35, 13)",1,-0.08
17,62,"(36, 13)",1,-0.08
17,63,"(37, 13)",1,-0.08
17,64,"(38, 13)",1,-0.08
17,65,"(39, 13)",0,-0.08
17,66,"(39, 12)",0,-0.08
17,67,"(39, 11)",1,-0.08
17,68,"(40, 11)",1,-0.08
17,69,"(41, 11)",1,-0.08
17,70,"(42, 11)",1,-0.08
17,71,"(43, 11)",1,-0.08
17,72,"(44, 11)",1,-0.08
17,73,"(45, 11)",0,-0.08
17,74,"(45, 10)",1,-0.08
17,75,"(46, 10)",0,-0.08
17,76,"(46, 9)",0,-0.08
17,77,"(46, 8)",0,-0.08
17,78,"(46, 7)",0,-0.08
17,79,"(46, 6)",1,-0.08
17,80,"(47, 6)",1,-0.08
17,81,"(48, 6)",1,-0.08
17,82,"(49, 6)",0,-0.08
17,83,"(49, 5)",1,-0.08
17,84,"(50, 5)",1,-0.08
17,85,"(51, 5)",0,-0.08
17,86,"(51, 4)",0,-0.08
17,87,"(51, 3)",0,-0.08
17,88,"(51, 2)",1,-0.08
17,89,"(52, 2)",1,-0.08
17,90,"(53, 2)",0,-0.08
17,91,"(53, 1)",1,-0.08
17,92,"(54, 1)",1,-0.08
17,93,"(55, 1)",1,-0.08
17,94,"(56, 1)",1,-0.08
17,95,"(57, 1)",1,-0.08
17,96,"(58, 1)",1,-0.08
17,97,"(59, 1)",1,-0.08
17,98,"(60, 1)",1,-0.08
17,99,"(61, 1)",1,-0.08
17,100,"(62, 1)",1,-0.08
17,101,"(63, 1)",1,-0.08
17,102,"(64, 1)",1,-0.08
17,103,"(65, 1)",1,-0.08
17,104,"(66, 1)",1,-0.08
17,105,"(67, 1)",1,-0.08
17,106,"(68, 1)",1,-0.08
17,107,"(69, 1)",1,-0.08
17,108,"(70, 1)",1,-0.08
17,109,"(71, 1)",2,-0.08
17,110,"(71, 2)",2,-0.08
17,111,"(71, 3)",1,-0.08
17,112,"(72, 3)",1,-0.08
17,113,"(73, 3)",0,-0.08
17,114,"(73, 2)",0,-0.08
17,115,"(73, 1)",1,-0.08
17,116,"(74, 1)",1,-0.08
17,117,"(75, 1)",0,-0.08
17,118,"(75, 0)",1,-0.08
17,119,"(76, 0)",1,-0.08
17,120,"(77, 0)",1,-0.08
17,121,"(78, 0)",1,8.33
18,0,"(0, 39)",1,-0.08
18,1,"(1, 39)",1,-0.08
18,2,"(2, 39)",1,-0.08
18,3,"(3, 39)",1,-0.08
18,4,"(4, 39)",1,-0.08
18,5,"(5, 39)",1,-0.08
18,6,"(6, 39)",1,-0.08
18,7,"(7, 39)",1,-0.08
18,8,"(8, 39)",1,-0.08
18,9,"(9, 39)",1,-0.08
18,10,"(10, 39)",0,-0.08
18,11,"(10, 38)",1,-0.08
18,12,"(11, 38)",0,-0.08
18,13,"(11, 37)",1,-0.08
18,14,"(12, 37)",1,-0.08
18,15,"(13, 37)",1,-0.08
18,16,"(14, 37)",1,-0.08
18,17,"(15, 37)",1,-0.08
18,18,"(16, 37)",1,-0.08
18,19,"(17, 37)",1,-0.08
18,20,"(18, 37)",1,-0.08
18,21,"(19, 37)",0,-0.08
18,22,"(19, 36)",0,-0.08
18,23,"(19, 35)",0,-0.08
18,24,"(19, 34)",0,-0.08
18,25,"(19, 33)",0,-0.08
18,26,"(19, 32)",0,-0.08
18,27,"(19, 31)",0,-0.08
18,28,"(19, 30)",0,-0.08
18,29,"(19, 29)",1,-0.08
18,30,"(20, 29)",0,-0.08
18,31,"(20, 28)",0,-0.08
18,32,"(20, 27)",1,-0.08
18,33,"(21, 27)",0,-0.08
18,34,"(21, 26)",0,-0.08
18,35,"(21, 25)",1,-0.08
18,36,"(22, 25)",0,-0.08
18,37,"(22, 24)",0,-0.08
18,38,"(22, 23)",1,-0.08
18,39,"(23, 23)",1,-0.08
18,40,"(24, 23)",1,-0.08
18,41,"(25, 23)",0,-0.08
18,42,"(25, 22)",0,-0.08
18,43,"(25, 21)",0,-0.08
18,44,"(25, 20)",0,-0.08
18,45,"(25, 19)",0,-0.08
18,46,"(25, 18)",1,-0.08
18,47,"(26, 18)",1,-0.08
18,48,"(27, 18)",0,-0.08
18,49,"(27, 17)",1,-0.08
18,50,"(28, 17)",0,-0.08
18,51,"(28, 16)",1,-0.08
18,52,"(29, 16)",0,-0.08
18,53,"(29, 15)",1,-0.08
18,54,"(30, 15)",1,-0.08
18,55,"(31, 15)",1,-0.08
18,56,"(32, 15)",0,-0.08
18,57,"(32, 14)",0,-0.08
18,58,"(32, 13)",1,-0.08
18,59,"(33, 13)",1,-0.08
18,60,"(34, 13)",1,-0.08
18,61,"(35, 13)",1,-0.08
18,62,"(36, 13)",1,-0.08
18,63,"(37, 13)",1,-0.08
18,64,"(38, 13)",1,-0.08
18,65,"(39, 13)",0,-0.08
18,66,"(39, 12)",0,-0.08
18,67,"(39, 11)",1,-0.08
18,68,"(40, 11)",1,-0.08
18,69,"(41, 11)",1,-0.08
18,70,"(42, 11)",1,-0.08
18,71,"(43, 11)",1,-0.08
18,72,"(44, 11)",1,-0.08
18,73,"(45, 11)",0,-0.08
18,74,"(45, 10)",1,-0.08
18,75,"(46, 10)",0,-0.08
18,76,"(46, 9)",0,-0.08
18,77,"(46, 8)",0,-0.08
18,78,"(46, 7)",0,-0.08
18,79,"(46, 6)",1,-0.08
18,80,"(47, 6)",1,-0.08
18,81,"(48, 6)",1,-0.08
18,82,"(49, 6)",0,-0.08
18,83,"(49, 5)",1,-0.08
18,84,"(50, 5)",1,-0.08
18,85,"(51, 5)",0,-0.08
18,86,"(51, 4)",0,-0.08
18,87,"(51, 3)",0,-0.08
18,88,"(51, 2)",1,-0.08
18,89,"(52, 2)",0,-0.08
18,90,"(52, 1)",1,-0.08
18,91,"(53, 1)",1,-0.08
18,92,"(54, 1)",1,-0.08
18,93,"(55, 1)",1,-0.08
18,94,"(56, 1)",1,-0.08
18,95,"(57, 1)",1,-0.08
18,96,"(58, 1)",1,-0.08
18,97,"(59, 1)",1,-0.08
18,98,"(60, 1)",1,-0.08
18,99,"(61, 1)",1,-0.08
18,100,"(62, 1)",1,-0.08
18,101,"(63, 1)",1,-0.08
18,102,"(64, 1)",1,-0.08
18,103,"(65, 1)",1,-0.08
18,104,"(66, 1)",1,-0.08
18,105,"(67, 1)",1,-0.08
18,106,"(68, 1)",1,-0.08
18,107,"(69, 1)",1,-0.08
18,108,"(70, 1)",1,-0.08
18,109,"(71, 1)",2,-0.08
18,110,"(71, 2)",2,-0.08
18,111,"(71, 3)",1,-0.08
18,112,"(72, 3)",1,-0.08
18,113,"(73, 3)",1,-0.08
18,114,"(74, 3)",1,-0.08
18,115,"(75, 3)",1,-0.08
18,116,"(76, 3)",1,-0.08
18,117,"(77, 3)",0,-0.08
18,118,"(77, 2)",0,-0.08
18,119,"(77, 1)",1,-0.08
18,120,"(78, 1)",0,-0.08
18,121,"(78, 0)",1,8.33
19,0,"(0, 39)",1,-0.08
19,1,"(1, 39)",1,-0.08
19,2,"(2, 39)",1,-0.08
19,3,"(3, 39)",1,-0.08
19,4,"(4, 39)",1,-0.08
19,5,"(5, 39)",1,-0.08
19,6,"(6, 39)",1,-0.08
19,7,"(7, 39)",1,-0.08
19,8,"(8, 39)",1,-0.08
19,9,"(9, 39)",1,-0.08
19,10,"(10, 39)",0,-0.08
19,11,"(10, 38)",1,-0.08
19,12,"(11, 38)",0,-0.08
19,13,"(11, 37)",1,-0.08
19,14,"(12, 37)",1,-0.08
19,15,"(13, 37)",1,-0.08
19,16,"(14, 37)",1,-0.08
19,17,"(15, 37)",1,-0.08
19,18,"(16, 37)",1,-0.08
19,19,"(17, 37)",0,-0.08
19,20,"(17, 36)",0,-0.08
19,21,"(17, 35)",0,-0.08
19,22,"(17, 34)",1,-0.08
19,23,"(18, 34)",1,-0.08
19,24,"(19, 34)",0,-0.08
19,25,"(19, 33)",0,-0.08
19,26,"(19, 32)",0,-0.08
19,27,"(19, 31)",0,-0.08
19,28,"(19, 30)",0,-0.08
19,29,"(19, 29)",1,-0.08
19,30,"(20, 29)",0,-0.08
19,31,"(20, 28)",0,-0.08
19,32,"(20, 27)",1,-0.08
19,33,"(21, 27)",0,-0.08
19,34,"(21, 26)",1,-0.08
19,35,"(22, 26)",1,-0.08
19,36,"(23, 26)",1,-0.08
19,37,"(24, 26)",0,-0.08
19,38,"(24, 25)",1,-0.08
19,39,"(25, 25)",0,-0.08
19,40,"(25, 24)",0,-0.08
19,41,"(25, 23)",0,-0.08
19,42,"(25, 22)",0,-0.08
19,43,"(25, 21)",0,-0.08
19,44,"(25, 20)",0,-0.08
19,45,"(25, 19)",1,-0.08
19,46,"(26, 19)",1,-0.08
19,47,"(27, 19)",0,-0.08
19,48,"(27, 18)",0,-0.08
19,49,"(27, 17)",0,-0.08
19,50,"(27, 16)",1,-0.08
19,51,"(28, 16)",1,-0.08
19,52,"(29, 16)",0,-0.08
19,53,"(29, 15)",1,-0.08
19,54,"(30, 15)",1,-0.08
19,55,"(31, 15)",1,-0.08
19,56,"(32, 15)",0,-0.08
19,57,"(32, 14)",0,-0.08
19,58,"(32, 13)",1,-0.08
19,59,"(33, 13)",1,-0.08
19,60,"(34, 13)",1,-0.08
19,61,"(35, 13)",1,-0.08
19,62,"(36, 13)",1,-0.08
19,63,"(37, 13)",1,-0.08
19,64,"(38, 13)",1,-0.08
19,65,"(39, 13)",0,-0.08
19,66,"(39, 12)",0,-0.08
19,67,"(39, 11)",1,-0.08
19,68,"(40, 11)",1,-0.08
19,69,"(41, 11)",1,-0.08
19,70,"(42, 11)",1,-0.08
19,71,"(43, 11)",1,-0.08
19,72,"(44, 11)",1,-0.08
19,73,"(45, 11)",0,-0.08
19,74,"(45, 10)",0,-0.08
19,75,"(45, 9)",1,-0.08
19,76,"(46, 9)",0,-0.08
19,77,"(46, 8)",0,-0.08
19,78,"(46, 7)",0,-0.08
19,79,"(46, 6)",1,-0.08
19,80,"(47, 6)",1,-0.08
19,81,"(48, 6)",1,-0.08
19,82,"(49, 6)",0,-0.08
19,83,"(49, 5)",1,-0.08
19,84,"(50, 5)",1,-0.08
19,85,"(51, 5)",1,-0.08
19,86,"(52, 5)",1,-0.08
19,87,"(53, 5)",0,-0.08
19,88,"(53, 4)",0,-0.08
19,89,"(53, 3)",0,-0.08
19,90,"(53, 2)",0,-0.08
19,91,"(53, 1)",1,-0.08
19,92,"(54, 1)",1,-0.08
19,93,"(55, 1)",1,-0.08
19,94,"(56, 1)",1,-0.08
19,95,"(57, 1)",1,-0.08
19,96,"(58, 1)",1,-0.08
19,97,"(59, 1)",1,-0.08
19,98,"(60, 1)",1,-0.08
19,99,"(61, 1)",1,-0.08
19,100,"(62, 1)",1,-0.08
19,101,"(63, 1)",1,-0.08
19,102,"(64, 1)",1,-0.08
19,103,"(65, 1)",1,-0.08
19,104,"(66, 1)",1,-0.08
19,105,"(67, 1)",1,-0.08
19,106,"(68, 1)",1,-0.08
19,107,"(69, 1)",1,-0.08
19,108,"(70, 1)",1,-0.08
19,109,"(71, 1)",2,-0.08
19,110,"(71, 2)",2,-0.08
19,111,"(71, 3)",1,-0.08
19,112,"(72, 3)",1,-0.08
19,113,"(73, 3)",1,-0.08
19,114,"(74, 3)",1,-0.08
19,115,"(75, 3)",1,-0.08
19,116,"(76, 3)",1,-0.08
19,117,"(77, 3)",0,-0.08
19,118,"(77, 2)",0,-0.08
19,119,"(77, 1)",1,-0.08
19,120,"(78, 1)",0,-0.08
19,121,"(78, 0)",1,8.33
20,0,"(0, 39)",1,-0.08
20,1,"(1, 39)",1,-0.08
20,2,"(2, 39)",1,-0.08
20,3,"(3, 39)",1,-0.08
20,4,"(4, 39)",1,-0.08
20,5,"(5, 39)",1,-0.08
20,6,"(6, 39)",1,-0.08
20,7,"(7, 39)",1,-0.08
20,8,"(8, 39)",1,-0.08
20,9,"(9, 39)",1,-0.08
20,10,"(10, 39)",0,-0.08
20,11,"(10, 38)",0,-0.08
20,12,"(10, 37)",1,-0.08
20,13,"(11, 37)",1,-0.08
20,14,"(12, 37)",1,-0.08
20,15,"(13, 37)",1,-0.08
20,16,"(14, 37)",1,-0.08
20,17,"(15, 37)",1,-0.08
20,18,"(16, 37)",1,-0.08
20,19,"(17, 37)",1,-0.08
20,20,"(18, 37)",1,-0.08
20,21,"(19, 37)",0,-0.08
20,22,"(19, 36)",0,-0.08
20,23,"(19, 35)",0,-0.08
20,24,"(19, 34)",0,-0.08
20,25,"(19, 33)",0,-0.08
20,26,"(19, 32)",0,-0.08
20,27,"(19, 31)",0,-0.08
20,28,"(19, 30)",0,-0.08
20,29,"(19, 29)",1,-0.08
20,30,"(20, 29)",0,-0.08
20,31,"(20, 28)",0,-0.08
20,32,"(20, 27)",1,-0.08
20,33,"(21, 27)",0,-0.08
20,34,"(21, 26)",0,-0.08
20,35,"(21, 25)",1,-0.08
20,36,"(22, 25)",0,-0.08
20,37,"(22, 24)",0,-0.08
20,38,"(22, 23)",1,-0.08
20,39,"(23, 23)",1,-0.08
20,40,"(24, 23)",1,-0.08
20,41,"(25, 23)",0,-0.08
20,42,"(25, 22)",0,-0.08
20,43,"(25, 21)",0,-0.08
20,44,"(25, 20)",0,-0.08
20,45,"(25, 19)",1,-0.08
20,46,"(26, 19)",1,-0.08
20,47,"(27, 19)",0,-0.08
20,48,"(27, 18)",0,-0.08
20,49,"(27, 17)",0,-0.08
20,50,"(27, 16)",1,-0.08
20,51,"(28, 16)",1,-0.08
20,52,"(29, 16)",0,-0.08
20,53,"(29, 15)",1,-0.08
20,54,"(30, 15)",1,-0.08
20,55,"(31, 15)",0,-0.08
20,56,"(31, 14)",0,-0.08
20,57,"(31, 13)",1,-0.08
20,58,"(32, 13)",1,-0.08
20,59,"(33, 13)",1,-0.08
20,60,"(34, 13)",1,-0.08
20,61,"(35, 13)",1,-0.08
20,62,"(36, 13)",1,-0.08
20,63,"(37, 13)",1,-0.08
20,64,"(38, 13)",1,-0.08
20,65,"(39, 13)",0,-0.08
20,66,"(39, 12)",0,-0.08
20,67,"(39, 11)",1,-0.08
20,68,"(40, 11)",1,-0.08
20,69,"(41, 11)",1,-0.08
20,70,"(42, 11)",1,-0.08
20,71,"(43, 11)",1,-0.08
20,72,"(44, 11)",1,-0.08
20,73,"(45, 11)",0,-0.08
20,74,"(45, 10)",1,-0.08
20,75,"(46, 10)",0,-0.08
20,76,"(46, 9)",0,-0.08
20,77,"(46, 8)",0,-0.08
20,78,"(46, 7)",0,-0.08
20,79,"(46, 6)",1,-0.08
20,80,"(47, 6)",1,-0.08
20,81,"(48, 6)",1,-0.08
20,82,"(49, 6)",0,-0.08
20,83,"(49, 5)",1,-0.08
20,84,"(50, 5)",1,-0.08
20,85,"(51, 5)",1,-0.08
20,86,"(52, 5)",1,-0.08
20,87,"(53, 5)",0,-0.08
20,88,"(53, 4)",0,-0.08
20,89,"(53, 3)",0,-0.08
20,90,"(53, 2)",0,-0.08
20,91,"(53, 1)",1,-0.08
20,92,"(54, 1)",1,-0.08
20,93,"(55, 1)",1,-0.08
20,94,"(56, 1)",1,-0.08
20,95,"(57, 1)",1,-0.08
20,96,"(58, 1)",1,-0.08
20,97,"(59, 1)",1,-0.08
20,98,"(60, 1)",1,-0.08
20,99,"(61, 1)",1,-0.08
20,100,"(62, 1)",1,-0.08
20,101,"(63, 1)",1,-0.08
20,102,"(64, 1)",1,-0.08
20,103,"(65, 1)",1,-0.08
20,104,"(66, 1)",1,-0.08
20,105,"(67, 1)",1,-0.08
20,106,"(68, 1)",1,-0.08
20,107,"(69, 1)",1,-0.08
20,108,"(70, 1)",1,-0.08
20,109,"(71, 1)",2,-0.08
20,110,"(71, 2)",2,-0.08
20,111,"(71, 3)",1,-0.08
20,112,"(72, 3)",1,-0.08
20,113,"(73, 3)",1,-0.08
20,114,"(74, 3)",1,-0.08
20,115,"(75, 3)",1,-0.08
20,116,"(76, 3)",1,-0.08
20,117,"(77, 3)",0,-0.08
20,118,"(77, 2)",0,-0.08
20,119,"(77, 1)",1,-0.08
20,120,"(78, 1)",1,-0.08
20,121,"(79, 1)",0,8.33
21,0,"(0, 39)",1,-0.08
21,1,"(1, 39)",1,-0.08
21,2,"(2, 39)",1,-0.08
21,3,"(3, 39)",1,-0.08
21,4,"(4, 39)",1,-0.08
21,5,"(5, 39)",1,-0.08
21,6,"(6, 39)",1,-0.08
21,7,"(7, 39)",1,-0.08
21,8,"(8, 39)",1,-0.08
21,9,"(9, 39)",1,-0.08
21,10,"(10, 39)",1,-0.08
21,11,"(11, 39)",1,-0.08
21,12,"(12, 39)",1,-0.08
21,13,"(13, 39)",1,-0.08
21,14,"(14, 39)",0,-0.08
21,15,"(14, 38)",0,-0.08
21,16,"(14, 37)",1,-0.08
21,17,"(15, 37)",0,-0.08
21,18,"(15, 36)",1,-0.08
21,19,"(16, 36)",1,-0.08
21,20,"(17, 36)",0,-0.08
21,21,"(17, 35)",0,-0.08
21,22,"(17, 34)",0,-0.08
21,23,"(17, 33)",1,-0.08
21,24,"(18, 33)",1,-0.08
21,25,"(19, 33)",0,-0.08
21,26,"(19, 32)",0,-0.08
21,27,"(19, 31)",0,-0.08
21,28,"(19, 30)",0,-0.08
21,29,"(19, 29)",1,-0.08
21,30,"(20, 29)",0,-0.08
21,31,"(20, 28)",0,-0.08
21,32,"(20, 27)",1,-0.08
21,33,"(21, 27)",0,-0.08
21,34,"(21, 26)",0,-0.08
21,35,"(21, 25)",1,-0.08
21,36,"(22, 25)",0,-0.08
21,37,"(22, 24)",0,-0.08
21,38,"(22, 23)",1,-0.08
21,39,"(23, 23)",1,-0.08
21,40,"(24, 23)",1,-0.08
21,41,"(25, 23)",0,-0.08
21,42,"(25, 22)",0,-0.08
21,43,"(25, 21)",0,-0.08
21,44,"(25, 20)",0,-0.08
21,45,"(25, 19)",1,-0.08
21,46,"(26, 19)",1,-0.08
21,47,"(27, 19)",0,-0.08
21,48,"(27, 18)",0,-0.08
21,49,"(27, 17)",0,-0.08
21,50,"(27, 16)",1,-0.08
21,51,"(28, 16)",1,-0.08
21,52,"(29, 16)",0,-0.08
21,53,"(29, 15)",1,-0.08
21,54,"(30, 15)",1,-0.08
21,55,"(31, 15)",0,-0.08
21,56,"(31, 14)",1,-0.08
21,57,"(32, 14)",0,-0.08
21,58,"(32, 13)",1,-0.08
21,59,"(33, 13)",1,-0.08
21,60,"(34, 13)",1,-0.08
21,61,"(35, 13)",1,-0.08
21,62,"(36, 13)",1,-0.08
21,63,"(37, 13)",1,-0.08
21,64,"(38, 13)",1,-0.08
21,65,"(39, 13)",1,-0.08
21,66,"(40, 13)",1,-0.08
21,67,"(41, 13)",1,-0.08
21,68,"(42, 13)",1,-0.08
21,69,"(43, 13)",0,-0.08
21,70,"(43, 12)",0,-0.08
21,71,"(43, 11)",1,-0.08
21,72,"(44, 11)",1,-0.08
21,73,"(45, 11)",0,-0.08
21,74,"(45, 10)",1,-0.08
21,75,"(46, 10)",0,-0.08
21,76,"(46, 9)",0,-0.08
21,77,"(46, 8)",0,-0.08
21,78,"(46, 7)",0,-0.08
21,79,"(46, 6)",1,-0.08
21,80,"(47, 6)",1,-0.08
21,81,"(48, 6)",1,-0.08
21,82,"(49, 6)",0,-0.08
21,83,"(49, 5)",1,-0.08
21,84,"(50, 5)",1,-0.08
21,85,"(51, 5)",0,-0.08
21,86,"(51, 4)",0,-0.08
21,87,"(51, 3)",0,-0.08
21,88,"(51, 2)",1,-0.08
21,89,"(52, 2)",0,-0.08
21,90,"(52, 1)",1,-0.08
21,91,"(53, 1)",1,-0.08
21,92,"(54, 1)",1,-0.08
21,93,"(55, 1)",1,-0.08
21,94,"(56, 1)",1,-0.08
21,95,"(57, 1)",1,-0.08
21,96,"(58, 1)",1,-0.08
21,97,"(59, 1)",1,-0.08
21,98,"(60, 1)",1,-0.08
21,99,"(61, 1)",1,-0.08
21,100,"(62, 1)",1,-0.08
21,101,"(63, 1)",1,-0.08
21,102,"(64, 1)",1,-0.08
21,103,"(65, 1)",1,-0.08
21,104,"(66, 1)",1,-0.08
21,105,"(67, 1)",1,-0.08
21,106,"(68, 1)",1,-0.08
21,107,"(69, 1)",1,-0.08
21,108,"(70, 1)",1,-0.08
21,109,"(71, 1)",2,-0.08
21,110,"(71, 2)",2,-0.08
21,111,"(71, 3)",1,-0.08
21,112,"(72, 3)",1,-0.08
21,113,"(73, 3)",0,-0.08
21,114,"(73, 2)",0,-0.08
21,115,"(73, 1)",1,-0.08
21,116,"(74, 1)",0,-0.08
21,117,"(74, 0)",1,-0.08
21,118,"(75, 0)",1,-0.08
21,119,"(76, 0)",1,-0.08
21,120,"(77, 0)",1,-0.08
21,121,"(78, 0)",1,8.33
22,0,"(0, 39)",1,-0.08
22,1,"(1, 39)",1,-0.08
22,2,"(2, 39)",1,-0.08
22,3,"(3, 39)",1,-0.08
22,4,"(4, 39)",1,-0.08
22,5,"(5, 39)",1,-0.08
22,6,"(6, 39)",1,-0.08
22,7,"(7, 39)",1,-0.08
22,8,"(8, 39)",1,-0.08
22,9,"(9, 39)",1,-0.08
22,10,"(10, 39)",0,-0.08
22,11,"(10, 38)",0,-0.08
22,12,"(10, 37)",1,-0.08
22,13,"(11, 37)",1,-0.08
22,14,"(12, 37)",1,-0.08
22,15,"(13, 37)",1,-0.08
22,16,"(14, 37)",1,-0.08
22,17,"(15, 37)",0,-0.08
22,18,"(15, 36)",0,-0.08
22,19,"(15, 35)",0,-0.08
22,20,"(15, 34)",0,-0.08
22,21,"(15, 33)",1,-0.08
22,22,"(16, 33)",1,-0.08
22,23,"(17, 33)",1,-0.08
22,24,"(18, 33)",1,-0.08
22,25,"(19, 33)",0,-0.08
22,26,"(19, 32)",0,-0.08
22,27,"(19, 31)",0,-0.08
22,28,"(19, 30)",0,-0.08
22,29,"(19, 29)",1,-0.08
22,30,"(20, 29)",0,-0.08
22,31,"(20, 28)",0,-0.08
22,32,"(20, 27)",1,-0.08
22,33,"(21, 27)",0,-0.08
22,34,"(21, 26)",1,-0.08
22,35,"(22, 26)",0,-0.08
22,36,"(22, 25)",1,-0.08
22,37,"(23, 25)",1,-0.08
22,38,"(24, 25)",1,-0.08
22,39,"(25, 25)",1,-0.08
22,40,"(26, 25)",1,-0.08
22,41,"(27, 25)",1,-0.08
22,42,"(28, 25)",1,-0.08
22,43,"(29, 25)",1,-0.08
22,44,"(30, 25)",1,-0.08
22,45,"(31, 25)",0,-0.08
22,46,"(31, 24)",0,-0.08
22,47,"(31, 23)",1,-0.08
22,48,"(32, 23)",1,-0.08
22,49,"(33, 23)",0,-0.08
22,50,"(33, 22)",0,-0.08
22,51,"(33, 21)",1,-0.08
22,52,"(34, 21)",1,-0.08
22,53,"(35, 21)",0,-0.08
22,54,"(35, 20)",0,-0.08
22,55,"(35, 19)",0,-0.08
22,56,"(35, 18)",0,-0.08
22,57,"(35, 17)",0,-0.08
22,58,"(35, 16)",0,-0.08
22,59,"(35, 15)",0,-0.08
22,60,"(35, 14)",0,-0.08
22,61,"(35, 13)",1,-0.08
22,62,"(36, 13)",1,-0.08
22,63,"(37, 13)",1,-0.08
22,64,"(38, 13)",1,-0.08
22,65,"(39, 13)",0,-0.08
22,66,"(39, 12)",0,-0.08
22,67,"(39, 11)",1,-0.08
22,68,"(40, 11)",1,-0.08
22,69,"(41, 11)",1,-0.08
22,70,"(42, 11)",1,-0.08
22,71,"(43, 11)",1,-0.08
22,72,"(44, 11)",1,-0.08
22,73,"(45, 11)",0,-0.08
22,74,"(45, 10)",1,-0.08
22,75,"(46, 10)",0,-0.08
22,76,"(46, 9)",0,-0.08
22,77,"(46, 8)",0,-0.08
22,78,"(46, 7)",1,-0.08
22,79,"(47, 7)",0,-0.08
22,80,"(47, 6)",1,-0.08
22,81,"(48, 6)",1,-0.08
22,82,"(49, 6)",0,-0.08
22,83,"(49, 5)",1,-0.08
22,84,"(50, 5)",1,-0.08
22,85,"(51, 5)",1,-0.08
22,86,"(52, 5)",1,-0.08
22,87,"(53, 5)",0,-0.08
22,88,"(53, 4)",0,-0.08
22,89,"(53, 3)",1,-0.08
22,90,"(54, 3)",1,-0.08
22,91,"(55, 3)",1,-0.08
22,92,"(56, 3)",1,-0.08
22,93,"(57, 3)",0,-0.08
22,94,"(57, 2)",0,-0.08
22,95,"(57, 1)",1,-0.08
22,96,"(58, 1)",1,-0.08
22,97,"(59, 1)",1,-0.08
22,98,"(60, 1)",1,-0.08
22,99,"(61, 1)",1,-0.08
22,100,"(62, 1)",1,-0.08
22,101,"(63, 1)",1,-0.08
22,102,"(64, 1)",1,-0.08
22,103,"(65, 1)",1,-0.08
22,104,"(66, 1)",1,-0.08
22,105,"(67, 1)",1,-0.08
22,106,"(68, 1)",1,-0.08
22,107,"(69, 1)",1,-0.08
22,108,"(70, 1)",1,-0.08
22,109,"(71, 1)",2,-0.08
22,110,"(71, 2)",2,-0.08
22,111,"(71, 3)",1,-0.08
22,112,"(72, 3)",1,-0.08
22,113,"(73, 3)",1,-0.08
22,114,"(74, 3)",1,-0.08
22,115,"(75, 3)",1,-0.08
22,116,"(76, 3)",1,-0.08
22,117,"(77, 3)",0,-0.08
22,118,"(77, 2)",0,-0.08
22,119,"(77, 1)",1,-0.08
22,120,"(78, 1)",1,-0.08
22,121,"(79, 1)",0,8.33
23,0,"(0, 39)",1,-0.08
23,1,"(1, 39)",1,-0.08
23,2,"(2, 39)",1,-0.08
23,3,"(3, 39)",1,-0.08
23,4,"(4, 39)",1,-0.08
23,5,"(5, 39)",1,-0.08
23,6,"(6, 39)",1,-0.08
23,7,"(7, 39)",1,-0.08
23,8,"(8, 39)",1,-0.08
23,9,"(9, 39)",1,-0.08
23,10,"(10, 39)",0,-0.08
23,11,"(10, 38)",1,-0.08
23,12,"(11, 38)",0,-0.08
23,13,"(11, 37)",1,-0.08
23,14,"(12, 37)",1,-0.08
23,15,"(13, 37)",1,-0.08
23,16,"(14, 37)",1,-0.08
23,17,"(15, 37)",1,-0.08
23,18,"(16, 37)",0,-0.08
23,19,"(16, 36)",1,-0.08
23,20,"(17, 36)",0,-0.08
23,21,"(17, 35)",0,-0.08
23,22,"(17, 34)",1,-0.08
23,23,"(18, 34)",1,-0.08
23,24,"(19, 34)",0,-0.08
23,25,"(19, 33)",0,-0.08
23,26,"(19, 32)",0,-0.08
23,27,"(19, 31)",0,-0.08
23,28,"(19, 30)",0,-0.08
23,29,"(19, 29)",1,-0.08
23,30,"(20, 29)",0,-0.08
23,31,"(20, 28)",0,-0.08
23,32,"(20, 27)",1,-0.08
23,33,"(21, 27)",0,-0.08
23,34,"(21, 26)",1,-0.08
23,35,"(22, 26)",1,-0.08
23,36,"(23, 26)",1,-0.08
23,37,"(24, 26)",0,-0.08
23,38,"(24, 25)",1,-0.08
23,39,"(25, 25)",0,-0.08
23,40,"(25, 24)",0,-0.08
23,41,"(25, 23)",0,-0.08
23,42,"(25, 22)",0,-0.08
23,43,"(25, 21)",1,-0.08
23,44,"(26, 21)",1,-0.08
23,45,"(27, 21)",0,-0.08
23,46,"(27, 20)",0,-0.08
23,47,"(27, 19)",1,-0.08
23,48,"(28, 19)",1,-0.08
23,49,"(29, 19)",1,-0.08
23,50,"(30, 19)",1,-0.08
23,51,"(31, 19)",1,-0.08
23,52,"(32, 19)",0,-0.08
23,53,"(32, 18)",0,-0.08
23,54,"(32, 17)",1,-0.08
23,55,"(33, 17)",1,-0.08
23,56,"(34, 17)",1,-0.08
23,57,"(35, 17)",0,-0.08
23,58,"(35, 16)",0,-0.08
23,59,"(35, 15)",0,-0.08
23,60,"(35, 14)",0,-0.08
23,61,"(35, 13)",1,-0.08
23,62,"(36, 13)",1,-0.08
23,63,"(37, 13)",1,-0.08
23,64,"(38, 13)",1,-0.08
23,65,"(39, 13)",1,-0.08
23,66,"(40, 13)",1,-0.08
23,67,"(41, 13)",0,-0.08
23,68,"(41, 12)",0,-0.08
23,69,"(41, 11)",1,-0.08
23,70,"(42, 11)",1,-0.08
23,71,"(43, 11)",1,-0.08
23,72,"(44, 11)",1,-0.08
23,73,"(45, 11)",0,-0.08
23,74,"(45, 10)",0,-0.08
23,75,"(45, 9)",0,-0.08
23,76,"(45, 8)",0,-0.08
23,77,"(45, 7)",1,-0.08
23,78,"(46, 7)",0,-0.08
23,79,"(46, 6)",1,-0.08
23,80,"(47, 6)",1,-0.08
23,81,"(48, 6)",1,-0.08
23,82,"(49, 6)",0,-0.08
23,83,"(49, 5)",1,-0.08
23,84,"(50, 5)",1,-0.08
23,85,"(51, 5)",1,-0.08
23,86,"(52, 5)",1,-0.08
23,87,"(53, 5)",0,-0.08
23,88,"(53, 4)",0,-0.08
23,89,"(53, 3)",1,-0.08
23,90,"(54, 3)",1,-0.08
23,91,"(55, 3)",1,-0.08
23,92,"(56, 3)",1,-0.08
23,93,"(57, 3)",0,-0.08
23,94,"(57, 2)",1,-0.08
23,95,"(58, 2)",0,-0.08
23,96,"(58, 1)",1,-0.08
23,97,"(59, 1)",1,-0.08
23,98,"(60, 1)",1,-0.08
23,99,"(61, 1)",1,-0.08
23,100,"(62, 1)",1,-0.08
23,101,"(63, 1)",1,-0.08
23,102,"(64, 1)",1,-0.08
23,103,"(65, 1)",1,-0.08
23,104,"(66, 1)",1,-0.08
23,105,"(67, 1)",1,-0.08
23,106,"(68, 1)",1,-0.08
23,107,"(69, 1)",1,-0.08
23,108,"(70, 1)",1,-0.08
23,109,"(71, 1)",2,-0.08
23,110,"(71, 2)",2,-0.08
23,111,"(71, 3)",1,-0.08
23,112,"(72, 3)",1,-0.08
23,113,"(73, 3)",0,-0.08
23,114,"(73, 2)",0,-0.08
23,115,"(73, 1)",0,-0.08
23,116,"(73, 0)",1,-0.08
23,117,"(74, 0)",1,-0.08
23,118,"(75, 0)",1,-0.08
23,119,"(76, 0)",1,-0.08
23,120,"(77, 0)",1,-0.08
23,121,"(78, 0)",1,8.33
24,0,"(0, 39)",1,-0.08
24,1,"(1, 39)",1,-0.08
24,2,"(2, 39)",1,-0.08
24,3,"(3, 39)",1,-0.08
24,4,"(4, 39)",1,-0.08
24,5,"(5, 39)",1,-0.08
24,6,"(6, 39)",1,-0.08
24,7,"(7, 39)",1,-0.08
24,8,"(8, 39)",1,-0.08
24,9,"(9, 39)",1,-0.08
24,10,"(10, 39)",1,-0.08
24,11,"(11, 39)",1,-0.08
24,12,"(12, 39)",1,-0.08
24,13,"(13, 39)",1,-0.08
24,14,"(14, 39)",0,-0.08
24,15,"(14, 38)",0,-0.08
24,16,"(14, 37)",1,-0.08
24,17,"(15, 37)",0,-0.08
24,18,"(15, 36)",1,-0.08
24,19,"(16, 36)",1,-0.08
24,20,"(17, 36)",0,-0.08
24,21,"(17, 35)",0,-0.08
24,22,"(17, 34)",1,-0.08
24,23,"(18, 34)",1,-0.08
24,24,"(19, 34)",0,-0.08
24,25,"(19, 33)",0,-0.08
24,26,"(19, 32)",0,-0.08
24,27,"(19, 31)",0,-0.08
24,28,"(19, 30)",0,-0.08
24,29,"(19, 29)",1,-0.08
24,30,"(20, 29)",0,-0.08
24,31,"(20, 28)",0,-0.08
24,32,"(20, 27)",1,-0.08
24,33,"(21, 27)",0,-0.08
24,34,"(21, 26)",0,-0.08
24,35,"(21, 25)",1,-0.08
24,36,"(22, 25)",1,-0.08
24,37,"(23, 25)",1,-0.08
24,38,"(24, 25)",1,-0.08
24,39,"(25, 25)",0,-0.08
24,40,"(25, 24)",0,-0.08
24,41,"(25, 23)",0,-0.08
24,42,"(25, 22)",0,-0.08
24,43,"(25, 21)",0,-0.08
24,44,"(25, 20)",0,-0.08
24,45,"(25, 19)",0,-0.08
24,46,"(25, 18)",1,-0.08
24,47,"(26, 18)",1,-0.08
24,48,"(27, 18)",0,-0.08
24,49,"(27, 17)",1,-0.08
24,50,"(28, 17)",1,-0.08
24,51,"(29, 17)",0,-0.08
24,52,"(29, 16)",0,-0.08
24,53,"(29, 15)",1,-0.08
24,54,"(30, 15)",1,-0.08
24,55,"(31, 15)",1,-0.08
24,56,"(32, 15)",0,-0.08
24,57,"(32, 14)",0,-0.08
24,58,"(32, 13)",1,-0.08
24,59,"(33, 13)",1,-0.08
24,60,"(34, 13)",1,-0.08
24,61,"(35, 13)",1,-0.08
24,62,"(36, 13)",1,-0.08
24,63,"(37, 13)",1,-0.08
24,64,"(38, 13)",1,-0.08
24,65,"(39, 13)",1,-0.08
24,66,"(40, 13)",1,-0.08
24,67,"(41, 13)",1,-0.08
24,68,"(42, 13)",1,-0.08
24,69,"(43, 13)",0,-0.08
24,70,"(43, 12)",0,-0.08
24,71,"(43, 11)",1,-0.08
24,72,"(44, 11)",1,-0.08
24,73,"(45, 11)",0,-0.08
24,74,"(45, 10)",0,-0.08
24,75,"(45, 9)",1,-0.08
24,76,"(46, 9)",0,-0.08
24,77,"(46, 8)",0,-0.08
24,78,"(46, 7)",1,-0.08
24,79,"(47, 7)",0,-0.08
24,80,"(47, 6)",1,-0.08
24,81,"(48, 6)",1,-0.08
24,82,"(49, 6)",0,-0.08
24,83,"(49, 5)",1,-0.08
24,84,"(50, 5)",1,-0.08
24,85,"(51, 5)",0,-0.08
24,86,"(51, 4)",0,-0.08
24,87,"(51, 3)",0,-0.08
24,88,"(51, 2)",0,-0.08
24,89,"(51, 1)",1,-0.08
24,90,"(52, 1)",1,-0.08
24,91,"(53, 1)",1,-0.08
24,92,"(54, 1)",1,-0.08
24,93,"(55, 1)",1,-0.08
24,94,"(56, 1)",1,-0.08
24,95,"(57, 1)",1,-0.08
24,96,"(58, 1)",1,-0.08
24,97,"(59, 1)",1,-0.08
24,98,"(60, 1)",1,-0.08
24,99,"(61, 1)",1,-0.08
24,100,"(62, 1)",1,-0.08
24,101,"(63, 1)",1,-0.08
24,102,"(64, 1)",1,-0.08
24,103,"(65, 1)",1,-0.08
24,104,"(66, 1)",1,-0.08
24,105,"(67, 1)",1,-0.08
24,106,"(68, 1)",1,-0.08
24,107,"(69, 1)",1,-0.08
24,108,"(70, 1)",1,-0.08
24,109,"(71, 1)",2,-0.08
24,110,"(71, 2)",2,-0.08
24,111,"(71, 3)",1,-0.08
24,112,"(72, 3)",1,-0.08
24,113,"(73, 3)",1,-0.08
24,114,"(74, 3)",1,-0.08
24,115,"(75, 3)",1,-0.08
24,116,"(76, 3)",1,-0.08
24,117,"(77, 3)",0,-0.08
24,118,"(77, 2)",0,-0.08
24,119,"(77, 1)",1,-0.08
24,120,"(78, 1)",1,-0.08
24,121,"(79, 1)",0,8.33
25,0,"(0, 39)",1,-0.08
25,1,"(1, 39)",1,-0.08
25,2,"(2, 39)",1,-0.08
25,3,"(3, 39)",1,-0.08
25,4,"(4, 39)",1,-0.08
25,5,"(5, 39)",1,-0.08
25,6,"(6, 39)",1,-0.08
25,7,"(7, 39)",1,-0.08
25,8,"(8, 39)",1,-0.08
25,9,"(9, 39)",1,-0.08
25,10,"(10, 39)",1,-0.08
25,11,"(11, 39)",0,-0.08
25,12,"(11, 38)",0,-0.08
25,13,"(11, 37)",1,-0.08
25,14,"(12, 37)",1,-0.08
25,15,"(13, 37)",1,-0.08
25,16,"(14, 37)",1,-0.08
25,17,"(15, 37)",1,-0.08
25,18,"(16, 37)",1,-0.08
25,19,"(17, 37)",0,-0.08
25,20,"(17, 36)",0,-0.08
25,21,"(17, 35)",0,-0.08
25,22,"(17, 34)",1,-0.08
25,23,"(18, 34)",0,-0.08
25,24,"(18, 33)",1,-0.08
25,25,"(19, 33)",0,-0.08
25,26,"(19, 32)",0,-0.08
25,27,"(19, 31)",0,-0.08
25,28,"(19, 30)",0,-0.08
25,29,"(19, 29)",1,-0.08
25,30,"(20, 29)",0,-0.08
25,31,"(20, 28)",0,-0.08
25,32,"(20, 27)",1,-0.08
25,33,"(21, 27)",0,-0.08
25,34,"(21, 26)",0,-0.08
25,35,"(21, 25)",1,-0.08
25,36,"(22, 25)",0,-0.08
25,37,"(22, 24)",0,-0.08
25,38,"(22, 23)",1,-0.08
25,39,"(23, 23)",1,-0.08
25,40,"(24, 23)",1,-0.08
25,41,"(25, 23)",0,-0.08
25,42,"(25, 22)",0,-0.08
25,43,"(25, 21)",0,-0.08
25,44,"(25, 20)",0,-0.08
25,45,"(25, 19)",0,-0.08
25,46,"(25, 18)",1,-0.08
25,47,"(26, 18)",1,-0.08
25,48,"(27, 18)",0,-0.08
25,49,"(27, 17)",1,-0.08
25,50,"(28, 17)",1,-0.08
25,51,"(29, 17)",1,-0.08
25,52,"(30, 17)",1,-0.08
25,53,"(31, 17)",1,-0.08
25,54,"(32, 17)",1,-0.08
25,55,"(33, 17)",1,-0.08
25,56,"(34, 17)",1,-0.08
25,57,"(35, 17)",0,-0.08
25,58,"(35, 16)",0,-0.08
25,59,"(35, 15)",0,-0.08
25,60,"(35, 14)",0,-0.08
25,61,"(35, 13)",1,-0.08
25,62,"(36, 13)",1,-0.08
25,63,"(37, 13)",1,-0.08
25,64,"(38, 13)",1,-0.08
25,65,"(39, 13)",1,-0.08
25,66,"(40, 13)",1,-0.08
25,67,"(41, 13)",0,-0.08
25,68,"(41, 12)",0,-0.08
25,69,"(41, 11)",1,-0.08
25,70,"(42, 11)",1,-0.08
25,71,"(43, 11)",1,-0.08
25,72,"(44, 11)",1,-0.08
25,73,"(45, 11)",0,-0.08
25,74,"(45, 10)",1,-0.08
25,75,"(46, 10)",0,-0.08
25,76,"(46, 9)",0,-0.08
25,77,"(46, 8)",0,-0.08
25,78,"(46, 7)",1,-0.08
25,79,"(47, 7)",0,-0.08
25,80,"(47, 6)",1,-0.08
25,81,"(48, 6)",1,-0.08
25,82,"(49, 6)",0,-0.08
25,83,"(49, 5)",1,-0.08
25,84,"(50, 5)",1,-0.08
25,85,"(51, 5)",0,-0.08
25,86,"(51, 4)",0,-0.08
25,87,"(51, 3)",0,-0.08
25,88,"(51, 2)",1,-0.08
25,89,"(52, 2)",1,-0.08
25,90,"(53, 2)",0,-0.08
25,91,"(53, 1)",1,-0.08
25,92,"(54, 1)",1,-0.08
25,93,"(55, 1)",1,-0.08
25,94,"(56, 1)",1,-0.08
25,95,"(57, 1)",1,-0.08
25,96,"(58, 1)",1,-0.08
25,97,"(59, 1)",1,-0.08
25,98,"(60, 1)",1,-0.08
25,99,"(61, 1)",1,-0.08
25,100,"(62, 1)",1,-0.08
25,101,"(63, 1)",1,-0.08
25,102,"(64, 1)",1,-0.08
25,103,"(65, 1)",1,-0.08
25,104,"(66, 1)",1,-0.08
25,105,"(67, 1)",1,-0.08
25,106,"(68, 1)",1,-0.08
25,107,"(69, 1)",1,-0.08
25,108,"(70, 1)",1,-0.08
25,109,"(71, 1)",2,-0.08
25,110,"(71, 2)",2,-0.08
25,111,"(71, 3)",1,-0.08
25,112,"(72, 3)",1,-0.08
25,113,"(73, 3)",1,-0.08
25,114,"(74, 3)",1,-0.08
25,115,"(75, 3)",1,-0.08
25,116,"(76, 3)",1,-0.08
25,117,"(77, 3)",0,-0.08
25,118,"(77, 2)",0,-0.08
25,119,"(77, 1)",0,-0.08
25,120,"(77, 0)",1,-0.08
25,121,"(78, 0)",1,8.33
26,0,"(0, 39)",1,-0.08
26,1,"(1, 39)",1,-0.08
26,2,"(2, 39)",1,-0.08
26,3,"(3, 39)",1,-0.08
26,4,"(4, 39)",1,-0.08
26,5,"(5, 39)",1,-0.08
26,6,"(6, 39)",1,-0.08
26,7,"(7, 39)",1,-0.08
26,8,"(8, 39)",1,-0.08
26,9,"(9, 39)",1,-0.08
26,10,"(10, 39)",1,-0.08
26,11,"(11, 39)",0,-0.08
26,12,"(11, 38)",0,-0.08
26,13,"(11, 37)",1,-0.08
26,14,"(12, 37)",1,-0.08
26,15,"(13, 37)",1,-0.08
26,16,"(14, 37)",1,-0.08
26,17,"(15, 37)",1,-0.08
26,18,"(16, 37)",0,-0.08
26,19,"(16, 36)",1,-0.08
26,20,"(17, 36)",0,-0.08
26,21,"(17, 35)",1,-0.08
26,22,"(18, 35)",1,-0.08
26,23,"(19, 35)",0,-0.08
26,24,"(19, 34)",0,-0.08
26,25,"(19, 33)",0,-0.08
26,26,"(19, 32)",0,-0.08
26,27,"(19, 31)",0,-0.08
26,28,"(19, 30)",0,-0.08
26,29,"(19, 29)",1,-0.08
26,30,"(20, 29)",0,-0.08
26,31,"(20, 28)",0,-0.08
26,32,"(20, 27)",1,-0.08
26,33,"(21, 27)",0,-0.08
26,34,"(21, 26)",0,-0.08
26,35,"(21, 25)",1,-0.08
26,36,"(22, 25)",1,-0.08
26,37,"(23, 25)",1,-0.08
26,38,"(24, 25)",1,-0.08
26,39,"(25, 25)",1,-0.08
26,40,"(26, 25)",1,-0.08
26,41,"(27, 25)",1,-0.08
26,42,"(28, 25)",1,-0.08
26,43,"(29, 25)",1,-0.08
26,44,"(30, 25)",1,-0.08
26,45,"(31, 25)",0,-0.08
26,46,"(31, 24)",0,-0.08
26,47,"(31, 23)",1,-0.08
26,48,"(32, 23)",1,-0.08
26,49,"(33, 23)",0,-0.08
26,50,"(33, 22)",0,-0.08
26,51,"(33, 21)",1,-0.08
26,52,"(34, 21)",1,-0.08
26,53,"(35, 21)",1,-0.08
26,54,"(36, 21)",1,-0.08
26,55,"(37, 21)",1,-0.08
26,56,"(38, 21)",1,-0.08
26,57,"(39, 21)",1,-0.08
26,58,"(40, 21)",1,-0.08
26,59,"(41, 21)",0,-0.08
26,60,"(41, 20)",0,-0.08
26,61,"(41, 19)",0,-0.08
26,62,"(41, 18)",0,-0.08
26,63,"(41, 17)",0,-0.08
26,64,"(41, 16)",0,-0.08
26,65,"(41, 15)",0,-0.08
26,66,"(41, 14)",0,-0.08
26,67,"(41, 13)",1,-0.08
26,68,"(42, 13)",1,-0.08
26,69,"(43, 13)",1,-0.08
26,70,"(44, 13)",1,-0.08
26,71,"(45, 13)",0,-0.08
26,72,"(45, 12)",0,-0.08
26,73,"(45, 11)",0,-0.08
26,74,"(45, 10)",1,-0.08
26,75,"(46, 10)",0,-0.08
26,76,"(46, 9)",0,-0.08
26,77,"(46, 8)",0,-0.08
26,78,"(46, 7)",1,-0.08
26,79,"(47, 7)",0,-0.08
26,80,"(47, 6)",1,-0.08
26,81,"(48, 6)",1,-0.08
26,82,"(49, 6)",0,-0.08
26,83,"(49, 5)",1,-0.08
26,84,"(50, 5)",1,-0.08
26,85,"(51, 5)",1,-0.08
26,86,"(52, 5)",1,-0.08
26,87,"(53, 5)",0,-0.08
26,88,"(53, 4)",0,-0.08
26,89,"(53, 3)",0,-0.08
26,90,"(53, 2)",0,-0.08
26,91,"(53, 1)",1,-0.08
26,92,"(54, 1)",1,-0.08
26,93,"(55, 1)",1,-0.08
26,94,"(56, 1)",1,-0.08
26,95,"(57, 1)",1,-0.08
26,96,"(58, 1)",1,-0.08
26,97,"(59, 1)",1,-0.08
26,98,"(60, 1)",1,-0.08
26,99,"(61, 1)",1,-0.08
26,100,"(62, 1)",1,-0.08
26,101,"(63, 1)",1,-0.08
26,102,"(64, 1)",1,-0.08
26,103,"(65, 1)",1,-0.08
26,104,"(66, 1)",1,-0.08
26,105,"(67, 1)",1,-0.08
26,106,"(68, 1)",1,-0.08
26,107,"(69, 1)",1,-0.08
26,108,"(70, 1)",1,-0.08
26,109,"(71, 1)",2,-0.08
26,110,"(71, 2)",2,-0.08
26,111,"(71, 3)",1,-0.08
26,112,"(72, 3)",1,-0.08
26,113,"(73, 3)",1,-0.08
26,114,"(74, 3)",1,-0.08
26,115,"(75, 3)",1,-0.08
26,116,"(76, 3)",1,-0.08
26,117,"(77, 3)",0,-0.08
26,118,"(77, 2)",0,-0.08
26,119,"(77, 1)",0,-0.08
26,120,"(77, 0)",1,-0.08
26,121,"(78, 0)",1,8.33
27,0,"(0, 39)",1,-0.08
27,1,"(1, 39)",1,-0.08
27,2,"(2, 39)",1,-0.08
27,3,"(3, 39)",1,-0.08
27,4,"(4, 39)",1,-0.08
27,5,"(5, 39)",1,-0.08
27,6,"(6, 39)",1,-0.08
27,7,"(7, 39)",1,-0.08
27,8,"(8, 39)",1,-0.08
27,9,"(9, 39)",1,-0.08
27,10,"(10, 39)",0,-0.08
27,11,"(10, 38)",0,-0.08
27,12,"(10, 37)",1,-0.08
27,13,"(11, 37)",1,-0.08
27,14,"(12, 37)",1,-0.08
27,15,"(13, 37)",1,-0.08
27,16,"(14, 37)",1,-0.08
27,17,"(15, 37)",1,-0.08
27,18,"(16, 37)",1,-0.08
27,19,"(17, 37)",1,-0.08
27,20,"(18, 37)",1,-0.08
27,21,"(19, 37)",0,-0.08
27,22,"(19, 36)",0,-0.08
27,23,"(19, 35)",0,-0.08
27,24,"(19, 34)",0,-0.08
27,25,"(19, 33)",0,-0.08
27,26,"(19, 32)",0,-0.08
27,27,"(19, 31)",0,-0.08
27,28,"(19, 30)",0,-0.08
27,29,"(19, 29)",1,-0.08
27,30,"(20, 29)",0,-0.08
27,31,"(20, 28)",0,-0.08
27,32,"(20, 27)",1,-0.08
27,33,"(21, 27)",0,-0.08
27,34,"(21, 26)",0,-0.08
27,35,"(21, 25)",1,-0.08
27,36,"(22, 25)",0,-0.08
27,37,"(22, 24)",0,-0.08
27,38,"(22, 23)",1,-0.08
27,39,"(23, 23)",1,-0.08
27,40,"(24, 23)",1,-0.08
27,41,"(25, 23)",0,-0.08
27,42,"(25, 22)",0,-0.08
27,43,"(25, 21)",0,-0.08
27,44,"(25, 20)",0,-0.08
27,45,"(25, 19)",1,-0.08
27,46,"(26, 19)",0,-0.08
27,47,"(26, 18)",1,-0.08
27,48,"(27, 18)",0,-0.08
27,49,"(27, 17)",0,-0.08
27,50,"(27, 16)",1,-0.08
27,51,"(28, 16)",1,-0.08
27,52,"(29, 16)",0,-0.08
27,53,"(29, 15)",1,-0.08
27,54,"(30, 15)",1,-0.08
27,55,"(31, 15)",0,-0.08
27,56,"(31, 14)",0,-0.08
27,57,"(31, 13)",1,-0.08
27,58,"(32, 13)",1,-0.08
27,59,"(33, 13)",1,-0.08
27,60,"(34, 13)",1,-0.08
27,61,"(35, 13)",1,-0.08
27,62,"(36, 13)",1,-0.08
27,63,"(37, 13)",1,-0.08
27,64,"(38, 13)",1,-0.08
27,65,"(39, 13)",0,-0.08
27,66,"(39, 12)",0,-0.08
27,67,"(39, 11)",1,-0.08
27,68,"(40, 11)",1,-0.08
27,69,"(41, 11)",1,-0.08
27,70,"(42, 11)",1,-0.08
27,71,"(43, 11)",1,-0.08
27,72,"(44, 11)",1,-0.08
27,73,"(45, 11)",0,-0.08
27,74,"(45, 10)",0,-0.08
27,75,"(45, 9)",1,-0.08
27,76,"(46, 9)",0,-0.08
27,77,"(46, 8)",0,-0.08
27,78,"(46, 7)",1,-0.08
27,79,"(47, 7)",0,-0.08
27,80,"(47, 6)",1,-0.08
27,81,"(48, 6)",1,-0.08
27,82,"(49, 6)",0,-0.08
27,83,"(49, 5)",1,-0.08
27,84,"(50, 5)",1,-0.08
27,85,"(51, 5)",0,-0.08
27,86,"(51, 4)",0,-0.08
27,87,"(51, 3)",0,-0.08
27,88,"(51, 2)",0,-0.08
27,89,"(51, 1)",1,-0.08
27,90,"(52, 1)",1,-0.08
27,91,"(53, 1)",1,-0.08
27,92,"(54, 1)",1,-0.08
27,93,"(55, 1)",1,-0.08
27,94,"(56, 1)",1,-0.08
27,95,"(57, 1)",1,-0.08
27,96,"(58, 1)",1,-0.08
27,97,"(59, 1)",1,-0.08
27,98,"(60, 1)",1,-0.08
27,99,"(61, 1)",1,-0.08
27,100,"(62, 1)",1,-0.08
27,101,"(63, 1)",1,-0.08
27,102,"(64, 1)",1,-0.08
27,103,"(65, 1)",1,-0.08
27,104,"(66, 1)",1,-0.08
27,105,"(67, 1)",1,-0.08
27,106,"(68, 1)",1,-0.08
27,107,"(69, 1)",1,-0.08
27,108,"(70, 1)",1,-0.08
27,109,"(71, 1)",2,-0.08
27,110,"(71, 2)",2,-0.08
27,111,"(71, 3)",1,-0.08
27,112,"(72, 3)",1,-0.08
27,113,"(73, 3)",1,-0.08
27,114,"(74, 3)",1,-0.08
27,115,"(75, 3)",1,-0.08
27,116,"(76, 3)",1,-0.08
27,117,"(77, 3)",0,-0.08
27,118,"(77, 2)",0,-0.08
27,119,"(77, 1)",1,-0.08
27,120,"(78, 1)",1,-0.08
27,121,"(79, 1)",0,8.33
28,0,"(0, 39)",1,-0.08
28,1,"(1, 39)",1,-0.08
28,2,"(2, 39)",1,-0.08
28,3,"(3, 39)",1,-0.08
28,4,"(4, 39)",1,-0.08
28,5,"(5, 39)",1,-0.08
28,6,"(6, 39)",1,-0.08
28,7,"(7, 39)",1,-0.08
28,8,"(8, 39)",1,-0.08
28,9,"(9, 39)",1,-0.08
28,10,"(10, 39)",0,-0.08
28,11,"(10, 38)",1,-0.08
28,12,"(11, 38)",0,-0.08
28,13,"(11, 37)",1,-0.08
28,14,"(12, 37)",1,-0.08
28,15,"(13, 37)",1,-0.08
28,16,"(14, 37)",1,-0.08
28,17,"(15, 37)",0,-0.08
28,18,"(15, 36)",0,-0.08
28,19,"(15, 35)",0,-0.08
28,20,"(15, 34)",0,-0.08
28,21,"(15, 33)",1,-0.08
28,22,"(16, 33)",1,-0.08
28,23,"(17, 33)",1,-0.08
28,24,"(18, 33)",1,-0.08
28,25,"(19, 33)",0,-0.08
28,26,"(19, 32)",0,-0.08
28,27,"(19, 31)",0,-0.08
28,28,"(19, 30)",0,-0.08
28,29,"(19, 29)",1,-0.08
28,30,"(20, 29)",0,-0.08
28,31,"(20, 28)",0,-0.08
28,32,"(20, 27)",1,-0.08
28,33,"(21, 27)",0,-0.08
28,34,"(21, 26)",1,-0.08
28,35,"(22, 26)",1,-0.08
28,36,"(23, 26)",1,-0.08
28,37,"(24, 26)",0,-0.08
28,38,"(24, 25)",1,-0.08
28,39,"(25, 25)",1,-0.08
28,40,"(26, 25)",1,-0.08
28,41,"(27, 25)",1,-0.08
28,42,"(28, 25)",1,-0.08
28,43,"(29, 25)",1,-0.08
28,44,"(30, 25)",1,-0.08
28,45,"(31, 25)",0,-0.08
28,46,"(31, 24)",0,-0.08
28,47,"(31, 23)",1,-0.08
28,48,"(32, 23)",1,-0.08
28,49,"(33, 23)",0,-0.08
28,50,"(33, 22)",0,-0.08
28,51,"(33, 21)",1,-0.08
28,52,"(34, 21)",1,-0.08
28,53,"(35, 21)",0,-0.08
28,54,"(35, 20)",0,-0.08
28,55,"(35, 19)",0,-0.08
28,56,"(35, 18)",0,-0.08
28,57,"(35, 17)",0,-0.08
28,58,"(35, 16)",0,-0.08
28,59,"(35, 15)",0,-0.08
28,60,"(35, 14)",0,-0.08
28,61,"(35, 13)",1,-0.08
28,62,"(36, 13)",1,-0.08
28,63,"(37, 13)",1,-0.08
28,64,"(38, 13)",1,-0.08
28,65,"(39, 13)",0,-0.08
28,66,"(39, 12)",0,-0.08
28,67,"(39, 11)",1,-0.08
28,68,"(40, 11)",1,-0.08
28,69,"(41, 11)",1,-0.08
28,70,"(42, 11)",1,-0.08
28,71,"(43, 11)",1,-0.08
28,72,"(44, 11)",1,-0.08
28,73,"(45, 11)",0,-0.08
28,74,"(45, 10)",0,-0.08
28,75,"(45, 9)",0,-0.08
28,76,"(45, 8)",1,-0.08
28,77,"(46, 8)",0,-0.08
28,78,"(46, 7)",0,-0.08
28,79,"(46, 6)",1,-0.08
28,80,"(47, 6)",1,-0.08
28,81,"(48, 6)",1,-0.08
28,82,"(49, 6)",0,-0.08
28,83,"(49, 5)",1,-0.08
28,84,"(50, 5)",1,-0.08
28,85,"(51, 5)",0,-0.08
28,86,"(51, 4)",0,-0.08
28,87,"(51, 3)",0,-0.08
28,88,"(51, 2)",1,-0.08
28,89,"(52, 2)",1,-0.08
28,90,"(53, 2)",0,-0.08
28,91,"(53, 1)",1,-0.08
28,92,"(54, 1)",1,-0.08
28,93,"(55, 1)",1,-0.08
28,94,"(56, 1)",1,-0.08
28,95,"(57, 1)",1,-0.08
28,96,"(58, 1)",1,-0.08
28,97,"(59, 1)",1,-0.08
28,98,"(60, 1)",1,-0.08
28,99,"(61, 1)",1,-0.08
28,100,"(62, 1)",1,-0.08
28,101,"(63, 1)",1,-0.08
28,102,"(64, 1)",1,-0.08
28,103,"(65, 1)",1,-0.08
28,104,"(66, 1)",1,-0.08
28,105,"(67, 1)",1,-0.08
28,106,"(68, 1)",1,-0.08
28,107,"(69, 1)",1,-0.08
28,108,"(70, 1)",1,-0.08
28,109,"(71, 1)",2,-0.08
28,110,"(71, 2)",2,-0.08
28,111,"(71, 3)",1,-0.08
28,112,"(72, 3)",1,-0.08
28,113,"(73, 3)",1,-0.08
28,114,"(74, 3)",1,-0.08
28,115,"(75, 3)",1,-0.08
28,116,"(76, 3)",1,-0.08
28,117,"(77, 3)",0,-0.08
28,118,"(77, 2)",0,-0.08
28,119,"(77, 1)",1,-0.08
28,120,"(78, 1)",0,-0.08
28,121,"(78, 0)",1,8.33
29,0,"(0, 39)",1,-0.08
29,1,"(1, 39)",1,-0.08
29,2,"(2, 39)",1,-0.08
29,3,"(3, 39)",1,-0.08
29,4,"(4, 39)",1,-0.08
29,5,"(5, 39)",1,-0.08
29,6,"(6, 39)",1,-0.08
29,7,"(7, 39)",1,-0.08
29,8,"(8, 39)",1,-0.08
29,9,"(9, 39)",1,-0.08
29,10,"(10, 39)",1,-0.08
29,11,"(11, 39)",0,-0.08
29,12,"(11, 38)",0,-0.08
29,13,"(11, 37)",1,-0.08
29,14,"(12, 37)",1,-0.08
29,15,"(13, 37)",1,-0.08
29,16,"(14, 37)",1,-0.08
29,17,"(15, 37)",0,-0.08
29,18,"(15, 36)",1,-0.08
29,19,"(16, 36)",1,-0.08
29,20,"(17, 36)",0,-0.08
29,21,"(17, 35)",0,-0.08
29,22,"(17, 34)",0,-0.08
29,23,"(17, 33)",1,-0.08
29,24,"(18, 33)",1,-0.08
29,25,"(19, 33)",0,-0.08
29,26,"(19, 32)",0,-0.08
29,27,"(19, 31)",0,-0.08
29,28,"(19, 30)",0,-0.08
29,29,"(19, 29)",1,-0.08
29,30,"(20, 29)",0,-0.08
29,31,"(20, 28)",0,-0.08
29,32,"(20, 27)",1,-0.08
29,33,"(21, 27)",0,-0.08
29,34,"(21, 26)",1,-0.08
29,35,"(22, 26)",0,-0.08
29,36,"(22, 25)",1,-0.08
29,37,"(23, 25)",1,-0.08
29,38,"(24, 25)",1,-0.08
29,39,"(25, 25)",0,-0.08
29,40,"(25, 24)",0,-0.08
29,41,"(25, 23)",0,-0.08
29,42,"(25, 22)",0,-0.08
29,43,"(25, 21)",0,-0.08
29,44,"(25, 20)",0,-0.08
29,45,"(25, 19)",0,-0.08
29,46,"(25, 18)",1,-0.08
29,47,"(26, 18)",1,-0.08
29,48,"(27, 18)",0,-0.08
29,49,"(27, 17)",1,-0.08
29,50,"(28, 17)",1,-0.08
29,51,"(29, 17)",1,-0.08
29,52,"(30, 17)",1,-0.08
29,53,"(31, 17)",1,-0.08
29,54,"(32, 17)",0,-0.08
29,55,"(32, 16)",0,-0.08
29,56,"(32, 15)",0,-0.08
29,57,"(32, 14)",0,-0.08
29,58,"(32, 13)",1,-0.08
29,59,"(33, 13)",1,-0.08
29,60,"(34, 13)",1,-0.08
29,61,"(35, 13)",1,-0.08
29,62,"(36, 13)",1,-0.08
29,63,"(37, 13)",1,-0.08
29,64,"(38, 13)",1,-0.08
29,65,"(39, 13)",1,-0.08
29,66,"(40, 13)",1,-0.08
29,67,"(41, 13)",0,-0.08
29,68,"(41, 12)",0,-0.08
29,69,"(41, 11)",1,-0.08
29,70,"(42, 11)",1,-0.08
29,71,"(43, 11)",1,-0.08
29,72,"(44, 11)",1,-0.08
29,73,"(45, 11)",0,-0.08
29,74,"(45, 10)",1,-0.08
29,75,"(46, 10)",0,-0.08
29,76,"(46, 9)",0,-0.08
29,77,"(46, 8)",0,-0.08
29,78,"(46, 7)",1,-0.08
29,79,"(47, 7)",0,-0.08
29,80,"(47, 6)",1,-0.08
29,81,"(48, 6)",1,-0.08
29,82,"(49, 6)",0,-0.08
29,83,"(49, 5)",1,-0.08
29,84,"(50, 5)",1,-0.08
29,85,"(51, 5)",0,-0.08
29,86,"(51, 4)",0,-0.08
29,87,"(51, 3)",0,-0.08
29,88,"(51, 2)",1,-0.08
29,89,"(52, 2)",0,-0.08
29,90,"(52, 1)",1,-0.08
29,91,"(53, 1)",1,-0.08
29,92,"(54, 1)",1,-0.08
29,93,"(55, 1)",1,-0.08
29,94,"(56, 1)",1,-0.08
29,95,"(57, 1)",1,-0.08
29,96,"(58, 1)",1,-0.08
29,97,"(59, 1)",1,-0.08
29,98,"(60, 1)",1,-0.08
29,99,"(61, 1)",1,-0.08
29,100,"(62, 1)",1,-0.08
29,101,"(63, 1)",1,-0.08
29,102,"(64, 1)",1,-0.08
29,103,"(65, 1)",1,-0.08
29,104,"(66, 1)",1,-0.08
29,105,"(67, 1)",1,-0.08
29,106,"(68, 1)",1,-0.08
29,107,"(69, 1)",1,-0.08
29,108,"(70, 1)",1,-0.08
29,109,"(71, 1)",2,-0.08
29,110,"(71, 2)",2,-0.08
29,111,"(71, 3)",1,-0.08
29,112,"(72, 3)",1,-0.08
29,113,"(73, 3)",1,-0.08
29,114,"(74, 3)",1,-0.08
29,115,"(75, 3)",1,-0.08
29,116,"(76, 3)",1,-0.08
29,117,"(77, 3)",0,-0.08
29,118,"(77, 2)",0,-0.08
29,119,"(77, 1)",0,-0.08
29,120,"(77, 0)",1,-0.08
29,121,"(78, 0)",1,8.33
30,0,"(0, 39)",1,-0.08
30,1,"(1, 39)",1,-0.08
30,2,"(2, 39)",1,-0.08
30,3,"(3, 39)",1,-0.08
30,4,"(4, 39)",1,-0.08
30,5,"(5, 39)",1,-0.08
30,6,"(6, 39)",1,-0.08
30,7,"(7, 39)",1,-0.08
30,8,"(8, 39)",1,-0.08
30,9,"(9, 39)",1,-0.08
30,10,"(10, 39)",0,-0.08
30,11,"(10, 38)",1,-0.08
30,12,"(11, 38)",0,-0.08
30,13,"(11, 37)",1,-0.08
30,14,"(12, 37)",1,-0.08
30,15,"(13, 37)",1,-0.08
30,16,"(14, 37)",1,-0.08
30,17,"(15, 37)",0,-0.08
30,18,"(15, 36)",1,-0.08
30,19,"(16, 36)",1,-0.08
30,20,"(17, 36)",0,-0.08
30,21,"(17, 35)",0,-0.08
30,22,"(17, 34)",0,-0.08
30,23,"(17, 33)",1,-0.08
30,24,"(18, 33)",1,-0.08
30,25,"(19, 33)",0,-0.08
30,26,"(19, 32)",0,-0.08
30,27,"(19, 31)",0,-0.08
30,28,"(19, 30)",0,-0.08
30,29,"(19, 29)",1,-0.08
30,30,"(20, 29)",0,-0.08
30,31,"(20, 28)",0,-0.08
30,32,"(20, 27)",1,-0.08
30,33,"(21, 27)",0,-0.08
30,34,"(21, 26)",1,-0.08
30,35,"(22, 26)",0,-0.08
30,36,"(22, 25)",1,-0.08
30,37,"(23, 25)",1,-0.08
30,38,"(24, 25)",1,-0.08
30,39,"(25, 25)",0,-0.08
30,40,"(25, 24)",0,-0.08
30,41,"(25, 23)",0,-0.08
30,42,"(25, 22)",0,-0.08
30,43,"(25, 21)",0,-0.08
30,44,"(25, 20)",0,-0.08
30,45,"(25, 19)",1,-0.08
30,46,"(26, 19)",1,-0.08
30,47,"(27, 19)",1,-0.08
30,48,"(28, 19)",1,-0.08
30,49,"(29, 19)",1,-0.08
30,50,"(30, 19)",1,-0.08
30,51,"(31, 19)",1,-0.08
30,52,"(32, 19)",1,-0.08
30,53,"(33, 19)",1,-0.08
30,54,"(34, 19)",1,-0.08
30,55,"(35, 19)",0,-0.08
30,56,"(35, 18)",0,-0.08
30,57,"(35, 17)",0,-0.08
30,58,"(35, 16)",0,-0.08
30,59,"(35, 15)",0,-0.08
30,60,"(35, 14)",0,-0.08
30,61,"(35, 13)",1,-0.08
30,62,"(36, 13)",1,-0.08
30,63,"(37, 13)",1,-0.08
30,64,"(38, 13)",1,-0.08
30,65,"(39, 13)",0,-0.08
30,66,"(39, 12)",0,-0.08
30,67,"(39, 11)",1,-0.08
30,68,"(40, 11)",1,-0.08
30,69,"(41, 11)",1,-0.08
30,70,"(42, 11)",1,-0.08
30,71,"(43, 11)",1,-0.08
30,72,"(44, 11)",1,-0.08
30,73,"(45, 11)",0,-0.08
30,74,"(45, 10)",0,-0.08
30,75,"(45, 9)",1,-0.08
30,76,"(46, 9)",0,-0.08
30,77,"(46, 8)",0,-0.08
30,78,"(46, 7)",0,-0.08
30,79,"(46, 6)",1,-0.08
30,80,"(47, 6)",1,-0.08
30,81,"(48, 6)",1,-0.08
30,82,"(49, 6)",0,-0.08
30,83,"(49, 5)",1,-0.08
30,84,"(50, 5)",1,-0.08
30,85,"(51, 5)",1,-0.08
30,86,"(52, 5)",1,-0.08
30,87,"(53, 5)",0,-0.08
30,88,"(53, 4)",0,-0.08
30,89,"(53, 3)",1,-0.08
30,90,"(54, 3)",1,-0.08
30,91,"(55, 3)",1,-0.08
30,92,"(56, 3)",1,-0.08
30,93,"(57, 3)",0,-0.08
30,94,"(57, 2)",1,-0.08
30,95,"(58, 2)",0,-0.08
30,96,"(58, 1)",1,-0.08
30,97,"(59, 1)",1,-0.08
30,98,"(60, 1)",1,-0.08
30,99,"(61, 1)",1,-0.08
30,100,"(62, 1)",1,-0.08
30,101,"(63, 1)",1,-0.08
30,102,"(64, 1)",1,-0.08
30,103,"(65, 1)",1,-0.08
30,104,"(66, 1)",1,-0.08
30,105,"(67, 1)",1,-0.08
30,106,"(68, 1)",1,-0.08
30,107,"(69, 1)",1,-0.08
30,108,"(70, 1)",1,-0.08
30,109,"(71, 1)",2,-0.08
30,110,"(71, 2)",2,-0.08
30,111,"(71, 3)",1,-0.08
30,112,"(72, 3)",1,-0.08
30,113,"(73, 3)",0,-0.08
30,114,"(73, 2)",0,-0.08
30,115,"(73, 1)",1,-0.08
30,116,"(74, 1)",0,-0.08
30,117,"(74, 0)",1,-0.08
30,118,"(75, 0)",1,-0.08
30,119,"(76, 0)",1,-0.08
30,120,"(77, 0)",1,-0.08
30,121,"(78, 0)",1,8.33
31,0,"(0, 39)",1,-0.08
31,1,"(1, 39)",1,-0.08
31,2,"(2, 39)",1,-0.08
31,3,"(3, 39)",1,-0.08
31,4,"(4, 39)",1,-0.08
31,5,"(5, 39)",1,-0.08
31,6,"(6, 39)",1,-0.08
31,7,"(7, 39)",1,-0.08
31,8,"(8, 39)",1,-0.08
31,9,"(9, 39)",1,-0.08
31,10,"(10, 39)",1,-0.08
31,11,"(11, 39)",0,-0.08
31,12,"(11, 38)",0,-0.08
31,13,"(11, 37)",1,-0.08
31,14,"(12, 37)",1,-0.08
31,15,"(13, 37)",1,-0.08
31,16,"(14, 37)",1,-0.08
31,17,"(15, 37)",1,-0.08
31,18,"(16, 37)",1,-0.08
31,19,"(17, 37)",1,-0.08
31,20,"(18, 37)",1,-0.08
31,21,"(19, 37)",0,-0.08
31,22,"(19, 36)",0,-0.08
31,23,"(19, 35)",0,-0.08
31,24,"(19, 34)",0,-0.08
31,25,"(19, 33)",0,-0.08
31,26,"(19, 32)",0,-0.08
31,27,"(19, 31)",0,-0.08
31,28,"(19, 30)",0,-0.08
31,29,"(19, 29)",1,-0.08
31,30,"(20, 29)",0,-0.08
31,31,"(20, 28)",0,-0.08
31,32,"(20, 27)",1,-0.08
31,33,"(21, 27)",0,-0.08
31,34,"(21, 26)",0,-0.08
31,35,"(21, 25)",1,-0.08
31,36,"(22, 25)",0,-0.08
31,37,"(22, 24)",0,-0.08
31,38,"(22, 23)",1,-0.08
31,39,"(23, 23)",1,-0.08
31,40,"(24, 23)",1,-0.08
31,41,"(25, 23)",0,-0.08
31,42,"(25, 22)",0,-0.08
31,43,"(25, 21)",0,-0.08
31,44,"(25, 20)",0,-0.08
31,45,"(25, 19)",1,-0.08
31,46,"(26, 19)",0,-0.08
31,47,"(26, 18)",1,-0.08
31,48,"(27, 18)",0,-0.08
31,49,"(27, 17)",0,-0.08
31,50,"(27, 16)",1,-0.08
31,51,"(28, 16)",1,-0.08
31,52,"(29, 16)",0,-0.08
31,53,"(29, 15)",1,-0.08
31,54,"(30, 15)",1,-0.08
31,55,"(31, 15)",0,-0.08
31,56,"(31, 14)",1,-0.08
31,57,"(32, 14)",0,-0.08
31,58,"(32, 13)",1,-0.08
31,59,"(33, 13)",1,-0.08
31,60,"(34, 13)",1,-0.08
31,61,"(35, 13)",1,-0.08
31,62,"(36, 13)",1,-0.08
31,63,"(37, 13)",1,-0.08
31,64,"(38, 13)",1,-0.08
31,65,"(39, 13)",1,-0.08
31,66,"(40, 13)",1,-0.08
31,67,"(41, 13)",0,-0.08
31,68,"(41, 12)",0,-0.08
31,69,"(41, 11)",1,-0.08
31,70,"(42, 11)",1,-0.08
31,71,"(43, 11)",1,-0.08
31,72,"(44, 11)",1,-0.08
31,73,"(45, 11)",0,-0.08
31,74,"(45, 10)",1,-0.08
31,75,"(46, 10)",0,-0.08
31,76,"(46, 9)",0,-0.08
31,77,"(46, 8)",0,-0.08
31,78,"(46, 7)",1,-0.08
31,79,"(47, 7)",0,-0.08
31,80,"(47, 6)",1,-0.08
31,81,"(48, 6)",1,-0.08
31,82,"(49, 6)",0,-0.08
31,83,"(49, 5)",1,-0.08
31,84,"(50, 5)",1,-0.08
31,85,"(51, 5)",0,-0.08
31,86,"(51, 4)",0,-0.08
31,87,"(51, 3)",0,-0.08
31,88,"(51, 2)",0,-0.08
31,89,"(51, 1)",1,-0.08
31,90,"(52, 1)",1,-0.08
31,91,"(53, 1)",1,-0.08
31,92,"(54, 1)",1,-0.08
31,93,"(55, 1)",1,-0.08
31,94,"(56, 1)",1,-0.08
31,95,"(57, 1)",1,-0.08
31,96,"(58, 1)",1,-0.08
31,97,"(59, 1)",1,-0.08
31,98,"(60, 1)",1,-0.08
31,99,"(61, 1)",1,-0.08
31,100,"(62, 1)",1,-0.08
31,101,"(63, 1)",1,-0.08
31,102,"(64, 1)",1,-0.08
31,103,"(65, 1)",1,-0.08
31,104,"(66, 1)",1,-0.08
31,105,"(67, 1)",1,-0.08
31,106,"(68, 1)",1,-0.08
31,107,"(69, 1)",1,-0.08
31,108,"(70, 1)",1,-0.08
31,109,"(71, 1)",2,-0.08
31,110,"(71, 2)",2,-0.08
31,111,"(71, 3)",1,-0.08
31,112,"(72, 3)",1,-0.08
31,113,"(73, 3)",0,-0.08
31,114,"(73, 2)",0,-0.08
31,115,"(73, 1)",0,-0.08
31,116,"(73, 0)",1,-0.08
31,117,"(74, 0)",1,-0.08
31,118,"(75, 0)",1,-0.08
31,119,"(76, 0)",1,-0.08
31,120,"(77, 0)",1,-0.08
31,121,"(78, 0)",1,8.33
32,0,"(0, 39)",1,-0.08
32,1,"(1, 39)",1,-0.08
32,2,"(2, 39)",1,-0.08
32,3,"(3, 39)",1,-0.08
32,4,"(4, 39)",1,-0.08
32,5,"(5, 39)",1,-0.08
32,6,"(6, 39)",1,-0.08
32,7,"(7, 39)",1,-0.08
32,8,"(8, 39)",1,-0.08
32,9,"(9, 39)",1,-0.08
32,10,"(10, 39)",0,-0.08
32,11,"(10, 38)",0,-0.08
32,12,"(10, 37)",1,-0.08
32,13,"(11, 37)",1,-0.08
32,14,"(12, 37)",1,-0.08
32,15,"(13, 37)",1,-0.08
32,16,"(14, 37)",1,-0.08
32,17,"(15, 37)",0,-0.08
32,18,"(15, 36)",1,-0.08
32,19,"(16, 36)",1,-0.08
32,20,"(17, 36)",0,-0.08
32,21,"(17, 35)",1,-0.08
32,22,"(18, 35)",0,-0.08
32,23,"(18, 34)",0,-0.08
32,24,"(18, 33)",1,-0.08
32,25,"(19, 33)",0,-0.08
32,26,"(19, 32)",0,-0.08
32,27,"(19, 31)",0,-0.08
32,28,"(19, 30)",0,-0.08
32,29,"(19, 29)",1,-0.08
32,30,"(20, 29)",0,-0.08
32,31,"(20, 28)",0,-0.08
32,32,"(20, 27)",1,-0.08
32,33,"(21, 27)",0,-0.08
32,34,"(21, 26)",1,-0.08
32,35,"(22, 26)",0,-0.08
32,36,"(22, 25)",0,-0.08
32,37,"(22, 24)",0,-0.08
32,38,"(22, 23)",1,-0.08
32,39,"(23, 23)",1,-0.08
32,40,"(24, 23)",1,-0.08
32,41,"(25, 23)",0,-0.08
32,42,"(25, 22)",0,-0.08
32,43,"(25, 21)",1,-0.08
32,44,"(26, 21)",1,-0.08
32,45,"(27, 21)",0,-0.08
32,46,"(27, 20)",0,-0.08
32,47,"(27, 19)",1,-0.08
32,48,"(28, 19)",1,-0.08
32,49,"(29, 19)",1,-0.08
32,50,"(30, 19)",1,-0.08
32,51,"(31, 19)",0,-0.08
32,52,"(31, 18)",1,-0.08
32,53,"(32, 18)",0,-0.08
32,54,"(32, 17)",1,-0.08
32,55,"(33, 17)",1,-0.08
32,56,"(34, 17)",1,-0.08
32,57,"(35, 17)",0,-0.08
32,58,"(35, 16)",0,-0.08
32,59,"(35, 15)",0,-0.08
32,60,"(35, 14)",0,-0.08
32,61,"(35, 13)",1,-0.08
32,62,"(36, 13)",1,-0.08
32,63,"(37, 13)",1,-0.08
32,64,"(38, 13)",1,-0.08
32,65,"(39, 13)",1,-0.08
32,66,"(40, 13)",1,-0.08
32,67,"(41, 13)",0,-0.08
32,68,"(41, 12)",0,-0.08
32,69,"(41, 11)",1,-0.08
32,70,"(42, 11)",1,-0.08
32,71,"(43, 11)",1,-0.08
32,72,"(44, 11)",1,-0.08
32,73,"(45, 11)",0,-0.08
32,74,"(45, 10)",0,-0.08
32,75,"(45, 9)",1,-0.08
32,76,"(46, 9)",0,-0.08
32,77,"(46, 8)",0,-0.08
32,78,"(46, 7)",1,-0.08
32,79,"(47, 7)",0,-0.08
32,80,"(47, 6)",1,-0.08
32,81,"(48, 6)",1,-0.08
32,82,"(49, 6)",0,-0.08
32,83,"(49, 5)",1,-0.08
32,84,"(50, 5)",1,-0.08
32,85,"(51, 5)",0,-0.08
32,86,"(51, 4)",0,-0.08
32,87,"(51, 3)",0,-0.08
32,88,"(51, 2)",1,-0.08
32,89,"(52, 2)",0,-0.08
32,90,"(52, 1)",1,-0.08
32,91,"(53, 1)",1,-0.08
32,92,"(54, 1)",1,-0.08
32,93,"(55, 1)",1,-0.08
32,94,"(56, 1)",1,-0.08
32,95,"(57, 1)",1,-0.08
32,96,"(58, 1)",1,-0.08
32,97,"(59, 1)",1,-0.08
32,98,"(60, 1)",1,-0.08
32,99,"(61, 1)",1,-0.08
32,100,"(62, 1)",1,-0.08
32,101,"(63, 1)",1,-0.08
32,102,"(64, 1)",1,-0.08
32,103,"(65, 1)",1,-0.08
32,104,"(66, 1)",1,-0.08
32,105,"(67, 1)",1,-0.08
32,106,"(68, 1)",1,-0.08
32,107,"(69, 1)",1,-0.08
32,108,"(70, 1)",1,-0.08
32,109,"(71, 1)",2,-0.08
32,110,"(71, 2)",2,-0.08
32,111,"(71, 3)",1,-0.08
32,112,"(72, 3)",1,-0.08
32,113,"(73, 3)",0,-0.08
32,114,"(73, 2)",0,-0.08
32,115,"(73, 1)",0,-0.08
32,116,"(73, 0)",1,-0.08
32,117,"(74, 0)",1,-0.08
32,118,"(75, 0)",1,-0.08
32,119,"(76, 0)",1,-0.08
32,120,"(77, 0)",1,-0.08
32,121,"(78, 0)",1,8.33
33,0,"(0, 39)",1,-0.08
33,1,"(1, 39)",1,-0.08
33,2,"(2, 39)",1,-0.08
33,3,"(3, 39)",1,-0.08
33,4,"(4, 39)",1,-0.08
33,5,"(5, 39)",1,-0.08
33,6,"(6, 39)",1,-0.08
33,7,"(7, 39)",1,-0.08
33,8,"(8, 39)",1,-0.08
33,9,"(9, 39)",1,-0.08
33,10,"(10, 39)",1,-0.08
33,11,"(11, 39)",1,-0.08
33,12,"(12, 39)",1,-0.08
33,13,"(13, 39)",1,-0.08
33,14,"(14, 39)",0,-0.08
33,15,"(14, 38)",0,-0.08
33,16,"(14, 37)",1,-0.08
33,17,"(15, 37)",1,-0.08
33,18,"(16, 37)",1,-0.08
33,19,"(17, 37)",1,-0.08
33,20,"(18, 37)",1,-0.08
33,21,"(19, 37)",0,-0.08
33,22,"(19, 36)",0,-0.08
33,23,"(19, 35)",0,-0.08
33,24,"(19, 34)",0,-0.08
33,25,"(19, 33)",0,-0.08
33,26,"(19, 32)",0,-0.08
33,27,"(19, 31)",0,-0.08
33,28,"(19, 30)",0,-0.08
33,29,"(19, 29)",1,-0.08
33,30,"(20, 29)",0,-0.08
33,31,"(20, 28)",0,-0.08
33,32,"(20, 27)",1,-0.08
33,33,"(21, 27)",0,-0.08
33,34,"(21, 26)",1,-0.08
33,35,"(22, 26)",0,-0.08
33,36,"(22, 25)",0,-0.08
33,37,"(22, 24)",0,-0.08
33,38,"(22, 23)",1,-0.08
33,39,"(23, 23)",1,-0.08
33,40,"(24, 23)",1,-0.08
33,41,"(25, 23)",0,-0.08
33,42,"(25, 22)",0,-0.08
33,43,"(25, 21)",0,-0.08
33,44,"(25, 20)",0,-0.08
33,45,"(25, 19)",1,-0.08
33,46,"(26, 19)",1,-0.08
33,47,"(27, 19)",0,-0.08
33,48,"(27, 18)",0,-0.08
33,49,"(27, 17)",0,-0.08
33,50,"(27, 16)",1,-0.08
33,51,"(28, 16)",1,-0.08
33,52,"(29, 16)",0,-0.08
33,53,"(29, 15)",1,-0.08
33,54,"(30, 15)",1,-0.08
33,55,"(31, 15)",1,-0.08
33,56,"(32, 15)",0,-0.08
33,57,"(32, 14)",0,-0.08
33,58,"(32, 13)",1,-0.08
33,59,"(33, 13)",1,-0.08
33,60,"(34, 13)",1,-0.08
33,61,"(35, 13)",1,-0.08
33,62,"(36, 13)",1,-0.08
33,63,"(37, 13)",1,-0.08
33,64,"(38, 13)",1,-0.08
33,65,"(39, 13)",1,-0.08
33,66,"(40, 13)",1,-0.08
33,67,"(41, 13)",0,-0.08
33,68,"(41, 12)",0,-0.08
33,69,"(41, 11)",1,-0.08
33,70,"(42, 11)",1,-0.08
33,71,"(43, 11)",1,-0.08
33,72,"(44, 11)",1,-0.08
33,73,"(45, 11)",0,-0.08
33,74,"(45, 10)",1,-0.08
33,75,"(46, 10)",0,-0.08
33,76,"(46, 9)",0,-0.08
33,77,"(46, 8)",0,-0.08
33,78,"(46, 7)",1,-0.08
33,79,"(47, 7)",0,-0.08
33,80,"(47, 6)",1,-0.08
33,81,"(48, 6)",1,-0.08
33,82,"(49, 6)",0,-0.08
33,83,"(49, 5)",1,-0.08
33,84,"(50, 5)",1,-0.08
33,85,"(51, 5)",1,-0.08
33,86,"(52, 5)",1,-0.08
33,87,"(53, 5)",0,-0.08
33,88,"(53, 4)",0,-0.08
33,89,"(53, 3)",0,-0.08
33,90,"(53, 2)",0,-0.08
33,91,"(53, 1)",1,-0.08
33,92,"(54, 1)",1,-0.08
33,93,"(55, 1)",1,-0.08
33,94,"(56, 1)",1,-0.08
33,95,"(57, 1)",1,-0.08
33,96,"(58, 1)",1,-0.08
33,97,"(59, 1)",1,-0.08
33,98,"(60, 1)",1,-0.08
33,99,"(61, 1)",1,-0.08
33,100,"(62, 1)",1,-0.08
33,101,"(63, 1)",1,-0.08
33,102,"(64, 1)",1,-0.08
33,103,"(65, 1)",1,-0.08
33,104,"(66, 1)",1,-0.08
33,105,"(67, 1)",1,-0.08
33,106,"(68, 1)",1,-0.08
33,107,"(69, 1)",1,-0.08
33,108,"(70, 1)",1,-0.08
33,109,"(71, 1)",2,-0.08
33,110,"(71, 2)",2,-0.08
33,111,"(71, 3)",1,-0.08
33,112,"(72, 3)",1,-0.08
33,113,"(73, 3)",1,-0.08
33,114,"(74, 3)",1,-0.08
33,115,"(75, 3)",1,-0.08
33,116,"(76, 3)",1,-0.08
33,117,"(77, 3)",0,-0.08
33,118,"(77, 2)",0,-0.08
33,119,"(77, 1)",1,-0.08
33,120,"(78, 1)",1,-0.08
33,121,"(79, 1)",0,8.33
34,0,"(0, 39)",1,-0.08
34,1,"(1, 39)",1,-0.08
34,2,"(2, 39)",1,-0.08
34,3,"(3, 39)",1,-0.08
34,4,"(4, 39)",1,-0.08
34,5,"(5, 39)",1,-0.08
34,6,"(6, 39)",1,-0.08
34,7,"(7, 39)",1,-0.08
34,8,"(8, 39)",1,-0.08
34,9,"(9, 39)",1,-0.08
34,10,"(10, 39)",0,-0.08
34,11,"(10, 38)",1,-0.08
34,12,"(11, 38)",0,-0.08
34,13,"(11, 37)",1,-0.08
34,14,"(12, 37)",1,-0.08
34,15,"(13, 37)",1,-0.08
34,16,"(14, 37)",1,-0.08
34,17,"(15, 37)",0,-0.08
34,18,"(15, 36)",1,-0.08
34,19,"(16, 36)",1,-0.08
34,20,"(17, 36)",0,-0.08
34,21,"(17, 35)",1,-0.08
34,22,"(18, 35)",1,-0.08
34,23,"(19, 35)",0,-0.08
34,24,"(19, 34)",0,-0.08
34,25,"(19, 33)",0,-0.08
34,26,"(19, 32)",0,-0.08
34,27,"(19, 31)",0,-0.08
34,28,"(19, 30)",0,-0.08
34,29,"(19, 29)",1,-0.08
34,30,"(20, 29)",0,-0.08
34,31,"(20, 28)",0,-0.08
34,32,"(20, 27)",1,-0.08
34,33,"(21, 27)",0,-0.08
34,34,"(21, 26)",0,-0.08
34,35,"(21, 25)",1,-0.08
34,36,"(22, 25)",0,-0.08
34,37,"(22, 24)",0,-0.08
34,38,"(22, 23)",1,-0.08
34,39,"(23, 23)",1,-0.08
34,40,"(24, 23)",1,-0.08
34,41,"(25, 23)",0,-0.08
34,42,"(25, 22)",0,-0.08
34,43,"(25, 21)",0,-0.08
34,44,"(25, 20)",0,-0.08
34,45,"(25, 19)",0,-0.08
34,46,"(25, 18)",1,-0.08
34,47,"(26, 18)",1,-0.08
34,48,"(27, 18)",0,-0.08
34,49,"(27, 17)",1,-0.08
34,50,"(28, 17)",1,-0.08
34,51,"(29, 17)",0,-0.08
34,52,"(29, 16)",0,-0.08
34,53,"(29, 15)",1,-0.08
34,54,"(30, 15)",1,-0.08
34,55,"(31, 15)",1,-0.08
34,56,"(32, 15)",0,-0.08
34,57,"(32, 14)",0,-0.08
34,58,"(32, 13)",1,-0.08
34,59,"(33, 13)",1,-0.08
34,60,"(34, 13)",1,-0.08
34,61,"(35, 13)",1,-0.08
34,62,"(36, 13)",1,-0.08
34,63,"(37, 13)",1,-0.08
34,64,"(38, 13)",1,-0.08
34,65,"(39, 13)",1,-0.08
34,66,"(40, 13)",1,-0.08
34,67,"(41, 13)",1,-0.08
34,68,"(42, 13)",1,-0.08
34,69,"(43, 13)",1,-0.08
34,70,"(44, 13)",1,-0.08
34,71,"(45, 13)",0,-0.08
34,72,"(45, 12)",0,-0.08
34,73,"(45, 11)",0,-0.08
34,74,"(45, 10)",0,-0.08
34,75,"(45, 9)",1,-0.08
34,76,"(46, 9)",0,-0.08
34,77,"(46, 8)",0,-0.08
34,78,"(46, 7)",0,-0.08
34,79,"(46, 6)",1,-0.08
34,80,"(47, 6)",1,-0.08
34,81,"(48, 6)",1,-0.08
34,82,"(49, 6)",0,-0.08
34,83,"(49, 5)",1,-0.08
34,84,"(50, 5)",1,-0.08
34,85,"(51, 5)",0,-0.08
34,86,"(51, 4)",0,-0.08
34,87,"(51, 3)",0,-0.08
34,88,"(51, 2)",1,-0.08
34,89,"(52, 2)",0,-0.08
34,90,"(52, 1)",1,-0.08
34,91,"(53, 1)",1,-0.08
34,92,"(54, 1)",1,-0.08
34,93,"(55, 1)",1,-0.08
34,94,"(56, 1)",1,-0.08
34,95,"(57, 1)",1,-0.08
34,96,"(58, 1)",1,-0.08
34,97,"(59, 1)",1,-0.08
34,98,"(60, 1)",1,-0.08
34,99,"(61, 1)",1,-0.08
34,100,"(62, 1)",1,-0.08
34,101,"(63, 1)",1,-0.08
34,102,"(64, 1)",1,-0.08
34,103,"(65, 1)",1,-0.08
34,104,"(66, 1)",1,-0.08
34,105,"(67, 1)",1,-0.08
34,106,"(68, 1)",1,-0.08
34,107,"(69, 1)",1,-0.08
34,108,"(70, 1)",1,-0.08
34,109,"(71, 1)",2,-0.08
34,110,"(71, 2)",2,-0.08
34,111,"(71, 3)",1,-0.08
34,112,"(72, 3)",1,-0.08
34,113,"(73, 3)",1,-0.08
34,114,"(74, 3)",1,-0.08
34,115,"(75, 3)",1,-0.08
34,116,"(76, 3)",1,-0.08
34,117,"(77, 3)",0,-0.08
34,118,"(77, 2)",0,-0.08
34,119,"(77, 1)",1,-0.08
34,120,"(78, 1)",1,-0.08
34,121,"(79, 1)",0,8.33
35,0,"(0, 39)",1,-0.08
35,1,"(1, 39)",1,-0.08
35,2,"(2, 39)",1,-0.08
35,3,"(3, 39)",1,-0.08
35,4,"(4, 39)",1,-0.08
35,5,"(5, 39)",1,-0.08
35,6,"(6, 39)",1,-0.08
35,7,"(7, 39)",1,-0.08
35,8,"(8, 39)",1,-0.08
35,9,"(9, 39)",1,-0.08
35,10,"(10, 39)",1,-0.08
35,11,"(11, 39)",0,-0.08
35,12,"(11, 38)",0,-0.08
35,13,"(11, 37)",1,-0.08
35,14,"(12, 37)",1,-0.08
35,15,"(13, 37)",1,-0.08
35,16,"(14, 37)",1,-0.08
35,17,"(15, 37)",1,-0.08
35,18,"(16, 37)",1,-0.08
35,19,"(17, 37)",1,-0.08
35,20,"(18, 37)",1,-0.08
35,21,"(19, 37)",0,-0.08
35,22,"(19, 36)",0,-0.08
35,23,"(19, 35)",0,-0.08
35,24,"(19, 34)",0,-0.08
35,25,"(19, 33)",0,-0.08
35,26,"(19, 32)",0,-0.08
35,27,"(19, 31)",0,-0.08
35,28,"(19, 30)",0,-0.08
35,29,"(19, 29)",1,-0.08
35,30,"(20, 29)",0,-0.08
35,31,"(20, 28)",0,-0.08
35,32,"(20, 27)",1,-0.08
35,33,"(21, 27)",0,-0.08
35,34,"(21, 26)",1,-0.08
35,35,"(22, 26)",1,-0.08
35,36,"(23, 26)",1,-0.08
35,37,"(24, 26)",1,-0.08
35,38,"(25, 26)",0,-0.08
35,39,"(25, 25)",1,-0.08
35,40,"(26, 25)",1,-0.08
35,41,"(27, 25)",1,-0.08
35,42,"(28, 25)",1,-0.08
35,43,"(29, 25)",1,-0.08
35,44,"(30, 25)",1,-0.08
35,45,"(31, 25)",0,-0.08
35,46,"(31, 24)",0,-0.08
35,47,"(31, 23)",1,-0.08
35,48,"(32, 23)",1,-0.08
35,49,"(33, 23)",0,-0.08
35,50,"(33, 22)",0,-0.08
35,51,"(33, 21)",1,-0.08
35,52,"(34, 21)",1,-0.08
35,53,"(35, 21)",1,-0.08
35,54,"(36, 21)",1,-0.08
35,55,"(37, 21)",1,-0.08
35,56,"(38, 21)",1,-0.08
35,57,"(39, 21)",1,-0.08
35,58,"(40, 21)",0,-0.08
35,59,"(40, 20)",1,-0.08
35,60,"(41, 20)",0,-0.08
35,61,"(41, 19)",0,-0.08
35,62,"(41, 18)",1,-0.08
35,63,"(42, 18)",0,-0.08
35,64,"(42, 17)",1,-0.08
35,65,"(43, 17)",1,-0.08
35,66,"(44, 17)",0,-0.08
35,67,"(44, 16)",0,-0.08
35,68,"(44, 15)",1,-0.08
35,69,"(45, 15)",0,-0.08
35,70,"(45, 14)",0,-0.08
35,71,"(45, 13)",0,-0.08
35,72,"(45, 12)",0,-0.08
35,73,"(45, 11)",0,-0.08
35,74,"(45, 10)",0,-0.08
35,75,"(45, 9)",1,-0.08
35,76,"(46, 9)",0,-0.08
35,77,"(46, 8)",0,-0.08
35,78,"(46, 7)",0,-0.08
35,79,"(46, 6)",1,-0.08
35,80,"(47, 6)",1,-0.08
35,81,"(48, 6)",1,-0.08
35,82,"(49, 6)",0,-0.08
35,83,"(49, 5)",1,-0.08
35,84,"(50, 5)",1,-0.08
35,85,"(51, 5)",0,-0.08
35,86,"(51, 4)",0,-0.08
35,87,"(51, 3)",0,-0.08
35,88,"(51, 2)",1,-0.08
35,89,"(52, 2)",0,-0.08
35,90,"(52, 1)",1,-0.08
35,91,"(53, 1)",1,-0.08
35,92,"(54, 1)",1,-0.08
35,93,"(55, 1)",1,-0.08
35,94,"(56, 1)",1,-0.08
35,95,"(57, 1)",1,-0.08
35,96,"(58, 1)",1,-0.08
35,97,"(59, 1)",1,-0.08
35,98,"(60, 1)",1,-0.08
35,99,"(61, 1)",1,-0.08
35,100,"(62, 1)",1,-0.08
35,101,"(63, 1)",1,-0.08
35,102,"(64, 1)",1,-0.08
35,103,"(65, 1)",1,-0.08
35,104,"(66, 1)",1,-0.08
35,105,"(67, 1)",1,-0.08
35,106,"(68, 1)",1,-0.08
35,107,"(69, 1)",1,-0.08
35,108,"(70, 1)",1,-0.08
35,109,"(71, 1)",2,-0.08
35,110,"(71, 2)",2,-0.08
35,111,"(71, 3)",1,-0.08
35,112,"(72, 3)",1,-0.08
35,113,"(73, 3)",1,-0.08
35,114,"(74, 3)",1,-0.08
35,115,"(75, 3)",1,-0.08
35,116,"(76, 3)",1,-0.08
35,117,"(77, 3)",0,-0.08
35,118,"(77, 2)",0,-0.08
35,119,"(77, 1)",0,-0.08
35,120,"(77, 0)",1,-0.08
35,121,"(78, 0)",1,8.33
36,0,"(0, 39)",1,-0.08
36,1,"(1, 39)",1,-0.08
36,2,"(2, 39)",1,-0.08
36,3,"(3, 39)",1,-0.08
36,4,"(4, 39)",1,-0.08
36,5,"(5, 39)",1,-0.08
36,6,"(6, 39)",1,-0.08
36,7,"(7, 39)",1,-0.08
36,8,"(8, 39)",1,-0.08
36,9,"(9, 39)",1,-0.08
36,10,"(10, 39)",0,-0.08
36,11,"(10, 38)",1,-0.08
36,12,"(11, 38)",0,-0.08
36,13,"(11, 37)",1,-0.08
36,14,"(12, 37)",1,-0.08
36,15,"(13, 37)",1,-0.08
36,16,"(14, 37)",1,-0.08
36,17,"(15, 37)",0,-0.08
36,18,"(15, 36)",0,-0.08
36,19,"(15, 35)",0,-0.08
36,20,"(15, 34)",0,-0.08
36,21,"(15, 33)",1,-0.08
36,22,"(16, 33)",1,-0.08
36,23,"(17, 33)",1,-0.08
36,24,"(18, 33)",1,-0.08
36,25,"(19, 33)",0,-0.08
36,26,"(19, 32)",0,-0.08
36,27,"(19, 31)",0,-0.08
36,28,"(19, 30)",0,-0.08
36,29,"(19, 29)",1,-0.08
36,30,"(20, 29)",0,-0.08
36,31,"(20, 28)",0,-0.08
36,32,"(20, 27)",1,-0.08
36,33,"(21, 27)",0,-0.08
36,34,"(21, 26)",1,-0.08
36,35,"(22, 26)",0,-0.08
36,36,"(22, 25)",1,-0.08
36,37,"(23, 25)",1,-0.08
36,38,"(24, 25)",1,-0.08
36,39,"(25, 25)",1,-0.08
36,40,"(26, 25)",1,-0.08
36,41,"(27, 25)",1,-0.08
36,42,"(28, 25)",1,-0.08
36,43,"(29, 25)",1,-0.08
36,44,"(30, 25)",1,-0.08
36,45,"(31, 25)",0,-0.08
36,46,"(31, 24)",0,-0.08
36,47,"(31, 23)",1,-0.08
36,48,"(32, 23)",1,-0.08
36,49,"(33, 23)",0,-0.08
36,50,"(33, 22)",0,-0.08
36,51,"(33, 21)",1,-0.08
36,52,"(34, 21)",1,-0.08
36,53,"(35, 21)",0,-0.08
36,54,"(35, 20)",0,-0.08
36,55,"(35, 19)",0,-0.08
36,56,"(35, 18)",0,-0.08
36,57,"(35, 17)",1,-0.08
36,58,"(36, 17)",1,-0.08
36,59,"(37, 17)",0,-0.08
36,60,"(37, 16)",0,-0.08
36,61,"(37, 15)",0,-0.08
36,62,"(37, 14)",0,-0.08
36,63,"(37, 13)",1,-0.08
36,64,"(38, 13)",1,-0.08
36,65,"(39, 13)",1,-0.08
36,66,"(40, 13)",1,-0.08
36,67,"(41, 13)",0,-0.08
36,68,"(41, 12)",0,-0.08
36,69,"(41, 11)",1,-0.08
36,70,"(42, 11)",1,-0.08
36,71,"(43, 11)",1,-0.08
36,72,"(44, 11)",1,-0.08
36,73,"(45, 11)",0,-0.08
36,74,"(45, 10)",1,-0.08
36,75,"(46, 10)",0,-0.08
36,76,"(46, 9)",0,-0.08
36,77,"(46, 8)",0,-0.08
36,78,"(46, 7)",0,-0.08
36,79,"(46, 6)",1,-0.08
36,80,"(47, 6)",1,-0.08
36,81,"(48, 6)",1,-0.08
36,82,"(49, 6)",0,-0.08
36,83,"(49, 5)",1,-0.08
36,84,"(50, 5)",1,-0.08
36,85,"(51, 5)",1,-0.08
36,86,"(52, 5)",1,-0.08
36,87,"(53, 5)",0,-0.08
36,88,"(53, 4)",0,-0.08
36,89,"(53, 3)",1,-0.08
36,90,"(54, 3)",1,-0.08
36,91,"(55, 3)",1,-0.08
36,92,"(56, 3)",0,-0.08
36,93,"(56, 2)",1,-0.08
36,94,"(57, 2)",0,-0.08
36,95,"(57, 1)",1,-0.08
36,96,"(58, 1)",1,-0.08
36,97,"(59, 1)",1,-0.08
36,98,"(60, 1)",1,-0.08
36,99,"(61, 1)",1,-0.08
36,100,"(62, 1)",1,-0.08
36,101,"(63, 1)",1,-0.08
36,102,"(64, 1)",1,-0.08
36,103,"(65, 1)",1,-0.08
36,104,"(66, 1)",1,-0.08
36,105,"(67, 1)",1,-0.08
36,106,"(68, 1)",1,-0.08
36,107,"(69, 1)",1,-0.08
36,108,"(70, 1)",1,-0.08
36,109,"(71, 1)",2,-0.08
36,110,"(71, 2)",2,-0.08
36,111,"(71, 3)",1,-0.08
36,112,"(72, 3)",1,-0.08
36,113,"(73, 3)",1,-0.08
36,114,"(74, 3)",1,-0.08
36,115,"(75, 3)",1,-0.08
36,116,"(76, 3)",1,-0.08
36,117,"(77, 3)",0,-0.08
36,118,"(77, 2)",0,-0.08
36,119,"(77, 1)",0,-0.08
36,120,"(77, 0)",1,-0.08
36,121,"(78, 0)",1,8.33
37,0,"(0, 39)",1,-0.08
37,1,"(1, 39)",1,-0.08
37,2,"(2, 39)",1,-0.08
37,3,"(3, 39)",1,-0.08
37,4,"(4, 39)",1,-0.08
37,5,"(5, 39)",1,-0.08
37,6,"(6, 39)",1,-0.08
37,7,"(7, 39)",1,-0.08
37,8,"(8, 39)",1,-0.08
37,9,"(9, 39)",1,-0.08
37,10,"(10, 39)",0,-0.08
37,11,"(10, 38)",0,-0.08
37,12,"(10, 37)",1,-0.08
37,13,"(11, 37)",1,-0.08
37,14,"(12, 37)",1,-0.08
37,15,"(13, 37)",1,-0.08
37,16,"(14, 37)",1,-0.08
37,17,"(15, 37)",0,-0.08
37,18,"(15, 36)",1,-0.08
37,19,"(16, 36)",1,-0.08
37,20,"(17, 36)",0,-0.08
37,21,"(17, 35)",0,-0.08
37,22,"(17, 34)",1,-0.08
37,23,"(18, 34)",1,-0.08
37,24,"(19, 34)",0,-0.08
37,25,"(19, 33)",0,-0.08
37,26,"(19, 32)",0,-0.08
37,27,"(19, 31)",0,-0.08
37,28,"(19, 30)",0,-0.08
37,29,"(19, 29)",1,-0.08
37,30,"(20, 29)",0,-0.08
37,31,"(20, 28)",0,-0.08
37,32,"(20, 27)",1,-0.08
37,33,"(21, 27)",0,-0.08
37,34,"(21, 26)",1,-0.08
37,35,"(22, 26)",0,-0.08
37,36,"(22, 25)",0,-0.08
37,37,"(22, 24)",0,-0.08
37,38,"(22, 23)",1,-0.08
37,39,"(23, 23)",1,-0.08
37,40,"(24, 23)",1,-0.08
37,41,"(25, 23)",0,-0.08
37,42,"(25, 22)",0,-0.08
37,43,"(25, 21)",0,-0.08
37,44,"(25, 20)",0,-0.08
37,45,"(25, 19)",0,-0.08
37,46,"(25, 18)",1,-0.08
37,47,"(26, 18)",1,-0.08
37,48,"(27, 18)",0,-0.08
37,49,"(27, 17)",1,-0.08
37,50,"(28, 17)",1,-0.08
37,51,"(29, 17)",0,-0.08
37,52,"(29, 16)",0,-0.08
37,53,"(29, 15)",1,-0.08
37,54,"(30, 15)",1,-0.08
37,55,"(31, 15)",0,-0.08
37,56,"(31, 14)",0,-0.08
37,57,"(31, 13)",1,-0.08
37,58,"(32, 13)",1,-0.08
37,59,"(33, 13)",1,-0.08
37,60,"(34, 13)",1,-0.08
37,61,"(35, 13)",1,-0.08
37,62,"(36, 13)",1,-0.08
37,63,"(37, 13)",1,-0.08
37,64,"(38, 13)",1,-0.08
37,65,"(39, 13)",0,-0.08
37,66,"(39, 12)",0,-0.08
37,67,"(39, 11)",1,-0.08
37,68,"(40, 11)",1,-0.08
37,69,"(41, 11)",1,-0.08
37,70,"(42, 11)",1,-0.08
37,71,"(43, 11)",1,-0.08
37,72,"(44, 11)",1,-0.08
37,73,"(45, 11)",0,-0.08
37,74,"(45, 10)",0,-0.08
37,75,"(45, 9)",1,-0.08
37,76,"(46, 9)",0,-0.08
37,77,"(46, 8)",0,-0.08
37,78,"(46, 7)",0,-0.08
37,79,"(46, 6)",1,-0.08
37,80,"(47, 6)",1,-0.08
37,81,"(48, 6)",1,-0.08
37,82,"(49, 6)",0,-0.08
37,83,"(49, 5)",1,-0.08
37,84,"(50, 5)",1,-0.08
37,85,"(51, 5)",0,-0.08
37,86,"(51, 4)",0,-0.08
37,87,"(51, 3)",0,-0.08
37,88,"(51, 2)",1,-0.08
37,89,"(52, 2)",0,-0.08
37,90,"(52, 1)",1,-0.08
37,91,"(53, 1)",1,-0.08
37,92,"(54, 1)",1,-0.08
37,93,"(55, 1)",1,-0.08
37,94,"(56, 1)",1,-0.08
37,95,"(57, 1)",1,-0.08
37,96,"(58, 1)",1,-0.08
37,97,"(59, 1)",1,-0.08
37,98,"(60, 1)",1,-0.08
37,99,"(61, 1)",1,-0.08
37,100,"(62, 1)",1,-0.08
37,101,"(63, 1)",1,-0.08
37,102,"(64, 1)",1,-0.08
37,103,"(65, 1)",1,-0.08
37,104,"(66, 1)",1,-0.08
37,105,"(67, 1)",1,-0.08
37,106,"(68, 1)",1,-0.08
37,107,"(69, 1)",1,-0.08
37,108,"(70, 1)",1,-0.08
37,109,"(71, 1)",2,-0.08
37,110,"(71, 2)",2,-0.08
37,111,"(71, 3)",1,-0.08
37,112,"(72, 3)",1,-0.08
37,113,"(73, 3)",0,-0.08
37,114,"(73, 2)",0,-0.08
37,115,"(73, 1)",1,-0.08
37,116,"(74, 1)",1,-0.08
37,117,"(75, 1)",1,-0.08
37,118,"(76, 1)",0,-0.08
37,119,"(76, 0)",1,-0.08
37,120,"(77, 0)",1,-0.08
37,121,"(78, 0)",1,8.33
38,0,"(0, 39)",1,-0.08
38,1,"(1, 39)",1,-0.08
38,2,"(2, 39)",1,-0.08
38,3,"(3, 39)",1,-0.08
38,4,"(4, 39)",1,-0.08
38,5,"(5, 39)",1,-0.08
38,6,"(6, 39)",1,-0.08
38,7,"(7, 39)",1,-0.08
38,8,"(8, 39)",1,-0.08
38,9,"(9, 39)",1,-0.08
38,10,"(10, 39)",1,-0.08
38,11,"(11, 39)",1,-0.08
38,12,"(12, 39)",1,-0.08
38,13,"(13, 39)",1,-0.08
38,14,"(14, 39)",0,-0.08
38,15,"(14, 38)",0,-0.08
38,16,"(14, 37)",1,-0.08
38,17,"(15, 37)",0,-0.08
38,18,"(15, 36)",0,-0.08
38,19,"(15, 35)",0,-0.08
38,20,"(15, 34)",0,-0.08
38,21,"(15, 33)",1,-0.08
38,22,"(16, 33)",1,-0.08
38,23,"(17, 33)",1,-0.08
38,24,"(18, 33)",1,-0.08
38,25,"(19, 33)",0,-0.08
38,26,"(19, 32)",0,-0.08
38,27,"(19, 31)",0,-0.08
38,28,"(19, 30)",0,-0.08
38,29,"(19, 29)",1,-0.08
38,30,"(20, 29)",0,-0.08
38,31,"(20, 28)",0,-0.08
38,32,"(20, 27)",1,-0.08
38,33,"(21, 27)",0,-0.08
38,34,"(21, 26)",1,-0.08
38,35,"(22, 26)",0,-0.08
38,36,"(22, 25)",0,-0.08
38,37,"(22, 24)",0,-0.08
38,38,"(22, 23)",1,-0.08
38,39,"(23, 23)",1,-0.08
38,40,"(24, 23)",1,-0.08
38,41,"(25, 23)",0,-0.08
38,42,"(25, 22)",0,-0.08
38,43,"(25, 21)",0,-0.08
38,44,"(25, 20)",0,-0.08
38,45,"(25, 19)",0,-0.08
38,46,"(25, 18)",1,-0.08
38,47,"(26, 18)",1,-0.08
38,48,"(27, 18)",0,-0.08
38,49,"(27, 17)",1,-0.08
38,50,"(28, 17)",1,-0.08
38,51,"(29, 17)",0,-0.08
38,52,"(29, 16)",0,-0.08
38,53,"(29, 15)",1,-0.08
38,54,"(30, 15)",1,-0.08
38,55,"(31, 15)",0,-0.08
38,56,"(31, 14)",0,-0.08
38,57,"(31, 13)",1,-0.08
38,58,"(32, 13)",1,-0.08
38,59,"(33, 13)",1,-0.08
38,60,"(34, 13)",1,-0.08
38,61,"(35, 13)",1,-0.08
38,62,"(36, 13)",1,-0.08
38,63,"(37, 13)",1,-0.08
38,64,"(38, 13)",1,-0.08
38,65,"(39, 13)",1,-0.08
38,66,"(40, 13)",1,-0.08
38,67,"(41, 13)",1,-0.08
38,68,"(42, 13)",1,-0.08
38,69,"(43, 13)",1,-0.08
38,70,"(44, 13)",1,-0.08
38,71,"(45, 13)",0,-0.08
38,72,"(45, 12)",0,-0.08
38,73,"(45, 11)",0,-0.08
38,74,"(45, 10)",0,-0.08
38,75,"(45, 9)",0,-0.08
38,76,"(45, 8)",0,-0.08
38,77,"(45, 7)",1,-0.08
38,78,"(46, 7)",1,-0.08
38,79,"(47, 7)",0,-0.08
38,80,"(47, 6)",1,-0.08
38,81,"(48, 6)",1,-0.08
38,82,"(49, 6)",0,-0.08
38,83,"(49, 5)",1,-0.08
38,84,"(50, 5)",1,-0.08
38,85,"(51, 5)",1,-0.08
38,86,"(52, 5)",1,-0.08
38,87,"(53, 5)",0,-0.08
38,88,"(53, 4)",0,-0.08
38,89,"(53, 3)",1,-0.08
38,90,"(54, 3)",1,-0.08
38,91,"(55, 3)",1,-0.08
38,92,"(56, 3)",0,-0.08
38,93,"(56, 2)",0,-0.08
38,94,"(56, 1)",1,-0.08
38,95,"(57, 1)",1,-0.08
38,96,"(58, 1)",1,-0.08
38,97,"(59, 1)",1,-0.08
38,98,"(60, 1)",1,-0.08
38,99,"(61, 1)",1,-0.08
38,100,"(62, 1)",1,-0.08
38,101,"(63, 1)",1,-0.08
38,102,"(64, 1)",1,-0.08
38,103,"(65, 1)",1,-0.08
38,104,"(66, 1)",1,-0.08
38,105,"(67, 1)",1,-0.08
38,106,"(68, 1)",1,-0.08
38,107,"(69, 1)",1,-0.08
38,108,"(70, 1)",1,-0.08
38,109,"(71, 1)",2,-0.08
38,110,"(71, 2)",2,-0.08
38,111,"(71, 3)",1,-0.08
38,112,"(72, 3)",1,-0.08
38,113,"(73, 3)",1,-0.08
38,114,"(74, 3)",1,-0.08
38,115,"(75, 3)",1,-0.08
38,116,"(76, 3)",1,-0.08
38,117,"(77, 3)",0,-0.08
38,118,"(77, 2)",0,-0.08
38,119,"(77, 1)",1,-0.08
38,120,"(78, 1)",0,-0.08
38,121,"(78, 0)",1,8.33
39,0,"(0, 39)",1,-0.08
39,1,"(1, 39)",1,-0.08
39,2,"(2, 39)",1,-0.08
39,3,"(3, 39)",1,-0.08
39,4,"(4, 39)",1,-0.08
39,5,"(5, 39)",1,-0.08
39,6,"(6, 39)",1,-0.08
39,7,"(7, 39)",1,-0.08
39,8,"(8, 39)",1,-0.08
39,9,"(9, 39)",1,-0.08
39,10,"(10, 39)",0,-0.08
39,11,"(10, 38)",0,-0.08
39,12,"(10, 37)",1,-0.08
39,13,"(11, 37)",1,-0.08
39,14,"(12, 37)",1,-0.08
39,15,"(13, 37)",1,-0.08
39,16,"(14, 37)",1,-0.08
39,17,"(15, 37)",0,-0.08
39,18,"(15, 36)",0,-0.08
39,19,"(15, 35)",0,-0.08
39,20,"(15, 34)",0,-0.08
39,21,"(15, 33)",1,-0.08
39,22,"(16, 33)",1,-0.08
39,23,"(17, 33)",1,-0.08
39,24,"(18, 33)",1,-0.08
39,25,"(19, 33)",0,-0.08
39,26,"(19, 32)",0,-0.08
39,27,"(19, 31)",0,-0.08
39,28,"(19, 30)",0,-0.08
39,29,"(19, 29)",1,-0.08
39,30,"(20, 29)",0,-0.08
39,31,"(20, 28)",0,-0.08
39,32,"(20, 27)",1,-0.08
39,33,"(21, 27)",0,-0.08
39,34,"(21, 26)",0,-0.08
39,35,"(21, 25)",1,-0.08
39,36,"(22, 25)",1,-0.08
39,37,"(23, 25)",1,-0.08
39,38,"(24, 25)",1,-0.08
39,39,"(25, 25)",0,-0.08
39,40,"(25, 24)",0,-0.08
39,41,"(25, 23)",0,-0.08
39,42,"(25, 22)",0,-0.08
39,43,"(25, 21)",0,-0.08
39,44,"(25, 20)",0,-0.08
39,45,"(25, 19)",1,-0.08
39,46,"(26, 19)",1,-0.08
39,47,"(27, 19)",0,-0.08
39,48,"(27, 18)",0,-0.08
39,49,"(27, 17)",1,-0.08
39,50,"(28, 17)",1,-0.08
39,51,"(29, 17)",0,-0.08
39,52,"(29, 16)",0,-0.08
39,53,"(29, 15)",1,-0.08
39,54,"(30, 15)",1,-0.08
39,55,"(31, 15)",0,-0.08
39,56,"(31, 14)",1,-0.08
39,57,"(32, 14)",0,-0.08
39,58,"(32, 13)",1,-0.08
39,59,"(33, 13)",1,-0.08
39,60,"(34, 13)",1,-0.08
39,61,"(35, 13)",1,-0.08
39,62,"(36, 13)",1,-0.08
39,63,"(37, 13)",1,-0.08
39,64,"(38, 13)",1,-0.08
39,65,"(39, 13)",0,-0.08
39,66,"(39, 12)",0,-0.08
39,67,"(39, 11)",1,-0.08
39,68,"(40, 11)",1,-0.08
39,69,"(41, 11)",1,-0.08
39,70,"(42, 11)",1,-0.08
39,71,"(43, 11)",1,-0.08
39,72,"(44, 11)",1,-0.08
39,73,"(45, 11)",0,-0.08
39,74,"(45, 10)",1,-0.08
39,75,"(46, 10)",0,-0.08
39,76,"(46, 9)",0,-0.08
39,77,"(46, 8)",0,-0.08
39,78,"(46, 7)",1,-0.08
39,79,"(47, 7)",0,-0.08
39,80,"(47, 6)",1,-0.08
39,81,"(48, 6)",1,-0.08
39,82,"(49, 6)",0,-0.08
39,83,"(49, 5)",1,-0.08
39,84,"(50, 5)",1,-0.08
39,85,"(51, 5)",0,-0.08
39,86,"(51, 4)",0,-0.08
39,87,"(51, 3)",0,-0.08
39,88,"(51, 2)",0,-0.08
39,89,"(51, 1)",1,-0.08
39,90,"(52, 1)",1,-0.08
39,91,"(53, 1)",1,-0.08
39,92,"(54, 1)",1,-0.08
39,93,"(55, 1)",1,-0.08
39,94,"(56, 1)",1,-0.08
39,95,"(57, 1)",1,-0.08
39,96,"(58, 1)",1,-0.08
39,97,"(59, 1)",1,-0.08
39,98,"(60, 1)",1,-0.08
39,99,"(61, 1)",1,-0.08
39,100,"(62, 1)",1,-0.08
39,101,"(63, 1)",1,-0.08
39,102,"(64, 1)",1,-0.08
39,103,"(65, 1)",1,-0.08
39,104,"(66, 1)",1,-0.08
39,105,"(67, 1)",1,-0.08
39,106,"(68, 1)",1,-0.08
39,107,"(69, 1)",1,-0.08
39,108,"(70, 1)",1,-0.08
39,109,"(71, 1)",2,-0.08
39,110,"(71, 2)",2,-0.08
39,111,"(71, 3)",1,-0.08
39,112,"(72, 3)",1,-0.08
39,113,"(73, 3)",0,-0.08
39,114,"(73, 2)",0,-0.08
39,115,"(73, 1)",0,-0.08
39,116,"(73, 0)",1,-0.08
39,117,"(74, 0)",1,-0.08
39,118,"(75, 0)",1,-0.08
39,119,"(76, 0)",1,-0.08
39,120,"(77, 0)",1,-0.08
39,121,"(78, 0)",1,8.33
40,0,"(0, 39)",1,-0.08
40,1,"(1, 39)",1,-0.08
40,2,"(2, 39)",1,-0.08
40,3,"(3, 39)",1,-0.08
40,4,"(4, 39)",1,-0.08
40,5,"(5, 39)",1,-0.08
40,6,"(6, 39)",1,-0.08
40,7,"(7, 39)",1,-0.08
40,8,"(8, 39)",1,-0.08
40,9,"(9, 39)",1,-0.08
40,10,"(10, 39)",0,-0.08
40,11,"(10, 38)",0,-0.08
40,12,"(10, 37)",1,-0.08
40,13,"(11, 37)",1,-0.08
40,14,"(12, 37)",1,-0.08
40,15,"(13, 37)",1,-0.08
40,16,"(14, 37)",1,-0.08
40,17,"(15, 37)",1,-0.08
40,18,"(16, 37)",0,-0.08
40,19,"(16, 36)",1,-0.08
40,20,"(17, 36)",0,-0.08
40,21,"(17, 35)",0,-0.08
40,22,"(17, 34)",1,-0.08
40,23,"(18, 34)",0,-0.08
40,24,"(18, 33)",1,-0.08
40,25,"(19, 33)",0,-0.08
40,26,"(19, 32)",0,-0.08
40,27,"(19, 31)",0,-0.08
40,28,"(19, 30)",0,-0.08
40,29,"(19, 29)",1,-0.08
40,30,"(20, 29)",0,-0.08
40,31,"(20, 28)",0,-0.08
40,32,"(20, 27)",1,-0.08
40,33,"(21, 27)",0,-0.08
40,34,"(21, 26)",1,-0.08
40,35,"(22, 26)",1,-0.08
40,36,"(23, 26)",0,-0.08
40,37,"(23, 25)",1,-0.08
40,38,"(24, 25)",1,-0.08
40,39,"(25, 25)",1,-0.08
40,40,"(26, 25)",1,-0.08
40,41,"(27, 25)",1,-0.08
40,42,"(28, 25)",1,-0.08
40,43,"(29, 25)",1,-0.08
40,44,"(30, 25)",1,-0.08
40,45,"(31, 25)",0,-0.08
40,46,"(31, 24)",0,-0.08
40,47,"(31, 23)",1,-0.08
40,48,"(32, 23)",1,-0.08
40,49,"(33, 23)",0,-0.08
40,50,"(33, 22)",0,-0.08
40,51,"(33, 21)",1,-0.08
40,52,"(34, 21)",1,-0.08
40,53,"(35, 21)",1,-0.08
40,54,"(36, 21)",1,-0.08
40,55,"(37, 21)",1,-0.08
40,56,"(38, 21)",1,-0.08
40,57,"(39, 21)",0,-0.08
40,58,"(39, 20)",0,-0.08
40,59,"(39, 19)",0,-0.08
40,60,"(39, 18)",0,-0.08
40,61,"(39, 17)",0,-0.08
40,62,"(39, 16)",0,-0.08
40,63,"(39, 15)",1,-0.08
40,64,"(40, 15)",1,-0.08
40,65,"(41, 15)",0,-0.08
40,66,"(41, 14)",0,-0.08
40,67,"(41, 13)",0,-0.08
40,68,"(41, 12)",0,-0.08
40,69,"(41, 11)",1,-0.08
40,70,"(42, 11)",1,-0.08
40,71,"(43, 11)",1,-0.08
40,72,"(44, 11)",1,-0.08
40,73,"(45, 11)",0,-0.08
40,74,"(45, 10)",1,-0.08
40,75,"(46, 10)",0,-0.08
40,76,"(46, 9)",0,-0.08
40,77,"(46, 8)",0,-0.08
40,78,"(46, 7)",1,-0.08
40,79,"(47, 7)",0,-0.08
40,80,"(47, 6)",1,-0.08
40,81,"(48, 6)",1,-0.08
40,82,"(49, 6)",0,-0.08
40,83,"(49, 5)",1,-0.08
40,84,"(50, 5)",1,-0.08
40,85,"(51, 5)",0,-0.08
40,86,"(51, 4)",0,-0.08
40,87,"(51, 3)",0,-0.08
40,88,"(51, 2)",1,-0.08
40,89,"(52, 2)",1,-0.08
40,90,"(53, 2)",0,-0.08
40,91,"(53, 1)",1,-0.08
40,92,"(54, 1)",1,-0.08
40,93,"(55, 1)",1,-0.08
40,94,"(56, 1)",1,-0.08
40,95,"(57, 1)",1,-0.08
40,96,"(58, 1)",1,-0.08
40,97,"(59, 1)",1,-0.08
40,98,"(60, 1)",1,-0.08
40,99,"(61, 1)",1,-0.08
40,100,"(62, 1)",1,-0.08
40,101,"(63, 1)",1,-0.08
40,102,"(64, 1)",1,-0.08
40,103,"(65, 1)",1,-0.08
40,104,"(66, 1)",1,-0.08
40,105,"(67, 1)",1,-0.08
40,106,"(68, 1)",1,-0.08
40,107,"(69, 1)",1,-0.08
40,108,"(70, 1)",1,-0.08
40,109,"(71, 1)",2,-0.08
40,110,"(71, 2)",2,-0.08
40,111,"(71, 3)",1,-0.08
40,112,"(72, 3)",1,-0.08
40,113,"(73, 3)",1,-0.08
40,114,"(74, 3)",1,-0.08
40,115,"(75, 3)",1,-0.08
40,116,"(76, 3)",1,-0.08
40,117,"(77, 3)",0,-0.08
40,118,"(77, 2)",0,-0.08
40,119,"(77, 1)",1,-0.08
40,120,"(78, 1)",1,-0.08
40,121,"(79, 1)",0,8.33
41,0,"(0, 39)",1,-0.08
41,1,"(1, 39)",1,-0.08
41,2,"(2, 39)",1,-0.08
41,3,"(3, 39)",1,-0.08
41,4,"(4, 39)",1,-0.08
41,5,"(5, 39)",1,-0.08
41,6,"(6, 39)",1,-0.08
41,7,"(7, 39)",1,-0.08
41,8,"(8, 39)",1,-0.08
41,9,"(9, 39)",1,-0.08
41,10,"(10, 39)",1,-0.08
41,11,"(11, 39)",0,-0.08
41,12,"(11, 38)",0,-0.08
41,13,"(11, 37)",1,-0.08
41,14,"(12, 37)",1,-0.08
41,15,"(13, 37)",1,-0.08
41,16,"(14, 37)",1,-0.08
41,17,"(15, 37)",1,-0.08
41,18,"(16, 37)",1,-0.08
41,19,"(17, 37)",1,-0.08
41,20,"(18, 37)",1,-0.08
41,21,"(19, 37)",0,-0.08
41,22,"(19, 36)",0,-0.08
41,23,"(19, 35)",0,-0.08
41,24,"(19, 34)",0,-0.08
41,25,"(19, 33)",0,-0.08
41,26,"(19, 32)",0,-0.08
41,27,"(19, 31)",0,-0.08
41,28,"(19, 30)",0,-0.08
41,29,"(19, 29)",1,-0.08
41,30,"(20, 29)",0,-0.08
41,31,"(20, 28)",0,-0.08
41,32,"(20, 27)",1,-0.08
41,33,"(21, 27)",0,-0.08
41,34,"(21, 26)",1,-0.08
41,35,"(22, 26)",1,-0.08
41,36,"(23, 26)",0,-0.08
41,37,"(23, 25)",1,-0.08
41,38,"(24, 25)",1,-0.08
41,39,"(25, 25)",1,-0.08
41,40,"(26, 25)",1,-0.08
41,41,"(27, 25)",1,-0.08
41,42,"(28, 25)",1,-0.08
41,43,"(29, 25)",1,-0.08
41,44,"(30, 25)",1,-0.08
41,45,"(31, 25)",0,-0.08
41,46,"(31, 24)",0,-0.08
41,47,"(31, 23)",1,-0.08
41,48,"(32, 23)",1,-0.08
41,49,"(33, 23)",0,-0.08
41,50,"(33, 22)",0,-0.08
41,51,"(33, 21)",1,-0.08
41,52,"(34, 21)",1,-0.08
41,53,"(35, 21)",0,-0.08
41,54,"(35, 20)",0,-0.08
41,55,"(35, 19)",1,-0.08
41,56,"(36, 19)",1,-0.08
41,57,"(37, 19)",0,-0.08
41,58,"(37, 18)",0,-0.08
41,59,"(37, 17)",1,-0.08
41,60,"(38, 17)",1,-0.08
41,61,"(39, 17)",0,-0.08
41,62,"(39, 16)",0,-0.08
41,63,"(39, 15)",1,-0.08
41,64,"(40, 15)",1,-0.08
41,65,"(41, 15)",0,-0.08
41,66,"(41, 14)",0,-0.08
41,67,"(41, 13)",1,-0.08
41,68,"(42, 13)",1,-0.08
41,69,"(43, 13)",0,-0.08
41,70,"(43, 12)",0,-0.08
41,71,"(43, 11)",1,-0.08
41,72,"(44, 11)",1,-0.08
41,73,"(45, 11)",0,-0.08
41,74,"(45, 10)",0,-0.08
41,75,"(45, 9)",1,-0.08
41,76,"(46, 9)",0,-0.08
41,77,"(46, 8)",0,-0.08
41,78,"(46, 7)",1,-0.08
41,79,"(47, 7)",0,-0.08
41,80,"(47, 6)",1,-0.08
41,81,"(48, 6)",1,-0.08
41,82,"(49, 6)",0,-0.08
41,83,"(49, 5)",1,-0.08
41,84,"(50, 5)",1,-0.08
41,85,"(51, 5)",1,-0.08
41,86,"(52, 5)",1,-0.08
41,87,"(53, 5)",0,-0.08
41,88,"(53, 4)",0,-0.08
41,89,"(53, 3)",1,-0.08
41,90,"(54, 3)",1,-0.08
41,91,"(55, 3)",1,-0.08
41,92,"(56, 3)",1,-0.08
41,93,"(57, 3)",0,-0.08
41,94,"(57, 2)",0,-0.08
41,95,"(57, 1)",1,-0.08
41,96,"(58, 1)",1,-0.08
41,97,"(59, 1)",1,-0.08
41,98,"(60, 1)",1,-0.08
41,99,"(61, 1)",1,-0.08
41,100,"(62, 1)",1,-0.08
41,101,"(63, 1)",1,-0.08
41,102,"(64, 1)",1,-0.08
41,103,"(65, 1)",1,-0.08
41,104,"(66, 1)",1,-0.08
41,105,"(67, 1)",1,-0.08
41,106,"(68, 1)",1,-0.08
41,107,"(69, 1)",1,-0.08
41,108,"(70, 1)",1,-0.08
41,109,"(71, 1)",2,-0.08
41,110,"(71, 2)",2,-0.08
41,111,"(71, 3)",1,-0.08
41,112,"(72, 3)",1,-0.08
41,113,"(73, 3)",0,-0.08
41,114,"(73, 2)",0,-0.08
41,115,"(73, 1)",0,-0.08
41,116,"(73, 0)",1,-0.08
41,117,"(74, 0)",1,-0.08
41,118,"(75, 0)",1,-0.08
41,119,"(76, 0)",1,-0.08
41,120,"(77, 0)",1,-0.08
41,121,"(78, 0)",1,8.33
42,0,"(0, 39)",1,-0.08
42,1,"(1, 39)",1,-0.08
42,2,"(2, 39)",1,-0.08
42,3,"(3, 39)",1,-0.08
42,4,"(4, 39)",1,-0.08
42,5,"(5, 39)",1,-0.08
42,6,"(6, 39)",1,-0.08
42,7,"(7, 39)",1,-0.08
42,8,"(8, 39)",1,-0.08
42,9,"(9, 39)",1,-0.08
42,10,"(10, 39)",0,-0.08
42,11,"(10, 38)",1,-0.08
42,12,"(11, 38)",0,-0.08
42,13,"(11, 37)",1,-0.08
42,14,"(12, 37)",1,-0.08
42,15,"(13, 37)",1,-0.08
42,16,"(14, 37)",1,-0.08
42,17,"(15, 37)",0,-0.08
42,18,"(15, 36)",1,-0.08
42,19,"(16, 36)",1,-0.08
42,20,"(17, 36)",0,-0.08
42,21,"(17, 35)",0,-0.08
42,22,"(17, 34)",0,-0.08
42,23,"(17, 33)",1,-0.08
42,24,"(18, 33)",1,-0.08
42,25,"(19, 33)",0,-0.08
42,26,"(19, 32)",0,-0.08
42,27,"(19, 31)",0,-0.08
42,28,"(19, 30)",0,-0.08
42,29,"(19, 29)",1,-0.08
42,30,"(20, 29)",0,-0.08
42,31,"(20, 28)",0,-0.08
42,32,"(20, 27)",1,-0.08
42,33,"(21, 27)",0,-0.08
42,34,"(21, 26)",1,-0.08
42,35,"(22, 26)",1,-0.08
42,36,"(23, 26)",1,-0.08
42,37,"(24, 26)",1,-0.08
42,38,"(25, 26)",0,-0.08
42,39,"(25, 25)",1,-0.08
42,40,"(26, 25)",1,-0.08
42,41,"(27, 25)",1,-0.08
42,42,"(28, 25)",1,-0.08
42,43,"(29, 25)",1,-0.08
42,44,"(30, 25)",1,-0.08
42,45,"(31, 25)",0,-0.08
42,46,"(31, 24)",0,-0.08
42,47,"(31, 23)",1,-0.08
42,48,"(32, 23)",1,-0.08
42,49,"(33, 23)",0,-0.08
42,50,"(33, 22)",0,-0.08
42,51,"(33, 21)",1,-0.08
42,52,"(34, 21)",1,-0.08
42,53,"(35, 21)",1,-0.08
42,54,"(36, 21)",1,-0.08
42,55,"(37, 21)",1,-0.08
42,56,"(38, 21)",1,-0.08
42,57,"(39, 21)",0,-0.08
42,58,"(39, 20)",1,-0.08
42,59,"(40, 20)",1,-0.08
42,60,"(41, 20)",0,-0.08
42,61,"(41, 19)",0,-0.08
42,62,"(41, 18)",1,-0.08
42,63,"(42, 18)",0,-0.08
42,64,"(42, 17)",0,-0.08
42,65,"(42, 16)",1,-0.08
42,66,"(43, 16)",1,-0.08
42,67,"(44, 16)",0,-0.08
42,68,"(44, 15)",1,-0.08
42,69,"(45, 15)",0,-0.08
42,70,"(45, 14)",0,-0.08
42,71,"(45, 13)",0,-0.08
42,72,"(45, 12)",0,-0.08
42,73,"(45, 11)",0,-0.08
42,74,"(45, 10)",1,-0.08
42,75,"(46, 10)",0,-0.08
42,76,"(46, 9)",0,-0.08
42,77,"(46, 8)",0,-0.08
42,78,"(46, 7)",0,-0.08
42,79,"(46, 6)",1,-0.08
42,80,"(47, 6)",1,-0.08
42,81,"(48, 6)",1,-0.08
42,82,"(49, 6)",0,-0.08
42,83,"(49, 5)",1,-0.08
42,84,"(50, 5)",1,-0.08
42,85,"(51, 5)",1,-0.08
42,86,"(52, 5)",1,-0.08
42,87,"(53, 5)",0,-0.08
42,88,"(53, 4)",0,-0.08
42,89,"(53, 3)",0,-0.08
42,90,"(53, 2)",0,-0.08
42,91,"(53, 1)",1,-0.08
42,92,"(54, 1)",1,-0.08
42,93,"(55, 1)",1,-0.08
42,94,"(56, 1)",1,-0.08
42,95,"(57, 1)",1,-0.08
42,96,"(58, 1)",1,-0.08
42,97,"(59, 1)",1,-0.08
42,98,"(60, 1)",1,-0.08
42,99,"(61, 1)",1,-0.08
42,100,"(62, 1)",1,-0.08
42,101,"(63, 1)",1,-0.08
42,102,"(64, 1)",1,-0.08
42,103,"(65, 1)",1,-0.08
42,104,"(66, 1)",1,-0.08
42,105,"(67, 1)",1,-0.08
42,106,"(68, 1)",1,-0.08
42,107,"(69, 1)",1,-0.08
42,108,"(70, 1)",1,-0.08
42,109,"(71, 1)",2,-0.08
42,110,"(71, 2)",2,-0.08
42,111,"(71, 3)",1,-0.08
42,112,"(72, 3)",1,-0.08
42,113,"(73, 3)",1,-0.08
42,114,"(74, 3)",1,-0.08
42,115,"(75, 3)",1,-0.08
42,116,"(76, 3)",1,-0.08
42,117,"(77, 3)",0,-0.08
42,118,"(77, 2)",0,-0.08
42,119,"(77, 1)",1,-0.08
42,120,"(78, 1)",0,-0.08
42,121,"(78, 0)",1,8.33
43,0,"(0, 39)",1,-0.08
43,1,"(1, 39)",1,-0.08
43,2,"(2, 39)",1,-0.08
43,3,"(3, 39)",1,-0.08
43,4,"(4, 39)",1,-0.08
43,5,"(5, 39)",1,-0.08
43,6,"(6, 39)",1,-0.08
43,7,"(7, 39)",1,-0.08
43,8,"(8, 39)",1,-0.08
43,9,"(9, 39)",1,-0.08
43,10,"(10, 39)",0,-0.08
43,11,"(10, 38)",1,-0.08
43,12,"(11, 38)",0,-0.08
43,13,"(11, 37)",1,-0.08
43,14,"(12, 37)",1,-0.08
43,15,"(13, 37)",1,-0.08
43,16,"(14, 37)",1,-0.08
43,17,"(15, 37)",1,-0.08
43,18,"(16, 37)",1,-0.08
43,19,"(17, 37)",0,-0.08
43,20,"(17, 36)",0,-0.08
43,21,"(17, 35)",1,-0.08
43,22,"(18, 35)",1,-0.08
43,23,"(19, 35)",0,-0.08
43,24,"(19, 34)",0,-0.08
43,25,"(19, 33)",0,-0.08
43,26,"(19, 32)",0,-0.08
43,27,"(19, 31)",0,-0.08
43,28,"(19, 30)",0,-0.08
43,29,"(19, 29)",1,-0.08
43,30,"(20, 29)",0,-0.08
43,31,"(20, 28)",0,-0.08
43,32,"(20, 27)",1,-0.08
43,33,"(21, 27)",0,-0.08
43,34,"(21, 26)",1,-0.08
43,35,"(22, 26)",1,-0.08
43,36,"(23, 26)",0,-0.08
43,37,"(23, 25)",1,-0.08
43,38,"(24, 25)",1,-0.08
43,39,"(25, 25)",1,-0.08
43,40,"(26, 25)",1,-0.08
43,41,"(27, 25)",1,-0.08
43,42,"(28, 25)",1,-0.08
43,43,"(29, 25)",1,-0.08
43,44,"(30, 25)",1,-0.08
43,45,"(31, 25)",0,-0.08
43,46,"(31, 24)",0,-0.08
43,47,"(31, 23)",1,-0.08
43,48,"(32, 23)",1,-0.08
43,49,"(33, 23)",0,-0.08
43,50,"(33, 22)",0,-0.08
43,51,"(33, 21)",1,-0.08
43,52,"(34, 21)",1,-0.08
43,53,"(35, 21)",1,-0.08
43,54,"(36, 21)",1,-0.08
43,55,"(37, 21)",1,-0.08
43,56,"(38, 21)",1,-0.08
43,57,"(39, 21)",0,-0.08
43,58,"(39, 20)",1,-0.08
43,59,"(40, 20)",1,-0.08
43,60,"(41, 20)",0,-0.08
43,61,"(41, 19)",0,-0.08
43,62,"(41, 18)",0,-0.08
43,63,"(41, 17)",1,-0.08
43,64,"(42, 17)",1,-0.08
43,65,"(43, 17)",1,-0.08
43,66,"(44, 17)",0,-0.08
43,67,"(44, 16)",0,-0.08
43,68,"(44, 15)",1,-0.08
43,69,"(45, 15)",0,-0.08
43,70,"(45, 14)",0,-0.08
43,71,"(45, 13)",0,-0.08
43,72,"(45, 12)",0,-0.08
43,73,"(45, 11)",0,-0.08
43,74,"(45, 10)",1,-0.08
43,75,"(46, 10)",0,-0.08
43,76,"(46, 9)",0,-0.08
43,77,"(46, 8)",0,-0.08
43,78,"(46, 7)",0,-0.08
43,79,"(46, 6)",1,-0.08
43,80,"(47, 6)",1,-0.08
43,81,"(48, 6)",1,-0.08
43,82,"(49, 6)",0,-0.08
43,83,"(49, 5)",1,-0.08
43,84,"(50, 5)",1,-0.08
43,85,"(51, 5)",1,-0.08
43,86,"(52, 5)",1,-0.08
43,87,"(53, 5)",0,-0.08
43,88,"(53, 4)",0,-0.08
43,89,"(53, 3)",0,-0.08
43,90,"(53, 2)",0,-0.08
43,91,"(53, 1)",1,-0.08
43,92,"(54, 1)",1,-0.08
43,93,"(55, 1)",1,-0.08
43,94,"(56, 1)",1,-0.08
43,95,"(57, 1)",1,-0.08
43,96,"(58, 1)",1,-0.08
43,97,"(59, 1)",1,-0.08
43,98,"(60, 1)",1,-0.08
43,99,"(61, 1)",1,-0.08
43,100,"(62, 1)",1,-0.08
43,101,"(63, 1)",1,-0.08
43,102,"(64, 1)",1,-0.08
43,103,"(65, 1)",1,-0.08
43,104,"(66, 1)",1,-0.08
43,105,"(67, 1)",1,-0.08
43,106,"(68, 1)",1,-0.08
43,107,"(69, 1)",1,-0.08
43,108,"(70, 1)",1,-0.08
43,109,"(71, 1)",2,-0.08
43,110,"(71, 2)",2,-0.08
43,111,"(71, 3)",1,-0.08
43,112,"(72, 3)",1,-0.08
43,113,"(73, 3)",1,-0.08
43,114,"(74, 3)",1,-0.08
43,115,"(75, 3)",1,-0.08
43,116,"(76, 3)",1,-0.08
43,117,"(77, 3)",0,-0.08
43,118,"(77, 2)",0,-0.08
43,119,"(77, 1)",0,-0.08
43,120,"(77, 0)",1,-0.08
43,121,"(78, 0)",1,8.33
44,0,"(0, 39)",1,-0.08
44,1,"(1, 39)",1,-0.08
44,2,"(2, 39)",1,-0.08
44,3,"(3, 39)",1,-0.08
44,4,"(4, 39)",1,-0.08
44,5,"(5, 39)",1,-0.08
44,6,"(6, 39)",1,-0.08
44,7,"(7, 39)",1,-0.08
44,8,"(8, 39)",1,-0.08
44,9,"(9, 39)",1,-0.08
44,10,"(10, 39)",1,-0.08
44,11,"(11, 39)",1,-0.08
44,12,"(12, 39)",1,-0.08
44,13,"(13, 39)",1,-0.08
44,14,"(14, 39)",0,-0.08
44,15,"(14, 38)",0,-0.08
44,16,"(14, 37)",1,-0.08
44,17,"(15, 37)",0,-0.08
44,18,"(15, 36)",1,-0.08
44,19,"(16, 36)",1,-0.08
44,20,"(17, 36)",0,-0.08
44,21,"(17, 35)",0,-0.08
44,22,"(17, 34)",0,-0.08
44,23,"(17, 33)",1,-0.08
44,24,"(18, 33)",1,-0.08
44,25,"(19, 33)",0,-0.08
44,26,"(19, 32)",0,-0.08
44,27,"(19, 31)",0,-0.08
44,28,"(19, 30)",0,-0.08
44,29,"(19, 29)",1,-0.08
44,30,"(20, 29)",0,-0.08
44,31,"(20, 28)",0,-0.08
44,32,"(20, 27)",1,-0.08
44,33,"(21, 27)",0,-0.08
44,34,"(21, 26)",1,-0.08
44,35,"(22, 26)",1,-0.08
44,36,"(23, 26)",0,-0.08
44,37,"(23, 25)",1,-0.08
44,38,"(24, 25)",1,-0.08
44,39,"(25, 25)",1,-0.08
44,40,"(26, 25)",1,-0.08
44,41,"(27, 25)",1,-0.08
44,42,"(28, 25)",1,-0.08
44,43,"(29, 25)",1,-0.08
44,44,"(30, 25)",1,-0.08
44,45,"(31, 25)",0,-0.08
44,46,"(31, 24)",0,-0.08
44,47,"(31, 23)",1,-0.08
44,48,"(32, 23)",1,-0.08
44,49,"(33, 23)",0,-0.08
44,50,"(33, 22)",0,-0.08
44,51,"(33, 21)",1,-0.08
44,52,"(34, 21)",1,-0.08
44,53,"(35, 21)",1,-0.08
44,54,"(36, 21)",1,-0.08
44,55,"(37, 21)",1,-0.08
44,56,"(38, 21)",1,-0.08
44,57,"(39, 21)",0,-0.08
44,58,"(39, 20)",1,-0.08
44,59,"(40, 20)",1,-0.08
44,60,"(41, 20)",1,-0.08
44,61,"(42, 20)",1,-0.08
44,62,"(43, 20)",0,-0.08
44,63,"(43, 19)",1,-0.08
44,64,"(44, 19)",0,-0.08
44,65,"(44, 18)",0,-0.08
44,66,"(44, 17)",0,-0.08
44,67,"(44, 16)",0,-0.08
44,68,"(44, 15)",1,-0.08
44,69,"(45, 15)",0,-0.08
44,70,"(45, 14)",0,-0.08
44,71,"(45, 13)",0,-0.08
44,72,"(45, 12)",0,-0.08
44,73,"(45, 11)",0,-0.08
44,74,"(45, 10)",0,-0.08
44,75,"(45, 9)",0,-0.08
44,76,"(45, 8)",1,-0.08
44,77,"(46, 8)",0,-0.08
44,78,"(46, 7)",1,-0.08
44,79,"(47, 7)",0,-0.08
44,80,"(47, 6)",1,-0.08
44,81,"(48, 6)",1,-0.08
44,82,"(49, 6)",0,-0.08
44,83,"(49, 5)",1,-0.08
44,84,"(50, 5)",1,-0.08
44,85,"(51, 5)",1,-0.08
44,86,"(52, 5)",1,-0.08
44,87,"(53, 5)",0,-0.08
44,88,"(53, 4)",0,-0.08
44,89,"(53, 3)",1,-0.08
44,90,"(54, 3)",1,-0.08
44,91,"(55, 3)",1,-0.08
44,92,"(56, 3)",1,-0.08
44,93,"(57, 3)",0,-0.08
44,94,"(57, 2)",0,-0.08
44,95,"(57, 1)",1,-0.08
44,96,"(58, 1)",1,-0.08
44,97,"(59, 1)",1,-0.08
44,98,"(60, 1)",1,-0.08
44,99,"(61, 1)",1,-0.08
44,100,"(62, 1)",1,-0.08
44,101,"(63, 1)",1,-0.08
44,102,"(64, 1)",1,-0.08
44,103,"(65, 1)",1,-0.08
44,104,"(66, 1)",1,-0.08
44,105,"(67, 1)",1,-0.08
44,106,"(68, 1)",1,-0.08
44,107,"(69, 1)",1,-0.08
44,108,"(70, 1)",1,-0.08
44,109,"(71, 1)",2,-0.08
44,110,"(71, 2)",2,-0.08
44,111,"(71, 3)",1,-0.08
44,112,"(72, 3)",1,-0.08
44,113,"(73, 3)",0,-0.08
44,114,"(73, 2)",0,-0.08
44,115,"(73, 1)",0,-0.08
44,116,"(73, 0)",1,-0.08
44,117,"(74, 0)",1,-0.08
44,118,"(75, 0)",1,-0.08
44,119,"(76, 0)",1,-0.08
44,120,"(77, 0)",1,-0.08
44,121,"(78, 0)",1,8.33
45,0,"(0, 39)",1,-0.08
45,1,"(1, 39)",1,-0.08
45,2,"(2, 39)",1,-0.08
45,3,"(3, 39)",1,-0.08
45,4,"(4, 39)",1,-0.08
45,5,"(5, 39)",1,-0.08
45,6,"(6, 39)",1,-0.08
45,7,"(7, 39)",1,-0.08
45,8,"(8, 39)",1,-0.08
45,9,"(9, 39)",1,-0.08
45,10,"(10, 39)",1,-0.08
45,11,"(11, 39)",0,-0.08
45,12,"(11, 38)",0,-0.08
45,13,"(11, 37)",1,-0.08
45,14,"(12, 37)",1,-0.08
45,15,"(13, 37)",1,-0.08
45,16,"(14, 37)",1,-0.08
45,17,"(15, 37)",1,-0.08
45,18,"(16, 37)",1,-0.08
45,19,"(17, 37)",0,-0.08
45,20,"(17, 36)",0,-0.08
45,21,"(17, 35)",1,-0.08
45,22,"(18, 35)",0,-0.08
45,23,"(18, 34)",0,-0.08
45,24,"(18, 33)",1,-0.08
45,25,"(19, 33)",0,-0.08
45,26,"(19, 32)",0,-0.08
45,27,"(19, 31)",0,-0.08
45,28,"(19, 30)",0,-0.08
45,29,"(19, 29)",1,-0.08
45,30,"(20, 29)",0,-0.08
45,31,"(20, 28)",0,-0.08
45,32,"(20, 27)",1,-0.08
45,33,"(21, 27)",0,-0.08
45,34,"(21, 26)",0,-0.08
45,35,"(21, 25)",1,-0.08
45,36,"(22, 25)",0,-0.08
45,37,"(22, 24)",0,-0.08
45,38,"(22, 23)",1,-0.08
45,39,"(23, 23)",1,-0.08
45,40,"(24, 23)",1,-0.08
45,41,"(25, 23)",0,-0.08
45,42,"(25, 22)",0,-0.08
45,43,"(25, 21)",1,-0.08
45,44,"(26, 21)",1,-0.08
45,45,"(27, 21)",0,-0.08
45,46,"(27, 20)",0,-0.08
45,47,"(27, 19)",1,-0.08
45,48,"(28, 19)",1,-0.08
45,49,"(29, 19)",1,-0.08
45,50,"(30, 19)",1,-0.08
45,51,"(31, 19)",0,-0.08
45,52,"(31, 18)",0,-0.08
45,53,"(31, 17)",1,-0.08
45,54,"(32, 17)",1,-0.08
45,55,"(33, 17)",1,-0.08
45,56,"(34, 17)",1,-0.08
45,57,"(35, 17)",0,-0.08
45,58,"(35, 16)",0,-0.08
45,59,"(35, 15)",0,-0.08
45,60,"(35, 14)",0,-0.08
45,61,"(35, 13)",1,-0.08
45,62,"(36, 13)",1,-0.08
45,63,"(37, 13)",1,-0.08
45,64,"(38, 13)",1,-0.08
45,65,"(39, 13)",1,-0.08
45,66,"(40, 13)",1,-0.08
45,67,"(41, 13)",0,-0.08
45,68,"(41, 12)",0,-0.08
45,69,"(41, 11)",1,-0.08
45,70,"(42, 11)",1,-0.08
45,71,"(43, 11)",1,-0.08
45,72,"(44, 11)",1,-0.08
45,73,"(45, 11)",0,-0.08
45,74,"(45, 10)",1,-0.08
45,75,"(46, 10)",0,-0.08
45,76,"(46, 9)",0,-0.08
45,77,"(46, 8)",0,-0.08
45,78,"(46, 7)",1,-0.08
45,79,"(47, 7)",0,-0.08
45,80,"(47, 6)",1,-0.08
45,81,"(48, 6)",1,-0.08
45,82,"(49, 6)",0,-0.08
45,83,"(49, 5)",1,-0.08
45,84,"(50, 5)",1,-0.08
45,85,"(51, 5)",1,-0.08
45,86,"(52, 5)",1,-0.08
45,87,"(53, 5)",0,-0.08
45,88,"(53, 4)",0,-0.08
45,89,"(53, 3)",0,-0.08
45,90,"(53, 2)",0,-0.08
45,91,"(53, 1)",1,-0.08
45,92,"(54, 1)",1,-0.08
45,93,"(55, 1)",1,-0.08
45,94,"(56, 1)",1,-0.08
45,95,"(57, 1)",1,-0.08
45,96,"(58, 1)",1,-0.08
45,97,"(59, 1)",1,-0.08
45,98,"(60, 1)",1,-0.08
45,99,"(61, 1)",1,-0.08
45,100,"(62, 1)",1,-0.08
45,101,"(63, 1)",1,-0.08
45,102,"(64, 1)",1,-0.08
45,103,"(65, 1)",1,-0.08
45,104,"(66, 1)",1,-0.08
45,105,"(67, 1)",1,-0.08
45,106,"(68, 1)",1,-0.08
45,107,"(69, 1)",1,-0.08
45,108,"(70, 1)",1,-0.08
45,109,"(71, 1)",2,-0.08
45,110,"(71, 2)",2,-0.08
45,111,"(71, 3)",1,-0.08
45,112,"(72, 3)",1,-0.08
45,113,"(73, 3)",1,-0.08
45,114,"(74, 3)",1,-0.08
45,115,"(75, 3)",1,-0.08
45,116,"(76, 3)",1,-0.08
45,117,"(77, 3)",0,-0.08
45,118,"(77, 2)",0,-0.08
45,119,"(77, 1)",1,-0.08
45,120,"(78, 1)",1,-0.08
45,121,"(79, 1)",0,8.33
46,0,"(0, 39)",1,-0.08
46,1,"(1, 39)",1,-0.08
46,2,"(2, 39)",1,-0.08
46,3,"(3, 39)",1,-0.08
46,4,"(4, 39)",1,-0.08
46,5,"(5, 39)",1,-0.08
46,6,"(6, 39)",1,-0.08
46,7,"(7, 39)",1,-0.08
46,8,"(8, 39)",1,-0.08
46,9,"(9, 39)",1,-0.08
46,10,"(10, 39)",0,-0.08
46,11,"(10, 38)",1,-0.08
46,12,"(11, 38)",0,-0.08
46,13,"(11, 37)",1,-0.08
46,14,"(12, 37)",1,-0.08
46,15,"(13, 37)",1,-0.08
46,16,"(14, 37)",1,-0.08
46,17,"(15, 37)",1,-0.08
46,18,"(16, 37)",1,-0.08
46,19,"(17, 37)",0,-0.08
46,20,"(17, 36)",0,-0.08
46,21,"(17, 35)",0,-0.08
46,22,"(17, 34)",1,-0.08
46,23,"(18, 34)",0,-0.08
46,24,"(18, 33)",1,-0.08
46,25,"(19, 33)",0,-0.08
46,26,"(19, 32)",0,-0.08
46,27,"(19, 31)",0,-0.08
46,28,"(19, 30)",0,-0.08
46,29,"(19, 29)",1,-0.08
46,30,"(20, 29)",0,-0.08
46,31,"(20, 28)",0,-0.08
46,32,"(20, 27)",1,-0.08
46,33,"(21, 27)",0,-0.08
46,34,"(21, 26)",0,-0.08
46,35,"(21, 25)",1,-0.08
46,36,"(22, 25)",0,-0.08
46,37,"(22, 24)",0,-0.08
46,38,"(22, 23)",1,-0.08
46,39,"(23, 23)",1,-0.08
46,40,"(24, 23)",1,-0.08
46,41,"(25, 23)",0,-0.08
46,42,"(25, 22)",0,-0.08
46,43,"(25, 21)",0,-0.08
46,44,"(25, 20)",0,-0.08
46,45,"(25, 19)",0,-0.08
46,46,"(25, 18)",1,-0.08
46,47,"(26, 18)",1,-0.08
46,48,"(27, 18)",0,-0.08
46,49,"(27, 17)",1,-0.08
46,50,"(28, 17)",1,-0.08
46,51,"(29, 17)",0,-0.08
46,52,"(29, 16)",0,-0.08
46,53,"(29, 15)",1,-0.08
46,54,"(30, 15)",1,-0.08
46,55,"(31, 15)",0,-0.08
46,56,"(31, 14)",0,-0.08
46,57,"(31, 13)",1,-0.08
46,58,"(32, 13)",1,-0.08
46,59,"(33, 13)",1,-0.08
46,60,"(34, 13)",1,-0.08
46,61,"(35, 13)",1,-0.08
46,62,"(36, 13)",1,-0.08
46,63,"(37, 13)",1,-0.08
46,64,"(38, 13)",1,-0.08
46,65,"(39, 13)",0,-0.08
46,66,"(39, 12)",0,-0.08
46,67,"(39, 11)",1,-0.08
46,68,"(40, 11)",1,-0.08
46,69,"(41, 11)",1,-0.08
46,70,"(42, 11)",1,-0.08
46,71,"(43, 11)",1,-0.08
46,72,"(44, 11)",1,-0.08
46,73,"(45, 11)",0,-0.08
46,74,"(45, 10)",1,-0.08
46,75,"(46, 10)",0,-0.08
46,76,"(46, 9)",0,-0.08
46,77,"(46, 8)",0,-0.08
46,78,"(46, 7)",1,-0.08
46,79,"(47, 7)",0,-0.08
46,80,"(47, 6)",1,-0.08
46,81,"(48, 6)",1,-0.08
46,82,"(49, 6)",0,-0.08
46,83,"(49, 5)",1,-0.08
46,84,"(50, 5)",1,-0.08
46,85,"(51, 5)",1,-0.08
46,86,"(52, 5)",1,-0.08
46,87,"(53, 5)",0,-0.08
46,88,"(53, 4)",0,-0.08
46,89,"(53, 3)",1,-0.08
46,90,"(54, 3)",1,-0.08
46,91,"(55, 3)",1,-0.08
46,92,"(56, 3)",1,-0.08
46,93,"(57, 3)",0,-0.08
46,94,"(57, 2)",1,-0.08
46,95,"(58, 2)",0,-0.08
46,96,"(58, 1)",1,-0.08
46,97,"(59, 1)",1,-0.08
46,98,"(60, 1)",1,-0.08
46,99,"(61, 1)",1,-0.08
46,100,"(62, 1)",1,-0.08
46,101,"(63, 1)",1,-0.08
46,102,"(64, 1)",1,-0.08
46,103,"(65, 1)",1,-0.08
46,104,"(66, 1)",1,-0.08
46,105,"(67, 1)",1,-0.08
46,106,"(68, 1)",1,-0.08
46,107,"(69, 1)",1,-0.08
46,108,"(70, 1)",1,-0.08
46,109,"(71, 1)",2,-0.08
46,110,"(71, 2)",2,-0.08
46,111,"(71, 3)",1,-0.08
46,112,"(72, 3)",1,-0.08
46,113,"(73, 3)",1,-0.08
46,114,"(74, 3)",1,-0.08
46,115,"(75, 3)",1,-0.08
46,116,"(76, 3)",1,-0.08
46,117,"(77, 3)",0,-0.08
46,118,"(77, 2)",0,-0.08
46,119,"(77, 1)",1,-0.08
46,120,"(78, 1)",1,-0.08
46,121,"(79, 1)",0,8.33
47,0,"(0, 39)",1,-0.08
47,1,"(1, 39)",1,-0.08
47,2,"(2, 39)",1,-0.08
47,3,"(3, 39)",1,-0.08
47,4,"(4, 39)",1,-0.08
47,5,"(5, 39)",1,-0.08
47,6,"(6, 39)",1,-0.08
47,7,"(7, 39)",1,-0.08
47,8,"(8, 39)",1,-0.08
47,9,"(9, 39)",1,-0.08
47,10,"(10, 39)",1,-0.08
47,11,"(11, 39)",1,-0.08
47,12,"(12, 39)",1,-0.08
47,13,"(13, 39)",1,-0.08
47,14,"(14, 39)",0,-0.08
47,15,"(14, 38)",0,-0.08
47,16,"(14, 37)",1,-0.08
47,17,"(15, 37)",0,-0.08
47,18,"(15, 36)",1,-0.08
47,19,"(16, 36)",1,-0.08
47,20,"(17, 36)",0,-0.08
47,21,"(17, 35)",1,-0.08
47,22,"(18, 35)",1,-0.08
47,23,"(19, 35)",0,-0.08
47,24,"(19, 34)",0,-0.08
47,25,"(19, 33)",0,-0.08
47,26,"(19, 32)",0,-0.08
47,27,"(19, 31)",0,-0.08
47,28,"(19, 30)",0,-0.08
47,29,"(19, 29)",1,-0.08
47,30,"(20, 29)",0,-0.08
47,31,"(20, 28)",0,-0.08
47,32,"(20, 27)",1,-0.08
47,33,"(21, 27)",0,-0.08
47,34,"(21, 26)",0,-0.08
47,35,"(21, 25)",1,-0.08
47,36,"(22, 25)",0,-0.08
47,37,"(22, 24)",0,-0.08
47,38,"(22, 23)",1,-0.08
47,39,"(23, 23)",1,-0.08
47,40,"(24, 23)",1,-0.08
47,41,"(25, 23)",0,-0.08
47,42,"(25, 22)",0,-0.08
47,43,"(25, 21)",0,-0.08
47,44,"(25, 20)",0,-0.08
47,45,"(25, 19)",1,-0.08
47,46,"(26, 19)",0,-0.08
47,47,"(26, 18)",1,-0.08
47,48,"(27, 18)",0,-0.08
47,49,"(27, 17)",1,-0.08
47,50,"(28, 17)",0,-0.08
47,51,"(28, 16)",1,-0.08
47,52,"(29, 16)",0,-0.08
47,53,"(29, 15)",1,-0.08
47,54,"(30, 15)",1,-0.08
47,55,"(31, 15)",0,-0.08
47,56,"(31, 14)",0,-0.08
47,57,"(31, 13)",1,-0.08
47,58,"(32, 13)",1,-0.08
47,59,"(33, 13)",1,-0.08
47,60,"(34, 13)",1,-0.08
47,61,"(35, 13)",1,-0.08
47,62,"(36, 13)",1,-0.08
47,63,"(37, 13)",1,-0.08
47,64,"(38, 13)",1,-0.08
47,65,"(39, 13)",0,-0.08
47,66,"(39, 12)",0,-0.08
47,67,"(39, 11)",1,-0.08
47,68,"(40, 11)",1,-0.08
47,69,"(41, 11)",1,-0.08
47,70,"(42, 11)",1,-0.08
47,71,"(43, 11)",1,-0.08
47,72,"(44, 11)",1,-0.08
47,73,"(45, 11)",0,-0.08
47,74,"(45, 10)",0,-0.08
47,75,"(45, 9)",1,-0.08
47,76,"(46, 9)",0,-0.08
47,77,"(46, 8)",0,-0.08
47,78,"(46, 7)",1,-0.08
47,79,"(47, 7)",0,-0.08
47,80,"(47, 6)",1,-0.08
47,81,"(48, 6)",1,-0.08
47,82,"(49, 6)",0,-0.08
47,83,"(49, 5)",1,-0.08
47,84,"(50, 5)",1,-0.08
47,85,"(51, 5)",0,-0.08
47,86,"(51, 4)",0,-0.08
47,87,"(51, 3)",0,-0.08
47,88,"(51, 2)",1,-0.08
47,89,"(52, 2)",0,-0.08
47,90,"(52, 1)",1,-0.08
47,91,"(53, 1)",1,-0.08
47,92,"(54, 1)",1,-0.08
47,93,"(55, 1)",1,-0.08
47,94,"(56, 1)",1,-0.08
47,95,"(57, 1)",1,-0.08
47,96,"(58, 1)",1,-0.08
47,97,"(59, 1)",1,-0.08
47,98,"(60, 1)",1,-0.08
47,99,"(61, 1)",1,-0.08
47,100,"(62, 1)",1,-0.08
47,101,"(63, 1)",1,-0.08
47,102,"(64, 1)",1,-0.08
47,103,"(65, 1)",1,-0.08
47,104,"(66, 1)",1,-0.08
47,105,"(67, 1)",1,-0.08
47,106,"(68, 1)",1,-0.08
47,107,"(69, 1)",1,-0.08
47,108,"(70, 1)",1,-0.08
47,109,"(71, 1)",2,-0.08
47,110,"(71, 2)",2,-0.08
47,111,"(71, 3)",1,-0.08
47,112,"(72, 3)",1,-0.08
47,113,"(73, 3)",0,-0.08
47,114,"(73, 2)",0,-0.08
47,115,"(73, 1)",1,-0.08
47,116,"(74, 1)",1,-0.08
47,117,"(75, 1)",1,-0.08
47,118,"(76, 1)",0,-0.08
47,119,"(76, 0)",1,-0.08
47,120,"(77, 0)",1,-0.08
47,121,"(78, 0)",1,8.33
48,0,"(0, 39)",1,-0.08
48,1,"(1, 39)",1,-0.08
48,2,"(2, 39)",1,-0.08
48,3,"(3, 39)",1,-0.08
48,4,"(4, 39)",1,-0.08
48,5,"(5, 39)",1,-0.08
48,6,"(6, 39)",1,-0.08
48,7,"(7, 39)",1,-0.08
48,8,"(8, 39)",1,-0.08
48,9,"(9, 39)",1,-0.08
48,10,"(10, 39)",0,-0.08
48,11,"(10, 38)",1,-0.08
48,12,"(11, 38)",0,-0.08
48,13,"(11, 37)",1,-0.08
48,14,"(12, 37)",1,-0.08
48,15,"(13, 37)",1,-0.08
48,16,"(14, 37)",1,-0.08
48,17,"(15, 37)",0,-0.08
48,18,"(15, 36)",0,-0.08
48,19,"(15, 35)",0,-0.08
48,20,"(15, 34)",0,-0.08
48,21,"(15, 33)",1,-0.08
48,22,"(16, 33)",1,-0.08
48,23,"(17, 33)",1,-0.08
48,24,"(18, 33)",1,-0.08
48,25,"(19, 33)",0,-0.08
48,26,"(19, 32)",0,-0.08
48,27,"(19, 31)",0,-0.08
48,28,"(19, 30)",0,-0.08
48,29,"(19, 29)",1,-0.08
48,30,"(20, 29)",0,-0.08
48,31,"(20, 28)",0,-0.08
48,32,"(20, 27)",1,-0.08
48,33,"(21, 27)",0,-0.08
48,34,"(21, 26)",1,-0.08
48,35,"(22, 26)",1,-0.08
48,36,"(23, 26)",1,-0.08
48,37,"(24, 26)",1,-0.08
48,38,"(25, 26)",0,-0.08
48,39,"(25, 25)",0,-0.08
48,40,"(25, 24)",0,-0.08
48,41,"(25, 23)",0,-0.08
48,42,"(25, 22)",0,-0.08
48,43,"(25, 21)",1,-0.08
48,44,"(26, 21)",1,-0.08
48,45,"(27, 21)",0,-0.08
48,46,"(27, 20)",0,-0.08
48,47,"(27, 19)",0,-0.08
48,48,"(27, 18)",0,-0.08
48,49,"(27, 17)",1,-0.08
48,50,"(28, 17)",0,-0.08
48,51,"(28, 16)",1,-0.08
48,52,"(29, 16)",0,-0.08
48,53,"(29, 15)",1,-0.08
48,54,"(30, 15)",1,-0.08
48,55,"(31, 15)",1,-0.08
48,56,"(32, 15)",0,-0.08
48,57,"(32, 14)",0,-0.08
48,58,"(32, 13)",1,-0.08
48,59,"(33, 13)",1,-0.08
48,60,"(34, 13)",1,-0.08
48,61,"(35, 13)",1,-0.08
48,62,"(36, 13)",1,-0.08
48,63,"(37, 13)",1,-0.08
48,64,"(38, 13)",1,-0.08
48,65,"(39, 13)",0,-0.08
48,66,"(39, 12)",0,-0.08
48,67,"(39, 11)",1,-0.08
48,68,"(40, 11)",1,-0.08
48,69,"(41, 11)",1,-0.08
48,70,"(42, 11)",1,-0.08
48,71,"(43, 11)",1,-0.08
48,72,"(44, 11)",1,-0.08
48,73,"(45, 11)",0,-0.08
48,74,"(45, 10)",1,-0.08
48,75,"(46, 10)",0,-0.08
48,76,"(46, 9)",0,-0.08
48,77,"(46, 8)",0,-0.08
48,78,"(46, 7)",1,-0.08
48,79,"(47, 7)",0,-0.08
48,80,"(47, 6)",1,-0.08
48,81,"(48, 6)",1,-0.08
48,82,"(49, 6)",0,-0.08
48,83,"(49, 5)",1,-0.08
48,84,"(50, 5)",1,-0.08
48,85,"(51, 5)",0,-0.08
48,86,"(51, 4)",0,-0.08
48,87,"(51, 3)",0,-0.08
48,88,"(51, 2)",1,-0.08
48,89,"(52, 2)",1,-0.08
48,90,"(53, 2)",0,-0.08
48,91,"(53, 1)",1,-0.08
48,92,"(54, 1)",1,-0.08
48,93,"(55, 1)",1,-0.08
48,94,"(56, 1)",1,-0.08
48,95,"(57, 1)",1,-0.08
48,96,"(58, 1)",1,-0.08
48,97,"(59, 1)",1,-0.08
48,98,"(60, 1)",1,-0.08
48,99,"(61, 1)",1,-0.08
48,100,"(62, 1)",1,-0.08
48,101,"(63, 1)",1,-0.08
48,102,"(64, 1)",1,-0.08
48,103,"(65, 1)",1,-0.08
48,104,"(66, 1)",1,-0.08
48,105,"(67, 1)",1,-0.08
48,106,"(68, 1)",1,-0.08
48,107,"(69, 1)",1,-0.08
48,108,"(70, 1)",1,-0.08
48,109,"(71, 1)",2,-0.08
48,110,"(71, 2)",2,-0.08
48,111,"(71, 3)",1,-0.08
48,112,"(72, 3)",1,-0.08
48,113,"(73, 3)",0,-0.08
48,114,"(73, 2)",0,-0.08
48,115,"(73, 1)",0,-0.08
48,116,"(73, 0)",1,-0.08
48,117,"(74, 0)",1,-0.08
48,118,"(75, 0)",1,-0.08
48,119,"(76, 0)",1,-0.08
48,120,"(77, 0)",1,-0.08
48,121,"(78, 0)",1,8.33
49,0,"(0, 39)",1,-0.08
49,1,"(1, 39)",1,-0.08
49,2,"(2, 39)",1,-0.08
49,3,"(3, 39)",1,-0.08
49,4,"(4, 39)",1,-0.08
49,5,"(5, 39)",1,-0.08
49,6,"(6, 39)",1,-0.08
49,7,"(7, 39)",1,-0.08
49,8,"(8, 39)",1,-0.08
49,9,"(9, 39)",1,-0.08
49,10,"(10, 39)",1,-0.08
49,11,"(11, 39)",0,-0.08
49,12,"(11, 38)",0,-0.08
49,13,"(11, 37)",1,-0.08
49,14,"(12, 37)",1,-0.08
49,15,"(13, 37)",1,-0.08
49,16,"(14, 37)",1,-0.08
49,17,"(15, 37)",0,-0.08
49,18,"(15, 36)",0,-0.08
49,19,"(15, 35)",0,-0.08
49,20,"(15, 34)",0,-0.08
49,21,"(15, 33)",1,-0.08
49,22,"(16, 33)",1,-0.08
49,23,"(17, 33)",1,-0.08
49,24,"(18, 33)",1,-0.08
49,25,"(19, 33)",0,-0.08
49,26,"(19, 32)",0,-0.08
49,27,"(19, 31)",0,-0.08
49,28,"(19, 30)",0,-0.08
49,29,"(19, 29)",1,-0.08
49,30,"(20, 29)",0,-0.08
49,31,"(20, 28)",0,-0.08
49,32,"(20, 27)",1,-0.08
49,33,"(21, 27)",0,-0.08
49,34,"(21, 26)",1,-0.08
49,35,"(22, 26)",0,-0.08
49,36,"(22, 25)",0,-0.08
49,37,"(22, 24)",0,-0.08
49,38,"(22, 23)",1,-0.08
49,39,"(23, 23)",1,-0.08
49,40,"(24, 23)",1,-0.08
49,41,"(25, 23)",0,-0.08
49,42,"(25, 22)",0,-0.08
49,43,"(25, 21)",1,-0.08
49,44,"(26, 21)",1,-0.08
49,45,"(27, 21)",0,-0.08
49,46,"(27, 20)",1,-0.08
49,47,"(28, 20)",0,-0.08
49,48,"(28, 19)",1,-0.08
49,49,"(29, 19)",1,-0.08
49,50,"(30, 19)",1,-0.08
49,51,"(31, 19)",0,-0.08
49,52,"(31, 18)",0,-0.08
49,53,"(31, 17)",1,-0.08
49,54,"(32, 17)",0,-0.08
49,55,"(32, 16)",0,-0.08
49,56,"(32, 15)",0,-0.08
49,57,"(32, 14)",0,-0.08
49,58,"(32, 13)",1,-0.08
49,59,"(33, 13)",1,-0.08
49,60,"(34, 13)",1,-0.08
49,61,"(35, 13)",1,-0.08
49,62,"(36, 13)",1,-0.08
49,63,"(37, 13)",1,-0.08
49,64,"(38, 13)",1,-0.08
49,65,"(39, 13)",1,-0.08
49,66,"(40, 13)",1,-0.08
49,67,"(41, 13)",1,-0.08
49,68,"(42, 13)",1,-0.08
49,69,"(43, 13)",1,-0.08
49,70,"(44, 13)",1,-0.08
49,71,"(45, 13)",0,-0.08
49,72,"(45, 12)",0,-0.08
49,73,"(45, 11)",0,-0.08
49,74,"(45, 10)",1,-0.08
49,75,"(46, 10)",0,-0.08
49,76,"(46, 9)",0,-0.08
49,77,"(46, 8)",0,-0.08
49,78,"(46, 7)",1,-0.08
49,79,"(47, 7)",0,-0.08
49,80,"(47, 6)",1,-0.08
49,81,"(48, 6)",1,-0.08
49,82,"(49, 6)",0,-0.08
49,83,"(49, 5)",1,-0.08
49,84,"(50, 5)",1,-0.08
49,85,"(51, 5)",1,-0.08
49,86,"(52, 5)",1,-0.08
49,87,"(53, 5)",0,-0.08
49,88,"(53, 4)",0,-0.08
49,89,"(53, 3)",1,-0.08
49,90,"(54, 3)",1,-0.08
49,91,"(55, 3)",1,-0.08
49,92,"(56, 3)",1,-0.08
49,93,"(57, 3)",0,-0.08
49,94,"(57, 2)",1,-0.08
49,95,"(58, 2)",1,-0.08
49,96,"(59, 2)",0,-0.08
49,97,"(59, 1)",1,-0.08
49,98,"(60, 1)",1,-0.08
49,99,"(61, 1)",1,-0.08
49,100,"(62, 1)",1,-0.08
49,101,"(63, 1)",1,-0.08
49,102,"(64, 1)",1,-0.08
49,103,"(65, 1)",1,-0.08
49,104,"(66, 1)",1,-0.08
49,105,"(67, 1)",1,-0.08
49,106,"(68, 1)",1,-0.08
49,107,"(69, 1)",1,-0.08
49,108,"(70, 1)",1,-0.08
49,109,"(71, 1)",2,-0.08
49,110,"(71, 2)",2,-0.08
49,111,"(71, 3)",1,-0.08
49,112,"(72, 3)",1,-0.08
49,113,"(73, 3)",0,-0.08
49,114,"(73, 2)",0,-0.08
49,115,"(73, 1)",0,-0.08
49,116,"(73, 0)",1,-0.08
49,117,"(74, 0)",1,-0.08
49,118,"(75, 0)",1,-0.08
49,119,"(76, 0)",1,-0.08
49,120,"(77, 0)",1,-0.08
49,121,"(78, 0)",1,8.33
50,0,"(0, 39)",1,-0.08
50,1,"(1, 39)",1,-0.08
50,2,"(2, 39)",1,-0.08
50,3,"(3, 39)",1,-0.08
50,4,"(4, 39)",1,-0.08
50,5,"(5, 39)",1,-0.08
50,6,"(6, 39)",1,-0.08
50,7,"(7, 39)",1,-0.08
50,8,"(8, 39)",1,-0.08
50,9,"(9, 39)",1,-0.08
50,10,"(10, 39)",1,-0.08
50,11,"(11, 39)",0,-0.08
50,12,"(11, 38)",0,-0.08
50,13,"(11, 37)",1,-0.08
50,14,"(12, 37)",1,-0.08
50,15,"(13, 37)",1,-0.08
50,16,"(14, 37)",1,-0.08
50,17,"(15, 37)",1,-0.08
50,18,"(16, 37)",0,-0.08
50,19,"(16, 36)",1,-0.08
50,20,"(17, 36)",0,-0.08
50,21,"(17, 35)",0,-0.08
50,22,"(17, 34)",0,-0.08
50,23,"(17, 33)",1,-0.08
50,24,"(18, 33)",1,-0.08
50,25,"(19, 33)",0,-0.08
50,26,"(19, 32)",0,-0.08
50,27,"(19, 31)",0,-0.08
50,28,"(19, 30)",0,-0.08
50,29,"(19, 29)",1,-0.08
50,30,"(20, 29)",0,-0.08
50,31,"(20, 28)",0,-0.08
50,32,"(20, 27)",1,-0.08
50,33,"(21, 27)",0,-0.08
50,34,"(21, 26)",0,-0.08
50,35,"(21, 25)",1,-0.08
50,36,"(22, 25)",0,-0.08
50,37,"(22, 24)",0,-0.08
50,38,"(22, 23)",1,-0.08
50,39,"(23, 23)",1,-0.08
50,40,"(24, 23)",1,-0.08
50,41,"(25, 23)",0,-0.08
50,42,"(25, 22)",0,-0.08
50,43,"(25, 21)",0,-0.08
50,44,"(25, 20)",0,-0.08
50,45,"(25, 19)",0,-0.08
50,46,"(25, 18)",1,-0.08
50,47,"(26, 18)",1,-0.08
50,48,"(27, 18)",0,-0.08
50,49,"(27, 17)",1,-0.08
50,50,"(28, 17)",1,-0.08
50,51,"(29, 17)",1,-0.08
50,52,"(30, 17)",1,-0.08
50,53,"(31, 17)",1,-0.08
50,54,"(32, 17)",0,-0.08
50,55,"(32, 16)",0,-0.08
50,56,"(32, 15)",0,-0.08
50,57,"(32, 14)",0,-0.08
50,58,"(32, 13)",1,-0.08
50,59,"(33, 13)",1,-0.08
50,60,"(34, 13)",1,-0.08
50,61,"(35, 13)",1,-0.08
50,62,"(36, 13)",1,-0.08
50,63,"(37, 13)",1,-0.08
50,64,"(38, 13)",1,-0.08
50,65,"(39, 13)",0,-0.08
50,66,"(39, 12)",0,-0.08
50,67,"(39, 11)",1,-0.08
50,68,"(40, 11)",1,-0.08
50,69,"(41, 11)",1,-0.08
50,70,"(42, 11)",1,-0.08
50,71,"(43, 11)",1,-0.08
50,72,"(44, 11)",1,-0.08
50,73,"(45, 11)",0,-0.08
50,74,"(45, 10)",0,-0.08
50,75,"(45, 9)",0,-0.08
50,76,"(45, 8)",1,-0.08
50,77,"(46, 8)",0,-0.08
50,78,"(46, 7)",1,-0.08
50,79,"(47, 7)",0,-0.08
50,80,"(47, 6)",1,-0.08
50,81,"(48, 6)",1,-0.08
50,82,"(49, 6)",0,-0.08
50,83,"(49, 5)",1,-0.08
50,84,"(50, 5)",1,-0.08
50,85,"(51, 5)",0,-0.08
50,86,"(51, 4)",0,-0.08
50,87,"(51, 3)",0,-0.08
50,88,"(51, 2)",1,-0.08
50,89,"(52, 2)",0,-0.08
50,90,"(52, 1)",1,-0.08
50,91,"(53, 1)",1,-0.08
50,92,"(54, 1)",1,-0.08
50,93,"(55, 1)",1,-0.08
50,94,"(56, 1)",1,-0.08
50,95,"(57, 1)",1,-0.08
50,96,"(58, 1)",1,-0.08
50,97,"(59, 1)",1,-0.08
50,98,"(60, 1)",1,-0.08
50,99,"(61, 1)",1,-0.08
50,100,"(62, 1)",1,-0.08
50,101,"(63, 1)",1,-0.08
50,102,"(64, 1)",1,-0.08
50,103,"(65, 1)",1,-0.08
50,104,"(66, 1)",1,-0.08
50,105,"(67, 1)",1,-0.08
50,106,"(68, 1)",1,-0.08
50,107,"(69, 1)",1,-0.08
50,108,"(70, 1)",1,-0.08
50,109,"(71, 1)",2,-0.08
50,110,"(71, 2)",2,-0.08
50,111,"(71, 3)",1,-0.08
50,112,"(72, 3)",1,-0.08
50,113,"(73, 3)",1,-0.08
50,114,"(74, 3)",1,-0.08
50,115,"(75, 3)",1,-0.08
50,116,"(76, 3)",1,-0.08
50,117,"(77, 3)",0,-0.08
50,118,"(77, 2)",0,-0.08
50,119,"(77, 1)",1,-0.08
50,120,"(78, 1)",1,-0.08
50,121,"(79, 1)",0,8.33
51,0,"(0, 39)",1,-0.08
51,1,"(1, 39)",1,-0.08
51,2,"(2, 39)",1,-0.08
51,3,"(3, 39)",1,-0.08
51,4,"(4, 39)",1,-0.08
51,5,"(5, 39)",1,-0.08
51,6,"(6, 39)",1,-0.08
51,7,"(7, 39)",1,-0.08
51,8,"(8, 39)",1,-0.08
51,9,"(9, 39)",1,-0.08
51,10,"(10, 39)",1,-0.08
51,11,"(11, 39)",1,-0.08
51,12,"(12, 39)",1,-0.08
51,13,"(13, 39)",1,-0.08
51,14,"(14, 39)",0,-0.08
51,15,"(14, 38)",0,-0.08
51,16,"(14, 37)",1,-0.08
51,17,"(15, 37)",0,-0.08
51,18,"(15, 36)",1,-0.08
51,19,"(16, 36)",1,-0.08
51,20,"(17, 36)",0,-0.08
51,21,"(17, 35)",1,-0.08
51,22,"(18, 35)",0,-0.08
51,23,"(18, 34)",1,-0.08
51,24,"(19, 34)",0,-0.08
51,25,"(19, 33)",0,-0.08
51,26,"(19, 32)",0,-0.08
51,27,"(19, 31)",0,-0.08
51,28,"(19, 30)",0,-0.08
51,29,"(19, 29)",1,-0.08
51,30,"(20, 29)",0,-0.08
51,31,"(20, 28)",0,-0.08
51,32,"(20, 27)",1,-0.08
51,33,"(21, 27)",0,-0.08
51,34,"(21, 26)",0,-0.08
51,35,"(21, 25)",1,-0.08
51,36,"(22, 25)",1,-0.08
51,37,"(23, 25)",1,-0.08
51,38,"(24, 25)",1,-0.08
51,39,"(25, 25)",0,-0.08
51,40,"(25, 24)",0,-0.08
51,41,"(25, 23)",0,-0.08
51,42,"(25, 22)",0,-0.08
51,43,"(25, 21)",1,-0.08
51,44,"(26, 21)",1,-0.08
51,45,"(27, 21)",0,-0.08
51,46,"(27, 20)",1,-0.08
51,47,"(28, 20)",0,-0.08
51,48,"(28, 19)",1,-0.08
51,49,"(29, 19)",1,-0.08
51,50,"(30, 19)",1,-0.08
51,51,"(31, 19)",0,-0.08
51,52,"(31, 18)",0,-0.08
51,53,"(31, 17)",1,-0.08
51,54,"(32, 17)",0,-0.08
51,55,"(32, 16)",0,-0.08
51,56,"(32, 15)",0,-0.08
51,57,"(32, 14)",0,-0.08
51,58,"(32, 13)",1,-0.08
51,59,"(33, 13)",1,-0.08
51,60,"(34, 13)",1,-0.08
51,61,"(35, 13)",1,-0.08
51,62,"(36, 13)",1,-0.08
51,63,"(37, 13)",1,-0.08
51,64,"(38, 13)",1,-0.08
51,65,"(39, 13)",0,-0.08
51,66,"(39, 12)",0,-0.08
51,67,"(39, 11)",1,-0.08
51,68,"(40, 11)",1,-0.08
51,69,"(41, 11)",1,-0.08
51,70,"(42, 11)",1,-0.08
51,71,"(43, 11)",1,-0.08
51,72,"(44, 11)",1,-0.08
51,73,"(45, 11)",0,-0.08
51,74,"(45, 10)",0,-0.08
51,75,"(45, 9)",1,-0.08
51,76,"(46, 9)",0,-0.08
51,77,"(46, 8)",0,-0.08
51,78,"(46, 7)",0,-0.08
51,79,"(46, 6)",1,-0.08
51,80,"(47, 6)",1,-0.08
51,81,"(48, 6)",1,-0.08
51,82,"(49, 6)",0,-0.08
51,83,"(49, 5)",1,-0.08
51,84,"(50, 5)",1,-0.08
51,85,"(51, 5)",0,-0.08
51,86,"(51, 4)",0,-0.08
51,87,"(51, 3)",0,-0.08
51,88,"(51, 2)",1,-0.08
51,89,"(52, 2)",0,-0.08
51,90,"(52, 1)",1,-0.08
51,91,"(53, 1)",1,-0.08
51,92,"(54, 1)",1,-0.08
51,93,"(55, 1)",1,-0.08
51,94,"(56, 1)",1,-0.08
51,95,"(57, 1)",1,-0.08
51,96,"(58, 1)",1,-0.08
51,97,"(59, 1)",1,-0.08
51,98,"(60, 1)",1,-0.08
51,99,"(61, 1)",1,-0.08
51,100,"(62, 1)",1,-0.08
51,101,"(63, 1)",1,-0.08
51,102,"(64, 1)",1,-0.08
51,103,"(65, 1)",1,-0.08
51,104,"(66, 1)",1,-0.08
51,105,"(67, 1)",1,-0.08
51,106,"(68, 1)",1,-0.08
51,107,"(69, 1)",1,-0.08
51,108,"(70, 1)",1,-0.08
51,109,"(71, 1)",2,-0.08
51,110,"(71, 2)",2,-0.08
51,111,"(71, 3)",1,-0.08
51,112,"(72, 3)",1,-0.08
51,113,"(73, 3)",1,-0.08
51,114,"(74, 3)",1,-0.08
51,115,"(75, 3)",1,-0.08
51,116,"(76, 3)",1,-0.08
51,117,"(77, 3)",0,-0.08
51,118,"(77, 2)",0,-0.08
51,119,"(77, 1)",0,-0.08
51,120,"(77, 0)",1,-0.08
51,121,"(78, 0)",1,8.33
52,0,"(0, 39)",1,-0.08
52,1,"(1, 39)",1,-0.08
52,2,"(2, 39)",1,-0.08
52,3,"(3, 39)",1,-0.08
52,4,"(4, 39)",1,-0.08
52,5,"(5, 39)",1,-0.08
52,6,"(6, 39)",1,-0.08
52,7,"(7, 39)",1,-0.08
52,8,"(8, 39)",1,-0.08
52,9,"(9, 39)",1,-0.08
52,10,"(10, 39)",1,-0.08
52,11,"(11, 39)",1,-0.08
52,12,"(12, 39)",1,-0.08
52,13,"(13, 39)",1,-0.08
52,14,"(14, 39)",0,-0.08
52,15,"(14, 38)",0,-0.08
52,16,"(14, 37)",1,-0.08
52,17,"(15, 37)",0,-0.08
52,18,"(15, 36)",1,-0.08
52,19,"(16, 36)",1,-0.08
52,20,"(17, 36)",0,-0.08
52,21,"(17, 35)",0,-0.08
52,22,"(17, 34)",1,-0.08
52,23,"(18, 34)",1,-0.08
52,24,"(19, 34)",0,-0.08
52,25,"(19, 33)",0,-0.08
52,26,"(19, 32)",0,-0.08
52,27,"(19, 31)",0,-0.08
52,28,"(19, 30)",0,-0.08
52,29,"(19, 29)",1,-0.08
52,30,"(20, 29)",0,-0.08
52,31,"(20, 28)",0,-0.08
52,32,"(20, 27)",1,-0.08
52,33,"(21, 27)",0,-0.08
52,34,"(21, 26)",1,-0.08
52,35,"(22, 26)",0,-0.08
52,36,"(22, 25)",0,-0.08
52,37,"(22, 24)",0,-0.08
52,38,"(22, 23)",1,-0.08
52,39,"(23, 23)",1,-0.08
52,40,"(24, 23)",1,-0.08
52,41,"(25, 23)",0,-0.08
52,42,"(25, 22)",0,-0.08
52,43,"(25, 21)",1,-0.08
52,44,"(26, 21)",1,-0.08
52,45,"(27, 21)",0,-0.08
52,46,"(27, 20)",0,-0.08
52,47,"(27, 19)",0,-0.08
52,48,"(27, 18)",0,-0.08
52,49,"(27, 17)",1,-0.08
52,50,"(28, 17)",1,-0.08
52,51,"(29, 17)",0,-0.08
52,52,"(29, 16)",0,-0.08
52,53,"(29, 15)",1,-0.08
52,54,"(30, 15)",1,-0.08
52,55,"(31, 15)",1,-0.08
52,56,"(32, 15)",0,-0.08
52,57,"(32, 14)",0,-0.08
52,58,"(32, 13)",1,-0.08
52,59,"(33, 13)",1,-0.08
52,60,"(34, 13)",1,-0.08
52,61,"(35, 13)",1,-0.08
52,62,"(36, 13)",1,-0.08
52,63,"(37, 13)",1,-0.08
52,64,"(38, 13)",1,-0.08
52,65,"(39, 13)",0,-0.08
52,66,"(39, 12)",0,-0.08
52,67,"(39, 11)",1,-0.08
52,68,"(40, 11)",1,-0.08
52,69,"(41, 11)",1,-0.08
52,70,"(42, 11)",1,-0.08
52,71,"(43, 11)",1,-0.08
52,72,"(44, 11)",1,-0.08
52,73,"(45, 11)",0,-0.08
52,74,"(45, 10)",1,-0.08
52,75,"(46, 10)",0,-0.08
52,76,"(46, 9)",0,-0.08
52,77,"(46, 8)",0,-0.08
52,78,"(46, 7)",1,-0.08
52,79,"(47, 7)",0,-0.08
52,80,"(47, 6)",1,-0.08
52,81,"(48, 6)",1,-0.08
52,82,"(49, 6)",0,-0.08
52,83,"(49, 5)",1,-0.08
52,84,"(50, 5)",1,-0.08
52,85,"(51, 5)",1,-0.08
52,86,"(52, 5)",1,-0.08
52,87,"(53, 5)",0,-0.08
52,88,"(53, 4)",0,-0.08
52,89,"(53, 3)",0,-0.08
52,90,"(53, 2)",0,-0.08
52,91,"(53, 1)",1,-0.08
52,92,"(54, 1)",1,-0.08
52,93,"(55, 1)",1,-0.08
52,94,"(56, 1)",1,-0.08
52,95,"(57, 1)",1,-0.08
52,96,"(58, 1)",1,-0.08
52,97,"(59, 1)",1,-0.08
52,98,"(60, 1)",1,-0.08
52,99,"(61, 1)",1,-0.08
52,100,"(62, 1)",1,-0.08
52,101,"(63, 1)",1,-0.08
52,102,"(64, 1)",1,-0.08
52,103,"(65, 1)",1,-0.08
52,104,"(66, 1)",1,-0.08
52,105,"(67, 1)",1,-0.08
52,106,"(68, 1)",1,-0.08
52,107,"(69, 1)",1,-0.08
52,108,"(70, 1)",1,-0.08
52,109,"(71, 1)",2,-0.08
52,110,"(71, 2)",2,-0.08
52,111,"(71, 3)",1,-0.08
52,112,"(72, 3)",1,-0.08
52,113,"(73, 3)",0,-0.08
52,114,"(73, 2)",0,-0.08
52,115,"(73, 1)",0,-0.08
52,116,"(73, 0)",1,-0.08
52,117,"(74, 0)",1,-0.08
52,118,"(75, 0)",1,-0.08
52,119,"(76, 0)",1,-0.08
52,120,"(77, 0)",1,-0.08
52,121,"(78, 0)",1,8.33
53,0,"(0, 39)",1,-0.08
53,1,"(1, 39)",1,-0.08
53,2,"(2, 39)",1,-0.08
53,3,"(3, 39)",1,-0.08
53,4,"(4, 39)",1,-0.08
53,5,"(5, 39)",1,-0.08
53,6,"(6, 39)",1,-0.08
53,7,"(7, 39)",1,-0.08
53,8,"(8, 39)",1,-0.08
53,9,"(9, 39)",1,-0.08
53,10,"(10, 39)",0,-0.08
53,11,"(10, 38)",0,-0.08
53,12,"(10, 37)",1,-0.08
53,13,"(11, 37)",1,-0.08
53,14,"(12, 37)",1,-0.08
53,15,"(13, 37)",1,-0.08
53,16,"(14, 37)",1,-0.08
53,17,"(15, 37)",1,-0.08
53,18,"(16, 37)",1,-0.08
53,19,"(17, 37)",0,-0.08
53,20,"(17, 36)",0,-0.08
53,21,"(17, 35)",0,-0.08
53,22,"(17, 34)",0,-0.08
53,23,"(17, 33)",1,-0.08
53,24,"(18, 33)",1,-0.08
53,25,"(19, 33)",0,-0.08
53,26,"(19, 32)",0,-0.08
53,27,"(19, 31)",0,-0.08
53,28,"(19, 30)",0,-0.08
53,29,"(19, 29)",1,-0.08
53,30,"(20, 29)",0,-0.08
53,31,"(20, 28)",0,-0.08
53,32,"(20, 27)",1,-0.08
53,33,"(21, 27)",0,-0.08
53,34,"(21, 26)",0,-0.08
53,35,"(21, 25)",1,-0.08
53,36,"(22, 25)",0,-0.08
53,37,"(22, 24)",0,-0.08
53,38,"(22, 23)",1,-0.08
53,39,"(23, 23)",1,-0.08
53,40,"(24, 23)",1,-0.08
53,41,"(25, 23)",0,-0.08
53,42,"(25, 22)",0,-0.08
53,43,"(25, 21)",1,-0.08
53,44,"(26, 21)",1,-0.08
53,45,"(27, 21)",0,-0.08
53,46,"(27, 20)",1,-0.08
53,47,"(28, 20)",0,-0.08
53,48,"(28, 19)",1,-0.08
53,49,"(29, 19)",1,-0.08
53,50,"(30, 19)",1,-0.08
53,51,"(31, 19)",1,-0.08
53,52,"(32, 19)",0,-0.08
53,53,"(32, 18)",0,-0.08
53,54,"(32, 17)",1,-0.08
53,55,"(33, 17)",1,-0.08
53,56,"(34, 17)",1,-0.08
53,57,"(35, 17)",1,-0.08
53,58,"(36, 17)",1,-0.08
53,59,"(37, 17)",0,-0.08
53,60,"(37, 16)",0,-0.08
53,61,"(37, 15)",1,-0.08
53,62,"(38, 15)",1,-0.08
53,63,"(39, 15)",1,-0.08
53,64,"(40, 15)",0,-0.08
53,65,"(40, 14)",1,-0.08
53,66,"(41, 14)",0,-0.08
53,67,"(41, 13)",1,-0.08
53,68,"(42, 13)",1,-0.08
53,69,"(43, 13)",0,-0.08
53,70,"(43, 12)",0,-0.08
53,71,"(43, 11)",1,-0.08
53,72,"(44, 11)",1,-0.08
53,73,"(45, 11)",0,-0.08
53,74,"(45, 10)",0,-0.08
53,75,"(45, 9)",1,-0.08
53,76,"(46, 9)",0,-0.08
53,77,"(46, 8)",0,-0.08
53,78,"(46, 7)",0,-0.08
53,79,"(46, 6)",1,-0.08
53,80,"(47, 6)",1,-0.08
53,81,"(48, 6)",1,-0.08
53,82,"(49, 6)",0,-0.08
53,83,"(49, 5)",1,-0.08
53,84,"(50, 5)",1,-0.08
53,85,"(51, 5)",0,-0.08
53,86,"(51, 4)",0,-0.08
53,87,"(51, 3)",0,-0.08
53,88,"(51, 2)",1,-0.08
53,89,"(52, 2)",0,-0.08
53,90,"(52, 1)",1,-0.08
53,91,"(53, 1)",1,-0.08
53,92,"(54, 1)",1,-0.08
53,93,"(55, 1)",1,-0.08
53,94,"(56, 1)",1,-0.08
53,95,"(57, 1)",1,-0.08
53,96,"(58, 1)",1,-0.08
53,97,"(59, 1)",1,-0.08
53,98,"(60, 1)",1,-0.08
53,99,"(61, 1)",1,-0.08
53,100,"(62, 1)",1,-0.08
53,101,"(63, 1)",1,-0.08
53,102,"(64, 1)",1,-0.08
53,103,"(65, 1)",1,-0.08
53,104,"(66, 1)",1,-0.08
53,105,"(67, 1)",1,-0.08
53,106,"(68, 1)",1,-0.08
53,107,"(69, 1)",1,-0.08
53,108,"(70, 1)",1,-0.08
53,109,"(71, 1)",2,-0.08
53,110,"(71, 2)",2,-0.08
53,111,"(71, 3)",1,-0.08
53,112,"(72, 3)",1,-0.08
53,113,"(73, 3)",1,-0.08
53,114,"(74, 3)",1,-0.08
53,115,"(75, 3)",1,-0.08
53,116,"(76, 3)",1,-0.08
53,117,"(77, 3)",0,-0.08
53,118,"(77, 2)",0,-0.08
53,119,"(77, 1)",0,-0.08
53,120,"(77, 0)",1,-0.08
53,121,"(78, 0)",1,8.33
54,0,"(0, 39)",1,-0.08
54,1,"(1, 39)",1,-0.08
54,2,"(2, 39)",1,-0.08
54,3,"(3, 39)",1,-0.08
54,4,"(4, 39)",1,-0.08
54,5,"(5, 39)",1,-0.08
54,6,"(6, 39)",1,-0.08
54,7,"(7, 39)",1,-0.08
54,8,"(8, 39)",1,-0.08
54,9,"(9, 39)",1,-0.08
54,10,"(10, 39)",1,-0.08
54,11,"(11, 39)",1,-0.08
54,12,"(12, 39)",1,-0.08
54,13,"(13, 39)",1,-0.08
54,14,"(14, 39)",0,-0.08
54,15,"(14, 38)",0,-0.08
54,16,"(14, 37)",1,-0.08
54,17,"(15, 37)",0,-0.08
54,18,"(15, 36)",0,-0.08
54,19,"(15, 35)",0,-0.08
54,20,"(15, 34)",0,-0.08
54,21,"(15, 33)",1,-0.08
54,22,"(16, 33)",1,-0.08
54,23,"(17, 33)",1,-0.08
54,24,"(18, 33)",1,-0.08
54,25,"(19, 33)",0,-0.08
54,26,"(19, 32)",0,-0.08
54,27,"(19, 31)",0,-0.08
54,28,"(19, 30)",0,-0.08
54,29,"(19, 29)",1,-0.08
54,30,"(20, 29)",0,-0.08
54,31,"(20, 28)",0,-0.08
54,32,"(20, 27)",1,-0.08
54,33,"(21, 27)",0,-0.08
54,34,"(21, 26)",0,-0.08
54,35,"(21, 25)",1,-0.08
54,36,"(22, 25)",0,-0.08
54,37,"(22, 24)",0,-0.08
54,38,"(22, 23)",1,-0.08
54,39,"(23, 23)",1,-0.08
54,40,"(24, 23)",1,-0.08
54,41,"(25, 23)",0,-0.08
54,42,"(25, 22)",0,-0.08
54,43,"(25, 21)",0,-0.08
54,44,"(25, 20)",0,-0.08
54,45,"(25, 19)",1,-0.08
54,46,"(26, 19)",0,-0.08
54,47,"(26, 18)",1,-0.08
54,48,"(27, 18)",0,-0.08
54,49,"(27, 17)",1,-0.08
54,50,"(28, 17)",1,-0.08
54,51,"(29, 17)",1,-0.08
54,52,"(30, 17)",1,-0.08
54,53,"(31, 17)",1,-0.08
54,54,"(32, 17)",0,-0.08
54,55,"(32, 16)",0,-0.08
54,56,"(32, 15)",0,-0.08
54,57,"(32, 14)",0,-0.08
54,58,"(32, 13)",1,-0.08
54,59,"(33, 13)",1,-0.08
54,60,"(34, 13)",1,-0.08
54,61,"(35, 13)",1,-0.08
54,62,"(36, 13)",1,-0.08
54,63,"(37, 13)",1,-0.08
54,64,"(38, 13)",1,-0.08
54,65,"(39, 13)",1,-0.08
54,66,"(40, 13)",1,-0.08
54,67,"(41, 13)",0,-0.08
54,68,"(41, 12)",0,-0.08
54,69,"(41, 11)",1,-0.08
54,70,"(42, 11)",1,-0.08
54,71,"(43, 11)",1,-0.08
54,72,"(44, 11)",1,-0.08
54,73,"(45, 11)",0,-0.08
54,74,"(45, 10)",1,-0.08
54,75,"(46, 10)",0,-0.08
54,76,"(46, 9)",0,-0.08
54,77,"(46, 8)",0,-0.08
54,78,"(46, 7)",0,-0.08
54,79,"(46, 6)",1,-0.08
54,80,"(47, 6)",1,-0.08
54,81,"(48, 6)",1,-0.08
54,82,"(49, 6)",0,-0.08
54,83,"(49, 5)",1,-0.08
54,84,"(50, 5)",1,-0.08
54,85,"(51, 5)",0,-0.08
54,86,"(51, 4)",0,-0.08
54,87,"(51, 3)",0,-0.08
54,88,"(51, 2)",0,-0.08
54,89,"(51, 1)",1,-0.08
54,90,"(52, 1)",1,-0.08
54,91,"(53, 1)",1,-0.08
54,92,"(54, 1)",1,-0.08
54,93,"(55, 1)",1,-0.08
54,94,"(56, 1)",1,-0.08
54,95,"(57, 1)",1,-0.08
54,96,"(58, 1)",1,-0.08
54,97,"(59, 1)",1,-0.08
54,98,"(60, 1)",1,-0.08
54,99,"(61, 1)",1,-0.08
54,100,"(62, 1)",1,-0.08
54,101,"(63, 1)",1,-0.08
54,102,"(64, 1)",1,-0.08
54,103,"(65, 1)",1,-0.08
54,104,"(66, 1)",1,-0.08
54,105,"(67, 1)",1,-0.08
54,106,"(68, 1)",1,-0.08
54,107,"(69, 1)",1,-0.08
54,108,"(70, 1)",1,-0.08
54,109,"(71, 1)",2,-0.08
54,110,"(71, 2)",2,-0.08
54,111,"(71, 3)",1,-0.08
54,112,"(72, 3)",1,-0.08
54,113,"(73, 3)",1,-0.08
54,114,"(74, 3)",1,-0.08
54,115,"(75, 3)",1,-0.08
54,116,"(76, 3)",1,-0.08
54,117,"(77, 3)",0,-0.08
54,118,"(77, 2)",0,-0.08
54,119,"(77, 1)",1,-0.08
54,120,"(78, 1)",1,-0.08
54,121,"(79, 1)",0,8.33
55,0,"(0, 39)",1,-0.08
55,1,"(1, 39)",1,-0.08
55,2,"(2, 39)",1,-0.08
55,3,"(3, 39)",1,-0.08
55,4,"(4, 39)",1,-0.08
55,5,"(5, 39)",1,-0.08
55,6,"(6, 39)",1,-0.08
55,7,"(7, 39)",1,-0.08
55,8,"(8, 39)",1,-0.08
55,9,"(9, 39)",1,-0.08
55,10,"(10, 39)",1,-0.08
55,11,"(11, 39)",1,-0.08
55,12,"(12, 39)",1,-0.08
55,13,"(13, 39)",1,-0.08
55,14,"(14, 39)",0,-0.08
55,15,"(14, 38)",0,-0.08
55,16,"(14, 37)",1,-0.08
55,17,"(15, 37)",0,-0.08
55,18,"(15, 36)",0,-0.08
55,19,"(15, 35)",0,-0.08
55,20,"(15, 34)",0,-0.08
55,21,"(15, 33)",1,-0.08
55,22,"(16, 33)",1,-0.08
55,23,"(17, 33)",1,-0.08
55,24,"(18, 33)",1,-0.08
55,25,"(19, 33)",0,-0.08
55,26,"(19, 32)",0,-0.08
55,27,"(19, 31)",0,-0.08
55,28,"(19, 30)",0,-0.08
55,29,"(19, 29)",1,-0.08
55,30,"(20, 29)",0,-0.08
55,31,"(20, 28)",0,-0.08
55,32,"(20, 27)",1,-0.08
55,33,"(21, 27)",0,-0.08
55,34,"(21, 26)",0,-0.08
55,35,"(21, 25)",1,-0.08
55,36,"(22, 25)",0,-0.08
55,37,"(22, 24)",0,-0.08
55,38,"(22, 23)",1,-0.08
55,39,"(23, 23)",1,-0.08
55,40,"(24, 23)",1,-0.08
55,41,"(25, 23)",0,-0.08
55,42,"(25, 22)",0,-0.08
55,43,"(25, 21)",1,-0.08
55,44,"(26, 21)",1,-0.08
55,45,"(27, 21)",0,-0.08
55,46,"(27, 20)",1,-0.08
55,47,"(28, 20)",0,-0.08
55,48,"(28, 19)",1,-0.08
55,49,"(29, 19)",1,-0.08
55,50,"(30, 19)",1,-0.08
55,51,"(31, 19)",0,-0.08
55,52,"(31, 18)",1,-0.08
55,53,"(32, 18)",0,-0.08
55,54,"(32, 17)",1,-0.08
55,55,"(33, 17)",1,-0.08
55,56,"(34, 17)",1,-0.08
55,57,"(35, 17)",0,-0.08
55,58,"(35, 16)",0,-0.08
55,59,"(35, 15)",0,-0.08
55,60,"(35, 14)",0,-0.08
55,61,"(35, 13)",1,-0.08
55,62,"(36, 13)",1,-0.08
55,63,"(37, 13)",1,-0.08
55,64,"(38, 13)",1,-0.08
55,65,"(39, 13)",1,-0.08
55,66,"(40, 13)",1,-0.08
55,67,"(41, 13)",1,-0.08
55,68,"(42, 13)",1,-0.08
55,69,"(43, 13)",1,-0.08
55,70,"(44, 13)",1,-0.08
55,71,"(45, 13)",0,-0.08
55,72,"(45, 12)",0,-0.08
55,73,"(45, 11)",0,-0.08
55,74,"(45, 10)",0,-0.08
55,75,"(45, 9)",1,-0.08
55,76,"(46, 9)",0,-0.08
55,77,"(46, 8)",0,-0.08
55,78,"(46, 7)",1,-0.08
55,79,"(47, 7)",0,-0.08
55,80,"(47, 6)",1,-0.08
55,81,"(48, 6)",1,-0.08
55,82,"(49, 6)",0,-0.08
55,83,"(49, 5)",1,-0.08
55,84,"(50, 5)",1,-0.08
55,85,"(51, 5)",1,-0.08
55,86,"(52, 5)",1,-0.08
55,87,"(53, 5)",0,-0.08
55,88,"(53, 4)",0,-0.08
55,89,"(53, 3)",0,-0.08
55,90,"(53, 2)",0,-0.08
55,91,"(53, 1)",1,-0.08
55,92,"(54, 1)",1,-0.08
55,93,"(55, 1)",1,-0.08
55,94,"(56, 1)",1,-0.08
55,95,"(57, 1)",1,-0.08
55,96,"(58, 1)",1,-0.08
55,97,"(59, 1)",1,-0.08
55,98,"(60, 1)",1,-0.08
55,99,"(61, 1)",1,-0.08
55,100,"(62, 1)",1,-0.08
55,101,"(63, 1)",1,-0.08
55,102,"(64, 1)",1,-0.08
55,103,"(65, 1)",1,-0.08
55,104,"(66, 1)",1,-0.08
55,105,"(67, 1)",1,-0.08
55,106,"(68, 1)",1,-0.08
55,107,"(69, 1)",1,-0.08
55,108,"(70, 1)",1,-0.08
55,109,"(71, 1)",2,-0.08
55,110,"(71, 2)",2,-0.08
55,111,"(71, 3)",1,-0.08
55,112,"(72, 3)",1,-0.08
55,113,"(73, 3)",0,-0.08
55,114,"(73, 2)",0,-0.08
55,115,"(73, 1)",0,-0.08
55,116,"(73, 0)",1,-0.08
55,117,"(74, 0)",1,-0.08
55,118,"(75, 0)",1,-0.08
55,119,"(76, 0)",1,-0.08
55,120,"(77, 0)",1,-0.08
55,121,"(78, 0)",1,8.33
56,0,"(0, 39)",1,-0.08
56,1,"(1, 39)",1,-0.08
56,2,"(2, 39)",1,-0.08
56,3,"(3, 39)",1,-0.08
56,4,"(4, 39)",1,-0.08
56,5,"(5, 39)",1,-0.08
56,6,"(6, 39)",1,-0.08
56,7,"(7, 39)",1,-0.08
56,8,"(8, 39)",1,-0.08
56,9,"(9, 39)",1,-0.08
56,10,"(10, 39)",1,-0.08
56,11,"(11, 39)",1,-0.08
56,12,"(12, 39)",1,-0.08
56,13,"(13, 39)",1,-0.08
56,14,"(14, 39)",0,-0.08
56,15,"(14, 38)",0,-0.08
56,16,"(14, 37)",1,-0.08
56,17,"(15, 37)",0,-0.08
56,18,"(15, 36)",0,-0.08
56,19,"(15, 35)",0,-0.08
56,20,"(15, 34)",0,-0.08
56,21,"(15, 33)",1,-0.08
56,22,"(16, 33)",1,-0.08
56,23,"(17, 33)",1,-0.08
56,24,"(18, 33)",1,-0.08
56,25,"(19, 33)",0,-0.08
56,26,"(19, 32)",0,-0.08
56,27,"(19, 31)",0,-0.08
56,28,"(19, 30)",0,-0.08
56,29,"(19, 29)",1,-0.08
56,30,"(20, 29)",0,-0.08
56,31,"(20, 28)",0,-0.08
56,32,"(20, 27)",1,-0.08
56,33,"(21, 27)",0,-0.08
56,34,"(21, 26)",0,-0.08
56,35,"(21, 25)",1,-0.08
56,36,"(22, 25)",1,-0.08
56,37,"(23, 25)",1,-0.08
56,38,"(24, 25)",1,-0.08
56,39,"(25, 25)",0,-0.08
56,40,"(25, 24)",0,-0.08
56,41,"(25, 23)",0,-0.08
56,42,"(25, 22)",0,-0.08
56,43,"(25, 21)",0,-0.08
56,44,"(25, 20)",0,-0.08
56,45,"(25, 19)",1,-0.08
56,46,"(26, 19)",0,-0.08
56,47,"(26, 18)",1,-0.08
56,48,"(27, 18)",0,-0.08
56,49,"(27, 17)",1,-0.08
56,50,"(28, 17)",1,-0.08
56,51,"(29, 17)",1,-0.08
56,52,"(30, 17)",1,-0.08
56,53,"(31, 17)",1,-0.08
56,54,"(32, 17)",1,-0.08
56,55,"(33, 17)",1,-0.08
56,56,"(34, 17)",1,-0.08
56,57,"(35, 17)",1,-0.08
56,58,"(36, 17)",1,-0.08
56,59,"(37, 17)",0,-0.08
56,60,"(37, 16)",0,-0.08
56,61,"(37, 15)",0,-0.08
56,62,"(37, 14)",0,-0.08
56,63,"(37, 13)",1,-0.08
56,64,"(38, 13)",1,-0.08
56,65,"(39, 13)",1,-0.08
56,66,"(40, 13)",1,-0.08
56,67,"(41, 13)",1,-0.08
56,68,"(42, 13)",1,-0.08
56,69,"(43, 13)",0,-0.08
56,70,"(43, 12)",0,-0.08
56,71,"(43, 11)",1,-0.08
56,72,"(44, 11)",1,-0.08
56,73,"(45, 11)",0,-0.08
56,74,"(45, 10)",0,-0.08
56,75,"(45, 9)",1,-0.08
56,76,"(46, 9)",0,-0.08
56,77,"(46, 8)",0,-0.08
56,78,"(46, 7)",1,-0.08
56,79,"(47, 7)",0,-0.08
56,80,"(47, 6)",1,-0.08
56,81,"(48, 6)",1,-0.08
56,82,"(49, 6)",0,-0.08
56,83,"(49, 5)",1,-0.08
56,84,"(50, 5)",1,-0.08
56,85,"(51, 5)",0,-0.08
56,86,"(51, 4)",0,-0.08
56,87,"(51, 3)",0,-0.08
56,88,"(51, 2)",1,-0.08
56,89,"(52, 2)",0,-0.08
56,90,"(52, 1)",1,-0.08
56,91,"(53, 1)",1,-0.08
56,92,"(54, 1)",1,-0.08
56,93,"(55, 1)",1,-0.08
56,94,"(56, 1)",1,-0.08
56,95,"(57, 1)",1,-0.08
56,96,"(58, 1)",1,-0.08
56,97,"(59, 1)",1,-0.08
56,98,"(60, 1)",1,-0.08
56,99,"(61, 1)",1,-0.08
56,100,"(62, 1)",1,-0.08
56,101,"(63, 1)",1,-0.08
56,102,"(64, 1)",1,-0.08
56,103,"(65, 1)",1,-0.08
56,104,"(66, 1)",1,-0.08
56,105,"(67, 1)",1,-0.08
56,106,"(68, 1)",1,-0.08
56,107,"(69, 1)",1,-0.08
56,108,"(70, 1)",1,-0.08
56,109,"(71, 1)",2,-0.08
56,110,"(71, 2)",2,-0.08
56,111,"(71, 3)",1,-0.08
56,112,"(72, 3)",1,-0.08
56,113,"(73, 3)",0,-0.08
56,114,"(73, 2)",0,-0.08
56,115,"(73, 1)",1,-0.08
56,116,"(74, 1)",1,-0.08
56,117,"(75, 1)",1,-0.08
56,118,"(76, 1)",0,-0.08
56,119,"(76, 0)",1,-0.08
56,120,"(77, 0)",1,-0.08
56,121,"(78, 0)",1,8.33
57,0,"(0, 39)",1,-0.08
57,1,"(1, 39)",1,-0.08
57,2,"(2, 39)",1,-0.08
57,3,"(3, 39)",1,-0.08
57,4,"(4, 39)",1,-0.08
57,5,"(5, 39)",1,-0.08
57,6,"(6, 39)",1,-0.08
57,7,"(7, 39)",1,-0.08
57,8,"(8, 39)",1,-0.08
57,9,"(9, 39)",1,-0.08
57,10,"(10, 39)",1,-0.08
57,11,"(11, 39)",1,-0.08
57,12,"(12, 39)",1,-0.08
57,13,"(13, 39)",1,-0.08
57,14,"(14, 39)",0,-0.08
57,15,"(14, 38)",0,-0.08
57,16,"(14, 37)",1,-0.08
57,17,"(15, 37)",0,-0.08
57,18,"(15, 36)",1,-0.08
57,19,"(16, 36)",1,-0.08
57,20,"(17, 36)",0,-0.08
57,21,"(17, 35)",0,-0.08
57,22,"(17, 34)",0,-0.08
57,23,"(17, 33)",1,-0.08
57,24,"(18, 33)",1,-0.08
57,25,"(19, 33)",0,-0.08
57,26,"(19, 32)",0,-0.08
57,27,"(19, 31)",0,-0.08
57,28,"(19, 30)",0,-0.08
57,29,"(19, 29)",1,-0.08
57,30,"(20, 29)",0,-0.08
57,31,"(20, 28)",0,-0.08
57,32,"(20, 27)",1,-0.08
57,33,"(21, 27)",0,-0.08
57,34,"(21, 26)",0,-0.08
57,35,"(21, 25)",1,-0.08
57,36,"(22, 25)",0,-0.08
57,37,"(22, 24)",0,-0.08
57,38,"(22, 23)",1,-0.08
57,39,"(23, 23)",1,-0.08
57,40,"(24, 23)",1,-0.08
57,41,"(25, 23)",0,-0.08
57,42,"(25, 22)",0,-0.08
57,43,"(25, 21)",0,-0.08
57,44,"(25, 20)",0,-0.08
57,45,"(25, 19)",1,-0.08
57,46,"(26, 19)",1,-0.08
57,47,"(27, 19)",0,-0.08
57,48,"(27, 18)",0,-0.08
57,49,"(27, 17)",0,-0.08
57,50,"(27, 16)",1,-0.08
57,51,"(28, 16)",1,-0.08
57,52,"(29, 16)",0,-0.08
57,53,"(29, 15)",1,-0.08
57,54,"(30, 15)",1,-0.08
57,55,"(31, 15)",1,-0.08
57,56,"(32, 15)",0,-0.08
57,57,"(32, 14)",0,-0.08
57,58,"(32, 13)",1,-0.08
57,59,"(33, 13)",1,-0.08
57,60,"(34, 13)",1,-0.08
57,61,"(35, 13)",1,-0.08
57,62,"(36, 13)",1,-0.08
57,63,"(37, 13)",1,-0.08
57,64,"(38, 13)",1,-0.08
57,65,"(39, 13)",0,-0.08
57,66,"(39, 12)",0,-0.08
57,67,"(39, 11)",1,-0.08
57,68,"(40, 11)",1,-0.08
57,69,"(41, 11)",1,-0.08
57,70,"(42, 11)",1,-0.08
57,71,"(43, 11)",1,-0.08
57,72,"(44, 11)",1,-0.08
57,73,"(45, 11)",0,-0.08
57,74,"(45, 10)",0,-0.08
57,75,"(45, 9)",1,-0.08
57,76,"(46, 9)",0,-0.08
57,77,"(46, 8)",0,-0.08
57,78,"(46, 7)",1,-0.08
57,79,"(47, 7)",0,-0.08
57,80,"(47, 6)",1,-0.08
57,81,"(48, 6)",1,-0.08
57,82,"(49, 6)",0,-0.08
57,83,"(49, 5)",1,-0.08
57,84,"(50, 5)",1,-0.08
57,85,"(51, 5)",1,-0.08
57,86,"(52, 5)",1,-0.08
57,87,"(53, 5)",0,-0.08
57,88,"(53, 4)",0,-0.08
57,89,"(53, 3)",0,-0.08
57,90,"(53, 2)",0,-0.08
57,91,"(53, 1)",1,-0.08
57,92,"(54, 1)",1,-0.08
57,93,"(55, 1)",1,-0.08
57,94,"(56, 1)",1,-0.08
57,95,"(57, 1)",1,-0.08
57,96,"(58, 1)",1,-0.08
57,97,"(59, 1)",1,-0.08
57,98,"(60, 1)",1,-0.08
57,99,"(61, 1)",1,-0.08
57,100,"(62, 1)",1,-0.08
57,101,"(63, 1)",1,-0.08
57,102,"(64, 1)",1,-0.08
57,103,"(65, 1)",1,-0.08
57,104,"(66, 1)",1,-0.08
57,105,"(67, 1)",1,-0.08
57,106,"(68, 1)",1,-0.08
57,107,"(69, 1)",1,-0.08
57,108,"(70, 1)",1,-0.08
57,109,"(71, 1)",2,-0.08
57,110,"(71, 2)",2,-0.08
57,111,"(71, 3)",1,-0.08
57,112,"(72, 3)",1,-0.08
57,113,"(73, 3)",0,-0.08
57,114,"(73, 2)",0,-0.08
57,115,"(73, 1)",0,-0.08
57,116,"(73, 0)",1,-0.08
57,117,"(74, 0)",1,-0.08
57,118,"(75, 0)",1,-0.08
57,119,"(76, 0)",1,-0.08
57,120,"(77, 0)",1,-0.08
57,121,"(78, 0)",1,8.33
58,0,"(0, 39)",1,-0.08
58,1,"(1, 39)",1,-0.08
58,2,"(2, 39)",1,-0.08
58,3,"(3, 39)",1,-0.08
58,4,"(4, 39)",1,-0.08
58,5,"(5, 39)",1,-0.08
58,6,"(6, 39)",1,-0.08
58,7,"(7, 39)",1,-0.08
58,8,"(8, 39)",1,-0.08
58,9,"(9, 39)",1,-0.08
58,10,"(10, 39)",0,-0.08
58,11,"(10, 38)",0,-0.08
58,12,"(10, 37)",1,-0.08
58,13,"(11, 37)",1,-0.08
58,14,"(12, 37)",1,-0.08
58,15,"(13, 37)",1,-0.08
58,16,"(14, 37)",1,-0.08
58,17,"(15, 37)",1,-0.08
58,18,"(16, 37)",1,-0.08
58,19,"(17, 37)",1,-0.08
58,20,"(18, 37)",1,-0.08
58,21,"(19, 37)",0,-0.08
58,22,"(19, 36)",0,-0.08
58,23,"(19, 35)",0,-0.08
58,24,"(19, 34)",0,-0.08
58,25,"(19, 33)",0,-0.08
58,26,"(19, 32)",0,-0.08
58,27,"(19, 31)",0,-0.08
58,28,"(19, 30)",0,-0.08
58,29,"(19, 29)",1,-0.08
58,30,"(20, 29)",0,-0.08
58,31,"(20, 28)",0,-0.08
58,32,"(20, 27)",1,-0.08
58,33,"(21, 27)",0,-0.08
58,34,"(21, 26)",0,-0.08
58,35,"(21, 25)",1,-0.08
58,36,"(22, 25)",1,-0.08
58,37,"(23, 25)",1,-0.08
58,38,"(24, 25)",1,-0.08
58,39,"(25, 25)",1,-0.08
58,40,"(26, 25)",1,-0.08
58,41,"(27, 25)",1,-0.08
58,42,"(28, 25)",1,-0.08
58,43,"(29, 25)",1,-0.08
58,44,"(30, 25)",1,-0.08
58,45,"(31, 25)",0,-0.08
58,46,"(31, 24)",0,-0.08
58,47,"(31, 23)",1,-0.08
58,48,"(32, 23)",1,-0.08
58,49,"(33, 23)",0,-0.08
58,50,"(33, 22)",0,-0.08
58,51,"(33, 21)",1,-0.08
58,52,"(34, 21)",1,-0.08
58,53,"(35, 21)",0,-0.08
58,54,"(35, 20)",0,-0.08
58,55,"(35, 19)",1,-0.08
58,56,"(36, 19)",1,-0.08
58,57,"(37, 19)",0,-0.08
58,58,"(37, 18)",0,-0.08
58,59,"(37, 17)",1,-0.08
58,60,"(38, 17)",1,-0.08
58,61,"(39, 17)",0,-0.08
58,62,"(39, 16)",0,-0.08
58,63,"(39, 15)",1,-0.08
58,64,"(40, 15)",1,-0.08
58,65,"(41, 15)",0,-0.08
58,66,"(41, 14)",0,-0.08
58,67,"(41, 13)",0,-0.08
58,68,"(41, 12)",0,-0.08
58,69,"(41, 11)",1,-0.08
58,70,"(42, 11)",1,-0.08
58,71,"(43, 11)",1,-0.08
58,72,"(44, 11)",1,-0.08
58,73,"(45, 11)",0,-0.08
58,74,"(45, 10)",0,-0.08
58,75,"(45, 9)",0,-0.08
58,76,"(45, 8)",0,-0.08
58,77,"(45, 7)",1,-0.08
58,78,"(46, 7)",0,-0.08
58,79,"(46, 6)",1,-0.08
58,80,"(47, 6)",1,-0.08
58,81,"(48, 6)",1,-0.08
58,82,"(49, 6)",0,-0.08
58,83,"(49, 5)",1,-0.08
58,84,"(50, 5)",1,-0.08
58,85,"(51, 5)",1,-0.08
58,86,"(52, 5)",1,-0.08
58,87,"(53, 5)",0,-0.08
58,88,"(53, 4)",0,-0.08
58,89,"(53, 3)",1,-0.08
58,90,"(54, 3)",1,-0.08
58,91,"(55, 3)",1,-0.08
58,92,"(56, 3)",0,-0.08
58,93,"(56, 2)",1,-0.08
58,94,"(57, 2)",0,-0.08
58,95,"(57, 1)",1,-0.08
58,96,"(58, 1)",1,-0.08
58,97,"(59, 1)",1,-0.08
58,98,"(60, 1)",1,-0.08
58,99,"(61, 1)",1,-0.08
58,100,"(62, 1)",1,-0.08
58,101,"(63, 1)",1,-0.08
58,102,"(64, 1)",1,-0.08
58,103,"(65, 1)",1,-0.08
58,104,"(66, 1)",1,-0.08
58,105,"(67, 1)",1,-0.08
58,106,"(68, 1)",1,-0.08
58,107,"(69, 1)",1,-0.08
58,108,"(70, 1)",1,-0.08
58,109,"(71, 1)",2,-0.08
58,110,"(71, 2)",2,-0.08
58,111,"(71, 3)",1,-0.08
58,112,"(72, 3)",1,-0.08
58,113,"(73, 3)",0,-0.08
58,114,"(73, 2)",0,-0.08
58,115,"(73, 1)",0,-0.08
58,116,"(73, 0)",1,-0.08
58,117,"(74, 0)",1,-0.08
58,118,"(75, 0)",1,-0.08
58,119,"(76, 0)",1,-0.08
58,120,"(77, 0)",1,-0.08
58,121,"(78, 0)",1,8.33
59,0,"(0, 39)",1,-0.08
59,1,"(1, 39)",1,-0.08
59,2,"(2, 39)",1,-0.08
59,3,"(3, 39)",1,-0.08
59,4,"(4, 39)",1,-0.08
59,5,"(5, 39)",1,-0.08
59,6,"(6, 39)",1,-0.08
59,7,"(7, 39)",1,-0.08
59,8,"(8, 39)",1,-0.08
59,9,"(9, 39)",1,-0.08
59,10,"(10, 39)",1,-0.08
59,11,"(11, 39)",1,-0.08
59,12,"(12, 39)",1,-0.08
59,13,"(13, 39)",1,-0.08
59,14,"(14, 39)",0,-0.08
59,15,"(14, 38)",0,-0.08
59,16,"(14, 37)",1,-0.08
59,17,"(15, 37)",1,-0.08
59,18,"(16, 37)",0,-0.08
59,19,"(16, 36)",1,-0.08
59,20,"(17, 36)",0,-0.08
59,21,"(17, 35)",1,-0.08
59,22,"(18, 35)",0,-0.08
59,23,"(18, 34)",1,-0.08
59,24,"(19, 34)",0,-0.08
59,25,"(19, 33)",0,-0.08
59,26,"(19, 32)",0,-0.08
59,27,"(19, 31)",0,-0.08
59,28,"(19, 30)",0,-0.08
59,29,"(19, 29)",1,-0.08
59,30,"(20, 29)",0,-0.08
59,31,"(20, 28)",0,-0.08
59,32,"(20, 27)",1,-0.08
59,33,"(21, 27)",0,-0.08
59,34,"(21, 26)",1,-0.08
59,35,"(22, 26)",0,-0.08
59,36,"(22, 25)",0,-0.08
59,37,"(22, 24)",0,-0.08
59,38,"(22, 23)",1,-0.08
59,39,"(23, 23)",1,-0.08
59,40,"(24, 23)",1,-0.08
59,41,"(25, 23)",0,-0.08
59,42,"(25, 22)",0,-0.08
59,43,"(25, 21)",1,-0.08
59,44,"(26, 21)",1,-0.08
59,45,"(27, 21)",0,-0.08
59,46,"(27, 20)",1,-0.08
59,47,"(28, 20)",0,-0.08
59,48,"(28, 19)",1,-0.08
59,49,"(29, 19)",1,-0.08
59,50,"(30, 19)",1,-0.08
59,51,"(31, 19)",1,-0.08
59,52,"(32, 19)",1,-0.08
59,53,"(33, 19)",1,-0.08
59,54,"(34, 19)",1,-0.08
59,55,"(35, 19)",1,-0.08
59,56,"(36, 19)",1,-0.08
59,57,"(37, 19)",0,-0.08
59,58,"(37, 18)",0,-0.08
59,59,"(37, 17)",0,-0.08
59,60,"(37, 16)",0,-0.08
59,61,"(37, 15)",1,-0.08
59,62,"(38, 15)",0,-0.08
59,63,"(38, 14)",0,-0.08
59,64,"(38, 13)",1,-0.08
59,65,"(39, 13)",0,-0.08
59,66,"(39, 12)",0,-0.08
59,67,"(39, 11)",1,-0.08
59,68,"(40, 11)",1,-0.08
59,69,"(41, 11)",1,-0.08
59,70,"(42, 11)",1,-0.08
59,71,"(43, 11)",1,-0.08
59,72,"(44, 11)",1,-0.08
59,73,"(45, 11)",0,-0.08
59,74,"(45, 10)",1,-0.08
59,75,"(46, 10)",0,-0.08
59,76,"(46, 9)",0,-0.08
59,77,"(46, 8)",0,-0.08
59,78,"(46, 7)",0,-0.08
59,79,"(46, 6)",1,-0.08
59,80,"(47, 6)",1,-0.08
59,81,"(48, 6)",1,-0.08
59,82,"(49, 6)",0,-0.08
59,83,"(49, 5)",1,-0.08
59,84,"(50, 5)",1,-0.08
59,85,"(51, 5)",0,-0.08
59,86,"(51, 4)",0,-0.08
59,87,"(51, 3)",0,-0.08
59,88,"(51, 2)",0,-0.08
59,89,"(51, 1)",1,-0.08
59,90,"(52, 1)",1,-0.08
59,91,"(53, 1)",1,-0.08
59,92,"(54, 1)",1,-0.08
59,93,"(55, 1)",1,-0.08
59,94,"(56, 1)",1,-0.08
59,95,"(57, 1)",1,-0.08
59,96,"(58, 1)",1,-0.08
59,97,"(59, 1)",1,-0.08
59,98,"(60, 1)",1,-0.08
59,99,"(61, 1)",1,-0.08
59,100,"(62, 1)",1,-0.08
59,101,"(63, 1)",1,-0.08
59,102,"(64, 1)",1,-0.08
59,103,"(65, 1)",1,-0.08
59,104,"(66, 1)",1,-0.08
59,105,"(67, 1)",1,-0.08
59,106,"(68, 1)",1,-0.08
59,107,"(69, 1)",1,-0.08
59,108,"(70, 1)",1,-0.08
59,109,"(71, 1)",2,-0.08
59,110,"(71, 2)",2,-0.08
59,111,"(71, 3)",1,-0.08
59,112,"(72, 3)",1,-0.08
59,113,"(73, 3)",0,-0.08
59,114,"(73, 2)",0,-0.08
59,115,"(73, 1)",1,-0.08
59,116,"(74, 1)",0,-0.08
59,117,"(74, 0)",1,-0.08
59,118,"(75, 0)",1,-0.08
59,119,"(76, 0)",1,-0.08
59,120,"(77, 0)",1,-0.08
59,121,"(78, 0)",1,8.33
60,0,"(0, 39)",1,-0.08
60,1,"(1, 39)",1,-0.08
60,2,"(2, 39)",1,-0.08
60,3,"(3, 39)",1,-0.08
60,4,"(4, 39)",1,-0.08
60,5,"(5, 39)",1,-0.08
60,6,"(6, 39)",1,-0.08
60,7,"(7, 39)",1,-0.08
60,8,"(8, 39)",1,-0.08
60,9,"(9, 39)",1,-0.08
60,10,"(10, 39)",0,-0.08
60,11,"(10, 38)",1,-0.08
60,12,"(11, 38)",0,-0.08
60,13,"(11, 37)",1,-0.08
60,14,"(12, 37)",1,-0.08
60,15,"(13, 37)",1,-0.08
60,16,"(14, 37)",1,-0.08
60,17,"(15, 37)",0,-0.08
60,18,"(15, 36)",0,-0.08
60,19,"(15, 35)",0,-0.08
60,20,"(15, 34)",0,-0.08
60,21,"(15, 33)",1,-0.08
60,22,"(16, 33)",1,-0.08
60,23,"(17, 33)",1,-0.08
60,24,"(18, 33)",1,-0.08
60,25,"(19, 33)",0,-0.08
60,26,"(19, 32)",0,-0.08
60,27,"(19, 31)",0,-0.08
60,28,"(19, 30)",0,-0.08
60,29,"(19, 29)",1,-0.08
60,30,"(20, 29)",0,-0.08
60,31,"(20, 28)",0,-0.08
60,32,"(20, 27)",1,-0.08
60,33,"(21, 27)",0,-0.08
60,34,"(21, 26)",0,-0.08
60,35,"(21, 25)",1,-0.08
60,36,"(22, 25)",0,-0.08
60,37,"(22, 24)",0,-0.08
60,38,"(22, 23)",1,-0.08
60,39,"(23, 23)",1,-0.08
60,40,"(24, 23)",1,-0.08
60,41,"(25, 23)",0,-0.08
60,42,"(25, 22)",0,-0.08
60,43,"(25, 21)",0,-0.08
60,44,"(25, 20)",0,-0.08
60,45,"(25, 19)",0,-0.08
60,46,"(25, 18)",1,-0.08
60,47,"(26, 18)",1,-0.08
60,48,"(27, 18)",0,-0.08
60,49,"(27, 17)",0,-0.08
60,50,"(27, 16)",1,-0.08
60,51,"(28, 16)",1,-0.08
60,52,"(29, 16)",0,-0.08
60,53,"(29, 15)",1,-0.08
60,54,"(30, 15)",1,-0.08
60,55,"(31, 15)",0,-0.08
60,56,"(31, 14)",0,-0.08
60,57,"(31, 13)",1,-0.08
60,58,"(32, 13)",1,-0.08
60,59,"(33, 13)",1,-0.08
60,60,"(34, 13)",1,-0.08
60,61,"(35, 13)",1,-0.08
60,62,"(36, 13)",1,-0.08
60,63,"(37, 13)",1,-0.08
60,64,"(38, 13)",1,-0.08
60,65,"(39, 13)",1,-0.08
60,66,"(40, 13)",1,-0.08
60,67,"(41, 13)",0,-0.08
60,68,"(41, 12)",0,-0.08
60,69,"(41, 11)",1,-0.08
60,70,"(42, 11)",1,-0.08
60,71,"(43, 11)",1,-0.08
60,72,"(44, 11)",1,-0.08
60,73,"(45, 11)",0,-0.08
60,74,"(45, 10)",1,-0.08
60,75,"(46, 10)",0,-0.08
60,76,"(46, 9)",0,-0.08
60,77,"(46, 8)",0,-0.08
60,78,"(46, 7)",1,-0.08
60,79,"(47, 7)",0,-0.08
60,80,"(47, 6)",1,-0.08
60,81,"(48, 6)",1,-0.08
60,82,"(49, 6)",0,-0.08
60,83,"(49, 5)",1,-0.08
60,84,"(50, 5)",1,-0.08
60,85,"(51, 5)",1,-0.08
60,86,"(52, 5)",1,-0.08
60,87,"(53, 5)",0,-0.08
60,88,"(53, 4)",0,-0.08
60,89,"(53, 3)",1,-0.08
60,90,"(54, 3)",1,-0.08
60,91,"(55, 3)",1,-0.08
60,92,"(56, 3)",0,-0.08
60,93,"(56, 2)",0,-0.08
60,94,"(56, 1)",1,-0.08
60,95,"(57, 1)",1,-0.08
60,96,"(58, 1)",1,-0.08
60,97,"(59, 1)",1,-0.08
60,98,"(60, 1)",1,-0.08
60,99,"(61, 1)",1,-0.08
60,100,"(62, 1)",1,-0.08
60,101,"(63, 1)",1,-0.08
60,102,"(64, 1)",1,-0.08
60,103,"(65, 1)",1,-0.08
60,104,"(66, 1)",1,-0.08
60,105,"(67, 1)",1,-0.08
60,106,"(68, 1)",1,-0.08
60,107,"(69, 1)",1,-0.08
60,108,"(70, 1)",1,-0.08
60,109,"(71, 1)",2,-0.08
60,110,"(71, 2)",2,-0.08
60,111,"(71, 3)",1,-0.08
60,112,"(72, 3)",1,-0.08
60,113,"(73, 3)",1,-0.08
60,114,"(74, 3)",1,-0.08
60,115,"(75, 3)",1,-0.08
60,116,"(76, 3)",1,-0.08
60,117,"(77, 3)",0,-0.08
60,118,"(77, 2)",0,-0.08
60,119,"(77, 1)",0,-0.08
60,120,"(77, 0)",1,-0.08
60,121,"(78, 0)",1,8.33
61,0,"(0, 39)",1,-0.08
61,1,"(1, 39)",1,-0.08
61,2,"(2, 39)",1,-0.08
61,3,"(3, 39)",1,-0.08
61,4,"(4, 39)",1,-0.08
61,5,"(5, 39)",1,-0.08
61,6,"(6, 39)",1,-0.08
61,7,"(7, 39)",1,-0.08
61,8,"(8, 39)",1,-0.08
61,9,"(9, 39)",1,-0.08
61,10,"(10, 39)",1,-0.08
61,11,"(11, 39)",0,-0.08
61,12,"(11, 38)",0,-0.08
61,13,"(11, 37)",1,-0.08
61,14,"(12, 37)",1,-0.08
61,15,"(13, 37)",1,-0.08
61,16,"(14, 37)",1,-0.08
61,17,"(15, 37)",0,-0.08
61,18,"(15, 36)",1,-0.08
61,19,"(16, 36)",1,-0.08
61,20,"(17, 36)",0,-0.08
61,21,"(17, 35)",0,-0.08
61,22,"(17, 34)",1,-0.08
61,23,"(18, 34)",0,-0.08
61,24,"(18, 33)",1,-0.08
61,25,"(19, 33)",0,-0.08
61,26,"(19, 32)",0,-0.08
61,27,"(19, 31)",0,-0.08
61,28,"(19, 30)",0,-0.08
61,29,"(19, 29)",1,-0.08
61,30,"(20, 29)",0,-0.08
61,31,"(20, 28)",0,-0.08
61,32,"(20, 27)",1,-0.08
61,33,"(21, 27)",0,-0.08
61,34,"(21, 26)",0,-0.08
61,35,"(21, 25)",1,-0.08
61,36,"(22, 25)",1,-0.08
61,37,"(23, 25)",1,-0.08
61,38,"(24, 25)",1,-0.08
61,39,"(25, 25)",1,-0.08
61,40,"(26, 25)",1,-0.08
61,41,"(27, 25)",1,-0.08
61,42,"(28, 25)",1,-0.08
61,43,"(29, 25)",1,-0.08
61,44,"(30, 25)",1,-0.08
61,45,"(31, 25)",0,-0.08
61,46,"(31, 24)",0,-0.08
61,47,"(31, 23)",1,-0.08
61,48,"(32, 23)",1,-0.08
61,49,"(33, 23)",0,-0.08
61,50,"(33, 22)",0,-0.08
61,51,"(33, 21)",1,-0.08
61,52,"(34, 21)",1,-0.08
61,53,"(35, 21)",0,-0.08
61,54,"(35, 20)",0,-0.08
61,55,"(35, 19)",1,-0.08
61,56,"(36, 19)",1,-0.08
61,57,"(37, 19)",0,-0.08
61,58,"(37, 18)",0,-0.08
61,59,"(37, 17)",1,-0.08
61,60,"(38, 17)",1,-0.08
61,61,"(39, 17)",0,-0.08
61,62,"(39, 16)",0,-0.08
61,63,"(39, 15)",1,-0.08
61,64,"(40, 15)",0,-0.08
61,65,"(40, 14)",1,-0.08
61,66,"(41, 14)",0,-0.08
61,67,"(41, 13)",0,-0.08
61,68,"(41, 12)",0,-0.08
61,69,"(41, 11)",1,-0.08
61,70,"(42, 11)",1,-0.08
61,71,"(43, 11)",1,-0.08
61,72,"(44, 11)",1,-0.08
61,73,"(45, 11)",0,-0.08
61,74,"(45, 10)",1,-0.08
61,75,"(46, 10)",0,-0.08
61,76,"(46, 9)",0,-0.08
61,77,"(46, 8)",0,-0.08
61,78,"(46, 7)",0,-0.08
61,79,"(46, 6)",1,-0.08
61,80,"(47, 6)",1,-0.08
61,81,"(48, 6)",1,-0.08
61,82,"(49, 6)",0,-0.08
61,83,"(49, 5)",1,-0.08
61,84,"(50, 5)",1,-0.08
61,85,"(51, 5)",1,-0.08
61,86,"(52, 5)",1,-0.08
61,87,"(53, 5)",0,-0.08
61,88,"(53, 4)",0,-0.08
61,89,"(53, 3)",1,-0.08
61,90,"(54, 3)",1,-0.08
61,91,"(55, 3)",1,-0.08
61,92,"(56, 3)",1,-0.08
61,93,"(57, 3)",0,-0.08
61,94,"(57, 2)",0,-0.08
61,95,"(57, 1)",1,-0.08
61,96,"(58, 1)",1,-0.08
61,97,"(59, 1)",1,-0.08
61,98,"(60, 1)",1,-0.08
61,99,"(61, 1)",1,-0.08
61,100,"(62, 1)",1,-0.08
61,101,"(63, 1)",1,-0.08
61,102,"(64, 1)",1,-0.08
61,103,"(65, 1)",1,-0.08
61,104,"(66, 1)",1,-0.08
61,105,"(67, 1)",1,-0.08
61,106,"(68, 1)",1,-0.08
61,107,"(69, 1)",1,-0.08
61,108,"(70, 1)",1,-0.08
61,109,"(71, 1)",2,-0.08
61,110,"(71, 2)",2,-0.08
61,111,"(71, 3)",1,-0.08
61,112,"(72, 3)",1,-0.08
61,113,"(73, 3)",0,-0.08
61,114,"(73, 2)",0,-0.08
61,115,"(73, 1)",0,-0.08
61,116,"(73, 0)",1,-0.08
61,117,"(74, 0)",1,-0.08
61,118,"(75, 0)",1,-0.08
61,119,"(76, 0)",1,-0.08
61,120,"(77, 0)",1,-0.08
61,121,"(78, 0)",1,8.33
62,0,"(0, 39)",1,-0.08
62,1,"(1, 39)",1,-0.08
62,2,"(2, 39)",1,-0.08
62,3,"(3, 39)",1,-0.08
62,4,"(4, 39)",1,-0.08
62,5,"(5, 39)",1,-0.08
62,6,"(6, 39)",1,-0.08
62,7,"(7, 39)",1,-0.08
62,8,"(8, 39)",1,-0.08
62,9,"(9, 39)",1,-0.08
62,10,"(10, 39)",1,-0.08
62,11,"(11, 39)",1,-0.08
62,12,"(12, 39)",1,-0.08
62,13,"(13, 39)",1,-0.08
62,14,"(14, 39)",0,-0.08
62,15,"(14, 38)",0,-0.08
62,16,"(14, 37)",1,-0.08
62,17,"(15, 37)",1,-0.08
62,18,"(16, 37)",1,-0.08
62,19,"(17, 37)",1,-0.08
62,20,"(18, 37)",1,-0.08
62,21,"(19, 37)",0,-0.08
62,22,"(19, 36)",0,-0.08
62,23,"(19, 35)",0,-0.08
62,24,"(19, 34)",0,-0.08
62,25,"(19, 33)",0,-0.08
62,26,"(19, 32)",0,-0.08
62,27,"(19, 31)",0,-0.08
62,28,"(19, 30)",0,-0.08
62,29,"(19, 29)",1,-0.08
62,30,"(20, 29)",0,-0.08
62,31,"(20, 28)",0,-0.08
62,32,"(20, 27)",1,-0.08
62,33,"(21, 27)",0,-0.08
62,34,"(21, 26)",0,-0.08
62,35,"(21, 25)",1,-0.08
62,36,"(22, 25)",0,-0.08
62,37,"(22, 24)",0,-0.08
62,38,"(22, 23)",1,-0.08
62,39,"(23, 23)",1,-0.08
62,40,"(24, 23)",1,-0.08
62,41,"(25, 23)",0,-0.08
62,42,"(25, 22)",0,-0.08
62,43,"(25, 21)",0,-0.08
62,44,"(25, 20)",0,-0.08
62,45,"(25, 19)",0,-0.08
62,46,"(25, 18)",1,-0.08
62,47,"(26, 18)",1,-0.08
62,48,"(27, 18)",0,-0.08
62,49,"(27, 17)",0,-0.08
62,50,"(27, 16)",1,-0.08
62,51,"(28, 16)",1,-0.08
62,52,"(29, 16)",0,-0.08
62,53,"(29, 15)",1,-0.08
62,54,"(30, 15)",1,-0.08
62,55,"(31, 15)",0,-0.08
62,56,"(31, 14)",0,-0.08
62,57,"(31, 13)",1,-0.08
62,58,"(32, 13)",1,-0.08
62,59,"(33, 13)",1,-0.08
62,60,"(34, 13)",1,-0.08
62,61,"(35, 13)",1,-0.08
62,62,"(36, 13)",1,-0.08
62,63,"(37, 13)",1,-0.08
62,64,"(38, 13)",1,-0.08
62,65,"(39, 13)",0,-0.08
62,66,"(39, 12)",0,-0.08
62,67,"(39, 11)",1,-0.08
62,68,"(40, 11)",1,-0.08
62,69,"(41, 11)",1,-0.08
62,70,"(42, 11)",1,-0.08
62,71,"(43, 11)",1,-0.08
62,72,"(44, 11)",1,-0.08
62,73,"(45, 11)",0,-0.08
62,74,"(45, 10)",0,-0.08
62,75,"(45, 9)",1,-0.08
62,76,"(46, 9)",0,-0.08
62,77,"(46, 8)",0,-0.08
62,78,"(46, 7)",1,-0.08
62,79,"(47, 7)",0,-0.08
62,80,"(47, 6)",1,-0.08
62,81,"(48, 6)",1,-0.08
62,82,"(49, 6)",0,-0.08
62,83,"(49, 5)",1,-0.08
62,84,"(50, 5)",1,-0.08
62,85,"(51, 5)",1,-0.08
62,86,"(52, 5)",1,-0.08
62,87,"(53, 5)",0,-0.08
62,88,"(53, 4)",0,-0.08
62,89,"(53, 3)",0,-0.08
62,90,"(53, 2)",0,-0.08
62,91,"(53, 1)",1,-0.08
62,92,"(54, 1)",1,-0.08
62,93,"(55, 1)",1,-0.08
62,94,"(56, 1)",1,-0.08
62,95,"(57, 1)",1,-0.08
62,96,"(58, 1)",1,-0.08
62,97,"(59, 1)",1,-0.08
62,98,"(60, 1)",1,-0.08
62,99,"(61, 1)",1,-0.08
62,100,"(62, 1)",1,-0.08
62,101,"(63, 1)",1,-0.08
62,102,"(64, 1)",1,-0.08
62,103,"(65, 1)",1,-0.08
62,104,"(66, 1)",1,-0.08
62,105,"(67, 1)",1,-0.08
62,106,"(68, 1)",1,-0.08
62,107,"(69, 1)",1,-0.08
62,108,"(70, 1)",1,-0.08
62,109,"(71, 1)",2,-0.08
62,110,"(71, 2)",2,-0.08
62,111,"(71, 3)",1,-0.08
62,112,"(72, 3)",1,-0.08
62,113,"(73, 3)",0,-0.08
62,114,"(73, 2)",0,-0.08
62,115,"(73, 1)",1,-0.08
62,116,"(74, 1)",0,-0.08
62,117,"(74, 0)",1,-0.08
62,118,"(75, 0)",1,-0.08
62,119,"(76, 0)",1,-0.08
62,120,"(77, 0)",1,-0.08
62,121,"(78, 0)",1,8.33
63,0,"(0, 39)",1,-0.08
63,1,"(1, 39)",1,-0.08
63,2,"(2, 39)",1,-0.08
63,3,"(3, 39)",1,-0.08
63,4,"(4, 39)",1,-0.08
63,5,"(5, 39)",1,-0.08
63,6,"(6, 39)",1,-0.08
63,7,"(7, 39)",1,-0.08
63,8,"(8, 39)",1,-0.08
63,9,"(9, 39)",1,-0.08
63,10,"(10, 39)",1,-0.08
63,11,"(11, 39)",1,-0.08
63,12,"(12, 39)",1,-0.08
63,13,"(13, 39)",1,-0.08
63,14,"(14, 39)",0,-0.08
63,15,"(14, 38)",0,-0.08
63,16,"(14, 37)",1,-0.08
63,17,"(15, 37)",1,-0.08
63,18,"(16, 37)",0,-0.08
63,19,"(16, 36)",1,-0.08
63,20,"(17, 36)",0,-0.08
63,21,"(17, 35)",0,-0.08
63,22,"(17, 34)",0,-0.08
63,23,"(17, 33)",1,-0.08
63,24,"(18, 33)",1,-0.08
63,25,"(19, 33)",0,-0.08
63,26,"(19, 32)",0,-0.08
63,27,"(19, 31)",0,-0.08
63,28,"(19, 30)",0,-0.08
63,29,"(19, 29)",1,-0.08
63,30,"(20, 29)",0,-0.08
63,31,"(20, 28)",0,-0.08
63,32,"(20, 27)",1,-0.08
63,33,"(21, 27)",0,-0.08
63,34,"(21, 26)",1,-0.08
63,35,"(22, 26)",0,-0.08
63,36,"(22, 25)",0,-0.08
63,37,"(22, 24)",0,-0.08
63,38,"(22, 23)",1,-0.08
63,39,"(23, 23)",1,-0.08
63,40,"(24, 23)",1,-0.08
63,41,"(25, 23)",0,-0.08
63,42,"(25, 22)",0,-0.08
63,43,"(25, 21)",0,-0.08
63,44,"(25, 20)",0,-0.08
63,45,"(25, 19)",0,-0.08
63,46,"(25, 18)",1,-0.08
63,47,"(26, 18)",1,-0.08
63,48,"(27, 18)",0,-0.08
63,49,"(27, 17)",1,-0.08
63,50,"(28, 17)",1,-0.08
63,51,"(29, 17)",1,-0.08
63,52,"(30, 17)",1,-0.08
63,53,"(31, 17)",1,-0.08
63,54,"(32, 17)",0,-0.08
63,55,"(32, 16)",0,-0.08
63,56,"(32, 15)",0,-0.08
63,57,"(32, 14)",0,-0.08
63,58,"(32, 13)",1,-0.08
63,59,"(33, 13)",1,-0.08
63,60,"(34, 13)",1,-0.08
63,61,"(35, 13)",1,-0.08
63,62,"(36, 13)",1,-0.08
63,63,"(37, 13)",1,-0.08
63,64,"(38, 13)",1,-0.08
63,65,"(39, 13)",0,-0.08
63,66,"(39, 12)",0,-0.08
63,67,"(39, 11)",1,-0.08
63,68,"(40, 11)",1,-0.08
63,69,"(41, 11)",1,-0.08
63,70,"(42, 11)",1,-0.08
63,71,"(43, 11)",1,-0.08
63,72,"(44, 11)",1,-0.08
63,73,"(45, 11)",0,-0.08
63,74,"(45, 10)",1,-0.08
63,75,"(46, 10)",0,-0.08
63,76,"(46, 9)",0,-0.08
63,77,"(46, 8)",0,-0.08
63,78,"(46, 7)",0,-0.08
63,79,"(46, 6)",1,-0.08
63,80,"(47, 6)",1,-0.08
63,81,"(48, 6)",1,-0.08
63,82,"(49, 6)",0,-0.08
63,83,"(49, 5)",1,-0.08
63,84,"(50, 5)",1,-0.08
63,85,"(51, 5)",0,-0.08
63,86,"(51, 4)",0,-0.08
63,87,"(51, 3)",0,-0.08
63,88,"(51, 2)",1,-0.08
63,89,"(52, 2)",1,-0.08
63,90,"(53, 2)",0,-0.08
63,91,"(53, 1)",1,-0.08
63,92,"(54, 1)",1,-0.08
63,93,"(55, 1)",1,-0.08
63,94,"(56, 1)",1,-0.08
63,95,"(57, 1)",1,-0.08
63,96,"(58, 1)",1,-0.08
63,97,"(59, 1)",1,-0.08
63,98,"(60, 1)",1,-0.08
63,99,"(61, 1)",1,-0.08
63,100,"(62, 1)",1,-0.08
63,101,"(63, 1)",1,-0.08
63,102,"(64, 1)",1,-0.08
63,103,"(65, 1)",1,-0.08
63,104,"(66, 1)",1,-0.08
63,105,"(67, 1)",1,-0.08
63,106,"(68, 1)",1,-0.08
63,107,"(69, 1)",1,-0.08
63,108,"(70, 1)",1,-0.08
63,109,"(71, 1)",2,-0.08
63,110,"(71, 2)",2,-0.08
63,111,"(71, 3)",1,-0.08
63,112,"(72, 3)",1,-0.08
63,113,"(73, 3)",1,-0.08
63,114,"(74, 3)",1,-0.08
63,115,"(75, 3)",1,-0.08
63,116,"(76, 3)",1,-0.08
63,117,"(77, 3)",0,-0.08
63,118,"(77, 2)",0,-0.08
63,119,"(77, 1)",1,-0.08
63,120,"(78, 1)",0,-0.08
63,121,"(78, 0)",1,8.33
64,0,"(0, 39)",1,-0.08
64,1,"(1, 39)",1,-0.08
64,2,"(2, 39)",1,-0.08
64,3,"(3, 39)",1,-0.08
64,4,"(4, 39)",1,-0.08
64,5,"(5, 39)",1,-0.08
64,6,"(6, 39)",1,-0.08
64,7,"(7, 39)",1,-0.08
64,8,"(8, 39)",1,-0.08
64,9,"(9, 39)",1,-0.08
64,10,"(10, 39)",0,-0.08
64,11,"(10, 38)",0,-0.08
64,12,"(10, 37)",1,-0.08
64,13,"(11, 37)",1,-0.08
64,14,"(12, 37)",1,-0.08
64,15,"(13, 37)",1,-0.08
64,16,"(14, 37)",1,-0.08
64,17,"(15, 37)",0,-0.08
64,18,"(15, 36)",1,-0.08
64,19,"(16, 36)",1,-0.08
64,20,"(17, 36)",0,-0.08
64,21,"(17, 35)",1,-0.08
64,22,"(18, 35)",0,-0.08
64,23,"(18, 34)",0,-0.08
64,24,"(18, 33)",1,-0.08
64,25,"(19, 33)",0,-0.08
64,26,"(19, 32)",0,-0.08
64,27,"(19, 31)",0,-0.08
64,28,"(19, 30)",0,-0.08
64,29,"(19, 29)",1,-0.08
64,30,"(20, 29)",0,-0.08
64,31,"(20, 28)",0,-0.08
64,32,"(20, 27)",1,-0.08
64,33,"(21, 27)",0,-0.08
64,34,"(21, 26)",1,-0.08
64,35,"(22, 26)",0,-0.08
64,36,"(22, 25)",0,-0.08
64,37,"(22, 24)",0,-0.08
64,38,"(22, 23)",1,-0.08
64,39,"(23, 23)",1,-0.08
64,40,"(24, 23)",1,-0.08
64,41,"(25, 23)",0,-0.08
64,42,"(25, 22)",0,-0.08
64,43,"(25, 21)",0,-0.08
64,44,"(25, 20)",0,-0.08
64,45,"(25, 19)",1,-0.08
64,46,"(26, 19)",1,-0.08
64,47,"(27, 19)",1,-0.08
64,48,"(28, 19)",1,-0.08
64,49,"(29, 19)",1,-0.08
64,50,"(30, 19)",1,-0.08
64,51,"(31, 19)",1,-0.08
64,52,"(32, 19)",0,-0.08
64,53,"(32, 18)",0,-0.08
64,54,"(32, 17)",0,-0.08
64,55,"(32, 16)",0,-0.08
64,56,"(32, 15)",0,-0.08
64,57,"(32, 14)",0,-0.08
64,58,"(32, 13)",1,-0.08
64,59,"(33, 13)",1,-0.08
64,60,"(34, 13)",1,-0.08
64,61,"(35, 13)",1,-0.08
64,62,"(36, 13)",1,-0.08
64,63,"(37, 13)",1,-0.08
64,64,"(38, 13)",1,-0.08
64,65,"(39, 13)",0,-0.08
64,66,"(39, 12)",0,-0.08
64,67,"(39, 11)",1,-0.08
64,68,"(40, 11)",1,-0.08
64,69,"(41, 11)",1,-0.08
64,70,"(42, 11)",1,-0.08
64,71,"(43, 11)",1,-0.08
64,72,"(44, 11)",1,-0.08
64,73,"(45, 11)",0,-0.08
64,74,"(45, 10)",1,-0.08
64,75,"(46, 10)",0,-0.08
64,76,"(46, 9)",0,-0.08
64,77,"(46, 8)",0,-0.08
64,78,"(46, 7)",1,-0.08
64,79,"(47, 7)",0,-0.08
64,80,"(47, 6)",1,-0.08
64,81,"(48, 6)",1,-0.08
64,82,"(49, 6)",0,-0.08
64,83,"(49, 5)",1,-0.08
64,84,"(50, 5)",1,-0.08
64,85,"(51, 5)",0,-0.08
64,86,"(51, 4)",0,-0.08
64,87,"(51, 3)",0,-0.08
64,88,"(51, 2)",0,-0.08
64,89,"(51, 1)",1,-0.08
64,90,"(52, 1)",1,-0.08
64,91,"(53, 1)",1,-0.08
64,92,"(54, 1)",1,-0.08
64,93,"(55, 1)",1,-0.08
64,94,"(56, 1)",1,-0.08
64,95,"(57, 1)",1,-0.08
64,96,"(58, 1)",1,-0.08
64,97,"(59, 1)",1,-0.08
64,98,"(60, 1)",1,-0.08
64,99,"(61, 1)",1,-0.08
64,100,"(62, 1)",1,-0.08
64,101,"(63, 1)",1,-0.08
64,102,"(64, 1)",1,-0.08
64,103,"(65, 1)",1,-0.08
64,104,"(66, 1)",1,-0.08
64,105,"(67, 1)",1,-0.08
64,106,"(68, 1)",1,-0.08
64,107,"(69, 1)",1,-0.08
64,108,"(70, 1)",1,-0.08
64,109,"(71, 1)",2,-0.08
64,110,"(71, 2)",2,-0.08
64,111,"(71, 3)",1,-0.08
64,112,"(72, 3)",1,-0.08
64,113,"(73, 3)",1,-0.08
64,114,"(74, 3)",1,-0.08
64,115,"(75, 3)",1,-0.08
64,116,"(76, 3)",1,-0.08
64,117,"(77, 3)",0,-0.08
64,118,"(77, 2)",0,-0.08
64,119,"(77, 1)",0,-0.08
64,120,"(77, 0)",1,-0.08
64,121,"(78, 0)",1,8.33
65,0,"(0, 39)",1,-0.08
65,1,"(1, 39)",1,-0.08
65,2,"(2, 39)",1,-0.08
65,3,"(3, 39)",1,-0.08
65,4,"(4, 39)",1,-0.08
65,5,"(5, 39)",1,-0.08
65,6,"(6, 39)",1,-0.08
65,7,"(7, 39)",1,-0.08
65,8,"(8, 39)",1,-0.08
65,9,"(9, 39)",1,-0.08
65,10,"(10, 39)",1,-0.08
65,11,"(11, 39)",1,-0.08
65,12,"(12, 39)",1,-0.08
65,13,"(13, 39)",1,-0.08
65,14,"(14, 39)",0,-0.08
65,15,"(14, 38)",0,-0.08
65,16,"(14, 37)",1,-0.08
65,17,"(15, 37)",0,-0.08
65,18,"(15, 36)",1,-0.08
65,19,"(16, 36)",1,-0.08
65,20,"(17, 36)",0,-0.08
65,21,"(17, 35)",0,-0.08
65,22,"(17, 34)",1,-0.08
65,23,"(18, 34)",1,-0.08
65,24,"(19, 34)",0,-0.08
65,25,"(19, 33)",0,-0.08
65,26,"(19, 32)",0,-0.08
65,27,"(19, 31)",0,-0.08
65,28,"(19, 30)",0,-0.08
65,29,"(19, 29)",1,-0.08
65,30,"(20, 29)",0,-0.08
65,31,"(20, 28)",0,-0.08
65,32,"(20, 27)",1,-0.08
65,33,"(21, 27)",0,-0.08
65,34,"(21, 26)",1,-0.08
65,35,"(22, 26)",1,-0.08
65,36,"(23, 26)",1,-0.08
65,37,"(24, 26)",1,-0.08
65,38,"(25, 26)",0,-0.08
65,39,"(25, 25)",1,-0.08
65,40,"(26, 25)",1,-0.08
65,41,"(27, 25)",1,-0.08
65,42,"(28, 25)",1,-0.08
65,43,"(29, 25)",1,-0.08
65,44,"(30, 25)",1,-0.08
65,45,"(31, 25)",0,-0.08
65,46,"(31, 24)",0,-0.08
65,47,"(31, 23)",1,-0.08
65,48,"(32, 23)",1,-0.08
65,49,"(33, 23)",0,-0.08
65,50,"(33, 22)",0,-0.08
65,51,"(33, 21)",1,-0.08
65,52,"(34, 21)",1,-0.08
65,53,"(35, 21)",1,-0.08
65,54,"(36, 21)",1,-0.08
65,55,"(37, 21)",1,-0.08
65,56,"(38, 21)",1,-0.08
65,57,"(39, 21)",0,-0.08
65,58,"(39, 20)",1,-0.08
65,59,"(40, 20)",1,-0.08
65,60,"(41, 20)",0,-0.08
65,61,"(41, 19)",0,-0.08
65,62,"(41, 18)",1,-0.08
65,63,"(42, 18)",0,-0.08
65,64,"(42, 17)",0,-0.08
65,65,"(42, 16)",1,-0.08
65,66,"(43, 16)",0,-0.08
65,67,"(43, 15)",1,-0.08
65,68,"(44, 15)",1,-0.08
65,69,"(45, 15)",0,-0.08
65,70,"(45, 14)",0,-0.08
65,71,"(45, 13)",0,-0.08
65,72,"(45, 12)",0,-0.08
65,73,"(45, 11)",0,-0.08
65,74,"(45, 10)",0,-0.08
65,75,"(45, 9)",1,-0.08
65,76,"(46, 9)",0,-0.08
65,77,"(46, 8)",0,-0.08
65,78,"(46, 7)",1,-0.08
65,79,"(47, 7)",0,-0.08
65,80,"(47, 6)",1,-0.08
65,81,"(48, 6)",1,-0.08
65,82,"(49, 6)",0,-0.08
65,83,"(49, 5)",1,-0.08
65,84,"(50, 5)",1,-0.08
65,85,"(51, 5)",0,-0.08
65,86,"(51, 4)",0,-0.08
65,87,"(51, 3)",0,-0.08
65,88,"(51, 2)",0,-0.08
65,89,"(51, 1)",1,-0.08
65,90,"(52, 1)",1,-0.08
65,91,"(53, 1)",1,-0.08
65,92,"(54, 1)",1,-0.08
65,93,"(55, 1)",1,-0.08
65,94,"(56, 1)",1,-0.08
65,95,"(57, 1)",1,-0.08
65,96,"(58, 1)",1,-0.08
65,97,"(59, 1)",1,-0.08
65,98,"(60, 1)",1,-0.08
65,99,"(61, 1)",1,-0.08
65,100,"(62, 1)",1,-0.08
65,101,"(63, 1)",1,-0.08
65,102,"(64, 1)",1,-0.08
65,103,"(65, 1)",1,-0.08
65,104,"(66, 1)",1,-0.08
65,105,"(67, 1)",1,-0.08
65,106,"(68, 1)",1,-0.08
65,107,"(69, 1)",1,-0.08
65,108,"(70, 1)",1,-0.08
65,109,"(71, 1)",2,-0.08
65,110,"(71, 2)",2,-0.08
65,111,"(71, 3)",1,-0.08
65,112,"(72, 3)",1,-0.08
65,113,"(73, 3)",0,-0.08
65,114,"(73, 2)",0,-0.08
65,115,"(73, 1)",0,-0.08
65,116,"(73, 0)",1,-0.08
65,117,"(74, 0)",1,-0.08
65,118,"(75, 0)",1,-0.08
65,119,"(76, 0)",1,-0.08
65,120,"(77, 0)",1,-0.08
65,121,"(78, 0)",1,8.33
66,0,"(0, 39)",1,-0.08
66,1,"(1, 39)",1,-0.08
66,2,"(2, 39)",1,-0.08
66,3,"(3, 39)",1,-0.08
66,4,"(4, 39)",1,-0.08
66,5,"(5, 39)",1,-0.08
66,6,"(6, 39)",1,-0.08
66,7,"(7, 39)",1,-0.08
66,8,"(8, 39)",1,-0.08
66,9,"(9, 39)",1,-0.08
66,10,"(10, 39)",1,-0.08
66,11,"(11, 39)",1,-0.08
66,12,"(12, 39)",1,-0.08
66,13,"(13, 39)",1,-0.08
66,14,"(14, 39)",0,-0.08
66,15,"(14, 38)",0,-0.08
66,16,"(14, 37)",1,-0.08
66,17,"(15, 37)",1,-0.08
66,18,"(16, 37)",0,-0.08
66,19,"(16, 36)",1,-0.08
66,20,"(17, 36)",0,-0.08
66,21,"(17, 35)",0,-0.08
66,22,"(17, 34)",0,-0.08
66,23,"(17, 33)",1,-0.08
66,24,"(18, 33)",1,-0.08
66,25,"(19, 33)",0,-0.08
66,26,"(19, 32)",0,-0.08
66,27,"(19, 31)",0,-0.08
66,28,"(19, 30)",0,-0.08
66,29,"(19, 29)",1,-0.08
66,30,"(20, 29)",0,-0.08
66,31,"(20, 28)",0,-0.08
66,32,"(20, 27)",1,-0.08
66,33,"(21, 27)",0,-0.08
66,34,"(21, 26)",0,-0.08
66,35,"(21, 25)",1,-0.08
66,36,"(22, 25)",0,-0.08
66,37,"(22, 24)",0,-0.08
66,38,"(22, 23)",1,-0.08
66,39,"(23, 23)",1,-0.08
66,40,"(24, 23)",1,-0.08
66,41,"(25, 23)",0,-0.08
66,42,"(25, 22)",0,-0.08
66,43,"(25, 21)",0,-0.08
66,44,"(25, 20)",0,-0.08
66,45,"(25, 19)",1,-0.08
66,46,"(26, 19)",1,-0.08
66,47,"(27, 19)",0,-0.08
66,48,"(27, 18)",0,-0.08
66,49,"(27, 17)",0,-0.08
66,50,"(27, 16)",1,-0.08
66,51,"(28, 16)",1,-0.08
66,52,"(29, 16)",0,-0.08
66,53,"(29, 15)",1,-0.08
66,54,"(30, 15)",1,-0.08
66,55,"(31, 15)",0,-0.08
66,56,"(31, 14)",1,-0.08
66,57,"(32, 14)",0,-0.08
66,58,"(32, 13)",1,-0.08
66,59,"(33, 13)",1,-0.08
66,60,"(34, 13)",1,-0.08
66,61,"(35, 13)",1,-0.08
66,62,"(36, 13)",1,-0.08
66,63,"(37, 13)",1,-0.08
66,64,"(38, 13)",1,-0.08
66,65,"(39, 13)",1,-0.08
66,66,"(40, 13)",1,-0.08
66,67,"(41, 13)",1,-0.08
66,68,"(42, 13)",1,-0.08
66,69,"(43, 13)",0,-0.08
66,70,"(43, 12)",0,-0.08
66,71,"(43, 11)",1,-0.08
66,72,"(44, 11)",1,-0.08
66,73,"(45, 11)",0,-0.08
66,74,"(45, 10)",0,-0.08
66,75,"(45, 9)",0,-0.08
66,76,"(45, 8)",1,-0.08
66,77,"(46, 8)",0,-0.08
66,78,"(46, 7)",1,-0.08
66,79,"(47, 7)",0,-0.08
66,80,"(47, 6)",1,-0.08
66,81,"(48, 6)",1,-0.08
66,82,"(49, 6)",0,-0.08
66,83,"(49, 5)",1,-0.08
66,84,"(50, 5)",1,-0.08
66,85,"(51, 5)",0,-0.08
66,86,"(51, 4)",0,-0.08
66,87,"(51, 3)",0,-0.08
66,88,"(51, 2)",1,-0.08
66,89,"(52, 2)",1,-0.08
66,90,"(53, 2)",0,-0.08
66,91,"(53, 1)",1,-0.08
66,92,"(54, 1)",1,-0.08
66,93,"(55, 1)",1,-0.08
66,94,"(56, 1)",1,-0.08
66,95,"(57, 1)",1,-0.08
66,96,"(58, 1)",1,-0.08
66,97,"(59, 1)",1,-0.08
66,98,"(60, 1)",1,-0.08
66,99,"(61, 1)",1,-0.08
66,100,"(62, 1)",1,-0.08
66,101,"(63, 1)",1,-0.08
66,102,"(64, 1)",1,-0.08
66,103,"(65, 1)",1,-0.08
66,104,"(66, 1)",1,-0.08
66,105,"(67, 1)",1,-0.08
66,106,"(68, 1)",1,-0.08
66,107,"(69, 1)",1,-0.08
66,108,"(70, 1)",1,-0.08
66,109,"(71, 1)",2,-0.08
66,110,"(71, 2)",2,-0.08
66,111,"(71, 3)",1,-0.08
66,112,"(72, 3)",1,-0.08
66,113,"(73, 3)",1,-0.08
66,114,"(74, 3)",1,-0.08
66,115,"(75, 3)",1,-0.08
66,116,"(76, 3)",1,-0.08
66,117,"(77, 3)",0,-0.08
66,118,"(77, 2)",0,-0.08
66,119,"(77, 1)",1,-0.08
66,120,"(78, 1)",1,-0.08
66,121,"(79, 1)",0,8.33
67,0,"(0, 39)",1,-0.08
67,1,"(1, 39)",1,-0.08
67,2,"(2, 39)",1,-0.08
67,3,"(3, 39)",1,-0.08
67,4,"(4, 39)",1,-0.08
67,5,"(5, 39)",1,-0.08
67,6,"(6, 39)",1,-0.08
67,7,"(7, 39)",1,-0.08
67,8,"(8, 39)",1,-0.08
67,9,"(9, 39)",1,-0.08
67,10,"(10, 39)",1,-0.08
67,11,"(11, 39)",0,-0.08
67,12,"(11, 38)",0,-0.08
67,13,"(11, 37)",1,-0.08
67,14,"(12, 37)",1,-0.08
67,15,"(13, 37)",1,-0.08
67,16,"(14, 37)",1,-0.08
67,17,"(15, 37)",0,-0.08
67,18,"(15, 36)",1,-0.08
67,19,"(16, 36)",1,-0.08
67,20,"(17, 36)",0,-0.08
67,21,"(17, 35)",1,-0.08
67,22,"(18, 35)",0,-0.08
67,23,"(18, 34)",1,-0.08
67,24,"(19, 34)",0,-0.08
67,25,"(19, 33)",0,-0.08
67,26,"(19, 32)",0,-0.08
67,27,"(19, 31)",0,-0.08
67,28,"(19, 30)",0,-0.08
67,29,"(19, 29)",1,-0.08
67,30,"(20, 29)",0,-0.08
67,31,"(20, 28)",0,-0.08
67,32,"(20, 27)",1,-0.08
67,33,"(21, 27)",0,-0.08
67,34,"(21, 26)",0,-0.08
67,35,"(21, 25)",1,-0.08
67,36,"(22, 25)",0,-0.08
67,37,"(22, 24)",0,-0.08
67,38,"(22, 23)",1,-0.08
67,39,"(23, 23)",1,-0.08
67,40,"(24, 23)",1,-0.08
67,41,"(25, 23)",0,-0.08
67,42,"(25, 22)",0,-0.08
67,43,"(25, 21)",1,-0.08
67,44,"(26, 21)",1,-0.08
67,45,"(27, 21)",0,-0.08
67,46,"(27, 20)",1,-0.08
67,47,"(28, 20)",0,-0.08
67,48,"(28, 19)",1,-0.08
67,49,"(29, 19)",1,-0.08
67,50,"(30, 19)",1,-0.08
67,51,"(31, 19)",0,-0.08
67,52,"(31, 18)",1,-0.08
67,53,"(32, 18)",0,-0.08
67,54,"(32, 17)",1,-0.08
67,55,"(33, 17)",1,-0.08
67,56,"(34, 17)",1,-0.08
67,57,"(35, 17)",1,-0.08
67,58,"(36, 17)",1,-0.08
67,59,"(37, 17)",1,-0.08
67,60,"(38, 17)",1,-0.08
67,61,"(39, 17)",0,-0.08
67,62,"(39, 16)",0,-0.08
67,63,"(39, 15)",1,-0.08
67,64,"(40, 15)",1,-0.08
67,65,"(41, 15)",0,-0.08
67,66,"(41, 14)",0,-0.08
67,67,"(41, 13)",1,-0.08
67,68,"(42, 13)",1,-0.08
67,69,"(43, 13)",0,-0.08
67,70,"(43, 12)",0,-0.08
67,71,"(43, 11)",1,-0.08
67,72,"(44, 11)",1,-0.08
67,73,"(45, 11)",0,-0.08
67,74,"(45, 10)",0,-0.08
67,75,"(45, 9)",1,-0.08
67,76,"(46, 9)",0,-0.08
67,77,"(46, 8)",0,-0.08
67,78,"(46, 7)",1,-0.08
67,79,"(47, 7)",0,-0.08
67,80,"(47, 6)",1,-0.08
67,81,"(48, 6)",1,-0.08
67,82,"(49, 6)",0,-0.08
67,83,"(49, 5)",1,-0.08
67,84,"(50, 5)",1,-0.08
67,85,"(51, 5)",0,-0.08
67,86,"(51, 4)",0,-0.08
67,87,"(51, 3)",0,-0.08
67,88,"(51, 2)",1,-0.08
67,89,"(52, 2)",0,-0.08
67,90,"(52, 1)",1,-0.08
67,91,"(53, 1)",1,-0.08
67,92,"(54, 1)",1,-0.08
67,93,"(55, 1)",1,-0.08
67,94,"(56, 1)",1,-0.08
67,95,"(57, 1)",1,-0.08
67,96,"(58, 1)",1,-0.08
67,97,"(59, 1)",1,-0.08
67,98,"(60, 1)",1,-0.08
67,99,"(61, 1)",1,-0.08
67,100,"(62, 1)",1,-0.08
67,101,"(63, 1)",1,-0.08
67,102,"(64, 1)",1,-0.08
67,103,"(65, 1)",1,-0.08
67,104,"(66, 1)",1,-0.08
67,105,"(67, 1)",1,-0.08
67,106,"(68, 1)",1,-0.08
67,107,"(69, 1)",1,-0.08
67,108,"(70, 1)",1,-0.08
67,109,"(71, 1)",2,-0.08
67,110,"(71, 2)",2,-0.08
67,111,"(71, 3)",1,-0.08
67,112,"(72, 3)",1,-0.08
67,113,"(73, 3)",1,-0.08
67,114,"(74, 3)",1,-0.08
67,115,"(75, 3)",1,-0.08
67,116,"(76, 3)",1,-0.08
67,117,"(77, 3)",0,-0.08
67,118,"(77, 2)",0,-0.08
67,119,"(77, 1)",0,-0.08
67,120,"(77, 0)",1,-0.08
67,121,"(78, 0)",1,8.33
68,0,"(0, 39)",1,-0.08
68,1,"(1, 39)",1,-0.08
68,2,"(2, 39)",1,-0.08
68,3,"(3, 39)",1,-0.08
68,4,"(4, 39)",1,-0.08
68,5,"(5, 39)",1,-0.08
68,6,"(6, 39)",1,-0.08
68,7,"(7, 39)",1,-0.08
68,8,"(8, 39)",1,-0.08
68,9,"(9, 39)",1,-0.08
68,10,"(10, 39)",0,-0.08
68,11,"(10, 38)",1,-0.08
68,12,"(11, 38)",0,-0.08
68,13,"(11, 37)",1,-0.08
68,14,"(12, 37)",1,-0.08
68,15,"(13, 37)",1,-0.08
68,16,"(14, 37)",1,-0.08
68,17,"(15, 37)",0,-0.08
68,18,"(15, 36)",0,-0.08
68,19,"(15, 35)",0,-0.08
68,20,"(15, 34)",0,-0.08
68,21,"(15, 33)",1,-0.08
68,22,"(16, 33)",1,-0.08
68,23,"(17, 33)",1,-0.08
68,24,"(18, 33)",1,-0.08
68,25,"(19, 33)",0,-0.08
68,26,"(19, 32)",0,-0.08
68,27,"(19, 31)",0,-0.08
68,28,"(19, 30)",0,-0.08
68,29,"(19, 29)",1,-0.08
68,30,"(20, 29)",0,-0.08
68,31,"(20, 28)",0,-0.08
68,32,"(20, 27)",1,-0.08
68,33,"(21, 27)",0,-0.08
68,34,"(21, 26)",0,-0.08
68,35,"(21, 25)",1,-0.08
68,36,"(22, 25)",1,-0.08
68,37,"(23, 25)",1,-0.08
68,38,"(24, 25)",1,-0.08
68,39,"(25, 25)",0,-0.08
68,40,"(25, 24)",0,-0.08
68,41,"(25, 23)",0,-0.08
68,42,"(25, 22)",0,-0.08
68,43,"(25, 21)",0,-0.08
68,44,"(25, 20)",0,-0.08
68,45,"(25, 19)",0,-0.08
68,46,"(25, 18)",1,-0.08
68,47,"(26, 18)",1,-0.08
68,48,"(27, 18)",0,-0.08
68,49,"(27, 17)",1,-0.08
68,50,"(28, 17)",0,-0.08
68,51,"(28, 16)",1,-0.08
68,52,"(29, 16)",0,-0.08
68,53,"(29, 15)",1,-0.08
68,54,"(30, 15)",1,-0.08
68,55,"(31, 15)",1,-0.08
68,56,"(32, 15)",0,-0.08
68,57,"(32, 14)",0,-0.08
68,58,"(32, 13)",1,-0.08
68,59,"(33, 13)",1,-0.08
68,60,"(34, 13)",1,-0.08
68,61,"(35, 13)",1,-0.08
68,62,"(36, 13)",1,-0.08
68,63,"(37, 13)",1,-0.08
68,64,"(38, 13)",1,-0.08
68,65,"(39, 13)",0,-0.08
68,66,"(39, 12)",0,-0.08
68,67,"(39, 11)",1,-0.08
68,68,"(40, 11)",1,-0.08
68,69,"(41, 11)",1,-0.08
68,70,"(42, 11)",1,-0.08
68,71,"(43, 11)",1,-0.08
68,72,"(44, 11)",1,-0.08
68,73,"(45, 11)",0,-0.08
68,74,"(45, 10)",1,-0.08
68,75,"(46, 10)",0,-0.08
68,76,"(46, 9)",0,-0.08
68,77,"(46, 8)",0,-0.08
68,78,"(46, 7)",0,-0.08
68,79,"(46, 6)",1,-0.08
68,80,"(47, 6)",1,-0.08
68,81,"(48, 6)",1,-0.08
68,82,"(49, 6)",0,-0.08
68,83,"(49, 5)",1,-0.08
68,84,"(50, 5)",1,-0.08
68,85,"(51, 5)",1,-0.08
68,86,"(52, 5)",1,-0.08
68,87,"(53, 5)",0,-0.08
68,88,"(53, 4)",0,-0.08
68,89,"(53, 3)",0,-0.08
68,90,"(53, 2)",0,-0.08
68,91,"(53, 1)",1,-0.08
68,92,"(54, 1)",1,-0.08
68,93,"(55, 1)",1,-0.08
68,94,"(56, 1)",1,-0.08
68,95,"(57, 1)",1,-0.08
68,96,"(58, 1)",1,-0.08
68,97,"(59, 1)",1,-0.08
68,98,"(60, 1)",1,-0.08
68,99,"(61, 1)",1,-0.08
68,100,"(62, 1)",1,-0.08
68,101,"(63, 1)",1,-0.08
68,102,"(64, 1)",1,-0.08
68,103,"(65, 1)",1,-0.08
68,104,"(66, 1)",1,-0.08
68,105,"(67, 1)",1,-0.08
68,106,"(68, 1)",1,-0.08
68,107,"(69, 1)",1,-0.08
68,108,"(70, 1)",1,-0.08
68,109,"(71, 1)",2,-0.08
68,110,"(71, 2)",2,-0.08
68,111,"(71, 3)",1,-0.08
68,112,"(72, 3)",1,-0.08
68,113,"(73, 3)",0,-0.08
68,114,"(73, 2)",0,-0.08
68,115,"(73, 1)",0,-0.08
68,116,"(73, 0)",1,-0.08
68,117,"(74, 0)",1,-0.08
68,118,"(75, 0)",1,-0.08
68,119,"(76, 0)",1,-0.08
68,120,"(77, 0)",1,-0.08
68,121,"(78, 0)",1,8.33
69,0,"(0, 39)",1,-0.08
69,1,"(1, 39)",1,-0.08
69,2,"(2, 39)",1,-0.08
69,3,"(3, 39)",1,-0.08
69,4,"(4, 39)",1,-0.08
69,5,"(5, 39)",1,-0.08
69,6,"(6, 39)",1,-0.08
69,7,"(7, 39)",1,-0.08
69,8,"(8, 39)",1,-0.08
69,9,"(9, 39)",1,-0.08
69,10,"(10, 39)",1,-0.08
69,11,"(11, 39)",0,-0.08
69,12,"(11, 38)",0,-0.08
69,13,"(11, 37)",1,-0.08
69,14,"(12, 37)",1,-0.08
69,15,"(13, 37)",1,-0.08
69,16,"(14, 37)",1,-0.08
69,17,"(15, 37)",0,-0.08
69,18,"(15, 36)",1,-0.08
69,19,"(16, 36)",1,-0.08
69,20,"(17, 36)",0,-0.08
69,21,"(17, 35)",0,-0.08
69,22,"(17, 34)",1,-0.08
69,23,"(18, 34)",0,-0.08
69,24,"(18, 33)",1,-0.08
69,25,"(19, 33)",0,-0.08
69,26,"(19, 32)",0,-0.08
69,27,"(19, 31)",0,-0.08
69,28,"(19, 30)",0,-0.08
69,29,"(19, 29)",1,-0.08
69,30,"(20, 29)",0,-0.08
69,31,"(20, 28)",0,-0.08
69,32,"(20, 27)",1,-0.08
69,33,"(21, 27)",0,-0.08
69,34,"(21, 26)",1,-0.08
69,35,"(22, 26)",0,-0.08
69,36,"(22, 25)",1,-0.08
69,37,"(23, 25)",1,-0.08
69,38,"(24, 25)",1,-0.08
69,39,"(25, 25)",1,-0.08
69,40,"(26, 25)",1,-0.08
69,41,"(27, 25)",1,-0.08
69,42,"(28, 25)",1,-0.08
69,43,"(29, 25)",1,-0.08
69,44,"(30, 25)",1,-0.08
69,45,"(31, 25)",0,-0.08
69,46,"(31, 24)",0,-0.08
69,47,"(31, 23)",1,-0.08
69,48,"(32, 23)",1,-0.08
69,49,"(33, 23)",0,-0.08
69,50,"(33, 22)",0,-0.08
69,51,"(33, 21)",1,-0.08
69,52,"(34, 21)",1,-0.08
69,53,"(35, 21)",0,-0.08
69,54,"(35, 20)",0,-0.08
69,55,"(35, 19)",1,-0.08
69,56,"(36, 19)",1,-0.08
69,57,"(37, 19)",0,-0.08
69,58,"(37, 18)",0,-0.08
69,59,"(37, 17)",1,-0.08
69,60,"(38, 17)",1,-0.08
69,61,"(39, 17)",0,-0.08
69,62,"(39, 16)",0,-0.08
69,63,"(39, 15)",1,-0.08
69,64,"(40, 15)",0,-0.08
69,65,"(40, 14)",0,-0.08
69,66,"(40, 13)",1,-0.08
69,67,"(41, 13)",1,-0.08
69,68,"(42, 13)",1,-0.08
69,69,"(43, 13)",0,-0.08
69,70,"(43, 12)",0,-0.08
69,71,"(43, 11)",1,-0.08
69,72,"(44, 11)",1,-0.08
69,73,"(45, 11)",0,-0.08
69,74,"(45, 10)",0,-0.08
69,75,"(45, 9)",1,-0.08
69,76,"(46, 9)",0,-0.08
69,77,"(46, 8)",0,-0.08
69,78,"(46, 7)",0,-0.08
69,79,"(46, 6)",1,-0.08
69,80,"(47, 6)",1,-0.08
69,81,"(48, 6)",1,-0.08
69,82,"(49, 6)",0,-0.08
69,83,"(49, 5)",1,-0.08
69,84,"(50, 5)",1,-0.08
69,85,"(51, 5)",1,-0.08
69,86,"(52, 5)",1,-0.08
69,87,"(53, 5)",0,-0.08
69,88,"(53, 4)",0,-0.08
69,89,"(53, 3)",1,-0.08
69,90,"(54, 3)",1,-0.08
69,91,"(55, 3)",1,-0.08
69,92,"(56, 3)",1,-0.08
69,93,"(57, 3)",0,-0.08
69,94,"(57, 2)",1,-0.08
69,95,"(58, 2)",0,-0.08
69,96,"(58, 1)",1,-0.08
69,97,"(59, 1)",1,-0.08
69,98,"(60, 1)",1,-0.08
69,99,"(61, 1)",1,-0.08
69,100,"(62, 1)",1,-0.08
69,101,"(63, 1)",1,-0.08
69,102,"(64, 1)",1,-0.08
69,103,"(65, 1)",1,-0.08
69,104,"(66, 1)",1,-0.08
69,105,"(67, 1)",1,-0.08
69,106,"(68, 1)",1,-0.08
69,107,"(69, 1)",1,-0.08
69,108,"(70, 1)",1,-0.08
69,109,"(71, 1)",2,-0.08
69,110,"(71, 2)",2,-0.08
69,111,"(71, 3)",1,-0.08
69,112,"(72, 3)",1,-0.08
69,113,"(73, 3)",0,-0.08
69,114,"(73, 2)",0,-0.08
69,115,"(73, 1)",1,-0.08
69,116,"(74, 1)",1,-0.08
69,117,"(75, 1)",1,-0.08
69,118,"(76, 1)",0,-0.08
69,119,"(76, 0)",1,-0.08
69,120,"(77, 0)",1,-0.08
69,121,"(78, 0)",1,8.33
70,0,"(0, 39)",1,-0.08
70,1,"(1, 39)",1,-0.08
70,2,"(2, 39)",1,-0.08
70,3,"(3, 39)",1,-0.08
70,4,"(4, 39)",1,-0.08
70,5,"(5, 39)",1,-0.08
70,6,"(6, 39)",1,-0.08
70,7,"(7, 39)",1,-0.08
70,8,"(8, 39)",1,-0.08
70,9,"(9, 39)",1,-0.08
70,10,"(10, 39)",0,-0.08
70,11,"(10, 38)",0,-0.08
70,12,"(10, 37)",1,-0.08
70,13,"(11, 37)",1,-0.08
70,14,"(12, 37)",1,-0.08
70,15,"(13, 37)",1,-0.08
70,16,"(14, 37)",1,-0.08
70,17,"(15, 37)",1,-0.08
70,18,"(16, 37)",0,-0.08
70,19,"(16, 36)",1,-0.08
70,20,"(17, 36)",0,-0.08
70,21,"(17, 35)",0,-0.08
70,22,"(17, 34)",0,-0.08
70,23,"(17, 33)",1,-0.08
70,24,"(18, 33)",1,-0.08
70,25,"(19, 33)",0,-0.08
70,26,"(19, 32)",0,-0.08
70,27,"(19, 31)",0,-0.08
70,28,"(19, 30)",0,-0.08
70,29,"(19, 29)",1,-0.08
70,30,"(20, 29)",0,-0.08
70,31,"(20, 28)",0,-0.08
70,32,"(20, 27)",1,-0.08
70,33,"(21, 27)",0,-0.08
70,34,"(21, 26)",0,-0.08
70,35,"(21, 25)",1,-0.08
70,36,"(22, 25)",0,-0.08
70,37,"(22, 24)",0,-0.08
70,38,"(22, 23)",1,-0.08
70,39,"(23, 23)",1,-0.08
70,40,"(24, 23)",1,-0.08
70,41,"(25, 23)",0,-0.08
70,42,"(25, 22)",0,-0.08
70,43,"(25, 21)",1,-0.08
70,44,"(26, 21)",1,-0.08
70,45,"(27, 21)",0,-0.08
70,46,"(27, 20)",0,-0.08
70,47,"(27, 19)",0,-0.08
70,48,"(27, 18)",0,-0.08
70,49,"(27, 17)",0,-0.08
70,50,"(27, 16)",1,-0.08
70,51,"(28, 16)",1,-0.08
70,52,"(29, 16)",0,-0.08
70,53,"(29, 15)",1,-0.08
70,54,"(30, 15)",1,-0.08
70,55,"(31, 15)",1,-0.08
70,56,"(32, 15)",0,-0.08
70,57,"(32, 14)",0,-0.08
70,58,"(32, 13)",1,-0.08
70,59,"(33, 13)",1,-0.08
70,60,"(34, 13)",1,-0.08
70,61,"(35, 13)",1,-0.08
70,62,"(36, 13)",1,-0.08
70,63,"(37, 13)",1,-0.08
70,64,"(38, 13)",1,-0.08
70,65,"(39, 13)",1,-0.08
70,66,"(40, 13)",1,-0.08
70,67,"(41, 13)",1,-0.08
70,68,"(42, 13)",1,-0.08
70,69,"(43, 13)",1,-0.08
70,70,"(44, 13)",1,-0.08
70,71,"(45, 13)",0,-0.08
70,72,"(45, 12)",0,-0.08
70,73,"(45, 11)",0,-0.08
70,74,"(45, 10)",0,-0.08
70,75,"(45, 9)",0,-0.08
70,76,"(45, 8)",1,-0.08
70,77,"(46, 8)",0,-0.08
70,78,"(46, 7)",1,-0.08
70,79,"(47, 7)",0,-0.08
70,80,"(47, 6)",1,-0.08
70,81,"(48, 6)",1,-0.08
70,82,"(49, 6)",0,-0.08
70,83,"(49, 5)",1,-0.08
70,84,"(50, 5)",1,-0.08
70,85,"(51, 5)",0,-0.08
70,86,"(51, 4)",0,-0.08
70,87,"(51, 3)",0,-0.08
70,88,"(51, 2)",1,-0.08
70,89,"(52, 2)",0,-0.08
70,90,"(52, 1)",1,-0.08
70,91,"(53, 1)",1,-0.08
70,92,"(54, 1)",1,-0.08
70,93,"(55, 1)",1,-0.08
70,94,"(56, 1)",1,-0.08
70,95,"(57, 1)",1,-0.08
70,96,"(58, 1)",1,-0.08
70,97,"(59, 1)",1,-0.08
70,98,"(60, 1)",1,-0.08
70,99,"(61, 1)",1,-0.08
70,100,"(62, 1)",1,-0.08
70,101,"(63, 1)",1,-0.08
70,102,"(64, 1)",1,-0.08
70,103,"(65, 1)",1,-0.08
70,104,"(66, 1)",1,-0.08
70,105,"(67, 1)",1,-0.08
70,106,"(68, 1)",1,-0.08
70,107,"(69, 1)",1,-0.08
70,108,"(70, 1)",1,-0.08
70,109,"(71, 1)",2,-0.08
70,110,"(71, 2)",2,-0.08
70,111,"(71, 3)",1,-0.08
70,112,"(72, 3)",1,-0.08
70,113,"(73, 3)",1,-0.08
70,114,"(74, 3)",1,-0.08
70,115,"(75, 3)",1,-0.08
70,116,"(76, 3)",1,-0.08
70,117,"(77, 3)",0,-0.08
70,118,"(77, 2)",0,-0.08
70,119,"(77, 1)",1,-0.08
70,120,"(78, 1)",0,-0.08
70,121,"(78, 0)",1,8.33
71,0,"(0, 39)",1,-0.08
71,1,"(1, 39)",1,-0.08
71,2,"(2, 39)",1,-0.08
71,3,"(3, 39)",1,-0.08
71,4,"(4, 39)",1,-0.08
71,5,"(5, 39)",1,-0.08
71,6,"(6, 39)",1,-0.08
71,7,"(7, 39)",1,-0.08
71,8,"(8, 39)",1,-0.08
71,9,"(9, 39)",1,-0.08
71,10,"(10, 39)",0,-0.08
71,11,"(10, 38)",1,-0.08
71,12,"(11, 38)",0,-0.08
71,13,"(11, 37)",1,-0.08
71,14,"(12, 37)",1,-0.08
71,15,"(13, 37)",1,-0.08
71,16,"(14, 37)",1,-0.08
71,17,"(15, 37)",1,-0.08
71,18,"(16, 37)",0,-0.08
71,19,"(16, 36)",1,-0.08
71,20,"(17, 36)",0,-0.08
71,21,"(17, 35)",1,-0.08
71,22,"(18, 35)",1,-0.08
71,23,"(19, 35)",0,-0.08
71,24,"(19, 34)",0,-0.08
71,25,"(19, 33)",0,-0.08
71,26,"(19, 32)",0,-0.08
71,27,"(19, 31)",0,-0.08
71,28,"(19, 30)",0,-0.08
71,29,"(19, 29)",1,-0.08
71,30,"(20, 29)",0,-0.08
71,31,"(20, 28)",0,-0.08
71,32,"(20, 27)",1,-0.08
71,33,"(21, 27)",0,-0.08
71,34,"(21, 26)",0,-0.08
71,35,"(21, 25)",1,-0.08
71,36,"(22, 25)",1,-0.08
71,37,"(23, 25)",1,-0.08
71,38,"(24, 25)",1,-0.08
71,39,"(25, 25)",0,-0.08
71,40,"(25, 24)",0,-0.08
71,41,"(25, 23)",0,-0.08
71,42,"(25, 22)",0,-0.08
71,43,"(25, 21)",0,-0.08
71,44,"(25, 20)",0,-0.08
71,45,"(25, 19)",1,-0.08
71,46,"(26, 19)",1,-0.08
71,47,"(27, 19)",0,-0.08
71,48,"(27, 18)",0,-0.08
71,49,"(27, 17)",0,-0.08
71,50,"(27, 16)",1,-0.08
71,51,"(28, 16)",1,-0.08
71,52,"(29, 16)",0,-0.08
71,53,"(29, 15)",1,-0.08
71,54,"(30, 15)",1,-0.08
71,55,"(31, 15)",0,-0.08
71,56,"(31, 14)",0,-0.08
71,57,"(31, 13)",1,-0.08
71,58,"(32, 13)",1,-0.08
71,59,"(33, 13)",1,-0.08
71,60,"(34, 13)",1,-0.08
71,61,"(35, 13)",1,-0.08
71,62,"(36, 13)",1,-0.08
71,63,"(37, 13)",1,-0.08
71,64,"(38, 13)",1,-0.08
71,65,"(39, 13)",0,-0.08
71,66,"(39, 12)",0,-0.08
71,67,"(39, 11)",1,-0.08
71,68,"(40, 11)",1,-0.08
71,69,"(41, 11)",1,-0.08
71,70,"(42, 11)",1,-0.08
71,71,"(43, 11)",1,-0.08
71,72,"(44, 11)",1,-0.08
71,73,"(45, 11)",0,-0.08
71,74,"(45, 10)",0,-0.08
71,75,"(45, 9)",0,-0.08
71,76,"(45, 8)",0,-0.08
71,77,"(45, 7)",1,-0.08
71,78,"(46, 7)",0,-0.08
71,79,"(46, 6)",1,-0.08
71,80,"(47, 6)",1,-0.08
71,81,"(48, 6)",1,-0.08
71,82,"(49, 6)",0,-0.08
71,83,"(49, 5)",1,-0.08
71,84,"(50, 5)",1,-0.08
71,85,"(51, 5)",1,-0.08
71,86,"(52, 5)",1,-0.08
71,87,"(53, 5)",0,-0.08
71,88,"(53, 4)",0,-0.08
71,89,"(53, 3)",1,-0.08
71,90,"(54, 3)",1,-0.08
71,91,"(55, 3)",1,-0.08
71,92,"(56, 3)",1,-0.08
71,93,"(57, 3)",0,-0.08
71,94,"(57, 2)",1,-0.08
71,95,"(58, 2)",1,-0.08
71,96,"(59, 2)",0,-0.08
71,97,"(59, 1)",1,-0.08
71,98,"(60, 1)",1,-0.08
71,99,"(61, 1)",1,-0.08
71,100,"(62, 1)",1,-0.08
71,101,"(63, 1)",1,-0.08
71,102,"(64, 1)",1,-0.08
71,103,"(65, 1)",1,-0.08
71,104,"(66, 1)",1,-0.08
71,105,"(67, 1)",1,-0.08
71,106,"(68, 1)",1,-0.08
71,107,"(69, 1)",1,-0.08
71,108,"(70, 1)",1,-0.08
71,109,"(71, 1)",2,-0.08
71,110,"(71, 2)",2,-0.08
71,111,"(71, 3)",1,-0.08
71,112,"(72, 3)",1,-0.08
71,113,"(73, 3)",0,-0.08
71,114,"(73, 2)",0,-0.08
71,115,"(73, 1)",0,-0.08
71,116,"(73, 0)",1,-0.08
71,117,"(74, 0)",1,-0.08
71,118,"(75, 0)",1,-0.08
71,119,"(76, 0)",1,-0.08
71,120,"(77, 0)",1,-0.08
71,121,"(78, 0)",1,8.33
72,0,"(0, 39)",1,-0.08
72,1,"(1, 39)",1,-0.08
72,2,"(2, 39)",1,-0.08
72,3,"(3, 39)",1,-0.08
72,4,"(4, 39)",1,-0.08
72,5,"(5, 39)",1,-0.08
72,6,"(6, 39)",1,-0.08
72,7,"(7, 39)",1,-0.08
72,8,"(8, 39)",1,-0.08
72,9,"(9, 39)",1,-0.08
72,10,"(10, 39)",0,-0.08
72,11,"(10, 38)",1,-0.08
72,12,"(11, 38)",0,-0.08
72,13,"(11, 37)",1,-0.08
72,14,"(12, 37)",1,-0.08
72,15,"(13, 37)",1,-0.08
72,16,"(14, 37)",1,-0.08
72,17,"(15, 37)",1,-0.08
72,18,"(16, 37)",0,-0.08
72,19,"(16, 36)",1,-0.08
72,20,"(17, 36)",0,-0.08
72,21,"(17, 35)",1,-0.08
72,22,"(18, 35)",1,-0.08
72,23,"(19, 35)",0,-0.08
72,24,"(19, 34)",0,-0.08
72,25,"(19, 33)",0,-0.08
72,26,"(19, 32)",0,-0.08
72,27,"(19, 31)",0,-0.08
72,28,"(19, 30)",0,-0.08
72,29,"(19, 29)",1,-0.08
72,30,"(20, 29)",0,-0.08
72,31,"(20, 28)",0,-0.08
72,32,"(20, 27)",1,-0.08
72,33,"(21, 27)",0,-0.08
72,34,"(21, 26)",0,-0.08
72,35,"(21, 25)",1,-0.08
72,36,"(22, 25)",0,-0.08
72,37,"(22, 24)",0,-0.08
72,38,"(22, 23)",1,-0.08
72,39,"(23, 23)",1,-0.08
72,40,"(24, 23)",1,-0.08
72,41,"(25, 23)",0,-0.08
72,42,"(25, 22)",0,-0.08
72,43,"(25, 21)",1,-0.08
72,44,"(26, 21)",1,-0.08
72,45,"(27, 21)",0,-0.08
72,46,"(27, 20)",1,-0.08
72,47,"(28, 20)",0,-0.08
72,48,"(28, 19)",1,-0.08
72,49,"(29, 19)",1,-0.08
72,50,"(30, 19)",1,-0.08
72,51,"(31, 19)",1,-0.08
72,52,"(32, 19)",1,-0.08
72,53,"(33, 19)",1,-0.08
72,54,"(34, 19)",1,-0.08
72,55,"(35, 19)",0,-0.08
72,56,"(35, 18)",0,-0.08
72,57,"(35, 17)",1,-0.08
72,58,"(36, 17)",1,-0.08
72,59,"(37, 17)",0,-0.08
72,60,"(37, 16)",0,-0.08
72,61,"(37, 15)",0,-0.08
72,62,"(37, 14)",0,-0.08
72,63,"(37, 13)",1,-0.08
72,64,"(38, 13)",1,-0.08
72,65,"(39, 13)",1,-0.08
72,66,"(40, 13)",1,-0.08
72,67,"(41, 13)",1,-0.08
72,68,"(42, 13)",1,-0.08
72,69,"(43, 13)",0,-0.08
72,70,"(43, 12)",0,-0.08
72,71,"(43, 11)",1,-0.08
72,72,"(44, 11)",1,-0.08
72,73,"(45, 11)",0,-0.08
72,74,"(45, 10)",1,-0.08
72,75,"(46, 10)",0,-0.08
72,76,"(46, 9)",0,-0.08
72,77,"(46, 8)",0,-0.08
72,78,"(46, 7)",1,-0.08
72,79,"(47, 7)",0,-0.08
72,80,"(47, 6)",1,-0.08
72,81,"(48, 6)",1,-0.08
72,82,"(49, 6)",0,-0.08
72,83,"(49, 5)",1,-0.08
72,84,"(50, 5)",1,-0.08
72,85,"(51, 5)",0,-0.08
72,86,"(51, 4)",0,-0.08
72,87,"(51, 3)",0,-0.08
72,88,"(51, 2)",0,-0.08
72,89,"(51, 1)",1,-0.08
72,90,"(52, 1)",1,-0.08
72,91,"(53, 1)",1,-0.08
72,92,"(54, 1)",1,-0.08
72,93,"(55, 1)",1,-0.08
72,94,"(56, 1)",1,-0.08
72,95,"(57, 1)",1,-0.08
72,96,"(58, 1)",1,-0.08
72,97,"(59, 1)",1,-0.08
72,98,"(60, 1)",1,-0.08
72,99,"(61, 1)",1,-0.08
72,100,"(62, 1)",1,-0.08
72,101,"(63, 1)",1,-0.08
72,102,"(64, 1)",1,-0.08
72,103,"(65, 1)",1,-0.08
72,104,"(66, 1)",1,-0.08
72,105,"(67, 1)",1,-0.08
72,106,"(68, 1)",1,-0.08
72,107,"(69, 1)",1,-0.08
72,108,"(70, 1)",1,-0.08
72,109,"(71, 1)",2,-0.08
72,110,"(71, 2)",2,-0.08
72,111,"(71, 3)",1,-0.08
72,112,"(72, 3)",1,-0.08
72,113,"(73, 3)",1,-0.08
72,114,"(74, 3)",1,-0.08
72,115,"(75, 3)",1,-0.08
72,116,"(76, 3)",1,-0.08
72,117,"(77, 3)",0,-0.08
72,118,"(77, 2)",0,-0.08
72,119,"(77, 1)",0,-0.08
72,120,"(77, 0)",1,-0.08
72,121,"(78, 0)",1,8.33
73,0,"(0, 39)",1,-0.08
73,1,"(1, 39)",1,-0.08
73,2,"(2, 39)",1,-0.08
73,3,"(3, 39)",1,-0.08
73,4,"(4, 39)",1,-0.08
73,5,"(5, 39)",1,-0.08
73,6,"(6, 39)",1,-0.08
73,7,"(7, 39)",1,-0.08
73,8,"(8, 39)",1,-0.08
73,9,"(9, 39)",1,-0.08
73,10,"(10, 39)",0,-0.08
73,11,"(10, 38)",1,-0.08
73,12,"(11, 38)",0,-0.08
73,13,"(11, 37)",1,-0.08
73,14,"(12, 37)",1,-0.08
73,15,"(13, 37)",1,-0.08
73,16,"(14, 37)",1,-0.08
73,17,"(15, 37)",0,-0.08
73,18,"(15, 36)",0,-0.08
73,19,"(15, 35)",0,-0.08
73,20,"(15, 34)",0,-0.08
73,21,"(15, 33)",1,-0.08
73,22,"(16, 33)",1,-0.08
73,23,"(17, 33)",1,-0.08
73,24,"(18, 33)",1,-0.08
73,25,"(19, 33)",0,-0.08
73,26,"(19, 32)",0,-0.08
73,27,"(19, 31)",0,-0.08
73,28,"(19, 30)",0,-0.08
73,29,"(19, 29)",1,-0.08
73,30,"(20, 29)",0,-0.08
73,31,"(20, 28)",0,-0.08
73,32,"(20, 27)",1,-0.08
73,33,"(21, 27)",0,-0.08
73,34,"(21, 26)",1,-0.08
73,35,"(22, 26)",0,-0.08
73,36,"(22, 25)",0,-0.08
73,37,"(22, 24)",0,-0.08
73,38,"(22, 23)",1,-0.08
73,39,"(23, 23)",1,-0.08
73,40,"(24, 23)",1,-0.08
73,41,"(25, 23)",0,-0.08
73,42,"(25, 22)",0,-0.08
73,43,"(25, 21)",0,-0.08
73,44,"(25, 20)",0,-0.08
73,45,"(25, 19)",1,-0.08
73,46,"(26, 19)",0,-0.08
73,47,"(26, 18)",1,-0.08
73,48,"(27, 18)",0,-0.08
73,49,"(27, 17)",1,-0.08
73,50,"(28, 17)",1,-0.08
73,51,"(29, 17)",0,-0.08
73,52,"(29, 16)",0,-0.08
73,53,"(29, 15)",1,-0.08
73,54,"(30, 15)",1,-0.08
73,55,"(31, 15)",1,-0.08
73,56,"(32, 15)",0,-0.08
73,57,"(32, 14)",0,-0.08
73,58,"(32, 13)",1,-0.08
73,59,"(33, 13)",1,-0.08
73,60,"(34, 13)",1,-0.08
73,61,"(35, 13)",1,-0.08
73,62,"(36, 13)",1,-0.08
73,63,"(37, 13)",1,-0.08
73,64,"(38, 13)",1,-0.08
73,65,"(39, 13)",0,-0.08
73,66,"(39, 12)",0,-0.08
73,67,"(39, 11)",1,-0.08
73,68,"(40, 11)",1,-0.08
73,69,"(41, 11)",1,-0.08
73,70,"(42, 11)",1,-0.08
73,71,"(43, 11)",1,-0.08
73,72,"(44, 11)",1,-0.08
73,73,"(45, 11)",0,-0.08
73,74,"(45, 10)",0,-0.08
73,75,"(45, 9)",0,-0.08
73,76,"(45, 8)",1,-0.08
73,77,"(46, 8)",0,-0.08
73,78,"(46, 7)",0,-0.08
73,79,"(46, 6)",1,-0.08
73,80,"(47, 6)",1,-0.08
73,81,"(48, 6)",1,-0.08
73,82,"(49, 6)",0,-0.08
73,83,"(49, 5)",1,-0.08
73,84,"(50, 5)",1,-0.08
73,85,"(51, 5)",0,-0.08
73,86,"(51, 4)",0,-0.08
73,87,"(51, 3)",0,-0.08
73,88,"(51, 2)",1,-0.08
73,89,"(52, 2)",0,-0.08
73,90,"(52, 1)",1,-0.08
73,91,"(53, 1)",1,-0.08
73,92,"(54, 1)",1,-0.08
73,93,"(55, 1)",1,-0.08
73,94,"(56, 1)",1,-0.08
73,95,"(57, 1)",1,-0.08
73,96,"(58, 1)",1,-0.08
73,97,"(59, 1)",1,-0.08
73,98,"(60, 1)",1,-0.08
73,99,"(61, 1)",1,-0.08
73,100,"(62, 1)",1,-0.08
73,101,"(63, 1)",1,-0.08
73,102,"(64, 1)",1,-0.08
73,103,"(65, 1)",1,-0.08
73,104,"(66, 1)",1,-0.08
73,105,"(67, 1)",1,-0.08
73,106,"(68, 1)",1,-0.08
73,107,"(69, 1)",1,-0.08
73,108,"(70, 1)",1,-0.08
73,109,"(71, 1)",2,-0.08
73,110,"(71, 2)",2,-0.08
73,111,"(71, 3)",1,-0.08
73,112,"(72, 3)",1,-0.08
73,113,"(73, 3)",0,-0.08
73,114,"(73, 2)",0,-0.08
73,115,"(73, 1)",1,-0.08
73,116,"(74, 1)",0,-0.08
73,117,"(74, 0)",1,-0.08
73,118,"(75, 0)",1,-0.08
73,119,"(76, 0)",1,-0.08
73,120,"(77, 0)",1,-0.08
73,121,"(78, 0)",1,8.33
74,0,"(0, 39)",1,-0.08
74,1,"(1, 39)",1,-0.08
74,2,"(2, 39)",1,-0.08
74,3,"(3, 39)",1,-0.08
74,4,"(4, 39)",1,-0.08
74,5,"(5, 39)",1,-0.08
74,6,"(6, 39)",1,-0.08
74,7,"(7, 39)",1,-0.08
74,8,"(8, 39)",1,-0.08
74,9,"(9, 39)",1,-0.08
74,10,"(10, 39)",1,-0.08
74,11,"(11, 39)",0,-0.08
74,12,"(11, 38)",0,-0.08
74,13,"(11, 37)",1,-0.08
74,14,"(12, 37)",1,-0.08
74,15,"(13, 37)",1,-0.08
74,16,"(14, 37)",1,-0.08
74,17,"(15, 37)",1,-0.08
74,18,"(16, 37)",0,-0.08
74,19,"(16, 36)",1,-0.08
74,20,"(17, 36)",0,-0.08
74,21,"(17, 35)",0,-0.08
74,22,"(17, 34)",0,-0.08
74,23,"(17, 33)",1,-0.08
74,24,"(18, 33)",1,-0.08
74,25,"(19, 33)",0,-0.08
74,26,"(19, 32)",0,-0.08
74,27,"(19, 31)",0,-0.08
74,28,"(19, 30)",0,-0.08
74,29,"(19, 29)",1,-0.08
74,30,"(20, 29)",0,-0.08
74,31,"(20, 28)",0,-0.08
74,32,"(20, 27)",1,-0.08
74,33,"(21, 27)",0,-0.08
74,34,"(21, 26)",1,-0.08
74,35,"(22, 26)",1,-0.08
74,36,"(23, 26)",1,-0.08
74,37,"(24, 26)",0,-0.08
74,38,"(24, 25)",1,-0.08
74,39,"(25, 25)",0,-0.08
74,40,"(25, 24)",0,-0.08
74,41,"(25, 23)",0,-0.08
74,42,"(25, 22)",0,-0.08
74,43,"(25, 21)",1,-0.08
74,44,"(26, 21)",1,-0.08
74,45,"(27, 21)",0,-0.08
74,46,"(27, 20)",1,-0.08
74,47,"(28, 20)",0,-0.08
74,48,"(28, 19)",1,-0.08
74,49,"(29, 19)",1,-0.08
74,50,"(30, 19)",1,-0.08
74,51,"(31, 19)",1,-0.08
74,52,"(32, 19)",1,-0.08
74,53,"(33, 19)",1,-0.08
74,54,"(34, 19)",1,-0.08
74,55,"(35, 19)",1,-0.08
74,56,"(36, 19)",1,-0.08
74,57,"(37, 19)",0,-0.08
74,58,"(37, 18)",0,-0.08
74,59,"(37, 17)",0,-0.08
74,60,"(37, 16)",0,-0.08
74,61,"(37, 15)",1,-0.08
74,62,"(38, 15)",0,-0.08
74,63,"(38, 14)",0,-0.08
74,64,"(38, 13)",1,-0.08
74,65,"(39, 13)",0,-0.08
74,66,"(39, 12)",0,-0.08
74,67,"(39, 11)",1,-0.08
74,68,"(40, 11)",1,-0.08
74,69,"(41, 11)",1,-0.08
74,70,"(42, 11)",1,-0.08
74,71,"(43, 11)",1,-0.08
74,72,"(44, 11)",1,-0.08
74,73,"(45, 11)",0,-0.08
74,74,"(45, 10)",1,-0.08
74,75,"(46, 10)",0,-0.08
74,76,"(46, 9)",0,-0.08
74,77,"(46, 8)",0,-0.08
74,78,"(46, 7)",0,-0.08
74,79,"(46, 6)",1,-0.08
74,80,"(47, 6)",1,-0.08
74,81,"(48, 6)",1,-0.08
74,82,"(49, 6)",0,-0.08
74,83,"(49, 5)",1,-0.08
74,84,"(50, 5)",1,-0.08
74,85,"(51, 5)",0,-0.08
74,86,"(51, 4)",0,-0.08
74,87,"(51, 3)",0,-0.08
74,88,"(51, 2)",0,-0.08
74,89,"(51, 1)",1,-0.08
74,90,"(52, 1)",1,-0.08
74,91,"(53, 1)",1,-0.08
74,92,"(54, 1)",1,-0.08
74,93,"(55, 1)",1,-0.08
74,94,"(56, 1)",1,-0.08
74,95,"(57, 1)",1,-0.08
74,96,"(58, 1)",1,-0.08
74,97,"(59, 1)",1,-0.08
74,98,"(60, 1)",1,-0.08
74,99,"(61, 1)",1,-0.08
74,100,"(62, 1)",1,-0.08
74,101,"(63, 1)",1,-0.08
74,102,"(64, 1)",1,-0.08
74,103,"(65, 1)",1,-0.08
74,104,"(66, 1)",1,-0.08
74,105,"(67, 1)",1,-0.08
74,106,"(68, 1)",1,-0.08
74,107,"(69, 1)",1,-0.08
74,108,"(70, 1)",1,-0.08
74,109,"(71, 1)",2,-0.08
74,110,"(71, 2)",2,-0.08
74,111,"(71, 3)",1,-0.08
74,112,"(72, 3)",1,-0.08
74,113,"(73, 3)",0,-0.08
74,114,"(73, 2)",0,-0.08
74,115,"(73, 1)",1,-0.08
74,116,"(74, 1)",0,-0.08
74,117,"(74, 0)",1,-0.08
74,118,"(75, 0)",1,-0.08
74,119,"(76, 0)",1,-0.08
74,120,"(77, 0)",1,-0.08
74,121,"(78, 0)",1,8.33
75,0,"(0, 39)",1,-0.08
75,1,"(1, 39)",1,-0.08
75,2,"(2, 39)",1,-0.08
75,3,"(3, 39)",1,-0.08
75,4,"(4, 39)",1,-0.08
75,5,"(5, 39)",1,-0.08
75,6,"(6, 39)",1,-0.08
75,7,"(7, 39)",1,-0.08
75,8,"(8, 39)",1,-0.08
75,9,"(9, 39)",1,-0.08
75,10,"(10, 39)",1,-0.08
75,11,"(11, 39)",1,-0.08
75,12,"(12, 39)",1,-0.08
75,13,"(13, 39)",1,-0.08
75,14,"(14, 39)",0,-0.08
75,15,"(14, 38)",0,-0.08
75,16,"(14, 37)",1,-0.08
75,17,"(15, 37)",0,-0.08
75,18,"(15, 36)",1,-0.08
75,19,"(16, 36)",1,-0.08
75,20,"(17, 36)",0,-0.08
75,21,"(17, 35)",0,-0.08
75,22,"(17, 34)",1,-0.08
75,23,"(18, 34)",1,-0.08
75,24,"(19, 34)",0,-0.08
75,25,"(19, 33)",0,-0.08
75,26,"(19, 32)",0,-0.08
75,27,"(19, 31)",0,-0.08
75,28,"(19, 30)",0,-0.08
75,29,"(19, 29)",1,-0.08
75,30,"(20, 29)",0,-0.08
75,31,"(20, 28)",0,-0.08
75,32,"(20, 27)",1,-0.08
75,33,"(21, 27)",0,-0.08
75,34,"(21, 26)",1,-0.08
75,35,"(22, 26)",0,-0.08
75,36,"(22, 25)",1,-0.08
75,37,"(23, 25)",1,-0.08
75,38,"(24, 25)",1,-0.08
75,39,"(25, 25)",0,-0.08
75,40,"(25, 24)",0,-0.08
75,41,"(25, 23)",0,-0.08
75,42,"(25, 22)",0,-0.08
75,43,"(25, 21)",1,-0.08
75,44,"(26, 21)",1,-0.08
75,45,"(27, 21)",0,-0.08
75,46,"(27, 20)",1,-0.08
75,47,"(28, 20)",0,-0.08
75,48,"(28, 19)",1,-0.08
75,49,"(29, 19)",1,-0.08
75,50,"(30, 19)",1,-0.08
75,51,"(31, 19)",1,-0.08
75,52,"(32, 19)",1,-0.08
75,53,"(33, 19)",1,-0.08
75,54,"(34, 19)",1,-0.08
75,55,"(35, 19)",1,-0.08
75,56,"(36, 19)",1,-0.08
75,57,"(37, 19)",0,-0.08
75,58,"(37, 18)",0,-0.08
75,59,"(37, 17)",0,-0.08
75,60,"(37, 16)",0,-0.08
75,61,"(37, 15)",1,-0.08
75,62,"(38, 15)",1,-0.08
75,63,"(39, 15)",1,-0.08
75,64,"(40, 15)",0,-0.08
75,65,"(40, 14)",1,-0.08
75,66,"(41, 14)",0,-0.08
75,67,"(41, 13)",0,-0.08
75,68,"(41, 12)",0,-0.08
75,69,"(41, 11)",1,-0.08
75,70,"(42, 11)",1,-0.08
75,71,"(43, 11)",1,-0.08
75,72,"(44, 11)",1,-0.08
75,73,"(45, 11)",0,-0.08
75,74,"(45, 10)",1,-0.08
75,75,"(46, 10)",0,-0.08
75,76,"(46, 9)",0,-0.08
75,77,"(46, 8)",0,-0.08
75,78,"(46, 7)",0,-0.08
75,79,"(46, 6)",1,-0.08
75,80,"(47, 6)",1,-0.08
75,81,"(48, 6)",1,-0.08
75,82,"(49, 6)",0,-0.08
75,83,"(49, 5)",1,-0.08
75,84,"(50, 5)",1,-0.08
75,85,"(51, 5)",1,-0.08
75,86,"(52, 5)",1,-0.08
75,87,"(53, 5)",0,-0.08
75,88,"(53, 4)",0,-0.08
75,89,"(53, 3)",0,-0.08
75,90,"(53, 2)",0,-0.08
75,91,"(53, 1)",1,-0.08
75,92,"(54, 1)",1,-0.08
75,93,"(55, 1)",1,-0.08
75,94,"(56, 1)",1,-0.08
75,95,"(57, 1)",1,-0.08
75,96,"(58, 1)",1,-0.08
75,97,"(59, 1)",1,-0.08
75,98,"(60, 1)",1,-0.08
75,99,"(61, 1)",1,-0.08
75,100,"(62, 1)",1,-0.08
75,101,"(63, 1)",1,-0.08
75,102,"(64, 1)",1,-0.08
75,103,"(65, 1)",1,-0.08
75,104,"(66, 1)",1,-0.08
75,105,"(67, 1)",1,-0.08
75,106,"(68, 1)",1,-0.08
75,107,"(69, 1)",1,-0.08
75,108,"(70, 1)",1,-0.08
75,109,"(71, 1)",2,-0.08
75,110,"(71, 2)",2,-0.08
75,111,"(71, 3)",1,-0.08
75,112,"(72, 3)",1,-0.08
75,113,"(73, 3)",0,-0.08
75,114,"(73, 2)",0,-0.08
75,115,"(73, 1)",0,-0.08
75,116,"(73, 0)",1,-0.08
75,117,"(74, 0)",1,-0.08
75,118,"(75, 0)",1,-0.08
75,119,"(76, 0)",1,-0.08
75,120,"(77, 0)",1,-0.08
75,121,"(78, 0)",1,8.33
76,0,"(0, 39)",1,-0.08
76,1,"(1, 39)",1,-0.08
76,2,"(2, 39)",1,-0.08
76,3,"(3, 39)",1,-0.08
76,4,"(4, 39)",1,-0.08
76,5,"(5, 39)",1,-0.08
76,6,"(6, 39)",1,-0.08
76,7,"(7, 39)",1,-0.08
76,8,"(8, 39)",1,-0.08
76,9,"(9, 39)",1,-0.08
76,10,"(10, 39)",1,-0.08
76,11,"(11, 39)",1,-0.08
76,12,"(12, 39)",1,-0.08
76,13,"(13, 39)",1,-0.08
76,14,"(14, 39)",0,-0.08
76,15,"(14, 38)",0,-0.08
76,16,"(14, 37)",1,-0.08
76,17,"(15, 37)",1,-0.08
76,18,"(16, 37)",0,-0.08
76,19,"(16, 36)",1,-0.08
76,20,"(17, 36)",0,-0.08
76,21,"(17, 35)",0,-0.08
76,22,"(17, 34)",0,-0.08
76,23,"(17, 33)",1,-0.08
76,24,"(18, 33)",1,-0.08
76,25,"(19, 33)",0,-0.08
76,26,"(19, 32)",0,-0.08
76,27,"(19, 31)",0,-0.08
76,28,"(19, 30)",0,-0.08
76,29,"(19, 29)",1,-0.08
76,30,"(20, 29)",0,-0.08
76,31,"(20, 28)",0,-0.08
76,32,"(20, 27)",1,-0.08
76,33,"(21, 27)",0,-0.08
76,34,"(21, 26)",1,-0.08
76,35,"(22, 26)",0,-0.08
76,36,"(22, 25)",1,-0.08
76,37,"(23, 25)",1,-0.08
76,38,"(24, 25)",1,-0.08
76,39,"(25, 25)",1,-0.08
76,40,"(26, 25)",1,-0.08
76,41,"(27, 25)",1,-0.08
76,42,"(28, 25)",1,-0.08
76,43,"(29, 25)",1,-0.08
76,44,"(30, 25)",1,-0.08
76,45,"(31, 25)",0,-0.08
76,46,"(31, 24)",0,-0.08
76,47,"(31, 23)",1,-0.08
76,48,"(32, 23)",1,-0.08
76,49,"(33, 23)",0,-0.08
76,50,"(33, 22)",0,-0.08
76,51,"(33, 21)",1,-0.08
76,52,"(34, 21)",1,-0.08
76,53,"(35, 21)",1,-0.08
76,54,"(36, 21)",1,-0.08
76,55,"(37, 21)",1,-0.08
76,56,"(38, 21)",1,-0.08
76,57,"(39, 21)",1,-0.08
76,58,"(40, 21)",0,-0.08
76,59,"(40, 20)",1,-0.08
76,60,"(41, 20)",1,-0.08
76,61,"(42, 20)",1,-0.08
76,62,"(43, 20)",0,-0.08
76,63,"(43, 19)",1,-0.08
76,64,"(44, 19)",0,-0.08
76,65,"(44, 18)",0,-0.08
76,66,"(44, 17)",0,-0.08
76,67,"(44, 16)",0,-0.08
76,68,"(44, 15)",1,-0.08
76,69,"(45, 15)",0,-0.08
76,70,"(45, 14)",0,-0.08
76,71,"(45, 13)",0,-0.08
76,72,"(45, 12)",0,-0.08
76,73,"(45, 11)",0,-0.08
76,74,"(45, 10)",1,-0.08
76,75,"(46, 10)",0,-0.08
76,76,"(46, 9)",0,-0.08
76,77,"(46, 8)",0,-0.08
76,78,"(46, 7)",1,-0.08
76,79,"(47, 7)",0,-0.08
76,80,"(47, 6)",1,-0.08
76,81,"(48, 6)",1,-0.08
76,82,"(49, 6)",0,-0.08
76,83,"(49, 5)",1,-0.08
76,84,"(50, 5)",1,-0.08
76,85,"(51, 5)",0,-0.08
76,86,"(51, 4)",0,-0.08
76,87,"(51, 3)",0,-0.08
76,88,"(51, 2)",1,-0.08
76,89,"(52, 2)",0,-0.08
76,90,"(52, 1)",1,-0.08
76,91,"(53, 1)",1,-0.08
76,92,"(54, 1)",1,-0.08
76,93,"(55, 1)",1,-0.08
76,94,"(56, 1)",1,-0.08
76,95,"(57, 1)",1,-0.08
76,96,"(58, 1)",1,-0.08
76,97,"(59, 1)",1,-0.08
76,98,"(60, 1)",1,-0.08
76,99,"(61, 1)",1,-0.08
76,100,"(62, 1)",1,-0.08
76,101,"(63, 1)",1,-0.08
76,102,"(64, 1)",1,-0.08
76,103,"(65, 1)",1,-0.08
76,104,"(66, 1)",1,-0.08
76,105,"(67, 1)",1,-0.08
76,106,"(68, 1)",1,-0.08
76,107,"(69, 1)",1,-0.08
76,108,"(70, 1)",1,-0.08
76,109,"(71, 1)",2,-0.08
76,110,"(71, 2)",2,-0.08
76,111,"(71, 3)",1,-0.08
76,112,"(72, 3)",1,-0.08
76,113,"(73, 3)",1,-0.08
76,114,"(74, 3)",1,-0.08
76,115,"(75, 3)",1,-0.08
76,116,"(76, 3)",1,-0.08
76,117,"(77, 3)",0,-0.08
76,118,"(77, 2)",0,-0.08
76,119,"(77, 1)",1,-0.08
76,120,"(78, 1)",0,-0.08
76,121,"(78, 0)",1,8.33
77,0,"(0, 39)",1,-0.08
77,1,"(1, 39)",1,-0.08
77,2,"(2, 39)",1,-0.08
77,3,"(3, 39)",1,-0.08
77,4,"(4, 39)",1,-0.08
77,5,"(5, 39)",1,-0.08
77,6,"(6, 39)",1,-0.08
77,7,"(7, 39)",1,-0.08
77,8,"(8, 39)",1,-0.08
77,9,"(9, 39)",1,-0.08
77,10,"(10, 39)",0,-0.08
77,11,"(10, 38)",1,-0.08
77,12,"(11, 38)",0,-0.08
77,13,"(11, 37)",1,-0.08
77,14,"(12, 37)",1,-0.08
77,15,"(13, 37)",1,-0.08
77,16,"(14, 37)",1,-0.08
77,17,"(15, 37)",0,-0.08
77,18,"(15, 36)",1,-0.08
77,19,"(16, 36)",1,-0.08
77,20,"(17, 36)",0,-0.08
77,21,"(17, 35)",0,-0.08
77,22,"(17, 34)",0,-0.08
77,23,"(17, 33)",1,-0.08
77,24,"(18, 33)",1,-0.08
77,25,"(19, 33)",0,-0.08
77,26,"(19, 32)",0,-0.08
77,27,"(19, 31)",0,-0.08
77,28,"(19, 30)",0,-0.08
77,29,"(19, 29)",1,-0.08
77,30,"(20, 29)",0,-0.08
77,31,"(20, 28)",0,-0.08
77,32,"(20, 27)",1,-0.08
77,33,"(21, 27)",0,-0.08
77,34,"(21, 26)",1,-0.08
77,35,"(22, 26)",0,-0.08
77,36,"(22, 25)",1,-0.08
77,37,"(23, 25)",1,-0.08
77,38,"(24, 25)",1,-0.08
77,39,"(25, 25)",0,-0.08
77,40,"(25, 24)",0,-0.08
77,41,"(25, 23)",0,-0.08
77,42,"(25, 22)",0,-0.08
77,43,"(25, 21)",0,-0.08
77,44,"(25, 20)",0,-0.08
77,45,"(25, 19)",0,-0.08
77,46,"(25, 18)",1,-0.08
77,47,"(26, 18)",1,-0.08
77,48,"(27, 18)",0,-0.08
77,49,"(27, 17)",0,-0.08
77,50,"(27, 16)",1,-0.08
77,51,"(28, 16)",1,-0.08
77,52,"(29, 16)",0,-0.08
77,53,"(29, 15)",1,-0.08
77,54,"(30, 15)",1,-0.08
77,55,"(31, 15)",1,-0.08
77,56,"(32, 15)",0,-0.08
77,57,"(32, 14)",0,-0.08
77,58,"(32, 13)",1,-0.08
77,59,"(33, 13)",1,-0.08
77,60,"(34, 13)",1,-0.08
77,61,"(35, 13)",1,-0.08
77,62,"(36, 13)",1,-0.08
77,63,"(37, 13)",1,-0.08
77,64,"(38, 13)",1,-0.08
77,65,"(39, 13)",1,-0.08
77,66,"(40, 13)",1,-0.08
77,67,"(41, 13)",0,-0.08
77,68,"(41, 12)",0,-0.08
77,69,"(41, 11)",1,-0.08
77,70,"(42, 11)",1,-0.08
77,71,"(43, 11)",1,-0.08
77,72,"(44, 11)",1,-0.08
77,73,"(45, 11)",0,-0.08
77,74,"(45, 10)",0,-0.08
77,75,"(45, 9)",1,-0.08
77,76,"(46, 9)",0,-0.08
77,77,"(46, 8)",0,-0.08
77,78,"(46, 7)",1,-0.08
77,79,"(47, 7)",0,-0.08
77,80,"(47, 6)",1,-0.08
77,81,"(48, 6)",1,-0.08
77,82,"(49, 6)",0,-0.08
77,83,"(49, 5)",1,-0.08
77,84,"(50, 5)",1,-0.08
77,85,"(51, 5)",1,-0.08
77,86,"(52, 5)",1,-0.08
77,87,"(53, 5)",0,-0.08
77,88,"(53, 4)",0,-0.08
77,89,"(53, 3)",0,-0.08
77,90,"(53, 2)",0,-0.08
77,91,"(53, 1)",1,-0.08
77,92,"(54, 1)",1,-0.08
77,93,"(55, 1)",1,-0.08
77,94,"(56, 1)",1,-0.08
77,95,"(57, 1)",1,-0.08
77,96,"(58, 1)",1,-0.08
77,97,"(59, 1)",1,-0.08
77,98,"(60, 1)",1,-0.08
77,99,"(61, 1)",1,-0.08
77,100,"(62, 1)",1,-0.08
77,101,"(63, 1)",1,-0.08
77,102,"(64, 1)",1,-0.08
77,103,"(65, 1)",1,-0.08
77,104,"(66, 1)",1,-0.08
77,105,"(67, 1)",1,-0.08
77,106,"(68, 1)",1,-0.08
77,107,"(69, 1)",1,-0.08
77,108,"(70, 1)",1,-0.08
77,109,"(71, 1)",2,-0.08
77,110,"(71, 2)",2,-0.08
77,111,"(71, 3)",1,-0.08
77,112,"(72, 3)",1,-0.08
77,113,"(73, 3)",0,-0.08
77,114,"(73, 2)",0,-0.08
77,115,"(73, 1)",0,-0.08
77,116,"(73, 0)",1,-0.08
77,117,"(74, 0)",1,-0.08
77,118,"(75, 0)",1,-0.08
77,119,"(76, 0)",1,-0.08
77,120,"(77, 0)",1,-0.08
77,121,"(78, 0)",1,8.33
78,0,"(0, 39)",1,-0.08
78,1,"(1, 39)",1,-0.08
78,2,"(2, 39)",1,-0.08
78,3,"(3, 39)",1,-0.08
78,4,"(4, 39)",1,-0.08
78,5,"(5, 39)",1,-0.08
78,6,"(6, 39)",1,-0.08
78,7,"(7, 39)",1,-0.08
78,8,"(8, 39)",1,-0.08
78,9,"(9, 39)",1,-0.08
78,10,"(10, 39)",0,-0.08
78,11,"(10, 38)",0,-0.08
78,12,"(10, 37)",1,-0.08
78,13,"(11, 37)",1,-0.08
78,14,"(12, 37)",1,-0.08
78,15,"(13, 37)",1,-0.08
78,16,"(14, 37)",1,-0.08
78,17,"(15, 37)",0,-0.08
78,18,"(15, 36)",1,-0.08
78,19,"(16, 36)",1,-0.08
78,20,"(17, 36)",0,-0.08
78,21,"(17, 35)",0,-0.08
78,22,"(17, 34)",0,-0.08
78,23,"(17, 33)",1,-0.08
78,24,"(18, 33)",1,-0.08
78,25,"(19, 33)",0,-0.08
78,26,"(19, 32)",0,-0.08
78,27,"(19, 31)",0,-0.08
78,28,"(19, 30)",0,-0.08
78,29,"(19, 29)",1,-0.08
78,30,"(20, 29)",0,-0.08
78,31,"(20, 28)",0,-0.08
78,32,"(20, 27)",1,-0.08
78,33,"(21, 27)",0,-0.08
78,34,"(21, 26)",1,-0.08
78,35,"(22, 26)",0,-0.08
78,36,"(22, 25)",1,-0.08
78,37,"(23, 25)",1,-0.08
78,38,"(24, 25)",1,-0.08
78,39,"(25, 25)",0,-0.08
78,40,"(25, 24)",0,-0.08
78,41,"(25, 23)",0,-0.08
78,42,"(25, 22)",0,-0.08
78,43,"(25, 21)",0,-0.08
78,44,"(25, 20)",0,-0.08
78,45,"(25, 19)",1,-0.08
78,46,"(26, 19)",0,-0.08
78,47,"(26, 18)",1,-0.08
78,48,"(27, 18)",0,-0.08
78,49,"(27, 17)",1,-0.08
78,50,"(28, 17)",1,-0.08
78,51,"(29, 17)",0,-0.08
78,52,"(29, 16)",0,-0.08
78,53,"(29, 15)",1,-0.08
78,54,"(30, 15)",1,-0.08
78,55,"(31, 15)",0,-0.08
78,56,"(31, 14)",1,-0.08
78,57,"(32, 14)",0,-0.08
78,58,"(32, 13)",1,-0.08
78,59,"(33, 13)",1,-0.08
78,60,"(34, 13)",1,-0.08
78,61,"(35, 13)",1,-0.08
78,62,"(36, 13)",1,-0.08
78,63,"(37, 13)",1,-0.08
78,64,"(38, 13)",1,-0.08
78,65,"(39, 13)",1,-0.08
78,66,"(40, 13)",1,-0.08
78,67,"(41, 13)",1,-0.08
78,68,"(42, 13)",1,-0.08
78,69,"(43, 13)",1,-0.08
78,70,"(44, 13)",1,-0.08
78,71,"(45, 13)",0,-0.08
78,72,"(45, 12)",0,-0.08
78,73,"(45, 11)",0,-0.08
78,74,"(45, 10)",1,-0.08
78,75,"(46, 10)",0,-0.08
78,76,"(46, 9)",0,-0.08
78,77,"(46, 8)",0,-0.08
78,78,"(46, 7)",0,-0.08
78,79,"(46, 6)",1,-0.08
78,80,"(47, 6)",1,-0.08
78,81,"(48, 6)",1,-0.08
78,82,"(49, 6)",0,-0.08
78,83,"(49, 5)",1,-0.08
78,84,"(50, 5)",1,-0.08
78,85,"(51, 5)",0,-0.08
78,86,"(51, 4)",0,-0.08
78,87,"(51, 3)",0,-0.08
78,88,"(51, 2)",0,-0.08
78,89,"(51, 1)",1,-0.08
78,90,"(52, 1)",1,-0.08
78,91,"(53, 1)",1,-0.08
78,92,"(54, 1)",1,-0.08
78,93,"(55, 1)",1,-0.08
78,94,"(56, 1)",1,-0.08
78,95,"(57, 1)",1,-0.08
78,96,"(58, 1)",1,-0.08
78,97,"(59, 1)",1,-0.08
78,98,"(60, 1)",1,-0.08
78,99,"(61, 1)",1,-0.08
78,100,"(62, 1)",1,-0.08
78,101,"(63, 1)",1,-0.08
78,102,"(64, 1)",1,-0.08
78,103,"(65, 1)",1,-0.08
78,104,"(66, 1)",1,-0.08
78,105,"(67, 1)",1,-0.08
78,106,"(68, 1)",1,-0.08
78,107,"(69, 1)",1,-0.08
78,108,"(70, 1)",1,-0.08
78,109,"(71, 1)",2,-0.08
78,110,"(71, 2)",2,-0.08
78,111,"(71, 3)",1,-0.08
78,112,"(72, 3)",1,-0.08
78,113,"(73, 3)",1,-0.08
78,114,"(74, 3)",1,-0.08
78,115,"(75, 3)",1,-0.08
78,116,"(76, 3)",1,-0.08
78,117,"(77, 3)",0,-0.08
78,118,"(77, 2)",0,-0.08
78,119,"(77, 1)",1,-0.08
78,120,"(78, 1)",1,-0.08
78,121,"(79, 1)",0,8.33
79,0,"(0, 39)",1,-0.08
79,1,"(1, 39)",1,-0.08
79,2,"(2, 39)",1,-0.08
79,3,"(3, 39)",1,-0.08
79,4,"(4, 39)",1,-0.08
79,5,"(5, 39)",1,-0.08
79,6,"(6, 39)",1,-0.08
79,7,"(7, 39)",1,-0.08
79,8,"(8, 39)",1,-0.08
79,9,"(9, 39)",1,-0.08
79,10,"(10, 39)",0,-0.08
79,11,"(10, 38)",0,-0.08
79,12,"(10, 37)",1,-0.08
79,13,"(11, 37)",1,-0.08
79,14,"(12, 37)",1,-0.08
79,15,"(13, 37)",1,-0.08
79,16,"(14, 37)",1,-0.08
79,17,"(15, 37)",1,-0.08
79,18,"(16, 37)",0,-0.08
79,19,"(16, 36)",1,-0.08
79,20,"(17, 36)",0,-0.08
79,21,"(17, 35)",0,-0.08
79,22,"(17, 34)",0,-0.08
79,23,"(17, 33)",1,-0.08
79,24,"(18, 33)",1,-0.08
79,25,"(19, 33)",0,-0.08
79,26,"(19, 32)",0,-0.08
79,27,"(19, 31)",0,-0.08
79,28,"(19, 30)",0,-0.08
79,29,"(19, 29)",1,-0.08
79,30,"(20, 29)",0,-0.08
79,31,"(20, 28)",0,-0.08
79,32,"(20, 27)",1,-0.08
79,33,"(21, 27)",0,-0.08
79,34,"(21, 26)",0,-0.08
79,35,"(21, 25)",1,-0.08
79,36,"(22, 25)",1,-0.08
79,37,"(23, 25)",1,-0.08
79,38,"(24, 25)",1,-0.08
79,39,"(25, 25)",1,-0.08
79,40,"(26, 25)",1,-0.08
79,41,"(27, 25)",1,-0.08
79,42,"(28, 25)",1,-0.08
79,43,"(29, 25)",1,-0.08
79,44,"(30, 25)",1,-0.08
79,45,"(31, 25)",0,-0.08
79,46,"(31, 24)",0,-0.08
79,47,"(31, 23)",1,-0.08
79,48,"(32, 23)",1,-0.08
79,49,"(33, 23)",0,-0.08
79,50,"(33, 22)",0,-0.08
79,51,"(33, 21)",1,-0.08
79,52,"(34, 21)",1,-0.08
79,53,"(35, 21)",0,-0.08
79,54,"(35, 20)",0,-0.08
79,55,"(35, 19)",0,-0.08
79,56,"(35, 18)",0,-0.08
79,57,"(35, 17)",1,-0.08
79,58,"(36, 17)",1,-0.08
79,59,"(37, 17)",1,-0.08
79,60,"(38, 17)",1,-0.08
79,61,"(39, 17)",0,-0.08
79,62,"(39, 16)",0,-0.08
79,63,"(39, 15)",1,-0.08
79,64,"(40, 15)",0,-0.08
79,65,"(40, 14)",1,-0.08
79,66,"(41, 14)",0,-0.08
79,67,"(41, 13)",1,-0.08
79,68,"(42, 13)",1,-0.08
79,69,"(43, 13)",1,-0.08
79,70,"(44, 13)",1,-0.08
79,71,"(45, 13)",0,-0.08
79,72,"(45, 12)",0,-0.08
79,73,"(45, 11)",0,-0.08
79,74,"(45, 10)",1,-0.08
79,75,"(46, 10)",0,-0.08
79,76,"(46, 9)",0,-0.08
79,77,"(46, 8)",0,-0.08
79,78,"(46, 7)",0,-0.08
79,79,"(46, 6)",1,-0.08
79,80,"(47, 6)",1,-0.08
79,81,"(48, 6)",1,-0.08
79,82,"(49, 6)",0,-0.08
79,83,"(49, 5)",1,-0.08
79,84,"(50, 5)",1,-0.08
79,85,"(51, 5)",0,-0.08
79,86,"(51, 4)",0,-0.08
79,87,"(51, 3)",0,-0.08
79,88,"(51, 2)",1,-0.08
79,89,"(52, 2)",1,-0.08
79,90,"(53, 2)",0,-0.08
79,91,"(53, 1)",1,-0.08
79,92,"(54, 1)",1,-0.08
79,93,"(55, 1)",1,-0.08
79,94,"(56, 1)",1,-0.08
79,95,"(57, 1)",1,-0.08
79,96,"(58, 1)",1,-0.08
79,97,"(59, 1)",1,-0.08
79,98,"(60, 1)",1,-0.08
79,99,"(61, 1)",1,-0.08
79,100,"(62, 1)",1,-0.08
79,101,"(63, 1)",1,-0.08
79,102,"(64, 1)",1,-0.08
79,103,"(65, 1)",1,-0.08
79,104,"(66, 1)",1,-0.08
79,105,"(67, 1)",1,-0.08
79,106,"(68, 1)",1,-0.08
79,107,"(69, 1)",1,-0.08
79,108,"(70, 1)",1,-0.08
79,109,"(71, 1)",2,-0.08
79,110,"(71, 2)",2,-0.08
79,111,"(71, 3)",1,-0.08
79,112,"(72, 3)",1,-0.08
79,113,"(73, 3)",0,-0.08
79,114,"(73, 2)",0,-0.08
79,115,"(73, 1)",1,-0.08
79,116,"(74, 1)",1,-0.08
79,117,"(75, 1)",0,-0.08
79,118,"(75, 0)",1,-0.08
79,119,"(76, 0)",1,-0.08
79,120,"(77, 0)",1,-0.08
79,121,"(78, 0)",1,8.33
80,0,"(0, 39)",1,-0.08
80,1,"(1, 39)",1,-0.08
80,2,"(2, 39)",1,-0.08
80,3,"(3, 39)",1,-0.08
80,4,"(4, 39)",1,-0.08
80,5,"(5, 39)",1,-0.08
80,6,"(6, 39)",1,-0.08
80,7,"(7, 39)",1,-0.08
80,8,"(8, 39)",1,-0.08
80,9,"(9, 39)",1,-0.08
80,10,"(10, 39)",1,-0.08
80,11,"(11, 39)",0,-0.08
80,12,"(11, 38)",0,-0.08
80,13,"(11, 37)",1,-0.08
80,14,"(12, 37)",1,-0.08
80,15,"(13, 37)",1,-0.08
80,16,"(14, 37)",1,-0.08
80,17,"(15, 37)",0,-0.08
80,18,"(15, 36)",1,-0.08
80,19,"(16, 36)",1,-0.08
80,20,"(17, 36)",0,-0.08
80,21,"(17, 35)",1,-0.08
80,22,"(18, 35)",0,-0.08
80,23,"(18, 34)",0,-0.08
80,24,"(18, 33)",1,-0.08
80,25,"(19, 33)",0,-0.08
80,26,"(19, 32)",0,-0.08
80,27,"(19, 31)",0,-0.08
80,28,"(19, 30)",0,-0.08
80,29,"(19, 29)",1,-0.08
80,30,"(20, 29)",0,-0.08
80,31,"(20, 28)",0,-0.08
80,32,"(20, 27)",1,-0.08
80,33,"(21, 27)",0,-0.08
80,34,"(21, 26)",1,-0.08
80,35,"(22, 26)",1,-0.08
80,36,"(23, 26)",0,-0.08
80,37,"(23, 25)",1,-0.08
80,38,"(24, 25)",1,-0.08
80,39,"(25, 25)",1,-0.08
80,40,"(26, 25)",1,-0.08
80,41,"(27, 25)",1,-0.08
80,42,"(28, 25)",1,-0.08
80,43,"(29, 25)",1,-0.08
80,44,"(30, 25)",1,-0.08
80,45,"(31, 25)",0,-0.08
80,46,"(31, 24)",0,-0.08
80,47,"(31, 23)",1,-0.08
80,48,"(32, 23)",1,-0.08
80,49,"(33, 23)",0,-0.08
80,50,"(33, 22)",0,-0.08
80,51,"(33, 21)",1,-0.08
80,52,"(34, 21)",1,-0.08
80,53,"(35, 21)",0,-0.08
80,54,"(35, 20)",0,-0.08
80,55,"(35, 19)",0,-0.08
80,56,"(35, 18)",0,-0.08
80,57,"(35, 17)",1,-0.08
80,58,"(36, 17)",1,-0.08
80,59,"(37, 17)",0,-0.08
80,60,"(37, 16)",0,-0.08
80,61,"(37, 15)",1,-0.08
80,62,"(38, 15)",1,-0.08
80,63,"(39, 15)",1,-0.08
80,64,"(40, 15)",0,-0.08
80,65,"(40, 14)",1,-0.08
80,66,"(41, 14)",0,-0.08
80,67,"(41, 13)",0,-0.08
80,68,"(41, 12)",0,-0.08
80,69,"(41, 11)",1,-0.08
80,70,"(42, 11)",1,-0.08
80,71,"(43, 11)",1,-0.08
80,72,"(44, 11)",1,-0.08
80,73,"(45, 11)",0,-0.08
80,74,"(45, 10)",0,-0.08
80,75,"(45, 9)",1,-0.08
80,76,"(46, 9)",0,-0.08
80,77,"(46, 8)",0,-0.08
80,78,"(46, 7)",1,-0.08
80,79,"(47, 7)",0,-0.08
80,80,"(47, 6)",1,-0.08
80,81,"(48, 6)",1,-0.08
80,82,"(49, 6)",0,-0.08
80,83,"(49, 5)",1,-0.08
80,84,"(50, 5)",1,-0.08
80,85,"(51, 5)",1,-0.08
80,86,"(52, 5)",1,-0.08
80,87,"(53, 5)",0,-0.08
80,88,"(53, 4)",0,-0.08
80,89,"(53, 3)",1,-0.08
80,90,"(54, 3)",1,-0.08
80,91,"(55, 3)",1,-0.08
80,92,"(56, 3)",0,-0.08
80,93,"(56, 2)",0,-0.08
80,94,"(56, 1)",1,-0.08
80,95,"(57, 1)",1,-0.08
80,96,"(58, 1)",1,-0.08
80,97,"(59, 1)",1,-0.08
80,98,"(60, 1)",1,-0.08
80,99,"(61, 1)",1,-0.08
80,100,"(62, 1)",1,-0.08
80,101,"(63, 1)",1,-0.08
80,102,"(64, 1)",1,-0.08
80,103,"(65, 1)",1,-0.08
80,104,"(66, 1)",1,-0.08
80,105,"(67, 1)",1,-0.08
80,106,"(68, 1)",1,-0.08
80,107,"(69, 1)",1,-0.08
80,108,"(70, 1)",1,-0.08
80,109,"(71, 1)",2,-0.08
80,110,"(71, 2)",2,-0.08
80,111,"(71, 3)",1,-0.08
80,112,"(72, 3)",1,-0.08
80,113,"(73, 3)",1,-0.08
80,114,"(74, 3)",1,-0.08
80,115,"(75, 3)",1,-0.08
80,116,"(76, 3)",1,-0.08
80,117,"(77, 3)",0,-0.08
80,118,"(77, 2)",0,-0.08
80,119,"(77, 1)",0,-0.08
80,120,"(77, 0)",1,-0.08
80,121,"(78, 0)",1,8.33
81,0,"(0, 39)",1,-0.08
81,1,"(1, 39)",1,-0.08
81,2,"(2, 39)",1,-0.08
81,3,"(3, 39)",1,-0.08
81,4,"(4, 39)",1,-0.08
81,5,"(5, 39)",1,-0.08
81,6,"(6, 39)",1,-0.08
81,7,"(7, 39)",1,-0.08
81,8,"(8, 39)",1,-0.08
81,9,"(9, 39)",1,-0.08
81,10,"(10, 39)",0,-0.08
81,11,"(10, 38)",0,-0.08
81,12,"(10, 37)",1,-0.08
81,13,"(11, 37)",1,-0.08
81,14,"(12, 37)",1,-0.08
81,15,"(13, 37)",1,-0.08
81,16,"(14, 37)",1,-0.08
81,17,"(15, 37)",1,-0.08
81,18,"(16, 37)",0,-0.08
81,19,"(16, 36)",1,-0.08
81,20,"(17, 36)",0,-0.08
81,21,"(17, 35)",1,-0.08
81,22,"(18, 35)",1,-0.08
81,23,"(19, 35)",0,-0.08
81,24,"(19, 34)",0,-0.08
81,25,"(19, 33)",0,-0.08
81,26,"(19, 32)",0,-0.08
81,27,"(19, 31)",0,-0.08
81,28,"(19, 30)",0,-0.08
81,29,"(19, 29)",1,-0.08
81,30,"(20, 29)",0,-0.08
81,31,"(20, 28)",0,-0.08
81,32,"(20, 27)",1,-0.08
81,33,"(21, 27)",0,-0.08
81,34,"(21, 26)",1,-0.08
81,35,"(22, 26)",1,-0.08
81,36,"(23, 26)",0,-0.08
81,37,"(23, 25)",1,-0.08
81,38,"(24, 25)",1,-0.08
81,39,"(25, 25)",1,-0.08
81,40,"(26, 25)",1,-0.08
81,41,"(27, 25)",1,-0.08
81,42,"(28, 25)",1,-0.08
81,43,"(29, 25)",1,-0.08
81,44,"(30, 25)",1,-0.08
81,45,"(31, 25)",0,-0.08
81,46,"(31, 24)",0,-0.08
81,47,"(31, 23)",1,-0.08
81,48,"(32, 23)",1,-0.08
81,49,"(33, 23)",0,-0.08
81,50,"(33, 22)",0,-0.08
81,51,"(33, 21)",1,-0.08
81,52,"(34, 21)",1,-0.08
81,53,"(35, 21)",0,-0.08
81,54,"(35, 20)",0,-0.08
81,55,"(35, 19)",0,-0.08
81,56,"(35, 18)",0,-0.08
81,57,"(35, 17)",1,-0.08
81,58,"(36, 17)",1,-0.08
81,59,"(37, 17)",1,-0.08
81,60,"(38, 17)",1,-0.08
81,61,"(39, 17)",0,-0.08
81,62,"(39, 16)",0,-0.08
81,63,"(39, 15)",1,-0.08
81,64,"(40, 15)",1,-0.08
81,65,"(41, 15)",0,-0.08
81,66,"(41, 14)",0,-0.08
81,67,"(41, 13)",0,-0.08
81,68,"(41, 12)",0,-0.08
81,69,"(41, 11)",1,-0.08
81,70,"(42, 11)",1,-0.08
81,71,"(43, 11)",1,-0.08
81,72,"(44, 11)",1,-0.08
81,73,"(45, 11)",0,-0.08
81,74,"(45, 10)",0,-0.08
81,75,"(45, 9)",1,-0.08
81,76,"(46, 9)",0,-0.08
81,77,"(46, 8)",0,-0.08
81,78,"(46, 7)",1,-0.08
81,79,"(47, 7)",0,-0.08
81,80,"(47, 6)",1,-0.08
81,81,"(48, 6)",1,-0.08
81,82,"(49, 6)",0,-0.08
81,83,"(49, 5)",1,-0.08
81,84,"(50, 5)",1,-0.08
81,85,"(51, 5)",0,-0.08
81,86,"(51, 4)",0,-0.08
81,87,"(51, 3)",0,-0.08
81,88,"(51, 2)",1,-0.08
81,89,"(52, 2)",0,-0.08
81,90,"(52, 1)",1,-0.08
81,91,"(53, 1)",1,-0.08
81,92,"(54, 1)",1,-0.08
81,93,"(55, 1)",1,-0.08
81,94,"(56, 1)",1,-0.08
81,95,"(57, 1)",1,-0.08
81,96,"(58, 1)",1,-0.08
81,97,"(59, 1)",1,-0.08
81,98,"(60, 1)",1,-0.08
81,99,"(61, 1)",1,-0.08
81,100,"(62, 1)",1,-0.08
81,101,"(63, 1)",1,-0.08
81,102,"(64, 1)",1,-0.08
81,103,"(65, 1)",1,-0.08
81,104,"(66, 1)",1,-0.08
81,105,"(67, 1)",1,-0.08
81,106,"(68, 1)",1,-0.08
81,107,"(69, 1)",1,-0.08
81,108,"(70, 1)",1,-0.08
81,109,"(71, 1)",2,-0.08
81,110,"(71, 2)",2,-0.08
81,111,"(71, 3)",1,-0.08
81,112,"(72, 3)",1,-0.08
81,113,"(73, 3)",0,-0.08
81,114,"(73, 2)",0,-0.08
81,115,"(73, 1)",0,-0.08
81,116,"(73, 0)",1,-0.08
81,117,"(74, 0)",1,-0.08
81,118,"(75, 0)",1,-0.08
81,119,"(76, 0)",1,-0.08
81,120,"(77, 0)",1,-0.08
81,121,"(78, 0)",1,8.33
82,0,"(0, 39)",1,-0.08
82,1,"(1, 39)",1,-0.08
82,2,"(2, 39)",1,-0.08
82,3,"(3, 39)",1,-0.08
82,4,"(4, 39)",1,-0.08
82,5,"(5, 39)",1,-0.08
82,6,"(6, 39)",1,-0.08
82,7,"(7, 39)",1,-0.08
82,8,"(8, 39)",1,-0.08
82,9,"(9, 39)",1,-0.08
82,10,"(10, 39)",0,-0.08
82,11,"(10, 38)",1,-0.08
82,12,"(11, 38)",0,-0.08
82,13,"(11, 37)",1,-0.08
82,14,"(12, 37)",1,-0.08
82,15,"(13, 37)",1,-0.08
82,16,"(14, 37)",1,-0.08
82,17,"(15, 37)",1,-0.08
82,18,"(16, 37)",1,-0.08
82,19,"(17, 37)",1,-0.08
82,20,"(18, 37)",1,-0.08
82,21,"(19, 37)",0,-0.08
82,22,"(19, 36)",0,-0.08
82,23,"(19, 35)",0,-0.08
82,24,"(19, 34)",0,-0.08
82,25,"(19, 33)",0,-0.08
82,26,"(19, 32)",0,-0.08
82,27,"(19, 31)",0,-0.08
82,28,"(19, 30)",0,-0.08
82,29,"(19, 29)",1,-0.08
82,30,"(20, 29)",0,-0.08
82,31,"(20, 28)",0,-0.08
82,32,"(20, 27)",1,-0.08
82,33,"(21, 27)",0,-0.08
82,34,"(21, 26)",0,-0.08
82,35,"(21, 25)",1,-0.08
82,36,"(22, 25)",0,-0.08
82,37,"(22, 24)",0,-0.08
82,38,"(22, 23)",1,-0.08
82,39,"(23, 23)",1,-0.08
82,40,"(24, 23)",1,-0.08
82,41,"(25, 23)",0,-0.08
82,42,"(25, 22)",0,-0.08
82,43,"(25, 21)",0,-0.08
82,44,"(25, 20)",0,-0.08
82,45,"(25, 19)",1,-0.08
82,46,"(26, 19)",0,-0.08
82,47,"(26, 18)",1,-0.08
82,48,"(27, 18)",0,-0.08
82,49,"(27, 17)",1,-0.08
82,50,"(28, 17)",0,-0.08
82,51,"(28, 16)",1,-0.08
82,52,"(29, 16)",0,-0.08
82,53,"(29, 15)",1,-0.08
82,54,"(30, 15)",1,-0.08
82,55,"(31, 15)",1,-0.08
82,56,"(32, 15)",0,-0.08
82,57,"(32, 14)",0,-0.08
82,58,"(32, 13)",1,-0.08
82,59,"(33, 13)",1,-0.08
82,60,"(34, 13)",1,-0.08
82,61,"(35, 13)",1,-0.08
82,62,"(36, 13)",1,-0.08
82,63,"(37, 13)",1,-0.08
82,64,"(38, 13)",1,-0.08
82,65,"(39, 13)",1,-0.08
82,66,"(40, 13)",1,-0.08
82,67,"(41, 13)",0,-0.08
82,68,"(41, 12)",0,-0.08
82,69,"(41, 11)",1,-0.08
82,70,"(42, 11)",1,-0.08
82,71,"(43, 11)",1,-0.08
82,72,"(44, 11)",1,-0.08
82,73,"(45, 11)",0,-0.08
82,74,"(45, 10)",0,-0.08
82,75,"(45, 9)",1,-0.08
82,76,"(46, 9)",0,-0.08
82,77,"(46, 8)",0,-0.08
82,78,"(46, 7)",0,-0.08
82,79,"(46, 6)",1,-0.08
82,80,"(47, 6)",1,-0.08
82,81,"(48, 6)",1,-0.08
82,82,"(49, 6)",0,-0.08
82,83,"(49, 5)",1,-0.08
82,84,"(50, 5)",1,-0.08
82,85,"(51, 5)",0,-0.08
82,86,"(51, 4)",0,-0.08
82,87,"(51, 3)",0,-0.08
82,88,"(51, 2)",0,-0.08
82,89,"(51, 1)",1,-0.08
82,90,"(52, 1)",1,-0.08
82,91,"(53, 1)",1,-0.08
82,92,"(54, 1)",1,-0.08
82,93,"(55, 1)",1,-0.08
82,94,"(56, 1)",1,-0.08
82,95,"(57, 1)",1,-0.08
82,96,"(58, 1)",1,-0.08
82,97,"(59, 1)",1,-0.08
82,98,"(60, 1)",1,-0.08
82,99,"(61, 1)",1,-0.08
82,100,"(62, 1)",1,-0.08
82,101,"(63, 1)",1,-0.08
82,102,"(64, 1)",1,-0.08
82,103,"(65, 1)",1,-0.08
82,104,"(66, 1)",1,-0.08
82,105,"(67, 1)",1,-0.08
82,106,"(68, 1)",1,-0.08
82,107,"(69, 1)",1,-0.08
82,108,"(70, 1)",1,-0.08
82,109,"(71, 1)",2,-0.08
82,110,"(71, 2)",2,-0.08
82,111,"(71, 3)",1,-0.08
82,112,"(72, 3)",1,-0.08
82,113,"(73, 3)",1,-0.08
82,114,"(74, 3)",1,-0.08
82,115,"(75, 3)",1,-0.08
82,116,"(76, 3)",1,-0.08
82,117,"(77, 3)",0,-0.08
82,118,"(77, 2)",0,-0.08
82,119,"(77, 1)",0,-0.08
82,120,"(77, 0)",1,-0.08
82,121,"(78, 0)",1,8.33
83,0,"(0, 39)",1,-0.08
83,1,"(1, 39)",1,-0.08
83,2,"(2, 39)",1,-0.08
83,3,"(3, 39)",1,-0.08
83,4,"(4, 39)",1,-0.08
83,5,"(5, 39)",1,-0.08
83,6,"(6, 39)",1,-0.08
83,7,"(7, 39)",1,-0.08
83,8,"(8, 39)",1,-0.08
83,9,"(9, 39)",1,-0.08
83,10,"(10, 39)",0,-0.08
83,11,"(10, 38)",0,-0.08
83,12,"(10, 37)",1,-0.08
83,13,"(11, 37)",1,-0.08
83,14,"(12, 37)",1,-0.08
83,15,"(13, 37)",1,-0.08
83,16,"(14, 37)",1,-0.08
83,17,"(15, 37)",0,-0.08
83,18,"(15, 36)",1,-0.08
83,19,"(16, 36)",1,-0.08
83,20,"(17, 36)",0,-0.08
83,21,"(17, 35)",0,-0.08
83,22,"(17, 34)",1,-0.08
83,23,"(18, 34)",0,-0.08
83,24,"(18, 33)",1,-0.08
83,25,"(19, 33)",0,-0.08
83,26,"(19, 32)",0,-0.08
83,27,"(19, 31)",0,-0.08
83,28,"(19, 30)",0,-0.08
83,29,"(19, 29)",1,-0.08
83,30,"(20, 29)",0,-0.08
83,31,"(20, 28)",0,-0.08
83,32,"(20, 27)",1,-0.08
83,33,"(21, 27)",0,-0.08
83,34,"(21, 26)",0,-0.08
83,35,"(21, 25)",1,-0.08
83,36,"(22, 25)",0,-0.08
83,37,"(22, 24)",0,-0.08
83,38,"(22, 23)",1,-0.08
83,39,"(23, 23)",1,-0.08
83,40,"(24, 23)",1,-0.08
83,41,"(25, 23)",0,-0.08
83,42,"(25, 22)",0,-0.08
83,43,"(25, 21)",0,-0.08
83,44,"(25, 20)",0,-0.08
83,45,"(25, 19)",1,-0.08
83,46,"(26, 19)",0,-0.08
83,47,"(26, 18)",1,-0.08
83,48,"(27, 18)",0,-0.08
83,49,"(27, 17)",1,-0.08
83,50,"(28, 17)",1,-0.08
83,51,"(29, 17)",0,-0.08
83,52,"(29, 16)",0,-0.08
83,53,"(29, 15)",1,-0.08
83,54,"(30, 15)",1,-0.08
83,55,"(31, 15)",0,-0.08
83,56,"(31, 14)",1,-0.08
83,57,"(32, 14)",0,-0.08
83,58,"(32, 13)",1,-0.08
83,59,"(33, 13)",1,-0.08
83,60,"(34, 13)",1,-0.08
83,61,"(35, 13)",1,-0.08
83,62,"(36, 13)",1,-0.08
83,63,"(37, 13)",1,-0.08
83,64,"(38, 13)",1,-0.08
83,65,"(39, 13)",1,-0.08
83,66,"(40, 13)",1,-0.08
83,67,"(41, 13)",1,-0.08
83,68,"(42, 13)",1,-0.08
83,69,"(43, 13)",1,-0.08
83,70,"(44, 13)",1,-0.08
83,71,"(45, 13)",0,-0.08
83,72,"(45, 12)",0,-0.08
83,73,"(45, 11)",0,-0.08
83,74,"(45, 10)",0,-0.08
83,75,"(45, 9)",1,-0.08
83,76,"(46, 9)",0,-0.08
83,77,"(46, 8)",0,-0.08
83,78,"(46, 7)",0,-0.08
83,79,"(46, 6)",1,-0.08
83,80,"(47, 6)",1,-0.08
83,81,"(48, 6)",1,-0.08
83,82,"(49, 6)",0,-0.08
83,83,"(49, 5)",1,-0.08
83,84,"(50, 5)",1,-0.08
83,85,"(51, 5)",1,-0.08
83,86,"(52, 5)",1,-0.08
83,87,"(53, 5)",0,-0.08
83,88,"(53, 4)",0,-0.08
83,89,"(53, 3)",1,-0.08
83,90,"(54, 3)",1,-0.08
83,91,"(55, 3)",1,-0.08
83,92,"(56, 3)",0,-0.08
83,93,"(56, 2)",1,-0.08
83,94,"(57, 2)",1,-0.08
83,95,"(58, 2)",0,-0.08
83,96,"(58, 1)",1,-0.08
83,97,"(59, 1)",1,-0.08
83,98,"(60, 1)",1,-0.08
83,99,"(61, 1)",1,-0.08
83,100,"(62, 1)",1,-0.08
83,101,"(63, 1)",1,-0.08
83,102,"(64, 1)",1,-0.08
83,103,"(65, 1)",1,-0.08
83,104,"(66, 1)",1,-0.08
83,105,"(67, 1)",1,-0.08
83,106,"(68, 1)",1,-0.08
83,107,"(69, 1)",1,-0.08
83,108,"(70, 1)",1,-0.08
83,109,"(71, 1)",2,-0.08
83,110,"(71, 2)",2,-0.08
83,111,"(71, 3)",1,-0.08
83,112,"(72, 3)",1,-0.08
83,113,"(73, 3)",0,-0.08
83,114,"(73, 2)",0,-0.08
83,115,"(73, 1)",0,-0.08
83,116,"(73, 0)",1,-0.08
83,117,"(74, 0)",1,-0.08
83,118,"(75, 0)",1,-0.08
83,119,"(76, 0)",1,-0.08
83,120,"(77, 0)",1,-0.08
83,121,"(78, 0)",1,8.33
84,0,"(0, 39)",1,-0.08
84,1,"(1, 39)",1,-0.08
84,2,"(2, 39)",1,-0.08
84,3,"(3, 39)",1,-0.08
84,4,"(4, 39)",1,-0.08
84,5,"(5, 39)",1,-0.08
84,6,"(6, 39)",1,-0.08
84,7,"(7, 39)",1,-0.08
84,8,"(8, 39)",1,-0.08
84,9,"(9, 39)",1,-0.08
84,10,"(10, 39)",0,-0.08
84,11,"(10, 38)",1,-0.08
84,12,"(11, 38)",0,-0.08
84,13,"(11, 37)",1,-0.08
84,14,"(12, 37)",1,-0.08
84,15,"(13, 37)",1,-0.08
84,16,"(14, 37)",1,-0.08
84,17,"(15, 37)",0,-0.08
84,18,"(15, 36)",1,-0.08
84,19,"(16, 36)",1,-0.08
84,20,"(17, 36)",0,-0.08
84,21,"(17, 35)",1,-0.08
84,22,"(18, 35)",1,-0.08
84,23,"(19, 35)",0,-0.08
84,24,"(19, 34)",0,-0.08
84,25,"(19, 33)",0,-0.08
84,26,"(19, 32)",0,-0.08
84,27,"(19, 31)",0,-0.08
84,28,"(19, 30)",0,-0.08
84,29,"(19, 29)",1,-0.08
84,30,"(20, 29)",0,-0.08
84,31,"(20, 28)",0,-0.08
84,32,"(20, 27)",1,-0.08
84,33,"(21, 27)",0,-0.08
84,34,"(21, 26)",1,-0.08
84,35,"(22, 26)",0,-0.08
84,36,"(22, 25)",0,-0.08
84,37,"(22, 24)",0,-0.08
84,38,"(22, 23)",1,-0.08
84,39,"(23, 23)",1,-0.08
84,40,"(24, 23)",1,-0.08
84,41,"(25, 23)",0,-0.08
84,42,"(25, 22)",0,-0.08
84,43,"(25, 21)",1,-0.08
84,44,"(26, 21)",1,-0.08
84,45,"(27, 21)",0,-0.08
84,46,"(27, 20)",0,-0.08
84,47,"(27, 19)",1,-0.08
84,48,"(28, 19)",1,-0.08
84,49,"(29, 19)",1,-0.08
84,50,"(30, 19)",1,-0.08
84,51,"(31, 19)",1,-0.08
84,52,"(32, 19)",1,-0.08
84,53,"(33, 19)",1,-0.08
84,54,"(34, 19)",1,-0.08
84,55,"(35, 19)",0,-0.08
84,56,"(35, 18)",0,-0.08
84,57,"(35, 17)",1,-0.08
84,58,"(36, 17)",1,-0.08
84,59,"(37, 17)",1,-0.08
84,60,"(38, 17)",1,-0.08
84,61,"(39, 17)",0,-0.08
84,62,"(39, 16)",0,-0.08
84,63,"(39, 15)",1,-0.08
84,64,"(40, 15)",1,-0.08
84,65,"(41, 15)",0,-0.08
84,66,"(41, 14)",0,-0.08
84,67,"(41, 13)",0,-0.08
84,68,"(41, 12)",0,-0.08
84,69,"(41, 11)",1,-0.08
84,70,"(42, 11)",1,-0.08
84,71,"(43, 11)",1,-0.08
84,72,"(44, 11)",1,-0.08
84,73,"(45, 11)",0,-0.08
84,74,"(45, 10)",1,-0.08
84,75,"(46, 10)",0,-0.08
84,76,"(46, 9)",0,-0.08
84,77,"(46, 8)",0,-0.08
84,78,"(46, 7)",1,-0.08
84,79,"(47, 7)",0,-0.08
84,80,"(47, 6)",1,-0.08
84,81,"(48, 6)",1,-0.08
84,82,"(49, 6)",0,-0.08
84,83,"(49, 5)",1,-0.08
84,84,"(50, 5)",1,-0.08
84,85,"(51, 5)",0,-0.08
84,86,"(51, 4)",0,-0.08
84,87,"(51, 3)",0,-0.08
84,88,"(51, 2)",0,-0.08
84,89,"(51, 1)",1,-0.08
84,90,"(52, 1)",1,-0.08
84,91,"(53, 1)",1,-0.08
84,92,"(54, 1)",1,-0.08
84,93,"(55, 1)",1,-0.08
84,94,"(56, 1)",1,-0.08
84,95,"(57, 1)",1,-0.08
84,96,"(58, 1)",1,-0.08
84,97,"(59, 1)",1,-0.08
84,98,"(60, 1)",1,-0.08
84,99,"(61, 1)",1,-0.08
84,100,"(62, 1)",1,-0.08
84,101,"(63, 1)",1,-0.08
84,102,"(64, 1)",1,-0.08
84,103,"(65, 1)",1,-0.08
84,104,"(66, 1)",1,-0.08
84,105,"(67, 1)",1,-0.08
84,106,"(68, 1)",1,-0.08
84,107,"(69, 1)",1,-0.08
84,108,"(70, 1)",1,-0.08
84,109,"(71, 1)",2,-0.08
84,110,"(71, 2)",2,-0.08
84,111,"(71, 3)",1,-0.08
84,112,"(72, 3)",1,-0.08
84,113,"(73, 3)",0,-0.08
84,114,"(73, 2)",0,-0.08
84,115,"(73, 1)",0,-0.08
84,116,"(73, 0)",1,-0.08
84,117,"(74, 0)",1,-0.08
84,118,"(75, 0)",1,-0.08
84,119,"(76, 0)",1,-0.08
84,120,"(77, 0)",1,-0.08
84,121,"(78, 0)",1,8.33
85,0,"(0, 39)",1,-0.08
85,1,"(1, 39)",1,-0.08
85,2,"(2, 39)",1,-0.08
85,3,"(3, 39)",1,-0.08
85,4,"(4, 39)",1,-0.08
85,5,"(5, 39)",1,-0.08
85,6,"(6, 39)",1,-0.08
85,7,"(7, 39)",1,-0.08
85,8,"(8, 39)",1,-0.08
85,9,"(9, 39)",1,-0.08
85,10,"(10, 39)",1,-0.08
85,11,"(11, 39)",1,-0.08
85,12,"(12, 39)",1,-0.08
85,13,"(13, 39)",1,-0.08
85,14,"(14, 39)",0,-0.08
85,15,"(14, 38)",0,-0.08
85,16,"(14, 37)",1,-0.08
85,17,"(15, 37)",1,-0.08
85,18,"(16, 37)",0,-0.08
85,19,"(16, 36)",1,-0.08
85,20,"(17, 36)",0,-0.08
85,21,"(17, 35)",1,-0.08
85,22,"(18, 35)",0,-0.08
85,23,"(18, 34)",0,-0.08
85,24,"(18, 33)",1,-0.08
85,25,"(19, 33)",0,-0.08
85,26,"(19, 32)",0,-0.08
85,27,"(19, 31)",0,-0.08
85,28,"(19, 30)",0,-0.08
85,29,"(19, 29)",1,-0.08
85,30,"(20, 29)",0,-0.08
85,31,"(20, 28)",0,-0.08
85,32,"(20, 27)",1,-0.08
85,33,"(21, 27)",0,-0.08
85,34,"(21, 26)",1,-0.08
85,35,"(22, 26)",1,-0.08
85,36,"(23, 26)",1,-0.08
85,37,"(24, 26)",1,-0.08
85,38,"(25, 26)",0,-0.08
85,39,"(25, 25)",0,-0.08
85,40,"(25, 24)",0,-0.08
85,41,"(25, 23)",0,-0.08
85,42,"(25, 22)",0,-0.08
85,43,"(25, 21)",0,-0.08
85,44,"(25, 20)",0,-0.08
85,45,"(25, 19)",0,-0.08
85,46,"(25, 18)",1,-0.08
85,47,"(26, 18)",1,-0.08
85,48,"(27, 18)",0,-0.08
85,49,"(27, 17)",0,-0.08
85,50,"(27, 16)",1,-0.08
85,51,"(28, 16)",1,-0.08
85,52,"(29, 16)",0,-0.08
85,53,"(29, 15)",1,-0.08
85,54,"(30, 15)",1,-0.08
85,55,"(31, 15)",0,-0.08
85,56,"(31, 14)",0,-0.08
85,57,"(31, 13)",1,-0.08
85,58,"(32, 13)",1,-0.08
85,59,"(33, 13)",1,-0.08
85,60,"(34, 13)",1,-0.08
85,61,"(35, 13)",1,-0.08
85,62,"(36, 13)",1,-0.08
85,63,"(37, 13)",1,-0.08
85,64,"(38, 13)",1,-0.08
85,65,"(39, 13)",1,-0.08
85,66,"(40, 13)",1,-0.08
85,67,"(41, 13)",0,-0.08
85,68,"(41, 12)",0,-0.08
85,69,"(41, 11)",1,-0.08
85,70,"(42, 11)",1,-0.08
85,71,"(43, 11)",1,-0.08
85,72,"(44, 11)",1,-0.08
85,73,"(45, 11)",0,-0.08
85,74,"(45, 10)",1,-0.08
85,75,"(46, 10)",0,-0.08
85,76,"(46, 9)",0,-0.08
85,77,"(46, 8)",0,-0.08
85,78,"(46, 7)",0,-0.08
85,79,"(46, 6)",1,-0.08
85,80,"(47, 6)",1,-0.08
85,81,"(48, 6)",1,-0.08
85,82,"(49, 6)",0,-0.08
85,83,"(49, 5)",1,-0.08
85,84,"(50, 5)",1,-0.08
85,85,"(51, 5)",0,-0.08
85,86,"(51, 4)",0,-0.08
85,87,"(51, 3)",0,-0.08
85,88,"(51, 2)",1,-0.08
85,89,"(52, 2)",0,-0.08
85,90,"(52, 1)",1,-0.08
85,91,"(53, 1)",1,-0.08
85,92,"(54, 1)",1,-0.08
85,93,"(55, 1)",1,-0.08
85,94,"(56, 1)",1,-0.08
85,95,"(57, 1)",1,-0.08
85,96,"(58, 1)",1,-0.08
85,97,"(59, 1)",1,-0.08
85,98,"(60, 1)",1,-0.08
85,99,"(61, 1)",1,-0.08
85,100,"(62, 1)",1,-0.08
85,101,"(63, 1)",1,-0.08
85,102,"(64, 1)",1,-0.08
85,103,"(65, 1)",1,-0.08
85,104,"(66, 1)",1,-0.08
85,105,"(67, 1)",1,-0.08
85,106,"(68, 1)",1,-0.08
85,107,"(69, 1)",1,-0.08
85,108,"(70, 1)",1,-0.08
85,109,"(71, 1)",2,-0.08
85,110,"(71, 2)",2,-0.08
85,111,"(71, 3)",1,-0.08
85,112,"(72, 3)",1,-0.08
85,113,"(73, 3)",0,-0.08
85,114,"(73, 2)",0,-0.08
85,115,"(73, 1)",0,-0.08
85,116,"(73, 0)",1,-0.08
85,117,"(74, 0)",1,-0.08
85,118,"(75, 0)",1,-0.08
85,119,"(76, 0)",1,-0.08
85,120,"(77, 0)",1,-0.08
85,121,"(78, 0)",1,8.33
86,0,"(0, 39)",1,-0.08
86,1,"(1, 39)",1,-0.08
86,2,"(2, 39)",1,-0.08
86,3,"(3, 39)",1,-0.08
86,4,"(4, 39)",1,-0.08
86,5,"(5, 39)",1,-0.08
86,6,"(6, 39)",1,-0.08
86,7,"(7, 39)",1,-0.08
86,8,"(8, 39)",1,-0.08
86,9,"(9, 39)",1,-0.08
86,10,"(10, 39)",0,-0.08
86,11,"(10, 38)",0,-0.08
86,12,"(10, 37)",1,-0.08
86,13,"(11, 37)",1,-0.08
86,14,"(12, 37)",1,-0.08
86,15,"(13, 37)",1,-0.08
86,16,"(14, 37)",1,-0.08
86,17,"(15, 37)",1,-0.08
86,18,"(16, 37)",1,-0.08
86,19,"(17, 37)",1,-0.08
86,20,"(18, 37)",1,-0.08
86,21,"(19, 37)",0,-0.08
86,22,"(19, 36)",0,-0.08
86,23,"(19, 35)",0,-0.08
86,24,"(19, 34)",0,-0.08
86,25,"(19, 33)",0,-0.08
86,26,"(19, 32)",0,-0.08
86,27,"(19, 31)",0,-0.08
86,28,"(19, 30)",0,-0.08
86,29,"(19, 29)",1,-0.08
86,30,"(20, 29)",0,-0.08
86,31,"(20, 28)",0,-0.08
86,32,"(20, 27)",1,-0.08
86,33,"(21, 27)",0,-0.08
86,34,"(21, 26)",0,-0.08
86,35,"(21, 25)",1,-0.08
86,36,"(22, 25)",1,-0.08
86,37,"(23, 25)",1,-0.08
86,38,"(24, 25)",1,-0.08
86,39,"(25, 25)",1,-0.08
86,40,"(26, 25)",1,-0.08
86,41,"(27, 25)",1,-0.08
86,42,"(28, 25)",1,-0.08
86,43,"(29, 25)",1,-0.08
86,44,"(30, 25)",1,-0.08
86,45,"(31, 25)",0,-0.08
86,46,"(31, 24)",0,-0.08
86,47,"(31, 23)",1,-0.08
86,48,"(32, 23)",1,-0.08
86,49,"(33, 23)",0,-0.08
86,50,"(33, 22)",0,-0.08
86,51,"(33, 21)",1,-0.08
86,52,"(34, 21)",1,-0.08
86,53,"(35, 21)",1,-0.08
86,54,"(36, 21)",1,-0.08
86,55,"(37, 21)",1,-0.08
86,56,"(38, 21)",1,-0.08
86,57,"(39, 21)",1,-0.08
86,58,"(40, 21)",1,-0.08
86,59,"(41, 21)",0,-0.08
86,60,"(41, 20)",1,-0.08
86,61,"(42, 20)",1,-0.08
86,62,"(43, 20)",0,-0.08
86,63,"(43, 19)",1,-0.08
86,64,"(44, 19)",0,-0.08
86,65,"(44, 18)",0,-0.08
86,66,"(44, 17)",0,-0.08
86,67,"(44, 16)",0,-0.08
86,68,"(44, 15)",1,-0.08
86,69,"(45, 15)",0,-0.08
86,70,"(45, 14)",0,-0.08
86,71,"(45, 13)",0,-0.08
86,72,"(45, 12)",0,-0.08
86,73,"(45, 11)",0,-0.08
86,74,"(45, 10)",1,-0.08
86,75,"(46, 10)",0,-0.08
86,76,"(46, 9)",0,-0.08
86,77,"(46, 8)",0,-0.08
86,78,"(46, 7)",0,-0.08
86,79,"(46, 6)",1,-0.08
86,80,"(47, 6)",1,-0.08
86,81,"(48, 6)",1,-0.08
86,82,"(49, 6)",0,-0.08
86,83,"(49, 5)",1,-0.08
86,84,"(50, 5)",1,-0.08
86,85,"(51, 5)",0,-0.08
86,86,"(51, 4)",0,-0.08
86,87,"(51, 3)",0,-0.08
86,88,"(51, 2)",0,-0.08
86,89,"(51, 1)",1,-0.08
86,90,"(52, 1)",1,-0.08
86,91,"(53, 1)",1,-0.08
86,92,"(54, 1)",1,-0.08
86,93,"(55, 1)",1,-0.08
86,94,"(56, 1)",1,-0.08
86,95,"(57, 1)",1,-0.08
86,96,"(58, 1)",1,-0.08
86,97,"(59, 1)",1,-0.08
86,98,"(60, 1)",1,-0.08
86,99,"(61, 1)",1,-0.08
86,100,"(62, 1)",1,-0.08
86,101,"(63, 1)",1,-0.08
86,102,"(64, 1)",1,-0.08
86,103,"(65, 1)",1,-0.08
86,104,"(66, 1)",1,-0.08
86,105,"(67, 1)",1,-0.08
86,106,"(68, 1)",1,-0.08
86,107,"(69, 1)",1,-0.08
86,108,"(70, 1)",1,-0.08
86,109,"(71, 1)",2,-0.08
86,110,"(71, 2)",2,-0.08
86,111,"(71, 3)",1,-0.08
86,112,"(72, 3)",1,-0.08
86,113,"(73, 3)",0,-0.08
86,114,"(73, 2)",0,-0.08
86,115,"(73, 1)",1,-0.08
86,116,"(74, 1)",0,-0.08
86,117,"(74, 0)",1,-0.08
86,118,"(75, 0)",1,-0.08
86,119,"(76, 0)",1,-0.08
86,120,"(77, 0)",1,-0.08
86,121,"(78, 0)",1,8.33
87,0,"(0, 39)",1,-0.08
87,1,"(1, 39)",1,-0.08
87,2,"(2, 39)",1,-0.08
87,3,"(3, 39)",1,-0.08
87,4,"(4, 39)",1,-0.08
87,5,"(5, 39)",1,-0.08
87,6,"(6, 39)",1,-0.08
87,7,"(7, 39)",1,-0.08
87,8,"(8, 39)",1,-0.08
87,9,"(9, 39)",1,-0.08
87,10,"(10, 39)",0,-0.08
87,11,"(10, 38)",0,-0.08
87,12,"(10, 37)",1,-0.08
87,13,"(11, 37)",1,-0.08
87,14,"(12, 37)",1,-0.08
87,15,"(13, 37)",1,-0.08
87,16,"(14, 37)",1,-0.08
87,17,"(15, 37)",1,-0.08
87,18,"(16, 37)",0,-0.08
87,19,"(16, 36)",1,-0.08
87,20,"(17, 36)",0,-0.08
87,21,"(17, 35)",1,-0.08
87,22,"(18, 35)",0,-0.08
87,23,"(18, 34)",0,-0.08
87,24,"(18, 33)",1,-0.08
87,25,"(19, 33)",0,-0.08
87,26,"(19, 32)",0,-0.08
87,27,"(19, 31)",0,-0.08
87,28,"(19, 30)",0,-0.08
87,29,"(19, 29)",1,-0.08
87,30,"(20, 29)",0,-0.08
87,31,"(20, 28)",0,-0.08
87,32,"(20, 27)",1,-0.08
87,33,"(21, 27)",0,-0.08
87,34,"(21, 26)",1,-0.08
87,35,"(22, 26)",0,-0.08
87,36,"(22, 25)",0,-0.08
87,37,"(22, 24)",0,-0.08
87,38,"(22, 23)",1,-0.08
87,39,"(23, 23)",1,-0.08
87,40,"(24, 23)",1,-0.08
87,41,"(25, 23)",0,-0.08
87,42,"(25, 22)",0,-0.08
87,43,"(25, 21)",1,-0.08
87,44,"(26, 21)",1,-0.08
87,45,"(27, 21)",0,-0.08
87,46,"(27, 20)",0,-0.08
87,47,"(27, 19)",0,-0.08
87,48,"(27, 18)",0,-0.08
87,49,"(27, 17)",1,-0.08
87,50,"(28, 17)",0,-0.08
87,51,"(28, 16)",1,-0.08
87,52,"(29, 16)",0,-0.08
87,53,"(29, 15)",1,-0.08
87,54,"(30, 15)",1,-0.08
87,55,"(31, 15)",0,-0.08
87,56,"(31, 14)",1,-0.08
87,57,"(32, 14)",0,-0.08
87,58,"(32, 13)",1,-0.08
87,59,"(33, 13)",1,-0.08
87,60,"(34, 13)",1,-0.08
87,61,"(35, 13)",1,-0.08
87,62,"(36, 13)",1,-0.08
87,63,"(37, 13)",1,-0.08
87,64,"(38, 13)",1,-0.08
87,65,"(39, 13)",1,-0.08
87,66,"(40, 13)",1,-0.08
87,67,"(41, 13)",1,-0.08
87,68,"(42, 13)",1,-0.08
87,69,"(43, 13)",0,-0.08
87,70,"(43, 12)",0,-0.08
87,71,"(43, 11)",1,-0.08
87,72,"(44, 11)",1,-0.08
87,73,"(45, 11)",0,-0.08
87,74,"(45, 10)",1,-0.08
87,75,"(46, 10)",0,-0.08
87,76,"(46, 9)",0,-0.08
87,77,"(46, 8)",0,-0.08
87,78,"(46, 7)",0,-0.08
87,79,"(46, 6)",1,-0.08
87,80,"(47, 6)",1,-0.08
87,81,"(48, 6)",1,-0.08
87,82,"(49, 6)",0,-0.08
87,83,"(49, 5)",1,-0.08
87,84,"(50, 5)",1,-0.08
87,85,"(51, 5)",0,-0.08
87,86,"(51, 4)",0,-0.08
87,87,"(51, 3)",0,-0.08
87,88,"(51, 2)",1,-0.08
87,89,"(52, 2)",0,-0.08
87,90,"(52, 1)",1,-0.08
87,91,"(53, 1)",1,-0.08
87,92,"(54, 1)",1,-0.08
87,93,"(55, 1)",1,-0.08
87,94,"(56, 1)",1,-0.08
87,95,"(57, 1)",1,-0.08
87,96,"(58, 1)",1,-0.08
87,97,"(59, 1)",1,-0.08
87,98,"(60, 1)",1,-0.08
87,99,"(61, 1)",1,-0.08
87,100,"(62, 1)",1,-0.08
87,101,"(63, 1)",1,-0.08
87,102,"(64, 1)",1,-0.08
87,103,"(65, 1)",1,-0.08
87,104,"(66, 1)",1,-0.08
87,105,"(67, 1)",1,-0.08
87,106,"(68, 1)",1,-0.08
87,107,"(69, 1)",1,-0.08
87,108,"(70, 1)",1,-0.08
87,109,"(71, 1)",2,-0.08
87,110,"(71, 2)",2,-0.08
87,111,"(71, 3)",1,-0.08
87,112,"(72, 3)",1,-0.08
87,113,"(73, 3)",0,-0.08
87,114,"(73, 2)",0,-0.08
87,115,"(73, 1)",1,-0.08
87,116,"(74, 1)",1,-0.08
87,117,"(75, 1)",1,-0.08
87,118,"(76, 1)",0,-0.08
87,119,"(76, 0)",1,-0.08
87,120,"(77, 0)",1,-0.08
87,121,"(78, 0)",1,8.33
88,0,"(0, 39)",1,-0.08
88,1,"(1, 39)",1,-0.08
88,2,"(2, 39)",1,-0.08
88,3,"(3, 39)",1,-0.08
88,4,"(4, 39)",1,-0.08
88,5,"(5, 39)",1,-0.08
88,6,"(6, 39)",1,-0.08
88,7,"(7, 39)",1,-0.08
88,8,"(8, 39)",1,-0.08
88,9,"(9, 39)",1,-0.08
88,10,"(10, 39)",1,-0.08
88,11,"(11, 39)",0,-0.08
88,12,"(11, 38)",0,-0.08
88,13,"(11, 37)",1,-0.08
88,14,"(12, 37)",1,-0.08
88,15,"(13, 37)",1,-0.08
88,16,"(14, 37)",1,-0.08
88,17,"(15, 37)",1,-0.08
88,18,"(16, 37)",0,-0.08
88,19,"(16, 36)",1,-0.08
88,20,"(17, 36)",0,-0.08
88,21,"(17, 35)",1,-0.08
88,22,"(18, 35)",0,-0.08
88,23,"(18, 34)",0,-0.08
88,24,"(18, 33)",1,-0.08
88,25,"(19, 33)",0,-0.08
88,26,"(19, 32)",0,-0.08
88,27,"(19, 31)",0,-0.08
88,28,"(19, 30)",0,-0.08
88,29,"(19, 29)",1,-0.08
88,30,"(20, 29)",0,-0.08
88,31,"(20, 28)",0,-0.08
88,32,"(20, 27)",1,-0.08
88,33,"(21, 27)",0,-0.08
88,34,"(21, 26)",1,-0.08
88,35,"(22, 26)",1,-0.08
88,36,"(23, 26)",0,-0.08
88,37,"(23, 25)",1,-0.08
88,38,"(24, 25)",1,-0.08
88,39,"(25, 25)",0,-0.08
88,40,"(25, 24)",0,-0.08
88,41,"(25, 23)",0,-0.08
88,42,"(25, 22)",0,-0.08
88,43,"(25, 21)",1,-0.08
88,44,"(26, 21)",1,-0.08
88,45,"(27, 21)",0,-0.08
88,46,"(27, 20)",1,-0.08
88,47,"(28, 20)",0,-0.08
88,48,"(28, 19)",1,-0.08
88,49,"(29, 19)",1,-0.08
88,50,"(30, 19)",1,-0.08
88,51,"(31, 19)",0,-0.08
88,52,"(31, 18)",0,-0.08
88,53,"(31, 17)",1,-0.08
88,54,"(32, 17)",0,-0.08
88,55,"(32, 16)",0,-0.08
88,56,"(32, 15)",0,-0.08
88,57,"(32, 14)",0,-0.08
88,58,"(32, 13)",1,-0.08
88,59,"(33, 13)",1,-0.08
88,60,"(34, 13)",1,-0.08
88,61,"(35, 13)",1,-0.08
88,62,"(36, 13)",1,-0.08
88,63,"(37, 13)",1,-0.08
88,64,"(38, 13)",1,-0.08
88,65,"(39, 13)",1,-0.08
88,66,"(40, 13)",1,-0.08
88,67,"(41, 13)",0,-0.08
88,68,"(41, 12)",0,-0.08
88,69,"(41, 11)",1,-0.08
88,70,"(42, 11)",1,-0.08
88,71,"(43, 11)",1,-0.08
88,72,"(44, 11)",1,-0.08
88,73,"(45, 11)",0,-0.08
88,74,"(45, 10)",0,-0.08
88,75,"(45, 9)",0,-0.08
88,76,"(45, 8)",0,-0.08
88,77,"(45, 7)",1,-0.08
88,78,"(46, 7)",1,-0.08
88,79,"(47, 7)",0,-0.08
88,80,"(47, 6)",1,-0.08
88,81,"(48, 6)",1,-0.08
88,82,"(49, 6)",0,-0.08
88,83,"(49, 5)",1,-0.08
88,84,"(50, 5)",1,-0.08
88,85,"(51, 5)",1,-0.08
88,86,"(52, 5)",1,-0.08
88,87,"(53, 5)",0,-0.08
88,88,"(53, 4)",0,-0.08
88,89,"(53, 3)",1,-0.08
88,90,"(54, 3)",1,-0.08
88,91,"(55, 3)",1,-0.08
88,92,"(56, 3)",1,-0.08
88,93,"(57, 3)",0,-0.08
88,94,"(57, 2)",1,-0.08
88,95,"(58, 2)",1,-0.08
88,96,"(59, 2)",0,-0.08
88,97,"(59, 1)",1,-0.08
88,98,"(60, 1)",1,-0.08
88,99,"(61, 1)",1,-0.08
88,100,"(62, 1)",1,-0.08
88,101,"(63, 1)",1,-0.08
88,102,"(64, 1)",1,-0.08
88,103,"(65, 1)",1,-0.08
88,104,"(66, 1)",1,-0.08
88,105,"(67, 1)",1,-0.08
88,106,"(68, 1)",1,-0.08
88,107,"(69, 1)",1,-0.08
88,108,"(70, 1)",1,-0.08
88,109,"(71, 1)",2,-0.08
88,110,"(71, 2)",2,-0.08
88,111,"(71, 3)",1,-0.08
88,112,"(72, 3)",1,-0.08
88,113,"(73, 3)",0,-0.08
88,114,"(73, 2)",0,-0.08
88,115,"(73, 1)",1,-0.08
88,116,"(74, 1)",0,-0.08
88,117,"(74, 0)",1,-0.08
88,118,"(75, 0)",1,-0.08
88,119,"(76, 0)",1,-0.08
88,120,"(77, 0)",1,-0.08
88,121,"(78, 0)",1,8.33
89,0,"(0, 39)",1,-0.08
89,1,"(1, 39)",1,-0.08
89,2,"(2, 39)",1,-0.08
89,3,"(3, 39)",1,-0.08
89,4,"(4, 39)",1,-0.08
89,5,"(5, 39)",1,-0.08
89,6,"(6, 39)",1,-0.08
89,7,"(7, 39)",1,-0.08
89,8,"(8, 39)",1,-0.08
89,9,"(9, 39)",1,-0.08
89,10,"(10, 39)",1,-0.08
89,11,"(11, 39)",0,-0.08
89,12,"(11, 38)",0,-0.08
89,13,"(11, 37)",1,-0.08
89,14,"(12, 37)",1,-0.08
89,15,"(13, 37)",1,-0.08
89,16,"(14, 37)",1,-0.08
89,17,"(15, 37)",1,-0.08
89,18,"(16, 37)",0,-0.08
89,19,"(16, 36)",1,-0.08
89,20,"(17, 36)",0,-0.08
89,21,"(17, 35)",0,-0.08
89,22,"(17, 34)",1,-0.08
89,23,"(18, 34)",0,-0.08
89,24,"(18, 33)",1,-0.08
89,25,"(19, 33)",0,-0.08
89,26,"(19, 32)",0,-0.08
89,27,"(19, 31)",0,-0.08
89,28,"(19, 30)",0,-0.08
89,29,"(19, 29)",1,-0.08
89,30,"(20, 29)",0,-0.08
89,31,"(20, 28)",0,-0.08
89,32,"(20, 27)",1,-0.08
89,33,"(21, 27)",0,-0.08
89,34,"(21, 26)",1,-0.08
89,35,"(22, 26)",1,-0.08
89,36,"(23, 26)",1,-0.08
89,37,"(24, 26)",1,-0.08
89,38,"(25, 26)",0,-0.08
89,39,"(25, 25)",0,-0.08
89,40,"(25, 24)",0,-0.08
89,41,"(25, 23)",0,-0.08
89,42,"(25, 22)",0,-0.08
89,43,"(25, 21)",1,-0.08
89,44,"(26, 21)",1,-0.08
89,45,"(27, 21)",0,-0.08
89,46,"(27, 20)",1,-0.08
89,47,"(28, 20)",0,-0.08
89,48,"(28, 19)",1,-0.08
89,49,"(29, 19)",1,-0.08
89,50,"(30, 19)",1,-0.08
89,51,"(31, 19)",1,-0.08
89,52,"(32, 19)",0,-0.08
89,53,"(32, 18)",0,-0.08
89,54,"(32, 17)",1,-0.08
89,55,"(33, 17)",1,-0.08
89,56,"(34, 17)",1,-0.08
89,57,"(35, 17)",1,-0.08
89,58,"(36, 17)",1,-0.08
89,59,"(37, 17)",1,-0.08
89,60,"(38, 17)",1,-0.08
89,61,"(39, 17)",0,-0.08
89,62,"(39, 16)",0,-0.08
89,63,"(39, 15)",1,-0.08
89,64,"(40, 15)",1,-0.08
89,65,"(41, 15)",0,-0.08
89,66,"(41, 14)",0,-0.08
89,67,"(41, 13)",0,-0.08
89,68,"(41, 12)",0,-0.08
89,69,"(41, 11)",1,-0.08
89,70,"(42, 11)",1,-0.08
89,71,"(43, 11)",1,-0.08
89,72,"(44, 11)",1,-0.08
89,73,"(45, 11)",0,-0.08
89,74,"(45, 10)",0,-0.08
89,75,"(45, 9)",1,-0.08
89,76,"(46, 9)",0,-0.08
89,77,"(46, 8)",0,-0.08
89,78,"(46, 7)",0,-0.08
89,79,"(46, 6)",1,-0.08
89,80,"(47, 6)",1,-0.08
89,81,"(48, 6)",1,-0.08
89,82,"(49, 6)",0,-0.08
89,83,"(49, 5)",1,-0.08
89,84,"(50, 5)",1,-0.08
89,85,"(51, 5)",1,-0.08
89,86,"(52, 5)",1,-0.08
89,87,"(53, 5)",0,-0.08
89,88,"(53, 4)",0,-0.08
89,89,"(53, 3)",0,-0.08
89,90,"(53, 2)",0,-0.08
89,91,"(53, 1)",1,-0.08
89,92,"(54, 1)",1,-0.08
89,93,"(55, 1)",1,-0.08
89,94,"(56, 1)",1,-0.08
89,95,"(57, 1)",1,-0.08
89,96,"(58, 1)",1,-0.08
89,97,"(59, 1)",1,-0.08
89,98,"(60, 1)",1,-0.08
89,99,"(61, 1)",1,-0.08
89,100,"(62, 1)",1,-0.08
89,101,"(63, 1)",1,-0.08
89,102,"(64, 1)",1,-0.08
89,103,"(65, 1)",1,-0.08
89,104,"(66, 1)",1,-0.08
89,105,"(67, 1)",1,-0.08
89,106,"(68, 1)",1,-0.08
89,107,"(69, 1)",1,-0.08
89,108,"(70, 1)",1,-0.08
89,109,"(71, 1)",2,-0.08
89,110,"(71, 2)",2,-0.08
89,111,"(71, 3)",1,-0.08
89,112,"(72, 3)",1,-0.08
89,113,"(73, 3)",0,-0.08
89,114,"(73, 2)",0,-0.08
89,115,"(73, 1)",1,-0.08
89,116,"(74, 1)",0,-0.08
89,117,"(74, 0)",1,-0.08
89,118,"(75, 0)",1,-0.08
89,119,"(76, 0)",1,-0.08
89,120,"(77, 0)",1,-0.08
89,121,"(78, 0)",1,8.33
90,0,"(0, 39)",1,-0.08
90,1,"(1, 39)",1,-0.08
90,2,"(2, 39)",1,-0.08
90,3,"(3, 39)",1,-0.08
90,4,"(4, 39)",1,-0.08
90,5,"(5, 39)",1,-0.08
90,6,"(6, 39)",1,-0.08
90,7,"(7, 39)",1,-0.08
90,8,"(8, 39)",1,-0.08
90,9,"(9, 39)",1,-0.08
90,10,"(10, 39)",0,-0.08
90,11,"(10, 38)",0,-0.08
90,12,"(10, 37)",1,-0.08
90,13,"(11, 37)",1,-0.08
90,14,"(12, 37)",1,-0.08
90,15,"(13, 37)",1,-0.08
90,16,"(14, 37)",1,-0.08
90,17,"(15, 37)",1,-0.08
90,18,"(16, 37)",1,-0.08
90,19,"(17, 37)",1,-0.08
90,20,"(18, 37)",1,-0.08
90,21,"(19, 37)",0,-0.08
90,22,"(19, 36)",0,-0.08
90,23,"(19, 35)",0,-0.08
90,24,"(19, 34)",0,-0.08
90,25,"(19, 33)",0,-0.08
90,26,"(19, 32)",0,-0.08
90,27,"(19, 31)",0,-0.08
90,28,"(19, 30)",0,-0.08
90,29,"(19, 29)",1,-0.08
90,30,"(20, 29)",0,-0.08
90,31,"(20, 28)",0,-0.08
90,32,"(20, 27)",1,-0.08
90,33,"(21, 27)",0,-0.08
90,34,"(21, 26)",1,-0.08
90,35,"(22, 26)",1,-0.08
90,36,"(23, 26)",0,-0.08
90,37,"(23, 25)",1,-0.08
90,38,"(24, 25)",1,-0.08
90,39,"(25, 25)",1,-0.08
90,40,"(26, 25)",1,-0.08
90,41,"(27, 25)",1,-0.08
90,42,"(28, 25)",1,-0.08
90,43,"(29, 25)",1,-0.08
90,44,"(30, 25)",1,-0.08
90,45,"(31, 25)",0,-0.08
90,46,"(31, 24)",0,-0.08
90,47,"(31, 23)",1,-0.08
90,48,"(32, 23)",1,-0.08
90,49,"(33, 23)",0,-0.08
90,50,"(33, 22)",0,-0.08
90,51,"(33, 21)",1,-0.08
90,52,"(34, 21)",1,-0.08
90,53,"(35, 21)",0,-0.08
90,54,"(35, 20)",0,-0.08
90,55,"(35, 19)",1,-0.08
90,56,"(36, 19)",1,-0.08
90,57,"(37, 19)",0,-0.08
90,58,"(37, 18)",0,-0.08
90,59,"(37, 17)",1,-0.08
90,60,"(38, 17)",1,-0.08
90,61,"(39, 17)",0,-0.08
90,62,"(39, 16)",0,-0.08
90,63,"(39, 15)",1,-0.08
90,64,"(40, 15)",0,-0.08
90,65,"(40, 14)",0,-0.08
90,66,"(40, 13)",1,-0.08
90,67,"(41, 13)",0,-0.08
90,68,"(41, 12)",0,-0.08
90,69,"(41, 11)",1,-0.08
90,70,"(42, 11)",1,-0.08
90,71,"(43, 11)",1,-0.08
90,72,"(44, 11)",1,-0.08
90,73,"(45, 11)",0,-0.08
90,74,"(45, 10)",0,-0.08
90,75,"(45, 9)",0,-0.08
90,76,"(45, 8)",1,-0.08
90,77,"(46, 8)",0,-0.08
90,78,"(46, 7)",0,-0.08
90,79,"(46, 6)",1,-0.08
90,80,"(47, 6)",1,-0.08
90,81,"(48, 6)",1,-0.08
90,82,"(49, 6)",0,-0.08
90,83,"(49, 5)",1,-0.08
90,84,"(50, 5)",1,-0.08
90,85,"(51, 5)",1,-0.08
90,86,"(52, 5)",1,-0.08
90,87,"(53, 5)",0,-0.08
90,88,"(53, 4)",0,-0.08
90,89,"(53, 3)",1,-0.08
90,90,"(54, 3)",1,-0.08
90,91,"(55, 3)",1,-0.08
90,92,"(56, 3)",0,-0.08
90,93,"(56, 2)",1,-0.08
90,94,"(57, 2)",0,-0.08
90,95,"(57, 1)",1,-0.08
90,96,"(58, 1)",1,-0.08
90,97,"(59, 1)",1,-0.08
90,98,"(60, 1)",1,-0.08
90,99,"(61, 1)",1,-0.08
90,100,"(62, 1)",1,-0.08
90,101,"(63, 1)",1,-0.08
90,102,"(64, 1)",1,-0.08
90,103,"(65, 1)",1,-0.08
90,104,"(66, 1)",1,-0.08
90,105,"(67, 1)",1,-0.08
90,106,"(68, 1)",1,-0.08
90,107,"(69, 1)",1,-0.08
90,108,"(70, 1)",1,-0.08
90,109,"(71, 1)",2,-0.08
90,110,"(71, 2)",2,-0.08
90,111,"(71, 3)",1,-0.08
90,112,"(72, 3)",1,-0.08
90,113,"(73, 3)",0,-0.08
90,114,"(73, 2)",0,-0.08
90,115,"(73, 1)",1,-0.08
90,116,"(74, 1)",0,-0.08
90,117,"(74, 0)",1,-0.08
90,118,"(75, 0)",1,-0.08
90,119,"(76, 0)",1,-0.08
90,120,"(77, 0)",1,-0.08
90,121,"(78, 0)",1,8.33
91,0,"(0, 39)",1,-0.08
91,1,"(1, 39)",1,-0.08
91,2,"(2, 39)",1,-0.08
91,3,"(3, 39)",1,-0.08
91,4,"(4, 39)",1,-0.08
91,5,"(5, 39)",1,-0.08
91,6,"(6, 39)",1,-0.08
91,7,"(7, 39)",1,-0.08
91,8,"(8, 39)",1,-0.08
91,9,"(9, 39)",1,-0.08
91,10,"(10, 39)",0,-0.08
91,11,"(10, 38)",1,-0.08
91,12,"(11, 38)",0,-0.08
91,13,"(11, 37)",1,-0.08
91,14,"(12, 37)",1,-0.08
91,15,"(13, 37)",1,-0.08
91,16,"(14, 37)",1,-0.08
91,17,"(15, 37)",1,-0.08
91,18,"(16, 37)",0,-0.08
91,19,"(16, 36)",1,-0.08
91,20,"(17, 36)",0,-0.08
91,21,"(17, 35)",0,-0.08
91,22,"(17, 34)",0,-0.08
91,23,"(17, 33)",1,-0.08
91,24,"(18, 33)",1,-0.08
91,25,"(19, 33)",0,-0.08
91,26,"(19, 32)",0,-0.08
91,27,"(19, 31)",0,-0.08
91,28,"(19, 30)",0,-0.08
91,29,"(19, 29)",1,-0.08
91,30,"(20, 29)",0,-0.08
91,31,"(20, 28)",0,-0.08
91,32,"(20, 27)",1,-0.08
91,33,"(21, 27)",0,-0.08
91,34,"(21, 26)",1,-0.08
91,35,"(22, 26)",0,-0.08
91,36,"(22, 25)",1,-0.08
91,37,"(23, 25)",1,-0.08
91,38,"(24, 25)",1,-0.08
91,39,"(25, 25)",1,-0.08
91,40,"(26, 25)",1,-0.08
91,41,"(27, 25)",1,-0.08
91,42,"(28, 25)",1,-0.08
91,43,"(29, 25)",1,-0.08
91,44,"(30, 25)",1,-0.08
91,45,"(31, 25)",0,-0.08
91,46,"(31, 24)",0,-0.08
91,47,"(31, 23)",1,-0.08
91,48,"(32, 23)",1,-0.08
91,49,"(33, 23)",0,-0.08
91,50,"(33, 22)",0,-0.08
91,51,"(33, 21)",1,-0.08
91,52,"(34, 21)",1,-0.08
91,53,"(35, 21)",1,-0.08
91,54,"(36, 21)",1,-0.08
91,55,"(37, 21)",1,-0.08
91,56,"(38, 21)",1,-0.08
91,57,"(39, 21)",1,-0.08
91,58,"(40, 21)",0,-0.08
91,59,"(40, 20)",1,-0.08
91,60,"(41, 20)",0,-0.08
91,61,"(41, 19)",0,-0.08
91,62,"(41, 18)",1,-0.08
91,63,"(42, 18)",0,-0.08
91,64,"(42, 17)",1,-0.08
91,65,"(43, 17)",0,-0.08
91,66,"(43, 16)",1,-0.08
91,67,"(44, 16)",0,-0.08
91,68,"(44, 15)",1,-0.08
91,69,"(45, 15)",0,-0.08
91,70,"(45, 14)",0,-0.08
91,71,"(45, 13)",0,-0.08
91,72,"(45, 12)",0,-0.08
91,73,"(45, 11)",0,-0.08
91,74,"(45, 10)",0,-0.08
91,75,"(45, 9)",0,-0.08
91,76,"(45, 8)",1,-0.08
91,77,"(46, 8)",0,-0.08
91,78,"(46, 7)",1,-0.08
91,79,"(47, 7)",0,-0.08
91,80,"(47, 6)",1,-0.08
91,81,"(48, 6)",1,-0.08
91,82,"(49, 6)",0,-0.08
91,83,"(49, 5)",1,-0.08
91,84,"(50, 5)",1,-0.08
91,85,"(51, 5)",0,-0.08
91,86,"(51, 4)",0,-0.08
91,87,"(51, 3)",0,-0.08
91,88,"(51, 2)",1,-0.08
91,89,"(52, 2)",0,-0.08
91,90,"(52, 1)",1,-0.08
91,91,"(53, 1)",1,-0.08
91,92,"(54, 1)",1,-0.08
91,93,"(55, 1)",1,-0.08
91,94,"(56, 1)",1,-0.08
91,95,"(57, 1)",1,-0.08
91,96,"(58, 1)",1,-0.08
91,97,"(59, 1)",1,-0.08
91,98,"(60, 1)",1,-0.08
91,99,"(61, 1)",1,-0.08
91,100,"(62, 1)",1,-0.08
91,101,"(63, 1)",1,-0.08
91,102,"(64, 1)",1,-0.08
91,103,"(65, 1)",1,-0.08
91,104,"(66, 1)",1,-0.08
91,105,"(67, 1)",1,-0.08
91,106,"(68, 1)",1,-0.08
91,107,"(69, 1)",1,-0.08
91,108,"(70, 1)",1,-0.08
91,109,"(71, 1)",2,-0.08
91,110,"(71, 2)",2,-0.08
91,111,"(71, 3)",1,-0.08
91,112,"(72, 3)",1,-0.08
91,113,"(73, 3)",0,-0.08
91,114,"(73, 2)",0,-0.08
91,115,"(73, 1)",1,-0.08
91,116,"(74, 1)",1,-0.08
91,117,"(75, 1)",0,-0.08
91,118,"(75, 0)",1,-0.08
91,119,"(76, 0)",1,-0.08
91,120,"(77, 0)",1,-0.08
91,121,"(78, 0)",1,8.33
92,0,"(0, 39)",1,-0.08
92,1,"(1, 39)",1,-0.08
92,2,"(2, 39)",1,-0.08
92,3,"(3, 39)",1,-0.08
92,4,"(4, 39)",1,-0.08
92,5,"(5, 39)",1,-0.08
92,6,"(6, 39)",1,-0.08
92,7,"(7, 39)",1,-0.08
92,8,"(8, 39)",1,-0.08
92,9,"(9, 39)",1,-0.08
92,10,"(10, 39)",0,-0.08
92,11,"(10, 38)",0,-0.08
92,12,"(10, 37)",1,-0.08
92,13,"(11, 37)",1,-0.08
92,14,"(12, 37)",1,-0.08
92,15,"(13, 37)",1,-0.08
92,16,"(14, 37)",1,-0.08
92,17,"(15, 37)",0,-0.08
92,18,"(15, 36)",0,-0.08
92,19,"(15, 35)",0,-0.08
92,20,"(15, 34)",0,-0.08
92,21,"(15, 33)",1,-0.08
92,22,"(16, 33)",1,-0.08
92,23,"(17, 33)",1,-0.08
92,24,"(18, 33)",1,-0.08
92,25,"(19, 33)",0,-0.08
92,26,"(19, 32)",0,-0.08
92,27,"(19, 31)",0,-0.08
92,28,"(19, 30)",0,-0.08
92,29,"(19, 29)",1,-0.08
92,30,"(20, 29)",0,-0.08
92,31,"(20, 28)",0,-0.08
92,32,"(20, 27)",1,-0.08
92,33,"(21, 27)",0,-0.08
92,34,"(21, 26)",0,-0.08
92,35,"(21, 25)",1,-0.08
92,36,"(22, 25)",0,-0.08
92,37,"(22, 24)",0,-0.08
92,38,"(22, 23)",1,-0.08
92,39,"(23, 23)",1,-0.08
92,40,"(24, 23)",1,-0.08
92,41,"(25, 23)",0,-0.08
92,42,"(25, 22)",0,-0.08
92,43,"(25, 21)",0,-0.08
92,44,"(25, 20)",0,-0.08
92,45,"(25, 19)",0,-0.08
92,46,"(25, 18)",1,-0.08
92,47,"(26, 18)",1,-0.08
92,48,"(27, 18)",0,-0.08
92,49,"(27, 17)",1,-0.08
92,50,"(28, 17)",0,-0.08
92,51,"(28, 16)",1,-0.08
92,52,"(29, 16)",0,-0.08
92,53,"(29, 15)",1,-0.08
92,54,"(30, 15)",1,-0.08
92,55,"(31, 15)",0,-0.08
92,56,"(31, 14)",1,-0.08
92,57,"(32, 14)",0,-0.08
92,58,"(32, 13)",1,-0.08
92,59,"(33, 13)",1,-0.08
92,60,"(34, 13)",1,-0.08
92,61,"(35, 13)",1,-0.08
92,62,"(36, 13)",1,-0.08
92,63,"(37, 13)",1,-0.08
92,64,"(38, 13)",1,-0.08
92,65,"(39, 13)",0,-0.08
92,66,"(39, 12)",0,-0.08
92,67,"(39, 11)",1,-0.08
92,68,"(40, 11)",1,-0.08
92,69,"(41, 11)",1,-0.08
92,70,"(42, 11)",1,-0.08
92,71,"(43, 11)",1,-0.08
92,72,"(44, 11)",1,-0.08
92,73,"(45, 11)",0,-0.08
92,74,"(45, 10)",1,-0.08
92,75,"(46, 10)",0,-0.08
92,76,"(46, 9)",0,-0.08
92,77,"(46, 8)",0,-0.08
92,78,"(46, 7)",1,-0.08
92,79,"(47, 7)",0,-0.08
92,80,"(47, 6)",1,-0.08
92,81,"(48, 6)",1,-0.08
92,82,"(49, 6)",0,-0.08
92,83,"(49, 5)",1,-0.08
92,84,"(50, 5)",1,-0.08
92,85,"(51, 5)",1,-0.08
92,86,"(52, 5)",1,-0.08
92,87,"(53, 5)",0,-0.08
92,88,"(53, 4)",0,-0.08
92,89,"(53, 3)",0,-0.08
92,90,"(53, 2)",0,-0.08
92,91,"(53, 1)",1,-0.08
92,92,"(54, 1)",1,-0.08
92,93,"(55, 1)",1,-0.08
92,94,"(56, 1)",1,-0.08
92,95,"(57, 1)",1,-0.08
92,96,"(58, 1)",1,-0.08
92,97,"(59, 1)",1,-0.08
92,98,"(60, 1)",1,-0.08
92,99,"(61, 1)",1,-0.08
92,100,"(62, 1)",1,-0.08
92,101,"(63, 1)",1,-0.08
92,102,"(64, 1)",1,-0.08
92,103,"(65, 1)",1,-0.08
92,104,"(66, 1)",1,-0.08
92,105,"(67, 1)",1,-0.08
92,106,"(68, 1)",1,-0.08
92,107,"(69, 1)",1,-0.08
92,108,"(70, 1)",1,-0.08
92,109,"(71, 1)",2,-0.08
92,110,"(71, 2)",2,-0.08
92,111,"(71, 3)",1,-0.08
92,112,"(72, 3)",1,-0.08
92,113,"(73, 3)",1,-0.08
92,114,"(74, 3)",1,-0.08
92,115,"(75, 3)",1,-0.08
92,116,"(76, 3)",1,-0.08
92,117,"(77, 3)",0,-0.08
92,118,"(77, 2)",0,-0.08
92,119,"(77, 1)",1,-0.08
92,120,"(78, 1)",0,-0.08
92,121,"(78, 0)",1,8.33
93,0,"(0, 39)",1,-0.08
93,1,"(1, 39)",1,-0.08
93,2,"(2, 39)",1,-0.08
93,3,"(3, 39)",1,-0.08
93,4,"(4, 39)",1,-0.08
93,5,"(5, 39)",1,-0.08
93,6,"(6, 39)",1,-0.08
93,7,"(7, 39)",1,-0.08
93,8,"(8, 39)",1,-0.08
93,9,"(9, 39)",1,-0.08
93,10,"(10, 39)",0,-0.08
93,11,"(10, 38)",0,-0.08
93,12,"(10, 37)",1,-0.08
93,13,"(11, 37)",1,-0.08
93,14,"(12, 37)",1,-0.08
93,15,"(13, 37)",1,-0.08
93,16,"(14, 37)",1,-0.08
93,17,"(15, 37)",0,-0.08
93,18,"(15, 36)",0,-0.08
93,19,"(15, 35)",0,-0.08
93,20,"(15, 34)",0,-0.08
93,21,"(15, 33)",1,-0.08
93,22,"(16, 33)",1,-0.08
93,23,"(17, 33)",1,-0.08
93,24,"(18, 33)",1,-0.08
93,25,"(19, 33)",0,-0.08
93,26,"(19, 32)",0,-0.08
93,27,"(19, 31)",0,-0.08
93,28,"(19, 30)",0,-0.08
93,29,"(19, 29)",1,-0.08
93,30,"(20, 29)",0,-0.08
93,31,"(20, 28)",0,-0.08
93,32,"(20, 27)",1,-0.08
93,33,"(21, 27)",0,-0.08
93,34,"(21, 26)",0,-0.08
93,35,"(21, 25)",1,-0.08
93,36,"(22, 25)",0,-0.08
93,37,"(22, 24)",0,-0.08
93,38,"(22, 23)",1,-0.08
93,39,"(23, 23)",1,-0.08
93,40,"(24, 23)",1,-0.08
93,41,"(25, 23)",0,-0.08
93,42,"(25, 22)",0,-0.08
93,43,"(25, 21)",1,-0.08
93,44,"(26, 21)",1,-0.08
93,45,"(27, 21)",0,-0.08
93,46,"(27, 20)",1,-0.08
93,47,"(28, 20)",0,-0.08
93,48,"(28, 19)",1,-0.08
93,49,"(29, 19)",1,-0.08
93,50,"(30, 19)",1,-0.08
93,51,"(31, 19)",1,-0.08
93,52,"(32, 19)",1,-0.08
93,53,"(33, 19)",1,-0.08
93,54,"(34, 19)",1,-0.08
93,55,"(35, 19)",0,-0.08
93,56,"(35, 18)",0,-0.08
93,57,"(35, 17)",1,-0.08
93,58,"(36, 17)",1,-0.08
93,59,"(37, 17)",0,-0.08
93,60,"(37, 16)",0,-0.08
93,61,"(37, 15)",1,-0.08
93,62,"(38, 15)",0,-0.08
93,63,"(38, 14)",0,-0.08
93,64,"(38, 13)",1,-0.08
93,65,"(39, 13)",1,-0.08
93,66,"(40, 13)",1,-0.08
93,67,"(41, 13)",1,-0.08
93,68,"(42, 13)",1,-0.08
93,69,"(43, 13)",0,-0.08
93,70,"(43, 12)",0,-0.08
93,71,"(43, 11)",1,-0.08
93,72,"(44, 11)",1,-0.08
93,73,"(45, 11)",0,-0.08
93,74,"(45, 10)",0,-0.08
93,75,"(45, 9)",0,-0.08
93,76,"(45, 8)",0,-0.08
93,77,"(45, 7)",1,-0.08
93,78,"(46, 7)",0,-0.08
93,79,"(46, 6)",1,-0.08
93,80,"(47, 6)",1,-0.08
93,81,"(48, 6)",1,-0.08
93,82,"(49, 6)",0,-0.08
93,83,"(49, 5)",1,-0.08
93,84,"(50, 5)",1,-0.08
93,85,"(51, 5)",1,-0.08
93,86,"(52, 5)",1,-0.08
93,87,"(53, 5)",0,-0.08
93,88,"(53, 4)",0,-0.08
93,89,"(53, 3)",1,-0.08
93,90,"(54, 3)",1,-0.08
93,91,"(55, 3)",1,-0.08
93,92,"(56, 3)",0,-0.08
93,93,"(56, 2)",1,-0.08
93,94,"(57, 2)",0,-0.08
93,95,"(57, 1)",1,-0.08
93,96,"(58, 1)",1,-0.08
93,97,"(59, 1)",1,-0.08
93,98,"(60, 1)",1,-0.08
93,99,"(61, 1)",1,-0.08
93,100,"(62, 1)",1,-0.08
93,101,"(63, 1)",1,-0.08
93,102,"(64, 1)",1,-0.08
93,103,"(65, 1)",1,-0.08
93,104,"(66, 1)",1,-0.08
93,105,"(67, 1)",1,-0.08
93,106,"(68, 1)",1,-0.08
93,107,"(69, 1)",1,-0.08
93,108,"(70, 1)",1,-0.08
93,109,"(71, 1)",2,-0.08
93,110,"(71, 2)",2,-0.08
93,111,"(71, 3)",1,-0.08
93,112,"(72, 3)",1,-0.08
93,113,"(73, 3)",1,-0.08
93,114,"(74, 3)",1,-0.08
93,115,"(75, 3)",1,-0.08
93,116,"(76, 3)",1,-0.08
93,117,"(77, 3)",0,-0.08
93,118,"(77, 2)",0,-0.08
93,119,"(77, 1)",0,-0.08
93,120,"(77, 0)",1,-0.08
93,121,"(78, 0)",1,8.33
94,0,"(0, 39)",1,-0.08
94,1,"(1, 39)",1,-0.08
94,2,"(2, 39)",1,-0.08
94,3,"(3, 39)",1,-0.08
94,4,"(4, 39)",1,-0.08
94,5,"(5, 39)",1,-0.08
94,6,"(6, 39)",1,-0.08
94,7,"(7, 39)",1,-0.08
94,8,"(8, 39)",1,-0.08
94,9,"(9, 39)",1,-0.08
94,10,"(10, 39)",1,-0.08
94,11,"(11, 39)",1,-0.08
94,12,"(12, 39)",1,-0.08
94,13,"(13, 39)",1,-0.08
94,14,"(14, 39)",0,-0.08
94,15,"(14, 38)",0,-0.08
94,16,"(14, 37)",1,-0.08
94,17,"(15, 37)",1,-0.08
94,18,"(16, 37)",1,-0.08
94,19,"(17, 37)",0,-0.08
94,20,"(17, 36)",0,-0.08
94,21,"(17, 35)",0,-0.08
94,22,"(17, 34)",1,-0.08
94,23,"(18, 34)",1,-0.08
94,24,"(19, 34)",0,-0.08
94,25,"(19, 33)",0,-0.08
94,26,"(19, 32)",0,-0.08
94,27,"(19, 31)",0,-0.08
94,28,"(19, 30)",0,-0.08
94,29,"(19, 29)",1,-0.08
94,30,"(20, 29)",0,-0.08
94,31,"(20, 28)",0,-0.08
94,32,"(20, 27)",1,-0.08
94,33,"(21, 27)",0,-0.08
94,34,"(21, 26)",0,-0.08
94,35,"(21, 25)",1,-0.08
94,36,"(22, 25)",0,-0.08
94,37,"(22, 24)",0,-0.08
94,38,"(22, 23)",1,-0.08
94,39,"(23, 23)",1,-0.08
94,40,"(24, 23)",1,-0.08
94,41,"(25, 23)",0,-0.08
94,42,"(25, 22)",0,-0.08
94,43,"(25, 21)",0,-0.08
94,44,"(25, 20)",0,-0.08
94,45,"(25, 19)",0,-0.08
94,46,"(25, 18)",1,-0.08
94,47,"(26, 18)",1,-0.08
94,48,"(27, 18)",0,-0.08
94,49,"(27, 17)",1,-0.08
94,50,"(28, 17)",1,-0.08
94,51,"(29, 17)",1,-0.08
94,52,"(30, 17)",1,-0.08
94,53,"(31, 17)",1,-0.08
94,54,"(32, 17)",1,-0.08
94,55,"(33, 17)",1,-0.08
94,56,"(34, 17)",1,-0.08
94,57,"(35, 17)",1,-0.08
94,58,"(36, 17)",1,-0.08
94,59,"(37, 17)",0,-0.08
94,60,"(37, 16)",0,-0.08
94,61,"(37, 15)",1,-0.08
94,62,"(38, 15)",1,-0.08
94,63,"(39, 15)",1,-0.08
94,64,"(40, 15)",0,-0.08
94,65,"(40, 14)",1,-0.08
94,66,"(41, 14)",0,-0.08
94,67,"(41, 13)",1,-0.08
94,68,"(42, 13)",1,-0.08
94,69,"(43, 13)",0,-0.08
94,70,"(43, 12)",0,-0.08
94,71,"(43, 11)",1,-0.08
94,72,"(44, 11)",1,-0.08
94,73,"(45, 11)",0,-0.08
94,74,"(45, 10)",1,-0.08
94,75,"(46, 10)",0,-0.08
94,76,"(46, 9)",0,-0.08
94,77,"(46, 8)",0,-0.08
94,78,"(46, 7)",1,-0.08
94,79,"(47, 7)",0,-0.08
94,80,"(47, 6)",1,-0.08
94,81,"(48, 6)",1,-0.08
94,82,"(49, 6)",0,-0.08
94,83,"(49, 5)",1,-0.08
94,84,"(50, 5)",1,-0.08
94,85,"(51, 5)",0,-0.08
94,86,"(51, 4)",0,-0.08
94,87,"(51, 3)",0,-0.08
94,88,"(51, 2)",0,-0.08
94,89,"(51, 1)",1,-0.08
94,90,"(52, 1)",1,-0.08
94,91,"(53, 1)",1,-0.08
94,92,"(54, 1)",1,-0.08
94,93,"(55, 1)",1,-0.08
94,94,"(56, 1)",1,-0.08
94,95,"(57, 1)",1,-0.08
94,96,"(58, 1)",1,-0.08
94,97,"(59, 1)",1,-0.08
94,98,"(60, 1)",1,-0.08
94,99,"(61, 1)",1,-0.08
94,100,"(62, 1)",1,-0.08
94,101,"(63, 1)",1,-0.08
94,102,"(64, 1)",1,-0.08
94,103,"(65, 1)",1,-0.08
94,104,"(66, 1)",1,-0.08
94,105,"(67, 1)",1,-0.08
94,106,"(68, 1)",1,-0.08
94,107,"(69, 1)",1,-0.08
94,108,"(70, 1)",1,-0.08
94,109,"(71, 1)",2,-0.08
94,110,"(71, 2)",2,-0.08
94,111,"(71, 3)",1,-0.08
94,112,"(72, 3)",1,-0.08
94,113,"(73, 3)",1,-0.08
94,114,"(74, 3)",1,-0.08
94,115,"(75, 3)",1,-0.08
94,116,"(76, 3)",1,-0.08
94,117,"(77, 3)",0,-0.08
94,118,"(77, 2)",0,-0.08
94,119,"(77, 1)",0,-0.08
94,120,"(77, 0)",1,-0.08
94,121,"(78, 0)",1,8.33
95,0,"(0, 39)",1,-0.08
95,1,"(1, 39)",1,-0.08
95,2,"(2, 39)",1,-0.08
95,3,"(3, 39)",1,-0.08
95,4,"(4, 39)",1,-0.08
95,5,"(5, 39)",1,-0.08
95,6,"(6, 39)",1,-0.08
95,7,"(7, 39)",1,-0.08
95,8,"(8, 39)",1,-0.08
95,9,"(9, 39)",1,-0.08
95,10,"(10, 39)",0,-0.08
95,11,"(10, 38)",0,-0.08
95,12,"(10, 37)",1,-0.08
95,13,"(11, 37)",1,-0.08
95,14,"(12, 37)",1,-0.08
95,15,"(13, 37)",1,-0.08
95,16,"(14, 37)",1,-0.08
95,17,"(15, 37)",0,-0.08
95,18,"(15, 36)",0,-0.08
95,19,"(15, 35)",0,-0.08
95,20,"(15, 34)",0,-0.08
95,21,"(15, 33)",1,-0.08
95,22,"(16, 33)",1,-0.08
95,23,"(17, 33)",1,-0.08
95,24,"(18, 33)",1,-0.08
95,25,"(19, 33)",0,-0.08
95,26,"(19, 32)",0,-0.08
95,27,"(19, 31)",0,-0.08
95,28,"(19, 30)",0,-0.08
95,29,"(19, 29)",1,-0.08
95,30,"(20, 29)",0,-0.08
95,31,"(20, 28)",0,-0.08
95,32,"(20, 27)",1,-0.08
95,33,"(21, 27)",0,-0.08
95,34,"(21, 26)",0,-0.08
95,35,"(21, 25)",1,-0.08
95,36,"(22, 25)",1,-0.08
95,37,"(23, 25)",1,-0.08
95,38,"(24, 25)",1,-0.08
95,39,"(25, 25)",1,-0.08
95,40,"(26, 25)",1,-0.08
95,41,"(27, 25)",1,-0.08
95,42,"(28, 25)",1,-0.08
95,43,"(29, 25)",1,-0.08
95,44,"(30, 25)",1,-0.08
95,45,"(31, 25)",0,-0.08
95,46,"(31, 24)",0,-0.08
95,47,"(31, 23)",1,-0.08
95,48,"(32, 23)",1,-0.08
95,49,"(33, 23)",0,-0.08
95,50,"(33, 22)",0,-0.08
95,51,"(33, 21)",1,-0.08
95,52,"(34, 21)",1,-0.08
95,53,"(35, 21)",1,-0.08
95,54,"(36, 21)",1,-0.08
95,55,"(37, 21)",1,-0.08
95,56,"(38, 21)",1,-0.08
95,57,"(39, 21)",1,-0.08
95,58,"(40, 21)",0,-0.08
95,59,"(40, 20)",1,-0.08
95,60,"(41, 20)",1,-0.08
95,61,"(42, 20)",1,-0.08
95,62,"(43, 20)",0,-0.08
95,63,"(43, 19)",1,-0.08
95,64,"(44, 19)",0,-0.08
95,65,"(44, 18)",0,-0.08
95,66,"(44, 17)",0,-0.08
95,67,"(44, 16)",0,-0.08
95,68,"(44, 15)",1,-0.08
95,69,"(45, 15)",0,-0.08
95,70,"(45, 14)",0,-0.08
95,71,"(45, 13)",0,-0.08
95,72,"(45, 12)",0,-0.08
95,73,"(45, 11)",0,-0.08
95,74,"(45, 10)",1,-0.08
95,75,"(46, 10)",0,-0.08
95,76,"(46, 9)",0,-0.08
95,77,"(46, 8)",0,-0.08
95,78,"(46, 7)",0,-0.08
95,79,"(46, 6)",1,-0.08
95,80,"(47, 6)",1,-0.08
95,81,"(48, 6)",1,-0.08
95,82,"(49, 6)",0,-0.08
95,83,"(49, 5)",1,-0.08
95,84,"(50, 5)",1,-0.08
95,85,"(51, 5)",1,-0.08
95,86,"(52, 5)",1,-0.08
95,87,"(53, 5)",0,-0.08
95,88,"(53, 4)",0,-0.08
95,89,"(53, 3)",0,-0.08
95,90,"(53, 2)",0,-0.08
95,91,"(53, 1)",1,-0.08
95,92,"(54, 1)",1,-0.08
95,93,"(55, 1)",1,-0.08
95,94,"(56, 1)",1,-0.08
95,95,"(57, 1)",1,-0.08
95,96,"(58, 1)",1,-0.08
95,97,"(59, 1)",1,-0.08
95,98,"(60, 1)",1,-0.08
95,99,"(61, 1)",1,-0.08
95,100,"(62, 1)",1,-0.08
95,101,"(63, 1)",1,-0.08
95,102,"(64, 1)",1,-0.08
95,103,"(65, 1)",1,-0.08
95,104,"(66, 1)",1,-0.08
95,105,"(67, 1)",1,-0.08
95,106,"(68, 1)",1,-0.08
95,107,"(69, 1)",1,-0.08
95,108,"(70, 1)",1,-0.08
95,109,"(71, 1)",2,-0.08
95,110,"(71, 2)",2,-0.08
95,111,"(71, 3)",1,-0.08
95,112,"(72, 3)",1,-0.08
95,113,"(73, 3)",1,-0.08
95,114,"(74, 3)",1,-0.08
95,115,"(75, 3)",1,-0.08
95,116,"(76, 3)",1,-0.08
95,117,"(77, 3)",0,-0.08
95,118,"(77, 2)",0,-0.08
95,119,"(77, 1)",1,-0.08
95,120,"(78, 1)",0,-0.08
95,121,"(78, 0)",1,8.33
96,0,"(0, 39)",1,-0.08
96,1,"(1, 39)",1,-0.08
96,2,"(2, 39)",1,-0.08
96,3,"(3, 39)",1,-0.08
96,4,"(4, 39)",1,-0.08
96,5,"(5, 39)",1,-0.08
96,6,"(6, 39)",1,-0.08
96,7,"(7, 39)",1,-0.08
96,8,"(8, 39)",1,-0.08
96,9,"(9, 39)",1,-0.08
96,10,"(10, 39)",1,-0.08
96,11,"(11, 39)",0,-0.08
96,12,"(11, 38)",0,-0.08
96,13,"(11, 37)",1,-0.08
96,14,"(12, 37)",1,-0.08
96,15,"(13, 37)",1,-0.08
96,16,"(14, 37)",1,-0.08
96,17,"(15, 37)",0,-0.08
96,18,"(15, 36)",1,-0.08
96,19,"(16, 36)",1,-0.08
96,20,"(17, 36)",0,-0.08
96,21,"(17, 35)",0,-0.08
96,22,"(17, 34)",1,-0.08
96,23,"(18, 34)",1,-0.08
96,24,"(19, 34)",0,-0.08
96,25,"(19, 33)",0,-0.08
96,26,"(19, 32)",0,-0.08
96,27,"(19, 31)",0,-0.08
96,28,"(19, 30)",0,-0.08
96,29,"(19, 29)",1,-0.08
96,30,"(20, 29)",0,-0.08
96,31,"(20, 28)",0,-0.08
96,32,"(20, 27)",1,-0.08
96,33,"(21, 27)",0,-0.08
96,34,"(21, 26)",0,-0.08
96,35,"(21, 25)",1,-0.08
96,36,"(22, 25)",0,-0.08
96,37,"(22, 24)",0,-0.08
96,38,"(22, 23)",1,-0.08
96,39,"(23, 23)",1,-0.08
96,40,"(24, 23)",1,-0.08
96,41,"(25, 23)",0,-0.08
96,42,"(25, 22)",0,-0.08
96,43,"(25, 21)",0,-0.08
96,44,"(25, 20)",0,-0.08
96,45,"(25, 19)",1,-0.08
96,46,"(26, 19)",0,-0.08
96,47,"(26, 18)",1,-0.08
96,48,"(27, 18)",0,-0.08
96,49,"(27, 17)",0,-0.08
96,50,"(27, 16)",1,-0.08
96,51,"(28, 16)",1,-0.08
96,52,"(29, 16)",0,-0.08
96,53,"(29, 15)",1,-0.08
96,54,"(30, 15)",1,-0.08
96,55,"(31, 15)",1,-0.08
96,56,"(32, 15)",0,-0.08
96,57,"(32, 14)",0,-0.08
96,58,"(32, 13)",1,-0.08
96,59,"(33, 13)",1,-0.08
96,60,"(34, 13)",1,-0.08
96,61,"(35, 13)",1,-0.08
96,62,"(36, 13)",1,-0.08
96,63,"(37, 13)",1,-0.08
96,64,"(38, 13)",1,-0.08
96,65,"(39, 13)",1,-0.08
96,66,"(40, 13)",1,-0.08
96,67,"(41, 13)",1,-0.08
96,68,"(42, 13)",1,-0.08
96,69,"(43, 13)",0,-0.08
96,70,"(43, 12)",0,-0.08
96,71,"(43, 11)",1,-0.08
96,72,"(44, 11)",1,-0.08
96,73,"(45, 11)",0,-0.08
96,74,"(45, 10)",1,-0.08
96,75,"(46, 10)",0,-0.08
96,76,"(46, 9)",0,-0.08
96,77,"(46, 8)",0,-0.08
96,78,"(46, 7)",1,-0.08
96,79,"(47, 7)",0,-0.08
96,80,"(47, 6)",1,-0.08
96,81,"(48, 6)",1,-0.08
96,82,"(49, 6)",0,-0.08
96,83,"(49, 5)",1,-0.08
96,84,"(50, 5)",1,-0.08
96,85,"(51, 5)",0,-0.08
96,86,"(51, 4)",0,-0.08
96,87,"(51, 3)",0,-0.08
96,88,"(51, 2)",1,-0.08
96,89,"(52, 2)",0,-0.08
96,90,"(52, 1)",1,-0.08
96,91,"(53, 1)",1,-0.08
96,92,"(54, 1)",1,-0.08
96,93,"(55, 1)",1,-0.08
96,94,"(56, 1)",1,-0.08
96,95,"(57, 1)",1,-0.08
96,96,"(58, 1)",1,-0.08
96,97,"(59, 1)",1,-0.08
96,98,"(60, 1)",1,-0.08
96,99,"(61, 1)",1,-0.08
96,100,"(62, 1)",1,-0.08
96,101,"(63, 1)",1,-0.08
96,102,"(64, 1)",1,-0.08
96,103,"(65, 1)",1,-0.08
96,104,"(66, 1)",1,-0.08
96,105,"(67, 1)",1,-0.08
96,106,"(68, 1)",1,-0.08
96,107,"(69, 1)",1,-0.08
96,108,"(70, 1)",1,-0.08
96,109,"(71, 1)",2,-0.08
96,110,"(71, 2)",2,-0.08
96,111,"(71, 3)",1,-0.08
96,112,"(72, 3)",1,-0.08
96,113,"(73, 3)",0,-0.08
96,114,"(73, 2)",0,-0.08
96,115,"(73, 1)",1,-0.08
96,116,"(74, 1)",1,-0.08
96,117,"(75, 1)",1,-0.08
96,118,"(76, 1)",1,-0.08
96,119,"(77, 1)",0,-0.08
96,120,"(77, 0)",1,-0.08
96,121,"(78, 0)",1,8.33
97,0,"(0, 39)",1,-0.08
97,1,"(1, 39)",1,-0.08
97,2,"(2, 39)",1,-0.08
97,3,"(3, 39)",1,-0.08
97,4,"(4, 39)",1,-0.08
97,5,"(5, 39)",1,-0.08
97,6,"(6, 39)",1,-0.08
97,7,"(7, 39)",1,-0.08
97,8,"(8, 39)",1,-0.08
97,9,"(9, 39)",1,-0.08
97,10,"(10, 39)",1,-0.08
97,11,"(11, 39)",0,-0.08
97,12,"(11, 38)",0,-0.08
97,13,"(11, 37)",1,-0.08
97,14,"(12, 37)",1,-0.08
97,15,"(13, 37)",1,-0.08
97,16,"(14, 37)",1,-0.08
97,17,"(15, 37)",1,-0.08
97,18,"(16, 37)",1,-0.08
97,19,"(17, 37)",1,-0.08
97,20,"(18, 37)",1,-0.08
97,21,"(19, 37)",0,-0.08
97,22,"(19, 36)",0,-0.08
97,23,"(19, 35)",0,-0.08
97,24,"(19, 34)",0,-0.08
97,25,"(19, 33)",0,-0.08
97,26,"(19, 32)",0,-0.08
97,27,"(19, 31)",0,-0.08
97,28,"(19, 30)",0,-0.08
97,29,"(19, 29)",1,-0.08
97,30,"(20, 29)",0,-0.08
97,31,"(20, 28)",0,-0.08
97,32,"(20, 27)",1,-0.08
97,33,"(21, 27)",0,-0.08
97,34,"(21, 26)",0,-0.08
97,35,"(21, 25)",1,-0.08
97,36,"(22, 25)",0,-0.08
97,37,"(22, 24)",0,-0.08
97,38,"(22, 23)",1,-0.08
97,39,"(23, 23)",1,-0.08
97,40,"(24, 23)",1,-0.08
97,41,"(25, 23)",0,-0.08
97,42,"(25, 22)",0,-0.08
97,43,"(25, 21)",0,-0.08
97,44,"(25, 20)",0,-0.08
97,45,"(25, 19)",1,-0.08
97,46,"(26, 19)",0,-0.08
97,47,"(26, 18)",1,-0.08
97,48,"(27, 18)",0,-0.08
97,49,"(27, 17)",1,-0.08
97,50,"(28, 17)",1,-0.08
97,51,"(29, 17)",0,-0.08
97,52,"(29, 16)",0,-0.08
97,53,"(29, 15)",1,-0.08
97,54,"(30, 15)",1,-0.08
97,55,"(31, 15)",1,-0.08
97,56,"(32, 15)",0,-0.08
97,57,"(32, 14)",0,-0.08
97,58,"(32, 13)",1,-0.08
97,59,"(33, 13)",1,-0.08
97,60,"(34, 13)",1,-0.08
97,61,"(35, 13)",1,-0.08
97,62,"(36, 13)",1,-0.08
97,63,"(37, 13)",1,-0.08
97,64,"(38, 13)",1,-0.08
97,65,"(39, 13)",0,-0.08
97,66,"(39, 12)",0,-0.08
97,67,"(39, 11)",1,-0.08
97,68,"(40, 11)",1,-0.08
97,69,"(41, 11)",1,-0.08
97,70,"(42, 11)",1,-0.08
97,71,"(43, 11)",1,-0.08
97,72,"(44, 11)",1,-0.08
97,73,"(45, 11)",0,-0.08
97,74,"(45, 10)",1,-0.08
97,75,"(46, 10)",0,-0.08
97,76,"(46, 9)",0,-0.08
97,77,"(46, 8)",0,-0.08
97,78,"(46, 7)",1,-0.08
97,79,"(47, 7)",0,-0.08
97,80,"(47, 6)",1,-0.08
97,81,"(48, 6)",1,-0.08
97,82,"(49, 6)",0,-0.08
97,83,"(49, 5)",1,-0.08
97,84,"(50, 5)",1,-0.08
97,85,"(51, 5)",1,-0.08
97,86,"(52, 5)",1,-0.08
97,87,"(53, 5)",0,-0.08
97,88,"(53, 4)",0,-0.08
97,89,"(53, 3)",1,-0.08
97,90,"(54, 3)",1,-0.08
97,91,"(55, 3)",1,-0.08
97,92,"(56, 3)",0,-0.08
97,93,"(56, 2)",1,-0.08
97,94,"(57, 2)",0,-0.08
97,95,"(57, 1)",1,-0.08
97,96,"(58, 1)",1,-0.08
97,97,"(59, 1)",1,-0.08
97,98,"(60, 1)",1,-0.08
97,99,"(61, 1)",1,-0.08
97,100,"(62, 1)",1,-0.08
97,101,"(63, 1)",1,-0.08
97,102,"(64, 1)",1,-0.08
97,103,"(65, 1)",1,-0.08
97,104,"(66, 1)",1,-0.08
97,105,"(67, 1)",1,-0.08
97,106,"(68, 1)",1,-0.08
97,107,"(69, 1)",1,-0.08
97,108,"(70, 1)",1,-0.08
97,109,"(71, 1)",2,-0.08
97,110,"(71, 2)",2,-0.08
97,111,"(71, 3)",1,-0.08
97,112,"(72, 3)",1,-0.08
97,113,"(73, 3)",1,-0.08
97,114,"(74, 3)",1,-0.08
97,115,"(75, 3)",1,-0.08
97,116,"(76, 3)",1,-0.08
97,117,"(77, 3)",0,-0.08
97,118,"(77, 2)",0,-0.08
97,119,"(77, 1)",1,-0.08
97,120,"(78, 1)",0,-0.08
97,121,"(78, 0)",1,8.33
98,0,"(0, 39)",1,-0.08
98,1,"(1, 39)",1,-0.08
98,2,"(2, 39)",1,-0.08
98,3,"(3, 39)",1,-0.08
98,4,"(4, 39)",1,-0.08
98,5,"(5, 39)",1,-0.08
98,6,"(6, 39)",1,-0.08
98,7,"(7, 39)",1,-0.08
98,8,"(8, 39)",1,-0.08
98,9,"(9, 39)",1,-0.08
98,10,"(10, 39)",0,-0.08
98,11,"(10, 38)",0,-0.08
98,12,"(10, 37)",1,-0.08
98,13,"(11, 37)",1,-0.08
98,14,"(12, 37)",1,-0.08
98,15,"(13, 37)",1,-0.08
98,16,"(14, 37)",1,-0.08
98,17,"(15, 37)",0,-0.08
98,18,"(15, 36)",1,-0.08
98,19,"(16, 36)",1,-0.08
98,20,"(17, 36)",0,-0.08
98,21,"(17, 35)",1,-0.08
98,22,"(18, 35)",0,-0.08
98,23,"(18, 34)",0,-0.08
98,24,"(18, 33)",1,-0.08
98,25,"(19, 33)",0,-0.08
98,26,"(19, 32)",0,-0.08
98,27,"(19, 31)",0,-0.08
98,28,"(19, 30)",0,-0.08
98,29,"(19, 29)",1,-0.08
98,30,"(20, 29)",0,-0.08
98,31,"(20, 28)",0,-0.08
98,32,"(20, 27)",1,-0.08
98,33,"(21, 27)",0,-0.08
98,34,"(21, 26)",0,-0.08
98,35,"(21, 25)",1,-0.08
98,36,"(22, 25)",0,-0.08
98,37,"(22, 24)",0,-0.08
98,38,"(22, 23)",1,-0.08
98,39,"(23, 23)",1,-0.08
98,40,"(24, 23)",1,-0.08
98,41,"(25, 23)",0,-0.08
98,42,"(25, 22)",0,-0.08
98,43,"(25, 21)",1,-0.08
98,44,"(26, 21)",1,-0.08
98,45,"(27, 21)",0,-0.08
98,46,"(27, 20)",1,-0.08
98,47,"(28, 20)",0,-0.08
98,48,"(28, 19)",1,-0.08
98,49,"(29, 19)",1,-0.08
98,50,"(30, 19)",1,-0.08
98,51,"(31, 19)",0,-0.08
98,52,"(31, 18)",0,-0.08
98,53,"(31, 17)",1,-0.08
98,54,"(32, 17)",0,-0.08
98,55,"(32, 16)",0,-0.08
98,56,"(32, 15)",0,-0.08
98,57,"(32, 14)",0,-0.08
98,58,"(32, 13)",1,-0.08
98,59,"(33, 13)",1,-0.08
98,60,"(34, 13)",1,-0.08
98,61,"(35, 13)",1,-0.08
98,62,"(36, 13)",1,-0.08
98,63,"(37, 13)",1,-0.08
98,64,"(38, 13)",1,-0.08
98,65,"(39, 13)",0,-0.08
98,66,"(39, 12)",0,-0.08
98,67,"(39, 11)",1,-0.08
98,68,"(40, 11)",1,-0.08
98,69,"(41, 11)",1,-0.08
98,70,"(42, 11)",1,-0.08
98,71,"(43, 11)",1,-0.08
98,72,"(44, 11)",1,-0.08
98,73,"(45, 11)",0,-0.08
98,74,"(45, 10)",0,-0.08
98,75,"(45, 9)",0,-0.08
98,76,"(45, 8)",1,-0.08
98,77,"(46, 8)",0,-0.08
98,78,"(46, 7)",0,-0.08
98,79,"(46, 6)",1,-0.08
98,80,"(47, 6)",1,-0.08
98,81,"(48, 6)",1,-0.08
98,82,"(49, 6)",0,-0.08
98,83,"(49, 5)",1,-0.08
98,84,"(50, 5)",1,-0.08
98,85,"(51, 5)",0,-0.08
98,86,"(51, 4)",0,-0.08
98,87,"(51, 3)",0,-0.08
98,88,"(51, 2)",0,-0.08
98,89,"(51, 1)",1,-0.08
98,90,"(52, 1)",1,-0.08
98,91,"(53, 1)",1,-0.08
98,92,"(54, 1)",1,-0.08
98,93,"(55, 1)",1,-0.08
98,94,"(56, 1)",1,-0.08
98,95,"(57, 1)",1,-0.08
98,96,"(58, 1)",1,-0.08
98,97,"(59, 1)",1,-0.08
98,98,"(60, 1)",1,-0.08
98,99,"(61, 1)",1,-0.08
98,100,"(62, 1)",1,-0.08
98,101,"(63, 1)",1,-0.08
98,102,"(64, 1)",1,-0.08
98,103,"(65, 1)",1,-0.08
98,104,"(66, 1)",1,-0.08
98,105,"(67, 1)",1,-0.08
98,106,"(68, 1)",1,-0.08
98,107,"(69, 1)",1,-0.08
98,108,"(70, 1)",1,-0.08
98,109,"(71, 1)",2,-0.08
98,110,"(71, 2)",2,-0.08
98,111,"(71, 3)",1,-0.08
98,112,"(72, 3)",1,-0.08
98,113,"(73, 3)",0,-0.08
98,114,"(73, 2)",0,-0.08
98,115,"(73, 1)",1,-0.08
98,116,"(74, 1)",1,-0.08
98,117,"(75, 1)",0,-0.08
98,118,"(75, 0)",1,-0.08
98,119,"(76, 0)",1,-0.08
98,120,"(77, 0)",1,-0.08
98,121,"(78, 0)",1,8.33
99,0,"(0, 39)",1,-0.08
99,1,"(1, 39)",1,-0.08
99,2,"(2, 39)",1,-0.08
99,3,"(3, 39)",1,-0.08
99,4,"(4, 39)",1,-0.08
99,5,"(5, 39)",1,-0.08
99,6,"(6, 39)",1,-0.08
99,7,"(7, 39)",1,-0.08
99,8,"(8, 39)",1,-0.08
99,9,"(9, 39)",1,-0.08
99,10,"(10, 39)",1,-0.08
99,11,"(11, 39)",0,-0.08
99,12,"(11, 38)",0,-0.08
99,13,"(11, 37)",1,-0.08
99,14,"(12, 37)",1,-0.08
99,15,"(13, 37)",1,-0.08
99,16,"(14, 37)",1,-0.08
99,17,"(15, 37)",0,-0.08
99,18,"(15, 36)",0,-0.08
99,19,"(15, 35)",0,-0.08
99,20,"(15, 34)",0,-0.08
99,21,"(15, 33)",1,-0.08
99,22,"(16, 33)",1,-0.08
99,23,"(17, 33)",1,-0.08
99,24,"(18, 33)",1,-0.08
99,25,"(19, 33)",0,-0.08
99,26,"(19, 32)",0,-0.08
99,27,"(19, 31)",0,-0.08
99,28,"(19, 30)",0,-0.08
99,29,"(19, 29)",1,-0.08
99,30,"(20, 29)",0,-0.08
99,31,"(20, 28)",0,-0.08
99,32,"(20, 27)",1,-0.08
99,33,"(21, 27)",0,-0.08
99,34,"(21, 26)",1,-0.08
99,35,"(22, 26)",1,-0.08
99,36,"(23, 26)",0,-0.08
99,37,"(23, 25)",1,-0.08
99,38,"(24, 25)",1,-0.08
99,39,"(25, 25)",0,-0.08
99,40,"(25, 24)",0,-0.08
99,41,"(25, 23)",0,-0.08
99,42,"(25, 22)",0,-0.08
99,43,"(25, 21)",1,-0.08
99,44,"(26, 21)",1,-0.08
99,45,"(27, 21)",0,-0.08
99,46,"(27, 20)",0,-0.08
99,47,"(27, 19)",0,-0.08
99,48,"(27, 18)",0,-0.08
99,49,"(27, 17)",1,-0.08
99,50,"(28, 17)",1,-0.08
99,51,"(29, 17)",1,-0.08
99,52,"(30, 17)",1,-0.08
99,53,"(31, 17)",1,-0.08
99,54,"(32, 17)",1,-0.08
99,55,"(33, 17)",1,-0.08
99,56,"(34, 17)",1,-0.08
99,57,"(35, 17)",0,-0.08
99,58,"(35, 16)",0,-0.08
99,59,"(35, 15)",0,-0.08
99,60,"(35, 14)",0,-0.08
99,61,"(35, 13)",1,-0.08
99,62,"(36, 13)",1,-0.08
99,63,"(37, 13)",1,-0.08
99,64,"(38, 13)",1,-0.08
99,65,"(39, 13)",0,-0.08
99,66,"(39, 12)",0,-0.08
99,67,"(39, 11)",1,-0.08
99,68,"(40, 11)",1,-0.08
99,69,"(41, 11)",1,-0.08
99,70,"(42, 11)",1,-0.08
99,71,"(43, 11)",1,-0.08
99,72,"(44, 11)",1,-0.08
99,73,"(45, 11)",0,-0.08
99,74,"(45, 10)",1,-0.08
99,75,"(46, 10)",0,-0.08
99,76,"(46, 9)",0,-0.08
99,77,"(46, 8)",0,-0.08
99,78,"(46, 7)",1,-0.08
99,79,"(47, 7)",0,-0.08
99,80,"(47, 6)",1,-0.08
99,81,"(48, 6)",1,-0.08
99,82,"(49, 6)",0,-0.08
99,83,"(49, 5)",1,-0.08
99,84,"(50, 5)",1,-0.08
99,85,"(51, 5)",1,-0.08
99,86,"(52, 5)",1,-0.08
99,87,"(53, 5)",0,-0.08
99,88,"(53, 4)",0,-0.08
99,89,"(53, 3)",1,-0.08
99,90,"(54, 3)",1,-0.08
99,91,"(55, 3)",1,-0.08
99,92,"(56, 3)",0,-0.08
99,93,"(56, 2)",1,-0.08
99,94,"(57, 2)",1,-0.08
99,95,"(58, 2)",1,-0.08
99,96,"(59, 2)",0,-0.08
99,97,"(59, 1)",1,-0.08
99,98,"(60, 1)",1,-0.08
99,99,"(61, 1)",1,-0.08
99,100,"(62, 1)",1,-0.08
99,101,"(63, 1)",1,-0.08
99,102,"(64, 1)",1,-0.08
99,103,"(65, 1)",1,-0.08
99,104,"(66, 1)",1,-0.08
99,105,"(67, 1)",1,-0.08
99,106,"(68, 1)",1,-0.08
99,107,"(69, 1)",1,-0.08
99,108,"(70, 1)",1,-0.08
99,109,"(71, 1)",2,-0.08
99,110,"(71, 2)",2,-0.08
99,111,"(71, 3)",1,-0.08
99,112,"(72, 3)",1,-0.08
99,113,"(73, 3)",0,-0.08
99,114,"(73, 2)",0,-0.08
99,115,"(73, 1)",0,-0.08
99,116,"(73, 0)",1,-0.08
99,117,"(74, 0)",1,-0.08
99,118,"(75, 0)",1,-0.08
99,119,"(76, 0)",1,-0.08
99,120,"(77, 0)",1,-0.08
99,121,"(78, 0)",1,8.33
100,0,"(0, 39)",1,-0.08
100,1,"(1, 39)",1,-0.08
100,2,"(2, 39)",1,-0.08
100,3,"(3, 39)",1,-0.08
100,4,"(4, 39)",1,-0.08
100,5,"(5, 39)",1,-0.08
100,6,"(6, 39)",1,-0.08
100,7,"(7, 39)",1,-0.08
100,8,"(8, 39)",1,-0.08
100,9,"(9, 39)",1,-0.08
100,10,"(10, 39)",1,-0.08
100,11,"(11, 39)",0,-0.08
100,12,"(11, 38)",0,-0.08
100,13,"(11, 37)",1,-0.08
100,14,"(12, 37)",1,-0.08
100,15,"(13, 37)",1,-0.08
100,16,"(14, 37)",1,-0.08
100,17,"(15, 37)",0,-0.08
100,18,"(15, 36)",0,-0.08
100,19,"(15, 35)",0,-0.08
100,20,"(15, 34)",0,-0.08
100,21,"(15, 33)",1,-0.08
100,22,"(16, 33)",1,-0.08
100,23,"(17, 33)",1,-0.08
100,24,"(18, 33)",1,-0.08
100,25,"(19, 33)",0,-0.08
100,26,"(19, 32)",0,-0.08
100,27,"(19, 31)",0,-0.08
100,28,"(19, 30)",0,-0.08
100,29,"(19, 29)",1,-0.08
100,30,"(20, 29)",0,-0.08
100,31,"(20, 28)",0,-0.08
100,32,"(20, 27)",1,-0.08
100,33,"(21, 27)",0,-0.08
100,34,"(21, 26)",0,-0.08
100,35,"(21, 25)",1,-0.08
100,36,"(22, 25)",0,-0.08
100,37,"(22, 24)",0,-0.08
100,38,"(22, 23)",1,-0.08
100,39,"(23, 23)",1,-0.08
100,40,"(24, 23)",1,-0.08
100,41,"(25, 23)",0,-0.08
100,42,"(25, 22)",0,-0.08
100,43,"(25, 21)",0,-0.08
100,44,"(25, 20)",0,-0.08
100,45,"(25, 19)",1,-0.08
100,46,"(26, 19)",1,-0.08
100,47,"(27, 19)",1,-0.08
100,48,"(28, 19)",1,-0.08
100,49,"(29, 19)",1,-0.08
100,50,"(30, 19)",1,-0.08
100,51,"(31, 19)",0,-0.08
100,52,"(31, 18)",0,-0.08
100,53,"(31, 17)",1,-0.08
100,54,"(32, 17)",1,-0.08
100,55,"(33, 17)",1,-0.08
100,56,"(34, 17)",1,-0.08
100,57,"(35, 17)",0,-0.08
100,58,"(35, 16)",0,-0.08
100,59,"(35, 15)",0,-0.08
100,60,"(35, 14)",0,-0.08
100,61,"(35, 13)",1,-0.08
100,62,"(36, 13)",1,-0.08
100,63,"(37, 13)",1,-0.08
100,64,"(38, 13)",1,-0.08
100,65,"(39, 13)",0,-0.08
100,66,"(39, 12)",0,-0.08
100,67,"(39, 11)",1,-0.08
100,68,"(40, 11)",1,-0.08
100,69,"(41, 11)",1,-0.08
100,70,"(42, 11)",1,-0.08
100,71,"(43, 11)",1,-0.08
100,72,"(44, 11)",1,-0.08
100,73,"(45, 11)",0,-0.08
100,74,"(45, 10)",0,-0.08
100,75,"(45, 9)",1,-0.08
100,76,"(46, 9)",0,-0.08
100,77,"(46, 8)",0,-0.08
100,78,"(46, 7)",1,-0.08
100,79,"(47, 7)",0,-0.08
100,80,"(47, 6)",1,-0.08
100,81,"(48, 6)",1,-0.08
100,82,"(49, 6)",0,-0.08
100,83,"(49, 5)",1,-0.08
100,84,"(50, 5)",1,-0.08
100,85,"(51, 5)",0,-0.08
100,86,"(51, 4)",0,-0.08
100,87,"(51, 3)",0,-0.08
100,88,"(51, 2)",1,-0.08
100,89,"(52, 2)",1,-0.08
100,90,"(53, 2)",0,-0.08
100,91,"(53, 1)",1,-0.08
100,92,"(54, 1)",1,-0.08
100,93,"(55, 1)",1,-0.08
100,94,"(56, 1)",1,-0.08
100,95,"(57, 1)",1,-0.08
100,96,"(58, 1)",1,-0.08
100,97,"(59, 1)",1,-0.08
100,98,"(60, 1)",1,-0.08
100,99,"(61, 1)",1,-0.08
100,100,"(62, 1)",1,-0.08
100,101,"(63, 1)",1,-0.08
100,102,"(64, 1)",1,-0.08
100,103,"(65, 1)",1,-0.08
100,104,"(66, 1)",1,-0.08
100,105,"(67, 1)",1,-0.08
100,106,"(68, 1)",1,-0.08
100,107,"(69, 1)",1,-0.08
100,108,"(70, 1)",1,-0.08
100,109,"(71, 1)",2,-0.08
100,110,"(71, 2)",2,-0.08
100,111,"(71, 3)",1,-0.08
100,112,"(72, 3)",1,-0.08
100,113,"(73, 3)",0,-0.08
100,114,"(73, 2)",0,-0.08
100,115,"(73, 1)",1,-0.08
100,116,"(74, 1)",0,-0.08
100,117,"(74, 0)",1,-0.08
100,118,"(75, 0)",1,-0.08
100,119,"(76, 0)",1,-0.08
100,120,"(77, 0)",1,-0.08
100,121,"(78, 0)",1,8.33
101,0,"(0, 39)",1,-0.08
101,1,"(1, 39)",1,-0.08
101,2,"(2, 39)",1,-0.08
101,3,"(3, 39)",1,-0.08
101,4,"(4, 39)",1,-0.08
101,5,"(5, 39)",1,-0.08
101,6,"(6, 39)",1,-0.08
101,7,"(7, 39)",1,-0.08
101,8,"(8, 39)",1,-0.08
101,9,"(9, 39)",1,-0.08
101,10,"(10, 39)",0,-0.08
101,11,"(10, 38)",1,-0.08
101,12,"(11, 38)",0,-0.08
101,13,"(11, 37)",1,-0.08
101,14,"(12, 37)",1,-0.08
101,15,"(13, 37)",1,-0.08
101,16,"(14, 37)",1,-0.08
101,17,"(15, 37)",1,-0.08
101,18,"(16, 37)",1,-0.08
101,19,"(17, 37)",1,-0.08
101,20,"(18, 37)",1,-0.08
101,21,"(19, 37)",0,-0.08
101,22,"(19, 36)",0,-0.08
101,23,"(19, 35)",0,-0.08
101,24,"(19, 34)",0,-0.08
101,25,"(19, 33)",0,-0.08
101,26,"(19, 32)",0,-0.08
101,27,"(19, 31)",0,-0.08
101,28,"(19, 30)",0,-0.08
101,29,"(19, 29)",1,-0.08
101,30,"(20, 29)",0,-0.08
101,31,"(20, 28)",0,-0.08
101,32,"(20, 27)",1,-0.08
101,33,"(21, 27)",0,-0.08
101,34,"(21, 26)",1,-0.08
101,35,"(22, 26)",1,-0.08
101,36,"(23, 26)",0,-0.08
101,37,"(23, 25)",1,-0.08
101,38,"(24, 25)",1,-0.08
101,39,"(25, 25)",0,-0.08
101,40,"(25, 24)",0,-0.08
101,41,"(25, 23)",0,-0.08
101,42,"(25, 22)",0,-0.08
101,43,"(25, 21)",1,-0.08
101,44,"(26, 21)",1,-0.08
101,45,"(27, 21)",0,-0.08
101,46,"(27, 20)",1,-0.08
101,47,"(28, 20)",0,-0.08
101,48,"(28, 19)",1,-0.08
101,49,"(29, 19)",1,-0.08
101,50,"(30, 19)",1,-0.08
101,51,"(31, 19)",1,-0.08
101,52,"(32, 19)",0,-0.08
101,53,"(32, 18)",0,-0.08
101,54,"(32, 17)",1,-0.08
101,55,"(33, 17)",1,-0.08
101,56,"(34, 17)",1,-0.08
101,57,"(35, 17)",1,-0.08
101,58,"(36, 17)",1,-0.08
101,59,"(37, 17)",0,-0.08
101,60,"(37, 16)",0,-0.08
101,61,"(37, 15)",0,-0.08
101,62,"(37, 14)",1,-0.08
101,63,"(38, 14)",0,-0.08
101,64,"(38, 13)",1,-0.08
101,65,"(39, 13)",1,-0.08
101,66,"(40, 13)",1,-0.08
101,67,"(41, 13)",1,-0.08
101,68,"(42, 13)",1,-0.08
101,69,"(43, 13)",0,-0.08
101,70,"(43, 12)",0,-0.08
101,71,"(43, 11)",1,-0.08
101,72,"(44, 11)",1,-0.08
101,73,"(45, 11)",0,-0.08
101,74,"(45, 10)",0,-0.08
101,75,"(45, 9)",0,-0.08
101,76,"(45, 8)",0,-0.08
101,77,"(45, 7)",1,-0.08
101,78,"(46, 7)",0,-0.08
101,79,"(46, 6)",1,-0.08
101,80,"(47, 6)",1,-0.08
101,81,"(48, 6)",1,-0.08
101,82,"(49, 6)",0,-0.08
101,83,"(49, 5)",1,-0.08
101,84,"(50, 5)",1,-0.08
101,85,"(51, 5)",1,-0.08
101,86,"(52, 5)",1,-0.08
101,87,"(53, 5)",0,-0.08
101,88,"(53, 4)",0,-0.08
101,89,"(53, 3)",0,-0.08
101,90,"(53, 2)",0,-0.08
101,91,"(53, 1)",1,-0.08
101,92,"(54, 1)",1,-0.08
101,93,"(55, 1)",1,-0.08
101,94,"(56, 1)",1,-0.08
101,95,"(57, 1)",1,-0.08
101,96,"(58, 1)",1,-0.08
101,97,"(59, 1)",1,-0.08
101,98,"(60, 1)",1,-0.08
101,99,"(61, 1)",1,-0.08
101,100,"(62, 1)",1,-0.08
101,101,"(63, 1)",1,-0.08
101,102,"(64, 1)",1,-0.08
101,103,"(65, 1)",1,-0.08
101,104,"(66, 1)",1,-0.08
101,105,"(67, 1)",1,-0.08
101,106,"(68, 1)",1,-0.08
101,107,"(69, 1)",1,-0.08
101,108,"(70, 1)",1,-0.08
101,109,"(71, 1)",2,-0.08
101,110,"(71, 2)",2,-0.08
101,111,"(71, 3)",1,-0.08
101,112,"(72, 3)",1,-0.08
101,113,"(73, 3)",1,-0.08
101,114,"(74, 3)",1,-0.08
101,115,"(75, 3)",1,-0.08
101,116,"(76, 3)",1,-0.08
101,117,"(77, 3)",0,-0.08
101,118,"(77, 2)",0,-0.08
101,119,"(77, 1)",0,-0.08
101,120,"(77, 0)",1,-0.08
101,121,"(78, 0)",1,8.33
102,0,"(0, 39)",1,-0.08
102,1,"(1, 39)",1,-0.08
102,2,"(2, 39)",1,-0.08
102,3,"(3, 39)",1,-0.08
102,4,"(4, 39)",1,-0.08
102,5,"(5, 39)",1,-0.08
102,6,"(6, 39)",1,-0.08
102,7,"(7, 39)",1,-0.08
102,8,"(8, 39)",1,-0.08
102,9,"(9, 39)",1,-0.08
102,10,"(10, 39)",1,-0.08
102,11,"(11, 39)",1,-0.08
102,12,"(12, 39)",1,-0.08
102,13,"(13, 39)",1,-0.08
102,14,"(14, 39)",0,-0.08
102,15,"(14, 38)",0,-0.08
102,16,"(14, 37)",1,-0.08
102,17,"(15, 37)",0,-0.08
102,18,"(15, 36)",1,-0.08
102,19,"(16, 36)",1,-0.08
102,20,"(17, 36)",0,-0.08
102,21,"(17, 35)",0,-0.08
102,22,"(17, 34)",0,-0.08
102,23,"(17, 33)",1,-0.08
102,24,"(18, 33)",1,-0.08
102,25,"(19, 33)",0,-0.08
102,26,"(19, 32)",0,-0.08
102,27,"(19, 31)",0,-0.08
102,28,"(19, 30)",0,-0.08
102,29,"(19, 29)",1,-0.08
102,30,"(20, 29)",0,-0.08
102,31,"(20, 28)",0,-0.08
102,32,"(20, 27)",1,-0.08
102,33,"(21, 27)",0,-0.08
102,34,"(21, 26)",1,-0.08
102,35,"(22, 26)",1,-0.08
102,36,"(23, 26)",1,-0.08
102,37,"(24, 26)",1,-0.08
102,38,"(25, 26)",0,-0.08
102,39,"(25, 25)",0,-0.08
102,40,"(25, 24)",0,-0.08
102,41,"(25, 23)",0,-0.08
102,42,"(25, 22)",0,-0.08
102,43,"(25, 21)",0,-0.08
102,44,"(25, 20)",0,-0.08
102,45,"(25, 19)",1,-0.08
102,46,"(26, 19)",1,-0.08
102,47,"(27, 19)",0,-0.08
102,48,"(27, 18)",0,-0.08
102,49,"(27, 17)",0,-0.08
102,50,"(27, 16)",1,-0.08
102,51,"(28, 16)",1,-0.08
102,52,"(29, 16)",0,-0.08
102,53,"(29, 15)",1,-0.08
102,54,"(30, 15)",1,-0.08
102,55,"(31, 15)",1,-0.08
102,56,"(32, 15)",0,-0.08
102,57,"(32, 14)",0,-0.08
102,58,"(32, 13)",1,-0.08
102,59,"(33, 13)",1,-0.08
102,60,"(34, 13)",1,-0.08
102,61,"(35, 13)",1,-0.08
102,62,"(36, 13)",1,-0.08
102,63,"(37, 13)",1,-0.08
102,64,"(38, 13)",1,-0.08
102,65,"(39, 13)",1,-0.08
102,66,"(40, 13)",1,-0.08
102,67,"(41, 13)",0,-0.08
102,68,"(41, 12)",0,-0.08
102,69,"(41, 11)",1,-0.08
102,70,"(42, 11)",1,-0.08
102,71,"(43, 11)",1,-0.08
102,72,"(44, 11)",1,-0.08
102,73,"(45, 11)",0,-0.08
102,74,"(45, 10)",1,-0.08
102,75,"(46, 10)",0,-0.08
102,76,"(46, 9)",0,-0.08
102,77,"(46, 8)",0,-0.08
102,78,"(46, 7)",0,-0.08
102,79,"(46, 6)",1,-0.08
102,80,"(47, 6)",1,-0.08
102,81,"(48, 6)",1,-0.08
102,82,"(49, 6)",0,-0.08
102,83,"(49, 5)",1,-0.08
102,84,"(50, 5)",1,-0.08
102,85,"(51, 5)",1,-0.08
102,86,"(52, 5)",1,-0.08
102,87,"(53, 5)",0,-0.08
102,88,"(53, 4)",0,-0.08
102,89,"(53, 3)",0,-0.08
102,90,"(53, 2)",0,-0.08
102,91,"(53, 1)",1,-0.08
102,92,"(54, 1)",1,-0.08
102,93,"(55, 1)",1,-0.08
102,94,"(56, 1)",1,-0.08
102,95,"(57, 1)",1,-0.08
102,96,"(58, 1)",1,-0.08
102,97,"(59, 1)",1,-0.08
102,98,"(60, 1)",1,-0.08
102,99,"(61, 1)",1,-0.08
102,100,"(62, 1)",1,-0.08
102,101,"(63, 1)",1,-0.08
102,102,"(64, 1)",1,-0.08
102,103,"(65, 1)",1,-0.08
102,104,"(66, 1)",1,-0.08
102,105,"(67, 1)",1,-0.08
102,106,"(68, 1)",1,-0.08
102,107,"(69, 1)",1,-0.08
102,108,"(70, 1)",1,-0.08
102,109,"(71, 1)",2,-0.08
102,110,"(71, 2)",2,-0.08
102,111,"(71, 3)",1,-0.08
102,112,"(72, 3)",1,-0.08
102,113,"(73, 3)",0,-0.08
102,114,"(73, 2)",0,-0.08
102,115,"(73, 1)",1,-0.08
102,116,"(74, 1)",1,-0.08
102,117,"(75, 1)",1,-0.08
102,118,"(76, 1)",0,-0.08
102,119,"(76, 0)",1,-0.08
102,120,"(77, 0)",1,-0.08
102,121,"(78, 0)",1,8.33
103,0,"(0, 39)",1,-0.08
103,1,"(1, 39)",1,-0.08
103,2,"(2, 39)",1,-0.08
103,3,"(3, 39)",1,-0.08
103,4,"(4, 39)",1,-0.08
103,5,"(5, 39)",1,-0.08
103,6,"(6, 39)",1,-0.08
103,7,"(7, 39)",1,-0.08
103,8,"(8, 39)",1,-0.08
103,9,"(9, 39)",1,-0.08
103,10,"(10, 39)",1,-0.08
103,11,"(11, 39)",1,-0.08
103,12,"(12, 39)",1,-0.08
103,13,"(13, 39)",1,-0.08
103,14,"(14, 39)",0,-0.08
103,15,"(14, 38)",0,-0.08
103,16,"(14, 37)",1,-0.08
103,17,"(15, 37)",1,-0.08
103,18,"(16, 37)",1,-0.08
103,19,"(17, 37)",1,-0.08
103,20,"(18, 37)",1,-0.08
103,21,"(19, 37)",0,-0.08
103,22,"(19, 36)",0,-0.08
103,23,"(19, 35)",0,-0.08
103,24,"(19, 34)",0,-0.08
103,25,"(19, 33)",0,-0.08
103,26,"(19, 32)",0,-0.08
103,27,"(19, 31)",0,-0.08
103,28,"(19, 30)",0,-0.08
103,29,"(19, 29)",1,-0.08
103,30,"(20, 29)",0,-0.08
103,31,"(20, 28)",0,-0.08
103,32,"(20, 27)",1,-0.08
103,33,"(21, 27)",0,-0.08
103,34,"(21, 26)",1,-0.08
103,35,"(22, 26)",1,-0.08
103,36,"(23, 26)",1,-0.08
103,37,"(24, 26)",1,-0.08
103,38,"(25, 26)",0,-0.08
103,39,"(25, 25)",1,-0.08
103,40,"(26, 25)",1,-0.08
103,41,"(27, 25)",1,-0.08
103,42,"(28, 25)",1,-0.08
103,43,"(29, 25)",1,-0.08
103,44,"(30, 25)",1,-0.08
103,45,"(31, 25)",0,-0.08
103,46,"(31, 24)",0,-0.08
103,47,"(31, 23)",1,-0.08
103,48,"(32, 23)",1,-0.08
103,49,"(33, 23)",0,-0.08
103,50,"(33, 22)",0,-0.08
103,51,"(33, 21)",1,-0.08
103,52,"(34, 21)",1,-0.08
103,53,"(35, 21)",0,-0.08
103,54,"(35, 20)",0,-0.08
103,55,"(35, 19)",1,-0.08
103,56,"(36, 19)",1,-0.08
103,57,"(37, 19)",0,-0.08
103,58,"(37, 18)",0,-0.08
103,59,"(37, 17)",1,-0.08
103,60,"(38, 17)",1,-0.08
103,61,"(39, 17)",0,-0.08
103,62,"(39, 16)",0,-0.08
103,63,"(39, 15)",1,-0.08
103,64,"(40, 15)",0,-0.08
103,65,"(40, 14)",1,-0.08
103,66,"(41, 14)",0,-0.08
103,67,"(41, 13)",0,-0.08
103,68,"(41, 12)",0,-0.08
103,69,"(41, 11)",1,-0.08
103,70,"(42, 11)",1,-0.08
103,71,"(43, 11)",1,-0.08
103,72,"(44, 11)",1,-0.08
103,73,"(45, 11)",0,-0.08
103,74,"(45, 10)",1,-0.08
103,75,"(46, 10)",0,-0.08
103,76,"(46, 9)",0,-0.08
103,77,"(46, 8)",0,-0.08
103,78,"(46, 7)",1,-0.08
103,79,"(47, 7)",0,-0.08
103,80,"(47, 6)",1,-0.08
103,81,"(48, 6)",1,-0.08
103,82,"(49, 6)",0,-0.08
103,83,"(49, 5)",1,-0.08
103,84,"(50, 5)",1,-0.08
103,85,"(51, 5)",0,-0.08
103,86,"(51, 4)",0,-0.08
103,87,"(51, 3)",0,-0.08
103,88,"(51, 2)",1,-0.08
103,89,"(52, 2)",0,-0.08
103,90,"(52, 1)",1,-0.08
103,91,"(53, 1)",1,-0.08
103,92,"(54, 1)",1,-0.08
103,93,"(55, 1)",1,-0.08
103,94,"(56, 1)",1,-0.08
103,95,"(57, 1)",1,-0.08
103,96,"(58, 1)",1,-0.08
103,97,"(59, 1)",1,-0.08
103,98,"(60, 1)",1,-0.08
103,99,"(61, 1)",1,-0.08
103,100,"(62, 1)",1,-0.08
103,101,"(63, 1)",1,-0.08
103,102,"(64, 1)",1,-0.08
103,103,"(65, 1)",1,-0.08
103,104,"(66, 1)",1,-0.08
103,105,"(67, 1)",1,-0.08
103,106,"(68, 1)",1,-0.08
103,107,"(69, 1)",1,-0.08
103,108,"(70, 1)",1,-0.08
103,109,"(71, 1)",2,-0.08
103,110,"(71, 2)",2,-0.08
103,111,"(71, 3)",1,-0.08
103,112,"(72, 3)",1,-0.08
103,113,"(73, 3)",1,-0.08
103,114,"(74, 3)",1,-0.08
103,115,"(75, 3)",1,-0.08
103,116,"(76, 3)",1,-0.08
103,117,"(77, 3)",0,-0.08
103,118,"(77, 2)",0,-0.08
103,119,"(77, 1)",1,-0.08
103,120,"(78, 1)",1,-0.08
103,121,"(79, 1)",0,8.33
104,0,"(0, 39)",1,-0.08
104,1,"(1, 39)",1,-0.08
104,2,"(2, 39)",1,-0.08
104,3,"(3, 39)",1,-0.08
104,4,"(4, 39)",1,-0.08
104,5,"(5, 39)",1,-0.08
104,6,"(6, 39)",1,-0.08
104,7,"(7, 39)",1,-0.08
104,8,"(8, 39)",1,-0.08
104,9,"(9, 39)",1,-0.08
104,10,"(10, 39)",0,-0.08
104,11,"(10, 38)",0,-0.08
104,12,"(10, 37)",1,-0.08
104,13,"(11, 37)",1,-0.08
104,14,"(12, 37)",1,-0.08
104,15,"(13, 37)",1,-0.08
104,16,"(14, 37)",1,-0.08
104,17,"(15, 37)",0,-0.08
104,18,"(15, 36)",0,-0.08
104,19,"(15, 35)",0,-0.08
104,20,"(15, 34)",0,-0.08
104,21,"(15, 33)",1,-0.08
104,22,"(16, 33)",1,-0.08
104,23,"(17, 33)",1,-0.08
104,24,"(18, 33)",1,-0.08
104,25,"(19, 33)",0,-0.08
104,26,"(19, 32)",0,-0.08
104,27,"(19, 31)",0,-0.08
104,28,"(19, 30)",0,-0.08
104,29,"(19, 29)",1,-0.08
104,30,"(20, 29)",0,-0.08
104,31,"(20, 28)",0,-0.08
104,32,"(20, 27)",1,-0.08
104,33,"(21, 27)",0,-0.08
104,34,"(21, 26)",0,-0.08
104,35,"(21, 25)",1,-0.08
104,36,"(22, 25)",0,-0.08
104,37,"(22, 24)",0,-0.08
104,38,"(22, 23)",1,-0.08
104,39,"(23, 23)",1,-0.08
104,40,"(24, 23)",1,-0.08
104,41,"(25, 23)",0,-0.08
104,42,"(25, 22)",0,-0.08
104,43,"(25, 21)",0,-0.08
104,44,"(25, 20)",0,-0.08
104,45,"(25, 19)",0,-0.08
104,46,"(25, 18)",1,-0.08
104,47,"(26, 18)",1,-0.08
104,48,"(27, 18)",0,-0.08
104,49,"(27, 17)",1,-0.08
104,50,"(28, 17)",1,-0.08
104,51,"(29, 17)",0,-0.08
104,52,"(29, 16)",0,-0.08
104,53,"(29, 15)",1,-0.08
104,54,"(30, 15)",1,-0.08
104,55,"(31, 15)",1,-0.08
104,56,"(32, 15)",0,-0.08
104,57,"(32, 14)",0,-0.08
104,58,"(32, 13)",1,-0.08
104,59,"(33, 13)",1,-0.08
104,60,"(34, 13)",1,-0.08
104,61,"(35, 13)",1,-0.08
104,62,"(36, 13)",1,-0.08
104,63,"(37, 13)",1,-0.08
104,64,"(38, 13)",1,-0.08
104,65,"(39, 13)",0,-0.08
104,66,"(39, 12)",0,-0.08
104,67,"(39, 11)",1,-0.08
104,68,"(40, 11)",1,-0.08
104,69,"(41, 11)",1,-0.08
104,70,"(42, 11)",1,-0.08
104,71,"(43, 11)",1,-0.08
104,72,"(44, 11)",1,-0.08
104,73,"(45, 11)",0,-0.08
104,74,"(45, 10)",1,-0.08
104,75,"(46, 10)",0,-0.08
104,76,"(46, 9)",0,-0.08
104,77,"(46, 8)",0,-0.08
104,78,"(46, 7)",1,-0.08
104,79,"(47, 7)",0,-0.08
104,80,"(47, 6)",1,-0.08
104,81,"(48, 6)",1,-0.08
104,82,"(49, 6)",0,-0.08
104,83,"(49, 5)",1,-0.08
104,84,"(50, 5)",1,-0.08
104,85,"(51, 5)",1,-0.08
104,86,"(52, 5)",1,-0.08
104,87,"(53, 5)",0,-0.08
104,88,"(53, 4)",0,-0.08
104,89,"(53, 3)",1,-0.08
104,90,"(54, 3)",1,-0.08
104,91,"(55, 3)",1,-0.08
104,92,"(56, 3)",0,-0.08
104,93,"(56, 2)",1,-0.08
104,94,"(57, 2)",1,-0.08
104,95,"(58, 2)",0,-0.08
104,96,"(58, 1)",1,-0.08
104,97,"(59, 1)",1,-0.08
104,98,"(60, 1)",1,-0.08
104,99,"(61, 1)",1,-0.08
104,100,"(62, 1)",1,-0.08
104,101,"(63, 1)",1,-0.08
104,102,"(64, 1)",1,-0.08
104,103,"(65, 1)",1,-0.08
104,104,"(66, 1)",1,-0.08
104,105,"(67, 1)",1,-0.08
104,106,"(68, 1)",1,-0.08
104,107,"(69, 1)",1,-0.08
104,108,"(70, 1)",1,-0.08
104,109,"(71, 1)",2,-0.08
104,110,"(71, 2)",2,-0.08
104,111,"(71, 3)",1,-0.08
104,112,"(72, 3)",1,-0.08
104,113,"(73, 3)",1,-0.08
104,114,"(74, 3)",1,-0.08
104,115,"(75, 3)",1,-0.08
104,116,"(76, 3)",1,-0.08
104,117,"(77, 3)",0,-0.08
104,118,"(77, 2)",0,-0.08
104,119,"(77, 1)",0,-0.08
104,120,"(77, 0)",1,-0.08
104,121,"(78, 0)",1,8.33
105,0,"(0, 39)",1,-0.08
105,1,"(1, 39)",1,-0.08
105,2,"(2, 39)",1,-0.08
105,3,"(3, 39)",1,-0.08
105,4,"(4, 39)",1,-0.08
105,5,"(5, 39)",1,-0.08
105,6,"(6, 39)",1,-0.08
105,7,"(7, 39)",1,-0.08
105,8,"(8, 39)",1,-0.08
105,9,"(9, 39)",1,-0.08
105,10,"(10, 39)",0,-0.08
105,11,"(10, 38)",0,-0.08
105,12,"(10, 37)",1,-0.08
105,13,"(11, 37)",1,-0.08
105,14,"(12, 37)",1,-0.08
105,15,"(13, 37)",1,-0.08
105,16,"(14, 37)",1,-0.08
105,17,"(15, 37)",1,-0.08
105,18,"(16, 37)",1,-0.08
105,19,"(17, 37)",1,-0.08
105,20,"(18, 37)",1,-0.08
105,21,"(19, 37)",0,-0.08
105,22,"(19, 36)",0,-0.08
105,23,"(19, 35)",0,-0.08
105,24,"(19, 34)",0,-0.08
105,25,"(19, 33)",0,-0.08
105,26,"(19, 32)",0,-0.08
105,27,"(19, 31)",0,-0.08
105,28,"(19, 30)",0,-0.08
105,29,"(19, 29)",1,-0.08
105,30,"(20, 29)",0,-0.08
105,31,"(20, 28)",0,-0.08
105,32,"(20, 27)",1,-0.08
105,33,"(21, 27)",0,-0.08
105,34,"(21, 26)",0,-0.08
105,35,"(21, 25)",1,-0.08
105,36,"(22, 25)",1,-0.08
105,37,"(23, 25)",1,-0.08
105,38,"(24, 25)",1,-0.08
105,39,"(25, 25)",1,-0.08
105,40,"(26, 25)",1,-0.08
105,41,"(27, 25)",1,-0.08
105,42,"(28, 25)",1,-0.08
105,43,"(29, 25)",1,-0.08
105,44,"(30, 25)",1,-0.08
105,45,"(31, 25)",0,-0.08
105,46,"(31, 24)",0,-0.08
105,47,"(31, 23)",1,-0.08
105,48,"(32, 23)",1,-0.08
105,49,"(33, 23)",0,-0.08
105,50,"(33, 22)",0,-0.08
105,51,"(33, 21)",1,-0.08
105,52,"(34, 21)",1,-0.08
105,53,"(35, 21)",1,-0.08
105,54,"(36, 21)",1,-0.08
105,55,"(37, 21)",1,-0.08
105,56,"(38, 21)",1,-0.08
105,57,"(39, 21)",1,-0.08
105,58,"(40, 21)",0,-0.08
105,59,"(40, 20)",1,-0.08
105,60,"(41, 20)",1,-0.08
105,61,"(42, 20)",1,-0.08
105,62,"(43, 20)",0,-0.08
105,63,"(43, 19)",1,-0.08
105,64,"(44, 19)",0,-0.08
105,65,"(44, 18)",0,-0.08
105,66,"(44, 17)",0,-0.08
105,67,"(44, 16)",0,-0.08
105,68,"(44, 15)",1,-0.08
105,69,"(45, 15)",0,-0.08
105,70,"(45, 14)",0,-0.08
105,71,"(45, 13)",0,-0.08
105,72,"(45, 12)",0,-0.08
105,73,"(45, 11)",0,-0.08
105,74,"(45, 10)",1,-0.08
105,75,"(46, 10)",0,-0.08
105,76,"(46, 9)",0,-0.08
105,77,"(46, 8)",0,-0.08
105,78,"(46, 7)",0,-0.08
105,79,"(46, 6)",1,-0.08
105,80,"(47, 6)",1,-0.08
105,81,"(48, 6)",1,-0.08
105,82,"(49, 6)",0,-0.08
105,83,"(49, 5)",1,-0.08
105,84,"(50, 5)",1,-0.08
105,85,"(51, 5)",1,-0.08
105,86,"(52, 5)",1,-0.08
105,87,"(53, 5)",0,-0.08
105,88,"(53, 4)",0,-0.08
105,89,"(53, 3)",1,-0.08
105,90,"(54, 3)",1,-0.08
105,91,"(55, 3)",1,-0.08
105,92,"(56, 3)",0,-0.08
105,93,"(56, 2)",0,-0.08
105,94,"(56, 1)",1,-0.08
105,95,"(57, 1)",1,-0.08
105,96,"(58, 1)",1,-0.08
105,97,"(59, 1)",1,-0.08
105,98,"(60, 1)",1,-0.08
105,99,"(61, 1)",1,-0.08
105,100,"(62, 1)",1,-0.08
105,101,"(63, 1)",1,-0.08
105,102,"(64, 1)",1,-0.08
105,103,"(65, 1)",1,-0.08
105,104,"(66, 1)",1,-0.08
105,105,"(67, 1)",1,-0.08
105,106,"(68, 1)",1,-0.08
105,107,"(69, 1)",1,-0.08
105,108,"(70, 1)",1,-0.08
105,109,"(71, 1)",2,-0.08
105,110,"(71, 2)",2,-0.08
105,111,"(71, 3)",1,-0.08
105,112,"(72, 3)",1,-0.08
105,113,"(73, 3)",1,-0.08
105,114,"(74, 3)",1,-0.08
105,115,"(75, 3)",1,-0.08
105,116,"(76, 3)",1,-0.08
105,117,"(77, 3)",0,-0.08
105,118,"(77, 2)",0,-0.08
105,119,"(77, 1)",1,-0.08
105,120,"(78, 1)",1,-0.08
105,121,"(79, 1)",0,8.33
106,0,"(0, 39)",1,-0.08
106,1,"(1, 39)",1,-0.08
106,2,"(2, 39)",1,-0.08
106,3,"(3, 39)",1,-0.08
106,4,"(4, 39)",1,-0.08
106,5,"(5, 39)",1,-0.08
106,6,"(6, 39)",1,-0.08
106,7,"(7, 39)",1,-0.08
106,8,"(8, 39)",1,-0.08
106,9,"(9, 39)",1,-0.08
106,10,"(10, 39)",0,-0.08
106,11,"(10, 38)",0,-0.08
106,12,"(10, 37)",1,-0.08
106,13,"(11, 37)",1,-0.08
106,14,"(12, 37)",1,-0.08
106,15,"(13, 37)",1,-0.08
106,16,"(14, 37)",1,-0.08
106,17,"(15, 37)",1,-0.08
106,18,"(16, 37)",0,-0.08
106,19,"(16, 36)",1,-0.08
106,20,"(17, 36)",0,-0.08
106,21,"(17, 35)",0,-0.08
106,22,"(17, 34)",1,-0.08
106,23,"(18, 34)",1,-0.08
106,24,"(19, 34)",0,-0.08
106,25,"(19, 33)",0,-0.08
106,26,"(19, 32)",0,-0.08
106,27,"(19, 31)",0,-0.08
106,28,"(19, 30)",0,-0.08
106,29,"(19, 29)",1,-0.08
106,30,"(20, 29)",0,-0.08
106,31,"(20, 28)",0,-0.08
106,32,"(20, 27)",1,-0.08
106,33,"(21, 27)",0,-0.08
106,34,"(21, 26)",0,-0.08
106,35,"(21, 25)",1,-0.08
106,36,"(22, 25)",0,-0.08
106,37,"(22, 24)",0,-0.08
106,38,"(22, 23)",1,-0.08
106,39,"(23, 23)",1,-0.08
106,40,"(24, 23)",1,-0.08
106,41,"(25, 23)",0,-0.08
106,42,"(25, 22)",0,-0.08
106,43,"(25, 21)",1,-0.08
106,44,"(26, 21)",1,-0.08
106,45,"(27, 21)",0,-0.08
106,46,"(27, 20)",0,-0.08
106,47,"(27, 19)",0,-0.08
106,48,"(27, 18)",0,-0.08
106,49,"(27, 17)",0,-0.08
106,50,"(27, 16)",1,-0.08
106,51,"(28, 16)",1,-0.08
106,52,"(29, 16)",0,-0.08
106,53,"(29, 15)",1,-0.08
106,54,"(30, 15)",1,-0.08
106,55,"(31, 15)",0,-0.08
106,56,"(31, 14)",1,-0.08
106,57,"(32, 14)",0,-0.08
106,58,"(32, 13)",1,-0.08
106,59,"(33, 13)",1,-0.08
106,60,"(34, 13)",1,-0.08
106,61,"(35, 13)",1,-0.08
106,62,"(36, 13)",1,-0.08
106,63,"(37, 13)",1,-0.08
106,64,"(38, 13)",1,-0.08
106,65,"(39, 13)",1,-0.08
106,66,"(40, 13)",1,-0.08
106,67,"(41, 13)",0,-0.08
106,68,"(41, 12)",0,-0.08
106,69,"(41, 11)",1,-0.08
106,70,"(42, 11)",1,-0.08
106,71,"(43, 11)",1,-0.08
106,72,"(44, 11)",1,-0.08
106,73,"(45, 11)",0,-0.08
106,74,"(45, 10)",0,-0.08
106,75,"(45, 9)",1,-0.08
106,76,"(46, 9)",0,-0.08
106,77,"(46, 8)",0,-0.08
106,78,"(46, 7)",0,-0.08
106,79,"(46, 6)",1,-0.08
106,80,"(47, 6)",1,-0.08
106,81,"(48, 6)",1,-0.08
106,82,"(49, 6)",0,-0.08
106,83,"(49, 5)",1,-0.08
106,84,"(50, 5)",1,-0.08
106,85,"(51, 5)",0,-0.08
106,86,"(51, 4)",0,-0.08
106,87,"(51, 3)",0,-0.08
106,88,"(51, 2)",0,-0.08
106,89,"(51, 1)",1,-0.08
106,90,"(52, 1)",1,-0.08
106,91,"(53, 1)",1,-0.08
106,92,"(54, 1)",1,-0.08
106,93,"(55, 1)",1,-0.08
106,94,"(56, 1)",1,-0.08
106,95,"(57, 1)",1,-0.08
106,96,"(58, 1)",1,-0.08
106,97,"(59, 1)",1,-0.08
106,98,"(60, 1)",1,-0.08
106,99,"(61, 1)",1,-0.08
106,100,"(62, 1)",1,-0.08
106,101,"(63, 1)",1,-0.08
106,102,"(64, 1)",1,-0.08
106,103,"(65, 1)",1,-0.08
106,104,"(66, 1)",1,-0.08
106,105,"(67, 1)",1,-0.08
106,106,"(68, 1)",1,-0.08
106,107,"(69, 1)",1,-0.08
106,108,"(70, 1)",1,-0.08
106,109,"(71, 1)",2,-0.08
106,110,"(71, 2)",2,-0.08
106,111,"(71, 3)",1,-0.08
106,112,"(72, 3)",1,-0.08
106,113,"(73, 3)",0,-0.08
106,114,"(73, 2)",0,-0.08
106,115,"(73, 1)",1,-0.08
106,116,"(74, 1)",1,-0.08
106,117,"(75, 1)",0,-0.08
106,118,"(75, 0)",1,-0.08
106,119,"(76, 0)",1,-0.08
106,120,"(77, 0)",1,-0.08
106,121,"(78, 0)",1,8.33
107,0,"(0, 39)",1,-0.08
107,1,"(1, 39)",1,-0.08
107,2,"(2, 39)",1,-0.08
107,3,"(3, 39)",1,-0.08
107,4,"(4, 39)",1,-0.08
107,5,"(5, 39)",1,-0.08
107,6,"(6, 39)",1,-0.08
107,7,"(7, 39)",1,-0.08
107,8,"(8, 39)",1,-0.08
107,9,"(9, 39)",1,-0.08
107,10,"(10, 39)",0,-0.08
107,11,"(10, 38)",1,-0.08
107,12,"(11, 38)",0,-0.08
107,13,"(11, 37)",1,-0.08
107,14,"(12, 37)",1,-0.08
107,15,"(13, 37)",1,-0.08
107,16,"(14, 37)",1,-0.08
107,17,"(15, 37)",0,-0.08
107,18,"(15, 36)",1,-0.08
107,19,"(16, 36)",1,-0.08
107,20,"(17, 36)",0,-0.08
107,21,"(17, 35)",1,-0.08
107,22,"(18, 35)",1,-0.08
107,23,"(19, 35)",0,-0.08
107,24,"(19, 34)",0,-0.08
107,25,"(19, 33)",0,-0.08
107,26,"(19, 32)",0,-0.08
107,27,"(19, 31)",0,-0.08
107,28,"(19, 30)",0,-0.08
107,29,"(19, 29)",1,-0.08
107,30,"(20, 29)",0,-0.08
107,31,"(20, 28)",0,-0.08
107,32,"(20, 27)",1,-0.08
107,33,"(21, 27)",0,-0.08
107,34,"(21, 26)",0,-0.08
107,35,"(21, 25)",1,-0.08
107,36,"(22, 25)",1,-0.08
107,37,"(23, 25)",1,-0.08
107,38,"(24, 25)",1,-0.08
107,39,"(25, 25)",1,-0.08
107,40,"(26, 25)",1,-0.08
107,41,"(27, 25)",1,-0.08
107,42,"(28, 25)",1,-0.08
107,43,"(29, 25)",1,-0.08
107,44,"(30, 25)",1,-0.08
107,45,"(31, 25)",0,-0.08
107,46,"(31, 24)",0,-0.08
107,47,"(31, 23)",1,-0.08
107,48,"(32, 23)",1,-0.08
107,49,"(33, 23)",0,-0.08
107,50,"(33, 22)",0,-0.08
107,51,"(33, 21)",1,-0.08
107,52,"(34, 21)",1,-0.08
107,53,"(35, 21)",0,-0.08
107,54,"(35, 20)",0,-0.08
107,55,"(35, 19)",0,-0.08
107,56,"(35, 18)",0,-0.08
107,57,"(35, 17)",1,-0.08
107,58,"(36, 17)",1,-0.08
107,59,"(37, 17)",1,-0.08
107,60,"(38, 17)",1,-0.08
107,61,"(39, 17)",0,-0.08
107,62,"(39, 16)",0,-0.08
107,63,"(39, 15)",1,-0.08
107,64,"(40, 15)",0,-0.08
107,65,"(40, 14)",1,-0.08
107,66,"(41, 14)",0,-0.08
107,67,"(41, 13)",1,-0.08
107,68,"(42, 13)",1,-0.08
107,69,"(43, 13)",1,-0.08
107,70,"(44, 13)",1,-0.08
107,71,"(45, 13)",0,-0.08
107,72,"(45, 12)",0,-0.08
107,73,"(45, 11)",0,-0.08
107,74,"(45, 10)",1,-0.08
107,75,"(46, 10)",0,-0.08
107,76,"(46, 9)",0,-0.08
107,77,"(46, 8)",0,-0.08
107,78,"(46, 7)",1,-0.08
107,79,"(47, 7)",0,-0.08
107,80,"(47, 6)",1,-0.08
107,81,"(48, 6)",1,-0.08
107,82,"(49, 6)",0,-0.08
107,83,"(49, 5)",1,-0.08
107,84,"(50, 5)",1,-0.08
107,85,"(51, 5)",0,-0.08
107,86,"(51, 4)",0,-0.08
107,87,"(51, 3)",0,-0.08
107,88,"(51, 2)",0,-0.08
107,89,"(51, 1)",1,-0.08
107,90,"(52, 1)",1,-0.08
107,91,"(53, 1)",1,-0.08
107,92,"(54, 1)",1,-0.08
107,93,"(55, 1)",1,-0.08
107,94,"(56, 1)",1,-0.08
107,95,"(57, 1)",1,-0.08
107,96,"(58, 1)",1,-0.08
107,97,"(59, 1)",1,-0.08
107,98,"(60, 1)",1,-0.08
107,99,"(61, 1)",1,-0.08
107,100,"(62, 1)",1,-0.08
107,101,"(63, 1)",1,-0.08
107,102,"(64, 1)",1,-0.08
107,103,"(65, 1)",1,-0.08
107,104,"(66, 1)",1,-0.08
107,105,"(67, 1)",1,-0.08
107,106,"(68, 1)",1,-0.08
107,107,"(69, 1)",1,-0.08
107,108,"(70, 1)",1,-0.08
107,109,"(71, 1)",2,-0.08
107,110,"(71, 2)",2,-0.08
107,111,"(71, 3)",1,-0.08
107,112,"(72, 3)",1,-0.08
107,113,"(73, 3)",0,-0.08
107,114,"(73, 2)",0,-0.08
107,115,"(73, 1)",1,-0.08
107,116,"(74, 1)",0,-0.08
107,117,"(74, 0)",1,-0.08
107,118,"(75, 0)",1,-0.08
107,119,"(76, 0)",1,-0.08
107,120,"(77, 0)",1,-0.08
107,121,"(78, 0)",1,8.33
108,0,"(0, 39)",1,-0.08
108,1,"(1, 39)",1,-0.08
108,2,"(2, 39)",1,-0.08
108,3,"(3, 39)",1,-0.08
108,4,"(4, 39)",1,-0.08
108,5,"(5, 39)",1,-0.08
108,6,"(6, 39)",1,-0.08
108,7,"(7, 39)",1,-0.08
108,8,"(8, 39)",1,-0.08
108,9,"(9, 39)",1,-0.08
108,10,"(10, 39)",0,-0.08
108,11,"(10, 38)",0,-0.08
108,12,"(10, 37)",1,-0.08
108,13,"(11, 37)",1,-0.08
108,14,"(12, 37)",1,-0.08
108,15,"(13, 37)",1,-0.08
108,16,"(14, 37)",1,-0.08
108,17,"(15, 37)",0,-0.08
108,18,"(15, 36)",0,-0.08
108,19,"(15, 35)",0,-0.08
108,20,"(15, 34)",0,-0.08
108,21,"(15, 33)",1,-0.08
108,22,"(16, 33)",1,-0.08
108,23,"(17, 33)",1,-0.08
108,24,"(18, 33)",1,-0.08
108,25,"(19, 33)",0,-0.08
108,26,"(19, 32)",0,-0.08
108,27,"(19, 31)",0,-0.08
108,28,"(19, 30)",0,-0.08
108,29,"(19, 29)",1,-0.08
108,30,"(20, 29)",0,-0.08
108,31,"(20, 28)",0,-0.08
108,32,"(20, 27)",1,-0.08
108,33,"(21, 27)",0,-0.08
108,34,"(21, 26)",1,-0.08
108,35,"(22, 26)",1,-0.08
108,36,"(23, 26)",0,-0.08
108,37,"(23, 25)",1,-0.08
108,38,"(24, 25)",1,-0.08
108,39,"(25, 25)",0,-0.08
108,40,"(25, 24)",0,-0.08
108,41,"(25, 23)",0,-0.08
108,42,"(25, 22)",0,-0.08
108,43,"(25, 21)",1,-0.08
108,44,"(26, 21)",1,-0.08
108,45,"(27, 21)",0,-0.08
108,46,"(27, 20)",0,-0.08
108,47,"(27, 19)",1,-0.08
108,48,"(28, 19)",1,-0.08
108,49,"(29, 19)",1,-0.08
108,50,"(30, 19)",1,-0.08
108,51,"(31, 19)",1,-0.08
108,52,"(32, 19)",1,-0.08
108,53,"(33, 19)",1,-0.08
108,54,"(34, 19)",1,-0.08
108,55,"(35, 19)",0,-0.08
108,56,"(35, 18)",0,-0.08
108,57,"(35, 17)",0,-0.08
108,58,"(35, 16)",0,-0.08
108,59,"(35, 15)",0,-0.08
108,60,"(35, 14)",0,-0.08
108,61,"(35, 13)",1,-0.08
108,62,"(36, 13)",1,-0.08
108,63,"(37, 13)",1,-0.08
108,64,"(38, 13)",1,-0.08
108,65,"(39, 13)",1,-0.08
108,66,"(40, 13)",1,-0.08
108,67,"(41, 13)",1,-0.08
108,68,"(42, 13)",1,-0.08
108,69,"(43, 13)",0,-0.08
108,70,"(43, 12)",0,-0.08
108,71,"(43, 11)",1,-0.08
108,72,"(44, 11)",1,-0.08
108,73,"(45, 11)",0,-0.08
108,74,"(45, 10)",0,-0.08
108,75,"(45, 9)",1,-0.08
108,76,"(46, 9)",0,-0.08
108,77,"(46, 8)",0,-0.08
108,78,"(46, 7)",0,-0.08
108,79,"(46, 6)",1,-0.08
108,80,"(47, 6)",1,-0.08
108,81,"(48, 6)",1,-0.08
108,82,"(49, 6)",0,-0.08
108,83,"(49, 5)",1,-0.08
108,84,"(50, 5)",1,-0.08
108,85,"(51, 5)",1,-0.08
108,86,"(52, 5)",1,-0.08
108,87,"(53, 5)",0,-0.08
108,88,"(53, 4)",0,-0.08
108,89,"(53, 3)",0,-0.08
108,90,"(53, 2)",0,-0.08
108,91,"(53, 1)",1,-0.08
108,92,"(54, 1)",1,-0.08
108,93,"(55, 1)",1,-0.08
108,94,"(56, 1)",1,-0.08
108,95,"(57, 1)",1,-0.08
108,96,"(58, 1)",1,-0.08
108,97,"(59, 1)",1,-0.08
108,98,"(60, 1)",1,-0.08
108,99,"(61, 1)",1,-0.08
108,100,"(62, 1)",1,-0.08
108,101,"(63, 1)",1,-0.08
108,102,"(64, 1)",1,-0.08
108,103,"(65, 1)",1,-0.08
108,104,"(66, 1)",1,-0.08
108,105,"(67, 1)",1,-0.08
108,106,"(68, 1)",1,-0.08
108,107,"(69, 1)",1,-0.08
108,108,"(70, 1)",1,-0.08
108,109,"(71, 1)",2,-0.08
108,110,"(71, 2)",2,-0.08
108,111,"(71, 3)",1,-0.08
108,112,"(72, 3)",1,-0.08
108,113,"(73, 3)",0,-0.08
108,114,"(73, 2)",0,-0.08
108,115,"(73, 1)",1,-0.08
108,116,"(74, 1)",0,-0.08
108,117,"(74, 0)",1,-0.08
108,118,"(75, 0)",1,-0.08
108,119,"(76, 0)",1,-0.08
108,120,"(77, 0)",1,-0.08
108,121,"(78, 0)",1,8.33
109,0,"(0, 39)",1,-0.08
109,1,"(1, 39)",1,-0.08
109,2,"(2, 39)",1,-0.08
109,3,"(3, 39)",1,-0.08
109,4,"(4, 39)",1,-0.08
109,5,"(5, 39)",1,-0.08
109,6,"(6, 39)",1,-0.08
109,7,"(7, 39)",1,-0.08
109,8,"(8, 39)",1,-0.08
109,9,"(9, 39)",1,-0.08
109,10,"(10, 39)",0,-0.08
109,11,"(10, 38)",1,-0.08
109,12,"(11, 38)",0,-0.08
109,13,"(11, 37)",1,-0.08
109,14,"(12, 37)",1,-0.08
109,15,"(13, 37)",1,-0.08
109,16,"(14, 37)",1,-0.08
109,17,"(15, 37)",1,-0.08
109,18,"(16, 37)",1,-0.08
109,19,"(17, 37)",1,-0.08
109,20,"(18, 37)",1,-0.08
109,21,"(19, 37)",0,-0.08
109,22,"(19, 36)",0,-0.08
109,23,"(19, 35)",0,-0.08
109,24,"(19, 34)",0,-0.08
109,25,"(19, 33)",0,-0.08
109,26,"(19, 32)",0,-0.08
109,27,"(19, 31)",0,-0.08
109,28,"(19, 30)",0,-0.08
109,29,"(19, 29)",1,-0.08
109,30,"(20, 29)",0,-0.08
109,31,"(20, 28)",0,-0.08
109,32,"(20, 27)",1,-0.08
109,33,"(21, 27)",0,-0.08
109,34,"(21, 26)",0,-0.08
109,35,"(21, 25)",1,-0.08
109,36,"(22, 25)",1,-0.08
109,37,"(23, 25)",1,-0.08
109,38,"(24, 25)",1,-0.08
109,39,"(25, 25)",1,-0.08
109,40,"(26, 25)",1,-0.08
109,41,"(27, 25)",1,-0.08
109,42,"(28, 25)",1,-0.08
109,43,"(29, 25)",1,-0.08
109,44,"(30, 25)",1,-0.08
109,45,"(31, 25)",0,-0.08
109,46,"(31, 24)",0,-0.08
109,47,"(31, 23)",1,-0.08
109,48,"(32, 23)",1,-0.08
109,49,"(33, 23)",0,-0.08
109,50,"(33, 22)",0,-0.08
109,51,"(33, 21)",1,-0.08
109,52,"(34, 21)",1,-0.08
109,53,"(35, 21)",0,-0.08
109,54,"(35, 20)",0,-0.08
109,55,"(35, 19)",0,-0.08
109,56,"(35, 18)",0,-0.08
109,57,"(35, 17)",1,-0.08
109,58,"(36, 17)",1,-0.08
109,59,"(37, 17)",0,-0.08
109,60,"(37, 16)",0,-0.08
109,61,"(37, 15)",1,-0.08
109,62,"(38, 15)",1,-0.08
109,63,"(39, 15)",1,-0.08
109,64,"(40, 15)",1,-0.08
109,65,"(41, 15)",0,-0.08
109,66,"(41, 14)",0,-0.08
109,67,"(41, 13)",0,-0.08
109,68,"(41, 12)",0,-0.08
109,69,"(41, 11)",1,-0.08
109,70,"(42, 11)",1,-0.08
109,71,"(43, 11)",1,-0.08
109,72,"(44, 11)",1,-0.08
109,73,"(45, 11)",0,-0.08
109,74,"(45, 10)",0,-0.08
109,75,"(45, 9)",0,-0.08
109,76,"(45, 8)",0,-0.08
109,77,"(45, 7)",1,-0.08
109,78,"(46, 7)",0,-0.08
109,79,"(46, 6)",1,-0.08
109,80,"(47, 6)",1,-0.08
109,81,"(48, 6)",1,-0.08
109,82,"(49, 6)",0,-0.08
109,83,"(49, 5)",1,-0.08
109,84,"(50, 5)",1,-0.08
109,85,"(51, 5)",1,-0.08
109,86,"(52, 5)",1,-0.08
109,87,"(53, 5)",0,-0.08
109,88,"(53, 4)",0,-0.08
109,89,"(53, 3)",0,-0.08
109,90,"(53, 2)",0,-0.08
109,91,"(53, 1)",1,-0.08
109,92,"(54, 1)",1,-0.08
109,93,"(55, 1)",1,-0.08
109,94,"(56, 1)",1,-0.08
109,95,"(57, 1)",1,-0.08
109,96,"(58, 1)",1,-0.08
109,97,"(59, 1)",1,-0.08
109,98,"(60, 1)",1,-0.08
109,99,"(61, 1)",1,-0.08
109,100,"(62, 1)",1,-0.08
109,101,"(63, 1)",1,-0.08
109,102,"(64, 1)",1,-0.08
109,103,"(65, 1)",1,-0.08
109,104,"(66, 1)",1,-0.08
109,105,"(67, 1)",1,-0.08
109,106,"(68, 1)",1,-0.08
109,107,"(69, 1)",1,-0.08
109,108,"(70, 1)",1,-0.08
109,109,"(71, 1)",2,-0.08
109,110,"(71, 2)",2,-0.08
109,111,"(71, 3)",1,-0.08
109,112,"(72, 3)",1,-0.08
109,113,"(73, 3)",1,-0.08
109,114,"(74, 3)",1,-0.08
109,115,"(75, 3)",1,-0.08
109,116,"(76, 3)",1,-0.08
109,117,"(77, 3)",0,-0.08
109,118,"(77, 2)",0,-0.08
109,119,"(77, 1)",0,-0.08
109,120,"(77, 0)",1,-0.08
109,121,"(78, 0)",1,8.33
110,0,"(0, 39)",1,-0.08
110,1,"(1, 39)",1,-0.08
110,2,"(2, 39)",1,-0.08
110,3,"(3, 39)",1,-0.08
110,4,"(4, 39)",1,-0.08
110,5,"(5, 39)",1,-0.08
110,6,"(6, 39)",1,-0.08
110,7,"(7, 39)",1,-0.08
110,8,"(8, 39)",1,-0.08
110,9,"(9, 39)",1,-0.08
110,10,"(10, 39)",1,-0.08
110,11,"(11, 39)",1,-0.08
110,12,"(12, 39)",1,-0.08
110,13,"(13, 39)",1,-0.08
110,14,"(14, 39)",0,-0.08
110,15,"(14, 38)",0,-0.08
110,16,"(14, 37)",1,-0.08
110,17,"(15, 37)",0,-0.08
110,18,"(15, 36)",1,-0.08
110,19,"(16, 36)",1,-0.08
110,20,"(17, 36)",0,-0.08
110,21,"(17, 35)",1,-0.08
110,22,"(18, 35)",0,-0.08
110,23,"(18, 34)",1,-0.08
110,24,"(19, 34)",0,-0.08
110,25,"(19, 33)",0,-0.08
110,26,"(19, 32)",0,-0.08
110,27,"(19, 31)",0,-0.08
110,28,"(19, 30)",0,-0.08
110,29,"(19, 29)",1,-0.08
110,30,"(20, 29)",0,-0.08
110,31,"(20, 28)",0,-0.08
110,32,"(20, 27)",1,-0.08
110,33,"(21, 27)",0,-0.08
110,34,"(21, 26)",1,-0.08
110,35,"(22, 26)",1,-0.08
110,36,"(23, 26)",0,-0.08
110,37,"(23, 25)",1,-0.08
110,38,"(24, 25)",1,-0.08
110,39,"(25, 25)",0,-0.08
110,40,"(25, 24)",0,-0.08
110,41,"(25, 23)",0,-0.08
110,42,"(25, 22)",0,-0.08
110,43,"(25, 21)",1,-0.08
110,44,"(26, 21)",1,-0.08
110,45,"(27, 21)",0,-0.08
110,46,"(27, 20)",1,-0.08
110,47,"(28, 20)",0,-0.08
110,48,"(28, 19)",1,-0.08
110,49,"(29, 19)",1,-0.08
110,50,"(30, 19)",1,-0.08
110,51,"(31, 19)",0,-0.08
110,52,"(31, 18)",0,-0.08
110,53,"(31, 17)",1,-0.08
110,54,"(32, 17)",0,-0.08
110,55,"(32, 16)",0,-0.08
110,56,"(32, 15)",0,-0.08
110,57,"(32, 14)",0,-0.08
110,58,"(32, 13)",1,-0.08
110,59,"(33, 13)",1,-0.08
110,60,"(34, 13)",1,-0.08
110,61,"(35, 13)",1,-0.08
110,62,"(36, 13)",1,-0.08
110,63,"(37, 13)",1,-0.08
110,64,"(38, 13)",1,-0.08
110,65,"(39, 13)",1,-0.08
110,66,"(40, 13)",1,-0.08
110,67,"(41, 13)",0,-0.08
110,68,"(41, 12)",0,-0.08
110,69,"(41, 11)",1,-0.08
110,70,"(42, 11)",1,-0.08
110,71,"(43, 11)",1,-0.08
110,72,"(44, 11)",1,-0.08
110,73,"(45, 11)",0,-0.08
110,74,"(45, 10)",1,-0.08
110,75,"(46, 10)",0,-0.08
110,76,"(46, 9)",0,-0.08
110,77,"(46, 8)",0,-0.08
110,78,"(46, 7)",0,-0.08
110,79,"(46, 6)",1,-0.08
110,80,"(47, 6)",1,-0.08
110,81,"(48, 6)",1,-0.08
110,82,"(49, 6)",0,-0.08
110,83,"(49, 5)",1,-0.08
110,84,"(50, 5)",1,-0.08
110,85,"(51, 5)",1,-0.08
110,86,"(52, 5)",1,-0.08
110,87,"(53, 5)",0,-0.08
110,88,"(53, 4)",0,-0.08
110,89,"(53, 3)",1,-0.08
110,90,"(54, 3)",1,-0.08
110,91,"(55, 3)",1,-0.08
110,92,"(56, 3)",0,-0.08
110,93,"(56, 2)",0,-0.08
110,94,"(56, 1)",1,-0.08
110,95,"(57, 1)",1,-0.08
110,96,"(58, 1)",1,-0.08
110,97,"(59, 1)",1,-0.08
110,98,"(60, 1)",1,-0.08
110,99,"(61, 1)",1,-0.08
110,100,"(62, 1)",1,-0.08
110,101,"(63, 1)",1,-0.08
110,102,"(64, 1)",1,-0.08
110,103,"(65, 1)",1,-0.08
110,104,"(66, 1)",1,-0.08
110,105,"(67, 1)",1,-0.08
110,106,"(68, 1)",1,-0.08
110,107,"(69, 1)",1,-0.08
110,108,"(70, 1)",1,-0.08
110,109,"(71, 1)",2,-0.08
110,110,"(71, 2)",2,-0.08
110,111,"(71, 3)",1,-0.08
110,112,"(72, 3)",1,-0.08
110,113,"(73, 3)",1,-0.08
110,114,"(74, 3)",1,-0.08
110,115,"(75, 3)",1,-0.08
110,116,"(76, 3)",1,-0.08
110,117,"(77, 3)",0,-0.08
110,118,"(77, 2)",0,-0.08
110,119,"(77, 1)",0,-0.08
110,120,"(77, 0)",1,-0.08
110,121,"(78, 0)",1,8.33
111,0,"(0, 39)",1,-0.08
111,1,"(1, 39)",1,-0.08
111,2,"(2, 39)",1,-0.08
111,3,"(3, 39)",1,-0.08
111,4,"(4, 39)",1,-0.08
111,5,"(5, 39)",1,-0.08
111,6,"(6, 39)",1,-0.08
111,7,"(7, 39)",1,-0.08
111,8,"(8, 39)",1,-0.08
111,9,"(9, 39)",1,-0.08
111,10,"(10, 39)",1,-0.08
111,11,"(11, 39)",1,-0.08
111,12,"(12, 39)",1,-0.08
111,13,"(13, 39)",1,-0.08
111,14,"(14, 39)",0,-0.08
111,15,"(14, 38)",0,-0.08
111,16,"(14, 37)",1,-0.08
111,17,"(15, 37)",0,-0.08
111,18,"(15, 36)",1,-0.08
111,19,"(16, 36)",1,-0.08
111,20,"(17, 36)",0,-0.08
111,21,"(17, 35)",1,-0.08
111,22,"(18, 35)",0,-0.08
111,23,"(18, 34)",0,-0.08
111,24,"(18, 33)",1,-0.08
111,25,"(19, 33)",0,-0.08
111,26,"(19, 32)",0,-0.08
111,27,"(19, 31)",0,-0.08
111,28,"(19, 30)",0,-0.08
111,29,"(19, 29)",1,-0.08
111,30,"(20, 29)",0,-0.08
111,31,"(20, 28)",0,-0.08
111,32,"(20, 27)",1,-0.08
111,33,"(21, 27)",0,-0.08
111,34,"(21, 26)",1,-0.08
111,35,"(22, 26)",1,-0.08
111,36,"(23, 26)",1,-0.08
111,37,"(24, 26)",1,-0.08
111,38,"(25, 26)",0,-0.08
111,39,"(25, 25)",0,-0.08
111,40,"(25, 24)",0,-0.08
111,41,"(25, 23)",0,-0.08
111,42,"(25, 22)",0,-0.08
111,43,"(25, 21)",1,-0.08
111,44,"(26, 21)",1,-0.08
111,45,"(27, 21)",0,-0.08
111,46,"(27, 20)",0,-0.08
111,47,"(27, 19)",1,-0.08
111,48,"(28, 19)",1,-0.08
111,49,"(29, 19)",1,-0.08
111,50,"(30, 19)",1,-0.08
111,51,"(31, 19)",1,-0.08
111,52,"(32, 19)",0,-0.08
111,53,"(32, 18)",0,-0.08
111,54,"(32, 17)",0,-0.08
111,55,"(32, 16)",0,-0.08
111,56,"(32, 15)",0,-0.08
111,57,"(32, 14)",0,-0.08
111,58,"(32, 13)",1,-0.08
111,59,"(33, 13)",1,-0.08
111,60,"(34, 13)",1,-0.08
111,61,"(35, 13)",1,-0.08
111,62,"(36, 13)",1,-0.08
111,63,"(37, 13)",1,-0.08
111,64,"(38, 13)",1,-0.08
111,65,"(39, 13)",0,-0.08
111,66,"(39, 12)",0,-0.08
111,67,"(39, 11)",1,-0.08
111,68,"(40, 11)",1,-0.08
111,69,"(41, 11)",1,-0.08
111,70,"(42, 11)",1,-0.08
111,71,"(43, 11)",1,-0.08
111,72,"(44, 11)",1,-0.08
111,73,"(45, 11)",0,-0.08
111,74,"(45, 10)",0,-0.08
111,75,"(45, 9)",0,-0.08
111,76,"(45, 8)",0,-0.08
111,77,"(45, 7)",1,-0.08
111,78,"(46, 7)",0,-0.08
111,79,"(46, 6)",1,-0.08
111,80,"(47, 6)",1,-0.08
111,81,"(48, 6)",1,-0.08
111,82,"(49, 6)",0,-0.08
111,83,"(49, 5)",1,-0.08
111,84,"(50, 5)",1,-0.08
111,85,"(51, 5)",0,-0.08
111,86,"(51, 4)",0,-0.08
111,87,"(51, 3)",0,-0.08
111,88,"(51, 2)",1,-0.08
111,89,"(52, 2)",1,-0.08
111,90,"(53, 2)",0,-0.08
111,91,"(53, 1)",1,-0.08
111,92,"(54, 1)",1,-0.08
111,93,"(55, 1)",1,-0.08
111,94,"(56, 1)",1,-0.08
111,95,"(57, 1)",1,-0.08
111,96,"(58, 1)",1,-0.08
111,97,"(59, 1)",1,-0.08
111,98,"(60, 1)",1,-0.08
111,99,"(61, 1)",1,-0.08
111,100,"(62, 1)",1,-0.08
111,101,"(63, 1)",1,-0.08
111,102,"(64, 1)",1,-0.08
111,103,"(65, 1)",1,-0.08
111,104,"(66, 1)",1,-0.08
111,105,"(67, 1)",1,-0.08
111,106,"(68, 1)",1,-0.08
111,107,"(69, 1)",1,-0.08
111,108,"(70, 1)",1,-0.08
111,109,"(71, 1)",2,-0.08
111,110,"(71, 2)",2,-0.08
111,111,"(71, 3)",1,-0.08
111,112,"(72, 3)",1,-0.08
111,113,"(73, 3)",0,-0.08
111,114,"(73, 2)",0,-0.08
111,115,"(73, 1)",1,-0.08
111,116,"(74, 1)",1,-0.08
111,117,"(75, 1)",0,-0.08
111,118,"(75, 0)",1,-0.08
111,119,"(76, 0)",1,-0.08
111,120,"(77, 0)",1,-0.08
111,121,"(78, 0)",1,8.33
112,0,"(0, 39)",1,-0.08
112,1,"(1, 39)",1,-0.08
112,2,"(2, 39)",1,-0.08
112,3,"(3, 39)",1,-0.08
112,4,"(4, 39)",1,-0.08
112,5,"(5, 39)",1,-0.08
112,6,"(6, 39)",1,-0.08
112,7,"(7, 39)",1,-0.08
112,8,"(8, 39)",1,-0.08
112,9,"(9, 39)",1,-0.08
112,10,"(10, 39)",1,-0.08
112,11,"(11, 39)",0,-0.08
112,12,"(11, 38)",0,-0.08
112,13,"(11, 37)",1,-0.08
112,14,"(12, 37)",1,-0.08
112,15,"(13, 37)",1,-0.08
112,16,"(14, 37)",1,-0.08
112,17,"(15, 37)",0,-0.08
112,18,"(15, 36)",0,-0.08
112,19,"(15, 35)",0,-0.08
112,20,"(15, 34)",0,-0.08
112,21,"(15, 33)",1,-0.08
112,22,"(16, 33)",1,-0.08
112,23,"(17, 33)",1,-0.08
112,24,"(18, 33)",1,-0.08
112,25,"(19, 33)",0,-0.08
112,26,"(19, 32)",0,-0.08
112,27,"(19, 31)",0,-0.08
112,28,"(19, 30)",0,-0.08
112,29,"(19, 29)",1,-0.08
112,30,"(20, 29)",0,-0.08
112,31,"(20, 28)",0,-0.08
112,32,"(20, 27)",1,-0.08
112,33,"(21, 27)",0,-0.08
112,34,"(21, 26)",1,-0.08
112,35,"(22, 26)",0,-0.08
112,36,"(22, 25)",1,-0.08
112,37,"(23, 25)",1,-0.08
112,38,"(24, 25)",1,-0.08
112,39,"(25, 25)",1,-0.08
112,40,"(26, 25)",1,-0.08
112,41,"(27, 25)",1,-0.08
112,42,"(28, 25)",1,-0.08
112,43,"(29, 25)",1,-0.08
112,44,"(30, 25)",1,-0.08
112,45,"(31, 25)",0,-0.08
112,46,"(31, 24)",0,-0.08
112,47,"(31, 23)",1,-0.08
112,48,"(32, 23)",1,-0.08
112,49,"(33, 23)",0,-0.08
112,50,"(33, 22)",0,-0.08
112,51,"(33, 21)",1,-0.08
112,52,"(34, 21)",1,-0.08
112,53,"(35, 21)",1,-0.08
112,54,"(36, 21)",1,-0.08
112,55,"(37, 21)",1,-0.08
112,56,"(38, 21)",1,-0.08
112,57,"(39, 21)",0,-0.08
112,58,"(39, 20)",1,-0.08
112,59,"(40, 20)",1,-0.08
112,60,"(41, 20)",1,-0.08
112,61,"(42, 20)",1,-0.08
112,62,"(43, 20)",0,-0.08
112,63,"(43, 19)",1,-0.08
112,64,"(44, 19)",0,-0.08
112,65,"(44, 18)",0,-0.08
112,66,"(44, 17)",0,-0.08
112,67,"(44, 16)",0,-0.08
112,68,"(44, 15)",1,-0.08
112,69,"(45, 15)",0,-0.08
112,70,"(45, 14)",0,-0.08
112,71,"(45, 13)",0,-0.08
112,72,"(45, 12)",0,-0.08
112,73,"(45, 11)",0,-0.08
112,74,"(45, 10)",0,-0.08
112,75,"(45, 9)",1,-0.08
112,76,"(46, 9)",0,-0.08
112,77,"(46, 8)",0,-0.08
112,78,"(46, 7)",0,-0.08
112,79,"(46, 6)",1,-0.08
112,80,"(47, 6)",1,-0.08
112,81,"(48, 6)",1,-0.08
112,82,"(49, 6)",0,-0.08
112,83,"(49, 5)",1,-0.08
112,84,"(50, 5)",1,-0.08
112,85,"(51, 5)",1,-0.08
112,86,"(52, 5)",1,-0.08
112,87,"(53, 5)",0,-0.08
112,88,"(53, 4)",0,-0.08
112,89,"(53, 3)",1,-0.08
112,90,"(54, 3)",1,-0.08
112,91,"(55, 3)",1,-0.08
112,92,"(56, 3)",0,-0.08
112,93,"(56, 2)",1,-0.08
112,94,"(57, 2)",1,-0.08
112,95,"(58, 2)",1,-0.08
112,96,"(59, 2)",0,-0.08
112,97,"(59, 1)",1,-0.08
112,98,"(60, 1)",1,-0.08
112,99,"(61, 1)",1,-0.08
112,100,"(62, 1)",1,-0.08
112,101,"(63, 1)",1,-0.08
112,102,"(64, 1)",1,-0.08
112,103,"(65, 1)",1,-0.08
112,104,"(66, 1)",1,-0.08
112,105,"(67, 1)",1,-0.08
112,106,"(68, 1)",1,-0.08
112,107,"(69, 1)",1,-0.08
112,108,"(70, 1)",1,-0.08
112,109,"(71, 1)",2,-0.08
112,110,"(71, 2)",2,-0.08
112,111,"(71, 3)",1,-0.08
112,112,"(72, 3)",1,-0.08
112,113,"(73, 3)",1,-0.08
112,114,"(74, 3)",1,-0.08
112,115,"(75, 3)",1,-0.08
112,116,"(76, 3)",1,-0.08
112,117,"(77, 3)",0,-0.08
112,118,"(77, 2)",0,-0.08
112,119,"(77, 1)",1,-0.08
112,120,"(78, 1)",0,-0.08
112,121,"(78, 0)",1,8.33
113,0,"(0, 39)",1,-0.08
113,1,"(1, 39)",1,-0.08
113,2,"(2, 39)",1,-0.08
113,3,"(3, 39)",1,-0.08
113,4,"(4, 39)",1,-0.08
113,5,"(5, 39)",1,-0.08
113,6,"(6, 39)",1,-0.08
113,7,"(7, 39)",1,-0.08
113,8,"(8, 39)",1,-0.08
113,9,"(9, 39)",1,-0.08
113,10,"(10, 39)",1,-0.08
113,11,"(11, 39)",0,-0.08
113,12,"(11, 38)",0,-0.08
113,13,"(11, 37)",1,-0.08
113,14,"(12, 37)",1,-0.08
113,15,"(13, 37)",1,-0.08
113,16,"(14, 37)",1,-0.08
113,17,"(15, 37)",1,-0.08
113,18,"(16, 37)",0,-0.08
113,19,"(16, 36)",1,-0.08
113,20,"(17, 36)",0,-0.08
113,21,"(17, 35)",1,-0.08
113,22,"(18, 35)",1,-0.08
113,23,"(19, 35)",0,-0.08
113,24,"(19, 34)",0,-0.08
113,25,"(19, 33)",0,-0.08
113,26,"(19, 32)",0,-0.08
113,27,"(19, 31)",0,-0.08
113,28,"(19, 30)",0,-0.08
113,29,"(19, 29)",1,-0.08
113,30,"(20, 29)",0,-0.08
113,31,"(20, 28)",0,-0.08
113,32,"(20, 27)",1,-0.08
113,33,"(21, 27)",0,-0.08
113,34,"(21, 26)",1,-0.08
113,35,"(22, 26)",0,-0.08
113,36,"(22, 25)",1,-0.08
113,37,"(23, 25)",1,-0.08
113,38,"(24, 25)",1,-0.08
113,39,"(25, 25)",0,-0.08
113,40,"(25, 24)",0,-0.08
113,41,"(25, 23)",0,-0.08
113,42,"(25, 22)",0,-0.08
113,43,"(25, 21)",1,-0.08
113,44,"(26, 21)",1,-0.08
113,45,"(27, 21)",0,-0.08
113,46,"(27, 20)",1,-0.08
113,47,"(28, 20)",0,-0.08
113,48,"(28, 19)",1,-0.08
113,49,"(29, 19)",1,-0.08
113,50,"(30, 19)",1,-0.08
113,51,"(31, 19)",0,-0.08
113,52,"(31, 18)",1,-0.08
113,53,"(32, 18)",0,-0.08
113,54,"(32, 17)",0,-0.08
113,55,"(32, 16)",0,-0.08
113,56,"(32, 15)",0,-0.08
113,57,"(32, 14)",0,-0.08
113,58,"(32, 13)",1,-0.08
113,59,"(33, 13)",1,-0.08
113,60,"(34, 13)",1,-0.08
113,61,"(35, 13)",1,-0.08
113,62,"(36, 13)",1,-0.08
113,63,"(37, 13)",1,-0.08
113,64,"(38, 13)",1,-0.08
113,65,"(39, 13)",1,-0.08
113,66,"(40, 13)",1,-0.08
113,67,"(41, 13)",0,-0.08
113,68,"(41, 12)",0,-0.08
113,69,"(41, 11)",1,-0.08
113,70,"(42, 11)",1,-0.08
113,71,"(43, 11)",1,-0.08
113,72,"(44, 11)",1,-0.08
113,73,"(45, 11)",0,-0.08
113,74,"(45, 10)",1,-0.08
113,75,"(46, 10)",0,-0.08
113,76,"(46, 9)",0,-0.08
113,77,"(46, 8)",0,-0.08
113,78,"(46, 7)",1,-0.08
113,79,"(47, 7)",0,-0.08
113,80,"(47, 6)",1,-0.08
113,81,"(48, 6)",1,-0.08
113,82,"(49, 6)",0,-0.08
113,83,"(49, 5)",1,-0.08
113,84,"(50, 5)",1,-0.08
113,85,"(51, 5)",0,-0.08
113,86,"(51, 4)",0,-0.08
113,87,"(51, 3)",0,-0.08
113,88,"(51, 2)",1,-0.08
113,89,"(52, 2)",1,-0.08
113,90,"(53, 2)",0,-0.08
113,91,"(53, 1)",1,-0.08
113,92,"(54, 1)",1,-0.08
113,93,"(55, 1)",1,-0.08
113,94,"(56, 1)",1,-0.08
113,95,"(57, 1)",1,-0.08
113,96,"(58, 1)",1,-0.08
113,97,"(59, 1)",1,-0.08
113,98,"(60, 1)",1,-0.08
113,99,"(61, 1)",1,-0.08
113,100,"(62, 1)",1,-0.08
113,101,"(63, 1)",1,-0.08
113,102,"(64, 1)",1,-0.08
113,103,"(65, 1)",1,-0.08
113,104,"(66, 1)",1,-0.08
113,105,"(67, 1)",1,-0.08
113,106,"(68, 1)",1,-0.08
113,107,"(69, 1)",1,-0.08
113,108,"(70, 1)",1,-0.08
113,109,"(71, 1)",2,-0.08
113,110,"(71, 2)",2,-0.08
113,111,"(71, 3)",1,-0.08
113,112,"(72, 3)",1,-0.08
113,113,"(73, 3)",0,-0.08
113,114,"(73, 2)",0,-0.08
113,115,"(73, 1)",0,-0.08
113,116,"(73, 0)",1,-0.08
113,117,"(74, 0)",1,-0.08
113,118,"(75, 0)",1,-0.08
113,119,"(76, 0)",1,-0.08
113,120,"(77, 0)",1,-0.08
113,121,"(78, 0)",1,8.33
114,0,"(0, 39)",1,-0.08
114,1,"(1, 39)",1,-0.08
114,2,"(2, 39)",1,-0.08
114,3,"(3, 39)",1,-0.08
114,4,"(4, 39)",1,-0.08
114,5,"(5, 39)",1,-0.08
114,6,"(6, 39)",1,-0.08
114,7,"(7, 39)",1,-0.08
114,8,"(8, 39)",1,-0.08
114,9,"(9, 39)",1,-0.08
114,10,"(10, 39)",1,-0.08
114,11,"(11, 39)",0,-0.08
114,12,"(11, 38)",0,-0.08
114,13,"(11, 37)",1,-0.08
114,14,"(12, 37)",1,-0.08
114,15,"(13, 37)",1,-0.08
114,16,"(14, 37)",1,-0.08
114,17,"(15, 37)",0,-0.08
114,18,"(15, 36)",1,-0.08
114,19,"(16, 36)",1,-0.08
114,20,"(17, 36)",0,-0.08
114,21,"(17, 35)",1,-0.08
114,22,"(18, 35)",1,-0.08
114,23,"(19, 35)",0,-0.08
114,24,"(19, 34)",0,-0.08
114,25,"(19, 33)",0,-0.08
114,26,"(19, 32)",0,-0.08
114,27,"(19, 31)",0,-0.08
114,28,"(19, 30)",0,-0.08
114,29,"(19, 29)",1,-0.08
114,30,"(20, 29)",0,-0.08
114,31,"(20, 28)",0,-0.08
114,32,"(20, 27)",1,-0.08
114,33,"(21, 27)",0,-0.08
114,34,"(21, 26)",1,-0.08
114,35,"(22, 26)",0,-0.08
114,36,"(22, 25)",1,-0.08
114,37,"(23, 25)",1,-0.08
114,38,"(24, 25)",1,-0.08
114,39,"(25, 25)",0,-0.08
114,40,"(25, 24)",0,-0.08
114,41,"(25, 23)",0,-0.08
114,42,"(25, 22)",0,-0.08
114,43,"(25, 21)",0,-0.08
114,44,"(25, 20)",0,-0.08
114,45,"(25, 19)",0,-0.08
114,46,"(25, 18)",1,-0.08
114,47,"(26, 18)",1,-0.08
114,48,"(27, 18)",0,-0.08
114,49,"(27, 17)",1,-0.08
114,50,"(28, 17)",0,-0.08
114,51,"(28, 16)",1,-0.08
114,52,"(29, 16)",0,-0.08
114,53,"(29, 15)",1,-0.08
114,54,"(30, 15)",1,-0.08
114,55,"(31, 15)",1,-0.08
114,56,"(32, 15)",0,-0.08
114,57,"(32, 14)",0,-0.08
114,58,"(32, 13)",1,-0.08
114,59,"(33, 13)",1,-0.08
114,60,"(34, 13)",1,-0.08
114,61,"(35, 13)",1,-0.08
114,62,"(36, 13)",1,-0.08
114,63,"(37, 13)",1,-0.08
114,64,"(38, 13)",1,-0.08
114,65,"(39, 13)",1,-0.08
114,66,"(40, 13)",1,-0.08
114,67,"(41, 13)",0,-0.08
114,68,"(41, 12)",0,-0.08
114,69,"(41, 11)",1,-0.08
114,70,"(42, 11)",1,-0.08
114,71,"(43, 11)",1,-0.08
114,72,"(44, 11)",1,-0.08
114,73,"(45, 11)",0,-0.08
114,74,"(45, 10)",0,-0.08
114,75,"(45, 9)",0,-0.08
114,76,"(45, 8)",0,-0.08
114,77,"(45, 7)",1,-0.08
114,78,"(46, 7)",0,-0.08
114,79,"(46, 6)",1,-0.08
114,80,"(47, 6)",1,-0.08
114,81,"(48, 6)",1,-0.08
114,82,"(49, 6)",0,-0.08
114,83,"(49, 5)",1,-0.08
114,84,"(50, 5)",1,-0.08
114,85,"(51, 5)",0,-0.08
114,86,"(51, 4)",0,-0.08
114,87,"(51, 3)",0,-0.08
114,88,"(51, 2)",0,-0.08
114,89,"(51, 1)",1,-0.08
114,90,"(52, 1)",1,-0.08
114,91,"(53, 1)",1,-0.08
114,92,"(54, 1)",1,-0.08
114,93,"(55, 1)",1,-0.08
114,94,"(56, 1)",1,-0.08
114,95,"(57, 1)",1,-0.08
114,96,"(58, 1)",1,-0.08
114,97,"(59, 1)",1,-0.08
114,98,"(60, 1)",1,-0.08
114,99,"(61, 1)",1,-0.08
114,100,"(62, 1)",1,-0.08
114,101,"(63, 1)",1,-0.08
114,102,"(64, 1)",1,-0.08
114,103,"(65, 1)",1,-0.08
114,104,"(66, 1)",1,-0.08
114,105,"(67, 1)",1,-0.08
114,106,"(68, 1)",1,-0.08
114,107,"(69, 1)",1,-0.08
114,108,"(70, 1)",1,-0.08
114,109,"(71, 1)",2,-0.08
114,110,"(71, 2)",2,-0.08
114,111,"(71, 3)",1,-0.08
114,112,"(72, 3)",1,-0.08
114,113,"(73, 3)",0,-0.08
114,114,"(73, 2)",0,-0.08
114,115,"(73, 1)",0,-0.08
114,116,"(73, 0)",1,-0.08
114,117,"(74, 0)",1,-0.08
114,118,"(75, 0)",1,-0.08
114,119,"(76, 0)",1,-0.08
114,120,"(77, 0)",1,-0.08
114,121,"(78, 0)",1,8.33
115,0,"(0, 39)",1,-0.08
115,1,"(1, 39)",1,-0.08
115,2,"(2, 39)",1,-0.08
115,3,"(3, 39)",1,-0.08
115,4,"(4, 39)",1,-0.08
115,5,"(5, 39)",1,-0.08
115,6,"(6, 39)",1,-0.08
115,7,"(7, 39)",1,-0.08
115,8,"(8, 39)",1,-0.08
115,9,"(9, 39)",1,-0.08
115,10,"(10, 39)",0,-0.08
115,11,"(10, 38)",1,-0.08
115,12,"(11, 38)",0,-0.08
115,13,"(11, 37)",1,-0.08
115,14,"(12, 37)",1,-0.08
115,15,"(13, 37)",1,-0.08
115,16,"(14, 37)",1,-0.08
115,17,"(15, 37)",0,-0.08
115,18,"(15, 36)",0,-0.08
115,19,"(15, 35)",0,-0.08
115,20,"(15, 34)",0,-0.08
115,21,"(15, 33)",1,-0.08
115,22,"(16, 33)",1,-0.08
115,23,"(17, 33)",1,-0.08
115,24,"(18, 33)",1,-0.08
115,25,"(19, 33)",0,-0.08
115,26,"(19, 32)",0,-0.08
115,27,"(19, 31)",0,-0.08
115,28,"(19, 30)",0,-0.08
115,29,"(19, 29)",1,-0.08
115,30,"(20, 29)",0,-0.08
115,31,"(20, 28)",0,-0.08
115,32,"(20, 27)",1,-0.08
115,33,"(21, 27)",0,-0.08
115,34,"(21, 26)",0,-0.08
115,35,"(21, 25)",1,-0.08
115,36,"(22, 25)",1,-0.08
115,37,"(23, 25)",1,-0.08
115,38,"(24, 25)",1,-0.08
115,39,"(25, 25)",1,-0.08
115,40,"(26, 25)",1,-0.08
115,41,"(27, 25)",1,-0.08
115,42,"(28, 25)",1,-0.08
115,43,"(29, 25)",1,-0.08
115,44,"(30, 25)",1,-0.08
115,45,"(31, 25)",0,-0.08
115,46,"(31, 24)",0,-0.08
115,47,"(31, 23)",1,-0.08
115,48,"(32, 23)",1,-0.08
115,49,"(33, 23)",0,-0.08
115,50,"(33, 22)",0,-0.08
115,51,"(33, 21)",1,-0.08
115,52,"(34, 21)",1,-0.08
115,53,"(35, 21)",1,-0.08
115,54,"(36, 21)",1,-0.08
115,55,"(37, 21)",1,-0.08
115,56,"(38, 21)",1,-0.08
115,57,"(39, 21)",1,-0.08
115,58,"(40, 21)",0,-0.08
115,59,"(40, 20)",1,-0.08
115,60,"(41, 20)",0,-0.08
115,61,"(41, 19)",0,-0.08
115,62,"(41, 18)",0,-0.08
115,63,"(41, 17)",0,-0.08
115,64,"(41, 16)",1,-0.08
115,65,"(42, 16)",1,-0.08
115,66,"(43, 16)",1,-0.08
115,67,"(44, 16)",0,-0.08
115,68,"(44, 15)",1,-0.08
115,69,"(45, 15)",0,-0.08
115,70,"(45, 14)",0,-0.08
115,71,"(45, 13)",0,-0.08
115,72,"(45, 12)",0,-0.08
115,73,"(45, 11)",0,-0.08
115,74,"(45, 10)",1,-0.08
115,75,"(46, 10)",0,-0.08
115,76,"(46, 9)",0,-0.08
115,77,"(46, 8)",0,-0.08
115,78,"(46, 7)",0,-0.08
115,79,"(46, 6)",1,-0.08
115,80,"(47, 6)",1,-0.08
115,81,"(48, 6)",1,-0.08
115,82,"(49, 6)",0,-0.08
115,83,"(49, 5)",1,-0.08
115,84,"(50, 5)",1,-0.08
115,85,"(51, 5)",0,-0.08
115,86,"(51, 4)",0,-0.08
115,87,"(51, 3)",0,-0.08
115,88,"(51, 2)",1,-0.08
115,89,"(52, 2)",1,-0.08
115,90,"(53, 2)",0,-0.08
115,91,"(53, 1)",1,-0.08
115,92,"(54, 1)",1,-0.08
115,93,"(55, 1)",1,-0.08
115,94,"(56, 1)",1,-0.08
115,95,"(57, 1)",1,-0.08
115,96,"(58, 1)",1,-0.08
115,97,"(59, 1)",1,-0.08
115,98,"(60, 1)",1,-0.08
115,99,"(61, 1)",1,-0.08
115,100,"(62, 1)",1,-0.08
115,101,"(63, 1)",1,-0.08
115,102,"(64, 1)",1,-0.08
115,103,"(65, 1)",1,-0.08
115,104,"(66, 1)",1,-0.08
115,105,"(67, 1)",1,-0.08
115,106,"(68, 1)",1,-0.08
115,107,"(69, 1)",1,-0.08
115,108,"(70, 1)",1,-0.08
115,109,"(71, 1)",2,-0.08
115,110,"(71, 2)",2,-0.08
115,111,"(71, 3)",1,-0.08
115,112,"(72, 3)",1,-0.08
115,113,"(73, 3)",1,-0.08
115,114,"(74, 3)",1,-0.08
115,115,"(75, 3)",1,-0.08
115,116,"(76, 3)",1,-0.08
115,117,"(77, 3)",0,-0.08
115,118,"(77, 2)",0,-0.08
115,119,"(77, 1)",1,-0.08
115,120,"(78, 1)",1,-0.08
115,121,"(79, 1)",0,8.33
116,0,"(0, 39)",1,-0.08
116,1,"(1, 39)",1,-0.08
116,2,"(2, 39)",1,-0.08
116,3,"(3, 39)",1,-0.08
116,4,"(4, 39)",1,-0.08
116,5,"(5, 39)",1,-0.08
116,6,"(6, 39)",1,-0.08
116,7,"(7, 39)",1,-0.08
116,8,"(8, 39)",1,-0.08
116,9,"(9, 39)",1,-0.08
116,10,"(10, 39)",1,-0.08
116,11,"(11, 39)",0,-0.08
116,12,"(11, 38)",0,-0.08
116,13,"(11, 37)",1,-0.08
116,14,"(12, 37)",1,-0.08
116,15,"(13, 37)",1,-0.08
116,16,"(14, 37)",1,-0.08
116,17,"(15, 37)",0,-0.08
116,18,"(15, 36)",1,-0.08
116,19,"(16, 36)",1,-0.08
116,20,"(17, 36)",0,-0.08
116,21,"(17, 35)",0,-0.08
116,22,"(17, 34)",1,-0.08
116,23,"(18, 34)",0,-0.08
116,24,"(18, 33)",1,-0.08
116,25,"(19, 33)",0,-0.08
116,26,"(19, 32)",0,-0.08
116,27,"(19, 31)",0,-0.08
116,28,"(19, 30)",0,-0.08
116,29,"(19, 29)",1,-0.08
116,30,"(20, 29)",0,-0.08
116,31,"(20, 28)",0,-0.08
116,32,"(20, 27)",1,-0.08
116,33,"(21, 27)",0,-0.08
116,34,"(21, 26)",0,-0.08
116,35,"(21, 25)",1,-0.08
116,36,"(22, 25)",1,-0.08
116,37,"(23, 25)",1,-0.08
116,38,"(24, 25)",1,-0.08
116,39,"(25, 25)",1,-0.08
116,40,"(26, 25)",1,-0.08
116,41,"(27, 25)",1,-0.08
116,42,"(28, 25)",1,-0.08
116,43,"(29, 25)",1,-0.08
116,44,"(30, 25)",1,-0.08
116,45,"(31, 25)",0,-0.08
116,46,"(31, 24)",0,-0.08
116,47,"(31, 23)",1,-0.08
116,48,"(32, 23)",1,-0.08
116,49,"(33, 23)",0,-0.08
116,50,"(33, 22)",0,-0.08
116,51,"(33, 21)",1,-0.08
116,52,"(34, 21)",1,-0.08
116,53,"(35, 21)",1,-0.08
116,54,"(36, 21)",1,-0.08
116,55,"(37, 21)",1,-0.08
116,56,"(38, 21)",1,-0.08
116,57,"(39, 21)",0,-0.08
116,58,"(39, 20)",1,-0.08
116,59,"(40, 20)",1,-0.08
116,60,"(41, 20)",1,-0.08
116,61,"(42, 20)",1,-0.08
116,62,"(43, 20)",0,-0.08
116,63,"(43, 19)",1,-0.08
116,64,"(44, 19)",0,-0.08
116,65,"(44, 18)",0,-0.08
116,66,"(44, 17)",0,-0.08
116,67,"(44, 16)",0,-0.08
116,68,"(44, 15)",1,-0.08
116,69,"(45, 15)",0,-0.08
116,70,"(45, 14)",0,-0.08
116,71,"(45, 13)",0,-0.08
116,72,"(45, 12)",0,-0.08
116,73,"(45, 11)",0,-0.08
116,74,"(45, 10)",0,-0.08
116,75,"(45, 9)",1,-0.08
116,76,"(46, 9)",0,-0.08
116,77,"(46, 8)",0,-0.08
116,78,"(46, 7)",1,-0.08
116,79,"(47, 7)",0,-0.08
116,80,"(47, 6)",1,-0.08
116,81,"(48, 6)",1,-0.08
116,82,"(49, 6)",0,-0.08
116,83,"(49, 5)",1,-0.08
116,84,"(50, 5)",1,-0.08
116,85,"(51, 5)",0,-0.08
116,86,"(51, 4)",0,-0.08
116,87,"(51, 3)",0,-0.08
116,88,"(51, 2)",1,-0.08
116,89,"(52, 2)",1,-0.08
116,90,"(53, 2)",0,-0.08
116,91,"(53, 1)",1,-0.08
116,92,"(54, 1)",1,-0.08
116,93,"(55, 1)",1,-0.08
116,94,"(56, 1)",1,-0.08
116,95,"(57, 1)",1,-0.08
116,96,"(58, 1)",1,-0.08
116,97,"(59, 1)",1,-0.08
116,98,"(60, 1)",1,-0.08
116,99,"(61, 1)",1,-0.08
116,100,"(62, 1)",1,-0.08
116,101,"(63, 1)",1,-0.08
116,102,"(64, 1)",1,-0.08
116,103,"(65, 1)",1,-0.08
116,104,"(66, 1)",1,-0.08
116,105,"(67, 1)",1,-0.08
116,106,"(68, 1)",1,-0.08
116,107,"(69, 1)",1,-0.08
116,108,"(70, 1)",1,-0.08
116,109,"(71, 1)",2,-0.08
116,110,"(71, 2)",2,-0.08
116,111,"(71, 3)",1,-0.08
116,112,"(72, 3)",1,-0.08
116,113,"(73, 3)",0,-0.08
116,114,"(73, 2)",0,-0.08
116,115,"(73, 1)",0,-0.08
116,116,"(73, 0)",1,-0.08
116,117,"(74, 0)",1,-0.08
116,118,"(75, 0)",1,-0.08
116,119,"(76, 0)",1,-0.08
116,120,"(77, 0)",1,-0.08
116,121,"(78, 0)",1,8.33
117,0,"(0, 39)",1,-0.08
117,1,"(1, 39)",1,-0.08
117,2,"(2, 39)",1,-0.08
117,3,"(3, 39)",1,-0.08
117,4,"(4, 39)",1,-0.08
117,5,"(5, 39)",1,-0.08
117,6,"(6, 39)",1,-0.08
117,7,"(7, 39)",1,-0.08
117,8,"(8, 39)",1,-0.08
117,9,"(9, 39)",1,-0.08
117,10,"(10, 39)",1,-0.08
117,11,"(11, 39)",1,-0.08
117,12,"(12, 39)",1,-0.08
117,13,"(13, 39)",1,-0.08
117,14,"(14, 39)",0,-0.08
117,15,"(14, 38)",0,-0.08
117,16,"(14, 37)",1,-0.08
117,17,"(15, 37)",0,-0.08
117,18,"(15, 36)",1,-0.08
117,19,"(16, 36)",1,-0.08
117,20,"(17, 36)",0,-0.08
117,21,"(17, 35)",1,-0.08
117,22,"(18, 35)",1,-0.08
117,23,"(19, 35)",0,-0.08
117,24,"(19, 34)",0,-0.08
117,25,"(19, 33)",0,-0.08
117,26,"(19, 32)",0,-0.08
117,27,"(19, 31)",0,-0.08
117,28,"(19, 30)",0,-0.08
117,29,"(19, 29)",1,-0.08
117,30,"(20, 29)",0,-0.08
117,31,"(20, 28)",0,-0.08
117,32,"(20, 27)",1,-0.08
117,33,"(21, 27)",0,-0.08
117,34,"(21, 26)",1,-0.08
117,35,"(22, 26)",0,-0.08
117,36,"(22, 25)",0,-0.08
117,37,"(22, 24)",0,-0.08
117,38,"(22, 23)",1,-0.08
117,39,"(23, 23)",1,-0.08
117,40,"(24, 23)",1,-0.08
117,41,"(25, 23)",0,-0.08
117,42,"(25, 22)",0,-0.08
117,43,"(25, 21)",1,-0.08
117,44,"(26, 21)",1,-0.08
117,45,"(27, 21)",0,-0.08
117,46,"(27, 20)",0,-0.08
117,47,"(27, 19)",1,-0.08
117,48,"(28, 19)",1,-0.08
117,49,"(29, 19)",1,-0.08
117,50,"(30, 19)",1,-0.08
117,51,"(31, 19)",0,-0.08
117,52,"(31, 18)",0,-0.08
117,53,"(31, 17)",1,-0.08
117,54,"(32, 17)",1,-0.08
117,55,"(33, 17)",1,-0.08
117,56,"(34, 17)",1,-0.08
117,57,"(35, 17)",1,-0.08
117,58,"(36, 17)",1,-0.08
117,59,"(37, 17)",1,-0.08
117,60,"(38, 17)",1,-0.08
117,61,"(39, 17)",0,-0.08
117,62,"(39, 16)",0,-0.08
117,63,"(39, 15)",1,-0.08
117,64,"(40, 15)",1,-0.08
117,65,"(41, 15)",0,-0.08
117,66,"(41, 14)",0,-0.08
117,67,"(41, 13)",1,-0.08
117,68,"(42, 13)",1,-0.08
117,69,"(43, 13)",0,-0.08
117,70,"(43, 12)",0,-0.08
117,71,"(43, 11)",1,-0.08
117,72,"(44, 11)",1,-0.08
117,73,"(45, 11)",0,-0.08
117,74,"(45, 10)",1,-0.08
117,75,"(46, 10)",0,-0.08
117,76,"(46, 9)",0,-0.08
117,77,"(46, 8)",0,-0.08
117,78,"(46, 7)",0,-0.08
117,79,"(46, 6)",1,-0.08
117,80,"(47, 6)",1,-0.08
117,81,"(48, 6)",1,-0.08
117,82,"(49, 6)",0,-0.08
117,83,"(49, 5)",1,-0.08
117,84,"(50, 5)",1,-0.08
117,85,"(51, 5)",0,-0.08
117,86,"(51, 4)",0,-0.08
117,87,"(51, 3)",0,-0.08
117,88,"(51, 2)",1,-0.08
117,89,"(52, 2)",0,-0.08
117,90,"(52, 1)",1,-0.08
117,91,"(53, 1)",1,-0.08
117,92,"(54, 1)",1,-0.08
117,93,"(55, 1)",1,-0.08
117,94,"(56, 1)",1,-0.08
117,95,"(57, 1)",1,-0.08
117,96,"(58, 1)",1,-0.08
117,97,"(59, 1)",1,-0.08
117,98,"(60, 1)",1,-0.08
117,99,"(61, 1)",1,-0.08
117,100,"(62, 1)",1,-0.08
117,101,"(63, 1)",1,-0.08
117,102,"(64, 1)",1,-0.08
117,103,"(65, 1)",1,-0.08
117,104,"(66, 1)",1,-0.08
117,105,"(67, 1)",1,-0.08
117,106,"(68, 1)",1,-0.08
117,107,"(69, 1)",1,-0.08
117,108,"(70, 1)",1,-0.08
117,109,"(71, 1)",2,-0.08
117,110,"(71, 2)",2,-0.08
117,111,"(71, 3)",1,-0.08
117,112,"(72, 3)",1,-0.08
117,113,"(73, 3)",1,-0.08
117,114,"(74, 3)",1,-0.08
117,115,"(75, 3)",1,-0.08
117,116,"(76, 3)",1,-0.08
117,117,"(77, 3)",0,-0.08
117,118,"(77, 2)",0,-0.08
117,119,"(77, 1)",1,-0.08
117,120,"(78, 1)",0,-0.08
117,121,"(78, 0)",1,8.33
118,0,"(0, 39)",1,-0.08
118,1,"(1, 39)",1,-0.08
118,2,"(2, 39)",1,-0.08
118,3,"(3, 39)",1,-0.08
118,4,"(4, 39)",1,-0.08
118,5,"(5, 39)",1,-0.08
118,6,"(6, 39)",1,-0.08
118,7,"(7, 39)",1,-0.08
118,8,"(8, 39)",1,-0.08
118,9,"(9, 39)",1,-0.08
118,10,"(10, 39)",1,-0.08
118,11,"(11, 39)",1,-0.08
118,12,"(12, 39)",1,-0.08
118,13,"(13, 39)",1,-0.08
118,14,"(14, 39)",0,-0.08
118,15,"(14, 38)",0,-0.08
118,16,"(14, 37)",1,-0.08
118,17,"(15, 37)",1,-0.08
118,18,"(16, 37)",1,-0.08
118,19,"(17, 37)",0,-0.08
118,20,"(17, 36)",0,-0.08
118,21,"(17, 35)",1,-0.08
118,22,"(18, 35)",1,-0.08
118,23,"(19, 35)",0,-0.08
118,24,"(19, 34)",0,-0.08
118,25,"(19, 33)",0,-0.08
118,26,"(19, 32)",0,-0.08
118,27,"(19, 31)",0,-0.08
118,28,"(19, 30)",0,-0.08
118,29,"(19, 29)",1,-0.08
118,30,"(20, 29)",0,-0.08
118,31,"(20, 28)",0,-0.08
118,32,"(20, 27)",1,-0.08
118,33,"(21, 27)",0,-0.08
118,34,"(21, 26)",0,-0.08
118,35,"(21, 25)",1,-0.08
118,36,"(22, 25)",0,-0.08
118,37,"(22, 24)",0,-0.08
118,38,"(22, 23)",1,-0.08
118,39,"(23, 23)",1,-0.08
118,40,"(24, 23)",1,-0.08
118,41,"(25, 23)",0,-0.08
118,42,"(25, 22)",0,-0.08
118,43,"(25, 21)",1,-0.08
118,44,"(26, 21)",1,-0.08
118,45,"(27, 21)",0,-0.08
118,46,"(27, 20)",1,-0.08
118,47,"(28, 20)",0,-0.08
118,48,"(28, 19)",1,-0.08
118,49,"(29, 19)",1,-0.08
118,50,"(30, 19)",1,-0.08
118,51,"(31, 19)",0,-0.08
118,52,"(31, 18)",1,-0.08
118,53,"(32, 18)",0,-0.08
118,54,"(32, 17)",1,-0.08
118,55,"(33, 17)",1,-0.08
118,56,"(34, 17)",1,-0.08
118,57,"(35, 17)",0,-0.08
118,58,"(35, 16)",0,-0.08
118,59,"(35, 15)",0,-0.08
118,60,"(35, 14)",0,-0.08
118,61,"(35, 13)",1,-0.08
118,62,"(36, 13)",1,-0.08
118,63,"(37, 13)",1,-0.08
118,64,"(38, 13)",1,-0.08
118,65,"(39, 13)",1,-0.08
118,66,"(40, 13)",1,-0.08
118,67,"(41, 13)",1,-0.08
118,68,"(42, 13)",1,-0.08
118,69,"(43, 13)",1,-0.08
118,70,"(44, 13)",1,-0.08
118,71,"(45, 13)",0,-0.08
118,72,"(45, 12)",0,-0.08
118,73,"(45, 11)",0,-0.08
118,74,"(45, 10)",1,-0.08
118,75,"(46, 10)",0,-0.08
118,76,"(46, 9)",0,-0.08
118,77,"(46, 8)",0,-0.08
118,78,"(46, 7)",1,-0.08
118,79,"(47, 7)",0,-0.08
118,80,"(47, 6)",1,-0.08
118,81,"(48, 6)",1,-0.08
118,82,"(49, 6)",0,-0.08
118,83,"(49, 5)",1,-0.08
118,84,"(50, 5)",1,-0.08
118,85,"(51, 5)",1,-0.08
118,86,"(52, 5)",1,-0.08
118,87,"(53, 5)",0,-0.08
118,88,"(53, 4)",0,-0.08
118,89,"(53, 3)",0,-0.08
118,90,"(53, 2)",0,-0.08
118,91,"(53, 1)",1,-0.08
118,92,"(54, 1)",1,-0.08
118,93,"(55, 1)",1,-0.08
118,94,"(56, 1)",1,-0.08
118,95,"(57, 1)",1,-0.08
118,96,"(58, 1)",1,-0.08
118,97,"(59, 1)",1,-0.08
118,98,"(60, 1)",1,-0.08
118,99,"(61, 1)",1,-0.08
118,100,"(62, 1)",1,-0.08
118,101,"(63, 1)",1,-0.08
118,102,"(64, 1)",1,-0.08
118,103,"(65, 1)",1,-0.08
118,104,"(66, 1)",1,-0.08
118,105,"(67, 1)",1,-0.08
118,106,"(68, 1)",1,-0.08
118,107,"(69, 1)",1,-0.08
118,108,"(70, 1)",1,-0.08
118,109,"(71, 1)",2,-0.08
118,110,"(71, 2)",2,-0.08
118,111,"(71, 3)",1,-0.08
118,112,"(72, 3)",1,-0.08
118,113,"(73, 3)",0,-0.08
118,114,"(73, 2)",0,-0.08
118,115,"(73, 1)",0,-0.08
118,116,"(73, 0)",1,-0.08
118,117,"(74, 0)",1,-0.08
118,118,"(75, 0)",1,-0.08
118,119,"(76, 0)",1,-0.08
118,120,"(77, 0)",1,-0.08
118,121,"(78, 0)",1,8.33
119,0,"(0, 39)",1,-0.08
119,1,"(1, 39)",1,-0.08
119,2,"(2, 39)",1,-0.08
119,3,"(3, 39)",1,-0.08
119,4,"(4, 39)",1,-0.08
119,5,"(5, 39)",1,-0.08
119,6,"(6, 39)",1,-0.08
119,7,"(7, 39)",1,-0.08
119,8,"(8, 39)",1,-0.08
119,9,"(9, 39)",1,-0.08
119,10,"(10, 39)",0,-0.08
119,11,"(10, 38)",0,-0.08
119,12,"(10, 37)",1,-0.08
119,13,"(11, 37)",1,-0.08
119,14,"(12, 37)",1,-0.08
119,15,"(13, 37)",1,-0.08
119,16,"(14, 37)",1,-0.08
119,17,"(15, 37)",0,-0.08
119,18,"(15, 36)",0,-0.08
119,19,"(15, 35)",0,-0.08
119,20,"(15, 34)",0,-0.08
119,21,"(15, 33)",1,-0.08
119,22,"(16, 33)",1,-0.08
119,23,"(17, 33)",1,-0.08
119,24,"(18, 33)",1,-0.08
119,25,"(19, 33)",0,-0.08
119,26,"(19, 32)",0,-0.08
119,27,"(19, 31)",0,-0.08
119,28,"(19, 30)",0,-0.08
119,29,"(19, 29)",1,-0.08
119,30,"(20, 29)",0,-0.08
119,31,"(20, 28)",0,-0.08
119,32,"(20, 27)",1,-0.08
119,33,"(21, 27)",0,-0.08
119,34,"(21, 26)",1,-0.08
119,35,"(22, 26)",1,-0.08
119,36,"(23, 26)",0,-0.08
119,37,"(23, 25)",1,-0.08
119,38,"(24, 25)",1,-0.08
119,39,"(25, 25)",1,-0.08
119,40,"(26, 25)",1,-0.08
119,41,"(27, 25)",1,-0.08
119,42,"(28, 25)",1,-0.08
119,43,"(29, 25)",1,-0.08
119,44,"(30, 25)",1,-0.08
119,45,"(31, 25)",0,-0.08
119,46,"(31, 24)",0,-0.08
119,47,"(31, 23)",1,-0.08
119,48,"(32, 23)",1,-0.08
119,49,"(33, 23)",0,-0.08
119,50,"(33, 22)",0,-0.08
119,51,"(33, 21)",1,-0.08
119,52,"(34, 21)",1,-0.08
119,53,"(35, 21)",0,-0.08
119,54,"(35, 20)",0,-0.08
119,55,"(35, 19)",0,-0.08
119,56,"(35, 18)",0,-0.08
119,57,"(35, 17)",0,-0.08
119,58,"(35, 16)",0,-0.08
119,59,"(35, 15)",0,-0.08
119,60,"(35, 14)",0,-0.08
119,61,"(35, 13)",1,-0.08
119,62,"(36, 13)",1,-0.08
119,63,"(37, 13)",1,-0.08
119,64,"(38, 13)",1,-0.08
119,65,"(39, 13)",0,-0.08
119,66,"(39, 12)",0,-0.08
119,67,"(39, 11)",1,-0.08
119,68,"(40, 11)",1,-0.08
119,69,"(41, 11)",1,-0.08
119,70,"(42, 11)",1,-0.08
119,71,"(43, 11)",1,-0.08
119,72,"(44, 11)",1,-0.08
119,73,"(45, 11)",0,-0.08
119,74,"(45, 10)",0,-0.08
119,75,"(45, 9)",0,-0.08
119,76,"(45, 8)",0,-0.08
119,77,"(45, 7)",1,-0.08
119,78,"(46, 7)",0,-0.08
119,79,"(46, 6)",1,-0.08
119,80,"(47, 6)",1,-0.08
119,81,"(48, 6)",1,-0.08
119,82,"(49, 6)",0,-0.08
119,83,"(49, 5)",1,-0.08
119,84,"(50, 5)",1,-0.08
119,85,"(51, 5)",1,-0.08
119,86,"(52, 5)",1,-0.08
119,87,"(53, 5)",0,-0.08
119,88,"(53, 4)",0,-0.08
119,89,"(53, 3)",0,-0.08
119,90,"(53, 2)",0,-0.08
119,91,"(53, 1)",1,-0.08
119,92,"(54, 1)",1,-0.08
119,93,"(55, 1)",1,-0.08
119,94,"(56, 1)",1,-0.08
119,95,"(57, 1)",1,-0.08
119,96,"(58, 1)",1,-0.08
119,97,"(59, 1)",1,-0.08
119,98,"(60, 1)",1,-0.08
119,99,"(61, 1)",1,-0.08
119,100,"(62, 1)",1,-0.08
119,101,"(63, 1)",1,-0.08
119,102,"(64, 1)",1,-0.08
119,103,"(65, 1)",1,-0.08
119,104,"(66, 1)",1,-0.08
119,105,"(67, 1)",1,-0.08
119,106,"(68, 1)",1,-0.08
119,107,"(69, 1)",1,-0.08
119,108,"(70, 1)",1,-0.08
119,109,"(71, 1)",2,-0.08
119,110,"(71, 2)",2,-0.08
119,111,"(71, 3)",1,-0.08
119,112,"(72, 3)",1,-0.08
119,113,"(73, 3)",1,-0.08
119,114,"(74, 3)",1,-0.08
119,115,"(75, 3)",1,-0.08
119,116,"(76, 3)",1,-0.08
119,117,"(77, 3)",0,-0.08
119,118,"(77, 2)",0,-0.08
119,119,"(77, 1)",0,-0.08
119,120,"(77, 0)",1,-0.08
119,121,"(78, 0)",1,8.33
120,0,"(0, 39)",1,-0.08
120,1,"(1, 39)",1,-0.08
120,2,"(2, 39)",1,-0.08
120,3,"(3, 39)",1,-0.08
120,4,"(4, 39)",1,-0.08
120,5,"(5, 39)",1,-0.08
120,6,"(6, 39)",1,-0.08
120,7,"(7, 39)",1,-0.08
120,8,"(8, 39)",1,-0.08
120,9,"(9, 39)",1,-0.08
120,10,"(10, 39)",1,-0.08
120,11,"(11, 39)",1,-0.08
120,12,"(12, 39)",1,-0.08
120,13,"(13, 39)",1,-0.08
120,14,"(14, 39)",0,-0.08
120,15,"(14, 38)",0,-0.08
120,16,"(14, 37)",1,-0.08
120,17,"(15, 37)",0,-0.08
120,18,"(15, 36)",0,-0.08
120,19,"(15, 35)",0,-0.08
120,20,"(15, 34)",0,-0.08
120,21,"(15, 33)",1,-0.08
120,22,"(16, 33)",1,-0.08
120,23,"(17, 33)",1,-0.08
120,24,"(18, 33)",1,-0.08
120,25,"(19, 33)",0,-0.08
120,26,"(19, 32)",0,-0.08
120,27,"(19, 31)",0,-0.08
120,28,"(19, 30)",0,-0.08
120,29,"(19, 29)",1,-0.08
120,30,"(20, 29)",0,-0.08
120,31,"(20, 28)",0,-0.08
120,32,"(20, 27)",1,-0.08
120,33,"(21, 27)",0,-0.08
120,34,"(21, 26)",1,-0.08
120,35,"(22, 26)",1,-0.08
120,36,"(23, 26)",0,-0.08
120,37,"(23, 25)",1,-0.08
120,38,"(24, 25)",1,-0.08
120,39,"(25, 25)",1,-0.08
120,40,"(26, 25)",1,-0.08
120,41,"(27, 25)",1,-0.08
120,42,"(28, 25)",1,-0.08
120,43,"(29, 25)",1,-0.08
120,44,"(30, 25)",1,-0.08
120,45,"(31, 25)",0,-0.08
120,46,"(31, 24)",0,-0.08
120,47,"(31, 23)",1,-0.08
120,48,"(32, 23)",1,-0.08
120,49,"(33, 23)",0,-0.08
120,50,"(33, 22)",0,-0.08
120,51,"(33, 21)",1,-0.08
120,52,"(34, 21)",1,-0.08
120,53,"(35, 21)",0,-0.08
120,54,"(35, 20)",0,-0.08
120,55,"(35, 19)",0,-0.08
120,56,"(35, 18)",0,-0.08
120,57,"(35, 17)",1,-0.08
120,58,"(36, 17)",1,-0.08
120,59,"(37, 17)",0,-0.08
120,60,"(37, 16)",0,-0.08
120,61,"(37, 15)",1,-0.08
120,62,"(38, 15)",0,-0.08
120,63,"(38, 14)",0,-0.08
120,64,"(38, 13)",1,-0.08
120,65,"(39, 13)",0,-0.08
120,66,"(39, 12)",0,-0.08
120,67,"(39, 11)",1,-0.08
120,68,"(40, 11)",1,-0.08
120,69,"(41, 11)",1,-0.08
120,70,"(42, 11)",1,-0.08
120,71,"(43, 11)",1,-0.08
120,72,"(44, 11)",1,-0.08
120,73,"(45, 11)",0,-0.08
120,74,"(45, 10)",0,-0.08
120,75,"(45, 9)",0,-0.08
120,76,"(45, 8)",0,-0.08
120,77,"(45, 7)",1,-0.08
120,78,"(46, 7)",1,-0.08
120,79,"(47, 7)",0,-0.08
120,80,"(47, 6)",1,-0.08
120,81,"(48, 6)",1,-0.08
120,82,"(49, 6)",0,-0.08
120,83,"(49, 5)",1,-0.08
120,84,"(50, 5)",1,-0.08
120,85,"(51, 5)",0,-0.08
120,86,"(51, 4)",0,-0.08
120,87,"(51, 3)",0,-0.08
120,88,"(51, 2)",1,-0.08
120,89,"(52, 2)",0,-0.08
120,90,"(52, 1)",1,-0.08
120,91,"(53, 1)",1,-0.08
120,92,"(54, 1)",1,-0.08
120,93,"(55, 1)",1,-0.08
120,94,"(56, 1)",1,-0.08
120,95,"(57, 1)",1,-0.08
120,96,"(58, 1)",1,-0.08
120,97,"(59, 1)",1,-0.08
120,98,"(60, 1)",1,-0.08
120,99,"(61, 1)",1,-0.08
120,100,"(62, 1)",1,-0.08
120,101,"(63, 1)",1,-0.08
120,102,"(64, 1)",1,-0.08
120,103,"(65, 1)",1,-0.08
120,104,"(66, 1)",1,-0.08
120,105,"(67, 1)",1,-0.08
120,106,"(68, 1)",1,-0.08
120,107,"(69, 1)",1,-0.08
120,108,"(70, 1)",1,-0.08
120,109,"(71, 1)",2,-0.08
120,110,"(71, 2)",2,-0.08
120,111,"(71, 3)",1,-0.08
120,112,"(72, 3)",1,-0.08
120,113,"(73, 3)",1,-0.08
120,114,"(74, 3)",1,-0.08
120,115,"(75, 3)",1,-0.08
120,116,"(76, 3)",1,-0.08
120,117,"(77, 3)",0,-0.08
120,118,"(77, 2)",0,-0.08
120,119,"(77, 1)",1,-0.08
120,120,"(78, 1)",0,-0.08
120,121,"(78, 0)",1,8.33
121,0,"(0, 39)",1,-0.08
121,1,"(1, 39)",1,-0.08
121,2,"(2, 39)",1,-0.08
121,3,"(3, 39)",1,-0.08
121,4,"(4, 39)",1,-0.08
121,5,"(5, 39)",1,-0.08
121,6,"(6, 39)",1,-0.08
121,7,"(7, 39)",1,-0.08
121,8,"(8, 39)",1,-0.08
121,9,"(9, 39)",1,-0.08
121,10,"(10, 39)",0,-0.08
121,11,"(10, 38)",1,-0.08
121,12,"(11, 38)",0,-0.08
121,13,"(11, 37)",1,-0.08
121,14,"(12, 37)",1,-0.08
121,15,"(13, 37)",1,-0.08
121,16,"(14, 37)",1,-0.08
121,17,"(15, 37)",1,-0.08
121,18,"(16, 37)",0,-0.08
121,19,"(16, 36)",1,-0.08
121,20,"(17, 36)",0,-0.08
121,21,"(17, 35)",1,-0.08
121,22,"(18, 35)",0,-0.08
121,23,"(18, 34)",0,-0.08
121,24,"(18, 33)",1,-0.08
121,25,"(19, 33)",0,-0.08
121,26,"(19, 32)",0,-0.08
121,27,"(19, 31)",0,-0.08
121,28,"(19, 30)",0,-0.08
121,29,"(19, 29)",1,-0.08
121,30,"(20, 29)",0,-0.08
121,31,"(20, 28)",0,-0.08
121,32,"(20, 27)",1,-0.08
121,33,"(21, 27)",0,-0.08
121,34,"(21, 26)",0,-0.08
121,35,"(21, 25)",1,-0.08
121,36,"(22, 25)",1,-0.08
121,37,"(23, 25)",1,-0.08
121,38,"(24, 25)",1,-0.08
121,39,"(25, 25)",1,-0.08
121,40,"(26, 25)",1,-0.08
121,41,"(27, 25)",1,-0.08
121,42,"(28, 25)",1,-0.08
121,43,"(29, 25)",1,-0.08
121,44,"(30, 25)",1,-0.08
121,45,"(31, 25)",0,-0.08
121,46,"(31, 24)",0,-0.08
121,47,"(31, 23)",1,-0.08
121,48,"(32, 23)",1,-0.08
121,49,"(33, 23)",0,-0.08
121,50,"(33, 22)",0,-0.08
121,51,"(33, 21)",1,-0.08
121,52,"(34, 21)",1,-0.08
121,53,"(35, 21)",0,-0.08
121,54,"(35, 20)",0,-0.08
121,55,"(35, 19)",1,-0.08
121,56,"(36, 19)",1,-0.08
121,57,"(37, 19)",0,-0.08
121,58,"(37, 18)",0,-0.08
121,59,"(37, 17)",0,-0.08
121,60,"(37, 16)",0,-0.08
121,61,"(37, 15)",0,-0.08
121,62,"(37, 14)",1,-0.08
121,63,"(38, 14)",0,-0.08
121,64,"(38, 13)",1,-0.08
121,65,"(39, 13)",1,-0.08
121,66,"(40, 13)",1,-0.08
121,67,"(41, 13)",0,-0.08
121,68,"(41, 12)",0,-0.08
121,69,"(41, 11)",1,-0.08
121,70,"(42, 11)",1,-0.08
121,71,"(43, 11)",1,-0.08
121,72,"(44, 11)",1,-0.08
121,73,"(45, 11)",0,-0.08
121,74,"(45, 10)",1,-0.08
121,75,"(46, 10)",0,-0.08
121,76,"(46, 9)",0,-0.08
121,77,"(46, 8)",0,-0.08
121,78,"(46, 7)",0,-0.08
121,79,"(46, 6)",1,-0.08
121,80,"(47, 6)",1,-0.08
121,81,"(48, 6)",1,-0.08
121,82,"(49, 6)",0,-0.08
121,83,"(49, 5)",1,-0.08
121,84,"(50, 5)",1,-0.08
121,85,"(51, 5)",0,-0.08
121,86,"(51, 4)",0,-0.08
121,87,"(51, 3)",0,-0.08
121,88,"(51, 2)",0,-0.08
121,89,"(51, 1)",1,-0.08
121,90,"(52, 1)",1,-0.08
121,91,"(53, 1)",1,-0.08
121,92,"(54, 1)",1,-0.08
121,93,"(55, 1)",1,-0.08
121,94,"(56, 1)",1,-0.08
121,95,"(57, 1)",1,-0.08
121,96,"(58, 1)",1,-0.08
121,97,"(59, 1)",1,-0.08
121,98,"(60, 1)",1,-0.08
121,99,"(61, 1)",1,-0.08
121,100,"(62, 1)",1,-0.08
121,101,"(63, 1)",1,-0.08
121,102,"(64, 1)",1,-0.08
121,103,"(65, 1)",1,-0.08
121,104,"(66, 1)",1,-0.08
121,105,"(67, 1)",1,-0.08
121,106,"(68, 1)",1,-0.08
121,107,"(69, 1)",1,-0.08
121,108,"(70, 1)",1,-0.08
121,109,"(71, 1)",2,-0.08
121,110,"(71, 2)",2,-0.08
121,111,"(71, 3)",1,-0.08
121,112,"(72, 3)",1,-0.08
121,113,"(73, 3)",1,-0.08
121,114,"(74, 3)",1,-0.08
121,115,"(75, 3)",1,-0.08
121,116,"(76, 3)",1,-0.08
121,117,"(77, 3)",0,-0.08
121,118,"(77, 2)",0,-0.08
121,119,"(77, 1)",0,-0.08
121,120,"(77, 0)",1,-0.08
121,121,"(78, 0)",1,8.33
122,0,"(0, 39)",1,-0.08
122,1,"(1, 39)",1,-0.08
122,2,"(2, 39)",1,-0.08
122,3,"(3, 39)",1,-0.08
122,4,"(4, 39)",1,-0.08
122,5,"(5, 39)",1,-0.08
122,6,"(6, 39)",1,-0.08
122,7,"(7, 39)",1,-0.08
122,8,"(8, 39)",1,-0.08
122,9,"(9, 39)",1,-0.08
122,10,"(10, 39)",1,-0.08
122,11,"(11, 39)",1,-0.08
122,12,"(12, 39)",1,-0.08
122,13,"(13, 39)",1,-0.08
122,14,"(14, 39)",0,-0.08
122,15,"(14, 38)",0,-0.08
122,16,"(14, 37)",1,-0.08
122,17,"(15, 37)",1,-0.08
122,18,"(16, 37)",0,-0.08
122,19,"(16, 36)",1,-0.08
122,20,"(17, 36)",0,-0.08
122,21,"(17, 35)",0,-0.08
122,22,"(17, 34)",1,-0.08
122,23,"(18, 34)",0,-0.08
122,24,"(18, 33)",1,-0.08
122,25,"(19, 33)",0,-0.08
122,26,"(19, 32)",0,-0.08
122,27,"(19, 31)",0,-0.08
122,28,"(19, 30)",0,-0.08
122,29,"(19, 29)",1,-0.08
122,30,"(20, 29)",0,-0.08
122,31,"(20, 28)",0,-0.08
122,32,"(20, 27)",1,-0.08
122,33,"(21, 27)",0,-0.08
122,34,"(21, 26)",1,-0.08
122,35,"(22, 26)",1,-0.08
122,36,"(23, 26)",1,-0.08
122,37,"(24, 26)",0,-0.08
122,38,"(24, 25)",1,-0.08
122,39,"(25, 25)",0,-0.08
122,40,"(25, 24)",0,-0.08
122,41,"(25, 23)",0,-0.08
122,42,"(25, 22)",0,-0.08
122,43,"(25, 21)",0,-0.08
122,44,"(25, 20)",0,-0.08
122,45,"(25, 19)",1,-0.08
122,46,"(26, 19)",1,-0.08
122,47,"(27, 19)",1,-0.08
122,48,"(28, 19)",1,-0.08
122,49,"(29, 19)",1,-0.08
122,50,"(30, 19)",1,-0.08
122,51,"(31, 19)",0,-0.08
122,52,"(31, 18)",1,-0.08
122,53,"(32, 18)",0,-0.08
122,54,"(32, 17)",0,-0.08
122,55,"(32, 16)",0,-0.08
122,56,"(32, 15)",0,-0.08
122,57,"(32, 14)",0,-0.08
122,58,"(32, 13)",1,-0.08
122,59,"(33, 13)",1,-0.08
122,60,"(34, 13)",1,-0.08
122,61,"(35, 13)",1,-0.08
122,62,"(36, 13)",1,-0.08
122,63,"(37, 13)",1,-0.08
122,64,"(38, 13)",1,-0.08
122,65,"(39, 13)",1,-0.08
122,66,"(40, 13)",1,-0.08
122,67,"(41, 13)",0,-0.08
122,68,"(41, 12)",0,-0.08
122,69,"(41, 11)",1,-0.08
122,70,"(42, 11)",1,-0.08
122,71,"(43, 11)",1,-0.08
122,72,"(44, 11)",1,-0.08
122,73,"(45, 11)",0,-0.08
122,74,"(45, 10)",1,-0.08
122,75,"(46, 10)",0,-0.08
122,76,"(46, 9)",0,-0.08
122,77,"(46, 8)",0,-0.08
122,78,"(46, 7)",1,-0.08
122,79,"(47, 7)",0,-0.08
122,80,"(47, 6)",1,-0.08
122,81,"(48, 6)",1,-0.08
122,82,"(49, 6)",0,-0.08
122,83,"(49, 5)",1,-0.08
122,84,"(50, 5)",1,-0.08
122,85,"(51, 5)",1,-0.08
122,86,"(52, 5)",1,-0.08
122,87,"(53, 5)",0,-0.08
122,88,"(53, 4)",0,-0.08
122,89,"(53, 3)",1,-0.08
122,90,"(54, 3)",1,-0.08
122,91,"(55, 3)",1,-0.08
122,92,"(56, 3)",0,-0.08
122,93,"(56, 2)",0,-0.08
122,94,"(56, 1)",1,-0.08
122,95,"(57, 1)",1,-0.08
122,96,"(58, 1)",1,-0.08
122,97,"(59, 1)",1,-0.08
122,98,"(60, 1)",1,-0.08
122,99,"(61, 1)",1,-0.08
122,100,"(62, 1)",1,-0.08
122,101,"(63, 1)",1,-0.08
122,102,"(64, 1)",1,-0.08
122,103,"(65, 1)",1,-0.08
122,104,"(66, 1)",1,-0.08
122,105,"(67, 1)",1,-0.08
122,106,"(68, 1)",1,-0.08
122,107,"(69, 1)",1,-0.08
122,108,"(70, 1)",1,-0.08
122,109,"(71, 1)",2,-0.08
122,110,"(71, 2)",2,-0.08
122,111,"(71, 3)",1,-0.08
122,112,"(72, 3)",1,-0.08
122,113,"(73, 3)",1,-0.08
122,114,"(74, 3)",1,-0.08
122,115,"(75, 3)",1,-0.08
122,116,"(76, 3)",1,-0.08
122,117,"(77, 3)",0,-0.08
122,118,"(77, 2)",0,-0.08
122,119,"(77, 1)",1,-0.08
122,120,"(78, 1)",1,-0.08
122,121,"(79, 1)",0,8.33
123,0,"(0, 39)",1,-0.08
123,1,"(1, 39)",1,-0.08
123,2,"(2, 39)",1,-0.08
123,3,"(3, 39)",1,-0.08
123,4,"(4, 39)",1,-0.08
123,5,"(5, 39)",1,-0.08
123,6,"(6, 39)",1,-0.08
123,7,"(7, 39)",1,-0.08
123,8,"(8, 39)",1,-0.08
123,9,"(9, 39)",1,-0.08
123,10,"(10, 39)",0,-0.08
123,11,"(10, 38)",1,-0.08
123,12,"(11, 38)",0,-0.08
123,13,"(11, 37)",1,-0.08
123,14,"(12, 37)",1,-0.08
123,15,"(13, 37)",1,-0.08
123,16,"(14, 37)",1,-0.08
123,17,"(15, 37)",1,-0.08
123,18,"(16, 37)",0,-0.08
123,19,"(16, 36)",1,-0.08
123,20,"(17, 36)",0,-0.08
123,21,"(17, 35)",0,-0.08
123,22,"(17, 34)",0,-0.08
123,23,"(17, 33)",1,-0.08
123,24,"(18, 33)",1,-0.08
123,25,"(19, 33)",0,-0.08
123,26,"(19, 32)",0,-0.08
123,27,"(19, 31)",0,-0.08
123,28,"(19, 30)",0,-0.08
123,29,"(19, 29)",1,-0.08
123,30,"(20, 29)",0,-0.08
123,31,"(20, 28)",0,-0.08
123,32,"(20, 27)",1,-0.08
123,33,"(21, 27)",0,-0.08
123,34,"(21, 26)",0,-0.08
123,35,"(21, 25)",1,-0.08
123,36,"(22, 25)",0,-0.08
123,37,"(22, 24)",0,-0.08
123,38,"(22, 23)",1,-0.08
123,39,"(23, 23)",1,-0.08
123,40,"(24, 23)",1,-0.08
123,41,"(25, 23)",0,-0.08
123,42,"(25, 22)",0,-0.08
123,43,"(25, 21)",1,-0.08
123,44,"(26, 21)",1,-0.08
123,45,"(27, 21)",0,-0.08
123,46,"(27, 20)",0,-0.08
123,47,"(27, 19)",1,-0.08
123,48,"(28, 19)",1,-0.08
123,49,"(29, 19)",1,-0.08
123,50,"(30, 19)",1,-0.08
123,51,"(31, 19)",1,-0.08
123,52,"(32, 19)",0,-0.08
123,53,"(32, 18)",0,-0.08
123,54,"(32, 17)",0,-0.08
123,55,"(32, 16)",0,-0.08
123,56,"(32, 15)",0,-0.08
123,57,"(32, 14)",0,-0.08
123,58,"(32, 13)",1,-0.08
123,59,"(33, 13)",1,-0.08
123,60,"(34, 13)",1,-0.08
123,61,"(35, 13)",1,-0.08
123,62,"(36, 13)",1,-0.08
123,63,"(37, 13)",1,-0.08
123,64,"(38, 13)",1,-0.08
123,65,"(39, 13)",0,-0.08
123,66,"(39, 12)",0,-0.08
123,67,"(39, 11)",1,-0.08
123,68,"(40, 11)",1,-0.08
123,69,"(41, 11)",1,-0.08
123,70,"(42, 11)",1,-0.08
123,71,"(43, 11)",1,-0.08
123,72,"(44, 11)",1,-0.08
123,73,"(45, 11)",0,-0.08
123,74,"(45, 10)",1,-0.08
123,75,"(46, 10)",0,-0.08
123,76,"(46, 9)",0,-0.08
123,77,"(46, 8)",0,-0.08
123,78,"(46, 7)",1,-0.08
123,79,"(47, 7)",0,-0.08
123,80,"(47, 6)",1,-0.08
123,81,"(48, 6)",1,-0.08
123,82,"(49, 6)",0,-0.08
123,83,"(49, 5)",1,-0.08
123,84,"(50, 5)",1,-0.08
123,85,"(51, 5)",0,-0.08
123,86,"(51, 4)",0,-0.08
123,87,"(51, 3)",0,-0.08
123,88,"(51, 2)",0,-0.08
123,89,"(51, 1)",1,-0.08
123,90,"(52, 1)",1,-0.08
123,91,"(53, 1)",1,-0.08
123,92,"(54, 1)",1,-0.08
123,93,"(55, 1)",1,-0.08
123,94,"(56, 1)",1,-0.08
123,95,"(57, 1)",1,-0.08
123,96,"(58, 1)",1,-0.08
123,97,"(59, 1)",1,-0.08
123,98,"(60, 1)",1,-0.08
123,99,"(61, 1)",1,-0.08
123,100,"(62, 1)",1,-0.08
123,101,"(63, 1)",1,-0.08
123,102,"(64, 1)",1,-0.08
123,103,"(65, 1)",1,-0.08
123,104,"(66, 1)",1,-0.08
123,105,"(67, 1)",1,-0.08
123,106,"(68, 1)",1,-0.08
123,107,"(69, 1)",1,-0.08
123,108,"(70, 1)",1,-0.08
123,109,"(71, 1)",2,-0.08
123,110,"(71, 2)",2,-0.08
123,111,"(71, 3)",1,-0.08
123,112,"(72, 3)",1,-0.08
123,113,"(73, 3)",0,-0.08
123,114,"(73, 2)",0,-0.08
123,115,"(73, 1)",1,-0.08
123,116,"(74, 1)",1,-0.08
123,117,"(75, 1)",1,-0.08
123,118,"(76, 1)",0,-0.08
123,119,"(76, 0)",1,-0.08
123,120,"(77, 0)",1,-0.08
123,121,"(78, 0)",1,8.33
124,0,"(0, 39)",1,-0.08
124,1,"(1, 39)",1,-0.08
124,2,"(2, 39)",1,-0.08
124,3,"(3, 39)",1,-0.08
124,4,"(4, 39)",1,-0.08
124,5,"(5, 39)",1,-0.08
124,6,"(6, 39)",1,-0.08
124,7,"(7, 39)",1,-0.08
124,8,"(8, 39)",1,-0.08
124,9,"(9, 39)",1,-0.08
124,10,"(10, 39)",1,-0.08
124,11,"(11, 39)",1,-0.08
124,12,"(12, 39)",1,-0.08
124,13,"(13, 39)",1,-0.08
124,14,"(14, 39)",0,-0.08
124,15,"(14, 38)",0,-0.08
124,16,"(14, 37)",1,-0.08
124,17,"(15, 37)",0,-0.08
124,18,"(15, 36)",0,-0.08
124,19,"(15, 35)",0,-0.08
124,20,"(15, 34)",0,-0.08
124,21,"(15, 33)",1,-0.08
124,22,"(16, 33)",1,-0.08
124,23,"(17, 33)",1,-0.08
124,24,"(18, 33)",1,-0.08
124,25,"(19, 33)",0,-0.08
124,26,"(19, 32)",0,-0.08
124,27,"(19, 31)",0,-0.08
124,28,"(19, 30)",0,-0.08
124,29,"(19, 29)",1,-0.08
124,30,"(20, 29)",0,-0.08
124,31,"(20, 28)",0,-0.08
124,32,"(20, 27)",1,-0.08
124,33,"(21, 27)",0,-0.08
124,34,"(21, 26)",0,-0.08
124,35,"(21, 25)",1,-0.08
124,36,"(22, 25)",1,-0.08
124,37,"(23, 25)",1,-0.08
124,38,"(24, 25)",1,-0.08
124,39,"(25, 25)",1,-0.08
124,40,"(26, 25)",1,-0.08
124,41,"(27, 25)",1,-0.08
124,42,"(28, 25)",1,-0.08
124,43,"(29, 25)",1,-0.08
124,44,"(30, 25)",1,-0.08
124,45,"(31, 25)",0,-0.08
124,46,"(31, 24)",0,-0.08
124,47,"(31, 23)",1,-0.08
124,48,"(32, 23)",1,-0.08
124,49,"(33, 23)",0,-0.08
124,50,"(33, 22)",0,-0.08
124,51,"(33, 21)",1,-0.08
124,52,"(34, 21)",1,-0.08
124,53,"(35, 21)",0,-0.08
124,54,"(35, 20)",0,-0.08
124,55,"(35, 19)",0,-0.08
124,56,"(35, 18)",0,-0.08
124,57,"(35, 17)",1,-0.08
124,58,"(36, 17)",1,-0.08
124,59,"(37, 17)",0,-0.08
124,60,"(37, 16)",0,-0.08
124,61,"(37, 15)",1,-0.08
124,62,"(38, 15)",1,-0.08
124,63,"(39, 15)",1,-0.08
124,64,"(40, 15)",1,-0.08
124,65,"(41, 15)",0,-0.08
124,66,"(41, 14)",0,-0.08
124,67,"(41, 13)",0,-0.08
124,68,"(41, 12)",0,-0.08
124,69,"(41, 11)",1,-0.08
124,70,"(42, 11)",1,-0.08
124,71,"(43, 11)",1,-0.08
124,72,"(44, 11)",1,-0.08
124,73,"(45, 11)",0,-0.08
124,74,"(45, 10)",1,-0.08
124,75,"(46, 10)",0,-0.08
124,76,"(46, 9)",0,-0.08
124,77,"(46, 8)",0,-0.08
124,78,"(46, 7)",1,-0.08
124,79,"(47, 7)",0,-0.08
124,80,"(47, 6)",1,-0.08
124,81,"(48, 6)",1,-0.08
124,82,"(49, 6)",0,-0.08
124,83,"(49, 5)",1,-0.08
124,84,"(50, 5)",1,-0.08
124,85,"(51, 5)",1,-0.08
124,86,"(52, 5)",1,-0.08
124,87,"(53, 5)",0,-0.08
124,88,"(53, 4)",0,-0.08
124,89,"(53, 3)",0,-0.08
124,90,"(53, 2)",0,-0.08
124,91,"(53, 1)",1,-0.08
124,92,"(54, 1)",1,-0.08
124,93,"(55, 1)",1,-0.08
124,94,"(56, 1)",1,-0.08
124,95,"(57, 1)",1,-0.08
124,96,"(58, 1)",1,-0.08
124,97,"(59, 1)",1,-0.08
124,98,"(60, 1)",1,-0.08
124,99,"(61, 1)",1,-0.08
124,100,"(62, 1)",1,-0.08
124,101,"(63, 1)",1,-0.08
124,102,"(64, 1)",1,-0.08
124,103,"(65, 1)",1,-0.08
124,104,"(66, 1)",1,-0.08
124,105,"(67, 1)",1,-0.08
124,106,"(68, 1)",1,-0.08
124,107,"(69, 1)",1,-0.08
124,108,"(70, 1)",1,-0.08
124,109,"(71, 1)",2,-0.08
124,110,"(71, 2)",2,-0.08
124,111,"(71, 3)",1,-0.08
124,112,"(72, 3)",1,-0.08
124,113,"(73, 3)",1,-0.08
124,114,"(74, 3)",1,-0.08
124,115,"(75, 3)",1,-0.08
124,116,"(76, 3)",1,-0.08
124,117,"(77, 3)",0,-0.08
124,118,"(77, 2)",0,-0.08
124,119,"(77, 1)",0,-0.08
124,120,"(77, 0)",1,-0.08
124,121,"(78, 0)",1,8.33
125,0,"(0, 39)",1,-0.08
125,1,"(1, 39)",1,-0.08
125,2,"(2, 39)",1,-0.08
125,3,"(3, 39)",1,-0.08
125,4,"(4, 39)",1,-0.08
125,5,"(5, 39)",1,-0.08
125,6,"(6, 39)",1,-0.08
125,7,"(7, 39)",1,-0.08
125,8,"(8, 39)",1,-0.08
125,9,"(9, 39)",1,-0.08
125,10,"(10, 39)",0,-0.08
125,11,"(10, 38)",0,-0.08
125,12,"(10, 37)",1,-0.08
125,13,"(11, 37)",1,-0.08
125,14,"(12, 37)",1,-0.08
125,15,"(13, 37)",1,-0.08
125,16,"(14, 37)",1,-0.08
125,17,"(15, 37)",0,-0.08
125,18,"(15, 36)",0,-0.08
125,19,"(15, 35)",0,-0.08
125,20,"(15, 34)",0,-0.08
125,21,"(15, 33)",1,-0.08
125,22,"(16, 33)",1,-0.08
125,23,"(17, 33)",1,-0.08
125,24,"(18, 33)",1,-0.08
125,25,"(19, 33)",0,-0.08
125,26,"(19, 32)",0,-0.08
125,27,"(19, 31)",0,-0.08
125,28,"(19, 30)",0,-0.08
125,29,"(19, 29)",1,-0.08
125,30,"(20, 29)",0,-0.08
125,31,"(20, 28)",0,-0.08
125,32,"(20, 27)",1,-0.08
125,33,"(21, 27)",0,-0.08
125,34,"(21, 26)",0,-0.08
125,35,"(21, 25)",1,-0.08
125,36,"(22, 25)",1,-0.08
125,37,"(23, 25)",1,-0.08
125,38,"(24, 25)",1,-0.08
125,39,"(25, 25)",0,-0.08
125,40,"(25, 24)",0,-0.08
125,41,"(25, 23)",0,-0.08
125,42,"(25, 22)",0,-0.08
125,43,"(25, 21)",0,-0.08
125,44,"(25, 20)",0,-0.08
125,45,"(25, 19)",1,-0.08
125,46,"(26, 19)",0,-0.08
125,47,"(26, 18)",1,-0.08
125,48,"(27, 18)",0,-0.08
125,49,"(27, 17)",1,-0.08
125,50,"(28, 17)",1,-0.08
125,51,"(29, 17)",0,-0.08
125,52,"(29, 16)",0,-0.08
125,53,"(29, 15)",1,-0.08
125,54,"(30, 15)",1,-0.08
125,55,"(31, 15)",0,-0.08
125,56,"(31, 14)",1,-0.08
125,57,"(32, 14)",0,-0.08
125,58,"(32, 13)",1,-0.08
125,59,"(33, 13)",1,-0.08
125,60,"(34, 13)",1,-0.08
125,61,"(35, 13)",1,-0.08
125,62,"(36, 13)",1,-0.08
125,63,"(37, 13)",1,-0.08
125,64,"(38, 13)",1,-0.08
125,65,"(39, 13)",0,-0.08
125,66,"(39, 12)",0,-0.08
125,67,"(39, 11)",1,-0.08
125,68,"(40, 11)",1,-0.08
125,69,"(41, 11)",1,-0.08
125,70,"(42, 11)",1,-0.08
125,71,"(43, 11)",1,-0.08
125,72,"(44, 11)",1,-0.08
125,73,"(45, 11)",0,-0.08
125,74,"(45, 10)",0,-0.08
125,75,"(45, 9)",1,-0.08
125,76,"(46, 9)",0,-0.08
125,77,"(46, 8)",0,-0.08
125,78,"(46, 7)",1,-0.08
125,79,"(47, 7)",0,-0.08
125,80,"(47, 6)",1,-0.08
125,81,"(48, 6)",1,-0.08
125,82,"(49, 6)",0,-0.08
125,83,"(49, 5)",1,-0.08
125,84,"(50, 5)",1,-0.08
125,85,"(51, 5)",1,-0.08
125,86,"(52, 5)",1,-0.08
125,87,"(53, 5)",0,-0.08
125,88,"(53, 4)",0,-0.08
125,89,"(53, 3)",1,-0.08
125,90,"(54, 3)",1,-0.08
125,91,"(55, 3)",1,-0.08
125,92,"(56, 3)",1,-0.08
125,93,"(57, 3)",0,-0.08
125,94,"(57, 2)",1,-0.08
125,95,"(58, 2)",0,-0.08
125,96,"(58, 1)",1,-0.08
125,97,"(59, 1)",1,-0.08
125,98,"(60, 1)",1,-0.08
125,99,"(61, 1)",1,-0.08
125,100,"(62, 1)",1,-0.08
125,101,"(63, 1)",1,-0.08
125,102,"(64, 1)",1,-0.08
125,103,"(65, 1)",1,-0.08
125,104,"(66, 1)",1,-0.08
125,105,"(67, 1)",1,-0.08
125,106,"(68, 1)",1,-0.08
125,107,"(69, 1)",1,-0.08
125,108,"(70, 1)",1,-0.08
125,109,"(71, 1)",2,-0.08
125,110,"(71, 2)",2,-0.08
125,111,"(71, 3)",1,-0.08
125,112,"(72, 3)",1,-0.08
125,113,"(73, 3)",0,-0.08
125,114,"(73, 2)",0,-0.08
125,115,"(73, 1)",0,-0.08
125,116,"(73, 0)",1,-0.08
125,117,"(74, 0)",1,-0.08
125,118,"(75, 0)",1,-0.08
125,119,"(76, 0)",1,-0.08
125,120,"(77, 0)",1,-0.08
125,121,"(78, 0)",1,8.33
126,0,"(0, 39)",1,-0.08
126,1,"(1, 39)",1,-0.08
126,2,"(2, 39)",1,-0.08
126,3,"(3, 39)",1,-0.08
126,4,"(4, 39)",1,-0.08
126,5,"(5, 39)",1,-0.08
126,6,"(6, 39)",1,-0.08
126,7,"(7, 39)",1,-0.08
126,8,"(8, 39)",1,-0.08
126,9,"(9, 39)",1,-0.08
126,10,"(10, 39)",1,-0.08
126,11,"(11, 39)",0,-0.08
126,12,"(11, 38)",0,-0.08
126,13,"(11, 37)",1,-0.08
126,14,"(12, 37)",1,-0.08
126,15,"(13, 37)",1,-0.08
126,16,"(14, 37)",1,-0.08
126,17,"(15, 37)",1,-0.08
126,18,"(16, 37)",1,-0.08
126,19,"(17, 37)",1,-0.08
126,20,"(18, 37)",1,-0.08
126,21,"(19, 37)",0,-0.08
126,22,"(19, 36)",0,-0.08
126,23,"(19, 35)",0,-0.08
126,24,"(19, 34)",0,-0.08
126,25,"(19, 33)",0,-0.08
126,26,"(19, 32)",0,-0.08
126,27,"(19, 31)",0,-0.08
126,28,"(19, 30)",0,-0.08
126,29,"(19, 29)",1,-0.08
126,30,"(20, 29)",0,-0.08
126,31,"(20, 28)",0,-0.08
126,32,"(20, 27)",1,-0.08
126,33,"(21, 27)",0,-0.08
126,34,"(21, 26)",1,-0.08
126,35,"(22, 26)",0,-0.08
126,36,"(22, 25)",1,-0.08
126,37,"(23, 25)",1,-0.08
126,38,"(24, 25)",1,-0.08
126,39,"(25, 25)",1,-0.08
126,40,"(26, 25)",1,-0.08
126,41,"(27, 25)",1,-0.08
126,42,"(28, 25)",1,-0.08
126,43,"(29, 25)",1,-0.08
126,44,"(30, 25)",1,-0.08
126,45,"(31, 25)",0,-0.08
126,46,"(31, 24)",0,-0.08
126,47,"(31, 23)",1,-0.08
126,48,"(32, 23)",1,-0.08
126,49,"(33, 23)",0,-0.08
126,50,"(33, 22)",0,-0.08
126,51,"(33, 21)",1,-0.08
126,52,"(34, 21)",1,-0.08
126,53,"(35, 21)",0,-0.08
126,54,"(35, 20)",0,-0.08
126,55,"(35, 19)",1,-0.08
126,56,"(36, 19)",1,-0.08
126,57,"(37, 19)",0,-0.08
126,58,"(37, 18)",0,-0.08
126,59,"(37, 17)",1,-0.08
126,60,"(38, 17)",1,-0.08
126,61,"(39, 17)",0,-0.08
126,62,"(39, 16)",0,-0.08
126,63,"(39, 15)",1,-0.08
126,64,"(40, 15)",0,-0.08
126,65,"(40, 14)",1,-0.08
126,66,"(41, 14)",0,-0.08
126,67,"(41, 13)",1,-0.08
126,68,"(42, 13)",1,-0.08
126,69,"(43, 13)",1,-0.08
126,70,"(44, 13)",1,-0.08
126,71,"(45, 13)",0,-0.08
126,72,"(45, 12)",0,-0.08
126,73,"(45, 11)",0,-0.08
126,74,"(45, 10)",0,-0.08
126,75,"(45, 9)",1,-0.08
126,76,"(46, 9)",0,-0.08
126,77,"(46, 8)",0,-0.08
126,78,"(46, 7)",1,-0.08
126,79,"(47, 7)",0,-0.08
126,80,"(47, 6)",1,-0.08
126,81,"(48, 6)",1,-0.08
126,82,"(49, 6)",0,-0.08
126,83,"(49, 5)",1,-0.08
126,84,"(50, 5)",1,-0.08
126,85,"(51, 5)",0,-0.08
126,86,"(51, 4)",0,-0.08
126,87,"(51, 3)",0,-0.08
126,88,"(51, 2)",1,-0.08
126,89,"(52, 2)",1,-0.08
126,90,"(53, 2)",0,-0.08
126,91,"(53, 1)",1,-0.08
126,92,"(54, 1)",1,-0.08
126,93,"(55, 1)",1,-0.08
126,94,"(56, 1)",1,-0.08
126,95,"(57, 1)",1,-0.08
126,96,"(58, 1)",1,-0.08
126,97,"(59, 1)",1,-0.08
126,98,"(60, 1)",1,-0.08
126,99,"(61, 1)",1,-0.08
126,100,"(62, 1)",1,-0.08
126,101,"(63, 1)",1,-0.08
126,102,"(64, 1)",1,-0.08
126,103,"(65, 1)",1,-0.08
126,104,"(66, 1)",1,-0.08
126,105,"(67, 1)",1,-0.08
126,106,"(68, 1)",1,-0.08
126,107,"(69, 1)",1,-0.08
126,108,"(70, 1)",1,-0.08
126,109,"(71, 1)",2,-0.08
126,110,"(71, 2)",2,-0.08
126,111,"(71, 3)",1,-0.08
126,112,"(72, 3)",1,-0.08
126,113,"(73, 3)",1,-0.08
126,114,"(74, 3)",1,-0.08
126,115,"(75, 3)",1,-0.08
126,116,"(76, 3)",1,-0.08
126,117,"(77, 3)",0,-0.08
126,118,"(77, 2)",0,-0.08
126,119,"(77, 1)",0,-0.08
126,120,"(77, 0)",1,-0.08
126,121,"(78, 0)",1,8.33
127,0,"(0, 39)",1,-0.08
127,1,"(1, 39)",1,-0.08
127,2,"(2, 39)",1,-0.08
127,3,"(3, 39)",1,-0.08
127,4,"(4, 39)",1,-0.08
127,5,"(5, 39)",1,-0.08
127,6,"(6, 39)",1,-0.08
127,7,"(7, 39)",1,-0.08
127,8,"(8, 39)",1,-0.08
127,9,"(9, 39)",1,-0.08
127,10,"(10, 39)",0,-0.08
127,11,"(10, 38)",1,-0.08
127,12,"(11, 38)",0,-0.08
127,13,"(11, 37)",1,-0.08
127,14,"(12, 37)",1,-0.08
127,15,"(13, 37)",1,-0.08
127,16,"(14, 37)",1,-0.08
127,17,"(15, 37)",1,-0.08
127,18,"(16, 37)",1,-0.08
127,19,"(17, 37)",1,-0.08
127,20,"(18, 37)",1,-0.08
127,21,"(19, 37)",0,-0.08
127,22,"(19, 36)",0,-0.08
127,23,"(19, 35)",0,-0.08
127,24,"(19, 34)",0,-0.08
127,25,"(19, 33)",0,-0.08
127,26,"(19, 32)",0,-0.08
127,27,"(19, 31)",0,-0.08
127,28,"(19, 30)",0,-0.08
127,29,"(19, 29)",1,-0.08
127,30,"(20, 29)",0,-0.08
127,31,"(20, 28)",0,-0.08
127,32,"(20, 27)",1,-0.08
127,33,"(21, 27)",0,-0.08
127,34,"(21, 26)",1,-0.08
127,35,"(22, 26)",0,-0.08
127,36,"(22, 25)",1,-0.08
127,37,"(23, 25)",1,-0.08
127,38,"(24, 25)",1,-0.08
127,39,"(25, 25)",1,-0.08
127,40,"(26, 25)",1,-0.08
127,41,"(27, 25)",1,-0.08
127,42,"(28, 25)",1,-0.08
127,43,"(29, 25)",1,-0.08
127,44,"(30, 25)",1,-0.08
127,45,"(31, 25)",0,-0.08
127,46,"(31, 24)",0,-0.08
127,47,"(31, 23)",1,-0.08
127,48,"(32, 23)",1,-0.08
127,49,"(33, 23)",0,-0.08
127,50,"(33, 22)",0,-0.08
127,51,"(33, 21)",1,-0.08
127,52,"(34, 21)",1,-0.08
127,53,"(35, 21)",0,-0.08
127,54,"(35, 20)",0,-0.08
127,55,"(35, 19)",0,-0.08
127,56,"(35, 18)",0,-0.08
127,57,"(35, 17)",0,-0.08
127,58,"(35, 16)",0,-0.08
127,59,"(35, 15)",0,-0.08
127,60,"(35, 14)",0,-0.08
127,61,"(35, 13)",1,-0.08
127,62,"(36, 13)",1,-0.08
127,63,"(37, 13)",1,-0.08
127,64,"(38, 13)",1,-0.08
127,65,"(39, 13)",1,-0.08
127,66,"(40, 13)",1,-0.08
127,67,"(41, 13)",1,-0.08
127,68,"(42, 13)",1,-0.08
127,69,"(43, 13)",1,-0.08
127,70,"(44, 13)",1,-0.08
127,71,"(45, 13)",0,-0.08
127,72,"(45, 12)",0,-0.08
127,73,"(45, 11)",0,-0.08
127,74,"(45, 10)",0,-0.08
127,75,"(45, 9)",1,-0.08
127,76,"(46, 9)",0,-0.08
127,77,"(46, 8)",0,-0.08
127,78,"(46, 7)",1,-0.08
127,79,"(47, 7)",0,-0.08
127,80,"(47, 6)",1,-0.08
127,81,"(48, 6)",1,-0.08
127,82,"(49, 6)",0,-0.08
127,83,"(49, 5)",1,-0.08
127,84,"(50, 5)",1,-0.08
127,85,"(51, 5)",1,-0.08
127,86,"(52, 5)",1,-0.08
127,87,"(53, 5)",0,-0.08
127,88,"(53, 4)",0,-0.08
127,89,"(53, 3)",0,-0.08
127,90,"(53, 2)",0,-0.08
127,91,"(53, 1)",1,-0.08
127,92,"(54, 1)",1,-0.08
127,93,"(55, 1)",1,-0.08
127,94,"(56, 1)",1,-0.08
127,95,"(57, 1)",1,-0.08
127,96,"(58, 1)",1,-0.08
127,97,"(59, 1)",1,-0.08
127,98,"(60, 1)",1,-0.08
127,99,"(61, 1)",1,-0.08
127,100,"(62, 1)",1,-0.08
127,101,"(63, 1)",1,-0.08
127,102,"(64, 1)",1,-0.08
127,103,"(65, 1)",1,-0.08
127,104,"(66, 1)",1,-0.08
127,105,"(67, 1)",1,-0.08
127,106,"(68, 1)",1,-0.08
127,107,"(69, 1)",1,-0.08
127,108,"(70, 1)",1,-0.08
127,109,"(71, 1)",2,-0.08
127,110,"(71, 2)",2,-0.08
127,111,"(71, 3)",1,-0.08
127,112,"(72, 3)",1,-0.08
127,113,"(73, 3)",0,-0.08
127,114,"(73, 2)",0,-0.08
127,115,"(73, 1)",1,-0.08
127,116,"(74, 1)",1,-0.08
127,117,"(75, 1)",1,-0.08
127,118,"(76, 1)",0,-0.08
127,119,"(76, 0)",1,-0.08
127,120,"(77, 0)",1,-0.08
127,121,"(78, 0)",1,8.33
128,0,"(0, 39)",1,-0.08
128,1,"(1, 39)",1,-0.08
128,2,"(2, 39)",1,-0.08
128,3,"(3, 39)",1,-0.08
128,4,"(4, 39)",1,-0.08
128,5,"(5, 39)",1,-0.08
128,6,"(6, 39)",1,-0.08
128,7,"(7, 39)",1,-0.08
128,8,"(8, 39)",1,-0.08
128,9,"(9, 39)",1,-0.08
128,10,"(10, 39)",1,-0.08
128,11,"(11, 39)",1,-0.08
128,12,"(12, 39)",1,-0.08
128,13,"(13, 39)",1,-0.08
128,14,"(14, 39)",0,-0.08
128,15,"(14, 38)",0,-0.08
128,16,"(14, 37)",1,-0.08
128,17,"(15, 37)",1,-0.08
128,18,"(16, 37)",1,-0.08
128,19,"(17, 37)",1,-0.08
128,20,"(18, 37)",1,-0.08
128,21,"(19, 37)",0,-0.08
128,22,"(19, 36)",0,-0.08
128,23,"(19, 35)",0,-0.08
128,24,"(19, 34)",0,-0.08
128,25,"(19, 33)",0,-0.08
128,26,"(19, 32)",0,-0.08
128,27,"(19, 31)",0,-0.08
128,28,"(19, 30)",0,-0.08
128,29,"(19, 29)",1,-0.08
128,30,"(20, 29)",0,-0.08
128,31,"(20, 28)",0,-0.08
128,32,"(20, 27)",1,-0.08
128,33,"(21, 27)",0,-0.08
128,34,"(21, 26)",1,-0.08
128,35,"(22, 26)",0,-0.08
128,36,"(22, 25)",0,-0.08
128,37,"(22, 24)",0,-0.08
128,38,"(22, 23)",1,-0.08
128,39,"(23, 23)",1,-0.08
128,40,"(24, 23)",1,-0.08
128,41,"(25, 23)",0,-0.08
128,42,"(25, 22)",0,-0.08
128,43,"(25, 21)",0,-0.08
128,44,"(25, 20)",0,-0.08
128,45,"(25, 19)",0,-0.08
128,46,"(25, 18)",1,-0.08
128,47,"(26, 18)",1,-0.08
128,48,"(27, 18)",0,-0.08
128,49,"(27, 17)",0,-0.08
128,50,"(27, 16)",1,-0.08
128,51,"(28, 16)",1,-0.08
128,52,"(29, 16)",0,-0.08
128,53,"(29, 15)",1,-0.08
128,54,"(30, 15)",1,-0.08
128,55,"(31, 15)",0,-0.08
128,56,"(31, 14)",0,-0.08
128,57,"(31, 13)",1,-0.08
128,58,"(32, 13)",1,-0.08
128,59,"(33, 13)",1,-0.08
128,60,"(34, 13)",1,-0.08
128,61,"(35, 13)",1,-0.08
128,62,"(36, 13)",1,-0.08
128,63,"(37, 13)",1,-0.08
128,64,"(38, 13)",1,-0.08
128,65,"(39, 13)",0,-0.08
128,66,"(39, 12)",0,-0.08
128,67,"(39, 11)",1,-0.08
128,68,"(40, 11)",1,-0.08
128,69,"(41, 11)",1,-0.08
128,70,"(42, 11)",1,-0.08
128,71,"(43, 11)",1,-0.08
128,72,"(44, 11)",1,-0.08
128,73,"(45, 11)",0,-0.08
128,74,"(45, 10)",1,-0.08
128,75,"(46, 10)",0,-0.08
128,76,"(46, 9)",0,-0.08
128,77,"(46, 8)",0,-0.08
128,78,"(46, 7)",0,-0.08
128,79,"(46, 6)",1,-0.08
128,80,"(47, 6)",1,-0.08
128,81,"(48, 6)",1,-0.08
128,82,"(49, 6)",0,-0.08
128,83,"(49, 5)",1,-0.08
128,84,"(50, 5)",1,-0.08
128,85,"(51, 5)",1,-0.08
128,86,"(52, 5)",1,-0.08
128,87,"(53, 5)",0,-0.08
128,88,"(53, 4)",0,-0.08
128,89,"(53, 3)",0,-0.08
128,90,"(53, 2)",0,-0.08
128,91,"(53, 1)",1,-0.08
128,92,"(54, 1)",1,-0.08
128,93,"(55, 1)",1,-0.08
128,94,"(56, 1)",1,-0.08
128,95,"(57, 1)",1,-0.08
128,96,"(58, 1)",1,-0.08
128,97,"(59, 1)",1,-0.08
128,98,"(60, 1)",1,-0.08
128,99,"(61, 1)",1,-0.08
128,100,"(62, 1)",1,-0.08
128,101,"(63, 1)",1,-0.08
128,102,"(64, 1)",1,-0.08
128,103,"(65, 1)",1,-0.08
128,104,"(66, 1)",1,-0.08
128,105,"(67, 1)",1,-0.08
128,106,"(68, 1)",1,-0.08
128,107,"(69, 1)",1,-0.08
128,108,"(70, 1)",1,-0.08
128,109,"(71, 1)",2,-0.08
128,110,"(71, 2)",2,-0.08
128,111,"(71, 3)",1,-0.08
128,112,"(72, 3)",1,-0.08
128,113,"(73, 3)",0,-0.08
128,114,"(73, 2)",0,-0.08
128,115,"(73, 1)",1,-0.08
128,116,"(74, 1)",1,-0.08
128,117,"(75, 1)",0,-0.08
128,118,"(75, 0)",1,-0.08
128,119,"(76, 0)",1,-0.08
128,120,"(77, 0)",1,-0.08
128,121,"(78, 0)",1,8.33
129,0,"(0, 39)",1,-0.08
129,1,"(1, 39)",1,-0.08
129,2,"(2, 39)",1,-0.08
129,3,"(3, 39)",1,-0.08
129,4,"(4, 39)",1,-0.08
129,5,"(5, 39)",1,-0.08
129,6,"(6, 39)",1,-0.08
129,7,"(7, 39)",1,-0.08
129,8,"(8, 39)",1,-0.08
129,9,"(9, 39)",1,-0.08
129,10,"(10, 39)",0,-0.08
129,11,"(10, 38)",1,-0.08
129,12,"(11, 38)",0,-0.08
129,13,"(11, 37)",1,-0.08
129,14,"(12, 37)",1,-0.08
129,15,"(13, 37)",1,-0.08
129,16,"(14, 37)",1,-0.08
129,17,"(15, 37)",1,-0.08
129,18,"(16, 37)",0,-0.08
129,19,"(16, 36)",1,-0.08
129,20,"(17, 36)",0,-0.08
129,21,"(17, 35)",0,-0.08
129,22,"(17, 34)",0,-0.08
129,23,"(17, 33)",1,-0.08
129,24,"(18, 33)",1,-0.08
129,25,"(19, 33)",0,-0.08
129,26,"(19, 32)",0,-0.08
129,27,"(19, 31)",0,-0.08
129,28,"(19, 30)",0,-0.08
129,29,"(19, 29)",1,-0.08
129,30,"(20, 29)",0,-0.08
129,31,"(20, 28)",0,-0.08
129,32,"(20, 27)",1,-0.08
129,33,"(21, 27)",0,-0.08
129,34,"(21, 26)",0,-0.08
129,35,"(21, 25)",1,-0.08
129,36,"(22, 25)",0,-0.08
129,37,"(22, 24)",0,-0.08
129,38,"(22, 23)",1,-0.08
129,39,"(23, 23)",1,-0.08
129,40,"(24, 23)",1,-0.08
129,41,"(25, 23)",0,-0.08
129,42,"(25, 22)",0,-0.08
129,43,"(25, 21)",1,-0.08
129,44,"(26, 21)",1,-0.08
129,45,"(27, 21)",0,-0.08
129,46,"(27, 20)",1,-0.08
129,47,"(28, 20)",0,-0.08
129,48,"(28, 19)",1,-0.08
129,49,"(29, 19)",1,-0.08
129,50,"(30, 19)",1,-0.08
129,51,"(31, 19)",1,-0.08
129,52,"(32, 19)",1,-0.08
129,53,"(33, 19)",1,-0.08
129,54,"(34, 19)",1,-0.08
129,55,"(35, 19)",1,-0.08
129,56,"(36, 19)",1,-0.08
129,57,"(37, 19)",0,-0.08
129,58,"(37, 18)",0,-0.08
129,59,"(37, 17)",1,-0.08
129,60,"(38, 17)",1,-0.08
129,61,"(39, 17)",0,-0.08
129,62,"(39, 16)",0,-0.08
129,63,"(39, 15)",1,-0.08
129,64,"(40, 15)",1,-0.08
129,65,"(41, 15)",0,-0.08
129,66,"(41, 14)",0,-0.08
129,67,"(41, 13)",1,-0.08
129,68,"(42, 13)",1,-0.08
129,69,"(43, 13)",1,-0.08
129,70,"(44, 13)",1,-0.08
129,71,"(45, 13)",0,-0.08
129,72,"(45, 12)",0,-0.08
129,73,"(45, 11)",0,-0.08
129,74,"(45, 10)",0,-0.08
129,75,"(45, 9)",0,-0.08
129,76,"(45, 8)",0,-0.08
129,77,"(45, 7)",1,-0.08
129,78,"(46, 7)",0,-0.08
129,79,"(46, 6)",1,-0.08
129,80,"(47, 6)",1,-0.08
129,81,"(48, 6)",1,-0.08
129,82,"(49, 6)",0,-0.08
129,83,"(49, 5)",1,-0.08
129,84,"(50, 5)",1,-0.08
129,85,"(51, 5)",0,-0.08
129,86,"(51, 4)",0,-0.08
129,87,"(51, 3)",0,-0.08
129,88,"(51, 2)",0,-0.08
129,89,"(51, 1)",1,-0.08
129,90,"(52, 1)",1,-0.08
129,91,"(53, 1)",1,-0.08
129,92,"(54, 1)",1,-0.08
129,93,"(55, 1)",1,-0.08
129,94,"(56, 1)",1,-0.08
129,95,"(57, 1)",1,-0.08
129,96,"(58, 1)",1,-0.08
129,97,"(59, 1)",1,-0.08
129,98,"(60, 1)",1,-0.08
129,99,"(61, 1)",1,-0.08
129,100,"(62, 1)",1,-0.08
129,101,"(63, 1)",1,-0.08
129,102,"(64, 1)",1,-0.08
129,103,"(65, 1)",1,-0.08
129,104,"(66, 1)",1,-0.08
129,105,"(67, 1)",1,-0.08
129,106,"(68, 1)",1,-0.08
129,107,"(69, 1)",1,-0.08
129,108,"(70, 1)",1,-0.08
129,109,"(71, 1)",2,-0.08
129,110,"(71, 2)",2,-0.08
129,111,"(71, 3)",1,-0.08
129,112,"(72, 3)",1,-0.08
129,113,"(73, 3)",1,-0.08
129,114,"(74, 3)",1,-0.08
129,115,"(75, 3)",1,-0.08
129,116,"(76, 3)",1,-0.08
129,117,"(77, 3)",0,-0.08
129,118,"(77, 2)",0,-0.08
129,119,"(77, 1)",1,-0.08
129,120,"(78, 1)",1,-0.08
129,121,"(79, 1)",0,8.33
130,0,"(0, 39)",1,-0.08
130,1,"(1, 39)",1,-0.08
130,2,"(2, 39)",1,-0.08
130,3,"(3, 39)",1,-0.08
130,4,"(4, 39)",1,-0.08
130,5,"(5, 39)",1,-0.08
130,6,"(6, 39)",1,-0.08
130,7,"(7, 39)",1,-0.08
130,8,"(8, 39)",1,-0.08
130,9,"(9, 39)",1,-0.08
130,10,"(10, 39)",1,-0.08
130,11,"(11, 39)",1,-0.08
130,12,"(12, 39)",1,-0.08
130,13,"(13, 39)",1,-0.08
130,14,"(14, 39)",0,-0.08
130,15,"(14, 38)",0,-0.08
130,16,"(14, 37)",1,-0.08
130,17,"(15, 37)",1,-0.08
130,18,"(16, 37)",1,-0.08
130,19,"(17, 37)",1,-0.08
130,20,"(18, 37)",1,-0.08
130,21,"(19, 37)",0,-0.08
130,22,"(19, 36)",0,-0.08
130,23,"(19, 35)",0,-0.08
130,24,"(19, 34)",0,-0.08
130,25,"(19, 33)",0,-0.08
130,26,"(19, 32)",0,-0.08
130,27,"(19, 31)",0,-0.08
130,28,"(19, 30)",0,-0.08
130,29,"(19, 29)",1,-0.08
130,30,"(20, 29)",0,-0.08
130,31,"(20, 28)",0,-0.08
130,32,"(20, 27)",1,-0.08
130,33,"(21, 27)",0,-0.08
130,34,"(21, 26)",0,-0.08
130,35,"(21, 25)",1,-0.08
130,36,"(22, 25)",1,-0.08
130,37,"(23, 25)",1,-0.08
130,38,"(24, 25)",1,-0.08
130,39,"(25, 25)",0,-0.08
130,40,"(25, 24)",0,-0.08
130,41,"(25, 23)",0,-0.08
130,42,"(25, 22)",0,-0.08
130,43,"(25, 21)",1,-0.08
130,44,"(26, 21)",1,-0.08
130,45,"(27, 21)",0,-0.08
130,46,"(27, 20)",0,-0.08
130,47,"(27, 19)",0,-0.08
130,48,"(27, 18)",0,-0.08
130,49,"(27, 17)",1,-0.08
130,50,"(28, 17)",0,-0.08
130,51,"(28, 16)",1,-0.08
130,52,"(29, 16)",0,-0.08
130,53,"(29, 15)",1,-0.08
130,54,"(30, 15)",1,-0.08
130,55,"(31, 15)",1,-0.08
130,56,"(32, 15)",0,-0.08
130,57,"(32, 14)",0,-0.08
130,58,"(32, 13)",1,-0.08
130,59,"(33, 13)",1,-0.08
130,60,"(34, 13)",1,-0.08
130,61,"(35, 13)",1,-0.08
130,62,"(36, 13)",1,-0.08
130,63,"(37, 13)",1,-0.08
130,64,"(38, 13)",1,-0.08
130,65,"(39, 13)",1,-0.08
130,66,"(40, 13)",1,-0.08
130,67,"(41, 13)",1,-0.08
130,68,"(42, 13)",1,-0.08
130,69,"(43, 13)",0,-0.08
130,70,"(43, 12)",0,-0.08
130,71,"(43, 11)",1,-0.08
130,72,"(44, 11)",1,-0.08
130,73,"(45, 11)",0,-0.08
130,74,"(45, 10)",1,-0.08
130,75,"(46, 10)",0,-0.08
130,76,"(46, 9)",0,-0.08
130,77,"(46, 8)",0,-0.08
130,78,"(46, 7)",0,-0.08
130,79,"(46, 6)",1,-0.08
130,80,"(47, 6)",1,-0.08
130,81,"(48, 6)",1,-0.08
130,82,"(49, 6)",0,-0.08
130,83,"(49, 5)",1,-0.08
130,84,"(50, 5)",1,-0.08
130,85,"(51, 5)",1,-0.08
130,86,"(52, 5)",1,-0.08
130,87,"(53, 5)",0,-0.08
130,88,"(53, 4)",0,-0.08
130,89,"(53, 3)",1,-0.08
130,90,"(54, 3)",1,-0.08
130,91,"(55, 3)",1,-0.08
130,92,"(56, 3)",0,-0.08
130,93,"(56, 2)",1,-0.08
130,94,"(57, 2)",1,-0.08
130,95,"(58, 2)",0,-0.08
130,96,"(58, 1)",1,-0.08
130,97,"(59, 1)",1,-0.08
130,98,"(60, 1)",1,-0.08
130,99,"(61, 1)",1,-0.08
130,100,"(62, 1)",1,-0.08
130,101,"(63, 1)",1,-0.08
130,102,"(64, 1)",1,-0.08
130,103,"(65, 1)",1,-0.08
130,104,"(66, 1)",1,-0.08
130,105,"(67, 1)",1,-0.08
130,106,"(68, 1)",1,-0.08
130,107,"(69, 1)",1,-0.08
130,108,"(70, 1)",1,-0.08
130,109,"(71, 1)",2,-0.08
130,110,"(71, 2)",2,-0.08
130,111,"(71, 3)",1,-0.08
130,112,"(72, 3)",1,-0.08
130,113,"(73, 3)",0,-0.08
130,114,"(73, 2)",0,-0.08
130,115,"(73, 1)",1,-0.08
130,116,"(74, 1)",1,-0.08
130,117,"(75, 1)",0,-0.08
130,118,"(75, 0)",1,-0.08
130,119,"(76, 0)",1,-0.08
130,120,"(77, 0)",1,-0.08
130,121,"(78, 0)",1,8.33
131,0,"(0, 39)",1,-0.08
131,1,"(1, 39)",1,-0.08
131,2,"(2, 39)",1,-0.08
131,3,"(3, 39)",1,-0.08
131,4,"(4, 39)",1,-0.08
131,5,"(5, 39)",1,-0.08
131,6,"(6, 39)",1,-0.08
131,7,"(7, 39)",1,-0.08
131,8,"(8, 39)",1,-0.08
131,9,"(9, 39)",1,-0.08
131,10,"(10, 39)",0,-0.08
131,11,"(10, 38)",1,-0.08
131,12,"(11, 38)",0,-0.08
131,13,"(11, 37)",1,-0.08
131,14,"(12, 37)",1,-0.08
131,15,"(13, 37)",1,-0.08
131,16,"(14, 37)",1,-0.08
131,17,"(15, 37)",0,-0.08
131,18,"(15, 36)",1,-0.08
131,19,"(16, 36)",1,-0.08
131,20,"(17, 36)",0,-0.08
131,21,"(17, 35)",0,-0.08
131,22,"(17, 34)",1,-0.08
131,23,"(18, 34)",0,-0.08
131,24,"(18, 33)",1,-0.08
131,25,"(19, 33)",0,-0.08
131,26,"(19, 32)",0,-0.08
131,27,"(19, 31)",0,-0.08
131,28,"(19, 30)",0,-0.08
131,29,"(19, 29)",1,-0.08
131,30,"(20, 29)",0,-0.08
131,31,"(20, 28)",0,-0.08
131,32,"(20, 27)",1,-0.08
131,33,"(21, 27)",0,-0.08
131,34,"(21, 26)",0,-0.08
131,35,"(21, 25)",1,-0.08
131,36,"(22, 25)",1,-0.08
131,37,"(23, 25)",1,-0.08
131,38,"(24, 25)",1,-0.08
131,39,"(25, 25)",1,-0.08
131,40,"(26, 25)",1,-0.08
131,41,"(27, 25)",1,-0.08
131,42,"(28, 25)",1,-0.08
131,43,"(29, 25)",1,-0.08
131,44,"(30, 25)",1,-0.08
131,45,"(31, 25)",0,-0.08
131,46,"(31, 24)",0,-0.08
131,47,"(31, 23)",1,-0.08
131,48,"(32, 23)",1,-0.08
131,49,"(33, 23)",0,-0.08
131,50,"(33, 22)",0,-0.08
131,51,"(33, 21)",1,-0.08
131,52,"(34, 21)",1,-0.08
131,53,"(35, 21)",1,-0.08
131,54,"(36, 21)",1,-0.08
131,55,"(37, 21)",1,-0.08
131,56,"(38, 21)",1,-0.08
131,57,"(39, 21)",1,-0.08
131,58,"(40, 21)",0,-0.08
131,59,"(40, 20)",1,-0.08
131,60,"(41, 20)",1,-0.08
131,61,"(42, 20)",1,-0.08
131,62,"(43, 20)",0,-0.08
131,63,"(43, 19)",1,-0.08
131,64,"(44, 19)",0,-0.08
131,65,"(44, 18)",0,-0.08
131,66,"(44, 17)",0,-0.08
131,67,"(44, 16)",0,-0.08
131,68,"(44, 15)",1,-0.08
131,69,"(45, 15)",0,-0.08
131,70,"(45, 14)",0,-0.08
131,71,"(45, 13)",0,-0.08
131,72,"(45, 12)",0,-0.08
131,73,"(45, 11)",0,-0.08
131,74,"(45, 10)",0,-0.08
131,75,"(45, 9)",1,-0.08
131,76,"(46, 9)",0,-0.08
131,77,"(46, 8)",0,-0.08
131,78,"(46, 7)",1,-0.08
131,79,"(47, 7)",0,-0.08
131,80,"(47, 6)",1,-0.08
131,81,"(48, 6)",1,-0.08
131,82,"(49, 6)",0,-0.08
131,83,"(49, 5)",1,-0.08
131,84,"(50, 5)",1,-0.08
131,85,"(51, 5)",1,-0.08
131,86,"(52, 5)",1,-0.08
131,87,"(53, 5)",0,-0.08
131,88,"(53, 4)",0,-0.08
131,89,"(53, 3)",0,-0.08
131,90,"(53, 2)",0,-0.08
131,91,"(53, 1)",1,-0.08
131,92,"(54, 1)",1,-0.08
131,93,"(55, 1)",1,-0.08
131,94,"(56, 1)",1,-0.08
131,95,"(57, 1)",1,-0.08
131,96,"(58, 1)",1,-0.08
131,97,"(59, 1)",1,-0.08
131,98,"(60, 1)",1,-0.08
131,99,"(61, 1)",1,-0.08
131,100,"(62, 1)",1,-0.08
131,101,"(63, 1)",1,-0.08
131,102,"(64, 1)",1,-0.08
131,103,"(65, 1)",1,-0.08
131,104,"(66, 1)",1,-0.08
131,105,"(67, 1)",1,-0.08
131,106,"(68, 1)",1,-0.08
131,107,"(69, 1)",1,-0.08
131,108,"(70, 1)",1,-0.08
131,109,"(71, 1)",2,-0.08
131,110,"(71, 2)",2,-0.08
131,111,"(71, 3)",1,-0.08
131,112,"(72, 3)",1,-0.08
131,113,"(73, 3)",1,-0.08
131,114,"(74, 3)",1,-0.08
131,115,"(75, 3)",1,-0.08
131,116,"(76, 3)",1,-0.08
131,117,"(77, 3)",0,-0.08
131,118,"(77, 2)",0,-0.08
131,119,"(77, 1)",0,-0.08
131,120,"(77, 0)",1,-0.08
131,121,"(78, 0)",1,8.33
132,0,"(0, 39)",1,-0.08
132,1,"(1, 39)",1,-0.08
132,2,"(2, 39)",1,-0.08
132,3,"(3, 39)",1,-0.08
132,4,"(4, 39)",1,-0.08
132,5,"(5, 39)",1,-0.08
132,6,"(6, 39)",1,-0.08
132,7,"(7, 39)",1,-0.08
132,8,"(8, 39)",1,-0.08
132,9,"(9, 39)",1,-0.08
132,10,"(10, 39)",0,-0.08
132,11,"(10, 38)",0,-0.08
132,12,"(10, 37)",1,-0.08
132,13,"(11, 37)",1,-0.08
132,14,"(12, 37)",1,-0.08
132,15,"(13, 37)",1,-0.08
132,16,"(14, 37)",1,-0.08
132,17,"(15, 37)",1,-0.08
132,18,"(16, 37)",0,-0.08
132,19,"(16, 36)",1,-0.08
132,20,"(17, 36)",0,-0.08
132,21,"(17, 35)",0,-0.08
132,22,"(17, 34)",1,-0.08
132,23,"(18, 34)",1,-0.08
132,24,"(19, 34)",0,-0.08
132,25,"(19, 33)",0,-0.08
132,26,"(19, 32)",0,-0.08
132,27,"(19, 31)",0,-0.08
132,28,"(19, 30)",0,-0.08
132,29,"(19, 29)",1,-0.08
132,30,"(20, 29)",0,-0.08
132,31,"(20, 28)",0,-0.08
132,32,"(20, 27)",1,-0.08
132,33,"(21, 27)",0,-0.08
132,34,"(21, 26)",0,-0.08
132,35,"(21, 25)",1,-0.08
132,36,"(22, 25)",1,-0.08
132,37,"(23, 25)",1,-0.08
132,38,"(24, 25)",1,-0.08
132,39,"(25, 25)",1,-0.08
132,40,"(26, 25)",1,-0.08
132,41,"(27, 25)",1,-0.08
132,42,"(28, 25)",1,-0.08
132,43,"(29, 25)",1,-0.08
132,44,"(30, 25)",1,-0.08
132,45,"(31, 25)",0,-0.08
132,46,"(31, 24)",0,-0.08
132,47,"(31, 23)",1,-0.08
132,48,"(32, 23)",1,-0.08
132,49,"(33, 23)",0,-0.08
132,50,"(33, 22)",0,-0.08
132,51,"(33, 21)",1,-0.08
132,52,"(34, 21)",1,-0.08
132,53,"(35, 21)",1,-0.08
132,54,"(36, 21)",1,-0.08
132,55,"(37, 21)",1,-0.08
132,56,"(38, 21)",1,-0.08
132,57,"(39, 21)",1,-0.08
132,58,"(40, 21)",0,-0.08
132,59,"(40, 20)",1,-0.08
132,60,"(41, 20)",1,-0.08
132,61,"(42, 20)",1,-0.08
132,62,"(43, 20)",0,-0.08
132,63,"(43, 19)",1,-0.08
132,64,"(44, 19)",0,-0.08
132,65,"(44, 18)",0,-0.08
132,66,"(44, 17)",0,-0.08
132,67,"(44, 16)",0,-0.08
132,68,"(44, 15)",1,-0.08
132,69,"(45, 15)",0,-0.08
132,70,"(45, 14)",0,-0.08
132,71,"(45, 13)",0,-0.08
132,72,"(45, 12)",0,-0.08
132,73,"(45, 11)",0,-0.08
132,74,"(45, 10)",0,-0.08
132,75,"(45, 9)",1,-0.08
132,76,"(46, 9)",0,-0.08
132,77,"(46, 8)",0,-0.08
132,78,"(46, 7)",1,-0.08
132,79,"(47, 7)",0,-0.08
132,80,"(47, 6)",1,-0.08
132,81,"(48, 6)",1,-0.08
132,82,"(49, 6)",0,-0.08
132,83,"(49, 5)",1,-0.08
132,84,"(50, 5)",1,-0.08
132,85,"(51, 5)",1,-0.08
132,86,"(52, 5)",1,-0.08
132,87,"(53, 5)",0,-0.08
132,88,"(53, 4)",0,-0.08
132,89,"(53, 3)",0,-0.08
132,90,"(53, 2)",0,-0.08
132,91,"(53, 1)",1,-0.08
132,92,"(54, 1)",1,-0.08
132,93,"(55, 1)",1,-0.08
132,94,"(56, 1)",1,-0.08
132,95,"(57, 1)",1,-0.08
132,96,"(58, 1)",1,-0.08
132,97,"(59, 1)",1,-0.08
132,98,"(60, 1)",1,-0.08
132,99,"(61, 1)",1,-0.08
132,100,"(62, 1)",1,-0.08
132,101,"(63, 1)",1,-0.08
132,102,"(64, 1)",1,-0.08
132,103,"(65, 1)",1,-0.08
132,104,"(66, 1)",1,-0.08
132,105,"(67, 1)",1,-0.08
132,106,"(68, 1)",1,-0.08
132,107,"(69, 1)",1,-0.08
132,108,"(70, 1)",1,-0.08
132,109,"(71, 1)",2,-0.08
132,110,"(71, 2)",2,-0.08
132,111,"(71, 3)",1,-0.08
132,112,"(72, 3)",1,-0.08
132,113,"(73, 3)",0,-0.08
132,114,"(73, 2)",0,-0.08
132,115,"(73, 1)",0,-0.08
132,116,"(73, 0)",1,-0.08
132,117,"(74, 0)",1,-0.08
132,118,"(75, 0)",1,-0.08
132,119,"(76, 0)",1,-0.08
132,120,"(77, 0)",1,-0.08
132,121,"(78, 0)",1,8.33
133,0,"(0, 39)",1,-0.08
133,1,"(1, 39)",1,-0.08
133,2,"(2, 39)",1,-0.08
133,3,"(3, 39)",1,-0.08
133,4,"(4, 39)",1,-0.08
133,5,"(5, 39)",1,-0.08
133,6,"(6, 39)",1,-0.08
133,7,"(7, 39)",1,-0.08
133,8,"(8, 39)",1,-0.08
133,9,"(9, 39)",1,-0.08
133,10,"(10, 39)",0,-0.08
133,11,"(10, 38)",0,-0.08
133,12,"(10, 37)",1,-0.08
133,13,"(11, 37)",1,-0.08
133,14,"(12, 37)",1,-0.08
133,15,"(13, 37)",1,-0.08
133,16,"(14, 37)",1,-0.08
133,17,"(15, 37)",0,-0.08
133,18,"(15, 36)",0,-0.08
133,19,"(15, 35)",0,-0.08
133,20,"(15, 34)",0,-0.08
133,21,"(15, 33)",1,-0.08
133,22,"(16, 33)",1,-0.08
133,23,"(17, 33)",1,-0.08
133,24,"(18, 33)",1,-0.08
133,25,"(19, 33)",0,-0.08
133,26,"(19, 32)",0,-0.08
133,27,"(19, 31)",0,-0.08
133,28,"(19, 30)",0,-0.08
133,29,"(19, 29)",1,-0.08
133,30,"(20, 29)",0,-0.08
133,31,"(20, 28)",0,-0.08
133,32,"(20, 27)",1,-0.08
133,33,"(21, 27)",0,-0.08
133,34,"(21, 26)",0,-0.08
133,35,"(21, 25)",1,-0.08
133,36,"(22, 25)",0,-0.08
133,37,"(22, 24)",0,-0.08
133,38,"(22, 23)",1,-0.08
133,39,"(23, 23)",1,-0.08
133,40,"(24, 23)",1,-0.08
133,41,"(25, 23)",0,-0.08
133,42,"(25, 22)",0,-0.08
133,43,"(25, 21)",1,-0.08
133,44,"(26, 21)",1,-0.08
133,45,"(27, 21)",0,-0.08
133,46,"(27, 20)",1,-0.08
133,47,"(28, 20)",0,-0.08
133,48,"(28, 19)",1,-0.08
133,49,"(29, 19)",1,-0.08
133,50,"(30, 19)",1,-0.08
133,51,"(31, 19)",1,-0.08
133,52,"(32, 19)",1,-0.08
133,53,"(33, 19)",1,-0.08
133,54,"(34, 19)",1,-0.08
133,55,"(35, 19)",0,-0.08
133,56,"(35, 18)",0,-0.08
133,57,"(35, 17)",0,-0.08
133,58,"(35, 16)",0,-0.08
133,59,"(35, 15)",0,-0.08
133,60,"(35, 14)",0,-0.08
133,61,"(35, 13)",1,-0.08
133,62,"(36, 13)",1,-0.08
133,63,"(37, 13)",1,-0.08
133,64,"(38, 13)",1,-0.08
133,65,"(39, 13)",0,-0.08
133,66,"(39, 12)",0,-0.08
133,67,"(39, 11)",1,-0.08
133,68,"(40, 11)",1,-0.08
133,69,"(41, 11)",1,-0.08
133,70,"(42, 11)",1,-0.08
133,71,"(43, 11)",1,-0.08
133,72,"(44, 11)",1,-0.08
133,73,"(45, 11)",0,-0.08
133,74,"(45, 10)",0,-0.08
133,75,"(45, 9)",1,-0.08
133,76,"(46, 9)",0,-0.08
133,77,"(46, 8)",0,-0.08
133,78,"(46, 7)",1,-0.08
133,79,"(47, 7)",0,-0.08
133,80,"(47, 6)",1,-0.08
133,81,"(48, 6)",1,-0.08
133,82,"(49, 6)",0,-0.08
133,83,"(49, 5)",1,-0.08
133,84,"(50, 5)",1,-0.08
133,85,"(51, 5)",0,-0.08
133,86,"(51, 4)",0,-0.08
133,87,"(51, 3)",0,-0.08
133,88,"(51, 2)",0,-0.08
133,89,"(51, 1)",1,-0.08
133,90,"(52, 1)",1,-0.08
133,91,"(53, 1)",1,-0.08
133,92,"(54, 1)",1,-0.08
133,93,"(55, 1)",1,-0.08
133,94,"(56, 1)",1,-0.08
133,95,"(57, 1)",1,-0.08
133,96,"(58, 1)",1,-0.08
133,97,"(59, 1)",1,-0.08
133,98,"(60, 1)",1,-0.08
133,99,"(61, 1)",1,-0.08
133,100,"(62, 1)",1,-0.08
133,101,"(63, 1)",1,-0.08
133,102,"(64, 1)",1,-0.08
133,103,"(65, 1)",1,-0.08
133,104,"(66, 1)",1,-0.08
133,105,"(67, 1)",1,-0.08
133,106,"(68, 1)",1,-0.08
133,107,"(69, 1)",1,-0.08
133,108,"(70, 1)",1,-0.08
133,109,"(71, 1)",2,-0.08
133,110,"(71, 2)",2,-0.08
133,111,"(71, 3)",1,-0.08
133,112,"(72, 3)",1,-0.08
133,113,"(73, 3)",0,-0.08
133,114,"(73, 2)",0,-0.08
133,115,"(73, 1)",0,-0.08
133,116,"(73, 0)",1,-0.08
133,117,"(74, 0)",1,-0.08
133,118,"(75, 0)",1,-0.08
133,119,"(76, 0)",1,-0.08
133,120,"(77, 0)",1,-0.08
133,121,"(78, 0)",1,8.33
134,0,"(0, 39)",1,-0.08
134,1,"(1, 39)",1,-0.08
134,2,"(2, 39)",1,-0.08
134,3,"(3, 39)",1,-0.08
134,4,"(4, 39)",1,-0.08
134,5,"(5, 39)",1,-0.08
134,6,"(6, 39)",1,-0.08
134,7,"(7, 39)",1,-0.08
134,8,"(8, 39)",1,-0.08
134,9,"(9, 39)",1,-0.08
134,10,"(10, 39)",1,-0.08
134,11,"(11, 39)",1,-0.08
134,12,"(12, 39)",1,-0.08
134,13,"(13, 39)",1,-0.08
134,14,"(14, 39)",0,-0.08
134,15,"(14, 38)",0,-0.08
134,16,"(14, 37)",1,-0.08
134,17,"(15, 37)",1,-0.08
134,18,"(16, 37)",1,-0.08
134,19,"(17, 37)",1,-0.08
134,20,"(18, 37)",1,-0.08
134,21,"(19, 37)",0,-0.08
134,22,"(19, 36)",0,-0.08
134,23,"(19, 35)",0,-0.08
134,24,"(19, 34)",0,-0.08
134,25,"(19, 33)",0,-0.08
134,26,"(19, 32)",0,-0.08
134,27,"(19, 31)",0,-0.08
134,28,"(19, 30)",0,-0.08
134,29,"(19, 29)",1,-0.08
134,30,"(20, 29)",0,-0.08
134,31,"(20, 28)",0,-0.08
134,32,"(20, 27)",1,-0.08
134,33,"(21, 27)",0,-0.08
134,34,"(21, 26)",1,-0.08
134,35,"(22, 26)",1,-0.08
134,36,"(23, 26)",0,-0.08
134,37,"(23, 25)",1,-0.08
134,38,"(24, 25)",1,-0.08
134,39,"(25, 25)",0,-0.08
134,40,"(25, 24)",0,-0.08
134,41,"(25, 23)",0,-0.08
134,42,"(25, 22)",0,-0.08
134,43,"(25, 21)",1,-0.08
134,44,"(26, 21)",1,-0.08
134,45,"(27, 21)",0,-0.08
134,46,"(27, 20)",0,-0.08
134,47,"(27, 19)",1,-0.08
134,48,"(28, 19)",1,-0.08
134,49,"(29, 19)",1,-0.08
134,50,"(30, 19)",1,-0.08
134,51,"(31, 19)",1,-0.08
134,52,"(32, 19)",1,-0.08
134,53,"(33, 19)",1,-0.08
134,54,"(34, 19)",1,-0.08
134,55,"(35, 19)",0,-0.08
134,56,"(35, 18)",0,-0.08
134,57,"(35, 17)",1,-0.08
134,58,"(36, 17)",1,-0.08
134,59,"(37, 17)",0,-0.08
134,60,"(37, 16)",0,-0.08
134,61,"(37, 15)",1,-0.08
134,62,"(38, 15)",1,-0.08
134,63,"(39, 15)",1,-0.08
134,64,"(40, 15)",1,-0.08
134,65,"(41, 15)",0,-0.08
134,66,"(41, 14)",0,-0.08
134,67,"(41, 13)",0,-0.08
134,68,"(41, 12)",0,-0.08
134,69,"(41, 11)",1,-0.08
134,70,"(42, 11)",1,-0.08
134,71,"(43, 11)",1,-0.08
134,72,"(44, 11)",1,-0.08
134,73,"(45, 11)",0,-0.08
134,74,"(45, 10)",1,-0.08
134,75,"(46, 10)",0,-0.08
134,76,"(46, 9)",0,-0.08
134,77,"(46, 8)",0,-0.08
134,78,"(46, 7)",0,-0.08
134,79,"(46, 6)",1,-0.08
134,80,"(47, 6)",1,-0.08
134,81,"(48, 6)",1,-0.08
134,82,"(49, 6)",0,-0.08
134,83,"(49, 5)",1,-0.08
134,84,"(50, 5)",1,-0.08
134,85,"(51, 5)",1,-0.08
134,86,"(52, 5)",1,-0.08
134,87,"(53, 5)",0,-0.08
134,88,"(53, 4)",0,-0.08
134,89,"(53, 3)",1,-0.08
134,90,"(54, 3)",1,-0.08
134,91,"(55, 3)",1,-0.08
134,92,"(56, 3)",0,-0.08
134,93,"(56, 2)",1,-0.08
134,94,"(57, 2)",0,-0.08
134,95,"(57, 1)",1,-0.08
134,96,"(58, 1)",1,-0.08
134,97,"(59, 1)",1,-0.08
134,98,"(60, 1)",1,-0.08
134,99,"(61, 1)",1,-0.08
134,100,"(62, 1)",1,-0.08
134,101,"(63, 1)",1,-0.08
134,102,"(64, 1)",1,-0.08
134,103,"(65, 1)",1,-0.08
134,104,"(66, 1)",1,-0.08
134,105,"(67, 1)",1,-0.08
134,106,"(68, 1)",1,-0.08
134,107,"(69, 1)",1,-0.08
134,108,"(70, 1)",1,-0.08
134,109,"(71, 1)",2,-0.08
134,110,"(71, 2)",2,-0.08
134,111,"(71, 3)",1,-0.08
134,112,"(72, 3)",1,-0.08
134,113,"(73, 3)",1,-0.08
134,114,"(74, 3)",1,-0.08
134,115,"(75, 3)",1,-0.08
134,116,"(76, 3)",1,-0.08
134,117,"(77, 3)",0,-0.08
134,118,"(77, 2)",0,-0.08
134,119,"(77, 1)",1,-0.08
134,120,"(78, 1)",1,-0.08
134,121,"(79, 1)",0,8.33
135,0,"(0, 39)",1,-0.08
135,1,"(1, 39)",1,-0.08
135,2,"(2, 39)",1,-0.08
135,3,"(3, 39)",1,-0.08
135,4,"(4, 39)",1,-0.08
135,5,"(5, 39)",1,-0.08
135,6,"(6, 39)",1,-0.08
135,7,"(7, 39)",1,-0.08
135,8,"(8, 39)",1,-0.08
135,9,"(9, 39)",1,-0.08
135,10,"(10, 39)",1,-0.08
135,11,"(11, 39)",1,-0.08
135,12,"(12, 39)",1,-0.08
135,13,"(13, 39)",1,-0.08
135,14,"(14, 39)",0,-0.08
135,15,"(14, 38)",0,-0.08
135,16,"(14, 37)",1,-0.08
135,17,"(15, 37)",1,-0.08
135,18,"(16, 37)",1,-0.08
135,19,"(17, 37)",0,-0.08
135,20,"(17, 36)",0,-0.08
135,21,"(17, 35)",0,-0.08
135,22,"(17, 34)",1,-0.08
135,23,"(18, 34)",1,-0.08
135,24,"(19, 34)",0,-0.08
135,25,"(19, 33)",0,-0.08
135,26,"(19, 32)",0,-0.08
135,27,"(19, 31)",0,-0.08
135,28,"(19, 30)",0,-0.08
135,29,"(19, 29)",1,-0.08
135,30,"(20, 29)",0,-0.08
135,31,"(20, 28)",0,-0.08
135,32,"(20, 27)",1,-0.08
135,33,"(21, 27)",0,-0.08
135,34,"(21, 26)",0,-0.08
135,35,"(21, 25)",1,-0.08
135,36,"(22, 25)",0,-0.08
135,37,"(22, 24)",0,-0.08
135,38,"(22, 23)",1,-0.08
135,39,"(23, 23)",1,-0.08
135,40,"(24, 23)",1,-0.08
135,41,"(25, 23)",0,-0.08
135,42,"(25, 22)",0,-0.08
135,43,"(25, 21)",0,-0.08
135,44,"(25, 20)",0,-0.08
135,45,"(25, 19)",1,-0.08
135,46,"(26, 19)",0,-0.08
135,47,"(26, 18)",1,-0.08
135,48,"(27, 18)",0,-0.08
135,49,"(27, 17)",0,-0.08
135,50,"(27, 16)",1,-0.08
135,51,"(28, 16)",1,-0.08
135,52,"(29, 16)",0,-0.08
135,53,"(29, 15)",1,-0.08
135,54,"(30, 15)",1,-0.08
135,55,"(31, 15)",1,-0.08
135,56,"(32, 15)",0,-0.08
135,57,"(32, 14)",0,-0.08
135,58,"(32, 13)",1,-0.08
135,59,"(33, 13)",1,-0.08
135,60,"(34, 13)",1,-0.08
135,61,"(35, 13)",1,-0.08
135,62,"(36, 13)",1,-0.08
135,63,"(37, 13)",1,-0.08
135,64,"(38, 13)",1,-0.08
135,65,"(39, 13)",0,-0.08
135,66,"(39, 12)",0,-0.08
135,67,"(39, 11)",1,-0.08
135,68,"(40, 11)",1,-0.08
135,69,"(41, 11)",1,-0.08
135,70,"(42, 11)",1,-0.08
135,71,"(43, 11)",1,-0.08
135,72,"(44, 11)",1,-0.08
135,73,"(45, 11)",0,-0.08
135,74,"(45, 10)",1,-0.08
135,75,"(46, 10)",0,-0.08
135,76,"(46, 9)",0,-0.08
135,77,"(46, 8)",0,-0.08
135,78,"(46, 7)",0,-0.08
135,79,"(46, 6)",1,-0.08
135,80,"(47, 6)",1,-0.08
135,81,"(48, 6)",1,-0.08
135,82,"(49, 6)",0,-0.08
135,83,"(49, 5)",1,-0.08
135,84,"(50, 5)",1,-0.08
135,85,"(51, 5)",0,-0.08
135,86,"(51, 4)",0,-0.08
135,87,"(51, 3)",0,-0.08
135,88,"(51, 2)",1,-0.08
135,89,"(52, 2)",0,-0.08
135,90,"(52, 1)",1,-0.08
135,91,"(53, 1)",1,-0.08
135,92,"(54, 1)",1,-0.08
135,93,"(55, 1)",1,-0.08
135,94,"(56, 1)",1,-0.08
135,95,"(57, 1)",1,-0.08
135,96,"(58, 1)",1,-0.08
135,97,"(59, 1)",1,-0.08
135,98,"(60, 1)",1,-0.08
135,99,"(61, 1)",1,-0.08
135,100,"(62, 1)",1,-0.08
135,101,"(63, 1)",1,-0.08
135,102,"(64, 1)",1,-0.08
135,103,"(65, 1)",1,-0.08
135,104,"(66, 1)",1,-0.08
135,105,"(67, 1)",1,-0.08
135,106,"(68, 1)",1,-0.08
135,107,"(69, 1)",1,-0.08
135,108,"(70, 1)",1,-0.08
135,109,"(71, 1)",2,-0.08
135,110,"(71, 2)",2,-0.08
135,111,"(71, 3)",1,-0.08
135,112,"(72, 3)",1,-0.08
135,113,"(73, 3)",0,-0.08
135,114,"(73, 2)",0,-0.08
135,115,"(73, 1)",1,-0.08
135,116,"(74, 1)",0,-0.08
135,117,"(74, 0)",1,-0.08
135,118,"(75, 0)",1,-0.08
135,119,"(76, 0)",1,-0.08
135,120,"(77, 0)",1,-0.08
135,121,"(78, 0)",1,8.33
136,0,"(0, 39)",1,-0.08
136,1,"(1, 39)",1,-0.08
136,2,"(2, 39)",1,-0.08
136,3,"(3, 39)",1,-0.08
136,4,"(4, 39)",1,-0.08
136,5,"(5, 39)",1,-0.08
136,6,"(6, 39)",1,-0.08
136,7,"(7, 39)",1,-0.08
136,8,"(8, 39)",1,-0.08
136,9,"(9, 39)",1,-0.08
136,10,"(10, 39)",1,-0.08
136,11,"(11, 39)",1,-0.08
136,12,"(12, 39)",1,-0.08
136,13,"(13, 39)",1,-0.08
136,14,"(14, 39)",0,-0.08
136,15,"(14, 38)",0,-0.08
136,16,"(14, 37)",1,-0.08
136,17,"(15, 37)",0,-0.08
136,18,"(15, 36)",1,-0.08
136,19,"(16, 36)",1,-0.08
136,20,"(17, 36)",0,-0.08
136,21,"(17, 35)",0,-0.08
136,22,"(17, 34)",0,-0.08
136,23,"(17, 33)",1,-0.08
136,24,"(18, 33)",1,-0.08
136,25,"(19, 33)",0,-0.08
136,26,"(19, 32)",0,-0.08
136,27,"(19, 31)",0,-0.08
136,28,"(19, 30)",0,-0.08
136,29,"(19, 29)",1,-0.08
136,30,"(20, 29)",0,-0.08
136,31,"(20, 28)",0,-0.08
136,32,"(20, 27)",1,-0.08
136,33,"(21, 27)",0,-0.08
136,34,"(21, 26)",1,-0.08
136,35,"(22, 26)",1,-0.08
136,36,"(23, 26)",0,-0.08
136,37,"(23, 25)",1,-0.08
136,38,"(24, 25)",1,-0.08
136,39,"(25, 25)",0,-0.08
136,40,"(25, 24)",0,-0.08
136,41,"(25, 23)",0,-0.08
136,42,"(25, 22)",0,-0.08
136,43,"(25, 21)",1,-0.08
136,44,"(26, 21)",1,-0.08
136,45,"(27, 21)",0,-0.08
136,46,"(27, 20)",1,-0.08
136,47,"(28, 20)",0,-0.08
136,48,"(28, 19)",1,-0.08
136,49,"(29, 19)",1,-0.08
136,50,"(30, 19)",1,-0.08
136,51,"(31, 19)",0,-0.08
136,52,"(31, 18)",0,-0.08
136,53,"(31, 17)",1,-0.08
136,54,"(32, 17)",1,-0.08
136,55,"(33, 17)",1,-0.08
136,56,"(34, 17)",1,-0.08
136,57,"(35, 17)",1,-0.08
136,58,"(36, 17)",1,-0.08
136,59,"(37, 17)",0,-0.08
136,60,"(37, 16)",0,-0.08
136,61,"(37, 15)",0,-0.08
136,62,"(37, 14)",0,-0.08
136,63,"(37, 13)",1,-0.08
136,64,"(38, 13)",1,-0.08
136,65,"(39, 13)",1,-0.08
136,66,"(40, 13)",1,-0.08
136,67,"(41, 13)",1,-0.08
136,68,"(42, 13)",1,-0.08
136,69,"(43, 13)",0,-0.08
136,70,"(43, 12)",0,-0.08
136,71,"(43, 11)",1,-0.08
136,72,"(44, 11)",1,-0.08
136,73,"(45, 11)",0,-0.08
136,74,"(45, 10)",1,-0.08
136,75,"(46, 10)",0,-0.08
136,76,"(46, 9)",0,-0.08
136,77,"(46, 8)",0,-0.08
136,78,"(46, 7)",1,-0.08
136,79,"(47, 7)",0,-0.08
136,80,"(47, 6)",1,-0.08
136,81,"(48, 6)",1,-0.08
136,82,"(49, 6)",0,-0.08
136,83,"(49, 5)",1,-0.08
136,84,"(50, 5)",1,-0.08
136,85,"(51, 5)",1,-0.08
136,86,"(52, 5)",1,-0.08
136,87,"(53, 5)",0,-0.08
136,88,"(53, 4)",0,-0.08
136,89,"(53, 3)",1,-0.08
136,90,"(54, 3)",1,-0.08
136,91,"(55, 3)",1,-0.08
136,92,"(56, 3)",0,-0.08
136,93,"(56, 2)",0,-0.08
136,94,"(56, 1)",1,-0.08
136,95,"(57, 1)",1,-0.08
136,96,"(58, 1)",1,-0.08
136,97,"(59, 1)",1,-0.08
136,98,"(60, 1)",1,-0.08
136,99,"(61, 1)",1,-0.08
136,100,"(62, 1)",1,-0.08
136,101,"(63, 1)",1,-0.08
136,102,"(64, 1)",1,-0.08
136,103,"(65, 1)",1,-0.08
136,104,"(66, 1)",1,-0.08
136,105,"(67, 1)",1,-0.08
136,106,"(68, 1)",1,-0.08
136,107,"(69, 1)",1,-0.08
136,108,"(70, 1)",1,-0.08
136,109,"(71, 1)",2,-0.08
136,110,"(71, 2)",2,-0.08
136,111,"(71, 3)",1,-0.08
136,112,"(72, 3)",1,-0.08
136,113,"(73, 3)",0,-0.08
136,114,"(73, 2)",0,-0.08
136,115,"(73, 1)",1,-0.08
136,116,"(74, 1)",0,-0.08
136,117,"(74, 0)",1,-0.08
136,118,"(75, 0)",1,-0.08
136,119,"(76, 0)",1,-0.08
136,120,"(77, 0)",1,-0.08
136,121,"(78, 0)",1,8.33
137,0,"(0, 39)",1,-0.08
137,1,"(1, 39)",1,-0.08
137,2,"(2, 39)",1,-0.08
137,3,"(3, 39)",1,-0.08
137,4,"(4, 39)",1,-0.08
137,5,"(5, 39)",1,-0.08
137,6,"(6, 39)",1,-0.08
137,7,"(7, 39)",1,-0.08
137,8,"(8, 39)",1,-0.08
137,9,"(9, 39)",1,-0.08
137,10,"(10, 39)",0,-0.08
137,11,"(10, 38)",0,-0.08
137,12,"(10, 37)",1,-0.08
137,13,"(11, 37)",1,-0.08
137,14,"(12, 37)",1,-0.08
137,15,"(13, 37)",1,-0.08
137,16,"(14, 37)",1,-0.08
137,17,"(15, 37)",1,-0.08
137,18,"(16, 37)",1,-0.08
137,19,"(17, 37)",1,-0.08
137,20,"(18, 37)",1,-0.08
137,21,"(19, 37)",0,-0.08
137,22,"(19, 36)",0,-0.08
137,23,"(19, 35)",0,-0.08
137,24,"(19, 34)",0,-0.08
137,25,"(19, 33)",0,-0.08
137,26,"(19, 32)",0,-0.08
137,27,"(19, 31)",0,-0.08
137,28,"(19, 30)",0,-0.08
137,29,"(19, 29)",1,-0.08
137,30,"(20, 29)",0,-0.08
137,31,"(20, 28)",0,-0.08
137,32,"(20, 27)",1,-0.08
137,33,"(21, 27)",0,-0.08
137,34,"(21, 26)",1,-0.08
137,35,"(22, 26)",1,-0.08
137,36,"(23, 26)",1,-0.08
137,37,"(24, 26)",0,-0.08
137,38,"(24, 25)",1,-0.08
137,39,"(25, 25)",1,-0.08
137,40,"(26, 25)",1,-0.08
137,41,"(27, 25)",1,-0.08
137,42,"(28, 25)",1,-0.08
137,43,"(29, 25)",1,-0.08
137,44,"(30, 25)",1,-0.08
137,45,"(31, 25)",0,-0.08
137,46,"(31, 24)",0,-0.08
137,47,"(31, 23)",1,-0.08
137,48,"(32, 23)",1,-0.08
137,49,"(33, 23)",0,-0.08
137,50,"(33, 22)",0,-0.08
137,51,"(33, 21)",1,-0.08
137,52,"(34, 21)",1,-0.08
137,53,"(35, 21)",0,-0.08
137,54,"(35, 20)",0,-0.08
137,55,"(35, 19)",1,-0.08
137,56,"(36, 19)",1,-0.08
137,57,"(37, 19)",0,-0.08
137,58,"(37, 18)",0,-0.08
137,59,"(37, 17)",0,-0.08
137,60,"(37, 16)",0,-0.08
137,61,"(37, 15)",1,-0.08
137,62,"(38, 15)",0,-0.08
137,63,"(38, 14)",0,-0.08
137,64,"(38, 13)",1,-0.08
137,65,"(39, 13)",1,-0.08
137,66,"(40, 13)",1,-0.08
137,67,"(41, 13)",0,-0.08
137,68,"(41, 12)",0,-0.08
137,69,"(41, 11)",1,-0.08
137,70,"(42, 11)",1,-0.08
137,71,"(43, 11)",1,-0.08
137,72,"(44, 11)",1,-0.08
137,73,"(45, 11)",0,-0.08
137,74,"(45, 10)",1,-0.08
137,75,"(46, 10)",0,-0.08
137,76,"(46, 9)",0,-0.08
137,77,"(46, 8)",0,-0.08
137,78,"(46, 7)",1,-0.08
137,79,"(47, 7)",0,-0.08
137,80,"(47, 6)",1,-0.08
137,81,"(48, 6)",1,-0.08
137,82,"(49, 6)",0,-0.08
137,83,"(49, 5)",1,-0.08
137,84,"(50, 5)",1,-0.08
137,85,"(51, 5)",0,-0.08
137,86,"(51, 4)",0,-0.08
137,87,"(51, 3)",0,-0.08
137,88,"(51, 2)",0,-0.08
137,89,"(51, 1)",1,-0.08
137,90,"(52, 1)",1,-0.08
137,91,"(53, 1)",1,-0.08
137,92,"(54, 1)",1,-0.08
137,93,"(55, 1)",1,-0.08
137,94,"(56, 1)",1,-0.08
137,95,"(57, 1)",1,-0.08
137,96,"(58, 1)",1,-0.08
137,97,"(59, 1)",1,-0.08
137,98,"(60, 1)",1,-0.08
137,99,"(61, 1)",1,-0.08
137,100,"(62, 1)",1,-0.08
137,101,"(63, 1)",1,-0.08
137,102,"(64, 1)",1,-0.08
137,103,"(65, 1)",1,-0.08
137,104,"(66, 1)",1,-0.08
137,105,"(67, 1)",1,-0.08
137,106,"(68, 1)",1,-0.08
137,107,"(69, 1)",1,-0.08
137,108,"(70, 1)",1,-0.08
137,109,"(71, 1)",2,-0.08
137,110,"(71, 2)",2,-0.08
137,111,"(71, 3)",1,-0.08
137,112,"(72, 3)",1,-0.08
137,113,"(73, 3)",1,-0.08
137,114,"(74, 3)",1,-0.08
137,115,"(75, 3)",1,-0.08
137,116,"(76, 3)",1,-0.08
137,117,"(77, 3)",0,-0.08
137,118,"(77, 2)",0,-0.08
137,119,"(77, 1)",0,-0.08
137,120,"(77, 0)",1,-0.08
137,121,"(78, 0)",1,8.33
138,0,"(0, 39)",1,-0.08
138,1,"(1, 39)",1,-0.08
138,2,"(2, 39)",1,-0.08
138,3,"(3, 39)",1,-0.08
138,4,"(4, 39)",1,-0.08
138,5,"(5, 39)",1,-0.08
138,6,"(6, 39)",1,-0.08
138,7,"(7, 39)",1,-0.08
138,8,"(8, 39)",1,-0.08
138,9,"(9, 39)",1,-0.08
138,10,"(10, 39)",0,-0.08
138,11,"(10, 38)",0,-0.08
138,12,"(10, 37)",1,-0.08
138,13,"(11, 37)",1,-0.08
138,14,"(12, 37)",1,-0.08
138,15,"(13, 37)",1,-0.08
138,16,"(14, 37)",1,-0.08
138,17,"(15, 37)",0,-0.08
138,18,"(15, 36)",0,-0.08
138,19,"(15, 35)",0,-0.08
138,20,"(15, 34)",0,-0.08
138,21,"(15, 33)",1,-0.08
138,22,"(16, 33)",1,-0.08
138,23,"(17, 33)",1,-0.08
138,24,"(18, 33)",1,-0.08
138,25,"(19, 33)",0,-0.08
138,26,"(19, 32)",0,-0.08
138,27,"(19, 31)",0,-0.08
138,28,"(19, 30)",0,-0.08
138,29,"(19, 29)",1,-0.08
138,30,"(20, 29)",0,-0.08
138,31,"(20, 28)",0,-0.08
138,32,"(20, 27)",1,-0.08
138,33,"(21, 27)",0,-0.08
138,34,"(21, 26)",0,-0.08
138,35,"(21, 25)",1,-0.08
138,36,"(22, 25)",0,-0.08
138,37,"(22, 24)",0,-0.08
138,38,"(22, 23)",1,-0.08
138,39,"(23, 23)",1,-0.08
138,40,"(24, 23)",1,-0.08
138,41,"(25, 23)",0,-0.08
138,42,"(25, 22)",0,-0.08
138,43,"(25, 21)",0,-0.08
138,44,"(25, 20)",0,-0.08
138,45,"(25, 19)",0,-0.08
138,46,"(25, 18)",1,-0.08
138,47,"(26, 18)",1,-0.08
138,48,"(27, 18)",0,-0.08
138,49,"(27, 17)",1,-0.08
138,50,"(28, 17)",1,-0.08
138,51,"(29, 17)",0,-0.08
138,52,"(29, 16)",0,-0.08
138,53,"(29, 15)",1,-0.08
138,54,"(30, 15)",1,-0.08
138,55,"(31, 15)",1,-0.08
138,56,"(32, 15)",0,-0.08
138,57,"(32, 14)",0,-0.08
138,58,"(32, 13)",1,-0.08
138,59,"(33, 13)",1,-0.08
138,60,"(34, 13)",1,-0.08
138,61,"(35, 13)",1,-0.08
138,62,"(36, 13)",1,-0.08
138,63,"(37, 13)",1,-0.08
138,64,"(38, 13)",1,-0.08
138,65,"(39, 13)",1,-0.08
138,66,"(40, 13)",1,-0.08
138,67,"(41, 13)",0,-0.08
138,68,"(41, 12)",0,-0.08
138,69,"(41, 11)",1,-0.08
138,70,"(42, 11)",1,-0.08
138,71,"(43, 11)",1,-0.08
138,72,"(44, 11)",1,-0.08
138,73,"(45, 11)",0,-0.08
138,74,"(45, 10)",0,-0.08
138,75,"(45, 9)",1,-0.08
138,76,"(46, 9)",0,-0.08
138,77,"(46, 8)",0,-0.08
138,78,"(46, 7)",0,-0.08
138,79,"(46, 6)",1,-0.08
138,80,"(47, 6)",1,-0.08
138,81,"(48, 6)",1,-0.08
138,82,"(49, 6)",0,-0.08
138,83,"(49, 5)",1,-0.08
138,84,"(50, 5)",1,-0.08
138,85,"(51, 5)",1,-0.08
138,86,"(52, 5)",1,-0.08
138,87,"(53, 5)",0,-0.08
138,88,"(53, 4)",0,-0.08
138,89,"(53, 3)",0,-0.08
138,90,"(53, 2)",0,-0.08
138,91,"(53, 1)",1,-0.08
138,92,"(54, 1)",1,-0.08
138,93,"(55, 1)",1,-0.08
138,94,"(56, 1)",1,-0.08
138,95,"(57, 1)",1,-0.08
138,96,"(58, 1)",1,-0.08
138,97,"(59, 1)",1,-0.08
138,98,"(60, 1)",1,-0.08
138,99,"(61, 1)",1,-0.08
138,100,"(62, 1)",1,-0.08
138,101,"(63, 1)",1,-0.08
138,102,"(64, 1)",1,-0.08
138,103,"(65, 1)",1,-0.08
138,104,"(66, 1)",1,-0.08
138,105,"(67, 1)",1,-0.08
138,106,"(68, 1)",1,-0.08
138,107,"(69, 1)",1,-0.08
138,108,"(70, 1)",1,-0.08
138,109,"(71, 1)",2,-0.08
138,110,"(71, 2)",2,-0.08
138,111,"(71, 3)",1,-0.08
138,112,"(72, 3)",1,-0.08
138,113,"(73, 3)",1,-0.08
138,114,"(74, 3)",1,-0.08
138,115,"(75, 3)",1,-0.08
138,116,"(76, 3)",1,-0.08
138,117,"(77, 3)",0,-0.08
138,118,"(77, 2)",0,-0.08
138,119,"(77, 1)",0,-0.08
138,120,"(77, 0)",1,-0.08
138,121,"(78, 0)",1,8.33
139,0,"(0, 39)",1,-0.08
139,1,"(1, 39)",1,-0.08
139,2,"(2, 39)",1,-0.08
139,3,"(3, 39)",1,-0.08
139,4,"(4, 39)",1,-0.08
139,5,"(5, 39)",1,-0.08
139,6,"(6, 39)",1,-0.08
139,7,"(7, 39)",1,-0.08
139,8,"(8, 39)",1,-0.08
139,9,"(9, 39)",1,-0.08
139,10,"(10, 39)",0,-0.08
139,11,"(10, 38)",1,-0.08
139,12,"(11, 38)",0,-0.08
139,13,"(11, 37)",1,-0.08
139,14,"(12, 37)",1,-0.08
139,15,"(13, 37)",1,-0.08
139,16,"(14, 37)",1,-0.08
139,17,"(15, 37)",1,-0.08
139,18,"(16, 37)",1,-0.08
139,19,"(17, 37)",0,-0.08
139,20,"(17, 36)",0,-0.08
139,21,"(17, 35)",1,-0.08
139,22,"(18, 35)",1,-0.08
139,23,"(19, 35)",0,-0.08
139,24,"(19, 34)",0,-0.08
139,25,"(19, 33)",0,-0.08
139,26,"(19, 32)",0,-0.08
139,27,"(19, 31)",0,-0.08
139,28,"(19, 30)",0,-0.08
139,29,"(19, 29)",1,-0.08
139,30,"(20, 29)",0,-0.08
139,31,"(20, 28)",0,-0.08
139,32,"(20, 27)",1,-0.08
139,33,"(21, 27)",0,-0.08
139,34,"(21, 26)",0,-0.08
139,35,"(21, 25)",1,-0.08
139,36,"(22, 25)",0,-0.08
139,37,"(22, 24)",0,-0.08
139,38,"(22, 23)",1,-0.08
139,39,"(23, 23)",1,-0.08
139,40,"(24, 23)",1,-0.08
139,41,"(25, 23)",0,-0.08
139,42,"(25, 22)",0,-0.08
139,43,"(25, 21)",1,-0.08
139,44,"(26, 21)",1,-0.08
139,45,"(27, 21)",0,-0.08
139,46,"(27, 20)",0,-0.08
139,47,"(27, 19)",0,-0.08
139,48,"(27, 18)",0,-0.08
139,49,"(27, 17)",0,-0.08
139,50,"(27, 16)",1,-0.08
139,51,"(28, 16)",1,-0.08
139,52,"(29, 16)",0,-0.08
139,53,"(29, 15)",1,-0.08
139,54,"(30, 15)",1,-0.08
139,55,"(31, 15)",0,-0.08
139,56,"(31, 14)",0,-0.08
139,57,"(31, 13)",1,-0.08
139,58,"(32, 13)",1,-0.08
139,59,"(33, 13)",1,-0.08
139,60,"(34, 13)",1,-0.08
139,61,"(35, 13)",1,-0.08
139,62,"(36, 13)",1,-0.08
139,63,"(37, 13)",1,-0.08
139,64,"(38, 13)",1,-0.08
139,65,"(39, 13)",0,-0.08
139,66,"(39, 12)",0,-0.08
139,67,"(39, 11)",1,-0.08
139,68,"(40, 11)",1,-0.08
139,69,"(41, 11)",1,-0.08
139,70,"(42, 11)",1,-0.08
139,71,"(43, 11)",1,-0.08
139,72,"(44, 11)",1,-0.08
139,73,"(45, 11)",0,-0.08
139,74,"(45, 10)",0,-0.08
139,75,"(45, 9)",1,-0.08
139,76,"(46, 9)",0,-0.08
139,77,"(46, 8)",0,-0.08
139,78,"(46, 7)",0,-0.08
139,79,"(46, 6)",1,-0.08
139,80,"(47, 6)",1,-0.08
139,81,"(48, 6)",1,-0.08
139,82,"(49, 6)",0,-0.08
139,83,"(49, 5)",1,-0.08
139,84,"(50, 5)",1,-0.08
139,85,"(51, 5)",1,-0.08
139,86,"(52, 5)",1,-0.08
139,87,"(53, 5)",0,-0.08
139,88,"(53, 4)",0,-0.08
139,89,"(53, 3)",0,-0.08
139,90,"(53, 2)",0,-0.08
139,91,"(53, 1)",1,-0.08
139,92,"(54, 1)",1,-0.08
139,93,"(55, 1)",1,-0.08
139,94,"(56, 1)",1,-0.08
139,95,"(57, 1)",1,-0.08
139,96,"(58, 1)",1,-0.08
139,97,"(59, 1)",1,-0.08
139,98,"(60, 1)",1,-0.08
139,99,"(61, 1)",1,-0.08
139,100,"(62, 1)",1,-0.08
139,101,"(63, 1)",1,-0.08
139,102,"(64, 1)",1,-0.08
139,103,"(65, 1)",1,-0.08
139,104,"(66, 1)",1,-0.08
139,105,"(67, 1)",1,-0.08
139,106,"(68, 1)",1,-0.08
139,107,"(69, 1)",1,-0.08
139,108,"(70, 1)",1,-0.08
139,109,"(71, 1)",2,-0.08
139,110,"(71, 2)",2,-0.08
139,111,"(71, 3)",1,-0.08
139,112,"(72, 3)",1,-0.08
139,113,"(73, 3)",1,-0.08
139,114,"(74, 3)",1,-0.08
139,115,"(75, 3)",1,-0.08
139,116,"(76, 3)",1,-0.08
139,117,"(77, 3)",0,-0.08
139,118,"(77, 2)",0,-0.08
139,119,"(77, 1)",0,-0.08
139,120,"(77, 0)",1,-0.08
139,121,"(78, 0)",1,8.33
140,0,"(0, 39)",1,-0.08
140,1,"(1, 39)",1,-0.08
140,2,"(2, 39)",1,-0.08
140,3,"(3, 39)",1,-0.08
140,4,"(4, 39)",1,-0.08
140,5,"(5, 39)",1,-0.08
140,6,"(6, 39)",1,-0.08
140,7,"(7, 39)",1,-0.08
140,8,"(8, 39)",1,-0.08
140,9,"(9, 39)",1,-0.08
140,10,"(10, 39)",0,-0.08
140,11,"(10, 38)",1,-0.08
140,12,"(11, 38)",0,-0.08
140,13,"(11, 37)",1,-0.08
140,14,"(12, 37)",1,-0.08
140,15,"(13, 37)",1,-0.08
140,16,"(14, 37)",1,-0.08
140,17,"(15, 37)",1,-0.08
140,18,"(16, 37)",1,-0.08
140,19,"(17, 37)",0,-0.08
140,20,"(17, 36)",0,-0.08
140,21,"(17, 35)",1,-0.08
140,22,"(18, 35)",1,-0.08
140,23,"(19, 35)",0,-0.08
140,24,"(19, 34)",0,-0.08
140,25,"(19, 33)",0,-0.08
140,26,"(19, 32)",0,-0.08
140,27,"(19, 31)",0,-0.08
140,28,"(19, 30)",0,-0.08
140,29,"(19, 29)",1,-0.08
140,30,"(20, 29)",0,-0.08
140,31,"(20, 28)",0,-0.08
140,32,"(20, 27)",1,-0.08
140,33,"(21, 27)",0,-0.08
140,34,"(21, 26)",0,-0.08
140,35,"(21, 25)",1,-0.08
140,36,"(22, 25)",1,-0.08
140,37,"(23, 25)",1,-0.08
140,38,"(24, 25)",1,-0.08
140,39,"(25, 25)",0,-0.08
140,40,"(25, 24)",0,-0.08
140,41,"(25, 23)",0,-0.08
140,42,"(25, 22)",0,-0.08
140,43,"(25, 21)",1,-0.08
140,44,"(26, 21)",1,-0.08
140,45,"(27, 21)",0,-0.08
140,46,"(27, 20)",0,-0.08
140,47,"(27, 19)",1,-0.08
140,48,"(28, 19)",1,-0.08
140,49,"(29, 19)",1,-0.08
140,50,"(30, 19)",1,-0.08
140,51,"(31, 19)",0,-0.08
140,52,"(31, 18)",0,-0.08
140,53,"(31, 17)",1,-0.08
140,54,"(32, 17)",0,-0.08
140,55,"(32, 16)",0,-0.08
140,56,"(32, 15)",0,-0.08
140,57,"(32, 14)",0,-0.08
140,58,"(32, 13)",1,-0.08
140,59,"(33, 13)",1,-0.08
140,60,"(34, 13)",1,-0.08
140,61,"(35, 13)",1,-0.08
140,62,"(36, 13)",1,-0.08
140,63,"(37, 13)",1,-0.08
140,64,"(38, 13)",1,-0.08
140,65,"(39, 13)",0,-0.08
140,66,"(39, 12)",0,-0.08
140,67,"(39, 11)",1,-0.08
140,68,"(40, 11)",1,-0.08
140,69,"(41, 11)",1,-0.08
140,70,"(42, 11)",1,-0.08
140,71,"(43, 11)",1,-0.08
140,72,"(44, 11)",1,-0.08
140,73,"(45, 11)",0,-0.08
140,74,"(45, 10)",0,-0.08
140,75,"(45, 9)",1,-0.08
140,76,"(46, 9)",0,-0.08
140,77,"(46, 8)",0,-0.08
140,78,"(46, 7)",1,-0.08
140,79,"(47, 7)",0,-0.08
140,80,"(47, 6)",1,-0.08
140,81,"(48, 6)",1,-0.08
140,82,"(49, 6)",0,-0.08
140,83,"(49, 5)",1,-0.08
140,84,"(50, 5)",1,-0.08
140,85,"(51, 5)",1,-0.08
140,86,"(52, 5)",1,-0.08
140,87,"(53, 5)",0,-0.08
140,88,"(53, 4)",0,-0.08
140,89,"(53, 3)",1,-0.08
140,90,"(54, 3)",1,-0.08
140,91,"(55, 3)",1,-0.08
140,92,"(56, 3)",1,-0.08
140,93,"(57, 3)",0,-0.08
140,94,"(57, 2)",1,-0.08
140,95,"(58, 2)",0,-0.08
140,96,"(58, 1)",1,-0.08
140,97,"(59, 1)",1,-0.08
140,98,"(60, 1)",1,-0.08
140,99,"(61, 1)",1,-0.08
140,100,"(62, 1)",1,-0.08
140,101,"(63, 1)",1,-0.08
140,102,"(64, 1)",1,-0.08
140,103,"(65, 1)",1,-0.08
140,104,"(66, 1)",1,-0.08
140,105,"(67, 1)",1,-0.08
140,106,"(68, 1)",1,-0.08
140,107,"(69, 1)",1,-0.08
140,108,"(70, 1)",1,-0.08
140,109,"(71, 1)",2,-0.08
140,110,"(71, 2)",2,-0.08
140,111,"(71, 3)",1,-0.08
140,112,"(72, 3)",1,-0.08
140,113,"(73, 3)",0,-0.08
140,114,"(73, 2)",0,-0.08
140,115,"(73, 1)",0,-0.08
140,116,"(73, 0)",1,-0.08
140,117,"(74, 0)",1,-0.08
140,118,"(75, 0)",1,-0.08
140,119,"(76, 0)",1,-0.08
140,120,"(77, 0)",1,-0.08
140,121,"(78, 0)",1,8.33
141,0,"(0, 39)",1,-0.08
141,1,"(1, 39)",1,-0.08
141,2,"(2, 39)",1,-0.08
141,3,"(3, 39)",1,-0.08
141,4,"(4, 39)",1,-0.08
141,5,"(5, 39)",1,-0.08
141,6,"(6, 39)",1,-0.08
141,7,"(7, 39)",1,-0.08
141,8,"(8, 39)",1,-0.08
141,9,"(9, 39)",1,-0.08
141,10,"(10, 39)",1,-0.08
141,11,"(11, 39)",0,-0.08
141,12,"(11, 38)",0,-0.08
141,13,"(11, 37)",1,-0.08
141,14,"(12, 37)",1,-0.08
141,15,"(13, 37)",1,-0.08
141,16,"(14, 37)",1,-0.08
141,17,"(15, 37)",1,-0.08
141,18,"(16, 37)",0,-0.08
141,19,"(16, 36)",1,-0.08
141,20,"(17, 36)",0,-0.08
141,21,"(17, 35)",1,-0.08
141,22,"(18, 35)",1,-0.08
141,23,"(19, 35)",0,-0.08
141,24,"(19, 34)",0,-0.08
141,25,"(19, 33)",0,-0.08
141,26,"(19, 32)",0,-0.08
141,27,"(19, 31)",0,-0.08
141,28,"(19, 30)",0,-0.08
141,29,"(19, 29)",1,-0.08
141,30,"(20, 29)",0,-0.08
141,31,"(20, 28)",0,-0.08
141,32,"(20, 27)",1,-0.08
141,33,"(21, 27)",0,-0.08
141,34,"(21, 26)",0,-0.08
141,35,"(21, 25)",1,-0.08
141,36,"(22, 25)",0,-0.08
141,37,"(22, 24)",0,-0.08
141,38,"(22, 23)",1,-0.08
141,39,"(23, 23)",1,-0.08
141,40,"(24, 23)",1,-0.08
141,41,"(25, 23)",0,-0.08
141,42,"(25, 22)",0,-0.08
141,43,"(25, 21)",1,-0.08
141,44,"(26, 21)",1,-0.08
141,45,"(27, 21)",0,-0.08
141,46,"(27, 20)",0,-0.08
141,47,"(27, 19)",0,-0.08
141,48,"(27, 18)",0,-0.08
141,49,"(27, 17)",0,-0.08
141,50,"(27, 16)",1,-0.08
141,51,"(28, 16)",1,-0.08
141,52,"(29, 16)",0,-0.08
141,53,"(29, 15)",1,-0.08
141,54,"(30, 15)",1,-0.08
141,55,"(31, 15)",0,-0.08
141,56,"(31, 14)",0,-0.08
141,57,"(31, 13)",1,-0.08
141,58,"(32, 13)",1,-0.08
141,59,"(33, 13)",1,-0.08
141,60,"(34, 13)",1,-0.08
141,61,"(35, 13)",1,-0.08
141,62,"(36, 13)",1,-0.08
141,63,"(37, 13)",1,-0.08
141,64,"(38, 13)",1,-0.08
141,65,"(39, 13)",0,-0.08
141,66,"(39, 12)",0,-0.08
141,67,"(39, 11)",1,-0.08
141,68,"(40, 11)",1,-0.08
141,69,"(41, 11)",1,-0.08
141,70,"(42, 11)",1,-0.08
141,71,"(43, 11)",1,-0.08
141,72,"(44, 11)",1,-0.08
141,73,"(45, 11)",0,-0.08
141,74,"(45, 10)",1,-0.08
141,75,"(46, 10)",0,-0.08
141,76,"(46, 9)",0,-0.08
141,77,"(46, 8)",0,-0.08
141,78,"(46, 7)",0,-0.08
141,79,"(46, 6)",1,-0.08
141,80,"(47, 6)",1,-0.08
141,81,"(48, 6)",1,-0.08
141,82,"(49, 6)",0,-0.08
141,83,"(49, 5)",1,-0.08
141,84,"(50, 5)",1,-0.08
141,85,"(51, 5)",1,-0.08
141,86,"(52, 5)",1,-0.08
141,87,"(53, 5)",0,-0.08
141,88,"(53, 4)",0,-0.08
141,89,"(53, 3)",0,-0.08
141,90,"(53, 2)",0,-0.08
141,91,"(53, 1)",1,-0.08
141,92,"(54, 1)",1,-0.08
141,93,"(55, 1)",1,-0.08
141,94,"(56, 1)",1,-0.08
141,95,"(57, 1)",1,-0.08
141,96,"(58, 1)",1,-0.08
141,97,"(59, 1)",1,-0.08
141,98,"(60, 1)",1,-0.08
141,99,"(61, 1)",1,-0.08
141,100,"(62, 1)",1,-0.08
141,101,"(63, 1)",1,-0.08
141,102,"(64, 1)",1,-0.08
141,103,"(65, 1)",1,-0.08
141,104,"(66, 1)",1,-0.08
141,105,"(67, 1)",1,-0.08
141,106,"(68, 1)",1,-0.08
141,107,"(69, 1)",1,-0.08
141,108,"(70, 1)",1,-0.08
141,109,"(71, 1)",2,-0.08
141,110,"(71, 2)",2,-0.08
141,111,"(71, 3)",1,-0.08
141,112,"(72, 3)",1,-0.08
141,113,"(73, 3)",1,-0.08
141,114,"(74, 3)",1,-0.08
141,115,"(75, 3)",1,-0.08
141,116,"(76, 3)",1,-0.08
141,117,"(77, 3)",0,-0.08
141,118,"(77, 2)",0,-0.08
141,119,"(77, 1)",0,-0.08
141,120,"(77, 0)",1,-0.08
141,121,"(78, 0)",1,8.33
142,0,"(0, 39)",1,-0.08
142,1,"(1, 39)",1,-0.08
142,2,"(2, 39)",1,-0.08
142,3,"(3, 39)",1,-0.08
142,4,"(4, 39)",1,-0.08
142,5,"(5, 39)",1,-0.08
142,6,"(6, 39)",1,-0.08
142,7,"(7, 39)",1,-0.08
142,8,"(8, 39)",1,-0.08
142,9,"(9, 39)",1,-0.08
142,10,"(10, 39)",1,-0.08
142,11,"(11, 39)",0,-0.08
142,12,"(11, 38)",0,-0.08
142,13,"(11, 37)",1,-0.08
142,14,"(12, 37)",1,-0.08
142,15,"(13, 37)",1,-0.08
142,16,"(14, 37)",1,-0.08
142,17,"(15, 37)",1,-0.08
142,18,"(16, 37)",1,-0.08
142,19,"(17, 37)",1,-0.08
142,20,"(18, 37)",1,-0.08
142,21,"(19, 37)",0,-0.08
142,22,"(19, 36)",0,-0.08
142,23,"(19, 35)",0,-0.08
142,24,"(19, 34)",0,-0.08
142,25,"(19, 33)",0,-0.08
142,26,"(19, 32)",0,-0.08
142,27,"(19, 31)",0,-0.08
142,28,"(19, 30)",0,-0.08
142,29,"(19, 29)",1,-0.08
142,30,"(20, 29)",0,-0.08
142,31,"(20, 28)",0,-0.08
142,32,"(20, 27)",1,-0.08
142,33,"(21, 27)",0,-0.08
142,34,"(21, 26)",1,-0.08
142,35,"(22, 26)",0,-0.08
142,36,"(22, 25)",0,-0.08
142,37,"(22, 24)",0,-0.08
142,38,"(22, 23)",1,-0.08
142,39,"(23, 23)",1,-0.08
142,40,"(24, 23)",1,-0.08
142,41,"(25, 23)",0,-0.08
142,42,"(25, 22)",0,-0.08
142,43,"(25, 21)",1,-0.08
142,44,"(26, 21)",1,-0.08
142,45,"(27, 21)",0,-0.08
142,46,"(27, 20)",1,-0.08
142,47,"(28, 20)",0,-0.08
142,48,"(28, 19)",1,-0.08
142,49,"(29, 19)",1,-0.08
142,50,"(30, 19)",1,-0.08
142,51,"(31, 19)",0,-0.08
142,52,"(31, 18)",1,-0.08
142,53,"(32, 18)",0,-0.08
142,54,"(32, 17)",0,-0.08
142,55,"(32, 16)",0,-0.08
142,56,"(32, 15)",0,-0.08
142,57,"(32, 14)",0,-0.08
142,58,"(32, 13)",1,-0.08
142,59,"(33, 13)",1,-0.08
142,60,"(34, 13)",1,-0.08
142,61,"(35, 13)",1,-0.08
142,62,"(36, 13)",1,-0.08
142,63,"(37, 13)",1,-0.08
142,64,"(38, 13)",1,-0.08
142,65,"(39, 13)",0,-0.08
142,66,"(39, 12)",0,-0.08
142,67,"(39, 11)",1,-0.08
142,68,"(40, 11)",1,-0.08
142,69,"(41, 11)",1,-0.08
142,70,"(42, 11)",1,-0.08
142,71,"(43, 11)",1,-0.08
142,72,"(44, 11)",1,-0.08
142,73,"(45, 11)",0,-0.08
142,74,"(45, 10)",1,-0.08
142,75,"(46, 10)",0,-0.08
142,76,"(46, 9)",0,-0.08
142,77,"(46, 8)",0,-0.08
142,78,"(46, 7)",1,-0.08
142,79,"(47, 7)",0,-0.08
142,80,"(47, 6)",1,-0.08
142,81,"(48, 6)",1,-0.08
142,82,"(49, 6)",0,-0.08
142,83,"(49, 5)",1,-0.08
142,84,"(50, 5)",1,-0.08
142,85,"(51, 5)",1,-0.08
142,86,"(52, 5)",1,-0.08
142,87,"(53, 5)",0,-0.08
142,88,"(53, 4)",0,-0.08
142,89,"(53, 3)",1,-0.08
142,90,"(54, 3)",1,-0.08
142,91,"(55, 3)",1,-0.08
142,92,"(56, 3)",0,-0.08
142,93,"(56, 2)",1,-0.08
142,94,"(57, 2)",1,-0.08
142,95,"(58, 2)",1,-0.08
142,96,"(59, 2)",0,-0.08
142,97,"(59, 1)",1,-0.08
142,98,"(60, 1)",1,-0.08
142,99,"(61, 1)",1,-0.08
142,100,"(62, 1)",1,-0.08
142,101,"(63, 1)",1,-0.08
142,102,"(64, 1)",1,-0.08
142,103,"(65, 1)",1,-0.08
142,104,"(66, 1)",1,-0.08
142,105,"(67, 1)",1,-0.08
142,106,"(68, 1)",1,-0.08
142,107,"(69, 1)",1,-0.08
142,108,"(70, 1)",1,-0.08
142,109,"(71, 1)",2,-0.08
142,110,"(71, 2)",2,-0.08
142,111,"(71, 3)",1,-0.08
142,112,"(72, 3)",1,-0.08
142,113,"(73, 3)",0,-0.08
142,114,"(73, 2)",0,-0.08
142,115,"(73, 1)",0,-0.08
142,116,"(73, 0)",1,-0.08
142,117,"(74, 0)",1,-0.08
142,118,"(75, 0)",1,-0.08
142,119,"(76, 0)",1,-0.08
142,120,"(77, 0)",1,-0.08
142,121,"(78, 0)",1,8.33
143,0,"(0, 39)",1,-0.08
143,1,"(1, 39)",1,-0.08
143,2,"(2, 39)",1,-0.08
143,3,"(3, 39)",1,-0.08
143,4,"(4, 39)",1,-0.08
143,5,"(5, 39)",1,-0.08
143,6,"(6, 39)",1,-0.08
143,7,"(7, 39)",1,-0.08
143,8,"(8, 39)",1,-0.08
143,9,"(9, 39)",1,-0.08
143,10,"(10, 39)",1,-0.08
143,11,"(11, 39)",0,-0.08
143,12,"(11, 38)",0,-0.08
143,13,"(11, 37)",1,-0.08
143,14,"(12, 37)",1,-0.08
143,15,"(13, 37)",1,-0.08
143,16,"(14, 37)",1,-0.08
143,17,"(15, 37)",1,-0.08
143,18,"(16, 37)",0,-0.08
143,19,"(16, 36)",1,-0.08
143,20,"(17, 36)",0,-0.08
143,21,"(17, 35)",1,-0.08
143,22,"(18, 35)",0,-0.08
143,23,"(18, 34)",1,-0.08
143,24,"(19, 34)",0,-0.08
143,25,"(19, 33)",0,-0.08
143,26,"(19, 32)",0,-0.08
143,27,"(19, 31)",0,-0.08
143,28,"(19, 30)",0,-0.08
143,29,"(19, 29)",1,-0.08
143,30,"(20, 29)",0,-0.08
143,31,"(20, 28)",0,-0.08
143,32,"(20, 27)",1,-0.08
143,33,"(21, 27)",0,-0.08
143,34,"(21, 26)",1,-0.08
143,35,"(22, 26)",1,-0.08
143,36,"(23, 26)",1,-0.08
143,37,"(24, 26)",0,-0.08
143,38,"(24, 25)",1,-0.08
143,39,"(25, 25)",0,-0.08
143,40,"(25, 24)",0,-0.08
143,41,"(25, 23)",0,-0.08
143,42,"(25, 22)",0,-0.08
143,43,"(25, 21)",0,-0.08
143,44,"(25, 20)",0,-0.08
143,45,"(25, 19)",0,-0.08
143,46,"(25, 18)",1,-0.08
143,47,"(26, 18)",1,-0.08
143,48,"(27, 18)",0,-0.08
143,49,"(27, 17)",0,-0.08
143,50,"(27, 16)",1,-0.08
143,51,"(28, 16)",1,-0.08
143,52,"(29, 16)",0,-0.08
143,53,"(29, 15)",1,-0.08
143,54,"(30, 15)",1,-0.08
143,55,"(31, 15)",1,-0.08
143,56,"(32, 15)",0,-0.08
143,57,"(32, 14)",0,-0.08
143,58,"(32, 13)",1,-0.08
143,59,"(33, 13)",1,-0.08
143,60,"(34, 13)",1,-0.08
143,61,"(35, 13)",1,-0.08
143,62,"(36, 13)",1,-0.08
143,63,"(37, 13)",1,-0.08
143,64,"(38, 13)",1,-0.08
143,65,"(39, 13)",1,-0.08
143,66,"(40, 13)",1,-0.08
143,67,"(41, 13)",0,-0.08
143,68,"(41, 12)",0,-0.08
143,69,"(41, 11)",1,-0.08
143,70,"(42, 11)",1,-0.08
143,71,"(43, 11)",1,-0.08
143,72,"(44, 11)",1,-0.08
143,73,"(45, 11)",0,-0.08
143,74,"(45, 10)",0,-0.08
143,75,"(45, 9)",0,-0.08
143,76,"(45, 8)",0,-0.08
143,77,"(45, 7)",1,-0.08
143,78,"(46, 7)",0,-0.08
143,79,"(46, 6)",1,-0.08
143,80,"(47, 6)",1,-0.08
143,81,"(48, 6)",1,-0.08
143,82,"(49, 6)",0,-0.08
143,83,"(49, 5)",1,-0.08
143,84,"(50, 5)",1,-0.08
143,85,"(51, 5)",1,-0.08
143,86,"(52, 5)",1,-0.08
143,87,"(53, 5)",0,-0.08
143,88,"(53, 4)",0,-0.08
143,89,"(53, 3)",1,-0.08
143,90,"(54, 3)",1,-0.08
143,91,"(55, 3)",1,-0.08
143,92,"(56, 3)",0,-0.08
143,93,"(56, 2)",0,-0.08
143,94,"(56, 1)",1,-0.08
143,95,"(57, 1)",1,-0.08
143,96,"(58, 1)",1,-0.08
143,97,"(59, 1)",1,-0.08
143,98,"(60, 1)",1,-0.08
143,99,"(61, 1)",1,-0.08
143,100,"(62, 1)",1,-0.08
143,101,"(63, 1)",1,-0.08
143,102,"(64, 1)",1,-0.08
143,103,"(65, 1)",1,-0.08
143,104,"(66, 1)",1,-0.08
143,105,"(67, 1)",1,-0.08
143,106,"(68, 1)",1,-0.08
143,107,"(69, 1)",1,-0.08
143,108,"(70, 1)",1,-0.08
143,109,"(71, 1)",2,-0.08
143,110,"(71, 2)",2,-0.08
143,111,"(71, 3)",1,-0.08
143,112,"(72, 3)",1,-0.08
143,113,"(73, 3)",0,-0.08
143,114,"(73, 2)",0,-0.08
143,115,"(73, 1)",1,-0.08
143,116,"(74, 1)",1,-0.08
143,117,"(75, 1)",1,-0.08
143,118,"(76, 1)",1,-0.08
143,119,"(77, 1)",0,-0.08
143,120,"(77, 0)",1,-0.08
143,121,"(78, 0)",1,8.33
144,0,"(0, 39)",1,-0.08
144,1,"(1, 39)",1,-0.08
144,2,"(2, 39)",1,-0.08
144,3,"(3, 39)",1,-0.08
144,4,"(4, 39)",1,-0.08
144,5,"(5, 39)",1,-0.08
144,6,"(6, 39)",1,-0.08
144,7,"(7, 39)",1,-0.08
144,8,"(8, 39)",1,-0.08
144,9,"(9, 39)",1,-0.08
144,10,"(10, 39)",0,-0.08
144,11,"(10, 38)",1,-0.08
144,12,"(11, 38)",0,-0.08
144,13,"(11, 37)",1,-0.08
144,14,"(12, 37)",1,-0.08
144,15,"(13, 37)",1,-0.08
144,16,"(14, 37)",1,-0.08
144,17,"(15, 37)",1,-0.08
144,18,"(16, 37)",1,-0.08
144,19,"(17, 37)",1,-0.08
144,20,"(18, 37)",1,-0.08
144,21,"(19, 37)",0,-0.08
144,22,"(19, 36)",0,-0.08
144,23,"(19, 35)",0,-0.08
144,24,"(19, 34)",0,-0.08
144,25,"(19, 33)",0,-0.08
144,26,"(19, 32)",0,-0.08
144,27,"(19, 31)",0,-0.08
144,28,"(19, 30)",0,-0.08
144,29,"(19, 29)",1,-0.08
144,30,"(20, 29)",0,-0.08
144,31,"(20, 28)",0,-0.08
144,32,"(20, 27)",1,-0.08
144,33,"(21, 27)",0,-0.08
144,34,"(21, 26)",0,-0.08
144,35,"(21, 25)",1,-0.08
144,36,"(22, 25)",0,-0.08
144,37,"(22, 24)",0,-0.08
144,38,"(22, 23)",1,-0.08
144,39,"(23, 23)",1,-0.08
144,40,"(24, 23)",1,-0.08
144,41,"(25, 23)",0,-0.08
144,42,"(25, 22)",0,-0.08
144,43,"(25, 21)",0,-0.08
144,44,"(25, 20)",0,-0.08
144,45,"(25, 19)",0,-0.08
144,46,"(25, 18)",1,-0.08
144,47,"(26, 18)",1,-0.08
144,48,"(27, 18)",0,-0.08
144,49,"(27, 17)",1,-0.08
144,50,"(28, 17)",1,-0.08
144,51,"(29, 17)",1,-0.08
144,52,"(30, 17)",1,-0.08
144,53,"(31, 17)",1,-0.08
144,54,"(32, 17)",1,-0.08
144,55,"(33, 17)",1,-0.08
144,56,"(34, 17)",1,-0.08
144,57,"(35, 17)",0,-0.08
144,58,"(35, 16)",0,-0.08
144,59,"(35, 15)",0,-0.08
144,60,"(35, 14)",0,-0.08
144,61,"(35, 13)",1,-0.08
144,62,"(36, 13)",1,-0.08
144,63,"(37, 13)",1,-0.08
144,64,"(38, 13)",1,-0.08
144,65,"(39, 13)",0,-0.08
144,66,"(39, 12)",0,-0.08
144,67,"(39, 11)",1,-0.08
144,68,"(40, 11)",1,-0.08
144,69,"(41, 11)",1,-0.08
144,70,"(42, 11)",1,-0.08
144,71,"(43, 11)",1,-0.08
144,72,"(44, 11)",1,-0.08
144,73,"(45, 11)",0,-0.08
144,74,"(45, 10)",0,-0.08
144,75,"(45, 9)",1,-0.08
144,76,"(46, 9)",0,-0.08
144,77,"(46, 8)",0,-0.08
144,78,"(46, 7)",0,-0.08
144,79,"(46, 6)",1,-0.08
144,80,"(47, 6)",1,-0.08
144,81,"(48, 6)",1,-0.08
144,82,"(49, 6)",0,-0.08
144,83,"(49, 5)",1,-0.08
144,84,"(50, 5)",1,-0.08
144,85,"(51, 5)",0,-0.08
144,86,"(51, 4)",0,-0.08
144,87,"(51, 3)",0,-0.08
144,88,"(51, 2)",1,-0.08
144,89,"(52, 2)",1,-0.08
144,90,"(53, 2)",0,-0.08
144,91,"(53, 1)",1,-0.08
144,92,"(54, 1)",1,-0.08
144,93,"(55, 1)",1,-0.08
144,94,"(56, 1)",1,-0.08
144,95,"(57, 1)",1,-0.08
144,96,"(58, 1)",1,-0.08
144,97,"(59, 1)",1,-0.08
144,98,"(60, 1)",1,-0.08
144,99,"(61, 1)",1,-0.08
144,100,"(62, 1)",1,-0.08
144,101,"(63, 1)",1,-0.08
144,102,"(64, 1)",1,-0.08
144,103,"(65, 1)",1,-0.08
144,104,"(66, 1)",1,-0.08
144,105,"(67, 1)",1,-0.08
144,106,"(68, 1)",1,-0.08
144,107,"(69, 1)",1,-0.08
144,108,"(70, 1)",1,-0.08
144,109,"(71, 1)",2,-0.08
144,110,"(71, 2)",2,-0.08
144,111,"(71, 3)",1,-0.08
144,112,"(72, 3)",1,-0.08
144,113,"(73, 3)",0,-0.08
144,114,"(73, 2)",0,-0.08
144,115,"(73, 1)",1,-0.08
144,116,"(74, 1)",0,-0.08
144,117,"(74, 0)",1,-0.08
144,118,"(75, 0)",1,-0.08
144,119,"(76, 0)",1,-0.08
144,120,"(77, 0)",1,-0.08
144,121,"(78, 0)",1,8.33
145,0,"(0, 39)",1,-0.08
145,1,"(1, 39)",1,-0.08
145,2,"(2, 39)",1,-0.08
145,3,"(3, 39)",1,-0.08
145,4,"(4, 39)",1,-0.08
145,5,"(5, 39)",1,-0.08
145,6,"(6, 39)",1,-0.08
145,7,"(7, 39)",1,-0.08
145,8,"(8, 39)",1,-0.08
145,9,"(9, 39)",1,-0.08
145,10,"(10, 39)",0,-0.08
145,11,"(10, 38)",0,-0.08
145,12,"(10, 37)",1,-0.08
145,13,"(11, 37)",1,-0.08
145,14,"(12, 37)",1,-0.08
145,15,"(13, 37)",1,-0.08
145,16,"(14, 37)",1,-0.08
145,17,"(15, 37)",0,-0.08
145,18,"(15, 36)",0,-0.08
145,19,"(15, 35)",0,-0.08
145,20,"(15, 34)",0,-0.08
145,21,"(15, 33)",1,-0.08
145,22,"(16, 33)",1,-0.08
145,23,"(17, 33)",1,-0.08
145,24,"(18, 33)",1,-0.08
145,25,"(19, 33)",0,-0.08
145,26,"(19, 32)",0,-0.08
145,27,"(19, 31)",0,-0.08
145,28,"(19, 30)",0,-0.08
145,29,"(19, 29)",1,-0.08
145,30,"(20, 29)",0,-0.08
145,31,"(20, 28)",0,-0.08
145,32,"(20, 27)",1,-0.08
145,33,"(21, 27)",0,-0.08
145,34,"(21, 26)",0,-0.08
145,35,"(21, 25)",1,-0.08
145,36,"(22, 25)",1,-0.08
145,37,"(23, 25)",1,-0.08
145,38,"(24, 25)",1,-0.08
145,39,"(25, 25)",1,-0.08
145,40,"(26, 25)",1,-0.08
145,41,"(27, 25)",1,-0.08
145,42,"(28, 25)",1,-0.08
145,43,"(29, 25)",1,-0.08
145,44,"(30, 25)",1,-0.08
145,45,"(31, 25)",0,-0.08
145,46,"(31, 24)",0,-0.08
145,47,"(31, 23)",1,-0.08
145,48,"(32, 23)",1,-0.08
145,49,"(33, 23)",0,-0.08
145,50,"(33, 22)",0,-0.08
145,51,"(33, 21)",1,-0.08
145,52,"(34, 21)",1,-0.08
145,53,"(35, 21)",0,-0.08
145,54,"(35, 20)",0,-0.08
145,55,"(35, 19)",0,-0.08
145,56,"(35, 18)",0,-0.08
145,57,"(35, 17)",0,-0.08
145,58,"(35, 16)",0,-0.08
145,59,"(35, 15)",0,-0.08
145,60,"(35, 14)",0,-0.08
145,61,"(35, 13)",1,-0.08
145,62,"(36, 13)",1,-0.08
145,63,"(37, 13)",1,-0.08
145,64,"(38, 13)",1,-0.08
145,65,"(39, 13)",1,-0.08
145,66,"(40, 13)",1,-0.08
145,67,"(41, 13)",0,-0.08
145,68,"(41, 12)",0,-0.08
145,69,"(41, 11)",1,-0.08
145,70,"(42, 11)",1,-0.08
145,71,"(43, 11)",1,-0.08
145,72,"(44, 11)",1,-0.08
145,73,"(45, 11)",0,-0.08
145,74,"(45, 10)",0,-0.08
145,75,"(45, 9)",1,-0.08
145,76,"(46, 9)",0,-0.08
145,77,"(46, 8)",0,-0.08
145,78,"(46, 7)",1,-0.08
145,79,"(47, 7)",0,-0.08
145,80,"(47, 6)",1,-0.08
145,81,"(48, 6)",1,-0.08
145,82,"(49, 6)",0,-0.08
145,83,"(49, 5)",1,-0.08
145,84,"(50, 5)",1,-0.08
145,85,"(51, 5)",1,-0.08
145,86,"(52, 5)",1,-0.08
145,87,"(53, 5)",0,-0.08
145,88,"(53, 4)",0,-0.08
145,89,"(53, 3)",1,-0.08
145,90,"(54, 3)",1,-0.08
145,91,"(55, 3)",1,-0.08
145,92,"(56, 3)",0,-0.08
145,93,"(56, 2)",0,-0.08
145,94,"(56, 1)",1,-0.08
145,95,"(57, 1)",1,-0.08
145,96,"(58, 1)",1,-0.08
145,97,"(59, 1)",1,-0.08
145,98,"(60, 1)",1,-0.08
145,99,"(61, 1)",1,-0.08
145,100,"(62, 1)",1,-0.08
145,101,"(63, 1)",1,-0.08
145,102,"(64, 1)",1,-0.08
145,103,"(65, 1)",1,-0.08
145,104,"(66, 1)",1,-0.08
145,105,"(67, 1)",1,-0.08
145,106,"(68, 1)",1,-0.08
145,107,"(69, 1)",1,-0.08
145,108,"(70, 1)",1,-0.08
145,109,"(71, 1)",2,-0.08
145,110,"(71, 2)",2,-0.08
145,111,"(71, 3)",1,-0.08
145,112,"(72, 3)",1,-0.08
145,113,"(73, 3)",0,-0.08
145,114,"(73, 2)",0,-0.08
145,115,"(73, 1)",1,-0.08
145,116,"(74, 1)",1,-0.08
145,117,"(75, 1)",1,-0.08
145,118,"(76, 1)",1,-0.08
145,119,"(77, 1)",0,-0.08
145,120,"(77, 0)",1,-0.08
145,121,"(78, 0)",1,8.33
146,0,"(0, 39)",1,-0.08
146,1,"(1, 39)",1,-0.08
146,2,"(2, 39)",1,-0.08
146,3,"(3, 39)",1,-0.08
146,4,"(4, 39)",1,-0.08
146,5,"(5, 39)",1,-0.08
146,6,"(6, 39)",1,-0.08
146,7,"(7, 39)",1,-0.08
146,8,"(8, 39)",1,-0.08
146,9,"(9, 39)",1,-0.08
146,10,"(10, 39)",0,-0.08
146,11,"(10, 38)",1,-0.08
146,12,"(11, 38)",0,-0.08
146,13,"(11, 37)",1,-0.08
146,14,"(12, 37)",1,-0.08
146,15,"(13, 37)",1,-0.08
146,16,"(14, 37)",1,-0.08
146,17,"(15, 37)",0,-0.08
146,18,"(15, 36)",1,-0.08
146,19,"(16, 36)",1,-0.08
146,20,"(17, 36)",0,-0.08
146,21,"(17, 35)",1,-0.08
146,22,"(18, 35)",1,-0.08
146,23,"(19, 35)",0,-0.08
146,24,"(19, 34)",0,-0.08
146,25,"(19, 33)",0,-0.08
146,26,"(19, 32)",0,-0.08
146,27,"(19, 31)",0,-0.08
146,28,"(19, 30)",0,-0.08
146,29,"(19, 29)",1,-0.08
146,30,"(20, 29)",0,-0.08
146,31,"(20, 28)",0,-0.08
146,32,"(20, 27)",1,-0.08
146,33,"(21, 27)",0,-0.08
146,34,"(21, 26)",1,-0.08
146,35,"(22, 26)",0,-0.08
146,36,"(22, 25)",1,-0.08
146,37,"(23, 25)",1,-0.08
146,38,"(24, 25)",1,-0.08
146,39,"(25, 25)",1,-0.08
146,40,"(26, 25)",1,-0.08
146,41,"(27, 25)",1,-0.08
146,42,"(28, 25)",1,-0.08
146,43,"(29, 25)",1,-0.08
146,44,"(30, 25)",1,-0.08
146,45,"(31, 25)",0,-0.08
146,46,"(31, 24)",0,-0.08
146,47,"(31, 23)",1,-0.08
146,48,"(32, 23)",1,-0.08
146,49,"(33, 23)",0,-0.08
146,50,"(33, 22)",0,-0.08
146,51,"(33, 21)",1,-0.08
146,52,"(34, 21)",1,-0.08
146,53,"(35, 21)",1,-0.08
146,54,"(36, 21)",1,-0.08
146,55,"(37, 21)",1,-0.08
146,56,"(38, 21)",1,-0.08
146,57,"(39, 21)",0,-0.08
146,58,"(39, 20)",0,-0.08
146,59,"(39, 19)",0,-0.08
146,60,"(39, 18)",0,-0.08
146,61,"(39, 17)",0,-0.08
146,62,"(39, 16)",0,-0.08
146,63,"(39, 15)",1,-0.08
146,64,"(40, 15)",1,-0.08
146,65,"(41, 15)",0,-0.08
146,66,"(41, 14)",0,-0.08
146,67,"(41, 13)",0,-0.08
146,68,"(41, 12)",0,-0.08
146,69,"(41, 11)",1,-0.08
146,70,"(42, 11)",1,-0.08
146,71,"(43, 11)",1,-0.08
146,72,"(44, 11)",1,-0.08
146,73,"(45, 11)",0,-0.08
146,74,"(45, 10)",0,-0.08
146,75,"(45, 9)",0,-0.08
146,76,"(45, 8)",1,-0.08
146,77,"(46, 8)",0,-0.08
146,78,"(46, 7)",1,-0.08
146,79,"(47, 7)",0,-0.08
146,80,"(47, 6)",1,-0.08
146,81,"(48, 6)",1,-0.08
146,82,"(49, 6)",0,-0.08
146,83,"(49, 5)",1,-0.08
146,84,"(50, 5)",1,-0.08
146,85,"(51, 5)",0,-0.08
146,86,"(51, 4)",0,-0.08
146,87,"(51, 3)",0,-0.08
146,88,"(51, 2)",1,-0.08
146,89,"(52, 2)",0,-0.08
146,90,"(52, 1)",1,-0.08
146,91,"(53, 1)",1,-0.08
146,92,"(54, 1)",1,-0.08
146,93,"(55, 1)",1,-0.08
146,94,"(56, 1)",1,-0.08
146,95,"(57, 1)",1,-0.08
146,96,"(58, 1)",1,-0.08
146,97,"(59, 1)",1,-0.08
146,98,"(60, 1)",1,-0.08
146,99,"(61, 1)",1,-0.08
146,100,"(62, 1)",1,-0.08
146,101,"(63, 1)",1,-0.08
146,102,"(64, 1)",1,-0.08
146,103,"(65, 1)",1,-0.08
146,104,"(66, 1)",1,-0.08
146,105,"(67, 1)",1,-0.08
146,106,"(68, 1)",1,-0.08
146,107,"(69, 1)",1,-0.08
146,108,"(70, 1)",1,-0.08
146,109,"(71, 1)",2,-0.08
146,110,"(71, 2)",2,-0.08
146,111,"(71, 3)",1,-0.08
146,112,"(72, 3)",1,-0.08
146,113,"(73, 3)",1,-0.08
146,114,"(74, 3)",1,-0.08
146,115,"(75, 3)",1,-0.08
146,116,"(76, 3)",1,-0.08
146,117,"(77, 3)",0,-0.08
146,118,"(77, 2)",0,-0.08
146,119,"(77, 1)",0,-0.08
146,120,"(77, 0)",1,-0.08
146,121,"(78, 0)",1,8.33
147,0,"(0, 39)",1,-0.08
147,1,"(1, 39)",1,-0.08
147,2,"(2, 39)",1,-0.08
147,3,"(3, 39)",1,-0.08
147,4,"(4, 39)",1,-0.08
147,5,"(5, 39)",1,-0.08
147,6,"(6, 39)",1,-0.08
147,7,"(7, 39)",1,-0.08
147,8,"(8, 39)",1,-0.08
147,9,"(9, 39)",1,-0.08
147,10,"(10, 39)",1,-0.08
147,11,"(11, 39)",1,-0.08
147,12,"(12, 39)",1,-0.08
147,13,"(13, 39)",1,-0.08
147,14,"(14, 39)",0,-0.08
147,15,"(14, 38)",0,-0.08
147,16,"(14, 37)",1,-0.08
147,17,"(15, 37)",1,-0.08
147,18,"(16, 37)",1,-0.08
147,19,"(17, 37)",1,-0.08
147,20,"(18, 37)",1,-0.08
147,21,"(19, 37)",0,-0.08
147,22,"(19, 36)",0,-0.08
147,23,"(19, 35)",0,-0.08
147,24,"(19, 34)",0,-0.08
147,25,"(19, 33)",0,-0.08
147,26,"(19, 32)",0,-0.08
147,27,"(19, 31)",0,-0.08
147,28,"(19, 30)",0,-0.08
147,29,"(19, 29)",1,-0.08
147,30,"(20, 29)",0,-0.08
147,31,"(20, 28)",0,-0.08
147,32,"(20, 27)",1,-0.08
147,33,"(21, 27)",0,-0.08
147,34,"(21, 26)",1,-0.08
147,35,"(22, 26)",1,-0.08
147,36,"(23, 26)",1,-0.08
147,37,"(24, 26)",1,-0.08
147,38,"(25, 26)",0,-0.08
147,39,"(25, 25)",0,-0.08
147,40,"(25, 24)",0,-0.08
147,41,"(25, 23)",0,-0.08
147,42,"(25, 22)",0,-0.08
147,43,"(25, 21)",1,-0.08
147,44,"(26, 21)",1,-0.08
147,45,"(27, 21)",0,-0.08
147,46,"(27, 20)",0,-0.08
147,47,"(27, 19)",0,-0.08
147,48,"(27, 18)",0,-0.08
147,49,"(27, 17)",1,-0.08
147,50,"(28, 17)",0,-0.08
147,51,"(28, 16)",1,-0.08
147,52,"(29, 16)",0,-0.08
147,53,"(29, 15)",1,-0.08
147,54,"(30, 15)",1,-0.08
147,55,"(31, 15)",1,-0.08
147,56,"(32, 15)",0,-0.08
147,57,"(32, 14)",0,-0.08
147,58,"(32, 13)",1,-0.08
147,59,"(33, 13)",1,-0.08
147,60,"(34, 13)",1,-0.08
147,61,"(35, 13)",1,-0.08
147,62,"(36, 13)",1,-0.08
147,63,"(37, 13)",1,-0.08
147,64,"(38, 13)",1,-0.08
147,65,"(39, 13)",0,-0.08
147,66,"(39, 12)",0,-0.08
147,67,"(39, 11)",1,-0.08
147,68,"(40, 11)",1,-0.08
147,69,"(41, 11)",1,-0.08
147,70,"(42, 11)",1,-0.08
147,71,"(43, 11)",1,-0.08
147,72,"(44, 11)",1,-0.08
147,73,"(45, 11)",0,-0.08
147,74,"(45, 10)",0,-0.08
147,75,"(45, 9)",0,-0.08
147,76,"(45, 8)",1,-0.08
147,77,"(46, 8)",0,-0.08
147,78,"(46, 7)",1,-0.08
147,79,"(47, 7)",0,-0.08
147,80,"(47, 6)",1,-0.08
147,81,"(48, 6)",1,-0.08
147,82,"(49, 6)",0,-0.08
147,83,"(49, 5)",1,-0.08
147,84,"(50, 5)",1,-0.08
147,85,"(51, 5)",0,-0.08
147,86,"(51, 4)",0,-0.08
147,87,"(51, 3)",0,-0.08
147,88,"(51, 2)",1,-0.08
147,89,"(52, 2)",1,-0.08
147,90,"(53, 2)",0,-0.08
147,91,"(53, 1)",1,-0.08
147,92,"(54, 1)",1,-0.08
147,93,"(55, 1)",1,-0.08
147,94,"(56, 1)",1,-0.08
147,95,"(57, 1)",1,-0.08
147,96,"(58, 1)",1,-0.08
147,97,"(59, 1)",1,-0.08
147,98,"(60, 1)",1,-0.08
147,99,"(61, 1)",1,-0.08
147,100,"(62, 1)",1,-0.08
147,101,"(63, 1)",1,-0.08
147,102,"(64, 1)",1,-0.08
147,103,"(65, 1)",1,-0.08
147,104,"(66, 1)",1,-0.08
147,105,"(67, 1)",1,-0.08
147,106,"(68, 1)",1,-0.08
147,107,"(69, 1)",1,-0.08
147,108,"(70, 1)",1,-0.08
147,109,"(71, 1)",2,-0.08
147,110,"(71, 2)",2,-0.08
147,111,"(71, 3)",1,-0.08
147,112,"(72, 3)",1,-0.08
147,113,"(73, 3)",0,-0.08
147,114,"(73, 2)",0,-0.08
147,115,"(73, 1)",0,-0.08
147,116,"(73, 0)",1,-0.08
147,117,"(74, 0)",1,-0.08
147,118,"(75, 0)",1,-0.08
147,119,"(76, 0)",1,-0.08
147,120,"(77, 0)",1,-0.08
147,121,"(78, 0)",1,8.33
148,0,"(0, 39)",1,-0.08
148,1,"(1, 39)",1,-0.08
148,2,"(2, 39)",1,-0.08
148,3,"(3, 39)",1,-0.08
148,4,"(4, 39)",1,-0.08
148,5,"(5, 39)",1,-0.08
148,6,"(6, 39)",1,-0.08
148,7,"(7, 39)",1,-0.08
148,8,"(8, 39)",1,-0.08
148,9,"(9, 39)",1,-0.08
148,10,"(10, 39)",0,-0.08
148,11,"(10, 38)",1,-0.08
148,12,"(11, 38)",0,-0.08
148,13,"(11, 37)",1,-0.08
148,14,"(12, 37)",1,-0.08
148,15,"(13, 37)",1,-0.08
148,16,"(14, 37)",1,-0.08
148,17,"(15, 37)",0,-0.08
148,18,"(15, 36)",0,-0.08
148,19,"(15, 35)",0,-0.08
148,20,"(15, 34)",0,-0.08
148,21,"(15, 33)",1,-0.08
148,22,"(16, 33)",1,-0.08
148,23,"(17, 33)",1,-0.08
148,24,"(18, 33)",1,-0.08
148,25,"(19, 33)",0,-0.08
148,26,"(19, 32)",0,-0.08
148,27,"(19, 31)",0,-0.08
148,28,"(19, 30)",0,-0.08
148,29,"(19, 29)",1,-0.08
148,30,"(20, 29)",0,-0.08
148,31,"(20, 28)",0,-0.08
148,32,"(20, 27)",1,-0.08
148,33,"(21, 27)",0,-0.08
148,34,"(21, 26)",1,-0.08
148,35,"(22, 26)",0,-0.08
148,36,"(22, 25)",1,-0.08
148,37,"(23, 25)",1,-0.08
148,38,"(24, 25)",1,-0.08
148,39,"(25, 25)",1,-0.08
148,40,"(26, 25)",1,-0.08
148,41,"(27, 25)",1,-0.08
148,42,"(28, 25)",1,-0.08
148,43,"(29, 25)",1,-0.08
148,44,"(30, 25)",1,-0.08
148,45,"(31, 25)",0,-0.08
148,46,"(31, 24)",0,-0.08
148,47,"(31, 23)",1,-0.08
148,48,"(32, 23)",1,-0.08
148,49,"(33, 23)",0,-0.08
148,50,"(33, 22)",0,-0.08
148,51,"(33, 21)",1,-0.08
148,52,"(34, 21)",1,-0.08
148,53,"(35, 21)",1,-0.08
148,54,"(36, 21)",1,-0.08
148,55,"(37, 21)",1,-0.08
148,56,"(38, 21)",1,-0.08
148,57,"(39, 21)",0,-0.08
148,58,"(39, 20)",0,-0.08
148,59,"(39, 19)",0,-0.08
148,60,"(39, 18)",0,-0.08
148,61,"(39, 17)",0,-0.08
148,62,"(39, 16)",0,-0.08
148,63,"(39, 15)",1,-0.08
148,64,"(40, 15)",1,-0.08
148,65,"(41, 15)",0,-0.08
148,66,"(41, 14)",0,-0.08
148,67,"(41, 13)",0,-0.08
148,68,"(41, 12)",0,-0.08
148,69,"(41, 11)",1,-0.08
148,70,"(42, 11)",1,-0.08
148,71,"(43, 11)",1,-0.08
148,72,"(44, 11)",1,-0.08
148,73,"(45, 11)",0,-0.08
148,74,"(45, 10)",1,-0.08
148,75,"(46, 10)",0,-0.08
148,76,"(46, 9)",0,-0.08
148,77,"(46, 8)",0,-0.08
148,78,"(46, 7)",1,-0.08
148,79,"(47, 7)",0,-0.08
148,80,"(47, 6)",1,-0.08
148,81,"(48, 6)",1,-0.08
148,82,"(49, 6)",0,-0.08
148,83,"(49, 5)",1,-0.08
148,84,"(50, 5)",1,-0.08
148,85,"(51, 5)",0,-0.08
148,86,"(51, 4)",0,-0.08
148,87,"(51, 3)",0,-0.08
148,88,"(51, 2)",0,-0.08
148,89,"(51, 1)",1,-0.08
148,90,"(52, 1)",1,-0.08
148,91,"(53, 1)",1,-0.08
148,92,"(54, 1)",1,-0.08
148,93,"(55, 1)",1,-0.08
148,94,"(56, 1)",1,-0.08
148,95,"(57, 1)",1,-0.08
148,96,"(58, 1)",1,-0.08
148,97,"(59, 1)",1,-0.08
148,98,"(60, 1)",1,-0.08
148,99,"(61, 1)",1,-0.08
148,100,"(62, 1)",1,-0.08
148,101,"(63, 1)",1,-0.08
148,102,"(64, 1)",1,-0.08
148,103,"(65, 1)",1,-0.08
148,104,"(66, 1)",1,-0.08
148,105,"(67, 1)",1,-0.08
148,106,"(68, 1)",1,-0.08
148,107,"(69, 1)",1,-0.08
148,108,"(70, 1)",1,-0.08
148,109,"(71, 1)",2,-0.08
148,110,"(71, 2)",2,-0.08
148,111,"(71, 3)",1,-0.08
148,112,"(72, 3)",1,-0.08
148,113,"(73, 3)",0,-0.08
148,114,"(73, 2)",0,-0.08
148,115,"(73, 1)",0,-0.08
148,116,"(73, 0)",1,-0.08
148,117,"(74, 0)",1,-0.08
148,118,"(75, 0)",1,-0.08
148,119,"(76, 0)",1,-0.08
148,120,"(77, 0)",1,-0.08
148,121,"(78, 0)",1,8.33
149,0,"(0, 39)",1,-0.08
149,1,"(1, 39)",1,-0.08
149,2,"(2, 39)",1,-0.08
149,3,"(3, 39)",1,-0.08
149,4,"(4, 39)",1,-0.08
149,5,"(5, 39)",1,-0.08
149,6,"(6, 39)",1,-0.08
149,7,"(7, 39)",1,-0.08
149,8,"(8, 39)",1,-0.08
149,9,"(9, 39)",1,-0.08
149,10,"(10, 39)",1,-0.08
149,11,"(11, 39)",0,-0.08
149,12,"(11, 38)",0,-0.08
149,13,"(11, 37)",1,-0.08
149,14,"(12, 37)",1,-0.08
149,15,"(13, 37)",1,-0.08
149,16,"(14, 37)",1,-0.08
149,17,"(15, 37)",1,-0.08
149,18,"(16, 37)",0,-0.08
149,19,"(16, 36)",1,-0.08
149,20,"(17, 36)",0,-0.08
149,21,"(17, 35)",1,-0.08
149,22,"(18, 35)",1,-0.08
149,23,"(19, 35)",0,-0.08
149,24,"(19, 34)",0,-0.08
149,25,"(19, 33)",0,-0.08
149,26,"(19, 32)",0,-0.08
149,27,"(19, 31)",0,-0.08
149,28,"(19, 30)",0,-0.08
149,29,"(19, 29)",1,-0.08
149,30,"(20, 29)",0,-0.08
149,31,"(20, 28)",0,-0.08
149,32,"(20, 27)",1,-0.08
149,33,"(21, 27)",0,-0.08
149,34,"(21, 26)",0,-0.08
149,35,"(21, 25)",1,-0.08
149,36,"(22, 25)",0,-0.08
149,37,"(22, 24)",0,-0.08
149,38,"(22, 23)",1,-0.08
149,39,"(23, 23)",1,-0.08
149,40,"(24, 23)",1,-0.08
149,41,"(25, 23)",0,-0.08
149,42,"(25, 22)",0,-0.08
149,43,"(25, 21)",1,-0.08
149,44,"(26, 21)",1,-0.08
149,45,"(27, 21)",0,-0.08
149,46,"(27, 20)",1,-0.08
149,47,"(28, 20)",0,-0.08
149,48,"(28, 19)",1,-0.08
149,49,"(29, 19)",1,-0.08
149,50,"(30, 19)",1,-0.08
149,51,"(31, 19)",0,-0.08
149,52,"(31, 18)",0,-0.08
149,53,"(31, 17)",1,-0.08
149,54,"(32, 17)",1,-0.08
149,55,"(33, 17)",1,-0.08
149,56,"(34, 17)",1,-0.08
149,57,"(35, 17)",0,-0.08
149,58,"(35, 16)",0,-0.08
149,59,"(35, 15)",0,-0.08
149,60,"(35, 14)",0,-0.08
149,61,"(35, 13)",1,-0.08
149,62,"(36, 13)",1,-0.08
149,63,"(37, 13)",1,-0.08
149,64,"(38, 13)",1,-0.08
149,65,"(39, 13)",1,-0.08
149,66,"(40, 13)",1,-0.08
149,67,"(41, 13)",1,-0.08
149,68,"(42, 13)",1,-0.08
149,69,"(43, 13)",0,-0.08
149,70,"(43, 12)",0,-0.08
149,71,"(43, 11)",1,-0.08
149,72,"(44, 11)",1,-0.08
149,73,"(45, 11)",0,-0.08
149,74,"(45, 10)",1,-0.08
149,75,"(46, 10)",0,-0.08
149,76,"(46, 9)",0,-0.08
149,77,"(46, 8)",0,-0.08
149,78,"(46, 7)",0,-0.08
149,79,"(46, 6)",1,-0.08
149,80,"(47, 6)",1,-0.08
149,81,"(48, 6)",1,-0.08
149,82,"(49, 6)",0,-0.08
149,83,"(49, 5)",1,-0.08
149,84,"(50, 5)",1,-0.08
149,85,"(51, 5)",1,-0.08
149,86,"(52, 5)",1,-0.08
149,87,"(53, 5)",0,-0.08
149,88,"(53, 4)",0,-0.08
149,89,"(53, 3)",1,-0.08
149,90,"(54, 3)",1,-0.08
149,91,"(55, 3)",1,-0.08
149,92,"(56, 3)",0,-0.08
149,93,"(56, 2)",1,-0.08
149,94,"(57, 2)",1,-0.08
149,95,"(58, 2)",1,-0.08
149,96,"(59, 2)",0,-0.08
149,97,"(59, 1)",1,-0.08
149,98,"(60, 1)",1,-0.08
149,99,"(61, 1)",1,-0.08
149,100,"(62, 1)",1,-0.08
149,101,"(63, 1)",1,-0.08
149,102,"(64, 1)",1,-0.08
149,103,"(65, 1)",1,-0.08
149,104,"(66, 1)",1,-0.08
149,105,"(67, 1)",1,-0.08
149,106,"(68, 1)",1,-0.08
149,107,"(69, 1)",1,-0.08
149,108,"(70, 1)",1,-0.08
149,109,"(71, 1)",2,-0.08
149,110,"(71, 2)",2,-0.08
149,111,"(71, 3)",1,-0.08
149,112,"(72, 3)",1,-0.08
149,113,"(73, 3)",0,-0.08
149,114,"(73, 2)",0,-0.08
149,115,"(73, 1)",1,-0.08
149,116,"(74, 1)",1,-0.08
149,117,"(75, 1)",0,-0.08
149,118,"(75, 0)",1,-0.08
149,119,"(76, 0)",1,-0.08
149,120,"(77, 0)",1,-0.08
149,121,"(78, 0)",1,8.33
150,0,"(0, 39)",1,-0.08
150,1,"(1, 39)",1,-0.08
150,2,"(2, 39)",1,-0.08
150,3,"(3, 39)",1,-0.08
150,4,"(4, 39)",1,-0.08
150,5,"(5, 39)",1,-0.08
150,6,"(6, 39)",1,-0.08
150,7,"(7, 39)",1,-0.08
150,8,"(8, 39)",1,-0.08
150,9,"(9, 39)",1,-0.08
150,10,"(10, 39)",0,-0.08
150,11,"(10, 38)",1,-0.08
150,12,"(11, 38)",0,-0.08
150,13,"(11, 37)",1,-0.08
150,14,"(12, 37)",1,-0.08
150,15,"(13, 37)",1,-0.08
150,16,"(14, 37)",1,-0.08
150,17,"(15, 37)",0,-0.08
150,18,"(15, 36)",1,-0.08
150,19,"(16, 36)",1,-0.08
150,20,"(17, 36)",0,-0.08
150,21,"(17, 35)",0,-0.08
150,22,"(17, 34)",1,-0.08
150,23,"(18, 34)",0,-0.08
150,24,"(18, 33)",1,-0.08
150,25,"(19, 33)",0,-0.08
150,26,"(19, 32)",0,-0.08
150,27,"(19, 31)",0,-0.08
150,28,"(19, 30)",0,-0.08
150,29,"(19, 29)",1,-0.08
150,30,"(20, 29)",0,-0.08
150,31,"(20, 28)",0,-0.08
150,32,"(20, 27)",1,-0.08
150,33,"(21, 27)",0,-0.08
150,34,"(21, 26)",1,-0.08
150,35,"(22, 26)",1,-0.08
150,36,"(23, 26)",1,-0.08
150,37,"(24, 26)",0,-0.08
150,38,"(24, 25)",1,-0.08
150,39,"(25, 25)",0,-0.08
150,40,"(25, 24)",0,-0.08
150,41,"(25, 23)",0,-0.08
150,42,"(25, 22)",0,-0.08
150,43,"(25, 21)",0,-0.08
150,44,"(25, 20)",0,-0.08
150,45,"(25, 19)",1,-0.08
150,46,"(26, 19)",0,-0.08
150,47,"(26, 18)",1,-0.08
150,48,"(27, 18)",0,-0.08
150,49,"(27, 17)",1,-0.08
150,50,"(28, 17)",1,-0.08
150,51,"(29, 17)",0,-0.08
150,52,"(29, 16)",0,-0.08
150,53,"(29, 15)",1,-0.08
150,54,"(30, 15)",1,-0.08
150,55,"(31, 15)",1,-0.08
150,56,"(32, 15)",0,-0.08
150,57,"(32, 14)",0,-0.08
150,58,"(32, 13)",1,-0.08
150,59,"(33, 13)",1,-0.08
150,60,"(34, 13)",1,-0.08
150,61,"(35, 13)",1,-0.08
150,62,"(36, 13)",1,-0.08
150,63,"(37, 13)",1,-0.08
150,64,"(38, 13)",1,-0.08
150,65,"(39, 13)",0,-0.08
150,66,"(39, 12)",0,-0.08
150,67,"(39, 11)",1,-0.08
150,68,"(40, 11)",1,-0.08
150,69,"(41, 11)",1,-0.08
150,70,"(42, 11)",1,-0.08
150,71,"(43, 11)",1,-0.08
150,72,"(44, 11)",1,-0.08
150,73,"(45, 11)",0,-0.08
150,74,"(45, 10)",0,-0.08
150,75,"(45, 9)",0,-0.08
150,76,"(45, 8)",1,-0.08
150,77,"(46, 8)",0,-0.08
150,78,"(46, 7)",0,-0.08
150,79,"(46, 6)",1,-0.08
150,80,"(47, 6)",1,-0.08
150,81,"(48, 6)",1,-0.08
150,82,"(49, 6)",0,-0.08
150,83,"(49, 5)",1,-0.08
150,84,"(50, 5)",1,-0.08
150,85,"(51, 5)",0,-0.08
150,86,"(51, 4)",0,-0.08
150,87,"(51, 3)",0,-0.08
150,88,"(51, 2)",0,-0.08
150,89,"(51, 1)",1,-0.08
150,90,"(52, 1)",1,-0.08
150,91,"(53, 1)",1,-0.08
150,92,"(54, 1)",1,-0.08
150,93,"(55, 1)",1,-0.08
150,94,"(56, 1)",1,-0.08
150,95,"(57, 1)",1,-0.08
150,96,"(58, 1)",1,-0.08
150,97,"(59, 1)",1,-0.08
150,98,"(60, 1)",1,-0.08
150,99,"(61, 1)",1,-0.08
150,100,"(62, 1)",1,-0.08
150,101,"(63, 1)",1,-0.08
150,102,"(64, 1)",1,-0.08
150,103,"(65, 1)",1,-0.08
150,104,"(66, 1)",1,-0.08
150,105,"(67, 1)",1,-0.08
150,106,"(68, 1)",1,-0.08
150,107,"(69, 1)",1,-0.08
150,108,"(70, 1)",1,-0.08
150,109,"(71, 1)",2,-0.08
150,110,"(71, 2)",2,-0.08
150,111,"(71, 3)",1,-0.08
150,112,"(72, 3)",1,-0.08
150,113,"(73, 3)",1,-0.08
150,114,"(74, 3)",1,-0.08
150,115,"(75, 3)",1,-0.08
150,116,"(76, 3)",1,-0.08
150,117,"(77, 3)",0,-0.08
150,118,"(77, 2)",0,-0.08
150,119,"(77, 1)",1,-0.08
150,120,"(78, 1)",0,-0.08
150,121,"(78, 0)",1,8.33
151,0,"(0, 39)",1,-0.08
151,1,"(1, 39)",1,-0.08
151,2,"(2, 39)",1,-0.08
151,3,"(3, 39)",1,-0.08
151,4,"(4, 39)",1,-0.08
151,5,"(5, 39)",1,-0.08
151,6,"(6, 39)",1,-0.08
151,7,"(7, 39)",1,-0.08
151,8,"(8, 39)",1,-0.08
151,9,"(9, 39)",1,-0.08
151,10,"(10, 39)",0,-0.08
151,11,"(10, 38)",1,-0.08
151,12,"(11, 38)",0,-0.08
151,13,"(11, 37)",1,-0.08
151,14,"(12, 37)",1,-0.08
151,15,"(13, 37)",1,-0.08
151,16,"(14, 37)",1,-0.08
151,17,"(15, 37)",0,-0.08
151,18,"(15, 36)",0,-0.08
151,19,"(15, 35)",0,-0.08
151,20,"(15, 34)",0,-0.08
151,21,"(15, 33)",1,-0.08
151,22,"(16, 33)",1,-0.08
151,23,"(17, 33)",1,-0.08
151,24,"(18, 33)",1,-0.08
151,25,"(19, 33)",0,-0.08
151,26,"(19, 32)",0,-0.08
151,27,"(19, 31)",0,-0.08
151,28,"(19, 30)",0,-0.08
151,29,"(19, 29)",1,-0.08
151,30,"(20, 29)",0,-0.08
151,31,"(20, 28)",0,-0.08
151,32,"(20, 27)",1,-0.08
151,33,"(21, 27)",0,-0.08
151,34,"(21, 26)",1,-0.08
151,35,"(22, 26)",0,-0.08
151,36,"(22, 25)",1,-0.08
151,37,"(23, 25)",1,-0.08
151,38,"(24, 25)",1,-0.08
151,39,"(25, 25)",0,-0.08
151,40,"(25, 24)",0,-0.08
151,41,"(25, 23)",0,-0.08
151,42,"(25, 22)",0,-0.08
151,43,"(25, 21)",0,-0.08
151,44,"(25, 20)",0,-0.08
151,45,"(25, 19)",0,-0.08
151,46,"(25, 18)",1,-0.08
151,47,"(26, 18)",1,-0.08
151,48,"(27, 18)",0,-0.08
151,49,"(27, 17)",1,-0.08
151,50,"(28, 17)",1,-0.08
151,51,"(29, 17)",1,-0.08
151,52,"(30, 17)",1,-0.08
151,53,"(31, 17)",1,-0.08
151,54,"(32, 17)",1,-0.08
151,55,"(33, 17)",1,-0.08
151,56,"(34, 17)",1,-0.08
151,57,"(35, 17)",0,-0.08
151,58,"(35, 16)",0,-0.08
151,59,"(35, 15)",0,-0.08
151,60,"(35, 14)",0,-0.08
151,61,"(35, 13)",1,-0.08
151,62,"(36, 13)",1,-0.08
151,63,"(37, 13)",1,-0.08
151,64,"(38, 13)",1,-0.08
151,65,"(39, 13)",0,-0.08
151,66,"(39, 12)",0,-0.08
151,67,"(39, 11)",1,-0.08
151,68,"(40, 11)",1,-0.08
151,69,"(41, 11)",1,-0.08
151,70,"(42, 11)",1,-0.08
151,71,"(43, 11)",1,-0.08
151,72,"(44, 11)",1,-0.08
151,73,"(45, 11)",0,-0.08
151,74,"(45, 10)",1,-0.08
151,75,"(46, 10)",0,-0.08
151,76,"(46, 9)",0,-0.08
151,77,"(46, 8)",0,-0.08
151,78,"(46, 7)",0,-0.08
151,79,"(46, 6)",1,-0.08
151,80,"(47, 6)",1,-0.08
151,81,"(48, 6)",1,-0.08
151,82,"(49, 6)",0,-0.08
151,83,"(49, 5)",1,-0.08
151,84,"(50, 5)",1,-0.08
151,85,"(51, 5)",0,-0.08
151,86,"(51, 4)",0,-0.08
151,87,"(51, 3)",0,-0.08
151,88,"(51, 2)",0,-0.08
151,89,"(51, 1)",1,-0.08
151,90,"(52, 1)",1,-0.08
151,91,"(53, 1)",1,-0.08
151,92,"(54, 1)",1,-0.08
151,93,"(55, 1)",1,-0.08
151,94,"(56, 1)",1,-0.08
151,95,"(57, 1)",1,-0.08
151,96,"(58, 1)",1,-0.08
151,97,"(59, 1)",1,-0.08
151,98,"(60, 1)",1,-0.08
151,99,"(61, 1)",1,-0.08
151,100,"(62, 1)",1,-0.08
151,101,"(63, 1)",1,-0.08
151,102,"(64, 1)",1,-0.08
151,103,"(65, 1)",1,-0.08
151,104,"(66, 1)",1,-0.08
151,105,"(67, 1)",1,-0.08
151,106,"(68, 1)",1,-0.08
151,107,"(69, 1)",1,-0.08
151,108,"(70, 1)",1,-0.08
151,109,"(71, 1)",2,-0.08
151,110,"(71, 2)",2,-0.08
151,111,"(71, 3)",1,-0.08
151,112,"(72, 3)",1,-0.08
151,113,"(73, 3)",1,-0.08
151,114,"(74, 3)",1,-0.08
151,115,"(75, 3)",1,-0.08
151,116,"(76, 3)",1,-0.08
151,117,"(77, 3)",0,-0.08
151,118,"(77, 2)",0,-0.08
151,119,"(77, 1)",0,-0.08
151,120,"(77, 0)",1,-0.08
151,121,"(78, 0)",1,8.33
152,0,"(0, 39)",1,-0.08
152,1,"(1, 39)",1,-0.08
152,2,"(2, 39)",1,-0.08
152,3,"(3, 39)",1,-0.08
152,4,"(4, 39)",1,-0.08
152,5,"(5, 39)",1,-0.08
152,6,"(6, 39)",1,-0.08
152,7,"(7, 39)",1,-0.08
152,8,"(8, 39)",1,-0.08
152,9,"(9, 39)",1,-0.08
152,10,"(10, 39)",0,-0.08
152,11,"(10, 38)",0,-0.08
152,12,"(10, 37)",1,-0.08
152,13,"(11, 37)",1,-0.08
152,14,"(12, 37)",1,-0.08
152,15,"(13, 37)",1,-0.08
152,16,"(14, 37)",1,-0.08
152,17,"(15, 37)",0,-0.08
152,18,"(15, 36)",1,-0.08
152,19,"(16, 36)",1,-0.08
152,20,"(17, 36)",0,-0.08
152,21,"(17, 35)",1,-0.08
152,22,"(18, 35)",1,-0.08
152,23,"(19, 35)",0,-0.08
152,24,"(19, 34)",0,-0.08
152,25,"(19, 33)",0,-0.08
152,26,"(19, 32)",0,-0.08
152,27,"(19, 31)",0,-0.08
152,28,"(19, 30)",0,-0.08
152,29,"(19, 29)",1,-0.08
152,30,"(20, 29)",0,-0.08
152,31,"(20, 28)",0,-0.08
152,32,"(20, 27)",1,-0.08
152,33,"(21, 27)",0,-0.08
152,34,"(21, 26)",0,-0.08
152,35,"(21, 25)",1,-0.08
152,36,"(22, 25)",0,-0.08
152,37,"(22, 24)",0,-0.08
152,38,"(22, 23)",1,-0.08
152,39,"(23, 23)",1,-0.08
152,40,"(24, 23)",1,-0.08
152,41,"(25, 23)",0,-0.08
152,42,"(25, 22)",0,-0.08
152,43,"(25, 21)",0,-0.08
152,44,"(25, 20)",0,-0.08
152,45,"(25, 19)",1,-0.08
152,46,"(26, 19)",0,-0.08
152,47,"(26, 18)",1,-0.08
152,48,"(27, 18)",0,-0.08
152,49,"(27, 17)",0,-0.08
152,50,"(27, 16)",1,-0.08
152,51,"(28, 16)",1,-0.08
152,52,"(29, 16)",0,-0.08
152,53,"(29, 15)",1,-0.08
152,54,"(30, 15)",1,-0.08
152,55,"(31, 15)",1,-0.08
152,56,"(32, 15)",0,-0.08
152,57,"(32, 14)",0,-0.08
152,58,"(32, 13)",1,-0.08
152,59,"(33, 13)",1,-0.08
152,60,"(34, 13)",1,-0.08
152,61,"(35, 13)",1,-0.08
152,62,"(36, 13)",1,-0.08
152,63,"(37, 13)",1,-0.08
152,64,"(38, 13)",1,-0.08
152,65,"(39, 13)",0,-0.08
152,66,"(39, 12)",0,-0.08
152,67,"(39, 11)",1,-0.08
152,68,"(40, 11)",1,-0.08
152,69,"(41, 11)",1,-0.08
152,70,"(42, 11)",1,-0.08
152,71,"(43, 11)",1,-0.08
152,72,"(44, 11)",1,-0.08
152,73,"(45, 11)",0,-0.08
152,74,"(45, 10)",1,-0.08
152,75,"(46, 10)",0,-0.08
152,76,"(46, 9)",0,-0.08
152,77,"(46, 8)",0,-0.08
152,78,"(46, 7)",1,-0.08
152,79,"(47, 7)",0,-0.08
152,80,"(47, 6)",1,-0.08
152,81,"(48, 6)",1,-0.08
152,82,"(49, 6)",0,-0.08
152,83,"(49, 5)",1,-0.08
152,84,"(50, 5)",1,-0.08
152,85,"(51, 5)",1,-0.08
152,86,"(52, 5)",1,-0.08
152,87,"(53, 5)",0,-0.08
152,88,"(53, 4)",0,-0.08
152,89,"(53, 3)",1,-0.08
152,90,"(54, 3)",1,-0.08
152,91,"(55, 3)",1,-0.08
152,92,"(56, 3)",0,-0.08
152,93,"(56, 2)",0,-0.08
152,94,"(56, 1)",1,-0.08
152,95,"(57, 1)",1,-0.08
152,96,"(58, 1)",1,-0.08
152,97,"(59, 1)",1,-0.08
152,98,"(60, 1)",1,-0.08
152,99,"(61, 1)",1,-0.08
152,100,"(62, 1)",1,-0.08
152,101,"(63, 1)",1,-0.08
152,102,"(64, 1)",1,-0.08
152,103,"(65, 1)",1,-0.08
152,104,"(66, 1)",1,-0.08
152,105,"(67, 1)",1,-0.08
152,106,"(68, 1)",1,-0.08
152,107,"(69, 1)",1,-0.08
152,108,"(70, 1)",1,-0.08
152,109,"(71, 1)",2,-0.08
152,110,"(71, 2)",2,-0.08
152,111,"(71, 3)",1,-0.08
152,112,"(72, 3)",1,-0.08
152,113,"(73, 3)",0,-0.08
152,114,"(73, 2)",0,-0.08
152,115,"(73, 1)",0,-0.08
152,116,"(73, 0)",1,-0.08
152,117,"(74, 0)",1,-0.08
152,118,"(75, 0)",1,-0.08
152,119,"(76, 0)",1,-0.08
152,120,"(77, 0)",1,-0.08
152,121,"(78, 0)",1,8.33
153,0,"(0, 39)",1,-0.08
153,1,"(1, 39)",1,-0.08
153,2,"(2, 39)",1,-0.08
153,3,"(3, 39)",1,-0.08
153,4,"(4, 39)",1,-0.08
153,5,"(5, 39)",1,-0.08
153,6,"(6, 39)",1,-0.08
153,7,"(7, 39)",1,-0.08
153,8,"(8, 39)",1,-0.08
153,9,"(9, 39)",1,-0.08
153,10,"(10, 39)",0,-0.08
153,11,"(10, 38)",1,-0.08
153,12,"(11, 38)",0,-0.08
153,13,"(11, 37)",1,-0.08
153,14,"(12, 37)",1,-0.08
153,15,"(13, 37)",1,-0.08
153,16,"(14, 37)",1,-0.08
153,17,"(15, 37)",1,-0.08
153,18,"(16, 37)",1,-0.08
153,19,"(17, 37)",0,-0.08
153,20,"(17, 36)",0,-0.08
153,21,"(17, 35)",1,-0.08
153,22,"(18, 35)",0,-0.08
153,23,"(18, 34)",0,-0.08
153,24,"(18, 33)",1,-0.08
153,25,"(19, 33)",0,-0.08
153,26,"(19, 32)",0,-0.08
153,27,"(19, 31)",0,-0.08
153,28,"(19, 30)",0,-0.08
153,29,"(19, 29)",1,-0.08
153,30,"(20, 29)",0,-0.08
153,31,"(20, 28)",0,-0.08
153,32,"(20, 27)",1,-0.08
153,33,"(21, 27)",0,-0.08
153,34,"(21, 26)",1,-0.08
153,35,"(22, 26)",1,-0.08
153,36,"(23, 26)",0,-0.08
153,37,"(23, 25)",1,-0.08
153,38,"(24, 25)",1,-0.08
153,39,"(25, 25)",1,-0.08
153,40,"(26, 25)",1,-0.08
153,41,"(27, 25)",1,-0.08
153,42,"(28, 25)",1,-0.08
153,43,"(29, 25)",1,-0.08
153,44,"(30, 25)",1,-0.08
153,45,"(31, 25)",0,-0.08
153,46,"(31, 24)",0,-0.08
153,47,"(31, 23)",1,-0.08
153,48,"(32, 23)",1,-0.08
153,49,"(33, 23)",0,-0.08
153,50,"(33, 22)",0,-0.08
153,51,"(33, 21)",1,-0.08
153,52,"(34, 21)",1,-0.08
153,53,"(35, 21)",1,-0.08
153,54,"(36, 21)",1,-0.08
153,55,"(37, 21)",1,-0.08
153,56,"(38, 21)",1,-0.08
153,57,"(39, 21)",1,-0.08
153,58,"(40, 21)",1,-0.08
153,59,"(41, 21)",1,-0.08
153,60,"(42, 21)",1,-0.08
153,61,"(43, 21)",0,-0.08
153,62,"(43, 20)",0,-0.08
153,63,"(43, 19)",1,-0.08
153,64,"(44, 19)",0,-0.08
153,65,"(44, 18)",0,-0.08
153,66,"(44, 17)",0,-0.08
153,67,"(44, 16)",0,-0.08
153,68,"(44, 15)",1,-0.08
153,69,"(45, 15)",0,-0.08
153,70,"(45, 14)",0,-0.08
153,71,"(45, 13)",0,-0.08
153,72,"(45, 12)",0,-0.08
153,73,"(45, 11)",0,-0.08
153,74,"(45, 10)",0,-0.08
153,75,"(45, 9)",1,-0.08
153,76,"(46, 9)",0,-0.08
153,77,"(46, 8)",0,-0.08
153,78,"(46, 7)",1,-0.08
153,79,"(47, 7)",0,-0.08
153,80,"(47, 6)",1,-0.08
153,81,"(48, 6)",1,-0.08
153,82,"(49, 6)",0,-0.08
153,83,"(49, 5)",1,-0.08
153,84,"(50, 5)",1,-0.08
153,85,"(51, 5)",0,-0.08
153,86,"(51, 4)",0,-0.08
153,87,"(51, 3)",0,-0.08
153,88,"(51, 2)",1,-0.08
153,89,"(52, 2)",0,-0.08
153,90,"(52, 1)",1,-0.08
153,91,"(53, 1)",1,-0.08
153,92,"(54, 1)",1,-0.08
153,93,"(55, 1)",1,-0.08
153,94,"(56, 1)",1,-0.08
153,95,"(57, 1)",1,-0.08
153,96,"(58, 1)",1,-0.08
153,97,"(59, 1)",1,-0.08
153,98,"(60, 1)",1,-0.08
153,99,"(61, 1)",1,-0.08
153,100,"(62, 1)",1,-0.08
153,101,"(63, 1)",1,-0.08
153,102,"(64, 1)",1,-0.08
153,103,"(65, 1)",1,-0.08
153,104,"(66, 1)",1,-0.08
153,105,"(67, 1)",1,-0.08
153,106,"(68, 1)",1,-0.08
153,107,"(69, 1)",1,-0.08
153,108,"(70, 1)",1,-0.08
153,109,"(71, 1)",2,-0.08
153,110,"(71, 2)",2,-0.08
153,111,"(71, 3)",1,-0.08
153,112,"(72, 3)",1,-0.08
153,113,"(73, 3)",0,-0.08
153,114,"(73, 2)",0,-0.08
153,115,"(73, 1)",0,-0.08
153,116,"(73, 0)",1,-0.08
153,117,"(74, 0)",1,-0.08
153,118,"(75, 0)",1,-0.08
153,119,"(76, 0)",1,-0.08
153,120,"(77, 0)",1,-0.08
153,121,"(78, 0)",1,8.33
154,0,"(0, 39)",1,-0.08
154,1,"(1, 39)",1,-0.08
154,2,"(2, 39)",1,-0.08
154,3,"(3, 39)",1,-0.08
154,4,"(4, 39)",1,-0.08
154,5,"(5, 39)",1,-0.08
154,6,"(6, 39)",1,-0.08
154,7,"(7, 39)",1,-0.08
154,8,"(8, 39)",1,-0.08
154,9,"(9, 39)",1,-0.08
154,10,"(10, 39)",1,-0.08
154,11,"(11, 39)",0,-0.08
154,12,"(11, 38)",0,-0.08
154,13,"(11, 37)",1,-0.08
154,14,"(12, 37)",1,-0.08
154,15,"(13, 37)",1,-0.08
154,16,"(14, 37)",1,-0.08
154,17,"(15, 37)",0,-0.08
154,18,"(15, 36)",0,-0.08
154,19,"(15, 35)",0,-0.08
154,20,"(15, 34)",0,-0.08
154,21,"(15, 33)",1,-0.08
154,22,"(16, 33)",1,-0.08
154,23,"(17, 33)",1,-0.08
154,24,"(18, 33)",1,-0.08
154,25,"(19, 33)",0,-0.08
154,26,"(19, 32)",0,-0.08
154,27,"(19, 31)",0,-0.08
154,28,"(19, 30)",0,-0.08
154,29,"(19, 29)",1,-0.08
154,30,"(20, 29)",0,-0.08
154,31,"(20, 28)",0,-0.08
154,32,"(20, 27)",1,-0.08
154,33,"(21, 27)",0,-0.08
154,34,"(21, 26)",1,-0.08
154,35,"(22, 26)",1,-0.08
154,36,"(23, 26)",0,-0.08
154,37,"(23, 25)",1,-0.08
154,38,"(24, 25)",1,-0.08
154,39,"(25, 25)",0,-0.08
154,40,"(25, 24)",0,-0.08
154,41,"(25, 23)",0,-0.08
154,42,"(25, 22)",0,-0.08
154,43,"(25, 21)",0,-0.08
154,44,"(25, 20)",0,-0.08
154,45,"(25, 19)",1,-0.08
154,46,"(26, 19)",0,-0.08
154,47,"(26, 18)",1,-0.08
154,48,"(27, 18)",0,-0.08
154,49,"(27, 17)",0,-0.08
154,50,"(27, 16)",1,-0.08
154,51,"(28, 16)",1,-0.08
154,52,"(29, 16)",0,-0.08
154,53,"(29, 15)",1,-0.08
154,54,"(30, 15)",1,-0.08
154,55,"(31, 15)",1,-0.08
154,56,"(32, 15)",0,-0.08
154,57,"(32, 14)",0,-0.08
154,58,"(32, 13)",1,-0.08
154,59,"(33, 13)",1,-0.08
154,60,"(34, 13)",1,-0.08
154,61,"(35, 13)",1,-0.08
154,62,"(36, 13)",1,-0.08
154,63,"(37, 13)",1,-0.08
154,64,"(38, 13)",1,-0.08
154,65,"(39, 13)",0,-0.08
154,66,"(39, 12)",0,-0.08
154,67,"(39, 11)",1,-0.08
154,68,"(40, 11)",1,-0.08
154,69,"(41, 11)",1,-0.08
154,70,"(42, 11)",1,-0.08
154,71,"(43, 11)",1,-0.08
154,72,"(44, 11)",1,-0.08
154,73,"(45, 11)",0,-0.08
154,74,"(45, 10)",1,-0.08
154,75,"(46, 10)",0,-0.08
154,76,"(46, 9)",0,-0.08
154,77,"(46, 8)",0,-0.08
154,78,"(46, 7)",1,-0.08
154,79,"(47, 7)",0,-0.08
154,80,"(47, 6)",1,-0.08
154,81,"(48, 6)",1,-0.08
154,82,"(49, 6)",0,-0.08
154,83,"(49, 5)",1,-0.08
154,84,"(50, 5)",1,-0.08
154,85,"(51, 5)",0,-0.08
154,86,"(51, 4)",0,-0.08
154,87,"(51, 3)",0,-0.08
154,88,"(51, 2)",1,-0.08
154,89,"(52, 2)",0,-0.08
154,90,"(52, 1)",1,-0.08
154,91,"(53, 1)",1,-0.08
154,92,"(54, 1)",1,-0.08
154,93,"(55, 1)",1,-0.08
154,94,"(56, 1)",1,-0.08
154,95,"(57, 1)",1,-0.08
154,96,"(58, 1)",1,-0.08
154,97,"(59, 1)",1,-0.08
154,98,"(60, 1)",1,-0.08
154,99,"(61, 1)",1,-0.08
154,100,"(62, 1)",1,-0.08
154,101,"(63, 1)",1,-0.08
154,102,"(64, 1)",1,-0.08
154,103,"(65, 1)",1,-0.08
154,104,"(66, 1)",1,-0.08
154,105,"(67, 1)",1,-0.08
154,106,"(68, 1)",1,-0.08
154,107,"(69, 1)",1,-0.08
154,108,"(70, 1)",1,-0.08
154,109,"(71, 1)",2,-0.08
154,110,"(71, 2)",2,-0.08
154,111,"(71, 3)",1,-0.08
154,112,"(72, 3)",1,-0.08
154,113,"(73, 3)",0,-0.08
154,114,"(73, 2)",0,-0.08
154,115,"(73, 1)",0,-0.08
154,116,"(73, 0)",1,-0.08
154,117,"(74, 0)",1,-0.08
154,118,"(75, 0)",1,-0.08
154,119,"(76, 0)",1,-0.08
154,120,"(77, 0)",1,-0.08
154,121,"(78, 0)",1,8.33
155,0,"(0, 39)",1,-0.08
155,1,"(1, 39)",1,-0.08
155,2,"(2, 39)",1,-0.08
155,3,"(3, 39)",1,-0.08
155,4,"(4, 39)",1,-0.08
155,5,"(5, 39)",1,-0.08
155,6,"(6, 39)",1,-0.08
155,7,"(7, 39)",1,-0.08
155,8,"(8, 39)",1,-0.08
155,9,"(9, 39)",1,-0.08
155,10,"(10, 39)",0,-0.08
155,11,"(10, 38)",1,-0.08
155,12,"(11, 38)",0,-0.08
155,13,"(11, 37)",1,-0.08
155,14,"(12, 37)",1,-0.08
155,15,"(13, 37)",1,-0.08
155,16,"(14, 37)",1,-0.08
155,17,"(15, 37)",0,-0.08
155,18,"(15, 36)",1,-0.08
155,19,"(16, 36)",1,-0.08
155,20,"(17, 36)",0,-0.08
155,21,"(17, 35)",0,-0.08
155,22,"(17, 34)",1,-0.08
155,23,"(18, 34)",1,-0.08
155,24,"(19, 34)",0,-0.08
155,25,"(19, 33)",0,-0.08
155,26,"(19, 32)",0,-0.08
155,27,"(19, 31)",0,-0.08
155,28,"(19, 30)",0,-0.08
155,29,"(19, 29)",1,-0.08
155,30,"(20, 29)",0,-0.08
155,31,"(20, 28)",0,-0.08
155,32,"(20, 27)",1,-0.08
155,33,"(21, 27)",0,-0.08
155,34,"(21, 26)",0,-0.08
155,35,"(21, 25)",1,-0.08
155,36,"(22, 25)",1,-0.08
155,37,"(23, 25)",1,-0.08
155,38,"(24, 25)",1,-0.08
155,39,"(25, 25)",1,-0.08
155,40,"(26, 25)",1,-0.08
155,41,"(27, 25)",1,-0.08
155,42,"(28, 25)",1,-0.08
155,43,"(29, 25)",1,-0.08
155,44,"(30, 25)",1,-0.08
155,45,"(31, 25)",0,-0.08
155,46,"(31, 24)",0,-0.08
155,47,"(31, 23)",1,-0.08
155,48,"(32, 23)",1,-0.08
155,49,"(33, 23)",0,-0.08
155,50,"(33, 22)",0,-0.08
155,51,"(33, 21)",1,-0.08
155,52,"(34, 21)",1,-0.08
155,53,"(35, 21)",0,-0.08
155,54,"(35, 20)",0,-0.08
155,55,"(35, 19)",0,-0.08
155,56,"(35, 18)",0,-0.08
155,57,"(35, 17)",0,-0.08
155,58,"(35, 16)",0,-0.08
155,59,"(35, 15)",0,-0.08
155,60,"(35, 14)",0,-0.08
155,61,"(35, 13)",1,-0.08
155,62,"(36, 13)",1,-0.08
155,63,"(37, 13)",1,-0.08
155,64,"(38, 13)",1,-0.08
155,65,"(39, 13)",1,-0.08
155,66,"(40, 13)",1,-0.08
155,67,"(41, 13)",1,-0.08
155,68,"(42, 13)",1,-0.08
155,69,"(43, 13)",1,-0.08
155,70,"(44, 13)",1,-0.08
155,71,"(45, 13)",0,-0.08
155,72,"(45, 12)",0,-0.08
155,73,"(45, 11)",0,-0.08
155,74,"(45, 10)",0,-0.08
155,75,"(45, 9)",0,-0.08
155,76,"(45, 8)",1,-0.08
155,77,"(46, 8)",0,-0.08
155,78,"(46, 7)",0,-0.08
155,79,"(46, 6)",1,-0.08
155,80,"(47, 6)",1,-0.08
155,81,"(48, 6)",1,-0.08
155,82,"(49, 6)",0,-0.08
155,83,"(49, 5)",1,-0.08
155,84,"(50, 5)",1,-0.08
155,85,"(51, 5)",1,-0.08
155,86,"(52, 5)",1,-0.08
155,87,"(53, 5)",0,-0.08
155,88,"(53, 4)",0,-0.08
155,89,"(53, 3)",1,-0.08
155,90,"(54, 3)",1,-0.08
155,91,"(55, 3)",1,-0.08
155,92,"(56, 3)",1,-0.08
155,93,"(57, 3)",0,-0.08
155,94,"(57, 2)",1,-0.08
155,95,"(58, 2)",0,-0.08
155,96,"(58, 1)",1,-0.08
155,97,"(59, 1)",1,-0.08
155,98,"(60, 1)",1,-0.08
155,99,"(61, 1)",1,-0.08
155,100,"(62, 1)",1,-0.08
155,101,"(63, 1)",1,-0.08
155,102,"(64, 1)",1,-0.08
155,103,"(65, 1)",1,-0.08
155,104,"(66, 1)",1,-0.08
155,105,"(67, 1)",1,-0.08
155,106,"(68, 1)",1,-0.08
155,107,"(69, 1)",1,-0.08
155,108,"(70, 1)",1,-0.08
155,109,"(71, 1)",2,-0.08
155,110,"(71, 2)",2,-0.08
155,111,"(71, 3)",1,-0.08
155,112,"(72, 3)",1,-0.08
155,113,"(73, 3)",1,-0.08
155,114,"(74, 3)",1,-0.08
155,115,"(75, 3)",1,-0.08
155,116,"(76, 3)",1,-0.08
155,117,"(77, 3)",0,-0.08
155,118,"(77, 2)",0,-0.08
155,119,"(77, 1)",0,-0.08
155,120,"(77, 0)",1,-0.08
155,121,"(78, 0)",1,8.33
156,0,"(0, 39)",1,-0.08
156,1,"(1, 39)",1,-0.08
156,2,"(2, 39)",1,-0.08
156,3,"(3, 39)",1,-0.08
156,4,"(4, 39)",1,-0.08
156,5,"(5, 39)",1,-0.08
156,6,"(6, 39)",1,-0.08
156,7,"(7, 39)",1,-0.08
156,8,"(8, 39)",1,-0.08
156,9,"(9, 39)",1,-0.08
156,10,"(10, 39)",0,-0.08
156,11,"(10, 38)",1,-0.08
156,12,"(11, 38)",0,-0.08
156,13,"(11, 37)",1,-0.08
156,14,"(12, 37)",1,-0.08
156,15,"(13, 37)",1,-0.08
156,16,"(14, 37)",1,-0.08
156,17,"(15, 37)",0,-0.08
156,18,"(15, 36)",0,-0.08
156,19,"(15, 35)",0,-0.08
156,20,"(15, 34)",0,-0.08
156,21,"(15, 33)",1,-0.08
156,22,"(16, 33)",1,-0.08
156,23,"(17, 33)",1,-0.08
156,24,"(18, 33)",1,-0.08
156,25,"(19, 33)",0,-0.08
156,26,"(19, 32)",0,-0.08
156,27,"(19, 31)",0,-0.08
156,28,"(19, 30)",0,-0.08
156,29,"(19, 29)",1,-0.08
156,30,"(20, 29)",0,-0.08
156,31,"(20, 28)",0,-0.08
156,32,"(20, 27)",1,-0.08
156,33,"(21, 27)",0,-0.08
156,34,"(21, 26)",0,-0.08
156,35,"(21, 25)",1,-0.08
156,36,"(22, 25)",0,-0.08
156,37,"(22, 24)",0,-0.08
156,38,"(22, 23)",1,-0.08
156,39,"(23, 23)",1,-0.08
156,40,"(24, 23)",1,-0.08
156,41,"(25, 23)",0,-0.08
156,42,"(25, 22)",0,-0.08
156,43,"(25, 21)",0,-0.08
156,44,"(25, 20)",0,-0.08
156,45,"(25, 19)",0,-0.08
156,46,"(25, 18)",1,-0.08
156,47,"(26, 18)",1,-0.08
156,48,"(27, 18)",0,-0.08
156,49,"(27, 17)",1,-0.08
156,50,"(28, 17)",1,-0.08
156,51,"(29, 17)",0,-0.08
156,52,"(29, 16)",0,-0.08
156,53,"(29, 15)",1,-0.08
156,54,"(30, 15)",1,-0.08
156,55,"(31, 15)",1,-0.08
156,56,"(32, 15)",0,-0.08
156,57,"(32, 14)",0,-0.08
156,58,"(32, 13)",1,-0.08
156,59,"(33, 13)",1,-0.08
156,60,"(34, 13)",1,-0.08
156,61,"(35, 13)",1,-0.08
156,62,"(36, 13)",1,-0.08
156,63,"(37, 13)",1,-0.08
156,64,"(38, 13)",1,-0.08
156,65,"(39, 13)",0,-0.08
156,66,"(39, 12)",0,-0.08
156,67,"(39, 11)",1,-0.08
156,68,"(40, 11)",1,-0.08
156,69,"(41, 11)",1,-0.08
156,70,"(42, 11)",1,-0.08
156,71,"(43, 11)",1,-0.08
156,72,"(44, 11)",1,-0.08
156,73,"(45, 11)",0,-0.08
156,74,"(45, 10)",1,-0.08
156,75,"(46, 10)",0,-0.08
156,76,"(46, 9)",0,-0.08
156,77,"(46, 8)",0,-0.08
156,78,"(46, 7)",1,-0.08
156,79,"(47, 7)",0,-0.08
156,80,"(47, 6)",1,-0.08
156,81,"(48, 6)",1,-0.08
156,82,"(49, 6)",0,-0.08
156,83,"(49, 5)",1,-0.08
156,84,"(50, 5)",1,-0.08
156,85,"(51, 5)",0,-0.08
156,86,"(51, 4)",0,-0.08
156,87,"(51, 3)",0,-0.08
156,88,"(51, 2)",0,-0.08
156,89,"(51, 1)",1,-0.08
156,90,"(52, 1)",1,-0.08
156,91,"(53, 1)",1,-0.08
156,92,"(54, 1)",1,-0.08
156,93,"(55, 1)",1,-0.08
156,94,"(56, 1)",1,-0.08
156,95,"(57, 1)",1,-0.08
156,96,"(58, 1)",1,-0.08
156,97,"(59, 1)",1,-0.08
156,98,"(60, 1)",1,-0.08
156,99,"(61, 1)",1,-0.08
156,100,"(62, 1)",1,-0.08
156,101,"(63, 1)",1,-0.08
156,102,"(64, 1)",1,-0.08
156,103,"(65, 1)",1,-0.08
156,104,"(66, 1)",1,-0.08
156,105,"(67, 1)",1,-0.08
156,106,"(68, 1)",1,-0.08
156,107,"(69, 1)",1,-0.08
156,108,"(70, 1)",1,-0.08
156,109,"(71, 1)",2,-0.08
156,110,"(71, 2)",2,-0.08
156,111,"(71, 3)",1,-0.08
156,112,"(72, 3)",1,-0.08
156,113,"(73, 3)",1,-0.08
156,114,"(74, 3)",1,-0.08
156,115,"(75, 3)",1,-0.08
156,116,"(76, 3)",1,-0.08
156,117,"(77, 3)",0,-0.08
156,118,"(77, 2)",0,-0.08
156,119,"(77, 1)",0,-0.08
156,120,"(77, 0)",1,-0.08
156,121,"(78, 0)",1,8.33
157,0,"(0, 39)",1,-0.08
157,1,"(1, 39)",1,-0.08
157,2,"(2, 39)",1,-0.08
157,3,"(3, 39)",1,-0.08
157,4,"(4, 39)",1,-0.08
157,5,"(5, 39)",1,-0.08
157,6,"(6, 39)",1,-0.08
157,7,"(7, 39)",1,-0.08
157,8,"(8, 39)",1,-0.08
157,9,"(9, 39)",1,-0.08
157,10,"(10, 39)",0,-0.08
157,11,"(10, 38)",1,-0.08
157,12,"(11, 38)",0,-0.08
157,13,"(11, 37)",1,-0.08
157,14,"(12, 37)",1,-0.08
157,15,"(13, 37)",1,-0.08
157,16,"(14, 37)",1,-0.08
157,17,"(15, 37)",0,-0.08
157,18,"(15, 36)",1,-0.08
157,19,"(16, 36)",1,-0.08
157,20,"(17, 36)",0,-0.08
157,21,"(17, 35)",0,-0.08
157,22,"(17, 34)",0,-0.08
157,23,"(17, 33)",1,-0.08
157,24,"(18, 33)",1,-0.08
157,25,"(19, 33)",0,-0.08
157,26,"(19, 32)",0,-0.08
157,27,"(19, 31)",0,-0.08
157,28,"(19, 30)",0,-0.08
157,29,"(19, 29)",1,-0.08
157,30,"(20, 29)",0,-0.08
157,31,"(20, 28)",0,-0.08
157,32,"(20, 27)",1,-0.08
157,33,"(21, 27)",0,-0.08
157,34,"(21, 26)",0,-0.08
157,35,"(21, 25)",1,-0.08
157,36,"(22, 25)",1,-0.08
157,37,"(23, 25)",1,-0.08
157,38,"(24, 25)",1,-0.08
157,39,"(25, 25)",1,-0.08
157,40,"(26, 25)",1,-0.08
157,41,"(27, 25)",1,-0.08
157,42,"(28, 25)",1,-0.08
157,43,"(29, 25)",1,-0.08
157,44,"(30, 25)",1,-0.08
157,45,"(31, 25)",0,-0.08
157,46,"(31, 24)",0,-0.08
157,47,"(31, 23)",1,-0.08
157,48,"(32, 23)",1,-0.08
157,49,"(33, 23)",0,-0.08
157,50,"(33, 22)",0,-0.08
157,51,"(33, 21)",1,-0.08
157,52,"(34, 21)",1,-0.08
157,53,"(35, 21)",1,-0.08
157,54,"(36, 21)",1,-0.08
157,55,"(37, 21)",1,-0.08
157,56,"(38, 21)",1,-0.08
157,57,"(39, 21)",0,-0.08
157,58,"(39, 20)",0,-0.08
157,59,"(39, 19)",0,-0.08
157,60,"(39, 18)",0,-0.08
157,61,"(39, 17)",0,-0.08
157,62,"(39, 16)",0,-0.08
157,63,"(39, 15)",1,-0.08
157,64,"(40, 15)",1,-0.08
157,65,"(41, 15)",0,-0.08
157,66,"(41, 14)",0,-0.08
157,67,"(41, 13)",1,-0.08
157,68,"(42, 13)",1,-0.08
157,69,"(43, 13)",0,-0.08
157,70,"(43, 12)",0,-0.08
157,71,"(43, 11)",1,-0.08
157,72,"(44, 11)",1,-0.08
157,73,"(45, 11)",0,-0.08
157,74,"(45, 10)",1,-0.08
157,75,"(46, 10)",0,-0.08
157,76,"(46, 9)",0,-0.08
157,77,"(46, 8)",0,-0.08
157,78,"(46, 7)",1,-0.08
157,79,"(47, 7)",0,-0.08
157,80,"(47, 6)",1,-0.08
157,81,"(48, 6)",1,-0.08
157,82,"(49, 6)",0,-0.08
157,83,"(49, 5)",1,-0.08
157,84,"(50, 5)",1,-0.08
157,85,"(51, 5)",1,-0.08
157,86,"(52, 5)",1,-0.08
157,87,"(53, 5)",0,-0.08
157,88,"(53, 4)",0,-0.08
157,89,"(53, 3)",0,-0.08
157,90,"(53, 2)",0,-0.08
157,91,"(53, 1)",1,-0.08
157,92,"(54, 1)",1,-0.08
157,93,"(55, 1)",1,-0.08
157,94,"(56, 1)",1,-0.08
157,95,"(57, 1)",1,-0.08
157,96,"(58, 1)",1,-0.08
157,97,"(59, 1)",1,-0.08
157,98,"(60, 1)",1,-0.08
157,99,"(61, 1)",1,-0.08
157,100,"(62, 1)",1,-0.08
157,101,"(63, 1)",1,-0.08
157,102,"(64, 1)",1,-0.08
157,103,"(65, 1)",1,-0.08
157,104,"(66, 1)",1,-0.08
157,105,"(67, 1)",1,-0.08
157,106,"(68, 1)",1,-0.08
157,107,"(69, 1)",1,-0.08
157,108,"(70, 1)",1,-0.08
157,109,"(71, 1)",2,-0.08
157,110,"(71, 2)",2,-0.08
157,111,"(71, 3)",1,-0.08
157,112,"(72, 3)",1,-0.08
157,113,"(73, 3)",1,-0.08
157,114,"(74, 3)",1,-0.08
157,115,"(75, 3)",1,-0.08
157,116,"(76, 3)",1,-0.08
157,117,"(77, 3)",0,-0.08
157,118,"(77, 2)",0,-0.08
157,119,"(77, 1)",0,-0.08
157,120,"(77, 0)",1,-0.08
157,121,"(78, 0)",1,8.33
158,0,"(0, 39)",1,-0.08
158,1,"(1, 39)",1,-0.08
158,2,"(2, 39)",1,-0.08
158,3,"(3, 39)",1,-0.08
158,4,"(4, 39)",1,-0.08
158,5,"(5, 39)",1,-0.08
158,6,"(6, 39)",1,-0.08
158,7,"(7, 39)",1,-0.08
158,8,"(8, 39)",1,-0.08
158,9,"(9, 39)",1,-0.08
158,10,"(10, 39)",1,-0.08
158,11,"(11, 39)",1,-0.08
158,12,"(12, 39)",1,-0.08
158,13,"(13, 39)",1,-0.08
158,14,"(14, 39)",0,-0.08
158,15,"(14, 38)",0,-0.08
158,16,"(14, 37)",1,-0.08
158,17,"(15, 37)",0,-0.08
158,18,"(15, 36)",0,-0.08
158,19,"(15, 35)",0,-0.08
158,20,"(15, 34)",0,-0.08
158,21,"(15, 33)",1,-0.08
158,22,"(16, 33)",1,-0.08
158,23,"(17, 33)",1,-0.08
158,24,"(18, 33)",1,-0.08
158,25,"(19, 33)",0,-0.08
158,26,"(19, 32)",0,-0.08
158,27,"(19, 31)",0,-0.08
158,28,"(19, 30)",0,-0.08
158,29,"(19, 29)",1,-0.08
158,30,"(20, 29)",0,-0.08
158,31,"(20, 28)",0,-0.08
158,32,"(20, 27)",1,-0.08
158,33,"(21, 27)",0,-0.08
158,34,"(21, 26)",1,-0.08
158,35,"(22, 26)",0,-0.08
158,36,"(22, 25)",1,-0.08
158,37,"(23, 25)",1,-0.08
158,38,"(24, 25)",1,-0.08
158,39,"(25, 25)",1,-0.08
158,40,"(26, 25)",1,-0.08
158,41,"(27, 25)",1,-0.08
158,42,"(28, 25)",1,-0.08
158,43,"(29, 25)",1,-0.08
158,44,"(30, 25)",1,-0.08
158,45,"(31, 25)",0,-0.08
158,46,"(31, 24)",0,-0.08
158,47,"(31, 23)",1,-0.08
158,48,"(32, 23)",1,-0.08
158,49,"(33, 23)",0,-0.08
158,50,"(33, 22)",0,-0.08
158,51,"(33, 21)",1,-0.08
158,52,"(34, 21)",1,-0.08
158,53,"(35, 21)",1,-0.08
158,54,"(36, 21)",1,-0.08
158,55,"(37, 21)",1,-0.08
158,56,"(38, 21)",1,-0.08
158,57,"(39, 21)",1,-0.08
158,58,"(40, 21)",1,-0.08
158,59,"(41, 21)",1,-0.08
158,60,"(42, 21)",0,-0.08
158,61,"(42, 20)",1,-0.08
158,62,"(43, 20)",0,-0.08
158,63,"(43, 19)",1,-0.08
158,64,"(44, 19)",0,-0.08
158,65,"(44, 18)",0,-0.08
158,66,"(44, 17)",0,-0.08
158,67,"(44, 16)",0,-0.08
158,68,"(44, 15)",1,-0.08
158,69,"(45, 15)",0,-0.08
158,70,"(45, 14)",0,-0.08
158,71,"(45, 13)",0,-0.08
158,72,"(45, 12)",0,-0.08
158,73,"(45, 11)",0,-0.08
158,74,"(45, 10)",0,-0.08
158,75,"(45, 9)",1,-0.08
158,76,"(46, 9)",0,-0.08
158,77,"(46, 8)",0,-0.08
158,78,"(46, 7)",0,-0.08
158,79,"(46, 6)",1,-0.08
158,80,"(47, 6)",1,-0.08
158,81,"(48, 6)",1,-0.08
158,82,"(49, 6)",0,-0.08
158,83,"(49, 5)",1,-0.08
158,84,"(50, 5)",1,-0.08
158,85,"(51, 5)",1,-0.08
158,86,"(52, 5)",1,-0.08
158,87,"(53, 5)",0,-0.08
158,88,"(53, 4)",0,-0.08
158,89,"(53, 3)",0,-0.08
158,90,"(53, 2)",0,-0.08
158,91,"(53, 1)",1,-0.08
158,92,"(54, 1)",1,-0.08
158,93,"(55, 1)",1,-0.08
158,94,"(56, 1)",1,-0.08
158,95,"(57, 1)",1,-0.08
158,96,"(58, 1)",1,-0.08
158,97,"(59, 1)",1,-0.08
158,98,"(60, 1)",1,-0.08
158,99,"(61, 1)",1,-0.08
158,100,"(62, 1)",1,-0.08
158,101,"(63, 1)",1,-0.08
158,102,"(64, 1)",1,-0.08
158,103,"(65, 1)",1,-0.08
158,104,"(66, 1)",1,-0.08
158,105,"(67, 1)",1,-0.08
158,106,"(68, 1)",1,-0.08
158,107,"(69, 1)",1,-0.08
158,108,"(70, 1)",1,-0.08
158,109,"(71, 1)",2,-0.08
158,110,"(71, 2)",2,-0.08
158,111,"(71, 3)",1,-0.08
158,112,"(72, 3)",1,-0.08
158,113,"(73, 3)",1,-0.08
158,114,"(74, 3)",1,-0.08
158,115,"(75, 3)",1,-0.08
158,116,"(76, 3)",1,-0.08
158,117,"(77, 3)",0,-0.08
158,118,"(77, 2)",0,-0.08
158,119,"(77, 1)",0,-0.08
158,120,"(77, 0)",1,-0.08
158,121,"(78, 0)",1,8.33
159,0,"(0, 39)",1,-0.08
159,1,"(1, 39)",1,-0.08
159,2,"(2, 39)",1,-0.08
159,3,"(3, 39)",1,-0.08
159,4,"(4, 39)",1,-0.08
159,5,"(5, 39)",1,-0.08
159,6,"(6, 39)",1,-0.08
159,7,"(7, 39)",1,-0.08
159,8,"(8, 39)",1,-0.08
159,9,"(9, 39)",1,-0.08
159,10,"(10, 39)",0,-0.08
159,11,"(10, 38)",0,-0.08
159,12,"(10, 37)",1,-0.08
159,13,"(11, 37)",1,-0.08
159,14,"(12, 37)",1,-0.08
159,15,"(13, 37)",1,-0.08
159,16,"(14, 37)",1,-0.08
159,17,"(15, 37)",1,-0.08
159,18,"(16, 37)",0,-0.08
159,19,"(16, 36)",1,-0.08
159,20,"(17, 36)",0,-0.08
159,21,"(17, 35)",0,-0.08
159,22,"(17, 34)",1,-0.08
159,23,"(18, 34)",0,-0.08
159,24,"(18, 33)",1,-0.08
159,25,"(19, 33)",0,-0.08
159,26,"(19, 32)",0,-0.08
159,27,"(19, 31)",0,-0.08
159,28,"(19, 30)",0,-0.08
159,29,"(19, 29)",1,-0.08
159,30,"(20, 29)",0,-0.08
159,31,"(20, 28)",0,-0.08
159,32,"(20, 27)",1,-0.08
159,33,"(21, 27)",0,-0.08
159,34,"(21, 26)",1,-0.08
159,35,"(22, 26)",0,-0.08
159,36,"(22, 25)",1,-0.08
159,37,"(23, 25)",1,-0.08
159,38,"(24, 25)",1,-0.08
159,39,"(25, 25)",1,-0.08
159,40,"(26, 25)",1,-0.08
159,41,"(27, 25)",1,-0.08
159,42,"(28, 25)",1,-0.08
159,43,"(29, 25)",1,-0.08
159,44,"(30, 25)",1,-0.08
159,45,"(31, 25)",0,-0.08
159,46,"(31, 24)",0,-0.08
159,47,"(31, 23)",1,-0.08
159,48,"(32, 23)",1,-0.08
159,49,"(33, 23)",0,-0.08
159,50,"(33, 22)",0,-0.08
159,51,"(33, 21)",1,-0.08
159,52,"(34, 21)",1,-0.08
159,53,"(35, 21)",1,-0.08
159,54,"(36, 21)",1,-0.08
159,55,"(37, 21)",1,-0.08
159,56,"(38, 21)",1,-0.08
159,57,"(39, 21)",0,-0.08
159,58,"(39, 20)",1,-0.08
159,59,"(40, 20)",1,-0.08
159,60,"(41, 20)",1,-0.08
159,61,"(42, 20)",1,-0.08
159,62,"(43, 20)",0,-0.08
159,63,"(43, 19)",1,-0.08
159,64,"(44, 19)",0,-0.08
159,65,"(44, 18)",0,-0.08
159,66,"(44, 17)",0,-0.08
159,67,"(44, 16)",0,-0.08
159,68,"(44, 15)",1,-0.08
159,69,"(45, 15)",0,-0.08
159,70,"(45, 14)",0,-0.08
159,71,"(45, 13)",0,-0.08
159,72,"(45, 12)",0,-0.08
159,73,"(45, 11)",0,-0.08
159,74,"(45, 10)",1,-0.08
159,75,"(46, 10)",0,-0.08
159,76,"(46, 9)",0,-0.08
159,77,"(46, 8)",0,-0.08
159,78,"(46, 7)",1,-0.08
159,79,"(47, 7)",0,-0.08
159,80,"(47, 6)",1,-0.08
159,81,"(48, 6)",1,-0.08
159,82,"(49, 6)",0,-0.08
159,83,"(49, 5)",1,-0.08
159,84,"(50, 5)",1,-0.08
159,85,"(51, 5)",1,-0.08
159,86,"(52, 5)",1,-0.08
159,87,"(53, 5)",0,-0.08
159,88,"(53, 4)",0,-0.08
159,89,"(53, 3)",1,-0.08
159,90,"(54, 3)",1,-0.08
159,91,"(55, 3)",1,-0.08
159,92,"(56, 3)",1,-0.08
159,93,"(57, 3)",0,-0.08
159,94,"(57, 2)",1,-0.08
159,95,"(58, 2)",1,-0.08
159,96,"(59, 2)",0,-0.08
159,97,"(59, 1)",1,-0.08
159,98,"(60, 1)",1,-0.08
159,99,"(61, 1)",1,-0.08
159,100,"(62, 1)",1,-0.08
159,101,"(63, 1)",1,-0.08
159,102,"(64, 1)",1,-0.08
159,103,"(65, 1)",1,-0.08
159,104,"(66, 1)",1,-0.08
159,105,"(67, 1)",1,-0.08
159,106,"(68, 1)",1,-0.08
159,107,"(69, 1)",1,-0.08
159,108,"(70, 1)",1,-0.08
159,109,"(71, 1)",2,-0.08
159,110,"(71, 2)",2,-0.08
159,111,"(71, 3)",1,-0.08
159,112,"(72, 3)",1,-0.08
159,113,"(73, 3)",1,-0.08
159,114,"(74, 3)",1,-0.08
159,115,"(75, 3)",1,-0.08
159,116,"(76, 3)",1,-0.08
159,117,"(77, 3)",0,-0.08
159,118,"(77, 2)",0,-0.08
159,119,"(77, 1)",1,-0.08
159,120,"(78, 1)",0,-0.08
159,121,"(78, 0)",1,8.33
160,0,"(0, 39)",1,-0.08
160,1,"(1, 39)",1,-0.08
160,2,"(2, 39)",1,-0.08
160,3,"(3, 39)",1,-0.08
160,4,"(4, 39)",1,-0.08
160,5,"(5, 39)",1,-0.08
160,6,"(6, 39)",1,-0.08
160,7,"(7, 39)",1,-0.08
160,8,"(8, 39)",1,-0.08
160,9,"(9, 39)",1,-0.08
160,10,"(10, 39)",1,-0.08
160,11,"(11, 39)",0,-0.08
160,12,"(11, 38)",0,-0.08
160,13,"(11, 37)",1,-0.08
160,14,"(12, 37)",1,-0.08
160,15,"(13, 37)",1,-0.08
160,16,"(14, 37)",1,-0.08
160,17,"(15, 37)",1,-0.08
160,18,"(16, 37)",1,-0.08
160,19,"(17, 37)",0,-0.08
160,20,"(17, 36)",0,-0.08
160,21,"(17, 35)",0,-0.08
160,22,"(17, 34)",0,-0.08
160,23,"(17, 33)",1,-0.08
160,24,"(18, 33)",1,-0.08
160,25,"(19, 33)",0,-0.08
160,26,"(19, 32)",0,-0.08
160,27,"(19, 31)",0,-0.08
160,28,"(19, 30)",0,-0.08
160,29,"(19, 29)",1,-0.08
160,30,"(20, 29)",0,-0.08
160,31,"(20, 28)",0,-0.08
160,32,"(20, 27)",1,-0.08
160,33,"(21, 27)",0,-0.08
160,34,"(21, 26)",1,-0.08
160,35,"(22, 26)",0,-0.08
160,36,"(22, 25)",1,-0.08
160,37,"(23, 25)",1,-0.08
160,38,"(24, 25)",1,-0.08
160,39,"(25, 25)",0,-0.08
160,40,"(25, 24)",0,-0.08
160,41,"(25, 23)",0,-0.08
160,42,"(25, 22)",0,-0.08
160,43,"(25, 21)",1,-0.08
160,44,"(26, 21)",1,-0.08
160,45,"(27, 21)",0,-0.08
160,46,"(27, 20)",0,-0.08
160,47,"(27, 19)",0,-0.08
160,48,"(27, 18)",0,-0.08
160,49,"(27, 17)",0,-0.08
160,50,"(27, 16)",1,-0.08
160,51,"(28, 16)",1,-0.08
160,52,"(29, 16)",0,-0.08
160,53,"(29, 15)",1,-0.08
160,54,"(30, 15)",1,-0.08
160,55,"(31, 15)",1,-0.08
160,56,"(32, 15)",0,-0.08
160,57,"(32, 14)",0,-0.08
160,58,"(32, 13)",1,-0.08
160,59,"(33, 13)",1,-0.08
160,60,"(34, 13)",1,-0.08
160,61,"(35, 13)",1,-0.08
160,62,"(36, 13)",1,-0.08
160,63,"(37, 13)",1,-0.08
160,64,"(38, 13)",1,-0.08
160,65,"(39, 13)",1,-0.08
160,66,"(40, 13)",1,-0.08
160,67,"(41, 13)",1,-0.08
160,68,"(42, 13)",1,-0.08
160,69,"(43, 13)",1,-0.08
160,70,"(44, 13)",1,-0.08
160,71,"(45, 13)",0,-0.08
160,72,"(45, 12)",0,-0.08
160,73,"(45, 11)",0,-0.08
160,74,"(45, 10)",1,-0.08
160,75,"(46, 10)",0,-0.08
160,76,"(46, 9)",0,-0.08
160,77,"(46, 8)",0,-0.08
160,78,"(46, 7)",1,-0.08
160,79,"(47, 7)",0,-0.08
160,80,"(47, 6)",1,-0.08
160,81,"(48, 6)",1,-0.08
160,82,"(49, 6)",0,-0.08
160,83,"(49, 5)",1,-0.08
160,84,"(50, 5)",1,-0.08
160,85,"(51, 5)",0,-0.08
160,86,"(51, 4)",0,-0.08
160,87,"(51, 3)",0,-0.08
160,88,"(51, 2)",0,-0.08
160,89,"(51, 1)",1,-0.08
160,90,"(52, 1)",1,-0.08
160,91,"(53, 1)",1,-0.08
160,92,"(54, 1)",1,-0.08
160,93,"(55, 1)",1,-0.08
160,94,"(56, 1)",1,-0.08
160,95,"(57, 1)",1,-0.08
160,96,"(58, 1)",1,-0.08
160,97,"(59, 1)",1,-0.08
160,98,"(60, 1)",1,-0.08
160,99,"(61, 1)",1,-0.08
160,100,"(62, 1)",1,-0.08
160,101,"(63, 1)",1,-0.08
160,102,"(64, 1)",1,-0.08
160,103,"(65, 1)",1,-0.08
160,104,"(66, 1)",1,-0.08
160,105,"(67, 1)",1,-0.08
160,106,"(68, 1)",1,-0.08
160,107,"(69, 1)",1,-0.08
160,108,"(70, 1)",1,-0.08
160,109,"(71, 1)",2,-0.08
160,110,"(71, 2)",2,-0.08
160,111,"(71, 3)",1,-0.08
160,112,"(72, 3)",1,-0.08
160,113,"(73, 3)",0,-0.08
160,114,"(73, 2)",0,-0.08
160,115,"(73, 1)",0,-0.08
160,116,"(73, 0)",1,-0.08
160,117,"(74, 0)",1,-0.08
160,118,"(75, 0)",1,-0.08
160,119,"(76, 0)",1,-0.08
160,120,"(77, 0)",1,-0.08
160,121,"(78, 0)",1,8.33
161,0,"(0, 39)",1,-0.08
161,1,"(1, 39)",1,-0.08
161,2,"(2, 39)",1,-0.08
161,3,"(3, 39)",1,-0.08
161,4,"(4, 39)",1,-0.08
161,5,"(5, 39)",1,-0.08
161,6,"(6, 39)",1,-0.08
161,7,"(7, 39)",1,-0.08
161,8,"(8, 39)",1,-0.08
161,9,"(9, 39)",1,-0.08
161,10,"(10, 39)",0,-0.08
161,11,"(10, 38)",1,-0.08
161,12,"(11, 38)",0,-0.08
161,13,"(11, 37)",1,-0.08
161,14,"(12, 37)",1,-0.08
161,15,"(13, 37)",1,-0.08
161,16,"(14, 37)",1,-0.08
161,17,"(15, 37)",1,-0.08
161,18,"(16, 37)",0,-0.08
161,19,"(16, 36)",1,-0.08
161,20,"(17, 36)",0,-0.08
161,21,"(17, 35)",1,-0.08
161,22,"(18, 35)",1,-0.08
161,23,"(19, 35)",0,-0.08
161,24,"(19, 34)",0,-0.08
161,25,"(19, 33)",0,-0.08
161,26,"(19, 32)",0,-0.08
161,27,"(19, 31)",0,-0.08
161,28,"(19, 30)",0,-0.08
161,29,"(19, 29)",1,-0.08
161,30,"(20, 29)",0,-0.08
161,31,"(20, 28)",0,-0.08
161,32,"(20, 27)",1,-0.08
161,33,"(21, 27)",0,-0.08
161,34,"(21, 26)",0,-0.08
161,35,"(21, 25)",1,-0.08
161,36,"(22, 25)",0,-0.08
161,37,"(22, 24)",0,-0.08
161,38,"(22, 23)",1,-0.08
161,39,"(23, 23)",1,-0.08
161,40,"(24, 23)",1,-0.08
161,41,"(25, 23)",0,-0.08
161,42,"(25, 22)",0,-0.08
161,43,"(25, 21)",1,-0.08
161,44,"(26, 21)",1,-0.08
161,45,"(27, 21)",0,-0.08
161,46,"(27, 20)",0,-0.08
161,47,"(27, 19)",0,-0.08
161,48,"(27, 18)",0,-0.08
161,49,"(27, 17)",1,-0.08
161,50,"(28, 17)",0,-0.08
161,51,"(28, 16)",1,-0.08
161,52,"(29, 16)",0,-0.08
161,53,"(29, 15)",1,-0.08
161,54,"(30, 15)",1,-0.08
161,55,"(31, 15)",1,-0.08
161,56,"(32, 15)",0,-0.08
161,57,"(32, 14)",0,-0.08
161,58,"(32, 13)",1,-0.08
161,59,"(33, 13)",1,-0.08
161,60,"(34, 13)",1,-0.08
161,61,"(35, 13)",1,-0.08
161,62,"(36, 13)",1,-0.08
161,63,"(37, 13)",1,-0.08
161,64,"(38, 13)",1,-0.08
161,65,"(39, 13)",0,-0.08
161,66,"(39, 12)",0,-0.08
161,67,"(39, 11)",1,-0.08
161,68,"(40, 11)",1,-0.08
161,69,"(41, 11)",1,-0.08
161,70,"(42, 11)",1,-0.08
161,71,"(43, 11)",1,-0.08
161,72,"(44, 11)",1,-0.08
161,73,"(45, 11)",0,-0.08
161,74,"(45, 10)",0,-0.08
161,75,"(45, 9)",1,-0.08
161,76,"(46, 9)",0,-0.08
161,77,"(46, 8)",0,-0.08
161,78,"(46, 7)",1,-0.08
161,79,"(47, 7)",0,-0.08
161,80,"(47, 6)",1,-0.08
161,81,"(48, 6)",1,-0.08
161,82,"(49, 6)",0,-0.08
161,83,"(49, 5)",1,-0.08
161,84,"(50, 5)",1,-0.08
161,85,"(51, 5)",1,-0.08
161,86,"(52, 5)",1,-0.08
161,87,"(53, 5)",0,-0.08
161,88,"(53, 4)",0,-0.08
161,89,"(53, 3)",1,-0.08
161,90,"(54, 3)",1,-0.08
161,91,"(55, 3)",1,-0.08
161,92,"(56, 3)",1,-0.08
161,93,"(57, 3)",0,-0.08
161,94,"(57, 2)",0,-0.08
161,95,"(57, 1)",1,-0.08
161,96,"(58, 1)",1,-0.08
161,97,"(59, 1)",1,-0.08
161,98,"(60, 1)",1,-0.08
161,99,"(61, 1)",1,-0.08
161,100,"(62, 1)",1,-0.08
161,101,"(63, 1)",1,-0.08
161,102,"(64, 1)",1,-0.08
161,103,"(65, 1)",1,-0.08
161,104,"(66, 1)",1,-0.08
161,105,"(67, 1)",1,-0.08
161,106,"(68, 1)",1,-0.08
161,107,"(69, 1)",1,-0.08
161,108,"(70, 1)",1,-0.08
161,109,"(71, 1)",2,-0.08
161,110,"(71, 2)",2,-0.08
161,111,"(71, 3)",1,-0.08
161,112,"(72, 3)",1,-0.08
161,113,"(73, 3)",0,-0.08
161,114,"(73, 2)",0,-0.08
161,115,"(73, 1)",1,-0.08
161,116,"(74, 1)",1,-0.08
161,117,"(75, 1)",1,-0.08
161,118,"(76, 1)",0,-0.08
161,119,"(76, 0)",1,-0.08
161,120,"(77, 0)",1,-0.08
161,121,"(78, 0)",1,8.33
162,0,"(0, 39)",1,-0.08
162,1,"(1, 39)",1,-0.08
162,2,"(2, 39)",1,-0.08
162,3,"(3, 39)",1,-0.08
162,4,"(4, 39)",1,-0.08
162,5,"(5, 39)",1,-0.08
162,6,"(6, 39)",1,-0.08
162,7,"(7, 39)",1,-0.08
162,8,"(8, 39)",1,-0.08
162,9,"(9, 39)",1,-0.08
162,10,"(10, 39)",1,-0.08
162,11,"(11, 39)",0,-0.08
162,12,"(11, 38)",0,-0.08
162,13,"(11, 37)",1,-0.08
162,14,"(12, 37)",1,-0.08
162,15,"(13, 37)",1,-0.08
162,16,"(14, 37)",1,-0.08
162,17,"(15, 37)",1,-0.08
162,18,"(16, 37)",1,-0.08
162,19,"(17, 37)",1,-0.08
162,20,"(18, 37)",1,-0.08
162,21,"(19, 37)",0,-0.08
162,22,"(19, 36)",0,-0.08
162,23,"(19, 35)",0,-0.08
162,24,"(19, 34)",0,-0.08
162,25,"(19, 33)",0,-0.08
162,26,"(19, 32)",0,-0.08
162,27,"(19, 31)",0,-0.08
162,28,"(19, 30)",0,-0.08
162,29,"(19, 29)",1,-0.08
162,30,"(20, 29)",0,-0.08
162,31,"(20, 28)",0,-0.08
162,32,"(20, 27)",1,-0.08
162,33,"(21, 27)",0,-0.08
162,34,"(21, 26)",1,-0.08
162,35,"(22, 26)",1,-0.08
162,36,"(23, 26)",1,-0.08
162,37,"(24, 26)",0,-0.08
162,38,"(24, 25)",1,-0.08
162,39,"(25, 25)",0,-0.08
162,40,"(25, 24)",0,-0.08
162,41,"(25, 23)",0,-0.08
162,42,"(25, 22)",0,-0.08
162,43,"(25, 21)",0,-0.08
162,44,"(25, 20)",0,-0.08
162,45,"(25, 19)",1,-0.08
162,46,"(26, 19)",1,-0.08
162,47,"(27, 19)",1,-0.08
162,48,"(28, 19)",1,-0.08
162,49,"(29, 19)",1,-0.08
162,50,"(30, 19)",1,-0.08
162,51,"(31, 19)",1,-0.08
162,52,"(32, 19)",0,-0.08
162,53,"(32, 18)",0,-0.08
162,54,"(32, 17)",1,-0.08
162,55,"(33, 17)",1,-0.08
162,56,"(34, 17)",1,-0.08
162,57,"(35, 17)",1,-0.08
162,58,"(36, 17)",1,-0.08
162,59,"(37, 17)",1,-0.08
162,60,"(38, 17)",1,-0.08
162,61,"(39, 17)",0,-0.08
162,62,"(39, 16)",0,-0.08
162,63,"(39, 15)",1,-0.08
162,64,"(40, 15)",0,-0.08
162,65,"(40, 14)",0,-0.08
162,66,"(40, 13)",1,-0.08
162,67,"(41, 13)",1,-0.08
162,68,"(42, 13)",1,-0.08
162,69,"(43, 13)",0,-0.08
162,70,"(43, 12)",0,-0.08
162,71,"(43, 11)",1,-0.08
162,72,"(44, 11)",1,-0.08
162,73,"(45, 11)",0,-0.08
162,74,"(45, 10)",0,-0.08
162,75,"(45, 9)",1,-0.08
162,76,"(46, 9)",0,-0.08
162,77,"(46, 8)",0,-0.08
162,78,"(46, 7)",0,-0.08
162,79,"(46, 6)",1,-0.08
162,80,"(47, 6)",1,-0.08
162,81,"(48, 6)",1,-0.08
162,82,"(49, 6)",0,-0.08
162,83,"(49, 5)",1,-0.08
162,84,"(50, 5)",1,-0.08
162,85,"(51, 5)",0,-0.08
162,86,"(51, 4)",0,-0.08
162,87,"(51, 3)",0,-0.08
162,88,"(51, 2)",0,-0.08
162,89,"(51, 1)",1,-0.08
162,90,"(52, 1)",1,-0.08
162,91,"(53, 1)",1,-0.08
162,92,"(54, 1)",1,-0.08
162,93,"(55, 1)",1,-0.08
162,94,"(56, 1)",1,-0.08
162,95,"(57, 1)",1,-0.08
162,96,"(58, 1)",1,-0.08
162,97,"(59, 1)",1,-0.08
162,98,"(60, 1)",1,-0.08
162,99,"(61, 1)",1,-0.08
162,100,"(62, 1)",1,-0.08
162,101,"(63, 1)",1,-0.08
162,102,"(64, 1)",1,-0.08
162,103,"(65, 1)",1,-0.08
162,104,"(66, 1)",1,-0.08
162,105,"(67, 1)",1,-0.08
162,106,"(68, 1)",1,-0.08
162,107,"(69, 1)",1,-0.08
162,108,"(70, 1)",1,-0.08
162,109,"(71, 1)",2,-0.08
162,110,"(71, 2)",2,-0.08
162,111,"(71, 3)",1,-0.08
162,112,"(72, 3)",1,-0.08
162,113,"(73, 3)",1,-0.08
162,114,"(74, 3)",1,-0.08
162,115,"(75, 3)",1,-0.08
162,116,"(76, 3)",1,-0.08
162,117,"(77, 3)",0,-0.08
162,118,"(77, 2)",0,-0.08
162,119,"(77, 1)",1,-0.08
162,120,"(78, 1)",0,-0.08
162,121,"(78, 0)",1,8.33
163,0,"(0, 39)",1,-0.08
163,1,"(1, 39)",1,-0.08
163,2,"(2, 39)",1,-0.08
163,3,"(3, 39)",1,-0.08
163,4,"(4, 39)",1,-0.08
163,5,"(5, 39)",1,-0.08
163,6,"(6, 39)",1,-0.08
163,7,"(7, 39)",1,-0.08
163,8,"(8, 39)",1,-0.08
163,9,"(9, 39)",1,-0.08
163,10,"(10, 39)",1,-0.08
163,11,"(11, 39)",1,-0.08
163,12,"(12, 39)",1,-0.08
163,13,"(13, 39)",1,-0.08
163,14,"(14, 39)",0,-0.08
163,15,"(14, 38)",0,-0.08
163,16,"(14, 37)",1,-0.08
163,17,"(15, 37)",0,-0.08
163,18,"(15, 36)",0,-0.08
163,19,"(15, 35)",0,-0.08
163,20,"(15, 34)",0,-0.08
163,21,"(15, 33)",1,-0.08
163,22,"(16, 33)",1,-0.08
163,23,"(17, 33)",1,-0.08
163,24,"(18, 33)",1,-0.08
163,25,"(19, 33)",0,-0.08
163,26,"(19, 32)",0,-0.08
163,27,"(19, 31)",0,-0.08
163,28,"(19, 30)",0,-0.08
163,29,"(19, 29)",1,-0.08
163,30,"(20, 29)",0,-0.08
163,31,"(20, 28)",0,-0.08
163,32,"(20, 27)",1,-0.08
163,33,"(21, 27)",0,-0.08
163,34,"(21, 26)",0,-0.08
163,35,"(21, 25)",1,-0.08
163,36,"(22, 25)",1,-0.08
163,37,"(23, 25)",1,-0.08
163,38,"(24, 25)",1,-0.08
163,39,"(25, 25)",0,-0.08
163,40,"(25, 24)",0,-0.08
163,41,"(25, 23)",0,-0.08
163,42,"(25, 22)",0,-0.08
163,43,"(25, 21)",1,-0.08
163,44,"(26, 21)",1,-0.08
163,45,"(27, 21)",0,-0.08
163,46,"(27, 20)",0,-0.08
163,47,"(27, 19)",1,-0.08
163,48,"(28, 19)",1,-0.08
163,49,"(29, 19)",1,-0.08
163,50,"(30, 19)",1,-0.08
163,51,"(31, 19)",1,-0.08
163,52,"(32, 19)",0,-0.08
163,53,"(32, 18)",0,-0.08
163,54,"(32, 17)",0,-0.08
163,55,"(32, 16)",0,-0.08
163,56,"(32, 15)",0,-0.08
163,57,"(32, 14)",0,-0.08
163,58,"(32, 13)",1,-0.08
163,59,"(33, 13)",1,-0.08
163,60,"(34, 13)",1,-0.08
163,61,"(35, 13)",1,-0.08
163,62,"(36, 13)",1,-0.08
163,63,"(37, 13)",1,-0.08
163,64,"(38, 13)",1,-0.08
163,65,"(39, 13)",1,-0.08
163,66,"(40, 13)",1,-0.08
163,67,"(41, 13)",0,-0.08
163,68,"(41, 12)",0,-0.08
163,69,"(41, 11)",1,-0.08
163,70,"(42, 11)",1,-0.08
163,71,"(43, 11)",1,-0.08
163,72,"(44, 11)",1,-0.08
163,73,"(45, 11)",0,-0.08
163,74,"(45, 10)",0,-0.08
163,75,"(45, 9)",0,-0.08
163,76,"(45, 8)",1,-0.08
163,77,"(46, 8)",0,-0.08
163,78,"(46, 7)",1,-0.08
163,79,"(47, 7)",0,-0.08
163,80,"(47, 6)",1,-0.08
163,81,"(48, 6)",1,-0.08
163,82,"(49, 6)",0,-0.08
163,83,"(49, 5)",1,-0.08
163,84,"(50, 5)",1,-0.08
163,85,"(51, 5)",1,-0.08
163,86,"(52, 5)",1,-0.08
163,87,"(53, 5)",0,-0.08
163,88,"(53, 4)",0,-0.08
163,89,"(53, 3)",1,-0.08
163,90,"(54, 3)",1,-0.08
163,91,"(55, 3)",1,-0.08
163,92,"(56, 3)",1,-0.08
163,93,"(57, 3)",0,-0.08
163,94,"(57, 2)",0,-0.08
163,95,"(57, 1)",1,-0.08
163,96,"(58, 1)",1,-0.08
163,97,"(59, 1)",1,-0.08
163,98,"(60, 1)",1,-0.08
163,99,"(61, 1)",1,-0.08
163,100,"(62, 1)",1,-0.08
163,101,"(63, 1)",1,-0.08
163,102,"(64, 1)",1,-0.08
163,103,"(65, 1)",1,-0.08
163,104,"(66, 1)",1,-0.08
163,105,"(67, 1)",1,-0.08
163,106,"(68, 1)",1,-0.08
163,107,"(69, 1)",1,-0.08
163,108,"(70, 1)",1,-0.08
163,109,"(71, 1)",2,-0.08
163,110,"(71, 2)",2,-0.08
163,111,"(71, 3)",1,-0.08
163,112,"(72, 3)",1,-0.08
163,113,"(73, 3)",0,-0.08
163,114,"(73, 2)",0,-0.08
163,115,"(73, 1)",0,-0.08
163,116,"(73, 0)",1,-0.08
163,117,"(74, 0)",1,-0.08
163,118,"(75, 0)",1,-0.08
163,119,"(76, 0)",1,-0.08
163,120,"(77, 0)",1,-0.08
163,121,"(78, 0)",1,8.33
164,0,"(0, 39)",1,-0.08
164,1,"(1, 39)",1,-0.08
164,2,"(2, 39)",1,-0.08
164,3,"(3, 39)",1,-0.08
164,4,"(4, 39)",1,-0.08
164,5,"(5, 39)",1,-0.08
164,6,"(6, 39)",1,-0.08
164,7,"(7, 39)",1,-0.08
164,8,"(8, 39)",1,-0.08
164,9,"(9, 39)",1,-0.08
164,10,"(10, 39)",1,-0.08
164,11,"(11, 39)",0,-0.08
164,12,"(11, 38)",0,-0.08
164,13,"(11, 37)",1,-0.08
164,14,"(12, 37)",1,-0.08
164,15,"(13, 37)",1,-0.08
164,16,"(14, 37)",1,-0.08
164,17,"(15, 37)",1,-0.08
164,18,"(16, 37)",1,-0.08
164,19,"(17, 37)",1,-0.08
164,20,"(18, 37)",1,-0.08
164,21,"(19, 37)",0,-0.08
164,22,"(19, 36)",0,-0.08
164,23,"(19, 35)",0,-0.08
164,24,"(19, 34)",0,-0.08
164,25,"(19, 33)",0,-0.08
164,26,"(19, 32)",0,-0.08
164,27,"(19, 31)",0,-0.08
164,28,"(19, 30)",0,-0.08
164,29,"(19, 29)",1,-0.08
164,30,"(20, 29)",0,-0.08
164,31,"(20, 28)",0,-0.08
164,32,"(20, 27)",1,-0.08
164,33,"(21, 27)",0,-0.08
164,34,"(21, 26)",0,-0.08
164,35,"(21, 25)",1,-0.08
164,36,"(22, 25)",1,-0.08
164,37,"(23, 25)",1,-0.08
164,38,"(24, 25)",1,-0.08
164,39,"(25, 25)",0,-0.08
164,40,"(25, 24)",0,-0.08
164,41,"(25, 23)",0,-0.08
164,42,"(25, 22)",0,-0.08
164,43,"(25, 21)",1,-0.08
164,44,"(26, 21)",1,-0.08
164,45,"(27, 21)",0,-0.08
164,46,"(27, 20)",1,-0.08
164,47,"(28, 20)",0,-0.08
164,48,"(28, 19)",1,-0.08
164,49,"(29, 19)",1,-0.08
164,50,"(30, 19)",1,-0.08
164,51,"(31, 19)",1,-0.08
164,52,"(32, 19)",1,-0.08
164,53,"(33, 19)",1,-0.08
164,54,"(34, 19)",1,-0.08
164,55,"(35, 19)",1,-0.08
164,56,"(36, 19)",1,-0.08
164,57,"(37, 19)",0,-0.08
164,58,"(37, 18)",0,-0.08
164,59,"(37, 17)",0,-0.08
164,60,"(37, 16)",0,-0.08
164,61,"(37, 15)",1,-0.08
164,62,"(38, 15)",1,-0.08
164,63,"(39, 15)",1,-0.08
164,64,"(40, 15)",1,-0.08
164,65,"(41, 15)",0,-0.08
164,66,"(41, 14)",0,-0.08
164,67,"(41, 13)",1,-0.08
164,68,"(42, 13)",1,-0.08
164,69,"(43, 13)",0,-0.08
164,70,"(43, 12)",0,-0.08
164,71,"(43, 11)",1,-0.08
164,72,"(44, 11)",1,-0.08
164,73,"(45, 11)",0,-0.08
164,74,"(45, 10)",0,-0.08
164,75,"(45, 9)",1,-0.08
164,76,"(46, 9)",0,-0.08
164,77,"(46, 8)",0,-0.08
164,78,"(46, 7)",1,-0.08
164,79,"(47, 7)",0,-0.08
164,80,"(47, 6)",1,-0.08
164,81,"(48, 6)",1,-0.08
164,82,"(49, 6)",0,-0.08
164,83,"(49, 5)",1,-0.08
164,84,"(50, 5)",1,-0.08
164,85,"(51, 5)",1,-0.08
164,86,"(52, 5)",1,-0.08
164,87,"(53, 5)",0,-0.08
164,88,"(53, 4)",0,-0.08
164,89,"(53, 3)",0,-0.08
164,90,"(53, 2)",0,-0.08
164,91,"(53, 1)",1,-0.08
164,92,"(54, 1)",1,-0.08
164,93,"(55, 1)",1,-0.08
164,94,"(56, 1)",1,-0.08
164,95,"(57, 1)",1,-0.08
164,96,"(58, 1)",1,-0.08
164,97,"(59, 1)",1,-0.08
164,98,"(60, 1)",1,-0.08
164,99,"(61, 1)",1,-0.08
164,100,"(62, 1)",1,-0.08
164,101,"(63, 1)",1,-0.08
164,102,"(64, 1)",1,-0.08
164,103,"(65, 1)",1,-0.08
164,104,"(66, 1)",1,-0.08
164,105,"(67, 1)",1,-0.08
164,106,"(68, 1)",1,-0.08
164,107,"(69, 1)",1,-0.08
164,108,"(70, 1)",1,-0.08
164,109,"(71, 1)",2,-0.08
164,110,"(71, 2)",2,-0.08
164,111,"(71, 3)",1,-0.08
164,112,"(72, 3)",1,-0.08
164,113,"(73, 3)",0,-0.08
164,114,"(73, 2)",0,-0.08
164,115,"(73, 1)",1,-0.08
164,116,"(74, 1)",1,-0.08
164,117,"(75, 1)",0,-0.08
164,118,"(75, 0)",1,-0.08
164,119,"(76, 0)",1,-0.08
164,120,"(77, 0)",1,-0.08
164,121,"(78, 0)",1,8.33
165,0,"(0, 39)",1,-0.08
165,1,"(1, 39)",1,-0.08
165,2,"(2, 39)",1,-0.08
165,3,"(3, 39)",1,-0.08
165,4,"(4, 39)",1,-0.08
165,5,"(5, 39)",1,-0.08
165,6,"(6, 39)",1,-0.08
165,7,"(7, 39)",1,-0.08
165,8,"(8, 39)",1,-0.08
165,9,"(9, 39)",1,-0.08
165,10,"(10, 39)",1,-0.08
165,11,"(11, 39)",0,-0.08
165,12,"(11, 38)",0,-0.08
165,13,"(11, 37)",1,-0.08
165,14,"(12, 37)",1,-0.08
165,15,"(13, 37)",1,-0.08
165,16,"(14, 37)",1,-0.08
165,17,"(15, 37)",0,-0.08
165,18,"(15, 36)",1,-0.08
165,19,"(16, 36)",1,-0.08
165,20,"(17, 36)",0,-0.08
165,21,"(17, 35)",0,-0.08
165,22,"(17, 34)",0,-0.08
165,23,"(17, 33)",1,-0.08
165,24,"(18, 33)",1,-0.08
165,25,"(19, 33)",0,-0.08
165,26,"(19, 32)",0,-0.08
165,27,"(19, 31)",0,-0.08
165,28,"(19, 30)",0,-0.08
165,29,"(19, 29)",1,-0.08
165,30,"(20, 29)",0,-0.08
165,31,"(20, 28)",0,-0.08
165,32,"(20, 27)",1,-0.08
165,33,"(21, 27)",0,-0.08
165,34,"(21, 26)",0,-0.08
165,35,"(21, 25)",1,-0.08
165,36,"(22, 25)",1,-0.08
165,37,"(23, 25)",1,-0.08
165,38,"(24, 25)",1,-0.08
165,39,"(25, 25)",0,-0.08
165,40,"(25, 24)",0,-0.08
165,41,"(25, 23)",0,-0.08
165,42,"(25, 22)",0,-0.08
165,43,"(25, 21)",0,-0.08
165,44,"(25, 20)",0,-0.08
165,45,"(25, 19)",0,-0.08
165,46,"(25, 18)",1,-0.08
165,47,"(26, 18)",1,-0.08
165,48,"(27, 18)",0,-0.08
165,49,"(27, 17)",1,-0.08
165,50,"(28, 17)",1,-0.08
165,51,"(29, 17)",0,-0.08
165,52,"(29, 16)",0,-0.08
165,53,"(29, 15)",1,-0.08
165,54,"(30, 15)",1,-0.08
165,55,"(31, 15)",0,-0.08
165,56,"(31, 14)",1,-0.08
165,57,"(32, 14)",0,-0.08
165,58,"(32, 13)",1,-0.08
165,59,"(33, 13)",1,-0.08
165,60,"(34, 13)",1,-0.08
165,61,"(35, 13)",1,-0.08
165,62,"(36, 13)",1,-0.08
165,63,"(37, 13)",1,-0.08
165,64,"(38, 13)",1,-0.08
165,65,"(39, 13)",1,-0.08
165,66,"(40, 13)",1,-0.08
165,67,"(41, 13)",0,-0.08
165,68,"(41, 12)",0,-0.08
165,69,"(41, 11)",1,-0.08
165,70,"(42, 11)",1,-0.08
165,71,"(43, 11)",1,-0.08
165,72,"(44, 11)",1,-0.08
165,73,"(45, 11)",0,-0.08
165,74,"(45, 10)",1,-0.08
165,75,"(46, 10)",0,-0.08
165,76,"(46, 9)",0,-0.08
165,77,"(46, 8)",0,-0.08
165,78,"(46, 7)",0,-0.08
165,79,"(46, 6)",1,-0.08
165,80,"(47, 6)",1,-0.08
165,81,"(48, 6)",1,-0.08
165,82,"(49, 6)",0,-0.08
165,83,"(49, 5)",1,-0.08
165,84,"(50, 5)",1,-0.08
165,85,"(51, 5)",1,-0.08
165,86,"(52, 5)",1,-0.08
165,87,"(53, 5)",0,-0.08
165,88,"(53, 4)",0,-0.08
165,89,"(53, 3)",1,-0.08
165,90,"(54, 3)",1,-0.08
165,91,"(55, 3)",1,-0.08
165,92,"(56, 3)",0,-0.08
165,93,"(56, 2)",0,-0.08
165,94,"(56, 1)",1,-0.08
165,95,"(57, 1)",1,-0.08
165,96,"(58, 1)",1,-0.08
165,97,"(59, 1)",1,-0.08
165,98,"(60, 1)",1,-0.08
165,99,"(61, 1)",1,-0.08
165,100,"(62, 1)",1,-0.08
165,101,"(63, 1)",1,-0.08
165,102,"(64, 1)",1,-0.08
165,103,"(65, 1)",1,-0.08
165,104,"(66, 1)",1,-0.08
165,105,"(67, 1)",1,-0.08
165,106,"(68, 1)",1,-0.08
165,107,"(69, 1)",1,-0.08
165,108,"(70, 1)",1,-0.08
165,109,"(71, 1)",2,-0.08
165,110,"(71, 2)",2,-0.08
165,111,"(71, 3)",1,-0.08
165,112,"(72, 3)",1,-0.08
165,113,"(73, 3)",1,-0.08
165,114,"(74, 3)",1,-0.08
165,115,"(75, 3)",1,-0.08
165,116,"(76, 3)",1,-0.08
165,117,"(77, 3)",0,-0.08
165,118,"(77, 2)",0,-0.08
165,119,"(77, 1)",1,-0.08
165,120,"(78, 1)",0,-0.08
165,121,"(78, 0)",1,8.33
166,0,"(0, 39)",1,-0.08
166,1,"(1, 39)",1,-0.08
166,2,"(2, 39)",1,-0.08
166,3,"(3, 39)",1,-0.08
166,4,"(4, 39)",1,-0.08
166,5,"(5, 39)",1,-0.08
166,6,"(6, 39)",1,-0.08
166,7,"(7, 39)",1,-0.08
166,8,"(8, 39)",1,-0.08
166,9,"(9, 39)",1,-0.08
166,10,"(10, 39)",1,-0.08
166,11,"(11, 39)",0,-0.08
166,12,"(11, 38)",0,-0.08
166,13,"(11, 37)",1,-0.08
166,14,"(12, 37)",1,-0.08
166,15,"(13, 37)",1,-0.08
166,16,"(14, 37)",1,-0.08
166,17,"(15, 37)",1,-0.08
166,18,"(16, 37)",0,-0.08
166,19,"(16, 36)",1,-0.08
166,20,"(17, 36)",0,-0.08
166,21,"(17, 35)",1,-0.08
166,22,"(18, 35)",1,-0.08
166,23,"(19, 35)",0,-0.08
166,24,"(19, 34)",0,-0.08
166,25,"(19, 33)",0,-0.08
166,26,"(19, 32)",0,-0.08
166,27,"(19, 31)",0,-0.08
166,28,"(19, 30)",0,-0.08
166,29,"(19, 29)",1,-0.08
166,30,"(20, 29)",0,-0.08
166,31,"(20, 28)",0,-0.08
166,32,"(20, 27)",1,-0.08
166,33,"(21, 27)",0,-0.08
166,34,"(21, 26)",0,-0.08
166,35,"(21, 25)",1,-0.08
166,36,"(22, 25)",0,-0.08
166,37,"(22, 24)",0,-0.08
166,38,"(22, 23)",1,-0.08
166,39,"(23, 23)",1,-0.08
166,40,"(24, 23)",1,-0.08
166,41,"(25, 23)",0,-0.08
166,42,"(25, 22)",0,-0.08
166,43,"(25, 21)",1,-0.08
166,44,"(26, 21)",1,-0.08
166,45,"(27, 21)",0,-0.08
166,46,"(27, 20)",1,-0.08
166,47,"(28, 20)",0,-0.08
166,48,"(28, 19)",1,-0.08
166,49,"(29, 19)",1,-0.08
166,50,"(30, 19)",1,-0.08
166,51,"(31, 19)",0,-0.08
166,52,"(31, 18)",1,-0.08
166,53,"(32, 18)",0,-0.08
166,54,"(32, 17)",1,-0.08
166,55,"(33, 17)",1,-0.08
166,56,"(34, 17)",1,-0.08
166,57,"(35, 17)",0,-0.08
166,58,"(35, 16)",0,-0.08
166,59,"(35, 15)",0,-0.08
166,60,"(35, 14)",0,-0.08
166,61,"(35, 13)",1,-0.08
166,62,"(36, 13)",1,-0.08
166,63,"(37, 13)",1,-0.08
166,64,"(38, 13)",1,-0.08
166,65,"(39, 13)",0,-0.08
166,66,"(39, 12)",0,-0.08
166,67,"(39, 11)",1,-0.08
166,68,"(40, 11)",1,-0.08
166,69,"(41, 11)",1,-0.08
166,70,"(42, 11)",1,-0.08
166,71,"(43, 11)",1,-0.08
166,72,"(44, 11)",1,-0.08
166,73,"(45, 11)",0,-0.08
166,74,"(45, 10)",1,-0.08
166,75,"(46, 10)",0,-0.08
166,76,"(46, 9)",0,-0.08
166,77,"(46, 8)",0,-0.08
166,78,"(46, 7)",0,-0.08
166,79,"(46, 6)",1,-0.08
166,80,"(47, 6)",1,-0.08
166,81,"(48, 6)",1,-0.08
166,82,"(49, 6)",0,-0.08
166,83,"(49, 5)",1,-0.08
166,84,"(50, 5)",1,-0.08
166,85,"(51, 5)",1,-0.08
166,86,"(52, 5)",1,-0.08
166,87,"(53, 5)",0,-0.08
166,88,"(53, 4)",0,-0.08
166,89,"(53, 3)",1,-0.08
166,90,"(54, 3)",1,-0.08
166,91,"(55, 3)",1,-0.08
166,92,"(56, 3)",0,-0.08
166,93,"(56, 2)",0,-0.08
166,94,"(56, 1)",1,-0.08
166,95,"(57, 1)",1,-0.08
166,96,"(58, 1)",1,-0.08
166,97,"(59, 1)",1,-0.08
166,98,"(60, 1)",1,-0.08
166,99,"(61, 1)",1,-0.08
166,100,"(62, 1)",1,-0.08
166,101,"(63, 1)",1,-0.08
166,102,"(64, 1)",1,-0.08
166,103,"(65, 1)",1,-0.08
166,104,"(66, 1)",1,-0.08
166,105,"(67, 1)",1,-0.08
166,106,"(68, 1)",1,-0.08
166,107,"(69, 1)",1,-0.08
166,108,"(70, 1)",1,-0.08
166,109,"(71, 1)",2,-0.08
166,110,"(71, 2)",2,-0.08
166,111,"(71, 3)",1,-0.08
166,112,"(72, 3)",1,-0.08
166,113,"(73, 3)",0,-0.08
166,114,"(73, 2)",0,-0.08
166,115,"(73, 1)",0,-0.08
166,116,"(73, 0)",1,-0.08
166,117,"(74, 0)",1,-0.08
166,118,"(75, 0)",1,-0.08
166,119,"(76, 0)",1,-0.08
166,120,"(77, 0)",1,-0.08
166,121,"(78, 0)",1,8.33
167,0,"(0, 39)",1,-0.08
167,1,"(1, 39)",1,-0.08
167,2,"(2, 39)",1,-0.08
167,3,"(3, 39)",1,-0.08
167,4,"(4, 39)",1,-0.08
167,5,"(5, 39)",1,-0.08
167,6,"(6, 39)",1,-0.08
167,7,"(7, 39)",1,-0.08
167,8,"(8, 39)",1,-0.08
167,9,"(9, 39)",1,-0.08
167,10,"(10, 39)",0,-0.08
167,11,"(10, 38)",1,-0.08
167,12,"(11, 38)",0,-0.08
167,13,"(11, 37)",1,-0.08
167,14,"(12, 37)",1,-0.08
167,15,"(13, 37)",1,-0.08
167,16,"(14, 37)",1,-0.08
167,17,"(15, 37)",0,-0.08
167,18,"(15, 36)",1,-0.08
167,19,"(16, 36)",1,-0.08
167,20,"(17, 36)",0,-0.08
167,21,"(17, 35)",1,-0.08
167,22,"(18, 35)",1,-0.08
167,23,"(19, 35)",0,-0.08
167,24,"(19, 34)",0,-0.08
167,25,"(19, 33)",0,-0.08
167,26,"(19, 32)",0,-0.08
167,27,"(19, 31)",0,-0.08
167,28,"(19, 30)",0,-0.08
167,29,"(19, 29)",1,-0.08
167,30,"(20, 29)",0,-0.08
167,31,"(20, 28)",0,-0.08
167,32,"(20, 27)",1,-0.08
167,33,"(21, 27)",0,-0.08
167,34,"(21, 26)",0,-0.08
167,35,"(21, 25)",1,-0.08
167,36,"(22, 25)",0,-0.08
167,37,"(22, 24)",0,-0.08
167,38,"(22, 23)",1,-0.08
167,39,"(23, 23)",1,-0.08
167,40,"(24, 23)",1,-0.08
167,41,"(25, 23)",0,-0.08
167,42,"(25, 22)",0,-0.08
167,43,"(25, 21)",1,-0.08
167,44,"(26, 21)",1,-0.08
167,45,"(27, 21)",0,-0.08
167,46,"(27, 20)",1,-0.08
167,47,"(28, 20)",0,-0.08
167,48,"(28, 19)",1,-0.08
167,49,"(29, 19)",1,-0.08
167,50,"(30, 19)",1,-0.08
167,51,"(31, 19)",1,-0.08
167,52,"(32, 19)",1,-0.08
167,53,"(33, 19)",1,-0.08
167,54,"(34, 19)",1,-0.08
167,55,"(35, 19)",0,-0.08
167,56,"(35, 18)",0,-0.08
167,57,"(35, 17)",0,-0.08
167,58,"(35, 16)",0,-0.08
167,59,"(35, 15)",0,-0.08
167,60,"(35, 14)",0,-0.08
167,61,"(35, 13)",1,-0.08
167,62,"(36, 13)",1,-0.08
167,63,"(37, 13)",1,-0.08
167,64,"(38, 13)",1,-0.08
167,65,"(39, 13)",1,-0.08
167,66,"(40, 13)",1,-0.08
167,67,"(41, 13)",1,-0.08
167,68,"(42, 13)",1,-0.08
167,69,"(43, 13)",0,-0.08
167,70,"(43, 12)",0,-0.08
167,71,"(43, 11)",1,-0.08
167,72,"(44, 11)",1,-0.08
167,73,"(45, 11)",0,-0.08
167,74,"(45, 10)",1,-0.08
167,75,"(46, 10)",0,-0.08
167,76,"(46, 9)",0,-0.08
167,77,"(46, 8)",0,-0.08
167,78,"(46, 7)",0,-0.08
167,79,"(46, 6)",1,-0.08
167,80,"(47, 6)",1,-0.08
167,81,"(48, 6)",1,-0.08
167,82,"(49, 6)",0,-0.08
167,83,"(49, 5)",1,-0.08
167,84,"(50, 5)",1,-0.08
167,85,"(51, 5)",0,-0.08
167,86,"(51, 4)",0,-0.08
167,87,"(51, 3)",0,-0.08
167,88,"(51, 2)",0,-0.08
167,89,"(51, 1)",1,-0.08
167,90,"(52, 1)",1,-0.08
167,91,"(53, 1)",1,-0.08
167,92,"(54, 1)",1,-0.08
167,93,"(55, 1)",1,-0.08
167,94,"(56, 1)",1,-0.08
167,95,"(57, 1)",1,-0.08
167,96,"(58, 1)",1,-0.08
167,97,"(59, 1)",1,-0.08
167,98,"(60, 1)",1,-0.08
167,99,"(61, 1)",1,-0.08
167,100,"(62, 1)",1,-0.08
167,101,"(63, 1)",1,-0.08
167,102,"(64, 1)",1,-0.08
167,103,"(65, 1)",1,-0.08
167,104,"(66, 1)",1,-0.08
167,105,"(67, 1)",1,-0.08
167,106,"(68, 1)",1,-0.08
167,107,"(69, 1)",1,-0.08
167,108,"(70, 1)",1,-0.08
167,109,"(71, 1)",2,-0.08
167,110,"(71, 2)",2,-0.08
167,111,"(71, 3)",1,-0.08
167,112,"(72, 3)",1,-0.08
167,113,"(73, 3)",0,-0.08
167,114,"(73, 2)",0,-0.08
167,115,"(73, 1)",0,-0.08
167,116,"(73, 0)",1,-0.08
167,117,"(74, 0)",1,-0.08
167,118,"(75, 0)",1,-0.08
167,119,"(76, 0)",1,-0.08
167,120,"(77, 0)",1,-0.08
167,121,"(78, 0)",1,8.33
168,0,"(0, 39)",1,-0.08
168,1,"(1, 39)",1,-0.08
168,2,"(2, 39)",1,-0.08
168,3,"(3, 39)",1,-0.08
168,4,"(4, 39)",1,-0.08
168,5,"(5, 39)",1,-0.08
168,6,"(6, 39)",1,-0.08
168,7,"(7, 39)",1,-0.08
168,8,"(8, 39)",1,-0.08
168,9,"(9, 39)",1,-0.08
168,10,"(10, 39)",1,-0.08
168,11,"(11, 39)",0,-0.08
168,12,"(11, 38)",0,-0.08
168,13,"(11, 37)",1,-0.08
168,14,"(12, 37)",1,-0.08
168,15,"(13, 37)",1,-0.08
168,16,"(14, 37)",1,-0.08
168,17,"(15, 37)",1,-0.08
168,18,"(16, 37)",1,-0.08
168,19,"(17, 37)",1,-0.08
168,20,"(18, 37)",1,-0.08
168,21,"(19, 37)",0,-0.08
168,22,"(19, 36)",0,-0.08
168,23,"(19, 35)",0,-0.08
168,24,"(19, 34)",0,-0.08
168,25,"(19, 33)",0,-0.08
168,26,"(19, 32)",0,-0.08
168,27,"(19, 31)",0,-0.08
168,28,"(19, 30)",0,-0.08
168,29,"(19, 29)",1,-0.08
168,30,"(20, 29)",0,-0.08
168,31,"(20, 28)",0,-0.08
168,32,"(20, 27)",1,-0.08
168,33,"(21, 27)",0,-0.08
168,34,"(21, 26)",1,-0.08
168,35,"(22, 26)",1,-0.08
168,36,"(23, 26)",1,-0.08
168,37,"(24, 26)",0,-0.08
168,38,"(24, 25)",1,-0.08
168,39,"(25, 25)",1,-0.08
168,40,"(26, 25)",1,-0.08
168,41,"(27, 25)",1,-0.08
168,42,"(28, 25)",1,-0.08
168,43,"(29, 25)",1,-0.08
168,44,"(30, 25)",1,-0.08
168,45,"(31, 25)",0,-0.08
168,46,"(31, 24)",0,-0.08
168,47,"(31, 23)",1,-0.08
168,48,"(32, 23)",1,-0.08
168,49,"(33, 23)",0,-0.08
168,50,"(33, 22)",0,-0.08
168,51,"(33, 21)",1,-0.08
168,52,"(34, 21)",1,-0.08
168,53,"(35, 21)",1,-0.08
168,54,"(36, 21)",1,-0.08
168,55,"(37, 21)",1,-0.08
168,56,"(38, 21)",1,-0.08
168,57,"(39, 21)",0,-0.08
168,58,"(39, 20)",1,-0.08
168,59,"(40, 20)",1,-0.08
168,60,"(41, 20)",1,-0.08
168,61,"(42, 20)",1,-0.08
168,62,"(43, 20)",0,-0.08
168,63,"(43, 19)",1,-0.08
168,64,"(44, 19)",0,-0.08
168,65,"(44, 18)",0,-0.08
168,66,"(44, 17)",0,-0.08
168,67,"(44, 16)",0,-0.08
168,68,"(44, 15)",1,-0.08
168,69,"(45, 15)",0,-0.08
168,70,"(45, 14)",0,-0.08
168,71,"(45, 13)",0,-0.08
168,72,"(45, 12)",0,-0.08
168,73,"(45, 11)",0,-0.08
168,74,"(45, 10)",1,-0.08
168,75,"(46, 10)",0,-0.08
168,76,"(46, 9)",0,-0.08
168,77,"(46, 8)",0,-0.08
168,78,"(46, 7)",0,-0.08
168,79,"(46, 6)",1,-0.08
168,80,"(47, 6)",1,-0.08
168,81,"(48, 6)",1,-0.08
168,82,"(49, 6)",0,-0.08
168,83,"(49, 5)",1,-0.08
168,84,"(50, 5)",1,-0.08
168,85,"(51, 5)",0,-0.08
168,86,"(51, 4)",0,-0.08
168,87,"(51, 3)",0,-0.08
168,88,"(51, 2)",1,-0.08
168,89,"(52, 2)",1,-0.08
168,90,"(53, 2)",0,-0.08
168,91,"(53, 1)",1,-0.08
168,92,"(54, 1)",1,-0.08
168,93,"(55, 1)",1,-0.08
168,94,"(56, 1)",1,-0.08
168,95,"(57, 1)",1,-0.08
168,96,"(58, 1)",1,-0.08
168,97,"(59, 1)",1,-0.08
168,98,"(60, 1)",1,-0.08
168,99,"(61, 1)",1,-0.08
168,100,"(62, 1)",1,-0.08
168,101,"(63, 1)",1,-0.08
168,102,"(64, 1)",1,-0.08
168,103,"(65, 1)",1,-0.08
168,104,"(66, 1)",1,-0.08
168,105,"(67, 1)",1,-0.08
168,106,"(68, 1)",1,-0.08
168,107,"(69, 1)",1,-0.08
168,108,"(70, 1)",1,-0.08
168,109,"(71, 1)",2,-0.08
168,110,"(71, 2)",2,-0.08
168,111,"(71, 3)",1,-0.08
168,112,"(72, 3)",1,-0.08
168,113,"(73, 3)",0,-0.08
168,114,"(73, 2)",0,-0.08
168,115,"(73, 1)",0,-0.08
168,116,"(73, 0)",1,-0.08
168,117,"(74, 0)",1,-0.08
168,118,"(75, 0)",1,-0.08
168,119,"(76, 0)",1,-0.08
168,120,"(77, 0)",1,-0.08
168,121,"(78, 0)",1,8.33
169,0,"(0, 39)",1,-0.08
169,1,"(1, 39)",1,-0.08
169,2,"(2, 39)",1,-0.08
169,3,"(3, 39)",1,-0.08
169,4,"(4, 39)",1,-0.08
169,5,"(5, 39)",1,-0.08
169,6,"(6, 39)",1,-0.08
169,7,"(7, 39)",1,-0.08
169,8,"(8, 39)",1,-0.08
169,9,"(9, 39)",1,-0.08
169,10,"(10, 39)",0,-0.08
169,11,"(10, 38)",1,-0.08
169,12,"(11, 38)",0,-0.08
169,13,"(11, 37)",1,-0.08
169,14,"(12, 37)",1,-0.08
169,15,"(13, 37)",1,-0.08
169,16,"(14, 37)",1,-0.08
169,17,"(15, 37)",1,-0.08
169,18,"(16, 37)",1,-0.08
169,19,"(17, 37)",0,-0.08
169,20,"(17, 36)",0,-0.08
169,21,"(17, 35)",1,-0.08
169,22,"(18, 35)",1,-0.08
169,23,"(19, 35)",0,-0.08
169,24,"(19, 34)",0,-0.08
169,25,"(19, 33)",0,-0.08
169,26,"(19, 32)",0,-0.08
169,27,"(19, 31)",0,-0.08
169,28,"(19, 30)",0,-0.08
169,29,"(19, 29)",1,-0.08
169,30,"(20, 29)",0,-0.08
169,31,"(20, 28)",0,-0.08
169,32,"(20, 27)",1,-0.08
169,33,"(21, 27)",0,-0.08
169,34,"(21, 26)",0,-0.08
169,35,"(21, 25)",1,-0.08
169,36,"(22, 25)",0,-0.08
169,37,"(22, 24)",0,-0.08
169,38,"(22, 23)",1,-0.08
169,39,"(23, 23)",1,-0.08
169,40,"(24, 23)",1,-0.08
169,41,"(25, 23)",0,-0.08
169,42,"(25, 22)",0,-0.08
169,43,"(25, 21)",0,-0.08
169,44,"(25, 20)",0,-0.08
169,45,"(25, 19)",0,-0.08
169,46,"(25, 18)",1,-0.08
169,47,"(26, 18)",1,-0.08
169,48,"(27, 18)",0,-0.08
169,49,"(27, 17)",1,-0.08
169,50,"(28, 17)",1,-0.08
169,51,"(29, 17)",1,-0.08
169,52,"(30, 17)",1,-0.08
169,53,"(31, 17)",1,-0.08
169,54,"(32, 17)",1,-0.08
169,55,"(33, 17)",1,-0.08
169,56,"(34, 17)",1,-0.08
169,57,"(35, 17)",1,-0.08
169,58,"(36, 17)",1,-0.08
169,59,"(37, 17)",0,-0.08
169,60,"(37, 16)",0,-0.08
169,61,"(37, 15)",0,-0.08
169,62,"(37, 14)",0,-0.08
169,63,"(37, 13)",1,-0.08
169,64,"(38, 13)",1,-0.08
169,65,"(39, 13)",1,-0.08
169,66,"(40, 13)",1,-0.08
169,67,"(41, 13)",1,-0.08
169,68,"(42, 13)",1,-0.08
169,69,"(43, 13)",0,-0.08
169,70,"(43, 12)",0,-0.08
169,71,"(43, 11)",1,-0.08
169,72,"(44, 11)",1,-0.08
169,73,"(45, 11)",0,-0.08
169,74,"(45, 10)",1,-0.08
169,75,"(46, 10)",0,-0.08
169,76,"(46, 9)",0,-0.08
169,77,"(46, 8)",0,-0.08
169,78,"(46, 7)",1,-0.08
169,79,"(47, 7)",0,-0.08
169,80,"(47, 6)",1,-0.08
169,81,"(48, 6)",1,-0.08
169,82,"(49, 6)",0,-0.08
169,83,"(49, 5)",1,-0.08
169,84,"(50, 5)",1,-0.08
169,85,"(51, 5)",0,-0.08
169,86,"(51, 4)",0,-0.08
169,87,"(51, 3)",0,-0.08
169,88,"(51, 2)",0,-0.08
169,89,"(51, 1)",1,-0.08
169,90,"(52, 1)",1,-0.08
169,91,"(53, 1)",1,-0.08
169,92,"(54, 1)",1,-0.08
169,93,"(55, 1)",1,-0.08
169,94,"(56, 1)",1,-0.08
169,95,"(57, 1)",1,-0.08
169,96,"(58, 1)",1,-0.08
169,97,"(59, 1)",1,-0.08
169,98,"(60, 1)",1,-0.08
169,99,"(61, 1)",1,-0.08
169,100,"(62, 1)",1,-0.08
169,101,"(63, 1)",1,-0.08
169,102,"(64, 1)",1,-0.08
169,103,"(65, 1)",1,-0.08
169,104,"(66, 1)",1,-0.08
169,105,"(67, 1)",1,-0.08
169,106,"(68, 1)",1,-0.08
169,107,"(69, 1)",1,-0.08
169,108,"(70, 1)",1,-0.08
169,109,"(71, 1)",2,-0.08
169,110,"(71, 2)",2,-0.08
169,111,"(71, 3)",1,-0.08
169,112,"(72, 3)",1,-0.08
169,113,"(73, 3)",1,-0.08
169,114,"(74, 3)",1,-0.08
169,115,"(75, 3)",1,-0.08
169,116,"(76, 3)",1,-0.08
169,117,"(77, 3)",0,-0.08
169,118,"(77, 2)",0,-0.08
169,119,"(77, 1)",0,-0.08
169,120,"(77, 0)",1,-0.08
169,121,"(78, 0)",1,8.33
170,0,"(0, 39)",1,-0.08
170,1,"(1, 39)",1,-0.08
170,2,"(2, 39)",1,-0.08
170,3,"(3, 39)",1,-0.08
170,4,"(4, 39)",1,-0.08
170,5,"(5, 39)",1,-0.08
170,6,"(6, 39)",1,-0.08
170,7,"(7, 39)",1,-0.08
170,8,"(8, 39)",1,-0.08
170,9,"(9, 39)",1,-0.08
170,10,"(10, 39)",1,-0.08
170,11,"(11, 39)",0,-0.08
170,12,"(11, 38)",0,-0.08
170,13,"(11, 37)",1,-0.08
170,14,"(12, 37)",1,-0.08
170,15,"(13, 37)",1,-0.08
170,16,"(14, 37)",1,-0.08
170,17,"(15, 37)",0,-0.08
170,18,"(15, 36)",0,-0.08
170,19,"(15, 35)",0,-0.08
170,20,"(15, 34)",0,-0.08
170,21,"(15, 33)",1,-0.08
170,22,"(16, 33)",1,-0.08
170,23,"(17, 33)",1,-0.08
170,24,"(18, 33)",1,-0.08
170,25,"(19, 33)",0,-0.08
170,26,"(19, 32)",0,-0.08
170,27,"(19, 31)",0,-0.08
170,28,"(19, 30)",0,-0.08
170,29,"(19, 29)",1,-0.08
170,30,"(20, 29)",0,-0.08
170,31,"(20, 28)",0,-0.08
170,32,"(20, 27)",1,-0.08
170,33,"(21, 27)",0,-0.08
170,34,"(21, 26)",1,-0.08
170,35,"(22, 26)",1,-0.08
170,36,"(23, 26)",0,-0.08
170,37,"(23, 25)",1,-0.08
170,38,"(24, 25)",1,-0.08
170,39,"(25, 25)",0,-0.08
170,40,"(25, 24)",0,-0.08
170,41,"(25, 23)",0,-0.08
170,42,"(25, 22)",0,-0.08
170,43,"(25, 21)",0,-0.08
170,44,"(25, 20)",0,-0.08
170,45,"(25, 19)",0,-0.08
170,46,"(25, 18)",1,-0.08
170,47,"(26, 18)",1,-0.08
170,48,"(27, 18)",0,-0.08
170,49,"(27, 17)",0,-0.08
170,50,"(27, 16)",1,-0.08
170,51,"(28, 16)",1,-0.08
170,52,"(29, 16)",0,-0.08
170,53,"(29, 15)",1,-0.08
170,54,"(30, 15)",1,-0.08
170,55,"(31, 15)",0,-0.08
170,56,"(31, 14)",1,-0.08
170,57,"(32, 14)",0,-0.08
170,58,"(32, 13)",1,-0.08
170,59,"(33, 13)",1,-0.08
170,60,"(34, 13)",1,-0.08
170,61,"(35, 13)",1,-0.08
170,62,"(36, 13)",1,-0.08
170,63,"(37, 13)",1,-0.08
170,64,"(38, 13)",1,-0.08
170,65,"(39, 13)",1,-0.08
170,66,"(40, 13)",1,-0.08
170,67,"(41, 13)",1,-0.08
170,68,"(42, 13)",1,-0.08
170,69,"(43, 13)",1,-0.08
170,70,"(44, 13)",1,-0.08
170,71,"(45, 13)",0,-0.08
170,72,"(45, 12)",0,-0.08
170,73,"(45, 11)",0,-0.08
170,74,"(45, 10)",1,-0.08
170,75,"(46, 10)",0,-0.08
170,76,"(46, 9)",0,-0.08
170,77,"(46, 8)",0,-0.08
170,78,"(46, 7)",0,-0.08
170,79,"(46, 6)",1,-0.08
170,80,"(47, 6)",1,-0.08
170,81,"(48, 6)",1,-0.08
170,82,"(49, 6)",0,-0.08
170,83,"(49, 5)",1,-0.08
170,84,"(50, 5)",1,-0.08
170,85,"(51, 5)",1,-0.08
170,86,"(52, 5)",1,-0.08
170,87,"(53, 5)",0,-0.08
170,88,"(53, 4)",0,-0.08
170,89,"(53, 3)",1,-0.08
170,90,"(54, 3)",1,-0.08
170,91,"(55, 3)",1,-0.08
170,92,"(56, 3)",0,-0.08
170,93,"(56, 2)",1,-0.08
170,94,"(57, 2)",0,-0.08
170,95,"(57, 1)",1,-0.08
170,96,"(58, 1)",1,-0.08
170,97,"(59, 1)",1,-0.08
170,98,"(60, 1)",1,-0.08
170,99,"(61, 1)",1,-0.08
170,100,"(62, 1)",1,-0.08
170,101,"(63, 1)",1,-0.08
170,102,"(64, 1)",1,-0.08
170,103,"(65, 1)",1,-0.08
170,104,"(66, 1)",1,-0.08
170,105,"(67, 1)",1,-0.08
170,106,"(68, 1)",1,-0.08
170,107,"(69, 1)",1,-0.08
170,108,"(70, 1)",1,-0.08
170,109,"(71, 1)",2,-0.08
170,110,"(71, 2)",2,-0.08
170,111,"(71, 3)",1,-0.08
170,112,"(72, 3)",1,-0.08
170,113,"(73, 3)",1,-0.08
170,114,"(74, 3)",1,-0.08
170,115,"(75, 3)",1,-0.08
170,116,"(76, 3)",1,-0.08
170,117,"(77, 3)",0,-0.08
170,118,"(77, 2)",0,-0.08
170,119,"(77, 1)",0,-0.08
170,120,"(77, 0)",1,-0.08
170,121,"(78, 0)",1,8.33
171,0,"(0, 39)",1,-0.08
171,1,"(1, 39)",1,-0.08
171,2,"(2, 39)",1,-0.08
171,3,"(3, 39)",1,-0.08
171,4,"(4, 39)",1,-0.08
171,5,"(5, 39)",1,-0.08
171,6,"(6, 39)",1,-0.08
171,7,"(7, 39)",1,-0.08
171,8,"(8, 39)",1,-0.08
171,9,"(9, 39)",1,-0.08
171,10,"(10, 39)",0,-0.08
171,11,"(10, 38)",1,-0.08
171,12,"(11, 38)",0,-0.08
171,13,"(11, 37)",1,-0.08
171,14,"(12, 37)",1,-0.08
171,15,"(13, 37)",1,-0.08
171,16,"(14, 37)",1,-0.08
171,17,"(15, 37)",0,-0.08
171,18,"(15, 36)",1,-0.08
171,19,"(16, 36)",1,-0.08
171,20,"(17, 36)",0,-0.08
171,21,"(17, 35)",0,-0.08
171,22,"(17, 34)",1,-0.08
171,23,"(18, 34)",0,-0.08
171,24,"(18, 33)",1,-0.08
171,25,"(19, 33)",0,-0.08
171,26,"(19, 32)",0,-0.08
171,27,"(19, 31)",0,-0.08
171,28,"(19, 30)",0,-0.08
171,29,"(19, 29)",1,-0.08
171,30,"(20, 29)",0,-0.08
171,31,"(20, 28)",0,-0.08
171,32,"(20, 27)",1,-0.08
171,33,"(21, 27)",0,-0.08
171,34,"(21, 26)",1,-0.08
171,35,"(22, 26)",0,-0.08
171,36,"(22, 25)",1,-0.08
171,37,"(23, 25)",1,-0.08
171,38,"(24, 25)",1,-0.08
171,39,"(25, 25)",0,-0.08
171,40,"(25, 24)",0,-0.08
171,41,"(25, 23)",0,-0.08
171,42,"(25, 22)",0,-0.08
171,43,"(25, 21)",0,-0.08
171,44,"(25, 20)",0,-0.08
171,45,"(25, 19)",1,-0.08
171,46,"(26, 19)",0,-0.08
171,47,"(26, 18)",1,-0.08
171,48,"(27, 18)",0,-0.08
171,49,"(27, 17)",0,-0.08
171,50,"(27, 16)",1,-0.08
171,51,"(28, 16)",1,-0.08
171,52,"(29, 16)",0,-0.08
171,53,"(29, 15)",1,-0.08
171,54,"(30, 15)",1,-0.08
171,55,"(31, 15)",1,-0.08
171,56,"(32, 15)",0,-0.08
171,57,"(32, 14)",0,-0.08
171,58,"(32, 13)",1,-0.08
171,59,"(33, 13)",1,-0.08
171,60,"(34, 13)",1,-0.08
171,61,"(35, 13)",1,-0.08
171,62,"(36, 13)",1,-0.08
171,63,"(37, 13)",1,-0.08
171,64,"(38, 13)",1,-0.08
171,65,"(39, 13)",0,-0.08
171,66,"(39, 12)",0,-0.08
171,67,"(39, 11)",1,-0.08
171,68,"(40, 11)",1,-0.08
171,69,"(41, 11)",1,-0.08
171,70,"(42, 11)",1,-0.08
171,71,"(43, 11)",1,-0.08
171,72,"(44, 11)",1,-0.08
171,73,"(45, 11)",0,-0.08
171,74,"(45, 10)",0,-0.08
171,75,"(45, 9)",1,-0.08
171,76,"(46, 9)",0,-0.08
171,77,"(46, 8)",0,-0.08
171,78,"(46, 7)",1,-0.08
171,79,"(47, 7)",0,-0.08
171,80,"(47, 6)",1,-0.08
171,81,"(48, 6)",1,-0.08
171,82,"(49, 6)",0,-0.08
171,83,"(49, 5)",1,-0.08
171,84,"(50, 5)",1,-0.08
171,85,"(51, 5)",0,-0.08
171,86,"(51, 4)",0,-0.08
171,87,"(51, 3)",0,-0.08
171,88,"(51, 2)",0,-0.08
171,89,"(51, 1)",1,-0.08
171,90,"(52, 1)",1,-0.08
171,91,"(53, 1)",1,-0.08
171,92,"(54, 1)",1,-0.08
171,93,"(55, 1)",1,-0.08
171,94,"(56, 1)",1,-0.08
171,95,"(57, 1)",1,-0.08
171,96,"(58, 1)",1,-0.08
171,97,"(59, 1)",1,-0.08
171,98,"(60, 1)",1,-0.08
171,99,"(61, 1)",1,-0.08
171,100,"(62, 1)",1,-0.08
171,101,"(63, 1)",1,-0.08
171,102,"(64, 1)",1,-0.08
171,103,"(65, 1)",1,-0.08
171,104,"(66, 1)",1,-0.08
171,105,"(67, 1)",1,-0.08
171,106,"(68, 1)",1,-0.08
171,107,"(69, 1)",1,-0.08
171,108,"(70, 1)",1,-0.08
171,109,"(71, 1)",2,-0.08
171,110,"(71, 2)",2,-0.08
171,111,"(71, 3)",1,-0.08
171,112,"(72, 3)",1,-0.08
171,113,"(73, 3)",0,-0.08
171,114,"(73, 2)",0,-0.08
171,115,"(73, 1)",1,-0.08
171,116,"(74, 1)",0,-0.08
171,117,"(74, 0)",1,-0.08
171,118,"(75, 0)",1,-0.08
171,119,"(76, 0)",1,-0.08
171,120,"(77, 0)",1,-0.08
171,121,"(78, 0)",1,8.33
172,0,"(0, 39)",1,-0.08
172,1,"(1, 39)",1,-0.08
172,2,"(2, 39)",1,-0.08
172,3,"(3, 39)",1,-0.08
172,4,"(4, 39)",1,-0.08
172,5,"(5, 39)",1,-0.08
172,6,"(6, 39)",1,-0.08
172,7,"(7, 39)",1,-0.08
172,8,"(8, 39)",1,-0.08
172,9,"(9, 39)",1,-0.08
172,10,"(10, 39)",1,-0.08
172,11,"(11, 39)",1,-0.08
172,12,"(12, 39)",1,-0.08
172,13,"(13, 39)",1,-0.08
172,14,"(14, 39)",0,-0.08
172,15,"(14, 38)",0,-0.08
172,16,"(14, 37)",1,-0.08
172,17,"(15, 37)",0,-0.08
172,18,"(15, 36)",0,-0.08
172,19,"(15, 35)",0,-0.08
172,20,"(15, 34)",0,-0.08
172,21,"(15, 33)",1,-0.08
172,22,"(16, 33)",1,-0.08
172,23,"(17, 33)",1,-0.08
172,24,"(18, 33)",1,-0.08
172,25,"(19, 33)",0,-0.08
172,26,"(19, 32)",0,-0.08
172,27,"(19, 31)",0,-0.08
172,28,"(19, 30)",0,-0.08
172,29,"(19, 29)",1,-0.08
172,30,"(20, 29)",0,-0.08
172,31,"(20, 28)",0,-0.08
172,32,"(20, 27)",1,-0.08
172,33,"(21, 27)",0,-0.08
172,34,"(21, 26)",1,-0.08
172,35,"(22, 26)",1,-0.08
172,36,"(23, 26)",1,-0.08
172,37,"(24, 26)",0,-0.08
172,38,"(24, 25)",1,-0.08
172,39,"(25, 25)",0,-0.08
172,40,"(25, 24)",0,-0.08
172,41,"(25, 23)",0,-0.08
172,42,"(25, 22)",0,-0.08
172,43,"(25, 21)",0,-0.08
172,44,"(25, 20)",0,-0.08
172,45,"(25, 19)",0,-0.08
172,46,"(25, 18)",1,-0.08
172,47,"(26, 18)",1,-0.08
172,48,"(27, 18)",0,-0.08
172,49,"(27, 17)",1,-0.08
172,50,"(28, 17)",0,-0.08
172,51,"(28, 16)",1,-0.08
172,52,"(29, 16)",0,-0.08
172,53,"(29, 15)",1,-0.08
172,54,"(30, 15)",1,-0.08
172,55,"(31, 15)",1,-0.08
172,56,"(32, 15)",0,-0.08
172,57,"(32, 14)",0,-0.08
172,58,"(32, 13)",1,-0.08
172,59,"(33, 13)",1,-0.08
172,60,"(34, 13)",1,-0.08
172,61,"(35, 13)",1,-0.08
172,62,"(36, 13)",1,-0.08
172,63,"(37, 13)",1,-0.08
172,64,"(38, 13)",1,-0.08
172,65,"(39, 13)",1,-0.08
172,66,"(40, 13)",1,-0.08
172,67,"(41, 13)",0,-0.08
172,68,"(41, 12)",0,-0.08
172,69,"(41, 11)",1,-0.08
172,70,"(42, 11)",1,-0.08
172,71,"(43, 11)",1,-0.08
172,72,"(44, 11)",1,-0.08
172,73,"(45, 11)",0,-0.08
172,74,"(45, 10)",0,-0.08
172,75,"(45, 9)",1,-0.08
172,76,"(46, 9)",0,-0.08
172,77,"(46, 8)",0,-0.08
172,78,"(46, 7)",1,-0.08
172,79,"(47, 7)",0,-0.08
172,80,"(47, 6)",1,-0.08
172,81,"(48, 6)",1,-0.08
172,82,"(49, 6)",0,-0.08
172,83,"(49, 5)",1,-0.08
172,84,"(50, 5)",1,-0.08
172,85,"(51, 5)",0,-0.08
172,86,"(51, 4)",0,-0.08
172,87,"(51, 3)",0,-0.08
172,88,"(51, 2)",1,-0.08
172,89,"(52, 2)",1,-0.08
172,90,"(53, 2)",0,-0.08
172,91,"(53, 1)",1,-0.08
172,92,"(54, 1)",1,-0.08
172,93,"(55, 1)",1,-0.08
172,94,"(56, 1)",1,-0.08
172,95,"(57, 1)",1,-0.08
172,96,"(58, 1)",1,-0.08
172,97,"(59, 1)",1,-0.08
172,98,"(60, 1)",1,-0.08
172,99,"(61, 1)",1,-0.08
172,100,"(62, 1)",1,-0.08
172,101,"(63, 1)",1,-0.08
172,102,"(64, 1)",1,-0.08
172,103,"(65, 1)",1,-0.08
172,104,"(66, 1)",1,-0.08
172,105,"(67, 1)",1,-0.08
172,106,"(68, 1)",1,-0.08
172,107,"(69, 1)",1,-0.08
172,108,"(70, 1)",1,-0.08
172,109,"(71, 1)",2,-0.08
172,110,"(71, 2)",2,-0.08
172,111,"(71, 3)",1,-0.08
172,112,"(72, 3)",1,-0.08
172,113,"(73, 3)",1,-0.08
172,114,"(74, 3)",1,-0.08
172,115,"(75, 3)",1,-0.08
172,116,"(76, 3)",1,-0.08
172,117,"(77, 3)",0,-0.08
172,118,"(77, 2)",0,-0.08
172,119,"(77, 1)",1,-0.08
172,120,"(78, 1)",0,-0.08
172,121,"(78, 0)",1,8.33
173,0,"(0, 39)",1,-0.08
173,1,"(1, 39)",1,-0.08
173,2,"(2, 39)",1,-0.08
173,3,"(3, 39)",1,-0.08
173,4,"(4, 39)",1,-0.08
173,5,"(5, 39)",1,-0.08
173,6,"(6, 39)",1,-0.08
173,7,"(7, 39)",1,-0.08
173,8,"(8, 39)",1,-0.08
173,9,"(9, 39)",1,-0.08
173,10,"(10, 39)",1,-0.08
173,11,"(11, 39)",0,-0.08
173,12,"(11, 38)",0,-0.08
173,13,"(11, 37)",1,-0.08
173,14,"(12, 37)",1,-0.08
173,15,"(13, 37)",1,-0.08
173,16,"(14, 37)",1,-0.08
173,17,"(15, 37)",1,-0.08
173,18,"(16, 37)",1,-0.08
173,19,"(17, 37)",1,-0.08
173,20,"(18, 37)",1,-0.08
173,21,"(19, 37)",0,-0.08
173,22,"(19, 36)",0,-0.08
173,23,"(19, 35)",0,-0.08
173,24,"(19, 34)",0,-0.08
173,25,"(19, 33)",0,-0.08
173,26,"(19, 32)",0,-0.08
173,27,"(19, 31)",0,-0.08
173,28,"(19, 30)",0,-0.08
173,29,"(19, 29)",1,-0.08
173,30,"(20, 29)",0,-0.08
173,31,"(20, 28)",0,-0.08
173,32,"(20, 27)",1,-0.08
173,33,"(21, 27)",0,-0.08
173,34,"(21, 26)",0,-0.08
173,35,"(21, 25)",1,-0.08
173,36,"(22, 25)",1,-0.08
173,37,"(23, 25)",1,-0.08
173,38,"(24, 25)",1,-0.08
173,39,"(25, 25)",1,-0.08
173,40,"(26, 25)",1,-0.08
173,41,"(27, 25)",1,-0.08
173,42,"(28, 25)",1,-0.08
173,43,"(29, 25)",1,-0.08
173,44,"(30, 25)",1,-0.08
173,45,"(31, 25)",0,-0.08
173,46,"(31, 24)",0,-0.08
173,47,"(31, 23)",1,-0.08
173,48,"(32, 23)",1,-0.08
173,49,"(33, 23)",0,-0.08
173,50,"(33, 22)",0,-0.08
173,51,"(33, 21)",1,-0.08
173,52,"(34, 21)",1,-0.08
173,53,"(35, 21)",1,-0.08
173,54,"(36, 21)",1,-0.08
173,55,"(37, 21)",1,-0.08
173,56,"(38, 21)",1,-0.08
173,57,"(39, 21)",1,-0.08
173,58,"(40, 21)",1,-0.08
173,59,"(41, 21)",1,-0.08
173,60,"(42, 21)",1,-0.08
173,61,"(43, 21)",0,-0.08
173,62,"(43, 20)",0,-0.08
173,63,"(43, 19)",1,-0.08
173,64,"(44, 19)",0,-0.08
173,65,"(44, 18)",0,-0.08
173,66,"(44, 17)",0,-0.08
173,67,"(44, 16)",0,-0.08
173,68,"(44, 15)",1,-0.08
173,69,"(45, 15)",0,-0.08
173,70,"(45, 14)",0,-0.08
173,71,"(45, 13)",0,-0.08
173,72,"(45, 12)",0,-0.08
173,73,"(45, 11)",0,-0.08
173,74,"(45, 10)",1,-0.08
173,75,"(46, 10)",0,-0.08
173,76,"(46, 9)",0,-0.08
173,77,"(46, 8)",0,-0.08
173,78,"(46, 7)",0,-0.08
173,79,"(46, 6)",1,-0.08
173,80,"(47, 6)",1,-0.08
173,81,"(48, 6)",1,-0.08
173,82,"(49, 6)",0,-0.08
173,83,"(49, 5)",1,-0.08
173,84,"(50, 5)",1,-0.08
173,85,"(51, 5)",0,-0.08
173,86,"(51, 4)",0,-0.08
173,87,"(51, 3)",0,-0.08
173,88,"(51, 2)",0,-0.08
173,89,"(51, 1)",1,-0.08
173,90,"(52, 1)",1,-0.08
173,91,"(53, 1)",1,-0.08
173,92,"(54, 1)",1,-0.08
173,93,"(55, 1)",1,-0.08
173,94,"(56, 1)",1,-0.08
173,95,"(57, 1)",1,-0.08
173,96,"(58, 1)",1,-0.08
173,97,"(59, 1)",1,-0.08
173,98,"(60, 1)",1,-0.08
173,99,"(61, 1)",1,-0.08
173,100,"(62, 1)",1,-0.08
173,101,"(63, 1)",1,-0.08
173,102,"(64, 1)",1,-0.08
173,103,"(65, 1)",1,-0.08
173,104,"(66, 1)",1,-0.08
173,105,"(67, 1)",1,-0.08
173,106,"(68, 1)",1,-0.08
173,107,"(69, 1)",1,-0.08
173,108,"(70, 1)",1,-0.08
173,109,"(71, 1)",2,-0.08
173,110,"(71, 2)",2,-0.08
173,111,"(71, 3)",1,-0.08
173,112,"(72, 3)",1,-0.08
173,113,"(73, 3)",1,-0.08
173,114,"(74, 3)",1,-0.08
173,115,"(75, 3)",1,-0.08
173,116,"(76, 3)",1,-0.08
173,117,"(77, 3)",0,-0.08
173,118,"(77, 2)",0,-0.08
173,119,"(77, 1)",1,-0.08
173,120,"(78, 1)",1,-0.08
173,121,"(79, 1)",0,8.33
174,0,"(0, 39)",1,-0.08
174,1,"(1, 39)",1,-0.08
174,2,"(2, 39)",1,-0.08
174,3,"(3, 39)",1,-0.08
174,4,"(4, 39)",1,-0.08
174,5,"(5, 39)",1,-0.08
174,6,"(6, 39)",1,-0.08
174,7,"(7, 39)",1,-0.08
174,8,"(8, 39)",1,-0.08
174,9,"(9, 39)",1,-0.08
174,10,"(10, 39)",0,-0.08
174,11,"(10, 38)",1,-0.08
174,12,"(11, 38)",0,-0.08
174,13,"(11, 37)",1,-0.08
174,14,"(12, 37)",1,-0.08
174,15,"(13, 37)",1,-0.08
174,16,"(14, 37)",1,-0.08
174,17,"(15, 37)",1,-0.08
174,18,"(16, 37)",1,-0.08
174,19,"(17, 37)",1,-0.08
174,20,"(18, 37)",1,-0.08
174,21,"(19, 37)",0,-0.08
174,22,"(19, 36)",0,-0.08
174,23,"(19, 35)",0,-0.08
174,24,"(19, 34)",0,-0.08
174,25,"(19, 33)",0,-0.08
174,26,"(19, 32)",0,-0.08
174,27,"(19, 31)",0,-0.08
174,28,"(19, 30)",0,-0.08
174,29,"(19, 29)",1,-0.08
174,30,"(20, 29)",0,-0.08
174,31,"(20, 28)",0,-0.08
174,32,"(20, 27)",1,-0.08
174,33,"(21, 27)",0,-0.08
174,34,"(21, 26)",1,-0.08
174,35,"(22, 26)",1,-0.08
174,36,"(23, 26)",0,-0.08
174,37,"(23, 25)",1,-0.08
174,38,"(24, 25)",1,-0.08
174,39,"(25, 25)",0,-0.08
174,40,"(25, 24)",0,-0.08
174,41,"(25, 23)",0,-0.08
174,42,"(25, 22)",0,-0.08
174,43,"(25, 21)",1,-0.08
174,44,"(26, 21)",1,-0.08
174,45,"(27, 21)",0,-0.08
174,46,"(27, 20)",0,-0.08
174,47,"(27, 19)",1,-0.08
174,48,"(28, 19)",1,-0.08
174,49,"(29, 19)",1,-0.08
174,50,"(30, 19)",1,-0.08
174,51,"(31, 19)",0,-0.08
174,52,"(31, 18)",0,-0.08
174,53,"(31, 17)",1,-0.08
174,54,"(32, 17)",0,-0.08
174,55,"(32, 16)",0,-0.08
174,56,"(32, 15)",0,-0.08
174,57,"(32, 14)",0,-0.08
174,58,"(32, 13)",1,-0.08
174,59,"(33, 13)",1,-0.08
174,60,"(34, 13)",1,-0.08
174,61,"(35, 13)",1,-0.08
174,62,"(36, 13)",1,-0.08
174,63,"(37, 13)",1,-0.08
174,64,"(38, 13)",1,-0.08
174,65,"(39, 13)",0,-0.08
174,66,"(39, 12)",0,-0.08
174,67,"(39, 11)",1,-0.08
174,68,"(40, 11)",1,-0.08
174,69,"(41, 11)",1,-0.08
174,70,"(42, 11)",1,-0.08
174,71,"(43, 11)",1,-0.08
174,72,"(44, 11)",1,-0.08
174,73,"(45, 11)",0,-0.08
174,74,"(45, 10)",0,-0.08
174,75,"(45, 9)",0,-0.08
174,76,"(45, 8)",0,-0.08
174,77,"(45, 7)",1,-0.08
174,78,"(46, 7)",1,-0.08
174,79,"(47, 7)",0,-0.08
174,80,"(47, 6)",1,-0.08
174,81,"(48, 6)",1,-0.08
174,82,"(49, 6)",0,-0.08
174,83,"(49, 5)",1,-0.08
174,84,"(50, 5)",1,-0.08
174,85,"(51, 5)",1,-0.08
174,86,"(52, 5)",1,-0.08
174,87,"(53, 5)",0,-0.08
174,88,"(53, 4)",0,-0.08
174,89,"(53, 3)",1,-0.08
174,90,"(54, 3)",1,-0.08
174,91,"(55, 3)",1,-0.08
174,92,"(56, 3)",0,-0.08
174,93,"(56, 2)",0,-0.08
174,94,"(56, 1)",1,-0.08
174,95,"(57, 1)",1,-0.08
174,96,"(58, 1)",1,-0.08
174,97,"(59, 1)",1,-0.08
174,98,"(60, 1)",1,-0.08
174,99,"(61, 1)",1,-0.08
174,100,"(62, 1)",1,-0.08
174,101,"(63, 1)",1,-0.08
174,102,"(64, 1)",1,-0.08
174,103,"(65, 1)",1,-0.08
174,104,"(66, 1)",1,-0.08
174,105,"(67, 1)",1,-0.08
174,106,"(68, 1)",1,-0.08
174,107,"(69, 1)",1,-0.08
174,108,"(70, 1)",1,-0.08
174,109,"(71, 1)",2,-0.08
174,110,"(71, 2)",2,-0.08
174,111,"(71, 3)",1,-0.08
174,112,"(72, 3)",1,-0.08
174,113,"(73, 3)",1,-0.08
174,114,"(74, 3)",1,-0.08
174,115,"(75, 3)",1,-0.08
174,116,"(76, 3)",1,-0.08
174,117,"(77, 3)",0,-0.08
174,118,"(77, 2)",0,-0.08
174,119,"(77, 1)",1,-0.08
174,120,"(78, 1)",0,-0.08
174,121,"(78, 0)",1,8.33
175,0,"(0, 39)",1,-0.08
175,1,"(1, 39)",1,-0.08
175,2,"(2, 39)",1,-0.08
175,3,"(3, 39)",1,-0.08
175,4,"(4, 39)",1,-0.08
175,5,"(5, 39)",1,-0.08
175,6,"(6, 39)",1,-0.08
175,7,"(7, 39)",1,-0.08
175,8,"(8, 39)",1,-0.08
175,9,"(9, 39)",1,-0.08
175,10,"(10, 39)",0,-0.08
175,11,"(10, 38)",1,-0.08
175,12,"(11, 38)",0,-0.08
175,13,"(11, 37)",1,-0.08
175,14,"(12, 37)",1,-0.08
175,15,"(13, 37)",1,-0.08
175,16,"(14, 37)",1,-0.08
175,17,"(15, 37)",0,-0.08
175,18,"(15, 36)",0,-0.08
175,19,"(15, 35)",0,-0.08
175,20,"(15, 34)",0,-0.08
175,21,"(15, 33)",1,-0.08
175,22,"(16, 33)",1,-0.08
175,23,"(17, 33)",1,-0.08
175,24,"(18, 33)",1,-0.08
175,25,"(19, 33)",0,-0.08
175,26,"(19, 32)",0,-0.08
175,27,"(19, 31)",0,-0.08
175,28,"(19, 30)",0,-0.08
175,29,"(19, 29)",1,-0.08
175,30,"(20, 29)",0,-0.08
175,31,"(20, 28)",0,-0.08
175,32,"(20, 27)",1,-0.08
175,33,"(21, 27)",0,-0.08
175,34,"(21, 26)",0,-0.08
175,35,"(21, 25)",1,-0.08
175,36,"(22, 25)",1,-0.08
175,37,"(23, 25)",1,-0.08
175,38,"(24, 25)",1,-0.08
175,39,"(25, 25)",1,-0.08
175,40,"(26, 25)",1,-0.08
175,41,"(27, 25)",1,-0.08
175,42,"(28, 25)",1,-0.08
175,43,"(29, 25)",1,-0.08
175,44,"(30, 25)",1,-0.08
175,45,"(31, 25)",0,-0.08
175,46,"(31, 24)",0,-0.08
175,47,"(31, 23)",1,-0.08
175,48,"(32, 23)",1,-0.08
175,49,"(33, 23)",0,-0.08
175,50,"(33, 22)",0,-0.08
175,51,"(33, 21)",1,-0.08
175,52,"(34, 21)",1,-0.08
175,53,"(35, 21)",1,-0.08
175,54,"(36, 21)",1,-0.08
175,55,"(37, 21)",1,-0.08
175,56,"(38, 21)",1,-0.08
175,57,"(39, 21)",0,-0.08
175,58,"(39, 20)",0,-0.08
175,59,"(39, 19)",0,-0.08
175,60,"(39, 18)",0,-0.08
175,61,"(39, 17)",0,-0.08
175,62,"(39, 16)",0,-0.08
175,63,"(39, 15)",1,-0.08
175,64,"(40, 15)",0,-0.08
175,65,"(40, 14)",1,-0.08
175,66,"(41, 14)",0,-0.08
175,67,"(41, 13)",0,-0.08
175,68,"(41, 12)",0,-0.08
175,69,"(41, 11)",1,-0.08
175,70,"(42, 11)",1,-0.08
175,71,"(43, 11)",1,-0.08
175,72,"(44, 11)",1,-0.08
175,73,"(45, 11)",0,-0.08
175,74,"(45, 10)",1,-0.08
175,75,"(46, 10)",0,-0.08
175,76,"(46, 9)",0,-0.08
175,77,"(46, 8)",0,-0.08
175,78,"(46, 7)",0,-0.08
175,79,"(46, 6)",1,-0.08
175,80,"(47, 6)",1,-0.08
175,81,"(48, 6)",1,-0.08
175,82,"(49, 6)",0,-0.08
175,83,"(49, 5)",1,-0.08
175,84,"(50, 5)",1,-0.08
175,85,"(51, 5)",0,-0.08
175,86,"(51, 4)",0,-0.08
175,87,"(51, 3)",0,-0.08
175,88,"(51, 2)",0,-0.08
175,89,"(51, 1)",1,-0.08
175,90,"(52, 1)",1,-0.08
175,91,"(53, 1)",1,-0.08
175,92,"(54, 1)",1,-0.08
175,93,"(55, 1)",1,-0.08
175,94,"(56, 1)",1,-0.08
175,95,"(57, 1)",1,-0.08
175,96,"(58, 1)",1,-0.08
175,97,"(59, 1)",1,-0.08
175,98,"(60, 1)",1,-0.08
175,99,"(61, 1)",1,-0.08
175,100,"(62, 1)",1,-0.08
175,101,"(63, 1)",1,-0.08
175,102,"(64, 1)",1,-0.08
175,103,"(65, 1)",1,-0.08
175,104,"(66, 1)",1,-0.08
175,105,"(67, 1)",1,-0.08
175,106,"(68, 1)",1,-0.08
175,107,"(69, 1)",1,-0.08
175,108,"(70, 1)",1,-0.08
175,109,"(71, 1)",2,-0.08
175,110,"(71, 2)",2,-0.08
175,111,"(71, 3)",1,-0.08
175,112,"(72, 3)",1,-0.08
175,113,"(73, 3)",1,-0.08
175,114,"(74, 3)",1,-0.08
175,115,"(75, 3)",1,-0.08
175,116,"(76, 3)",1,-0.08
175,117,"(77, 3)",0,-0.08
175,118,"(77, 2)",0,-0.08
175,119,"(77, 1)",1,-0.08
175,120,"(78, 1)",1,-0.08
175,121,"(79, 1)",0,8.33
176,0,"(0, 39)",1,-0.08
176,1,"(1, 39)",1,-0.08
176,2,"(2, 39)",1,-0.08
176,3,"(3, 39)",1,-0.08
176,4,"(4, 39)",1,-0.08
176,5,"(5, 39)",1,-0.08
176,6,"(6, 39)",1,-0.08
176,7,"(7, 39)",1,-0.08
176,8,"(8, 39)",1,-0.08
176,9,"(9, 39)",1,-0.08
176,10,"(10, 39)",0,-0.08
176,11,"(10, 38)",1,-0.08
176,12,"(11, 38)",0,-0.08
176,13,"(11, 37)",1,-0.08
176,14,"(12, 37)",1,-0.08
176,15,"(13, 37)",1,-0.08
176,16,"(14, 37)",1,-0.08
176,17,"(15, 37)",0,-0.08
176,18,"(15, 36)",1,-0.08
176,19,"(16, 36)",1,-0.08
176,20,"(17, 36)",0,-0.08
176,21,"(17, 35)",1,-0.08
176,22,"(18, 35)",1,-0.08
176,23,"(19, 35)",0,-0.08
176,24,"(19, 34)",0,-0.08
176,25,"(19, 33)",0,-0.08
176,26,"(19, 32)",0,-0.08
176,27,"(19, 31)",0,-0.08
176,28,"(19, 30)",0,-0.08
176,29,"(19, 29)",1,-0.08
176,30,"(20, 29)",0,-0.08
176,31,"(20, 28)",0,-0.08
176,32,"(20, 27)",1,-0.08
176,33,"(21, 27)",0,-0.08
176,34,"(21, 26)",1,-0.08
176,35,"(22, 26)",1,-0.08
176,36,"(23, 26)",0,-0.08
176,37,"(23, 25)",1,-0.08
176,38,"(24, 25)",1,-0.08
176,39,"(25, 25)",1,-0.08
176,40,"(26, 25)",1,-0.08
176,41,"(27, 25)",1,-0.08
176,42,"(28, 25)",1,-0.08
176,43,"(29, 25)",1,-0.08
176,44,"(30, 25)",1,-0.08
176,45,"(31, 25)",0,-0.08
176,46,"(31, 24)",0,-0.08
176,47,"(31, 23)",1,-0.08
176,48,"(32, 23)",1,-0.08
176,49,"(33, 23)",0,-0.08
176,50,"(33, 22)",0,-0.08
176,51,"(33, 21)",1,-0.08
176,52,"(34, 21)",1,-0.08
176,53,"(35, 21)",0,-0.08
176,54,"(35, 20)",0,-0.08
176,55,"(35, 19)",1,-0.08
176,56,"(36, 19)",1,-0.08
176,57,"(37, 19)",0,-0.08
176,58,"(37, 18)",0,-0.08
176,59,"(37, 17)",0,-0.08
176,60,"(37, 16)",0,-0.08
176,61,"(37, 15)",1,-0.08
176,62,"(38, 15)",0,-0.08
176,63,"(38, 14)",0,-0.08
176,64,"(38, 13)",1,-0.08
176,65,"(39, 13)",0,-0.08
176,66,"(39, 12)",0,-0.08
176,67,"(39, 11)",1,-0.08
176,68,"(40, 11)",1,-0.08
176,69,"(41, 11)",1,-0.08
176,70,"(42, 11)",1,-0.08
176,71,"(43, 11)",1,-0.08
176,72,"(44, 11)",1,-0.08
176,73,"(45, 11)",0,-0.08
176,74,"(45, 10)",0,-0.08
176,75,"(45, 9)",0,-0.08
176,76,"(45, 8)",0,-0.08
176,77,"(45, 7)",1,-0.08
176,78,"(46, 7)",0,-0.08
176,79,"(46, 6)",1,-0.08
176,80,"(47, 6)",1,-0.08
176,81,"(48, 6)",1,-0.08
176,82,"(49, 6)",0,-0.08
176,83,"(49, 5)",1,-0.08
176,84,"(50, 5)",1,-0.08
176,85,"(51, 5)",1,-0.08
176,86,"(52, 5)",1,-0.08
176,87,"(53, 5)",0,-0.08
176,88,"(53, 4)",0,-0.08
176,89,"(53, 3)",1,-0.08
176,90,"(54, 3)",1,-0.08
176,91,"(55, 3)",1,-0.08
176,92,"(56, 3)",0,-0.08
176,93,"(56, 2)",0,-0.08
176,94,"(56, 1)",1,-0.08
176,95,"(57, 1)",1,-0.08
176,96,"(58, 1)",1,-0.08
176,97,"(59, 1)",1,-0.08
176,98,"(60, 1)",1,-0.08
176,99,"(61, 1)",1,-0.08
176,100,"(62, 1)",1,-0.08
176,101,"(63, 1)",1,-0.08
176,102,"(64, 1)",1,-0.08
176,103,"(65, 1)",1,-0.08
176,104,"(66, 1)",1,-0.08
176,105,"(67, 1)",1,-0.08
176,106,"(68, 1)",1,-0.08
176,107,"(69, 1)",1,-0.08
176,108,"(70, 1)",1,-0.08
176,109,"(71, 1)",2,-0.08
176,110,"(71, 2)",2,-0.08
176,111,"(71, 3)",1,-0.08
176,112,"(72, 3)",1,-0.08
176,113,"(73, 3)",1,-0.08
176,114,"(74, 3)",1,-0.08
176,115,"(75, 3)",1,-0.08
176,116,"(76, 3)",1,-0.08
176,117,"(77, 3)",0,-0.08
176,118,"(77, 2)",0,-0.08
176,119,"(77, 1)",0,-0.08
176,120,"(77, 0)",1,-0.08
176,121,"(78, 0)",1,8.33
177,0,"(0, 39)",1,-0.08
177,1,"(1, 39)",1,-0.08
177,2,"(2, 39)",1,-0.08
177,3,"(3, 39)",1,-0.08
177,4,"(4, 39)",1,-0.08
177,5,"(5, 39)",1,-0.08
177,6,"(6, 39)",1,-0.08
177,7,"(7, 39)",1,-0.08
177,8,"(8, 39)",1,-0.08
177,9,"(9, 39)",1,-0.08
177,10,"(10, 39)",1,-0.08
177,11,"(11, 39)",0,-0.08
177,12,"(11, 38)",0,-0.08
177,13,"(11, 37)",1,-0.08
177,14,"(12, 37)",1,-0.08
177,15,"(13, 37)",1,-0.08
177,16,"(14, 37)",1,-0.08
177,17,"(15, 37)",0,-0.08
177,18,"(15, 36)",1,-0.08
177,19,"(16, 36)",1,-0.08
177,20,"(17, 36)",0,-0.08
177,21,"(17, 35)",1,-0.08
177,22,"(18, 35)",0,-0.08
177,23,"(18, 34)",1,-0.08
177,24,"(19, 34)",0,-0.08
177,25,"(19, 33)",0,-0.08
177,26,"(19, 32)",0,-0.08
177,27,"(19, 31)",0,-0.08
177,28,"(19, 30)",0,-0.08
177,29,"(19, 29)",1,-0.08
177,30,"(20, 29)",0,-0.08
177,31,"(20, 28)",0,-0.08
177,32,"(20, 27)",1,-0.08
177,33,"(21, 27)",0,-0.08
177,34,"(21, 26)",1,-0.08
177,35,"(22, 26)",0,-0.08
177,36,"(22, 25)",0,-0.08
177,37,"(22, 24)",0,-0.08
177,38,"(22, 23)",1,-0.08
177,39,"(23, 23)",1,-0.08
177,40,"(24, 23)",1,-0.08
177,41,"(25, 23)",0,-0.08
177,42,"(25, 22)",0,-0.08
177,43,"(25, 21)",1,-0.08
177,44,"(26, 21)",1,-0.08
177,45,"(27, 21)",0,-0.08
177,46,"(27, 20)",1,-0.08
177,47,"(28, 20)",0,-0.08
177,48,"(28, 19)",1,-0.08
177,49,"(29, 19)",1,-0.08
177,50,"(30, 19)",1,-0.08
177,51,"(31, 19)",0,-0.08
177,52,"(31, 18)",0,-0.08
177,53,"(31, 17)",1,-0.08
177,54,"(32, 17)",0,-0.08
177,55,"(32, 16)",0,-0.08
177,56,"(32, 15)",0,-0.08
177,57,"(32, 14)",0,-0.08
177,58,"(32, 13)",1,-0.08
177,59,"(33, 13)",1,-0.08
177,60,"(34, 13)",1,-0.08
177,61,"(35, 13)",1,-0.08
177,62,"(36, 13)",1,-0.08
177,63,"(37, 13)",1,-0.08
177,64,"(38, 13)",1,-0.08
177,65,"(39, 13)",0,-0.08
177,66,"(39, 12)",0,-0.08
177,67,"(39, 11)",1,-0.08
177,68,"(40, 11)",1,-0.08
177,69,"(41, 11)",1,-0.08
177,70,"(42, 11)",1,-0.08
177,71,"(43, 11)",1,-0.08
177,72,"(44, 11)",1,-0.08
177,73,"(45, 11)",0,-0.08
177,74,"(45, 10)",0,-0.08
177,75,"(45, 9)",0,-0.08
177,76,"(45, 8)",1,-0.08
177,77,"(46, 8)",0,-0.08
177,78,"(46, 7)",0,-0.08
177,79,"(46, 6)",1,-0.08
177,80,"(47, 6)",1,-0.08
177,81,"(48, 6)",1,-0.08
177,82,"(49, 6)",0,-0.08
177,83,"(49, 5)",1,-0.08
177,84,"(50, 5)",1,-0.08
177,85,"(51, 5)",0,-0.08
177,86,"(51, 4)",0,-0.08
177,87,"(51, 3)",0,-0.08
177,88,"(51, 2)",0,-0.08
177,89,"(51, 1)",1,-0.08
177,90,"(52, 1)",1,-0.08
177,91,"(53, 1)",1,-0.08
177,92,"(54, 1)",1,-0.08
177,93,"(55, 1)",1,-0.08
177,94,"(56, 1)",1,-0.08
177,95,"(57, 1)",1,-0.08
177,96,"(58, 1)",1,-0.08
177,97,"(59, 1)",1,-0.08
177,98,"(60, 1)",1,-0.08
177,99,"(61, 1)",1,-0.08
177,100,"(62, 1)",1,-0.08
177,101,"(63, 1)",1,-0.08
177,102,"(64, 1)",1,-0.08
177,103,"(65, 1)",1,-0.08
177,104,"(66, 1)",1,-0.08
177,105,"(67, 1)",1,-0.08
177,106,"(68, 1)",1,-0.08
177,107,"(69, 1)",1,-0.08
177,108,"(70, 1)",1,-0.08
177,109,"(71, 1)",2,-0.08
177,110,"(71, 2)",2,-0.08
177,111,"(71, 3)",1,-0.08
177,112,"(72, 3)",1,-0.08
177,113,"(73, 3)",0,-0.08
177,114,"(73, 2)",0,-0.08
177,115,"(73, 1)",0,-0.08
177,116,"(73, 0)",1,-0.08
177,117,"(74, 0)",1,-0.08
177,118,"(75, 0)",1,-0.08
177,119,"(76, 0)",1,-0.08
177,120,"(77, 0)",1,-0.08
177,121,"(78, 0)",1,8.33
178,0,"(0, 39)",1,-0.08
178,1,"(1, 39)",1,-0.08
178,2,"(2, 39)",1,-0.08
178,3,"(3, 39)",1,-0.08
178,4,"(4, 39)",1,-0.08
178,5,"(5, 39)",1,-0.08
178,6,"(6, 39)",1,-0.08
178,7,"(7, 39)",1,-0.08
178,8,"(8, 39)",1,-0.08
178,9,"(9, 39)",1,-0.08
178,10,"(10, 39)",1,-0.08
178,11,"(11, 39)",1,-0.08
178,12,"(12, 39)",1,-0.08
178,13,"(13, 39)",1,-0.08
178,14,"(14, 39)",0,-0.08
178,15,"(14, 38)",0,-0.08
178,16,"(14, 37)",1,-0.08
178,17,"(15, 37)",1,-0.08
178,18,"(16, 37)",0,-0.08
178,19,"(16, 36)",1,-0.08
178,20,"(17, 36)",0,-0.08
178,21,"(17, 35)",0,-0.08
178,22,"(17, 34)",1,-0.08
178,23,"(18, 34)",1,-0.08
178,24,"(19, 34)",0,-0.08
178,25,"(19, 33)",0,-0.08
178,26,"(19, 32)",0,-0.08
178,27,"(19, 31)",0,-0.08
178,28,"(19, 30)",0,-0.08
178,29,"(19, 29)",1,-0.08
178,30,"(20, 29)",0,-0.08
178,31,"(20, 28)",0,-0.08
178,32,"(20, 27)",1,-0.08
178,33,"(21, 27)",0,-0.08
178,34,"(21, 26)",0,-0.08
178,35,"(21, 25)",1,-0.08
178,36,"(22, 25)",1,-0.08
178,37,"(23, 25)",1,-0.08
178,38,"(24, 25)",1,-0.08
178,39,"(25, 25)",0,-0.08
178,40,"(25, 24)",0,-0.08
178,41,"(25, 23)",0,-0.08
178,42,"(25, 22)",0,-0.08
178,43,"(25, 21)",0,-0.08
178,44,"(25, 20)",0,-0.08
178,45,"(25, 19)",1,-0.08
178,46,"(26, 19)",0,-0.08
178,47,"(26, 18)",1,-0.08
178,48,"(27, 18)",0,-0.08
178,49,"(27, 17)",1,-0.08
178,50,"(28, 17)",1,-0.08
178,51,"(29, 17)",1,-0.08
178,52,"(30, 17)",1,-0.08
178,53,"(31, 17)",1,-0.08
178,54,"(32, 17)",0,-0.08
178,55,"(32, 16)",0,-0.08
178,56,"(32, 15)",0,-0.08
178,57,"(32, 14)",0,-0.08
178,58,"(32, 13)",1,-0.08
178,59,"(33, 13)",1,-0.08
178,60,"(34, 13)",1,-0.08
178,61,"(35, 13)",1,-0.08
178,62,"(36, 13)",1,-0.08
178,63,"(37, 13)",1,-0.08
178,64,"(38, 13)",1,-0.08
178,65,"(39, 13)",1,-0.08
178,66,"(40, 13)",1,-0.08
178,67,"(41, 13)",0,-0.08
178,68,"(41, 12)",0,-0.08
178,69,"(41, 11)",1,-0.08
178,70,"(42, 11)",1,-0.08
178,71,"(43, 11)",1,-0.08
178,72,"(44, 11)",1,-0.08
178,73,"(45, 11)",0,-0.08
178,74,"(45, 10)",1,-0.08
178,75,"(46, 10)",0,-0.08
178,76,"(46, 9)",0,-0.08
178,77,"(46, 8)",0,-0.08
178,78,"(46, 7)",1,-0.08
178,79,"(47, 7)",0,-0.08
178,80,"(47, 6)",1,-0.08
178,81,"(48, 6)",1,-0.08
178,82,"(49, 6)",0,-0.08
178,83,"(49, 5)",1,-0.08
178,84,"(50, 5)",1,-0.08
178,85,"(51, 5)",1,-0.08
178,86,"(52, 5)",1,-0.08
178,87,"(53, 5)",0,-0.08
178,88,"(53, 4)",0,-0.08
178,89,"(53, 3)",0,-0.08
178,90,"(53, 2)",0,-0.08
178,91,"(53, 1)",1,-0.08
178,92,"(54, 1)",1,-0.08
178,93,"(55, 1)",1,-0.08
178,94,"(56, 1)",1,-0.08
178,95,"(57, 1)",1,-0.08
178,96,"(58, 1)",1,-0.08
178,97,"(59, 1)",1,-0.08
178,98,"(60, 1)",1,-0.08
178,99,"(61, 1)",1,-0.08
178,100,"(62, 1)",1,-0.08
178,101,"(63, 1)",1,-0.08
178,102,"(64, 1)",1,-0.08
178,103,"(65, 1)",1,-0.08
178,104,"(66, 1)",1,-0.08
178,105,"(67, 1)",1,-0.08
178,106,"(68, 1)",1,-0.08
178,107,"(69, 1)",1,-0.08
178,108,"(70, 1)",1,-0.08
178,109,"(71, 1)",2,-0.08
178,110,"(71, 2)",2,-0.08
178,111,"(71, 3)",1,-0.08
178,112,"(72, 3)",1,-0.08
178,113,"(73, 3)",0,-0.08
178,114,"(73, 2)",0,-0.08
178,115,"(73, 1)",0,-0.08
178,116,"(73, 0)",1,-0.08
178,117,"(74, 0)",1,-0.08
178,118,"(75, 0)",1,-0.08
178,119,"(76, 0)",1,-0.08
178,120,"(77, 0)",1,-0.08
178,121,"(78, 0)",1,8.33
179,0,"(0, 39)",1,-0.08
179,1,"(1, 39)",1,-0.08
179,2,"(2, 39)",1,-0.08
179,3,"(3, 39)",1,-0.08
179,4,"(4, 39)",1,-0.08
179,5,"(5, 39)",1,-0.08
179,6,"(6, 39)",1,-0.08
179,7,"(7, 39)",1,-0.08
179,8,"(8, 39)",1,-0.08
179,9,"(9, 39)",1,-0.08
179,10,"(10, 39)",0,-0.08
179,11,"(10, 38)",1,-0.08
179,12,"(11, 38)",0,-0.08
179,13,"(11, 37)",1,-0.08
179,14,"(12, 37)",1,-0.08
179,15,"(13, 37)",1,-0.08
179,16,"(14, 37)",1,-0.08
179,17,"(15, 37)",1,-0.08
179,18,"(16, 37)",0,-0.08
179,19,"(16, 36)",1,-0.08
179,20,"(17, 36)",0,-0.08
179,21,"(17, 35)",1,-0.08
179,22,"(18, 35)",1,-0.08
179,23,"(19, 35)",0,-0.08
179,24,"(19, 34)",0,-0.08
179,25,"(19, 33)",0,-0.08
179,26,"(19, 32)",0,-0.08
179,27,"(19, 31)",0,-0.08
179,28,"(19, 30)",0,-0.08
179,29,"(19, 29)",1,-0.08
179,30,"(20, 29)",0,-0.08
179,31,"(20, 28)",0,-0.08
179,32,"(20, 27)",1,-0.08
179,33,"(21, 27)",0,-0.08
179,34,"(21, 26)",1,-0.08
179,35,"(22, 26)",1,-0.08
179,36,"(23, 26)",0,-0.08
179,37,"(23, 25)",1,-0.08
179,38,"(24, 25)",1,-0.08
179,39,"(25, 25)",1,-0.08
179,40,"(26, 25)",1,-0.08
179,41,"(27, 25)",1,-0.08
179,42,"(28, 25)",1,-0.08
179,43,"(29, 25)",1,-0.08
179,44,"(30, 25)",1,-0.08
179,45,"(31, 25)",0,-0.08
179,46,"(31, 24)",0,-0.08
179,47,"(31, 23)",1,-0.08
179,48,"(32, 23)",1,-0.08
179,49,"(33, 23)",0,-0.08
179,50,"(33, 22)",0,-0.08
179,51,"(33, 21)",1,-0.08
179,52,"(34, 21)",1,-0.08
179,53,"(35, 21)",0,-0.08
179,54,"(35, 20)",0,-0.08
179,55,"(35, 19)",1,-0.08
179,56,"(36, 19)",1,-0.08
179,57,"(37, 19)",0,-0.08
179,58,"(37, 18)",0,-0.08
179,59,"(37, 17)",0,-0.08
179,60,"(37, 16)",0,-0.08
179,61,"(37, 15)",0,-0.08
179,62,"(37, 14)",1,-0.08
179,63,"(38, 14)",0,-0.08
179,64,"(38, 13)",1,-0.08
179,65,"(39, 13)",0,-0.08
179,66,"(39, 12)",0,-0.08
179,67,"(39, 11)",1,-0.08
179,68,"(40, 11)",1,-0.08
179,69,"(41, 11)",1,-0.08
179,70,"(42, 11)",1,-0.08
179,71,"(43, 11)",1,-0.08
179,72,"(44, 11)",1,-0.08
179,73,"(45, 11)",0,-0.08
179,74,"(45, 10)",1,-0.08
179,75,"(46, 10)",0,-0.08
179,76,"(46, 9)",0,-0.08
179,77,"(46, 8)",0,-0.08
179,78,"(46, 7)",0,-0.08
179,79,"(46, 6)",1,-0.08
179,80,"(47, 6)",1,-0.08
179,81,"(48, 6)",1,-0.08
179,82,"(49, 6)",0,-0.08
179,83,"(49, 5)",1,-0.08
179,84,"(50, 5)",1,-0.08
179,85,"(51, 5)",1,-0.08
179,86,"(52, 5)",1,-0.08
179,87,"(53, 5)",0,-0.08
179,88,"(53, 4)",0,-0.08
179,89,"(53, 3)",0,-0.08
179,90,"(53, 2)",0,-0.08
179,91,"(53, 1)",1,-0.08
179,92,"(54, 1)",1,-0.08
179,93,"(55, 1)",1,-0.08
179,94,"(56, 1)",1,-0.08
179,95,"(57, 1)",1,-0.08
179,96,"(58, 1)",1,-0.08
179,97,"(59, 1)",1,-0.08
179,98,"(60, 1)",1,-0.08
179,99,"(61, 1)",1,-0.08
179,100,"(62, 1)",1,-0.08
179,101,"(63, 1)",1,-0.08
179,102,"(64, 1)",1,-0.08
179,103,"(65, 1)",1,-0.08
179,104,"(66, 1)",1,-0.08
179,105,"(67, 1)",1,-0.08
179,106,"(68, 1)",1,-0.08
179,107,"(69, 1)",1,-0.08
179,108,"(70, 1)",1,-0.08
179,109,"(71, 1)",2,-0.08
179,110,"(71, 2)",2,-0.08
179,111,"(71, 3)",1,-0.08
179,112,"(72, 3)",1,-0.08
179,113,"(73, 3)",0,-0.08
179,114,"(73, 2)",0,-0.08
179,115,"(73, 1)",1,-0.08
179,116,"(74, 1)",1,-0.08
179,117,"(75, 1)",0,-0.08
179,118,"(75, 0)",1,-0.08
179,119,"(76, 0)",1,-0.08
179,120,"(77, 0)",1,-0.08
179,121,"(78, 0)",1,8.33
180,0,"(0, 39)",1,-0.08
180,1,"(1, 39)",1,-0.08
180,2,"(2, 39)",1,-0.08
180,3,"(3, 39)",1,-0.08
180,4,"(4, 39)",1,-0.08
180,5,"(5, 39)",1,-0.08
180,6,"(6, 39)",1,-0.08
180,7,"(7, 39)",1,-0.08
180,8,"(8, 39)",1,-0.08
180,9,"(9, 39)",1,-0.08
180,10,"(10, 39)",1,-0.08
180,11,"(11, 39)",0,-0.08
180,12,"(11, 38)",0,-0.08
180,13,"(11, 37)",1,-0.08
180,14,"(12, 37)",1,-0.08
180,15,"(13, 37)",1,-0.08
180,16,"(14, 37)",1,-0.08
180,17,"(15, 37)",1,-0.08
180,18,"(16, 37)",0,-0.08
180,19,"(16, 36)",1,-0.08
180,20,"(17, 36)",0,-0.08
180,21,"(17, 35)",0,-0.08
180,22,"(17, 34)",0,-0.08
180,23,"(17, 33)",1,-0.08
180,24,"(18, 33)",1,-0.08
180,25,"(19, 33)",0,-0.08
180,26,"(19, 32)",0,-0.08
180,27,"(19, 31)",0,-0.08
180,28,"(19, 30)",0,-0.08
180,29,"(19, 29)",1,-0.08
180,30,"(20, 29)",0,-0.08
180,31,"(20, 28)",0,-0.08
180,32,"(20, 27)",1,-0.08
180,33,"(21, 27)",0,-0.08
180,34,"(21, 26)",1,-0.08
180,35,"(22, 26)",0,-0.08
180,36,"(22, 25)",0,-0.08
180,37,"(22, 24)",0,-0.08
180,38,"(22, 23)",1,-0.08
180,39,"(23, 23)",1,-0.08
180,40,"(24, 23)",1,-0.08
180,41,"(25, 23)",0,-0.08
180,42,"(25, 22)",0,-0.08
180,43,"(25, 21)",1,-0.08
180,44,"(26, 21)",1,-0.08
180,45,"(27, 21)",0,-0.08
180,46,"(27, 20)",1,-0.08
180,47,"(28, 20)",0,-0.08
180,48,"(28, 19)",1,-0.08
180,49,"(29, 19)",1,-0.08
180,50,"(30, 19)",1,-0.08
180,51,"(31, 19)",0,-0.08
180,52,"(31, 18)",1,-0.08
180,53,"(32, 18)",0,-0.08
180,54,"(32, 17)",1,-0.08
180,55,"(33, 17)",1,-0.08
180,56,"(34, 17)",1,-0.08
180,57,"(35, 17)",0,-0.08
180,58,"(35, 16)",0,-0.08
180,59,"(35, 15)",0,-0.08
180,60,"(35, 14)",0,-0.08
180,61,"(35, 13)",1,-0.08
180,62,"(36, 13)",1,-0.08
180,63,"(37, 13)",1,-0.08
180,64,"(38, 13)",1,-0.08
180,65,"(39, 13)",0,-0.08
180,66,"(39, 12)",0,-0.08
180,67,"(39, 11)",1,-0.08
180,68,"(40, 11)",1,-0.08
180,69,"(41, 11)",1,-0.08
180,70,"(42, 11)",1,-0.08
180,71,"(43, 11)",1,-0.08
180,72,"(44, 11)",1,-0.08
180,73,"(45, 11)",0,-0.08
180,74,"(45, 10)",1,-0.08
180,75,"(46, 10)",0,-0.08
180,76,"(46, 9)",0,-0.08
180,77,"(46, 8)",0,-0.08
180,78,"(46, 7)",1,-0.08
180,79,"(47, 7)",0,-0.08
180,80,"(47, 6)",1,-0.08
180,81,"(48, 6)",1,-0.08
180,82,"(49, 6)",0,-0.08
180,83,"(49, 5)",1,-0.08
180,84,"(50, 5)",1,-0.08
180,85,"(51, 5)",0,-0.08
180,86,"(51, 4)",0,-0.08
180,87,"(51, 3)",0,-0.08
180,88,"(51, 2)",1,-0.08
180,89,"(52, 2)",1,-0.08
180,90,"(53, 2)",0,-0.08
180,91,"(53, 1)",1,-0.08
180,92,"(54, 1)",1,-0.08
180,93,"(55, 1)",1,-0.08
180,94,"(56, 1)",1,-0.08
180,95,"(57, 1)",1,-0.08
180,96,"(58, 1)",1,-0.08
180,97,"(59, 1)",1,-0.08
180,98,"(60, 1)",1,-0.08
180,99,"(61, 1)",1,-0.08
180,100,"(62, 1)",1,-0.08
180,101,"(63, 1)",1,-0.08
180,102,"(64, 1)",1,-0.08
180,103,"(65, 1)",1,-0.08
180,104,"(66, 1)",1,-0.08
180,105,"(67, 1)",1,-0.08
180,106,"(68, 1)",1,-0.08
180,107,"(69, 1)",1,-0.08
180,108,"(70, 1)",1,-0.08
180,109,"(71, 1)",2,-0.08
180,110,"(71, 2)",2,-0.08
180,111,"(71, 3)",1,-0.08
180,112,"(72, 3)",1,-0.08
180,113,"(73, 3)",0,-0.08
180,114,"(73, 2)",0,-0.08
180,115,"(73, 1)",1,-0.08
180,116,"(74, 1)",0,-0.08
180,117,"(74, 0)",1,-0.08
180,118,"(75, 0)",1,-0.08
180,119,"(76, 0)",1,-0.08
180,120,"(77, 0)",1,-0.08
180,121,"(78, 0)",1,8.33
181,0,"(0, 39)",1,-0.08
181,1,"(1, 39)",1,-0.08
181,2,"(2, 39)",1,-0.08
181,3,"(3, 39)",1,-0.08
181,4,"(4, 39)",1,-0.08
181,5,"(5, 39)",1,-0.08
181,6,"(6, 39)",1,-0.08
181,7,"(7, 39)",1,-0.08
181,8,"(8, 39)",1,-0.08
181,9,"(9, 39)",1,-0.08
181,10,"(10, 39)",0,-0.08
181,11,"(10, 38)",0,-0.08
181,12,"(10, 37)",1,-0.08
181,13,"(11, 37)",1,-0.08
181,14,"(12, 37)",1,-0.08
181,15,"(13, 37)",1,-0.08
181,16,"(14, 37)",1,-0.08
181,17,"(15, 37)",0,-0.08
181,18,"(15, 36)",0,-0.08
181,19,"(15, 35)",0,-0.08
181,20,"(15, 34)",0,-0.08
181,21,"(15, 33)",1,-0.08
181,22,"(16, 33)",1,-0.08
181,23,"(17, 33)",1,-0.08
181,24,"(18, 33)",1,-0.08
181,25,"(19, 33)",0,-0.08
181,26,"(19, 32)",0,-0.08
181,27,"(19, 31)",0,-0.08
181,28,"(19, 30)",0,-0.08
181,29,"(19, 29)",1,-0.08
181,30,"(20, 29)",0,-0.08
181,31,"(20, 28)",0,-0.08
181,32,"(20, 27)",1,-0.08
181,33,"(21, 27)",0,-0.08
181,34,"(21, 26)",1,-0.08
181,35,"(22, 26)",0,-0.08
181,36,"(22, 25)",0,-0.08
181,37,"(22, 24)",0,-0.08
181,38,"(22, 23)",1,-0.08
181,39,"(23, 23)",1,-0.08
181,40,"(24, 23)",1,-0.08
181,41,"(25, 23)",0,-0.08
181,42,"(25, 22)",0,-0.08
181,43,"(25, 21)",0,-0.08
181,44,"(25, 20)",0,-0.08
181,45,"(25, 19)",0,-0.08
181,46,"(25, 18)",1,-0.08
181,47,"(26, 18)",1,-0.08
181,48,"(27, 18)",0,-0.08
181,49,"(27, 17)",1,-0.08
181,50,"(28, 17)",1,-0.08
181,51,"(29, 17)",0,-0.08
181,52,"(29, 16)",0,-0.08
181,53,"(29, 15)",1,-0.08
181,54,"(30, 15)",1,-0.08
181,55,"(31, 15)",1,-0.08
181,56,"(32, 15)",0,-0.08
181,57,"(32, 14)",0,-0.08
181,58,"(32, 13)",1,-0.08
181,59,"(33, 13)",1,-0.08
181,60,"(34, 13)",1,-0.08
181,61,"(35, 13)",1,-0.08
181,62,"(36, 13)",1,-0.08
181,63,"(37, 13)",1,-0.08
181,64,"(38, 13)",1,-0.08
181,65,"(39, 13)",1,-0.08
181,66,"(40, 13)",1,-0.08
181,67,"(41, 13)",1,-0.08
181,68,"(42, 13)",1,-0.08
181,69,"(43, 13)",1,-0.08
181,70,"(44, 13)",1,-0.08
181,71,"(45, 13)",0,-0.08
181,72,"(45, 12)",0,-0.08
181,73,"(45, 11)",0,-0.08
181,74,"(45, 10)",1,-0.08
181,75,"(46, 10)",0,-0.08
181,76,"(46, 9)",0,-0.08
181,77,"(46, 8)",0,-0.08
181,78,"(46, 7)",0,-0.08
181,79,"(46, 6)",1,-0.08
181,80,"(47, 6)",1,-0.08
181,81,"(48, 6)",1,-0.08
181,82,"(49, 6)",0,-0.08
181,83,"(49, 5)",1,-0.08
181,84,"(50, 5)",1,-0.08
181,85,"(51, 5)",0,-0.08
181,86,"(51, 4)",0,-0.08
181,87,"(51, 3)",0,-0.08
181,88,"(51, 2)",1,-0.08
181,89,"(52, 2)",0,-0.08
181,90,"(52, 1)",1,-0.08
181,91,"(53, 1)",1,-0.08
181,92,"(54, 1)",1,-0.08
181,93,"(55, 1)",1,-0.08
181,94,"(56, 1)",1,-0.08
181,95,"(57, 1)",1,-0.08
181,96,"(58, 1)",1,-0.08
181,97,"(59, 1)",1,-0.08
181,98,"(60, 1)",1,-0.08
181,99,"(61, 1)",1,-0.08
181,100,"(62, 1)",1,-0.08
181,101,"(63, 1)",1,-0.08
181,102,"(64, 1)",1,-0.08
181,103,"(65, 1)",1,-0.08
181,104,"(66, 1)",1,-0.08
181,105,"(67, 1)",1,-0.08
181,106,"(68, 1)",1,-0.08
181,107,"(69, 1)",1,-0.08
181,108,"(70, 1)",1,-0.08
181,109,"(71, 1)",2,-0.08
181,110,"(71, 2)",2,-0.08
181,111,"(71, 3)",1,-0.08
181,112,"(72, 3)",1,-0.08
181,113,"(73, 3)",0,-0.08
181,114,"(73, 2)",0,-0.08
181,115,"(73, 1)",1,-0.08
181,116,"(74, 1)",0,-0.08
181,117,"(74, 0)",1,-0.08
181,118,"(75, 0)",1,-0.08
181,119,"(76, 0)",1,-0.08
181,120,"(77, 0)",1,-0.08
181,121,"(78, 0)",1,8.33
182,0,"(0, 39)",1,-0.08
182,1,"(1, 39)",1,-0.08
182,2,"(2, 39)",1,-0.08
182,3,"(3, 39)",1,-0.08
182,4,"(4, 39)",1,-0.08
182,5,"(5, 39)",1,-0.08
182,6,"(6, 39)",1,-0.08
182,7,"(7, 39)",1,-0.08
182,8,"(8, 39)",1,-0.08
182,9,"(9, 39)",1,-0.08
182,10,"(10, 39)",0,-0.08
182,11,"(10, 38)",0,-0.08
182,12,"(10, 37)",1,-0.08
182,13,"(11, 37)",1,-0.08
182,14,"(12, 37)",1,-0.08
182,15,"(13, 37)",1,-0.08
182,16,"(14, 37)",1,-0.08
182,17,"(15, 37)",0,-0.08
182,18,"(15, 36)",1,-0.08
182,19,"(16, 36)",1,-0.08
182,20,"(17, 36)",0,-0.08
182,21,"(17, 35)",1,-0.08
182,22,"(18, 35)",0,-0.08
182,23,"(18, 34)",1,-0.08
182,24,"(19, 34)",0,-0.08
182,25,"(19, 33)",0,-0.08
182,26,"(19, 32)",0,-0.08
182,27,"(19, 31)",0,-0.08
182,28,"(19, 30)",0,-0.08
182,29,"(19, 29)",1,-0.08
182,30,"(20, 29)",0,-0.08
182,31,"(20, 28)",0,-0.08
182,32,"(20, 27)",1,-0.08
182,33,"(21, 27)",0,-0.08
182,34,"(21, 26)",0,-0.08
182,35,"(21, 25)",1,-0.08
182,36,"(22, 25)",0,-0.08
182,37,"(22, 24)",0,-0.08
182,38,"(22, 23)",1,-0.08
182,39,"(23, 23)",1,-0.08
182,40,"(24, 23)",1,-0.08
182,41,"(25, 23)",0,-0.08
182,42,"(25, 22)",0,-0.08
182,43,"(25, 21)",0,-0.08
182,44,"(25, 20)",0,-0.08
182,45,"(25, 19)",1,-0.08
182,46,"(26, 19)",1,-0.08
182,47,"(27, 19)",1,-0.08
182,48,"(28, 19)",1,-0.08
182,49,"(29, 19)",1,-0.08
182,50,"(30, 19)",1,-0.08
182,51,"(31, 19)",0,-0.08
182,52,"(31, 18)",0,-0.08
182,53,"(31, 17)",1,-0.08
182,54,"(32, 17)",0,-0.08
182,55,"(32, 16)",0,-0.08
182,56,"(32, 15)",0,-0.08
182,57,"(32, 14)",0,-0.08
182,58,"(32, 13)",1,-0.08
182,59,"(33, 13)",1,-0.08
182,60,"(34, 13)",1,-0.08
182,61,"(35, 13)",1,-0.08
182,62,"(36, 13)",1,-0.08
182,63,"(37, 13)",1,-0.08
182,64,"(38, 13)",1,-0.08
182,65,"(39, 13)",1,-0.08
182,66,"(40, 13)",1,-0.08
182,67,"(41, 13)",0,-0.08
182,68,"(41, 12)",0,-0.08
182,69,"(41, 11)",1,-0.08
182,70,"(42, 11)",1,-0.08
182,71,"(43, 11)",1,-0.08
182,72,"(44, 11)",1,-0.08
182,73,"(45, 11)",0,-0.08
182,74,"(45, 10)",1,-0.08
182,75,"(46, 10)",0,-0.08
182,76,"(46, 9)",0,-0.08
182,77,"(46, 8)",0,-0.08
182,78,"(46, 7)",1,-0.08
182,79,"(47, 7)",0,-0.08
182,80,"(47, 6)",1,-0.08
182,81,"(48, 6)",1,-0.08
182,82,"(49, 6)",0,-0.08
182,83,"(49, 5)",1,-0.08
182,84,"(50, 5)",1,-0.08
182,85,"(51, 5)",1,-0.08
182,86,"(52, 5)",1,-0.08
182,87,"(53, 5)",0,-0.08
182,88,"(53, 4)",0,-0.08
182,89,"(53, 3)",0,-0.08
182,90,"(53, 2)",0,-0.08
182,91,"(53, 1)",1,-0.08
182,92,"(54, 1)",1,-0.08
182,93,"(55, 1)",1,-0.08
182,94,"(56, 1)",1,-0.08
182,95,"(57, 1)",1,-0.08
182,96,"(58, 1)",1,-0.08
182,97,"(59, 1)",1,-0.08
182,98,"(60, 1)",1,-0.08
182,99,"(61, 1)",1,-0.08
182,100,"(62, 1)",1,-0.08
182,101,"(63, 1)",1,-0.08
182,102,"(64, 1)",1,-0.08
182,103,"(65, 1)",1,-0.08
182,104,"(66, 1)",1,-0.08
182,105,"(67, 1)",1,-0.08
182,106,"(68, 1)",1,-0.08
182,107,"(69, 1)",1,-0.08
182,108,"(70, 1)",1,-0.08
182,109,"(71, 1)",2,-0.08
182,110,"(71, 2)",2,-0.08
182,111,"(71, 3)",1,-0.08
182,112,"(72, 3)",1,-0.08
182,113,"(73, 3)",1,-0.08
182,114,"(74, 3)",1,-0.08
182,115,"(75, 3)",1,-0.08
182,116,"(76, 3)",1,-0.08
182,117,"(77, 3)",0,-0.08
182,118,"(77, 2)",0,-0.08
182,119,"(77, 1)",0,-0.08
182,120,"(77, 0)",1,-0.08
182,121,"(78, 0)",1,8.33
183,0,"(0, 39)",1,-0.08
183,1,"(1, 39)",1,-0.08
183,2,"(2, 39)",1,-0.08
183,3,"(3, 39)",1,-0.08
183,4,"(4, 39)",1,-0.08
183,5,"(5, 39)",1,-0.08
183,6,"(6, 39)",1,-0.08
183,7,"(7, 39)",1,-0.08
183,8,"(8, 39)",1,-0.08
183,9,"(9, 39)",1,-0.08
183,10,"(10, 39)",1,-0.08
183,11,"(11, 39)",1,-0.08
183,12,"(12, 39)",1,-0.08
183,13,"(13, 39)",1,-0.08
183,14,"(14, 39)",0,-0.08
183,15,"(14, 38)",0,-0.08
183,16,"(14, 37)",1,-0.08
183,17,"(15, 37)",1,-0.08
183,18,"(16, 37)",1,-0.08
183,19,"(17, 37)",1,-0.08
183,20,"(18, 37)",1,-0.08
183,21,"(19, 37)",0,-0.08
183,22,"(19, 36)",0,-0.08
183,23,"(19, 35)",0,-0.08
183,24,"(19, 34)",0,-0.08
183,25,"(19, 33)",0,-0.08
183,26,"(19, 32)",0,-0.08
183,27,"(19, 31)",0,-0.08
183,28,"(19, 30)",0,-0.08
183,29,"(19, 29)",1,-0.08
183,30,"(20, 29)",0,-0.08
183,31,"(20, 28)",0,-0.08
183,32,"(20, 27)",1,-0.08
183,33,"(21, 27)",0,-0.08
183,34,"(21, 26)",0,-0.08
183,35,"(21, 25)",1,-0.08
183,36,"(22, 25)",1,-0.08
183,37,"(23, 25)",1,-0.08
183,38,"(24, 25)",1,-0.08
183,39,"(25, 25)",1,-0.08
183,40,"(26, 25)",1,-0.08
183,41,"(27, 25)",1,-0.08
183,42,"(28, 25)",1,-0.08
183,43,"(29, 25)",1,-0.08
183,44,"(30, 25)",1,-0.08
183,45,"(31, 25)",0,-0.08
183,46,"(31, 24)",0,-0.08
183,47,"(31, 23)",1,-0.08
183,48,"(32, 23)",1,-0.08
183,49,"(33, 23)",0,-0.08
183,50,"(33, 22)",0,-0.08
183,51,"(33, 21)",1,-0.08
183,52,"(34, 21)",1,-0.08
183,53,"(35, 21)",1,-0.08
183,54,"(36, 21)",1,-0.08
183,55,"(37, 21)",1,-0.08
183,56,"(38, 21)",1,-0.08
183,57,"(39, 21)",1,-0.08
183,58,"(40, 21)",1,-0.08
183,59,"(41, 21)",1,-0.08
183,60,"(42, 21)",0,-0.08
183,61,"(42, 20)",1,-0.08
183,62,"(43, 20)",0,-0.08
183,63,"(43, 19)",1,-0.08
183,64,"(44, 19)",0,-0.08
183,65,"(44, 18)",0,-0.08
183,66,"(44, 17)",0,-0.08
183,67,"(44, 16)",0,-0.08
183,68,"(44, 15)",1,-0.08
183,69,"(45, 15)",0,-0.08
183,70,"(45, 14)",0,-0.08
183,71,"(45, 13)",0,-0.08
183,72,"(45, 12)",0,-0.08
183,73,"(45, 11)",0,-0.08
183,74,"(45, 10)",1,-0.08
183,75,"(46, 10)",0,-0.08
183,76,"(46, 9)",0,-0.08
183,77,"(46, 8)",0,-0.08
183,78,"(46, 7)",1,-0.08
183,79,"(47, 7)",0,-0.08
183,80,"(47, 6)",1,-0.08
183,81,"(48, 6)",1,-0.08
183,82,"(49, 6)",0,-0.08
183,83,"(49, 5)",1,-0.08
183,84,"(50, 5)",1,-0.08
183,85,"(51, 5)",0,-0.08
183,86,"(51, 4)",0,-0.08
183,87,"(51, 3)",0,-0.08
183,88,"(51, 2)",0,-0.08
183,89,"(51, 1)",1,-0.08
183,90,"(52, 1)",1,-0.08
183,91,"(53, 1)",1,-0.08
183,92,"(54, 1)",1,-0.08
183,93,"(55, 1)",1,-0.08
183,94,"(56, 1)",1,-0.08
183,95,"(57, 1)",1,-0.08
183,96,"(58, 1)",1,-0.08
183,97,"(59, 1)",1,-0.08
183,98,"(60, 1)",1,-0.08
183,99,"(61, 1)",1,-0.08
183,100,"(62, 1)",1,-0.08
183,101,"(63, 1)",1,-0.08
183,102,"(64, 1)",1,-0.08
183,103,"(65, 1)",1,-0.08
183,104,"(66, 1)",1,-0.08
183,105,"(67, 1)",1,-0.08
183,106,"(68, 1)",1,-0.08
183,107,"(69, 1)",1,-0.08
183,108,"(70, 1)",1,-0.08
183,109,"(71, 1)",2,-0.08
183,110,"(71, 2)",2,-0.08
183,111,"(71, 3)",1,-0.08
183,112,"(72, 3)",1,-0.08
183,113,"(73, 3)",0,-0.08
183,114,"(73, 2)",0,-0.08
183,115,"(73, 1)",0,-0.08
183,116,"(73, 0)",1,-0.08
183,117,"(74, 0)",1,-0.08
183,118,"(75, 0)",1,-0.08
183,119,"(76, 0)",1,-0.08
183,120,"(77, 0)",1,-0.08
183,121,"(78, 0)",1,8.33
184,0,"(0, 39)",1,-0.08
184,1,"(1, 39)",1,-0.08
184,2,"(2, 39)",1,-0.08
184,3,"(3, 39)",1,-0.08
184,4,"(4, 39)",1,-0.08
184,5,"(5, 39)",1,-0.08
184,6,"(6, 39)",1,-0.08
184,7,"(7, 39)",1,-0.08
184,8,"(8, 39)",1,-0.08
184,9,"(9, 39)",1,-0.08
184,10,"(10, 39)",0,-0.08
184,11,"(10, 38)",0,-0.08
184,12,"(10, 37)",1,-0.08
184,13,"(11, 37)",1,-0.08
184,14,"(12, 37)",1,-0.08
184,15,"(13, 37)",1,-0.08
184,16,"(14, 37)",1,-0.08
184,17,"(15, 37)",0,-0.08
184,18,"(15, 36)",0,-0.08
184,19,"(15, 35)",0,-0.08
184,20,"(15, 34)",0,-0.08
184,21,"(15, 33)",1,-0.08
184,22,"(16, 33)",1,-0.08
184,23,"(17, 33)",1,-0.08
184,24,"(18, 33)",1,-0.08
184,25,"(19, 33)",0,-0.08
184,26,"(19, 32)",0,-0.08
184,27,"(19, 31)",0,-0.08
184,28,"(19, 30)",0,-0.08
184,29,"(19, 29)",1,-0.08
184,30,"(20, 29)",0,-0.08
184,31,"(20, 28)",0,-0.08
184,32,"(20, 27)",1,-0.08
184,33,"(21, 27)",0,-0.08
184,34,"(21, 26)",0,-0.08
184,35,"(21, 25)",1,-0.08
184,36,"(22, 25)",0,-0.08
184,37,"(22, 24)",0,-0.08
184,38,"(22, 23)",1,-0.08
184,39,"(23, 23)",1,-0.08
184,40,"(24, 23)",1,-0.08
184,41,"(25, 23)",0,-0.08
184,42,"(25, 22)",0,-0.08
184,43,"(25, 21)",0,-0.08
184,44,"(25, 20)",0,-0.08
184,45,"(25, 19)",0,-0.08
184,46,"(25, 18)",1,-0.08
184,47,"(26, 18)",1,-0.08
184,48,"(27, 18)",0,-0.08
184,49,"(27, 17)",1,-0.08
184,50,"(28, 17)",1,-0.08
184,51,"(29, 17)",1,-0.08
184,52,"(30, 17)",1,-0.08
184,53,"(31, 17)",1,-0.08
184,54,"(32, 17)",1,-0.08
184,55,"(33, 17)",1,-0.08
184,56,"(34, 17)",1,-0.08
184,57,"(35, 17)",1,-0.08
184,58,"(36, 17)",1,-0.08
184,59,"(37, 17)",0,-0.08
184,60,"(37, 16)",0,-0.08
184,61,"(37, 15)",1,-0.08
184,62,"(38, 15)",1,-0.08
184,63,"(39, 15)",1,-0.08
184,64,"(40, 15)",0,-0.08
184,65,"(40, 14)",1,-0.08
184,66,"(41, 14)",0,-0.08
184,67,"(41, 13)",1,-0.08
184,68,"(42, 13)",1,-0.08
184,69,"(43, 13)",1,-0.08
184,70,"(44, 13)",1,-0.08
184,71,"(45, 13)",0,-0.08
184,72,"(45, 12)",0,-0.08
184,73,"(45, 11)",0,-0.08
184,74,"(45, 10)",0,-0.08
184,75,"(45, 9)",1,-0.08
184,76,"(46, 9)",0,-0.08
184,77,"(46, 8)",0,-0.08
184,78,"(46, 7)",0,-0.08
184,79,"(46, 6)",1,-0.08
184,80,"(47, 6)",1,-0.08
184,81,"(48, 6)",1,-0.08
184,82,"(49, 6)",0,-0.08
184,83,"(49, 5)",1,-0.08
184,84,"(50, 5)",1,-0.08
184,85,"(51, 5)",0,-0.08
184,86,"(51, 4)",0,-0.08
184,87,"(51, 3)",0,-0.08
184,88,"(51, 2)",1,-0.08
184,89,"(52, 2)",1,-0.08
184,90,"(53, 2)",0,-0.08
184,91,"(53, 1)",1,-0.08
184,92,"(54, 1)",1,-0.08
184,93,"(55, 1)",1,-0.08
184,94,"(56, 1)",1,-0.08
184,95,"(57, 1)",1,-0.08
184,96,"(58, 1)",1,-0.08
184,97,"(59, 1)",1,-0.08
184,98,"(60, 1)",1,-0.08
184,99,"(61, 1)",1,-0.08
184,100,"(62, 1)",1,-0.08
184,101,"(63, 1)",1,-0.08
184,102,"(64, 1)",1,-0.08
184,103,"(65, 1)",1,-0.08
184,104,"(66, 1)",1,-0.08
184,105,"(67, 1)",1,-0.08
184,106,"(68, 1)",1,-0.08
184,107,"(69, 1)",1,-0.08
184,108,"(70, 1)",1,-0.08
184,109,"(71, 1)",2,-0.08
184,110,"(71, 2)",2,-0.08
184,111,"(71, 3)",1,-0.08
184,112,"(72, 3)",1,-0.08
184,113,"(73, 3)",0,-0.08
184,114,"(73, 2)",0,-0.08
184,115,"(73, 1)",0,-0.08
184,116,"(73, 0)",1,-0.08
184,117,"(74, 0)",1,-0.08
184,118,"(75, 0)",1,-0.08
184,119,"(76, 0)",1,-0.08
184,120,"(77, 0)",1,-0.08
184,121,"(78, 0)",1,8.33
185,0,"(0, 39)",1,-0.08
185,1,"(1, 39)",1,-0.08
185,2,"(2, 39)",1,-0.08
185,3,"(3, 39)",1,-0.08
185,4,"(4, 39)",1,-0.08
185,5,"(5, 39)",1,-0.08
185,6,"(6, 39)",1,-0.08
185,7,"(7, 39)",1,-0.08
185,8,"(8, 39)",1,-0.08
185,9,"(9, 39)",1,-0.08
185,10,"(10, 39)",0,-0.08
185,11,"(10, 38)",0,-0.08
185,12,"(10, 37)",1,-0.08
185,13,"(11, 37)",1,-0.08
185,14,"(12, 37)",1,-0.08
185,15,"(13, 37)",1,-0.08
185,16,"(14, 37)",1,-0.08
185,17,"(15, 37)",1,-0.08
185,18,"(16, 37)",1,-0.08
185,19,"(17, 37)",0,-0.08
185,20,"(17, 36)",0,-0.08
185,21,"(17, 35)",1,-0.08
185,22,"(18, 35)",1,-0.08
185,23,"(19, 35)",0,-0.08
185,24,"(19, 34)",0,-0.08
185,25,"(19, 33)",0,-0.08
185,26,"(19, 32)",0,-0.08
185,27,"(19, 31)",0,-0.08
185,28,"(19, 30)",0,-0.08
185,29,"(19, 29)",1,-0.08
185,30,"(20, 29)",0,-0.08
185,31,"(20, 28)",0,-0.08
185,32,"(20, 27)",1,-0.08
185,33,"(21, 27)",0,-0.08
185,34,"(21, 26)",1,-0.08
185,35,"(22, 26)",0,-0.08
185,36,"(22, 25)",1,-0.08
185,37,"(23, 25)",1,-0.08
185,38,"(24, 25)",1,-0.08
185,39,"(25, 25)",1,-0.08
185,40,"(26, 25)",1,-0.08
185,41,"(27, 25)",1,-0.08
185,42,"(28, 25)",1,-0.08
185,43,"(29, 25)",1,-0.08
185,44,"(30, 25)",1,-0.08
185,45,"(31, 25)",0,-0.08
185,46,"(31, 24)",0,-0.08
185,47,"(31, 23)",1,-0.08
185,48,"(32, 23)",1,-0.08
185,49,"(33, 23)",0,-0.08
185,50,"(33, 22)",0,-0.08
185,51,"(33, 21)",1,-0.08
185,52,"(34, 21)",1,-0.08
185,53,"(35, 21)",1,-0.08
185,54,"(36, 21)",1,-0.08
185,55,"(37, 21)",1,-0.08
185,56,"(38, 21)",1,-0.08
185,57,"(39, 21)",0,-0.08
185,58,"(39, 20)",1,-0.08
185,59,"(40, 20)",1,-0.08
185,60,"(41, 20)",0,-0.08
185,61,"(41, 19)",0,-0.08
185,62,"(41, 18)",1,-0.08
185,63,"(42, 18)",0,-0.08
185,64,"(42, 17)",0,-0.08
185,65,"(42, 16)",1,-0.08
185,66,"(43, 16)",0,-0.08
185,67,"(43, 15)",1,-0.08
185,68,"(44, 15)",1,-0.08
185,69,"(45, 15)",0,-0.08
185,70,"(45, 14)",0,-0.08
185,71,"(45, 13)",0,-0.08
185,72,"(45, 12)",0,-0.08
185,73,"(45, 11)",0,-0.08
185,74,"(45, 10)",0,-0.08
185,75,"(45, 9)",1,-0.08
185,76,"(46, 9)",0,-0.08
185,77,"(46, 8)",0,-0.08
185,78,"(46, 7)",1,-0.08
185,79,"(47, 7)",0,-0.08
185,80,"(47, 6)",1,-0.08
185,81,"(48, 6)",1,-0.08
185,82,"(49, 6)",0,-0.08
185,83,"(49, 5)",1,-0.08
185,84,"(50, 5)",1,-0.08
185,85,"(51, 5)",0,-0.08
185,86,"(51, 4)",0,-0.08
185,87,"(51, 3)",0,-0.08
185,88,"(51, 2)",1,-0.08
185,89,"(52, 2)",1,-0.08
185,90,"(53, 2)",0,-0.08
185,91,"(53, 1)",1,-0.08
185,92,"(54, 1)",1,-0.08
185,93,"(55, 1)",1,-0.08
185,94,"(56, 1)",1,-0.08
185,95,"(57, 1)",1,-0.08
185,96,"(58, 1)",1,-0.08
185,97,"(59, 1)",1,-0.08
185,98,"(60, 1)",1,-0.08
185,99,"(61, 1)",1,-0.08
185,100,"(62, 1)",1,-0.08
185,101,"(63, 1)",1,-0.08
185,102,"(64, 1)",1,-0.08
185,103,"(65, 1)",1,-0.08
185,104,"(66, 1)",1,-0.08
185,105,"(67, 1)",1,-0.08
185,106,"(68, 1)",1,-0.08
185,107,"(69, 1)",1,-0.08
185,108,"(70, 1)",1,-0.08
185,109,"(71, 1)",2,-0.08
185,110,"(71, 2)",2,-0.08
185,111,"(71, 3)",1,-0.08
185,112,"(72, 3)",1,-0.08
185,113,"(73, 3)",1,-0.08
185,114,"(74, 3)",1,-0.08
185,115,"(75, 3)",1,-0.08
185,116,"(76, 3)",1,-0.08
185,117,"(77, 3)",0,-0.08
185,118,"(77, 2)",0,-0.08
185,119,"(77, 1)",0,-0.08
185,120,"(77, 0)",1,-0.08
185,121,"(78, 0)",1,8.33
186,0,"(0, 39)",1,-0.08
186,1,"(1, 39)",1,-0.08
186,2,"(2, 39)",1,-0.08
186,3,"(3, 39)",1,-0.08
186,4,"(4, 39)",1,-0.08
186,5,"(5, 39)",1,-0.08
186,6,"(6, 39)",1,-0.08
186,7,"(7, 39)",1,-0.08
186,8,"(8, 39)",1,-0.08
186,9,"(9, 39)",1,-0.08
186,10,"(10, 39)",1,-0.08
186,11,"(11, 39)",0,-0.08
186,12,"(11, 38)",0,-0.08
186,13,"(11, 37)",1,-0.08
186,14,"(12, 37)",1,-0.08
186,15,"(13, 37)",1,-0.08
186,16,"(14, 37)",1,-0.08
186,17,"(15, 37)",0,-0.08
186,18,"(15, 36)",0,-0.08
186,19,"(15, 35)",0,-0.08
186,20,"(15, 34)",0,-0.08
186,21,"(15, 33)",1,-0.08
186,22,"(16, 33)",1,-0.08
186,23,"(17, 33)",1,-0.08
186,24,"(18, 33)",1,-0.08
186,25,"(19, 33)",0,-0.08
186,26,"(19, 32)",0,-0.08
186,27,"(19, 31)",0,-0.08
186,28,"(19, 30)",0,-0.08
186,29,"(19, 29)",1,-0.08
186,30,"(20, 29)",0,-0.08
186,31,"(20, 28)",0,-0.08
186,32,"(20, 27)",1,-0.08
186,33,"(21, 27)",0,-0.08
186,34,"(21, 26)",1,-0.08
186,35,"(22, 26)",0,-0.08
186,36,"(22, 25)",0,-0.08
186,37,"(22, 24)",0,-0.08
186,38,"(22, 23)",1,-0.08
186,39,"(23, 23)",1,-0.08
186,40,"(24, 23)",1,-0.08
186,41,"(25, 23)",0,-0.08
186,42,"(25, 22)",0,-0.08
186,43,"(25, 21)",0,-0.08
186,44,"(25, 20)",0,-0.08
186,45,"(25, 19)",1,-0.08
186,46,"(26, 19)",0,-0.08
186,47,"(26, 18)",1,-0.08
186,48,"(27, 18)",0,-0.08
186,49,"(27, 17)",1,-0.08
186,50,"(28, 17)",0,-0.08
186,51,"(28, 16)",1,-0.08
186,52,"(29, 16)",0,-0.08
186,53,"(29, 15)",1,-0.08
186,54,"(30, 15)",1,-0.08
186,55,"(31, 15)",0,-0.08
186,56,"(31, 14)",1,-0.08
186,57,"(32, 14)",0,-0.08
186,58,"(32, 13)",1,-0.08
186,59,"(33, 13)",1,-0.08
186,60,"(34, 13)",1,-0.08
186,61,"(35, 13)",1,-0.08
186,62,"(36, 13)",1,-0.08
186,63,"(37, 13)",1,-0.08
186,64,"(38, 13)",1,-0.08
186,65,"(39, 13)",0,-0.08
186,66,"(39, 12)",0,-0.08
186,67,"(39, 11)",1,-0.08
186,68,"(40, 11)",1,-0.08
186,69,"(41, 11)",1,-0.08
186,70,"(42, 11)",1,-0.08
186,71,"(43, 11)",1,-0.08
186,72,"(44, 11)",1,-0.08
186,73,"(45, 11)",0,-0.08
186,74,"(45, 10)",1,-0.08
186,75,"(46, 10)",0,-0.08
186,76,"(46, 9)",0,-0.08
186,77,"(46, 8)",0,-0.08
186,78,"(46, 7)",0,-0.08
186,79,"(46, 6)",1,-0.08
186,80,"(47, 6)",1,-0.08
186,81,"(48, 6)",1,-0.08
186,82,"(49, 6)",0,-0.08
186,83,"(49, 5)",1,-0.08
186,84,"(50, 5)",1,-0.08
186,85,"(51, 5)",0,-0.08
186,86,"(51, 4)",0,-0.08
186,87,"(51, 3)",0,-0.08
186,88,"(51, 2)",1,-0.08
186,89,"(52, 2)",0,-0.08
186,90,"(52, 1)",1,-0.08
186,91,"(53, 1)",1,-0.08
186,92,"(54, 1)",1,-0.08
186,93,"(55, 1)",1,-0.08
186,94,"(56, 1)",1,-0.08
186,95,"(57, 1)",1,-0.08
186,96,"(58, 1)",1,-0.08
186,97,"(59, 1)",1,-0.08
186,98,"(60, 1)",1,-0.08
186,99,"(61, 1)",1,-0.08
186,100,"(62, 1)",1,-0.08
186,101,"(63, 1)",1,-0.08
186,102,"(64, 1)",1,-0.08
186,103,"(65, 1)",1,-0.08
186,104,"(66, 1)",1,-0.08
186,105,"(67, 1)",1,-0.08
186,106,"(68, 1)",1,-0.08
186,107,"(69, 1)",1,-0.08
186,108,"(70, 1)",1,-0.08
186,109,"(71, 1)",2,-0.08
186,110,"(71, 2)",2,-0.08
186,111,"(71, 3)",1,-0.08
186,112,"(72, 3)",1,-0.08
186,113,"(73, 3)",0,-0.08
186,114,"(73, 2)",0,-0.08
186,115,"(73, 1)",1,-0.08
186,116,"(74, 1)",1,-0.08
186,117,"(75, 1)",0,-0.08
186,118,"(75, 0)",1,-0.08
186,119,"(76, 0)",1,-0.08
186,120,"(77, 0)",1,-0.08
186,121,"(78, 0)",1,8.33
187,0,"(0, 39)",1,-0.08
187,1,"(1, 39)",1,-0.08
187,2,"(2, 39)",1,-0.08
187,3,"(3, 39)",1,-0.08
187,4,"(4, 39)",1,-0.08
187,5,"(5, 39)",1,-0.08
187,6,"(6, 39)",1,-0.08
187,7,"(7, 39)",1,-0.08
187,8,"(8, 39)",1,-0.08
187,9,"(9, 39)",1,-0.08
187,10,"(10, 39)",1,-0.08
187,11,"(11, 39)",0,-0.08
187,12,"(11, 38)",0,-0.08
187,13,"(11, 37)",1,-0.08
187,14,"(12, 37)",1,-0.08
187,15,"(13, 37)",1,-0.08
187,16,"(14, 37)",1,-0.08
187,17,"(15, 37)",0,-0.08
187,18,"(15, 36)",0,-0.08
187,19,"(15, 35)",0,-0.08
187,20,"(15, 34)",0,-0.08
187,21,"(15, 33)",1,-0.08
187,22,"(16, 33)",1,-0.08
187,23,"(17, 33)",1,-0.08
187,24,"(18, 33)",1,-0.08
187,25,"(19, 33)",0,-0.08
187,26,"(19, 32)",0,-0.08
187,27,"(19, 31)",0,-0.08
187,28,"(19, 30)",0,-0.08
187,29,"(19, 29)",1,-0.08
187,30,"(20, 29)",0,-0.08
187,31,"(20, 28)",0,-0.08
187,32,"(20, 27)",1,-0.08
187,33,"(21, 27)",0,-0.08
187,34,"(21, 26)",0,-0.08
187,35,"(21, 25)",1,-0.08
187,36,"(22, 25)",1,-0.08
187,37,"(23, 25)",1,-0.08
187,38,"(24, 25)",1,-0.08
187,39,"(25, 25)",0,-0.08
187,40,"(25, 24)",0,-0.08
187,41,"(25, 23)",0,-0.08
187,42,"(25, 22)",0,-0.08
187,43,"(25, 21)",1,-0.08
187,44,"(26, 21)",1,-0.08
187,45,"(27, 21)",0,-0.08
187,46,"(27, 20)",1,-0.08
187,47,"(28, 20)",0,-0.08
187,48,"(28, 19)",1,-0.08
187,49,"(29, 19)",1,-0.08
187,50,"(30, 19)",1,-0.08
187,51,"(31, 19)",1,-0.08
187,52,"(32, 19)",0,-0.08
187,53,"(32, 18)",0,-0.08
187,54,"(32, 17)",1,-0.08
187,55,"(33, 17)",1,-0.08
187,56,"(34, 17)",1,-0.08
187,57,"(35, 17)",1,-0.08
187,58,"(36, 17)",1,-0.08
187,59,"(37, 17)",0,-0.08
187,60,"(37, 16)",0,-0.08
187,61,"(37, 15)",1,-0.08
187,62,"(38, 15)",1,-0.08
187,63,"(39, 15)",1,-0.08
187,64,"(40, 15)",0,-0.08
187,65,"(40, 14)",0,-0.08
187,66,"(40, 13)",1,-0.08
187,67,"(41, 13)",0,-0.08
187,68,"(41, 12)",0,-0.08
187,69,"(41, 11)",1,-0.08
187,70,"(42, 11)",1,-0.08
187,71,"(43, 11)",1,-0.08
187,72,"(44, 11)",1,-0.08
187,73,"(45, 11)",0,-0.08
187,74,"(45, 10)",1,-0.08
187,75,"(46, 10)",0,-0.08
187,76,"(46, 9)",0,-0.08
187,77,"(46, 8)",0,-0.08
187,78,"(46, 7)",0,-0.08
187,79,"(46, 6)",1,-0.08
187,80,"(47, 6)",1,-0.08
187,81,"(48, 6)",1,-0.08
187,82,"(49, 6)",0,-0.08
187,83,"(49, 5)",1,-0.08
187,84,"(50, 5)",1,-0.08
187,85,"(51, 5)",1,-0.08
187,86,"(52, 5)",1,-0.08
187,87,"(53, 5)",0,-0.08
187,88,"(53, 4)",0,-0.08
187,89,"(53, 3)",0,-0.08
187,90,"(53, 2)",0,-0.08
187,91,"(53, 1)",1,-0.08
187,92,"(54, 1)",1,-0.08
187,93,"(55, 1)",1,-0.08
187,94,"(56, 1)",1,-0.08
187,95,"(57, 1)",1,-0.08
187,96,"(58, 1)",1,-0.08
187,97,"(59, 1)",1,-0.08
187,98,"(60, 1)",1,-0.08
187,99,"(61, 1)",1,-0.08
187,100,"(62, 1)",1,-0.08
187,101,"(63, 1)",1,-0.08
187,102,"(64, 1)",1,-0.08
187,103,"(65, 1)",1,-0.08
187,104,"(66, 1)",1,-0.08
187,105,"(67, 1)",1,-0.08
187,106,"(68, 1)",1,-0.08
187,107,"(69, 1)",1,-0.08
187,108,"(70, 1)",1,-0.08
187,109,"(71, 1)",2,-0.08
187,110,"(71, 2)",2,-0.08
187,111,"(71, 3)",1,-0.08
187,112,"(72, 3)",1,-0.08
187,113,"(73, 3)",0,-0.08
187,114,"(73, 2)",0,-0.08
187,115,"(73, 1)",1,-0.08
187,116,"(74, 1)",0,-0.08
187,117,"(74, 0)",1,-0.08
187,118,"(75, 0)",1,-0.08
187,119,"(76, 0)",1,-0.08
187,120,"(77, 0)",1,-0.08
187,121,"(78, 0)",1,8.33
188,0,"(0, 39)",1,-0.08
188,1,"(1, 39)",1,-0.08
188,2,"(2, 39)",1,-0.08
188,3,"(3, 39)",1,-0.08
188,4,"(4, 39)",1,-0.08
188,5,"(5, 39)",1,-0.08
188,6,"(6, 39)",1,-0.08
188,7,"(7, 39)",1,-0.08
188,8,"(8, 39)",1,-0.08
188,9,"(9, 39)",1,-0.08
188,10,"(10, 39)",1,-0.08
188,11,"(11, 39)",1,-0.08
188,12,"(12, 39)",1,-0.08
188,13,"(13, 39)",1,-0.08
188,14,"(14, 39)",0,-0.08
188,15,"(14, 38)",0,-0.08
188,16,"(14, 37)",1,-0.08
188,17,"(15, 37)",1,-0.08
188,18,"(16, 37)",1,-0.08
188,19,"(17, 37)",1,-0.08
188,20,"(18, 37)",1,-0.08
188,21,"(19, 37)",0,-0.08
188,22,"(19, 36)",0,-0.08
188,23,"(19, 35)",0,-0.08
188,24,"(19, 34)",0,-0.08
188,25,"(19, 33)",0,-0.08
188,26,"(19, 32)",0,-0.08
188,27,"(19, 31)",0,-0.08
188,28,"(19, 30)",0,-0.08
188,29,"(19, 29)",1,-0.08
188,30,"(20, 29)",0,-0.08
188,31,"(20, 28)",0,-0.08
188,32,"(20, 27)",1,-0.08
188,33,"(21, 27)",0,-0.08
188,34,"(21, 26)",0,-0.08
188,35,"(21, 25)",1,-0.08
188,36,"(22, 25)",0,-0.08
188,37,"(22, 24)",0,-0.08
188,38,"(22, 23)",1,-0.08
188,39,"(23, 23)",1,-0.08
188,40,"(24, 23)",1,-0.08
188,41,"(25, 23)",0,-0.08
188,42,"(25, 22)",0,-0.08
188,43,"(25, 21)",0,-0.08
188,44,"(25, 20)",0,-0.08
188,45,"(25, 19)",0,-0.08
188,46,"(25, 18)",1,-0.08
188,47,"(26, 18)",1,-0.08
188,48,"(27, 18)",0,-0.08
188,49,"(27, 17)",1,-0.08
188,50,"(28, 17)",0,-0.08
188,51,"(28, 16)",1,-0.08
188,52,"(29, 16)",0,-0.08
188,53,"(29, 15)",1,-0.08
188,54,"(30, 15)",1,-0.08
188,55,"(31, 15)",0,-0.08
188,56,"(31, 14)",1,-0.08
188,57,"(32, 14)",0,-0.08
188,58,"(32, 13)",1,-0.08
188,59,"(33, 13)",1,-0.08
188,60,"(34, 13)",1,-0.08
188,61,"(35, 13)",1,-0.08
188,62,"(36, 13)",1,-0.08
188,63,"(37, 13)",1,-0.08
188,64,"(38, 13)",1,-0.08
188,65,"(39, 13)",0,-0.08
188,66,"(39, 12)",0,-0.08
188,67,"(39, 11)",1,-0.08
188,68,"(40, 11)",1,-0.08
188,69,"(41, 11)",1,-0.08
188,70,"(42, 11)",1,-0.08
188,71,"(43, 11)",1,-0.08
188,72,"(44, 11)",1,-0.08
188,73,"(45, 11)",0,-0.08
188,74,"(45, 10)",0,-0.08
188,75,"(45, 9)",1,-0.08
188,76,"(46, 9)",0,-0.08
188,77,"(46, 8)",0,-0.08
188,78,"(46, 7)",1,-0.08
188,79,"(47, 7)",0,-0.08
188,80,"(47, 6)",1,-0.08
188,81,"(48, 6)",1,-0.08
188,82,"(49, 6)",0,-0.08
188,83,"(49, 5)",1,-0.08
188,84,"(50, 5)",1,-0.08
188,85,"(51, 5)",1,-0.08
188,86,"(52, 5)",1,-0.08
188,87,"(53, 5)",0,-0.08
188,88,"(53, 4)",0,-0.08
188,89,"(53, 3)",1,-0.08
188,90,"(54, 3)",1,-0.08
188,91,"(55, 3)",1,-0.08
188,92,"(56, 3)",0,-0.08
188,93,"(56, 2)",0,-0.08
188,94,"(56, 1)",1,-0.08
188,95,"(57, 1)",1,-0.08
188,96,"(58, 1)",1,-0.08
188,97,"(59, 1)",1,-0.08
188,98,"(60, 1)",1,-0.08
188,99,"(61, 1)",1,-0.08
188,100,"(62, 1)",1,-0.08
188,101,"(63, 1)",1,-0.08
188,102,"(64, 1)",1,-0.08
188,103,"(65, 1)",1,-0.08
188,104,"(66, 1)",1,-0.08
188,105,"(67, 1)",1,-0.08
188,106,"(68, 1)",1,-0.08
188,107,"(69, 1)",1,-0.08
188,108,"(70, 1)",1,-0.08
188,109,"(71, 1)",2,-0.08
188,110,"(71, 2)",2,-0.08
188,111,"(71, 3)",1,-0.08
188,112,"(72, 3)",1,-0.08
188,113,"(73, 3)",0,-0.08
188,114,"(73, 2)",0,-0.08
188,115,"(73, 1)",0,-0.08
188,116,"(73, 0)",1,-0.08
188,117,"(74, 0)",1,-0.08
188,118,"(75, 0)",1,-0.08
188,119,"(76, 0)",1,-0.08
188,120,"(77, 0)",1,-0.08
188,121,"(78, 0)",1,8.33
189,0,"(0, 39)",1,-0.08
189,1,"(1, 39)",1,-0.08
189,2,"(2, 39)",1,-0.08
189,3,"(3, 39)",1,-0.08
189,4,"(4, 39)",1,-0.08
189,5,"(5, 39)",1,-0.08
189,6,"(6, 39)",1,-0.08
189,7,"(7, 39)",1,-0.08
189,8,"(8, 39)",1,-0.08
189,9,"(9, 39)",1,-0.08
189,10,"(10, 39)",0,-0.08
189,11,"(10, 38)",1,-0.08
189,12,"(11, 38)",0,-0.08
189,13,"(11, 37)",1,-0.08
189,14,"(12, 37)",1,-0.08
189,15,"(13, 37)",1,-0.08
189,16,"(14, 37)",1,-0.08
189,17,"(15, 37)",0,-0.08
189,18,"(15, 36)",0,-0.08
189,19,"(15, 35)",0,-0.08
189,20,"(15, 34)",0,-0.08
189,21,"(15, 33)",1,-0.08
189,22,"(16, 33)",1,-0.08
189,23,"(17, 33)",1,-0.08
189,24,"(18, 33)",1,-0.08
189,25,"(19, 33)",0,-0.08
189,26,"(19, 32)",0,-0.08
189,27,"(19, 31)",0,-0.08
189,28,"(19, 30)",0,-0.08
189,29,"(19, 29)",1,-0.08
189,30,"(20, 29)",0,-0.08
189,31,"(20, 28)",0,-0.08
189,32,"(20, 27)",1,-0.08
189,33,"(21, 27)",0,-0.08
189,34,"(21, 26)",1,-0.08
189,35,"(22, 26)",0,-0.08
189,36,"(22, 25)",1,-0.08
189,37,"(23, 25)",1,-0.08
189,38,"(24, 25)",1,-0.08
189,39,"(25, 25)",0,-0.08
189,40,"(25, 24)",0,-0.08
189,41,"(25, 23)",0,-0.08
189,42,"(25, 22)",0,-0.08
189,43,"(25, 21)",1,-0.08
189,44,"(26, 21)",1,-0.08
189,45,"(27, 21)",0,-0.08
189,46,"(27, 20)",1,-0.08
189,47,"(28, 20)",0,-0.08
189,48,"(28, 19)",1,-0.08
189,49,"(29, 19)",1,-0.08
189,50,"(30, 19)",1,-0.08
189,51,"(31, 19)",0,-0.08
189,52,"(31, 18)",0,-0.08
189,53,"(31, 17)",1,-0.08
189,54,"(32, 17)",0,-0.08
189,55,"(32, 16)",0,-0.08
189,56,"(32, 15)",0,-0.08
189,57,"(32, 14)",0,-0.08
189,58,"(32, 13)",1,-0.08
189,59,"(33, 13)",1,-0.08
189,60,"(34, 13)",1,-0.08
189,61,"(35, 13)",1,-0.08
189,62,"(36, 13)",1,-0.08
189,63,"(37, 13)",1,-0.08
189,64,"(38, 13)",1,-0.08
189,65,"(39, 13)",1,-0.08
189,66,"(40, 13)",1,-0.08
189,67,"(41, 13)",0,-0.08
189,68,"(41, 12)",0,-0.08
189,69,"(41, 11)",1,-0.08
189,70,"(42, 11)",1,-0.08
189,71,"(43, 11)",1,-0.08
189,72,"(44, 11)",1,-0.08
189,73,"(45, 11)",0,-0.08
189,74,"(45, 10)",0,-0.08
189,75,"(45, 9)",1,-0.08
189,76,"(46, 9)",0,-0.08
189,77,"(46, 8)",0,-0.08
189,78,"(46, 7)",1,-0.08
189,79,"(47, 7)",0,-0.08
189,80,"(47, 6)",1,-0.08
189,81,"(48, 6)",1,-0.08
189,82,"(49, 6)",0,-0.08
189,83,"(49, 5)",1,-0.08
189,84,"(50, 5)",1,-0.08
189,85,"(51, 5)",0,-0.08
189,86,"(51, 4)",0,-0.08
189,87,"(51, 3)",0,-0.08
189,88,"(51, 2)",1,-0.08
189,89,"(52, 2)",0,-0.08
189,90,"(52, 1)",1,-0.08
189,91,"(53, 1)",1,-0.08
189,92,"(54, 1)",1,-0.08
189,93,"(55, 1)",1,-0.08
189,94,"(56, 1)",1,-0.08
189,95,"(57, 1)",1,-0.08
189,96,"(58, 1)",1,-0.08
189,97,"(59, 1)",1,-0.08
189,98,"(60, 1)",1,-0.08
189,99,"(61, 1)",1,-0.08
189,100,"(62, 1)",1,-0.08
189,101,"(63, 1)",1,-0.08
189,102,"(64, 1)",1,-0.08
189,103,"(65, 1)",1,-0.08
189,104,"(66, 1)",1,-0.08
189,105,"(67, 1)",1,-0.08
189,106,"(68, 1)",1,-0.08
189,107,"(69, 1)",1,-0.08
189,108,"(70, 1)",1,-0.08
189,109,"(71, 1)",2,-0.08
189,110,"(71, 2)",2,-0.08
189,111,"(71, 3)",1,-0.08
189,112,"(72, 3)",1,-0.08
189,113,"(73, 3)",1,-0.08
189,114,"(74, 3)",1,-0.08
189,115,"(75, 3)",1,-0.08
189,116,"(76, 3)",1,-0.08
189,117,"(77, 3)",0,-0.08
189,118,"(77, 2)",0,-0.08
189,119,"(77, 1)",0,-0.08
189,120,"(77, 0)",1,-0.08
189,121,"(78, 0)",1,8.33
190,0,"(0, 39)",1,-0.08
190,1,"(1, 39)",1,-0.08
190,2,"(2, 39)",1,-0.08
190,3,"(3, 39)",1,-0.08
190,4,"(4, 39)",1,-0.08
190,5,"(5, 39)",1,-0.08
190,6,"(6, 39)",1,-0.08
190,7,"(7, 39)",1,-0.08
190,8,"(8, 39)",1,-0.08
190,9,"(9, 39)",1,-0.08
190,10,"(10, 39)",0,-0.08
190,11,"(10, 38)",0,-0.08
190,12,"(10, 37)",1,-0.08
190,13,"(11, 37)",1,-0.08
190,14,"(12, 37)",1,-0.08
190,15,"(13, 37)",1,-0.08
190,16,"(14, 37)",1,-0.08
190,17,"(15, 37)",0,-0.08
190,18,"(15, 36)",0,-0.08
190,19,"(15, 35)",0,-0.08
190,20,"(15, 34)",0,-0.08
190,21,"(15, 33)",1,-0.08
190,22,"(16, 33)",1,-0.08
190,23,"(17, 33)",1,-0.08
190,24,"(18, 33)",1,-0.08
190,25,"(19, 33)",0,-0.08
190,26,"(19, 32)",0,-0.08
190,27,"(19, 31)",0,-0.08
190,28,"(19, 30)",0,-0.08
190,29,"(19, 29)",1,-0.08
190,30,"(20, 29)",0,-0.08
190,31,"(20, 28)",0,-0.08
190,32,"(20, 27)",1,-0.08
190,33,"(21, 27)",0,-0.08
190,34,"(21, 26)",1,-0.08
190,35,"(22, 26)",1,-0.08
190,36,"(23, 26)",0,-0.08
190,37,"(23, 25)",1,-0.08
190,38,"(24, 25)",1,-0.08
190,39,"(25, 25)",0,-0.08
190,40,"(25, 24)",0,-0.08
190,41,"(25, 23)",0,-0.08
190,42,"(25, 22)",0,-0.08
190,43,"(25, 21)",0,-0.08
190,44,"(25, 20)",0,-0.08
190,45,"(25, 19)",1,-0.08
190,46,"(26, 19)",1,-0.08
190,47,"(27, 19)",1,-0.08
190,48,"(28, 19)",1,-0.08
190,49,"(29, 19)",1,-0.08
190,50,"(30, 19)",1,-0.08
190,51,"(31, 19)",1,-0.08
190,52,"(32, 19)",0,-0.08
190,53,"(32, 18)",0,-0.08
190,54,"(32, 17)",1,-0.08
190,55,"(33, 17)",1,-0.08
190,56,"(34, 17)",1,-0.08
190,57,"(35, 17)",0,-0.08
190,58,"(35, 16)",0,-0.08
190,59,"(35, 15)",0,-0.08
190,60,"(35, 14)",0,-0.08
190,61,"(35, 13)",1,-0.08
190,62,"(36, 13)",1,-0.08
190,63,"(37, 13)",1,-0.08
190,64,"(38, 13)",1,-0.08
190,65,"(39, 13)",1,-0.08
190,66,"(40, 13)",1,-0.08
190,67,"(41, 13)",1,-0.08
190,68,"(42, 13)",1,-0.08
190,69,"(43, 13)",0,-0.08
190,70,"(43, 12)",0,-0.08
190,71,"(43, 11)",1,-0.08
190,72,"(44, 11)",1,-0.08
190,73,"(45, 11)",0,-0.08
190,74,"(45, 10)",0,-0.08
190,75,"(45, 9)",0,-0.08
190,76,"(45, 8)",0,-0.08
190,77,"(45, 7)",1,-0.08
190,78,"(46, 7)",0,-0.08
190,79,"(46, 6)",1,-0.08
190,80,"(47, 6)",1,-0.08
190,81,"(48, 6)",1,-0.08
190,82,"(49, 6)",0,-0.08
190,83,"(49, 5)",1,-0.08
190,84,"(50, 5)",1,-0.08
190,85,"(51, 5)",1,-0.08
190,86,"(52, 5)",1,-0.08
190,87,"(53, 5)",0,-0.08
190,88,"(53, 4)",0,-0.08
190,89,"(53, 3)",0,-0.08
190,90,"(53, 2)",0,-0.08
190,91,"(53, 1)",1,-0.08
190,92,"(54, 1)",1,-0.08
190,93,"(55, 1)",1,-0.08
190,94,"(56, 1)",1,-0.08
190,95,"(57, 1)",1,-0.08
190,96,"(58, 1)",1,-0.08
190,97,"(59, 1)",1,-0.08
190,98,"(60, 1)",1,-0.08
190,99,"(61, 1)",1,-0.08
190,100,"(62, 1)",1,-0.08
190,101,"(63, 1)",1,-0.08
190,102,"(64, 1)",1,-0.08
190,103,"(65, 1)",1,-0.08
190,104,"(66, 1)",1,-0.08
190,105,"(67, 1)",1,-0.08
190,106,"(68, 1)",1,-0.08
190,107,"(69, 1)",1,-0.08
190,108,"(70, 1)",1,-0.08
190,109,"(71, 1)",2,-0.08
190,110,"(71, 2)",2,-0.08
190,111,"(71, 3)",1,-0.08
190,112,"(72, 3)",1,-0.08
190,113,"(73, 3)",0,-0.08
190,114,"(73, 2)",0,-0.08
190,115,"(73, 1)",1,-0.08
190,116,"(74, 1)",0,-0.08
190,117,"(74, 0)",1,-0.08
190,118,"(75, 0)",1,-0.08
190,119,"(76, 0)",1,-0.08
190,120,"(77, 0)",1,-0.08
190,121,"(78, 0)",1,8.33
191,0,"(0, 39)",1,-0.08
191,1,"(1, 39)",1,-0.08
191,2,"(2, 39)",1,-0.08
191,3,"(3, 39)",1,-0.08
191,4,"(4, 39)",1,-0.08
191,5,"(5, 39)",1,-0.08
191,6,"(6, 39)",1,-0.08
191,7,"(7, 39)",1,-0.08
191,8,"(8, 39)",1,-0.08
191,9,"(9, 39)",1,-0.08
191,10,"(10, 39)",0,-0.08
191,11,"(10, 38)",0,-0.08
191,12,"(10, 37)",1,-0.08
191,13,"(11, 37)",1,-0.08
191,14,"(12, 37)",1,-0.08
191,15,"(13, 37)",1,-0.08
191,16,"(14, 37)",1,-0.08
191,17,"(15, 37)",1,-0.08
191,18,"(16, 37)",1,-0.08
191,19,"(17, 37)",1,-0.08
191,20,"(18, 37)",1,-0.08
191,21,"(19, 37)",0,-0.08
191,22,"(19, 36)",0,-0.08
191,23,"(19, 35)",0,-0.08
191,24,"(19, 34)",0,-0.08
191,25,"(19, 33)",0,-0.08
191,26,"(19, 32)",0,-0.08
191,27,"(19, 31)",0,-0.08
191,28,"(19, 30)",0,-0.08
191,29,"(19, 29)",1,-0.08
191,30,"(20, 29)",0,-0.08
191,31,"(20, 28)",0,-0.08
191,32,"(20, 27)",1,-0.08
191,33,"(21, 27)",0,-0.08
191,34,"(21, 26)",1,-0.08
191,35,"(22, 26)",1,-0.08
191,36,"(23, 26)",0,-0.08
191,37,"(23, 25)",1,-0.08
191,38,"(24, 25)",1,-0.08
191,39,"(25, 25)",0,-0.08
191,40,"(25, 24)",0,-0.08
191,41,"(25, 23)",0,-0.08
191,42,"(25, 22)",0,-0.08
191,43,"(25, 21)",1,-0.08
191,44,"(26, 21)",1,-0.08
191,45,"(27, 21)",0,-0.08
191,46,"(27, 20)",1,-0.08
191,47,"(28, 20)",0,-0.08
191,48,"(28, 19)",1,-0.08
191,49,"(29, 19)",1,-0.08
191,50,"(30, 19)",1,-0.08
191,51,"(31, 19)",1,-0.08
191,52,"(32, 19)",0,-0.08
191,53,"(32, 18)",0,-0.08
191,54,"(32, 17)",1,-0.08
191,55,"(33, 17)",1,-0.08
191,56,"(34, 17)",1,-0.08
191,57,"(35, 17)",0,-0.08
191,58,"(35, 16)",0,-0.08
191,59,"(35, 15)",0,-0.08
191,60,"(35, 14)",0,-0.08
191,61,"(35, 13)",1,-0.08
191,62,"(36, 13)",1,-0.08
191,63,"(37, 13)",1,-0.08
191,64,"(38, 13)",1,-0.08
191,65,"(39, 13)",0,-0.08
191,66,"(39, 12)",0,-0.08
191,67,"(39, 11)",1,-0.08
191,68,"(40, 11)",1,-0.08
191,69,"(41, 11)",1,-0.08
191,70,"(42, 11)",1,-0.08
191,71,"(43, 11)",1,-0.08
191,72,"(44, 11)",1,-0.08
191,73,"(45, 11)",0,-0.08
191,74,"(45, 10)",1,-0.08
191,75,"(46, 10)",0,-0.08
191,76,"(46, 9)",0,-0.08
191,77,"(46, 8)",0,-0.08
191,78,"(46, 7)",1,-0.08
191,79,"(47, 7)",0,-0.08
191,80,"(47, 6)",1,-0.08
191,81,"(48, 6)",1,-0.08
191,82,"(49, 6)",0,-0.08
191,83,"(49, 5)",1,-0.08
191,84,"(50, 5)",1,-0.08
191,85,"(51, 5)",0,-0.08
191,86,"(51, 4)",0,-0.08
191,87,"(51, 3)",0,-0.08
191,88,"(51, 2)",0,-0.08
191,89,"(51, 1)",1,-0.08
191,90,"(52, 1)",1,-0.08
191,91,"(53, 1)",1,-0.08
191,92,"(54, 1)",1,-0.08
191,93,"(55, 1)",1,-0.08
191,94,"(56, 1)",1,-0.08
191,95,"(57, 1)",1,-0.08
191,96,"(58, 1)",1,-0.08
191,97,"(59, 1)",1,-0.08
191,98,"(60, 1)",1,-0.08
191,99,"(61, 1)",1,-0.08
191,100,"(62, 1)",1,-0.08
191,101,"(63, 1)",1,-0.08
191,102,"(64, 1)",1,-0.08
191,103,"(65, 1)",1,-0.08
191,104,"(66, 1)",1,-0.08
191,105,"(67, 1)",1,-0.08
191,106,"(68, 1)",1,-0.08
191,107,"(69, 1)",1,-0.08
191,108,"(70, 1)",1,-0.08
191,109,"(71, 1)",2,-0.08
191,110,"(71, 2)",2,-0.08
191,111,"(71, 3)",1,-0.08
191,112,"(72, 3)",1,-0.08
191,113,"(73, 3)",1,-0.08
191,114,"(74, 3)",1,-0.08
191,115,"(75, 3)",1,-0.08
191,116,"(76, 3)",1,-0.08
191,117,"(77, 3)",0,-0.08
191,118,"(77, 2)",0,-0.08
191,119,"(77, 1)",1,-0.08
191,120,"(78, 1)",1,-0.08
191,121,"(79, 1)",0,8.33
192,0,"(0, 39)",1,-0.08
192,1,"(1, 39)",1,-0.08
192,2,"(2, 39)",1,-0.08
192,3,"(3, 39)",1,-0.08
192,4,"(4, 39)",1,-0.08
192,5,"(5, 39)",1,-0.08
192,6,"(6, 39)",1,-0.08
192,7,"(7, 39)",1,-0.08
192,8,"(8, 39)",1,-0.08
192,9,"(9, 39)",1,-0.08
192,10,"(10, 39)",1,-0.08
192,11,"(11, 39)",0,-0.08
192,12,"(11, 38)",0,-0.08
192,13,"(11, 37)",1,-0.08
192,14,"(12, 37)",1,-0.08
192,15,"(13, 37)",1,-0.08
192,16,"(14, 37)",1,-0.08
192,17,"(15, 37)",1,-0.08
192,18,"(16, 37)",1,-0.08
192,19,"(17, 37)",0,-0.08
192,20,"(17, 36)",0,-0.08
192,21,"(17, 35)",1,-0.08
192,22,"(18, 35)",1,-0.08
192,23,"(19, 35)",0,-0.08
192,24,"(19, 34)",0,-0.08
192,25,"(19, 33)",0,-0.08
192,26,"(19, 32)",0,-0.08
192,27,"(19, 31)",0,-0.08
192,28,"(19, 30)",0,-0.08
192,29,"(19, 29)",1,-0.08
192,30,"(20, 29)",0,-0.08
192,31,"(20, 28)",0,-0.08
192,32,"(20, 27)",1,-0.08
192,33,"(21, 27)",0,-0.08
192,34,"(21, 26)",0,-0.08
192,35,"(21, 25)",1,-0.08
192,36,"(22, 25)",0,-0.08
192,37,"(22, 24)",0,-0.08
192,38,"(22, 23)",1,-0.08
192,39,"(23, 23)",1,-0.08
192,40,"(24, 23)",1,-0.08
192,41,"(25, 23)",0,-0.08
192,42,"(25, 22)",0,-0.08
192,43,"(25, 21)",1,-0.08
192,44,"(26, 21)",1,-0.08
192,45,"(27, 21)",0,-0.08
192,46,"(27, 20)",1,-0.08
192,47,"(28, 20)",0,-0.08
192,48,"(28, 19)",1,-0.08
192,49,"(29, 19)",1,-0.08
192,50,"(30, 19)",1,-0.08
192,51,"(31, 19)",0,-0.08
192,52,"(31, 18)",1,-0.08
192,53,"(32, 18)",0,-0.08
192,54,"(32, 17)",0,-0.08
192,55,"(32, 16)",0,-0.08
192,56,"(32, 15)",0,-0.08
192,57,"(32, 14)",0,-0.08
192,58,"(32, 13)",1,-0.08
192,59,"(33, 13)",1,-0.08
192,60,"(34, 13)",1,-0.08
192,61,"(35, 13)",1,-0.08
192,62,"(36, 13)",1,-0.08
192,63,"(37, 13)",1,-0.08
192,64,"(38, 13)",1,-0.08
192,65,"(39, 13)",1,-0.08
192,66,"(40, 13)",1,-0.08
192,67,"(41, 13)",0,-0.08
192,68,"(41, 12)",0,-0.08
192,69,"(41, 11)",1,-0.08
192,70,"(42, 11)",1,-0.08
192,71,"(43, 11)",1,-0.08
192,72,"(44, 11)",1,-0.08
192,73,"(45, 11)",0,-0.08
192,74,"(45, 10)",0,-0.08
192,75,"(45, 9)",1,-0.08
192,76,"(46, 9)",0,-0.08
192,77,"(46, 8)",0,-0.08
192,78,"(46, 7)",0,-0.08
192,79,"(46, 6)",1,-0.08
192,80,"(47, 6)",1,-0.08
192,81,"(48, 6)",1,-0.08
192,82,"(49, 6)",0,-0.08
192,83,"(49, 5)",1,-0.08
192,84,"(50, 5)",1,-0.08
192,85,"(51, 5)",1,-0.08
192,86,"(52, 5)",1,-0.08
192,87,"(53, 5)",0,-0.08
192,88,"(53, 4)",0,-0.08
192,89,"(53, 3)",0,-0.08
192,90,"(53, 2)",0,-0.08
192,91,"(53, 1)",1,-0.08
192,92,"(54, 1)",1,-0.08
192,93,"(55, 1)",1,-0.08
192,94,"(56, 1)",1,-0.08
192,95,"(57, 1)",1,-0.08
192,96,"(58, 1)",1,-0.08
192,97,"(59, 1)",1,-0.08
192,98,"(60, 1)",1,-0.08
192,99,"(61, 1)",1,-0.08
192,100,"(62, 1)",1,-0.08
192,101,"(63, 1)",1,-0.08
192,102,"(64, 1)",1,-0.08
192,103,"(65, 1)",1,-0.08
192,104,"(66, 1)",1,-0.08
192,105,"(67, 1)",1,-0.08
192,106,"(68, 1)",1,-0.08
192,107,"(69, 1)",1,-0.08
192,108,"(70, 1)",1,-0.08
192,109,"(71, 1)",2,-0.08
192,110,"(71, 2)",2,-0.08
192,111,"(71, 3)",1,-0.08
192,112,"(72, 3)",1,-0.08
192,113,"(73, 3)",0,-0.08
192,114,"(73, 2)",0,-0.08
192,115,"(73, 1)",0,-0.08
192,116,"(73, 0)",1,-0.08
192,117,"(74, 0)",1,-0.08
192,118,"(75, 0)",1,-0.08
192,119,"(76, 0)",1,-0.08
192,120,"(77, 0)",1,-0.08
192,121,"(78, 0)",1,8.33
193,0,"(0, 39)",1,-0.08
193,1,"(1, 39)",1,-0.08
193,2,"(2, 39)",1,-0.08
193,3,"(3, 39)",1,-0.08
193,4,"(4, 39)",1,-0.08
193,5,"(5, 39)",1,-0.08
193,6,"(6, 39)",1,-0.08
193,7,"(7, 39)",1,-0.08
193,8,"(8, 39)",1,-0.08
193,9,"(9, 39)",1,-0.08
193,10,"(10, 39)",1,-0.08
193,11,"(11, 39)",1,-0.08
193,12,"(12, 39)",1,-0.08
193,13,"(13, 39)",1,-0.08
193,14,"(14, 39)",0,-0.08
193,15,"(14, 38)",0,-0.08
193,16,"(14, 37)",1,-0.08
193,17,"(15, 37)",1,-0.08
193,18,"(16, 37)",0,-0.08
193,19,"(16, 36)",1,-0.08
193,20,"(17, 36)",0,-0.08
193,21,"(17, 35)",1,-0.08
193,22,"(18, 35)",1,-0.08
193,23,"(19, 35)",0,-0.08
193,24,"(19, 34)",0,-0.08
193,25,"(19, 33)",0,-0.08
193,26,"(19, 32)",0,-0.08
193,27,"(19, 31)",0,-0.08
193,28,"(19, 30)",0,-0.08
193,29,"(19, 29)",1,-0.08
193,30,"(20, 29)",0,-0.08
193,31,"(20, 28)",0,-0.08
193,32,"(20, 27)",1,-0.08
193,33,"(21, 27)",0,-0.08
193,34,"(21, 26)",0,-0.08
193,35,"(21, 25)",1,-0.08
193,36,"(22, 25)",0,-0.08
193,37,"(22, 24)",0,-0.08
193,38,"(22, 23)",1,-0.08
193,39,"(23, 23)",1,-0.08
193,40,"(24, 23)",1,-0.08
193,41,"(25, 23)",0,-0.08
193,42,"(25, 22)",0,-0.08
193,43,"(25, 21)",0,-0.08
193,44,"(25, 20)",0,-0.08
193,45,"(25, 19)",0,-0.08
193,46,"(25, 18)",1,-0.08
193,47,"(26, 18)",1,-0.08
193,48,"(27, 18)",0,-0.08
193,49,"(27, 17)",0,-0.08
193,50,"(27, 16)",1,-0.08
193,51,"(28, 16)",1,-0.08
193,52,"(29, 16)",0,-0.08
193,53,"(29, 15)",1,-0.08
193,54,"(30, 15)",1,-0.08
193,55,"(31, 15)",1,-0.08
193,56,"(32, 15)",0,-0.08
193,57,"(32, 14)",0,-0.08
193,58,"(32, 13)",1,-0.08
193,59,"(33, 13)",1,-0.08
193,60,"(34, 13)",1,-0.08
193,61,"(35, 13)",1,-0.08
193,62,"(36, 13)",1,-0.08
193,63,"(37, 13)",1,-0.08
193,64,"(38, 13)",1,-0.08
193,65,"(39, 13)",0,-0.08
193,66,"(39, 12)",0,-0.08
193,67,"(39, 11)",1,-0.08
193,68,"(40, 11)",1,-0.08
193,69,"(41, 11)",1,-0.08
193,70,"(42, 11)",1,-0.08
193,71,"(43, 11)",1,-0.08
193,72,"(44, 11)",1,-0.08
193,73,"(45, 11)",0,-0.08
193,74,"(45, 10)",1,-0.08
193,75,"(46, 10)",0,-0.08
193,76,"(46, 9)",0,-0.08
193,77,"(46, 8)",0,-0.08
193,78,"(46, 7)",0,-0.08
193,79,"(46, 6)",1,-0.08
193,80,"(47, 6)",1,-0.08
193,81,"(48, 6)",1,-0.08
193,82,"(49, 6)",0,-0.08
193,83,"(49, 5)",1,-0.08
193,84,"(50, 5)",1,-0.08
193,85,"(51, 5)",1,-0.08
193,86,"(52, 5)",1,-0.08
193,87,"(53, 5)",0,-0.08
193,88,"(53, 4)",0,-0.08
193,89,"(53, 3)",0,-0.08
193,90,"(53, 2)",0,-0.08
193,91,"(53, 1)",1,-0.08
193,92,"(54, 1)",1,-0.08
193,93,"(55, 1)",1,-0.08
193,94,"(56, 1)",1,-0.08
193,95,"(57, 1)",1,-0.08
193,96,"(58, 1)",1,-0.08
193,97,"(59, 1)",1,-0.08
193,98,"(60, 1)",1,-0.08
193,99,"(61, 1)",1,-0.08
193,100,"(62, 1)",1,-0.08
193,101,"(63, 1)",1,-0.08
193,102,"(64, 1)",1,-0.08
193,103,"(65, 1)",1,-0.08
193,104,"(66, 1)",1,-0.08
193,105,"(67, 1)",1,-0.08
193,106,"(68, 1)",1,-0.08
193,107,"(69, 1)",1,-0.08
193,108,"(70, 1)",1,-0.08
193,109,"(71, 1)",2,-0.08
193,110,"(71, 2)",2,-0.08
193,111,"(71, 3)",1,-0.08
193,112,"(72, 3)",1,-0.08
193,113,"(73, 3)",1,-0.08
193,114,"(74, 3)",1,-0.08
193,115,"(75, 3)",1,-0.08
193,116,"(76, 3)",1,-0.08
193,117,"(77, 3)",0,-0.08
193,118,"(77, 2)",0,-0.08
193,119,"(77, 1)",0,-0.08
193,120,"(77, 0)",1,-0.08
193,121,"(78, 0)",1,8.33
194,0,"(0, 39)",1,-0.08
194,1,"(1, 39)",1,-0.08
194,2,"(2, 39)",1,-0.08
194,3,"(3, 39)",1,-0.08
194,4,"(4, 39)",1,-0.08
194,5,"(5, 39)",1,-0.08
194,6,"(6, 39)",1,-0.08
194,7,"(7, 39)",1,-0.08
194,8,"(8, 39)",1,-0.08
194,9,"(9, 39)",1,-0.08
194,10,"(10, 39)",1,-0.08
194,11,"(11, 39)",0,-0.08
194,12,"(11, 38)",0,-0.08
194,13,"(11, 37)",1,-0.08
194,14,"(12, 37)",1,-0.08
194,15,"(13, 37)",1,-0.08
194,16,"(14, 37)",1,-0.08
194,17,"(15, 37)",1,-0.08
194,18,"(16, 37)",0,-0.08
194,19,"(16, 36)",1,-0.08
194,20,"(17, 36)",0,-0.08
194,21,"(17, 35)",0,-0.08
194,22,"(17, 34)",1,-0.08
194,23,"(18, 34)",0,-0.08
194,24,"(18, 33)",1,-0.08
194,25,"(19, 33)",0,-0.08
194,26,"(19, 32)",0,-0.08
194,27,"(19, 31)",0,-0.08
194,28,"(19, 30)",0,-0.08
194,29,"(19, 29)",1,-0.08
194,30,"(20, 29)",0,-0.08
194,31,"(20, 28)",0,-0.08
194,32,"(20, 27)",1,-0.08
194,33,"(21, 27)",0,-0.08
194,34,"(21, 26)",1,-0.08
194,35,"(22, 26)",1,-0.08
194,36,"(23, 26)",0,-0.08
194,37,"(23, 25)",1,-0.08
194,38,"(24, 25)",1,-0.08
194,39,"(25, 25)",1,-0.08
194,40,"(26, 25)",1,-0.08
194,41,"(27, 25)",1,-0.08
194,42,"(28, 25)",1,-0.08
194,43,"(29, 25)",1,-0.08
194,44,"(30, 25)",1,-0.08
194,45,"(31, 25)",0,-0.08
194,46,"(31, 24)",0,-0.08
194,47,"(31, 23)",1,-0.08
194,48,"(32, 23)",1,-0.08
194,49,"(33, 23)",0,-0.08
194,50,"(33, 22)",0,-0.08
194,51,"(33, 21)",1,-0.08
194,52,"(34, 21)",1,-0.08
194,53,"(35, 21)",1,-0.08
194,54,"(36, 21)",1,-0.08
194,55,"(37, 21)",1,-0.08
194,56,"(38, 21)",1,-0.08
194,57,"(39, 21)",1,-0.08
194,58,"(40, 21)",0,-0.08
194,59,"(40, 20)",1,-0.08
194,60,"(41, 20)",1,-0.08
194,61,"(42, 20)",1,-0.08
194,62,"(43, 20)",0,-0.08
194,63,"(43, 19)",1,-0.08
194,64,"(44, 19)",0,-0.08
194,65,"(44, 18)",0,-0.08
194,66,"(44, 17)",0,-0.08
194,67,"(44, 16)",0,-0.08
194,68,"(44, 15)",1,-0.08
194,69,"(45, 15)",0,-0.08
194,70,"(45, 14)",0,-0.08
194,71,"(45, 13)",0,-0.08
194,72,"(45, 12)",0,-0.08
194,73,"(45, 11)",0,-0.08
194,74,"(45, 10)",1,-0.08
194,75,"(46, 10)",0,-0.08
194,76,"(46, 9)",0,-0.08
194,77,"(46, 8)",0,-0.08
194,78,"(46, 7)",1,-0.08
194,79,"(47, 7)",0,-0.08
194,80,"(47, 6)",1,-0.08
194,81,"(48, 6)",1,-0.08
194,82,"(49, 6)",0,-0.08
194,83,"(49, 5)",1,-0.08
194,84,"(50, 5)",1,-0.08
194,85,"(51, 5)",1,-0.08
194,86,"(52, 5)",1,-0.08
194,87,"(53, 5)",0,-0.08
194,88,"(53, 4)",0,-0.08
194,89,"(53, 3)",0,-0.08
194,90,"(53, 2)",0,-0.08
194,91,"(53, 1)",1,-0.08
194,92,"(54, 1)",1,-0.08
194,93,"(55, 1)",1,-0.08
194,94,"(56, 1)",1,-0.08
194,95,"(57, 1)",1,-0.08
194,96,"(58, 1)",1,-0.08
194,97,"(59, 1)",1,-0.08
194,98,"(60, 1)",1,-0.08
194,99,"(61, 1)",1,-0.08
194,100,"(62, 1)",1,-0.08
194,101,"(63, 1)",1,-0.08
194,102,"(64, 1)",1,-0.08
194,103,"(65, 1)",1,-0.08
194,104,"(66, 1)",1,-0.08
194,105,"(67, 1)",1,-0.08
194,106,"(68, 1)",1,-0.08
194,107,"(69, 1)",1,-0.08
194,108,"(70, 1)",1,-0.08
194,109,"(71, 1)",2,-0.08
194,110,"(71, 2)",2,-0.08
194,111,"(71, 3)",1,-0.08
194,112,"(72, 3)",1,-0.08
194,113,"(73, 3)",1,-0.08
194,114,"(74, 3)",1,-0.08
194,115,"(75, 3)",1,-0.08
194,116,"(76, 3)",1,-0.08
194,117,"(77, 3)",0,-0.08
194,118,"(77, 2)",0,-0.08
194,119,"(77, 1)",1,-0.08
194,120,"(78, 1)",0,-0.08
194,121,"(78, 0)",1,8.33
195,0,"(0, 39)",1,-0.08
195,1,"(1, 39)",1,-0.08
195,2,"(2, 39)",1,-0.08
195,3,"(3, 39)",1,-0.08
195,4,"(4, 39)",1,-0.08
195,5,"(5, 39)",1,-0.08
195,6,"(6, 39)",1,-0.08
195,7,"(7, 39)",1,-0.08
195,8,"(8, 39)",1,-0.08
195,9,"(9, 39)",1,-0.08
195,10,"(10, 39)",1,-0.08
195,11,"(11, 39)",1,-0.08
195,12,"(12, 39)",1,-0.08
195,13,"(13, 39)",1,-0.08
195,14,"(14, 39)",0,-0.08
195,15,"(14, 38)",0,-0.08
195,16,"(14, 37)",1,-0.08
195,17,"(15, 37)",1,-0.08
195,18,"(16, 37)",0,-0.08
195,19,"(16, 36)",1,-0.08
195,20,"(17, 36)",0,-0.08
195,21,"(17, 35)",0,-0.08
195,22,"(17, 34)",1,-0.08
195,23,"(18, 34)",0,-0.08
195,24,"(18, 33)",1,-0.08
195,25,"(19, 33)",0,-0.08
195,26,"(19, 32)",0,-0.08
195,27,"(19, 31)",0,-0.08
195,28,"(19, 30)",0,-0.08
195,29,"(19, 29)",1,-0.08
195,30,"(20, 29)",0,-0.08
195,31,"(20, 28)",0,-0.08
195,32,"(20, 27)",1,-0.08
195,33,"(21, 27)",0,-0.08
195,34,"(21, 26)",1,-0.08
195,35,"(22, 26)",1,-0.08
195,36,"(23, 26)",0,-0.08
195,37,"(23, 25)",1,-0.08
195,38,"(24, 25)",1,-0.08
195,39,"(25, 25)",0,-0.08
195,40,"(25, 24)",0,-0.08
195,41,"(25, 23)",0,-0.08
195,42,"(25, 22)",0,-0.08
195,43,"(25, 21)",0,-0.08
195,44,"(25, 20)",0,-0.08
195,45,"(25, 19)",0,-0.08
195,46,"(25, 18)",1,-0.08
195,47,"(26, 18)",1,-0.08
195,48,"(27, 18)",0,-0.08
195,49,"(27, 17)",1,-0.08
195,50,"(28, 17)",1,-0.08
195,51,"(29, 17)",0,-0.08
195,52,"(29, 16)",0,-0.08
195,53,"(29, 15)",1,-0.08
195,54,"(30, 15)",1,-0.08
195,55,"(31, 15)",0,-0.08
195,56,"(31, 14)",1,-0.08
195,57,"(32, 14)",0,-0.08
195,58,"(32, 13)",1,-0.08
195,59,"(33, 13)",1,-0.08
195,60,"(34, 13)",1,-0.08
195,61,"(35, 13)",1,-0.08
195,62,"(36, 13)",1,-0.08
195,63,"(37, 13)",1,-0.08
195,64,"(38, 13)",1,-0.08
195,65,"(39, 13)",0,-0.08
195,66,"(39, 12)",0,-0.08
195,67,"(39, 11)",1,-0.08
195,68,"(40, 11)",1,-0.08
195,69,"(41, 11)",1,-0.08
195,70,"(42, 11)",1,-0.08
195,71,"(43, 11)",1,-0.08
195,72,"(44, 11)",1,-0.08
195,73,"(45, 11)",0,-0.08
195,74,"(45, 10)",0,-0.08
195,75,"(45, 9)",1,-0.08
195,76,"(46, 9)",0,-0.08
195,77,"(46, 8)",0,-0.08
195,78,"(46, 7)",1,-0.08
195,79,"(47, 7)",0,-0.08
195,80,"(47, 6)",1,-0.08
195,81,"(48, 6)",1,-0.08
195,82,"(49, 6)",0,-0.08
195,83,"(49, 5)",1,-0.08
195,84,"(50, 5)",1,-0.08
195,85,"(51, 5)",1,-0.08
195,86,"(52, 5)",1,-0.08
195,87,"(53, 5)",0,-0.08
195,88,"(53, 4)",0,-0.08
195,89,"(53, 3)",1,-0.08
195,90,"(54, 3)",1,-0.08
195,91,"(55, 3)",1,-0.08
195,92,"(56, 3)",0,-0.08
195,93,"(56, 2)",0,-0.08
195,94,"(56, 1)",1,-0.08
195,95,"(57, 1)",1,-0.08
195,96,"(58, 1)",1,-0.08
195,97,"(59, 1)",1,-0.08
195,98,"(60, 1)",1,-0.08
195,99,"(61, 1)",1,-0.08
195,100,"(62, 1)",1,-0.08
195,101,"(63, 1)",1,-0.08
195,102,"(64, 1)",1,-0.08
195,103,"(65, 1)",1,-0.08
195,104,"(66, 1)",1,-0.08
195,105,"(67, 1)",1,-0.08
195,106,"(68, 1)",1,-0.08
195,107,"(69, 1)",1,-0.08
195,108,"(70, 1)",1,-0.08
195,109,"(71, 1)",2,-0.08
195,110,"(71, 2)",2,-0.08
195,111,"(71, 3)",1,-0.08
195,112,"(72, 3)",1,-0.08
195,113,"(73, 3)",1,-0.08
195,114,"(74, 3)",1,-0.08
195,115,"(75, 3)",1,-0.08
195,116,"(76, 3)",1,-0.08
195,117,"(77, 3)",0,-0.08
195,118,"(77, 2)",0,-0.08
195,119,"(77, 1)",1,-0.08
195,120,"(78, 1)",1,-0.08
195,121,"(79, 1)",0,8.33
196,0,"(0, 39)",1,-0.08
196,1,"(1, 39)",1,-0.08
196,2,"(2, 39)",1,-0.08
196,3,"(3, 39)",1,-0.08
196,4,"(4, 39)",1,-0.08
196,5,"(5, 39)",1,-0.08
196,6,"(6, 39)",1,-0.08
196,7,"(7, 39)",1,-0.08
196,8,"(8, 39)",1,-0.08
196,9,"(9, 39)",1,-0.08
196,10,"(10, 39)",1,-0.08
196,11,"(11, 39)",1,-0.08
196,12,"(12, 39)",1,-0.08
196,13,"(13, 39)",1,-0.08
196,14,"(14, 39)",0,-0.08
196,15,"(14, 38)",0,-0.08
196,16,"(14, 37)",1,-0.08
196,17,"(15, 37)",1,-0.08
196,18,"(16, 37)",0,-0.08
196,19,"(16, 36)",1,-0.08
196,20,"(17, 36)",0,-0.08
196,21,"(17, 35)",1,-0.08
196,22,"(18, 35)",1,-0.08
196,23,"(19, 35)",0,-0.08
196,24,"(19, 34)",0,-0.08
196,25,"(19, 33)",0,-0.08
196,26,"(19, 32)",0,-0.08
196,27,"(19, 31)",0,-0.08
196,28,"(19, 30)",0,-0.08
196,29,"(19, 29)",1,-0.08
196,30,"(20, 29)",0,-0.08
196,31,"(20, 28)",0,-0.08
196,32,"(20, 27)",1,-0.08
196,33,"(21, 27)",0,-0.08
196,34,"(21, 26)",1,-0.08
196,35,"(22, 26)",0,-0.08
196,36,"(22, 25)",1,-0.08
196,37,"(23, 25)",1,-0.08
196,38,"(24, 25)",1,-0.08
196,39,"(25, 25)",0,-0.08
196,40,"(25, 24)",0,-0.08
196,41,"(25, 23)",0,-0.08
196,42,"(25, 22)",0,-0.08
196,43,"(25, 21)",1,-0.08
196,44,"(26, 21)",1,-0.08
196,45,"(27, 21)",0,-0.08
196,46,"(27, 20)",0,-0.08
196,47,"(27, 19)",0,-0.08
196,48,"(27, 18)",0,-0.08
196,49,"(27, 17)",0,-0.08
196,50,"(27, 16)",1,-0.08
196,51,"(28, 16)",1,-0.08
196,52,"(29, 16)",0,-0.08
196,53,"(29, 15)",1,-0.08
196,54,"(30, 15)",1,-0.08
196,55,"(31, 15)",1,-0.08
196,56,"(32, 15)",0,-0.08
196,57,"(32, 14)",0,-0.08
196,58,"(32, 13)",1,-0.08
196,59,"(33, 13)",1,-0.08
196,60,"(34, 13)",1,-0.08
196,61,"(35, 13)",1,-0.08
196,62,"(36, 13)",1,-0.08
196,63,"(37, 13)",1,-0.08
196,64,"(38, 13)",1,-0.08
196,65,"(39, 13)",0,-0.08
196,66,"(39, 12)",0,-0.08
196,67,"(39, 11)",1,-0.08
196,68,"(40, 11)",1,-0.08
196,69,"(41, 11)",1,-0.08
196,70,"(42, 11)",1,-0.08
196,71,"(43, 11)",1,-0.08
196,72,"(44, 11)",1,-0.08
196,73,"(45, 11)",0,-0.08
196,74,"(45, 10)",0,-0.08
196,75,"(45, 9)",0,-0.08
196,76,"(45, 8)",1,-0.08
196,77,"(46, 8)",0,-0.08
196,78,"(46, 7)",1,-0.08
196,79,"(47, 7)",0,-0.08
196,80,"(47, 6)",1,-0.08
196,81,"(48, 6)",1,-0.08
196,82,"(49, 6)",0,-0.08
196,83,"(49, 5)",1,-0.08
196,84,"(50, 5)",1,-0.08
196,85,"(51, 5)",0,-0.08
196,86,"(51, 4)",0,-0.08
196,87,"(51, 3)",0,-0.08
196,88,"(51, 2)",1,-0.08
196,89,"(52, 2)",1,-0.08
196,90,"(53, 2)",0,-0.08
196,91,"(53, 1)",1,-0.08
196,92,"(54, 1)",1,-0.08
196,93,"(55, 1)",1,-0.08
196,94,"(56, 1)",1,-0.08
196,95,"(57, 1)",1,-0.08
196,96,"(58, 1)",1,-0.08
196,97,"(59, 1)",1,-0.08
196,98,"(60, 1)",1,-0.08
196,99,"(61, 1)",1,-0.08
196,100,"(62, 1)",1,-0.08
196,101,"(63, 1)",1,-0.08
196,102,"(64, 1)",1,-0.08
196,103,"(65, 1)",1,-0.08
196,104,"(66, 1)",1,-0.08
196,105,"(67, 1)",1,-0.08
196,106,"(68, 1)",1,-0.08
196,107,"(69, 1)",1,-0.08
196,108,"(70, 1)",1,-0.08
196,109,"(71, 1)",2,-0.08
196,110,"(71, 2)",2,-0.08
196,111,"(71, 3)",1,-0.08
196,112,"(72, 3)",1,-0.08
196,113,"(73, 3)",0,-0.08
196,114,"(73, 2)",0,-0.08
196,115,"(73, 1)",1,-0.08
196,116,"(74, 1)",1,-0.08
196,117,"(75, 1)",1,-0.08
196,118,"(76, 1)",1,-0.08
196,119,"(77, 1)",0,-0.08
196,120,"(77, 0)",1,-0.08
196,121,"(78, 0)",1,8.33
197,0,"(0, 39)",1,-0.08
197,1,"(1, 39)",1,-0.08
197,2,"(2, 39)",1,-0.08
197,3,"(3, 39)",1,-0.08
197,4,"(4, 39)",1,-0.08
197,5,"(5, 39)",1,-0.08
197,6,"(6, 39)",1,-0.08
197,7,"(7, 39)",1,-0.08
197,8,"(8, 39)",1,-0.08
197,9,"(9, 39)",1,-0.08
197,10,"(10, 39)",1,-0.08
197,11,"(11, 39)",1,-0.08
197,12,"(12, 39)",1,-0.08
197,13,"(13, 39)",1,-0.08
197,14,"(14, 39)",0,-0.08
197,15,"(14, 38)",0,-0.08
197,16,"(14, 37)",1,-0.08
197,17,"(15, 37)",1,-0.08
197,18,"(16, 37)",0,-0.08
197,19,"(16, 36)",1,-0.08
197,20,"(17, 36)",0,-0.08
197,21,"(17, 35)",1,-0.08
197,22,"(18, 35)",1,-0.08
197,23,"(19, 35)",0,-0.08
197,24,"(19, 34)",0,-0.08
197,25,"(19, 33)",0,-0.08
197,26,"(19, 32)",0,-0.08
197,27,"(19, 31)",0,-0.08
197,28,"(19, 30)",0,-0.08
197,29,"(19, 29)",1,-0.08
197,30,"(20, 29)",0,-0.08
197,31,"(20, 28)",0,-0.08
197,32,"(20, 27)",1,-0.08
197,33,"(21, 27)",0,-0.08
197,34,"(21, 26)",0,-0.08
197,35,"(21, 25)",1,-0.08
197,36,"(22, 25)",0,-0.08
197,37,"(22, 24)",0,-0.08
197,38,"(22, 23)",1,-0.08
197,39,"(23, 23)",1,-0.08
197,40,"(24, 23)",1,-0.08
197,41,"(25, 23)",0,-0.08
197,42,"(25, 22)",0,-0.08
197,43,"(25, 21)",1,-0.08
197,44,"(26, 21)",1,-0.08
197,45,"(27, 21)",0,-0.08
197,46,"(27, 20)",1,-0.08
197,47,"(28, 20)",0,-0.08
197,48,"(28, 19)",1,-0.08
197,49,"(29, 19)",1,-0.08
197,50,"(30, 19)",1,-0.08
197,51,"(31, 19)",1,-0.08
197,52,"(32, 19)",1,-0.08
197,53,"(33, 19)",1,-0.08
197,54,"(34, 19)",1,-0.08
197,55,"(35, 19)",0,-0.08
197,56,"(35, 18)",0,-0.08
197,57,"(35, 17)",0,-0.08
197,58,"(35, 16)",0,-0.08
197,59,"(35, 15)",0,-0.08
197,60,"(35, 14)",0,-0.08
197,61,"(35, 13)",1,-0.08
197,62,"(36, 13)",1,-0.08
197,63,"(37, 13)",1,-0.08
197,64,"(38, 13)",1,-0.08
197,65,"(39, 13)",0,-0.08
197,66,"(39, 12)",0,-0.08
197,67,"(39, 11)",1,-0.08
197,68,"(40, 11)",1,-0.08
197,69,"(41, 11)",1,-0.08
197,70,"(42, 11)",1,-0.08
197,71,"(43, 11)",1,-0.08
197,72,"(44, 11)",1,-0.08
197,73,"(45, 11)",0,-0.08
197,74,"(45, 10)",1,-0.08
197,75,"(46, 10)",0,-0.08
197,76,"(46, 9)",0,-0.08
197,77,"(46, 8)",0,-0.08
197,78,"(46, 7)",1,-0.08
197,79,"(47, 7)",0,-0.08
197,80,"(47, 6)",1,-0.08
197,81,"(48, 6)",1,-0.08
197,82,"(49, 6)",0,-0.08
197,83,"(49, 5)",1,-0.08
197,84,"(50, 5)",1,-0.08
197,85,"(51, 5)",0,-0.08
197,86,"(51, 4)",0,-0.08
197,87,"(51, 3)",0,-0.08
197,88,"(51, 2)",0,-0.08
197,89,"(51, 1)",1,-0.08
197,90,"(52, 1)",1,-0.08
197,91,"(53, 1)",1,-0.08
197,92,"(54, 1)",1,-0.08
197,93,"(55, 1)",1,-0.08
197,94,"(56, 1)",1,-0.08
197,95,"(57, 1)",1,-0.08
197,96,"(58, 1)",1,-0.08
197,97,"(59, 1)",1,-0.08
197,98,"(60, 1)",1,-0.08
197,99,"(61, 1)",1,-0.08
197,100,"(62, 1)",1,-0.08
197,101,"(63, 1)",1,-0.08
197,102,"(64, 1)",1,-0.08
197,103,"(65, 1)",1,-0.08
197,104,"(66, 1)",1,-0.08
197,105,"(67, 1)",1,-0.08
197,106,"(68, 1)",1,-0.08
197,107,"(69, 1)",1,-0.08
197,108,"(70, 1)",1,-0.08
197,109,"(71, 1)",2,-0.08
197,110,"(71, 2)",2,-0.08
197,111,"(71, 3)",1,-0.08
197,112,"(72, 3)",1,-0.08
197,113,"(73, 3)",0,-0.08
197,114,"(73, 2)",0,-0.08
197,115,"(73, 1)",0,-0.08
197,116,"(73, 0)",1,-0.08
197,117,"(74, 0)",1,-0.08
197,118,"(75, 0)",1,-0.08
197,119,"(76, 0)",1,-0.08
197,120,"(77, 0)",1,-0.08
197,121,"(78, 0)",1,8.33
198,0,"(0, 39)",1,-0.08
198,1,"(1, 39)",1,-0.08
198,2,"(2, 39)",1,-0.08
198,3,"(3, 39)",1,-0.08
198,4,"(4, 39)",1,-0.08
198,5,"(5, 39)",1,-0.08
198,6,"(6, 39)",1,-0.08
198,7,"(7, 39)",1,-0.08
198,8,"(8, 39)",1,-0.08
198,9,"(9, 39)",1,-0.08
198,10,"(10, 39)",1,-0.08
198,11,"(11, 39)",0,-0.08
198,12,"(11, 38)",0,-0.08
198,13,"(11, 37)",1,-0.08
198,14,"(12, 37)",1,-0.08
198,15,"(13, 37)",1,-0.08
198,16,"(14, 37)",1,-0.08
198,17,"(15, 37)",1,-0.08
198,18,"(16, 37)",0,-0.08
198,19,"(16, 36)",1,-0.08
198,20,"(17, 36)",0,-0.08
198,21,"(17, 35)",1,-0.08
198,22,"(18, 35)",0,-0.08
198,23,"(18, 34)",0,-0.08
198,24,"(18, 33)",1,-0.08
198,25,"(19, 33)",0,-0.08
198,26,"(19, 32)",0,-0.08
198,27,"(19, 31)",0,-0.08
198,28,"(19, 30)",0,-0.08
198,29,"(19, 29)",1,-0.08
198,30,"(20, 29)",0,-0.08
198,31,"(20, 28)",0,-0.08
198,32,"(20, 27)",1,-0.08
198,33,"(21, 27)",0,-0.08
198,34,"(21, 26)",1,-0.08
198,35,"(22, 26)",0,-0.08
198,36,"(22, 25)",0,-0.08
198,37,"(22, 24)",0,-0.08
198,38,"(22, 23)",1,-0.08
198,39,"(23, 23)",1,-0.08
198,40,"(24, 23)",1,-0.08
198,41,"(25, 23)",0,-0.08
198,42,"(25, 22)",0,-0.08
198,43,"(25, 21)",0,-0.08
198,44,"(25, 20)",0,-0.08
198,45,"(25, 19)",1,-0.08
198,46,"(26, 19)",0,-0.08
198,47,"(26, 18)",1,-0.08
198,48,"(27, 18)",0,-0.08
198,49,"(27, 17)",0,-0.08
198,50,"(27, 16)",1,-0.08
198,51,"(28, 16)",1,-0.08
198,52,"(29, 16)",0,-0.08
198,53,"(29, 15)",1,-0.08
198,54,"(30, 15)",1,-0.08
198,55,"(31, 15)",0,-0.08
198,56,"(31, 14)",0,-0.08
198,57,"(31, 13)",1,-0.08
198,58,"(32, 13)",1,-0.08
198,59,"(33, 13)",1,-0.08
198,60,"(34, 13)",1,-0.08
198,61,"(35, 13)",1,-0.08
198,62,"(36, 13)",1,-0.08
198,63,"(37, 13)",1,-0.08
198,64,"(38, 13)",1,-0.08
198,65,"(39, 13)",1,-0.08
198,66,"(40, 13)",1,-0.08
198,67,"(41, 13)",1,-0.08
198,68,"(42, 13)",1,-0.08
198,69,"(43, 13)",1,-0.08
198,70,"(44, 13)",1,-0.08
198,71,"(45, 13)",0,-0.08
198,72,"(45, 12)",0,-0.08
198,73,"(45, 11)",0,-0.08
198,74,"(45, 10)",1,-0.08
198,75,"(46, 10)",0,-0.08
198,76,"(46, 9)",0,-0.08
198,77,"(46, 8)",0,-0.08
198,78,"(46, 7)",1,-0.08
198,79,"(47, 7)",0,-0.08
198,80,"(47, 6)",1,-0.08
198,81,"(48, 6)",1,-0.08
198,82,"(49, 6)",0,-0.08
198,83,"(49, 5)",1,-0.08
198,84,"(50, 5)",1,-0.08
198,85,"(51, 5)",1,-0.08
198,86,"(52, 5)",1,-0.08
198,87,"(53, 5)",0,-0.08
198,88,"(53, 4)",0,-0.08
198,89,"(53, 3)",1,-0.08
198,90,"(54, 3)",1,-0.08
198,91,"(55, 3)",1,-0.08
198,92,"(56, 3)",1,-0.08
198,93,"(57, 3)",0,-0.08
198,94,"(57, 2)",1,-0.08
198,95,"(58, 2)",1,-0.08
198,96,"(59, 2)",0,-0.08
198,97,"(59, 1)",1,-0.08
198,98,"(60, 1)",1,-0.08
198,99,"(61, 1)",1,-0.08
198,100,"(62, 1)",1,-0.08
198,101,"(63, 1)",1,-0.08
198,102,"(64, 1)",1,-0.08
198,103,"(65, 1)",1,-0.08
198,104,"(66, 1)",1,-0.08
198,105,"(67, 1)",1,-0.08
198,106,"(68, 1)",1,-0.08
198,107,"(69, 1)",1,-0.08
198,108,"(70, 1)",1,-0.08
198,109,"(71, 1)",2,-0.08
198,110,"(71, 2)",2,-0.08
198,111,"(71, 3)",1,-0.08
198,112,"(72, 3)",1,-0.08
198,113,"(73, 3)",1,-0.08
198,114,"(74, 3)",1,-0.08
198,115,"(75, 3)",1,-0.08
198,116,"(76, 3)",1,-0.08
198,117,"(77, 3)",0,-0.08
198,118,"(77, 2)",0,-0.08
198,119,"(77, 1)",1,-0.08
198,120,"(78, 1)",0,-0.08
198,121,"(78, 0)",1,8.33
199,0,"(0, 39)",1,-0.08
199,1,"(1, 39)",1,-0.08
199,2,"(2, 39)",1,-0.08
199,3,"(3, 39)",1,-0.08
199,4,"(4, 39)",1,-0.08
199,5,"(5, 39)",1,-0.08
199,6,"(6, 39)",1,-0.08
199,7,"(7, 39)",1,-0.08
199,8,"(8, 39)",1,-0.08
199,9,"(9, 39)",1,-0.08
199,10,"(10, 39)",1,-0.08
199,11,"(11, 39)",0,-0.08
199,12,"(11, 38)",0,-0.08
199,13,"(11, 37)",1,-0.08
199,14,"(12, 37)",1,-0.08
199,15,"(13, 37)",1,-0.08
199,16,"(14, 37)",1,-0.08
199,17,"(15, 37)",1,-0.08
199,18,"(16, 37)",0,-0.08
199,19,"(16, 36)",1,-0.08
199,20,"(17, 36)",0,-0.08
199,21,"(17, 35)",1,-0.08
199,22,"(18, 35)",0,-0.08
199,23,"(18, 34)",0,-0.08
199,24,"(18, 33)",1,-0.08
199,25,"(19, 33)",0,-0.08
199,26,"(19, 32)",0,-0.08
199,27,"(19, 31)",0,-0.08
199,28,"(19, 30)",0,-0.08
199,29,"(19, 29)",1,-0.08
199,30,"(20, 29)",0,-0.08
199,31,"(20, 28)",0,-0.08
199,32,"(20, 27)",1,-0.08
199,33,"(21, 27)",0,-0.08
199,34,"(21, 26)",1,-0.08
199,35,"(22, 26)",1,-0.08
199,36,"(23, 26)",1,-0.08
199,37,"(24, 26)",0,-0.08
199,38,"(24, 25)",1,-0.08
199,39,"(25, 25)",0,-0.08
199,40,"(25, 24)",0,-0.08
199,41,"(25, 23)",0,-0.08
199,42,"(25, 22)",0,-0.08
199,43,"(25, 21)",0,-0.08
199,44,"(25, 20)",0,-0.08
199,45,"(25, 19)",1,-0.08
199,46,"(26, 19)",0,-0.08
199,47,"(26, 18)",1,-0.08
199,48,"(27, 18)",0,-0.08
199,49,"(27, 17)",1,-0.08
199,50,"(28, 17)",1,-0.08
199,51,"(29, 17)",0,-0.08
199,52,"(29, 16)",0,-0.08
199,53,"(29, 15)",1,-0.08
199,54,"(30, 15)",1,-0.08
199,55,"(31, 15)",0,-0.08
199,56,"(31, 14)",1,-0.08
199,57,"(32, 14)",0,-0.08
199,58,"(32, 13)",1,-0.08
199,59,"(33, 13)",1,-0.08
199,60,"(34, 13)",1,-0.08
199,61,"(35, 13)",1,-0.08
199,62,"(36, 13)",1,-0.08
199,63,"(37, 13)",1,-0.08
199,64,"(38, 13)",1,-0.08
199,65,"(39, 13)",1,-0.08
199,66,"(40, 13)",1,-0.08
199,67,"(41, 13)",0,-0.08
199,68,"(41, 12)",0,-0.08
199,69,"(41, 11)",1,-0.08
199,70,"(42, 11)",1,-0.08
199,71,"(43, 11)",1,-0.08
199,72,"(44, 11)",1,-0.08
199,73,"(45, 11)",0,-0.08
199,74,"(45, 10)",0,-0.08
199,75,"(45, 9)",1,-0.08
199,76,"(46, 9)",0,-0.08
199,77,"(46, 8)",0,-0.08
199,78,"(46, 7)",0,-0.08
199,79,"(46, 6)",1,-0.08
199,80,"(47, 6)",1,-0.08
199,81,"(48, 6)",1,-0.08
199,82,"(49, 6)",0,-0.08
199,83,"(49, 5)",1,-0.08
199,84,"(50, 5)",1,-0.08
199,85,"(51, 5)",1,-0.08
199,86,"(52, 5)",1,-0.08
199,87,"(53, 5)",0,-0.08
199,88,"(53, 4)",0,-0.08
199,89,"(53, 3)",1,-0.08
199,90,"(54, 3)",1,-0.08
199,91,"(55, 3)",1,-0.08
199,92,"(56, 3)",0,-0.08
199,93,"(56, 2)",1,-0.08
199,94,"(57, 2)",0,-0.08
199,95,"(57, 1)",1,-0.08
199,96,"(58, 1)",1,-0.08
199,97,"(59, 1)",1,-0.08
199,98,"(60, 1)",1,-0.08
199,99,"(61, 1)",1,-0.08
199,100,"(62, 1)",1,-0.08
199,101,"(63, 1)",1,-0.08
199,102,"(64, 1)",1,-0.08
199,103,"(65, 1)",1,-0.08
199,104,"(66, 1)",1,-0.08
199,105,"(67, 1)",1,-0.08
199,106,"(68, 1)",1,-0.08
199,107,"(69, 1)",1,-0.08
199,108,"(70, 1)",1,-0.08
199,109,"(71, 1)",2,-0.08
199,110,"(71, 2)",2,-0.08
199,111,"(71, 3)",1,-0.08
199,112,"(72, 3)",1,-0.08
199,113,"(73, 3)",1,-0.08
199,114,"(74, 3)",1,-0.08
199,115,"(75, 3)",1,-0.08
199,116,"(76, 3)",1,-0.08
199,117,"(77, 3)",0,-0.08
199,118,"(77, 2)",0,-0.08
199,119,"(77, 1)",0,-0.08
199,120,"(77, 0)",1,-0.08
199,121,"(78, 0)",1,8.33
200,0,"(0, 39)",1,-0.08
200,1,"(1, 39)",1,-0.08
200,2,"(2, 39)",1,-0.08
200,3,"(3, 39)",1,-0.08
200,4,"(4, 39)",1,-0.08
200,5,"(5, 39)",1,-0.08
200,6,"(6, 39)",1,-0.08
200,7,"(7, 39)",1,-0.08
200,8,"(8, 39)",1,-0.08
200,9,"(9, 39)",1,-0.08
200,10,"(10, 39)",1,-0.08
200,11,"(11, 39)",1,-0.08
200,12,"(12, 39)",1,-0.08
200,13,"(13, 39)",1,-0.08
200,14,"(14, 39)",0,-0.08
200,15,"(14, 38)",0,-0.08
200,16,"(14, 37)",1,-0.08
200,17,"(15, 37)",0,-0.08
200,18,"(15, 36)",0,-0.08
200,19,"(15, 35)",0,-0.08
200,20,"(15, 34)",0,-0.08
200,21,"(15, 33)",1,-0.08
200,22,"(16, 33)",1,-0.08
200,23,"(17, 33)",1,-0.08
200,24,"(18, 33)",1,-0.08
200,25,"(19, 33)",0,-0.08
200,26,"(19, 32)",0,-0.08
200,27,"(19, 31)",0,-0.08
200,28,"(19, 30)",0,-0.08
200,29,"(19, 29)",1,-0.08
200,30,"(20, 29)",0,-0.08
200,31,"(20, 28)",0,-0.08
200,32,"(20, 27)",1,-0.08
200,33,"(21, 27)",0,-0.08
200,34,"(21, 26)",1,-0.08
200,35,"(22, 26)",1,-0.08
200,36,"(23, 26)",0,-0.08
200,37,"(23, 25)",1,-0.08
200,38,"(24, 25)",1,-0.08
200,39,"(25, 25)",1,-0.08
200,40,"(26, 25)",1,-0.08
200,41,"(27, 25)",1,-0.08
200,42,"(28, 25)",1,-0.08
200,43,"(29, 25)",1,-0.08
200,44,"(30, 25)",1,-0.08
200,45,"(31, 25)",0,-0.08
200,46,"(31, 24)",0,-0.08
200,47,"(31, 23)",1,-0.08
200,48,"(32, 23)",1,-0.08
200,49,"(33, 23)",0,-0.08
200,50,"(33, 22)",0,-0.08
200,51,"(33, 21)",1,-0.08
200,52,"(34, 21)",1,-0.08
200,53,"(35, 21)",1,-0.08
200,54,"(36, 21)",1,-0.08
200,55,"(37, 21)",1,-0.08
200,56,"(38, 21)",1,-0.08
200,57,"(39, 21)",1,-0.08
200,58,"(40, 21)",1,-0.08
200,59,"(41, 21)",1,-0.08
200,60,"(42, 21)",0,-0.08
200,61,"(42, 20)",1,-0.08
200,62,"(43, 20)",0,-0.08
200,63,"(43, 19)",1,-0.08
200,64,"(44, 19)",0,-0.08
200,65,"(44, 18)",0,-0.08
200,66,"(44, 17)",0,-0.08
200,67,"(44, 16)",0,-0.08
200,68,"(44, 15)",1,-0.08
200,69,"(45, 15)",0,-0.08
200,70,"(45, 14)",0,-0.08
200,71,"(45, 13)",0,-0.08
200,72,"(45, 12)",0,-0.08
200,73,"(45, 11)",0,-0.08
200,74,"(45, 10)",0,-0.08
200,75,"(45, 9)",1,-0.08
200,76,"(46, 9)",0,-0.08
200,77,"(46, 8)",0,-0.08
200,78,"(46, 7)",1,-0.08
200,79,"(47, 7)",0,-0.08
200,80,"(47, 6)",1,-0.08
200,81,"(48, 6)",1,-0.08
200,82,"(49, 6)",0,-0.08
200,83,"(49, 5)",1,-0.08
200,84,"(50, 5)",1,-0.08
200,85,"(51, 5)",1,-0.08
200,86,"(52, 5)",1,-0.08
200,87,"(53, 5)",0,-0.08
200,88,"(53, 4)",0,-0.08
200,89,"(53, 3)",1,-0.08
200,90,"(54, 3)",1,-0.08
200,91,"(55, 3)",1,-0.08
200,92,"(56, 3)",1,-0.08
200,93,"(57, 3)",0,-0.08
200,94,"(57, 2)",1,-0.08
200,95,"(58, 2)",0,-0.08
200,96,"(58, 1)",1,-0.08
200,97,"(59, 1)",1,-0.08
200,98,"(60, 1)",1,-0.08
200,99,"(61, 1)",1,-0.08
200,100,"(62, 1)",1,-0.08
200,101,"(63, 1)",1,-0.08
200,102,"(64, 1)",1,-0.08
200,103,"(65, 1)",1,-0.08
200,104,"(66, 1)",1,-0.08
200,105,"(67, 1)",1,-0.08
200,106,"(68, 1)",1,-0.08
200,107,"(69, 1)",1,-0.08
200,108,"(70, 1)",1,-0.08
200,109,"(71, 1)",2,-0.08
200,110,"(71, 2)",2,-0.08
200,111,"(71, 3)",1,-0.08
200,112,"(72, 3)",1,-0.08
200,113,"(73, 3)",0,-0.08
200,114,"(73, 2)",0,-0.08
200,115,"(73, 1)",0,-0.08
200,116,"(73, 0)",1,-0.08
200,117,"(74, 0)",1,-0.08
200,118,"(75, 0)",1,-0.08
200,119,"(76, 0)",1,-0.08
200,120,"(77, 0)",1,-0.08
200,121,"(78, 0)",1,8.33
201,0,"(0, 39)",1,-0.08
201,1,"(1, 39)",1,-0.08
201,2,"(2, 39)",1,-0.08
201,3,"(3, 39)",1,-0.08
201,4,"(4, 39)",1,-0.08
201,5,"(5, 39)",1,-0.08
201,6,"(6, 39)",1,-0.08
201,7,"(7, 39)",1,-0.08
201,8,"(8, 39)",1,-0.08
201,9,"(9, 39)",1,-0.08
201,10,"(10, 39)",0,-0.08
201,11,"(10, 38)",1,-0.08
201,12,"(11, 38)",0,-0.08
201,13,"(11, 37)",1,-0.08
201,14,"(12, 37)",1,-0.08
201,15,"(13, 37)",1,-0.08
201,16,"(14, 37)",1,-0.08
201,17,"(15, 37)",1,-0.08
201,18,"(16, 37)",0,-0.08
201,19,"(16, 36)",1,-0.08
201,20,"(17, 36)",0,-0.08
201,21,"(17, 35)",1,-0.08
201,22,"(18, 35)",1,-0.08
201,23,"(19, 35)",0,-0.08
201,24,"(19, 34)",0,-0.08
201,25,"(19, 33)",0,-0.08
201,26,"(19, 32)",0,-0.08
201,27,"(19, 31)",0,-0.08
201,28,"(19, 30)",0,-0.08
201,29,"(19, 29)",1,-0.08
201,30,"(20, 29)",0,-0.08
201,31,"(20, 28)",0,-0.08
201,32,"(20, 27)",1,-0.08
201,33,"(21, 27)",0,-0.08
201,34,"(21, 26)",1,-0.08
201,35,"(22, 26)",1,-0.08
201,36,"(23, 26)",1,-0.08
201,37,"(24, 26)",1,-0.08
201,38,"(25, 26)",0,-0.08
201,39,"(25, 25)",1,-0.08
201,40,"(26, 25)",1,-0.08
201,41,"(27, 25)",1,-0.08
201,42,"(28, 25)",1,-0.08
201,43,"(29, 25)",1,-0.08
201,44,"(30, 25)",1,-0.08
201,45,"(31, 25)",0,-0.08
201,46,"(31, 24)",0,-0.08
201,47,"(31, 23)",1,-0.08
201,48,"(32, 23)",1,-0.08
201,49,"(33, 23)",0,-0.08
201,50,"(33, 22)",0,-0.08
201,51,"(33, 21)",1,-0.08
201,52,"(34, 21)",1,-0.08
201,53,"(35, 21)",0,-0.08
201,54,"(35, 20)",0,-0.08
201,55,"(35, 19)",0,-0.08
201,56,"(35, 18)",0,-0.08
201,57,"(35, 17)",0,-0.08
201,58,"(35, 16)",0,-0.08
201,59,"(35, 15)",0,-0.08
201,60,"(35, 14)",0,-0.08
201,61,"(35, 13)",1,-0.08
201,62,"(36, 13)",1,-0.08
201,63,"(37, 13)",1,-0.08
201,64,"(38, 13)",1,-0.08
201,65,"(39, 13)",1,-0.08
201,66,"(40, 13)",1,-0.08
201,67,"(41, 13)",0,-0.08
201,68,"(41, 12)",0,-0.08
201,69,"(41, 11)",1,-0.08
201,70,"(42, 11)",1,-0.08
201,71,"(43, 11)",1,-0.08
201,72,"(44, 11)",1,-0.08
201,73,"(45, 11)",0,-0.08
201,74,"(45, 10)",0,-0.08
201,75,"(45, 9)",1,-0.08
201,76,"(46, 9)",0,-0.08
201,77,"(46, 8)",0,-0.08
201,78,"(46, 7)",0,-0.08
201,79,"(46, 6)",1,-0.08
201,80,"(47, 6)",1,-0.08
201,81,"(48, 6)",1,-0.08
201,82,"(49, 6)",0,-0.08
201,83,"(49, 5)",1,-0.08
201,84,"(50, 5)",1,-0.08
201,85,"(51, 5)",1,-0.08
201,86,"(52, 5)",1,-0.08
201,87,"(53, 5)",0,-0.08
201,88,"(53, 4)",0,-0.08
201,89,"(53, 3)",1,-0.08
201,90,"(54, 3)",1,-0.08
201,91,"(55, 3)",1,-0.08
201,92,"(56, 3)",0,-0.08
201,93,"(56, 2)",1,-0.08
201,94,"(57, 2)",1,-0.08
201,95,"(58, 2)",1,-0.08
201,96,"(59, 2)",0,-0.08
201,97,"(59, 1)",1,-0.08
201,98,"(60, 1)",1,-0.08
201,99,"(61, 1)",1,-0.08
201,100,"(62, 1)",1,-0.08
201,101,"(63, 1)",1,-0.08
201,102,"(64, 1)",1,-0.08
201,103,"(65, 1)",1,-0.08
201,104,"(66, 1)",1,-0.08
201,105,"(67, 1)",1,-0.08
201,106,"(68, 1)",1,-0.08
201,107,"(69, 1)",1,-0.08
201,108,"(70, 1)",1,-0.08
201,109,"(71, 1)",2,-0.08
201,110,"(71, 2)",2,-0.08
201,111,"(71, 3)",1,-0.08
201,112,"(72, 3)",1,-0.08
201,113,"(73, 3)",0,-0.08
201,114,"(73, 2)",0,-0.08
201,115,"(73, 1)",0,-0.08
201,116,"(73, 0)",1,-0.08
201,117,"(74, 0)",1,-0.08
201,118,"(75, 0)",1,-0.08
201,119,"(76, 0)",1,-0.08
201,120,"(77, 0)",1,-0.08
201,121,"(78, 0)",1,8.33
202,0,"(0, 39)",1,-0.08
202,1,"(1, 39)",1,-0.08
202,2,"(2, 39)",1,-0.08
202,3,"(3, 39)",1,-0.08
202,4,"(4, 39)",1,-0.08
202,5,"(5, 39)",1,-0.08
202,6,"(6, 39)",1,-0.08
202,7,"(7, 39)",1,-0.08
202,8,"(8, 39)",1,-0.08
202,9,"(9, 39)",1,-0.08
202,10,"(10, 39)",0,-0.08
202,11,"(10, 38)",1,-0.08
202,12,"(11, 38)",0,-0.08
202,13,"(11, 37)",1,-0.08
202,14,"(12, 37)",1,-0.08
202,15,"(13, 37)",1,-0.08
202,16,"(14, 37)",1,-0.08
202,17,"(15, 37)",1,-0.08
202,18,"(16, 37)",0,-0.08
202,19,"(16, 36)",1,-0.08
202,20,"(17, 36)",0,-0.08
202,21,"(17, 35)",1,-0.08
202,22,"(18, 35)",0,-0.08
202,23,"(18, 34)",0,-0.08
202,24,"(18, 33)",1,-0.08
202,25,"(19, 33)",0,-0.08
202,26,"(19, 32)",0,-0.08
202,27,"(19, 31)",0,-0.08
202,28,"(19, 30)",0,-0.08
202,29,"(19, 29)",1,-0.08
202,30,"(20, 29)",0,-0.08
202,31,"(20, 28)",0,-0.08
202,32,"(20, 27)",1,-0.08
202,33,"(21, 27)",0,-0.08
202,34,"(21, 26)",0,-0.08
202,35,"(21, 25)",1,-0.08
202,36,"(22, 25)",1,-0.08
202,37,"(23, 25)",1,-0.08
202,38,"(24, 25)",1,-0.08
202,39,"(25, 25)",1,-0.08
202,40,"(26, 25)",1,-0.08
202,41,"(27, 25)",1,-0.08
202,42,"(28, 25)",1,-0.08
202,43,"(29, 25)",1,-0.08
202,44,"(30, 25)",1,-0.08
202,45,"(31, 25)",0,-0.08
202,46,"(31, 24)",0,-0.08
202,47,"(31, 23)",1,-0.08
202,48,"(32, 23)",1,-0.08
202,49,"(33, 23)",0,-0.08
202,50,"(33, 22)",0,-0.08
202,51,"(33, 21)",1,-0.08
202,52,"(34, 21)",1,-0.08
202,53,"(35, 21)",1,-0.08
202,54,"(36, 21)",1,-0.08
202,55,"(37, 21)",1,-0.08
202,56,"(38, 21)",1,-0.08
202,57,"(39, 21)",1,-0.08
202,58,"(40, 21)",1,-0.08
202,59,"(41, 21)",1,-0.08
202,60,"(42, 21)",1,-0.08
202,61,"(43, 21)",0,-0.08
202,62,"(43, 20)",0,-0.08
202,63,"(43, 19)",1,-0.08
202,64,"(44, 19)",0,-0.08
202,65,"(44, 18)",0,-0.08
202,66,"(44, 17)",0,-0.08
202,67,"(44, 16)",0,-0.08
202,68,"(44, 15)",1,-0.08
202,69,"(45, 15)",0,-0.08
202,70,"(45, 14)",0,-0.08
202,71,"(45, 13)",0,-0.08
202,72,"(45, 12)",0,-0.08
202,73,"(45, 11)",0,-0.08
202,74,"(45, 10)",1,-0.08
202,75,"(46, 10)",0,-0.08
202,76,"(46, 9)",0,-0.08
202,77,"(46, 8)",0,-0.08
202,78,"(46, 7)",1,-0.08
202,79,"(47, 7)",0,-0.08
202,80,"(47, 6)",1,-0.08
202,81,"(48, 6)",1,-0.08
202,82,"(49, 6)",0,-0.08
202,83,"(49, 5)",1,-0.08
202,84,"(50, 5)",1,-0.08
202,85,"(51, 5)",1,-0.08
202,86,"(52, 5)",1,-0.08
202,87,"(53, 5)",0,-0.08
202,88,"(53, 4)",0,-0.08
202,89,"(53, 3)",1,-0.08
202,90,"(54, 3)",1,-0.08
202,91,"(55, 3)",1,-0.08
202,92,"(56, 3)",1,-0.08
202,93,"(57, 3)",0,-0.08
202,94,"(57, 2)",0,-0.08
202,95,"(57, 1)",1,-0.08
202,96,"(58, 1)",1,-0.08
202,97,"(59, 1)",1,-0.08
202,98,"(60, 1)",1,-0.08
202,99,"(61, 1)",1,-0.08
202,100,"(62, 1)",1,-0.08
202,101,"(63, 1)",1,-0.08
202,102,"(64, 1)",1,-0.08
202,103,"(65, 1)",1,-0.08
202,104,"(66, 1)",1,-0.08
202,105,"(67, 1)",1,-0.08
202,106,"(68, 1)",1,-0.08
202,107,"(69, 1)",1,-0.08
202,108,"(70, 1)",1,-0.08
202,109,"(71, 1)",2,-0.08
202,110,"(71, 2)",2,-0.08
202,111,"(71, 3)",1,-0.08
202,112,"(72, 3)",1,-0.08
202,113,"(73, 3)",1,-0.08
202,114,"(74, 3)",1,-0.08
202,115,"(75, 3)",1,-0.08
202,116,"(76, 3)",1,-0.08
202,117,"(77, 3)",0,-0.08
202,118,"(77, 2)",0,-0.08
202,119,"(77, 1)",1,-0.08
202,120,"(78, 1)",1,-0.08
202,121,"(79, 1)",0,8.33
203,0,"(0, 39)",1,-0.08
203,1,"(1, 39)",1,-0.08
203,2,"(2, 39)",1,-0.08
203,3,"(3, 39)",1,-0.08
203,4,"(4, 39)",1,-0.08
203,5,"(5, 39)",1,-0.08
203,6,"(6, 39)",1,-0.08
203,7,"(7, 39)",1,-0.08
203,8,"(8, 39)",1,-0.08
203,9,"(9, 39)",1,-0.08
203,10,"(10, 39)",1,-0.08
203,11,"(11, 39)",0,-0.08
203,12,"(11, 38)",0,-0.08
203,13,"(11, 37)",1,-0.08
203,14,"(12, 37)",1,-0.08
203,15,"(13, 37)",1,-0.08
203,16,"(14, 37)",1,-0.08
203,17,"(15, 37)",0,-0.08
203,18,"(15, 36)",0,-0.08
203,19,"(15, 35)",0,-0.08
203,20,"(15, 34)",0,-0.08
203,21,"(15, 33)",1,-0.08
203,22,"(16, 33)",1,-0.08
203,23,"(17, 33)",1,-0.08
203,24,"(18, 33)",1,-0.08
203,25,"(19, 33)",0,-0.08
203,26,"(19, 32)",0,-0.08
203,27,"(19, 31)",0,-0.08
203,28,"(19, 30)",0,-0.08
203,29,"(19, 29)",1,-0.08
203,30,"(20, 29)",0,-0.08
203,31,"(20, 28)",0,-0.08
203,32,"(20, 27)",1,-0.08
203,33,"(21, 27)",0,-0.08
203,34,"(21, 26)",1,-0.08
203,35,"(22, 26)",0,-0.08
203,36,"(22, 25)",0,-0.08
203,37,"(22, 24)",0,-0.08
203,38,"(22, 23)",1,-0.08
203,39,"(23, 23)",1,-0.08
203,40,"(24, 23)",1,-0.08
203,41,"(25, 23)",0,-0.08
203,42,"(25, 22)",0,-0.08
203,43,"(25, 21)",0,-0.08
203,44,"(25, 20)",0,-0.08
203,45,"(25, 19)",0,-0.08
203,46,"(25, 18)",1,-0.08
203,47,"(26, 18)",1,-0.08
203,48,"(27, 18)",0,-0.08
203,49,"(27, 17)",0,-0.08
203,50,"(27, 16)",1,-0.08
203,51,"(28, 16)",1,-0.08
203,52,"(29, 16)",0,-0.08
203,53,"(29, 15)",1,-0.08
203,54,"(30, 15)",1,-0.08
203,55,"(31, 15)",0,-0.08
203,56,"(31, 14)",0,-0.08
203,57,"(31, 13)",1,-0.08
203,58,"(32, 13)",1,-0.08
203,59,"(33, 13)",1,-0.08
203,60,"(34, 13)",1,-0.08
203,61,"(35, 13)",1,-0.08
203,62,"(36, 13)",1,-0.08
203,63,"(37, 13)",1,-0.08
203,64,"(38, 13)",1,-0.08
203,65,"(39, 13)",1,-0.08
203,66,"(40, 13)",1,-0.08
203,67,"(41, 13)",0,-0.08
203,68,"(41, 12)",0,-0.08
203,69,"(41, 11)",1,-0.08
203,70,"(42, 11)",1,-0.08
203,71,"(43, 11)",1,-0.08
203,72,"(44, 11)",1,-0.08
203,73,"(45, 11)",0,-0.08
203,74,"(45, 10)",0,-0.08
203,75,"(45, 9)",0,-0.08
203,76,"(45, 8)",0,-0.08
203,77,"(45, 7)",1,-0.08
203,78,"(46, 7)",1,-0.08
203,79,"(47, 7)",0,-0.08
203,80,"(47, 6)",1,-0.08
203,81,"(48, 6)",1,-0.08
203,82,"(49, 6)",0,-0.08
203,83,"(49, 5)",1,-0.08
203,84,"(50, 5)",1,-0.08
203,85,"(51, 5)",0,-0.08
203,86,"(51, 4)",0,-0.08
203,87,"(51, 3)",0,-0.08
203,88,"(51, 2)",1,-0.08
203,89,"(52, 2)",1,-0.08
203,90,"(53, 2)",0,-0.08
203,91,"(53, 1)",1,-0.08
203,92,"(54, 1)",1,-0.08
203,93,"(55, 1)",1,-0.08
203,94,"(56, 1)",1,-0.08
203,95,"(57, 1)",1,-0.08
203,96,"(58, 1)",1,-0.08
203,97,"(59, 1)",1,-0.08
203,98,"(60, 1)",1,-0.08
203,99,"(61, 1)",1,-0.08
203,100,"(62, 1)",1,-0.08
203,101,"(63, 1)",1,-0.08
203,102,"(64, 1)",1,-0.08
203,103,"(65, 1)",1,-0.08
203,104,"(66, 1)",1,-0.08
203,105,"(67, 1)",1,-0.08
203,106,"(68, 1)",1,-0.08
203,107,"(69, 1)",1,-0.08
203,108,"(70, 1)",1,-0.08
203,109,"(71, 1)",2,-0.08
203,110,"(71, 2)",2,-0.08
203,111,"(71, 3)",1,-0.08
203,112,"(72, 3)",1,-0.08
203,113,"(73, 3)",0,-0.08
203,114,"(73, 2)",0,-0.08
203,115,"(73, 1)",1,-0.08
203,116,"(74, 1)",1,-0.08
203,117,"(75, 1)",1,-0.08
203,118,"(76, 1)",1,-0.08
203,119,"(77, 1)",1,-0.08
203,120,"(78, 1)",1,-0.08
203,121,"(79, 1)",0,8.33
204,0,"(0, 39)",1,-0.08
204,1,"(1, 39)",1,-0.08
204,2,"(2, 39)",1,-0.08
204,3,"(3, 39)",1,-0.08
204,4,"(4, 39)",1,-0.08
204,5,"(5, 39)",1,-0.08
204,6,"(6, 39)",1,-0.08
204,7,"(7, 39)",1,-0.08
204,8,"(8, 39)",1,-0.08
204,9,"(9, 39)",1,-0.08
204,10,"(10, 39)",1,-0.08
204,11,"(11, 39)",1,-0.08
204,12,"(12, 39)",1,-0.08
204,13,"(13, 39)",1,-0.08
204,14,"(14, 39)",0,-0.08
204,15,"(14, 38)",0,-0.08
204,16,"(14, 37)",1,-0.08
204,17,"(15, 37)",0,-0.08
204,18,"(15, 36)",0,-0.08
204,19,"(15, 35)",0,-0.08
204,20,"(15, 34)",0,-0.08
204,21,"(15, 33)",1,-0.08
204,22,"(16, 33)",1,-0.08
204,23,"(17, 33)",1,-0.08
204,24,"(18, 33)",1,-0.08
204,25,"(19, 33)",0,-0.08
204,26,"(19, 32)",0,-0.08
204,27,"(19, 31)",0,-0.08
204,28,"(19, 30)",0,-0.08
204,29,"(19, 29)",1,-0.08
204,30,"(20, 29)",0,-0.08
204,31,"(20, 28)",0,-0.08
204,32,"(20, 27)",1,-0.08
204,33,"(21, 27)",0,-0.08
204,34,"(21, 26)",0,-0.08
204,35,"(21, 25)",1,-0.08
204,36,"(22, 25)",0,-0.08
204,37,"(22, 24)",0,-0.08
204,38,"(22, 23)",1,-0.08
204,39,"(23, 23)",1,-0.08
204,40,"(24, 23)",1,-0.08
204,41,"(25, 23)",0,-0.08
204,42,"(25, 22)",0,-0.08
204,43,"(25, 21)",1,-0.08
204,44,"(26, 21)",1,-0.08
204,45,"(27, 21)",0,-0.08
204,46,"(27, 20)",0,-0.08
204,47,"(27, 19)",1,-0.08
204,48,"(28, 19)",1,-0.08
204,49,"(29, 19)",1,-0.08
204,50,"(30, 19)",1,-0.08
204,51,"(31, 19)",0,-0.08
204,52,"(31, 18)",1,-0.08
204,53,"(32, 18)",0,-0.08
204,54,"(32, 17)",0,-0.08
204,55,"(32, 16)",0,-0.08
204,56,"(32, 15)",0,-0.08
204,57,"(32, 14)",0,-0.08
204,58,"(32, 13)",1,-0.08
204,59,"(33, 13)",1,-0.08
204,60,"(34, 13)",1,-0.08
204,61,"(35, 13)",1,-0.08
204,62,"(36, 13)",1,-0.08
204,63,"(37, 13)",1,-0.08
204,64,"(38, 13)",1,-0.08
204,65,"(39, 13)",0,-0.08
204,66,"(39, 12)",0,-0.08
204,67,"(39, 11)",1,-0.08
204,68,"(40, 11)",1,-0.08
204,69,"(41, 11)",1,-0.08
204,70,"(42, 11)",1,-0.08
204,71,"(43, 11)",1,-0.08
204,72,"(44, 11)",1,-0.08
204,73,"(45, 11)",0,-0.08
204,74,"(45, 10)",0,-0.08
204,75,"(45, 9)",1,-0.08
204,76,"(46, 9)",0,-0.08
204,77,"(46, 8)",0,-0.08
204,78,"(46, 7)",1,-0.08
204,79,"(47, 7)",0,-0.08
204,80,"(47, 6)",1,-0.08
204,81,"(48, 6)",1,-0.08
204,82,"(49, 6)",0,-0.08
204,83,"(49, 5)",1,-0.08
204,84,"(50, 5)",1,-0.08
204,85,"(51, 5)",1,-0.08
204,86,"(52, 5)",1,-0.08
204,87,"(53, 5)",0,-0.08
204,88,"(53, 4)",0,-0.08
204,89,"(53, 3)",0,-0.08
204,90,"(53, 2)",0,-0.08
204,91,"(53, 1)",1,-0.08
204,92,"(54, 1)",1,-0.08
204,93,"(55, 1)",1,-0.08
204,94,"(56, 1)",1,-0.08
204,95,"(57, 1)",1,-0.08
204,96,"(58, 1)",1,-0.08
204,97,"(59, 1)",1,-0.08
204,98,"(60, 1)",1,-0.08
204,99,"(61, 1)",1,-0.08
204,100,"(62, 1)",1,-0.08
204,101,"(63, 1)",1,-0.08
204,102,"(64, 1)",1,-0.08
204,103,"(65, 1)",1,-0.08
204,104,"(66, 1)",1,-0.08
204,105,"(67, 1)",1,-0.08
204,106,"(68, 1)",1,-0.08
204,107,"(69, 1)",1,-0.08
204,108,"(70, 1)",1,-0.08
204,109,"(71, 1)",2,-0.08
204,110,"(71, 2)",2,-0.08
204,111,"(71, 3)",1,-0.08
204,112,"(72, 3)",1,-0.08
204,113,"(73, 3)",0,-0.08
204,114,"(73, 2)",0,-0.08
204,115,"(73, 1)",0,-0.08
204,116,"(73, 0)",1,-0.08
204,117,"(74, 0)",1,-0.08
204,118,"(75, 0)",1,-0.08
204,119,"(76, 0)",1,-0.08
204,120,"(77, 0)",1,-0.08
204,121,"(78, 0)",1,8.33
205,0,"(0, 39)",1,-0.08
205,1,"(1, 39)",1,-0.08
205,2,"(2, 39)",1,-0.08
205,3,"(3, 39)",1,-0.08
205,4,"(4, 39)",1,-0.08
205,5,"(5, 39)",1,-0.08
205,6,"(6, 39)",1,-0.08
205,7,"(7, 39)",1,-0.08
205,8,"(8, 39)",1,-0.08
205,9,"(9, 39)",1,-0.08
205,10,"(10, 39)",1,-0.08
205,11,"(11, 39)",1,-0.08
205,12,"(12, 39)",1,-0.08
205,13,"(13, 39)",1,-0.08
205,14,"(14, 39)",0,-0.08
205,15,"(14, 38)",0,-0.08
205,16,"(14, 37)",1,-0.08
205,17,"(15, 37)",1,-0.08
205,18,"(16, 37)",0,-0.08
205,19,"(16, 36)",1,-0.08
205,20,"(17, 36)",0,-0.08
205,21,"(17, 35)",0,-0.08
205,22,"(17, 34)",1,-0.08
205,23,"(18, 34)",1,-0.08
205,24,"(19, 34)",0,-0.08
205,25,"(19, 33)",0,-0.08
205,26,"(19, 32)",0,-0.08
205,27,"(19, 31)",0,-0.08
205,28,"(19, 30)",0,-0.08
205,29,"(19, 29)",1,-0.08
205,30,"(20, 29)",0,-0.08
205,31,"(20, 28)",0,-0.08
205,32,"(20, 27)",1,-0.08
205,33,"(21, 27)",0,-0.08
205,34,"(21, 26)",1,-0.08
205,35,"(22, 26)",0,-0.08
205,36,"(22, 25)",0,-0.08
205,37,"(22, 24)",0,-0.08
205,38,"(22, 23)",1,-0.08
205,39,"(23, 23)",1,-0.08
205,40,"(24, 23)",1,-0.08
205,41,"(25, 23)",0,-0.08
205,42,"(25, 22)",0,-0.08
205,43,"(25, 21)",1,-0.08
205,44,"(26, 21)",1,-0.08
205,45,"(27, 21)",0,-0.08
205,46,"(27, 20)",1,-0.08
205,47,"(28, 20)",0,-0.08
205,48,"(28, 19)",1,-0.08
205,49,"(29, 19)",1,-0.08
205,50,"(30, 19)",1,-0.08
205,51,"(31, 19)",0,-0.08
205,52,"(31, 18)",1,-0.08
205,53,"(32, 18)",0,-0.08
205,54,"(32, 17)",1,-0.08
205,55,"(33, 17)",1,-0.08
205,56,"(34, 17)",1,-0.08
205,57,"(35, 17)",0,-0.08
205,58,"(35, 16)",0,-0.08
205,59,"(35, 15)",0,-0.08
205,60,"(35, 14)",0,-0.08
205,61,"(35, 13)",1,-0.08
205,62,"(36, 13)",1,-0.08
205,63,"(37, 13)",1,-0.08
205,64,"(38, 13)",1,-0.08
205,65,"(39, 13)",1,-0.08
205,66,"(40, 13)",1,-0.08
205,67,"(41, 13)",1,-0.08
205,68,"(42, 13)",1,-0.08
205,69,"(43, 13)",0,-0.08
205,70,"(43, 12)",0,-0.08
205,71,"(43, 11)",1,-0.08
205,72,"(44, 11)",1,-0.08
205,73,"(45, 11)",0,-0.08
205,74,"(45, 10)",1,-0.08
205,75,"(46, 10)",0,-0.08
205,76,"(46, 9)",0,-0.08
205,77,"(46, 8)",0,-0.08
205,78,"(46, 7)",0,-0.08
205,79,"(46, 6)",1,-0.08
205,80,"(47, 6)",1,-0.08
205,81,"(48, 6)",1,-0.08
205,82,"(49, 6)",0,-0.08
205,83,"(49, 5)",1,-0.08
205,84,"(50, 5)",1,-0.08
205,85,"(51, 5)",0,-0.08
205,86,"(51, 4)",0,-0.08
205,87,"(51, 3)",0,-0.08
205,88,"(51, 2)",1,-0.08
205,89,"(52, 2)",1,-0.08
205,90,"(53, 2)",0,-0.08
205,91,"(53, 1)",1,-0.08
205,92,"(54, 1)",1,-0.08
205,93,"(55, 1)",1,-0.08
205,94,"(56, 1)",1,-0.08
205,95,"(57, 1)",1,-0.08
205,96,"(58, 1)",1,-0.08
205,97,"(59, 1)",1,-0.08
205,98,"(60, 1)",1,-0.08
205,99,"(61, 1)",1,-0.08
205,100,"(62, 1)",1,-0.08
205,101,"(63, 1)",1,-0.08
205,102,"(64, 1)",1,-0.08
205,103,"(65, 1)",1,-0.08
205,104,"(66, 1)",1,-0.08
205,105,"(67, 1)",1,-0.08
205,106,"(68, 1)",1,-0.08
205,107,"(69, 1)",1,-0.08
205,108,"(70, 1)",1,-0.08
205,109,"(71, 1)",2,-0.08
205,110,"(71, 2)",2,-0.08
205,111,"(71, 3)",1,-0.08
205,112,"(72, 3)",1,-0.08
205,113,"(73, 3)",1,-0.08
205,114,"(74, 3)",1,-0.08
205,115,"(75, 3)",1,-0.08
205,116,"(76, 3)",1,-0.08
205,117,"(77, 3)",0,-0.08
205,118,"(77, 2)",0,-0.08
205,119,"(77, 1)",0,-0.08
205,120,"(77, 0)",1,-0.08
205,121,"(78, 0)",1,8.33
206,0,"(0, 39)",1,-0.08
206,1,"(1, 39)",1,-0.08
206,2,"(2, 39)",1,-0.08
206,3,"(3, 39)",1,-0.08
206,4,"(4, 39)",1,-0.08
206,5,"(5, 39)",1,-0.08
206,6,"(6, 39)",1,-0.08
206,7,"(7, 39)",1,-0.08
206,8,"(8, 39)",1,-0.08
206,9,"(9, 39)",1,-0.08
206,10,"(10, 39)",1,-0.08
206,11,"(11, 39)",1,-0.08
206,12,"(12, 39)",1,-0.08
206,13,"(13, 39)",1,-0.08
206,14,"(14, 39)",0,-0.08
206,15,"(14, 38)",0,-0.08
206,16,"(14, 37)",1,-0.08
206,17,"(15, 37)",1,-0.08
206,18,"(16, 37)",0,-0.08
206,19,"(16, 36)",1,-0.08
206,20,"(17, 36)",0,-0.08
206,21,"(17, 35)",0,-0.08
206,22,"(17, 34)",1,-0.08
206,23,"(18, 34)",0,-0.08
206,24,"(18, 33)",1,-0.08
206,25,"(19, 33)",0,-0.08
206,26,"(19, 32)",0,-0.08
206,27,"(19, 31)",0,-0.08
206,28,"(19, 30)",0,-0.08
206,29,"(19, 29)",1,-0.08
206,30,"(20, 29)",0,-0.08
206,31,"(20, 28)",0,-0.08
206,32,"(20, 27)",1,-0.08
206,33,"(21, 27)",0,-0.08
206,34,"(21, 26)",0,-0.08
206,35,"(21, 25)",1,-0.08
206,36,"(22, 25)",1,-0.08
206,37,"(23, 25)",1,-0.08
206,38,"(24, 25)",1,-0.08
206,39,"(25, 25)",0,-0.08
206,40,"(25, 24)",0,-0.08
206,41,"(25, 23)",0,-0.08
206,42,"(25, 22)",0,-0.08
206,43,"(25, 21)",0,-0.08
206,44,"(25, 20)",0,-0.08
206,45,"(25, 19)",1,-0.08
206,46,"(26, 19)",0,-0.08
206,47,"(26, 18)",1,-0.08
206,48,"(27, 18)",0,-0.08
206,49,"(27, 17)",1,-0.08
206,50,"(28, 17)",0,-0.08
206,51,"(28, 16)",1,-0.08
206,52,"(29, 16)",0,-0.08
206,53,"(29, 15)",1,-0.08
206,54,"(30, 15)",1,-0.08
206,55,"(31, 15)",0,-0.08
206,56,"(31, 14)",0,-0.08
206,57,"(31, 13)",1,-0.08
206,58,"(32, 13)",1,-0.08
206,59,"(33, 13)",1,-0.08
206,60,"(34, 13)",1,-0.08
206,61,"(35, 13)",1,-0.08
206,62,"(36, 13)",1,-0.08
206,63,"(37, 13)",1,-0.08
206,64,"(38, 13)",1,-0.08
206,65,"(39, 13)",0,-0.08
206,66,"(39, 12)",0,-0.08
206,67,"(39, 11)",1,-0.08
206,68,"(40, 11)",1,-0.08
206,69,"(41, 11)",1,-0.08
206,70,"(42, 11)",1,-0.08
206,71,"(43, 11)",1,-0.08
206,72,"(44, 11)",1,-0.08
206,73,"(45, 11)",0,-0.08
206,74,"(45, 10)",0,-0.08
206,75,"(45, 9)",0,-0.08
206,76,"(45, 8)",0,-0.08
206,77,"(45, 7)",1,-0.08
206,78,"(46, 7)",1,-0.08
206,79,"(47, 7)",0,-0.08
206,80,"(47, 6)",1,-0.08
206,81,"(48, 6)",1,-0.08
206,82,"(49, 6)",0,-0.08
206,83,"(49, 5)",1,-0.08
206,84,"(50, 5)",1,-0.08
206,85,"(51, 5)",1,-0.08
206,86,"(52, 5)",1,-0.08
206,87,"(53, 5)",0,-0.08
206,88,"(53, 4)",0,-0.08
206,89,"(53, 3)",0,-0.08
206,90,"(53, 2)",0,-0.08
206,91,"(53, 1)",1,-0.08
206,92,"(54, 1)",1,-0.08
206,93,"(55, 1)",1,-0.08
206,94,"(56, 1)",1,-0.08
206,95,"(57, 1)",1,-0.08
206,96,"(58, 1)",1,-0.08
206,97,"(59, 1)",1,-0.08
206,98,"(60, 1)",1,-0.08
206,99,"(61, 1)",1,-0.08
206,100,"(62, 1)",1,-0.08
206,101,"(63, 1)",1,-0.08
206,102,"(64, 1)",1,-0.08
206,103,"(65, 1)",1,-0.08
206,104,"(66, 1)",1,-0.08
206,105,"(67, 1)",1,-0.08
206,106,"(68, 1)",1,-0.08
206,107,"(69, 1)",1,-0.08
206,108,"(70, 1)",1,-0.08
206,109,"(71, 1)",2,-0.08
206,110,"(71, 2)",2,-0.08
206,111,"(71, 3)",1,-0.08
206,112,"(72, 3)",1,-0.08
206,113,"(73, 3)",1,-0.08
206,114,"(74, 3)",1,-0.08
206,115,"(75, 3)",1,-0.08
206,116,"(76, 3)",1,-0.08
206,117,"(77, 3)",0,-0.08
206,118,"(77, 2)",0,-0.08
206,119,"(77, 1)",1,-0.08
206,120,"(78, 1)",0,-0.08
206,121,"(78, 0)",1,8.33
207,0,"(0, 39)",1,-0.08
207,1,"(1, 39)",1,-0.08
207,2,"(2, 39)",1,-0.08
207,3,"(3, 39)",1,-0.08
207,4,"(4, 39)",1,-0.08
207,5,"(5, 39)",1,-0.08
207,6,"(6, 39)",1,-0.08
207,7,"(7, 39)",1,-0.08
207,8,"(8, 39)",1,-0.08
207,9,"(9, 39)",1,-0.08
207,10,"(10, 39)",0,-0.08
207,11,"(10, 38)",0,-0.08
207,12,"(10, 37)",1,-0.08
207,13,"(11, 37)",1,-0.08
207,14,"(12, 37)",1,-0.08
207,15,"(13, 37)",1,-0.08
207,16,"(14, 37)",1,-0.08
207,17,"(15, 37)",0,-0.08
207,18,"(15, 36)",1,-0.08
207,19,"(16, 36)",1,-0.08
207,20,"(17, 36)",0,-0.08
207,21,"(17, 35)",0,-0.08
207,22,"(17, 34)",0,-0.08
207,23,"(17, 33)",1,-0.08
207,24,"(18, 33)",1,-0.08
207,25,"(19, 33)",0,-0.08
207,26,"(19, 32)",0,-0.08
207,27,"(19, 31)",0,-0.08
207,28,"(19, 30)",0,-0.08
207,29,"(19, 29)",1,-0.08
207,30,"(20, 29)",0,-0.08
207,31,"(20, 28)",0,-0.08
207,32,"(20, 27)",1,-0.08
207,33,"(21, 27)",0,-0.08
207,34,"(21, 26)",1,-0.08
207,35,"(22, 26)",0,-0.08
207,36,"(22, 25)",1,-0.08
207,37,"(23, 25)",1,-0.08
207,38,"(24, 25)",1,-0.08
207,39,"(25, 25)",0,-0.08
207,40,"(25, 24)",0,-0.08
207,41,"(25, 23)",0,-0.08
207,42,"(25, 22)",0,-0.08
207,43,"(25, 21)",1,-0.08
207,44,"(26, 21)",1,-0.08
207,45,"(27, 21)",0,-0.08
207,46,"(27, 20)",1,-0.08
207,47,"(28, 20)",0,-0.08
207,48,"(28, 19)",1,-0.08
207,49,"(29, 19)",1,-0.08
207,50,"(30, 19)",1,-0.08
207,51,"(31, 19)",1,-0.08
207,52,"(32, 19)",1,-0.08
207,53,"(33, 19)",1,-0.08
207,54,"(34, 19)",1,-0.08
207,55,"(35, 19)",1,-0.08
207,56,"(36, 19)",1,-0.08
207,57,"(37, 19)",0,-0.08
207,58,"(37, 18)",0,-0.08
207,59,"(37, 17)",0,-0.08
207,60,"(37, 16)",0,-0.08
207,61,"(37, 15)",1,-0.08
207,62,"(38, 15)",0,-0.08
207,63,"(38, 14)",0,-0.08
207,64,"(38, 13)",1,-0.08
207,65,"(39, 13)",0,-0.08
207,66,"(39, 12)",0,-0.08
207,67,"(39, 11)",1,-0.08
207,68,"(40, 11)",1,-0.08
207,69,"(41, 11)",1,-0.08
207,70,"(42, 11)",1,-0.08
207,71,"(43, 11)",1,-0.08
207,72,"(44, 11)",1,-0.08
207,73,"(45, 11)",0,-0.08
207,74,"(45, 10)",0,-0.08
207,75,"(45, 9)",1,-0.08
207,76,"(46, 9)",0,-0.08
207,77,"(46, 8)",0,-0.08
207,78,"(46, 7)",1,-0.08
207,79,"(47, 7)",0,-0.08
207,80,"(47, 6)",1,-0.08
207,81,"(48, 6)",1,-0.08
207,82,"(49, 6)",0,-0.08
207,83,"(49, 5)",1,-0.08
207,84,"(50, 5)",1,-0.08
207,85,"(51, 5)",0,-0.08
207,86,"(51, 4)",0,-0.08
207,87,"(51, 3)",0,-0.08
207,88,"(51, 2)",1,-0.08
207,89,"(52, 2)",1,-0.08
207,90,"(53, 2)",0,-0.08
207,91,"(53, 1)",1,-0.08
207,92,"(54, 1)",1,-0.08
207,93,"(55, 1)",1,-0.08
207,94,"(56, 1)",1,-0.08
207,95,"(57, 1)",1,-0.08
207,96,"(58, 1)",1,-0.08
207,97,"(59, 1)",1,-0.08
207,98,"(60, 1)",1,-0.08
207,99,"(61, 1)",1,-0.08
207,100,"(62, 1)",1,-0.08
207,101,"(63, 1)",1,-0.08
207,102,"(64, 1)",1,-0.08
207,103,"(65, 1)",1,-0.08
207,104,"(66, 1)",1,-0.08
207,105,"(67, 1)",1,-0.08
207,106,"(68, 1)",1,-0.08
207,107,"(69, 1)",1,-0.08
207,108,"(70, 1)",1,-0.08
207,109,"(71, 1)",2,-0.08
207,110,"(71, 2)",2,-0.08
207,111,"(71, 3)",1,-0.08
207,112,"(72, 3)",1,-0.08
207,113,"(73, 3)",0,-0.08
207,114,"(73, 2)",0,-0.08
207,115,"(73, 1)",0,-0.08
207,116,"(73, 0)",1,-0.08
207,117,"(74, 0)",1,-0.08
207,118,"(75, 0)",1,-0.08
207,119,"(76, 0)",1,-0.08
207,120,"(77, 0)",1,-0.08
207,121,"(78, 0)",1,8.33
208,0,"(0, 39)",1,-0.08
208,1,"(1, 39)",1,-0.08
208,2,"(2, 39)",1,-0.08
208,3,"(3, 39)",1,-0.08
208,4,"(4, 39)",1,-0.08
208,5,"(5, 39)",1,-0.08
208,6,"(6, 39)",1,-0.08
208,7,"(7, 39)",1,-0.08
208,8,"(8, 39)",1,-0.08
208,9,"(9, 39)",1,-0.08
208,10,"(10, 39)",1,-0.08
208,11,"(11, 39)",0,-0.08
208,12,"(11, 38)",0,-0.08
208,13,"(11, 37)",1,-0.08
208,14,"(12, 37)",1,-0.08
208,15,"(13, 37)",1,-0.08
208,16,"(14, 37)",1,-0.08
208,17,"(15, 37)",1,-0.08
208,18,"(16, 37)",0,-0.08
208,19,"(16, 36)",1,-0.08
208,20,"(17, 36)",0,-0.08
208,21,"(17, 35)",0,-0.08
208,22,"(17, 34)",1,-0.08
208,23,"(18, 34)",0,-0.08
208,24,"(18, 33)",1,-0.08
208,25,"(19, 33)",0,-0.08
208,26,"(19, 32)",0,-0.08
208,27,"(19, 31)",0,-0.08
208,28,"(19, 30)",0,-0.08
208,29,"(19, 29)",1,-0.08
208,30,"(20, 29)",0,-0.08
208,31,"(20, 28)",0,-0.08
208,32,"(20, 27)",1,-0.08
208,33,"(21, 27)",0,-0.08
208,34,"(21, 26)",1,-0.08
208,35,"(22, 26)",0,-0.08
208,36,"(22, 25)",0,-0.08
208,37,"(22, 24)",0,-0.08
208,38,"(22, 23)",1,-0.08
208,39,"(23, 23)",1,-0.08
208,40,"(24, 23)",1,-0.08
208,41,"(25, 23)",0,-0.08
208,42,"(25, 22)",0,-0.08
208,43,"(25, 21)",0,-0.08
208,44,"(25, 20)",0,-0.08
208,45,"(25, 19)",0,-0.08
208,46,"(25, 18)",1,-0.08
208,47,"(26, 18)",1,-0.08
208,48,"(27, 18)",0,-0.08
208,49,"(27, 17)",0,-0.08
208,50,"(27, 16)",1,-0.08
208,51,"(28, 16)",1,-0.08
208,52,"(29, 16)",0,-0.08
208,53,"(29, 15)",1,-0.08
208,54,"(30, 15)",1,-0.08
208,55,"(31, 15)",1,-0.08
208,56,"(32, 15)",0,-0.08
208,57,"(32, 14)",0,-0.08
208,58,"(32, 13)",1,-0.08
208,59,"(33, 13)",1,-0.08
208,60,"(34, 13)",1,-0.08
208,61,"(35, 13)",1,-0.08
208,62,"(36, 13)",1,-0.08
208,63,"(37, 13)",1,-0.08
208,64,"(38, 13)",1,-0.08
208,65,"(39, 13)",0,-0.08
208,66,"(39, 12)",0,-0.08
208,67,"(39, 11)",1,-0.08
208,68,"(40, 11)",1,-0.08
208,69,"(41, 11)",1,-0.08
208,70,"(42, 11)",1,-0.08
208,71,"(43, 11)",1,-0.08
208,72,"(44, 11)",1,-0.08
208,73,"(45, 11)",0,-0.08
208,74,"(45, 10)",0,-0.08
208,75,"(45, 9)",0,-0.08
208,76,"(45, 8)",0,-0.08
208,77,"(45, 7)",1,-0.08
208,78,"(46, 7)",0,-0.08
208,79,"(46, 6)",1,-0.08
208,80,"(47, 6)",1,-0.08
208,81,"(48, 6)",1,-0.08
208,82,"(49, 6)",0,-0.08
208,83,"(49, 5)",1,-0.08
208,84,"(50, 5)",1,-0.08
208,85,"(51, 5)",0,-0.08
208,86,"(51, 4)",0,-0.08
208,87,"(51, 3)",0,-0.08
208,88,"(51, 2)",1,-0.08
208,89,"(52, 2)",1,-0.08
208,90,"(53, 2)",0,-0.08
208,91,"(53, 1)",1,-0.08
208,92,"(54, 1)",1,-0.08
208,93,"(55, 1)",1,-0.08
208,94,"(56, 1)",1,-0.08
208,95,"(57, 1)",1,-0.08
208,96,"(58, 1)",1,-0.08
208,97,"(59, 1)",1,-0.08
208,98,"(60, 1)",1,-0.08
208,99,"(61, 1)",1,-0.08
208,100,"(62, 1)",1,-0.08
208,101,"(63, 1)",1,-0.08
208,102,"(64, 1)",1,-0.08
208,103,"(65, 1)",1,-0.08
208,104,"(66, 1)",1,-0.08
208,105,"(67, 1)",1,-0.08
208,106,"(68, 1)",1,-0.08
208,107,"(69, 1)",1,-0.08
208,108,"(70, 1)",1,-0.08
208,109,"(71, 1)",2,-0.08
208,110,"(71, 2)",2,-0.08
208,111,"(71, 3)",1,-0.08
208,112,"(72, 3)",1,-0.08
208,113,"(73, 3)",1,-0.08
208,114,"(74, 3)",1,-0.08
208,115,"(75, 3)",1,-0.08
208,116,"(76, 3)",1,-0.08
208,117,"(77, 3)",0,-0.08
208,118,"(77, 2)",0,-0.08
208,119,"(77, 1)",1,-0.08
208,120,"(78, 1)",1,-0.08
208,121,"(79, 1)",0,8.33
209,0,"(0, 39)",1,-0.08
209,1,"(1, 39)",1,-0.08
209,2,"(2, 39)",1,-0.08
209,3,"(3, 39)",1,-0.08
209,4,"(4, 39)",1,-0.08
209,5,"(5, 39)",1,-0.08
209,6,"(6, 39)",1,-0.08
209,7,"(7, 39)",1,-0.08
209,8,"(8, 39)",1,-0.08
209,9,"(9, 39)",1,-0.08
209,10,"(10, 39)",1,-0.08
209,11,"(11, 39)",1,-0.08
209,12,"(12, 39)",1,-0.08
209,13,"(13, 39)",1,-0.08
209,14,"(14, 39)",0,-0.08
209,15,"(14, 38)",0,-0.08
209,16,"(14, 37)",1,-0.08
209,17,"(15, 37)",1,-0.08
209,18,"(16, 37)",0,-0.08
209,19,"(16, 36)",1,-0.08
209,20,"(17, 36)",0,-0.08
209,21,"(17, 35)",1,-0.08
209,22,"(18, 35)",0,-0.08
209,23,"(18, 34)",1,-0.08
209,24,"(19, 34)",0,-0.08
209,25,"(19, 33)",0,-0.08
209,26,"(19, 32)",0,-0.08
209,27,"(19, 31)",0,-0.08
209,28,"(19, 30)",0,-0.08
209,29,"(19, 29)",1,-0.08
209,30,"(20, 29)",0,-0.08
209,31,"(20, 28)",0,-0.08
209,32,"(20, 27)",1,-0.08
209,33,"(21, 27)",0,-0.08
209,34,"(21, 26)",0,-0.08
209,35,"(21, 25)",1,-0.08
209,36,"(22, 25)",1,-0.08
209,37,"(23, 25)",1,-0.08
209,38,"(24, 25)",1,-0.08
209,39,"(25, 25)",0,-0.08
209,40,"(25, 24)",0,-0.08
209,41,"(25, 23)",0,-0.08
209,42,"(25, 22)",0,-0.08
209,43,"(25, 21)",1,-0.08
209,44,"(26, 21)",1,-0.08
209,45,"(27, 21)",0,-0.08
209,46,"(27, 20)",1,-0.08
209,47,"(28, 20)",0,-0.08
209,48,"(28, 19)",1,-0.08
209,49,"(29, 19)",1,-0.08
209,50,"(30, 19)",1,-0.08
209,51,"(31, 19)",1,-0.08
209,52,"(32, 19)",1,-0.08
209,53,"(33, 19)",1,-0.08
209,54,"(34, 19)",1,-0.08
209,55,"(35, 19)",0,-0.08
209,56,"(35, 18)",0,-0.08
209,57,"(35, 17)",0,-0.08
209,58,"(35, 16)",0,-0.08
209,59,"(35, 15)",0,-0.08
209,60,"(35, 14)",0,-0.08
209,61,"(35, 13)",1,-0.08
209,62,"(36, 13)",1,-0.08
209,63,"(37, 13)",1,-0.08
209,64,"(38, 13)",1,-0.08
209,65,"(39, 13)",1,-0.08
209,66,"(40, 13)",1,-0.08
209,67,"(41, 13)",1,-0.08
209,68,"(42, 13)",1,-0.08
209,69,"(43, 13)",1,-0.08
209,70,"(44, 13)",1,-0.08
209,71,"(45, 13)",0,-0.08
209,72,"(45, 12)",0,-0.08
209,73,"(45, 11)",0,-0.08
209,74,"(45, 10)",0,-0.08
209,75,"(45, 9)",1,-0.08
209,76,"(46, 9)",0,-0.08
209,77,"(46, 8)",0,-0.08
209,78,"(46, 7)",0,-0.08
209,79,"(46, 6)",1,-0.08
209,80,"(47, 6)",1,-0.08
209,81,"(48, 6)",1,-0.08
209,82,"(49, 6)",0,-0.08
209,83,"(49, 5)",1,-0.08
209,84,"(50, 5)",1,-0.08
209,85,"(51, 5)",0,-0.08
209,86,"(51, 4)",0,-0.08
209,87,"(51, 3)",0,-0.08
209,88,"(51, 2)",0,-0.08
209,89,"(51, 1)",1,-0.08
209,90,"(52, 1)",1,-0.08
209,91,"(53, 1)",1,-0.08
209,92,"(54, 1)",1,-0.08
209,93,"(55, 1)",1,-0.08
209,94,"(56, 1)",1,-0.08
209,95,"(57, 1)",1,-0.08
209,96,"(58, 1)",1,-0.08
209,97,"(59, 1)",1,-0.08
209,98,"(60, 1)",1,-0.08
209,99,"(61, 1)",1,-0.08
209,100,"(62, 1)",1,-0.08
209,101,"(63, 1)",1,-0.08
209,102,"(64, 1)",1,-0.08
209,103,"(65, 1)",1,-0.08
209,104,"(66, 1)",1,-0.08
209,105,"(67, 1)",1,-0.08
209,106,"(68, 1)",1,-0.08
209,107,"(69, 1)",1,-0.08
209,108,"(70, 1)",1,-0.08
209,109,"(71, 1)",2,-0.08
209,110,"(71, 2)",2,-0.08
209,111,"(71, 3)",1,-0.08
209,112,"(72, 3)",1,-0.08
209,113,"(73, 3)",0,-0.08
209,114,"(73, 2)",0,-0.08
209,115,"(73, 1)",1,-0.08
209,116,"(74, 1)",0,-0.08
209,117,"(74, 0)",1,-0.08
209,118,"(75, 0)",1,-0.08
209,119,"(76, 0)",1,-0.08
209,120,"(77, 0)",1,-0.08
209,121,"(78, 0)",1,8.33
210,0,"(0, 39)",1,-0.08
210,1,"(1, 39)",1,-0.08
210,2,"(2, 39)",1,-0.08
210,3,"(3, 39)",1,-0.08
210,4,"(4, 39)",1,-0.08
210,5,"(5, 39)",1,-0.08
210,6,"(6, 39)",1,-0.08
210,7,"(7, 39)",1,-0.08
210,8,"(8, 39)",1,-0.08
210,9,"(9, 39)",1,-0.08
210,10,"(10, 39)",0,-0.08
210,11,"(10, 38)",0,-0.08
210,12,"(10, 37)",1,-0.08
210,13,"(11, 37)",1,-0.08
210,14,"(12, 37)",1,-0.08
210,15,"(13, 37)",1,-0.08
210,16,"(14, 37)",1,-0.08
210,17,"(15, 37)",1,-0.08
210,18,"(16, 37)",0,-0.08
210,19,"(16, 36)",1,-0.08
210,20,"(17, 36)",0,-0.08
210,21,"(17, 35)",0,-0.08
210,22,"(17, 34)",1,-0.08
210,23,"(18, 34)",1,-0.08
210,24,"(19, 34)",0,-0.08
210,25,"(19, 33)",0,-0.08
210,26,"(19, 32)",0,-0.08
210,27,"(19, 31)",0,-0.08
210,28,"(19, 30)",0,-0.08
210,29,"(19, 29)",1,-0.08
210,30,"(20, 29)",0,-0.08
210,31,"(20, 28)",0,-0.08
210,32,"(20, 27)",1,-0.08
210,33,"(21, 27)",0,-0.08
210,34,"(21, 26)",1,-0.08
210,35,"(22, 26)",1,-0.08
210,36,"(23, 26)",0,-0.08
210,37,"(23, 25)",1,-0.08
210,38,"(24, 25)",1,-0.08
210,39,"(25, 25)",0,-0.08
210,40,"(25, 24)",0,-0.08
210,41,"(25, 23)",0,-0.08
210,42,"(25, 22)",0,-0.08
210,43,"(25, 21)",0,-0.08
210,44,"(25, 20)",0,-0.08
210,45,"(25, 19)",1,-0.08
210,46,"(26, 19)",0,-0.08
210,47,"(26, 18)",1,-0.08
210,48,"(27, 18)",0,-0.08
210,49,"(27, 17)",1,-0.08
210,50,"(28, 17)",1,-0.08
210,51,"(29, 17)",1,-0.08
210,52,"(30, 17)",1,-0.08
210,53,"(31, 17)",1,-0.08
210,54,"(32, 17)",0,-0.08
210,55,"(32, 16)",0,-0.08
210,56,"(32, 15)",0,-0.08
210,57,"(32, 14)",0,-0.08
210,58,"(32, 13)",1,-0.08
210,59,"(33, 13)",1,-0.08
210,60,"(34, 13)",1,-0.08
210,61,"(35, 13)",1,-0.08
210,62,"(36, 13)",1,-0.08
210,63,"(37, 13)",1,-0.08
210,64,"(38, 13)",1,-0.08
210,65,"(39, 13)",0,-0.08
210,66,"(39, 12)",0,-0.08
210,67,"(39, 11)",1,-0.08
210,68,"(40, 11)",1,-0.08
210,69,"(41, 11)",1,-0.08
210,70,"(42, 11)",1,-0.08
210,71,"(43, 11)",1,-0.08
210,72,"(44, 11)",1,-0.08
210,73,"(45, 11)",0,-0.08
210,74,"(45, 10)",1,-0.08
210,75,"(46, 10)",0,-0.08
210,76,"(46, 9)",0,-0.08
210,77,"(46, 8)",0,-0.08
210,78,"(46, 7)",0,-0.08
210,79,"(46, 6)",1,-0.08
210,80,"(47, 6)",1,-0.08
210,81,"(48, 6)",1,-0.08
210,82,"(49, 6)",0,-0.08
210,83,"(49, 5)",1,-0.08
210,84,"(50, 5)",1,-0.08
210,85,"(51, 5)",0,-0.08
210,86,"(51, 4)",0,-0.08
210,87,"(51, 3)",0,-0.08
210,88,"(51, 2)",1,-0.08
210,89,"(52, 2)",0,-0.08
210,90,"(52, 1)",1,-0.08
210,91,"(53, 1)",1,-0.08
210,92,"(54, 1)",1,-0.08
210,93,"(55, 1)",1,-0.08
210,94,"(56, 1)",1,-0.08
210,95,"(57, 1)",1,-0.08
210,96,"(58, 1)",1,-0.08
210,97,"(59, 1)",1,-0.08
210,98,"(60, 1)",1,-0.08
210,99,"(61, 1)",1,-0.08
210,100,"(62, 1)",1,-0.08
210,101,"(63, 1)",1,-0.08
210,102,"(64, 1)",1,-0.08
210,103,"(65, 1)",1,-0.08
210,104,"(66, 1)",1,-0.08
210,105,"(67, 1)",1,-0.08
210,106,"(68, 1)",1,-0.08
210,107,"(69, 1)",1,-0.08
210,108,"(70, 1)",1,-0.08
210,109,"(71, 1)",2,-0.08
210,110,"(71, 2)",2,-0.08
210,111,"(71, 3)",1,-0.08
210,112,"(72, 3)",1,-0.08
210,113,"(73, 3)",1,-0.08
210,114,"(74, 3)",1,-0.08
210,115,"(75, 3)",1,-0.08
210,116,"(76, 3)",1,-0.08
210,117,"(77, 3)",0,-0.08
210,118,"(77, 2)",0,-0.08
210,119,"(77, 1)",0,-0.08
210,120,"(77, 0)",1,-0.08
210,121,"(78, 0)",1,8.33
211,0,"(0, 39)",1,-0.08
211,1,"(1, 39)",1,-0.08
211,2,"(2, 39)",1,-0.08
211,3,"(3, 39)",1,-0.08
211,4,"(4, 39)",1,-0.08
211,5,"(5, 39)",1,-0.08
211,6,"(6, 39)",1,-0.08
211,7,"(7, 39)",1,-0.08
211,8,"(8, 39)",1,-0.08
211,9,"(9, 39)",1,-0.08
211,10,"(10, 39)",1,-0.08
211,11,"(11, 39)",1,-0.08
211,12,"(12, 39)",1,-0.08
211,13,"(13, 39)",1,-0.08
211,14,"(14, 39)",0,-0.08
211,15,"(14, 38)",0,-0.08
211,16,"(14, 37)",1,-0.08
211,17,"(15, 37)",0,-0.08
211,18,"(15, 36)",0,-0.08
211,19,"(15, 35)",0,-0.08
211,20,"(15, 34)",0,-0.08
211,21,"(15, 33)",1,-0.08
211,22,"(16, 33)",1,-0.08
211,23,"(17, 33)",1,-0.08
211,24,"(18, 33)",1,-0.08
211,25,"(19, 33)",0,-0.08
211,26,"(19, 32)",0,-0.08
211,27,"(19, 31)",0,-0.08
211,28,"(19, 30)",0,-0.08
211,29,"(19, 29)",1,-0.08
211,30,"(20, 29)",0,-0.08
211,31,"(20, 28)",0,-0.08
211,32,"(20, 27)",1,-0.08
211,33,"(21, 27)",0,-0.08
211,34,"(21, 26)",0,-0.08
211,35,"(21, 25)",1,-0.08
211,36,"(22, 25)",1,-0.08
211,37,"(23, 25)",1,-0.08
211,38,"(24, 25)",1,-0.08
211,39,"(25, 25)",0,-0.08
211,40,"(25, 24)",0,-0.08
211,41,"(25, 23)",0,-0.08
211,42,"(25, 22)",0,-0.08
211,43,"(25, 21)",1,-0.08
211,44,"(26, 21)",1,-0.08
211,45,"(27, 21)",0,-0.08
211,46,"(27, 20)",0,-0.08
211,47,"(27, 19)",1,-0.08
211,48,"(28, 19)",1,-0.08
211,49,"(29, 19)",1,-0.08
211,50,"(30, 19)",1,-0.08
211,51,"(31, 19)",1,-0.08
211,52,"(32, 19)",0,-0.08
211,53,"(32, 18)",0,-0.08
211,54,"(32, 17)",0,-0.08
211,55,"(32, 16)",0,-0.08
211,56,"(32, 15)",0,-0.08
211,57,"(32, 14)",0,-0.08
211,58,"(32, 13)",1,-0.08
211,59,"(33, 13)",1,-0.08
211,60,"(34, 13)",1,-0.08
211,61,"(35, 13)",1,-0.08
211,62,"(36, 13)",1,-0.08
211,63,"(37, 13)",1,-0.08
211,64,"(38, 13)",1,-0.08
211,65,"(39, 13)",1,-0.08
211,66,"(40, 13)",1,-0.08
211,67,"(41, 13)",0,-0.08
211,68,"(41, 12)",0,-0.08
211,69,"(41, 11)",1,-0.08
211,70,"(42, 11)",1,-0.08
211,71,"(43, 11)",1,-0.08
211,72,"(44, 11)",1,-0.08
211,73,"(45, 11)",0,-0.08
211,74,"(45, 10)",1,-0.08
211,75,"(46, 10)",0,-0.08
211,76,"(46, 9)",0,-0.08
211,77,"(46, 8)",0,-0.08
211,78,"(46, 7)",0,-0.08
211,79,"(46, 6)",1,-0.08
211,80,"(47, 6)",1,-0.08
211,81,"(48, 6)",1,-0.08
211,82,"(49, 6)",0,-0.08
211,83,"(49, 5)",1,-0.08
211,84,"(50, 5)",1,-0.08
211,85,"(51, 5)",1,-0.08
211,86,"(52, 5)",1,-0.08
211,87,"(53, 5)",0,-0.08
211,88,"(53, 4)",0,-0.08
211,89,"(53, 3)",0,-0.08
211,90,"(53, 2)",0,-0.08
211,91,"(53, 1)",1,-0.08
211,92,"(54, 1)",1,-0.08
211,93,"(55, 1)",1,-0.08
211,94,"(56, 1)",1,-0.08
211,95,"(57, 1)",1,-0.08
211,96,"(58, 1)",1,-0.08
211,97,"(59, 1)",1,-0.08
211,98,"(60, 1)",1,-0.08
211,99,"(61, 1)",1,-0.08
211,100,"(62, 1)",1,-0.08
211,101,"(63, 1)",1,-0.08
211,102,"(64, 1)",1,-0.08
211,103,"(65, 1)",1,-0.08
211,104,"(66, 1)",1,-0.08
211,105,"(67, 1)",1,-0.08
211,106,"(68, 1)",1,-0.08
211,107,"(69, 1)",1,-0.08
211,108,"(70, 1)",1,-0.08
211,109,"(71, 1)",2,-0.08
211,110,"(71, 2)",2,-0.08
211,111,"(71, 3)",1,-0.08
211,112,"(72, 3)",1,-0.08
211,113,"(73, 3)",1,-0.08
211,114,"(74, 3)",1,-0.08
211,115,"(75, 3)",1,-0.08
211,116,"(76, 3)",1,-0.08
211,117,"(77, 3)",0,-0.08
211,118,"(77, 2)",0,-0.08
211,119,"(77, 1)",0,-0.08
211,120,"(77, 0)",1,-0.08
211,121,"(78, 0)",1,8.33
212,0,"(0, 39)",1,-0.08
212,1,"(1, 39)",1,-0.08
212,2,"(2, 39)",1,-0.08
212,3,"(3, 39)",1,-0.08
212,4,"(4, 39)",1,-0.08
212,5,"(5, 39)",1,-0.08
212,6,"(6, 39)",1,-0.08
212,7,"(7, 39)",1,-0.08
212,8,"(8, 39)",1,-0.08
212,9,"(9, 39)",1,-0.08
212,10,"(10, 39)",1,-0.08
212,11,"(11, 39)",0,-0.08
212,12,"(11, 38)",0,-0.08
212,13,"(11, 37)",1,-0.08
212,14,"(12, 37)",1,-0.08
212,15,"(13, 37)",1,-0.08
212,16,"(14, 37)",1,-0.08
212,17,"(15, 37)",0,-0.08
212,18,"(15, 36)",1,-0.08
212,19,"(16, 36)",1,-0.08
212,20,"(17, 36)",0,-0.08
212,21,"(17, 35)",1,-0.08
212,22,"(18, 35)",1,-0.08
212,23,"(19, 35)",0,-0.08
212,24,"(19, 34)",0,-0.08
212,25,"(19, 33)",0,-0.08
212,26,"(19, 32)",0,-0.08
212,27,"(19, 31)",0,-0.08
212,28,"(19, 30)",0,-0.08
212,29,"(19, 29)",1,-0.08
212,30,"(20, 29)",0,-0.08
212,31,"(20, 28)",0,-0.08
212,32,"(20, 27)",1,-0.08
212,33,"(21, 27)",0,-0.08
212,34,"(21, 26)",0,-0.08
212,35,"(21, 25)",1,-0.08
212,36,"(22, 25)",1,-0.08
212,37,"(23, 25)",1,-0.08
212,38,"(24, 25)",1,-0.08
212,39,"(25, 25)",1,-0.08
212,40,"(26, 25)",1,-0.08
212,41,"(27, 25)",1,-0.08
212,42,"(28, 25)",1,-0.08
212,43,"(29, 25)",1,-0.08
212,44,"(30, 25)",1,-0.08
212,45,"(31, 25)",0,-0.08
212,46,"(31, 24)",0,-0.08
212,47,"(31, 23)",1,-0.08
212,48,"(32, 23)",1,-0.08
212,49,"(33, 23)",0,-0.08
212,50,"(33, 22)",0,-0.08
212,51,"(33, 21)",1,-0.08
212,52,"(34, 21)",1,-0.08
212,53,"(35, 21)",0,-0.08
212,54,"(35, 20)",0,-0.08
212,55,"(35, 19)",0,-0.08
212,56,"(35, 18)",0,-0.08
212,57,"(35, 17)",0,-0.08
212,58,"(35, 16)",0,-0.08
212,59,"(35, 15)",0,-0.08
212,60,"(35, 14)",0,-0.08
212,61,"(35, 13)",1,-0.08
212,62,"(36, 13)",1,-0.08
212,63,"(37, 13)",1,-0.08
212,64,"(38, 13)",1,-0.08
212,65,"(39, 13)",0,-0.08
212,66,"(39, 12)",0,-0.08
212,67,"(39, 11)",1,-0.08
212,68,"(40, 11)",1,-0.08
212,69,"(41, 11)",1,-0.08
212,70,"(42, 11)",1,-0.08
212,71,"(43, 11)",1,-0.08
212,72,"(44, 11)",1,-0.08
212,73,"(45, 11)",0,-0.08
212,74,"(45, 10)",0,-0.08
212,75,"(45, 9)",1,-0.08
212,76,"(46, 9)",0,-0.08
212,77,"(46, 8)",0,-0.08
212,78,"(46, 7)",1,-0.08
212,79,"(47, 7)",0,-0.08
212,80,"(47, 6)",1,-0.08
212,81,"(48, 6)",1,-0.08
212,82,"(49, 6)",0,-0.08
212,83,"(49, 5)",1,-0.08
212,84,"(50, 5)",1,-0.08
212,85,"(51, 5)",0,-0.08
212,86,"(51, 4)",0,-0.08
212,87,"(51, 3)",0,-0.08
212,88,"(51, 2)",0,-0.08
212,89,"(51, 1)",1,-0.08
212,90,"(52, 1)",1,-0.08
212,91,"(53, 1)",1,-0.08
212,92,"(54, 1)",1,-0.08
212,93,"(55, 1)",1,-0.08
212,94,"(56, 1)",1,-0.08
212,95,"(57, 1)",1,-0.08
212,96,"(58, 1)",1,-0.08
212,97,"(59, 1)",1,-0.08
212,98,"(60, 1)",1,-0.08
212,99,"(61, 1)",1,-0.08
212,100,"(62, 1)",1,-0.08
212,101,"(63, 1)",1,-0.08
212,102,"(64, 1)",1,-0.08
212,103,"(65, 1)",1,-0.08
212,104,"(66, 1)",1,-0.08
212,105,"(67, 1)",1,-0.08
212,106,"(68, 1)",1,-0.08
212,107,"(69, 1)",1,-0.08
212,108,"(70, 1)",1,-0.08
212,109,"(71, 1)",2,-0.08
212,110,"(71, 2)",2,-0.08
212,111,"(71, 3)",1,-0.08
212,112,"(72, 3)",1,-0.08
212,113,"(73, 3)",0,-0.08
212,114,"(73, 2)",0,-0.08
212,115,"(73, 1)",1,-0.08
212,116,"(74, 1)",0,-0.08
212,117,"(74, 0)",1,-0.08
212,118,"(75, 0)",1,-0.08
212,119,"(76, 0)",1,-0.08
212,120,"(77, 0)",1,-0.08
212,121,"(78, 0)",1,8.33
213,0,"(0, 39)",1,-0.08
213,1,"(1, 39)",1,-0.08
213,2,"(2, 39)",1,-0.08
213,3,"(3, 39)",1,-0.08
213,4,"(4, 39)",1,-0.08
213,5,"(5, 39)",1,-0.08
213,6,"(6, 39)",1,-0.08
213,7,"(7, 39)",1,-0.08
213,8,"(8, 39)",1,-0.08
213,9,"(9, 39)",1,-0.08
213,10,"(10, 39)",1,-0.08
213,11,"(11, 39)",0,-0.08
213,12,"(11, 38)",0,-0.08
213,13,"(11, 37)",1,-0.08
213,14,"(12, 37)",1,-0.08
213,15,"(13, 37)",1,-0.08
213,16,"(14, 37)",1,-0.08
213,17,"(15, 37)",0,-0.08
213,18,"(15, 36)",0,-0.08
213,19,"(15, 35)",0,-0.08
213,20,"(15, 34)",0,-0.08
213,21,"(15, 33)",1,-0.08
213,22,"(16, 33)",1,-0.08
213,23,"(17, 33)",1,-0.08
213,24,"(18, 33)",1,-0.08
213,25,"(19, 33)",0,-0.08
213,26,"(19, 32)",0,-0.08
213,27,"(19, 31)",0,-0.08
213,28,"(19, 30)",0,-0.08
213,29,"(19, 29)",1,-0.08
213,30,"(20, 29)",0,-0.08
213,31,"(20, 28)",0,-0.08
213,32,"(20, 27)",1,-0.08
213,33,"(21, 27)",0,-0.08
213,34,"(21, 26)",0,-0.08
213,35,"(21, 25)",1,-0.08
213,36,"(22, 25)",0,-0.08
213,37,"(22, 24)",0,-0.08
213,38,"(22, 23)",1,-0.08
213,39,"(23, 23)",1,-0.08
213,40,"(24, 23)",1,-0.08
213,41,"(25, 23)",0,-0.08
213,42,"(25, 22)",0,-0.08
213,43,"(25, 21)",1,-0.08
213,44,"(26, 21)",1,-0.08
213,45,"(27, 21)",0,-0.08
213,46,"(27, 20)",1,-0.08
213,47,"(28, 20)",0,-0.08
213,48,"(28, 19)",1,-0.08
213,49,"(29, 19)",1,-0.08
213,50,"(30, 19)",1,-0.08
213,51,"(31, 19)",1,-0.08
213,52,"(32, 19)",0,-0.08
213,53,"(32, 18)",0,-0.08
213,54,"(32, 17)",0,-0.08
213,55,"(32, 16)",0,-0.08
213,56,"(32, 15)",0,-0.08
213,57,"(32, 14)",0,-0.08
213,58,"(32, 13)",1,-0.08
213,59,"(33, 13)",1,-0.08
213,60,"(34, 13)",1,-0.08
213,61,"(35, 13)",1,-0.08
213,62,"(36, 13)",1,-0.08
213,63,"(37, 13)",1,-0.08
213,64,"(38, 13)",1,-0.08
213,65,"(39, 13)",1,-0.08
213,66,"(40, 13)",1,-0.08
213,67,"(41, 13)",1,-0.08
213,68,"(42, 13)",1,-0.08
213,69,"(43, 13)",1,-0.08
213,70,"(44, 13)",1,-0.08
213,71,"(45, 13)",0,-0.08
213,72,"(45, 12)",0,-0.08
213,73,"(45, 11)",0,-0.08
213,74,"(45, 10)",1,-0.08
213,75,"(46, 10)",0,-0.08
213,76,"(46, 9)",0,-0.08
213,77,"(46, 8)",0,-0.08
213,78,"(46, 7)",0,-0.08
213,79,"(46, 6)",1,-0.08
213,80,"(47, 6)",1,-0.08
213,81,"(48, 6)",1,-0.08
213,82,"(49, 6)",0,-0.08
213,83,"(49, 5)",1,-0.08
213,84,"(50, 5)",1,-0.08
213,85,"(51, 5)",0,-0.08
213,86,"(51, 4)",0,-0.08
213,87,"(51, 3)",0,-0.08
213,88,"(51, 2)",0,-0.08
213,89,"(51, 1)",1,-0.08
213,90,"(52, 1)",1,-0.08
213,91,"(53, 1)",1,-0.08
213,92,"(54, 1)",1,-0.08
213,93,"(55, 1)",1,-0.08
213,94,"(56, 1)",1,-0.08
213,95,"(57, 1)",1,-0.08
213,96,"(58, 1)",1,-0.08
213,97,"(59, 1)",1,-0.08
213,98,"(60, 1)",1,-0.08
213,99,"(61, 1)",1,-0.08
213,100,"(62, 1)",1,-0.08
213,101,"(63, 1)",1,-0.08
213,102,"(64, 1)",1,-0.08
213,103,"(65, 1)",1,-0.08
213,104,"(66, 1)",1,-0.08
213,105,"(67, 1)",1,-0.08
213,106,"(68, 1)",1,-0.08
213,107,"(69, 1)",1,-0.08
213,108,"(70, 1)",1,-0.08
213,109,"(71, 1)",2,-0.08
213,110,"(71, 2)",2,-0.08
213,111,"(71, 3)",1,-0.08
213,112,"(72, 3)",1,-0.08
213,113,"(73, 3)",0,-0.08
213,114,"(73, 2)",0,-0.08
213,115,"(73, 1)",1,-0.08
213,116,"(74, 1)",1,-0.08
213,117,"(75, 1)",1,-0.08
213,118,"(76, 1)",0,-0.08
213,119,"(76, 0)",1,-0.08
213,120,"(77, 0)",1,-0.08
213,121,"(78, 0)",1,8.33
214,0,"(0, 39)",1,-0.08
214,1,"(1, 39)",1,-0.08
214,2,"(2, 39)",1,-0.08
214,3,"(3, 39)",1,-0.08
214,4,"(4, 39)",1,-0.08
214,5,"(5, 39)",1,-0.08
214,6,"(6, 39)",1,-0.08
214,7,"(7, 39)",1,-0.08
214,8,"(8, 39)",1,-0.08
214,9,"(9, 39)",1,-0.08
214,10,"(10, 39)",1,-0.08
214,11,"(11, 39)",0,-0.08
214,12,"(11, 38)",0,-0.08
214,13,"(11, 37)",1,-0.08
214,14,"(12, 37)",1,-0.08
214,15,"(13, 37)",1,-0.08
214,16,"(14, 37)",1,-0.08
214,17,"(15, 37)",0,-0.08
214,18,"(15, 36)",0,-0.08
214,19,"(15, 35)",0,-0.08
214,20,"(15, 34)",0,-0.08
214,21,"(15, 33)",1,-0.08
214,22,"(16, 33)",1,-0.08
214,23,"(17, 33)",1,-0.08
214,24,"(18, 33)",1,-0.08
214,25,"(19, 33)",0,-0.08
214,26,"(19, 32)",0,-0.08
214,27,"(19, 31)",0,-0.08
214,28,"(19, 30)",0,-0.08
214,29,"(19, 29)",1,-0.08
214,30,"(20, 29)",0,-0.08
214,31,"(20, 28)",0,-0.08
214,32,"(20, 27)",1,-0.08
214,33,"(21, 27)",0,-0.08
214,34,"(21, 26)",1,-0.08
214,35,"(22, 26)",1,-0.08
214,36,"(23, 26)",1,-0.08
214,37,"(24, 26)",0,-0.08
214,38,"(24, 25)",1,-0.08
214,39,"(25, 25)",1,-0.08
214,40,"(26, 25)",1,-0.08
214,41,"(27, 25)",1,-0.08
214,42,"(28, 25)",1,-0.08
214,43,"(29, 25)",1,-0.08
214,44,"(30, 25)",1,-0.08
214,45,"(31, 25)",0,-0.08
214,46,"(31, 24)",0,-0.08
214,47,"(31, 23)",1,-0.08
214,48,"(32, 23)",1,-0.08
214,49,"(33, 23)",0,-0.08
214,50,"(33, 22)",0,-0.08
214,51,"(33, 21)",1,-0.08
214,52,"(34, 21)",1,-0.08
214,53,"(35, 21)",1,-0.08
214,54,"(36, 21)",1,-0.08
214,55,"(37, 21)",1,-0.08
214,56,"(38, 21)",1,-0.08
214,57,"(39, 21)",0,-0.08
214,58,"(39, 20)",1,-0.08
214,59,"(40, 20)",1,-0.08
214,60,"(41, 20)",0,-0.08
214,61,"(41, 19)",0,-0.08
214,62,"(41, 18)",0,-0.08
214,63,"(41, 17)",0,-0.08
214,64,"(41, 16)",1,-0.08
214,65,"(42, 16)",1,-0.08
214,66,"(43, 16)",0,-0.08
214,67,"(43, 15)",1,-0.08
214,68,"(44, 15)",1,-0.08
214,69,"(45, 15)",0,-0.08
214,70,"(45, 14)",0,-0.08
214,71,"(45, 13)",0,-0.08
214,72,"(45, 12)",0,-0.08
214,73,"(45, 11)",0,-0.08
214,74,"(45, 10)",1,-0.08
214,75,"(46, 10)",0,-0.08
214,76,"(46, 9)",0,-0.08
214,77,"(46, 8)",0,-0.08
214,78,"(46, 7)",0,-0.08
214,79,"(46, 6)",1,-0.08
214,80,"(47, 6)",1,-0.08
214,81,"(48, 6)",1,-0.08
214,82,"(49, 6)",0,-0.08
214,83,"(49, 5)",1,-0.08
214,84,"(50, 5)",1,-0.08
214,85,"(51, 5)",1,-0.08
214,86,"(52, 5)",1,-0.08
214,87,"(53, 5)",0,-0.08
214,88,"(53, 4)",0,-0.08
214,89,"(53, 3)",1,-0.08
214,90,"(54, 3)",1,-0.08
214,91,"(55, 3)",1,-0.08
214,92,"(56, 3)",0,-0.08
214,93,"(56, 2)",0,-0.08
214,94,"(56, 1)",1,-0.08
214,95,"(57, 1)",1,-0.08
214,96,"(58, 1)",1,-0.08
214,97,"(59, 1)",1,-0.08
214,98,"(60, 1)",1,-0.08
214,99,"(61, 1)",1,-0.08
214,100,"(62, 1)",1,-0.08
214,101,"(63, 1)",1,-0.08
214,102,"(64, 1)",1,-0.08
214,103,"(65, 1)",1,-0.08
214,104,"(66, 1)",1,-0.08
214,105,"(67, 1)",1,-0.08
214,106,"(68, 1)",1,-0.08
214,107,"(69, 1)",1,-0.08
214,108,"(70, 1)",1,-0.08
214,109,"(71, 1)",2,-0.08
214,110,"(71, 2)",2,-0.08
214,111,"(71, 3)",1,-0.08
214,112,"(72, 3)",1,-0.08
214,113,"(73, 3)",0,-0.08
214,114,"(73, 2)",0,-0.08
214,115,"(73, 1)",0,-0.08
214,116,"(73, 0)",1,-0.08
214,117,"(74, 0)",1,-0.08
214,118,"(75, 0)",1,-0.08
214,119,"(76, 0)",1,-0.08
214,120,"(77, 0)",1,-0.08
214,121,"(78, 0)",1,8.33
215,0,"(0, 39)",1,-0.08
215,1,"(1, 39)",1,-0.08
215,2,"(2, 39)",1,-0.08
215,3,"(3, 39)",1,-0.08
215,4,"(4, 39)",1,-0.08
215,5,"(5, 39)",1,-0.08
215,6,"(6, 39)",1,-0.08
215,7,"(7, 39)",1,-0.08
215,8,"(8, 39)",1,-0.08
215,9,"(9, 39)",1,-0.08
215,10,"(10, 39)",0,-0.08
215,11,"(10, 38)",1,-0.08
215,12,"(11, 38)",0,-0.08
215,13,"(11, 37)",1,-0.08
215,14,"(12, 37)",1,-0.08
215,15,"(13, 37)",1,-0.08
215,16,"(14, 37)",1,-0.08
215,17,"(15, 37)",1,-0.08
215,18,"(16, 37)",1,-0.08
215,19,"(17, 37)",0,-0.08
215,20,"(17, 36)",0,-0.08
215,21,"(17, 35)",0,-0.08
215,22,"(17, 34)",1,-0.08
215,23,"(18, 34)",0,-0.08
215,24,"(18, 33)",1,-0.08
215,25,"(19, 33)",0,-0.08
215,26,"(19, 32)",0,-0.08
215,27,"(19, 31)",0,-0.08
215,28,"(19, 30)",0,-0.08
215,29,"(19, 29)",1,-0.08
215,30,"(20, 29)",0,-0.08
215,31,"(20, 28)",0,-0.08
215,32,"(20, 27)",1,-0.08
215,33,"(21, 27)",0,-0.08
215,34,"(21, 26)",0,-0.08
215,35,"(21, 25)",1,-0.08
215,36,"(22, 25)",1,-0.08
215,37,"(23, 25)",1,-0.08
215,38,"(24, 25)",1,-0.08
215,39,"(25, 25)",0,-0.08
215,40,"(25, 24)",0,-0.08
215,41,"(25, 23)",0,-0.08
215,42,"(25, 22)",0,-0.08
215,43,"(25, 21)",0,-0.08
215,44,"(25, 20)",0,-0.08
215,45,"(25, 19)",0,-0.08
215,46,"(25, 18)",1,-0.08
215,47,"(26, 18)",1,-0.08
215,48,"(27, 18)",0,-0.08
215,49,"(27, 17)",0,-0.08
215,50,"(27, 16)",1,-0.08
215,51,"(28, 16)",1,-0.08
215,52,"(29, 16)",0,-0.08
215,53,"(29, 15)",1,-0.08
215,54,"(30, 15)",1,-0.08
215,55,"(31, 15)",1,-0.08
215,56,"(32, 15)",0,-0.08
215,57,"(32, 14)",0,-0.08
215,58,"(32, 13)",1,-0.08
215,59,"(33, 13)",1,-0.08
215,60,"(34, 13)",1,-0.08
215,61,"(35, 13)",1,-0.08
215,62,"(36, 13)",1,-0.08
215,63,"(37, 13)",1,-0.08
215,64,"(38, 13)",1,-0.08
215,65,"(39, 13)",0,-0.08
215,66,"(39, 12)",0,-0.08
215,67,"(39, 11)",1,-0.08
215,68,"(40, 11)",1,-0.08
215,69,"(41, 11)",1,-0.08
215,70,"(42, 11)",1,-0.08
215,71,"(43, 11)",1,-0.08
215,72,"(44, 11)",1,-0.08
215,73,"(45, 11)",0,-0.08
215,74,"(45, 10)",1,-0.08
215,75,"(46, 10)",0,-0.08
215,76,"(46, 9)",0,-0.08
215,77,"(46, 8)",0,-0.08
215,78,"(46, 7)",0,-0.08
215,79,"(46, 6)",1,-0.08
215,80,"(47, 6)",1,-0.08
215,81,"(48, 6)",1,-0.08
215,82,"(49, 6)",0,-0.08
215,83,"(49, 5)",1,-0.08
215,84,"(50, 5)",1,-0.08
215,85,"(51, 5)",0,-0.08
215,86,"(51, 4)",0,-0.08
215,87,"(51, 3)",0,-0.08
215,88,"(51, 2)",0,-0.08
215,89,"(51, 1)",1,-0.08
215,90,"(52, 1)",1,-0.08
215,91,"(53, 1)",1,-0.08
215,92,"(54, 1)",1,-0.08
215,93,"(55, 1)",1,-0.08
215,94,"(56, 1)",1,-0.08
215,95,"(57, 1)",1,-0.08
215,96,"(58, 1)",1,-0.08
215,97,"(59, 1)",1,-0.08
215,98,"(60, 1)",1,-0.08
215,99,"(61, 1)",1,-0.08
215,100,"(62, 1)",1,-0.08
215,101,"(63, 1)",1,-0.08
215,102,"(64, 1)",1,-0.08
215,103,"(65, 1)",1,-0.08
215,104,"(66, 1)",1,-0.08
215,105,"(67, 1)",1,-0.08
215,106,"(68, 1)",1,-0.08
215,107,"(69, 1)",1,-0.08
215,108,"(70, 1)",1,-0.08
215,109,"(71, 1)",2,-0.08
215,110,"(71, 2)",2,-0.08
215,111,"(71, 3)",1,-0.08
215,112,"(72, 3)",1,-0.08
215,113,"(73, 3)",0,-0.08
215,114,"(73, 2)",0,-0.08
215,115,"(73, 1)",1,-0.08
215,116,"(74, 1)",1,-0.08
215,117,"(75, 1)",1,-0.08
215,118,"(76, 1)",0,-0.08
215,119,"(76, 0)",1,-0.08
215,120,"(77, 0)",1,-0.08
215,121,"(78, 0)",1,8.33
216,0,"(0, 39)",1,-0.08
216,1,"(1, 39)",1,-0.08
216,2,"(2, 39)",1,-0.08
216,3,"(3, 39)",1,-0.08
216,4,"(4, 39)",1,-0.08
216,5,"(5, 39)",1,-0.08
216,6,"(6, 39)",1,-0.08
216,7,"(7, 39)",1,-0.08
216,8,"(8, 39)",1,-0.08
216,9,"(9, 39)",1,-0.08
216,10,"(10, 39)",1,-0.08
216,11,"(11, 39)",1,-0.08
216,12,"(12, 39)",1,-0.08
216,13,"(13, 39)",1,-0.08
216,14,"(14, 39)",0,-0.08
216,15,"(14, 38)",0,-0.08
216,16,"(14, 37)",1,-0.08
216,17,"(15, 37)",0,-0.08
216,18,"(15, 36)",0,-0.08
216,19,"(15, 35)",0,-0.08
216,20,"(15, 34)",0,-0.08
216,21,"(15, 33)",1,-0.08
216,22,"(16, 33)",1,-0.08
216,23,"(17, 33)",1,-0.08
216,24,"(18, 33)",1,-0.08
216,25,"(19, 33)",0,-0.08
216,26,"(19, 32)",0,-0.08
216,27,"(19, 31)",0,-0.08
216,28,"(19, 30)",0,-0.08
216,29,"(19, 29)",1,-0.08
216,30,"(20, 29)",0,-0.08
216,31,"(20, 28)",0,-0.08
216,32,"(20, 27)",1,-0.08
216,33,"(21, 27)",0,-0.08
216,34,"(21, 26)",1,-0.08
216,35,"(22, 26)",1,-0.08
216,36,"(23, 26)",0,-0.08
216,37,"(23, 25)",1,-0.08
216,38,"(24, 25)",1,-0.08
216,39,"(25, 25)",0,-0.08
216,40,"(25, 24)",0,-0.08
216,41,"(25, 23)",0,-0.08
216,42,"(25, 22)",0,-0.08
216,43,"(25, 21)",1,-0.08
216,44,"(26, 21)",1,-0.08
216,45,"(27, 21)",0,-0.08
216,46,"(27, 20)",0,-0.08
216,47,"(27, 19)",0,-0.08
216,48,"(27, 18)",0,-0.08
216,49,"(27, 17)",1,-0.08
216,50,"(28, 17)",0,-0.08
216,51,"(28, 16)",1,-0.08
216,52,"(29, 16)",0,-0.08
216,53,"(29, 15)",1,-0.08
216,54,"(30, 15)",1,-0.08
216,55,"(31, 15)",0,-0.08
216,56,"(31, 14)",1,-0.08
216,57,"(32, 14)",0,-0.08
216,58,"(32, 13)",1,-0.08
216,59,"(33, 13)",1,-0.08
216,60,"(34, 13)",1,-0.08
216,61,"(35, 13)",1,-0.08
216,62,"(36, 13)",1,-0.08
216,63,"(37, 13)",1,-0.08
216,64,"(38, 13)",1,-0.08
216,65,"(39, 13)",0,-0.08
216,66,"(39, 12)",0,-0.08
216,67,"(39, 11)",1,-0.08
216,68,"(40, 11)",1,-0.08
216,69,"(41, 11)",1,-0.08
216,70,"(42, 11)",1,-0.08
216,71,"(43, 11)",1,-0.08
216,72,"(44, 11)",1,-0.08
216,73,"(45, 11)",0,-0.08
216,74,"(45, 10)",1,-0.08
216,75,"(46, 10)",0,-0.08
216,76,"(46, 9)",0,-0.08
216,77,"(46, 8)",0,-0.08
216,78,"(46, 7)",0,-0.08
216,79,"(46, 6)",1,-0.08
216,80,"(47, 6)",1,-0.08
216,81,"(48, 6)",1,-0.08
216,82,"(49, 6)",0,-0.08
216,83,"(49, 5)",1,-0.08
216,84,"(50, 5)",1,-0.08
216,85,"(51, 5)",1,-0.08
216,86,"(52, 5)",1,-0.08
216,87,"(53, 5)",0,-0.08
216,88,"(53, 4)",0,-0.08
216,89,"(53, 3)",1,-0.08
216,90,"(54, 3)",1,-0.08
216,91,"(55, 3)",1,-0.08
216,92,"(56, 3)",0,-0.08
216,93,"(56, 2)",0,-0.08
216,94,"(56, 1)",1,-0.08
216,95,"(57, 1)",1,-0.08
216,96,"(58, 1)",1,-0.08
216,97,"(59, 1)",1,-0.08
216,98,"(60, 1)",1,-0.08
216,99,"(61, 1)",1,-0.08
216,100,"(62, 1)",1,-0.08
216,101,"(63, 1)",1,-0.08
216,102,"(64, 1)",1,-0.08
216,103,"(65, 1)",1,-0.08
216,104,"(66, 1)",1,-0.08
216,105,"(67, 1)",1,-0.08
216,106,"(68, 1)",1,-0.08
216,107,"(69, 1)",1,-0.08
216,108,"(70, 1)",1,-0.08
216,109,"(71, 1)",2,-0.08
216,110,"(71, 2)",2,-0.08
216,111,"(71, 3)",1,-0.08
216,112,"(72, 3)",1,-0.08
216,113,"(73, 3)",0,-0.08
216,114,"(73, 2)",0,-0.08
216,115,"(73, 1)",0,-0.08
216,116,"(73, 0)",1,-0.08
216,117,"(74, 0)",1,-0.08
216,118,"(75, 0)",1,-0.08
216,119,"(76, 0)",1,-0.08
216,120,"(77, 0)",1,-0.08
216,121,"(78, 0)",1,8.33
217,0,"(0, 39)",1,-0.08
217,1,"(1, 39)",1,-0.08
217,2,"(2, 39)",1,-0.08
217,3,"(3, 39)",1,-0.08
217,4,"(4, 39)",1,-0.08
217,5,"(5, 39)",1,-0.08
217,6,"(6, 39)",1,-0.08
217,7,"(7, 39)",1,-0.08
217,8,"(8, 39)",1,-0.08
217,9,"(9, 39)",1,-0.08
217,10,"(10, 39)",0,-0.08
217,11,"(10, 38)",1,-0.08
217,12,"(11, 38)",0,-0.08
217,13,"(11, 37)",1,-0.08
217,14,"(12, 37)",1,-0.08
217,15,"(13, 37)",1,-0.08
217,16,"(14, 37)",1,-0.08
217,17,"(15, 37)",1,-0.08
217,18,"(16, 37)",0,-0.08
217,19,"(16, 36)",1,-0.08
217,20,"(17, 36)",0,-0.08
217,21,"(17, 35)",0,-0.08
217,22,"(17, 34)",1,-0.08
217,23,"(18, 34)",1,-0.08
217,24,"(19, 34)",0,-0.08
217,25,"(19, 33)",0,-0.08
217,26,"(19, 32)",0,-0.08
217,27,"(19, 31)",0,-0.08
217,28,"(19, 30)",0,-0.08
217,29,"(19, 29)",1,-0.08
217,30,"(20, 29)",0,-0.08
217,31,"(20, 28)",0,-0.08
217,32,"(20, 27)",1,-0.08
217,33,"(21, 27)",0,-0.08
217,34,"(21, 26)",0,-0.08
217,35,"(21, 25)",1,-0.08
217,36,"(22, 25)",0,-0.08
217,37,"(22, 24)",0,-0.08
217,38,"(22, 23)",1,-0.08
217,39,"(23, 23)",1,-0.08
217,40,"(24, 23)",1,-0.08
217,41,"(25, 23)",0,-0.08
217,42,"(25, 22)",0,-0.08
217,43,"(25, 21)",1,-0.08
217,44,"(26, 21)",1,-0.08
217,45,"(27, 21)",0,-0.08
217,46,"(27, 20)",1,-0.08
217,47,"(28, 20)",0,-0.08
217,48,"(28, 19)",1,-0.08
217,49,"(29, 19)",1,-0.08
217,50,"(30, 19)",1,-0.08
217,51,"(31, 19)",0,-0.08
217,52,"(31, 18)",1,-0.08
217,53,"(32, 18)",0,-0.08
217,54,"(32, 17)",1,-0.08
217,55,"(33, 17)",1,-0.08
217,56,"(34, 17)",1,-0.08
217,57,"(35, 17)",0,-0.08
217,58,"(35, 16)",0,-0.08
217,59,"(35, 15)",0,-0.08
217,60,"(35, 14)",0,-0.08
217,61,"(35, 13)",1,-0.08
217,62,"(36, 13)",1,-0.08
217,63,"(37, 13)",1,-0.08
217,64,"(38, 13)",1,-0.08
217,65,"(39, 13)",1,-0.08
217,66,"(40, 13)",1,-0.08
217,67,"(41, 13)",1,-0.08
217,68,"(42, 13)",1,-0.08
217,69,"(43, 13)",0,-0.08
217,70,"(43, 12)",0,-0.08
217,71,"(43, 11)",1,-0.08
217,72,"(44, 11)",1,-0.08
217,73,"(45, 11)",0,-0.08
217,74,"(45, 10)",0,-0.08
217,75,"(45, 9)",0,-0.08
217,76,"(45, 8)",0,-0.08
217,77,"(45, 7)",1,-0.08
217,78,"(46, 7)",0,-0.08
217,79,"(46, 6)",1,-0.08
217,80,"(47, 6)",1,-0.08
217,81,"(48, 6)",1,-0.08
217,82,"(49, 6)",0,-0.08
217,83,"(49, 5)",1,-0.08
217,84,"(50, 5)",1,-0.08
217,85,"(51, 5)",0,-0.08
217,86,"(51, 4)",0,-0.08
217,87,"(51, 3)",0,-0.08
217,88,"(51, 2)",0,-0.08
217,89,"(51, 1)",1,-0.08
217,90,"(52, 1)",1,-0.08
217,91,"(53, 1)",1,-0.08
217,92,"(54, 1)",1,-0.08
217,93,"(55, 1)",1,-0.08
217,94,"(56, 1)",1,-0.08
217,95,"(57, 1)",1,-0.08
217,96,"(58, 1)",1,-0.08
217,97,"(59, 1)",1,-0.08
217,98,"(60, 1)",1,-0.08
217,99,"(61, 1)",1,-0.08
217,100,"(62, 1)",1,-0.08
217,101,"(63, 1)",1,-0.08
217,102,"(64, 1)",1,-0.08
217,103,"(65, 1)",1,-0.08
217,104,"(66, 1)",1,-0.08
217,105,"(67, 1)",1,-0.08
217,106,"(68, 1)",1,-0.08
217,107,"(69, 1)",1,-0.08
217,108,"(70, 1)",1,-0.08
217,109,"(71, 1)",2,-0.08
217,110,"(71, 2)",2,-0.08
217,111,"(71, 3)",1,-0.08
217,112,"(72, 3)",1,-0.08
217,113,"(73, 3)",1,-0.08
217,114,"(74, 3)",1,-0.08
217,115,"(75, 3)",1,-0.08
217,116,"(76, 3)",1,-0.08
217,117,"(77, 3)",0,-0.08
217,118,"(77, 2)",0,-0.08
217,119,"(77, 1)",0,-0.08
217,120,"(77, 0)",1,-0.08
217,121,"(78, 0)",1,8.33
218,0,"(0, 39)",1,-0.08
218,1,"(1, 39)",1,-0.08
218,2,"(2, 39)",1,-0.08
218,3,"(3, 39)",1,-0.08
218,4,"(4, 39)",1,-0.08
218,5,"(5, 39)",1,-0.08
218,6,"(6, 39)",1,-0.08
218,7,"(7, 39)",1,-0.08
218,8,"(8, 39)",1,-0.08
218,9,"(9, 39)",1,-0.08
218,10,"(10, 39)",1,-0.08
218,11,"(11, 39)",0,-0.08
218,12,"(11, 38)",0,-0.08
218,13,"(11, 37)",1,-0.08
218,14,"(12, 37)",1,-0.08
218,15,"(13, 37)",1,-0.08
218,16,"(14, 37)",1,-0.08
218,17,"(15, 37)",0,-0.08
218,18,"(15, 36)",0,-0.08
218,19,"(15, 35)",0,-0.08
218,20,"(15, 34)",0,-0.08
218,21,"(15, 33)",1,-0.08
218,22,"(16, 33)",1,-0.08
218,23,"(17, 33)",1,-0.08
218,24,"(18, 33)",1,-0.08
218,25,"(19, 33)",0,-0.08
218,26,"(19, 32)",0,-0.08
218,27,"(19, 31)",0,-0.08
218,28,"(19, 30)",0,-0.08
218,29,"(19, 29)",1,-0.08
218,30,"(20, 29)",0,-0.08
218,31,"(20, 28)",0,-0.08
218,32,"(20, 27)",1,-0.08
218,33,"(21, 27)",0,-0.08
218,34,"(21, 26)",0,-0.08
218,35,"(21, 25)",1,-0.08
218,36,"(22, 25)",0,-0.08
218,37,"(22, 24)",0,-0.08
218,38,"(22, 23)",1,-0.08
218,39,"(23, 23)",1,-0.08
218,40,"(24, 23)",1,-0.08
218,41,"(25, 23)",0,-0.08
218,42,"(25, 22)",0,-0.08
218,43,"(25, 21)",1,-0.08
218,44,"(26, 21)",1,-0.08
218,45,"(27, 21)",0,-0.08
218,46,"(27, 20)",0,-0.08
218,47,"(27, 19)",0,-0.08
218,48,"(27, 18)",0,-0.08
218,49,"(27, 17)",0,-0.08
218,50,"(27, 16)",1,-0.08
218,51,"(28, 16)",1,-0.08
218,52,"(29, 16)",0,-0.08
218,53,"(29, 15)",1,-0.08
218,54,"(30, 15)",1,-0.08
218,55,"(31, 15)",1,-0.08
218,56,"(32, 15)",0,-0.08
218,57,"(32, 14)",0,-0.08
218,58,"(32, 13)",1,-0.08
218,59,"(33, 13)",1,-0.08
218,60,"(34, 13)",1,-0.08
218,61,"(35, 13)",1,-0.08
218,62,"(36, 13)",1,-0.08
218,63,"(37, 13)",1,-0.08
218,64,"(38, 13)",1,-0.08
218,65,"(39, 13)",1,-0.08
218,66,"(40, 13)",1,-0.08
218,67,"(41, 13)",0,-0.08
218,68,"(41, 12)",0,-0.08
218,69,"(41, 11)",1,-0.08
218,70,"(42, 11)",1,-0.08
218,71,"(43, 11)",1,-0.08
218,72,"(44, 11)",1,-0.08
218,73,"(45, 11)",0,-0.08
218,74,"(45, 10)",0,-0.08
218,75,"(45, 9)",0,-0.08
218,76,"(45, 8)",0,-0.08
218,77,"(45, 7)",1,-0.08
218,78,"(46, 7)",1,-0.08
218,79,"(47, 7)",0,-0.08
218,80,"(47, 6)",1,-0.08
218,81,"(48, 6)",1,-0.08
218,82,"(49, 6)",0,-0.08
218,83,"(49, 5)",1,-0.08
218,84,"(50, 5)",1,-0.08
218,85,"(51, 5)",0,-0.08
218,86,"(51, 4)",0,-0.08
218,87,"(51, 3)",0,-0.08
218,88,"(51, 2)",1,-0.08
218,89,"(52, 2)",0,-0.08
218,90,"(52, 1)",1,-0.08
218,91,"(53, 1)",1,-0.08
218,92,"(54, 1)",1,-0.08
218,93,"(55, 1)",1,-0.08
218,94,"(56, 1)",1,-0.08
218,95,"(57, 1)",1,-0.08
218,96,"(58, 1)",1,-0.08
218,97,"(59, 1)",1,-0.08
218,98,"(60, 1)",1,-0.08
218,99,"(61, 1)",1,-0.08
218,100,"(62, 1)",1,-0.08
218,101,"(63, 1)",1,-0.08
218,102,"(64, 1)",1,-0.08
218,103,"(65, 1)",1,-0.08
218,104,"(66, 1)",1,-0.08
218,105,"(67, 1)",1,-0.08
218,106,"(68, 1)",1,-0.08
218,107,"(69, 1)",1,-0.08
218,108,"(70, 1)",1,-0.08
218,109,"(71, 1)",2,-0.08
218,110,"(71, 2)",2,-0.08
218,111,"(71, 3)",1,-0.08
218,112,"(72, 3)",1,-0.08
218,113,"(73, 3)",1,-0.08
218,114,"(74, 3)",1,-0.08
218,115,"(75, 3)",1,-0.08
218,116,"(76, 3)",1,-0.08
218,117,"(77, 3)",0,-0.08
218,118,"(77, 2)",0,-0.08
218,119,"(77, 1)",1,-0.08
218,120,"(78, 1)",0,-0.08
218,121,"(78, 0)",1,8.33
219,0,"(0, 39)",1,-0.08
219,1,"(1, 39)",1,-0.08
219,2,"(2, 39)",1,-0.08
219,3,"(3, 39)",1,-0.08
219,4,"(4, 39)",1,-0.08
219,5,"(5, 39)",1,-0.08
219,6,"(6, 39)",1,-0.08
219,7,"(7, 39)",1,-0.08
219,8,"(8, 39)",1,-0.08
219,9,"(9, 39)",1,-0.08
219,10,"(10, 39)",1,-0.08
219,11,"(11, 39)",0,-0.08
219,12,"(11, 38)",0,-0.08
219,13,"(11, 37)",1,-0.08
219,14,"(12, 37)",1,-0.08
219,15,"(13, 37)",1,-0.08
219,16,"(14, 37)",1,-0.08
219,17,"(15, 37)",1,-0.08
219,18,"(16, 37)",1,-0.08
219,19,"(17, 37)",0,-0.08
219,20,"(17, 36)",0,-0.08
219,21,"(17, 35)",0,-0.08
219,22,"(17, 34)",1,-0.08
219,23,"(18, 34)",1,-0.08
219,24,"(19, 34)",0,-0.08
219,25,"(19, 33)",0,-0.08
219,26,"(19, 32)",0,-0.08
219,27,"(19, 31)",0,-0.08
219,28,"(19, 30)",0,-0.08
219,29,"(19, 29)",1,-0.08
219,30,"(20, 29)",0,-0.08
219,31,"(20, 28)",0,-0.08
219,32,"(20, 27)",1,-0.08
219,33,"(21, 27)",0,-0.08
219,34,"(21, 26)",1,-0.08
219,35,"(22, 26)",1,-0.08
219,36,"(23, 26)",0,-0.08
219,37,"(23, 25)",1,-0.08
219,38,"(24, 25)",1,-0.08
219,39,"(25, 25)",0,-0.08
219,40,"(25, 24)",0,-0.08
219,41,"(25, 23)",0,-0.08
219,42,"(25, 22)",0,-0.08
219,43,"(25, 21)",0,-0.08
219,44,"(25, 20)",0,-0.08
219,45,"(25, 19)",0,-0.08
219,46,"(25, 18)",1,-0.08
219,47,"(26, 18)",1,-0.08
219,48,"(27, 18)",0,-0.08
219,49,"(27, 17)",0,-0.08
219,50,"(27, 16)",1,-0.08
219,51,"(28, 16)",1,-0.08
219,52,"(29, 16)",0,-0.08
219,53,"(29, 15)",1,-0.08
219,54,"(30, 15)",1,-0.08
219,55,"(31, 15)",0,-0.08
219,56,"(31, 14)",0,-0.08
219,57,"(31, 13)",1,-0.08
219,58,"(32, 13)",1,-0.08
219,59,"(33, 13)",1,-0.08
219,60,"(34, 13)",1,-0.08
219,61,"(35, 13)",1,-0.08
219,62,"(36, 13)",1,-0.08
219,63,"(37, 13)",1,-0.08
219,64,"(38, 13)",1,-0.08
219,65,"(39, 13)",1,-0.08
219,66,"(40, 13)",1,-0.08
219,67,"(41, 13)",1,-0.08
219,68,"(42, 13)",1,-0.08
219,69,"(43, 13)",1,-0.08
219,70,"(44, 13)",1,-0.08
219,71,"(45, 13)",0,-0.08
219,72,"(45, 12)",0,-0.08
219,73,"(45, 11)",0,-0.08
219,74,"(45, 10)",0,-0.08
219,75,"(45, 9)",0,-0.08
219,76,"(45, 8)",1,-0.08
219,77,"(46, 8)",0,-0.08
219,78,"(46, 7)",1,-0.08
219,79,"(47, 7)",0,-0.08
219,80,"(47, 6)",1,-0.08
219,81,"(48, 6)",1,-0.08
219,82,"(49, 6)",0,-0.08
219,83,"(49, 5)",1,-0.08
219,84,"(50, 5)",1,-0.08
219,85,"(51, 5)",0,-0.08
219,86,"(51, 4)",0,-0.08
219,87,"(51, 3)",0,-0.08
219,88,"(51, 2)",0,-0.08
219,89,"(51, 1)",1,-0.08
219,90,"(52, 1)",1,-0.08
219,91,"(53, 1)",1,-0.08
219,92,"(54, 1)",1,-0.08
219,93,"(55, 1)",1,-0.08
219,94,"(56, 1)",1,-0.08
219,95,"(57, 1)",1,-0.08
219,96,"(58, 1)",1,-0.08
219,97,"(59, 1)",1,-0.08
219,98,"(60, 1)",1,-0.08
219,99,"(61, 1)",1,-0.08
219,100,"(62, 1)",1,-0.08
219,101,"(63, 1)",1,-0.08
219,102,"(64, 1)",1,-0.08
219,103,"(65, 1)",1,-0.08
219,104,"(66, 1)",1,-0.08
219,105,"(67, 1)",1,-0.08
219,106,"(68, 1)",1,-0.08
219,107,"(69, 1)",1,-0.08
219,108,"(70, 1)",1,-0.08
219,109,"(71, 1)",2,-0.08
219,110,"(71, 2)",2,-0.08
219,111,"(71, 3)",1,-0.08
219,112,"(72, 3)",1,-0.08
219,113,"(73, 3)",1,-0.08
219,114,"(74, 3)",1,-0.08
219,115,"(75, 3)",1,-0.08
219,116,"(76, 3)",1,-0.08
219,117,"(77, 3)",0,-0.08
219,118,"(77, 2)",0,-0.08
219,119,"(77, 1)",1,-0.08
219,120,"(78, 1)",0,-0.08
219,121,"(78, 0)",1,8.33
220,0,"(0, 39)",1,-0.08
220,1,"(1, 39)",1,-0.08
220,2,"(2, 39)",1,-0.08
220,3,"(3, 39)",1,-0.08
220,4,"(4, 39)",1,-0.08
220,5,"(5, 39)",1,-0.08
220,6,"(6, 39)",1,-0.08
220,7,"(7, 39)",1,-0.08
220,8,"(8, 39)",1,-0.08
220,9,"(9, 39)",1,-0.08
220,10,"(10, 39)",1,-0.08
220,11,"(11, 39)",1,-0.08
220,12,"(12, 39)",1,-0.08
220,13,"(13, 39)",1,-0.08
220,14,"(14, 39)",0,-0.08
220,15,"(14, 38)",0,-0.08
220,16,"(14, 37)",1,-0.08
220,17,"(15, 37)",1,-0.08
220,18,"(16, 37)",0,-0.08
220,19,"(16, 36)",1,-0.08
220,20,"(17, 36)",0,-0.08
220,21,"(17, 35)",0,-0.08
220,22,"(17, 34)",1,-0.08
220,23,"(18, 34)",0,-0.08
220,24,"(18, 33)",1,-0.08
220,25,"(19, 33)",0,-0.08
220,26,"(19, 32)",0,-0.08
220,27,"(19, 31)",0,-0.08
220,28,"(19, 30)",0,-0.08
220,29,"(19, 29)",1,-0.08
220,30,"(20, 29)",0,-0.08
220,31,"(20, 28)",0,-0.08
220,32,"(20, 27)",1,-0.08
220,33,"(21, 27)",0,-0.08
220,34,"(21, 26)",0,-0.08
220,35,"(21, 25)",1,-0.08
220,36,"(22, 25)",0,-0.08
220,37,"(22, 24)",0,-0.08
220,38,"(22, 23)",1,-0.08
220,39,"(23, 23)",1,-0.08
220,40,"(24, 23)",1,-0.08
220,41,"(25, 23)",0,-0.08
220,42,"(25, 22)",0,-0.08
220,43,"(25, 21)",0,-0.08
220,44,"(25, 20)",0,-0.08
220,45,"(25, 19)",0,-0.08
220,46,"(25, 18)",1,-0.08
220,47,"(26, 18)",1,-0.08
220,48,"(27, 18)",0,-0.08
220,49,"(27, 17)",1,-0.08
220,50,"(28, 17)",0,-0.08
220,51,"(28, 16)",1,-0.08
220,52,"(29, 16)",0,-0.08
220,53,"(29, 15)",1,-0.08
220,54,"(30, 15)",1,-0.08
220,55,"(31, 15)",0,-0.08
220,56,"(31, 14)",0,-0.08
220,57,"(31, 13)",1,-0.08
220,58,"(32, 13)",1,-0.08
220,59,"(33, 13)",1,-0.08
220,60,"(34, 13)",1,-0.08
220,61,"(35, 13)",1,-0.08
220,62,"(36, 13)",1,-0.08
220,63,"(37, 13)",1,-0.08
220,64,"(38, 13)",1,-0.08
220,65,"(39, 13)",1,-0.08
220,66,"(40, 13)",1,-0.08
220,67,"(41, 13)",0,-0.08
220,68,"(41, 12)",0,-0.08
220,69,"(41, 11)",1,-0.08
220,70,"(42, 11)",1,-0.08
220,71,"(43, 11)",1,-0.08
220,72,"(44, 11)",1,-0.08
220,73,"(45, 11)",0,-0.08
220,74,"(45, 10)",0,-0.08
220,75,"(45, 9)",1,-0.08
220,76,"(46, 9)",0,-0.08
220,77,"(46, 8)",0,-0.08
220,78,"(46, 7)",1,-0.08
220,79,"(47, 7)",0,-0.08
220,80,"(47, 6)",1,-0.08
220,81,"(48, 6)",1,-0.08
220,82,"(49, 6)",0,-0.08
220,83,"(49, 5)",1,-0.08
220,84,"(50, 5)",1,-0.08
220,85,"(51, 5)",0,-0.08
220,86,"(51, 4)",0,-0.08
220,87,"(51, 3)",0,-0.08
220,88,"(51, 2)",0,-0.08
220,89,"(51, 1)",1,-0.08
220,90,"(52, 1)",1,-0.08
220,91,"(53, 1)",1,-0.08
220,92,"(54, 1)",1,-0.08
220,93,"(55, 1)",1,-0.08
220,94,"(56, 1)",1,-0.08
220,95,"(57, 1)",1,-0.08
220,96,"(58, 1)",1,-0.08
220,97,"(59, 1)",1,-0.08
220,98,"(60, 1)",1,-0.08
220,99,"(61, 1)",1,-0.08
220,100,"(62, 1)",1,-0.08
220,101,"(63, 1)",1,-0.08
220,102,"(64, 1)",1,-0.08
220,103,"(65, 1)",1,-0.08
220,104,"(66, 1)",1,-0.08
220,105,"(67, 1)",1,-0.08
220,106,"(68, 1)",1,-0.08
220,107,"(69, 1)",1,-0.08
220,108,"(70, 1)",1,-0.08
220,109,"(71, 1)",2,-0.08
220,110,"(71, 2)",2,-0.08
220,111,"(71, 3)",1,-0.08
220,112,"(72, 3)",1,-0.08
220,113,"(73, 3)",1,-0.08
220,114,"(74, 3)",1,-0.08
220,115,"(75, 3)",1,-0.08
220,116,"(76, 3)",1,-0.08
220,117,"(77, 3)",0,-0.08
220,118,"(77, 2)",0,-0.08
220,119,"(77, 1)",0,-0.08
220,120,"(77, 0)",1,-0.08
220,121,"(78, 0)",1,8.33
221,0,"(0, 39)",1,-0.08
221,1,"(1, 39)",1,-0.08
221,2,"(2, 39)",1,-0.08
221,3,"(3, 39)",1,-0.08
221,4,"(4, 39)",1,-0.08
221,5,"(5, 39)",1,-0.08
221,6,"(6, 39)",1,-0.08
221,7,"(7, 39)",1,-0.08
221,8,"(8, 39)",1,-0.08
221,9,"(9, 39)",1,-0.08
221,10,"(10, 39)",1,-0.08
221,11,"(11, 39)",1,-0.08
221,12,"(12, 39)",1,-0.08
221,13,"(13, 39)",1,-0.08
221,14,"(14, 39)",0,-0.08
221,15,"(14, 38)",0,-0.08
221,16,"(14, 37)",1,-0.08
221,17,"(15, 37)",0,-0.08
221,18,"(15, 36)",1,-0.08
221,19,"(16, 36)",1,-0.08
221,20,"(17, 36)",0,-0.08
221,21,"(17, 35)",0,-0.08
221,22,"(17, 34)",0,-0.08
221,23,"(17, 33)",1,-0.08
221,24,"(18, 33)",1,-0.08
221,25,"(19, 33)",0,-0.08
221,26,"(19, 32)",0,-0.08
221,27,"(19, 31)",0,-0.08
221,28,"(19, 30)",0,-0.08
221,29,"(19, 29)",1,-0.08
221,30,"(20, 29)",0,-0.08
221,31,"(20, 28)",0,-0.08
221,32,"(20, 27)",1,-0.08
221,33,"(21, 27)",0,-0.08
221,34,"(21, 26)",1,-0.08
221,35,"(22, 26)",0,-0.08
221,36,"(22, 25)",0,-0.08
221,37,"(22, 24)",0,-0.08
221,38,"(22, 23)",1,-0.08
221,39,"(23, 23)",1,-0.08
221,40,"(24, 23)",1,-0.08
221,41,"(25, 23)",0,-0.08
221,42,"(25, 22)",0,-0.08
221,43,"(25, 21)",0,-0.08
221,44,"(25, 20)",0,-0.08
221,45,"(25, 19)",0,-0.08
221,46,"(25, 18)",1,-0.08
221,47,"(26, 18)",1,-0.08
221,48,"(27, 18)",0,-0.08
221,49,"(27, 17)",1,-0.08
221,50,"(28, 17)",0,-0.08
221,51,"(28, 16)",1,-0.08
221,52,"(29, 16)",0,-0.08
221,53,"(29, 15)",1,-0.08
221,54,"(30, 15)",1,-0.08
221,55,"(31, 15)",1,-0.08
221,56,"(32, 15)",0,-0.08
221,57,"(32, 14)",0,-0.08
221,58,"(32, 13)",1,-0.08
221,59,"(33, 13)",1,-0.08
221,60,"(34, 13)",1,-0.08
221,61,"(35, 13)",1,-0.08
221,62,"(36, 13)",1,-0.08
221,63,"(37, 13)",1,-0.08
221,64,"(38, 13)",1,-0.08
221,65,"(39, 13)",1,-0.08
221,66,"(40, 13)",1,-0.08
221,67,"(41, 13)",1,-0.08
221,68,"(42, 13)",1,-0.08
221,69,"(43, 13)",0,-0.08
221,70,"(43, 12)",0,-0.08
221,71,"(43, 11)",1,-0.08
221,72,"(44, 11)",1,-0.08
221,73,"(45, 11)",0,-0.08
221,74,"(45, 10)",0,-0.08
221,75,"(45, 9)",1,-0.08
221,76,"(46, 9)",0,-0.08
221,77,"(46, 8)",0,-0.08
221,78,"(46, 7)",0,-0.08
221,79,"(46, 6)",1,-0.08
221,80,"(47, 6)",1,-0.08
221,81,"(48, 6)",1,-0.08
221,82,"(49, 6)",0,-0.08
221,83,"(49, 5)",1,-0.08
221,84,"(50, 5)",1,-0.08
221,85,"(51, 5)",1,-0.08
221,86,"(52, 5)",1,-0.08
221,87,"(53, 5)",0,-0.08
221,88,"(53, 4)",0,-0.08
221,89,"(53, 3)",0,-0.08
221,90,"(53, 2)",0,-0.08
221,91,"(53, 1)",1,-0.08
221,92,"(54, 1)",1,-0.08
221,93,"(55, 1)",1,-0.08
221,94,"(56, 1)",1,-0.08
221,95,"(57, 1)",1,-0.08
221,96,"(58, 1)",1,-0.08
221,97,"(59, 1)",1,-0.08
221,98,"(60, 1)",1,-0.08
221,99,"(61, 1)",1,-0.08
221,100,"(62, 1)",1,-0.08
221,101,"(63, 1)",1,-0.08
221,102,"(64, 1)",1,-0.08
221,103,"(65, 1)",1,-0.08
221,104,"(66, 1)",1,-0.08
221,105,"(67, 1)",1,-0.08
221,106,"(68, 1)",1,-0.08
221,107,"(69, 1)",1,-0.08
221,108,"(70, 1)",1,-0.08
221,109,"(71, 1)",2,-0.08
221,110,"(71, 2)",2,-0.08
221,111,"(71, 3)",1,-0.08
221,112,"(72, 3)",1,-0.08
221,113,"(73, 3)",1,-0.08
221,114,"(74, 3)",1,-0.08
221,115,"(75, 3)",1,-0.08
221,116,"(76, 3)",1,-0.08
221,117,"(77, 3)",0,-0.08
221,118,"(77, 2)",0,-0.08
221,119,"(77, 1)",1,-0.08
221,120,"(78, 1)",0,-0.08
221,121,"(78, 0)",1,8.33
222,0,"(0, 39)",1,-0.08
222,1,"(1, 39)",1,-0.08
222,2,"(2, 39)",1,-0.08
222,3,"(3, 39)",1,-0.08
222,4,"(4, 39)",1,-0.08
222,5,"(5, 39)",1,-0.08
222,6,"(6, 39)",1,-0.08
222,7,"(7, 39)",1,-0.08
222,8,"(8, 39)",1,-0.08
222,9,"(9, 39)",1,-0.08
222,10,"(10, 39)",1,-0.08
222,11,"(11, 39)",0,-0.08
222,12,"(11, 38)",0,-0.08
222,13,"(11, 37)",1,-0.08
222,14,"(12, 37)",1,-0.08
222,15,"(13, 37)",1,-0.08
222,16,"(14, 37)",1,-0.08
222,17,"(15, 37)",1,-0.08
222,18,"(16, 37)",0,-0.08
222,19,"(16, 36)",1,-0.08
222,20,"(17, 36)",0,-0.08
222,21,"(17, 35)",1,-0.08
222,22,"(18, 35)",1,-0.08
222,23,"(19, 35)",0,-0.08
222,24,"(19, 34)",0,-0.08
222,25,"(19, 33)",0,-0.08
222,26,"(19, 32)",0,-0.08
222,27,"(19, 31)",0,-0.08
222,28,"(19, 30)",0,-0.08
222,29,"(19, 29)",1,-0.08
222,30,"(20, 29)",0,-0.08
222,31,"(20, 28)",0,-0.08
222,32,"(20, 27)",1,-0.08
222,33,"(21, 27)",0,-0.08
222,34,"(21, 26)",1,-0.08
222,35,"(22, 26)",0,-0.08
222,36,"(22, 25)",1,-0.08
222,37,"(23, 25)",1,-0.08
222,38,"(24, 25)",1,-0.08
222,39,"(25, 25)",1,-0.08
222,40,"(26, 25)",1,-0.08
222,41,"(27, 25)",1,-0.08
222,42,"(28, 25)",1,-0.08
222,43,"(29, 25)",1,-0.08
222,44,"(30, 25)",1,-0.08
222,45,"(31, 25)",0,-0.08
222,46,"(31, 24)",0,-0.08
222,47,"(31, 23)",1,-0.08
222,48,"(32, 23)",1,-0.08
222,49,"(33, 23)",0,-0.08
222,50,"(33, 22)",0,-0.08
222,51,"(33, 21)",1,-0.08
222,52,"(34, 21)",1,-0.08
222,53,"(35, 21)",1,-0.08
222,54,"(36, 21)",1,-0.08
222,55,"(37, 21)",1,-0.08
222,56,"(38, 21)",1,-0.08
222,57,"(39, 21)",0,-0.08
222,58,"(39, 20)",0,-0.08
222,59,"(39, 19)",0,-0.08
222,60,"(39, 18)",0,-0.08
222,61,"(39, 17)",0,-0.08
222,62,"(39, 16)",0,-0.08
222,63,"(39, 15)",1,-0.08
222,64,"(40, 15)",1,-0.08
222,65,"(41, 15)",0,-0.08
222,66,"(41, 14)",0,-0.08
222,67,"(41, 13)",1,-0.08
222,68,"(42, 13)",1,-0.08
222,69,"(43, 13)",1,-0.08
222,70,"(44, 13)",1,-0.08
222,71,"(45, 13)",0,-0.08
222,72,"(45, 12)",0,-0.08
222,73,"(45, 11)",0,-0.08
222,74,"(45, 10)",0,-0.08
222,75,"(45, 9)",0,-0.08
222,76,"(45, 8)",1,-0.08
222,77,"(46, 8)",0,-0.08
222,78,"(46, 7)",0,-0.08
222,79,"(46, 6)",1,-0.08
222,80,"(47, 6)",1,-0.08
222,81,"(48, 6)",1,-0.08
222,82,"(49, 6)",0,-0.08
222,83,"(49, 5)",1,-0.08
222,84,"(50, 5)",1,-0.08
222,85,"(51, 5)",1,-0.08
222,86,"(52, 5)",1,-0.08
222,87,"(53, 5)",0,-0.08
222,88,"(53, 4)",0,-0.08
222,89,"(53, 3)",0,-0.08
222,90,"(53, 2)",0,-0.08
222,91,"(53, 1)",1,-0.08
222,92,"(54, 1)",1,-0.08
222,93,"(55, 1)",1,-0.08
222,94,"(56, 1)",1,-0.08
222,95,"(57, 1)",1,-0.08
222,96,"(58, 1)",1,-0.08
222,97,"(59, 1)",1,-0.08
222,98,"(60, 1)",1,-0.08
222,99,"(61, 1)",1,-0.08
222,100,"(62, 1)",1,-0.08
222,101,"(63, 1)",1,-0.08
222,102,"(64, 1)",1,-0.08
222,103,"(65, 1)",1,-0.08
222,104,"(66, 1)",1,-0.08
222,105,"(67, 1)",1,-0.08
222,106,"(68, 1)",1,-0.08
222,107,"(69, 1)",1,-0.08
222,108,"(70, 1)",1,-0.08
222,109,"(71, 1)",2,-0.08
222,110,"(71, 2)",2,-0.08
222,111,"(71, 3)",1,-0.08
222,112,"(72, 3)",1,-0.08
222,113,"(73, 3)",0,-0.08
222,114,"(73, 2)",0,-0.08
222,115,"(73, 1)",0,-0.08
222,116,"(73, 0)",1,-0.08
222,117,"(74, 0)",1,-0.08
222,118,"(75, 0)",1,-0.08
222,119,"(76, 0)",1,-0.08
222,120,"(77, 0)",1,-0.08
222,121,"(78, 0)",1,8.33
223,0,"(0, 39)",1,-0.08
223,1,"(1, 39)",1,-0.08
223,2,"(2, 39)",1,-0.08
223,3,"(3, 39)",1,-0.08
223,4,"(4, 39)",1,-0.08
223,5,"(5, 39)",1,-0.08
223,6,"(6, 39)",1,-0.08
223,7,"(7, 39)",1,-0.08
223,8,"(8, 39)",1,-0.08
223,9,"(9, 39)",1,-0.08
223,10,"(10, 39)",1,-0.08
223,11,"(11, 39)",1,-0.08
223,12,"(12, 39)",1,-0.08
223,13,"(13, 39)",1,-0.08
223,14,"(14, 39)",0,-0.08
223,15,"(14, 38)",0,-0.08
223,16,"(14, 37)",1,-0.08
223,17,"(15, 37)",1,-0.08
223,18,"(16, 37)",0,-0.08
223,19,"(16, 36)",1,-0.08
223,20,"(17, 36)",0,-0.08
223,21,"(17, 35)",1,-0.08
223,22,"(18, 35)",1,-0.08
223,23,"(19, 35)",0,-0.08
223,24,"(19, 34)",0,-0.08
223,25,"(19, 33)",0,-0.08
223,26,"(19, 32)",0,-0.08
223,27,"(19, 31)",0,-0.08
223,28,"(19, 30)",0,-0.08
223,29,"(19, 29)",1,-0.08
223,30,"(20, 29)",0,-0.08
223,31,"(20, 28)",0,-0.08
223,32,"(20, 27)",1,-0.08
223,33,"(21, 27)",0,-0.08
223,34,"(21, 26)",1,-0.08
223,35,"(22, 26)",0,-0.08
223,36,"(22, 25)",1,-0.08
223,37,"(23, 25)",1,-0.08
223,38,"(24, 25)",1,-0.08
223,39,"(25, 25)",1,-0.08
223,40,"(26, 25)",1,-0.08
223,41,"(27, 25)",1,-0.08
223,42,"(28, 25)",1,-0.08
223,43,"(29, 25)",1,-0.08
223,44,"(30, 25)",1,-0.08
223,45,"(31, 25)",0,-0.08
223,46,"(31, 24)",0,-0.08
223,47,"(31, 23)",1,-0.08
223,48,"(32, 23)",1,-0.08
223,49,"(33, 23)",0,-0.08
223,50,"(33, 22)",0,-0.08
223,51,"(33, 21)",1,-0.08
223,52,"(34, 21)",1,-0.08
223,53,"(35, 21)",1,-0.08
223,54,"(36, 21)",1,-0.08
223,55,"(37, 21)",1,-0.08
223,56,"(38, 21)",1,-0.08
223,57,"(39, 21)",0,-0.08
223,58,"(39, 20)",1,-0.08
223,59,"(40, 20)",1,-0.08
223,60,"(41, 20)",0,-0.08
223,61,"(41, 19)",0,-0.08
223,62,"(41, 18)",0,-0.08
223,63,"(41, 17)",0,-0.08
223,64,"(41, 16)",1,-0.08
223,65,"(42, 16)",1,-0.08
223,66,"(43, 16)",0,-0.08
223,67,"(43, 15)",1,-0.08
223,68,"(44, 15)",1,-0.08
223,69,"(45, 15)",0,-0.08
223,70,"(45, 14)",0,-0.08
223,71,"(45, 13)",0,-0.08
223,72,"(45, 12)",0,-0.08
223,73,"(45, 11)",0,-0.08
223,74,"(45, 10)",1,-0.08
223,75,"(46, 10)",0,-0.08
223,76,"(46, 9)",0,-0.08
223,77,"(46, 8)",0,-0.08
223,78,"(46, 7)",0,-0.08
223,79,"(46, 6)",1,-0.08
223,80,"(47, 6)",1,-0.08
223,81,"(48, 6)",1,-0.08
223,82,"(49, 6)",0,-0.08
223,83,"(49, 5)",1,-0.08
223,84,"(50, 5)",1,-0.08
223,85,"(51, 5)",0,-0.08
223,86,"(51, 4)",0,-0.08
223,87,"(51, 3)",0,-0.08
223,88,"(51, 2)",0,-0.08
223,89,"(51, 1)",1,-0.08
223,90,"(52, 1)",1,-0.08
223,91,"(53, 1)",1,-0.08
223,92,"(54, 1)",1,-0.08
223,93,"(55, 1)",1,-0.08
223,94,"(56, 1)",1,-0.08
223,95,"(57, 1)",1,-0.08
223,96,"(58, 1)",1,-0.08
223,97,"(59, 1)",1,-0.08
223,98,"(60, 1)",1,-0.08
223,99,"(61, 1)",1,-0.08
223,100,"(62, 1)",1,-0.08
223,101,"(63, 1)",1,-0.08
223,102,"(64, 1)",1,-0.08
223,103,"(65, 1)",1,-0.08
223,104,"(66, 1)",1,-0.08
223,105,"(67, 1)",1,-0.08
223,106,"(68, 1)",1,-0.08
223,107,"(69, 1)",1,-0.08
223,108,"(70, 1)",1,-0.08
223,109,"(71, 1)",2,-0.08
223,110,"(71, 2)",2,-0.08
223,111,"(71, 3)",1,-0.08
223,112,"(72, 3)",1,-0.08
223,113,"(73, 3)",0,-0.08
223,114,"(73, 2)",0,-0.08
223,115,"(73, 1)",1,-0.08
223,116,"(74, 1)",1,-0.08
223,117,"(75, 1)",0,-0.08
223,118,"(75, 0)",1,-0.08
223,119,"(76, 0)",1,-0.08
223,120,"(77, 0)",1,-0.08
223,121,"(78, 0)",1,8.33
224,0,"(0, 39)",1,-0.08
224,1,"(1, 39)",1,-0.08
224,2,"(2, 39)",1,-0.08
224,3,"(3, 39)",1,-0.08
224,4,"(4, 39)",1,-0.08
224,5,"(5, 39)",1,-0.08
224,6,"(6, 39)",1,-0.08
224,7,"(7, 39)",1,-0.08
224,8,"(8, 39)",1,-0.08
224,9,"(9, 39)",1,-0.08
224,10,"(10, 39)",1,-0.08
224,11,"(11, 39)",0,-0.08
224,12,"(11, 38)",0,-0.08
224,13,"(11, 37)",1,-0.08
224,14,"(12, 37)",1,-0.08
224,15,"(13, 37)",1,-0.08
224,16,"(14, 37)",1,-0.08
224,17,"(15, 37)",0,-0.08
224,18,"(15, 36)",1,-0.08
224,19,"(16, 36)",1,-0.08
224,20,"(17, 36)",0,-0.08
224,21,"(17, 35)",0,-0.08
224,22,"(17, 34)",0,-0.08
224,23,"(17, 33)",1,-0.08
224,24,"(18, 33)",1,-0.08
224,25,"(19, 33)",0,-0.08
224,26,"(19, 32)",0,-0.08
224,27,"(19, 31)",0,-0.08
224,28,"(19, 30)",0,-0.08
224,29,"(19, 29)",1,-0.08
224,30,"(20, 29)",0,-0.08
224,31,"(20, 28)",0,-0.08
224,32,"(20, 27)",1,-0.08
224,33,"(21, 27)",0,-0.08
224,34,"(21, 26)",0,-0.08
224,35,"(21, 25)",1,-0.08
224,36,"(22, 25)",0,-0.08
224,37,"(22, 24)",0,-0.08
224,38,"(22, 23)",1,-0.08
224,39,"(23, 23)",1,-0.08
224,40,"(24, 23)",1,-0.08
224,41,"(25, 23)",0,-0.08
224,42,"(25, 22)",0,-0.08
224,43,"(25, 21)",0,-0.08
224,44,"(25, 20)",0,-0.08
224,45,"(25, 19)",0,-0.08
224,46,"(25, 18)",1,-0.08
224,47,"(26, 18)",1,-0.08
224,48,"(27, 18)",0,-0.08
224,49,"(27, 17)",0,-0.08
224,50,"(27, 16)",1,-0.08
224,51,"(28, 16)",1,-0.08
224,52,"(29, 16)",0,-0.08
224,53,"(29, 15)",1,-0.08
224,54,"(30, 15)",1,-0.08
224,55,"(31, 15)",0,-0.08
224,56,"(31, 14)",0,-0.08
224,57,"(31, 13)",1,-0.08
224,58,"(32, 13)",1,-0.08
224,59,"(33, 13)",1,-0.08
224,60,"(34, 13)",1,-0.08
224,61,"(35, 13)",1,-0.08
224,62,"(36, 13)",1,-0.08
224,63,"(37, 13)",1,-0.08
224,64,"(38, 13)",1,-0.08
224,65,"(39, 13)",0,-0.08
224,66,"(39, 12)",0,-0.08
224,67,"(39, 11)",1,-0.08
224,68,"(40, 11)",1,-0.08
224,69,"(41, 11)",1,-0.08
224,70,"(42, 11)",1,-0.08
224,71,"(43, 11)",1,-0.08
224,72,"(44, 11)",1,-0.08
224,73,"(45, 11)",0,-0.08
224,74,"(45, 10)",1,-0.08
224,75,"(46, 10)",0,-0.08
224,76,"(46, 9)",0,-0.08
224,77,"(46, 8)",0,-0.08
224,78,"(46, 7)",0,-0.08
224,79,"(46, 6)",1,-0.08
224,80,"(47, 6)",1,-0.08
224,81,"(48, 6)",1,-0.08
224,82,"(49, 6)",0,-0.08
224,83,"(49, 5)",1,-0.08
224,84,"(50, 5)",1,-0.08
224,85,"(51, 5)",0,-0.08
224,86,"(51, 4)",0,-0.08
224,87,"(51, 3)",0,-0.08
224,88,"(51, 2)",0,-0.08
224,89,"(51, 1)",1,-0.08
224,90,"(52, 1)",1,-0.08
224,91,"(53, 1)",1,-0.08
224,92,"(54, 1)",1,-0.08
224,93,"(55, 1)",1,-0.08
224,94,"(56, 1)",1,-0.08
224,95,"(57, 1)",1,-0.08
224,96,"(58, 1)",1,-0.08
224,97,"(59, 1)",1,-0.08
224,98,"(60, 1)",1,-0.08
224,99,"(61, 1)",1,-0.08
224,100,"(62, 1)",1,-0.08
224,101,"(63, 1)",1,-0.08
224,102,"(64, 1)",1,-0.08
224,103,"(65, 1)",1,-0.08
224,104,"(66, 1)",1,-0.08
224,105,"(67, 1)",1,-0.08
224,106,"(68, 1)",1,-0.08
224,107,"(69, 1)",1,-0.08
224,108,"(70, 1)",1,-0.08
224,109,"(71, 1)",2,-0.08
224,110,"(71, 2)",2,-0.08
224,111,"(71, 3)",1,-0.08
224,112,"(72, 3)",1,-0.08
224,113,"(73, 3)",1,-0.08
224,114,"(74, 3)",1,-0.08
224,115,"(75, 3)",1,-0.08
224,116,"(76, 3)",1,-0.08
224,117,"(77, 3)",0,-0.08
224,118,"(77, 2)",0,-0.08
224,119,"(77, 1)",1,-0.08
224,120,"(78, 1)",1,-0.08
224,121,"(79, 1)",0,8.33
225,0,"(0, 39)",1,-0.08
225,1,"(1, 39)",1,-0.08
225,2,"(2, 39)",1,-0.08
225,3,"(3, 39)",1,-0.08
225,4,"(4, 39)",1,-0.08
225,5,"(5, 39)",1,-0.08
225,6,"(6, 39)",1,-0.08
225,7,"(7, 39)",1,-0.08
225,8,"(8, 39)",1,-0.08
225,9,"(9, 39)",1,-0.08
225,10,"(10, 39)",1,-0.08
225,11,"(11, 39)",1,-0.08
225,12,"(12, 39)",1,-0.08
225,13,"(13, 39)",1,-0.08
225,14,"(14, 39)",0,-0.08
225,15,"(14, 38)",0,-0.08
225,16,"(14, 37)",1,-0.08
225,17,"(15, 37)",0,-0.08
225,18,"(15, 36)",1,-0.08
225,19,"(16, 36)",1,-0.08
225,20,"(17, 36)",0,-0.08
225,21,"(17, 35)",0,-0.08
225,22,"(17, 34)",0,-0.08
225,23,"(17, 33)",1,-0.08
225,24,"(18, 33)",1,-0.08
225,25,"(19, 33)",0,-0.08
225,26,"(19, 32)",0,-0.08
225,27,"(19, 31)",0,-0.08
225,28,"(19, 30)",0,-0.08
225,29,"(19, 29)",1,-0.08
225,30,"(20, 29)",0,-0.08
225,31,"(20, 28)",0,-0.08
225,32,"(20, 27)",1,-0.08
225,33,"(21, 27)",0,-0.08
225,34,"(21, 26)",0,-0.08
225,35,"(21, 25)",1,-0.08
225,36,"(22, 25)",0,-0.08
225,37,"(22, 24)",0,-0.08
225,38,"(22, 23)",1,-0.08
225,39,"(23, 23)",1,-0.08
225,40,"(24, 23)",1,-0.08
225,41,"(25, 23)",0,-0.08
225,42,"(25, 22)",0,-0.08
225,43,"(25, 21)",1,-0.08
225,44,"(26, 21)",1,-0.08
225,45,"(27, 21)",0,-0.08
225,46,"(27, 20)",1,-0.08
225,47,"(28, 20)",0,-0.08
225,48,"(28, 19)",1,-0.08
225,49,"(29, 19)",1,-0.08
225,50,"(30, 19)",1,-0.08
225,51,"(31, 19)",0,-0.08
225,52,"(31, 18)",0,-0.08
225,53,"(31, 17)",1,-0.08
225,54,"(32, 17)",1,-0.08
225,55,"(33, 17)",1,-0.08
225,56,"(34, 17)",1,-0.08
225,57,"(35, 17)",0,-0.08
225,58,"(35, 16)",0,-0.08
225,59,"(35, 15)",0,-0.08
225,60,"(35, 14)",0,-0.08
225,61,"(35, 13)",1,-0.08
225,62,"(36, 13)",1,-0.08
225,63,"(37, 13)",1,-0.08
225,64,"(38, 13)",1,-0.08
225,65,"(39, 13)",1,-0.08
225,66,"(40, 13)",1,-0.08
225,67,"(41, 13)",0,-0.08
225,68,"(41, 12)",0,-0.08
225,69,"(41, 11)",1,-0.08
225,70,"(42, 11)",1,-0.08
225,71,"(43, 11)",1,-0.08
225,72,"(44, 11)",1,-0.08
225,73,"(45, 11)",0,-0.08
225,74,"(45, 10)",1,-0.08
225,75,"(46, 10)",0,-0.08
225,76,"(46, 9)",0,-0.08
225,77,"(46, 8)",0,-0.08
225,78,"(46, 7)",0,-0.08
225,79,"(46, 6)",1,-0.08
225,80,"(47, 6)",1,-0.08
225,81,"(48, 6)",1,-0.08
225,82,"(49, 6)",0,-0.08
225,83,"(49, 5)",1,-0.08
225,84,"(50, 5)",1,-0.08
225,85,"(51, 5)",1,-0.08
225,86,"(52, 5)",1,-0.08
225,87,"(53, 5)",0,-0.08
225,88,"(53, 4)",0,-0.08
225,89,"(53, 3)",0,-0.08
225,90,"(53, 2)",0,-0.08
225,91,"(53, 1)",1,-0.08
225,92,"(54, 1)",1,-0.08
225,93,"(55, 1)",1,-0.08
225,94,"(56, 1)",1,-0.08
225,95,"(57, 1)",1,-0.08
225,96,"(58, 1)",1,-0.08
225,97,"(59, 1)",1,-0.08
225,98,"(60, 1)",1,-0.08
225,99,"(61, 1)",1,-0.08
225,100,"(62, 1)",1,-0.08
225,101,"(63, 1)",1,-0.08
225,102,"(64, 1)",1,-0.08
225,103,"(65, 1)",1,-0.08
225,104,"(66, 1)",1,-0.08
225,105,"(67, 1)",1,-0.08
225,106,"(68, 1)",1,-0.08
225,107,"(69, 1)",1,-0.08
225,108,"(70, 1)",1,-0.08
225,109,"(71, 1)",2,-0.08
225,110,"(71, 2)",2,-0.08
225,111,"(71, 3)",1,-0.08
225,112,"(72, 3)",1,-0.08
225,113,"(73, 3)",1,-0.08
225,114,"(74, 3)",1,-0.08
225,115,"(75, 3)",1,-0.08
225,116,"(76, 3)",1,-0.08
225,117,"(77, 3)",0,-0.08
225,118,"(77, 2)",0,-0.08
225,119,"(77, 1)",1,-0.08
225,120,"(78, 1)",1,-0.08
225,121,"(79, 1)",0,8.33
226,0,"(0, 39)",1,-0.08
226,1,"(1, 39)",1,-0.08
226,2,"(2, 39)",1,-0.08
226,3,"(3, 39)",1,-0.08
226,4,"(4, 39)",1,-0.08
226,5,"(5, 39)",1,-0.08
226,6,"(6, 39)",1,-0.08
226,7,"(7, 39)",1,-0.08
226,8,"(8, 39)",1,-0.08
226,9,"(9, 39)",1,-0.08
226,10,"(10, 39)",1,-0.08
226,11,"(11, 39)",0,-0.08
226,12,"(11, 38)",0,-0.08
226,13,"(11, 37)",1,-0.08
226,14,"(12, 37)",1,-0.08
226,15,"(13, 37)",1,-0.08
226,16,"(14, 37)",1,-0.08
226,17,"(15, 37)",0,-0.08
226,18,"(15, 36)",1,-0.08
226,19,"(16, 36)",1,-0.08
226,20,"(17, 36)",0,-0.08
226,21,"(17, 35)",1,-0.08
226,22,"(18, 35)",1,-0.08
226,23,"(19, 35)",0,-0.08
226,24,"(19, 34)",0,-0.08
226,25,"(19, 33)",0,-0.08
226,26,"(19, 32)",0,-0.08
226,27,"(19, 31)",0,-0.08
226,28,"(19, 30)",0,-0.08
226,29,"(19, 29)",1,-0.08
226,30,"(20, 29)",0,-0.08
226,31,"(20, 28)",0,-0.08
226,32,"(20, 27)",1,-0.08
226,33,"(21, 27)",0,-0.08
226,34,"(21, 26)",0,-0.08
226,35,"(21, 25)",1,-0.08
226,36,"(22, 25)",1,-0.08
226,37,"(23, 25)",1,-0.08
226,38,"(24, 25)",1,-0.08
226,39,"(25, 25)",1,-0.08
226,40,"(26, 25)",1,-0.08
226,41,"(27, 25)",1,-0.08
226,42,"(28, 25)",1,-0.08
226,43,"(29, 25)",1,-0.08
226,44,"(30, 25)",1,-0.08
226,45,"(31, 25)",0,-0.08
226,46,"(31, 24)",0,-0.08
226,47,"(31, 23)",1,-0.08
226,48,"(32, 23)",1,-0.08
226,49,"(33, 23)",0,-0.08
226,50,"(33, 22)",0,-0.08
226,51,"(33, 21)",1,-0.08
226,52,"(34, 21)",1,-0.08
226,53,"(35, 21)",0,-0.08
226,54,"(35, 20)",0,-0.08
226,55,"(35, 19)",0,-0.08
226,56,"(35, 18)",0,-0.08
226,57,"(35, 17)",1,-0.08
226,58,"(36, 17)",1,-0.08
226,59,"(37, 17)",1,-0.08
226,60,"(38, 17)",1,-0.08
226,61,"(39, 17)",0,-0.08
226,62,"(39, 16)",0,-0.08
226,63,"(39, 15)",1,-0.08
226,64,"(40, 15)",0,-0.08
226,65,"(40, 14)",0,-0.08
226,66,"(40, 13)",1,-0.08
226,67,"(41, 13)",1,-0.08
226,68,"(42, 13)",1,-0.08
226,69,"(43, 13)",0,-0.08
226,70,"(43, 12)",0,-0.08
226,71,"(43, 11)",1,-0.08
226,72,"(44, 11)",1,-0.08
226,73,"(45, 11)",0,-0.08
226,74,"(45, 10)",0,-0.08
226,75,"(45, 9)",1,-0.08
226,76,"(46, 9)",0,-0.08
226,77,"(46, 8)",0,-0.08
226,78,"(46, 7)",0,-0.08
226,79,"(46, 6)",1,-0.08
226,80,"(47, 6)",1,-0.08
226,81,"(48, 6)",1,-0.08
226,82,"(49, 6)",0,-0.08
226,83,"(49, 5)",1,-0.08
226,84,"(50, 5)",1,-0.08
226,85,"(51, 5)",1,-0.08
226,86,"(52, 5)",1,-0.08
226,87,"(53, 5)",0,-0.08
226,88,"(53, 4)",0,-0.08
226,89,"(53, 3)",0,-0.08
226,90,"(53, 2)",0,-0.08
226,91,"(53, 1)",1,-0.08
226,92,"(54, 1)",1,-0.08
226,93,"(55, 1)",1,-0.08
226,94,"(56, 1)",1,-0.08
226,95,"(57, 1)",1,-0.08
226,96,"(58, 1)",1,-0.08
226,97,"(59, 1)",1,-0.08
226,98,"(60, 1)",1,-0.08
226,99,"(61, 1)",1,-0.08
226,100,"(62, 1)",1,-0.08
226,101,"(63, 1)",1,-0.08
226,102,"(64, 1)",1,-0.08
226,103,"(65, 1)",1,-0.08
226,104,"(66, 1)",1,-0.08
226,105,"(67, 1)",1,-0.08
226,106,"(68, 1)",1,-0.08
226,107,"(69, 1)",1,-0.08
226,108,"(70, 1)",1,-0.08
226,109,"(71, 1)",2,-0.08
226,110,"(71, 2)",2,-0.08
226,111,"(71, 3)",1,-0.08
226,112,"(72, 3)",1,-0.08
226,113,"(73, 3)",0,-0.08
226,114,"(73, 2)",0,-0.08
226,115,"(73, 1)",1,-0.08
226,116,"(74, 1)",1,-0.08
226,117,"(75, 1)",0,-0.08
226,118,"(75, 0)",1,-0.08
226,119,"(76, 0)",1,-0.08
226,120,"(77, 0)",1,-0.08
226,121,"(78, 0)",1,8.33
227,0,"(0, 39)",1,-0.08
227,1,"(1, 39)",1,-0.08
227,2,"(2, 39)",1,-0.08
227,3,"(3, 39)",1,-0.08
227,4,"(4, 39)",1,-0.08
227,5,"(5, 39)",1,-0.08
227,6,"(6, 39)",1,-0.08
227,7,"(7, 39)",1,-0.08
227,8,"(8, 39)",1,-0.08
227,9,"(9, 39)",1,-0.08
227,10,"(10, 39)",0,-0.08
227,11,"(10, 38)",1,-0.08
227,12,"(11, 38)",0,-0.08
227,13,"(11, 37)",1,-0.08
227,14,"(12, 37)",1,-0.08
227,15,"(13, 37)",1,-0.08
227,16,"(14, 37)",1,-0.08
227,17,"(15, 37)",0,-0.08
227,18,"(15, 36)",0,-0.08
227,19,"(15, 35)",0,-0.08
227,20,"(15, 34)",0,-0.08
227,21,"(15, 33)",1,-0.08
227,22,"(16, 33)",1,-0.08
227,23,"(17, 33)",1,-0.08
227,24,"(18, 33)",1,-0.08
227,25,"(19, 33)",0,-0.08
227,26,"(19, 32)",0,-0.08
227,27,"(19, 31)",0,-0.08
227,28,"(19, 30)",0,-0.08
227,29,"(19, 29)",1,-0.08
227,30,"(20, 29)",0,-0.08
227,31,"(20, 28)",0,-0.08
227,32,"(20, 27)",1,-0.08
227,33,"(21, 27)",0,-0.08
227,34,"(21, 26)",0,-0.08
227,35,"(21, 25)",1,-0.08
227,36,"(22, 25)",1,-0.08
227,37,"(23, 25)",1,-0.08
227,38,"(24, 25)",1,-0.08
227,39,"(25, 25)",0,-0.08
227,40,"(25, 24)",0,-0.08
227,41,"(25, 23)",0,-0.08
227,42,"(25, 22)",0,-0.08
227,43,"(25, 21)",1,-0.08
227,44,"(26, 21)",1,-0.08
227,45,"(27, 21)",0,-0.08
227,46,"(27, 20)",0,-0.08
227,47,"(27, 19)",1,-0.08
227,48,"(28, 19)",1,-0.08
227,49,"(29, 19)",1,-0.08
227,50,"(30, 19)",1,-0.08
227,51,"(31, 19)",0,-0.08
227,52,"(31, 18)",0,-0.08
227,53,"(31, 17)",1,-0.08
227,54,"(32, 17)",0,-0.08
227,55,"(32, 16)",0,-0.08
227,56,"(32, 15)",0,-0.08
227,57,"(32, 14)",0,-0.08
227,58,"(32, 13)",1,-0.08
227,59,"(33, 13)",1,-0.08
227,60,"(34, 13)",1,-0.08
227,61,"(35, 13)",1,-0.08
227,62,"(36, 13)",1,-0.08
227,63,"(37, 13)",1,-0.08
227,64,"(38, 13)",1,-0.08
227,65,"(39, 13)",0,-0.08
227,66,"(39, 12)",0,-0.08
227,67,"(39, 11)",1,-0.08
227,68,"(40, 11)",1,-0.08
227,69,"(41, 11)",1,-0.08
227,70,"(42, 11)",1,-0.08
227,71,"(43, 11)",1,-0.08
227,72,"(44, 11)",1,-0.08
227,73,"(45, 11)",0,-0.08
227,74,"(45, 10)",1,-0.08
227,75,"(46, 10)",0,-0.08
227,76,"(46, 9)",0,-0.08
227,77,"(46, 8)",0,-0.08
227,78,"(46, 7)",0,-0.08
227,79,"(46, 6)",1,-0.08
227,80,"(47, 6)",1,-0.08
227,81,"(48, 6)",1,-0.08
227,82,"(49, 6)",0,-0.08
227,83,"(49, 5)",1,-0.08
227,84,"(50, 5)",1,-0.08
227,85,"(51, 5)",0,-0.08
227,86,"(51, 4)",0,-0.08
227,87,"(51, 3)",0,-0.08
227,88,"(51, 2)",1,-0.08
227,89,"(52, 2)",1,-0.08
227,90,"(53, 2)",0,-0.08
227,91,"(53, 1)",1,-0.08
227,92,"(54, 1)",1,-0.08
227,93,"(55, 1)",1,-0.08
227,94,"(56, 1)",1,-0.08
227,95,"(57, 1)",1,-0.08
227,96,"(58, 1)",1,-0.08
227,97,"(59, 1)",1,-0.08
227,98,"(60, 1)",1,-0.08
227,99,"(61, 1)",1,-0.08
227,100,"(62, 1)",1,-0.08
227,101,"(63, 1)",1,-0.08
227,102,"(64, 1)",1,-0.08
227,103,"(65, 1)",1,-0.08
227,104,"(66, 1)",1,-0.08
227,105,"(67, 1)",1,-0.08
227,106,"(68, 1)",1,-0.08
227,107,"(69, 1)",1,-0.08
227,108,"(70, 1)",1,-0.08
227,109,"(71, 1)",2,-0.08
227,110,"(71, 2)",2,-0.08
227,111,"(71, 3)",1,-0.08
227,112,"(72, 3)",1,-0.08
227,113,"(73, 3)",0,-0.08
227,114,"(73, 2)",0,-0.08
227,115,"(73, 1)",1,-0.08
227,116,"(74, 1)",1,-0.08
227,117,"(75, 1)",1,-0.08
227,118,"(76, 1)",0,-0.08
227,119,"(76, 0)",1,-0.08
227,120,"(77, 0)",1,-0.08
227,121,"(78, 0)",1,8.33
228,0,"(0, 39)",1,-0.08
228,1,"(1, 39)",1,-0.08
228,2,"(2, 39)",1,-0.08
228,3,"(3, 39)",1,-0.08
228,4,"(4, 39)",1,-0.08
228,5,"(5, 39)",1,-0.08
228,6,"(6, 39)",1,-0.08
228,7,"(7, 39)",1,-0.08
228,8,"(8, 39)",1,-0.08
228,9,"(9, 39)",1,-0.08
228,10,"(10, 39)",0,-0.08
228,11,"(10, 38)",1,-0.08
228,12,"(11, 38)",0,-0.08
228,13,"(11, 37)",1,-0.08
228,14,"(12, 37)",1,-0.08
228,15,"(13, 37)",1,-0.08
228,16,"(14, 37)",1,-0.08
228,17,"(15, 37)",1,-0.08
228,18,"(16, 37)",1,-0.08
228,19,"(17, 37)",1,-0.08
228,20,"(18, 37)",1,-0.08
228,21,"(19, 37)",0,-0.08
228,22,"(19, 36)",0,-0.08
228,23,"(19, 35)",0,-0.08
228,24,"(19, 34)",0,-0.08
228,25,"(19, 33)",0,-0.08
228,26,"(19, 32)",0,-0.08
228,27,"(19, 31)",0,-0.08
228,28,"(19, 30)",0,-0.08
228,29,"(19, 29)",1,-0.08
228,30,"(20, 29)",0,-0.08
228,31,"(20, 28)",0,-0.08
228,32,"(20, 27)",1,-0.08
228,33,"(21, 27)",0,-0.08
228,34,"(21, 26)",0,-0.08
228,35,"(21, 25)",1,-0.08
228,36,"(22, 25)",0,-0.08
228,37,"(22, 24)",0,-0.08
228,38,"(22, 23)",1,-0.08
228,39,"(23, 23)",1,-0.08
228,40,"(24, 23)",1,-0.08
228,41,"(25, 23)",0,-0.08
228,42,"(25, 22)",0,-0.08
228,43,"(25, 21)",1,-0.08
228,44,"(26, 21)",1,-0.08
228,45,"(27, 21)",0,-0.08
228,46,"(27, 20)",0,-0.08
228,47,"(27, 19)",1,-0.08
228,48,"(28, 19)",1,-0.08
228,49,"(29, 19)",1,-0.08
228,50,"(30, 19)",1,-0.08
228,51,"(31, 19)",0,-0.08
228,52,"(31, 18)",0,-0.08
228,53,"(31, 17)",1,-0.08
228,54,"(32, 17)",1,-0.08
228,55,"(33, 17)",1,-0.08
228,56,"(34, 17)",1,-0.08
228,57,"(35, 17)",1,-0.08
228,58,"(36, 17)",1,-0.08
228,59,"(37, 17)",0,-0.08
228,60,"(37, 16)",0,-0.08
228,61,"(37, 15)",1,-0.08
228,62,"(38, 15)",0,-0.08
228,63,"(38, 14)",0,-0.08
228,64,"(38, 13)",1,-0.08
228,65,"(39, 13)",0,-0.08
228,66,"(39, 12)",0,-0.08
228,67,"(39, 11)",1,-0.08
228,68,"(40, 11)",1,-0.08
228,69,"(41, 11)",1,-0.08
228,70,"(42, 11)",1,-0.08
228,71,"(43, 11)",1,-0.08
228,72,"(44, 11)",1,-0.08
228,73,"(45, 11)",0,-0.08
228,74,"(45, 10)",1,-0.08
228,75,"(46, 10)",0,-0.08
228,76,"(46, 9)",0,-0.08
228,77,"(46, 8)",0,-0.08
228,78,"(46, 7)",0,-0.08
228,79,"(46, 6)",1,-0.08
228,80,"(47, 6)",1,-0.08
228,81,"(48, 6)",1,-0.08
228,82,"(49, 6)",0,-0.08
228,83,"(49, 5)",1,-0.08
228,84,"(50, 5)",1,-0.08
228,85,"(51, 5)",0,-0.08
228,86,"(51, 4)",0,-0.08
228,87,"(51, 3)",0,-0.08
228,88,"(51, 2)",0,-0.08
228,89,"(51, 1)",1,-0.08
228,90,"(52, 1)",1,-0.08
228,91,"(53, 1)",1,-0.08
228,92,"(54, 1)",1,-0.08
228,93,"(55, 1)",1,-0.08
228,94,"(56, 1)",1,-0.08
228,95,"(57, 1)",1,-0.08
228,96,"(58, 1)",1,-0.08
228,97,"(59, 1)",1,-0.08
228,98,"(60, 1)",1,-0.08
228,99,"(61, 1)",1,-0.08
228,100,"(62, 1)",1,-0.08
228,101,"(63, 1)",1,-0.08
228,102,"(64, 1)",1,-0.08
228,103,"(65, 1)",1,-0.08
228,104,"(66, 1)",1,-0.08
228,105,"(67, 1)",1,-0.08
228,106,"(68, 1)",1,-0.08
228,107,"(69, 1)",1,-0.08
228,108,"(70, 1)",1,-0.08
228,109,"(71, 1)",2,-0.08
228,110,"(71, 2)",2,-0.08
228,111,"(71, 3)",1,-0.08
228,112,"(72, 3)",1,-0.08
228,113,"(73, 3)",1,-0.08
228,114,"(74, 3)",1,-0.08
228,115,"(75, 3)",1,-0.08
228,116,"(76, 3)",1,-0.08
228,117,"(77, 3)",0,-0.08
228,118,"(77, 2)",0,-0.08
228,119,"(77, 1)",0,-0.08
228,120,"(77, 0)",1,-0.08
228,121,"(78, 0)",1,8.33
229,0,"(0, 39)",1,-0.08
229,1,"(1, 39)",1,-0.08
229,2,"(2, 39)",1,-0.08
229,3,"(3, 39)",1,-0.08
229,4,"(4, 39)",1,-0.08
229,5,"(5, 39)",1,-0.08
229,6,"(6, 39)",1,-0.08
229,7,"(7, 39)",1,-0.08
229,8,"(8, 39)",1,-0.08
229,9,"(9, 39)",1,-0.08
229,10,"(10, 39)",1,-0.08
229,11,"(11, 39)",0,-0.08
229,12,"(11, 38)",0,-0.08
229,13,"(11, 37)",1,-0.08
229,14,"(12, 37)",1,-0.08
229,15,"(13, 37)",1,-0.08
229,16,"(14, 37)",1,-0.08
229,17,"(15, 37)",1,-0.08
229,18,"(16, 37)",1,-0.08
229,19,"(17, 37)",0,-0.08
229,20,"(17, 36)",0,-0.08
229,21,"(17, 35)",1,-0.08
229,22,"(18, 35)",1,-0.08
229,23,"(19, 35)",0,-0.08
229,24,"(19, 34)",0,-0.08
229,25,"(19, 33)",0,-0.08
229,26,"(19, 32)",0,-0.08
229,27,"(19, 31)",0,-0.08
229,28,"(19, 30)",0,-0.08
229,29,"(19, 29)",1,-0.08
229,30,"(20, 29)",0,-0.08
229,31,"(20, 28)",0,-0.08
229,32,"(20, 27)",1,-0.08
229,33,"(21, 27)",0,-0.08
229,34,"(21, 26)",0,-0.08
229,35,"(21, 25)",1,-0.08
229,36,"(22, 25)",1,-0.08
229,37,"(23, 25)",1,-0.08
229,38,"(24, 25)",1,-0.08
229,39,"(25, 25)",0,-0.08
229,40,"(25, 24)",0,-0.08
229,41,"(25, 23)",0,-0.08
229,42,"(25, 22)",0,-0.08
229,43,"(25, 21)",1,-0.08
229,44,"(26, 21)",1,-0.08
229,45,"(27, 21)",0,-0.08
229,46,"(27, 20)",1,-0.08
229,47,"(28, 20)",0,-0.08
229,48,"(28, 19)",1,-0.08
229,49,"(29, 19)",1,-0.08
229,50,"(30, 19)",1,-0.08
229,51,"(31, 19)",0,-0.08
229,52,"(31, 18)",1,-0.08
229,53,"(32, 18)",0,-0.08
229,54,"(32, 17)",1,-0.08
229,55,"(33, 17)",1,-0.08
229,56,"(34, 17)",1,-0.08
229,57,"(35, 17)",0,-0.08
229,58,"(35, 16)",0,-0.08
229,59,"(35, 15)",0,-0.08
229,60,"(35, 14)",0,-0.08
229,61,"(35, 13)",1,-0.08
229,62,"(36, 13)",1,-0.08
229,63,"(37, 13)",1,-0.08
229,64,"(38, 13)",1,-0.08
229,65,"(39, 13)",0,-0.08
229,66,"(39, 12)",0,-0.08
229,67,"(39, 11)",1,-0.08
229,68,"(40, 11)",1,-0.08
229,69,"(41, 11)",1,-0.08
229,70,"(42, 11)",1,-0.08
229,71,"(43, 11)",1,-0.08
229,72,"(44, 11)",1,-0.08
229,73,"(45, 11)",0,-0.08
229,74,"(45, 10)",1,-0.08
229,75,"(46, 10)",0,-0.08
229,76,"(46, 9)",0,-0.08
229,77,"(46, 8)",0,-0.08
229,78,"(46, 7)",1,-0.08
229,79,"(47, 7)",0,-0.08
229,80,"(47, 6)",1,-0.08
229,81,"(48, 6)",1,-0.08
229,82,"(49, 6)",0,-0.08
229,83,"(49, 5)",1,-0.08
229,84,"(50, 5)",1,-0.08
229,85,"(51, 5)",1,-0.08
229,86,"(52, 5)",1,-0.08
229,87,"(53, 5)",0,-0.08
229,88,"(53, 4)",0,-0.08
229,89,"(53, 3)",0,-0.08
229,90,"(53, 2)",0,-0.08
229,91,"(53, 1)",1,-0.08
229,92,"(54, 1)",1,-0.08
229,93,"(55, 1)",1,-0.08
229,94,"(56, 1)",1,-0.08
229,95,"(57, 1)",1,-0.08
229,96,"(58, 1)",1,-0.08
229,97,"(59, 1)",1,-0.08
229,98,"(60, 1)",1,-0.08
229,99,"(61, 1)",1,-0.08
229,100,"(62, 1)",1,-0.08
229,101,"(63, 1)",1,-0.08
229,102,"(64, 1)",1,-0.08
229,103,"(65, 1)",1,-0.08
229,104,"(66, 1)",1,-0.08
229,105,"(67, 1)",1,-0.08
229,106,"(68, 1)",1,-0.08
229,107,"(69, 1)",1,-0.08
229,108,"(70, 1)",1,-0.08
229,109,"(71, 1)",2,-0.08
229,110,"(71, 2)",2,-0.08
229,111,"(71, 3)",1,-0.08
229,112,"(72, 3)",1,-0.08
229,113,"(73, 3)",0,-0.08
229,114,"(73, 2)",0,-0.08
229,115,"(73, 1)",1,-0.08
229,116,"(74, 1)",0,-0.08
229,117,"(74, 0)",1,-0.08
229,118,"(75, 0)",1,-0.08
229,119,"(76, 0)",1,-0.08
229,120,"(77, 0)",1,-0.08
229,121,"(78, 0)",1,8.33
230,0,"(0, 39)",1,-0.08
230,1,"(1, 39)",1,-0.08
230,2,"(2, 39)",1,-0.08
230,3,"(3, 39)",1,-0.08
230,4,"(4, 39)",1,-0.08
230,5,"(5, 39)",1,-0.08
230,6,"(6, 39)",1,-0.08
230,7,"(7, 39)",1,-0.08
230,8,"(8, 39)",1,-0.08
230,9,"(9, 39)",1,-0.08
230,10,"(10, 39)",0,-0.08
230,11,"(10, 38)",0,-0.08
230,12,"(10, 37)",1,-0.08
230,13,"(11, 37)",1,-0.08
230,14,"(12, 37)",1,-0.08
230,15,"(13, 37)",1,-0.08
230,16,"(14, 37)",1,-0.08
230,17,"(15, 37)",0,-0.08
230,18,"(15, 36)",1,-0.08
230,19,"(16, 36)",1,-0.08
230,20,"(17, 36)",0,-0.08
230,21,"(17, 35)",0,-0.08
230,22,"(17, 34)",1,-0.08
230,23,"(18, 34)",1,-0.08
230,24,"(19, 34)",0,-0.08
230,25,"(19, 33)",0,-0.08
230,26,"(19, 32)",0,-0.08
230,27,"(19, 31)",0,-0.08
230,28,"(19, 30)",0,-0.08
230,29,"(19, 29)",1,-0.08
230,30,"(20, 29)",0,-0.08
230,31,"(20, 28)",0,-0.08
230,32,"(20, 27)",1,-0.08
230,33,"(21, 27)",0,-0.08
230,34,"(21, 26)",1,-0.08
230,35,"(22, 26)",1,-0.08
230,36,"(23, 26)",0,-0.08
230,37,"(23, 25)",1,-0.08
230,38,"(24, 25)",1,-0.08
230,39,"(25, 25)",1,-0.08
230,40,"(26, 25)",1,-0.08
230,41,"(27, 25)",1,-0.08
230,42,"(28, 25)",1,-0.08
230,43,"(29, 25)",1,-0.08
230,44,"(30, 25)",1,-0.08
230,45,"(31, 25)",0,-0.08
230,46,"(31, 24)",0,-0.08
230,47,"(31, 23)",1,-0.08
230,48,"(32, 23)",1,-0.08
230,49,"(33, 23)",0,-0.08
230,50,"(33, 22)",0,-0.08
230,51,"(33, 21)",1,-0.08
230,52,"(34, 21)",1,-0.08
230,53,"(35, 21)",0,-0.08
230,54,"(35, 20)",0,-0.08
230,55,"(35, 19)",1,-0.08
230,56,"(36, 19)",1,-0.08
230,57,"(37, 19)",0,-0.08
230,58,"(37, 18)",0,-0.08
230,59,"(37, 17)",0,-0.08
230,60,"(37, 16)",0,-0.08
230,61,"(37, 15)",1,-0.08
230,62,"(38, 15)",0,-0.08
230,63,"(38, 14)",0,-0.08
230,64,"(38, 13)",1,-0.08
230,65,"(39, 13)",0,-0.08
230,66,"(39, 12)",0,-0.08
230,67,"(39, 11)",1,-0.08
230,68,"(40, 11)",1,-0.08
230,69,"(41, 11)",1,-0.08
230,70,"(42, 11)",1,-0.08
230,71,"(43, 11)",1,-0.08
230,72,"(44, 11)",1,-0.08
230,73,"(45, 11)",0,-0.08
230,74,"(45, 10)",1,-0.08
230,75,"(46, 10)",0,-0.08
230,76,"(46, 9)",0,-0.08
230,77,"(46, 8)",0,-0.08
230,78,"(46, 7)",0,-0.08
230,79,"(46, 6)",1,-0.08
230,80,"(47, 6)",1,-0.08
230,81,"(48, 6)",1,-0.08
230,82,"(49, 6)",0,-0.08
230,83,"(49, 5)",1,-0.08
230,84,"(50, 5)",1,-0.08
230,85,"(51, 5)",1,-0.08
230,86,"(52, 5)",1,-0.08
230,87,"(53, 5)",0,-0.08
230,88,"(53, 4)",0,-0.08
230,89,"(53, 3)",1,-0.08
230,90,"(54, 3)",1,-0.08
230,91,"(55, 3)",1,-0.08
230,92,"(56, 3)",0,-0.08
230,93,"(56, 2)",0,-0.08
230,94,"(56, 1)",1,-0.08
230,95,"(57, 1)",1,-0.08
230,96,"(58, 1)",1,-0.08
230,97,"(59, 1)",1,-0.08
230,98,"(60, 1)",1,-0.08
230,99,"(61, 1)",1,-0.08
230,100,"(62, 1)",1,-0.08
230,101,"(63, 1)",1,-0.08
230,102,"(64, 1)",1,-0.08
230,103,"(65, 1)",1,-0.08
230,104,"(66, 1)",1,-0.08
230,105,"(67, 1)",1,-0.08
230,106,"(68, 1)",1,-0.08
230,107,"(69, 1)",1,-0.08
230,108,"(70, 1)",1,-0.08
230,109,"(71, 1)",2,-0.08
230,110,"(71, 2)",2,-0.08
230,111,"(71, 3)",1,-0.08
230,112,"(72, 3)",1,-0.08
230,113,"(73, 3)",0,-0.08
230,114,"(73, 2)",0,-0.08
230,115,"(73, 1)",0,-0.08
230,116,"(73, 0)",1,-0.08
230,117,"(74, 0)",1,-0.08
230,118,"(75, 0)",1,-0.08
230,119,"(76, 0)",1,-0.08
230,120,"(77, 0)",1,-0.08
230,121,"(78, 0)",1,8.33
231,0,"(0, 39)",1,-0.08
231,1,"(1, 39)",1,-0.08
231,2,"(2, 39)",1,-0.08
231,3,"(3, 39)",1,-0.08
231,4,"(4, 39)",1,-0.08
231,5,"(5, 39)",1,-0.08
231,6,"(6, 39)",1,-0.08
231,7,"(7, 39)",1,-0.08
231,8,"(8, 39)",1,-0.08
231,9,"(9, 39)",1,-0.08
231,10,"(10, 39)",1,-0.08
231,11,"(11, 39)",1,-0.08
231,12,"(12, 39)",1,-0.08
231,13,"(13, 39)",1,-0.08
231,14,"(14, 39)",0,-0.08
231,15,"(14, 38)",0,-0.08
231,16,"(14, 37)",1,-0.08
231,17,"(15, 37)",1,-0.08
231,18,"(16, 37)",1,-0.08
231,19,"(17, 37)",0,-0.08
231,20,"(17, 36)",0,-0.08
231,21,"(17, 35)",1,-0.08
231,22,"(18, 35)",1,-0.08
231,23,"(19, 35)",0,-0.08
231,24,"(19, 34)",0,-0.08
231,25,"(19, 33)",0,-0.08
231,26,"(19, 32)",0,-0.08
231,27,"(19, 31)",0,-0.08
231,28,"(19, 30)",0,-0.08
231,29,"(19, 29)",1,-0.08
231,30,"(20, 29)",0,-0.08
231,31,"(20, 28)",0,-0.08
231,32,"(20, 27)",1,-0.08
231,33,"(21, 27)",0,-0.08
231,34,"(21, 26)",0,-0.08
231,35,"(21, 25)",1,-0.08
231,36,"(22, 25)",1,-0.08
231,37,"(23, 25)",1,-0.08
231,38,"(24, 25)",1,-0.08
231,39,"(25, 25)",1,-0.08
231,40,"(26, 25)",1,-0.08
231,41,"(27, 25)",1,-0.08
231,42,"(28, 25)",1,-0.08
231,43,"(29, 25)",1,-0.08
231,44,"(30, 25)",1,-0.08
231,45,"(31, 25)",0,-0.08
231,46,"(31, 24)",0,-0.08
231,47,"(31, 23)",1,-0.08
231,48,"(32, 23)",1,-0.08
231,49,"(33, 23)",0,-0.08
231,50,"(33, 22)",0,-0.08
231,51,"(33, 21)",1,-0.08
231,52,"(34, 21)",1,-0.08
231,53,"(35, 21)",0,-0.08
231,54,"(35, 20)",0,-0.08
231,55,"(35, 19)",1,-0.08
231,56,"(36, 19)",1,-0.08
231,57,"(37, 19)",0,-0.08
231,58,"(37, 18)",0,-0.08
231,59,"(37, 17)",1,-0.08
231,60,"(38, 17)",1,-0.08
231,61,"(39, 17)",0,-0.08
231,62,"(39, 16)",0,-0.08
231,63,"(39, 15)",1,-0.08
231,64,"(40, 15)",1,-0.08
231,65,"(41, 15)",0,-0.08
231,66,"(41, 14)",0,-0.08
231,67,"(41, 13)",1,-0.08
231,68,"(42, 13)",1,-0.08
231,69,"(43, 13)",0,-0.08
231,70,"(43, 12)",0,-0.08
231,71,"(43, 11)",1,-0.08
231,72,"(44, 11)",1,-0.08
231,73,"(45, 11)",0,-0.08
231,74,"(45, 10)",1,-0.08
231,75,"(46, 10)",0,-0.08
231,76,"(46, 9)",0,-0.08
231,77,"(46, 8)",0,-0.08
231,78,"(46, 7)",0,-0.08
231,79,"(46, 6)",1,-0.08
231,80,"(47, 6)",1,-0.08
231,81,"(48, 6)",1,-0.08
231,82,"(49, 6)",0,-0.08
231,83,"(49, 5)",1,-0.08
231,84,"(50, 5)",1,-0.08
231,85,"(51, 5)",0,-0.08
231,86,"(51, 4)",0,-0.08
231,87,"(51, 3)",0,-0.08
231,88,"(51, 2)",0,-0.08
231,89,"(51, 1)",1,-0.08
231,90,"(52, 1)",1,-0.08
231,91,"(53, 1)",1,-0.08
231,92,"(54, 1)",1,-0.08
231,93,"(55, 1)",1,-0.08
231,94,"(56, 1)",1,-0.08
231,95,"(57, 1)",1,-0.08
231,96,"(58, 1)",1,-0.08
231,97,"(59, 1)",1,-0.08
231,98,"(60, 1)",1,-0.08
231,99,"(61, 1)",1,-0.08
231,100,"(62, 1)",1,-0.08
231,101,"(63, 1)",1,-0.08
231,102,"(64, 1)",1,-0.08
231,103,"(65, 1)",1,-0.08
231,104,"(66, 1)",1,-0.08
231,105,"(67, 1)",1,-0.08
231,106,"(68, 1)",1,-0.08
231,107,"(69, 1)",1,-0.08
231,108,"(70, 1)",1,-0.08
231,109,"(71, 1)",2,-0.08
231,110,"(71, 2)",2,-0.08
231,111,"(71, 3)",1,-0.08
231,112,"(72, 3)",1,-0.08
231,113,"(73, 3)",1,-0.08
231,114,"(74, 3)",1,-0.08
231,115,"(75, 3)",1,-0.08
231,116,"(76, 3)",1,-0.08
231,117,"(77, 3)",0,-0.08
231,118,"(77, 2)",0,-0.08
231,119,"(77, 1)",0,-0.08
231,120,"(77, 0)",1,-0.08
231,121,"(78, 0)",1,8.33
232,0,"(0, 39)",1,-0.08
232,1,"(1, 39)",1,-0.08
232,2,"(2, 39)",1,-0.08
232,3,"(3, 39)",1,-0.08
232,4,"(4, 39)",1,-0.08
232,5,"(5, 39)",1,-0.08
232,6,"(6, 39)",1,-0.08
232,7,"(7, 39)",1,-0.08
232,8,"(8, 39)",1,-0.08
232,9,"(9, 39)",1,-0.08
232,10,"(10, 39)",0,-0.08
232,11,"(10, 38)",1,-0.08
232,12,"(11, 38)",0,-0.08
232,13,"(11, 37)",1,-0.08
232,14,"(12, 37)",1,-0.08
232,15,"(13, 37)",1,-0.08
232,16,"(14, 37)",1,-0.08
232,17,"(15, 37)",0,-0.08
232,18,"(15, 36)",1,-0.08
232,19,"(16, 36)",1,-0.08
232,20,"(17, 36)",0,-0.08
232,21,"(17, 35)",0,-0.08
232,22,"(17, 34)",1,-0.08
232,23,"(18, 34)",1,-0.08
232,24,"(19, 34)",0,-0.08
232,25,"(19, 33)",0,-0.08
232,26,"(19, 32)",0,-0.08
232,27,"(19, 31)",0,-0.08
232,28,"(19, 30)",0,-0.08
232,29,"(19, 29)",1,-0.08
232,30,"(20, 29)",0,-0.08
232,31,"(20, 28)",0,-0.08
232,32,"(20, 27)",1,-0.08
232,33,"(21, 27)",0,-0.08
232,34,"(21, 26)",0,-0.08
232,35,"(21, 25)",1,-0.08
232,36,"(22, 25)",1,-0.08
232,37,"(23, 25)",1,-0.08
232,38,"(24, 25)",1,-0.08
232,39,"(25, 25)",0,-0.08
232,40,"(25, 24)",0,-0.08
232,41,"(25, 23)",0,-0.08
232,42,"(25, 22)",0,-0.08
232,43,"(25, 21)",1,-0.08
232,44,"(26, 21)",1,-0.08
232,45,"(27, 21)",0,-0.08
232,46,"(27, 20)",1,-0.08
232,47,"(28, 20)",0,-0.08
232,48,"(28, 19)",1,-0.08
232,49,"(29, 19)",1,-0.08
232,50,"(30, 19)",1,-0.08
232,51,"(31, 19)",1,-0.08
232,52,"(32, 19)",1,-0.08
232,53,"(33, 19)",1,-0.08
232,54,"(34, 19)",1,-0.08
232,55,"(35, 19)",0,-0.08
232,56,"(35, 18)",0,-0.08
232,57,"(35, 17)",0,-0.08
232,58,"(35, 16)",0,-0.08
232,59,"(35, 15)",0,-0.08
232,60,"(35, 14)",0,-0.08
232,61,"(35, 13)",1,-0.08
232,62,"(36, 13)",1,-0.08
232,63,"(37, 13)",1,-0.08
232,64,"(38, 13)",1,-0.08
232,65,"(39, 13)",0,-0.08
232,66,"(39, 12)",0,-0.08
232,67,"(39, 11)",1,-0.08
232,68,"(40, 11)",1,-0.08
232,69,"(41, 11)",1,-0.08
232,70,"(42, 11)",1,-0.08
232,71,"(43, 11)",1,-0.08
232,72,"(44, 11)",1,-0.08
232,73,"(45, 11)",0,-0.08
232,74,"(45, 10)",1,-0.08
232,75,"(46, 10)",0,-0.08
232,76,"(46, 9)",0,-0.08
232,77,"(46, 8)",0,-0.08
232,78,"(46, 7)",0,-0.08
232,79,"(46, 6)",1,-0.08
232,80,"(47, 6)",1,-0.08
232,81,"(48, 6)",1,-0.08
232,82,"(49, 6)",0,-0.08
232,83,"(49, 5)",1,-0.08
232,84,"(50, 5)",1,-0.08
232,85,"(51, 5)",0,-0.08
232,86,"(51, 4)",0,-0.08
232,87,"(51, 3)",0,-0.08
232,88,"(51, 2)",1,-0.08
232,89,"(52, 2)",0,-0.08
232,90,"(52, 1)",1,-0.08
232,91,"(53, 1)",1,-0.08
232,92,"(54, 1)",1,-0.08
232,93,"(55, 1)",1,-0.08
232,94,"(56, 1)",1,-0.08
232,95,"(57, 1)",1,-0.08
232,96,"(58, 1)",1,-0.08
232,97,"(59, 1)",1,-0.08
232,98,"(60, 1)",1,-0.08
232,99,"(61, 1)",1,-0.08
232,100,"(62, 1)",1,-0.08
232,101,"(63, 1)",1,-0.08
232,102,"(64, 1)",1,-0.08
232,103,"(65, 1)",1,-0.08
232,104,"(66, 1)",1,-0.08
232,105,"(67, 1)",1,-0.08
232,106,"(68, 1)",1,-0.08
232,107,"(69, 1)",1,-0.08
232,108,"(70, 1)",1,-0.08
232,109,"(71, 1)",2,-0.08
232,110,"(71, 2)",2,-0.08
232,111,"(71, 3)",1,-0.08
232,112,"(72, 3)",1,-0.08
232,113,"(73, 3)",1,-0.08
232,114,"(74, 3)",1,-0.08
232,115,"(75, 3)",1,-0.08
232,116,"(76, 3)",1,-0.08
232,117,"(77, 3)",0,-0.08
232,118,"(77, 2)",0,-0.08
232,119,"(77, 1)",0,-0.08
232,120,"(77, 0)",1,-0.08
232,121,"(78, 0)",1,8.33
233,0,"(0, 39)",1,-0.08
233,1,"(1, 39)",1,-0.08
233,2,"(2, 39)",1,-0.08
233,3,"(3, 39)",1,-0.08
233,4,"(4, 39)",1,-0.08
233,5,"(5, 39)",1,-0.08
233,6,"(6, 39)",1,-0.08
233,7,"(7, 39)",1,-0.08
233,8,"(8, 39)",1,-0.08
233,9,"(9, 39)",1,-0.08
233,10,"(10, 39)",0,-0.08
233,11,"(10, 38)",0,-0.08
233,12,"(10, 37)",1,-0.08
233,13,"(11, 37)",1,-0.08
233,14,"(12, 37)",1,-0.08
233,15,"(13, 37)",1,-0.08
233,16,"(14, 37)",1,-0.08
233,17,"(15, 37)",1,-0.08
233,18,"(16, 37)",0,-0.08
233,19,"(16, 36)",1,-0.08
233,20,"(17, 36)",0,-0.08
233,21,"(17, 35)",0,-0.08
233,22,"(17, 34)",1,-0.08
233,23,"(18, 34)",0,-0.08
233,24,"(18, 33)",1,-0.08
233,25,"(19, 33)",0,-0.08
233,26,"(19, 32)",0,-0.08
233,27,"(19, 31)",0,-0.08
233,28,"(19, 30)",0,-0.08
233,29,"(19, 29)",1,-0.08
233,30,"(20, 29)",0,-0.08
233,31,"(20, 28)",0,-0.08
233,32,"(20, 27)",1,-0.08
233,33,"(21, 27)",0,-0.08
233,34,"(21, 26)",0,-0.08
233,35,"(21, 25)",1,-0.08
233,36,"(22, 25)",0,-0.08
233,37,"(22, 24)",0,-0.08
233,38,"(22, 23)",1,-0.08
233,39,"(23, 23)",1,-0.08
233,40,"(24, 23)",1,-0.08
233,41,"(25, 23)",0,-0.08
233,42,"(25, 22)",0,-0.08
233,43,"(25, 21)",0,-0.08
233,44,"(25, 20)",0,-0.08
233,45,"(25, 19)",1,-0.08
233,46,"(26, 19)",0,-0.08
233,47,"(26, 18)",1,-0.08
233,48,"(27, 18)",0,-0.08
233,49,"(27, 17)",1,-0.08
233,50,"(28, 17)",1,-0.08
233,51,"(29, 17)",1,-0.08
233,52,"(30, 17)",1,-0.08
233,53,"(31, 17)",1,-0.08
233,54,"(32, 17)",1,-0.08
233,55,"(33, 17)",1,-0.08
233,56,"(34, 17)",1,-0.08
233,57,"(35, 17)",0,-0.08
233,58,"(35, 16)",0,-0.08
233,59,"(35, 15)",0,-0.08
233,60,"(35, 14)",0,-0.08
233,61,"(35, 13)",1,-0.08
233,62,"(36, 13)",1,-0.08
233,63,"(37, 13)",1,-0.08
233,64,"(38, 13)",1,-0.08
233,65,"(39, 13)",1,-0.08
233,66,"(40, 13)",1,-0.08
233,67,"(41, 13)",0,-0.08
233,68,"(41, 12)",0,-0.08
233,69,"(41, 11)",1,-0.08
233,70,"(42, 11)",1,-0.08
233,71,"(43, 11)",1,-0.08
233,72,"(44, 11)",1,-0.08
233,73,"(45, 11)",0,-0.08
233,74,"(45, 10)",0,-0.08
233,75,"(45, 9)",1,-0.08
233,76,"(46, 9)",0,-0.08
233,77,"(46, 8)",0,-0.08
233,78,"(46, 7)",0,-0.08
233,79,"(46, 6)",1,-0.08
233,80,"(47, 6)",1,-0.08
233,81,"(48, 6)",1,-0.08
233,82,"(49, 6)",0,-0.08
233,83,"(49, 5)",1,-0.08
233,84,"(50, 5)",1,-0.08
233,85,"(51, 5)",1,-0.08
233,86,"(52, 5)",1,-0.08
233,87,"(53, 5)",0,-0.08
233,88,"(53, 4)",0,-0.08
233,89,"(53, 3)",0,-0.08
233,90,"(53, 2)",0,-0.08
233,91,"(53, 1)",1,-0.08
233,92,"(54, 1)",1,-0.08
233,93,"(55, 1)",1,-0.08
233,94,"(56, 1)",1,-0.08
233,95,"(57, 1)",1,-0.08
233,96,"(58, 1)",1,-0.08
233,97,"(59, 1)",1,-0.08
233,98,"(60, 1)",1,-0.08
233,99,"(61, 1)",1,-0.08
233,100,"(62, 1)",1,-0.08
233,101,"(63, 1)",1,-0.08
233,102,"(64, 1)",1,-0.08
233,103,"(65, 1)",1,-0.08
233,104,"(66, 1)",1,-0.08
233,105,"(67, 1)",1,-0.08
233,106,"(68, 1)",1,-0.08
233,107,"(69, 1)",1,-0.08
233,108,"(70, 1)",1,-0.08
233,109,"(71, 1)",2,-0.08
233,110,"(71, 2)",2,-0.08
233,111,"(71, 3)",1,-0.08
233,112,"(72, 3)",1,-0.08
233,113,"(73, 3)",1,-0.08
233,114,"(74, 3)",1,-0.08
233,115,"(75, 3)",1,-0.08
233,116,"(76, 3)",1,-0.08
233,117,"(77, 3)",0,-0.08
233,118,"(77, 2)",0,-0.08
233,119,"(77, 1)",1,-0.08
233,120,"(78, 1)",0,-0.08
233,121,"(78, 0)",1,8.33
234,0,"(0, 39)",1,-0.08
234,1,"(1, 39)",1,-0.08
234,2,"(2, 39)",1,-0.08
234,3,"(3, 39)",1,-0.08
234,4,"(4, 39)",1,-0.08
234,5,"(5, 39)",1,-0.08
234,6,"(6, 39)",1,-0.08
234,7,"(7, 39)",1,-0.08
234,8,"(8, 39)",1,-0.08
234,9,"(9, 39)",1,-0.08
234,10,"(10, 39)",0,-0.08
234,11,"(10, 38)",1,-0.08
234,12,"(11, 38)",0,-0.08
234,13,"(11, 37)",1,-0.08
234,14,"(12, 37)",1,-0.08
234,15,"(13, 37)",1,-0.08
234,16,"(14, 37)",1,-0.08
234,17,"(15, 37)",1,-0.08
234,18,"(16, 37)",0,-0.08
234,19,"(16, 36)",1,-0.08
234,20,"(17, 36)",0,-0.08
234,21,"(17, 35)",1,-0.08
234,22,"(18, 35)",0,-0.08
234,23,"(18, 34)",0,-0.08
234,24,"(18, 33)",1,-0.08
234,25,"(19, 33)",0,-0.08
234,26,"(19, 32)",0,-0.08
234,27,"(19, 31)",0,-0.08
234,28,"(19, 30)",0,-0.08
234,29,"(19, 29)",1,-0.08
234,30,"(20, 29)",0,-0.08
234,31,"(20, 28)",0,-0.08
234,32,"(20, 27)",1,-0.08
234,33,"(21, 27)",0,-0.08
234,34,"(21, 26)",1,-0.08
234,35,"(22, 26)",0,-0.08
234,36,"(22, 25)",1,-0.08
234,37,"(23, 25)",1,-0.08
234,38,"(24, 25)",1,-0.08
234,39,"(25, 25)",1,-0.08
234,40,"(26, 25)",1,-0.08
234,41,"(27, 25)",1,-0.08
234,42,"(28, 25)",1,-0.08
234,43,"(29, 25)",1,-0.08
234,44,"(30, 25)",1,-0.08
234,45,"(31, 25)",0,-0.08
234,46,"(31, 24)",0,-0.08
234,47,"(31, 23)",1,-0.08
234,48,"(32, 23)",1,-0.08
234,49,"(33, 23)",0,-0.08
234,50,"(33, 22)",0,-0.08
234,51,"(33, 21)",1,-0.08
234,52,"(34, 21)",1,-0.08
234,53,"(35, 21)",1,-0.08
234,54,"(36, 21)",1,-0.08
234,55,"(37, 21)",1,-0.08
234,56,"(38, 21)",1,-0.08
234,57,"(39, 21)",0,-0.08
234,58,"(39, 20)",0,-0.08
234,59,"(39, 19)",0,-0.08
234,60,"(39, 18)",0,-0.08
234,61,"(39, 17)",0,-0.08
234,62,"(39, 16)",0,-0.08
234,63,"(39, 15)",1,-0.08
234,64,"(40, 15)",1,-0.08
234,65,"(41, 15)",0,-0.08
234,66,"(41, 14)",0,-0.08
234,67,"(41, 13)",0,-0.08
234,68,"(41, 12)",0,-0.08
234,69,"(41, 11)",1,-0.08
234,70,"(42, 11)",1,-0.08
234,71,"(43, 11)",1,-0.08
234,72,"(44, 11)",1,-0.08
234,73,"(45, 11)",0,-0.08
234,74,"(45, 10)",0,-0.08
234,75,"(45, 9)",1,-0.08
234,76,"(46, 9)",0,-0.08
234,77,"(46, 8)",0,-0.08
234,78,"(46, 7)",1,-0.08
234,79,"(47, 7)",0,-0.08
234,80,"(47, 6)",1,-0.08
234,81,"(48, 6)",1,-0.08
234,82,"(49, 6)",0,-0.08
234,83,"(49, 5)",1,-0.08
234,84,"(50, 5)",1,-0.08
234,85,"(51, 5)",1,-0.08
234,86,"(52, 5)",1,-0.08
234,87,"(53, 5)",0,-0.08
234,88,"(53, 4)",0,-0.08
234,89,"(53, 3)",0,-0.08
234,90,"(53, 2)",0,-0.08
234,91,"(53, 1)",1,-0.08
234,92,"(54, 1)",1,-0.08
234,93,"(55, 1)",1,-0.08
234,94,"(56, 1)",1,-0.08
234,95,"(57, 1)",1,-0.08
234,96,"(58, 1)",1,-0.08
234,97,"(59, 1)",1,-0.08
234,98,"(60, 1)",1,-0.08
234,99,"(61, 1)",1,-0.08
234,100,"(62, 1)",1,-0.08
234,101,"(63, 1)",1,-0.08
234,102,"(64, 1)",1,-0.08
234,103,"(65, 1)",1,-0.08
234,104,"(66, 1)",1,-0.08
234,105,"(67, 1)",1,-0.08
234,106,"(68, 1)",1,-0.08
234,107,"(69, 1)",1,-0.08
234,108,"(70, 1)",1,-0.08
234,109,"(71, 1)",2,-0.08
234,110,"(71, 2)",2,-0.08
234,111,"(71, 3)",1,-0.08
234,112,"(72, 3)",1,-0.08
234,113,"(73, 3)",0,-0.08
234,114,"(73, 2)",0,-0.08
234,115,"(73, 1)",0,-0.08
234,116,"(73, 0)",1,-0.08
234,117,"(74, 0)",1,-0.08
234,118,"(75, 0)",1,-0.08
234,119,"(76, 0)",1,-0.08
234,120,"(77, 0)",1,-0.08
234,121,"(78, 0)",1,8.33
235,0,"(0, 39)",1,-0.08
235,1,"(1, 39)",1,-0.08
235,2,"(2, 39)",1,-0.08
235,3,"(3, 39)",1,-0.08
235,4,"(4, 39)",1,-0.08
235,5,"(5, 39)",1,-0.08
235,6,"(6, 39)",1,-0.08
235,7,"(7, 39)",1,-0.08
235,8,"(8, 39)",1,-0.08
235,9,"(9, 39)",1,-0.08
235,10,"(10, 39)",1,-0.08
235,11,"(11, 39)",0,-0.08
235,12,"(11, 38)",0,-0.08
235,13,"(11, 37)",1,-0.08
235,14,"(12, 37)",1,-0.08
235,15,"(13, 37)",1,-0.08
235,16,"(14, 37)",1,-0.08
235,17,"(15, 37)",1,-0.08
235,18,"(16, 37)",1,-0.08
235,19,"(17, 37)",0,-0.08
235,20,"(17, 36)",0,-0.08
235,21,"(17, 35)",1,-0.08
235,22,"(18, 35)",0,-0.08
235,23,"(18, 34)",1,-0.08
235,24,"(19, 34)",0,-0.08
235,25,"(19, 33)",0,-0.08
235,26,"(19, 32)",0,-0.08
235,27,"(19, 31)",0,-0.08
235,28,"(19, 30)",0,-0.08
235,29,"(19, 29)",1,-0.08
235,30,"(20, 29)",0,-0.08
235,31,"(20, 28)",0,-0.08
235,32,"(20, 27)",1,-0.08
235,33,"(21, 27)",0,-0.08
235,34,"(21, 26)",1,-0.08
235,35,"(22, 26)",0,-0.08
235,36,"(22, 25)",1,-0.08
235,37,"(23, 25)",1,-0.08
235,38,"(24, 25)",1,-0.08
235,39,"(25, 25)",1,-0.08
235,40,"(26, 25)",1,-0.08
235,41,"(27, 25)",1,-0.08
235,42,"(28, 25)",1,-0.08
235,43,"(29, 25)",1,-0.08
235,44,"(30, 25)",1,-0.08
235,45,"(31, 25)",0,-0.08
235,46,"(31, 24)",0,-0.08
235,47,"(31, 23)",1,-0.08
235,48,"(32, 23)",1,-0.08
235,49,"(33, 23)",0,-0.08
235,50,"(33, 22)",0,-0.08
235,51,"(33, 21)",1,-0.08
235,52,"(34, 21)",1,-0.08
235,53,"(35, 21)",0,-0.08
235,54,"(35, 20)",0,-0.08
235,55,"(35, 19)",1,-0.08
235,56,"(36, 19)",1,-0.08
235,57,"(37, 19)",0,-0.08
235,58,"(37, 18)",0,-0.08
235,59,"(37, 17)",1,-0.08
235,60,"(38, 17)",1,-0.08
235,61,"(39, 17)",0,-0.08
235,62,"(39, 16)",0,-0.08
235,63,"(39, 15)",1,-0.08
235,64,"(40, 15)",1,-0.08
235,65,"(41, 15)",0,-0.08
235,66,"(41, 14)",0,-0.08
235,67,"(41, 13)",0,-0.08
235,68,"(41, 12)",0,-0.08
235,69,"(41, 11)",1,-0.08
235,70,"(42, 11)",1,-0.08
235,71,"(43, 11)",1,-0.08
235,72,"(44, 11)",1,-0.08
235,73,"(45, 11)",0,-0.08
235,74,"(45, 10)",0,-0.08
235,75,"(45, 9)",0,-0.08
235,76,"(45, 8)",0,-0.08
235,77,"(45, 7)",1,-0.08
235,78,"(46, 7)",1,-0.08
235,79,"(47, 7)",0,-0.08
235,80,"(47, 6)",1,-0.08
235,81,"(48, 6)",1,-0.08
235,82,"(49, 6)",0,-0.08
235,83,"(49, 5)",1,-0.08
235,84,"(50, 5)",1,-0.08
235,85,"(51, 5)",0,-0.08
235,86,"(51, 4)",0,-0.08
235,87,"(51, 3)",0,-0.08
235,88,"(51, 2)",1,-0.08
235,89,"(52, 2)",1,-0.08
235,90,"(53, 2)",0,-0.08
235,91,"(53, 1)",1,-0.08
235,92,"(54, 1)",1,-0.08
235,93,"(55, 1)",1,-0.08
235,94,"(56, 1)",1,-0.08
235,95,"(57, 1)",1,-0.08
235,96,"(58, 1)",1,-0.08
235,97,"(59, 1)",1,-0.08
235,98,"(60, 1)",1,-0.08
235,99,"(61, 1)",1,-0.08
235,100,"(62, 1)",1,-0.08
235,101,"(63, 1)",1,-0.08
235,102,"(64, 1)",1,-0.08
235,103,"(65, 1)",1,-0.08
235,104,"(66, 1)",1,-0.08
235,105,"(67, 1)",1,-0.08
235,106,"(68, 1)",1,-0.08
235,107,"(69, 1)",1,-0.08
235,108,"(70, 1)",1,-0.08
235,109,"(71, 1)",2,-0.08
235,110,"(71, 2)",2,-0.08
235,111,"(71, 3)",1,-0.08
235,112,"(72, 3)",1,-0.08
235,113,"(73, 3)",0,-0.08
235,114,"(73, 2)",0,-0.08
235,115,"(73, 1)",0,-0.08
235,116,"(73, 0)",1,-0.08
235,117,"(74, 0)",1,-0.08
235,118,"(75, 0)",1,-0.08
235,119,"(76, 0)",1,-0.08
235,120,"(77, 0)",1,-0.08
235,121,"(78, 0)",1,8.33
236,0,"(0, 39)",1,-0.08
236,1,"(1, 39)",1,-0.08
236,2,"(2, 39)",1,-0.08
236,3,"(3, 39)",1,-0.08
236,4,"(4, 39)",1,-0.08
236,5,"(5, 39)",1,-0.08
236,6,"(6, 39)",1,-0.08
236,7,"(7, 39)",1,-0.08
236,8,"(8, 39)",1,-0.08
236,9,"(9, 39)",1,-0.08
236,10,"(10, 39)",1,-0.08
236,11,"(11, 39)",1,-0.08
236,12,"(12, 39)",1,-0.08
236,13,"(13, 39)",1,-0.08
236,14,"(14, 39)",0,-0.08
236,15,"(14, 38)",0,-0.08
236,16,"(14, 37)",1,-0.08
236,17,"(15, 37)",1,-0.08
236,18,"(16, 37)",0,-0.08
236,19,"(16, 36)",1,-0.08
236,20,"(17, 36)",0,-0.08
236,21,"(17, 35)",0,-0.08
236,22,"(17, 34)",0,-0.08
236,23,"(17, 33)",1,-0.08
236,24,"(18, 33)",1,-0.08
236,25,"(19, 33)",0,-0.08
236,26,"(19, 32)",0,-0.08
236,27,"(19, 31)",0,-0.08
236,28,"(19, 30)",0,-0.08
236,29,"(19, 29)",1,-0.08
236,30,"(20, 29)",0,-0.08
236,31,"(20, 28)",0,-0.08
236,32,"(20, 27)",1,-0.08
236,33,"(21, 27)",0,-0.08
236,34,"(21, 26)",1,-0.08
236,35,"(22, 26)",0,-0.08
236,36,"(22, 25)",0,-0.08
236,37,"(22, 24)",0,-0.08
236,38,"(22, 23)",1,-0.08
236,39,"(23, 23)",1,-0.08
236,40,"(24, 23)",1,-0.08
236,41,"(25, 23)",0,-0.08
236,42,"(25, 22)",0,-0.08
236,43,"(25, 21)",1,-0.08
236,44,"(26, 21)",1,-0.08
236,45,"(27, 21)",0,-0.08
236,46,"(27, 20)",0,-0.08
236,47,"(27, 19)",1,-0.08
236,48,"(28, 19)",1,-0.08
236,49,"(29, 19)",1,-0.08
236,50,"(30, 19)",1,-0.08
236,51,"(31, 19)",1,-0.08
236,52,"(32, 19)",1,-0.08
236,53,"(33, 19)",1,-0.08
236,54,"(34, 19)",1,-0.08
236,55,"(35, 19)",0,-0.08
236,56,"(35, 18)",0,-0.08
236,57,"(35, 17)",0,-0.08
236,58,"(35, 16)",0,-0.08
236,59,"(35, 15)",0,-0.08
236,60,"(35, 14)",0,-0.08
236,61,"(35, 13)",1,-0.08
236,62,"(36, 13)",1,-0.08
236,63,"(37, 13)",1,-0.08
236,64,"(38, 13)",1,-0.08
236,65,"(39, 13)",0,-0.08
236,66,"(39, 12)",0,-0.08
236,67,"(39, 11)",1,-0.08
236,68,"(40, 11)",1,-0.08
236,69,"(41, 11)",1,-0.08
236,70,"(42, 11)",1,-0.08
236,71,"(43, 11)",1,-0.08
236,72,"(44, 11)",1,-0.08
236,73,"(45, 11)",0,-0.08
236,74,"(45, 10)",1,-0.08
236,75,"(46, 10)",0,-0.08
236,76,"(46, 9)",0,-0.08
236,77,"(46, 8)",0,-0.08
236,78,"(46, 7)",0,-0.08
236,79,"(46, 6)",1,-0.08
236,80,"(47, 6)",1,-0.08
236,81,"(48, 6)",1,-0.08
236,82,"(49, 6)",0,-0.08
236,83,"(49, 5)",1,-0.08
236,84,"(50, 5)",1,-0.08
236,85,"(51, 5)",1,-0.08
236,86,"(52, 5)",1,-0.08
236,87,"(53, 5)",0,-0.08
236,88,"(53, 4)",0,-0.08
236,89,"(53, 3)",0,-0.08
236,90,"(53, 2)",0,-0.08
236,91,"(53, 1)",1,-0.08
236,92,"(54, 1)",1,-0.08
236,93,"(55, 1)",1,-0.08
236,94,"(56, 1)",1,-0.08
236,95,"(57, 1)",1,-0.08
236,96,"(58, 1)",1,-0.08
236,97,"(59, 1)",1,-0.08
236,98,"(60, 1)",1,-0.08
236,99,"(61, 1)",1,-0.08
236,100,"(62, 1)",1,-0.08
236,101,"(63, 1)",1,-0.08
236,102,"(64, 1)",1,-0.08
236,103,"(65, 1)",1,-0.08
236,104,"(66, 1)",1,-0.08
236,105,"(67, 1)",1,-0.08
236,106,"(68, 1)",1,-0.08
236,107,"(69, 1)",1,-0.08
236,108,"(70, 1)",1,-0.08
236,109,"(71, 1)",2,-0.08
236,110,"(71, 2)",2,-0.08
236,111,"(71, 3)",1,-0.08
236,112,"(72, 3)",1,-0.08
236,113,"(73, 3)",0,-0.08
236,114,"(73, 2)",0,-0.08
236,115,"(73, 1)",0,-0.08
236,116,"(73, 0)",1,-0.08
236,117,"(74, 0)",1,-0.08
236,118,"(75, 0)",1,-0.08
236,119,"(76, 0)",1,-0.08
236,120,"(77, 0)",1,-0.08
236,121,"(78, 0)",1,8.33
237,0,"(0, 39)",1,-0.08
237,1,"(1, 39)",1,-0.08
237,2,"(2, 39)",1,-0.08
237,3,"(3, 39)",1,-0.08
237,4,"(4, 39)",1,-0.08
237,5,"(5, 39)",1,-0.08
237,6,"(6, 39)",1,-0.08
237,7,"(7, 39)",1,-0.08
237,8,"(8, 39)",1,-0.08
237,9,"(9, 39)",1,-0.08
237,10,"(10, 39)",1,-0.08
237,11,"(11, 39)",1,-0.08
237,12,"(12, 39)",1,-0.08
237,13,"(13, 39)",1,-0.08
237,14,"(14, 39)",0,-0.08
237,15,"(14, 38)",0,-0.08
237,16,"(14, 37)",1,-0.08
237,17,"(15, 37)",1,-0.08
237,18,"(16, 37)",1,-0.08
237,19,"(17, 37)",0,-0.08
237,20,"(17, 36)",0,-0.08
237,21,"(17, 35)",0,-0.08
237,22,"(17, 34)",1,-0.08
237,23,"(18, 34)",1,-0.08
237,24,"(19, 34)",0,-0.08
237,25,"(19, 33)",0,-0.08
237,26,"(19, 32)",0,-0.08
237,27,"(19, 31)",0,-0.08
237,28,"(19, 30)",0,-0.08
237,29,"(19, 29)",1,-0.08
237,30,"(20, 29)",0,-0.08
237,31,"(20, 28)",0,-0.08
237,32,"(20, 27)",1,-0.08
237,33,"(21, 27)",0,-0.08
237,34,"(21, 26)",0,-0.08
237,35,"(21, 25)",1,-0.08
237,36,"(22, 25)",1,-0.08
237,37,"(23, 25)",1,-0.08
237,38,"(24, 25)",1,-0.08
237,39,"(25, 25)",1,-0.08
237,40,"(26, 25)",1,-0.08
237,41,"(27, 25)",1,-0.08
237,42,"(28, 25)",1,-0.08
237,43,"(29, 25)",1,-0.08
237,44,"(30, 25)",1,-0.08
237,45,"(31, 25)",0,-0.08
237,46,"(31, 24)",0,-0.08
237,47,"(31, 23)",1,-0.08
237,48,"(32, 23)",1,-0.08
237,49,"(33, 23)",0,-0.08
237,50,"(33, 22)",0,-0.08
237,51,"(33, 21)",1,-0.08
237,52,"(34, 21)",1,-0.08
237,53,"(35, 21)",1,-0.08
237,54,"(36, 21)",1,-0.08
237,55,"(37, 21)",1,-0.08
237,56,"(38, 21)",1,-0.08
237,57,"(39, 21)",1,-0.08
237,58,"(40, 21)",0,-0.08
237,59,"(40, 20)",1,-0.08
237,60,"(41, 20)",0,-0.08
237,61,"(41, 19)",0,-0.08
237,62,"(41, 18)",0,-0.08
237,63,"(41, 17)",0,-0.08
237,64,"(41, 16)",0,-0.08
237,65,"(41, 15)",0,-0.08
237,66,"(41, 14)",0,-0.08
237,67,"(41, 13)",0,-0.08
237,68,"(41, 12)",0,-0.08
237,69,"(41, 11)",1,-0.08
237,70,"(42, 11)",1,-0.08
237,71,"(43, 11)",1,-0.08
237,72,"(44, 11)",1,-0.08
237,73,"(45, 11)",0,-0.08
237,74,"(45, 10)",1,-0.08
237,75,"(46, 10)",0,-0.08
237,76,"(46, 9)",0,-0.08
237,77,"(46, 8)",0,-0.08
237,78,"(46, 7)",0,-0.08
237,79,"(46, 6)",1,-0.08
237,80,"(47, 6)",1,-0.08
237,81,"(48, 6)",1,-0.08
237,82,"(49, 6)",0,-0.08
237,83,"(49, 5)",1,-0.08
237,84,"(50, 5)",1,-0.08
237,85,"(51, 5)",1,-0.08
237,86,"(52, 5)",1,-0.08
237,87,"(53, 5)",0,-0.08
237,88,"(53, 4)",0,-0.08
237,89,"(53, 3)",1,-0.08
237,90,"(54, 3)",1,-0.08
237,91,"(55, 3)",1,-0.08
237,92,"(56, 3)",0,-0.08
237,93,"(56, 2)",1,-0.08
237,94,"(57, 2)",0,-0.08
237,95,"(57, 1)",1,-0.08
237,96,"(58, 1)",1,-0.08
237,97,"(59, 1)",1,-0.08
237,98,"(60, 1)",1,-0.08
237,99,"(61, 1)",1,-0.08
237,100,"(62, 1)",1,-0.08
237,101,"(63, 1)",1,-0.08
237,102,"(64, 1)",1,-0.08
237,103,"(65, 1)",1,-0.08
237,104,"(66, 1)",1,-0.08
237,105,"(67, 1)",1,-0.08
237,106,"(68, 1)",1,-0.08
237,107,"(69, 1)",1,-0.08
237,108,"(70, 1)",1,-0.08
237,109,"(71, 1)",2,-0.08
237,110,"(71, 2)",2,-0.08
237,111,"(71, 3)",1,-0.08
237,112,"(72, 3)",1,-0.08
237,113,"(73, 3)",1,-0.08
237,114,"(74, 3)",1,-0.08
237,115,"(75, 3)",1,-0.08
237,116,"(76, 3)",1,-0.08
237,117,"(77, 3)",0,-0.08
237,118,"(77, 2)",0,-0.08
237,119,"(77, 1)",1,-0.08
237,120,"(78, 1)",1,-0.08
237,121,"(79, 1)",0,8.33
238,0,"(0, 39)",1,-0.08
238,1,"(1, 39)",1,-0.08
238,2,"(2, 39)",1,-0.08
238,3,"(3, 39)",1,-0.08
238,4,"(4, 39)",1,-0.08
238,5,"(5, 39)",1,-0.08
238,6,"(6, 39)",1,-0.08
238,7,"(7, 39)",1,-0.08
238,8,"(8, 39)",1,-0.08
238,9,"(9, 39)",1,-0.08
238,10,"(10, 39)",0,-0.08
238,11,"(10, 38)",0,-0.08
238,12,"(10, 37)",1,-0.08
238,13,"(11, 37)",1,-0.08
238,14,"(12, 37)",1,-0.08
238,15,"(13, 37)",1,-0.08
238,16,"(14, 37)",1,-0.08
238,17,"(15, 37)",1,-0.08
238,18,"(16, 37)",0,-0.08
238,19,"(16, 36)",1,-0.08
238,20,"(17, 36)",0,-0.08
238,21,"(17, 35)",0,-0.08
238,22,"(17, 34)",1,-0.08
238,23,"(18, 34)",1,-0.08
238,24,"(19, 34)",0,-0.08
238,25,"(19, 33)",0,-0.08
238,26,"(19, 32)",0,-0.08
238,27,"(19, 31)",0,-0.08
238,28,"(19, 30)",0,-0.08
238,29,"(19, 29)",1,-0.08
238,30,"(20, 29)",0,-0.08
238,31,"(20, 28)",0,-0.08
238,32,"(20, 27)",1,-0.08
238,33,"(21, 27)",0,-0.08
238,34,"(21, 26)",0,-0.08
238,35,"(21, 25)",1,-0.08
238,36,"(22, 25)",0,-0.08
238,37,"(22, 24)",0,-0.08
238,38,"(22, 23)",1,-0.08
238,39,"(23, 23)",1,-0.08
238,40,"(24, 23)",1,-0.08
238,41,"(25, 23)",0,-0.08
238,42,"(25, 22)",0,-0.08
238,43,"(25, 21)",1,-0.08
238,44,"(26, 21)",1,-0.08
238,45,"(27, 21)",0,-0.08
238,46,"(27, 20)",1,-0.08
238,47,"(28, 20)",0,-0.08
238,48,"(28, 19)",1,-0.08
238,49,"(29, 19)",1,-0.08
238,50,"(30, 19)",1,-0.08
238,51,"(31, 19)",1,-0.08
238,52,"(32, 19)",0,-0.08
238,53,"(32, 18)",0,-0.08
238,54,"(32, 17)",0,-0.08
238,55,"(32, 16)",0,-0.08
238,56,"(32, 15)",0,-0.08
238,57,"(32, 14)",0,-0.08
238,58,"(32, 13)",1,-0.08
238,59,"(33, 13)",1,-0.08
238,60,"(34, 13)",1,-0.08
238,61,"(35, 13)",1,-0.08
238,62,"(36, 13)",1,-0.08
238,63,"(37, 13)",1,-0.08
238,64,"(38, 13)",1,-0.08
238,65,"(39, 13)",0,-0.08
238,66,"(39, 12)",0,-0.08
238,67,"(39, 11)",1,-0.08
238,68,"(40, 11)",1,-0.08
238,69,"(41, 11)",1,-0.08
238,70,"(42, 11)",1,-0.08
238,71,"(43, 11)",1,-0.08
238,72,"(44, 11)",1,-0.08
238,73,"(45, 11)",0,-0.08
238,74,"(45, 10)",0,-0.08
238,75,"(45, 9)",1,-0.08
238,76,"(46, 9)",0,-0.08
238,77,"(46, 8)",0,-0.08
238,78,"(46, 7)",1,-0.08
238,79,"(47, 7)",0,-0.08
238,80,"(47, 6)",1,-0.08
238,81,"(48, 6)",1,-0.08
238,82,"(49, 6)",0,-0.08
238,83,"(49, 5)",1,-0.08
238,84,"(50, 5)",1,-0.08
238,85,"(51, 5)",1,-0.08
238,86,"(52, 5)",1,-0.08
238,87,"(53, 5)",0,-0.08
238,88,"(53, 4)",0,-0.08
238,89,"(53, 3)",0,-0.08
238,90,"(53, 2)",0,-0.08
238,91,"(53, 1)",1,-0.08
238,92,"(54, 1)",1,-0.08
238,93,"(55, 1)",1,-0.08
238,94,"(56, 1)",1,-0.08
238,95,"(57, 1)",1,-0.08
238,96,"(58, 1)",1,-0.08
238,97,"(59, 1)",1,-0.08
238,98,"(60, 1)",1,-0.08
238,99,"(61, 1)",1,-0.08
238,100,"(62, 1)",1,-0.08
238,101,"(63, 1)",1,-0.08
238,102,"(64, 1)",1,-0.08
238,103,"(65, 1)",1,-0.08
238,104,"(66, 1)",1,-0.08
238,105,"(67, 1)",1,-0.08
238,106,"(68, 1)",1,-0.08
238,107,"(69, 1)",1,-0.08
238,108,"(70, 1)",1,-0.08
238,109,"(71, 1)",2,-0.08
238,110,"(71, 2)",2,-0.08
238,111,"(71, 3)",1,-0.08
238,112,"(72, 3)",1,-0.08
238,113,"(73, 3)",0,-0.08
238,114,"(73, 2)",0,-0.08
238,115,"(73, 1)",1,-0.08
238,116,"(74, 1)",0,-0.08
238,117,"(74, 0)",1,-0.08
238,118,"(75, 0)",1,-0.08
238,119,"(76, 0)",1,-0.08
238,120,"(77, 0)",1,-0.08
238,121,"(78, 0)",1,8.33
239,0,"(0, 39)",1,-0.08
239,1,"(1, 39)",1,-0.08
239,2,"(2, 39)",1,-0.08
239,3,"(3, 39)",1,-0.08
239,4,"(4, 39)",1,-0.08
239,5,"(5, 39)",1,-0.08
239,6,"(6, 39)",1,-0.08
239,7,"(7, 39)",1,-0.08
239,8,"(8, 39)",1,-0.08
239,9,"(9, 39)",1,-0.08
239,10,"(10, 39)",0,-0.08
239,11,"(10, 38)",1,-0.08
239,12,"(11, 38)",0,-0.08
239,13,"(11, 37)",1,-0.08
239,14,"(12, 37)",1,-0.08
239,15,"(13, 37)",1,-0.08
239,16,"(14, 37)",1,-0.08
239,17,"(15, 37)",0,-0.08
239,18,"(15, 36)",0,-0.08
239,19,"(15, 35)",0,-0.08
239,20,"(15, 34)",0,-0.08
239,21,"(15, 33)",1,-0.08
239,22,"(16, 33)",1,-0.08
239,23,"(17, 33)",1,-0.08
239,24,"(18, 33)",1,-0.08
239,25,"(19, 33)",0,-0.08
239,26,"(19, 32)",0,-0.08
239,27,"(19, 31)",0,-0.08
239,28,"(19, 30)",0,-0.08
239,29,"(19, 29)",1,-0.08
239,30,"(20, 29)",0,-0.08
239,31,"(20, 28)",0,-0.08
239,32,"(20, 27)",1,-0.08
239,33,"(21, 27)",0,-0.08
239,34,"(21, 26)",0,-0.08
239,35,"(21, 25)",1,-0.08
239,36,"(22, 25)",1,-0.08
239,37,"(23, 25)",1,-0.08
239,38,"(24, 25)",1,-0.08
239,39,"(25, 25)",0,-0.08
239,40,"(25, 24)",0,-0.08
239,41,"(25, 23)",0,-0.08
239,42,"(25, 22)",0,-0.08
239,43,"(25, 21)",1,-0.08
239,44,"(26, 21)",1,-0.08
239,45,"(27, 21)",0,-0.08
239,46,"(27, 20)",0,-0.08
239,47,"(27, 19)",0,-0.08
239,48,"(27, 18)",0,-0.08
239,49,"(27, 17)",1,-0.08
239,50,"(28, 17)",0,-0.08
239,51,"(28, 16)",1,-0.08
239,52,"(29, 16)",0,-0.08
239,53,"(29, 15)",1,-0.08
239,54,"(30, 15)",1,-0.08
239,55,"(31, 15)",0,-0.08
239,56,"(31, 14)",1,-0.08
239,57,"(32, 14)",0,-0.08
239,58,"(32, 13)",1,-0.08
239,59,"(33, 13)",1,-0.08
239,60,"(34, 13)",1,-0.08
239,61,"(35, 13)",1,-0.08
239,62,"(36, 13)",1,-0.08
239,63,"(37, 13)",1,-0.08
239,64,"(38, 13)",1,-0.08
239,65,"(39, 13)",0,-0.08
239,66,"(39, 12)",0,-0.08
239,67,"(39, 11)",1,-0.08
239,68,"(40, 11)",1,-0.08
239,69,"(41, 11)",1,-0.08
239,70,"(42, 11)",1,-0.08
239,71,"(43, 11)",1,-0.08
239,72,"(44, 11)",1,-0.08
239,73,"(45, 11)",0,-0.08
239,74,"(45, 10)",1,-0.08
239,75,"(46, 10)",0,-0.08
239,76,"(46, 9)",0,-0.08
239,77,"(46, 8)",0,-0.08
239,78,"(46, 7)",0,-0.08
239,79,"(46, 6)",1,-0.08
239,80,"(47, 6)",1,-0.08
239,81,"(48, 6)",1,-0.08
239,82,"(49, 6)",0,-0.08
239,83,"(49, 5)",1,-0.08
239,84,"(50, 5)",1,-0.08
239,85,"(51, 5)",1,-0.08
239,86,"(52, 5)",1,-0.08
239,87,"(53, 5)",0,-0.08
239,88,"(53, 4)",0,-0.08
239,89,"(53, 3)",1,-0.08
239,90,"(54, 3)",1,-0.08
239,91,"(55, 3)",1,-0.08
239,92,"(56, 3)",1,-0.08
239,93,"(57, 3)",0,-0.08
239,94,"(57, 2)",1,-0.08
239,95,"(58, 2)",1,-0.08
239,96,"(59, 2)",0,-0.08
239,97,"(59, 1)",1,-0.08
239,98,"(60, 1)",1,-0.08
239,99,"(61, 1)",1,-0.08
239,100,"(62, 1)",1,-0.08
239,101,"(63, 1)",1,-0.08
239,102,"(64, 1)",1,-0.08
239,103,"(65, 1)",1,-0.08
239,104,"(66, 1)",1,-0.08
239,105,"(67, 1)",1,-0.08
239,106,"(68, 1)",1,-0.08
239,107,"(69, 1)",1,-0.08
239,108,"(70, 1)",1,-0.08
239,109,"(71, 1)",2,-0.08
239,110,"(71, 2)",2,-0.08
239,111,"(71, 3)",1,-0.08
239,112,"(72, 3)",1,-0.08
239,113,"(73, 3)",0,-0.08
239,114,"(73, 2)",0,-0.08
239,115,"(73, 1)",0,-0.08
239,116,"(73, 0)",1,-0.08
239,117,"(74, 0)",1,-0.08
239,118,"(75, 0)",1,-0.08
239,119,"(76, 0)",1,-0.08
239,120,"(77, 0)",1,-0.08
239,121,"(78, 0)",1,8.33
240,0,"(0, 39)",1,-0.08
240,1,"(1, 39)",1,-0.08
240,2,"(2, 39)",1,-0.08
240,3,"(3, 39)",1,-0.08
240,4,"(4, 39)",1,-0.08
240,5,"(5, 39)",1,-0.08
240,6,"(6, 39)",1,-0.08
240,7,"(7, 39)",1,-0.08
240,8,"(8, 39)",1,-0.08
240,9,"(9, 39)",1,-0.08
240,10,"(10, 39)",0,-0.08
240,11,"(10, 38)",1,-0.08
240,12,"(11, 38)",0,-0.08
240,13,"(11, 37)",1,-0.08
240,14,"(12, 37)",1,-0.08
240,15,"(13, 37)",1,-0.08
240,16,"(14, 37)",1,-0.08
240,17,"(15, 37)",1,-0.08
240,18,"(16, 37)",0,-0.08
240,19,"(16, 36)",1,-0.08
240,20,"(17, 36)",0,-0.08
240,21,"(17, 35)",1,-0.08
240,22,"(18, 35)",0,-0.08
240,23,"(18, 34)",0,-0.08
240,24,"(18, 33)",1,-0.08
240,25,"(19, 33)",0,-0.08
240,26,"(19, 32)",0,-0.08
240,27,"(19, 31)",0,-0.08
240,28,"(19, 30)",0,-0.08
240,29,"(19, 29)",1,-0.08
240,30,"(20, 29)",0,-0.08
240,31,"(20, 28)",0,-0.08
240,32,"(20, 27)",1,-0.08
240,33,"(21, 27)",0,-0.08
240,34,"(21, 26)",0,-0.08
240,35,"(21, 25)",1,-0.08
240,36,"(22, 25)",0,-0.08
240,37,"(22, 24)",0,-0.08
240,38,"(22, 23)",1,-0.08
240,39,"(23, 23)",1,-0.08
240,40,"(24, 23)",1,-0.08
240,41,"(25, 23)",0,-0.08
240,42,"(25, 22)",0,-0.08
240,43,"(25, 21)",0,-0.08
240,44,"(25, 20)",0,-0.08
240,45,"(25, 19)",0,-0.08
240,46,"(25, 18)",1,-0.08
240,47,"(26, 18)",1,-0.08
240,48,"(27, 18)",0,-0.08
240,49,"(27, 17)",0,-0.08
240,50,"(27, 16)",1,-0.08
240,51,"(28, 16)",1,-0.08
240,52,"(29, 16)",0,-0.08
240,53,"(29, 15)",1,-0.08
240,54,"(30, 15)",1,-0.08
240,55,"(31, 15)",1,-0.08
240,56,"(32, 15)",0,-0.08
240,57,"(32, 14)",0,-0.08
240,58,"(32, 13)",1,-0.08
240,59,"(33, 13)",1,-0.08
240,60,"(34, 13)",1,-0.08
240,61,"(35, 13)",1,-0.08
240,62,"(36, 13)",1,-0.08
240,63,"(37, 13)",1,-0.08
240,64,"(38, 13)",1,-0.08
240,65,"(39, 13)",1,-0.08
240,66,"(40, 13)",1,-0.08
240,67,"(41, 13)",0,-0.08
240,68,"(41, 12)",0,-0.08
240,69,"(41, 11)",1,-0.08
240,70,"(42, 11)",1,-0.08
240,71,"(43, 11)",1,-0.08
240,72,"(44, 11)",1,-0.08
240,73,"(45, 11)",0,-0.08
240,74,"(45, 10)",1,-0.08
240,75,"(46, 10)",0,-0.08
240,76,"(46, 9)",0,-0.08
240,77,"(46, 8)",0,-0.08
240,78,"(46, 7)",1,-0.08
240,79,"(47, 7)",0,-0.08
240,80,"(47, 6)",1,-0.08
240,81,"(48, 6)",1,-0.08
240,82,"(49, 6)",0,-0.08
240,83,"(49, 5)",1,-0.08
240,84,"(50, 5)",1,-0.08
240,85,"(51, 5)",1,-0.08
240,86,"(52, 5)",1,-0.08
240,87,"(53, 5)",0,-0.08
240,88,"(53, 4)",0,-0.08
240,89,"(53, 3)",1,-0.08
240,90,"(54, 3)",1,-0.08
240,91,"(55, 3)",1,-0.08
240,92,"(56, 3)",0,-0.08
240,93,"(56, 2)",0,-0.08
240,94,"(56, 1)",1,-0.08
240,95,"(57, 1)",1,-0.08
240,96,"(58, 1)",1,-0.08
240,97,"(59, 1)",1,-0.08
240,98,"(60, 1)",1,-0.08
240,99,"(61, 1)",1,-0.08
240,100,"(62, 1)",1,-0.08
240,101,"(63, 1)",1,-0.08
240,102,"(64, 1)",1,-0.08
240,103,"(65, 1)",1,-0.08
240,104,"(66, 1)",1,-0.08
240,105,"(67, 1)",1,-0.08
240,106,"(68, 1)",1,-0.08
240,107,"(69, 1)",1,-0.08
240,108,"(70, 1)",1,-0.08
240,109,"(71, 1)",2,-0.08
240,110,"(71, 2)",2,-0.08
240,111,"(71, 3)",1,-0.08
240,112,"(72, 3)",1,-0.08
240,113,"(73, 3)",1,-0.08
240,114,"(74, 3)",1,-0.08
240,115,"(75, 3)",1,-0.08
240,116,"(76, 3)",1,-0.08
240,117,"(77, 3)",0,-0.08
240,118,"(77, 2)",0,-0.08
240,119,"(77, 1)",1,-0.08
240,120,"(78, 1)",0,-0.08
240,121,"(78, 0)",1,8.33
241,0,"(0, 39)",1,-0.08
241,1,"(1, 39)",1,-0.08
241,2,"(2, 39)",1,-0.08
241,3,"(3, 39)",1,-0.08
241,4,"(4, 39)",1,-0.08
241,5,"(5, 39)",1,-0.08
241,6,"(6, 39)",1,-0.08
241,7,"(7, 39)",1,-0.08
241,8,"(8, 39)",1,-0.08
241,9,"(9, 39)",1,-0.08
241,10,"(10, 39)",1,-0.08
241,11,"(11, 39)",0,-0.08
241,12,"(11, 38)",0,-0.08
241,13,"(11, 37)",1,-0.08
241,14,"(12, 37)",1,-0.08
241,15,"(13, 37)",1,-0.08
241,16,"(14, 37)",1,-0.08
241,17,"(15, 37)",0,-0.08
241,18,"(15, 36)",0,-0.08
241,19,"(15, 35)",0,-0.08
241,20,"(15, 34)",0,-0.08
241,21,"(15, 33)",1,-0.08
241,22,"(16, 33)",1,-0.08
241,23,"(17, 33)",1,-0.08
241,24,"(18, 33)",1,-0.08
241,25,"(19, 33)",0,-0.08
241,26,"(19, 32)",0,-0.08
241,27,"(19, 31)",0,-0.08
241,28,"(19, 30)",0,-0.08
241,29,"(19, 29)",1,-0.08
241,30,"(20, 29)",0,-0.08
241,31,"(20, 28)",0,-0.08
241,32,"(20, 27)",1,-0.08
241,33,"(21, 27)",0,-0.08
241,34,"(21, 26)",0,-0.08
241,35,"(21, 25)",1,-0.08
241,36,"(22, 25)",1,-0.08
241,37,"(23, 25)",1,-0.08
241,38,"(24, 25)",1,-0.08
241,39,"(25, 25)",0,-0.08
241,40,"(25, 24)",0,-0.08
241,41,"(25, 23)",0,-0.08
241,42,"(25, 22)",0,-0.08
241,43,"(25, 21)",0,-0.08
241,44,"(25, 20)",0,-0.08
241,45,"(25, 19)",0,-0.08
241,46,"(25, 18)",1,-0.08
241,47,"(26, 18)",1,-0.08
241,48,"(27, 18)",0,-0.08
241,49,"(27, 17)",1,-0.08
241,50,"(28, 17)",0,-0.08
241,51,"(28, 16)",1,-0.08
241,52,"(29, 16)",0,-0.08
241,53,"(29, 15)",1,-0.08
241,54,"(30, 15)",1,-0.08
241,55,"(31, 15)",1,-0.08
241,56,"(32, 15)",0,-0.08
241,57,"(32, 14)",0,-0.08
241,58,"(32, 13)",1,-0.08
241,59,"(33, 13)",1,-0.08
241,60,"(34, 13)",1,-0.08
241,61,"(35, 13)",1,-0.08
241,62,"(36, 13)",1,-0.08
241,63,"(37, 13)",1,-0.08
241,64,"(38, 13)",1,-0.08
241,65,"(39, 13)",1,-0.08
241,66,"(40, 13)",1,-0.08
241,67,"(41, 13)",1,-0.08
241,68,"(42, 13)",1,-0.08
241,69,"(43, 13)",0,-0.08
241,70,"(43, 12)",0,-0.08
241,71,"(43, 11)",1,-0.08
241,72,"(44, 11)",1,-0.08
241,73,"(45, 11)",0,-0.08
241,74,"(45, 10)",0,-0.08
241,75,"(45, 9)",1,-0.08
241,76,"(46, 9)",0,-0.08
241,77,"(46, 8)",0,-0.08
241,78,"(46, 7)",0,-0.08
241,79,"(46, 6)",1,-0.08
241,80,"(47, 6)",1,-0.08
241,81,"(48, 6)",1,-0.08
241,82,"(49, 6)",0,-0.08
241,83,"(49, 5)",1,-0.08
241,84,"(50, 5)",1,-0.08
241,85,"(51, 5)",0,-0.08
241,86,"(51, 4)",0,-0.08
241,87,"(51, 3)",0,-0.08
241,88,"(51, 2)",1,-0.08
241,89,"(52, 2)",0,-0.08
241,90,"(52, 1)",1,-0.08
241,91,"(53, 1)",1,-0.08
241,92,"(54, 1)",1,-0.08
241,93,"(55, 1)",1,-0.08
241,94,"(56, 1)",1,-0.08
241,95,"(57, 1)",1,-0.08
241,96,"(58, 1)",1,-0.08
241,97,"(59, 1)",1,-0.08
241,98,"(60, 1)",1,-0.08
241,99,"(61, 1)",1,-0.08
241,100,"(62, 1)",1,-0.08
241,101,"(63, 1)",1,-0.08
241,102,"(64, 1)",1,-0.08
241,103,"(65, 1)",1,-0.08
241,104,"(66, 1)",1,-0.08
241,105,"(67, 1)",1,-0.08
241,106,"(68, 1)",1,-0.08
241,107,"(69, 1)",1,-0.08
241,108,"(70, 1)",1,-0.08
241,109,"(71, 1)",2,-0.08
241,110,"(71, 2)",2,-0.08
241,111,"(71, 3)",1,-0.08
241,112,"(72, 3)",1,-0.08
241,113,"(73, 3)",0,-0.08
241,114,"(73, 2)",0,-0.08
241,115,"(73, 1)",1,-0.08
241,116,"(74, 1)",0,-0.08
241,117,"(74, 0)",1,-0.08
241,118,"(75, 0)",1,-0.08
241,119,"(76, 0)",1,-0.08
241,120,"(77, 0)",1,-0.08
241,121,"(78, 0)",1,8.33
242,0,"(0, 39)",1,-0.08
242,1,"(1, 39)",1,-0.08
242,2,"(2, 39)",1,-0.08
242,3,"(3, 39)",1,-0.08
242,4,"(4, 39)",1,-0.08
242,5,"(5, 39)",1,-0.08
242,6,"(6, 39)",1,-0.08
242,7,"(7, 39)",1,-0.08
242,8,"(8, 39)",1,-0.08
242,9,"(9, 39)",1,-0.08
242,10,"(10, 39)",0,-0.08
242,11,"(10, 38)",1,-0.08
242,12,"(11, 38)",0,-0.08
242,13,"(11, 37)",1,-0.08
242,14,"(12, 37)",1,-0.08
242,15,"(13, 37)",1,-0.08
242,16,"(14, 37)",1,-0.08
242,17,"(15, 37)",0,-0.08
242,18,"(15, 36)",1,-0.08
242,19,"(16, 36)",1,-0.08
242,20,"(17, 36)",0,-0.08
242,21,"(17, 35)",0,-0.08
242,22,"(17, 34)",1,-0.08
242,23,"(18, 34)",0,-0.08
242,24,"(18, 33)",1,-0.08
242,25,"(19, 33)",0,-0.08
242,26,"(19, 32)",0,-0.08
242,27,"(19, 31)",0,-0.08
242,28,"(19, 30)",0,-0.08
242,29,"(19, 29)",1,-0.08
242,30,"(20, 29)",0,-0.08
242,31,"(20, 28)",0,-0.08
242,32,"(20, 27)",1,-0.08
242,33,"(21, 27)",0,-0.08
242,34,"(21, 26)",1,-0.08
242,35,"(22, 26)",0,-0.08
242,36,"(22, 25)",1,-0.08
242,37,"(23, 25)",1,-0.08
242,38,"(24, 25)",1,-0.08
242,39,"(25, 25)",0,-0.08
242,40,"(25, 24)",0,-0.08
242,41,"(25, 23)",0,-0.08
242,42,"(25, 22)",0,-0.08
242,43,"(25, 21)",0,-0.08
242,44,"(25, 20)",0,-0.08
242,45,"(25, 19)",1,-0.08
242,46,"(26, 19)",1,-0.08
242,47,"(27, 19)",0,-0.08
242,48,"(27, 18)",0,-0.08
242,49,"(27, 17)",1,-0.08
242,50,"(28, 17)",1,-0.08
242,51,"(29, 17)",0,-0.08
242,52,"(29, 16)",0,-0.08
242,53,"(29, 15)",1,-0.08
242,54,"(30, 15)",1,-0.08
242,55,"(31, 15)",1,-0.08
242,56,"(32, 15)",0,-0.08
242,57,"(32, 14)",0,-0.08
242,58,"(32, 13)",1,-0.08
242,59,"(33, 13)",1,-0.08
242,60,"(34, 13)",1,-0.08
242,61,"(35, 13)",1,-0.08
242,62,"(36, 13)",1,-0.08
242,63,"(37, 13)",1,-0.08
242,64,"(38, 13)",1,-0.08
242,65,"(39, 13)",0,-0.08
242,66,"(39, 12)",0,-0.08
242,67,"(39, 11)",1,-0.08
242,68,"(40, 11)",1,-0.08
242,69,"(41, 11)",1,-0.08
242,70,"(42, 11)",1,-0.08
242,71,"(43, 11)",1,-0.08
242,72,"(44, 11)",1,-0.08
242,73,"(45, 11)",0,-0.08
242,74,"(45, 10)",1,-0.08
242,75,"(46, 10)",0,-0.08
242,76,"(46, 9)",0,-0.08
242,77,"(46, 8)",0,-0.08
242,78,"(46, 7)",1,-0.08
242,79,"(47, 7)",0,-0.08
242,80,"(47, 6)",1,-0.08
242,81,"(48, 6)",1,-0.08
242,82,"(49, 6)",0,-0.08
242,83,"(49, 5)",1,-0.08
242,84,"(50, 5)",1,-0.08
242,85,"(51, 5)",0,-0.08
242,86,"(51, 4)",0,-0.08
242,87,"(51, 3)",0,-0.08
242,88,"(51, 2)",0,-0.08
242,89,"(51, 1)",1,-0.08
242,90,"(52, 1)",1,-0.08
242,91,"(53, 1)",1,-0.08
242,92,"(54, 1)",1,-0.08
242,93,"(55, 1)",1,-0.08
242,94,"(56, 1)",1,-0.08
242,95,"(57, 1)",1,-0.08
242,96,"(58, 1)",1,-0.08
242,97,"(59, 1)",1,-0.08
242,98,"(60, 1)",1,-0.08
242,99,"(61, 1)",1,-0.08
242,100,"(62, 1)",1,-0.08
242,101,"(63, 1)",1,-0.08
242,102,"(64, 1)",1,-0.08
242,103,"(65, 1)",1,-0.08
242,104,"(66, 1)",1,-0.08
242,105,"(67, 1)",1,-0.08
242,106,"(68, 1)",1,-0.08
242,107,"(69, 1)",1,-0.08
242,108,"(70, 1)",1,-0.08
242,109,"(71, 1)",2,-0.08
242,110,"(71, 2)",2,-0.08
242,111,"(71, 3)",1,-0.08
242,112,"(72, 3)",1,-0.08
242,113,"(73, 3)",1,-0.08
242,114,"(74, 3)",1,-0.08
242,115,"(75, 3)",1,-0.08
242,116,"(76, 3)",1,-0.08
242,117,"(77, 3)",0,-0.08
242,118,"(77, 2)",0,-0.08
242,119,"(77, 1)",0,-0.08
242,120,"(77, 0)",1,-0.08
242,121,"(78, 0)",1,8.33
243,0,"(0, 39)",1,-0.08
243,1,"(1, 39)",1,-0.08
243,2,"(2, 39)",1,-0.08
243,3,"(3, 39)",1,-0.08
243,4,"(4, 39)",1,-0.08
243,5,"(5, 39)",1,-0.08
243,6,"(6, 39)",1,-0.08
243,7,"(7, 39)",1,-0.08
243,8,"(8, 39)",1,-0.08
243,9,"(9, 39)",1,-0.08
243,10,"(10, 39)",0,-0.08
243,11,"(10, 38)",1,-0.08
243,12,"(11, 38)",0,-0.08
243,13,"(11, 37)",1,-0.08
243,14,"(12, 37)",1,-0.08
243,15,"(13, 37)",1,-0.08
243,16,"(14, 37)",1,-0.08
243,17,"(15, 37)",0,-0.08
243,18,"(15, 36)",1,-0.08
243,19,"(16, 36)",1,-0.08
243,20,"(17, 36)",0,-0.08
243,21,"(17, 35)",1,-0.08
243,22,"(18, 35)",1,-0.08
243,23,"(19, 35)",0,-0.08
243,24,"(19, 34)",0,-0.08
243,25,"(19, 33)",0,-0.08
243,26,"(19, 32)",0,-0.08
243,27,"(19, 31)",0,-0.08
243,28,"(19, 30)",0,-0.08
243,29,"(19, 29)",1,-0.08
243,30,"(20, 29)",0,-0.08
243,31,"(20, 28)",0,-0.08
243,32,"(20, 27)",1,-0.08
243,33,"(21, 27)",0,-0.08
243,34,"(21, 26)",1,-0.08
243,35,"(22, 26)",1,-0.08
243,36,"(23, 26)",0,-0.08
243,37,"(23, 25)",1,-0.08
243,38,"(24, 25)",1,-0.08
243,39,"(25, 25)",0,-0.08
243,40,"(25, 24)",0,-0.08
243,41,"(25, 23)",0,-0.08
243,42,"(25, 22)",0,-0.08
243,43,"(25, 21)",0,-0.08
243,44,"(25, 20)",0,-0.08
243,45,"(25, 19)",0,-0.08
243,46,"(25, 18)",1,-0.08
243,47,"(26, 18)",1,-0.08
243,48,"(27, 18)",0,-0.08
243,49,"(27, 17)",1,-0.08
243,50,"(28, 17)",0,-0.08
243,51,"(28, 16)",1,-0.08
243,52,"(29, 16)",0,-0.08
243,53,"(29, 15)",1,-0.08
243,54,"(30, 15)",1,-0.08
243,55,"(31, 15)",1,-0.08
243,56,"(32, 15)",0,-0.08
243,57,"(32, 14)",0,-0.08
243,58,"(32, 13)",1,-0.08
243,59,"(33, 13)",1,-0.08
243,60,"(34, 13)",1,-0.08
243,61,"(35, 13)",1,-0.08
243,62,"(36, 13)",1,-0.08
243,63,"(37, 13)",1,-0.08
243,64,"(38, 13)",1,-0.08
243,65,"(39, 13)",0,-0.08
243,66,"(39, 12)",0,-0.08
243,67,"(39, 11)",1,-0.08
243,68,"(40, 11)",1,-0.08
243,69,"(41, 11)",1,-0.08
243,70,"(42, 11)",1,-0.08
243,71,"(43, 11)",1,-0.08
243,72,"(44, 11)",1,-0.08
243,73,"(45, 11)",0,-0.08
243,74,"(45, 10)",0,-0.08
243,75,"(45, 9)",0,-0.08
243,76,"(45, 8)",1,-0.08
243,77,"(46, 8)",0,-0.08
243,78,"(46, 7)",1,-0.08
243,79,"(47, 7)",0,-0.08
243,80,"(47, 6)",1,-0.08
243,81,"(48, 6)",1,-0.08
243,82,"(49, 6)",0,-0.08
243,83,"(49, 5)",1,-0.08
243,84,"(50, 5)",1,-0.08
243,85,"(51, 5)",0,-0.08
243,86,"(51, 4)",0,-0.08
243,87,"(51, 3)",0,-0.08
243,88,"(51, 2)",1,-0.08
243,89,"(52, 2)",1,-0.08
243,90,"(53, 2)",0,-0.08
243,91,"(53, 1)",1,-0.08
243,92,"(54, 1)",1,-0.08
243,93,"(55, 1)",1,-0.08
243,94,"(56, 1)",1,-0.08
243,95,"(57, 1)",1,-0.08
243,96,"(58, 1)",1,-0.08
243,97,"(59, 1)",1,-0.08
243,98,"(60, 1)",1,-0.08
243,99,"(61, 1)",1,-0.08
243,100,"(62, 1)",1,-0.08
243,101,"(63, 1)",1,-0.08
243,102,"(64, 1)",1,-0.08
243,103,"(65, 1)",1,-0.08
243,104,"(66, 1)",1,-0.08
243,105,"(67, 1)",1,-0.08
243,106,"(68, 1)",1,-0.08
243,107,"(69, 1)",1,-0.08
243,108,"(70, 1)",1,-0.08
243,109,"(71, 1)",2,-0.08
243,110,"(71, 2)",2,-0.08
243,111,"(71, 3)",1,-0.08
243,112,"(72, 3)",1,-0.08
243,113,"(73, 3)",0,-0.08
243,114,"(73, 2)",0,-0.08
243,115,"(73, 1)",1,-0.08
243,116,"(74, 1)",0,-0.08
243,117,"(74, 0)",1,-0.08
243,118,"(75, 0)",1,-0.08
243,119,"(76, 0)",1,-0.08
243,120,"(77, 0)",1,-0.08
243,121,"(78, 0)",1,8.33
244,0,"(0, 39)",1,-0.08
244,1,"(1, 39)",1,-0.08
244,2,"(2, 39)",1,-0.08
244,3,"(3, 39)",1,-0.08
244,4,"(4, 39)",1,-0.08
244,5,"(5, 39)",1,-0.08
244,6,"(6, 39)",1,-0.08
244,7,"(7, 39)",1,-0.08
244,8,"(8, 39)",1,-0.08
244,9,"(9, 39)",1,-0.08
244,10,"(10, 39)",1,-0.08
244,11,"(11, 39)",1,-0.08
244,12,"(12, 39)",1,-0.08
244,13,"(13, 39)",1,-0.08
244,14,"(14, 39)",0,-0.08
244,15,"(14, 38)",0,-0.08
244,16,"(14, 37)",1,-0.08
244,17,"(15, 37)",1,-0.08
244,18,"(16, 37)",0,-0.08
244,19,"(16, 36)",1,-0.08
244,20,"(17, 36)",0,-0.08
244,21,"(17, 35)",1,-0.08
244,22,"(18, 35)",1,-0.08
244,23,"(19, 35)",0,-0.08
244,24,"(19, 34)",0,-0.08
244,25,"(19, 33)",0,-0.08
244,26,"(19, 32)",0,-0.08
244,27,"(19, 31)",0,-0.08
244,28,"(19, 30)",0,-0.08
244,29,"(19, 29)",1,-0.08
244,30,"(20, 29)",0,-0.08
244,31,"(20, 28)",0,-0.08
244,32,"(20, 27)",1,-0.08
244,33,"(21, 27)",0,-0.08
244,34,"(21, 26)",0,-0.08
244,35,"(21, 25)",1,-0.08
244,36,"(22, 25)",0,-0.08
244,37,"(22, 24)",0,-0.08
244,38,"(22, 23)",1,-0.08
244,39,"(23, 23)",1,-0.08
244,40,"(24, 23)",1,-0.08
244,41,"(25, 23)",0,-0.08
244,42,"(25, 22)",0,-0.08
244,43,"(25, 21)",0,-0.08
244,44,"(25, 20)",0,-0.08
244,45,"(25, 19)",1,-0.08
244,46,"(26, 19)",0,-0.08
244,47,"(26, 18)",1,-0.08
244,48,"(27, 18)",0,-0.08
244,49,"(27, 17)",0,-0.08
244,50,"(27, 16)",1,-0.08
244,51,"(28, 16)",1,-0.08
244,52,"(29, 16)",0,-0.08
244,53,"(29, 15)",1,-0.08
244,54,"(30, 15)",1,-0.08
244,55,"(31, 15)",0,-0.08
244,56,"(31, 14)",1,-0.08
244,57,"(32, 14)",0,-0.08
244,58,"(32, 13)",1,-0.08
244,59,"(33, 13)",1,-0.08
244,60,"(34, 13)",1,-0.08
244,61,"(35, 13)",1,-0.08
244,62,"(36, 13)",1,-0.08
244,63,"(37, 13)",1,-0.08
244,64,"(38, 13)",1,-0.08
244,65,"(39, 13)",1,-0.08
244,66,"(40, 13)",1,-0.08
244,67,"(41, 13)",1,-0.08
244,68,"(42, 13)",1,-0.08
244,69,"(43, 13)",0,-0.08
244,70,"(43, 12)",0,-0.08
244,71,"(43, 11)",1,-0.08
244,72,"(44, 11)",1,-0.08
244,73,"(45, 11)",0,-0.08
244,74,"(45, 10)",0,-0.08
244,75,"(45, 9)",1,-0.08
244,76,"(46, 9)",0,-0.08
244,77,"(46, 8)",0,-0.08
244,78,"(46, 7)",1,-0.08
244,79,"(47, 7)",0,-0.08
244,80,"(47, 6)",1,-0.08
244,81,"(48, 6)",1,-0.08
244,82,"(49, 6)",0,-0.08
244,83,"(49, 5)",1,-0.08
244,84,"(50, 5)",1,-0.08
244,85,"(51, 5)",0,-0.08
244,86,"(51, 4)",0,-0.08
244,87,"(51, 3)",0,-0.08
244,88,"(51, 2)",0,-0.08
244,89,"(51, 1)",1,-0.08
244,90,"(52, 1)",1,-0.08
244,91,"(53, 1)",1,-0.08
244,92,"(54, 1)",1,-0.08
244,93,"(55, 1)",1,-0.08
244,94,"(56, 1)",1,-0.08
244,95,"(57, 1)",1,-0.08
244,96,"(58, 1)",1,-0.08
244,97,"(59, 1)",1,-0.08
244,98,"(60, 1)",1,-0.08
244,99,"(61, 1)",1,-0.08
244,100,"(62, 1)",1,-0.08
244,101,"(63, 1)",1,-0.08
244,102,"(64, 1)",1,-0.08
244,103,"(65, 1)",1,-0.08
244,104,"(66, 1)",1,-0.08
244,105,"(67, 1)",1,-0.08
244,106,"(68, 1)",1,-0.08
244,107,"(69, 1)",1,-0.08
244,108,"(70, 1)",1,-0.08
244,109,"(71, 1)",2,-0.08
244,110,"(71, 2)",2,-0.08
244,111,"(71, 3)",1,-0.08
244,112,"(72, 3)",1,-0.08
244,113,"(73, 3)",1,-0.08
244,114,"(74, 3)",1,-0.08
244,115,"(75, 3)",1,-0.08
244,116,"(76, 3)",1,-0.08
244,117,"(77, 3)",0,-0.08
244,118,"(77, 2)",0,-0.08
244,119,"(77, 1)",1,-0.08
244,120,"(78, 1)",1,-0.08
244,121,"(79, 1)",0,8.33
245,0,"(0, 39)",1,-0.08
245,1,"(1, 39)",1,-0.08
245,2,"(2, 39)",1,-0.08
245,3,"(3, 39)",1,-0.08
245,4,"(4, 39)",1,-0.08
245,5,"(5, 39)",1,-0.08
245,6,"(6, 39)",1,-0.08
245,7,"(7, 39)",1,-0.08
245,8,"(8, 39)",1,-0.08
245,9,"(9, 39)",1,-0.08
245,10,"(10, 39)",0,-0.08
245,11,"(10, 38)",1,-0.08
245,12,"(11, 38)",0,-0.08
245,13,"(11, 37)",1,-0.08
245,14,"(12, 37)",1,-0.08
245,15,"(13, 37)",1,-0.08
245,16,"(14, 37)",1,-0.08
245,17,"(15, 37)",0,-0.08
245,18,"(15, 36)",0,-0.08
245,19,"(15, 35)",0,-0.08
245,20,"(15, 34)",0,-0.08
245,21,"(15, 33)",1,-0.08
245,22,"(16, 33)",1,-0.08
245,23,"(17, 33)",1,-0.08
245,24,"(18, 33)",1,-0.08
245,25,"(19, 33)",0,-0.08
245,26,"(19, 32)",0,-0.08
245,27,"(19, 31)",0,-0.08
245,28,"(19, 30)",0,-0.08
245,29,"(19, 29)",1,-0.08
245,30,"(20, 29)",0,-0.08
245,31,"(20, 28)",0,-0.08
245,32,"(20, 27)",1,-0.08
245,33,"(21, 27)",0,-0.08
245,34,"(21, 26)",0,-0.08
245,35,"(21, 25)",1,-0.08
245,36,"(22, 25)",1,-0.08
245,37,"(23, 25)",1,-0.08
245,38,"(24, 25)",1,-0.08
245,39,"(25, 25)",0,-0.08
245,40,"(25, 24)",0,-0.08
245,41,"(25, 23)",0,-0.08
245,42,"(25, 22)",0,-0.08
245,43,"(25, 21)",0,-0.08
245,44,"(25, 20)",0,-0.08
245,45,"(25, 19)",1,-0.08
245,46,"(26, 19)",1,-0.08
245,47,"(27, 19)",0,-0.08
245,48,"(27, 18)",0,-0.08
245,49,"(27, 17)",1,-0.08
245,50,"(28, 17)",1,-0.08
245,51,"(29, 17)",0,-0.08
245,52,"(29, 16)",0,-0.08
245,53,"(29, 15)",1,-0.08
245,54,"(30, 15)",1,-0.08
245,55,"(31, 15)",0,-0.08
245,56,"(31, 14)",0,-0.08
245,57,"(31, 13)",1,-0.08
245,58,"(32, 13)",1,-0.08
245,59,"(33, 13)",1,-0.08
245,60,"(34, 13)",1,-0.08
245,61,"(35, 13)",1,-0.08
245,62,"(36, 13)",1,-0.08
245,63,"(37, 13)",1,-0.08
245,64,"(38, 13)",1,-0.08
245,65,"(39, 13)",1,-0.08
245,66,"(40, 13)",1,-0.08
245,67,"(41, 13)",0,-0.08
245,68,"(41, 12)",0,-0.08
245,69,"(41, 11)",1,-0.08
245,70,"(42, 11)",1,-0.08
245,71,"(43, 11)",1,-0.08
245,72,"(44, 11)",1,-0.08
245,73,"(45, 11)",0,-0.08
245,74,"(45, 10)",0,-0.08
245,75,"(45, 9)",0,-0.08
245,76,"(45, 8)",1,-0.08
245,77,"(46, 8)",0,-0.08
245,78,"(46, 7)",1,-0.08
245,79,"(47, 7)",0,-0.08
245,80,"(47, 6)",1,-0.08
245,81,"(48, 6)",1,-0.08
245,82,"(49, 6)",0,-0.08
245,83,"(49, 5)",1,-0.08
245,84,"(50, 5)",1,-0.08
245,85,"(51, 5)",1,-0.08
245,86,"(52, 5)",1,-0.08
245,87,"(53, 5)",0,-0.08
245,88,"(53, 4)",0,-0.08
245,89,"(53, 3)",1,-0.08
245,90,"(54, 3)",1,-0.08
245,91,"(55, 3)",1,-0.08
245,92,"(56, 3)",1,-0.08
245,93,"(57, 3)",0,-0.08
245,94,"(57, 2)",1,-0.08
245,95,"(58, 2)",1,-0.08
245,96,"(59, 2)",0,-0.08
245,97,"(59, 1)",1,-0.08
245,98,"(60, 1)",1,-0.08
245,99,"(61, 1)",1,-0.08
245,100,"(62, 1)",1,-0.08
245,101,"(63, 1)",1,-0.08
245,102,"(64, 1)",1,-0.08
245,103,"(65, 1)",1,-0.08
245,104,"(66, 1)",1,-0.08
245,105,"(67, 1)",1,-0.08
245,106,"(68, 1)",1,-0.08
245,107,"(69, 1)",1,-0.08
245,108,"(70, 1)",1,-0.08
245,109,"(71, 1)",2,-0.08
245,110,"(71, 2)",2,-0.08
245,111,"(71, 3)",1,-0.08
245,112,"(72, 3)",1,-0.08
245,113,"(73, 3)",0,-0.08
245,114,"(73, 2)",0,-0.08
245,115,"(73, 1)",1,-0.08
245,116,"(74, 1)",1,-0.08
245,117,"(75, 1)",1,-0.08
245,118,"(76, 1)",1,-0.08
245,119,"(77, 1)",0,-0.08
245,120,"(77, 0)",1,-0.08
245,121,"(78, 0)",1,8.33
246,0,"(0, 39)",1,-0.08
246,1,"(1, 39)",1,-0.08
246,2,"(2, 39)",1,-0.08
246,3,"(3, 39)",1,-0.08
246,4,"(4, 39)",1,-0.08
246,5,"(5, 39)",1,-0.08
246,6,"(6, 39)",1,-0.08
246,7,"(7, 39)",1,-0.08
246,8,"(8, 39)",1,-0.08
246,9,"(9, 39)",1,-0.08
246,10,"(10, 39)",0,-0.08
246,11,"(10, 38)",0,-0.08
246,12,"(10, 37)",1,-0.08
246,13,"(11, 37)",1,-0.08
246,14,"(12, 37)",1,-0.08
246,15,"(13, 37)",1,-0.08
246,16,"(14, 37)",1,-0.08
246,17,"(15, 37)",0,-0.08
246,18,"(15, 36)",1,-0.08
246,19,"(16, 36)",1,-0.08
246,20,"(17, 36)",0,-0.08
246,21,"(17, 35)",0,-0.08
246,22,"(17, 34)",0,-0.08
246,23,"(17, 33)",1,-0.08
246,24,"(18, 33)",1,-0.08
246,25,"(19, 33)",0,-0.08
246,26,"(19, 32)",0,-0.08
246,27,"(19, 31)",0,-0.08
246,28,"(19, 30)",0,-0.08
246,29,"(19, 29)",1,-0.08
246,30,"(20, 29)",0,-0.08
246,31,"(20, 28)",0,-0.08
246,32,"(20, 27)",1,-0.08
246,33,"(21, 27)",0,-0.08
246,34,"(21, 26)",1,-0.08
246,35,"(22, 26)",1,-0.08
246,36,"(23, 26)",1,-0.08
246,37,"(24, 26)",0,-0.08
246,38,"(24, 25)",1,-0.08
246,39,"(25, 25)",0,-0.08
246,40,"(25, 24)",0,-0.08
246,41,"(25, 23)",0,-0.08
246,42,"(25, 22)",0,-0.08
246,43,"(25, 21)",0,-0.08
246,44,"(25, 20)",0,-0.08
246,45,"(25, 19)",1,-0.08
246,46,"(26, 19)",0,-0.08
246,47,"(26, 18)",1,-0.08
246,48,"(27, 18)",0,-0.08
246,49,"(27, 17)",0,-0.08
246,50,"(27, 16)",1,-0.08
246,51,"(28, 16)",1,-0.08
246,52,"(29, 16)",0,-0.08
246,53,"(29, 15)",1,-0.08
246,54,"(30, 15)",1,-0.08
246,55,"(31, 15)",1,-0.08
246,56,"(32, 15)",0,-0.08
246,57,"(32, 14)",0,-0.08
246,58,"(32, 13)",1,-0.08
246,59,"(33, 13)",1,-0.08
246,60,"(34, 13)",1,-0.08
246,61,"(35, 13)",1,-0.08
246,62,"(36, 13)",1,-0.08
246,63,"(37, 13)",1,-0.08
246,64,"(38, 13)",1,-0.08
246,65,"(39, 13)",1,-0.08
246,66,"(40, 13)",1,-0.08
246,67,"(41, 13)",1,-0.08
246,68,"(42, 13)",1,-0.08
246,69,"(43, 13)",0,-0.08
246,70,"(43, 12)",0,-0.08
246,71,"(43, 11)",1,-0.08
246,72,"(44, 11)",1,-0.08
246,73,"(45, 11)",0,-0.08
246,74,"(45, 10)",0,-0.08
246,75,"(45, 9)",1,-0.08
246,76,"(46, 9)",0,-0.08
246,77,"(46, 8)",0,-0.08
246,78,"(46, 7)",1,-0.08
246,79,"(47, 7)",0,-0.08
246,80,"(47, 6)",1,-0.08
246,81,"(48, 6)",1,-0.08
246,82,"(49, 6)",0,-0.08
246,83,"(49, 5)",1,-0.08
246,84,"(50, 5)",1,-0.08
246,85,"(51, 5)",0,-0.08
246,86,"(51, 4)",0,-0.08
246,87,"(51, 3)",0,-0.08
246,88,"(51, 2)",0,-0.08
246,89,"(51, 1)",1,-0.08
246,90,"(52, 1)",1,-0.08
246,91,"(53, 1)",1,-0.08
246,92,"(54, 1)",1,-0.08
246,93,"(55, 1)",1,-0.08
246,94,"(56, 1)",1,-0.08
246,95,"(57, 1)",1,-0.08
246,96,"(58, 1)",1,-0.08
246,97,"(59, 1)",1,-0.08
246,98,"(60, 1)",1,-0.08
246,99,"(61, 1)",1,-0.08
246,100,"(62, 1)",1,-0.08
246,101,"(63, 1)",1,-0.08
246,102,"(64, 1)",1,-0.08
246,103,"(65, 1)",1,-0.08
246,104,"(66, 1)",1,-0.08
246,105,"(67, 1)",1,-0.08
246,106,"(68, 1)",1,-0.08
246,107,"(69, 1)",1,-0.08
246,108,"(70, 1)",1,-0.08
246,109,"(71, 1)",2,-0.08
246,110,"(71, 2)",2,-0.08
246,111,"(71, 3)",1,-0.08
246,112,"(72, 3)",1,-0.08
246,113,"(73, 3)",0,-0.08
246,114,"(73, 2)",0,-0.08
246,115,"(73, 1)",0,-0.08
246,116,"(73, 0)",1,-0.08
246,117,"(74, 0)",1,-0.08
246,118,"(75, 0)",1,-0.08
246,119,"(76, 0)",1,-0.08
246,120,"(77, 0)",1,-0.08
246,121,"(78, 0)",1,8.33
247,0,"(0, 39)",1,-0.08
247,1,"(1, 39)",1,-0.08
247,2,"(2, 39)",1,-0.08
247,3,"(3, 39)",1,-0.08
247,4,"(4, 39)",1,-0.08
247,5,"(5, 39)",1,-0.08
247,6,"(6, 39)",1,-0.08
247,7,"(7, 39)",1,-0.08
247,8,"(8, 39)",1,-0.08
247,9,"(9, 39)",1,-0.08
247,10,"(10, 39)",0,-0.08
247,11,"(10, 38)",0,-0.08
247,12,"(10, 37)",1,-0.08
247,13,"(11, 37)",1,-0.08
247,14,"(12, 37)",1,-0.08
247,15,"(13, 37)",1,-0.08
247,16,"(14, 37)",1,-0.08
247,17,"(15, 37)",0,-0.08
247,18,"(15, 36)",0,-0.08
247,19,"(15, 35)",0,-0.08
247,20,"(15, 34)",0,-0.08
247,21,"(15, 33)",1,-0.08
247,22,"(16, 33)",1,-0.08
247,23,"(17, 33)",1,-0.08
247,24,"(18, 33)",1,-0.08
247,25,"(19, 33)",0,-0.08
247,26,"(19, 32)",0,-0.08
247,27,"(19, 31)",0,-0.08
247,28,"(19, 30)",0,-0.08
247,29,"(19, 29)",1,-0.08
247,30,"(20, 29)",0,-0.08
247,31,"(20, 28)",0,-0.08
247,32,"(20, 27)",1,-0.08
247,33,"(21, 27)",0,-0.08
247,34,"(21, 26)",0,-0.08
247,35,"(21, 25)",1,-0.08
247,36,"(22, 25)",1,-0.08
247,37,"(23, 25)",1,-0.08
247,38,"(24, 25)",1,-0.08
247,39,"(25, 25)",0,-0.08
247,40,"(25, 24)",0,-0.08
247,41,"(25, 23)",0,-0.08
247,42,"(25, 22)",0,-0.08
247,43,"(25, 21)",0,-0.08
247,44,"(25, 20)",0,-0.08
247,45,"(25, 19)",0,-0.08
247,46,"(25, 18)",1,-0.08
247,47,"(26, 18)",1,-0.08
247,48,"(27, 18)",0,-0.08
247,49,"(27, 17)",1,-0.08
247,50,"(28, 17)",0,-0.08
247,51,"(28, 16)",1,-0.08
247,52,"(29, 16)",0,-0.08
247,53,"(29, 15)",1,-0.08
247,54,"(30, 15)",1,-0.08
247,55,"(31, 15)",1,-0.08
247,56,"(32, 15)",0,-0.08
247,57,"(32, 14)",0,-0.08
247,58,"(32, 13)",1,-0.08
247,59,"(33, 13)",1,-0.08
247,60,"(34, 13)",1,-0.08
247,61,"(35, 13)",1,-0.08
247,62,"(36, 13)",1,-0.08
247,63,"(37, 13)",1,-0.08
247,64,"(38, 13)",1,-0.08
247,65,"(39, 13)",1,-0.08
247,66,"(40, 13)",1,-0.08
247,67,"(41, 13)",0,-0.08
247,68,"(41, 12)",0,-0.08
247,69,"(41, 11)",1,-0.08
247,70,"(42, 11)",1,-0.08
247,71,"(43, 11)",1,-0.08
247,72,"(44, 11)",1,-0.08
247,73,"(45, 11)",0,-0.08
247,74,"(45, 10)",0,-0.08
247,75,"(45, 9)",1,-0.08
247,76,"(46, 9)",0,-0.08
247,77,"(46, 8)",0,-0.08
247,78,"(46, 7)",0,-0.08
247,79,"(46, 6)",1,-0.08
247,80,"(47, 6)",1,-0.08
247,81,"(48, 6)",1,-0.08
247,82,"(49, 6)",0,-0.08
247,83,"(49, 5)",1,-0.08
247,84,"(50, 5)",1,-0.08
247,85,"(51, 5)",0,-0.08
247,86,"(51, 4)",0,-0.08
247,87,"(51, 3)",0,-0.08
247,88,"(51, 2)",1,-0.08
247,89,"(52, 2)",0,-0.08
247,90,"(52, 1)",1,-0.08
247,91,"(53, 1)",1,-0.08
247,92,"(54, 1)",1,-0.08
247,93,"(55, 1)",1,-0.08
247,94,"(56, 1)",1,-0.08
247,95,"(57, 1)",1,-0.08
247,96,"(58, 1)",1,-0.08
247,97,"(59, 1)",1,-0.08
247,98,"(60, 1)",1,-0.08
247,99,"(61, 1)",1,-0.08
247,100,"(62, 1)",1,-0.08
247,101,"(63, 1)",1,-0.08
247,102,"(64, 1)",1,-0.08
247,103,"(65, 1)",1,-0.08
247,104,"(66, 1)",1,-0.08
247,105,"(67, 1)",1,-0.08
247,106,"(68, 1)",1,-0.08
247,107,"(69, 1)",1,-0.08
247,108,"(70, 1)",1,-0.08
247,109,"(71, 1)",2,-0.08
247,110,"(71, 2)",2,-0.08
247,111,"(71, 3)",1,-0.08
247,112,"(72, 3)",1,-0.08
247,113,"(73, 3)",0,-0.08
247,114,"(73, 2)",0,-0.08
247,115,"(73, 1)",1,-0.08
247,116,"(74, 1)",1,-0.08
247,117,"(75, 1)",1,-0.08
247,118,"(76, 1)",1,-0.08
247,119,"(77, 1)",0,-0.08
247,120,"(77, 0)",1,-0.08
247,121,"(78, 0)",1,8.33
248,0,"(0, 39)",1,-0.08
248,1,"(1, 39)",1,-0.08
248,2,"(2, 39)",1,-0.08
248,3,"(3, 39)",1,-0.08
248,4,"(4, 39)",1,-0.08
248,5,"(5, 39)",1,-0.08
248,6,"(6, 39)",1,-0.08
248,7,"(7, 39)",1,-0.08
248,8,"(8, 39)",1,-0.08
248,9,"(9, 39)",1,-0.08
248,10,"(10, 39)",1,-0.08
248,11,"(11, 39)",0,-0.08
248,12,"(11, 38)",0,-0.08
248,13,"(11, 37)",1,-0.08
248,14,"(12, 37)",1,-0.08
248,15,"(13, 37)",1,-0.08
248,16,"(14, 37)",1,-0.08
248,17,"(15, 37)",1,-0.08
248,18,"(16, 37)",1,-0.08
248,19,"(17, 37)",0,-0.08
248,20,"(17, 36)",0,-0.08
248,21,"(17, 35)",1,-0.08
248,22,"(18, 35)",1,-0.08
248,23,"(19, 35)",0,-0.08
248,24,"(19, 34)",0,-0.08
248,25,"(19, 33)",0,-0.08
248,26,"(19, 32)",0,-0.08
248,27,"(19, 31)",0,-0.08
248,28,"(19, 30)",0,-0.08
248,29,"(19, 29)",1,-0.08
248,30,"(20, 29)",0,-0.08
248,31,"(20, 28)",0,-0.08
248,32,"(20, 27)",1,-0.08
248,33,"(21, 27)",0,-0.08
248,34,"(21, 26)",1,-0.08
248,35,"(22, 26)",0,-0.08
248,36,"(22, 25)",0,-0.08
248,37,"(22, 24)",0,-0.08
248,38,"(22, 23)",1,-0.08
248,39,"(23, 23)",1,-0.08
248,40,"(24, 23)",1,-0.08
248,41,"(25, 23)",0,-0.08
248,42,"(25, 22)",0,-0.08
248,43,"(25, 21)",1,-0.08
248,44,"(26, 21)",1,-0.08
248,45,"(27, 21)",0,-0.08
248,46,"(27, 20)",1,-0.08
248,47,"(28, 20)",0,-0.08
248,48,"(28, 19)",1,-0.08
248,49,"(29, 19)",1,-0.08
248,50,"(30, 19)",1,-0.08
248,51,"(31, 19)",0,-0.08
248,52,"(31, 18)",0,-0.08
248,53,"(31, 17)",1,-0.08
248,54,"(32, 17)",1,-0.08
248,55,"(33, 17)",1,-0.08
248,56,"(34, 17)",1,-0.08
248,57,"(35, 17)",0,-0.08
248,58,"(35, 16)",0,-0.08
248,59,"(35, 15)",0,-0.08
248,60,"(35, 14)",0,-0.08
248,61,"(35, 13)",1,-0.08
248,62,"(36, 13)",1,-0.08
248,63,"(37, 13)",1,-0.08
248,64,"(38, 13)",1,-0.08
248,65,"(39, 13)",0,-0.08
248,66,"(39, 12)",0,-0.08
248,67,"(39, 11)",1,-0.08
248,68,"(40, 11)",1,-0.08
248,69,"(41, 11)",1,-0.08
248,70,"(42, 11)",1,-0.08
248,71,"(43, 11)",1,-0.08
248,72,"(44, 11)",1,-0.08
248,73,"(45, 11)",0,-0.08
248,74,"(45, 10)",1,-0.08
248,75,"(46, 10)",0,-0.08
248,76,"(46, 9)",0,-0.08
248,77,"(46, 8)",0,-0.08
248,78,"(46, 7)",1,-0.08
248,79,"(47, 7)",0,-0.08
248,80,"(47, 6)",1,-0.08
248,81,"(48, 6)",1,-0.08
248,82,"(49, 6)",0,-0.08
248,83,"(49, 5)",1,-0.08
248,84,"(50, 5)",1,-0.08
248,85,"(51, 5)",1,-0.08
248,86,"(52, 5)",1,-0.08
248,87,"(53, 5)",0,-0.08
248,88,"(53, 4)",0,-0.08
248,89,"(53, 3)",0,-0.08
248,90,"(53, 2)",0,-0.08
248,91,"(53, 1)",1,-0.08
248,92,"(54, 1)",1,-0.08
248,93,"(55, 1)",1,-0.08
248,94,"(56, 1)",1,-0.08
248,95,"(57, 1)",1,-0.08
248,96,"(58, 1)",1,-0.08
248,97,"(59, 1)",1,-0.08
248,98,"(60, 1)",1,-0.08
248,99,"(61, 1)",1,-0.08
248,100,"(62, 1)",1,-0.08
248,101,"(63, 1)",1,-0.08
248,102,"(64, 1)",1,-0.08
248,103,"(65, 1)",1,-0.08
248,104,"(66, 1)",1,-0.08
248,105,"(67, 1)",1,-0.08
248,106,"(68, 1)",1,-0.08
248,107,"(69, 1)",1,-0.08
248,108,"(70, 1)",1,-0.08
248,109,"(71, 1)",2,-0.08
248,110,"(71, 2)",2,-0.08
248,111,"(71, 3)",1,-0.08
248,112,"(72, 3)",1,-0.08
248,113,"(73, 3)",1,-0.08
248,114,"(74, 3)",1,-0.08
248,115,"(75, 3)",1,-0.08
248,116,"(76, 3)",1,-0.08
248,117,"(77, 3)",0,-0.08
248,118,"(77, 2)",0,-0.08
248,119,"(77, 1)",1,-0.08
248,120,"(78, 1)",1,-0.08
248,121,"(79, 1)",0,8.33
249,0,"(0, 39)",1,-0.08
249,1,"(1, 39)",1,-0.08
249,2,"(2, 39)",1,-0.08
249,3,"(3, 39)",1,-0.08
249,4,"(4, 39)",1,-0.08
249,5,"(5, 39)",1,-0.08
249,6,"(6, 39)",1,-0.08
249,7,"(7, 39)",1,-0.08
249,8,"(8, 39)",1,-0.08
249,9,"(9, 39)",1,-0.08
249,10,"(10, 39)",0,-0.08
249,11,"(10, 38)",1,-0.08
249,12,"(11, 38)",0,-0.08
249,13,"(11, 37)",1,-0.08
249,14,"(12, 37)",1,-0.08
249,15,"(13, 37)",1,-0.08
249,16,"(14, 37)",1,-0.08
249,17,"(15, 37)",0,-0.08
249,18,"(15, 36)",0,-0.08
249,19,"(15, 35)",0,-0.08
249,20,"(15, 34)",0,-0.08
249,21,"(15, 33)",1,-0.08
249,22,"(16, 33)",1,-0.08
249,23,"(17, 33)",1,-0.08
249,24,"(18, 33)",1,-0.08
249,25,"(19, 33)",0,-0.08
249,26,"(19, 32)",0,-0.08
249,27,"(19, 31)",0,-0.08
249,28,"(19, 30)",0,-0.08
249,29,"(19, 29)",1,-0.08
249,30,"(20, 29)",0,-0.08
249,31,"(20, 28)",0,-0.08
249,32,"(20, 27)",1,-0.08
249,33,"(21, 27)",0,-0.08
249,34,"(21, 26)",0,-0.08
249,35,"(21, 25)",1,-0.08
249,36,"(22, 25)",1,-0.08
249,37,"(23, 25)",1,-0.08
249,38,"(24, 25)",1,-0.08
249,39,"(25, 25)",1,-0.08
249,40,"(26, 25)",1,-0.08
249,41,"(27, 25)",1,-0.08
249,42,"(28, 25)",1,-0.08
249,43,"(29, 25)",1,-0.08
249,44,"(30, 25)",1,-0.08
249,45,"(31, 25)",0,-0.08
249,46,"(31, 24)",0,-0.08
249,47,"(31, 23)",1,-0.08
249,48,"(32, 23)",1,-0.08
249,49,"(33, 23)",0,-0.08
249,50,"(33, 22)",0,-0.08
249,51,"(33, 21)",1,-0.08
249,52,"(34, 21)",1,-0.08
249,53,"(35, 21)",1,-0.08
249,54,"(36, 21)",1,-0.08
249,55,"(37, 21)",1,-0.08
249,56,"(38, 21)",1,-0.08
249,57,"(39, 21)",0,-0.08
249,58,"(39, 20)",1,-0.08
249,59,"(40, 20)",1,-0.08
249,60,"(41, 20)",1,-0.08
249,61,"(42, 20)",1,-0.08
249,62,"(43, 20)",0,-0.08
249,63,"(43, 19)",1,-0.08
249,64,"(44, 19)",0,-0.08
249,65,"(44, 18)",0,-0.08
249,66,"(44, 17)",0,-0.08
249,67,"(44, 16)",0,-0.08
249,68,"(44, 15)",1,-0.08
249,69,"(45, 15)",0,-0.08
249,70,"(45, 14)",0,-0.08
249,71,"(45, 13)",0,-0.08
249,72,"(45, 12)",0,-0.08
249,73,"(45, 11)",0,-0.08
249,74,"(45, 10)",0,-0.08
249,75,"(45, 9)",0,-0.08
249,76,"(45, 8)",1,-0.08
249,77,"(46, 8)",0,-0.08
249,78,"(46, 7)",1,-0.08
249,79,"(47, 7)",0,-0.08
249,80,"(47, 6)",1,-0.08
249,81,"(48, 6)",1,-0.08
249,82,"(49, 6)",0,-0.08
249,83,"(49, 5)",1,-0.08
249,84,"(50, 5)",1,-0.08
249,85,"(51, 5)",1,-0.08
249,86,"(52, 5)",1,-0.08
249,87,"(53, 5)",0,-0.08
249,88,"(53, 4)",0,-0.08
249,89,"(53, 3)",0,-0.08
249,90,"(53, 2)",0,-0.08
249,91,"(53, 1)",1,-0.08
249,92,"(54, 1)",1,-0.08
249,93,"(55, 1)",1,-0.08
249,94,"(56, 1)",1,-0.08
249,95,"(57, 1)",1,-0.08
249,96,"(58, 1)",1,-0.08
249,97,"(59, 1)",1,-0.08
249,98,"(60, 1)",1,-0.08
249,99,"(61, 1)",1,-0.08
249,100,"(62, 1)",1,-0.08
249,101,"(63, 1)",1,-0.08
249,102,"(64, 1)",1,-0.08
249,103,"(65, 1)",1,-0.08
249,104,"(66, 1)",1,-0.08
249,105,"(67, 1)",1,-0.08
249,106,"(68, 1)",1,-0.08
249,107,"(69, 1)",1,-0.08
249,108,"(70, 1)",1,-0.08
249,109,"(71, 1)",2,-0.08
249,110,"(71, 2)",2,-0.08
249,111,"(71, 3)",1,-0.08
249,112,"(72, 3)",1,-0.08
249,113,"(73, 3)",1,-0.08
249,114,"(74, 3)",1,-0.08
249,115,"(75, 3)",1,-0.08
249,116,"(76, 3)",1,-0.08
249,117,"(77, 3)",0,-0.08
249,118,"(77, 2)",0,-0.08
249,119,"(77, 1)",0,-0.08
249,120,"(77, 0)",1,-0.08
249,121,"(78, 0)",1,8.33
250,0,"(0, 39)",1,-0.08
250,1,"(1, 39)",1,-0.08
250,2,"(2, 39)",1,-0.08
250,3,"(3, 39)",1,-0.08
250,4,"(4, 39)",1,-0.08
250,5,"(5, 39)",1,-0.08
250,6,"(6, 39)",1,-0.08
250,7,"(7, 39)",1,-0.08
250,8,"(8, 39)",1,-0.08
250,9,"(9, 39)",1,-0.08
250,10,"(10, 39)",0,-0.08
250,11,"(10, 38)",1,-0.08
250,12,"(11, 38)",0,-0.08
250,13,"(11, 37)",1,-0.08
250,14,"(12, 37)",1,-0.08
250,15,"(13, 37)",1,-0.08
250,16,"(14, 37)",1,-0.08
250,17,"(15, 37)",0,-0.08
250,18,"(15, 36)",1,-0.08
250,19,"(16, 36)",1,-0.08
250,20,"(17, 36)",0,-0.08
250,21,"(17, 35)",1,-0.08
250,22,"(18, 35)",1,-0.08
250,23,"(19, 35)",0,-0.08
250,24,"(19, 34)",0,-0.08
250,25,"(19, 33)",0,-0.08
250,26,"(19, 32)",0,-0.08
250,27,"(19, 31)",0,-0.08
250,28,"(19, 30)",0,-0.08
250,29,"(19, 29)",1,-0.08
250,30,"(20, 29)",0,-0.08
250,31,"(20, 28)",0,-0.08
250,32,"(20, 27)",1,-0.08
250,33,"(21, 27)",0,-0.08
250,34,"(21, 26)",1,-0.08
250,35,"(22, 26)",0,-0.08
250,36,"(22, 25)",1,-0.08
250,37,"(23, 25)",1,-0.08
250,38,"(24, 25)",1,-0.08
250,39,"(25, 25)",0,-0.08
250,40,"(25, 24)",0,-0.08
250,41,"(25, 23)",0,-0.08
250,42,"(25, 22)",0,-0.08
250,43,"(25, 21)",1,-0.08
250,44,"(26, 21)",1,-0.08
250,45,"(27, 21)",0,-0.08
250,46,"(27, 20)",1,-0.08
250,47,"(28, 20)",0,-0.08
250,48,"(28, 19)",1,-0.08
250,49,"(29, 19)",1,-0.08
250,50,"(30, 19)",1,-0.08
250,51,"(31, 19)",0,-0.08
250,52,"(31, 18)",0,-0.08
250,53,"(31, 17)",1,-0.08
250,54,"(32, 17)",0,-0.08
250,55,"(32, 16)",0,-0.08
250,56,"(32, 15)",0,-0.08
250,57,"(32, 14)",0,-0.08
250,58,"(32, 13)",1,-0.08
250,59,"(33, 13)",1,-0.08
250,60,"(34, 13)",1,-0.08
250,61,"(35, 13)",1,-0.08
250,62,"(36, 13)",1,-0.08
250,63,"(37, 13)",1,-0.08
250,64,"(38, 13)",1,-0.08
250,65,"(39, 13)",1,-0.08
250,66,"(40, 13)",1,-0.08
250,67,"(41, 13)",0,-0.08
250,68,"(41, 12)",0,-0.08
250,69,"(41, 11)",1,-0.08
250,70,"(42, 11)",1,-0.08
250,71,"(43, 11)",1,-0.08
250,72,"(44, 11)",1,-0.08
250,73,"(45, 11)",0,-0.08
250,74,"(45, 10)",0,-0.08
250,75,"(45, 9)",0,-0.08
250,76,"(45, 8)",1,-0.08
250,77,"(46, 8)",0,-0.08
250,78,"(46, 7)",1,-0.08
250,79,"(47, 7)",0,-0.08
250,80,"(47, 6)",1,-0.08
250,81,"(48, 6)",1,-0.08
250,82,"(49, 6)",0,-0.08
250,83,"(49, 5)",1,-0.08
250,84,"(50, 5)",1,-0.08
250,85,"(51, 5)",0,-0.08
250,86,"(51, 4)",0,-0.08
250,87,"(51, 3)",0,-0.08
250,88,"(51, 2)",0,-0.08
250,89,"(51, 1)",1,-0.08
250,90,"(52, 1)",1,-0.08
250,91,"(53, 1)",1,-0.08
250,92,"(54, 1)",1,-0.08
250,93,"(55, 1)",1,-0.08
250,94,"(56, 1)",1,-0.08
250,95,"(57, 1)",1,-0.08
250,96,"(58, 1)",1,-0.08
250,97,"(59, 1)",1,-0.08
250,98,"(60, 1)",1,-0.08
250,99,"(61, 1)",1,-0.08
250,100,"(62, 1)",1,-0.08
250,101,"(63, 1)",1,-0.08
250,102,"(64, 1)",1,-0.08
250,103,"(65, 1)",1,-0.08
250,104,"(66, 1)",1,-0.08
250,105,"(67, 1)",1,-0.08
250,106,"(68, 1)",1,-0.08
250,107,"(69, 1)",1,-0.08
250,108,"(70, 1)",1,-0.08
250,109,"(71, 1)",2,-0.08
250,110,"(71, 2)",2,-0.08
250,111,"(71, 3)",1,-0.08
250,112,"(72, 3)",1,-0.08
250,113,"(73, 3)",1,-0.08
250,114,"(74, 3)",1,-0.08
250,115,"(75, 3)",1,-0.08
250,116,"(76, 3)",1,-0.08
250,117,"(77, 3)",0,-0.08
250,118,"(77, 2)",0,-0.08
250,119,"(77, 1)",0,-0.08
250,120,"(77, 0)",1,-0.08
250,121,"(78, 0)",1,8.33
251,0,"(0, 39)",1,-0.08
251,1,"(1, 39)",1,-0.08
251,2,"(2, 39)",1,-0.08
251,3,"(3, 39)",1,-0.08
251,4,"(4, 39)",1,-0.08
251,5,"(5, 39)",1,-0.08
251,6,"(6, 39)",1,-0.08
251,7,"(7, 39)",1,-0.08
251,8,"(8, 39)",1,-0.08
251,9,"(9, 39)",1,-0.08
251,10,"(10, 39)",0,-0.08
251,11,"(10, 38)",1,-0.08
251,12,"(11, 38)",0,-0.08
251,13,"(11, 37)",1,-0.08
251,14,"(12, 37)",1,-0.08
251,15,"(13, 37)",1,-0.08
251,16,"(14, 37)",1,-0.08
251,17,"(15, 37)",0,-0.08
251,18,"(15, 36)",1,-0.08
251,19,"(16, 36)",1,-0.08
251,20,"(17, 36)",0,-0.08
251,21,"(17, 35)",1,-0.08
251,22,"(18, 35)",1,-0.08
251,23,"(19, 35)",0,-0.08
251,24,"(19, 34)",0,-0.08
251,25,"(19, 33)",0,-0.08
251,26,"(19, 32)",0,-0.08
251,27,"(19, 31)",0,-0.08
251,28,"(19, 30)",0,-0.08
251,29,"(19, 29)",1,-0.08
251,30,"(20, 29)",0,-0.08
251,31,"(20, 28)",0,-0.08
251,32,"(20, 27)",1,-0.08
251,33,"(21, 27)",0,-0.08
251,34,"(21, 26)",1,-0.08
251,35,"(22, 26)",1,-0.08
251,36,"(23, 26)",0,-0.08
251,37,"(23, 25)",1,-0.08
251,38,"(24, 25)",1,-0.08
251,39,"(25, 25)",0,-0.08
251,40,"(25, 24)",0,-0.08
251,41,"(25, 23)",0,-0.08
251,42,"(25, 22)",0,-0.08
251,43,"(25, 21)",0,-0.08
251,44,"(25, 20)",0,-0.08
251,45,"(25, 19)",0,-0.08
251,46,"(25, 18)",1,-0.08
251,47,"(26, 18)",1,-0.08
251,48,"(27, 18)",0,-0.08
251,49,"(27, 17)",1,-0.08
251,50,"(28, 17)",1,-0.08
251,51,"(29, 17)",1,-0.08
251,52,"(30, 17)",1,-0.08
251,53,"(31, 17)",1,-0.08
251,54,"(32, 17)",1,-0.08
251,55,"(33, 17)",1,-0.08
251,56,"(34, 17)",1,-0.08
251,57,"(35, 17)",1,-0.08
251,58,"(36, 17)",1,-0.08
251,59,"(37, 17)",0,-0.08
251,60,"(37, 16)",0,-0.08
251,61,"(37, 15)",0,-0.08
251,62,"(37, 14)",0,-0.08
251,63,"(37, 13)",1,-0.08
251,64,"(38, 13)",1,-0.08
251,65,"(39, 13)",1,-0.08
251,66,"(40, 13)",1,-0.08
251,67,"(41, 13)",1,-0.08
251,68,"(42, 13)",1,-0.08
251,69,"(43, 13)",1,-0.08
251,70,"(44, 13)",1,-0.08
251,71,"(45, 13)",0,-0.08
251,72,"(45, 12)",0,-0.08
251,73,"(45, 11)",0,-0.08
251,74,"(45, 10)",1,-0.08
251,75,"(46, 10)",0,-0.08
251,76,"(46, 9)",0,-0.08
251,77,"(46, 8)",0,-0.08
251,78,"(46, 7)",1,-0.08
251,79,"(47, 7)",0,-0.08
251,80,"(47, 6)",1,-0.08
251,81,"(48, 6)",1,-0.08
251,82,"(49, 6)",0,-0.08
251,83,"(49, 5)",1,-0.08
251,84,"(50, 5)",1,-0.08
251,85,"(51, 5)",1,-0.08
251,86,"(52, 5)",1,-0.08
251,87,"(53, 5)",0,-0.08
251,88,"(53, 4)",0,-0.08
251,89,"(53, 3)",0,-0.08
251,90,"(53, 2)",0,-0.08
251,91,"(53, 1)",1,-0.08
251,92,"(54, 1)",1,-0.08
251,93,"(55, 1)",1,-0.08
251,94,"(56, 1)",1,-0.08
251,95,"(57, 1)",1,-0.08
251,96,"(58, 1)",1,-0.08
251,97,"(59, 1)",1,-0.08
251,98,"(60, 1)",1,-0.08
251,99,"(61, 1)",1,-0.08
251,100,"(62, 1)",1,-0.08
251,101,"(63, 1)",1,-0.08
251,102,"(64, 1)",1,-0.08
251,103,"(65, 1)",1,-0.08
251,104,"(66, 1)",1,-0.08
251,105,"(67, 1)",1,-0.08
251,106,"(68, 1)",1,-0.08
251,107,"(69, 1)",1,-0.08
251,108,"(70, 1)",1,-0.08
251,109,"(71, 1)",2,-0.08
251,110,"(71, 2)",2,-0.08
251,111,"(71, 3)",1,-0.08
251,112,"(72, 3)",1,-0.08
251,113,"(73, 3)",1,-0.08
251,114,"(74, 3)",1,-0.08
251,115,"(75, 3)",1,-0.08
251,116,"(76, 3)",1,-0.08
251,117,"(77, 3)",0,-0.08
251,118,"(77, 2)",0,-0.08
251,119,"(77, 1)",1,-0.08
251,120,"(78, 1)",1,-0.08
251,121,"(79, 1)",0,8.33
252,0,"(0, 39)",1,-0.08
252,1,"(1, 39)",1,-0.08
252,2,"(2, 39)",1,-0.08
252,3,"(3, 39)",1,-0.08
252,4,"(4, 39)",1,-0.08
252,5,"(5, 39)",1,-0.08
252,6,"(6, 39)",1,-0.08
252,7,"(7, 39)",1,-0.08
252,8,"(8, 39)",1,-0.08
252,9,"(9, 39)",1,-0.08
252,10,"(10, 39)",0,-0.08
252,11,"(10, 38)",0,-0.08
252,12,"(10, 37)",1,-0.08
252,13,"(11, 37)",1,-0.08
252,14,"(12, 37)",1,-0.08
252,15,"(13, 37)",1,-0.08
252,16,"(14, 37)",1,-0.08
252,17,"(15, 37)",0,-0.08
252,18,"(15, 36)",0,-0.08
252,19,"(15, 35)",0,-0.08
252,20,"(15, 34)",0,-0.08
252,21,"(15, 33)",1,-0.08
252,22,"(16, 33)",1,-0.08
252,23,"(17, 33)",1,-0.08
252,24,"(18, 33)",1,-0.08
252,25,"(19, 33)",0,-0.08
252,26,"(19, 32)",0,-0.08
252,27,"(19, 31)",0,-0.08
252,28,"(19, 30)",0,-0.08
252,29,"(19, 29)",1,-0.08
252,30,"(20, 29)",0,-0.08
252,31,"(20, 28)",0,-0.08
252,32,"(20, 27)",1,-0.08
252,33,"(21, 27)",0,-0.08
252,34,"(21, 26)",0,-0.08
252,35,"(21, 25)",1,-0.08
252,36,"(22, 25)",0,-0.08
252,37,"(22, 24)",0,-0.08
252,38,"(22, 23)",1,-0.08
252,39,"(23, 23)",1,-0.08
252,40,"(24, 23)",1,-0.08
252,41,"(25, 23)",0,-0.08
252,42,"(25, 22)",0,-0.08
252,43,"(25, 21)",1,-0.08
252,44,"(26, 21)",1,-0.08
252,45,"(27, 21)",0,-0.08
252,46,"(27, 20)",0,-0.08
252,47,"(27, 19)",0,-0.08
252,48,"(27, 18)",0,-0.08
252,49,"(27, 17)",0,-0.08
252,50,"(27, 16)",1,-0.08
252,51,"(28, 16)",1,-0.08
252,52,"(29, 16)",0,-0.08
252,53,"(29, 15)",1,-0.08
252,54,"(30, 15)",1,-0.08
252,55,"(31, 15)",0,-0.08
252,56,"(31, 14)",0,-0.08
252,57,"(31, 13)",1,-0.08
252,58,"(32, 13)",1,-0.08
252,59,"(33, 13)",1,-0.08
252,60,"(34, 13)",1,-0.08
252,61,"(35, 13)",1,-0.08
252,62,"(36, 13)",1,-0.08
252,63,"(37, 13)",1,-0.08
252,64,"(38, 13)",1,-0.08
252,65,"(39, 13)",1,-0.08
252,66,"(40, 13)",1,-0.08
252,67,"(41, 13)",1,-0.08
252,68,"(42, 13)",1,-0.08
252,69,"(43, 13)",1,-0.08
252,70,"(44, 13)",1,-0.08
252,71,"(45, 13)",0,-0.08
252,72,"(45, 12)",0,-0.08
252,73,"(45, 11)",0,-0.08
252,74,"(45, 10)",1,-0.08
252,75,"(46, 10)",0,-0.08
252,76,"(46, 9)",0,-0.08
252,77,"(46, 8)",0,-0.08
252,78,"(46, 7)",0,-0.08
252,79,"(46, 6)",1,-0.08
252,80,"(47, 6)",1,-0.08
252,81,"(48, 6)",1,-0.08
252,82,"(49, 6)",0,-0.08
252,83,"(49, 5)",1,-0.08
252,84,"(50, 5)",1,-0.08
252,85,"(51, 5)",1,-0.08
252,86,"(52, 5)",1,-0.08
252,87,"(53, 5)",0,-0.08
252,88,"(53, 4)",0,-0.08
252,89,"(53, 3)",0,-0.08
252,90,"(53, 2)",0,-0.08
252,91,"(53, 1)",1,-0.08
252,92,"(54, 1)",1,-0.08
252,93,"(55, 1)",1,-0.08
252,94,"(56, 1)",1,-0.08
252,95,"(57, 1)",1,-0.08
252,96,"(58, 1)",1,-0.08
252,97,"(59, 1)",1,-0.08
252,98,"(60, 1)",1,-0.08
252,99,"(61, 1)",1,-0.08
252,100,"(62, 1)",1,-0.08
252,101,"(63, 1)",1,-0.08
252,102,"(64, 1)",1,-0.08
252,103,"(65, 1)",1,-0.08
252,104,"(66, 1)",1,-0.08
252,105,"(67, 1)",1,-0.08
252,106,"(68, 1)",1,-0.08
252,107,"(69, 1)",1,-0.08
252,108,"(70, 1)",1,-0.08
252,109,"(71, 1)",2,-0.08
252,110,"(71, 2)",2,-0.08
252,111,"(71, 3)",1,-0.08
252,112,"(72, 3)",1,-0.08
252,113,"(73, 3)",0,-0.08
252,114,"(73, 2)",0,-0.08
252,115,"(73, 1)",1,-0.08
252,116,"(74, 1)",1,-0.08
252,117,"(75, 1)",0,-0.08
252,118,"(75, 0)",1,-0.08
252,119,"(76, 0)",1,-0.08
252,120,"(77, 0)",1,-0.08
252,121,"(78, 0)",1,8.33
253,0,"(0, 39)",1,-0.08
253,1,"(1, 39)",1,-0.08
253,2,"(2, 39)",1,-0.08
253,3,"(3, 39)",1,-0.08
253,4,"(4, 39)",1,-0.08
253,5,"(5, 39)",1,-0.08
253,6,"(6, 39)",1,-0.08
253,7,"(7, 39)",1,-0.08
253,8,"(8, 39)",1,-0.08
253,9,"(9, 39)",1,-0.08
253,10,"(10, 39)",0,-0.08
253,11,"(10, 38)",0,-0.08
253,12,"(10, 37)",1,-0.08
253,13,"(11, 37)",1,-0.08
253,14,"(12, 37)",1,-0.08
253,15,"(13, 37)",1,-0.08
253,16,"(14, 37)",1,-0.08
253,17,"(15, 37)",1,-0.08
253,18,"(16, 37)",0,-0.08
253,19,"(16, 36)",1,-0.08
253,20,"(17, 36)",0,-0.08
253,21,"(17, 35)",0,-0.08
253,22,"(17, 34)",0,-0.08
253,23,"(17, 33)",1,-0.08
253,24,"(18, 33)",1,-0.08
253,25,"(19, 33)",0,-0.08
253,26,"(19, 32)",0,-0.08
253,27,"(19, 31)",0,-0.08
253,28,"(19, 30)",0,-0.08
253,29,"(19, 29)",1,-0.08
253,30,"(20, 29)",0,-0.08
253,31,"(20, 28)",0,-0.08
253,32,"(20, 27)",1,-0.08
253,33,"(21, 27)",0,-0.08
253,34,"(21, 26)",0,-0.08
253,35,"(21, 25)",1,-0.08
253,36,"(22, 25)",1,-0.08
253,37,"(23, 25)",1,-0.08
253,38,"(24, 25)",1,-0.08
253,39,"(25, 25)",1,-0.08
253,40,"(26, 25)",1,-0.08
253,41,"(27, 25)",1,-0.08
253,42,"(28, 25)",1,-0.08
253,43,"(29, 25)",1,-0.08
253,44,"(30, 25)",1,-0.08
253,45,"(31, 25)",0,-0.08
253,46,"(31, 24)",0,-0.08
253,47,"(31, 23)",1,-0.08
253,48,"(32, 23)",1,-0.08
253,49,"(33, 23)",0,-0.08
253,50,"(33, 22)",0,-0.08
253,51,"(33, 21)",1,-0.08
253,52,"(34, 21)",1,-0.08
253,53,"(35, 21)",0,-0.08
253,54,"(35, 20)",0,-0.08
253,55,"(35, 19)",1,-0.08
253,56,"(36, 19)",1,-0.08
253,57,"(37, 19)",0,-0.08
253,58,"(37, 18)",0,-0.08
253,59,"(37, 17)",1,-0.08
253,60,"(38, 17)",1,-0.08
253,61,"(39, 17)",0,-0.08
253,62,"(39, 16)",0,-0.08
253,63,"(39, 15)",1,-0.08
253,64,"(40, 15)",0,-0.08
253,65,"(40, 14)",0,-0.08
253,66,"(40, 13)",1,-0.08
253,67,"(41, 13)",1,-0.08
253,68,"(42, 13)",1,-0.08
253,69,"(43, 13)",1,-0.08
253,70,"(44, 13)",1,-0.08
253,71,"(45, 13)",0,-0.08
253,72,"(45, 12)",0,-0.08
253,73,"(45, 11)",0,-0.08
253,74,"(45, 10)",1,-0.08
253,75,"(46, 10)",0,-0.08
253,76,"(46, 9)",0,-0.08
253,77,"(46, 8)",0,-0.08
253,78,"(46, 7)",0,-0.08
253,79,"(46, 6)",1,-0.08
253,80,"(47, 6)",1,-0.08
253,81,"(48, 6)",1,-0.08
253,82,"(49, 6)",0,-0.08
253,83,"(49, 5)",1,-0.08
253,84,"(50, 5)",1,-0.08
253,85,"(51, 5)",0,-0.08
253,86,"(51, 4)",0,-0.08
253,87,"(51, 3)",0,-0.08
253,88,"(51, 2)",0,-0.08
253,89,"(51, 1)",1,-0.08
253,90,"(52, 1)",1,-0.08
253,91,"(53, 1)",1,-0.08
253,92,"(54, 1)",1,-0.08
253,93,"(55, 1)",1,-0.08
253,94,"(56, 1)",1,-0.08
253,95,"(57, 1)",1,-0.08
253,96,"(58, 1)",1,-0.08
253,97,"(59, 1)",1,-0.08
253,98,"(60, 1)",1,-0.08
253,99,"(61, 1)",1,-0.08
253,100,"(62, 1)",1,-0.08
253,101,"(63, 1)",1,-0.08
253,102,"(64, 1)",1,-0.08
253,103,"(65, 1)",1,-0.08
253,104,"(66, 1)",1,-0.08
253,105,"(67, 1)",1,-0.08
253,106,"(68, 1)",1,-0.08
253,107,"(69, 1)",1,-0.08
253,108,"(70, 1)",1,-0.08
253,109,"(71, 1)",2,-0.08
253,110,"(71, 2)",2,-0.08
253,111,"(71, 3)",1,-0.08
253,112,"(72, 3)",1,-0.08
253,113,"(73, 3)",1,-0.08
253,114,"(74, 3)",1,-0.08
253,115,"(75, 3)",1,-0.08
253,116,"(76, 3)",1,-0.08
253,117,"(77, 3)",0,-0.08
253,118,"(77, 2)",0,-0.08
253,119,"(77, 1)",0,-0.08
253,120,"(77, 0)",1,-0.08
253,121,"(78, 0)",1,8.33
254,0,"(0, 39)",1,-0.08
254,1,"(1, 39)",1,-0.08
254,2,"(2, 39)",1,-0.08
254,3,"(3, 39)",1,-0.08
254,4,"(4, 39)",1,-0.08
254,5,"(5, 39)",1,-0.08
254,6,"(6, 39)",1,-0.08
254,7,"(7, 39)",1,-0.08
254,8,"(8, 39)",1,-0.08
254,9,"(9, 39)",1,-0.08
254,10,"(10, 39)",1,-0.08
254,11,"(11, 39)",1,-0.08
254,12,"(12, 39)",1,-0.08
254,13,"(13, 39)",1,-0.08
254,14,"(14, 39)",0,-0.08
254,15,"(14, 38)",0,-0.08
254,16,"(14, 37)",1,-0.08
254,17,"(15, 37)",1,-0.08
254,18,"(16, 37)",0,-0.08
254,19,"(16, 36)",1,-0.08
254,20,"(17, 36)",0,-0.08
254,21,"(17, 35)",1,-0.08
254,22,"(18, 35)",1,-0.08
254,23,"(19, 35)",0,-0.08
254,24,"(19, 34)",0,-0.08
254,25,"(19, 33)",0,-0.08
254,26,"(19, 32)",0,-0.08
254,27,"(19, 31)",0,-0.08
254,28,"(19, 30)",0,-0.08
254,29,"(19, 29)",1,-0.08
254,30,"(20, 29)",0,-0.08
254,31,"(20, 28)",0,-0.08
254,32,"(20, 27)",1,-0.08
254,33,"(21, 27)",0,-0.08
254,34,"(21, 26)",0,-0.08
254,35,"(21, 25)",1,-0.08
254,36,"(22, 25)",0,-0.08
254,37,"(22, 24)",0,-0.08
254,38,"(22, 23)",1,-0.08
254,39,"(23, 23)",1,-0.08
254,40,"(24, 23)",1,-0.08
254,41,"(25, 23)",0,-0.08
254,42,"(25, 22)",0,-0.08
254,43,"(25, 21)",0,-0.08
254,44,"(25, 20)",0,-0.08
254,45,"(25, 19)",1,-0.08
254,46,"(26, 19)",1,-0.08
254,47,"(27, 19)",1,-0.08
254,48,"(28, 19)",1,-0.08
254,49,"(29, 19)",1,-0.08
254,50,"(30, 19)",1,-0.08
254,51,"(31, 19)",1,-0.08
254,52,"(32, 19)",0,-0.08
254,53,"(32, 18)",0,-0.08
254,54,"(32, 17)",0,-0.08
254,55,"(32, 16)",0,-0.08
254,56,"(32, 15)",0,-0.08
254,57,"(32, 14)",0,-0.08
254,58,"(32, 13)",1,-0.08
254,59,"(33, 13)",1,-0.08
254,60,"(34, 13)",1,-0.08
254,61,"(35, 13)",1,-0.08
254,62,"(36, 13)",1,-0.08
254,63,"(37, 13)",1,-0.08
254,64,"(38, 13)",1,-0.08
254,65,"(39, 13)",1,-0.08
254,66,"(40, 13)",1,-0.08
254,67,"(41, 13)",0,-0.08
254,68,"(41, 12)",0,-0.08
254,69,"(41, 11)",1,-0.08
254,70,"(42, 11)",1,-0.08
254,71,"(43, 11)",1,-0.08
254,72,"(44, 11)",1,-0.08
254,73,"(45, 11)",0,-0.08
254,74,"(45, 10)",0,-0.08
254,75,"(45, 9)",0,-0.08
254,76,"(45, 8)",0,-0.08
254,77,"(45, 7)",1,-0.08
254,78,"(46, 7)",0,-0.08
254,79,"(46, 6)",1,-0.08
254,80,"(47, 6)",1,-0.08
254,81,"(48, 6)",1,-0.08
254,82,"(49, 6)",0,-0.08
254,83,"(49, 5)",1,-0.08
254,84,"(50, 5)",1,-0.08
254,85,"(51, 5)",0,-0.08
254,86,"(51, 4)",0,-0.08
254,87,"(51, 3)",0,-0.08
254,88,"(51, 2)",0,-0.08
254,89,"(51, 1)",1,-0.08
254,90,"(52, 1)",1,-0.08
254,91,"(53, 1)",1,-0.08
254,92,"(54, 1)",1,-0.08
254,93,"(55, 1)",1,-0.08
254,94,"(56, 1)",1,-0.08
254,95,"(57, 1)",1,-0.08
254,96,"(58, 1)",1,-0.08
254,97,"(59, 1)",1,-0.08
254,98,"(60, 1)",1,-0.08
254,99,"(61, 1)",1,-0.08
254,100,"(62, 1)",1,-0.08
254,101,"(63, 1)",1,-0.08
254,102,"(64, 1)",1,-0.08
254,103,"(65, 1)",1,-0.08
254,104,"(66, 1)",1,-0.08
254,105,"(67, 1)",1,-0.08
254,106,"(68, 1)",1,-0.08
254,107,"(69, 1)",1,-0.08
254,108,"(70, 1)",1,-0.08
254,109,"(71, 1)",2,-0.08
254,110,"(71, 2)",2,-0.08
254,111,"(71, 3)",1,-0.08
254,112,"(72, 3)",1,-0.08
254,113,"(73, 3)",1,-0.08
254,114,"(74, 3)",1,-0.08
254,115,"(75, 3)",1,-0.08
254,116,"(76, 3)",1,-0.08
254,117,"(77, 3)",0,-0.08
254,118,"(77, 2)",0,-0.08
254,119,"(77, 1)",0,-0.08
254,120,"(77, 0)",1,-0.08
254,121,"(78, 0)",1,8.33
255,0,"(0, 39)",1,-0.08
255,1,"(1, 39)",1,-0.08
255,2,"(2, 39)",1,-0.08
255,3,"(3, 39)",1,-0.08
255,4,"(4, 39)",1,-0.08
255,5,"(5, 39)",1,-0.08
255,6,"(6, 39)",1,-0.08
255,7,"(7, 39)",1,-0.08
255,8,"(8, 39)",1,-0.08
255,9,"(9, 39)",1,-0.08
255,10,"(10, 39)",0,-0.08
255,11,"(10, 38)",0,-0.08
255,12,"(10, 37)",1,-0.08
255,13,"(11, 37)",1,-0.08
255,14,"(12, 37)",1,-0.08
255,15,"(13, 37)",1,-0.08
255,16,"(14, 37)",1,-0.08
255,17,"(15, 37)",1,-0.08
255,18,"(16, 37)",0,-0.08
255,19,"(16, 36)",1,-0.08
255,20,"(17, 36)",0,-0.08
255,21,"(17, 35)",1,-0.08
255,22,"(18, 35)",0,-0.08
255,23,"(18, 34)",0,-0.08
255,24,"(18, 33)",1,-0.08
255,25,"(19, 33)",0,-0.08
255,26,"(19, 32)",0,-0.08
255,27,"(19, 31)",0,-0.08
255,28,"(19, 30)",0,-0.08
255,29,"(19, 29)",1,-0.08
255,30,"(20, 29)",0,-0.08
255,31,"(20, 28)",0,-0.08
255,32,"(20, 27)",1,-0.08
255,33,"(21, 27)",0,-0.08
255,34,"(21, 26)",0,-0.08
255,35,"(21, 25)",1,-0.08
255,36,"(22, 25)",1,-0.08
255,37,"(23, 25)",1,-0.08
255,38,"(24, 25)",1,-0.08
255,39,"(25, 25)",0,-0.08
255,40,"(25, 24)",0,-0.08
255,41,"(25, 23)",0,-0.08
255,42,"(25, 22)",0,-0.08
255,43,"(25, 21)",0,-0.08
255,44,"(25, 20)",0,-0.08
255,45,"(25, 19)",0,-0.08
255,46,"(25, 18)",1,-0.08
255,47,"(26, 18)",1,-0.08
255,48,"(27, 18)",0,-0.08
255,49,"(27, 17)",1,-0.08
255,50,"(28, 17)",1,-0.08
255,51,"(29, 17)",0,-0.08
255,52,"(29, 16)",0,-0.08
255,53,"(29, 15)",1,-0.08
255,54,"(30, 15)",1,-0.08
255,55,"(31, 15)",1,-0.08
255,56,"(32, 15)",0,-0.08
255,57,"(32, 14)",0,-0.08
255,58,"(32, 13)",1,-0.08
255,59,"(33, 13)",1,-0.08
255,60,"(34, 13)",1,-0.08
255,61,"(35, 13)",1,-0.08
255,62,"(36, 13)",1,-0.08
255,63,"(37, 13)",1,-0.08
255,64,"(38, 13)",1,-0.08
255,65,"(39, 13)",0,-0.08
255,66,"(39, 12)",0,-0.08
255,67,"(39, 11)",1,-0.08
255,68,"(40, 11)",1,-0.08
255,69,"(41, 11)",1,-0.08
255,70,"(42, 11)",1,-0.08
255,71,"(43, 11)",1,-0.08
255,72,"(44, 11)",1,-0.08
255,73,"(45, 11)",0,-0.08
255,74,"(45, 10)",1,-0.08
255,75,"(46, 10)",0,-0.08
255,76,"(46, 9)",0,-0.08
255,77,"(46, 8)",0,-0.08
255,78,"(46, 7)",0,-0.08
255,79,"(46, 6)",1,-0.08
255,80,"(47, 6)",1,-0.08
255,81,"(48, 6)",1,-0.08
255,82,"(49, 6)",0,-0.08
255,83,"(49, 5)",1,-0.08
255,84,"(50, 5)",1,-0.08
255,85,"(51, 5)",1,-0.08
255,86,"(52, 5)",1,-0.08
255,87,"(53, 5)",0,-0.08
255,88,"(53, 4)",0,-0.08
255,89,"(53, 3)",1,-0.08
255,90,"(54, 3)",1,-0.08
255,91,"(55, 3)",1,-0.08
255,92,"(56, 3)",1,-0.08
255,93,"(57, 3)",0,-0.08
255,94,"(57, 2)",0,-0.08
255,95,"(57, 1)",1,-0.08
255,96,"(58, 1)",1,-0.08
255,97,"(59, 1)",1,-0.08
255,98,"(60, 1)",1,-0.08
255,99,"(61, 1)",1,-0.08
255,100,"(62, 1)",1,-0.08
255,101,"(63, 1)",1,-0.08
255,102,"(64, 1)",1,-0.08
255,103,"(65, 1)",1,-0.08
255,104,"(66, 1)",1,-0.08
255,105,"(67, 1)",1,-0.08
255,106,"(68, 1)",1,-0.08
255,107,"(69, 1)",1,-0.08
255,108,"(70, 1)",1,-0.08
255,109,"(71, 1)",2,-0.08
255,110,"(71, 2)",2,-0.08
255,111,"(71, 3)",1,-0.08
255,112,"(72, 3)",1,-0.08
255,113,"(73, 3)",1,-0.08
255,114,"(74, 3)",1,-0.08
255,115,"(75, 3)",1,-0.08
255,116,"(76, 3)",1,-0.08
255,117,"(77, 3)",0,-0.08
255,118,"(77, 2)",0,-0.08
255,119,"(77, 1)",1,-0.08
255,120,"(78, 1)",0,-0.08
255,121,"(78, 0)",1,8.33
256,0,"(0, 39)",1,-0.08
256,1,"(1, 39)",1,-0.08
256,2,"(2, 39)",1,-0.08
256,3,"(3, 39)",1,-0.08
256,4,"(4, 39)",1,-0.08
256,5,"(5, 39)",1,-0.08
256,6,"(6, 39)",1,-0.08
256,7,"(7, 39)",1,-0.08
256,8,"(8, 39)",1,-0.08
256,9,"(9, 39)",1,-0.08
256,10,"(10, 39)",0,-0.08
256,11,"(10, 38)",0,-0.08
256,12,"(10, 37)",1,-0.08
256,13,"(11, 37)",1,-0.08
256,14,"(12, 37)",1,-0.08
256,15,"(13, 37)",1,-0.08
256,16,"(14, 37)",1,-0.08
256,17,"(15, 37)",0,-0.08
256,18,"(15, 36)",0,-0.08
256,19,"(15, 35)",0,-0.08
256,20,"(15, 34)",0,-0.08
256,21,"(15, 33)",1,-0.08
256,22,"(16, 33)",1,-0.08
256,23,"(17, 33)",1,-0.08
256,24,"(18, 33)",1,-0.08
256,25,"(19, 33)",0,-0.08
256,26,"(19, 32)",0,-0.08
256,27,"(19, 31)",0,-0.08
256,28,"(19, 30)",0,-0.08
256,29,"(19, 29)",1,-0.08
256,30,"(20, 29)",0,-0.08
256,31,"(20, 28)",0,-0.08
256,32,"(20, 27)",1,-0.08
256,33,"(21, 27)",0,-0.08
256,34,"(21, 26)",0,-0.08
256,35,"(21, 25)",1,-0.08
256,36,"(22, 25)",1,-0.08
256,37,"(23, 25)",1,-0.08
256,38,"(24, 25)",1,-0.08
256,39,"(25, 25)",0,-0.08
256,40,"(25, 24)",0,-0.08
256,41,"(25, 23)",0,-0.08
256,42,"(25, 22)",0,-0.08
256,43,"(25, 21)",0,-0.08
256,44,"(25, 20)",0,-0.08
256,45,"(25, 19)",0,-0.08
256,46,"(25, 18)",1,-0.08
256,47,"(26, 18)",1,-0.08
256,48,"(27, 18)",0,-0.08
256,49,"(27, 17)",1,-0.08
256,50,"(28, 17)",1,-0.08
256,51,"(29, 17)",0,-0.08
256,52,"(29, 16)",0,-0.08
256,53,"(29, 15)",1,-0.08
256,54,"(30, 15)",1,-0.08
256,55,"(31, 15)",1,-0.08
256,56,"(32, 15)",0,-0.08
256,57,"(32, 14)",0,-0.08
256,58,"(32, 13)",1,-0.08
256,59,"(33, 13)",1,-0.08
256,60,"(34, 13)",1,-0.08
256,61,"(35, 13)",1,-0.08
256,62,"(36, 13)",1,-0.08
256,63,"(37, 13)",1,-0.08
256,64,"(38, 13)",1,-0.08
256,65,"(39, 13)",0,-0.08
256,66,"(39, 12)",0,-0.08
256,67,"(39, 11)",1,-0.08
256,68,"(40, 11)",1,-0.08
256,69,"(41, 11)",1,-0.08
256,70,"(42, 11)",1,-0.08
256,71,"(43, 11)",1,-0.08
256,72,"(44, 11)",1,-0.08
256,73,"(45, 11)",0,-0.08
256,74,"(45, 10)",0,-0.08
256,75,"(45, 9)",0,-0.08
256,76,"(45, 8)",0,-0.08
256,77,"(45, 7)",1,-0.08
256,78,"(46, 7)",0,-0.08
256,79,"(46, 6)",1,-0.08
256,80,"(47, 6)",1,-0.08
256,81,"(48, 6)",1,-0.08
256,82,"(49, 6)",0,-0.08
256,83,"(49, 5)",1,-0.08
256,84,"(50, 5)",1,-0.08
256,85,"(51, 5)",0,-0.08
256,86,"(51, 4)",0,-0.08
256,87,"(51, 3)",0,-0.08
256,88,"(51, 2)",0,-0.08
256,89,"(51, 1)",1,-0.08
256,90,"(52, 1)",1,-0.08
256,91,"(53, 1)",1,-0.08
256,92,"(54, 1)",1,-0.08
256,93,"(55, 1)",1,-0.08
256,94,"(56, 1)",1,-0.08
256,95,"(57, 1)",1,-0.08
256,96,"(58, 1)",1,-0.08
256,97,"(59, 1)",1,-0.08
256,98,"(60, 1)",1,-0.08
256,99,"(61, 1)",1,-0.08
256,100,"(62, 1)",1,-0.08
256,101,"(63, 1)",1,-0.08
256,102,"(64, 1)",1,-0.08
256,103,"(65, 1)",1,-0.08
256,104,"(66, 1)",1,-0.08
256,105,"(67, 1)",1,-0.08
256,106,"(68, 1)",1,-0.08
256,107,"(69, 1)",1,-0.08
256,108,"(70, 1)",1,-0.08
256,109,"(71, 1)",2,-0.08
256,110,"(71, 2)",2,-0.08
256,111,"(71, 3)",1,-0.08
256,112,"(72, 3)",1,-0.08
256,113,"(73, 3)",1,-0.08
256,114,"(74, 3)",1,-0.08
256,115,"(75, 3)",1,-0.08
256,116,"(76, 3)",1,-0.08
256,117,"(77, 3)",0,-0.08
256,118,"(77, 2)",0,-0.08
256,119,"(77, 1)",0,-0.08
256,120,"(77, 0)",1,-0.08
256,121,"(78, 0)",1,8.33
257,0,"(0, 39)",1,-0.08
257,1,"(1, 39)",1,-0.08
257,2,"(2, 39)",1,-0.08
257,3,"(3, 39)",1,-0.08
257,4,"(4, 39)",1,-0.08
257,5,"(5, 39)",1,-0.08
257,6,"(6, 39)",1,-0.08
257,7,"(7, 39)",1,-0.08
257,8,"(8, 39)",1,-0.08
257,9,"(9, 39)",1,-0.08
257,10,"(10, 39)",1,-0.08
257,11,"(11, 39)",0,-0.08
257,12,"(11, 38)",0,-0.08
257,13,"(11, 37)",1,-0.08
257,14,"(12, 37)",1,-0.08
257,15,"(13, 37)",1,-0.08
257,16,"(14, 37)",1,-0.08
257,17,"(15, 37)",1,-0.08
257,18,"(16, 37)",1,-0.08
257,19,"(17, 37)",1,-0.08
257,20,"(18, 37)",1,-0.08
257,21,"(19, 37)",0,-0.08
257,22,"(19, 36)",0,-0.08
257,23,"(19, 35)",0,-0.08
257,24,"(19, 34)",0,-0.08
257,25,"(19, 33)",0,-0.08
257,26,"(19, 32)",0,-0.08
257,27,"(19, 31)",0,-0.08
257,28,"(19, 30)",0,-0.08
257,29,"(19, 29)",1,-0.08
257,30,"(20, 29)",0,-0.08
257,31,"(20, 28)",0,-0.08
257,32,"(20, 27)",1,-0.08
257,33,"(21, 27)",0,-0.08
257,34,"(21, 26)",0,-0.08
257,35,"(21, 25)",1,-0.08
257,36,"(22, 25)",0,-0.08
257,37,"(22, 24)",0,-0.08
257,38,"(22, 23)",1,-0.08
257,39,"(23, 23)",1,-0.08
257,40,"(24, 23)",1,-0.08
257,41,"(25, 23)",0,-0.08
257,42,"(25, 22)",0,-0.08
257,43,"(25, 21)",0,-0.08
257,44,"(25, 20)",0,-0.08
257,45,"(25, 19)",0,-0.08
257,46,"(25, 18)",1,-0.08
257,47,"(26, 18)",1,-0.08
257,48,"(27, 18)",0,-0.08
257,49,"(27, 17)",0,-0.08
257,50,"(27, 16)",1,-0.08
257,51,"(28, 16)",1,-0.08
257,52,"(29, 16)",0,-0.08
257,53,"(29, 15)",1,-0.08
257,54,"(30, 15)",1,-0.08
257,55,"(31, 15)",1,-0.08
257,56,"(32, 15)",0,-0.08
257,57,"(32, 14)",0,-0.08
257,58,"(32, 13)",1,-0.08
257,59,"(33, 13)",1,-0.08
257,60,"(34, 13)",1,-0.08
257,61,"(35, 13)",1,-0.08
257,62,"(36, 13)",1,-0.08
257,63,"(37, 13)",1,-0.08
257,64,"(38, 13)",1,-0.08
257,65,"(39, 13)",1,-0.08
257,66,"(40, 13)",1,-0.08
257,67,"(41, 13)",1,-0.08
257,68,"(42, 13)",1,-0.08
257,69,"(43, 13)",1,-0.08
257,70,"(44, 13)",1,-0.08
257,71,"(45, 13)",0,-0.08
257,72,"(45, 12)",0,-0.08
257,73,"(45, 11)",0,-0.08
257,74,"(45, 10)",1,-0.08
257,75,"(46, 10)",0,-0.08
257,76,"(46, 9)",0,-0.08
257,77,"(46, 8)",0,-0.08
257,78,"(46, 7)",0,-0.08
257,79,"(46, 6)",1,-0.08
257,80,"(47, 6)",1,-0.08
257,81,"(48, 6)",1,-0.08
257,82,"(49, 6)",0,-0.08
257,83,"(49, 5)",1,-0.08
257,84,"(50, 5)",1,-0.08
257,85,"(51, 5)",0,-0.08
257,86,"(51, 4)",0,-0.08
257,87,"(51, 3)",0,-0.08
257,88,"(51, 2)",0,-0.08
257,89,"(51, 1)",1,-0.08
257,90,"(52, 1)",1,-0.08
257,91,"(53, 1)",1,-0.08
257,92,"(54, 1)",1,-0.08
257,93,"(55, 1)",1,-0.08
257,94,"(56, 1)",1,-0.08
257,95,"(57, 1)",1,-0.08
257,96,"(58, 1)",1,-0.08
257,97,"(59, 1)",1,-0.08
257,98,"(60, 1)",1,-0.08
257,99,"(61, 1)",1,-0.08
257,100,"(62, 1)",1,-0.08
257,101,"(63, 1)",1,-0.08
257,102,"(64, 1)",1,-0.08
257,103,"(65, 1)",1,-0.08
257,104,"(66, 1)",1,-0.08
257,105,"(67, 1)",1,-0.08
257,106,"(68, 1)",1,-0.08
257,107,"(69, 1)",1,-0.08
257,108,"(70, 1)",1,-0.08
257,109,"(71, 1)",2,-0.08
257,110,"(71, 2)",2,-0.08
257,111,"(71, 3)",1,-0.08
257,112,"(72, 3)",1,-0.08
257,113,"(73, 3)",0,-0.08
257,114,"(73, 2)",0,-0.08
257,115,"(73, 1)",1,-0.08
257,116,"(74, 1)",1,-0.08
257,117,"(75, 1)",0,-0.08
257,118,"(75, 0)",1,-0.08
257,119,"(76, 0)",1,-0.08
257,120,"(77, 0)",1,-0.08
257,121,"(78, 0)",1,8.33
258,0,"(0, 39)",1,-0.08
258,1,"(1, 39)",1,-0.08
258,2,"(2, 39)",1,-0.08
258,3,"(3, 39)",1,-0.08
258,4,"(4, 39)",1,-0.08
258,5,"(5, 39)",1,-0.08
258,6,"(6, 39)",1,-0.08
258,7,"(7, 39)",1,-0.08
258,8,"(8, 39)",1,-0.08
258,9,"(9, 39)",1,-0.08
258,10,"(10, 39)",1,-0.08
258,11,"(11, 39)",0,-0.08
258,12,"(11, 38)",0,-0.08
258,13,"(11, 37)",1,-0.08
258,14,"(12, 37)",1,-0.08
258,15,"(13, 37)",1,-0.08
258,16,"(14, 37)",1,-0.08
258,17,"(15, 37)",0,-0.08
258,18,"(15, 36)",0,-0.08
258,19,"(15, 35)",0,-0.08
258,20,"(15, 34)",0,-0.08
258,21,"(15, 33)",1,-0.08
258,22,"(16, 33)",1,-0.08
258,23,"(17, 33)",1,-0.08
258,24,"(18, 33)",1,-0.08
258,25,"(19, 33)",0,-0.08
258,26,"(19, 32)",0,-0.08
258,27,"(19, 31)",0,-0.08
258,28,"(19, 30)",0,-0.08
258,29,"(19, 29)",1,-0.08
258,30,"(20, 29)",0,-0.08
258,31,"(20, 28)",0,-0.08
258,32,"(20, 27)",1,-0.08
258,33,"(21, 27)",0,-0.08
258,34,"(21, 26)",1,-0.08
258,35,"(22, 26)",1,-0.08
258,36,"(23, 26)",0,-0.08
258,37,"(23, 25)",1,-0.08
258,38,"(24, 25)",1,-0.08
258,39,"(25, 25)",1,-0.08
258,40,"(26, 25)",1,-0.08
258,41,"(27, 25)",1,-0.08
258,42,"(28, 25)",1,-0.08
258,43,"(29, 25)",1,-0.08
258,44,"(30, 25)",1,-0.08
258,45,"(31, 25)",0,-0.08
258,46,"(31, 24)",0,-0.08
258,47,"(31, 23)",1,-0.08
258,48,"(32, 23)",1,-0.08
258,49,"(33, 23)",0,-0.08
258,50,"(33, 22)",0,-0.08
258,51,"(33, 21)",1,-0.08
258,52,"(34, 21)",1,-0.08
258,53,"(35, 21)",0,-0.08
258,54,"(35, 20)",0,-0.08
258,55,"(35, 19)",1,-0.08
258,56,"(36, 19)",1,-0.08
258,57,"(37, 19)",0,-0.08
258,58,"(37, 18)",0,-0.08
258,59,"(37, 17)",0,-0.08
258,60,"(37, 16)",0,-0.08
258,61,"(37, 15)",1,-0.08
258,62,"(38, 15)",0,-0.08
258,63,"(38, 14)",0,-0.08
258,64,"(38, 13)",1,-0.08
258,65,"(39, 13)",1,-0.08
258,66,"(40, 13)",1,-0.08
258,67,"(41, 13)",1,-0.08
258,68,"(42, 13)",1,-0.08
258,69,"(43, 13)",0,-0.08
258,70,"(43, 12)",0,-0.08
258,71,"(43, 11)",1,-0.08
258,72,"(44, 11)",1,-0.08
258,73,"(45, 11)",0,-0.08
258,74,"(45, 10)",1,-0.08
258,75,"(46, 10)",0,-0.08
258,76,"(46, 9)",0,-0.08
258,77,"(46, 8)",0,-0.08
258,78,"(46, 7)",0,-0.08
258,79,"(46, 6)",1,-0.08
258,80,"(47, 6)",1,-0.08
258,81,"(48, 6)",1,-0.08
258,82,"(49, 6)",0,-0.08
258,83,"(49, 5)",1,-0.08
258,84,"(50, 5)",1,-0.08
258,85,"(51, 5)",1,-0.08
258,86,"(52, 5)",1,-0.08
258,87,"(53, 5)",0,-0.08
258,88,"(53, 4)",0,-0.08
258,89,"(53, 3)",0,-0.08
258,90,"(53, 2)",0,-0.08
258,91,"(53, 1)",1,-0.08
258,92,"(54, 1)",1,-0.08
258,93,"(55, 1)",1,-0.08
258,94,"(56, 1)",1,-0.08
258,95,"(57, 1)",1,-0.08
258,96,"(58, 1)",1,-0.08
258,97,"(59, 1)",1,-0.08
258,98,"(60, 1)",1,-0.08
258,99,"(61, 1)",1,-0.08
258,100,"(62, 1)",1,-0.08
258,101,"(63, 1)",1,-0.08
258,102,"(64, 1)",1,-0.08
258,103,"(65, 1)",1,-0.08
258,104,"(66, 1)",1,-0.08
258,105,"(67, 1)",1,-0.08
258,106,"(68, 1)",1,-0.08
258,107,"(69, 1)",1,-0.08
258,108,"(70, 1)",1,-0.08
258,109,"(71, 1)",2,-0.08
258,110,"(71, 2)",2,-0.08
258,111,"(71, 3)",1,-0.08
258,112,"(72, 3)",1,-0.08
258,113,"(73, 3)",1,-0.08
258,114,"(74, 3)",1,-0.08
258,115,"(75, 3)",1,-0.08
258,116,"(76, 3)",1,-0.08
258,117,"(77, 3)",0,-0.08
258,118,"(77, 2)",0,-0.08
258,119,"(77, 1)",1,-0.08
258,120,"(78, 1)",1,-0.08
258,121,"(79, 1)",0,8.33
259,0,"(0, 39)",1,-0.08
259,1,"(1, 39)",1,-0.08
259,2,"(2, 39)",1,-0.08
259,3,"(3, 39)",1,-0.08
259,4,"(4, 39)",1,-0.08
259,5,"(5, 39)",1,-0.08
259,6,"(6, 39)",1,-0.08
259,7,"(7, 39)",1,-0.08
259,8,"(8, 39)",1,-0.08
259,9,"(9, 39)",1,-0.08
259,10,"(10, 39)",0,-0.08
259,11,"(10, 38)",0,-0.08
259,12,"(10, 37)",1,-0.08
259,13,"(11, 37)",1,-0.08
259,14,"(12, 37)",1,-0.08
259,15,"(13, 37)",1,-0.08
259,16,"(14, 37)",1,-0.08
259,17,"(15, 37)",0,-0.08
259,18,"(15, 36)",0,-0.08
259,19,"(15, 35)",0,-0.08
259,20,"(15, 34)",0,-0.08
259,21,"(15, 33)",1,-0.08
259,22,"(16, 33)",1,-0.08
259,23,"(17, 33)",1,-0.08
259,24,"(18, 33)",1,-0.08
259,25,"(19, 33)",0,-0.08
259,26,"(19, 32)",0,-0.08
259,27,"(19, 31)",0,-0.08
259,28,"(19, 30)",0,-0.08
259,29,"(19, 29)",1,-0.08
259,30,"(20, 29)",0,-0.08
259,31,"(20, 28)",0,-0.08
259,32,"(20, 27)",1,-0.08
259,33,"(21, 27)",0,-0.08
259,34,"(21, 26)",0,-0.08
259,35,"(21, 25)",1,-0.08
259,36,"(22, 25)",1,-0.08
259,37,"(23, 25)",1,-0.08
259,38,"(24, 25)",1,-0.08
259,39,"(25, 25)",0,-0.08
259,40,"(25, 24)",0,-0.08
259,41,"(25, 23)",0,-0.08
259,42,"(25, 22)",0,-0.08
259,43,"(25, 21)",0,-0.08
259,44,"(25, 20)",0,-0.08
259,45,"(25, 19)",0,-0.08
259,46,"(25, 18)",1,-0.08
259,47,"(26, 18)",1,-0.08
259,48,"(27, 18)",0,-0.08
259,49,"(27, 17)",0,-0.08
259,50,"(27, 16)",1,-0.08
259,51,"(28, 16)",1,-0.08
259,52,"(29, 16)",0,-0.08
259,53,"(29, 15)",1,-0.08
259,54,"(30, 15)",1,-0.08
259,55,"(31, 15)",0,-0.08
259,56,"(31, 14)",1,-0.08
259,57,"(32, 14)",0,-0.08
259,58,"(32, 13)",1,-0.08
259,59,"(33, 13)",1,-0.08
259,60,"(34, 13)",1,-0.08
259,61,"(35, 13)",1,-0.08
259,62,"(36, 13)",1,-0.08
259,63,"(37, 13)",1,-0.08
259,64,"(38, 13)",1,-0.08
259,65,"(39, 13)",1,-0.08
259,66,"(40, 13)",1,-0.08
259,67,"(41, 13)",0,-0.08
259,68,"(41, 12)",0,-0.08
259,69,"(41, 11)",1,-0.08
259,70,"(42, 11)",1,-0.08
259,71,"(43, 11)",1,-0.08
259,72,"(44, 11)",1,-0.08
259,73,"(45, 11)",0,-0.08
259,74,"(45, 10)",1,-0.08
259,75,"(46, 10)",0,-0.08
259,76,"(46, 9)",0,-0.08
259,77,"(46, 8)",0,-0.08
259,78,"(46, 7)",1,-0.08
259,79,"(47, 7)",0,-0.08
259,80,"(47, 6)",1,-0.08
259,81,"(48, 6)",1,-0.08
259,82,"(49, 6)",0,-0.08
259,83,"(49, 5)",1,-0.08
259,84,"(50, 5)",1,-0.08
259,85,"(51, 5)",0,-0.08
259,86,"(51, 4)",0,-0.08
259,87,"(51, 3)",0,-0.08
259,88,"(51, 2)",1,-0.08
259,89,"(52, 2)",0,-0.08
259,90,"(52, 1)",1,-0.08
259,91,"(53, 1)",1,-0.08
259,92,"(54, 1)",1,-0.08
259,93,"(55, 1)",1,-0.08
259,94,"(56, 1)",1,-0.08
259,95,"(57, 1)",1,-0.08
259,96,"(58, 1)",1,-0.08
259,97,"(59, 1)",1,-0.08
259,98,"(60, 1)",1,-0.08
259,99,"(61, 1)",1,-0.08
259,100,"(62, 1)",1,-0.08
259,101,"(63, 1)",1,-0.08
259,102,"(64, 1)",1,-0.08
259,103,"(65, 1)",1,-0.08
259,104,"(66, 1)",1,-0.08
259,105,"(67, 1)",1,-0.08
259,106,"(68, 1)",1,-0.08
259,107,"(69, 1)",1,-0.08
259,108,"(70, 1)",1,-0.08
259,109,"(71, 1)",2,-0.08
259,110,"(71, 2)",2,-0.08
259,111,"(71, 3)",1,-0.08
259,112,"(72, 3)",1,-0.08
259,113,"(73, 3)",0,-0.08
259,114,"(73, 2)",0,-0.08
259,115,"(73, 1)",1,-0.08
259,116,"(74, 1)",0,-0.08
259,117,"(74, 0)",1,-0.08
259,118,"(75, 0)",1,-0.08
259,119,"(76, 0)",1,-0.08
259,120,"(77, 0)",1,-0.08
259,121,"(78, 0)",1,8.33
260,0,"(0, 39)",1,-0.08
260,1,"(1, 39)",1,-0.08
260,2,"(2, 39)",1,-0.08
260,3,"(3, 39)",1,-0.08
260,4,"(4, 39)",1,-0.08
260,5,"(5, 39)",1,-0.08
260,6,"(6, 39)",1,-0.08
260,7,"(7, 39)",1,-0.08
260,8,"(8, 39)",1,-0.08
260,9,"(9, 39)",1,-0.08
260,10,"(10, 39)",0,-0.08
260,11,"(10, 38)",0,-0.08
260,12,"(10, 37)",1,-0.08
260,13,"(11, 37)",1,-0.08
260,14,"(12, 37)",1,-0.08
260,15,"(13, 37)",1,-0.08
260,16,"(14, 37)",1,-0.08
260,17,"(15, 37)",0,-0.08
260,18,"(15, 36)",1,-0.08
260,19,"(16, 36)",1,-0.08
260,20,"(17, 36)",0,-0.08
260,21,"(17, 35)",0,-0.08
260,22,"(17, 34)",1,-0.08
260,23,"(18, 34)",0,-0.08
260,24,"(18, 33)",1,-0.08
260,25,"(19, 33)",0,-0.08
260,26,"(19, 32)",0,-0.08
260,27,"(19, 31)",0,-0.08
260,28,"(19, 30)",0,-0.08
260,29,"(19, 29)",1,-0.08
260,30,"(20, 29)",0,-0.08
260,31,"(20, 28)",0,-0.08
260,32,"(20, 27)",1,-0.08
260,33,"(21, 27)",0,-0.08
260,34,"(21, 26)",1,-0.08
260,35,"(22, 26)",1,-0.08
260,36,"(23, 26)",0,-0.08
260,37,"(23, 25)",1,-0.08
260,38,"(24, 25)",1,-0.08
260,39,"(25, 25)",1,-0.08
260,40,"(26, 25)",1,-0.08
260,41,"(27, 25)",1,-0.08
260,42,"(28, 25)",1,-0.08
260,43,"(29, 25)",1,-0.08
260,44,"(30, 25)",1,-0.08
260,45,"(31, 25)",0,-0.08
260,46,"(31, 24)",0,-0.08
260,47,"(31, 23)",1,-0.08
260,48,"(32, 23)",1,-0.08
260,49,"(33, 23)",0,-0.08
260,50,"(33, 22)",0,-0.08
260,51,"(33, 21)",1,-0.08
260,52,"(34, 21)",1,-0.08
260,53,"(35, 21)",1,-0.08
260,54,"(36, 21)",1,-0.08
260,55,"(37, 21)",1,-0.08
260,56,"(38, 21)",1,-0.08
260,57,"(39, 21)",1,-0.08
260,58,"(40, 21)",1,-0.08
260,59,"(41, 21)",1,-0.08
260,60,"(42, 21)",1,-0.08
260,61,"(43, 21)",0,-0.08
260,62,"(43, 20)",0,-0.08
260,63,"(43, 19)",1,-0.08
260,64,"(44, 19)",0,-0.08
260,65,"(44, 18)",0,-0.08
260,66,"(44, 17)",0,-0.08
260,67,"(44, 16)",0,-0.08
260,68,"(44, 15)",1,-0.08
260,69,"(45, 15)",0,-0.08
260,70,"(45, 14)",0,-0.08
260,71,"(45, 13)",0,-0.08
260,72,"(45, 12)",0,-0.08
260,73,"(45, 11)",0,-0.08
260,74,"(45, 10)",0,-0.08
260,75,"(45, 9)",0,-0.08
260,76,"(45, 8)",1,-0.08
260,77,"(46, 8)",0,-0.08
260,78,"(46, 7)",0,-0.08
260,79,"(46, 6)",1,-0.08
260,80,"(47, 6)",1,-0.08
260,81,"(48, 6)",1,-0.08
260,82,"(49, 6)",0,-0.08
260,83,"(49, 5)",1,-0.08
260,84,"(50, 5)",1,-0.08
260,85,"(51, 5)",0,-0.08
260,86,"(51, 4)",0,-0.08
260,87,"(51, 3)",0,-0.08
260,88,"(51, 2)",0,-0.08
260,89,"(51, 1)",1,-0.08
260,90,"(52, 1)",1,-0.08
260,91,"(53, 1)",1,-0.08
260,92,"(54, 1)",1,-0.08
260,93,"(55, 1)",1,-0.08
260,94,"(56, 1)",1,-0.08
260,95,"(57, 1)",1,-0.08
260,96,"(58, 1)",1,-0.08
260,97,"(59, 1)",1,-0.08
260,98,"(60, 1)",1,-0.08
260,99,"(61, 1)",1,-0.08
260,100,"(62, 1)",1,-0.08
260,101,"(63, 1)",1,-0.08
260,102,"(64, 1)",1,-0.08
260,103,"(65, 1)",1,-0.08
260,104,"(66, 1)",1,-0.08
260,105,"(67, 1)",1,-0.08
260,106,"(68, 1)",1,-0.08
260,107,"(69, 1)",1,-0.08
260,108,"(70, 1)",1,-0.08
260,109,"(71, 1)",2,-0.08
260,110,"(71, 2)",2,-0.08
260,111,"(71, 3)",1,-0.08
260,112,"(72, 3)",1,-0.08
260,113,"(73, 3)",1,-0.08
260,114,"(74, 3)",1,-0.08
260,115,"(75, 3)",1,-0.08
260,116,"(76, 3)",1,-0.08
260,117,"(77, 3)",0,-0.08
260,118,"(77, 2)",0,-0.08
260,119,"(77, 1)",1,-0.08
260,120,"(78, 1)",0,-0.08
260,121,"(78, 0)",1,8.33
261,0,"(0, 39)",1,-0.08
261,1,"(1, 39)",1,-0.08
261,2,"(2, 39)",1,-0.08
261,3,"(3, 39)",1,-0.08
261,4,"(4, 39)",1,-0.08
261,5,"(5, 39)",1,-0.08
261,6,"(6, 39)",1,-0.08
261,7,"(7, 39)",1,-0.08
261,8,"(8, 39)",1,-0.08
261,9,"(9, 39)",1,-0.08
261,10,"(10, 39)",1,-0.08
261,11,"(11, 39)",0,-0.08
261,12,"(11, 38)",0,-0.08
261,13,"(11, 37)",1,-0.08
261,14,"(12, 37)",1,-0.08
261,15,"(13, 37)",1,-0.08
261,16,"(14, 37)",1,-0.08
261,17,"(15, 37)",1,-0.08
261,18,"(16, 37)",0,-0.08
261,19,"(16, 36)",1,-0.08
261,20,"(17, 36)",0,-0.08
261,21,"(17, 35)",0,-0.08
261,22,"(17, 34)",0,-0.08
261,23,"(17, 33)",1,-0.08
261,24,"(18, 33)",1,-0.08
261,25,"(19, 33)",0,-0.08
261,26,"(19, 32)",0,-0.08
261,27,"(19, 31)",0,-0.08
261,28,"(19, 30)",0,-0.08
261,29,"(19, 29)",1,-0.08
261,30,"(20, 29)",0,-0.08
261,31,"(20, 28)",0,-0.08
261,32,"(20, 27)",1,-0.08
261,33,"(21, 27)",0,-0.08
261,34,"(21, 26)",1,-0.08
261,35,"(22, 26)",1,-0.08
261,36,"(23, 26)",1,-0.08
261,37,"(24, 26)",0,-0.08
261,38,"(24, 25)",1,-0.08
261,39,"(25, 25)",0,-0.08
261,40,"(25, 24)",0,-0.08
261,41,"(25, 23)",0,-0.08
261,42,"(25, 22)",0,-0.08
261,43,"(25, 21)",0,-0.08
261,44,"(25, 20)",0,-0.08
261,45,"(25, 19)",1,-0.08
261,46,"(26, 19)",1,-0.08
261,47,"(27, 19)",1,-0.08
261,48,"(28, 19)",1,-0.08
261,49,"(29, 19)",1,-0.08
261,50,"(30, 19)",1,-0.08
261,51,"(31, 19)",1,-0.08
261,52,"(32, 19)",1,-0.08
261,53,"(33, 19)",1,-0.08
261,54,"(34, 19)",1,-0.08
261,55,"(35, 19)",1,-0.08
261,56,"(36, 19)",1,-0.08
261,57,"(37, 19)",0,-0.08
261,58,"(37, 18)",0,-0.08
261,59,"(37, 17)",1,-0.08
261,60,"(38, 17)",1,-0.08
261,61,"(39, 17)",0,-0.08
261,62,"(39, 16)",0,-0.08
261,63,"(39, 15)",1,-0.08
261,64,"(40, 15)",1,-0.08
261,65,"(41, 15)",0,-0.08
261,66,"(41, 14)",0,-0.08
261,67,"(41, 13)",1,-0.08
261,68,"(42, 13)",1,-0.08
261,69,"(43, 13)",1,-0.08
261,70,"(44, 13)",1,-0.08
261,71,"(45, 13)",0,-0.08
261,72,"(45, 12)",0,-0.08
261,73,"(45, 11)",0,-0.08
261,74,"(45, 10)",0,-0.08
261,75,"(45, 9)",1,-0.08
261,76,"(46, 9)",0,-0.08
261,77,"(46, 8)",0,-0.08
261,78,"(46, 7)",1,-0.08
261,79,"(47, 7)",0,-0.08
261,80,"(47, 6)",1,-0.08
261,81,"(48, 6)",1,-0.08
261,82,"(49, 6)",0,-0.08
261,83,"(49, 5)",1,-0.08
261,84,"(50, 5)",1,-0.08
261,85,"(51, 5)",1,-0.08
261,86,"(52, 5)",1,-0.08
261,87,"(53, 5)",0,-0.08
261,88,"(53, 4)",0,-0.08
261,89,"(53, 3)",0,-0.08
261,90,"(53, 2)",0,-0.08
261,91,"(53, 1)",1,-0.08
261,92,"(54, 1)",1,-0.08
261,93,"(55, 1)",1,-0.08
261,94,"(56, 1)",1,-0.08
261,95,"(57, 1)",1,-0.08
261,96,"(58, 1)",1,-0.08
261,97,"(59, 1)",1,-0.08
261,98,"(60, 1)",1,-0.08
261,99,"(61, 1)",1,-0.08
261,100,"(62, 1)",1,-0.08
261,101,"(63, 1)",1,-0.08
261,102,"(64, 1)",1,-0.08
261,103,"(65, 1)",1,-0.08
261,104,"(66, 1)",1,-0.08
261,105,"(67, 1)",1,-0.08
261,106,"(68, 1)",1,-0.08
261,107,"(69, 1)",1,-0.08
261,108,"(70, 1)",1,-0.08
261,109,"(71, 1)",2,-0.08
261,110,"(71, 2)",2,-0.08
261,111,"(71, 3)",1,-0.08
261,112,"(72, 3)",1,-0.08
261,113,"(73, 3)",0,-0.08
261,114,"(73, 2)",0,-0.08
261,115,"(73, 1)",1,-0.08
261,116,"(74, 1)",1,-0.08
261,117,"(75, 1)",1,-0.08
261,118,"(76, 1)",1,-0.08
261,119,"(77, 1)",1,-0.08
261,120,"(78, 1)",1,-0.08
261,121,"(79, 1)",0,8.33
262,0,"(0, 39)",1,-0.08
262,1,"(1, 39)",1,-0.08
262,2,"(2, 39)",1,-0.08
262,3,"(3, 39)",1,-0.08
262,4,"(4, 39)",1,-0.08
262,5,"(5, 39)",1,-0.08
262,6,"(6, 39)",1,-0.08
262,7,"(7, 39)",1,-0.08
262,8,"(8, 39)",1,-0.08
262,9,"(9, 39)",1,-0.08
262,10,"(10, 39)",0,-0.08
262,11,"(10, 38)",0,-0.08
262,12,"(10, 37)",1,-0.08
262,13,"(11, 37)",1,-0.08
262,14,"(12, 37)",1,-0.08
262,15,"(13, 37)",1,-0.08
262,16,"(14, 37)",1,-0.08
262,17,"(15, 37)",0,-0.08
262,18,"(15, 36)",0,-0.08
262,19,"(15, 35)",0,-0.08
262,20,"(15, 34)",0,-0.08
262,21,"(15, 33)",1,-0.08
262,22,"(16, 33)",1,-0.08
262,23,"(17, 33)",1,-0.08
262,24,"(18, 33)",1,-0.08
262,25,"(19, 33)",0,-0.08
262,26,"(19, 32)",0,-0.08
262,27,"(19, 31)",0,-0.08
262,28,"(19, 30)",0,-0.08
262,29,"(19, 29)",1,-0.08
262,30,"(20, 29)",0,-0.08
262,31,"(20, 28)",0,-0.08
262,32,"(20, 27)",1,-0.08
262,33,"(21, 27)",0,-0.08
262,34,"(21, 26)",0,-0.08
262,35,"(21, 25)",1,-0.08
262,36,"(22, 25)",0,-0.08
262,37,"(22, 24)",0,-0.08
262,38,"(22, 23)",1,-0.08
262,39,"(23, 23)",1,-0.08
262,40,"(24, 23)",1,-0.08
262,41,"(25, 23)",0,-0.08
262,42,"(25, 22)",0,-0.08
262,43,"(25, 21)",0,-0.08
262,44,"(25, 20)",0,-0.08
262,45,"(25, 19)",1,-0.08
262,46,"(26, 19)",0,-0.08
262,47,"(26, 18)",1,-0.08
262,48,"(27, 18)",0,-0.08
262,49,"(27, 17)",1,-0.08
262,50,"(28, 17)",0,-0.08
262,51,"(28, 16)",1,-0.08
262,52,"(29, 16)",0,-0.08
262,53,"(29, 15)",1,-0.08
262,54,"(30, 15)",1,-0.08
262,55,"(31, 15)",0,-0.08
262,56,"(31, 14)",0,-0.08
262,57,"(31, 13)",1,-0.08
262,58,"(32, 13)",1,-0.08
262,59,"(33, 13)",1,-0.08
262,60,"(34, 13)",1,-0.08
262,61,"(35, 13)",1,-0.08
262,62,"(36, 13)",1,-0.08
262,63,"(37, 13)",1,-0.08
262,64,"(38, 13)",1,-0.08
262,65,"(39, 13)",0,-0.08
262,66,"(39, 12)",0,-0.08
262,67,"(39, 11)",1,-0.08
262,68,"(40, 11)",1,-0.08
262,69,"(41, 11)",1,-0.08
262,70,"(42, 11)",1,-0.08
262,71,"(43, 11)",1,-0.08
262,72,"(44, 11)",1,-0.08
262,73,"(45, 11)",0,-0.08
262,74,"(45, 10)",1,-0.08
262,75,"(46, 10)",0,-0.08
262,76,"(46, 9)",0,-0.08
262,77,"(46, 8)",0,-0.08
262,78,"(46, 7)",1,-0.08
262,79,"(47, 7)",0,-0.08
262,80,"(47, 6)",1,-0.08
262,81,"(48, 6)",1,-0.08
262,82,"(49, 6)",0,-0.08
262,83,"(49, 5)",1,-0.08
262,84,"(50, 5)",1,-0.08
262,85,"(51, 5)",1,-0.08
262,86,"(52, 5)",1,-0.08
262,87,"(53, 5)",0,-0.08
262,88,"(53, 4)",0,-0.08
262,89,"(53, 3)",0,-0.08
262,90,"(53, 2)",0,-0.08
262,91,"(53, 1)",1,-0.08
262,92,"(54, 1)",1,-0.08
262,93,"(55, 1)",1,-0.08
262,94,"(56, 1)",1,-0.08
262,95,"(57, 1)",1,-0.08
262,96,"(58, 1)",1,-0.08
262,97,"(59, 1)",1,-0.08
262,98,"(60, 1)",1,-0.08
262,99,"(61, 1)",1,-0.08
262,100,"(62, 1)",1,-0.08
262,101,"(63, 1)",1,-0.08
262,102,"(64, 1)",1,-0.08
262,103,"(65, 1)",1,-0.08
262,104,"(66, 1)",1,-0.08
262,105,"(67, 1)",1,-0.08
262,106,"(68, 1)",1,-0.08
262,107,"(69, 1)",1,-0.08
262,108,"(70, 1)",1,-0.08
262,109,"(71, 1)",2,-0.08
262,110,"(71, 2)",2,-0.08
262,111,"(71, 3)",1,-0.08
262,112,"(72, 3)",1,-0.08
262,113,"(73, 3)",1,-0.08
262,114,"(74, 3)",1,-0.08
262,115,"(75, 3)",1,-0.08
262,116,"(76, 3)",1,-0.08
262,117,"(77, 3)",0,-0.08
262,118,"(77, 2)",0,-0.08
262,119,"(77, 1)",1,-0.08
262,120,"(78, 1)",0,-0.08
262,121,"(78, 0)",1,8.33
263,0,"(0, 39)",1,-0.08
263,1,"(1, 39)",1,-0.08
263,2,"(2, 39)",1,-0.08
263,3,"(3, 39)",1,-0.08
263,4,"(4, 39)",1,-0.08
263,5,"(5, 39)",1,-0.08
263,6,"(6, 39)",1,-0.08
263,7,"(7, 39)",1,-0.08
263,8,"(8, 39)",1,-0.08
263,9,"(9, 39)",1,-0.08
263,10,"(10, 39)",0,-0.08
263,11,"(10, 38)",0,-0.08
263,12,"(10, 37)",1,-0.08
263,13,"(11, 37)",1,-0.08
263,14,"(12, 37)",1,-0.08
263,15,"(13, 37)",1,-0.08
263,16,"(14, 37)",1,-0.08
263,17,"(15, 37)",1,-0.08
263,18,"(16, 37)",1,-0.08
263,19,"(17, 37)",0,-0.08
263,20,"(17, 36)",0,-0.08
263,21,"(17, 35)",1,-0.08
263,22,"(18, 35)",1,-0.08
263,23,"(19, 35)",0,-0.08
263,24,"(19, 34)",0,-0.08
263,25,"(19, 33)",0,-0.08
263,26,"(19, 32)",0,-0.08
263,27,"(19, 31)",0,-0.08
263,28,"(19, 30)",0,-0.08
263,29,"(19, 29)",1,-0.08
263,30,"(20, 29)",0,-0.08
263,31,"(20, 28)",0,-0.08
263,32,"(20, 27)",1,-0.08
263,33,"(21, 27)",0,-0.08
263,34,"(21, 26)",1,-0.08
263,35,"(22, 26)",0,-0.08
263,36,"(22, 25)",1,-0.08
263,37,"(23, 25)",1,-0.08
263,38,"(24, 25)",1,-0.08
263,39,"(25, 25)",1,-0.08
263,40,"(26, 25)",1,-0.08
263,41,"(27, 25)",1,-0.08
263,42,"(28, 25)",1,-0.08
263,43,"(29, 25)",1,-0.08
263,44,"(30, 25)",1,-0.08
263,45,"(31, 25)",0,-0.08
263,46,"(31, 24)",0,-0.08
263,47,"(31, 23)",1,-0.08
263,48,"(32, 23)",1,-0.08
263,49,"(33, 23)",0,-0.08
263,50,"(33, 22)",0,-0.08
263,51,"(33, 21)",1,-0.08
263,52,"(34, 21)",1,-0.08
263,53,"(35, 21)",0,-0.08
263,54,"(35, 20)",0,-0.08
263,55,"(35, 19)",0,-0.08
263,56,"(35, 18)",0,-0.08
263,57,"(35, 17)",0,-0.08
263,58,"(35, 16)",0,-0.08
263,59,"(35, 15)",0,-0.08
263,60,"(35, 14)",0,-0.08
263,61,"(35, 13)",1,-0.08
263,62,"(36, 13)",1,-0.08
263,63,"(37, 13)",1,-0.08
263,64,"(38, 13)",1,-0.08
263,65,"(39, 13)",1,-0.08
263,66,"(40, 13)",1,-0.08
263,67,"(41, 13)",1,-0.08
263,68,"(42, 13)",1,-0.08
263,69,"(43, 13)",1,-0.08
263,70,"(44, 13)",1,-0.08
263,71,"(45, 13)",0,-0.08
263,72,"(45, 12)",0,-0.08
263,73,"(45, 11)",0,-0.08
263,74,"(45, 10)",0,-0.08
263,75,"(45, 9)",1,-0.08
263,76,"(46, 9)",0,-0.08
263,77,"(46, 8)",0,-0.08
263,78,"(46, 7)",0,-0.08
263,79,"(46, 6)",1,-0.08
263,80,"(47, 6)",1,-0.08
263,81,"(48, 6)",1,-0.08
263,82,"(49, 6)",0,-0.08
263,83,"(49, 5)",1,-0.08
263,84,"(50, 5)",1,-0.08
263,85,"(51, 5)",1,-0.08
263,86,"(52, 5)",1,-0.08
263,87,"(53, 5)",0,-0.08
263,88,"(53, 4)",0,-0.08
263,89,"(53, 3)",0,-0.08
263,90,"(53, 2)",0,-0.08
263,91,"(53, 1)",1,-0.08
263,92,"(54, 1)",1,-0.08
263,93,"(55, 1)",1,-0.08
263,94,"(56, 1)",1,-0.08
263,95,"(57, 1)",1,-0.08
263,96,"(58, 1)",1,-0.08
263,97,"(59, 1)",1,-0.08
263,98,"(60, 1)",1,-0.08
263,99,"(61, 1)",1,-0.08
263,100,"(62, 1)",1,-0.08
263,101,"(63, 1)",1,-0.08
263,102,"(64, 1)",1,-0.08
263,103,"(65, 1)",1,-0.08
263,104,"(66, 1)",1,-0.08
263,105,"(67, 1)",1,-0.08
263,106,"(68, 1)",1,-0.08
263,107,"(69, 1)",1,-0.08
263,108,"(70, 1)",1,-0.08
263,109,"(71, 1)",2,-0.08
263,110,"(71, 2)",2,-0.08
263,111,"(71, 3)",1,-0.08
263,112,"(72, 3)",1,-0.08
263,113,"(73, 3)",1,-0.08
263,114,"(74, 3)",1,-0.08
263,115,"(75, 3)",1,-0.08
263,116,"(76, 3)",1,-0.08
263,117,"(77, 3)",0,-0.08
263,118,"(77, 2)",0,-0.08
263,119,"(77, 1)",0,-0.08
263,120,"(77, 0)",1,-0.08
263,121,"(78, 0)",1,8.33
264,0,"(0, 39)",1,-0.08
264,1,"(1, 39)",1,-0.08
264,2,"(2, 39)",1,-0.08
264,3,"(3, 39)",1,-0.08
264,4,"(4, 39)",1,-0.08
264,5,"(5, 39)",1,-0.08
264,6,"(6, 39)",1,-0.08
264,7,"(7, 39)",1,-0.08
264,8,"(8, 39)",1,-0.08
264,9,"(9, 39)",1,-0.08
264,10,"(10, 39)",0,-0.08
264,11,"(10, 38)",0,-0.08
264,12,"(10, 37)",1,-0.08
264,13,"(11, 37)",1,-0.08
264,14,"(12, 37)",1,-0.08
264,15,"(13, 37)",1,-0.08
264,16,"(14, 37)",1,-0.08
264,17,"(15, 37)",0,-0.08
264,18,"(15, 36)",1,-0.08
264,19,"(16, 36)",1,-0.08
264,20,"(17, 36)",0,-0.08
264,21,"(17, 35)",1,-0.08
264,22,"(18, 35)",0,-0.08
264,23,"(18, 34)",1,-0.08
264,24,"(19, 34)",0,-0.08
264,25,"(19, 33)",0,-0.08
264,26,"(19, 32)",0,-0.08
264,27,"(19, 31)",0,-0.08
264,28,"(19, 30)",0,-0.08
264,29,"(19, 29)",1,-0.08
264,30,"(20, 29)",0,-0.08
264,31,"(20, 28)",0,-0.08
264,32,"(20, 27)",1,-0.08
264,33,"(21, 27)",0,-0.08
264,34,"(21, 26)",1,-0.08
264,35,"(22, 26)",1,-0.08
264,36,"(23, 26)",1,-0.08
264,37,"(24, 26)",1,-0.08
264,38,"(25, 26)",0,-0.08
264,39,"(25, 25)",0,-0.08
264,40,"(25, 24)",0,-0.08
264,41,"(25, 23)",0,-0.08
264,42,"(25, 22)",0,-0.08
264,43,"(25, 21)",1,-0.08
264,44,"(26, 21)",1,-0.08
264,45,"(27, 21)",0,-0.08
264,46,"(27, 20)",0,-0.08
264,47,"(27, 19)",0,-0.08
264,48,"(27, 18)",0,-0.08
264,49,"(27, 17)",1,-0.08
264,50,"(28, 17)",1,-0.08
264,51,"(29, 17)",0,-0.08
264,52,"(29, 16)",0,-0.08
264,53,"(29, 15)",1,-0.08
264,54,"(30, 15)",1,-0.08
264,55,"(31, 15)",1,-0.08
264,56,"(32, 15)",0,-0.08
264,57,"(32, 14)",0,-0.08
264,58,"(32, 13)",1,-0.08
264,59,"(33, 13)",1,-0.08
264,60,"(34, 13)",1,-0.08
264,61,"(35, 13)",1,-0.08
264,62,"(36, 13)",1,-0.08
264,63,"(37, 13)",1,-0.08
264,64,"(38, 13)",1,-0.08
264,65,"(39, 13)",1,-0.08
264,66,"(40, 13)",1,-0.08
264,67,"(41, 13)",0,-0.08
264,68,"(41, 12)",0,-0.08
264,69,"(41, 11)",1,-0.08
264,70,"(42, 11)",1,-0.08
264,71,"(43, 11)",1,-0.08
264,72,"(44, 11)",1,-0.08
264,73,"(45, 11)",0,-0.08
264,74,"(45, 10)",1,-0.08
264,75,"(46, 10)",0,-0.08
264,76,"(46, 9)",0,-0.08
264,77,"(46, 8)",0,-0.08
264,78,"(46, 7)",1,-0.08
264,79,"(47, 7)",0,-0.08
264,80,"(47, 6)",1,-0.08
264,81,"(48, 6)",1,-0.08
264,82,"(49, 6)",0,-0.08
264,83,"(49, 5)",1,-0.08
264,84,"(50, 5)",1,-0.08
264,85,"(51, 5)",1,-0.08
264,86,"(52, 5)",1,-0.08
264,87,"(53, 5)",0,-0.08
264,88,"(53, 4)",0,-0.08
264,89,"(53, 3)",0,-0.08
264,90,"(53, 2)",0,-0.08
264,91,"(53, 1)",1,-0.08
264,92,"(54, 1)",1,-0.08
264,93,"(55, 1)",1,-0.08
264,94,"(56, 1)",1,-0.08
264,95,"(57, 1)",1,-0.08
264,96,"(58, 1)",1,-0.08
264,97,"(59, 1)",1,-0.08
264,98,"(60, 1)",1,-0.08
264,99,"(61, 1)",1,-0.08
264,100,"(62, 1)",1,-0.08
264,101,"(63, 1)",1,-0.08
264,102,"(64, 1)",1,-0.08
264,103,"(65, 1)",1,-0.08
264,104,"(66, 1)",1,-0.08
264,105,"(67, 1)",1,-0.08
264,106,"(68, 1)",1,-0.08
264,107,"(69, 1)",1,-0.08
264,108,"(70, 1)",1,-0.08
264,109,"(71, 1)",2,-0.08
264,110,"(71, 2)",2,-0.08
264,111,"(71, 3)",1,-0.08
264,112,"(72, 3)",1,-0.08
264,113,"(73, 3)",0,-0.08
264,114,"(73, 2)",0,-0.08
264,115,"(73, 1)",1,-0.08
264,116,"(74, 1)",0,-0.08
264,117,"(74, 0)",1,-0.08
264,118,"(75, 0)",1,-0.08
264,119,"(76, 0)",1,-0.08
264,120,"(77, 0)",1,-0.08
264,121,"(78, 0)",1,8.33
265,0,"(0, 39)",1,-0.08
265,1,"(1, 39)",1,-0.08
265,2,"(2, 39)",1,-0.08
265,3,"(3, 39)",1,-0.08
265,4,"(4, 39)",1,-0.08
265,5,"(5, 39)",1,-0.08
265,6,"(6, 39)",1,-0.08
265,7,"(7, 39)",1,-0.08
265,8,"(8, 39)",1,-0.08
265,9,"(9, 39)",1,-0.08
265,10,"(10, 39)",1,-0.08
265,11,"(11, 39)",1,-0.08
265,12,"(12, 39)",1,-0.08
265,13,"(13, 39)",1,-0.08
265,14,"(14, 39)",0,-0.08
265,15,"(14, 38)",0,-0.08
265,16,"(14, 37)",1,-0.08
265,17,"(15, 37)",0,-0.08
265,18,"(15, 36)",1,-0.08
265,19,"(16, 36)",1,-0.08
265,20,"(17, 36)",0,-0.08
265,21,"(17, 35)",1,-0.08
265,22,"(18, 35)",1,-0.08
265,23,"(19, 35)",0,-0.08
265,24,"(19, 34)",0,-0.08
265,25,"(19, 33)",0,-0.08
265,26,"(19, 32)",0,-0.08
265,27,"(19, 31)",0,-0.08
265,28,"(19, 30)",0,-0.08
265,29,"(19, 29)",1,-0.08
265,30,"(20, 29)",0,-0.08
265,31,"(20, 28)",0,-0.08
265,32,"(20, 27)",1,-0.08
265,33,"(21, 27)",0,-0.08
265,34,"(21, 26)",1,-0.08
265,35,"(22, 26)",0,-0.08
265,36,"(22, 25)",0,-0.08
265,37,"(22, 24)",0,-0.08
265,38,"(22, 23)",1,-0.08
265,39,"(23, 23)",1,-0.08
265,40,"(24, 23)",1,-0.08
265,41,"(25, 23)",0,-0.08
265,42,"(25, 22)",0,-0.08
265,43,"(25, 21)",0,-0.08
265,44,"(25, 20)",0,-0.08
265,45,"(25, 19)",0,-0.08
265,46,"(25, 18)",1,-0.08
265,47,"(26, 18)",1,-0.08
265,48,"(27, 18)",0,-0.08
265,49,"(27, 17)",0,-0.08
265,50,"(27, 16)",1,-0.08
265,51,"(28, 16)",1,-0.08
265,52,"(29, 16)",0,-0.08
265,53,"(29, 15)",1,-0.08
265,54,"(30, 15)",1,-0.08
265,55,"(31, 15)",0,-0.08
265,56,"(31, 14)",1,-0.08
265,57,"(32, 14)",0,-0.08
265,58,"(32, 13)",1,-0.08
265,59,"(33, 13)",1,-0.08
265,60,"(34, 13)",1,-0.08
265,61,"(35, 13)",1,-0.08
265,62,"(36, 13)",1,-0.08
265,63,"(37, 13)",1,-0.08
265,64,"(38, 13)",1,-0.08
265,65,"(39, 13)",1,-0.08
265,66,"(40, 13)",1,-0.08
265,67,"(41, 13)",1,-0.08
265,68,"(42, 13)",1,-0.08
265,69,"(43, 13)",1,-0.08
265,70,"(44, 13)",1,-0.08
265,71,"(45, 13)",0,-0.08
265,72,"(45, 12)",0,-0.08
265,73,"(45, 11)",0,-0.08
265,74,"(45, 10)",0,-0.08
265,75,"(45, 9)",0,-0.08
265,76,"(45, 8)",1,-0.08
265,77,"(46, 8)",0,-0.08
265,78,"(46, 7)",0,-0.08
265,79,"(46, 6)",1,-0.08
265,80,"(47, 6)",1,-0.08
265,81,"(48, 6)",1,-0.08
265,82,"(49, 6)",0,-0.08
265,83,"(49, 5)",1,-0.08
265,84,"(50, 5)",1,-0.08
265,85,"(51, 5)",1,-0.08
265,86,"(52, 5)",1,-0.08
265,87,"(53, 5)",0,-0.08
265,88,"(53, 4)",0,-0.08
265,89,"(53, 3)",1,-0.08
265,90,"(54, 3)",1,-0.08
265,91,"(55, 3)",1,-0.08
265,92,"(56, 3)",0,-0.08
265,93,"(56, 2)",0,-0.08
265,94,"(56, 1)",1,-0.08
265,95,"(57, 1)",1,-0.08
265,96,"(58, 1)",1,-0.08
265,97,"(59, 1)",1,-0.08
265,98,"(60, 1)",1,-0.08
265,99,"(61, 1)",1,-0.08
265,100,"(62, 1)",1,-0.08
265,101,"(63, 1)",1,-0.08
265,102,"(64, 1)",1,-0.08
265,103,"(65, 1)",1,-0.08
265,104,"(66, 1)",1,-0.08
265,105,"(67, 1)",1,-0.08
265,106,"(68, 1)",1,-0.08
265,107,"(69, 1)",1,-0.08
265,108,"(70, 1)",1,-0.08
265,109,"(71, 1)",2,-0.08
265,110,"(71, 2)",2,-0.08
265,111,"(71, 3)",1,-0.08
265,112,"(72, 3)",1,-0.08
265,113,"(73, 3)",0,-0.08
265,114,"(73, 2)",0,-0.08
265,115,"(73, 1)",1,-0.08
265,116,"(74, 1)",0,-0.08
265,117,"(74, 0)",1,-0.08
265,118,"(75, 0)",1,-0.08
265,119,"(76, 0)",1,-0.08
265,120,"(77, 0)",1,-0.08
265,121,"(78, 0)",1,8.33
266,0,"(0, 39)",1,-0.08
266,1,"(1, 39)",1,-0.08
266,2,"(2, 39)",1,-0.08
266,3,"(3, 39)",1,-0.08
266,4,"(4, 39)",1,-0.08
266,5,"(5, 39)",1,-0.08
266,6,"(6, 39)",1,-0.08
266,7,"(7, 39)",1,-0.08
266,8,"(8, 39)",1,-0.08
266,9,"(9, 39)",1,-0.08
266,10,"(10, 39)",0,-0.08
266,11,"(10, 38)",1,-0.08
266,12,"(11, 38)",0,-0.08
266,13,"(11, 37)",1,-0.08
266,14,"(12, 37)",1,-0.08
266,15,"(13, 37)",1,-0.08
266,16,"(14, 37)",1,-0.08
266,17,"(15, 37)",1,-0.08
266,18,"(16, 37)",0,-0.08
266,19,"(16, 36)",1,-0.08
266,20,"(17, 36)",0,-0.08
266,21,"(17, 35)",0,-0.08
266,22,"(17, 34)",0,-0.08
266,23,"(17, 33)",1,-0.08
266,24,"(18, 33)",1,-0.08
266,25,"(19, 33)",0,-0.08
266,26,"(19, 32)",0,-0.08
266,27,"(19, 31)",0,-0.08
266,28,"(19, 30)",0,-0.08
266,29,"(19, 29)",1,-0.08
266,30,"(20, 29)",0,-0.08
266,31,"(20, 28)",0,-0.08
266,32,"(20, 27)",1,-0.08
266,33,"(21, 27)",0,-0.08
266,34,"(21, 26)",1,-0.08
266,35,"(22, 26)",0,-0.08
266,36,"(22, 25)",1,-0.08
266,37,"(23, 25)",1,-0.08
266,38,"(24, 25)",1,-0.08
266,39,"(25, 25)",0,-0.08
266,40,"(25, 24)",0,-0.08
266,41,"(25, 23)",0,-0.08
266,42,"(25, 22)",0,-0.08
266,43,"(25, 21)",0,-0.08
266,44,"(25, 20)",0,-0.08
266,45,"(25, 19)",1,-0.08
266,46,"(26, 19)",1,-0.08
266,47,"(27, 19)",0,-0.08
266,48,"(27, 18)",0,-0.08
266,49,"(27, 17)",0,-0.08
266,50,"(27, 16)",1,-0.08
266,51,"(28, 16)",1,-0.08
266,52,"(29, 16)",0,-0.08
266,53,"(29, 15)",1,-0.08
266,54,"(30, 15)",1,-0.08
266,55,"(31, 15)",0,-0.08
266,56,"(31, 14)",1,-0.08
266,57,"(32, 14)",0,-0.08
266,58,"(32, 13)",1,-0.08
266,59,"(33, 13)",1,-0.08
266,60,"(34, 13)",1,-0.08
266,61,"(35, 13)",1,-0.08
266,62,"(36, 13)",1,-0.08
266,63,"(37, 13)",1,-0.08
266,64,"(38, 13)",1,-0.08
266,65,"(39, 13)",1,-0.08
266,66,"(40, 13)",1,-0.08
266,67,"(41, 13)",1,-0.08
266,68,"(42, 13)",1,-0.08
266,69,"(43, 13)",1,-0.08
266,70,"(44, 13)",1,-0.08
266,71,"(45, 13)",0,-0.08
266,72,"(45, 12)",0,-0.08
266,73,"(45, 11)",0,-0.08
266,74,"(45, 10)",1,-0.08
266,75,"(46, 10)",0,-0.08
266,76,"(46, 9)",0,-0.08
266,77,"(46, 8)",0,-0.08
266,78,"(46, 7)",1,-0.08
266,79,"(47, 7)",0,-0.08
266,80,"(47, 6)",1,-0.08
266,81,"(48, 6)",1,-0.08
266,82,"(49, 6)",0,-0.08
266,83,"(49, 5)",1,-0.08
266,84,"(50, 5)",1,-0.08
266,85,"(51, 5)",1,-0.08
266,86,"(52, 5)",1,-0.08
266,87,"(53, 5)",0,-0.08
266,88,"(53, 4)",0,-0.08
266,89,"(53, 3)",0,-0.08
266,90,"(53, 2)",0,-0.08
266,91,"(53, 1)",1,-0.08
266,92,"(54, 1)",1,-0.08
266,93,"(55, 1)",1,-0.08
266,94,"(56, 1)",1,-0.08
266,95,"(57, 1)",1,-0.08
266,96,"(58, 1)",1,-0.08
266,97,"(59, 1)",1,-0.08
266,98,"(60, 1)",1,-0.08
266,99,"(61, 1)",1,-0.08
266,100,"(62, 1)",1,-0.08
266,101,"(63, 1)",1,-0.08
266,102,"(64, 1)",1,-0.08
266,103,"(65, 1)",1,-0.08
266,104,"(66, 1)",1,-0.08
266,105,"(67, 1)",1,-0.08
266,106,"(68, 1)",1,-0.08
266,107,"(69, 1)",1,-0.08
266,108,"(70, 1)",1,-0.08
266,109,"(71, 1)",2,-0.08
266,110,"(71, 2)",2,-0.08
266,111,"(71, 3)",1,-0.08
266,112,"(72, 3)",1,-0.08
266,113,"(73, 3)",1,-0.08
266,114,"(74, 3)",1,-0.08
266,115,"(75, 3)",1,-0.08
266,116,"(76, 3)",1,-0.08
266,117,"(77, 3)",0,-0.08
266,118,"(77, 2)",0,-0.08
266,119,"(77, 1)",1,-0.08
266,120,"(78, 1)",0,-0.08
266,121,"(78, 0)",1,8.33
267,0,"(0, 39)",1,-0.08
267,1,"(1, 39)",1,-0.08
267,2,"(2, 39)",1,-0.08
267,3,"(3, 39)",1,-0.08
267,4,"(4, 39)",1,-0.08
267,5,"(5, 39)",1,-0.08
267,6,"(6, 39)",1,-0.08
267,7,"(7, 39)",1,-0.08
267,8,"(8, 39)",1,-0.08
267,9,"(9, 39)",1,-0.08
267,10,"(10, 39)",1,-0.08
267,11,"(11, 39)",1,-0.08
267,12,"(12, 39)",1,-0.08
267,13,"(13, 39)",1,-0.08
267,14,"(14, 39)",0,-0.08
267,15,"(14, 38)",0,-0.08
267,16,"(14, 37)",1,-0.08
267,17,"(15, 37)",1,-0.08
267,18,"(16, 37)",1,-0.08
267,19,"(17, 37)",0,-0.08
267,20,"(17, 36)",0,-0.08
267,21,"(17, 35)",1,-0.08
267,22,"(18, 35)",0,-0.08
267,23,"(18, 34)",0,-0.08
267,24,"(18, 33)",1,-0.08
267,25,"(19, 33)",0,-0.08
267,26,"(19, 32)",0,-0.08
267,27,"(19, 31)",0,-0.08
267,28,"(19, 30)",0,-0.08
267,29,"(19, 29)",1,-0.08
267,30,"(20, 29)",0,-0.08
267,31,"(20, 28)",0,-0.08
267,32,"(20, 27)",1,-0.08
267,33,"(21, 27)",0,-0.08
267,34,"(21, 26)",0,-0.08
267,35,"(21, 25)",1,-0.08
267,36,"(22, 25)",0,-0.08
267,37,"(22, 24)",0,-0.08
267,38,"(22, 23)",1,-0.08
267,39,"(23, 23)",1,-0.08
267,40,"(24, 23)",1,-0.08
267,41,"(25, 23)",0,-0.08
267,42,"(25, 22)",0,-0.08
267,43,"(25, 21)",1,-0.08
267,44,"(26, 21)",1,-0.08
267,45,"(27, 21)",0,-0.08
267,46,"(27, 20)",0,-0.08
267,47,"(27, 19)",0,-0.08
267,48,"(27, 18)",0,-0.08
267,49,"(27, 17)",0,-0.08
267,50,"(27, 16)",1,-0.08
267,51,"(28, 16)",1,-0.08
267,52,"(29, 16)",0,-0.08
267,53,"(29, 15)",1,-0.08
267,54,"(30, 15)",1,-0.08
267,55,"(31, 15)",1,-0.08
267,56,"(32, 15)",0,-0.08
267,57,"(32, 14)",0,-0.08
267,58,"(32, 13)",1,-0.08
267,59,"(33, 13)",1,-0.08
267,60,"(34, 13)",1,-0.08
267,61,"(35, 13)",1,-0.08
267,62,"(36, 13)",1,-0.08
267,63,"(37, 13)",1,-0.08
267,64,"(38, 13)",1,-0.08
267,65,"(39, 13)",0,-0.08
267,66,"(39, 12)",0,-0.08
267,67,"(39, 11)",1,-0.08
267,68,"(40, 11)",1,-0.08
267,69,"(41, 11)",1,-0.08
267,70,"(42, 11)",1,-0.08
267,71,"(43, 11)",1,-0.08
267,72,"(44, 11)",1,-0.08
267,73,"(45, 11)",0,-0.08
267,74,"(45, 10)",1,-0.08
267,75,"(46, 10)",0,-0.08
267,76,"(46, 9)",0,-0.08
267,77,"(46, 8)",0,-0.08
267,78,"(46, 7)",1,-0.08
267,79,"(47, 7)",0,-0.08
267,80,"(47, 6)",1,-0.08
267,81,"(48, 6)",1,-0.08
267,82,"(49, 6)",0,-0.08
267,83,"(49, 5)",1,-0.08
267,84,"(50, 5)",1,-0.08
267,85,"(51, 5)",0,-0.08
267,86,"(51, 4)",0,-0.08
267,87,"(51, 3)",0,-0.08
267,88,"(51, 2)",1,-0.08
267,89,"(52, 2)",1,-0.08
267,90,"(53, 2)",0,-0.08
267,91,"(53, 1)",1,-0.08
267,92,"(54, 1)",1,-0.08
267,93,"(55, 1)",1,-0.08
267,94,"(56, 1)",1,-0.08
267,95,"(57, 1)",1,-0.08
267,96,"(58, 1)",1,-0.08
267,97,"(59, 1)",1,-0.08
267,98,"(60, 1)",1,-0.08
267,99,"(61, 1)",1,-0.08
267,100,"(62, 1)",1,-0.08
267,101,"(63, 1)",1,-0.08
267,102,"(64, 1)",1,-0.08
267,103,"(65, 1)",1,-0.08
267,104,"(66, 1)",1,-0.08
267,105,"(67, 1)",1,-0.08
267,106,"(68, 1)",1,-0.08
267,107,"(69, 1)",1,-0.08
267,108,"(70, 1)",1,-0.08
267,109,"(71, 1)",2,-0.08
267,110,"(71, 2)",2,-0.08
267,111,"(71, 3)",1,-0.08
267,112,"(72, 3)",1,-0.08
267,113,"(73, 3)",1,-0.08
267,114,"(74, 3)",1,-0.08
267,115,"(75, 3)",1,-0.08
267,116,"(76, 3)",1,-0.08
267,117,"(77, 3)",0,-0.08
267,118,"(77, 2)",0,-0.08
267,119,"(77, 1)",1,-0.08
267,120,"(78, 1)",1,-0.08
267,121,"(79, 1)",0,8.33
268,0,"(0, 39)",1,-0.08
268,1,"(1, 39)",1,-0.08
268,2,"(2, 39)",1,-0.08
268,3,"(3, 39)",1,-0.08
268,4,"(4, 39)",1,-0.08
268,5,"(5, 39)",1,-0.08
268,6,"(6, 39)",1,-0.08
268,7,"(7, 39)",1,-0.08
268,8,"(8, 39)",1,-0.08
268,9,"(9, 39)",1,-0.08
268,10,"(10, 39)",0,-0.08
268,11,"(10, 38)",1,-0.08
268,12,"(11, 38)",0,-0.08
268,13,"(11, 37)",1,-0.08
268,14,"(12, 37)",1,-0.08
268,15,"(13, 37)",1,-0.08
268,16,"(14, 37)",1,-0.08
268,17,"(15, 37)",1,-0.08
268,18,"(16, 37)",0,-0.08
268,19,"(16, 36)",1,-0.08
268,20,"(17, 36)",0,-0.08
268,21,"(17, 35)",1,-0.08
268,22,"(18, 35)",1,-0.08
268,23,"(19, 35)",0,-0.08
268,24,"(19, 34)",0,-0.08
268,25,"(19, 33)",0,-0.08
268,26,"(19, 32)",0,-0.08
268,27,"(19, 31)",0,-0.08
268,28,"(19, 30)",0,-0.08
268,29,"(19, 29)",1,-0.08
268,30,"(20, 29)",0,-0.08
268,31,"(20, 28)",0,-0.08
268,32,"(20, 27)",1,-0.08
268,33,"(21, 27)",0,-0.08
268,34,"(21, 26)",1,-0.08
268,35,"(22, 26)",1,-0.08
268,36,"(23, 26)",1,-0.08
268,37,"(24, 26)",0,-0.08
268,38,"(24, 25)",1,-0.08
268,39,"(25, 25)",1,-0.08
268,40,"(26, 25)",1,-0.08
268,41,"(27, 25)",1,-0.08
268,42,"(28, 25)",1,-0.08
268,43,"(29, 25)",1,-0.08
268,44,"(30, 25)",1,-0.08
268,45,"(31, 25)",0,-0.08
268,46,"(31, 24)",0,-0.08
268,47,"(31, 23)",1,-0.08
268,48,"(32, 23)",1,-0.08
268,49,"(33, 23)",0,-0.08
268,50,"(33, 22)",0,-0.08
268,51,"(33, 21)",1,-0.08
268,52,"(34, 21)",1,-0.08
268,53,"(35, 21)",0,-0.08
268,54,"(35, 20)",0,-0.08
268,55,"(35, 19)",0,-0.08
268,56,"(35, 18)",0,-0.08
268,57,"(35, 17)",1,-0.08
268,58,"(36, 17)",1,-0.08
268,59,"(37, 17)",1,-0.08
268,60,"(38, 17)",1,-0.08
268,61,"(39, 17)",0,-0.08
268,62,"(39, 16)",0,-0.08
268,63,"(39, 15)",1,-0.08
268,64,"(40, 15)",1,-0.08
268,65,"(41, 15)",0,-0.08
268,66,"(41, 14)",0,-0.08
268,67,"(41, 13)",1,-0.08
268,68,"(42, 13)",1,-0.08
268,69,"(43, 13)",1,-0.08
268,70,"(44, 13)",1,-0.08
268,71,"(45, 13)",0,-0.08
268,72,"(45, 12)",0,-0.08
268,73,"(45, 11)",0,-0.08
268,74,"(45, 10)",1,-0.08
268,75,"(46, 10)",0,-0.08
268,76,"(46, 9)",0,-0.08
268,77,"(46, 8)",0,-0.08
268,78,"(46, 7)",0,-0.08
268,79,"(46, 6)",1,-0.08
268,80,"(47, 6)",1,-0.08
268,81,"(48, 6)",1,-0.08
268,82,"(49, 6)",0,-0.08
268,83,"(49, 5)",1,-0.08
268,84,"(50, 5)",1,-0.08
268,85,"(51, 5)",1,-0.08
268,86,"(52, 5)",1,-0.08
268,87,"(53, 5)",0,-0.08
268,88,"(53, 4)",0,-0.08
268,89,"(53, 3)",1,-0.08
268,90,"(54, 3)",1,-0.08
268,91,"(55, 3)",1,-0.08
268,92,"(56, 3)",0,-0.08
268,93,"(56, 2)",1,-0.08
268,94,"(57, 2)",1,-0.08
268,95,"(58, 2)",0,-0.08
268,96,"(58, 1)",1,-0.08
268,97,"(59, 1)",1,-0.08
268,98,"(60, 1)",1,-0.08
268,99,"(61, 1)",1,-0.08
268,100,"(62, 1)",1,-0.08
268,101,"(63, 1)",1,-0.08
268,102,"(64, 1)",1,-0.08
268,103,"(65, 1)",1,-0.08
268,104,"(66, 1)",1,-0.08
268,105,"(67, 1)",1,-0.08
268,106,"(68, 1)",1,-0.08
268,107,"(69, 1)",1,-0.08
268,108,"(70, 1)",1,-0.08
268,109,"(71, 1)",2,-0.08
268,110,"(71, 2)",2,-0.08
268,111,"(71, 3)",1,-0.08
268,112,"(72, 3)",1,-0.08
268,113,"(73, 3)",1,-0.08
268,114,"(74, 3)",1,-0.08
268,115,"(75, 3)",1,-0.08
268,116,"(76, 3)",1,-0.08
268,117,"(77, 3)",0,-0.08
268,118,"(77, 2)",0,-0.08
268,119,"(77, 1)",0,-0.08
268,120,"(77, 0)",1,-0.08
268,121,"(78, 0)",1,8.33
269,0,"(0, 39)",1,-0.08
269,1,"(1, 39)",1,-0.08
269,2,"(2, 39)",1,-0.08
269,3,"(3, 39)",1,-0.08
269,4,"(4, 39)",1,-0.08
269,5,"(5, 39)",1,-0.08
269,6,"(6, 39)",1,-0.08
269,7,"(7, 39)",1,-0.08
269,8,"(8, 39)",1,-0.08
269,9,"(9, 39)",1,-0.08
269,10,"(10, 39)",1,-0.08
269,11,"(11, 39)",1,-0.08
269,12,"(12, 39)",1,-0.08
269,13,"(13, 39)",1,-0.08
269,14,"(14, 39)",0,-0.08
269,15,"(14, 38)",0,-0.08
269,16,"(14, 37)",1,-0.08
269,17,"(15, 37)",0,-0.08
269,18,"(15, 36)",1,-0.08
269,19,"(16, 36)",1,-0.08
269,20,"(17, 36)",0,-0.08
269,21,"(17, 35)",0,-0.08
269,22,"(17, 34)",1,-0.08
269,23,"(18, 34)",1,-0.08
269,24,"(19, 34)",0,-0.08
269,25,"(19, 33)",0,-0.08
269,26,"(19, 32)",0,-0.08
269,27,"(19, 31)",0,-0.08
269,28,"(19, 30)",0,-0.08
269,29,"(19, 29)",1,-0.08
269,30,"(20, 29)",0,-0.08
269,31,"(20, 28)",0,-0.08
269,32,"(20, 27)",1,-0.08
269,33,"(21, 27)",0,-0.08
269,34,"(21, 26)",1,-0.08
269,35,"(22, 26)",0,-0.08
269,36,"(22, 25)",1,-0.08
269,37,"(23, 25)",1,-0.08
269,38,"(24, 25)",1,-0.08
269,39,"(25, 25)",0,-0.08
269,40,"(25, 24)",0,-0.08
269,41,"(25, 23)",0,-0.08
269,42,"(25, 22)",0,-0.08
269,43,"(25, 21)",0,-0.08
269,44,"(25, 20)",0,-0.08
269,45,"(25, 19)",0,-0.08
269,46,"(25, 18)",1,-0.08
269,47,"(26, 18)",1,-0.08
269,48,"(27, 18)",0,-0.08
269,49,"(27, 17)",1,-0.08
269,50,"(28, 17)",1,-0.08
269,51,"(29, 17)",1,-0.08
269,52,"(30, 17)",1,-0.08
269,53,"(31, 17)",1,-0.08
269,54,"(32, 17)",1,-0.08
269,55,"(33, 17)",1,-0.08
269,56,"(34, 17)",1,-0.08
269,57,"(35, 17)",1,-0.08
269,58,"(36, 17)",1,-0.08
269,59,"(37, 17)",0,-0.08
269,60,"(37, 16)",0,-0.08
269,61,"(37, 15)",1,-0.08
269,62,"(38, 15)",0,-0.08
269,63,"(38, 14)",0,-0.08
269,64,"(38, 13)",1,-0.08
269,65,"(39, 13)",1,-0.08
269,66,"(40, 13)",1,-0.08
269,67,"(41, 13)",0,-0.08
269,68,"(41, 12)",0,-0.08
269,69,"(41, 11)",1,-0.08
269,70,"(42, 11)",1,-0.08
269,71,"(43, 11)",1,-0.08
269,72,"(44, 11)",1,-0.08
269,73,"(45, 11)",0,-0.08
269,74,"(45, 10)",0,-0.08
269,75,"(45, 9)",1,-0.08
269,76,"(46, 9)",0,-0.08
269,77,"(46, 8)",0,-0.08
269,78,"(46, 7)",0,-0.08
269,79,"(46, 6)",1,-0.08
269,80,"(47, 6)",1,-0.08
269,81,"(48, 6)",1,-0.08
269,82,"(49, 6)",0,-0.08
269,83,"(49, 5)",1,-0.08
269,84,"(50, 5)",1,-0.08
269,85,"(51, 5)",1,-0.08
269,86,"(52, 5)",1,-0.08
269,87,"(53, 5)",0,-0.08
269,88,"(53, 4)",0,-0.08
269,89,"(53, 3)",0,-0.08
269,90,"(53, 2)",0,-0.08
269,91,"(53, 1)",1,-0.08
269,92,"(54, 1)",1,-0.08
269,93,"(55, 1)",1,-0.08
269,94,"(56, 1)",1,-0.08
269,95,"(57, 1)",1,-0.08
269,96,"(58, 1)",1,-0.08
269,97,"(59, 1)",1,-0.08
269,98,"(60, 1)",1,-0.08
269,99,"(61, 1)",1,-0.08
269,100,"(62, 1)",1,-0.08
269,101,"(63, 1)",1,-0.08
269,102,"(64, 1)",1,-0.08
269,103,"(65, 1)",1,-0.08
269,104,"(66, 1)",1,-0.08
269,105,"(67, 1)",1,-0.08
269,106,"(68, 1)",1,-0.08
269,107,"(69, 1)",1,-0.08
269,108,"(70, 1)",1,-0.08
269,109,"(71, 1)",2,-0.08
269,110,"(71, 2)",2,-0.08
269,111,"(71, 3)",1,-0.08
269,112,"(72, 3)",1,-0.08
269,113,"(73, 3)",1,-0.08
269,114,"(74, 3)",1,-0.08
269,115,"(75, 3)",1,-0.08
269,116,"(76, 3)",1,-0.08
269,117,"(77, 3)",0,-0.08
269,118,"(77, 2)",0,-0.08
269,119,"(77, 1)",0,-0.08
269,120,"(77, 0)",1,-0.08
269,121,"(78, 0)",1,8.33
270,0,"(0, 39)",1,-0.08
270,1,"(1, 39)",1,-0.08
270,2,"(2, 39)",1,-0.08
270,3,"(3, 39)",1,-0.08
270,4,"(4, 39)",1,-0.08
270,5,"(5, 39)",1,-0.08
270,6,"(6, 39)",1,-0.08
270,7,"(7, 39)",1,-0.08
270,8,"(8, 39)",1,-0.08
270,9,"(9, 39)",1,-0.08
270,10,"(10, 39)",1,-0.08
270,11,"(11, 39)",1,-0.08
270,12,"(12, 39)",1,-0.08
270,13,"(13, 39)",1,-0.08
270,14,"(14, 39)",0,-0.08
270,15,"(14, 38)",0,-0.08
270,16,"(14, 37)",1,-0.08
270,17,"(15, 37)",0,-0.08
270,18,"(15, 36)",0,-0.08
270,19,"(15, 35)",0,-0.08
270,20,"(15, 34)",0,-0.08
270,21,"(15, 33)",1,-0.08
270,22,"(16, 33)",1,-0.08
270,23,"(17, 33)",1,-0.08
270,24,"(18, 33)",1,-0.08
270,25,"(19, 33)",0,-0.08
270,26,"(19, 32)",0,-0.08
270,27,"(19, 31)",0,-0.08
270,28,"(19, 30)",0,-0.08
270,29,"(19, 29)",1,-0.08
270,30,"(20, 29)",0,-0.08
270,31,"(20, 28)",0,-0.08
270,32,"(20, 27)",1,-0.08
270,33,"(21, 27)",0,-0.08
270,34,"(21, 26)",1,-0.08
270,35,"(22, 26)",0,-0.08
270,36,"(22, 25)",1,-0.08
270,37,"(23, 25)",1,-0.08
270,38,"(24, 25)",1,-0.08
270,39,"(25, 25)",0,-0.08
270,40,"(25, 24)",0,-0.08
270,41,"(25, 23)",0,-0.08
270,42,"(25, 22)",0,-0.08
270,43,"(25, 21)",1,-0.08
270,44,"(26, 21)",1,-0.08
270,45,"(27, 21)",0,-0.08
270,46,"(27, 20)",0,-0.08
270,47,"(27, 19)",1,-0.08
270,48,"(28, 19)",1,-0.08
270,49,"(29, 19)",1,-0.08
270,50,"(30, 19)",1,-0.08
270,51,"(31, 19)",0,-0.08
270,52,"(31, 18)",1,-0.08
270,53,"(32, 18)",0,-0.08
270,54,"(32, 17)",1,-0.08
270,55,"(33, 17)",1,-0.08
270,56,"(34, 17)",1,-0.08
270,57,"(35, 17)",0,-0.08
270,58,"(35, 16)",0,-0.08
270,59,"(35, 15)",0,-0.08
270,60,"(35, 14)",0,-0.08
270,61,"(35, 13)",1,-0.08
270,62,"(36, 13)",1,-0.08
270,63,"(37, 13)",1,-0.08
270,64,"(38, 13)",1,-0.08
270,65,"(39, 13)",0,-0.08
270,66,"(39, 12)",0,-0.08
270,67,"(39, 11)",1,-0.08
270,68,"(40, 11)",1,-0.08
270,69,"(41, 11)",1,-0.08
270,70,"(42, 11)",1,-0.08
270,71,"(43, 11)",1,-0.08
270,72,"(44, 11)",1,-0.08
270,73,"(45, 11)",0,-0.08
270,74,"(45, 10)",1,-0.08
270,75,"(46, 10)",0,-0.08
270,76,"(46, 9)",0,-0.08
270,77,"(46, 8)",0,-0.08
270,78,"(46, 7)",1,-0.08
270,79,"(47, 7)",0,-0.08
270,80,"(47, 6)",1,-0.08
270,81,"(48, 6)",1,-0.08
270,82,"(49, 6)",0,-0.08
270,83,"(49, 5)",1,-0.08
270,84,"(50, 5)",1,-0.08
270,85,"(51, 5)",1,-0.08
270,86,"(52, 5)",1,-0.08
270,87,"(53, 5)",0,-0.08
270,88,"(53, 4)",0,-0.08
270,89,"(53, 3)",0,-0.08
270,90,"(53, 2)",0,-0.08
270,91,"(53, 1)",1,-0.08
270,92,"(54, 1)",1,-0.08
270,93,"(55, 1)",1,-0.08
270,94,"(56, 1)",1,-0.08
270,95,"(57, 1)",1,-0.08
270,96,"(58, 1)",1,-0.08
270,97,"(59, 1)",1,-0.08
270,98,"(60, 1)",1,-0.08
270,99,"(61, 1)",1,-0.08
270,100,"(62, 1)",1,-0.08
270,101,"(63, 1)",1,-0.08
270,102,"(64, 1)",1,-0.08
270,103,"(65, 1)",1,-0.08
270,104,"(66, 1)",1,-0.08
270,105,"(67, 1)",1,-0.08
270,106,"(68, 1)",1,-0.08
270,107,"(69, 1)",1,-0.08
270,108,"(70, 1)",1,-0.08
270,109,"(71, 1)",2,-0.08
270,110,"(71, 2)",2,-0.08
270,111,"(71, 3)",1,-0.08
270,112,"(72, 3)",1,-0.08
270,113,"(73, 3)",1,-0.08
270,114,"(74, 3)",1,-0.08
270,115,"(75, 3)",1,-0.08
270,116,"(76, 3)",1,-0.08
270,117,"(77, 3)",0,-0.08
270,118,"(77, 2)",0,-0.08
270,119,"(77, 1)",0,-0.08
270,120,"(77, 0)",1,-0.08
270,121,"(78, 0)",1,8.33
271,0,"(0, 39)",1,-0.08
271,1,"(1, 39)",1,-0.08
271,2,"(2, 39)",1,-0.08
271,3,"(3, 39)",1,-0.08
271,4,"(4, 39)",1,-0.08
271,5,"(5, 39)",1,-0.08
271,6,"(6, 39)",1,-0.08
271,7,"(7, 39)",1,-0.08
271,8,"(8, 39)",1,-0.08
271,9,"(9, 39)",1,-0.08
271,10,"(10, 39)",1,-0.08
271,11,"(11, 39)",0,-0.08
271,12,"(11, 38)",0,-0.08
271,13,"(11, 37)",1,-0.08
271,14,"(12, 37)",1,-0.08
271,15,"(13, 37)",1,-0.08
271,16,"(14, 37)",1,-0.08
271,17,"(15, 37)",1,-0.08
271,18,"(16, 37)",1,-0.08
271,19,"(17, 37)",0,-0.08
271,20,"(17, 36)",0,-0.08
271,21,"(17, 35)",0,-0.08
271,22,"(17, 34)",0,-0.08
271,23,"(17, 33)",1,-0.08
271,24,"(18, 33)",1,-0.08
271,25,"(19, 33)",0,-0.08
271,26,"(19, 32)",0,-0.08
271,27,"(19, 31)",0,-0.08
271,28,"(19, 30)",0,-0.08
271,29,"(19, 29)",1,-0.08
271,30,"(20, 29)",0,-0.08
271,31,"(20, 28)",0,-0.08
271,32,"(20, 27)",1,-0.08
271,33,"(21, 27)",0,-0.08
271,34,"(21, 26)",0,-0.08
271,35,"(21, 25)",1,-0.08
271,36,"(22, 25)",1,-0.08
271,37,"(23, 25)",1,-0.08
271,38,"(24, 25)",1,-0.08
271,39,"(25, 25)",1,-0.08
271,40,"(26, 25)",1,-0.08
271,41,"(27, 25)",1,-0.08
271,42,"(28, 25)",1,-0.08
271,43,"(29, 25)",1,-0.08
271,44,"(30, 25)",1,-0.08
271,45,"(31, 25)",0,-0.08
271,46,"(31, 24)",0,-0.08
271,47,"(31, 23)",1,-0.08
271,48,"(32, 23)",1,-0.08
271,49,"(33, 23)",0,-0.08
271,50,"(33, 22)",0,-0.08
271,51,"(33, 21)",1,-0.08
271,52,"(34, 21)",1,-0.08
271,53,"(35, 21)",0,-0.08
271,54,"(35, 20)",0,-0.08
271,55,"(35, 19)",0,-0.08
271,56,"(35, 18)",0,-0.08
271,57,"(35, 17)",0,-0.08
271,58,"(35, 16)",0,-0.08
271,59,"(35, 15)",0,-0.08
271,60,"(35, 14)",0,-0.08
271,61,"(35, 13)",1,-0.08
271,62,"(36, 13)",1,-0.08
271,63,"(37, 13)",1,-0.08
271,64,"(38, 13)",1,-0.08
271,65,"(39, 13)",1,-0.08
271,66,"(40, 13)",1,-0.08
271,67,"(41, 13)",0,-0.08
271,68,"(41, 12)",0,-0.08
271,69,"(41, 11)",1,-0.08
271,70,"(42, 11)",1,-0.08
271,71,"(43, 11)",1,-0.08
271,72,"(44, 11)",1,-0.08
271,73,"(45, 11)",0,-0.08
271,74,"(45, 10)",1,-0.08
271,75,"(46, 10)",0,-0.08
271,76,"(46, 9)",0,-0.08
271,77,"(46, 8)",0,-0.08
271,78,"(46, 7)",1,-0.08
271,79,"(47, 7)",0,-0.08
271,80,"(47, 6)",1,-0.08
271,81,"(48, 6)",1,-0.08
271,82,"(49, 6)",0,-0.08
271,83,"(49, 5)",1,-0.08
271,84,"(50, 5)",1,-0.08
271,85,"(51, 5)",1,-0.08
271,86,"(52, 5)",1,-0.08
271,87,"(53, 5)",0,-0.08
271,88,"(53, 4)",0,-0.08
271,89,"(53, 3)",0,-0.08
271,90,"(53, 2)",0,-0.08
271,91,"(53, 1)",1,-0.08
271,92,"(54, 1)",1,-0.08
271,93,"(55, 1)",1,-0.08
271,94,"(56, 1)",1,-0.08
271,95,"(57, 1)",1,-0.08
271,96,"(58, 1)",1,-0.08
271,97,"(59, 1)",1,-0.08
271,98,"(60, 1)",1,-0.08
271,99,"(61, 1)",1,-0.08
271,100,"(62, 1)",1,-0.08
271,101,"(63, 1)",1,-0.08
271,102,"(64, 1)",1,-0.08
271,103,"(65, 1)",1,-0.08
271,104,"(66, 1)",1,-0.08
271,105,"(67, 1)",1,-0.08
271,106,"(68, 1)",1,-0.08
271,107,"(69, 1)",1,-0.08
271,108,"(70, 1)",1,-0.08
271,109,"(71, 1)",2,-0.08
271,110,"(71, 2)",2,-0.08
271,111,"(71, 3)",1,-0.08
271,112,"(72, 3)",1,-0.08
271,113,"(73, 3)",0,-0.08
271,114,"(73, 2)",0,-0.08
271,115,"(73, 1)",1,-0.08
271,116,"(74, 1)",0,-0.08
271,117,"(74, 0)",1,-0.08
271,118,"(75, 0)",1,-0.08
271,119,"(76, 0)",1,-0.08
271,120,"(77, 0)",1,-0.08
271,121,"(78, 0)",1,8.33
272,0,"(0, 39)",1,-0.08
272,1,"(1, 39)",1,-0.08
272,2,"(2, 39)",1,-0.08
272,3,"(3, 39)",1,-0.08
272,4,"(4, 39)",1,-0.08
272,5,"(5, 39)",1,-0.08
272,6,"(6, 39)",1,-0.08
272,7,"(7, 39)",1,-0.08
272,8,"(8, 39)",1,-0.08
272,9,"(9, 39)",1,-0.08
272,10,"(10, 39)",1,-0.08
272,11,"(11, 39)",0,-0.08
272,12,"(11, 38)",0,-0.08
272,13,"(11, 37)",1,-0.08
272,14,"(12, 37)",1,-0.08
272,15,"(13, 37)",1,-0.08
272,16,"(14, 37)",1,-0.08
272,17,"(15, 37)",0,-0.08
272,18,"(15, 36)",1,-0.08
272,19,"(16, 36)",1,-0.08
272,20,"(17, 36)",0,-0.08
272,21,"(17, 35)",0,-0.08
272,22,"(17, 34)",1,-0.08
272,23,"(18, 34)",0,-0.08
272,24,"(18, 33)",1,-0.08
272,25,"(19, 33)",0,-0.08
272,26,"(19, 32)",0,-0.08
272,27,"(19, 31)",0,-0.08
272,28,"(19, 30)",0,-0.08
272,29,"(19, 29)",1,-0.08
272,30,"(20, 29)",0,-0.08
272,31,"(20, 28)",0,-0.08
272,32,"(20, 27)",1,-0.08
272,33,"(21, 27)",0,-0.08
272,34,"(21, 26)",1,-0.08
272,35,"(22, 26)",1,-0.08
272,36,"(23, 26)",0,-0.08
272,37,"(23, 25)",1,-0.08
272,38,"(24, 25)",1,-0.08
272,39,"(25, 25)",0,-0.08
272,40,"(25, 24)",0,-0.08
272,41,"(25, 23)",0,-0.08
272,42,"(25, 22)",0,-0.08
272,43,"(25, 21)",0,-0.08
272,44,"(25, 20)",0,-0.08
272,45,"(25, 19)",1,-0.08
272,46,"(26, 19)",0,-0.08
272,47,"(26, 18)",1,-0.08
272,48,"(27, 18)",0,-0.08
272,49,"(27, 17)",0,-0.08
272,50,"(27, 16)",1,-0.08
272,51,"(28, 16)",1,-0.08
272,52,"(29, 16)",0,-0.08
272,53,"(29, 15)",1,-0.08
272,54,"(30, 15)",1,-0.08
272,55,"(31, 15)",0,-0.08
272,56,"(31, 14)",1,-0.08
272,57,"(32, 14)",0,-0.08
272,58,"(32, 13)",1,-0.08
272,59,"(33, 13)",1,-0.08
272,60,"(34, 13)",1,-0.08
272,61,"(35, 13)",1,-0.08
272,62,"(36, 13)",1,-0.08
272,63,"(37, 13)",1,-0.08
272,64,"(38, 13)",1,-0.08
272,65,"(39, 13)",0,-0.08
272,66,"(39, 12)",0,-0.08
272,67,"(39, 11)",1,-0.08
272,68,"(40, 11)",1,-0.08
272,69,"(41, 11)",1,-0.08
272,70,"(42, 11)",1,-0.08
272,71,"(43, 11)",1,-0.08
272,72,"(44, 11)",1,-0.08
272,73,"(45, 11)",0,-0.08
272,74,"(45, 10)",0,-0.08
272,75,"(45, 9)",1,-0.08
272,76,"(46, 9)",0,-0.08
272,77,"(46, 8)",0,-0.08
272,78,"(46, 7)",1,-0.08
272,79,"(47, 7)",0,-0.08
272,80,"(47, 6)",1,-0.08
272,81,"(48, 6)",1,-0.08
272,82,"(49, 6)",0,-0.08
272,83,"(49, 5)",1,-0.08
272,84,"(50, 5)",1,-0.08
272,85,"(51, 5)",1,-0.08
272,86,"(52, 5)",1,-0.08
272,87,"(53, 5)",0,-0.08
272,88,"(53, 4)",0,-0.08
272,89,"(53, 3)",0,-0.08
272,90,"(53, 2)",0,-0.08
272,91,"(53, 1)",1,-0.08
272,92,"(54, 1)",1,-0.08
272,93,"(55, 1)",1,-0.08
272,94,"(56, 1)",1,-0.08
272,95,"(57, 1)",1,-0.08
272,96,"(58, 1)",1,-0.08
272,97,"(59, 1)",1,-0.08
272,98,"(60, 1)",1,-0.08
272,99,"(61, 1)",1,-0.08
272,100,"(62, 1)",1,-0.08
272,101,"(63, 1)",1,-0.08
272,102,"(64, 1)",1,-0.08
272,103,"(65, 1)",1,-0.08
272,104,"(66, 1)",1,-0.08
272,105,"(67, 1)",1,-0.08
272,106,"(68, 1)",1,-0.08
272,107,"(69, 1)",1,-0.08
272,108,"(70, 1)",1,-0.08
272,109,"(71, 1)",2,-0.08
272,110,"(71, 2)",2,-0.08
272,111,"(71, 3)",1,-0.08
272,112,"(72, 3)",1,-0.08
272,113,"(73, 3)",0,-0.08
272,114,"(73, 2)",0,-0.08
272,115,"(73, 1)",0,-0.08
272,116,"(73, 0)",1,-0.08
272,117,"(74, 0)",1,-0.08
272,118,"(75, 0)",1,-0.08
272,119,"(76, 0)",1,-0.08
272,120,"(77, 0)",1,-0.08
272,121,"(78, 0)",1,8.33
273,0,"(0, 39)",1,-0.08
273,1,"(1, 39)",1,-0.08
273,2,"(2, 39)",1,-0.08
273,3,"(3, 39)",1,-0.08
273,4,"(4, 39)",1,-0.08
273,5,"(5, 39)",1,-0.08
273,6,"(6, 39)",1,-0.08
273,7,"(7, 39)",1,-0.08
273,8,"(8, 39)",1,-0.08
273,9,"(9, 39)",1,-0.08
273,10,"(10, 39)",1,-0.08
273,11,"(11, 39)",1,-0.08
273,12,"(12, 39)",1,-0.08
273,13,"(13, 39)",1,-0.08
273,14,"(14, 39)",0,-0.08
273,15,"(14, 38)",0,-0.08
273,16,"(14, 37)",1,-0.08
273,17,"(15, 37)",0,-0.08
273,18,"(15, 36)",0,-0.08
273,19,"(15, 35)",0,-0.08
273,20,"(15, 34)",0,-0.08
273,21,"(15, 33)",1,-0.08
273,22,"(16, 33)",1,-0.08
273,23,"(17, 33)",1,-0.08
273,24,"(18, 33)",1,-0.08
273,25,"(19, 33)",0,-0.08
273,26,"(19, 32)",0,-0.08
273,27,"(19, 31)",0,-0.08
273,28,"(19, 30)",0,-0.08
273,29,"(19, 29)",1,-0.08
273,30,"(20, 29)",0,-0.08
273,31,"(20, 28)",0,-0.08
273,32,"(20, 27)",1,-0.08
273,33,"(21, 27)",0,-0.08
273,34,"(21, 26)",0,-0.08
273,35,"(21, 25)",1,-0.08
273,36,"(22, 25)",0,-0.08
273,37,"(22, 24)",0,-0.08
273,38,"(22, 23)",1,-0.08
273,39,"(23, 23)",1,-0.08
273,40,"(24, 23)",1,-0.08
273,41,"(25, 23)",0,-0.08
273,42,"(25, 22)",0,-0.08
273,43,"(25, 21)",1,-0.08
273,44,"(26, 21)",1,-0.08
273,45,"(27, 21)",0,-0.08
273,46,"(27, 20)",0,-0.08
273,47,"(27, 19)",0,-0.08
273,48,"(27, 18)",0,-0.08
273,49,"(27, 17)",0,-0.08
273,50,"(27, 16)",1,-0.08
273,51,"(28, 16)",1,-0.08
273,52,"(29, 16)",0,-0.08
273,53,"(29, 15)",1,-0.08
273,54,"(30, 15)",1,-0.08
273,55,"(31, 15)",1,-0.08
273,56,"(32, 15)",0,-0.08
273,57,"(32, 14)",0,-0.08
273,58,"(32, 13)",1,-0.08
273,59,"(33, 13)",1,-0.08
273,60,"(34, 13)",1,-0.08
273,61,"(35, 13)",1,-0.08
273,62,"(36, 13)",1,-0.08
273,63,"(37, 13)",1,-0.08
273,64,"(38, 13)",1,-0.08
273,65,"(39, 13)",0,-0.08
273,66,"(39, 12)",0,-0.08
273,67,"(39, 11)",1,-0.08
273,68,"(40, 11)",1,-0.08
273,69,"(41, 11)",1,-0.08
273,70,"(42, 11)",1,-0.08
273,71,"(43, 11)",1,-0.08
273,72,"(44, 11)",1,-0.08
273,73,"(45, 11)",0,-0.08
273,74,"(45, 10)",1,-0.08
273,75,"(46, 10)",0,-0.08
273,76,"(46, 9)",0,-0.08
273,77,"(46, 8)",0,-0.08
273,78,"(46, 7)",1,-0.08
273,79,"(47, 7)",0,-0.08
273,80,"(47, 6)",1,-0.08
273,81,"(48, 6)",1,-0.08
273,82,"(49, 6)",0,-0.08
273,83,"(49, 5)",1,-0.08
273,84,"(50, 5)",1,-0.08
273,85,"(51, 5)",1,-0.08
273,86,"(52, 5)",1,-0.08
273,87,"(53, 5)",0,-0.08
273,88,"(53, 4)",0,-0.08
273,89,"(53, 3)",1,-0.08
273,90,"(54, 3)",1,-0.08
273,91,"(55, 3)",1,-0.08
273,92,"(56, 3)",1,-0.08
273,93,"(57, 3)",0,-0.08
273,94,"(57, 2)",1,-0.08
273,95,"(58, 2)",1,-0.08
273,96,"(59, 2)",0,-0.08
273,97,"(59, 1)",1,-0.08
273,98,"(60, 1)",1,-0.08
273,99,"(61, 1)",1,-0.08
273,100,"(62, 1)",1,-0.08
273,101,"(63, 1)",1,-0.08
273,102,"(64, 1)",1,-0.08
273,103,"(65, 1)",1,-0.08
273,104,"(66, 1)",1,-0.08
273,105,"(67, 1)",1,-0.08
273,106,"(68, 1)",1,-0.08
273,107,"(69, 1)",1,-0.08
273,108,"(70, 1)",1,-0.08
273,109,"(71, 1)",2,-0.08
273,110,"(71, 2)",2,-0.08
273,111,"(71, 3)",1,-0.08
273,112,"(72, 3)",1,-0.08
273,113,"(73, 3)",0,-0.08
273,114,"(73, 2)",0,-0.08
273,115,"(73, 1)",0,-0.08
273,116,"(73, 0)",1,-0.08
273,117,"(74, 0)",1,-0.08
273,118,"(75, 0)",1,-0.08
273,119,"(76, 0)",1,-0.08
273,120,"(77, 0)",1,-0.08
273,121,"(78, 0)",1,8.33
274,0,"(0, 39)",1,-0.08
274,1,"(1, 39)",1,-0.08
274,2,"(2, 39)",1,-0.08
274,3,"(3, 39)",1,-0.08
274,4,"(4, 39)",1,-0.08
274,5,"(5, 39)",1,-0.08
274,6,"(6, 39)",1,-0.08
274,7,"(7, 39)",1,-0.08
274,8,"(8, 39)",1,-0.08
274,9,"(9, 39)",1,-0.08
274,10,"(10, 39)",1,-0.08
274,11,"(11, 39)",0,-0.08
274,12,"(11, 38)",0,-0.08
274,13,"(11, 37)",1,-0.08
274,14,"(12, 37)",1,-0.08
274,15,"(13, 37)",1,-0.08
274,16,"(14, 37)",1,-0.08
274,17,"(15, 37)",0,-0.08
274,18,"(15, 36)",0,-0.08
274,19,"(15, 35)",0,-0.08
274,20,"(15, 34)",0,-0.08
274,21,"(15, 33)",1,-0.08
274,22,"(16, 33)",1,-0.08
274,23,"(17, 33)",1,-0.08
274,24,"(18, 33)",1,-0.08
274,25,"(19, 33)",0,-0.08
274,26,"(19, 32)",0,-0.08
274,27,"(19, 31)",0,-0.08
274,28,"(19, 30)",0,-0.08
274,29,"(19, 29)",1,-0.08
274,30,"(20, 29)",0,-0.08
274,31,"(20, 28)",0,-0.08
274,32,"(20, 27)",1,-0.08
274,33,"(21, 27)",0,-0.08
274,34,"(21, 26)",1,-0.08
274,35,"(22, 26)",1,-0.08
274,36,"(23, 26)",0,-0.08
274,37,"(23, 25)",1,-0.08
274,38,"(24, 25)",1,-0.08
274,39,"(25, 25)",0,-0.08
274,40,"(25, 24)",0,-0.08
274,41,"(25, 23)",0,-0.08
274,42,"(25, 22)",0,-0.08
274,43,"(25, 21)",1,-0.08
274,44,"(26, 21)",1,-0.08
274,45,"(27, 21)",0,-0.08
274,46,"(27, 20)",1,-0.08
274,47,"(28, 20)",0,-0.08
274,48,"(28, 19)",1,-0.08
274,49,"(29, 19)",1,-0.08
274,50,"(30, 19)",1,-0.08
274,51,"(31, 19)",0,-0.08
274,52,"(31, 18)",0,-0.08
274,53,"(31, 17)",1,-0.08
274,54,"(32, 17)",0,-0.08
274,55,"(32, 16)",0,-0.08
274,56,"(32, 15)",0,-0.08
274,57,"(32, 14)",0,-0.08
274,58,"(32, 13)",1,-0.08
274,59,"(33, 13)",1,-0.08
274,60,"(34, 13)",1,-0.08
274,61,"(35, 13)",1,-0.08
274,62,"(36, 13)",1,-0.08
274,63,"(37, 13)",1,-0.08
274,64,"(38, 13)",1,-0.08
274,65,"(39, 13)",0,-0.08
274,66,"(39, 12)",0,-0.08
274,67,"(39, 11)",1,-0.08
274,68,"(40, 11)",1,-0.08
274,69,"(41, 11)",1,-0.08
274,70,"(42, 11)",1,-0.08
274,71,"(43, 11)",1,-0.08
274,72,"(44, 11)",1,-0.08
274,73,"(45, 11)",0,-0.08
274,74,"(45, 10)",0,-0.08
274,75,"(45, 9)",1,-0.08
274,76,"(46, 9)",0,-0.08
274,77,"(46, 8)",0,-0.08
274,78,"(46, 7)",1,-0.08
274,79,"(47, 7)",0,-0.08
274,80,"(47, 6)",1,-0.08
274,81,"(48, 6)",1,-0.08
274,82,"(49, 6)",0,-0.08
274,83,"(49, 5)",1,-0.08
274,84,"(50, 5)",1,-0.08
274,85,"(51, 5)",1,-0.08
274,86,"(52, 5)",1,-0.08
274,87,"(53, 5)",0,-0.08
274,88,"(53, 4)",0,-0.08
274,89,"(53, 3)",1,-0.08
274,90,"(54, 3)",1,-0.08
274,91,"(55, 3)",1,-0.08
274,92,"(56, 3)",0,-0.08
274,93,"(56, 2)",0,-0.08
274,94,"(56, 1)",1,-0.08
274,95,"(57, 1)",1,-0.08
274,96,"(58, 1)",1,-0.08
274,97,"(59, 1)",1,-0.08
274,98,"(60, 1)",1,-0.08
274,99,"(61, 1)",1,-0.08
274,100,"(62, 1)",1,-0.08
274,101,"(63, 1)",1,-0.08
274,102,"(64, 1)",1,-0.08
274,103,"(65, 1)",1,-0.08
274,104,"(66, 1)",1,-0.08
274,105,"(67, 1)",1,-0.08
274,106,"(68, 1)",1,-0.08
274,107,"(69, 1)",1,-0.08
274,108,"(70, 1)",1,-0.08
274,109,"(71, 1)",2,-0.08
274,110,"(71, 2)",2,-0.08
274,111,"(71, 3)",1,-0.08
274,112,"(72, 3)",1,-0.08
274,113,"(73, 3)",1,-0.08
274,114,"(74, 3)",1,-0.08
274,115,"(75, 3)",1,-0.08
274,116,"(76, 3)",1,-0.08
274,117,"(77, 3)",0,-0.08
274,118,"(77, 2)",0,-0.08
274,119,"(77, 1)",1,-0.08
274,120,"(78, 1)",1,-0.08
274,121,"(79, 1)",0,8.33
275,0,"(0, 39)",1,-0.08
275,1,"(1, 39)",1,-0.08
275,2,"(2, 39)",1,-0.08
275,3,"(3, 39)",1,-0.08
275,4,"(4, 39)",1,-0.08
275,5,"(5, 39)",1,-0.08
275,6,"(6, 39)",1,-0.08
275,7,"(7, 39)",1,-0.08
275,8,"(8, 39)",1,-0.08
275,9,"(9, 39)",1,-0.08
275,10,"(10, 39)",0,-0.08
275,11,"(10, 38)",0,-0.08
275,12,"(10, 37)",1,-0.08
275,13,"(11, 37)",1,-0.08
275,14,"(12, 37)",1,-0.08
275,15,"(13, 37)",1,-0.08
275,16,"(14, 37)",1,-0.08
275,17,"(15, 37)",1,-0.08
275,18,"(16, 37)",1,-0.08
275,19,"(17, 37)",1,-0.08
275,20,"(18, 37)",1,-0.08
275,21,"(19, 37)",0,-0.08
275,22,"(19, 36)",0,-0.08
275,23,"(19, 35)",0,-0.08
275,24,"(19, 34)",0,-0.08
275,25,"(19, 33)",0,-0.08
275,26,"(19, 32)",0,-0.08
275,27,"(19, 31)",0,-0.08
275,28,"(19, 30)",0,-0.08
275,29,"(19, 29)",1,-0.08
275,30,"(20, 29)",0,-0.08
275,31,"(20, 28)",0,-0.08
275,32,"(20, 27)",1,-0.08
275,33,"(21, 27)",0,-0.08
275,34,"(21, 26)",1,-0.08
275,35,"(22, 26)",0,-0.08
275,36,"(22, 25)",0,-0.08
275,37,"(22, 24)",0,-0.08
275,38,"(22, 23)",1,-0.08
275,39,"(23, 23)",1,-0.08
275,40,"(24, 23)",1,-0.08
275,41,"(25, 23)",0,-0.08
275,42,"(25, 22)",0,-0.08
275,43,"(25, 21)",0,-0.08
275,44,"(25, 20)",0,-0.08
275,45,"(25, 19)",1,-0.08
275,46,"(26, 19)",0,-0.08
275,47,"(26, 18)",1,-0.08
275,48,"(27, 18)",0,-0.08
275,49,"(27, 17)",0,-0.08
275,50,"(27, 16)",1,-0.08
275,51,"(28, 16)",1,-0.08
275,52,"(29, 16)",0,-0.08
275,53,"(29, 15)",1,-0.08
275,54,"(30, 15)",1,-0.08
275,55,"(31, 15)",1,-0.08
275,56,"(32, 15)",0,-0.08
275,57,"(32, 14)",0,-0.08
275,58,"(32, 13)",1,-0.08
275,59,"(33, 13)",1,-0.08
275,60,"(34, 13)",1,-0.08
275,61,"(35, 13)",1,-0.08
275,62,"(36, 13)",1,-0.08
275,63,"(37, 13)",1,-0.08
275,64,"(38, 13)",1,-0.08
275,65,"(39, 13)",1,-0.08
275,66,"(40, 13)",1,-0.08
275,67,"(41, 13)",0,-0.08
275,68,"(41, 12)",0,-0.08
275,69,"(41, 11)",1,-0.08
275,70,"(42, 11)",1,-0.08
275,71,"(43, 11)",1,-0.08
275,72,"(44, 11)",1,-0.08
275,73,"(45, 11)",0,-0.08
275,74,"(45, 10)",1,-0.08
275,75,"(46, 10)",0,-0.08
275,76,"(46, 9)",0,-0.08
275,77,"(46, 8)",0,-0.08
275,78,"(46, 7)",0,-0.08
275,79,"(46, 6)",1,-0.08
275,80,"(47, 6)",1,-0.08
275,81,"(48, 6)",1,-0.08
275,82,"(49, 6)",0,-0.08
275,83,"(49, 5)",1,-0.08
275,84,"(50, 5)",1,-0.08
275,85,"(51, 5)",0,-0.08
275,86,"(51, 4)",0,-0.08
275,87,"(51, 3)",0,-0.08
275,88,"(51, 2)",0,-0.08
275,89,"(51, 1)",1,-0.08
275,90,"(52, 1)",1,-0.08
275,91,"(53, 1)",1,-0.08
275,92,"(54, 1)",1,-0.08
275,93,"(55, 1)",1,-0.08
275,94,"(56, 1)",1,-0.08
275,95,"(57, 1)",1,-0.08
275,96,"(58, 1)",1,-0.08
275,97,"(59, 1)",1,-0.08
275,98,"(60, 1)",1,-0.08
275,99,"(61, 1)",1,-0.08
275,100,"(62, 1)",1,-0.08
275,101,"(63, 1)",1,-0.08
275,102,"(64, 1)",1,-0.08
275,103,"(65, 1)",1,-0.08
275,104,"(66, 1)",1,-0.08
275,105,"(67, 1)",1,-0.08
275,106,"(68, 1)",1,-0.08
275,107,"(69, 1)",1,-0.08
275,108,"(70, 1)",1,-0.08
275,109,"(71, 1)",2,-0.08
275,110,"(71, 2)",2,-0.08
275,111,"(71, 3)",1,-0.08
275,112,"(72, 3)",1,-0.08
275,113,"(73, 3)",1,-0.08
275,114,"(74, 3)",1,-0.08
275,115,"(75, 3)",1,-0.08
275,116,"(76, 3)",1,-0.08
275,117,"(77, 3)",0,-0.08
275,118,"(77, 2)",0,-0.08
275,119,"(77, 1)",1,-0.08
275,120,"(78, 1)",0,-0.08
275,121,"(78, 0)",1,8.33
276,0,"(0, 39)",1,-0.08
276,1,"(1, 39)",1,-0.08
276,2,"(2, 39)",1,-0.08
276,3,"(3, 39)",1,-0.08
276,4,"(4, 39)",1,-0.08
276,5,"(5, 39)",1,-0.08
276,6,"(6, 39)",1,-0.08
276,7,"(7, 39)",1,-0.08
276,8,"(8, 39)",1,-0.08
276,9,"(9, 39)",1,-0.08
276,10,"(10, 39)",0,-0.08
276,11,"(10, 38)",1,-0.08
276,12,"(11, 38)",0,-0.08
276,13,"(11, 37)",1,-0.08
276,14,"(12, 37)",1,-0.08
276,15,"(13, 37)",1,-0.08
276,16,"(14, 37)",1,-0.08
276,17,"(15, 37)",0,-0.08
276,18,"(15, 36)",1,-0.08
276,19,"(16, 36)",1,-0.08
276,20,"(17, 36)",0,-0.08
276,21,"(17, 35)",0,-0.08
276,22,"(17, 34)",1,-0.08
276,23,"(18, 34)",0,-0.08
276,24,"(18, 33)",1,-0.08
276,25,"(19, 33)",0,-0.08
276,26,"(19, 32)",0,-0.08
276,27,"(19, 31)",0,-0.08
276,28,"(19, 30)",0,-0.08
276,29,"(19, 29)",1,-0.08
276,30,"(20, 29)",0,-0.08
276,31,"(20, 28)",0,-0.08
276,32,"(20, 27)",1,-0.08
276,33,"(21, 27)",0,-0.08
276,34,"(21, 26)",1,-0.08
276,35,"(22, 26)",1,-0.08
276,36,"(23, 26)",1,-0.08
276,37,"(24, 26)",0,-0.08
276,38,"(24, 25)",1,-0.08
276,39,"(25, 25)",1,-0.08
276,40,"(26, 25)",1,-0.08
276,41,"(27, 25)",1,-0.08
276,42,"(28, 25)",1,-0.08
276,43,"(29, 25)",1,-0.08
276,44,"(30, 25)",1,-0.08
276,45,"(31, 25)",0,-0.08
276,46,"(31, 24)",0,-0.08
276,47,"(31, 23)",1,-0.08
276,48,"(32, 23)",1,-0.08
276,49,"(33, 23)",0,-0.08
276,50,"(33, 22)",0,-0.08
276,51,"(33, 21)",1,-0.08
276,52,"(34, 21)",1,-0.08
276,53,"(35, 21)",1,-0.08
276,54,"(36, 21)",1,-0.08
276,55,"(37, 21)",1,-0.08
276,56,"(38, 21)",1,-0.08
276,57,"(39, 21)",0,-0.08
276,58,"(39, 20)",0,-0.08
276,59,"(39, 19)",0,-0.08
276,60,"(39, 18)",0,-0.08
276,61,"(39, 17)",0,-0.08
276,62,"(39, 16)",0,-0.08
276,63,"(39, 15)",1,-0.08
276,64,"(40, 15)",1,-0.08
276,65,"(41, 15)",0,-0.08
276,66,"(41, 14)",0,-0.08
276,67,"(41, 13)",1,-0.08
276,68,"(42, 13)",1,-0.08
276,69,"(43, 13)",1,-0.08
276,70,"(44, 13)",1,-0.08
276,71,"(45, 13)",0,-0.08
276,72,"(45, 12)",0,-0.08
276,73,"(45, 11)",0,-0.08
276,74,"(45, 10)",0,-0.08
276,75,"(45, 9)",1,-0.08
276,76,"(46, 9)",0,-0.08
276,77,"(46, 8)",0,-0.08
276,78,"(46, 7)",0,-0.08
276,79,"(46, 6)",1,-0.08
276,80,"(47, 6)",1,-0.08
276,81,"(48, 6)",1,-0.08
276,82,"(49, 6)",0,-0.08
276,83,"(49, 5)",1,-0.08
276,84,"(50, 5)",1,-0.08
276,85,"(51, 5)",1,-0.08
276,86,"(52, 5)",1,-0.08
276,87,"(53, 5)",0,-0.08
276,88,"(53, 4)",0,-0.08
276,89,"(53, 3)",0,-0.08
276,90,"(53, 2)",0,-0.08
276,91,"(53, 1)",1,-0.08
276,92,"(54, 1)",1,-0.08
276,93,"(55, 1)",1,-0.08
276,94,"(56, 1)",1,-0.08
276,95,"(57, 1)",1,-0.08
276,96,"(58, 1)",1,-0.08
276,97,"(59, 1)",1,-0.08
276,98,"(60, 1)",1,-0.08
276,99,"(61, 1)",1,-0.08
276,100,"(62, 1)",1,-0.08
276,101,"(63, 1)",1,-0.08
276,102,"(64, 1)",1,-0.08
276,103,"(65, 1)",1,-0.08
276,104,"(66, 1)",1,-0.08
276,105,"(67, 1)",1,-0.08
276,106,"(68, 1)",1,-0.08
276,107,"(69, 1)",1,-0.08
276,108,"(70, 1)",1,-0.08
276,109,"(71, 1)",2,-0.08
276,110,"(71, 2)",2,-0.08
276,111,"(71, 3)",1,-0.08
276,112,"(72, 3)",1,-0.08
276,113,"(73, 3)",0,-0.08
276,114,"(73, 2)",0,-0.08
276,115,"(73, 1)",1,-0.08
276,116,"(74, 1)",1,-0.08
276,117,"(75, 1)",1,-0.08
276,118,"(76, 1)",1,-0.08
276,119,"(77, 1)",1,-0.08
276,120,"(78, 1)",0,-0.08
276,121,"(78, 0)",1,8.33
277,0,"(0, 39)",1,-0.08
277,1,"(1, 39)",1,-0.08
277,2,"(2, 39)",1,-0.08
277,3,"(3, 39)",1,-0.08
277,4,"(4, 39)",1,-0.08
277,5,"(5, 39)",1,-0.08
277,6,"(6, 39)",1,-0.08
277,7,"(7, 39)",1,-0.08
277,8,"(8, 39)",1,-0.08
277,9,"(9, 39)",1,-0.08
277,10,"(10, 39)",0,-0.08
277,11,"(10, 38)",0,-0.08
277,12,"(10, 37)",1,-0.08
277,13,"(11, 37)",1,-0.08
277,14,"(12, 37)",1,-0.08
277,15,"(13, 37)",1,-0.08
277,16,"(14, 37)",1,-0.08
277,17,"(15, 37)",0,-0.08
277,18,"(15, 36)",1,-0.08
277,19,"(16, 36)",1,-0.08
277,20,"(17, 36)",0,-0.08
277,21,"(17, 35)",1,-0.08
277,22,"(18, 35)",1,-0.08
277,23,"(19, 35)",0,-0.08
277,24,"(19, 34)",0,-0.08
277,25,"(19, 33)",0,-0.08
277,26,"(19, 32)",0,-0.08
277,27,"(19, 31)",0,-0.08
277,28,"(19, 30)",0,-0.08
277,29,"(19, 29)",1,-0.08
277,30,"(20, 29)",0,-0.08
277,31,"(20, 28)",0,-0.08
277,32,"(20, 27)",1,-0.08
277,33,"(21, 27)",0,-0.08
277,34,"(21, 26)",1,-0.08
277,35,"(22, 26)",1,-0.08
277,36,"(23, 26)",1,-0.08
277,37,"(24, 26)",0,-0.08
277,38,"(24, 25)",1,-0.08
277,39,"(25, 25)",0,-0.08
277,40,"(25, 24)",0,-0.08
277,41,"(25, 23)",0,-0.08
277,42,"(25, 22)",0,-0.08
277,43,"(25, 21)",1,-0.08
277,44,"(26, 21)",1,-0.08
277,45,"(27, 21)",0,-0.08
277,46,"(27, 20)",0,-0.08
277,47,"(27, 19)",0,-0.08
277,48,"(27, 18)",0,-0.08
277,49,"(27, 17)",0,-0.08
277,50,"(27, 16)",1,-0.08
277,51,"(28, 16)",1,-0.08
277,52,"(29, 16)",0,-0.08
277,53,"(29, 15)",1,-0.08
277,54,"(30, 15)",1,-0.08
277,55,"(31, 15)",0,-0.08
277,56,"(31, 14)",1,-0.08
277,57,"(32, 14)",0,-0.08
277,58,"(32, 13)",1,-0.08
277,59,"(33, 13)",1,-0.08
277,60,"(34, 13)",1,-0.08
277,61,"(35, 13)",1,-0.08
277,62,"(36, 13)",1,-0.08
277,63,"(37, 13)",1,-0.08
277,64,"(38, 13)",1,-0.08
277,65,"(39, 13)",0,-0.08
277,66,"(39, 12)",0,-0.08
277,67,"(39, 11)",1,-0.08
277,68,"(40, 11)",1,-0.08
277,69,"(41, 11)",1,-0.08
277,70,"(42, 11)",1,-0.08
277,71,"(43, 11)",1,-0.08
277,72,"(44, 11)",1,-0.08
277,73,"(45, 11)",0,-0.08
277,74,"(45, 10)",0,-0.08
277,75,"(45, 9)",0,-0.08
277,76,"(45, 8)",0,-0.08
277,77,"(45, 7)",1,-0.08
277,78,"(46, 7)",0,-0.08
277,79,"(46, 6)",1,-0.08
277,80,"(47, 6)",1,-0.08
277,81,"(48, 6)",1,-0.08
277,82,"(49, 6)",0,-0.08
277,83,"(49, 5)",1,-0.08
277,84,"(50, 5)",1,-0.08
277,85,"(51, 5)",1,-0.08
277,86,"(52, 5)",1,-0.08
277,87,"(53, 5)",0,-0.08
277,88,"(53, 4)",0,-0.08
277,89,"(53, 3)",1,-0.08
277,90,"(54, 3)",1,-0.08
277,91,"(55, 3)",1,-0.08
277,92,"(56, 3)",1,-0.08
277,93,"(57, 3)",0,-0.08
277,94,"(57, 2)",0,-0.08
277,95,"(57, 1)",1,-0.08
277,96,"(58, 1)",1,-0.08
277,97,"(59, 1)",1,-0.08
277,98,"(60, 1)",1,-0.08
277,99,"(61, 1)",1,-0.08
277,100,"(62, 1)",1,-0.08
277,101,"(63, 1)",1,-0.08
277,102,"(64, 1)",1,-0.08
277,103,"(65, 1)",1,-0.08
277,104,"(66, 1)",1,-0.08
277,105,"(67, 1)",1,-0.08
277,106,"(68, 1)",1,-0.08
277,107,"(69, 1)",1,-0.08
277,108,"(70, 1)",1,-0.08
277,109,"(71, 1)",2,-0.08
277,110,"(71, 2)",2,-0.08
277,111,"(71, 3)",1,-0.08
277,112,"(72, 3)",1,-0.08
277,113,"(73, 3)",1,-0.08
277,114,"(74, 3)",1,-0.08
277,115,"(75, 3)",1,-0.08
277,116,"(76, 3)",1,-0.08
277,117,"(77, 3)",0,-0.08
277,118,"(77, 2)",0,-0.08
277,119,"(77, 1)",1,-0.08
277,120,"(78, 1)",0,-0.08
277,121,"(78, 0)",1,8.33
278,0,"(0, 39)",1,-0.08
278,1,"(1, 39)",1,-0.08
278,2,"(2, 39)",1,-0.08
278,3,"(3, 39)",1,-0.08
278,4,"(4, 39)",1,-0.08
278,5,"(5, 39)",1,-0.08
278,6,"(6, 39)",1,-0.08
278,7,"(7, 39)",1,-0.08
278,8,"(8, 39)",1,-0.08
278,9,"(9, 39)",1,-0.08
278,10,"(10, 39)",1,-0.08
278,11,"(11, 39)",0,-0.08
278,12,"(11, 38)",0,-0.08
278,13,"(11, 37)",1,-0.08
278,14,"(12, 37)",1,-0.08
278,15,"(13, 37)",1,-0.08
278,16,"(14, 37)",1,-0.08
278,17,"(15, 37)",1,-0.08
278,18,"(16, 37)",0,-0.08
278,19,"(16, 36)",1,-0.08
278,20,"(17, 36)",0,-0.08
278,21,"(17, 35)",0,-0.08
278,22,"(17, 34)",1,-0.08
278,23,"(18, 34)",1,-0.08
278,24,"(19, 34)",0,-0.08
278,25,"(19, 33)",0,-0.08
278,26,"(19, 32)",0,-0.08
278,27,"(19, 31)",0,-0.08
278,28,"(19, 30)",0,-0.08
278,29,"(19, 29)",1,-0.08
278,30,"(20, 29)",0,-0.08
278,31,"(20, 28)",0,-0.08
278,32,"(20, 27)",1,-0.08
278,33,"(21, 27)",0,-0.08
278,34,"(21, 26)",0,-0.08
278,35,"(21, 25)",1,-0.08
278,36,"(22, 25)",1,-0.08
278,37,"(23, 25)",1,-0.08
278,38,"(24, 25)",1,-0.08
278,39,"(25, 25)",1,-0.08
278,40,"(26, 25)",1,-0.08
278,41,"(27, 25)",1,-0.08
278,42,"(28, 25)",1,-0.08
278,43,"(29, 25)",1,-0.08
278,44,"(30, 25)",1,-0.08
278,45,"(31, 25)",0,-0.08
278,46,"(31, 24)",0,-0.08
278,47,"(31, 23)",1,-0.08
278,48,"(32, 23)",1,-0.08
278,49,"(33, 23)",0,-0.08
278,50,"(33, 22)",0,-0.08
278,51,"(33, 21)",1,-0.08
278,52,"(34, 21)",1,-0.08
278,53,"(35, 21)",1,-0.08
278,54,"(36, 21)",1,-0.08
278,55,"(37, 21)",1,-0.08
278,56,"(38, 21)",1,-0.08
278,57,"(39, 21)",1,-0.08
278,58,"(40, 21)",0,-0.08
278,59,"(40, 20)",1,-0.08
278,60,"(41, 20)",0,-0.08
278,61,"(41, 19)",0,-0.08
278,62,"(41, 18)",1,-0.08
278,63,"(42, 18)",0,-0.08
278,64,"(42, 17)",1,-0.08
278,65,"(43, 17)",0,-0.08
278,66,"(43, 16)",1,-0.08
278,67,"(44, 16)",0,-0.08
278,68,"(44, 15)",1,-0.08
278,69,"(45, 15)",0,-0.08
278,70,"(45, 14)",0,-0.08
278,71,"(45, 13)",0,-0.08
278,72,"(45, 12)",0,-0.08
278,73,"(45, 11)",0,-0.08
278,74,"(45, 10)",0,-0.08
278,75,"(45, 9)",1,-0.08
278,76,"(46, 9)",0,-0.08
278,77,"(46, 8)",0,-0.08
278,78,"(46, 7)",1,-0.08
278,79,"(47, 7)",0,-0.08
278,80,"(47, 6)",1,-0.08
278,81,"(48, 6)",1,-0.08
278,82,"(49, 6)",0,-0.08
278,83,"(49, 5)",1,-0.08
278,84,"(50, 5)",1,-0.08
278,85,"(51, 5)",1,-0.08
278,86,"(52, 5)",1,-0.08
278,87,"(53, 5)",0,-0.08
278,88,"(53, 4)",0,-0.08
278,89,"(53, 3)",1,-0.08
278,90,"(54, 3)",1,-0.08
278,91,"(55, 3)",1,-0.08
278,92,"(56, 3)",0,-0.08
278,93,"(56, 2)",1,-0.08
278,94,"(57, 2)",1,-0.08
278,95,"(58, 2)",1,-0.08
278,96,"(59, 2)",0,-0.08
278,97,"(59, 1)",1,-0.08
278,98,"(60, 1)",1,-0.08
278,99,"(61, 1)",1,-0.08
278,100,"(62, 1)",1,-0.08
278,101,"(63, 1)",1,-0.08
278,102,"(64, 1)",1,-0.08
278,103,"(65, 1)",1,-0.08
278,104,"(66, 1)",1,-0.08
278,105,"(67, 1)",1,-0.08
278,106,"(68, 1)",1,-0.08
278,107,"(69, 1)",1,-0.08
278,108,"(70, 1)",1,-0.08
278,109,"(71, 1)",2,-0.08
278,110,"(71, 2)",2,-0.08
278,111,"(71, 3)",1,-0.08
278,112,"(72, 3)",1,-0.08
278,113,"(73, 3)",1,-0.08
278,114,"(74, 3)",1,-0.08
278,115,"(75, 3)",1,-0.08
278,116,"(76, 3)",1,-0.08
278,117,"(77, 3)",0,-0.08
278,118,"(77, 2)",0,-0.08
278,119,"(77, 1)",0,-0.08
278,120,"(77, 0)",1,-0.08
278,121,"(78, 0)",1,8.33
279,0,"(0, 39)",1,-0.08
279,1,"(1, 39)",1,-0.08
279,2,"(2, 39)",1,-0.08
279,3,"(3, 39)",1,-0.08
279,4,"(4, 39)",1,-0.08
279,5,"(5, 39)",1,-0.08
279,6,"(6, 39)",1,-0.08
279,7,"(7, 39)",1,-0.08
279,8,"(8, 39)",1,-0.08
279,9,"(9, 39)",1,-0.08
279,10,"(10, 39)",0,-0.08
279,11,"(10, 38)",1,-0.08
279,12,"(11, 38)",0,-0.08
279,13,"(11, 37)",1,-0.08
279,14,"(12, 37)",1,-0.08
279,15,"(13, 37)",1,-0.08
279,16,"(14, 37)",1,-0.08
279,17,"(15, 37)",1,-0.08
279,18,"(16, 37)",0,-0.08
279,19,"(16, 36)",1,-0.08
279,20,"(17, 36)",0,-0.08
279,21,"(17, 35)",0,-0.08
279,22,"(17, 34)",0,-0.08
279,23,"(17, 33)",1,-0.08
279,24,"(18, 33)",1,-0.08
279,25,"(19, 33)",0,-0.08
279,26,"(19, 32)",0,-0.08
279,27,"(19, 31)",0,-0.08
279,28,"(19, 30)",0,-0.08
279,29,"(19, 29)",1,-0.08
279,30,"(20, 29)",0,-0.08
279,31,"(20, 28)",0,-0.08
279,32,"(20, 27)",1,-0.08
279,33,"(21, 27)",0,-0.08
279,34,"(21, 26)",0,-0.08
279,35,"(21, 25)",1,-0.08
279,36,"(22, 25)",0,-0.08
279,37,"(22, 24)",0,-0.08
279,38,"(22, 23)",1,-0.08
279,39,"(23, 23)",1,-0.08
279,40,"(24, 23)",1,-0.08
279,41,"(25, 23)",0,-0.08
279,42,"(25, 22)",0,-0.08
279,43,"(25, 21)",1,-0.08
279,44,"(26, 21)",1,-0.08
279,45,"(27, 21)",0,-0.08
279,46,"(27, 20)",0,-0.08
279,47,"(27, 19)",0,-0.08
279,48,"(27, 18)",0,-0.08
279,49,"(27, 17)",1,-0.08
279,50,"(28, 17)",1,-0.08
279,51,"(29, 17)",1,-0.08
279,52,"(30, 17)",1,-0.08
279,53,"(31, 17)",1,-0.08
279,54,"(32, 17)",1,-0.08
279,55,"(33, 17)",1,-0.08
279,56,"(34, 17)",1,-0.08
279,57,"(35, 17)",0,-0.08
279,58,"(35, 16)",0,-0.08
279,59,"(35, 15)",0,-0.08
279,60,"(35, 14)",0,-0.08
279,61,"(35, 13)",1,-0.08
279,62,"(36, 13)",1,-0.08
279,63,"(37, 13)",1,-0.08
279,64,"(38, 13)",1,-0.08
279,65,"(39, 13)",0,-0.08
279,66,"(39, 12)",0,-0.08
279,67,"(39, 11)",1,-0.08
279,68,"(40, 11)",1,-0.08
279,69,"(41, 11)",1,-0.08
279,70,"(42, 11)",1,-0.08
279,71,"(43, 11)",1,-0.08
279,72,"(44, 11)",1,-0.08
279,73,"(45, 11)",0,-0.08
279,74,"(45, 10)",1,-0.08
279,75,"(46, 10)",0,-0.08
279,76,"(46, 9)",0,-0.08
279,77,"(46, 8)",0,-0.08
279,78,"(46, 7)",1,-0.08
279,79,"(47, 7)",0,-0.08
279,80,"(47, 6)",1,-0.08
279,81,"(48, 6)",1,-0.08
279,82,"(49, 6)",0,-0.08
279,83,"(49, 5)",1,-0.08
279,84,"(50, 5)",1,-0.08
279,85,"(51, 5)",0,-0.08
279,86,"(51, 4)",0,-0.08
279,87,"(51, 3)",0,-0.08
279,88,"(51, 2)",0,-0.08
279,89,"(51, 1)",1,-0.08
279,90,"(52, 1)",1,-0.08
279,91,"(53, 1)",1,-0.08
279,92,"(54, 1)",1,-0.08
279,93,"(55, 1)",1,-0.08
279,94,"(56, 1)",1,-0.08
279,95,"(57, 1)",1,-0.08
279,96,"(58, 1)",1,-0.08
279,97,"(59, 1)",1,-0.08
279,98,"(60, 1)",1,-0.08
279,99,"(61, 1)",1,-0.08
279,100,"(62, 1)",1,-0.08
279,101,"(63, 1)",1,-0.08
279,102,"(64, 1)",1,-0.08
279,103,"(65, 1)",1,-0.08
279,104,"(66, 1)",1,-0.08
279,105,"(67, 1)",1,-0.08
279,106,"(68, 1)",1,-0.08
279,107,"(69, 1)",1,-0.08
279,108,"(70, 1)",1,-0.08
279,109,"(71, 1)",2,-0.08
279,110,"(71, 2)",2,-0.08
279,111,"(71, 3)",1,-0.08
279,112,"(72, 3)",1,-0.08
279,113,"(73, 3)",1,-0.08
279,114,"(74, 3)",1,-0.08
279,115,"(75, 3)",1,-0.08
279,116,"(76, 3)",1,-0.08
279,117,"(77, 3)",0,-0.08
279,118,"(77, 2)",0,-0.08
279,119,"(77, 1)",1,-0.08
279,120,"(78, 1)",1,-0.08
279,121,"(79, 1)",0,8.33
280,0,"(0, 39)",1,-0.08
280,1,"(1, 39)",1,-0.08
280,2,"(2, 39)",1,-0.08
280,3,"(3, 39)",1,-0.08
280,4,"(4, 39)",1,-0.08
280,5,"(5, 39)",1,-0.08
280,6,"(6, 39)",1,-0.08
280,7,"(7, 39)",1,-0.08
280,8,"(8, 39)",1,-0.08
280,9,"(9, 39)",1,-0.08
280,10,"(10, 39)",1,-0.08
280,11,"(11, 39)",0,-0.08
280,12,"(11, 38)",0,-0.08
280,13,"(11, 37)",1,-0.08
280,14,"(12, 37)",1,-0.08
280,15,"(13, 37)",1,-0.08
280,16,"(14, 37)",1,-0.08
280,17,"(15, 37)",0,-0.08
280,18,"(15, 36)",1,-0.08
280,19,"(16, 36)",1,-0.08
280,20,"(17, 36)",0,-0.08
280,21,"(17, 35)",1,-0.08
280,22,"(18, 35)",1,-0.08
280,23,"(19, 35)",0,-0.08
280,24,"(19, 34)",0,-0.08
280,25,"(19, 33)",0,-0.08
280,26,"(19, 32)",0,-0.08
280,27,"(19, 31)",0,-0.08
280,28,"(19, 30)",0,-0.08
280,29,"(19, 29)",1,-0.08
280,30,"(20, 29)",0,-0.08
280,31,"(20, 28)",0,-0.08
280,32,"(20, 27)",1,-0.08
280,33,"(21, 27)",0,-0.08
280,34,"(21, 26)",0,-0.08
280,35,"(21, 25)",1,-0.08
280,36,"(22, 25)",0,-0.08
280,37,"(22, 24)",0,-0.08
280,38,"(22, 23)",1,-0.08
280,39,"(23, 23)",1,-0.08
280,40,"(24, 23)",1,-0.08
280,41,"(25, 23)",0,-0.08
280,42,"(25, 22)",0,-0.08
280,43,"(25, 21)",1,-0.08
280,44,"(26, 21)",1,-0.08
280,45,"(27, 21)",0,-0.08
280,46,"(27, 20)",0,-0.08
280,47,"(27, 19)",0,-0.08
280,48,"(27, 18)",0,-0.08
280,49,"(27, 17)",0,-0.08
280,50,"(27, 16)",1,-0.08
280,51,"(28, 16)",1,-0.08
280,52,"(29, 16)",0,-0.08
280,53,"(29, 15)",1,-0.08
280,54,"(30, 15)",1,-0.08
280,55,"(31, 15)",0,-0.08
280,56,"(31, 14)",0,-0.08
280,57,"(31, 13)",1,-0.08
280,58,"(32, 13)",1,-0.08
280,59,"(33, 13)",1,-0.08
280,60,"(34, 13)",1,-0.08
280,61,"(35, 13)",1,-0.08
280,62,"(36, 13)",1,-0.08
280,63,"(37, 13)",1,-0.08
280,64,"(38, 13)",1,-0.08
280,65,"(39, 13)",1,-0.08
280,66,"(40, 13)",1,-0.08
280,67,"(41, 13)",1,-0.08
280,68,"(42, 13)",1,-0.08
280,69,"(43, 13)",0,-0.08
280,70,"(43, 12)",0,-0.08
280,71,"(43, 11)",1,-0.08
280,72,"(44, 11)",1,-0.08
280,73,"(45, 11)",0,-0.08
280,74,"(45, 10)",1,-0.08
280,75,"(46, 10)",0,-0.08
280,76,"(46, 9)",0,-0.08
280,77,"(46, 8)",0,-0.08
280,78,"(46, 7)",1,-0.08
280,79,"(47, 7)",0,-0.08
280,80,"(47, 6)",1,-0.08
280,81,"(48, 6)",1,-0.08
280,82,"(49, 6)",0,-0.08
280,83,"(49, 5)",1,-0.08
280,84,"(50, 5)",1,-0.08
280,85,"(51, 5)",0,-0.08
280,86,"(51, 4)",0,-0.08
280,87,"(51, 3)",0,-0.08
280,88,"(51, 2)",1,-0.08
280,89,"(52, 2)",0,-0.08
280,90,"(52, 1)",1,-0.08
280,91,"(53, 1)",1,-0.08
280,92,"(54, 1)",1,-0.08
280,93,"(55, 1)",1,-0.08
280,94,"(56, 1)",1,-0.08
280,95,"(57, 1)",1,-0.08
280,96,"(58, 1)",1,-0.08
280,97,"(59, 1)",1,-0.08
280,98,"(60, 1)",1,-0.08
280,99,"(61, 1)",1,-0.08
280,100,"(62, 1)",1,-0.08
280,101,"(63, 1)",1,-0.08
280,102,"(64, 1)",1,-0.08
280,103,"(65, 1)",1,-0.08
280,104,"(66, 1)",1,-0.08
280,105,"(67, 1)",1,-0.08
280,106,"(68, 1)",1,-0.08
280,107,"(69, 1)",1,-0.08
280,108,"(70, 1)",1,-0.08
280,109,"(71, 1)",2,-0.08
280,110,"(71, 2)",2,-0.08
280,111,"(71, 3)",1,-0.08
280,112,"(72, 3)",1,-0.08
280,113,"(73, 3)",0,-0.08
280,114,"(73, 2)",0,-0.08
280,115,"(73, 1)",1,-0.08
280,116,"(74, 1)",1,-0.08
280,117,"(75, 1)",1,-0.08
280,118,"(76, 1)",0,-0.08
280,119,"(76, 0)",1,-0.08
280,120,"(77, 0)",1,-0.08
280,121,"(78, 0)",1,8.33
281,0,"(0, 39)",1,-0.08
281,1,"(1, 39)",1,-0.08
281,2,"(2, 39)",1,-0.08
281,3,"(3, 39)",1,-0.08
281,4,"(4, 39)",1,-0.08
281,5,"(5, 39)",1,-0.08
281,6,"(6, 39)",1,-0.08
281,7,"(7, 39)",1,-0.08
281,8,"(8, 39)",1,-0.08
281,9,"(9, 39)",1,-0.08
281,10,"(10, 39)",1,-0.08
281,11,"(11, 39)",0,-0.08
281,12,"(11, 38)",0,-0.08
281,13,"(11, 37)",1,-0.08
281,14,"(12, 37)",1,-0.08
281,15,"(13, 37)",1,-0.08
281,16,"(14, 37)",1,-0.08
281,17,"(15, 37)",1,-0.08
281,18,"(16, 37)",0,-0.08
281,19,"(16, 36)",1,-0.08
281,20,"(17, 36)",0,-0.08
281,21,"(17, 35)",0,-0.08
281,22,"(17, 34)",0,-0.08
281,23,"(17, 33)",1,-0.08
281,24,"(18, 33)",1,-0.08
281,25,"(19, 33)",0,-0.08
281,26,"(19, 32)",0,-0.08
281,27,"(19, 31)",0,-0.08
281,28,"(19, 30)",0,-0.08
281,29,"(19, 29)",1,-0.08
281,30,"(20, 29)",0,-0.08
281,31,"(20, 28)",0,-0.08
281,32,"(20, 27)",1,-0.08
281,33,"(21, 27)",0,-0.08
281,34,"(21, 26)",1,-0.08
281,35,"(22, 26)",0,-0.08
281,36,"(22, 25)",1,-0.08
281,37,"(23, 25)",1,-0.08
281,38,"(24, 25)",1,-0.08
281,39,"(25, 25)",1,-0.08
281,40,"(26, 25)",1,-0.08
281,41,"(27, 25)",1,-0.08
281,42,"(28, 25)",1,-0.08
281,43,"(29, 25)",1,-0.08
281,44,"(30, 25)",1,-0.08
281,45,"(31, 25)",0,-0.08
281,46,"(31, 24)",0,-0.08
281,47,"(31, 23)",1,-0.08
281,48,"(32, 23)",1,-0.08
281,49,"(33, 23)",0,-0.08
281,50,"(33, 22)",0,-0.08
281,51,"(33, 21)",1,-0.08
281,52,"(34, 21)",1,-0.08
281,53,"(35, 21)",1,-0.08
281,54,"(36, 21)",1,-0.08
281,55,"(37, 21)",1,-0.08
281,56,"(38, 21)",1,-0.08
281,57,"(39, 21)",1,-0.08
281,58,"(40, 21)",1,-0.08
281,59,"(41, 21)",1,-0.08
281,60,"(42, 21)",0,-0.08
281,61,"(42, 20)",1,-0.08
281,62,"(43, 20)",0,-0.08
281,63,"(43, 19)",1,-0.08
281,64,"(44, 19)",0,-0.08
281,65,"(44, 18)",0,-0.08
281,66,"(44, 17)",0,-0.08
281,67,"(44, 16)",0,-0.08
281,68,"(44, 15)",1,-0.08
281,69,"(45, 15)",0,-0.08
281,70,"(45, 14)",0,-0.08
281,71,"(45, 13)",0,-0.08
281,72,"(45, 12)",0,-0.08
281,73,"(45, 11)",0,-0.08
281,74,"(45, 10)",0,-0.08
281,75,"(45, 9)",0,-0.08
281,76,"(45, 8)",0,-0.08
281,77,"(45, 7)",1,-0.08
281,78,"(46, 7)",1,-0.08
281,79,"(47, 7)",0,-0.08
281,80,"(47, 6)",1,-0.08
281,81,"(48, 6)",1,-0.08
281,82,"(49, 6)",0,-0.08
281,83,"(49, 5)",1,-0.08
281,84,"(50, 5)",1,-0.08
281,85,"(51, 5)",1,-0.08
281,86,"(52, 5)",1,-0.08
281,87,"(53, 5)",0,-0.08
281,88,"(53, 4)",0,-0.08
281,89,"(53, 3)",1,-0.08
281,90,"(54, 3)",1,-0.08
281,91,"(55, 3)",1,-0.08
281,92,"(56, 3)",0,-0.08
281,93,"(56, 2)",0,-0.08
281,94,"(56, 1)",1,-0.08
281,95,"(57, 1)",1,-0.08
281,96,"(58, 1)",1,-0.08
281,97,"(59, 1)",1,-0.08
281,98,"(60, 1)",1,-0.08
281,99,"(61, 1)",1,-0.08
281,100,"(62, 1)",1,-0.08
281,101,"(63, 1)",1,-0.08
281,102,"(64, 1)",1,-0.08
281,103,"(65, 1)",1,-0.08
281,104,"(66, 1)",1,-0.08
281,105,"(67, 1)",1,-0.08
281,106,"(68, 1)",1,-0.08
281,107,"(69, 1)",1,-0.08
281,108,"(70, 1)",1,-0.08
281,109,"(71, 1)",2,-0.08
281,110,"(71, 2)",2,-0.08
281,111,"(71, 3)",1,-0.08
281,112,"(72, 3)",1,-0.08
281,113,"(73, 3)",0,-0.08
281,114,"(73, 2)",0,-0.08
281,115,"(73, 1)",1,-0.08
281,116,"(74, 1)",1,-0.08
281,117,"(75, 1)",0,-0.08
281,118,"(75, 0)",1,-0.08
281,119,"(76, 0)",1,-0.08
281,120,"(77, 0)",1,-0.08
281,121,"(78, 0)",1,8.33
282,0,"(0, 39)",1,-0.08
282,1,"(1, 39)",1,-0.08
282,2,"(2, 39)",1,-0.08
282,3,"(3, 39)",1,-0.08
282,4,"(4, 39)",1,-0.08
282,5,"(5, 39)",1,-0.08
282,6,"(6, 39)",1,-0.08
282,7,"(7, 39)",1,-0.08
282,8,"(8, 39)",1,-0.08
282,9,"(9, 39)",1,-0.08
282,10,"(10, 39)",1,-0.08
282,11,"(11, 39)",0,-0.08
282,12,"(11, 38)",0,-0.08
282,13,"(11, 37)",1,-0.08
282,14,"(12, 37)",1,-0.08
282,15,"(13, 37)",1,-0.08
282,16,"(14, 37)",1,-0.08
282,17,"(15, 37)",1,-0.08
282,18,"(16, 37)",0,-0.08
282,19,"(16, 36)",1,-0.08
282,20,"(17, 36)",0,-0.08
282,21,"(17, 35)",0,-0.08
282,22,"(17, 34)",0,-0.08
282,23,"(17, 33)",1,-0.08
282,24,"(18, 33)",1,-0.08
282,25,"(19, 33)",0,-0.08
282,26,"(19, 32)",0,-0.08
282,27,"(19, 31)",0,-0.08
282,28,"(19, 30)",0,-0.08
282,29,"(19, 29)",1,-0.08
282,30,"(20, 29)",0,-0.08
282,31,"(20, 28)",0,-0.08
282,32,"(20, 27)",1,-0.08
282,33,"(21, 27)",0,-0.08
282,34,"(21, 26)",0,-0.08
282,35,"(21, 25)",1,-0.08
282,36,"(22, 25)",0,-0.08
282,37,"(22, 24)",0,-0.08
282,38,"(22, 23)",1,-0.08
282,39,"(23, 23)",1,-0.08
282,40,"(24, 23)",1,-0.08
282,41,"(25, 23)",0,-0.08
282,42,"(25, 22)",0,-0.08
282,43,"(25, 21)",1,-0.08
282,44,"(26, 21)",1,-0.08
282,45,"(27, 21)",0,-0.08
282,46,"(27, 20)",0,-0.08
282,47,"(27, 19)",1,-0.08
282,48,"(28, 19)",1,-0.08
282,49,"(29, 19)",1,-0.08
282,50,"(30, 19)",1,-0.08
282,51,"(31, 19)",0,-0.08
282,52,"(31, 18)",0,-0.08
282,53,"(31, 17)",1,-0.08
282,54,"(32, 17)",1,-0.08
282,55,"(33, 17)",1,-0.08
282,56,"(34, 17)",1,-0.08
282,57,"(35, 17)",0,-0.08
282,58,"(35, 16)",0,-0.08
282,59,"(35, 15)",0,-0.08
282,60,"(35, 14)",0,-0.08
282,61,"(35, 13)",1,-0.08
282,62,"(36, 13)",1,-0.08
282,63,"(37, 13)",1,-0.08
282,64,"(38, 13)",1,-0.08
282,65,"(39, 13)",0,-0.08
282,66,"(39, 12)",0,-0.08
282,67,"(39, 11)",1,-0.08
282,68,"(40, 11)",1,-0.08
282,69,"(41, 11)",1,-0.08
282,70,"(42, 11)",1,-0.08
282,71,"(43, 11)",1,-0.08
282,72,"(44, 11)",1,-0.08
282,73,"(45, 11)",0,-0.08
282,74,"(45, 10)",0,-0.08
282,75,"(45, 9)",0,-0.08
282,76,"(45, 8)",1,-0.08
282,77,"(46, 8)",0,-0.08
282,78,"(46, 7)",0,-0.08
282,79,"(46, 6)",1,-0.08
282,80,"(47, 6)",1,-0.08
282,81,"(48, 6)",1,-0.08
282,82,"(49, 6)",0,-0.08
282,83,"(49, 5)",1,-0.08
282,84,"(50, 5)",1,-0.08
282,85,"(51, 5)",1,-0.08
282,86,"(52, 5)",1,-0.08
282,87,"(53, 5)",0,-0.08
282,88,"(53, 4)",0,-0.08
282,89,"(53, 3)",0,-0.08
282,90,"(53, 2)",0,-0.08
282,91,"(53, 1)",1,-0.08
282,92,"(54, 1)",1,-0.08
282,93,"(55, 1)",1,-0.08
282,94,"(56, 1)",1,-0.08
282,95,"(57, 1)",1,-0.08
282,96,"(58, 1)",1,-0.08
282,97,"(59, 1)",1,-0.08
282,98,"(60, 1)",1,-0.08
282,99,"(61, 1)",1,-0.08
282,100,"(62, 1)",1,-0.08
282,101,"(63, 1)",1,-0.08
282,102,"(64, 1)",1,-0.08
282,103,"(65, 1)",1,-0.08
282,104,"(66, 1)",1,-0.08
282,105,"(67, 1)",1,-0.08
282,106,"(68, 1)",1,-0.08
282,107,"(69, 1)",1,-0.08
282,108,"(70, 1)",1,-0.08
282,109,"(71, 1)",2,-0.08
282,110,"(71, 2)",2,-0.08
282,111,"(71, 3)",1,-0.08
282,112,"(72, 3)",1,-0.08
282,113,"(73, 3)",0,-0.08
282,114,"(73, 2)",0,-0.08
282,115,"(73, 1)",1,-0.08
282,116,"(74, 1)",1,-0.08
282,117,"(75, 1)",0,-0.08
282,118,"(75, 0)",1,-0.08
282,119,"(76, 0)",1,-0.08
282,120,"(77, 0)",1,-0.08
282,121,"(78, 0)",1,8.33
283,0,"(0, 39)",1,-0.08
283,1,"(1, 39)",1,-0.08
283,2,"(2, 39)",1,-0.08
283,3,"(3, 39)",1,-0.08
283,4,"(4, 39)",1,-0.08
283,5,"(5, 39)",1,-0.08
283,6,"(6, 39)",1,-0.08
283,7,"(7, 39)",1,-0.08
283,8,"(8, 39)",1,-0.08
283,9,"(9, 39)",1,-0.08
283,10,"(10, 39)",1,-0.08
283,11,"(11, 39)",0,-0.08
283,12,"(11, 38)",0,-0.08
283,13,"(11, 37)",1,-0.08
283,14,"(12, 37)",1,-0.08
283,15,"(13, 37)",1,-0.08
283,16,"(14, 37)",1,-0.08
283,17,"(15, 37)",0,-0.08
283,18,"(15, 36)",1,-0.08
283,19,"(16, 36)",1,-0.08
283,20,"(17, 36)",0,-0.08
283,21,"(17, 35)",0,-0.08
283,22,"(17, 34)",0,-0.08
283,23,"(17, 33)",1,-0.08
283,24,"(18, 33)",1,-0.08
283,25,"(19, 33)",0,-0.08
283,26,"(19, 32)",0,-0.08
283,27,"(19, 31)",0,-0.08
283,28,"(19, 30)",0,-0.08
283,29,"(19, 29)",1,-0.08
283,30,"(20, 29)",0,-0.08
283,31,"(20, 28)",0,-0.08
283,32,"(20, 27)",1,-0.08
283,33,"(21, 27)",0,-0.08
283,34,"(21, 26)",1,-0.08
283,35,"(22, 26)",0,-0.08
283,36,"(22, 25)",1,-0.08
283,37,"(23, 25)",1,-0.08
283,38,"(24, 25)",1,-0.08
283,39,"(25, 25)",1,-0.08
283,40,"(26, 25)",1,-0.08
283,41,"(27, 25)",1,-0.08
283,42,"(28, 25)",1,-0.08
283,43,"(29, 25)",1,-0.08
283,44,"(30, 25)",1,-0.08
283,45,"(31, 25)",0,-0.08
283,46,"(31, 24)",0,-0.08
283,47,"(31, 23)",1,-0.08
283,48,"(32, 23)",1,-0.08
283,49,"(33, 23)",0,-0.08
283,50,"(33, 22)",0,-0.08
283,51,"(33, 21)",1,-0.08
283,52,"(34, 21)",1,-0.08
283,53,"(35, 21)",0,-0.08
283,54,"(35, 20)",0,-0.08
283,55,"(35, 19)",0,-0.08
283,56,"(35, 18)",0,-0.08
283,57,"(35, 17)",0,-0.08
283,58,"(35, 16)",0,-0.08
283,59,"(35, 15)",0,-0.08
283,60,"(35, 14)",0,-0.08
283,61,"(35, 13)",1,-0.08
283,62,"(36, 13)",1,-0.08
283,63,"(37, 13)",1,-0.08
283,64,"(38, 13)",1,-0.08
283,65,"(39, 13)",0,-0.08
283,66,"(39, 12)",0,-0.08
283,67,"(39, 11)",1,-0.08
283,68,"(40, 11)",1,-0.08
283,69,"(41, 11)",1,-0.08
283,70,"(42, 11)",1,-0.08
283,71,"(43, 11)",1,-0.08
283,72,"(44, 11)",1,-0.08
283,73,"(45, 11)",0,-0.08
283,74,"(45, 10)",0,-0.08
283,75,"(45, 9)",1,-0.08
283,76,"(46, 9)",0,-0.08
283,77,"(46, 8)",0,-0.08
283,78,"(46, 7)",0,-0.08
283,79,"(46, 6)",1,-0.08
283,80,"(47, 6)",1,-0.08
283,81,"(48, 6)",1,-0.08
283,82,"(49, 6)",0,-0.08
283,83,"(49, 5)",1,-0.08
283,84,"(50, 5)",1,-0.08
283,85,"(51, 5)",0,-0.08
283,86,"(51, 4)",0,-0.08
283,87,"(51, 3)",0,-0.08
283,88,"(51, 2)",0,-0.08
283,89,"(51, 1)",1,-0.08
283,90,"(52, 1)",1,-0.08
283,91,"(53, 1)",1,-0.08
283,92,"(54, 1)",1,-0.08
283,93,"(55, 1)",1,-0.08
283,94,"(56, 1)",1,-0.08
283,95,"(57, 1)",1,-0.08
283,96,"(58, 1)",1,-0.08
283,97,"(59, 1)",1,-0.08
283,98,"(60, 1)",1,-0.08
283,99,"(61, 1)",1,-0.08
283,100,"(62, 1)",1,-0.08
283,101,"(63, 1)",1,-0.08
283,102,"(64, 1)",1,-0.08
283,103,"(65, 1)",1,-0.08
283,104,"(66, 1)",1,-0.08
283,105,"(67, 1)",1,-0.08
283,106,"(68, 1)",1,-0.08
283,107,"(69, 1)",1,-0.08
283,108,"(70, 1)",1,-0.08
283,109,"(71, 1)",2,-0.08
283,110,"(71, 2)",2,-0.08
283,111,"(71, 3)",1,-0.08
283,112,"(72, 3)",1,-0.08
283,113,"(73, 3)",1,-0.08
283,114,"(74, 3)",1,-0.08
283,115,"(75, 3)",1,-0.08
283,116,"(76, 3)",1,-0.08
283,117,"(77, 3)",0,-0.08
283,118,"(77, 2)",0,-0.08
283,119,"(77, 1)",0,-0.08
283,120,"(77, 0)",1,-0.08
283,121,"(78, 0)",1,8.33
284,0,"(0, 39)",1,-0.08
284,1,"(1, 39)",1,-0.08
284,2,"(2, 39)",1,-0.08
284,3,"(3, 39)",1,-0.08
284,4,"(4, 39)",1,-0.08
284,5,"(5, 39)",1,-0.08
284,6,"(6, 39)",1,-0.08
284,7,"(7, 39)",1,-0.08
284,8,"(8, 39)",1,-0.08
284,9,"(9, 39)",1,-0.08
284,10,"(10, 39)",1,-0.08
284,11,"(11, 39)",1,-0.08
284,12,"(12, 39)",1,-0.08
284,13,"(13, 39)",1,-0.08
284,14,"(14, 39)",0,-0.08
284,15,"(14, 38)",0,-0.08
284,16,"(14, 37)",1,-0.08
284,17,"(15, 37)",1,-0.08
284,18,"(16, 37)",0,-0.08
284,19,"(16, 36)",1,-0.08
284,20,"(17, 36)",0,-0.08
284,21,"(17, 35)",0,-0.08
284,22,"(17, 34)",0,-0.08
284,23,"(17, 33)",1,-0.08
284,24,"(18, 33)",1,-0.08
284,25,"(19, 33)",0,-0.08
284,26,"(19, 32)",0,-0.08
284,27,"(19, 31)",0,-0.08
284,28,"(19, 30)",0,-0.08
284,29,"(19, 29)",1,-0.08
284,30,"(20, 29)",0,-0.08
284,31,"(20, 28)",0,-0.08
284,32,"(20, 27)",1,-0.08
284,33,"(21, 27)",0,-0.08
284,34,"(21, 26)",1,-0.08
284,35,"(22, 26)",1,-0.08
284,36,"(23, 26)",0,-0.08
284,37,"(23, 25)",1,-0.08
284,38,"(24, 25)",1,-0.08
284,39,"(25, 25)",1,-0.08
284,40,"(26, 25)",1,-0.08
284,41,"(27, 25)",1,-0.08
284,42,"(28, 25)",1,-0.08
284,43,"(29, 25)",1,-0.08
284,44,"(30, 25)",1,-0.08
284,45,"(31, 25)",0,-0.08
284,46,"(31, 24)",0,-0.08
284,47,"(31, 23)",1,-0.08
284,48,"(32, 23)",1,-0.08
284,49,"(33, 23)",0,-0.08
284,50,"(33, 22)",0,-0.08
284,51,"(33, 21)",1,-0.08
284,52,"(34, 21)",1,-0.08
284,53,"(35, 21)",1,-0.08
284,54,"(36, 21)",1,-0.08
284,55,"(37, 21)",1,-0.08
284,56,"(38, 21)",1,-0.08
284,57,"(39, 21)",1,-0.08
284,58,"(40, 21)",1,-0.08
284,59,"(41, 21)",1,-0.08
284,60,"(42, 21)",1,-0.08
284,61,"(43, 21)",0,-0.08
284,62,"(43, 20)",0,-0.08
284,63,"(43, 19)",1,-0.08
284,64,"(44, 19)",0,-0.08
284,65,"(44, 18)",0,-0.08
284,66,"(44, 17)",0,-0.08
284,67,"(44, 16)",0,-0.08
284,68,"(44, 15)",1,-0.08
284,69,"(45, 15)",0,-0.08
284,70,"(45, 14)",0,-0.08
284,71,"(45, 13)",0,-0.08
284,72,"(45, 12)",0,-0.08
284,73,"(45, 11)",0,-0.08
284,74,"(45, 10)",1,-0.08
284,75,"(46, 10)",0,-0.08
284,76,"(46, 9)",0,-0.08
284,77,"(46, 8)",0,-0.08
284,78,"(46, 7)",1,-0.08
284,79,"(47, 7)",0,-0.08
284,80,"(47, 6)",1,-0.08
284,81,"(48, 6)",1,-0.08
284,82,"(49, 6)",0,-0.08
284,83,"(49, 5)",1,-0.08
284,84,"(50, 5)",1,-0.08
284,85,"(51, 5)",1,-0.08
284,86,"(52, 5)",1,-0.08
284,87,"(53, 5)",0,-0.08
284,88,"(53, 4)",0,-0.08
284,89,"(53, 3)",0,-0.08
284,90,"(53, 2)",0,-0.08
284,91,"(53, 1)",1,-0.08
284,92,"(54, 1)",1,-0.08
284,93,"(55, 1)",1,-0.08
284,94,"(56, 1)",1,-0.08
284,95,"(57, 1)",1,-0.08
284,96,"(58, 1)",1,-0.08
284,97,"(59, 1)",1,-0.08
284,98,"(60, 1)",1,-0.08
284,99,"(61, 1)",1,-0.08
284,100,"(62, 1)",1,-0.08
284,101,"(63, 1)",1,-0.08
284,102,"(64, 1)",1,-0.08
284,103,"(65, 1)",1,-0.08
284,104,"(66, 1)",1,-0.08
284,105,"(67, 1)",1,-0.08
284,106,"(68, 1)",1,-0.08
284,107,"(69, 1)",1,-0.08
284,108,"(70, 1)",1,-0.08
284,109,"(71, 1)",2,-0.08
284,110,"(71, 2)",2,-0.08
284,111,"(71, 3)",1,-0.08
284,112,"(72, 3)",1,-0.08
284,113,"(73, 3)",1,-0.08
284,114,"(74, 3)",1,-0.08
284,115,"(75, 3)",1,-0.08
284,116,"(76, 3)",1,-0.08
284,117,"(77, 3)",0,-0.08
284,118,"(77, 2)",0,-0.08
284,119,"(77, 1)",1,-0.08
284,120,"(78, 1)",1,-0.08
284,121,"(79, 1)",0,8.33
285,0,"(0, 39)",1,-0.08
285,1,"(1, 39)",1,-0.08
285,2,"(2, 39)",1,-0.08
285,3,"(3, 39)",1,-0.08
285,4,"(4, 39)",1,-0.08
285,5,"(5, 39)",1,-0.08
285,6,"(6, 39)",1,-0.08
285,7,"(7, 39)",1,-0.08
285,8,"(8, 39)",1,-0.08
285,9,"(9, 39)",1,-0.08
285,10,"(10, 39)",1,-0.08
285,11,"(11, 39)",0,-0.08
285,12,"(11, 38)",0,-0.08
285,13,"(11, 37)",1,-0.08
285,14,"(12, 37)",1,-0.08
285,15,"(13, 37)",1,-0.08
285,16,"(14, 37)",1,-0.08
285,17,"(15, 37)",1,-0.08
285,18,"(16, 37)",1,-0.08
285,19,"(17, 37)",0,-0.08
285,20,"(17, 36)",0,-0.08
285,21,"(17, 35)",0,-0.08
285,22,"(17, 34)",0,-0.08
285,23,"(17, 33)",1,-0.08
285,24,"(18, 33)",1,-0.08
285,25,"(19, 33)",0,-0.08
285,26,"(19, 32)",0,-0.08
285,27,"(19, 31)",0,-0.08
285,28,"(19, 30)",0,-0.08
285,29,"(19, 29)",1,-0.08
285,30,"(20, 29)",0,-0.08
285,31,"(20, 28)",0,-0.08
285,32,"(20, 27)",1,-0.08
285,33,"(21, 27)",0,-0.08
285,34,"(21, 26)",0,-0.08
285,35,"(21, 25)",1,-0.08
285,36,"(22, 25)",1,-0.08
285,37,"(23, 25)",1,-0.08
285,38,"(24, 25)",1,-0.08
285,39,"(25, 25)",1,-0.08
285,40,"(26, 25)",1,-0.08
285,41,"(27, 25)",1,-0.08
285,42,"(28, 25)",1,-0.08
285,43,"(29, 25)",1,-0.08
285,44,"(30, 25)",1,-0.08
285,45,"(31, 25)",0,-0.08
285,46,"(31, 24)",0,-0.08
285,47,"(31, 23)",1,-0.08
285,48,"(32, 23)",1,-0.08
285,49,"(33, 23)",0,-0.08
285,50,"(33, 22)",0,-0.08
285,51,"(33, 21)",1,-0.08
285,52,"(34, 21)",1,-0.08
285,53,"(35, 21)",1,-0.08
285,54,"(36, 21)",1,-0.08
285,55,"(37, 21)",1,-0.08
285,56,"(38, 21)",1,-0.08
285,57,"(39, 21)",0,-0.08
285,58,"(39, 20)",1,-0.08
285,59,"(40, 20)",1,-0.08
285,60,"(41, 20)",1,-0.08
285,61,"(42, 20)",1,-0.08
285,62,"(43, 20)",0,-0.08
285,63,"(43, 19)",1,-0.08
285,64,"(44, 19)",0,-0.08
285,65,"(44, 18)",0,-0.08
285,66,"(44, 17)",0,-0.08
285,67,"(44, 16)",0,-0.08
285,68,"(44, 15)",1,-0.08
285,69,"(45, 15)",0,-0.08
285,70,"(45, 14)",0,-0.08
285,71,"(45, 13)",0,-0.08
285,72,"(45, 12)",0,-0.08
285,73,"(45, 11)",0,-0.08
285,74,"(45, 10)",1,-0.08
285,75,"(46, 10)",0,-0.08
285,76,"(46, 9)",0,-0.08
285,77,"(46, 8)",0,-0.08
285,78,"(46, 7)",1,-0.08
285,79,"(47, 7)",0,-0.08
285,80,"(47, 6)",1,-0.08
285,81,"(48, 6)",1,-0.08
285,82,"(49, 6)",0,-0.08
285,83,"(49, 5)",1,-0.08
285,84,"(50, 5)",1,-0.08
285,85,"(51, 5)",0,-0.08
285,86,"(51, 4)",0,-0.08
285,87,"(51, 3)",0,-0.08
285,88,"(51, 2)",1,-0.08
285,89,"(52, 2)",0,-0.08
285,90,"(52, 1)",1,-0.08
285,91,"(53, 1)",1,-0.08
285,92,"(54, 1)",1,-0.08
285,93,"(55, 1)",1,-0.08
285,94,"(56, 1)",1,-0.08
285,95,"(57, 1)",1,-0.08
285,96,"(58, 1)",1,-0.08
285,97,"(59, 1)",1,-0.08
285,98,"(60, 1)",1,-0.08
285,99,"(61, 1)",1,-0.08
285,100,"(62, 1)",1,-0.08
285,101,"(63, 1)",1,-0.08
285,102,"(64, 1)",1,-0.08
285,103,"(65, 1)",1,-0.08
285,104,"(66, 1)",1,-0.08
285,105,"(67, 1)",1,-0.08
285,106,"(68, 1)",1,-0.08
285,107,"(69, 1)",1,-0.08
285,108,"(70, 1)",1,-0.08
285,109,"(71, 1)",2,-0.08
285,110,"(71, 2)",2,-0.08
285,111,"(71, 3)",1,-0.08
285,112,"(72, 3)",1,-0.08
285,113,"(73, 3)",0,-0.08
285,114,"(73, 2)",0,-0.08
285,115,"(73, 1)",0,-0.08
285,116,"(73, 0)",1,-0.08
285,117,"(74, 0)",1,-0.08
285,118,"(75, 0)",1,-0.08
285,119,"(76, 0)",1,-0.08
285,120,"(77, 0)",1,-0.08
285,121,"(78, 0)",1,8.33
286,0,"(0, 39)",1,-0.08
286,1,"(1, 39)",1,-0.08
286,2,"(2, 39)",1,-0.08
286,3,"(3, 39)",1,-0.08
286,4,"(4, 39)",1,-0.08
286,5,"(5, 39)",1,-0.08
286,6,"(6, 39)",1,-0.08
286,7,"(7, 39)",1,-0.08
286,8,"(8, 39)",1,-0.08
286,9,"(9, 39)",1,-0.08
286,10,"(10, 39)",1,-0.08
286,11,"(11, 39)",0,-0.08
286,12,"(11, 38)",0,-0.08
286,13,"(11, 37)",1,-0.08
286,14,"(12, 37)",1,-0.08
286,15,"(13, 37)",1,-0.08
286,16,"(14, 37)",1,-0.08
286,17,"(15, 37)",0,-0.08
286,18,"(15, 36)",0,-0.08
286,19,"(15, 35)",0,-0.08
286,20,"(15, 34)",0,-0.08
286,21,"(15, 33)",1,-0.08
286,22,"(16, 33)",1,-0.08
286,23,"(17, 33)",1,-0.08
286,24,"(18, 33)",1,-0.08
286,25,"(19, 33)",0,-0.08
286,26,"(19, 32)",0,-0.08
286,27,"(19, 31)",0,-0.08
286,28,"(19, 30)",0,-0.08
286,29,"(19, 29)",1,-0.08
286,30,"(20, 29)",0,-0.08
286,31,"(20, 28)",0,-0.08
286,32,"(20, 27)",1,-0.08
286,33,"(21, 27)",0,-0.08
286,34,"(21, 26)",1,-0.08
286,35,"(22, 26)",1,-0.08
286,36,"(23, 26)",0,-0.08
286,37,"(23, 25)",1,-0.08
286,38,"(24, 25)",1,-0.08
286,39,"(25, 25)",0,-0.08
286,40,"(25, 24)",0,-0.08
286,41,"(25, 23)",0,-0.08
286,42,"(25, 22)",0,-0.08
286,43,"(25, 21)",0,-0.08
286,44,"(25, 20)",0,-0.08
286,45,"(25, 19)",0,-0.08
286,46,"(25, 18)",1,-0.08
286,47,"(26, 18)",1,-0.08
286,48,"(27, 18)",0,-0.08
286,49,"(27, 17)",0,-0.08
286,50,"(27, 16)",1,-0.08
286,51,"(28, 16)",1,-0.08
286,52,"(29, 16)",0,-0.08
286,53,"(29, 15)",1,-0.08
286,54,"(30, 15)",1,-0.08
286,55,"(31, 15)",1,-0.08
286,56,"(32, 15)",0,-0.08
286,57,"(32, 14)",0,-0.08
286,58,"(32, 13)",1,-0.08
286,59,"(33, 13)",1,-0.08
286,60,"(34, 13)",1,-0.08
286,61,"(35, 13)",1,-0.08
286,62,"(36, 13)",1,-0.08
286,63,"(37, 13)",1,-0.08
286,64,"(38, 13)",1,-0.08
286,65,"(39, 13)",0,-0.08
286,66,"(39, 12)",0,-0.08
286,67,"(39, 11)",1,-0.08
286,68,"(40, 11)",1,-0.08
286,69,"(41, 11)",1,-0.08
286,70,"(42, 11)",1,-0.08
286,71,"(43, 11)",1,-0.08
286,72,"(44, 11)",1,-0.08
286,73,"(45, 11)",0,-0.08
286,74,"(45, 10)",1,-0.08
286,75,"(46, 10)",0,-0.08
286,76,"(46, 9)",0,-0.08
286,77,"(46, 8)",0,-0.08
286,78,"(46, 7)",1,-0.08
286,79,"(47, 7)",0,-0.08
286,80,"(47, 6)",1,-0.08
286,81,"(48, 6)",1,-0.08
286,82,"(49, 6)",0,-0.08
286,83,"(49, 5)",1,-0.08
286,84,"(50, 5)",1,-0.08
286,85,"(51, 5)",1,-0.08
286,86,"(52, 5)",1,-0.08
286,87,"(53, 5)",0,-0.08
286,88,"(53, 4)",0,-0.08
286,89,"(53, 3)",1,-0.08
286,90,"(54, 3)",1,-0.08
286,91,"(55, 3)",1,-0.08
286,92,"(56, 3)",0,-0.08
286,93,"(56, 2)",0,-0.08
286,94,"(56, 1)",1,-0.08
286,95,"(57, 1)",1,-0.08
286,96,"(58, 1)",1,-0.08
286,97,"(59, 1)",1,-0.08
286,98,"(60, 1)",1,-0.08
286,99,"(61, 1)",1,-0.08
286,100,"(62, 1)",1,-0.08
286,101,"(63, 1)",1,-0.08
286,102,"(64, 1)",1,-0.08
286,103,"(65, 1)",1,-0.08
286,104,"(66, 1)",1,-0.08
286,105,"(67, 1)",1,-0.08
286,106,"(68, 1)",1,-0.08
286,107,"(69, 1)",1,-0.08
286,108,"(70, 1)",1,-0.08
286,109,"(71, 1)",2,-0.08
286,110,"(71, 2)",2,-0.08
286,111,"(71, 3)",1,-0.08
286,112,"(72, 3)",1,-0.08
286,113,"(73, 3)",1,-0.08
286,114,"(74, 3)",1,-0.08
286,115,"(75, 3)",1,-0.08
286,116,"(76, 3)",1,-0.08
286,117,"(77, 3)",0,-0.08
286,118,"(77, 2)",0,-0.08
286,119,"(77, 1)",0,-0.08
286,120,"(77, 0)",1,-0.08
286,121,"(78, 0)",1,8.33
287,0,"(0, 39)",1,-0.08
287,1,"(1, 39)",1,-0.08
287,2,"(2, 39)",1,-0.08
287,3,"(3, 39)",1,-0.08
287,4,"(4, 39)",1,-0.08
287,5,"(5, 39)",1,-0.08
287,6,"(6, 39)",1,-0.08
287,7,"(7, 39)",1,-0.08
287,8,"(8, 39)",1,-0.08
287,9,"(9, 39)",1,-0.08
287,10,"(10, 39)",0,-0.08
287,11,"(10, 38)",1,-0.08
287,12,"(11, 38)",0,-0.08
287,13,"(11, 37)",1,-0.08
287,14,"(12, 37)",1,-0.08
287,15,"(13, 37)",1,-0.08
287,16,"(14, 37)",1,-0.08
287,17,"(15, 37)",0,-0.08
287,18,"(15, 36)",0,-0.08
287,19,"(15, 35)",0,-0.08
287,20,"(15, 34)",0,-0.08
287,21,"(15, 33)",1,-0.08
287,22,"(16, 33)",1,-0.08
287,23,"(17, 33)",1,-0.08
287,24,"(18, 33)",1,-0.08
287,25,"(19, 33)",0,-0.08
287,26,"(19, 32)",0,-0.08
287,27,"(19, 31)",0,-0.08
287,28,"(19, 30)",0,-0.08
287,29,"(19, 29)",1,-0.08
287,30,"(20, 29)",0,-0.08
287,31,"(20, 28)",0,-0.08
287,32,"(20, 27)",1,-0.08
287,33,"(21, 27)",0,-0.08
287,34,"(21, 26)",1,-0.08
287,35,"(22, 26)",0,-0.08
287,36,"(22, 25)",0,-0.08
287,37,"(22, 24)",0,-0.08
287,38,"(22, 23)",1,-0.08
287,39,"(23, 23)",1,-0.08
287,40,"(24, 23)",1,-0.08
287,41,"(25, 23)",0,-0.08
287,42,"(25, 22)",0,-0.08
287,43,"(25, 21)",0,-0.08
287,44,"(25, 20)",0,-0.08
287,45,"(25, 19)",0,-0.08
287,46,"(25, 18)",1,-0.08
287,47,"(26, 18)",1,-0.08
287,48,"(27, 18)",0,-0.08
287,49,"(27, 17)",1,-0.08
287,50,"(28, 17)",0,-0.08
287,51,"(28, 16)",1,-0.08
287,52,"(29, 16)",0,-0.08
287,53,"(29, 15)",1,-0.08
287,54,"(30, 15)",1,-0.08
287,55,"(31, 15)",1,-0.08
287,56,"(32, 15)",0,-0.08
287,57,"(32, 14)",0,-0.08
287,58,"(32, 13)",1,-0.08
287,59,"(33, 13)",1,-0.08
287,60,"(34, 13)",1,-0.08
287,61,"(35, 13)",1,-0.08
287,62,"(36, 13)",1,-0.08
287,63,"(37, 13)",1,-0.08
287,64,"(38, 13)",1,-0.08
287,65,"(39, 13)",0,-0.08
287,66,"(39, 12)",0,-0.08
287,67,"(39, 11)",1,-0.08
287,68,"(40, 11)",1,-0.08
287,69,"(41, 11)",1,-0.08
287,70,"(42, 11)",1,-0.08
287,71,"(43, 11)",1,-0.08
287,72,"(44, 11)",1,-0.08
287,73,"(45, 11)",0,-0.08
287,74,"(45, 10)",0,-0.08
287,75,"(45, 9)",1,-0.08
287,76,"(46, 9)",0,-0.08
287,77,"(46, 8)",0,-0.08
287,78,"(46, 7)",1,-0.08
287,79,"(47, 7)",0,-0.08
287,80,"(47, 6)",1,-0.08
287,81,"(48, 6)",1,-0.08
287,82,"(49, 6)",0,-0.08
287,83,"(49, 5)",1,-0.08
287,84,"(50, 5)",1,-0.08
287,85,"(51, 5)",1,-0.08
287,86,"(52, 5)",1,-0.08
287,87,"(53, 5)",0,-0.08
287,88,"(53, 4)",0,-0.08
287,89,"(53, 3)",0,-0.08
287,90,"(53, 2)",0,-0.08
287,91,"(53, 1)",1,-0.08
287,92,"(54, 1)",1,-0.08
287,93,"(55, 1)",1,-0.08
287,94,"(56, 1)",1,-0.08
287,95,"(57, 1)",1,-0.08
287,96,"(58, 1)",1,-0.08
287,97,"(59, 1)",1,-0.08
287,98,"(60, 1)",1,-0.08
287,99,"(61, 1)",1,-0.08
287,100,"(62, 1)",1,-0.08
287,101,"(63, 1)",1,-0.08
287,102,"(64, 1)",1,-0.08
287,103,"(65, 1)",1,-0.08
287,104,"(66, 1)",1,-0.08
287,105,"(67, 1)",1,-0.08
287,106,"(68, 1)",1,-0.08
287,107,"(69, 1)",1,-0.08
287,108,"(70, 1)",1,-0.08
287,109,"(71, 1)",2,-0.08
287,110,"(71, 2)",2,-0.08
287,111,"(71, 3)",1,-0.08
287,112,"(72, 3)",1,-0.08
287,113,"(73, 3)",1,-0.08
287,114,"(74, 3)",1,-0.08
287,115,"(75, 3)",1,-0.08
287,116,"(76, 3)",1,-0.08
287,117,"(77, 3)",0,-0.08
287,118,"(77, 2)",0,-0.08
287,119,"(77, 1)",0,-0.08
287,120,"(77, 0)",1,-0.08
287,121,"(78, 0)",1,8.33
288,0,"(0, 39)",1,-0.08
288,1,"(1, 39)",1,-0.08
288,2,"(2, 39)",1,-0.08
288,3,"(3, 39)",1,-0.08
288,4,"(4, 39)",1,-0.08
288,5,"(5, 39)",1,-0.08
288,6,"(6, 39)",1,-0.08
288,7,"(7, 39)",1,-0.08
288,8,"(8, 39)",1,-0.08
288,9,"(9, 39)",1,-0.08
288,10,"(10, 39)",0,-0.08
288,11,"(10, 38)",1,-0.08
288,12,"(11, 38)",0,-0.08
288,13,"(11, 37)",1,-0.08
288,14,"(12, 37)",1,-0.08
288,15,"(13, 37)",1,-0.08
288,16,"(14, 37)",1,-0.08
288,17,"(15, 37)",1,-0.08
288,18,"(16, 37)",0,-0.08
288,19,"(16, 36)",1,-0.08
288,20,"(17, 36)",0,-0.08
288,21,"(17, 35)",1,-0.08
288,22,"(18, 35)",1,-0.08
288,23,"(19, 35)",0,-0.08
288,24,"(19, 34)",0,-0.08
288,25,"(19, 33)",0,-0.08
288,26,"(19, 32)",0,-0.08
288,27,"(19, 31)",0,-0.08
288,28,"(19, 30)",0,-0.08
288,29,"(19, 29)",1,-0.08
288,30,"(20, 29)",0,-0.08
288,31,"(20, 28)",0,-0.08
288,32,"(20, 27)",1,-0.08
288,33,"(21, 27)",0,-0.08
288,34,"(21, 26)",0,-0.08
288,35,"(21, 25)",1,-0.08
288,36,"(22, 25)",0,-0.08
288,37,"(22, 24)",0,-0.08
288,38,"(22, 23)",1,-0.08
288,39,"(23, 23)",1,-0.08
288,40,"(24, 23)",1,-0.08
288,41,"(25, 23)",0,-0.08
288,42,"(25, 22)",0,-0.08
288,43,"(25, 21)",1,-0.08
288,44,"(26, 21)",1,-0.08
288,45,"(27, 21)",0,-0.08
288,46,"(27, 20)",1,-0.08
288,47,"(28, 20)",0,-0.08
288,48,"(28, 19)",1,-0.08
288,49,"(29, 19)",1,-0.08
288,50,"(30, 19)",1,-0.08
288,51,"(31, 19)",0,-0.08
288,52,"(31, 18)",1,-0.08
288,53,"(32, 18)",0,-0.08
288,54,"(32, 17)",1,-0.08
288,55,"(33, 17)",1,-0.08
288,56,"(34, 17)",1,-0.08
288,57,"(35, 17)",0,-0.08
288,58,"(35, 16)",0,-0.08
288,59,"(35, 15)",0,-0.08
288,60,"(35, 14)",0,-0.08
288,61,"(35, 13)",1,-0.08
288,62,"(36, 13)",1,-0.08
288,63,"(37, 13)",1,-0.08
288,64,"(38, 13)",1,-0.08
288,65,"(39, 13)",1,-0.08
288,66,"(40, 13)",1,-0.08
288,67,"(41, 13)",1,-0.08
288,68,"(42, 13)",1,-0.08
288,69,"(43, 13)",0,-0.08
288,70,"(43, 12)",0,-0.08
288,71,"(43, 11)",1,-0.08
288,72,"(44, 11)",1,-0.08
288,73,"(45, 11)",0,-0.08
288,74,"(45, 10)",1,-0.08
288,75,"(46, 10)",0,-0.08
288,76,"(46, 9)",0,-0.08
288,77,"(46, 8)",0,-0.08
288,78,"(46, 7)",1,-0.08
288,79,"(47, 7)",0,-0.08
288,80,"(47, 6)",1,-0.08
288,81,"(48, 6)",1,-0.08
288,82,"(49, 6)",0,-0.08
288,83,"(49, 5)",1,-0.08
288,84,"(50, 5)",1,-0.08
288,85,"(51, 5)",0,-0.08
288,86,"(51, 4)",0,-0.08
288,87,"(51, 3)",0,-0.08
288,88,"(51, 2)",1,-0.08
288,89,"(52, 2)",0,-0.08
288,90,"(52, 1)",1,-0.08
288,91,"(53, 1)",1,-0.08
288,92,"(54, 1)",1,-0.08
288,93,"(55, 1)",1,-0.08
288,94,"(56, 1)",1,-0.08
288,95,"(57, 1)",1,-0.08
288,96,"(58, 1)",1,-0.08
288,97,"(59, 1)",1,-0.08
288,98,"(60, 1)",1,-0.08
288,99,"(61, 1)",1,-0.08
288,100,"(62, 1)",1,-0.08
288,101,"(63, 1)",1,-0.08
288,102,"(64, 1)",1,-0.08
288,103,"(65, 1)",1,-0.08
288,104,"(66, 1)",1,-0.08
288,105,"(67, 1)",1,-0.08
288,106,"(68, 1)",1,-0.08
288,107,"(69, 1)",1,-0.08
288,108,"(70, 1)",1,-0.08
288,109,"(71, 1)",2,-0.08
288,110,"(71, 2)",2,-0.08
288,111,"(71, 3)",1,-0.08
288,112,"(72, 3)",1,-0.08
288,113,"(73, 3)",0,-0.08
288,114,"(73, 2)",0,-0.08
288,115,"(73, 1)",1,-0.08
288,116,"(74, 1)",1,-0.08
288,117,"(75, 1)",1,-0.08
288,118,"(76, 1)",0,-0.08
288,119,"(76, 0)",1,-0.08
288,120,"(77, 0)",1,-0.08
288,121,"(78, 0)",1,8.33
289,0,"(0, 39)",1,-0.08
289,1,"(1, 39)",1,-0.08
289,2,"(2, 39)",1,-0.08
289,3,"(3, 39)",1,-0.08
289,4,"(4, 39)",1,-0.08
289,5,"(5, 39)",1,-0.08
289,6,"(6, 39)",1,-0.08
289,7,"(7, 39)",1,-0.08
289,8,"(8, 39)",1,-0.08
289,9,"(9, 39)",1,-0.08
289,10,"(10, 39)",0,-0.08
289,11,"(10, 38)",1,-0.08
289,12,"(11, 38)",0,-0.08
289,13,"(11, 37)",1,-0.08
289,14,"(12, 37)",1,-0.08
289,15,"(13, 37)",1,-0.08
289,16,"(14, 37)",1,-0.08
289,17,"(15, 37)",1,-0.08
289,18,"(16, 37)",1,-0.08
289,19,"(17, 37)",0,-0.08
289,20,"(17, 36)",0,-0.08
289,21,"(17, 35)",1,-0.08
289,22,"(18, 35)",1,-0.08
289,23,"(19, 35)",0,-0.08
289,24,"(19, 34)",0,-0.08
289,25,"(19, 33)",0,-0.08
289,26,"(19, 32)",0,-0.08
289,27,"(19, 31)",0,-0.08
289,28,"(19, 30)",0,-0.08
289,29,"(19, 29)",1,-0.08
289,30,"(20, 29)",0,-0.08
289,31,"(20, 28)",0,-0.08
289,32,"(20, 27)",1,-0.08
289,33,"(21, 27)",0,-0.08
289,34,"(21, 26)",0,-0.08
289,35,"(21, 25)",1,-0.08
289,36,"(22, 25)",1,-0.08
289,37,"(23, 25)",1,-0.08
289,38,"(24, 25)",1,-0.08
289,39,"(25, 25)",1,-0.08
289,40,"(26, 25)",1,-0.08
289,41,"(27, 25)",1,-0.08
289,42,"(28, 25)",1,-0.08
289,43,"(29, 25)",1,-0.08
289,44,"(30, 25)",1,-0.08
289,45,"(31, 25)",0,-0.08
289,46,"(31, 24)",0,-0.08
289,47,"(31, 23)",1,-0.08
289,48,"(32, 23)",1,-0.08
289,49,"(33, 23)",0,-0.08
289,50,"(33, 22)",0,-0.08
289,51,"(33, 21)",1,-0.08
289,52,"(34, 21)",1,-0.08
289,53,"(35, 21)",1,-0.08
289,54,"(36, 21)",1,-0.08
289,55,"(37, 21)",1,-0.08
289,56,"(38, 21)",1,-0.08
289,57,"(39, 21)",1,-0.08
289,58,"(40, 21)",1,-0.08
289,59,"(41, 21)",1,-0.08
289,60,"(42, 21)",0,-0.08
289,61,"(42, 20)",1,-0.08
289,62,"(43, 20)",0,-0.08
289,63,"(43, 19)",1,-0.08
289,64,"(44, 19)",0,-0.08
289,65,"(44, 18)",0,-0.08
289,66,"(44, 17)",0,-0.08
289,67,"(44, 16)",0,-0.08
289,68,"(44, 15)",1,-0.08
289,69,"(45, 15)",0,-0.08
289,70,"(45, 14)",0,-0.08
289,71,"(45, 13)",0,-0.08
289,72,"(45, 12)",0,-0.08
289,73,"(45, 11)",0,-0.08
289,74,"(45, 10)",0,-0.08
289,75,"(45, 9)",0,-0.08
289,76,"(45, 8)",1,-0.08
289,77,"(46, 8)",0,-0.08
289,78,"(46, 7)",1,-0.08
289,79,"(47, 7)",0,-0.08
289,80,"(47, 6)",1,-0.08
289,81,"(48, 6)",1,-0.08
289,82,"(49, 6)",0,-0.08
289,83,"(49, 5)",1,-0.08
289,84,"(50, 5)",1,-0.08
289,85,"(51, 5)",1,-0.08
289,86,"(52, 5)",1,-0.08
289,87,"(53, 5)",0,-0.08
289,88,"(53, 4)",0,-0.08
289,89,"(53, 3)",0,-0.08
289,90,"(53, 2)",0,-0.08
289,91,"(53, 1)",1,-0.08
289,92,"(54, 1)",1,-0.08
289,93,"(55, 1)",1,-0.08
289,94,"(56, 1)",1,-0.08
289,95,"(57, 1)",1,-0.08
289,96,"(58, 1)",1,-0.08
289,97,"(59, 1)",1,-0.08
289,98,"(60, 1)",1,-0.08
289,99,"(61, 1)",1,-0.08
289,100,"(62, 1)",1,-0.08
289,101,"(63, 1)",1,-0.08
289,102,"(64, 1)",1,-0.08
289,103,"(65, 1)",1,-0.08
289,104,"(66, 1)",1,-0.08
289,105,"(67, 1)",1,-0.08
289,106,"(68, 1)",1,-0.08
289,107,"(69, 1)",1,-0.08
289,108,"(70, 1)",1,-0.08
289,109,"(71, 1)",2,-0.08
289,110,"(71, 2)",2,-0.08
289,111,"(71, 3)",1,-0.08
289,112,"(72, 3)",1,-0.08
289,113,"(73, 3)",1,-0.08
289,114,"(74, 3)",1,-0.08
289,115,"(75, 3)",1,-0.08
289,116,"(76, 3)",1,-0.08
289,117,"(77, 3)",0,-0.08
289,118,"(77, 2)",0,-0.08
289,119,"(77, 1)",0,-0.08
289,120,"(77, 0)",1,-0.08
289,121,"(78, 0)",1,8.33
290,0,"(0, 39)",1,-0.08
290,1,"(1, 39)",1,-0.08
290,2,"(2, 39)",1,-0.08
290,3,"(3, 39)",1,-0.08
290,4,"(4, 39)",1,-0.08
290,5,"(5, 39)",1,-0.08
290,6,"(6, 39)",1,-0.08
290,7,"(7, 39)",1,-0.08
290,8,"(8, 39)",1,-0.08
290,9,"(9, 39)",1,-0.08
290,10,"(10, 39)",0,-0.08
290,11,"(10, 38)",0,-0.08
290,12,"(10, 37)",1,-0.08
290,13,"(11, 37)",1,-0.08
290,14,"(12, 37)",1,-0.08
290,15,"(13, 37)",1,-0.08
290,16,"(14, 37)",1,-0.08
290,17,"(15, 37)",1,-0.08
290,18,"(16, 37)",1,-0.08
290,19,"(17, 37)",1,-0.08
290,20,"(18, 37)",1,-0.08
290,21,"(19, 37)",0,-0.08
290,22,"(19, 36)",0,-0.08
290,23,"(19, 35)",0,-0.08
290,24,"(19, 34)",0,-0.08
290,25,"(19, 33)",0,-0.08
290,26,"(19, 32)",0,-0.08
290,27,"(19, 31)",0,-0.08
290,28,"(19, 30)",0,-0.08
290,29,"(19, 29)",1,-0.08
290,30,"(20, 29)",0,-0.08
290,31,"(20, 28)",0,-0.08
290,32,"(20, 27)",1,-0.08
290,33,"(21, 27)",0,-0.08
290,34,"(21, 26)",1,-0.08
290,35,"(22, 26)",1,-0.08
290,36,"(23, 26)",1,-0.08
290,37,"(24, 26)",1,-0.08
290,38,"(25, 26)",0,-0.08
290,39,"(25, 25)",0,-0.08
290,40,"(25, 24)",0,-0.08
290,41,"(25, 23)",0,-0.08
290,42,"(25, 22)",0,-0.08
290,43,"(25, 21)",1,-0.08
290,44,"(26, 21)",1,-0.08
290,45,"(27, 21)",0,-0.08
290,46,"(27, 20)",0,-0.08
290,47,"(27, 19)",0,-0.08
290,48,"(27, 18)",0,-0.08
290,49,"(27, 17)",1,-0.08
290,50,"(28, 17)",1,-0.08
290,51,"(29, 17)",0,-0.08
290,52,"(29, 16)",0,-0.08
290,53,"(29, 15)",1,-0.08
290,54,"(30, 15)",1,-0.08
290,55,"(31, 15)",1,-0.08
290,56,"(32, 15)",0,-0.08
290,57,"(32, 14)",0,-0.08
290,58,"(32, 13)",1,-0.08
290,59,"(33, 13)",1,-0.08
290,60,"(34, 13)",1,-0.08
290,61,"(35, 13)",1,-0.08
290,62,"(36, 13)",1,-0.08
290,63,"(37, 13)",1,-0.08
290,64,"(38, 13)",1,-0.08
290,65,"(39, 13)",1,-0.08
290,66,"(40, 13)",1,-0.08
290,67,"(41, 13)",1,-0.08
290,68,"(42, 13)",1,-0.08
290,69,"(43, 13)",1,-0.08
290,70,"(44, 13)",1,-0.08
290,71,"(45, 13)",0,-0.08
290,72,"(45, 12)",0,-0.08
290,73,"(45, 11)",0,-0.08
290,74,"(45, 10)",0,-0.08
290,75,"(45, 9)",1,-0.08
290,76,"(46, 9)",0,-0.08
290,77,"(46, 8)",0,-0.08
290,78,"(46, 7)",1,-0.08
290,79,"(47, 7)",0,-0.08
290,80,"(47, 6)",1,-0.08
290,81,"(48, 6)",1,-0.08
290,82,"(49, 6)",0,-0.08
290,83,"(49, 5)",1,-0.08
290,84,"(50, 5)",1,-0.08
290,85,"(51, 5)",0,-0.08
290,86,"(51, 4)",0,-0.08
290,87,"(51, 3)",0,-0.08
290,88,"(51, 2)",0,-0.08
290,89,"(51, 1)",1,-0.08
290,90,"(52, 1)",1,-0.08
290,91,"(53, 1)",1,-0.08
290,92,"(54, 1)",1,-0.08
290,93,"(55, 1)",1,-0.08
290,94,"(56, 1)",1,-0.08
290,95,"(57, 1)",1,-0.08
290,96,"(58, 1)",1,-0.08
290,97,"(59, 1)",1,-0.08
290,98,"(60, 1)",1,-0.08
290,99,"(61, 1)",1,-0.08
290,100,"(62, 1)",1,-0.08
290,101,"(63, 1)",1,-0.08
290,102,"(64, 1)",1,-0.08
290,103,"(65, 1)",1,-0.08
290,104,"(66, 1)",1,-0.08
290,105,"(67, 1)",1,-0.08
290,106,"(68, 1)",1,-0.08
290,107,"(69, 1)",1,-0.08
290,108,"(70, 1)",1,-0.08
290,109,"(71, 1)",2,-0.08
290,110,"(71, 2)",2,-0.08
290,111,"(71, 3)",1,-0.08
290,112,"(72, 3)",1,-0.08
290,113,"(73, 3)",1,-0.08
290,114,"(74, 3)",1,-0.08
290,115,"(75, 3)",1,-0.08
290,116,"(76, 3)",1,-0.08
290,117,"(77, 3)",0,-0.08
290,118,"(77, 2)",0,-0.08
290,119,"(77, 1)",0,-0.08
290,120,"(77, 0)",1,-0.08
290,121,"(78, 0)",1,8.33
291,0,"(0, 39)",1,-0.08
291,1,"(1, 39)",1,-0.08
291,2,"(2, 39)",1,-0.08
291,3,"(3, 39)",1,-0.08
291,4,"(4, 39)",1,-0.08
291,5,"(5, 39)",1,-0.08
291,6,"(6, 39)",1,-0.08
291,7,"(7, 39)",1,-0.08
291,8,"(8, 39)",1,-0.08
291,9,"(9, 39)",1,-0.08
291,10,"(10, 39)",0,-0.08
291,11,"(10, 38)",0,-0.08
291,12,"(10, 37)",1,-0.08
291,13,"(11, 37)",1,-0.08
291,14,"(12, 37)",1,-0.08
291,15,"(13, 37)",1,-0.08
291,16,"(14, 37)",1,-0.08
291,17,"(15, 37)",1,-0.08
291,18,"(16, 37)",0,-0.08
291,19,"(16, 36)",1,-0.08
291,20,"(17, 36)",0,-0.08
291,21,"(17, 35)",0,-0.08
291,22,"(17, 34)",1,-0.08
291,23,"(18, 34)",1,-0.08
291,24,"(19, 34)",0,-0.08
291,25,"(19, 33)",0,-0.08
291,26,"(19, 32)",0,-0.08
291,27,"(19, 31)",0,-0.08
291,28,"(19, 30)",0,-0.08
291,29,"(19, 29)",1,-0.08
291,30,"(20, 29)",0,-0.08
291,31,"(20, 28)",0,-0.08
291,32,"(20, 27)",1,-0.08
291,33,"(21, 27)",0,-0.08
291,34,"(21, 26)",1,-0.08
291,35,"(22, 26)",1,-0.08
291,36,"(23, 26)",0,-0.08
291,37,"(23, 25)",1,-0.08
291,38,"(24, 25)",1,-0.08
291,39,"(25, 25)",1,-0.08
291,40,"(26, 25)",1,-0.08
291,41,"(27, 25)",1,-0.08
291,42,"(28, 25)",1,-0.08
291,43,"(29, 25)",1,-0.08
291,44,"(30, 25)",1,-0.08
291,45,"(31, 25)",0,-0.08
291,46,"(31, 24)",0,-0.08
291,47,"(31, 23)",1,-0.08
291,48,"(32, 23)",1,-0.08
291,49,"(33, 23)",0,-0.08
291,50,"(33, 22)",0,-0.08
291,51,"(33, 21)",1,-0.08
291,52,"(34, 21)",1,-0.08
291,53,"(35, 21)",1,-0.08
291,54,"(36, 21)",1,-0.08
291,55,"(37, 21)",1,-0.08
291,56,"(38, 21)",1,-0.08
291,57,"(39, 21)",0,-0.08
291,58,"(39, 20)",1,-0.08
291,59,"(40, 20)",1,-0.08
291,60,"(41, 20)",0,-0.08
291,61,"(41, 19)",0,-0.08
291,62,"(41, 18)",0,-0.08
291,63,"(41, 17)",1,-0.08
291,64,"(42, 17)",0,-0.08
291,65,"(42, 16)",1,-0.08
291,66,"(43, 16)",0,-0.08
291,67,"(43, 15)",1,-0.08
291,68,"(44, 15)",1,-0.08
291,69,"(45, 15)",0,-0.08
291,70,"(45, 14)",0,-0.08
291,71,"(45, 13)",0,-0.08
291,72,"(45, 12)",0,-0.08
291,73,"(45, 11)",0,-0.08
291,74,"(45, 10)",0,-0.08
291,75,"(45, 9)",0,-0.08
291,76,"(45, 8)",0,-0.08
291,77,"(45, 7)",1,-0.08
291,78,"(46, 7)",0,-0.08
291,79,"(46, 6)",1,-0.08
291,80,"(47, 6)",1,-0.08
291,81,"(48, 6)",1,-0.08
291,82,"(49, 6)",0,-0.08
291,83,"(49, 5)",1,-0.08
291,84,"(50, 5)",1,-0.08
291,85,"(51, 5)",1,-0.08
291,86,"(52, 5)",1,-0.08
291,87,"(53, 5)",0,-0.08
291,88,"(53, 4)",0,-0.08
291,89,"(53, 3)",0,-0.08
291,90,"(53, 2)",0,-0.08
291,91,"(53, 1)",1,-0.08
291,92,"(54, 1)",1,-0.08
291,93,"(55, 1)",1,-0.08
291,94,"(56, 1)",1,-0.08
291,95,"(57, 1)",1,-0.08
291,96,"(58, 1)",1,-0.08
291,97,"(59, 1)",1,-0.08
291,98,"(60, 1)",1,-0.08
291,99,"(61, 1)",1,-0.08
291,100,"(62, 1)",1,-0.08
291,101,"(63, 1)",1,-0.08
291,102,"(64, 1)",1,-0.08
291,103,"(65, 1)",1,-0.08
291,104,"(66, 1)",1,-0.08
291,105,"(67, 1)",1,-0.08
291,106,"(68, 1)",1,-0.08
291,107,"(69, 1)",1,-0.08
291,108,"(70, 1)",1,-0.08
291,109,"(71, 1)",2,-0.08
291,110,"(71, 2)",2,-0.08
291,111,"(71, 3)",1,-0.08
291,112,"(72, 3)",1,-0.08
291,113,"(73, 3)",0,-0.08
291,114,"(73, 2)",0,-0.08
291,115,"(73, 1)",1,-0.08
291,116,"(74, 1)",0,-0.08
291,117,"(74, 0)",1,-0.08
291,118,"(75, 0)",1,-0.08
291,119,"(76, 0)",1,-0.08
291,120,"(77, 0)",1,-0.08
291,121,"(78, 0)",1,8.33
292,0,"(0, 39)",1,-0.08
292,1,"(1, 39)",1,-0.08
292,2,"(2, 39)",1,-0.08
292,3,"(3, 39)",1,-0.08
292,4,"(4, 39)",1,-0.08
292,5,"(5, 39)",1,-0.08
292,6,"(6, 39)",1,-0.08
292,7,"(7, 39)",1,-0.08
292,8,"(8, 39)",1,-0.08
292,9,"(9, 39)",1,-0.08
292,10,"(10, 39)",0,-0.08
292,11,"(10, 38)",1,-0.08
292,12,"(11, 38)",0,-0.08
292,13,"(11, 37)",1,-0.08
292,14,"(12, 37)",1,-0.08
292,15,"(13, 37)",1,-0.08
292,16,"(14, 37)",1,-0.08
292,17,"(15, 37)",0,-0.08
292,18,"(15, 36)",0,-0.08
292,19,"(15, 35)",0,-0.08
292,20,"(15, 34)",0,-0.08
292,21,"(15, 33)",1,-0.08
292,22,"(16, 33)",1,-0.08
292,23,"(17, 33)",1,-0.08
292,24,"(18, 33)",1,-0.08
292,25,"(19, 33)",0,-0.08
292,26,"(19, 32)",0,-0.08
292,27,"(19, 31)",0,-0.08
292,28,"(19, 30)",0,-0.08
292,29,"(19, 29)",1,-0.08
292,30,"(20, 29)",0,-0.08
292,31,"(20, 28)",0,-0.08
292,32,"(20, 27)",1,-0.08
292,33,"(21, 27)",0,-0.08
292,34,"(21, 26)",1,-0.08
292,35,"(22, 26)",1,-0.08
292,36,"(23, 26)",0,-0.08
292,37,"(23, 25)",1,-0.08
292,38,"(24, 25)",1,-0.08
292,39,"(25, 25)",0,-0.08
292,40,"(25, 24)",0,-0.08
292,41,"(25, 23)",0,-0.08
292,42,"(25, 22)",0,-0.08
292,43,"(25, 21)",1,-0.08
292,44,"(26, 21)",1,-0.08
292,45,"(27, 21)",0,-0.08
292,46,"(27, 20)",0,-0.08
292,47,"(27, 19)",1,-0.08
292,48,"(28, 19)",1,-0.08
292,49,"(29, 19)",1,-0.08
292,50,"(30, 19)",1,-0.08
292,51,"(31, 19)",0,-0.08
292,52,"(31, 18)",1,-0.08
292,53,"(32, 18)",0,-0.08
292,54,"(32, 17)",0,-0.08
292,55,"(32, 16)",0,-0.08
292,56,"(32, 15)",0,-0.08
292,57,"(32, 14)",0,-0.08
292,58,"(32, 13)",1,-0.08
292,59,"(33, 13)",1,-0.08
292,60,"(34, 13)",1,-0.08
292,61,"(35, 13)",1,-0.08
292,62,"(36, 13)",1,-0.08
292,63,"(37, 13)",1,-0.08
292,64,"(38, 13)",1,-0.08
292,65,"(39, 13)",0,-0.08
292,66,"(39, 12)",0,-0.08
292,67,"(39, 11)",1,-0.08
292,68,"(40, 11)",1,-0.08
292,69,"(41, 11)",1,-0.08
292,70,"(42, 11)",1,-0.08
292,71,"(43, 11)",1,-0.08
292,72,"(44, 11)",1,-0.08
292,73,"(45, 11)",0,-0.08
292,74,"(45, 10)",1,-0.08
292,75,"(46, 10)",0,-0.08
292,76,"(46, 9)",0,-0.08
292,77,"(46, 8)",0,-0.08
292,78,"(46, 7)",0,-0.08
292,79,"(46, 6)",1,-0.08
292,80,"(47, 6)",1,-0.08
292,81,"(48, 6)",1,-0.08
292,82,"(49, 6)",0,-0.08
292,83,"(49, 5)",1,-0.08
292,84,"(50, 5)",1,-0.08
292,85,"(51, 5)",1,-0.08
292,86,"(52, 5)",1,-0.08
292,87,"(53, 5)",0,-0.08
292,88,"(53, 4)",0,-0.08
292,89,"(53, 3)",1,-0.08
292,90,"(54, 3)",1,-0.08
292,91,"(55, 3)",1,-0.08
292,92,"(56, 3)",0,-0.08
292,93,"(56, 2)",1,-0.08
292,94,"(57, 2)",0,-0.08
292,95,"(57, 1)",1,-0.08
292,96,"(58, 1)",1,-0.08
292,97,"(59, 1)",1,-0.08
292,98,"(60, 1)",1,-0.08
292,99,"(61, 1)",1,-0.08
292,100,"(62, 1)",1,-0.08
292,101,"(63, 1)",1,-0.08
292,102,"(64, 1)",1,-0.08
292,103,"(65, 1)",1,-0.08
292,104,"(66, 1)",1,-0.08
292,105,"(67, 1)",1,-0.08
292,106,"(68, 1)",1,-0.08
292,107,"(69, 1)",1,-0.08
292,108,"(70, 1)",1,-0.08
292,109,"(71, 1)",2,-0.08
292,110,"(71, 2)",2,-0.08
292,111,"(71, 3)",1,-0.08
292,112,"(72, 3)",1,-0.08
292,113,"(73, 3)",0,-0.08
292,114,"(73, 2)",0,-0.08
292,115,"(73, 1)",1,-0.08
292,116,"(74, 1)",0,-0.08
292,117,"(74, 0)",1,-0.08
292,118,"(75, 0)",1,-0.08
292,119,"(76, 0)",1,-0.08
292,120,"(77, 0)",1,-0.08
292,121,"(78, 0)",1,8.33
293,0,"(0, 39)",1,-0.08
293,1,"(1, 39)",1,-0.08
293,2,"(2, 39)",1,-0.08
293,3,"(3, 39)",1,-0.08
293,4,"(4, 39)",1,-0.08
293,5,"(5, 39)",1,-0.08
293,6,"(6, 39)",1,-0.08
293,7,"(7, 39)",1,-0.08
293,8,"(8, 39)",1,-0.08
293,9,"(9, 39)",1,-0.08
293,10,"(10, 39)",1,-0.08
293,11,"(11, 39)",0,-0.08
293,12,"(11, 38)",0,-0.08
293,13,"(11, 37)",1,-0.08
293,14,"(12, 37)",1,-0.08
293,15,"(13, 37)",1,-0.08
293,16,"(14, 37)",1,-0.08
293,17,"(15, 37)",0,-0.08
293,18,"(15, 36)",0,-0.08
293,19,"(15, 35)",0,-0.08
293,20,"(15, 34)",0,-0.08
293,21,"(15, 33)",1,-0.08
293,22,"(16, 33)",1,-0.08
293,23,"(17, 33)",1,-0.08
293,24,"(18, 33)",1,-0.08
293,25,"(19, 33)",0,-0.08
293,26,"(19, 32)",0,-0.08
293,27,"(19, 31)",0,-0.08
293,28,"(19, 30)",0,-0.08
293,29,"(19, 29)",1,-0.08
293,30,"(20, 29)",0,-0.08
293,31,"(20, 28)",0,-0.08
293,32,"(20, 27)",1,-0.08
293,33,"(21, 27)",0,-0.08
293,34,"(21, 26)",0,-0.08
293,35,"(21, 25)",1,-0.08
293,36,"(22, 25)",0,-0.08
293,37,"(22, 24)",0,-0.08
293,38,"(22, 23)",1,-0.08
293,39,"(23, 23)",1,-0.08
293,40,"(24, 23)",1,-0.08
293,41,"(25, 23)",0,-0.08
293,42,"(25, 22)",0,-0.08
293,43,"(25, 21)",1,-0.08
293,44,"(26, 21)",1,-0.08
293,45,"(27, 21)",0,-0.08
293,46,"(27, 20)",0,-0.08
293,47,"(27, 19)",0,-0.08
293,48,"(27, 18)",0,-0.08
293,49,"(27, 17)",0,-0.08
293,50,"(27, 16)",1,-0.08
293,51,"(28, 16)",1,-0.08
293,52,"(29, 16)",0,-0.08
293,53,"(29, 15)",1,-0.08
293,54,"(30, 15)",1,-0.08
293,55,"(31, 15)",1,-0.08
293,56,"(32, 15)",0,-0.08
293,57,"(32, 14)",0,-0.08
293,58,"(32, 13)",1,-0.08
293,59,"(33, 13)",1,-0.08
293,60,"(34, 13)",1,-0.08
293,61,"(35, 13)",1,-0.08
293,62,"(36, 13)",1,-0.08
293,63,"(37, 13)",1,-0.08
293,64,"(38, 13)",1,-0.08
293,65,"(39, 13)",1,-0.08
293,66,"(40, 13)",1,-0.08
293,67,"(41, 13)",0,-0.08
293,68,"(41, 12)",0,-0.08
293,69,"(41, 11)",1,-0.08
293,70,"(42, 11)",1,-0.08
293,71,"(43, 11)",1,-0.08
293,72,"(44, 11)",1,-0.08
293,73,"(45, 11)",0,-0.08
293,74,"(45, 10)",1,-0.08
293,75,"(46, 10)",0,-0.08
293,76,"(46, 9)",0,-0.08
293,77,"(46, 8)",0,-0.08
293,78,"(46, 7)",1,-0.08
293,79,"(47, 7)",0,-0.08
293,80,"(47, 6)",1,-0.08
293,81,"(48, 6)",1,-0.08
293,82,"(49, 6)",0,-0.08
293,83,"(49, 5)",1,-0.08
293,84,"(50, 5)",1,-0.08
293,85,"(51, 5)",1,-0.08
293,86,"(52, 5)",1,-0.08
293,87,"(53, 5)",0,-0.08
293,88,"(53, 4)",0,-0.08
293,89,"(53, 3)",1,-0.08
293,90,"(54, 3)",1,-0.08
293,91,"(55, 3)",1,-0.08
293,92,"(56, 3)",1,-0.08
293,93,"(57, 3)",0,-0.08
293,94,"(57, 2)",1,-0.08
293,95,"(58, 2)",1,-0.08
293,96,"(59, 2)",0,-0.08
293,97,"(59, 1)",1,-0.08
293,98,"(60, 1)",1,-0.08
293,99,"(61, 1)",1,-0.08
293,100,"(62, 1)",1,-0.08
293,101,"(63, 1)",1,-0.08
293,102,"(64, 1)",1,-0.08
293,103,"(65, 1)",1,-0.08
293,104,"(66, 1)",1,-0.08
293,105,"(67, 1)",1,-0.08
293,106,"(68, 1)",1,-0.08
293,107,"(69, 1)",1,-0.08
293,108,"(70, 1)",1,-0.08
293,109,"(71, 1)",2,-0.08
293,110,"(71, 2)",2,-0.08
293,111,"(71, 3)",1,-0.08
293,112,"(72, 3)",1,-0.08
293,113,"(73, 3)",1,-0.08
293,114,"(74, 3)",1,-0.08
293,115,"(75, 3)",1,-0.08
293,116,"(76, 3)",1,-0.08
293,117,"(77, 3)",0,-0.08
293,118,"(77, 2)",0,-0.08
293,119,"(77, 1)",1,-0.08
293,120,"(78, 1)",1,-0.08
293,121,"(79, 1)",0,8.33
294,0,"(0, 39)",1,-0.08
294,1,"(1, 39)",1,-0.08
294,2,"(2, 39)",1,-0.08
294,3,"(3, 39)",1,-0.08
294,4,"(4, 39)",1,-0.08
294,5,"(5, 39)",1,-0.08
294,6,"(6, 39)",1,-0.08
294,7,"(7, 39)",1,-0.08
294,8,"(8, 39)",1,-0.08
294,9,"(9, 39)",1,-0.08
294,10,"(10, 39)",0,-0.08
294,11,"(10, 38)",0,-0.08
294,12,"(10, 37)",1,-0.08
294,13,"(11, 37)",1,-0.08
294,14,"(12, 37)",1,-0.08
294,15,"(13, 37)",1,-0.08
294,16,"(14, 37)",1,-0.08
294,17,"(15, 37)",0,-0.08
294,18,"(15, 36)",0,-0.08
294,19,"(15, 35)",0,-0.08
294,20,"(15, 34)",0,-0.08
294,21,"(15, 33)",1,-0.08
294,22,"(16, 33)",1,-0.08
294,23,"(17, 33)",1,-0.08
294,24,"(18, 33)",1,-0.08
294,25,"(19, 33)",0,-0.08
294,26,"(19, 32)",0,-0.08
294,27,"(19, 31)",0,-0.08
294,28,"(19, 30)",0,-0.08
294,29,"(19, 29)",1,-0.08
294,30,"(20, 29)",0,-0.08
294,31,"(20, 28)",0,-0.08
294,32,"(20, 27)",1,-0.08
294,33,"(21, 27)",0,-0.08
294,34,"(21, 26)",0,-0.08
294,35,"(21, 25)",1,-0.08
294,36,"(22, 25)",1,-0.08
294,37,"(23, 25)",1,-0.08
294,38,"(24, 25)",1,-0.08
294,39,"(25, 25)",1,-0.08
294,40,"(26, 25)",1,-0.08
294,41,"(27, 25)",1,-0.08
294,42,"(28, 25)",1,-0.08
294,43,"(29, 25)",1,-0.08
294,44,"(30, 25)",1,-0.08
294,45,"(31, 25)",0,-0.08
294,46,"(31, 24)",0,-0.08
294,47,"(31, 23)",1,-0.08
294,48,"(32, 23)",1,-0.08
294,49,"(33, 23)",0,-0.08
294,50,"(33, 22)",0,-0.08
294,51,"(33, 21)",1,-0.08
294,52,"(34, 21)",1,-0.08
294,53,"(35, 21)",1,-0.08
294,54,"(36, 21)",1,-0.08
294,55,"(37, 21)",1,-0.08
294,56,"(38, 21)",1,-0.08
294,57,"(39, 21)",0,-0.08
294,58,"(39, 20)",0,-0.08
294,59,"(39, 19)",0,-0.08
294,60,"(39, 18)",0,-0.08
294,61,"(39, 17)",0,-0.08
294,62,"(39, 16)",0,-0.08
294,63,"(39, 15)",1,-0.08
294,64,"(40, 15)",0,-0.08
294,65,"(40, 14)",1,-0.08
294,66,"(41, 14)",0,-0.08
294,67,"(41, 13)",1,-0.08
294,68,"(42, 13)",1,-0.08
294,69,"(43, 13)",1,-0.08
294,70,"(44, 13)",1,-0.08
294,71,"(45, 13)",0,-0.08
294,72,"(45, 12)",0,-0.08
294,73,"(45, 11)",0,-0.08
294,74,"(45, 10)",1,-0.08
294,75,"(46, 10)",0,-0.08
294,76,"(46, 9)",0,-0.08
294,77,"(46, 8)",0,-0.08
294,78,"(46, 7)",0,-0.08
294,79,"(46, 6)",1,-0.08
294,80,"(47, 6)",1,-0.08
294,81,"(48, 6)",1,-0.08
294,82,"(49, 6)",0,-0.08
294,83,"(49, 5)",1,-0.08
294,84,"(50, 5)",1,-0.08
294,85,"(51, 5)",1,-0.08
294,86,"(52, 5)",1,-0.08
294,87,"(53, 5)",0,-0.08
294,88,"(53, 4)",0,-0.08
294,89,"(53, 3)",0,-0.08
294,90,"(53, 2)",0,-0.08
294,91,"(53, 1)",1,-0.08
294,92,"(54, 1)",1,-0.08
294,93,"(55, 1)",1,-0.08
294,94,"(56, 1)",1,-0.08
294,95,"(57, 1)",1,-0.08
294,96,"(58, 1)",1,-0.08
294,97,"(59, 1)",1,-0.08
294,98,"(60, 1)",1,-0.08
294,99,"(61, 1)",1,-0.08
294,100,"(62, 1)",1,-0.08
294,101,"(63, 1)",1,-0.08
294,102,"(64, 1)",1,-0.08
294,103,"(65, 1)",1,-0.08
294,104,"(66, 1)",1,-0.08
294,105,"(67, 1)",1,-0.08
294,106,"(68, 1)",1,-0.08
294,107,"(69, 1)",1,-0.08
294,108,"(70, 1)",1,-0.08
294,109,"(71, 1)",2,-0.08
294,110,"(71, 2)",2,-0.08
294,111,"(71, 3)",1,-0.08
294,112,"(72, 3)",1,-0.08
294,113,"(73, 3)",1,-0.08
294,114,"(74, 3)",1,-0.08
294,115,"(75, 3)",1,-0.08
294,116,"(76, 3)",1,-0.08
294,117,"(77, 3)",0,-0.08
294,118,"(77, 2)",0,-0.08
294,119,"(77, 1)",0,-0.08
294,120,"(77, 0)",1,-0.08
294,121,"(78, 0)",1,8.33
295,0,"(0, 39)",1,-0.08
295,1,"(1, 39)",1,-0.08
295,2,"(2, 39)",1,-0.08
295,3,"(3, 39)",1,-0.08
295,4,"(4, 39)",1,-0.08
295,5,"(5, 39)",1,-0.08
295,6,"(6, 39)",1,-0.08
295,7,"(7, 39)",1,-0.08
295,8,"(8, 39)",1,-0.08
295,9,"(9, 39)",1,-0.08
295,10,"(10, 39)",1,-0.08
295,11,"(11, 39)",0,-0.08
295,12,"(11, 38)",0,-0.08
295,13,"(11, 37)",1,-0.08
295,14,"(12, 37)",1,-0.08
295,15,"(13, 37)",1,-0.08
295,16,"(14, 37)",1,-0.08
295,17,"(15, 37)",0,-0.08
295,18,"(15, 36)",0,-0.08
295,19,"(15, 35)",0,-0.08
295,20,"(15, 34)",0,-0.08
295,21,"(15, 33)",1,-0.08
295,22,"(16, 33)",1,-0.08
295,23,"(17, 33)",1,-0.08
295,24,"(18, 33)",1,-0.08
295,25,"(19, 33)",0,-0.08
295,26,"(19, 32)",0,-0.08
295,27,"(19, 31)",0,-0.08
295,28,"(19, 30)",0,-0.08
295,29,"(19, 29)",1,-0.08
295,30,"(20, 29)",0,-0.08
295,31,"(20, 28)",0,-0.08
295,32,"(20, 27)",1,-0.08
295,33,"(21, 27)",0,-0.08
295,34,"(21, 26)",0,-0.08
295,35,"(21, 25)",1,-0.08
295,36,"(22, 25)",1,-0.08
295,37,"(23, 25)",1,-0.08
295,38,"(24, 25)",1,-0.08
295,39,"(25, 25)",1,-0.08
295,40,"(26, 25)",1,-0.08
295,41,"(27, 25)",1,-0.08
295,42,"(28, 25)",1,-0.08
295,43,"(29, 25)",1,-0.08
295,44,"(30, 25)",1,-0.08
295,45,"(31, 25)",0,-0.08
295,46,"(31, 24)",0,-0.08
295,47,"(31, 23)",1,-0.08
295,48,"(32, 23)",1,-0.08
295,49,"(33, 23)",0,-0.08
295,50,"(33, 22)",0,-0.08
295,51,"(33, 21)",1,-0.08
295,52,"(34, 21)",1,-0.08
295,53,"(35, 21)",1,-0.08
295,54,"(36, 21)",1,-0.08
295,55,"(37, 21)",1,-0.08
295,56,"(38, 21)",1,-0.08
295,57,"(39, 21)",0,-0.08
295,58,"(39, 20)",0,-0.08
295,59,"(39, 19)",0,-0.08
295,60,"(39, 18)",0,-0.08
295,61,"(39, 17)",0,-0.08
295,62,"(39, 16)",0,-0.08
295,63,"(39, 15)",1,-0.08
295,64,"(40, 15)",1,-0.08
295,65,"(41, 15)",0,-0.08
295,66,"(41, 14)",0,-0.08
295,67,"(41, 13)",0,-0.08
295,68,"(41, 12)",0,-0.08
295,69,"(41, 11)",1,-0.08
295,70,"(42, 11)",1,-0.08
295,71,"(43, 11)",1,-0.08
295,72,"(44, 11)",1,-0.08
295,73,"(45, 11)",0,-0.08
295,74,"(45, 10)",0,-0.08
295,75,"(45, 9)",0,-0.08
295,76,"(45, 8)",0,-0.08
295,77,"(45, 7)",1,-0.08
295,78,"(46, 7)",0,-0.08
295,79,"(46, 6)",1,-0.08
295,80,"(47, 6)",1,-0.08
295,81,"(48, 6)",1,-0.08
295,82,"(49, 6)",0,-0.08
295,83,"(49, 5)",1,-0.08
295,84,"(50, 5)",1,-0.08
295,85,"(51, 5)",1,-0.08
295,86,"(52, 5)",1,-0.08
295,87,"(53, 5)",0,-0.08
295,88,"(53, 4)",0,-0.08
295,89,"(53, 3)",0,-0.08
295,90,"(53, 2)",0,-0.08
295,91,"(53, 1)",1,-0.08
295,92,"(54, 1)",1,-0.08
295,93,"(55, 1)",1,-0.08
295,94,"(56, 1)",1,-0.08
295,95,"(57, 1)",1,-0.08
295,96,"(58, 1)",1,-0.08
295,97,"(59, 1)",1,-0.08
295,98,"(60, 1)",1,-0.08
295,99,"(61, 1)",1,-0.08
295,100,"(62, 1)",1,-0.08
295,101,"(63, 1)",1,-0.08
295,102,"(64, 1)",1,-0.08
295,103,"(65, 1)",1,-0.08
295,104,"(66, 1)",1,-0.08
295,105,"(67, 1)",1,-0.08
295,106,"(68, 1)",1,-0.08
295,107,"(69, 1)",1,-0.08
295,108,"(70, 1)",1,-0.08
295,109,"(71, 1)",2,-0.08
295,110,"(71, 2)",2,-0.08
295,111,"(71, 3)",1,-0.08
295,112,"(72, 3)",1,-0.08
295,113,"(73, 3)",0,-0.08
295,114,"(73, 2)",0,-0.08
295,115,"(73, 1)",0,-0.08
295,116,"(73, 0)",1,-0.08
295,117,"(74, 0)",1,-0.08
295,118,"(75, 0)",1,-0.08
295,119,"(76, 0)",1,-0.08
295,120,"(77, 0)",1,-0.08
295,121,"(78, 0)",1,8.33
296,0,"(0, 39)",1,-0.08
296,1,"(1, 39)",1,-0.08
296,2,"(2, 39)",1,-0.08
296,3,"(3, 39)",1,-0.08
296,4,"(4, 39)",1,-0.08
296,5,"(5, 39)",1,-0.08
296,6,"(6, 39)",1,-0.08
296,7,"(7, 39)",1,-0.08
296,8,"(8, 39)",1,-0.08
296,9,"(9, 39)",1,-0.08
296,10,"(10, 39)",1,-0.08
296,11,"(11, 39)",0,-0.08
296,12,"(11, 38)",0,-0.08
296,13,"(11, 37)",1,-0.08
296,14,"(12, 37)",1,-0.08
296,15,"(13, 37)",1,-0.08
296,16,"(14, 37)",1,-0.08
296,17,"(15, 37)",1,-0.08
296,18,"(16, 37)",1,-0.08
296,19,"(17, 37)",1,-0.08
296,20,"(18, 37)",1,-0.08
296,21,"(19, 37)",0,-0.08
296,22,"(19, 36)",0,-0.08
296,23,"(19, 35)",0,-0.08
296,24,"(19, 34)",0,-0.08
296,25,"(19, 33)",0,-0.08
296,26,"(19, 32)",0,-0.08
296,27,"(19, 31)",0,-0.08
296,28,"(19, 30)",0,-0.08
296,29,"(19, 29)",1,-0.08
296,30,"(20, 29)",0,-0.08
296,31,"(20, 28)",0,-0.08
296,32,"(20, 27)",1,-0.08
296,33,"(21, 27)",0,-0.08
296,34,"(21, 26)",0,-0.08
296,35,"(21, 25)",1,-0.08
296,36,"(22, 25)",1,-0.08
296,37,"(23, 25)",1,-0.08
296,38,"(24, 25)",1,-0.08
296,39,"(25, 25)",1,-0.08
296,40,"(26, 25)",1,-0.08
296,41,"(27, 25)",1,-0.08
296,42,"(28, 25)",1,-0.08
296,43,"(29, 25)",1,-0.08
296,44,"(30, 25)",1,-0.08
296,45,"(31, 25)",0,-0.08
296,46,"(31, 24)",0,-0.08
296,47,"(31, 23)",1,-0.08
296,48,"(32, 23)",1,-0.08
296,49,"(33, 23)",0,-0.08
296,50,"(33, 22)",0,-0.08
296,51,"(33, 21)",1,-0.08
296,52,"(34, 21)",1,-0.08
296,53,"(35, 21)",1,-0.08
296,54,"(36, 21)",1,-0.08
296,55,"(37, 21)",1,-0.08
296,56,"(38, 21)",1,-0.08
296,57,"(39, 21)",0,-0.08
296,58,"(39, 20)",0,-0.08
296,59,"(39, 19)",0,-0.08
296,60,"(39, 18)",0,-0.08
296,61,"(39, 17)",0,-0.08
296,62,"(39, 16)",0,-0.08
296,63,"(39, 15)",1,-0.08
296,64,"(40, 15)",0,-0.08
296,65,"(40, 14)",0,-0.08
296,66,"(40, 13)",1,-0.08
296,67,"(41, 13)",0,-0.08
296,68,"(41, 12)",0,-0.08
296,69,"(41, 11)",1,-0.08
296,70,"(42, 11)",1,-0.08
296,71,"(43, 11)",1,-0.08
296,72,"(44, 11)",1,-0.08
296,73,"(45, 11)",0,-0.08
296,74,"(45, 10)",0,-0.08
296,75,"(45, 9)",0,-0.08
296,76,"(45, 8)",1,-0.08
296,77,"(46, 8)",0,-0.08
296,78,"(46, 7)",1,-0.08
296,79,"(47, 7)",0,-0.08
296,80,"(47, 6)",1,-0.08
296,81,"(48, 6)",1,-0.08
296,82,"(49, 6)",0,-0.08
296,83,"(49, 5)",1,-0.08
296,84,"(50, 5)",1,-0.08
296,85,"(51, 5)",0,-0.08
296,86,"(51, 4)",0,-0.08
296,87,"(51, 3)",0,-0.08
296,88,"(51, 2)",1,-0.08
296,89,"(52, 2)",0,-0.08
296,90,"(52, 1)",1,-0.08
296,91,"(53, 1)",1,-0.08
296,92,"(54, 1)",1,-0.08
296,93,"(55, 1)",1,-0.08
296,94,"(56, 1)",1,-0.08
296,95,"(57, 1)",1,-0.08
296,96,"(58, 1)",1,-0.08
296,97,"(59, 1)",1,-0.08
296,98,"(60, 1)",1,-0.08
296,99,"(61, 1)",1,-0.08
296,100,"(62, 1)",1,-0.08
296,101,"(63, 1)",1,-0.08
296,102,"(64, 1)",1,-0.08
296,103,"(65, 1)",1,-0.08
296,104,"(66, 1)",1,-0.08
296,105,"(67, 1)",1,-0.08
296,106,"(68, 1)",1,-0.08
296,107,"(69, 1)",1,-0.08
296,108,"(70, 1)",1,-0.08
296,109,"(71, 1)",2,-0.08
296,110,"(71, 2)",2,-0.08
296,111,"(71, 3)",1,-0.08
296,112,"(72, 3)",1,-0.08
296,113,"(73, 3)",0,-0.08
296,114,"(73, 2)",0,-0.08
296,115,"(73, 1)",1,-0.08
296,116,"(74, 1)",1,-0.08
296,117,"(75, 1)",0,-0.08
296,118,"(75, 0)",1,-0.08
296,119,"(76, 0)",1,-0.08
296,120,"(77, 0)",1,-0.08
296,121,"(78, 0)",1,8.33
297,0,"(0, 39)",1,-0.08
297,1,"(1, 39)",1,-0.08
297,2,"(2, 39)",1,-0.08
297,3,"(3, 39)",1,-0.08
297,4,"(4, 39)",1,-0.08
297,5,"(5, 39)",1,-0.08
297,6,"(6, 39)",1,-0.08
297,7,"(7, 39)",1,-0.08
297,8,"(8, 39)",1,-0.08
297,9,"(9, 39)",1,-0.08
297,10,"(10, 39)",0,-0.08
297,11,"(10, 38)",0,-0.08
297,12,"(10, 37)",1,-0.08
297,13,"(11, 37)",1,-0.08
297,14,"(12, 37)",1,-0.08
297,15,"(13, 37)",1,-0.08
297,16,"(14, 37)",1,-0.08
297,17,"(15, 37)",1,-0.08
297,18,"(16, 37)",1,-0.08
297,19,"(17, 37)",1,-0.08
297,20,"(18, 37)",1,-0.08
297,21,"(19, 37)",0,-0.08
297,22,"(19, 36)",0,-0.08
297,23,"(19, 35)",0,-0.08
297,24,"(19, 34)",0,-0.08
297,25,"(19, 33)",0,-0.08
297,26,"(19, 32)",0,-0.08
297,27,"(19, 31)",0,-0.08
297,28,"(19, 30)",0,-0.08
297,29,"(19, 29)",1,-0.08
297,30,"(20, 29)",0,-0.08
297,31,"(20, 28)",0,-0.08
297,32,"(20, 27)",1,-0.08
297,33,"(21, 27)",0,-0.08
297,34,"(21, 26)",0,-0.08
297,35,"(21, 25)",1,-0.08
297,36,"(22, 25)",0,-0.08
297,37,"(22, 24)",0,-0.08
297,38,"(22, 23)",1,-0.08
297,39,"(23, 23)",1,-0.08
297,40,"(24, 23)",1,-0.08
297,41,"(25, 23)",0,-0.08
297,42,"(25, 22)",0,-0.08
297,43,"(25, 21)",1,-0.08
297,44,"(26, 21)",1,-0.08
297,45,"(27, 21)",0,-0.08
297,46,"(27, 20)",0,-0.08
297,47,"(27, 19)",1,-0.08
297,48,"(28, 19)",1,-0.08
297,49,"(29, 19)",1,-0.08
297,50,"(30, 19)",1,-0.08
297,51,"(31, 19)",0,-0.08
297,52,"(31, 18)",1,-0.08
297,53,"(32, 18)",0,-0.08
297,54,"(32, 17)",0,-0.08
297,55,"(32, 16)",0,-0.08
297,56,"(32, 15)",0,-0.08
297,57,"(32, 14)",0,-0.08
297,58,"(32, 13)",1,-0.08
297,59,"(33, 13)",1,-0.08
297,60,"(34, 13)",1,-0.08
297,61,"(35, 13)",1,-0.08
297,62,"(36, 13)",1,-0.08
297,63,"(37, 13)",1,-0.08
297,64,"(38, 13)",1,-0.08
297,65,"(39, 13)",1,-0.08
297,66,"(40, 13)",1,-0.08
297,67,"(41, 13)",1,-0.08
297,68,"(42, 13)",1,-0.08
297,69,"(43, 13)",0,-0.08
297,70,"(43, 12)",0,-0.08
297,71,"(43, 11)",1,-0.08
297,72,"(44, 11)",1,-0.08
297,73,"(45, 11)",0,-0.08
297,74,"(45, 10)",0,-0.08
297,75,"(45, 9)",1,-0.08
297,76,"(46, 9)",0,-0.08
297,77,"(46, 8)",0,-0.08
297,78,"(46, 7)",0,-0.08
297,79,"(46, 6)",1,-0.08
297,80,"(47, 6)",1,-0.08
297,81,"(48, 6)",1,-0.08
297,82,"(49, 6)",0,-0.08
297,83,"(49, 5)",1,-0.08
297,84,"(50, 5)",1,-0.08
297,85,"(51, 5)",1,-0.08
297,86,"(52, 5)",1,-0.08
297,87,"(53, 5)",0,-0.08
297,88,"(53, 4)",0,-0.08
297,89,"(53, 3)",1,-0.08
297,90,"(54, 3)",1,-0.08
297,91,"(55, 3)",1,-0.08
297,92,"(56, 3)",0,-0.08
297,93,"(56, 2)",1,-0.08
297,94,"(57, 2)",1,-0.08
297,95,"(58, 2)",0,-0.08
297,96,"(58, 1)",1,-0.08
297,97,"(59, 1)",1,-0.08
297,98,"(60, 1)",1,-0.08
297,99,"(61, 1)",1,-0.08
297,100,"(62, 1)",1,-0.08
297,101,"(63, 1)",1,-0.08
297,102,"(64, 1)",1,-0.08
297,103,"(65, 1)",1,-0.08
297,104,"(66, 1)",1,-0.08
297,105,"(67, 1)",1,-0.08
297,106,"(68, 1)",1,-0.08
297,107,"(69, 1)",1,-0.08
297,108,"(70, 1)",1,-0.08
297,109,"(71, 1)",2,-0.08
297,110,"(71, 2)",2,-0.08
297,111,"(71, 3)",1,-0.08
297,112,"(72, 3)",1,-0.08
297,113,"(73, 3)",1,-0.08
297,114,"(74, 3)",1,-0.08
297,115,"(75, 3)",1,-0.08
297,116,"(76, 3)",1,-0.08
297,117,"(77, 3)",0,-0.08
297,118,"(77, 2)",0,-0.08
297,119,"(77, 1)",0,-0.08
297,120,"(77, 0)",1,-0.08
297,121,"(78, 0)",1,8.33
298,0,"(0, 39)",1,-0.08
298,1,"(1, 39)",1,-0.08
298,2,"(2, 39)",1,-0.08
298,3,"(3, 39)",1,-0.08
298,4,"(4, 39)",1,-0.08
298,5,"(5, 39)",1,-0.08
298,6,"(6, 39)",1,-0.08
298,7,"(7, 39)",1,-0.08
298,8,"(8, 39)",1,-0.08
298,9,"(9, 39)",1,-0.08
298,10,"(10, 39)",1,-0.08
298,11,"(11, 39)",0,-0.08
298,12,"(11, 38)",0,-0.08
298,13,"(11, 37)",1,-0.08
298,14,"(12, 37)",1,-0.08
298,15,"(13, 37)",1,-0.08
298,16,"(14, 37)",1,-0.08
298,17,"(15, 37)",1,-0.08
298,18,"(16, 37)",0,-0.08
298,19,"(16, 36)",1,-0.08
298,20,"(17, 36)",0,-0.08
298,21,"(17, 35)",0,-0.08
298,22,"(17, 34)",1,-0.08
298,23,"(18, 34)",0,-0.08
298,24,"(18, 33)",1,-0.08
298,25,"(19, 33)",0,-0.08
298,26,"(19, 32)",0,-0.08
298,27,"(19, 31)",0,-0.08
298,28,"(19, 30)",0,-0.08
298,29,"(19, 29)",1,-0.08
298,30,"(20, 29)",0,-0.08
298,31,"(20, 28)",0,-0.08
298,32,"(20, 27)",1,-0.08
298,33,"(21, 27)",0,-0.08
298,34,"(21, 26)",1,-0.08
298,35,"(22, 26)",0,-0.08
298,36,"(22, 25)",0,-0.08
298,37,"(22, 24)",0,-0.08
298,38,"(22, 23)",1,-0.08
298,39,"(23, 23)",1,-0.08
298,40,"(24, 23)",1,-0.08
298,41,"(25, 23)",0,-0.08
298,42,"(25, 22)",0,-0.08
298,43,"(25, 21)",1,-0.08
298,44,"(26, 21)",1,-0.08
298,45,"(27, 21)",0,-0.08
298,46,"(27, 20)",0,-0.08
298,47,"(27, 19)",1,-0.08
298,48,"(28, 19)",1,-0.08
298,49,"(29, 19)",1,-0.08
298,50,"(30, 19)",1,-0.08
298,51,"(31, 19)",1,-0.08
298,52,"(32, 19)",1,-0.08
298,53,"(33, 19)",1,-0.08
298,54,"(34, 19)",1,-0.08
298,55,"(35, 19)",0,-0.08
298,56,"(35, 18)",0,-0.08
298,57,"(35, 17)",0,-0.08
298,58,"(35, 16)",0,-0.08
298,59,"(35, 15)",0,-0.08
298,60,"(35, 14)",0,-0.08
298,61,"(35, 13)",1,-0.08
298,62,"(36, 13)",1,-0.08
298,63,"(37, 13)",1,-0.08
298,64,"(38, 13)",1,-0.08
298,65,"(39, 13)",1,-0.08
298,66,"(40, 13)",1,-0.08
298,67,"(41, 13)",1,-0.08
298,68,"(42, 13)",1,-0.08
298,69,"(43, 13)",1,-0.08
298,70,"(44, 13)",1,-0.08
298,71,"(45, 13)",0,-0.08
298,72,"(45, 12)",0,-0.08
298,73,"(45, 11)",0,-0.08
298,74,"(45, 10)",1,-0.08
298,75,"(46, 10)",0,-0.08
298,76,"(46, 9)",0,-0.08
298,77,"(46, 8)",0,-0.08
298,78,"(46, 7)",0,-0.08
298,79,"(46, 6)",1,-0.08
298,80,"(47, 6)",1,-0.08
298,81,"(48, 6)",1,-0.08
298,82,"(49, 6)",0,-0.08
298,83,"(49, 5)",1,-0.08
298,84,"(50, 5)",1,-0.08
298,85,"(51, 5)",1,-0.08
298,86,"(52, 5)",1,-0.08
298,87,"(53, 5)",0,-0.08
298,88,"(53, 4)",0,-0.08
298,89,"(53, 3)",1,-0.08
298,90,"(54, 3)",1,-0.08
298,91,"(55, 3)",1,-0.08
298,92,"(56, 3)",0,-0.08
298,93,"(56, 2)",1,-0.08
298,94,"(57, 2)",1,-0.08
298,95,"(58, 2)",1,-0.08
298,96,"(59, 2)",0,-0.08
298,97,"(59, 1)",1,-0.08
298,98,"(60, 1)",1,-0.08
298,99,"(61, 1)",1,-0.08
298,100,"(62, 1)",1,-0.08
298,101,"(63, 1)",1,-0.08
298,102,"(64, 1)",1,-0.08
298,103,"(65, 1)",1,-0.08
298,104,"(66, 1)",1,-0.08
298,105,"(67, 1)",1,-0.08
298,106,"(68, 1)",1,-0.08
298,107,"(69, 1)",1,-0.08
298,108,"(70, 1)",1,-0.08
298,109,"(71, 1)",2,-0.08
298,110,"(71, 2)",2,-0.08
298,111,"(71, 3)",1,-0.08
298,112,"(72, 3)",1,-0.08
298,113,"(73, 3)",0,-0.08
298,114,"(73, 2)",0,-0.08
298,115,"(73, 1)",1,-0.08
298,116,"(74, 1)",0,-0.08
298,117,"(74, 0)",1,-0.08
298,118,"(75, 0)",1,-0.08
298,119,"(76, 0)",1,-0.08
298,120,"(77, 0)",1,-0.08
298,121,"(78, 0)",1,8.33
299,0,"(0, 39)",1,-0.08
299,1,"(1, 39)",1,-0.08
299,2,"(2, 39)",1,-0.08
299,3,"(3, 39)",1,-0.08
299,4,"(4, 39)",1,-0.08
299,5,"(5, 39)",1,-0.08
299,6,"(6, 39)",1,-0.08
299,7,"(7, 39)",1,-0.08
299,8,"(8, 39)",1,-0.08
299,9,"(9, 39)",1,-0.08
299,10,"(10, 39)",1,-0.08
299,11,"(11, 39)",0,-0.08
299,12,"(11, 38)",0,-0.08
299,13,"(11, 37)",1,-0.08
299,14,"(12, 37)",1,-0.08
299,15,"(13, 37)",1,-0.08
299,16,"(14, 37)",1,-0.08
299,17,"(15, 37)",1,-0.08
299,18,"(16, 37)",1,-0.08
299,19,"(17, 37)",0,-0.08
299,20,"(17, 36)",0,-0.08
299,21,"(17, 35)",0,-0.08
299,22,"(17, 34)",0,-0.08
299,23,"(17, 33)",1,-0.08
299,24,"(18, 33)",1,-0.08
299,25,"(19, 33)",0,-0.08
299,26,"(19, 32)",0,-0.08
299,27,"(19, 31)",0,-0.08
299,28,"(19, 30)",0,-0.08
299,29,"(19, 29)",1,-0.08
299,30,"(20, 29)",0,-0.08
299,31,"(20, 28)",0,-0.08
299,32,"(20, 27)",1,-0.08
299,33,"(21, 27)",0,-0.08
299,34,"(21, 26)",0,-0.08
299,35,"(21, 25)",1,-0.08
299,36,"(22, 25)",0,-0.08
299,37,"(22, 24)",0,-0.08
299,38,"(22, 23)",1,-0.08
299,39,"(23, 23)",1,-0.08
299,40,"(24, 23)",1,-0.08
299,41,"(25, 23)",0,-0.08
299,42,"(25, 22)",0,-0.08
299,43,"(25, 21)",0,-0.08
299,44,"(25, 20)",0,-0.08
299,45,"(25, 19)",0,-0.08
299,46,"(25, 18)",1,-0.08
299,47,"(26, 18)",1,-0.08
299,48,"(27, 18)",0,-0.08
299,49,"(27, 17)",0,-0.08
299,50,"(27, 16)",1,-0.08
299,51,"(28, 16)",1,-0.08
299,52,"(29, 16)",0,-0.08
299,53,"(29, 15)",1,-0.08
299,54,"(30, 15)",1,-0.08
299,55,"(31, 15)",1,-0.08
299,56,"(32, 15)",0,-0.08
299,57,"(32, 14)",0,-0.08
299,58,"(32, 13)",1,-0.08
299,59,"(33, 13)",1,-0.08
299,60,"(34, 13)",1,-0.08
299,61,"(35, 13)",1,-0.08
299,62,"(36, 13)",1,-0.08
299,63,"(37, 13)",1,-0.08
299,64,"(38, 13)",1,-0.08
299,65,"(39, 13)",1,-0.08
299,66,"(40, 13)",1,-0.08
299,67,"(41, 13)",1,-0.08
299,68,"(42, 13)",1,-0.08
299,69,"(43, 13)",1,-0.08
299,70,"(44, 13)",1,-0.08
299,71,"(45, 13)",0,-0.08
299,72,"(45, 12)",0,-0.08
299,73,"(45, 11)",0,-0.08
299,74,"(45, 10)",1,-0.08
299,75,"(46, 10)",0,-0.08
299,76,"(46, 9)",0,-0.08
299,77,"(46, 8)",0,-0.08
299,78,"(46, 7)",0,-0.08
299,79,"(46, 6)",1,-0.08
299,80,"(47, 6)",1,-0.08
299,81,"(48, 6)",1,-0.08
299,82,"(49, 6)",0,-0.08
299,83,"(49, 5)",1,-0.08
299,84,"(50, 5)",1,-0.08
299,85,"(51, 5)",0,-0.08
299,86,"(51, 4)",0,-0.08
299,87,"(51, 3)",0,-0.08
299,88,"(51, 2)",0,-0.08
299,89,"(51, 1)",1,-0.08
299,90,"(52, 1)",1,-0.08
299,91,"(53, 1)",1,-0.08
299,92,"(54, 1)",1,-0.08
299,93,"(55, 1)",1,-0.08
299,94,"(56, 1)",1,-0.08
299,95,"(57, 1)",1,-0.08
299,96,"(58, 1)",1,-0.08
299,97,"(59, 1)",1,-0.08
299,98,"(60, 1)",1,-0.08
299,99,"(61, 1)",1,-0.08
299,100,"(62, 1)",1,-0.08
299,101,"(63, 1)",1,-0.08
299,102,"(64, 1)",1,-0.08
299,103,"(65, 1)",1,-0.08
299,104,"(66, 1)",1,-0.08
299,105,"(67, 1)",1,-0.08
299,106,"(68, 1)",1,-0.08
299,107,"(69, 1)",1,-0.08
299,108,"(70, 1)",1,-0.08
299,109,"(71, 1)",2,-0.08
299,110,"(71, 2)",2,-0.08
299,111,"(71, 3)",1,-0.08
299,112,"(72, 3)",1,-0.08
299,113,"(73, 3)",1,-0.08
299,114,"(74, 3)",1,-0.08
299,115,"(75, 3)",1,-0.08
299,116,"(76, 3)",1,-0.08
299,117,"(77, 3)",0,-0.08
299,118,"(77, 2)",0,-0.08
299,119,"(77, 1)",1,-0.08
299,120,"(78, 1)",0,-0.08
299,121,"(78, 0)",1,8.33
300,0,"(0, 39)",1,-0.08
300,1,"(1, 39)",1,-0.08
300,2,"(2, 39)",1,-0.08
300,3,"(3, 39)",1,-0.08
300,4,"(4, 39)",1,-0.08
300,5,"(5, 39)",1,-0.08
300,6,"(6, 39)",1,-0.08
300,7,"(7, 39)",1,-0.08
300,8,"(8, 39)",1,-0.08
300,9,"(9, 39)",1,-0.08
300,10,"(10, 39)",1,-0.08
300,11,"(11, 39)",0,-0.08
300,12,"(11, 38)",0,-0.08
300,13,"(11, 37)",1,-0.08
300,14,"(12, 37)",1,-0.08
300,15,"(13, 37)",1,-0.08
300,16,"(14, 37)",1,-0.08
300,17,"(15, 37)",1,-0.08
300,18,"(16, 37)",0,-0.08
300,19,"(16, 36)",1,-0.08
300,20,"(17, 36)",0,-0.08
300,21,"(17, 35)",1,-0.08
300,22,"(18, 35)",0,-0.08
300,23,"(18, 34)",0,-0.08
300,24,"(18, 33)",1,-0.08
300,25,"(19, 33)",0,-0.08
300,26,"(19, 32)",0,-0.08
300,27,"(19, 31)",0,-0.08
300,28,"(19, 30)",0,-0.08
300,29,"(19, 29)",1,-0.08
300,30,"(20, 29)",0,-0.08
300,31,"(20, 28)",0,-0.08
300,32,"(20, 27)",1,-0.08
300,33,"(21, 27)",0,-0.08
300,34,"(21, 26)",1,-0.08
300,35,"(22, 26)",1,-0.08
300,36,"(23, 26)",0,-0.08
300,37,"(23, 25)",1,-0.08
300,38,"(24, 25)",1,-0.08
300,39,"(25, 25)",0,-0.08
300,40,"(25, 24)",0,-0.08
300,41,"(25, 23)",0,-0.08
300,42,"(25, 22)",0,-0.08
300,43,"(25, 21)",0,-0.08
300,44,"(25, 20)",0,-0.08
300,45,"(25, 19)",1,-0.08
300,46,"(26, 19)",1,-0.08
300,47,"(27, 19)",0,-0.08
300,48,"(27, 18)",0,-0.08
300,49,"(27, 17)",0,-0.08
300,50,"(27, 16)",1,-0.08
300,51,"(28, 16)",1,-0.08
300,52,"(29, 16)",0,-0.08
300,53,"(29, 15)",1,-0.08
300,54,"(30, 15)",1,-0.08
300,55,"(31, 15)",0,-0.08
300,56,"(31, 14)",0,-0.08
300,57,"(31, 13)",1,-0.08
300,58,"(32, 13)",1,-0.08
300,59,"(33, 13)",1,-0.08
300,60,"(34, 13)",1,-0.08
300,61,"(35, 13)",1,-0.08
300,62,"(36, 13)",1,-0.08
300,63,"(37, 13)",1,-0.08
300,64,"(38, 13)",1,-0.08
300,65,"(39, 13)",0,-0.08
300,66,"(39, 12)",0,-0.08
300,67,"(39, 11)",1,-0.08
300,68,"(40, 11)",1,-0.08
300,69,"(41, 11)",1,-0.08
300,70,"(42, 11)",1,-0.08
300,71,"(43, 11)",1,-0.08
300,72,"(44, 11)",1,-0.08
300,73,"(45, 11)",0,-0.08
300,74,"(45, 10)",1,-0.08
300,75,"(46, 10)",0,-0.08
300,76,"(46, 9)",0,-0.08
300,77,"(46, 8)",0,-0.08
300,78,"(46, 7)",0,-0.08
300,79,"(46, 6)",1,-0.08
300,80,"(47, 6)",1,-0.08
300,81,"(48, 6)",1,-0.08
300,82,"(49, 6)",0,-0.08
300,83,"(49, 5)",1,-0.08
300,84,"(50, 5)",1,-0.08
300,85,"(51, 5)",0,-0.08
300,86,"(51, 4)",0,-0.08
300,87,"(51, 3)",0,-0.08
300,88,"(51, 2)",0,-0.08
300,89,"(51, 1)",1,-0.08
300,90,"(52, 1)",1,-0.08
300,91,"(53, 1)",1,-0.08
300,92,"(54, 1)",1,-0.08
300,93,"(55, 1)",1,-0.08
300,94,"(56, 1)",1,-0.08
300,95,"(57, 1)",1,-0.08
300,96,"(58, 1)",1,-0.08
300,97,"(59, 1)",1,-0.08
300,98,"(60, 1)",1,-0.08
300,99,"(61, 1)",1,-0.08
300,100,"(62, 1)",1,-0.08
300,101,"(63, 1)",1,-0.08
300,102,"(64, 1)",1,-0.08
300,103,"(65, 1)",1,-0.08
300,104,"(66, 1)",1,-0.08
300,105,"(67, 1)",1,-0.08
300,106,"(68, 1)",1,-0.08
300,107,"(69, 1)",1,-0.08
300,108,"(70, 1)",1,-0.08
300,109,"(71, 1)",2,-0.08
300,110,"(71, 2)",2,-0.08
300,111,"(71, 3)",1,-0.08
300,112,"(72, 3)",1,-0.08
300,113,"(73, 3)",1,-0.08
300,114,"(74, 3)",1,-0.08
300,115,"(75, 3)",1,-0.08
300,116,"(76, 3)",1,-0.08
300,117,"(77, 3)",0,-0.08
300,118,"(77, 2)",0,-0.08
300,119,"(77, 1)",1,-0.08
300,120,"(78, 1)",1,-0.08
300,121,"(79, 1)",0,8.33
301,0,"(0, 39)",1,-0.08
301,1,"(1, 39)",1,-0.08
301,2,"(2, 39)",1,-0.08
301,3,"(3, 39)",1,-0.08
301,4,"(4, 39)",1,-0.08
301,5,"(5, 39)",1,-0.08
301,6,"(6, 39)",1,-0.08
301,7,"(7, 39)",1,-0.08
301,8,"(8, 39)",1,-0.08
301,9,"(9, 39)",1,-0.08
301,10,"(10, 39)",1,-0.08
301,11,"(11, 39)",0,-0.08
301,12,"(11, 38)",0,-0.08
301,13,"(11, 37)",1,-0.08
301,14,"(12, 37)",1,-0.08
301,15,"(13, 37)",1,-0.08
301,16,"(14, 37)",1,-0.08
301,17,"(15, 37)",1,-0.08
301,18,"(16, 37)",1,-0.08
301,19,"(17, 37)",0,-0.08
301,20,"(17, 36)",0,-0.08
301,21,"(17, 35)",0,-0.08
301,22,"(17, 34)",1,-0.08
301,23,"(18, 34)",1,-0.08
301,24,"(19, 34)",0,-0.08
301,25,"(19, 33)",0,-0.08
301,26,"(19, 32)",0,-0.08
301,27,"(19, 31)",0,-0.08
301,28,"(19, 30)",0,-0.08
301,29,"(19, 29)",1,-0.08
301,30,"(20, 29)",0,-0.08
301,31,"(20, 28)",0,-0.08
301,32,"(20, 27)",1,-0.08
301,33,"(21, 27)",0,-0.08
301,34,"(21, 26)",0,-0.08
301,35,"(21, 25)",1,-0.08
301,36,"(22, 25)",0,-0.08
301,37,"(22, 24)",0,-0.08
301,38,"(22, 23)",1,-0.08
301,39,"(23, 23)",1,-0.08
301,40,"(24, 23)",1,-0.08
301,41,"(25, 23)",0,-0.08
301,42,"(25, 22)",0,-0.08
301,43,"(25, 21)",1,-0.08
301,44,"(26, 21)",1,-0.08
301,45,"(27, 21)",0,-0.08
301,46,"(27, 20)",1,-0.08
301,47,"(28, 20)",0,-0.08
301,48,"(28, 19)",1,-0.08
301,49,"(29, 19)",1,-0.08
301,50,"(30, 19)",1,-0.08
301,51,"(31, 19)",0,-0.08
301,52,"(31, 18)",0,-0.08
301,53,"(31, 17)",1,-0.08
301,54,"(32, 17)",1,-0.08
301,55,"(33, 17)",1,-0.08
301,56,"(34, 17)",1,-0.08
301,57,"(35, 17)",0,-0.08
301,58,"(35, 16)",0,-0.08
301,59,"(35, 15)",0,-0.08
301,60,"(35, 14)",0,-0.08
301,61,"(35, 13)",1,-0.08
301,62,"(36, 13)",1,-0.08
301,63,"(37, 13)",1,-0.08
301,64,"(38, 13)",1,-0.08
301,65,"(39, 13)",0,-0.08
301,66,"(39, 12)",0,-0.08
301,67,"(39, 11)",1,-0.08
301,68,"(40, 11)",1,-0.08
301,69,"(41, 11)",1,-0.08
301,70,"(42, 11)",1,-0.08
301,71,"(43, 11)",1,-0.08
301,72,"(44, 11)",1,-0.08
301,73,"(45, 11)",0,-0.08
301,74,"(45, 10)",0,-0.08
301,75,"(45, 9)",1,-0.08
301,76,"(46, 9)",0,-0.08
301,77,"(46, 8)",0,-0.08
301,78,"(46, 7)",1,-0.08
301,79,"(47, 7)",0,-0.08
301,80,"(47, 6)",1,-0.08
301,81,"(48, 6)",1,-0.08
301,82,"(49, 6)",0,-0.08
301,83,"(49, 5)",1,-0.08
301,84,"(50, 5)",1,-0.08
301,85,"(51, 5)",0,-0.08
301,86,"(51, 4)",0,-0.08
301,87,"(51, 3)",0,-0.08
301,88,"(51, 2)",1,-0.08
301,89,"(52, 2)",1,-0.08
301,90,"(53, 2)",0,-0.08
301,91,"(53, 1)",1,-0.08
301,92,"(54, 1)",1,-0.08
301,93,"(55, 1)",1,-0.08
301,94,"(56, 1)",1,-0.08
301,95,"(57, 1)",1,-0.08
301,96,"(58, 1)",1,-0.08
301,97,"(59, 1)",1,-0.08
301,98,"(60, 1)",1,-0.08
301,99,"(61, 1)",1,-0.08
301,100,"(62, 1)",1,-0.08
301,101,"(63, 1)",1,-0.08
301,102,"(64, 1)",1,-0.08
301,103,"(65, 1)",1,-0.08
301,104,"(66, 1)",1,-0.08
301,105,"(67, 1)",1,-0.08
301,106,"(68, 1)",1,-0.08
301,107,"(69, 1)",1,-0.08
301,108,"(70, 1)",1,-0.08
301,109,"(71, 1)",2,-0.08
301,110,"(71, 2)",2,-0.08
301,111,"(71, 3)",1,-0.08
301,112,"(72, 3)",1,-0.08
301,113,"(73, 3)",0,-0.08
301,114,"(73, 2)",0,-0.08
301,115,"(73, 1)",0,-0.08
301,116,"(73, 0)",1,-0.08
301,117,"(74, 0)",1,-0.08
301,118,"(75, 0)",1,-0.08
301,119,"(76, 0)",1,-0.08
301,120,"(77, 0)",1,-0.08
301,121,"(78, 0)",1,8.33
302,0,"(0, 39)",1,-0.08
302,1,"(1, 39)",1,-0.08
302,2,"(2, 39)",1,-0.08
302,3,"(3, 39)",1,-0.08
302,4,"(4, 39)",1,-0.08
302,5,"(5, 39)",1,-0.08
302,6,"(6, 39)",1,-0.08
302,7,"(7, 39)",1,-0.08
302,8,"(8, 39)",1,-0.08
302,9,"(9, 39)",1,-0.08
302,10,"(10, 39)",1,-0.08
302,11,"(11, 39)",1,-0.08
302,12,"(12, 39)",1,-0.08
302,13,"(13, 39)",1,-0.08
302,14,"(14, 39)",0,-0.08
302,15,"(14, 38)",0,-0.08
302,16,"(14, 37)",1,-0.08
302,17,"(15, 37)",0,-0.08
302,18,"(15, 36)",0,-0.08
302,19,"(15, 35)",0,-0.08
302,20,"(15, 34)",0,-0.08
302,21,"(15, 33)",1,-0.08
302,22,"(16, 33)",1,-0.08
302,23,"(17, 33)",1,-0.08
302,24,"(18, 33)",1,-0.08
302,25,"(19, 33)",0,-0.08
302,26,"(19, 32)",0,-0.08
302,27,"(19, 31)",0,-0.08
302,28,"(19, 30)",0,-0.08
302,29,"(19, 29)",1,-0.08
302,30,"(20, 29)",0,-0.08
302,31,"(20, 28)",0,-0.08
302,32,"(20, 27)",1,-0.08
302,33,"(21, 27)",0,-0.08
302,34,"(21, 26)",0,-0.08
302,35,"(21, 25)",1,-0.08
302,36,"(22, 25)",1,-0.08
302,37,"(23, 25)",1,-0.08
302,38,"(24, 25)",1,-0.08
302,39,"(25, 25)",0,-0.08
302,40,"(25, 24)",0,-0.08
302,41,"(25, 23)",0,-0.08
302,42,"(25, 22)",0,-0.08
302,43,"(25, 21)",0,-0.08
302,44,"(25, 20)",0,-0.08
302,45,"(25, 19)",0,-0.08
302,46,"(25, 18)",1,-0.08
302,47,"(26, 18)",1,-0.08
302,48,"(27, 18)",0,-0.08
302,49,"(27, 17)",1,-0.08
302,50,"(28, 17)",0,-0.08
302,51,"(28, 16)",1,-0.08
302,52,"(29, 16)",0,-0.08
302,53,"(29, 15)",1,-0.08
302,54,"(30, 15)",1,-0.08
302,55,"(31, 15)",1,-0.08
302,56,"(32, 15)",0,-0.08
302,57,"(32, 14)",0,-0.08
302,58,"(32, 13)",1,-0.08
302,59,"(33, 13)",1,-0.08
302,60,"(34, 13)",1,-0.08
302,61,"(35, 13)",1,-0.08
302,62,"(36, 13)",1,-0.08
302,63,"(37, 13)",1,-0.08
302,64,"(38, 13)",1,-0.08
302,65,"(39, 13)",1,-0.08
302,66,"(40, 13)",1,-0.08
302,67,"(41, 13)",1,-0.08
302,68,"(42, 13)",1,-0.08
302,69,"(43, 13)",0,-0.08
302,70,"(43, 12)",0,-0.08
302,71,"(43, 11)",1,-0.08
302,72,"(44, 11)",1,-0.08
302,73,"(45, 11)",0,-0.08
302,74,"(45, 10)",0,-0.08
302,75,"(45, 9)",0,-0.08
302,76,"(45, 8)",1,-0.08
302,77,"(46, 8)",0,-0.08
302,78,"(46, 7)",0,-0.08
302,79,"(46, 6)",1,-0.08
302,80,"(47, 6)",1,-0.08
302,81,"(48, 6)",1,-0.08
302,82,"(49, 6)",0,-0.08
302,83,"(49, 5)",1,-0.08
302,84,"(50, 5)",1,-0.08
302,85,"(51, 5)",1,-0.08
302,86,"(52, 5)",1,-0.08
302,87,"(53, 5)",0,-0.08
302,88,"(53, 4)",0,-0.08
302,89,"(53, 3)",1,-0.08
302,90,"(54, 3)",1,-0.08
302,91,"(55, 3)",1,-0.08
302,92,"(56, 3)",0,-0.08
302,93,"(56, 2)",0,-0.08
302,94,"(56, 1)",1,-0.08
302,95,"(57, 1)",1,-0.08
302,96,"(58, 1)",1,-0.08
302,97,"(59, 1)",1,-0.08
302,98,"(60, 1)",1,-0.08
302,99,"(61, 1)",1,-0.08
302,100,"(62, 1)",1,-0.08
302,101,"(63, 1)",1,-0.08
302,102,"(64, 1)",1,-0.08
302,103,"(65, 1)",1,-0.08
302,104,"(66, 1)",1,-0.08
302,105,"(67, 1)",1,-0.08
302,106,"(68, 1)",1,-0.08
302,107,"(69, 1)",1,-0.08
302,108,"(70, 1)",1,-0.08
302,109,"(71, 1)",2,-0.08
302,110,"(71, 2)",2,-0.08
302,111,"(71, 3)",1,-0.08
302,112,"(72, 3)",1,-0.08
302,113,"(73, 3)",0,-0.08
302,114,"(73, 2)",0,-0.08
302,115,"(73, 1)",0,-0.08
302,116,"(73, 0)",1,-0.08
302,117,"(74, 0)",1,-0.08
302,118,"(75, 0)",1,-0.08
302,119,"(76, 0)",1,-0.08
302,120,"(77, 0)",1,-0.08
302,121,"(78, 0)",1,8.33
303,0,"(0, 39)",1,-0.08
303,1,"(1, 39)",1,-0.08
303,2,"(2, 39)",1,-0.08
303,3,"(3, 39)",1,-0.08
303,4,"(4, 39)",1,-0.08
303,5,"(5, 39)",1,-0.08
303,6,"(6, 39)",1,-0.08
303,7,"(7, 39)",1,-0.08
303,8,"(8, 39)",1,-0.08
303,9,"(9, 39)",1,-0.08
303,10,"(10, 39)",0,-0.08
303,11,"(10, 38)",1,-0.08
303,12,"(11, 38)",0,-0.08
303,13,"(11, 37)",1,-0.08
303,14,"(12, 37)",1,-0.08
303,15,"(13, 37)",1,-0.08
303,16,"(14, 37)",1,-0.08
303,17,"(15, 37)",1,-0.08
303,18,"(16, 37)",1,-0.08
303,19,"(17, 37)",0,-0.08
303,20,"(17, 36)",0,-0.08
303,21,"(17, 35)",0,-0.08
303,22,"(17, 34)",1,-0.08
303,23,"(18, 34)",1,-0.08
303,24,"(19, 34)",0,-0.08
303,25,"(19, 33)",0,-0.08
303,26,"(19, 32)",0,-0.08
303,27,"(19, 31)",0,-0.08
303,28,"(19, 30)",0,-0.08
303,29,"(19, 29)",1,-0.08
303,30,"(20, 29)",0,-0.08
303,31,"(20, 28)",0,-0.08
303,32,"(20, 27)",1,-0.08
303,33,"(21, 27)",0,-0.08
303,34,"(21, 26)",1,-0.08
303,35,"(22, 26)",1,-0.08
303,36,"(23, 26)",1,-0.08
303,37,"(24, 26)",1,-0.08
303,38,"(25, 26)",0,-0.08
303,39,"(25, 25)",1,-0.08
303,40,"(26, 25)",1,-0.08
303,41,"(27, 25)",1,-0.08
303,42,"(28, 25)",1,-0.08
303,43,"(29, 25)",1,-0.08
303,44,"(30, 25)",1,-0.08
303,45,"(31, 25)",0,-0.08
303,46,"(31, 24)",0,-0.08
303,47,"(31, 23)",1,-0.08
303,48,"(32, 23)",1,-0.08
303,49,"(33, 23)",0,-0.08
303,50,"(33, 22)",0,-0.08
303,51,"(33, 21)",1,-0.08
303,52,"(34, 21)",1,-0.08
303,53,"(35, 21)",1,-0.08
303,54,"(36, 21)",1,-0.08
303,55,"(37, 21)",1,-0.08
303,56,"(38, 21)",1,-0.08
303,57,"(39, 21)",0,-0.08
303,58,"(39, 20)",0,-0.08
303,59,"(39, 19)",0,-0.08
303,60,"(39, 18)",0,-0.08
303,61,"(39, 17)",0,-0.08
303,62,"(39, 16)",0,-0.08
303,63,"(39, 15)",1,-0.08
303,64,"(40, 15)",1,-0.08
303,65,"(41, 15)",0,-0.08
303,66,"(41, 14)",0,-0.08
303,67,"(41, 13)",1,-0.08
303,68,"(42, 13)",1,-0.08
303,69,"(43, 13)",1,-0.08
303,70,"(44, 13)",1,-0.08
303,71,"(45, 13)",0,-0.08
303,72,"(45, 12)",0,-0.08
303,73,"(45, 11)",0,-0.08
303,74,"(45, 10)",1,-0.08
303,75,"(46, 10)",0,-0.08
303,76,"(46, 9)",0,-0.08
303,77,"(46, 8)",0,-0.08
303,78,"(46, 7)",1,-0.08
303,79,"(47, 7)",0,-0.08
303,80,"(47, 6)",1,-0.08
303,81,"(48, 6)",1,-0.08
303,82,"(49, 6)",0,-0.08
303,83,"(49, 5)",1,-0.08
303,84,"(50, 5)",1,-0.08
303,85,"(51, 5)",1,-0.08
303,86,"(52, 5)",1,-0.08
303,87,"(53, 5)",0,-0.08
303,88,"(53, 4)",0,-0.08
303,89,"(53, 3)",0,-0.08
303,90,"(53, 2)",0,-0.08
303,91,"(53, 1)",1,-0.08
303,92,"(54, 1)",1,-0.08
303,93,"(55, 1)",1,-0.08
303,94,"(56, 1)",1,-0.08
303,95,"(57, 1)",1,-0.08
303,96,"(58, 1)",1,-0.08
303,97,"(59, 1)",1,-0.08
303,98,"(60, 1)",1,-0.08
303,99,"(61, 1)",1,-0.08
303,100,"(62, 1)",1,-0.08
303,101,"(63, 1)",1,-0.08
303,102,"(64, 1)",1,-0.08
303,103,"(65, 1)",1,-0.08
303,104,"(66, 1)",1,-0.08
303,105,"(67, 1)",1,-0.08
303,106,"(68, 1)",1,-0.08
303,107,"(69, 1)",1,-0.08
303,108,"(70, 1)",1,-0.08
303,109,"(71, 1)",2,-0.08
303,110,"(71, 2)",2,-0.08
303,111,"(71, 3)",1,-0.08
303,112,"(72, 3)",1,-0.08
303,113,"(73, 3)",0,-0.08
303,114,"(73, 2)",0,-0.08
303,115,"(73, 1)",1,-0.08
303,116,"(74, 1)",1,-0.08
303,117,"(75, 1)",1,-0.08
303,118,"(76, 1)",0,-0.08
303,119,"(76, 0)",1,-0.08
303,120,"(77, 0)",1,-0.08
303,121,"(78, 0)",1,8.33
304,0,"(0, 39)",1,-0.08
304,1,"(1, 39)",1,-0.08
304,2,"(2, 39)",1,-0.08
304,3,"(3, 39)",1,-0.08
304,4,"(4, 39)",1,-0.08
304,5,"(5, 39)",1,-0.08
304,6,"(6, 39)",1,-0.08
304,7,"(7, 39)",1,-0.08
304,8,"(8, 39)",1,-0.08
304,9,"(9, 39)",1,-0.08
304,10,"(10, 39)",1,-0.08
304,11,"(11, 39)",1,-0.08
304,12,"(12, 39)",1,-0.08
304,13,"(13, 39)",1,-0.08
304,14,"(14, 39)",0,-0.08
304,15,"(14, 38)",0,-0.08
304,16,"(14, 37)",1,-0.08
304,17,"(15, 37)",0,-0.08
304,18,"(15, 36)",1,-0.08
304,19,"(16, 36)",1,-0.08
304,20,"(17, 36)",0,-0.08
304,21,"(17, 35)",1,-0.08
304,22,"(18, 35)",0,-0.08
304,23,"(18, 34)",1,-0.08
304,24,"(19, 34)",0,-0.08
304,25,"(19, 33)",0,-0.08
304,26,"(19, 32)",0,-0.08
304,27,"(19, 31)",0,-0.08
304,28,"(19, 30)",0,-0.08
304,29,"(19, 29)",1,-0.08
304,30,"(20, 29)",0,-0.08
304,31,"(20, 28)",0,-0.08
304,32,"(20, 27)",1,-0.08
304,33,"(21, 27)",0,-0.08
304,34,"(21, 26)",1,-0.08
304,35,"(22, 26)",0,-0.08
304,36,"(22, 25)",1,-0.08
304,37,"(23, 25)",1,-0.08
304,38,"(24, 25)",1,-0.08
304,39,"(25, 25)",0,-0.08
304,40,"(25, 24)",0,-0.08
304,41,"(25, 23)",0,-0.08
304,42,"(25, 22)",0,-0.08
304,43,"(25, 21)",1,-0.08
304,44,"(26, 21)",1,-0.08
304,45,"(27, 21)",0,-0.08
304,46,"(27, 20)",0,-0.08
304,47,"(27, 19)",1,-0.08
304,48,"(28, 19)",1,-0.08
304,49,"(29, 19)",1,-0.08
304,50,"(30, 19)",1,-0.08
304,51,"(31, 19)",1,-0.08
304,52,"(32, 19)",1,-0.08
304,53,"(33, 19)",1,-0.08
304,54,"(34, 19)",1,-0.08
304,55,"(35, 19)",0,-0.08
304,56,"(35, 18)",0,-0.08
304,57,"(35, 17)",1,-0.08
304,58,"(36, 17)",1,-0.08
304,59,"(37, 17)",1,-0.08
304,60,"(38, 17)",1,-0.08
304,61,"(39, 17)",0,-0.08
304,62,"(39, 16)",0,-0.08
304,63,"(39, 15)",1,-0.08
304,64,"(40, 15)",1,-0.08
304,65,"(41, 15)",0,-0.08
304,66,"(41, 14)",0,-0.08
304,67,"(41, 13)",0,-0.08
304,68,"(41, 12)",0,-0.08
304,69,"(41, 11)",1,-0.08
304,70,"(42, 11)",1,-0.08
304,71,"(43, 11)",1,-0.08
304,72,"(44, 11)",1,-0.08
304,73,"(45, 11)",0,-0.08
304,74,"(45, 10)",0,-0.08
304,75,"(45, 9)",1,-0.08
304,76,"(46, 9)",0,-0.08
304,77,"(46, 8)",0,-0.08
304,78,"(46, 7)",0,-0.08
304,79,"(46, 6)",1,-0.08
304,80,"(47, 6)",1,-0.08
304,81,"(48, 6)",1,-0.08
304,82,"(49, 6)",0,-0.08
304,83,"(49, 5)",1,-0.08
304,84,"(50, 5)",1,-0.08
304,85,"(51, 5)",0,-0.08
304,86,"(51, 4)",0,-0.08
304,87,"(51, 3)",0,-0.08
304,88,"(51, 2)",0,-0.08
304,89,"(51, 1)",1,-0.08
304,90,"(52, 1)",1,-0.08
304,91,"(53, 1)",1,-0.08
304,92,"(54, 1)",1,-0.08
304,93,"(55, 1)",1,-0.08
304,94,"(56, 1)",1,-0.08
304,95,"(57, 1)",1,-0.08
304,96,"(58, 1)",1,-0.08
304,97,"(59, 1)",1,-0.08
304,98,"(60, 1)",1,-0.08
304,99,"(61, 1)",1,-0.08
304,100,"(62, 1)",1,-0.08
304,101,"(63, 1)",1,-0.08
304,102,"(64, 1)",1,-0.08
304,103,"(65, 1)",1,-0.08
304,104,"(66, 1)",1,-0.08
304,105,"(67, 1)",1,-0.08
304,106,"(68, 1)",1,-0.08
304,107,"(69, 1)",1,-0.08
304,108,"(70, 1)",1,-0.08
304,109,"(71, 1)",2,-0.08
304,110,"(71, 2)",2,-0.08
304,111,"(71, 3)",1,-0.08
304,112,"(72, 3)",1,-0.08
304,113,"(73, 3)",1,-0.08
304,114,"(74, 3)",1,-0.08
304,115,"(75, 3)",1,-0.08
304,116,"(76, 3)",1,-0.08
304,117,"(77, 3)",0,-0.08
304,118,"(77, 2)",0,-0.08
304,119,"(77, 1)",1,-0.08
304,120,"(78, 1)",1,-0.08
304,121,"(79, 1)",0,8.33
305,0,"(0, 39)",1,-0.08
305,1,"(1, 39)",1,-0.08
305,2,"(2, 39)",1,-0.08
305,3,"(3, 39)",1,-0.08
305,4,"(4, 39)",1,-0.08
305,5,"(5, 39)",1,-0.08
305,6,"(6, 39)",1,-0.08
305,7,"(7, 39)",1,-0.08
305,8,"(8, 39)",1,-0.08
305,9,"(9, 39)",1,-0.08
305,10,"(10, 39)",0,-0.08
305,11,"(10, 38)",0,-0.08
305,12,"(10, 37)",1,-0.08
305,13,"(11, 37)",1,-0.08
305,14,"(12, 37)",1,-0.08
305,15,"(13, 37)",1,-0.08
305,16,"(14, 37)",1,-0.08
305,17,"(15, 37)",1,-0.08
305,18,"(16, 37)",0,-0.08
305,19,"(16, 36)",1,-0.08
305,20,"(17, 36)",0,-0.08
305,21,"(17, 35)",0,-0.08
305,22,"(17, 34)",0,-0.08
305,23,"(17, 33)",1,-0.08
305,24,"(18, 33)",1,-0.08
305,25,"(19, 33)",0,-0.08
305,26,"(19, 32)",0,-0.08
305,27,"(19, 31)",0,-0.08
305,28,"(19, 30)",0,-0.08
305,29,"(19, 29)",1,-0.08
305,30,"(20, 29)",0,-0.08
305,31,"(20, 28)",0,-0.08
305,32,"(20, 27)",1,-0.08
305,33,"(21, 27)",0,-0.08
305,34,"(21, 26)",0,-0.08
305,35,"(21, 25)",1,-0.08
305,36,"(22, 25)",0,-0.08
305,37,"(22, 24)",0,-0.08
305,38,"(22, 23)",1,-0.08
305,39,"(23, 23)",1,-0.08
305,40,"(24, 23)",1,-0.08
305,41,"(25, 23)",0,-0.08
305,42,"(25, 22)",0,-0.08
305,43,"(25, 21)",0,-0.08
305,44,"(25, 20)",0,-0.08
305,45,"(25, 19)",1,-0.08
305,46,"(26, 19)",0,-0.08
305,47,"(26, 18)",1,-0.08
305,48,"(27, 18)",0,-0.08
305,49,"(27, 17)",1,-0.08
305,50,"(28, 17)",1,-0.08
305,51,"(29, 17)",0,-0.08
305,52,"(29, 16)",0,-0.08
305,53,"(29, 15)",1,-0.08
305,54,"(30, 15)",1,-0.08
305,55,"(31, 15)",0,-0.08
305,56,"(31, 14)",1,-0.08
305,57,"(32, 14)",0,-0.08
305,58,"(32, 13)",1,-0.08
305,59,"(33, 13)",1,-0.08
305,60,"(34, 13)",1,-0.08
305,61,"(35, 13)",1,-0.08
305,62,"(36, 13)",1,-0.08
305,63,"(37, 13)",1,-0.08
305,64,"(38, 13)",1,-0.08
305,65,"(39, 13)",1,-0.08
305,66,"(40, 13)",1,-0.08
305,67,"(41, 13)",0,-0.08
305,68,"(41, 12)",0,-0.08
305,69,"(41, 11)",1,-0.08
305,70,"(42, 11)",1,-0.08
305,71,"(43, 11)",1,-0.08
305,72,"(44, 11)",1,-0.08
305,73,"(45, 11)",0,-0.08
305,74,"(45, 10)",0,-0.08
305,75,"(45, 9)",0,-0.08
305,76,"(45, 8)",0,-0.08
305,77,"(45, 7)",1,-0.08
305,78,"(46, 7)",1,-0.08
305,79,"(47, 7)",0,-0.08
305,80,"(47, 6)",1,-0.08
305,81,"(48, 6)",1,-0.08
305,82,"(49, 6)",0,-0.08
305,83,"(49, 5)",1,-0.08
305,84,"(50, 5)",1,-0.08
305,85,"(51, 5)",0,-0.08
305,86,"(51, 4)",0,-0.08
305,87,"(51, 3)",0,-0.08
305,88,"(51, 2)",0,-0.08
305,89,"(51, 1)",1,-0.08
305,90,"(52, 1)",1,-0.08
305,91,"(53, 1)",1,-0.08
305,92,"(54, 1)",1,-0.08
305,93,"(55, 1)",1,-0.08
305,94,"(56, 1)",1,-0.08
305,95,"(57, 1)",1,-0.08
305,96,"(58, 1)",1,-0.08
305,97,"(59, 1)",1,-0.08
305,98,"(60, 1)",1,-0.08
305,99,"(61, 1)",1,-0.08
305,100,"(62, 1)",1,-0.08
305,101,"(63, 1)",1,-0.08
305,102,"(64, 1)",1,-0.08
305,103,"(65, 1)",1,-0.08
305,104,"(66, 1)",1,-0.08
305,105,"(67, 1)",1,-0.08
305,106,"(68, 1)",1,-0.08
305,107,"(69, 1)",1,-0.08
305,108,"(70, 1)",1,-0.08
305,109,"(71, 1)",2,-0.08
305,110,"(71, 2)",2,-0.08
305,111,"(71, 3)",1,-0.08
305,112,"(72, 3)",1,-0.08
305,113,"(73, 3)",0,-0.08
305,114,"(73, 2)",0,-0.08
305,115,"(73, 1)",0,-0.08
305,116,"(73, 0)",1,-0.08
305,117,"(74, 0)",1,-0.08
305,118,"(75, 0)",1,-0.08
305,119,"(76, 0)",1,-0.08
305,120,"(77, 0)",1,-0.08
305,121,"(78, 0)",1,8.33
306,0,"(0, 39)",1,-0.08
306,1,"(1, 39)",1,-0.08
306,2,"(2, 39)",1,-0.08
306,3,"(3, 39)",1,-0.08
306,4,"(4, 39)",1,-0.08
306,5,"(5, 39)",1,-0.08
306,6,"(6, 39)",1,-0.08
306,7,"(7, 39)",1,-0.08
306,8,"(8, 39)",1,-0.08
306,9,"(9, 39)",1,-0.08
306,10,"(10, 39)",1,-0.08
306,11,"(11, 39)",1,-0.08
306,12,"(12, 39)",1,-0.08
306,13,"(13, 39)",1,-0.08
306,14,"(14, 39)",0,-0.08
306,15,"(14, 38)",0,-0.08
306,16,"(14, 37)",1,-0.08
306,17,"(15, 37)",1,-0.08
306,18,"(16, 37)",1,-0.08
306,19,"(17, 37)",0,-0.08
306,20,"(17, 36)",0,-0.08
306,21,"(17, 35)",0,-0.08
306,22,"(17, 34)",1,-0.08
306,23,"(18, 34)",0,-0.08
306,24,"(18, 33)",1,-0.08
306,25,"(19, 33)",0,-0.08
306,26,"(19, 32)",0,-0.08
306,27,"(19, 31)",0,-0.08
306,28,"(19, 30)",0,-0.08
306,29,"(19, 29)",1,-0.08
306,30,"(20, 29)",0,-0.08
306,31,"(20, 28)",0,-0.08
306,32,"(20, 27)",1,-0.08
306,33,"(21, 27)",0,-0.08
306,34,"(21, 26)",1,-0.08
306,35,"(22, 26)",1,-0.08
306,36,"(23, 26)",0,-0.08
306,37,"(23, 25)",1,-0.08
306,38,"(24, 25)",1,-0.08
306,39,"(25, 25)",0,-0.08
306,40,"(25, 24)",0,-0.08
306,41,"(25, 23)",0,-0.08
306,42,"(25, 22)",0,-0.08
306,43,"(25, 21)",1,-0.08
306,44,"(26, 21)",1,-0.08
306,45,"(27, 21)",0,-0.08
306,46,"(27, 20)",0,-0.08
306,47,"(27, 19)",0,-0.08
306,48,"(27, 18)",0,-0.08
306,49,"(27, 17)",0,-0.08
306,50,"(27, 16)",1,-0.08
306,51,"(28, 16)",1,-0.08
306,52,"(29, 16)",0,-0.08
306,53,"(29, 15)",1,-0.08
306,54,"(30, 15)",1,-0.08
306,55,"(31, 15)",0,-0.08
306,56,"(31, 14)",0,-0.08
306,57,"(31, 13)",1,-0.08
306,58,"(32, 13)",1,-0.08
306,59,"(33, 13)",1,-0.08
306,60,"(34, 13)",1,-0.08
306,61,"(35, 13)",1,-0.08
306,62,"(36, 13)",1,-0.08
306,63,"(37, 13)",1,-0.08
306,64,"(38, 13)",1,-0.08
306,65,"(39, 13)",0,-0.08
306,66,"(39, 12)",0,-0.08
306,67,"(39, 11)",1,-0.08
306,68,"(40, 11)",1,-0.08
306,69,"(41, 11)",1,-0.08
306,70,"(42, 11)",1,-0.08
306,71,"(43, 11)",1,-0.08
306,72,"(44, 11)",1,-0.08
306,73,"(45, 11)",0,-0.08
306,74,"(45, 10)",1,-0.08
306,75,"(46, 10)",0,-0.08
306,76,"(46, 9)",0,-0.08
306,77,"(46, 8)",0,-0.08
306,78,"(46, 7)",0,-0.08
306,79,"(46, 6)",1,-0.08
306,80,"(47, 6)",1,-0.08
306,81,"(48, 6)",1,-0.08
306,82,"(49, 6)",0,-0.08
306,83,"(49, 5)",1,-0.08
306,84,"(50, 5)",1,-0.08
306,85,"(51, 5)",0,-0.08
306,86,"(51, 4)",0,-0.08
306,87,"(51, 3)",0,-0.08
306,88,"(51, 2)",0,-0.08
306,89,"(51, 1)",1,-0.08
306,90,"(52, 1)",1,-0.08
306,91,"(53, 1)",1,-0.08
306,92,"(54, 1)",1,-0.08
306,93,"(55, 1)",1,-0.08
306,94,"(56, 1)",1,-0.08
306,95,"(57, 1)",1,-0.08
306,96,"(58, 1)",1,-0.08
306,97,"(59, 1)",1,-0.08
306,98,"(60, 1)",1,-0.08
306,99,"(61, 1)",1,-0.08
306,100,"(62, 1)",1,-0.08
306,101,"(63, 1)",1,-0.08
306,102,"(64, 1)",1,-0.08
306,103,"(65, 1)",1,-0.08
306,104,"(66, 1)",1,-0.08
306,105,"(67, 1)",1,-0.08
306,106,"(68, 1)",1,-0.08
306,107,"(69, 1)",1,-0.08
306,108,"(70, 1)",1,-0.08
306,109,"(71, 1)",2,-0.08
306,110,"(71, 2)",2,-0.08
306,111,"(71, 3)",1,-0.08
306,112,"(72, 3)",1,-0.08
306,113,"(73, 3)",1,-0.08
306,114,"(74, 3)",1,-0.08
306,115,"(75, 3)",1,-0.08
306,116,"(76, 3)",1,-0.08
306,117,"(77, 3)",0,-0.08
306,118,"(77, 2)",0,-0.08
306,119,"(77, 1)",1,-0.08
306,120,"(78, 1)",0,-0.08
306,121,"(78, 0)",1,8.33
307,0,"(0, 39)",1,-0.08
307,1,"(1, 39)",1,-0.08
307,2,"(2, 39)",1,-0.08
307,3,"(3, 39)",1,-0.08
307,4,"(4, 39)",1,-0.08
307,5,"(5, 39)",1,-0.08
307,6,"(6, 39)",1,-0.08
307,7,"(7, 39)",1,-0.08
307,8,"(8, 39)",1,-0.08
307,9,"(9, 39)",1,-0.08
307,10,"(10, 39)",0,-0.08
307,11,"(10, 38)",0,-0.08
307,12,"(10, 37)",1,-0.08
307,13,"(11, 37)",1,-0.08
307,14,"(12, 37)",1,-0.08
307,15,"(13, 37)",1,-0.08
307,16,"(14, 37)",1,-0.08
307,17,"(15, 37)",0,-0.08
307,18,"(15, 36)",0,-0.08
307,19,"(15, 35)",0,-0.08
307,20,"(15, 34)",0,-0.08
307,21,"(15, 33)",1,-0.08
307,22,"(16, 33)",1,-0.08
307,23,"(17, 33)",1,-0.08
307,24,"(18, 33)",1,-0.08
307,25,"(19, 33)",0,-0.08
307,26,"(19, 32)",0,-0.08
307,27,"(19, 31)",0,-0.08
307,28,"(19, 30)",0,-0.08
307,29,"(19, 29)",1,-0.08
307,30,"(20, 29)",0,-0.08
307,31,"(20, 28)",0,-0.08
307,32,"(20, 27)",1,-0.08
307,33,"(21, 27)",0,-0.08
307,34,"(21, 26)",1,-0.08
307,35,"(22, 26)",0,-0.08
307,36,"(22, 25)",1,-0.08
307,37,"(23, 25)",1,-0.08
307,38,"(24, 25)",1,-0.08
307,39,"(25, 25)",1,-0.08
307,40,"(26, 25)",1,-0.08
307,41,"(27, 25)",1,-0.08
307,42,"(28, 25)",1,-0.08
307,43,"(29, 25)",1,-0.08
307,44,"(30, 25)",1,-0.08
307,45,"(31, 25)",0,-0.08
307,46,"(31, 24)",0,-0.08
307,47,"(31, 23)",1,-0.08
307,48,"(32, 23)",1,-0.08
307,49,"(33, 23)",0,-0.08
307,50,"(33, 22)",0,-0.08
307,51,"(33, 21)",1,-0.08
307,52,"(34, 21)",1,-0.08
307,53,"(35, 21)",1,-0.08
307,54,"(36, 21)",1,-0.08
307,55,"(37, 21)",1,-0.08
307,56,"(38, 21)",1,-0.08
307,57,"(39, 21)",1,-0.08
307,58,"(40, 21)",1,-0.08
307,59,"(41, 21)",0,-0.08
307,60,"(41, 20)",0,-0.08
307,61,"(41, 19)",0,-0.08
307,62,"(41, 18)",1,-0.08
307,63,"(42, 18)",0,-0.08
307,64,"(42, 17)",1,-0.08
307,65,"(43, 17)",0,-0.08
307,66,"(43, 16)",0,-0.08
307,67,"(43, 15)",1,-0.08
307,68,"(44, 15)",1,-0.08
307,69,"(45, 15)",0,-0.08
307,70,"(45, 14)",0,-0.08
307,71,"(45, 13)",0,-0.08
307,72,"(45, 12)",0,-0.08
307,73,"(45, 11)",0,-0.08
307,74,"(45, 10)",1,-0.08
307,75,"(46, 10)",0,-0.08
307,76,"(46, 9)",0,-0.08
307,77,"(46, 8)",0,-0.08
307,78,"(46, 7)",1,-0.08
307,79,"(47, 7)",0,-0.08
307,80,"(47, 6)",1,-0.08
307,81,"(48, 6)",1,-0.08
307,82,"(49, 6)",0,-0.08
307,83,"(49, 5)",1,-0.08
307,84,"(50, 5)",1,-0.08
307,85,"(51, 5)",1,-0.08
307,86,"(52, 5)",1,-0.08
307,87,"(53, 5)",0,-0.08
307,88,"(53, 4)",0,-0.08
307,89,"(53, 3)",1,-0.08
307,90,"(54, 3)",1,-0.08
307,91,"(55, 3)",1,-0.08
307,92,"(56, 3)",1,-0.08
307,93,"(57, 3)",0,-0.08
307,94,"(57, 2)",1,-0.08
307,95,"(58, 2)",1,-0.08
307,96,"(59, 2)",0,-0.08
307,97,"(59, 1)",1,-0.08
307,98,"(60, 1)",1,-0.08
307,99,"(61, 1)",1,-0.08
307,100,"(62, 1)",1,-0.08
307,101,"(63, 1)",1,-0.08
307,102,"(64, 1)",1,-0.08
307,103,"(65, 1)",1,-0.08
307,104,"(66, 1)",1,-0.08
307,105,"(67, 1)",1,-0.08
307,106,"(68, 1)",1,-0.08
307,107,"(69, 1)",1,-0.08
307,108,"(70, 1)",1,-0.08
307,109,"(71, 1)",2,-0.08
307,110,"(71, 2)",2,-0.08
307,111,"(71, 3)",1,-0.08
307,112,"(72, 3)",1,-0.08
307,113,"(73, 3)",1,-0.08
307,114,"(74, 3)",1,-0.08
307,115,"(75, 3)",1,-0.08
307,116,"(76, 3)",1,-0.08
307,117,"(77, 3)",0,-0.08
307,118,"(77, 2)",0,-0.08
307,119,"(77, 1)",1,-0.08
307,120,"(78, 1)",1,-0.08
307,121,"(79, 1)",0,8.33
308,0,"(0, 39)",1,-0.08
308,1,"(1, 39)",1,-0.08
308,2,"(2, 39)",1,-0.08
308,3,"(3, 39)",1,-0.08
308,4,"(4, 39)",1,-0.08
308,5,"(5, 39)",1,-0.08
308,6,"(6, 39)",1,-0.08
308,7,"(7, 39)",1,-0.08
308,8,"(8, 39)",1,-0.08
308,9,"(9, 39)",1,-0.08
308,10,"(10, 39)",0,-0.08
308,11,"(10, 38)",0,-0.08
308,12,"(10, 37)",1,-0.08
308,13,"(11, 37)",1,-0.08
308,14,"(12, 37)",1,-0.08
308,15,"(13, 37)",1,-0.08
308,16,"(14, 37)",1,-0.08
308,17,"(15, 37)",0,-0.08
308,18,"(15, 36)",0,-0.08
308,19,"(15, 35)",0,-0.08
308,20,"(15, 34)",0,-0.08
308,21,"(15, 33)",1,-0.08
308,22,"(16, 33)",1,-0.08
308,23,"(17, 33)",1,-0.08
308,24,"(18, 33)",1,-0.08
308,25,"(19, 33)",0,-0.08
308,26,"(19, 32)",0,-0.08
308,27,"(19, 31)",0,-0.08
308,28,"(19, 30)",0,-0.08
308,29,"(19, 29)",1,-0.08
308,30,"(20, 29)",0,-0.08
308,31,"(20, 28)",0,-0.08
308,32,"(20, 27)",1,-0.08
308,33,"(21, 27)",0,-0.08
308,34,"(21, 26)",1,-0.08
308,35,"(22, 26)",1,-0.08
308,36,"(23, 26)",1,-0.08
308,37,"(24, 26)",1,-0.08
308,38,"(25, 26)",0,-0.08
308,39,"(25, 25)",1,-0.08
308,40,"(26, 25)",1,-0.08
308,41,"(27, 25)",1,-0.08
308,42,"(28, 25)",1,-0.08
308,43,"(29, 25)",1,-0.08
308,44,"(30, 25)",1,-0.08
308,45,"(31, 25)",0,-0.08
308,46,"(31, 24)",0,-0.08
308,47,"(31, 23)",1,-0.08
308,48,"(32, 23)",1,-0.08
308,49,"(33, 23)",0,-0.08
308,50,"(33, 22)",0,-0.08
308,51,"(33, 21)",1,-0.08
308,52,"(34, 21)",1,-0.08
308,53,"(35, 21)",0,-0.08
308,54,"(35, 20)",0,-0.08
308,55,"(35, 19)",0,-0.08
308,56,"(35, 18)",0,-0.08
308,57,"(35, 17)",0,-0.08
308,58,"(35, 16)",0,-0.08
308,59,"(35, 15)",0,-0.08
308,60,"(35, 14)",0,-0.08
308,61,"(35, 13)",1,-0.08
308,62,"(36, 13)",1,-0.08
308,63,"(37, 13)",1,-0.08
308,64,"(38, 13)",1,-0.08
308,65,"(39, 13)",1,-0.08
308,66,"(40, 13)",1,-0.08
308,67,"(41, 13)",1,-0.08
308,68,"(42, 13)",1,-0.08
308,69,"(43, 13)",0,-0.08
308,70,"(43, 12)",0,-0.08
308,71,"(43, 11)",1,-0.08
308,72,"(44, 11)",1,-0.08
308,73,"(45, 11)",0,-0.08
308,74,"(45, 10)",0,-0.08
308,75,"(45, 9)",0,-0.08
308,76,"(45, 8)",1,-0.08
308,77,"(46, 8)",0,-0.08
308,78,"(46, 7)",1,-0.08
308,79,"(47, 7)",0,-0.08
308,80,"(47, 6)",1,-0.08
308,81,"(48, 6)",1,-0.08
308,82,"(49, 6)",0,-0.08
308,83,"(49, 5)",1,-0.08
308,84,"(50, 5)",1,-0.08
308,85,"(51, 5)",0,-0.08
308,86,"(51, 4)",0,-0.08
308,87,"(51, 3)",0,-0.08
308,88,"(51, 2)",0,-0.08
308,89,"(51, 1)",1,-0.08
308,90,"(52, 1)",1,-0.08
308,91,"(53, 1)",1,-0.08
308,92,"(54, 1)",1,-0.08
308,93,"(55, 1)",1,-0.08
308,94,"(56, 1)",1,-0.08
308,95,"(57, 1)",1,-0.08
308,96,"(58, 1)",1,-0.08
308,97,"(59, 1)",1,-0.08
308,98,"(60, 1)",1,-0.08
308,99,"(61, 1)",1,-0.08
308,100,"(62, 1)",1,-0.08
308,101,"(63, 1)",1,-0.08
308,102,"(64, 1)",1,-0.08
308,103,"(65, 1)",1,-0.08
308,104,"(66, 1)",1,-0.08
308,105,"(67, 1)",1,-0.08
308,106,"(68, 1)",1,-0.08
308,107,"(69, 1)",1,-0.08
308,108,"(70, 1)",1,-0.08
308,109,"(71, 1)",2,-0.08
308,110,"(71, 2)",2,-0.08
308,111,"(71, 3)",1,-0.08
308,112,"(72, 3)",1,-0.08
308,113,"(73, 3)",1,-0.08
308,114,"(74, 3)",1,-0.08
308,115,"(75, 3)",1,-0.08
308,116,"(76, 3)",1,-0.08
308,117,"(77, 3)",0,-0.08
308,118,"(77, 2)",0,-0.08
308,119,"(77, 1)",1,-0.08
308,120,"(78, 1)",1,-0.08
308,121,"(79, 1)",0,8.33
309,0,"(0, 39)",1,-0.08
309,1,"(1, 39)",1,-0.08
309,2,"(2, 39)",1,-0.08
309,3,"(3, 39)",1,-0.08
309,4,"(4, 39)",1,-0.08
309,5,"(5, 39)",1,-0.08
309,6,"(6, 39)",1,-0.08
309,7,"(7, 39)",1,-0.08
309,8,"(8, 39)",1,-0.08
309,9,"(9, 39)",1,-0.08
309,10,"(10, 39)",1,-0.08
309,11,"(11, 39)",1,-0.08
309,12,"(12, 39)",1,-0.08
309,13,"(13, 39)",1,-0.08
309,14,"(14, 39)",0,-0.08
309,15,"(14, 38)",0,-0.08
309,16,"(14, 37)",1,-0.08
309,17,"(15, 37)",1,-0.08
309,18,"(16, 37)",1,-0.08
309,19,"(17, 37)",0,-0.08
309,20,"(17, 36)",0,-0.08
309,21,"(17, 35)",1,-0.08
309,22,"(18, 35)",0,-0.08
309,23,"(18, 34)",0,-0.08
309,24,"(18, 33)",1,-0.08
309,25,"(19, 33)",0,-0.08
309,26,"(19, 32)",0,-0.08
309,27,"(19, 31)",0,-0.08
309,28,"(19, 30)",0,-0.08
309,29,"(19, 29)",1,-0.08
309,30,"(20, 29)",0,-0.08
309,31,"(20, 28)",0,-0.08
309,32,"(20, 27)",1,-0.08
309,33,"(21, 27)",0,-0.08
309,34,"(21, 26)",1,-0.08
309,35,"(22, 26)",0,-0.08
309,36,"(22, 25)",0,-0.08
309,37,"(22, 24)",0,-0.08
309,38,"(22, 23)",1,-0.08
309,39,"(23, 23)",1,-0.08
309,40,"(24, 23)",1,-0.08
309,41,"(25, 23)",0,-0.08
309,42,"(25, 22)",0,-0.08
309,43,"(25, 21)",1,-0.08
309,44,"(26, 21)",1,-0.08
309,45,"(27, 21)",0,-0.08
309,46,"(27, 20)",1,-0.08
309,47,"(28, 20)",0,-0.08
309,48,"(28, 19)",1,-0.08
309,49,"(29, 19)",1,-0.08
309,50,"(30, 19)",1,-0.08
309,51,"(31, 19)",1,-0.08
309,52,"(32, 19)",1,-0.08
309,53,"(33, 19)",1,-0.08
309,54,"(34, 19)",1,-0.08
309,55,"(35, 19)",0,-0.08
309,56,"(35, 18)",0,-0.08
309,57,"(35, 17)",1,-0.08
309,58,"(36, 17)",1,-0.08
309,59,"(37, 17)",1,-0.08
309,60,"(38, 17)",1,-0.08
309,61,"(39, 17)",0,-0.08
309,62,"(39, 16)",0,-0.08
309,63,"(39, 15)",1,-0.08
309,64,"(40, 15)",1,-0.08
309,65,"(41, 15)",0,-0.08
309,66,"(41, 14)",0,-0.08
309,67,"(41, 13)",0,-0.08
309,68,"(41, 12)",0,-0.08
309,69,"(41, 11)",1,-0.08
309,70,"(42, 11)",1,-0.08
309,71,"(43, 11)",1,-0.08
309,72,"(44, 11)",1,-0.08
309,73,"(45, 11)",0,-0.08
309,74,"(45, 10)",0,-0.08
309,75,"(45, 9)",0,-0.08
309,76,"(45, 8)",0,-0.08
309,77,"(45, 7)",1,-0.08
309,78,"(46, 7)",1,-0.08
309,79,"(47, 7)",0,-0.08
309,80,"(47, 6)",1,-0.08
309,81,"(48, 6)",1,-0.08
309,82,"(49, 6)",0,-0.08
309,83,"(49, 5)",1,-0.08
309,84,"(50, 5)",1,-0.08
309,85,"(51, 5)",1,-0.08
309,86,"(52, 5)",1,-0.08
309,87,"(53, 5)",0,-0.08
309,88,"(53, 4)",0,-0.08
309,89,"(53, 3)",1,-0.08
309,90,"(54, 3)",1,-0.08
309,91,"(55, 3)",1,-0.08
309,92,"(56, 3)",0,-0.08
309,93,"(56, 2)",0,-0.08
309,94,"(56, 1)",1,-0.08
309,95,"(57, 1)",1,-0.08
309,96,"(58, 1)",1,-0.08
309,97,"(59, 1)",1,-0.08
309,98,"(60, 1)",1,-0.08
309,99,"(61, 1)",1,-0.08
309,100,"(62, 1)",1,-0.08
309,101,"(63, 1)",1,-0.08
309,102,"(64, 1)",1,-0.08
309,103,"(65, 1)",1,-0.08
309,104,"(66, 1)",1,-0.08
309,105,"(67, 1)",1,-0.08
309,106,"(68, 1)",1,-0.08
309,107,"(69, 1)",1,-0.08
309,108,"(70, 1)",1,-0.08
309,109,"(71, 1)",2,-0.08
309,110,"(71, 2)",2,-0.08
309,111,"(71, 3)",1,-0.08
309,112,"(72, 3)",1,-0.08
309,113,"(73, 3)",1,-0.08
309,114,"(74, 3)",1,-0.08
309,115,"(75, 3)",1,-0.08
309,116,"(76, 3)",1,-0.08
309,117,"(77, 3)",0,-0.08
309,118,"(77, 2)",0,-0.08
309,119,"(77, 1)",0,-0.08
309,120,"(77, 0)",1,-0.08
309,121,"(78, 0)",1,8.33
310,0,"(0, 39)",1,-0.08
310,1,"(1, 39)",1,-0.08
310,2,"(2, 39)",1,-0.08
310,3,"(3, 39)",1,-0.08
310,4,"(4, 39)",1,-0.08
310,5,"(5, 39)",1,-0.08
310,6,"(6, 39)",1,-0.08
310,7,"(7, 39)",1,-0.08
310,8,"(8, 39)",1,-0.08
310,9,"(9, 39)",1,-0.08
310,10,"(10, 39)",0,-0.08
310,11,"(10, 38)",0,-0.08
310,12,"(10, 37)",1,-0.08
310,13,"(11, 37)",1,-0.08
310,14,"(12, 37)",1,-0.08
310,15,"(13, 37)",1,-0.08
310,16,"(14, 37)",1,-0.08
310,17,"(15, 37)",0,-0.08
310,18,"(15, 36)",0,-0.08
310,19,"(15, 35)",0,-0.08
310,20,"(15, 34)",0,-0.08
310,21,"(15, 33)",1,-0.08
310,22,"(16, 33)",1,-0.08
310,23,"(17, 33)",1,-0.08
310,24,"(18, 33)",1,-0.08
310,25,"(19, 33)",0,-0.08
310,26,"(19, 32)",0,-0.08
310,27,"(19, 31)",0,-0.08
310,28,"(19, 30)",0,-0.08
310,29,"(19, 29)",1,-0.08
310,30,"(20, 29)",0,-0.08
310,31,"(20, 28)",0,-0.08
310,32,"(20, 27)",1,-0.08
310,33,"(21, 27)",0,-0.08
310,34,"(21, 26)",1,-0.08
310,35,"(22, 26)",1,-0.08
310,36,"(23, 26)",0,-0.08
310,37,"(23, 25)",1,-0.08
310,38,"(24, 25)",1,-0.08
310,39,"(25, 25)",0,-0.08
310,40,"(25, 24)",0,-0.08
310,41,"(25, 23)",0,-0.08
310,42,"(25, 22)",0,-0.08
310,43,"(25, 21)",1,-0.08
310,44,"(26, 21)",1,-0.08
310,45,"(27, 21)",0,-0.08
310,46,"(27, 20)",0,-0.08
310,47,"(27, 19)",1,-0.08
310,48,"(28, 19)",1,-0.08
310,49,"(29, 19)",1,-0.08
310,50,"(30, 19)",1,-0.08
310,51,"(31, 19)",0,-0.08
310,52,"(31, 18)",1,-0.08
310,53,"(32, 18)",0,-0.08
310,54,"(32, 17)",0,-0.08
310,55,"(32, 16)",0,-0.08
310,56,"(32, 15)",0,-0.08
310,57,"(32, 14)",0,-0.08
310,58,"(32, 13)",1,-0.08
310,59,"(33, 13)",1,-0.08
310,60,"(34, 13)",1,-0.08
310,61,"(35, 13)",1,-0.08
310,62,"(36, 13)",1,-0.08
310,63,"(37, 13)",1,-0.08
310,64,"(38, 13)",1,-0.08
310,65,"(39, 13)",1,-0.08
310,66,"(40, 13)",1,-0.08
310,67,"(41, 13)",1,-0.08
310,68,"(42, 13)",1,-0.08
310,69,"(43, 13)",1,-0.08
310,70,"(44, 13)",1,-0.08
310,71,"(45, 13)",0,-0.08
310,72,"(45, 12)",0,-0.08
310,73,"(45, 11)",0,-0.08
310,74,"(45, 10)",0,-0.08
310,75,"(45, 9)",1,-0.08
310,76,"(46, 9)",0,-0.08
310,77,"(46, 8)",0,-0.08
310,78,"(46, 7)",1,-0.08
310,79,"(47, 7)",0,-0.08
310,80,"(47, 6)",1,-0.08
310,81,"(48, 6)",1,-0.08
310,82,"(49, 6)",0,-0.08
310,83,"(49, 5)",1,-0.08
310,84,"(50, 5)",1,-0.08
310,85,"(51, 5)",0,-0.08
310,86,"(51, 4)",0,-0.08
310,87,"(51, 3)",0,-0.08
310,88,"(51, 2)",1,-0.08
310,89,"(52, 2)",0,-0.08
310,90,"(52, 1)",1,-0.08
310,91,"(53, 1)",1,-0.08
310,92,"(54, 1)",1,-0.08
310,93,"(55, 1)",1,-0.08
310,94,"(56, 1)",1,-0.08
310,95,"(57, 1)",1,-0.08
310,96,"(58, 1)",1,-0.08
310,97,"(59, 1)",1,-0.08
310,98,"(60, 1)",1,-0.08
310,99,"(61, 1)",1,-0.08
310,100,"(62, 1)",1,-0.08
310,101,"(63, 1)",1,-0.08
310,102,"(64, 1)",1,-0.08
310,103,"(65, 1)",1,-0.08
310,104,"(66, 1)",1,-0.08
310,105,"(67, 1)",1,-0.08
310,106,"(68, 1)",1,-0.08
310,107,"(69, 1)",1,-0.08
310,108,"(70, 1)",1,-0.08
310,109,"(71, 1)",2,-0.08
310,110,"(71, 2)",2,-0.08
310,111,"(71, 3)",1,-0.08
310,112,"(72, 3)",1,-0.08
310,113,"(73, 3)",0,-0.08
310,114,"(73, 2)",0,-0.08
310,115,"(73, 1)",0,-0.08
310,116,"(73, 0)",1,-0.08
310,117,"(74, 0)",1,-0.08
310,118,"(75, 0)",1,-0.08
310,119,"(76, 0)",1,-0.08
310,120,"(77, 0)",1,-0.08
310,121,"(78, 0)",1,8.33
311,0,"(0, 39)",1,-0.08
311,1,"(1, 39)",1,-0.08
311,2,"(2, 39)",1,-0.08
311,3,"(3, 39)",1,-0.08
311,4,"(4, 39)",1,-0.08
311,5,"(5, 39)",1,-0.08
311,6,"(6, 39)",1,-0.08
311,7,"(7, 39)",1,-0.08
311,8,"(8, 39)",1,-0.08
311,9,"(9, 39)",1,-0.08
311,10,"(10, 39)",1,-0.08
311,11,"(11, 39)",1,-0.08
311,12,"(12, 39)",1,-0.08
311,13,"(13, 39)",1,-0.08
311,14,"(14, 39)",0,-0.08
311,15,"(14, 38)",0,-0.08
311,16,"(14, 37)",1,-0.08
311,17,"(15, 37)",0,-0.08
311,18,"(15, 36)",0,-0.08
311,19,"(15, 35)",0,-0.08
311,20,"(15, 34)",0,-0.08
311,21,"(15, 33)",1,-0.08
311,22,"(16, 33)",1,-0.08
311,23,"(17, 33)",1,-0.08
311,24,"(18, 33)",1,-0.08
311,25,"(19, 33)",0,-0.08
311,26,"(19, 32)",0,-0.08
311,27,"(19, 31)",0,-0.08
311,28,"(19, 30)",0,-0.08
311,29,"(19, 29)",1,-0.08
311,30,"(20, 29)",0,-0.08
311,31,"(20, 28)",0,-0.08
311,32,"(20, 27)",1,-0.08
311,33,"(21, 27)",0,-0.08
311,34,"(21, 26)",0,-0.08
311,35,"(21, 25)",1,-0.08
311,36,"(22, 25)",0,-0.08
311,37,"(22, 24)",0,-0.08
311,38,"(22, 23)",1,-0.08
311,39,"(23, 23)",1,-0.08
311,40,"(24, 23)",1,-0.08
311,41,"(25, 23)",0,-0.08
311,42,"(25, 22)",0,-0.08
311,43,"(25, 21)",1,-0.08
311,44,"(26, 21)",1,-0.08
311,45,"(27, 21)",0,-0.08
311,46,"(27, 20)",0,-0.08
311,47,"(27, 19)",1,-0.08
311,48,"(28, 19)",1,-0.08
311,49,"(29, 19)",1,-0.08
311,50,"(30, 19)",1,-0.08
311,51,"(31, 19)",0,-0.08
311,52,"(31, 18)",1,-0.08
311,53,"(32, 18)",0,-0.08
311,54,"(32, 17)",0,-0.08
311,55,"(32, 16)",0,-0.08
311,56,"(32, 15)",0,-0.08
311,57,"(32, 14)",0,-0.08
311,58,"(32, 13)",1,-0.08
311,59,"(33, 13)",1,-0.08
311,60,"(34, 13)",1,-0.08
311,61,"(35, 13)",1,-0.08
311,62,"(36, 13)",1,-0.08
311,63,"(37, 13)",1,-0.08
311,64,"(38, 13)",1,-0.08
311,65,"(39, 13)",0,-0.08
311,66,"(39, 12)",0,-0.08
311,67,"(39, 11)",1,-0.08
311,68,"(40, 11)",1,-0.08
311,69,"(41, 11)",1,-0.08
311,70,"(42, 11)",1,-0.08
311,71,"(43, 11)",1,-0.08
311,72,"(44, 11)",1,-0.08
311,73,"(45, 11)",0,-0.08
311,74,"(45, 10)",0,-0.08
311,75,"(45, 9)",1,-0.08
311,76,"(46, 9)",0,-0.08
311,77,"(46, 8)",0,-0.08
311,78,"(46, 7)",1,-0.08
311,79,"(47, 7)",0,-0.08
311,80,"(47, 6)",1,-0.08
311,81,"(48, 6)",1,-0.08
311,82,"(49, 6)",0,-0.08
311,83,"(49, 5)",1,-0.08
311,84,"(50, 5)",1,-0.08
311,85,"(51, 5)",0,-0.08
311,86,"(51, 4)",0,-0.08
311,87,"(51, 3)",0,-0.08
311,88,"(51, 2)",1,-0.08
311,89,"(52, 2)",0,-0.08
311,90,"(52, 1)",1,-0.08
311,91,"(53, 1)",1,-0.08
311,92,"(54, 1)",1,-0.08
311,93,"(55, 1)",1,-0.08
311,94,"(56, 1)",1,-0.08
311,95,"(57, 1)",1,-0.08
311,96,"(58, 1)",1,-0.08
311,97,"(59, 1)",1,-0.08
311,98,"(60, 1)",1,-0.08
311,99,"(61, 1)",1,-0.08
311,100,"(62, 1)",1,-0.08
311,101,"(63, 1)",1,-0.08
311,102,"(64, 1)",1,-0.08
311,103,"(65, 1)",1,-0.08
311,104,"(66, 1)",1,-0.08
311,105,"(67, 1)",1,-0.08
311,106,"(68, 1)",1,-0.08
311,107,"(69, 1)",1,-0.08
311,108,"(70, 1)",1,-0.08
311,109,"(71, 1)",2,-0.08
311,110,"(71, 2)",2,-0.08
311,111,"(71, 3)",1,-0.08
311,112,"(72, 3)",1,-0.08
311,113,"(73, 3)",0,-0.08
311,114,"(73, 2)",0,-0.08
311,115,"(73, 1)",0,-0.08
311,116,"(73, 0)",1,-0.08
311,117,"(74, 0)",1,-0.08
311,118,"(75, 0)",1,-0.08
311,119,"(76, 0)",1,-0.08
311,120,"(77, 0)",1,-0.08
311,121,"(78, 0)",1,8.33
312,0,"(0, 39)",1,-0.08
312,1,"(1, 39)",1,-0.08
312,2,"(2, 39)",1,-0.08
312,3,"(3, 39)",1,-0.08
312,4,"(4, 39)",1,-0.08
312,5,"(5, 39)",1,-0.08
312,6,"(6, 39)",1,-0.08
312,7,"(7, 39)",1,-0.08
312,8,"(8, 39)",1,-0.08
312,9,"(9, 39)",1,-0.08
312,10,"(10, 39)",0,-0.08
312,11,"(10, 38)",0,-0.08
312,12,"(10, 37)",1,-0.08
312,13,"(11, 37)",1,-0.08
312,14,"(12, 37)",1,-0.08
312,15,"(13, 37)",1,-0.08
312,16,"(14, 37)",1,-0.08
312,17,"(15, 37)",1,-0.08
312,18,"(16, 37)",0,-0.08
312,19,"(16, 36)",1,-0.08
312,20,"(17, 36)",0,-0.08
312,21,"(17, 35)",1,-0.08
312,22,"(18, 35)",1,-0.08
312,23,"(19, 35)",0,-0.08
312,24,"(19, 34)",0,-0.08
312,25,"(19, 33)",0,-0.08
312,26,"(19, 32)",0,-0.08
312,27,"(19, 31)",0,-0.08
312,28,"(19, 30)",0,-0.08
312,29,"(19, 29)",1,-0.08
312,30,"(20, 29)",0,-0.08
312,31,"(20, 28)",0,-0.08
312,32,"(20, 27)",1,-0.08
312,33,"(21, 27)",0,-0.08
312,34,"(21, 26)",1,-0.08
312,35,"(22, 26)",0,-0.08
312,36,"(22, 25)",0,-0.08
312,37,"(22, 24)",0,-0.08
312,38,"(22, 23)",1,-0.08
312,39,"(23, 23)",1,-0.08
312,40,"(24, 23)",1,-0.08
312,41,"(25, 23)",0,-0.08
312,42,"(25, 22)",0,-0.08
312,43,"(25, 21)",1,-0.08
312,44,"(26, 21)",1,-0.08
312,45,"(27, 21)",0,-0.08
312,46,"(27, 20)",0,-0.08
312,47,"(27, 19)",0,-0.08
312,48,"(27, 18)",0,-0.08
312,49,"(27, 17)",1,-0.08
312,50,"(28, 17)",1,-0.08
312,51,"(29, 17)",0,-0.08
312,52,"(29, 16)",0,-0.08
312,53,"(29, 15)",1,-0.08
312,54,"(30, 15)",1,-0.08
312,55,"(31, 15)",0,-0.08
312,56,"(31, 14)",0,-0.08
312,57,"(31, 13)",1,-0.08
312,58,"(32, 13)",1,-0.08
312,59,"(33, 13)",1,-0.08
312,60,"(34, 13)",1,-0.08
312,61,"(35, 13)",1,-0.08
312,62,"(36, 13)",1,-0.08
312,63,"(37, 13)",1,-0.08
312,64,"(38, 13)",1,-0.08
312,65,"(39, 13)",0,-0.08
312,66,"(39, 12)",0,-0.08
312,67,"(39, 11)",1,-0.08
312,68,"(40, 11)",1,-0.08
312,69,"(41, 11)",1,-0.08
312,70,"(42, 11)",1,-0.08
312,71,"(43, 11)",1,-0.08
312,72,"(44, 11)",1,-0.08
312,73,"(45, 11)",0,-0.08
312,74,"(45, 10)",1,-0.08
312,75,"(46, 10)",0,-0.08
312,76,"(46, 9)",0,-0.08
312,77,"(46, 8)",0,-0.08
312,78,"(46, 7)",0,-0.08
312,79,"(46, 6)",1,-0.08
312,80,"(47, 6)",1,-0.08
312,81,"(48, 6)",1,-0.08
312,82,"(49, 6)",0,-0.08
312,83,"(49, 5)",1,-0.08
312,84,"(50, 5)",1,-0.08
312,85,"(51, 5)",0,-0.08
312,86,"(51, 4)",0,-0.08
312,87,"(51, 3)",0,-0.08
312,88,"(51, 2)",1,-0.08
312,89,"(52, 2)",1,-0.08
312,90,"(53, 2)",0,-0.08
312,91,"(53, 1)",1,-0.08
312,92,"(54, 1)",1,-0.08
312,93,"(55, 1)",1,-0.08
312,94,"(56, 1)",1,-0.08
312,95,"(57, 1)",1,-0.08
312,96,"(58, 1)",1,-0.08
312,97,"(59, 1)",1,-0.08
312,98,"(60, 1)",1,-0.08
312,99,"(61, 1)",1,-0.08
312,100,"(62, 1)",1,-0.08
312,101,"(63, 1)",1,-0.08
312,102,"(64, 1)",1,-0.08
312,103,"(65, 1)",1,-0.08
312,104,"(66, 1)",1,-0.08
312,105,"(67, 1)",1,-0.08
312,106,"(68, 1)",1,-0.08
312,107,"(69, 1)",1,-0.08
312,108,"(70, 1)",1,-0.08
312,109,"(71, 1)",2,-0.08
312,110,"(71, 2)",2,-0.08
312,111,"(71, 3)",1,-0.08
312,112,"(72, 3)",1,-0.08
312,113,"(73, 3)",1,-0.08
312,114,"(74, 3)",1,-0.08
312,115,"(75, 3)",1,-0.08
312,116,"(76, 3)",1,-0.08
312,117,"(77, 3)",0,-0.08
312,118,"(77, 2)",0,-0.08
312,119,"(77, 1)",1,-0.08
312,120,"(78, 1)",1,-0.08
312,121,"(79, 1)",0,8.33
313,0,"(0, 39)",1,-0.08
313,1,"(1, 39)",1,-0.08
313,2,"(2, 39)",1,-0.08
313,3,"(3, 39)",1,-0.08
313,4,"(4, 39)",1,-0.08
313,5,"(5, 39)",1,-0.08
313,6,"(6, 39)",1,-0.08
313,7,"(7, 39)",1,-0.08
313,8,"(8, 39)",1,-0.08
313,9,"(9, 39)",1,-0.08
313,10,"(10, 39)",0,-0.08
313,11,"(10, 38)",0,-0.08
313,12,"(10, 37)",1,-0.08
313,13,"(11, 37)",1,-0.08
313,14,"(12, 37)",1,-0.08
313,15,"(13, 37)",1,-0.08
313,16,"(14, 37)",1,-0.08
313,17,"(15, 37)",1,-0.08
313,18,"(16, 37)",1,-0.08
313,19,"(17, 37)",0,-0.08
313,20,"(17, 36)",0,-0.08
313,21,"(17, 35)",1,-0.08
313,22,"(18, 35)",0,-0.08
313,23,"(18, 34)",1,-0.08
313,24,"(19, 34)",0,-0.08
313,25,"(19, 33)",0,-0.08
313,26,"(19, 32)",0,-0.08
313,27,"(19, 31)",0,-0.08
313,28,"(19, 30)",0,-0.08
313,29,"(19, 29)",1,-0.08
313,30,"(20, 29)",0,-0.08
313,31,"(20, 28)",0,-0.08
313,32,"(20, 27)",1,-0.08
313,33,"(21, 27)",0,-0.08
313,34,"(21, 26)",0,-0.08
313,35,"(21, 25)",1,-0.08
313,36,"(22, 25)",1,-0.08
313,37,"(23, 25)",1,-0.08
313,38,"(24, 25)",1,-0.08
313,39,"(25, 25)",1,-0.08
313,40,"(26, 25)",1,-0.08
313,41,"(27, 25)",1,-0.08
313,42,"(28, 25)",1,-0.08
313,43,"(29, 25)",1,-0.08
313,44,"(30, 25)",1,-0.08
313,45,"(31, 25)",0,-0.08
313,46,"(31, 24)",0,-0.08
313,47,"(31, 23)",1,-0.08
313,48,"(32, 23)",1,-0.08
313,49,"(33, 23)",0,-0.08
313,50,"(33, 22)",0,-0.08
313,51,"(33, 21)",1,-0.08
313,52,"(34, 21)",1,-0.08
313,53,"(35, 21)",0,-0.08
313,54,"(35, 20)",0,-0.08
313,55,"(35, 19)",0,-0.08
313,56,"(35, 18)",0,-0.08
313,57,"(35, 17)",1,-0.08
313,58,"(36, 17)",1,-0.08
313,59,"(37, 17)",0,-0.08
313,60,"(37, 16)",0,-0.08
313,61,"(37, 15)",1,-0.08
313,62,"(38, 15)",0,-0.08
313,63,"(38, 14)",0,-0.08
313,64,"(38, 13)",1,-0.08
313,65,"(39, 13)",0,-0.08
313,66,"(39, 12)",0,-0.08
313,67,"(39, 11)",1,-0.08
313,68,"(40, 11)",1,-0.08
313,69,"(41, 11)",1,-0.08
313,70,"(42, 11)",1,-0.08
313,71,"(43, 11)",1,-0.08
313,72,"(44, 11)",1,-0.08
313,73,"(45, 11)",0,-0.08
313,74,"(45, 10)",0,-0.08
313,75,"(45, 9)",1,-0.08
313,76,"(46, 9)",0,-0.08
313,77,"(46, 8)",0,-0.08
313,78,"(46, 7)",1,-0.08
313,79,"(47, 7)",0,-0.08
313,80,"(47, 6)",1,-0.08
313,81,"(48, 6)",1,-0.08
313,82,"(49, 6)",0,-0.08
313,83,"(49, 5)",1,-0.08
313,84,"(50, 5)",1,-0.08
313,85,"(51, 5)",1,-0.08
313,86,"(52, 5)",1,-0.08
313,87,"(53, 5)",0,-0.08
313,88,"(53, 4)",0,-0.08
313,89,"(53, 3)",0,-0.08
313,90,"(53, 2)",0,-0.08
313,91,"(53, 1)",1,-0.08
313,92,"(54, 1)",1,-0.08
313,93,"(55, 1)",1,-0.08
313,94,"(56, 1)",1,-0.08
313,95,"(57, 1)",1,-0.08
313,96,"(58, 1)",1,-0.08
313,97,"(59, 1)",1,-0.08
313,98,"(60, 1)",1,-0.08
313,99,"(61, 1)",1,-0.08
313,100,"(62, 1)",1,-0.08
313,101,"(63, 1)",1,-0.08
313,102,"(64, 1)",1,-0.08
313,103,"(65, 1)",1,-0.08
313,104,"(66, 1)",1,-0.08
313,105,"(67, 1)",1,-0.08
313,106,"(68, 1)",1,-0.08
313,107,"(69, 1)",1,-0.08
313,108,"(70, 1)",1,-0.08
313,109,"(71, 1)",2,-0.08
313,110,"(71, 2)",2,-0.08
313,111,"(71, 3)",1,-0.08
313,112,"(72, 3)",1,-0.08
313,113,"(73, 3)",0,-0.08
313,114,"(73, 2)",0,-0.08
313,115,"(73, 1)",0,-0.08
313,116,"(73, 0)",1,-0.08
313,117,"(74, 0)",1,-0.08
313,118,"(75, 0)",1,-0.08
313,119,"(76, 0)",1,-0.08
313,120,"(77, 0)",1,-0.08
313,121,"(78, 0)",1,8.33
314,0,"(0, 39)",1,-0.08
314,1,"(1, 39)",1,-0.08
314,2,"(2, 39)",1,-0.08
314,3,"(3, 39)",1,-0.08
314,4,"(4, 39)",1,-0.08
314,5,"(5, 39)",1,-0.08
314,6,"(6, 39)",1,-0.08
314,7,"(7, 39)",1,-0.08
314,8,"(8, 39)",1,-0.08
314,9,"(9, 39)",1,-0.08
314,10,"(10, 39)",0,-0.08
314,11,"(10, 38)",0,-0.08
314,12,"(10, 37)",1,-0.08
314,13,"(11, 37)",1,-0.08
314,14,"(12, 37)",1,-0.08
314,15,"(13, 37)",1,-0.08
314,16,"(14, 37)",1,-0.08
314,17,"(15, 37)",0,-0.08
314,18,"(15, 36)",1,-0.08
314,19,"(16, 36)",1,-0.08
314,20,"(17, 36)",0,-0.08
314,21,"(17, 35)",1,-0.08
314,22,"(18, 35)",1,-0.08
314,23,"(19, 35)",0,-0.08
314,24,"(19, 34)",0,-0.08
314,25,"(19, 33)",0,-0.08
314,26,"(19, 32)",0,-0.08
314,27,"(19, 31)",0,-0.08
314,28,"(19, 30)",0,-0.08
314,29,"(19, 29)",1,-0.08
314,30,"(20, 29)",0,-0.08
314,31,"(20, 28)",0,-0.08
314,32,"(20, 27)",1,-0.08
314,33,"(21, 27)",0,-0.08
314,34,"(21, 26)",0,-0.08
314,35,"(21, 25)",1,-0.08
314,36,"(22, 25)",1,-0.08
314,37,"(23, 25)",1,-0.08
314,38,"(24, 25)",1,-0.08
314,39,"(25, 25)",0,-0.08
314,40,"(25, 24)",0,-0.08
314,41,"(25, 23)",0,-0.08
314,42,"(25, 22)",0,-0.08
314,43,"(25, 21)",1,-0.08
314,44,"(26, 21)",1,-0.08
314,45,"(27, 21)",0,-0.08
314,46,"(27, 20)",0,-0.08
314,47,"(27, 19)",1,-0.08
314,48,"(28, 19)",1,-0.08
314,49,"(29, 19)",1,-0.08
314,50,"(30, 19)",1,-0.08
314,51,"(31, 19)",1,-0.08
314,52,"(32, 19)",0,-0.08
314,53,"(32, 18)",0,-0.08
314,54,"(32, 17)",1,-0.08
314,55,"(33, 17)",1,-0.08
314,56,"(34, 17)",1,-0.08
314,57,"(35, 17)",1,-0.08
314,58,"(36, 17)",1,-0.08
314,59,"(37, 17)",0,-0.08
314,60,"(37, 16)",0,-0.08
314,61,"(37, 15)",1,-0.08
314,62,"(38, 15)",0,-0.08
314,63,"(38, 14)",0,-0.08
314,64,"(38, 13)",1,-0.08
314,65,"(39, 13)",1,-0.08
314,66,"(40, 13)",1,-0.08
314,67,"(41, 13)",1,-0.08
314,68,"(42, 13)",1,-0.08
314,69,"(43, 13)",0,-0.08
314,70,"(43, 12)",0,-0.08
314,71,"(43, 11)",1,-0.08
314,72,"(44, 11)",1,-0.08
314,73,"(45, 11)",0,-0.08
314,74,"(45, 10)",1,-0.08
314,75,"(46, 10)",0,-0.08
314,76,"(46, 9)",0,-0.08
314,77,"(46, 8)",0,-0.08
314,78,"(46, 7)",0,-0.08
314,79,"(46, 6)",1,-0.08
314,80,"(47, 6)",1,-0.08
314,81,"(48, 6)",1,-0.08
314,82,"(49, 6)",0,-0.08
314,83,"(49, 5)",1,-0.08
314,84,"(50, 5)",1,-0.08
314,85,"(51, 5)",1,-0.08
314,86,"(52, 5)",1,-0.08
314,87,"(53, 5)",0,-0.08
314,88,"(53, 4)",0,-0.08
314,89,"(53, 3)",0,-0.08
314,90,"(53, 2)",0,-0.08
314,91,"(53, 1)",1,-0.08
314,92,"(54, 1)",1,-0.08
314,93,"(55, 1)",1,-0.08
314,94,"(56, 1)",1,-0.08
314,95,"(57, 1)",1,-0.08
314,96,"(58, 1)",1,-0.08
314,97,"(59, 1)",1,-0.08
314,98,"(60, 1)",1,-0.08
314,99,"(61, 1)",1,-0.08
314,100,"(62, 1)",1,-0.08
314,101,"(63, 1)",1,-0.08
314,102,"(64, 1)",1,-0.08
314,103,"(65, 1)",1,-0.08
314,104,"(66, 1)",1,-0.08
314,105,"(67, 1)",1,-0.08
314,106,"(68, 1)",1,-0.08
314,107,"(69, 1)",1,-0.08
314,108,"(70, 1)",1,-0.08
314,109,"(71, 1)",2,-0.08
314,110,"(71, 2)",2,-0.08
314,111,"(71, 3)",1,-0.08
314,112,"(72, 3)",1,-0.08
314,113,"(73, 3)",1,-0.08
314,114,"(74, 3)",1,-0.08
314,115,"(75, 3)",1,-0.08
314,116,"(76, 3)",1,-0.08
314,117,"(77, 3)",0,-0.08
314,118,"(77, 2)",0,-0.08
314,119,"(77, 1)",0,-0.08
314,120,"(77, 0)",1,-0.08
314,121,"(78, 0)",1,8.33
315,0,"(0, 39)",1,-0.08
315,1,"(1, 39)",1,-0.08
315,2,"(2, 39)",1,-0.08
315,3,"(3, 39)",1,-0.08
315,4,"(4, 39)",1,-0.08
315,5,"(5, 39)",1,-0.08
315,6,"(6, 39)",1,-0.08
315,7,"(7, 39)",1,-0.08
315,8,"(8, 39)",1,-0.08
315,9,"(9, 39)",1,-0.08
315,10,"(10, 39)",0,-0.08
315,11,"(10, 38)",1,-0.08
315,12,"(11, 38)",0,-0.08
315,13,"(11, 37)",1,-0.08
315,14,"(12, 37)",1,-0.08
315,15,"(13, 37)",1,-0.08
315,16,"(14, 37)",1,-0.08
315,17,"(15, 37)",0,-0.08
315,18,"(15, 36)",0,-0.08
315,19,"(15, 35)",0,-0.08
315,20,"(15, 34)",0,-0.08
315,21,"(15, 33)",1,-0.08
315,22,"(16, 33)",1,-0.08
315,23,"(17, 33)",1,-0.08
315,24,"(18, 33)",1,-0.08
315,25,"(19, 33)",0,-0.08
315,26,"(19, 32)",0,-0.08
315,27,"(19, 31)",0,-0.08
315,28,"(19, 30)",0,-0.08
315,29,"(19, 29)",1,-0.08
315,30,"(20, 29)",0,-0.08
315,31,"(20, 28)",0,-0.08
315,32,"(20, 27)",1,-0.08
315,33,"(21, 27)",0,-0.08
315,34,"(21, 26)",1,-0.08
315,35,"(22, 26)",1,-0.08
315,36,"(23, 26)",1,-0.08
315,37,"(24, 26)",1,-0.08
315,38,"(25, 26)",0,-0.08
315,39,"(25, 25)",0,-0.08
315,40,"(25, 24)",0,-0.08
315,41,"(25, 23)",0,-0.08
315,42,"(25, 22)",0,-0.08
315,43,"(25, 21)",1,-0.08
315,44,"(26, 21)",1,-0.08
315,45,"(27, 21)",0,-0.08
315,46,"(27, 20)",1,-0.08
315,47,"(28, 20)",0,-0.08
315,48,"(28, 19)",1,-0.08
315,49,"(29, 19)",1,-0.08
315,50,"(30, 19)",1,-0.08
315,51,"(31, 19)",1,-0.08
315,52,"(32, 19)",0,-0.08
315,53,"(32, 18)",0,-0.08
315,54,"(32, 17)",1,-0.08
315,55,"(33, 17)",1,-0.08
315,56,"(34, 17)",1,-0.08
315,57,"(35, 17)",0,-0.08
315,58,"(35, 16)",0,-0.08
315,59,"(35, 15)",0,-0.08
315,60,"(35, 14)",0,-0.08
315,61,"(35, 13)",1,-0.08
315,62,"(36, 13)",1,-0.08
315,63,"(37, 13)",1,-0.08
315,64,"(38, 13)",1,-0.08
315,65,"(39, 13)",1,-0.08
315,66,"(40, 13)",1,-0.08
315,67,"(41, 13)",0,-0.08
315,68,"(41, 12)",0,-0.08
315,69,"(41, 11)",1,-0.08
315,70,"(42, 11)",1,-0.08
315,71,"(43, 11)",1,-0.08
315,72,"(44, 11)",1,-0.08
315,73,"(45, 11)",0,-0.08
315,74,"(45, 10)",0,-0.08
315,75,"(45, 9)",1,-0.08
315,76,"(46, 9)",0,-0.08
315,77,"(46, 8)",0,-0.08
315,78,"(46, 7)",0,-0.08
315,79,"(46, 6)",1,-0.08
315,80,"(47, 6)",1,-0.08
315,81,"(48, 6)",1,-0.08
315,82,"(49, 6)",0,-0.08
315,83,"(49, 5)",1,-0.08
315,84,"(50, 5)",1,-0.08
315,85,"(51, 5)",1,-0.08
315,86,"(52, 5)",1,-0.08
315,87,"(53, 5)",0,-0.08
315,88,"(53, 4)",0,-0.08
315,89,"(53, 3)",1,-0.08
315,90,"(54, 3)",1,-0.08
315,91,"(55, 3)",1,-0.08
315,92,"(56, 3)",1,-0.08
315,93,"(57, 3)",0,-0.08
315,94,"(57, 2)",0,-0.08
315,95,"(57, 1)",1,-0.08
315,96,"(58, 1)",1,-0.08
315,97,"(59, 1)",1,-0.08
315,98,"(60, 1)",1,-0.08
315,99,"(61, 1)",1,-0.08
315,100,"(62, 1)",1,-0.08
315,101,"(63, 1)",1,-0.08
315,102,"(64, 1)",1,-0.08
315,103,"(65, 1)",1,-0.08
315,104,"(66, 1)",1,-0.08
315,105,"(67, 1)",1,-0.08
315,106,"(68, 1)",1,-0.08
315,107,"(69, 1)",1,-0.08
315,108,"(70, 1)",1,-0.08
315,109,"(71, 1)",2,-0.08
315,110,"(71, 2)",2,-0.08
315,111,"(71, 3)",1,-0.08
315,112,"(72, 3)",1,-0.08
315,113,"(73, 3)",0,-0.08
315,114,"(73, 2)",0,-0.08
315,115,"(73, 1)",0,-0.08
315,116,"(73, 0)",1,-0.08
315,117,"(74, 0)",1,-0.08
315,118,"(75, 0)",1,-0.08
315,119,"(76, 0)",1,-0.08
315,120,"(77, 0)",1,-0.08
315,121,"(78, 0)",1,8.33
316,0,"(0, 39)",1,-0.08
316,1,"(1, 39)",1,-0.08
316,2,"(2, 39)",1,-0.08
316,3,"(3, 39)",1,-0.08
316,4,"(4, 39)",1,-0.08
316,5,"(5, 39)",1,-0.08
316,6,"(6, 39)",1,-0.08
316,7,"(7, 39)",1,-0.08
316,8,"(8, 39)",1,-0.08
316,9,"(9, 39)",1,-0.08
316,10,"(10, 39)",0,-0.08
316,11,"(10, 38)",1,-0.08
316,12,"(11, 38)",0,-0.08
316,13,"(11, 37)",1,-0.08
316,14,"(12, 37)",1,-0.08
316,15,"(13, 37)",1,-0.08
316,16,"(14, 37)",1,-0.08
316,17,"(15, 37)",0,-0.08
316,18,"(15, 36)",1,-0.08
316,19,"(16, 36)",1,-0.08
316,20,"(17, 36)",0,-0.08
316,21,"(17, 35)",0,-0.08
316,22,"(17, 34)",0,-0.08
316,23,"(17, 33)",1,-0.08
316,24,"(18, 33)",1,-0.08
316,25,"(19, 33)",0,-0.08
316,26,"(19, 32)",0,-0.08
316,27,"(19, 31)",0,-0.08
316,28,"(19, 30)",0,-0.08
316,29,"(19, 29)",1,-0.08
316,30,"(20, 29)",0,-0.08
316,31,"(20, 28)",0,-0.08
316,32,"(20, 27)",1,-0.08
316,33,"(21, 27)",0,-0.08
316,34,"(21, 26)",0,-0.08
316,35,"(21, 25)",1,-0.08
316,36,"(22, 25)",0,-0.08
316,37,"(22, 24)",0,-0.08
316,38,"(22, 23)",1,-0.08
316,39,"(23, 23)",1,-0.08
316,40,"(24, 23)",1,-0.08
316,41,"(25, 23)",0,-0.08
316,42,"(25, 22)",0,-0.08
316,43,"(25, 21)",0,-0.08
316,44,"(25, 20)",0,-0.08
316,45,"(25, 19)",0,-0.08
316,46,"(25, 18)",1,-0.08
316,47,"(26, 18)",1,-0.08
316,48,"(27, 18)",0,-0.08
316,49,"(27, 17)",1,-0.08
316,50,"(28, 17)",1,-0.08
316,51,"(29, 17)",0,-0.08
316,52,"(29, 16)",0,-0.08
316,53,"(29, 15)",1,-0.08
316,54,"(30, 15)",1,-0.08
316,55,"(31, 15)",1,-0.08
316,56,"(32, 15)",0,-0.08
316,57,"(32, 14)",0,-0.08
316,58,"(32, 13)",1,-0.08
316,59,"(33, 13)",1,-0.08
316,60,"(34, 13)",1,-0.08
316,61,"(35, 13)",1,-0.08
316,62,"(36, 13)",1,-0.08
316,63,"(37, 13)",1,-0.08
316,64,"(38, 13)",1,-0.08
316,65,"(39, 13)",1,-0.08
316,66,"(40, 13)",1,-0.08
316,67,"(41, 13)",1,-0.08
316,68,"(42, 13)",1,-0.08
316,69,"(43, 13)",0,-0.08
316,70,"(43, 12)",0,-0.08
316,71,"(43, 11)",1,-0.08
316,72,"(44, 11)",1,-0.08
316,73,"(45, 11)",0,-0.08
316,74,"(45, 10)",1,-0.08
316,75,"(46, 10)",0,-0.08
316,76,"(46, 9)",0,-0.08
316,77,"(46, 8)",0,-0.08
316,78,"(46, 7)",0,-0.08
316,79,"(46, 6)",1,-0.08
316,80,"(47, 6)",1,-0.08
316,81,"(48, 6)",1,-0.08
316,82,"(49, 6)",0,-0.08
316,83,"(49, 5)",1,-0.08
316,84,"(50, 5)",1,-0.08
316,85,"(51, 5)",1,-0.08
316,86,"(52, 5)",1,-0.08
316,87,"(53, 5)",0,-0.08
316,88,"(53, 4)",0,-0.08
316,89,"(53, 3)",0,-0.08
316,90,"(53, 2)",0,-0.08
316,91,"(53, 1)",1,-0.08
316,92,"(54, 1)",1,-0.08
316,93,"(55, 1)",1,-0.08
316,94,"(56, 1)",1,-0.08
316,95,"(57, 1)",1,-0.08
316,96,"(58, 1)",1,-0.08
316,97,"(59, 1)",1,-0.08
316,98,"(60, 1)",1,-0.08
316,99,"(61, 1)",1,-0.08
316,100,"(62, 1)",1,-0.08
316,101,"(63, 1)",1,-0.08
316,102,"(64, 1)",1,-0.08
316,103,"(65, 1)",1,-0.08
316,104,"(66, 1)",1,-0.08
316,105,"(67, 1)",1,-0.08
316,106,"(68, 1)",1,-0.08
316,107,"(69, 1)",1,-0.08
316,108,"(70, 1)",1,-0.08
316,109,"(71, 1)",2,-0.08
316,110,"(71, 2)",2,-0.08
316,111,"(71, 3)",1,-0.08
316,112,"(72, 3)",1,-0.08
316,113,"(73, 3)",1,-0.08
316,114,"(74, 3)",1,-0.08
316,115,"(75, 3)",1,-0.08
316,116,"(76, 3)",1,-0.08
316,117,"(77, 3)",0,-0.08
316,118,"(77, 2)",0,-0.08
316,119,"(77, 1)",0,-0.08
316,120,"(77, 0)",1,-0.08
316,121,"(78, 0)",1,8.33
317,0,"(0, 39)",1,-0.08
317,1,"(1, 39)",1,-0.08
317,2,"(2, 39)",1,-0.08
317,3,"(3, 39)",1,-0.08
317,4,"(4, 39)",1,-0.08
317,5,"(5, 39)",1,-0.08
317,6,"(6, 39)",1,-0.08
317,7,"(7, 39)",1,-0.08
317,8,"(8, 39)",1,-0.08
317,9,"(9, 39)",1,-0.08
317,10,"(10, 39)",0,-0.08
317,11,"(10, 38)",1,-0.08
317,12,"(11, 38)",0,-0.08
317,13,"(11, 37)",1,-0.08
317,14,"(12, 37)",1,-0.08
317,15,"(13, 37)",1,-0.08
317,16,"(14, 37)",1,-0.08
317,17,"(15, 37)",0,-0.08
317,18,"(15, 36)",0,-0.08
317,19,"(15, 35)",0,-0.08
317,20,"(15, 34)",0,-0.08
317,21,"(15, 33)",1,-0.08
317,22,"(16, 33)",1,-0.08
317,23,"(17, 33)",1,-0.08
317,24,"(18, 33)",1,-0.08
317,25,"(19, 33)",0,-0.08
317,26,"(19, 32)",0,-0.08
317,27,"(19, 31)",0,-0.08
317,28,"(19, 30)",0,-0.08
317,29,"(19, 29)",1,-0.08
317,30,"(20, 29)",0,-0.08
317,31,"(20, 28)",0,-0.08
317,32,"(20, 27)",1,-0.08
317,33,"(21, 27)",0,-0.08
317,34,"(21, 26)",0,-0.08
317,35,"(21, 25)",1,-0.08
317,36,"(22, 25)",0,-0.08
317,37,"(22, 24)",0,-0.08
317,38,"(22, 23)",1,-0.08
317,39,"(23, 23)",1,-0.08
317,40,"(24, 23)",1,-0.08
317,41,"(25, 23)",0,-0.08
317,42,"(25, 22)",0,-0.08
317,43,"(25, 21)",0,-0.08
317,44,"(25, 20)",0,-0.08
317,45,"(25, 19)",1,-0.08
317,46,"(26, 19)",1,-0.08
317,47,"(27, 19)",0,-0.08
317,48,"(27, 18)",0,-0.08
317,49,"(27, 17)",1,-0.08
317,50,"(28, 17)",0,-0.08
317,51,"(28, 16)",1,-0.08
317,52,"(29, 16)",0,-0.08
317,53,"(29, 15)",1,-0.08
317,54,"(30, 15)",1,-0.08
317,55,"(31, 15)",1,-0.08
317,56,"(32, 15)",0,-0.08
317,57,"(32, 14)",0,-0.08
317,58,"(32, 13)",1,-0.08
317,59,"(33, 13)",1,-0.08
317,60,"(34, 13)",1,-0.08
317,61,"(35, 13)",1,-0.08
317,62,"(36, 13)",1,-0.08
317,63,"(37, 13)",1,-0.08
317,64,"(38, 13)",1,-0.08
317,65,"(39, 13)",1,-0.08
317,66,"(40, 13)",1,-0.08
317,67,"(41, 13)",1,-0.08
317,68,"(42, 13)",1,-0.08
317,69,"(43, 13)",0,-0.08
317,70,"(43, 12)",0,-0.08
317,71,"(43, 11)",1,-0.08
317,72,"(44, 11)",1,-0.08
317,73,"(45, 11)",0,-0.08
317,74,"(45, 10)",1,-0.08
317,75,"(46, 10)",0,-0.08
317,76,"(46, 9)",0,-0.08
317,77,"(46, 8)",0,-0.08
317,78,"(46, 7)",1,-0.08
317,79,"(47, 7)",0,-0.08
317,80,"(47, 6)",1,-0.08
317,81,"(48, 6)",1,-0.08
317,82,"(49, 6)",0,-0.08
317,83,"(49, 5)",1,-0.08
317,84,"(50, 5)",1,-0.08
317,85,"(51, 5)",1,-0.08
317,86,"(52, 5)",1,-0.08
317,87,"(53, 5)",0,-0.08
317,88,"(53, 4)",0,-0.08
317,89,"(53, 3)",1,-0.08
317,90,"(54, 3)",1,-0.08
317,91,"(55, 3)",1,-0.08
317,92,"(56, 3)",1,-0.08
317,93,"(57, 3)",0,-0.08
317,94,"(57, 2)",1,-0.08
317,95,"(58, 2)",1,-0.08
317,96,"(59, 2)",0,-0.08
317,97,"(59, 1)",1,-0.08
317,98,"(60, 1)",1,-0.08
317,99,"(61, 1)",1,-0.08
317,100,"(62, 1)",1,-0.08
317,101,"(63, 1)",1,-0.08
317,102,"(64, 1)",1,-0.08
317,103,"(65, 1)",1,-0.08
317,104,"(66, 1)",1,-0.08
317,105,"(67, 1)",1,-0.08
317,106,"(68, 1)",1,-0.08
317,107,"(69, 1)",1,-0.08
317,108,"(70, 1)",1,-0.08
317,109,"(71, 1)",2,-0.08
317,110,"(71, 2)",2,-0.08
317,111,"(71, 3)",1,-0.08
317,112,"(72, 3)",1,-0.08
317,113,"(73, 3)",1,-0.08
317,114,"(74, 3)",1,-0.08
317,115,"(75, 3)",1,-0.08
317,116,"(76, 3)",1,-0.08
317,117,"(77, 3)",0,-0.08
317,118,"(77, 2)",0,-0.08
317,119,"(77, 1)",0,-0.08
317,120,"(77, 0)",1,-0.08
317,121,"(78, 0)",1,8.33
318,0,"(0, 39)",1,-0.08
318,1,"(1, 39)",1,-0.08
318,2,"(2, 39)",1,-0.08
318,3,"(3, 39)",1,-0.08
318,4,"(4, 39)",1,-0.08
318,5,"(5, 39)",1,-0.08
318,6,"(6, 39)",1,-0.08
318,7,"(7, 39)",1,-0.08
318,8,"(8, 39)",1,-0.08
318,9,"(9, 39)",1,-0.08
318,10,"(10, 39)",0,-0.08
318,11,"(10, 38)",0,-0.08
318,12,"(10, 37)",1,-0.08
318,13,"(11, 37)",1,-0.08
318,14,"(12, 37)",1,-0.08
318,15,"(13, 37)",1,-0.08
318,16,"(14, 37)",1,-0.08
318,17,"(15, 37)",1,-0.08
318,18,"(16, 37)",1,-0.08
318,19,"(17, 37)",1,-0.08
318,20,"(18, 37)",1,-0.08
318,21,"(19, 37)",0,-0.08
318,22,"(19, 36)",0,-0.08
318,23,"(19, 35)",0,-0.08
318,24,"(19, 34)",0,-0.08
318,25,"(19, 33)",0,-0.08
318,26,"(19, 32)",0,-0.08
318,27,"(19, 31)",0,-0.08
318,28,"(19, 30)",0,-0.08
318,29,"(19, 29)",1,-0.08
318,30,"(20, 29)",0,-0.08
318,31,"(20, 28)",0,-0.08
318,32,"(20, 27)",1,-0.08
318,33,"(21, 27)",0,-0.08
318,34,"(21, 26)",0,-0.08
318,35,"(21, 25)",1,-0.08
318,36,"(22, 25)",0,-0.08
318,37,"(22, 24)",0,-0.08
318,38,"(22, 23)",1,-0.08
318,39,"(23, 23)",1,-0.08
318,40,"(24, 23)",1,-0.08
318,41,"(25, 23)",0,-0.08
318,42,"(25, 22)",0,-0.08
318,43,"(25, 21)",1,-0.08
318,44,"(26, 21)",1,-0.08
318,45,"(27, 21)",0,-0.08
318,46,"(27, 20)",0,-0.08
318,47,"(27, 19)",0,-0.08
318,48,"(27, 18)",0,-0.08
318,49,"(27, 17)",1,-0.08
318,50,"(28, 17)",1,-0.08
318,51,"(29, 17)",0,-0.08
318,52,"(29, 16)",0,-0.08
318,53,"(29, 15)",1,-0.08
318,54,"(30, 15)",1,-0.08
318,55,"(31, 15)",1,-0.08
318,56,"(32, 15)",0,-0.08
318,57,"(32, 14)",0,-0.08
318,58,"(32, 13)",1,-0.08
318,59,"(33, 13)",1,-0.08
318,60,"(34, 13)",1,-0.08
318,61,"(35, 13)",1,-0.08
318,62,"(36, 13)",1,-0.08
318,63,"(37, 13)",1,-0.08
318,64,"(38, 13)",1,-0.08
318,65,"(39, 13)",0,-0.08
318,66,"(39, 12)",0,-0.08
318,67,"(39, 11)",1,-0.08
318,68,"(40, 11)",1,-0.08
318,69,"(41, 11)",1,-0.08
318,70,"(42, 11)",1,-0.08
318,71,"(43, 11)",1,-0.08
318,72,"(44, 11)",1,-0.08
318,73,"(45, 11)",0,-0.08
318,74,"(45, 10)",0,-0.08
318,75,"(45, 9)",1,-0.08
318,76,"(46, 9)",0,-0.08
318,77,"(46, 8)",0,-0.08
318,78,"(46, 7)",0,-0.08
318,79,"(46, 6)",1,-0.08
318,80,"(47, 6)",1,-0.08
318,81,"(48, 6)",1,-0.08
318,82,"(49, 6)",0,-0.08
318,83,"(49, 5)",1,-0.08
318,84,"(50, 5)",1,-0.08
318,85,"(51, 5)",0,-0.08
318,86,"(51, 4)",0,-0.08
318,87,"(51, 3)",0,-0.08
318,88,"(51, 2)",0,-0.08
318,89,"(51, 1)",1,-0.08
318,90,"(52, 1)",1,-0.08
318,91,"(53, 1)",1,-0.08
318,92,"(54, 1)",1,-0.08
318,93,"(55, 1)",1,-0.08
318,94,"(56, 1)",1,-0.08
318,95,"(57, 1)",1,-0.08
318,96,"(58, 1)",1,-0.08
318,97,"(59, 1)",1,-0.08
318,98,"(60, 1)",1,-0.08
318,99,"(61, 1)",1,-0.08
318,100,"(62, 1)",1,-0.08
318,101,"(63, 1)",1,-0.08
318,102,"(64, 1)",1,-0.08
318,103,"(65, 1)",1,-0.08
318,104,"(66, 1)",1,-0.08
318,105,"(67, 1)",1,-0.08
318,106,"(68, 1)",1,-0.08
318,107,"(69, 1)",1,-0.08
318,108,"(70, 1)",1,-0.08
318,109,"(71, 1)",2,-0.08
318,110,"(71, 2)",2,-0.08
318,111,"(71, 3)",1,-0.08
318,112,"(72, 3)",1,-0.08
318,113,"(73, 3)",1,-0.08
318,114,"(74, 3)",1,-0.08
318,115,"(75, 3)",1,-0.08
318,116,"(76, 3)",1,-0.08
318,117,"(77, 3)",0,-0.08
318,118,"(77, 2)",0,-0.08
318,119,"(77, 1)",1,-0.08
318,120,"(78, 1)",1,-0.08
318,121,"(79, 1)",0,8.33
319,0,"(0, 39)",1,-0.08
319,1,"(1, 39)",1,-0.08
319,2,"(2, 39)",1,-0.08
319,3,"(3, 39)",1,-0.08
319,4,"(4, 39)",1,-0.08
319,5,"(5, 39)",1,-0.08
319,6,"(6, 39)",1,-0.08
319,7,"(7, 39)",1,-0.08
319,8,"(8, 39)",1,-0.08
319,9,"(9, 39)",1,-0.08
319,10,"(10, 39)",0,-0.08
319,11,"(10, 38)",0,-0.08
319,12,"(10, 37)",1,-0.08
319,13,"(11, 37)",1,-0.08
319,14,"(12, 37)",1,-0.08
319,15,"(13, 37)",1,-0.08
319,16,"(14, 37)",1,-0.08
319,17,"(15, 37)",1,-0.08
319,18,"(16, 37)",1,-0.08
319,19,"(17, 37)",0,-0.08
319,20,"(17, 36)",0,-0.08
319,21,"(17, 35)",1,-0.08
319,22,"(18, 35)",1,-0.08
319,23,"(19, 35)",0,-0.08
319,24,"(19, 34)",0,-0.08
319,25,"(19, 33)",0,-0.08
319,26,"(19, 32)",0,-0.08
319,27,"(19, 31)",0,-0.08
319,28,"(19, 30)",0,-0.08
319,29,"(19, 29)",1,-0.08
319,30,"(20, 29)",0,-0.08
319,31,"(20, 28)",0,-0.08
319,32,"(20, 27)",1,-0.08
319,33,"(21, 27)",0,-0.08
319,34,"(21, 26)",0,-0.08
319,35,"(21, 25)",1,-0.08
319,36,"(22, 25)",0,-0.08
319,37,"(22, 24)",0,-0.08
319,38,"(22, 23)",1,-0.08
319,39,"(23, 23)",1,-0.08
319,40,"(24, 23)",1,-0.08
319,41,"(25, 23)",0,-0.08
319,42,"(25, 22)",0,-0.08
319,43,"(25, 21)",1,-0.08
319,44,"(26, 21)",1,-0.08
319,45,"(27, 21)",0,-0.08
319,46,"(27, 20)",0,-0.08
319,47,"(27, 19)",1,-0.08
319,48,"(28, 19)",1,-0.08
319,49,"(29, 19)",1,-0.08
319,50,"(30, 19)",1,-0.08
319,51,"(31, 19)",0,-0.08
319,52,"(31, 18)",1,-0.08
319,53,"(32, 18)",0,-0.08
319,54,"(32, 17)",1,-0.08
319,55,"(33, 17)",1,-0.08
319,56,"(34, 17)",1,-0.08
319,57,"(35, 17)",0,-0.08
319,58,"(35, 16)",0,-0.08
319,59,"(35, 15)",0,-0.08
319,60,"(35, 14)",0,-0.08
319,61,"(35, 13)",1,-0.08
319,62,"(36, 13)",1,-0.08
319,63,"(37, 13)",1,-0.08
319,64,"(38, 13)",1,-0.08
319,65,"(39, 13)",0,-0.08
319,66,"(39, 12)",0,-0.08
319,67,"(39, 11)",1,-0.08
319,68,"(40, 11)",1,-0.08
319,69,"(41, 11)",1,-0.08
319,70,"(42, 11)",1,-0.08
319,71,"(43, 11)",1,-0.08
319,72,"(44, 11)",1,-0.08
319,73,"(45, 11)",0,-0.08
319,74,"(45, 10)",0,-0.08
319,75,"(45, 9)",0,-0.08
319,76,"(45, 8)",0,-0.08
319,77,"(45, 7)",1,-0.08
319,78,"(46, 7)",0,-0.08
319,79,"(46, 6)",1,-0.08
319,80,"(47, 6)",1,-0.08
319,81,"(48, 6)",1,-0.08
319,82,"(49, 6)",0,-0.08
319,83,"(49, 5)",1,-0.08
319,84,"(50, 5)",1,-0.08
319,85,"(51, 5)",0,-0.08
319,86,"(51, 4)",0,-0.08
319,87,"(51, 3)",0,-0.08
319,88,"(51, 2)",1,-0.08
319,89,"(52, 2)",1,-0.08
319,90,"(53, 2)",0,-0.08
319,91,"(53, 1)",1,-0.08
319,92,"(54, 1)",1,-0.08
319,93,"(55, 1)",1,-0.08
319,94,"(56, 1)",1,-0.08
319,95,"(57, 1)",1,-0.08
319,96,"(58, 1)",1,-0.08
319,97,"(59, 1)",1,-0.08
319,98,"(60, 1)",1,-0.08
319,99,"(61, 1)",1,-0.08
319,100,"(62, 1)",1,-0.08
319,101,"(63, 1)",1,-0.08
319,102,"(64, 1)",1,-0.08
319,103,"(65, 1)",1,-0.08
319,104,"(66, 1)",1,-0.08
319,105,"(67, 1)",1,-0.08
319,106,"(68, 1)",1,-0.08
319,107,"(69, 1)",1,-0.08
319,108,"(70, 1)",1,-0.08
319,109,"(71, 1)",2,-0.08
319,110,"(71, 2)",2,-0.08
319,111,"(71, 3)",1,-0.08
319,112,"(72, 3)",1,-0.08
319,113,"(73, 3)",0,-0.08
319,114,"(73, 2)",0,-0.08
319,115,"(73, 1)",1,-0.08
319,116,"(74, 1)",0,-0.08
319,117,"(74, 0)",1,-0.08
319,118,"(75, 0)",1,-0.08
319,119,"(76, 0)",1,-0.08
319,120,"(77, 0)",1,-0.08
319,121,"(78, 0)",1,8.33
320,0,"(0, 39)",1,-0.08
320,1,"(1, 39)",1,-0.08
320,2,"(2, 39)",1,-0.08
320,3,"(3, 39)",1,-0.08
320,4,"(4, 39)",1,-0.08
320,5,"(5, 39)",1,-0.08
320,6,"(6, 39)",1,-0.08
320,7,"(7, 39)",1,-0.08
320,8,"(8, 39)",1,-0.08
320,9,"(9, 39)",1,-0.08
320,10,"(10, 39)",1,-0.08
320,11,"(11, 39)",1,-0.08
320,12,"(12, 39)",1,-0.08
320,13,"(13, 39)",1,-0.08
320,14,"(14, 39)",0,-0.08
320,15,"(14, 38)",0,-0.08
320,16,"(14, 37)",1,-0.08
320,17,"(15, 37)",1,-0.08
320,18,"(16, 37)",0,-0.08
320,19,"(16, 36)",1,-0.08
320,20,"(17, 36)",0,-0.08
320,21,"(17, 35)",1,-0.08
320,22,"(18, 35)",1,-0.08
320,23,"(19, 35)",0,-0.08
320,24,"(19, 34)",0,-0.08
320,25,"(19, 33)",0,-0.08
320,26,"(19, 32)",0,-0.08
320,27,"(19, 31)",0,-0.08
320,28,"(19, 30)",0,-0.08
320,29,"(19, 29)",1,-0.08
320,30,"(20, 29)",0,-0.08
320,31,"(20, 28)",0,-0.08
320,32,"(20, 27)",1,-0.08
320,33,"(21, 27)",0,-0.08
320,34,"(21, 26)",0,-0.08
320,35,"(21, 25)",1,-0.08
320,36,"(22, 25)",0,-0.08
320,37,"(22, 24)",0,-0.08
320,38,"(22, 23)",1,-0.08
320,39,"(23, 23)",1,-0.08
320,40,"(24, 23)",1,-0.08
320,41,"(25, 23)",0,-0.08
320,42,"(25, 22)",0,-0.08
320,43,"(25, 21)",1,-0.08
320,44,"(26, 21)",1,-0.08
320,45,"(27, 21)",0,-0.08
320,46,"(27, 20)",0,-0.08
320,47,"(27, 19)",1,-0.08
320,48,"(28, 19)",1,-0.08
320,49,"(29, 19)",1,-0.08
320,50,"(30, 19)",1,-0.08
320,51,"(31, 19)",0,-0.08
320,52,"(31, 18)",0,-0.08
320,53,"(31, 17)",1,-0.08
320,54,"(32, 17)",1,-0.08
320,55,"(33, 17)",1,-0.08
320,56,"(34, 17)",1,-0.08
320,57,"(35, 17)",0,-0.08
320,58,"(35, 16)",0,-0.08
320,59,"(35, 15)",0,-0.08
320,60,"(35, 14)",0,-0.08
320,61,"(35, 13)",1,-0.08
320,62,"(36, 13)",1,-0.08
320,63,"(37, 13)",1,-0.08
320,64,"(38, 13)",1,-0.08
320,65,"(39, 13)",1,-0.08
320,66,"(40, 13)",1,-0.08
320,67,"(41, 13)",0,-0.08
320,68,"(41, 12)",0,-0.08
320,69,"(41, 11)",1,-0.08
320,70,"(42, 11)",1,-0.08
320,71,"(43, 11)",1,-0.08
320,72,"(44, 11)",1,-0.08
320,73,"(45, 11)",0,-0.08
320,74,"(45, 10)",1,-0.08
320,75,"(46, 10)",0,-0.08
320,76,"(46, 9)",0,-0.08
320,77,"(46, 8)",0,-0.08
320,78,"(46, 7)",0,-0.08
320,79,"(46, 6)",1,-0.08
320,80,"(47, 6)",1,-0.08
320,81,"(48, 6)",1,-0.08
320,82,"(49, 6)",0,-0.08
320,83,"(49, 5)",1,-0.08
320,84,"(50, 5)",1,-0.08
320,85,"(51, 5)",1,-0.08
320,86,"(52, 5)",1,-0.08
320,87,"(53, 5)",0,-0.08
320,88,"(53, 4)",0,-0.08
320,89,"(53, 3)",0,-0.08
320,90,"(53, 2)",0,-0.08
320,91,"(53, 1)",1,-0.08
320,92,"(54, 1)",1,-0.08
320,93,"(55, 1)",1,-0.08
320,94,"(56, 1)",1,-0.08
320,95,"(57, 1)",1,-0.08
320,96,"(58, 1)",1,-0.08
320,97,"(59, 1)",1,-0.08
320,98,"(60, 1)",1,-0.08
320,99,"(61, 1)",1,-0.08
320,100,"(62, 1)",1,-0.08
320,101,"(63, 1)",1,-0.08
320,102,"(64, 1)",1,-0.08
320,103,"(65, 1)",1,-0.08
320,104,"(66, 1)",1,-0.08
320,105,"(67, 1)",1,-0.08
320,106,"(68, 1)",1,-0.08
320,107,"(69, 1)",1,-0.08
320,108,"(70, 1)",1,-0.08
320,109,"(71, 1)",2,-0.08
320,110,"(71, 2)",2,-0.08
320,111,"(71, 3)",1,-0.08
320,112,"(72, 3)",1,-0.08
320,113,"(73, 3)",0,-0.08
320,114,"(73, 2)",0,-0.08
320,115,"(73, 1)",1,-0.08
320,116,"(74, 1)",0,-0.08
320,117,"(74, 0)",1,-0.08
320,118,"(75, 0)",1,-0.08
320,119,"(76, 0)",1,-0.08
320,120,"(77, 0)",1,-0.08
320,121,"(78, 0)",1,8.33
321,0,"(0, 39)",1,-0.08
321,1,"(1, 39)",1,-0.08
321,2,"(2, 39)",1,-0.08
321,3,"(3, 39)",1,-0.08
321,4,"(4, 39)",1,-0.08
321,5,"(5, 39)",1,-0.08
321,6,"(6, 39)",1,-0.08
321,7,"(7, 39)",1,-0.08
321,8,"(8, 39)",1,-0.08
321,9,"(9, 39)",1,-0.08
321,10,"(10, 39)",0,-0.08
321,11,"(10, 38)",0,-0.08
321,12,"(10, 37)",1,-0.08
321,13,"(11, 37)",1,-0.08
321,14,"(12, 37)",1,-0.08
321,15,"(13, 37)",1,-0.08
321,16,"(14, 37)",1,-0.08
321,17,"(15, 37)",1,-0.08
321,18,"(16, 37)",1,-0.08
321,19,"(17, 37)",1,-0.08
321,20,"(18, 37)",1,-0.08
321,21,"(19, 37)",0,-0.08
321,22,"(19, 36)",0,-0.08
321,23,"(19, 35)",0,-0.08
321,24,"(19, 34)",0,-0.08
321,25,"(19, 33)",0,-0.08
321,26,"(19, 32)",0,-0.08
321,27,"(19, 31)",0,-0.08
321,28,"(19, 30)",0,-0.08
321,29,"(19, 29)",1,-0.08
321,30,"(20, 29)",0,-0.08
321,31,"(20, 28)",0,-0.08
321,32,"(20, 27)",1,-0.08
321,33,"(21, 27)",0,-0.08
321,34,"(21, 26)",0,-0.08
321,35,"(21, 25)",1,-0.08
321,36,"(22, 25)",0,-0.08
321,37,"(22, 24)",0,-0.08
321,38,"(22, 23)",1,-0.08
321,39,"(23, 23)",1,-0.08
321,40,"(24, 23)",1,-0.08
321,41,"(25, 23)",0,-0.08
321,42,"(25, 22)",0,-0.08
321,43,"(25, 21)",1,-0.08
321,44,"(26, 21)",1,-0.08
321,45,"(27, 21)",0,-0.08
321,46,"(27, 20)",1,-0.08
321,47,"(28, 20)",0,-0.08
321,48,"(28, 19)",1,-0.08
321,49,"(29, 19)",1,-0.08
321,50,"(30, 19)",1,-0.08
321,51,"(31, 19)",1,-0.08
321,52,"(32, 19)",1,-0.08
321,53,"(33, 19)",1,-0.08
321,54,"(34, 19)",1,-0.08
321,55,"(35, 19)",0,-0.08
321,56,"(35, 18)",0,-0.08
321,57,"(35, 17)",1,-0.08
321,58,"(36, 17)",1,-0.08
321,59,"(37, 17)",0,-0.08
321,60,"(37, 16)",0,-0.08
321,61,"(37, 15)",0,-0.08
321,62,"(37, 14)",1,-0.08
321,63,"(38, 14)",0,-0.08
321,64,"(38, 13)",1,-0.08
321,65,"(39, 13)",1,-0.08
321,66,"(40, 13)",1,-0.08
321,67,"(41, 13)",1,-0.08
321,68,"(42, 13)",1,-0.08
321,69,"(43, 13)",0,-0.08
321,70,"(43, 12)",0,-0.08
321,71,"(43, 11)",1,-0.08
321,72,"(44, 11)",1,-0.08
321,73,"(45, 11)",0,-0.08
321,74,"(45, 10)",0,-0.08
321,75,"(45, 9)",0,-0.08
321,76,"(45, 8)",0,-0.08
321,77,"(45, 7)",1,-0.08
321,78,"(46, 7)",0,-0.08
321,79,"(46, 6)",1,-0.08
321,80,"(47, 6)",1,-0.08
321,81,"(48, 6)",1,-0.08
321,82,"(49, 6)",0,-0.08
321,83,"(49, 5)",1,-0.08
321,84,"(50, 5)",1,-0.08
321,85,"(51, 5)",0,-0.08
321,86,"(51, 4)",0,-0.08
321,87,"(51, 3)",0,-0.08
321,88,"(51, 2)",1,-0.08
321,89,"(52, 2)",1,-0.08
321,90,"(53, 2)",0,-0.08
321,91,"(53, 1)",1,-0.08
321,92,"(54, 1)",1,-0.08
321,93,"(55, 1)",1,-0.08
321,94,"(56, 1)",1,-0.08
321,95,"(57, 1)",1,-0.08
321,96,"(58, 1)",1,-0.08
321,97,"(59, 1)",1,-0.08
321,98,"(60, 1)",1,-0.08
321,99,"(61, 1)",1,-0.08
321,100,"(62, 1)",1,-0.08
321,101,"(63, 1)",1,-0.08
321,102,"(64, 1)",1,-0.08
321,103,"(65, 1)",1,-0.08
321,104,"(66, 1)",1,-0.08
321,105,"(67, 1)",1,-0.08
321,106,"(68, 1)",1,-0.08
321,107,"(69, 1)",1,-0.08
321,108,"(70, 1)",1,-0.08
321,109,"(71, 1)",2,-0.08
321,110,"(71, 2)",2,-0.08
321,111,"(71, 3)",1,-0.08
321,112,"(72, 3)",1,-0.08
321,113,"(73, 3)",0,-0.08
321,114,"(73, 2)",0,-0.08
321,115,"(73, 1)",1,-0.08
321,116,"(74, 1)",0,-0.08
321,117,"(74, 0)",1,-0.08
321,118,"(75, 0)",1,-0.08
321,119,"(76, 0)",1,-0.08
321,120,"(77, 0)",1,-0.08
321,121,"(78, 0)",1,8.33
322,0,"(0, 39)",1,-0.08
322,1,"(1, 39)",1,-0.08
322,2,"(2, 39)",1,-0.08
322,3,"(3, 39)",1,-0.08
322,4,"(4, 39)",1,-0.08
322,5,"(5, 39)",1,-0.08
322,6,"(6, 39)",1,-0.08
322,7,"(7, 39)",1,-0.08
322,8,"(8, 39)",1,-0.08
322,9,"(9, 39)",1,-0.08
322,10,"(10, 39)",1,-0.08
322,11,"(11, 39)",0,-0.08
322,12,"(11, 38)",0,-0.08
322,13,"(11, 37)",1,-0.08
322,14,"(12, 37)",1,-0.08
322,15,"(13, 37)",1,-0.08
322,16,"(14, 37)",1,-0.08
322,17,"(15, 37)",0,-0.08
322,18,"(15, 36)",1,-0.08
322,19,"(16, 36)",1,-0.08
322,20,"(17, 36)",0,-0.08
322,21,"(17, 35)",1,-0.08
322,22,"(18, 35)",1,-0.08
322,23,"(19, 35)",0,-0.08
322,24,"(19, 34)",0,-0.08
322,25,"(19, 33)",0,-0.08
322,26,"(19, 32)",0,-0.08
322,27,"(19, 31)",0,-0.08
322,28,"(19, 30)",0,-0.08
322,29,"(19, 29)",1,-0.08
322,30,"(20, 29)",0,-0.08
322,31,"(20, 28)",0,-0.08
322,32,"(20, 27)",1,-0.08
322,33,"(21, 27)",0,-0.08
322,34,"(21, 26)",1,-0.08
322,35,"(22, 26)",0,-0.08
322,36,"(22, 25)",0,-0.08
322,37,"(22, 24)",0,-0.08
322,38,"(22, 23)",1,-0.08
322,39,"(23, 23)",1,-0.08
322,40,"(24, 23)",1,-0.08
322,41,"(25, 23)",0,-0.08
322,42,"(25, 22)",0,-0.08
322,43,"(25, 21)",1,-0.08
322,44,"(26, 21)",1,-0.08
322,45,"(27, 21)",0,-0.08
322,46,"(27, 20)",1,-0.08
322,47,"(28, 20)",0,-0.08
322,48,"(28, 19)",1,-0.08
322,49,"(29, 19)",1,-0.08
322,50,"(30, 19)",1,-0.08
322,51,"(31, 19)",0,-0.08
322,52,"(31, 18)",1,-0.08
322,53,"(32, 18)",0,-0.08
322,54,"(32, 17)",1,-0.08
322,55,"(33, 17)",1,-0.08
322,56,"(34, 17)",1,-0.08
322,57,"(35, 17)",1,-0.08
322,58,"(36, 17)",1,-0.08
322,59,"(37, 17)",0,-0.08
322,60,"(37, 16)",0,-0.08
322,61,"(37, 15)",1,-0.08
322,62,"(38, 15)",1,-0.08
322,63,"(39, 15)",1,-0.08
322,64,"(40, 15)",1,-0.08
322,65,"(41, 15)",0,-0.08
322,66,"(41, 14)",0,-0.08
322,67,"(41, 13)",0,-0.08
322,68,"(41, 12)",0,-0.08
322,69,"(41, 11)",1,-0.08
322,70,"(42, 11)",1,-0.08
322,71,"(43, 11)",1,-0.08
322,72,"(44, 11)",1,-0.08
322,73,"(45, 11)",0,-0.08
322,74,"(45, 10)",1,-0.08
322,75,"(46, 10)",0,-0.08
322,76,"(46, 9)",0,-0.08
322,77,"(46, 8)",0,-0.08
322,78,"(46, 7)",1,-0.08
322,79,"(47, 7)",0,-0.08
322,80,"(47, 6)",1,-0.08
322,81,"(48, 6)",1,-0.08
322,82,"(49, 6)",0,-0.08
322,83,"(49, 5)",1,-0.08
322,84,"(50, 5)",1,-0.08
322,85,"(51, 5)",0,-0.08
322,86,"(51, 4)",0,-0.08
322,87,"(51, 3)",0,-0.08
322,88,"(51, 2)",0,-0.08
322,89,"(51, 1)",1,-0.08
322,90,"(52, 1)",1,-0.08
322,91,"(53, 1)",1,-0.08
322,92,"(54, 1)",1,-0.08
322,93,"(55, 1)",1,-0.08
322,94,"(56, 1)",1,-0.08
322,95,"(57, 1)",1,-0.08
322,96,"(58, 1)",1,-0.08
322,97,"(59, 1)",1,-0.08
322,98,"(60, 1)",1,-0.08
322,99,"(61, 1)",1,-0.08
322,100,"(62, 1)",1,-0.08
322,101,"(63, 1)",1,-0.08
322,102,"(64, 1)",1,-0.08
322,103,"(65, 1)",1,-0.08
322,104,"(66, 1)",1,-0.08
322,105,"(67, 1)",1,-0.08
322,106,"(68, 1)",1,-0.08
322,107,"(69, 1)",1,-0.08
322,108,"(70, 1)",1,-0.08
322,109,"(71, 1)",2,-0.08
322,110,"(71, 2)",2,-0.08
322,111,"(71, 3)",1,-0.08
322,112,"(72, 3)",1,-0.08
322,113,"(73, 3)",1,-0.08
322,114,"(74, 3)",1,-0.08
322,115,"(75, 3)",1,-0.08
322,116,"(76, 3)",1,-0.08
322,117,"(77, 3)",0,-0.08
322,118,"(77, 2)",0,-0.08
322,119,"(77, 1)",1,-0.08
322,120,"(78, 1)",1,-0.08
322,121,"(79, 1)",0,8.33
323,0,"(0, 39)",1,-0.08
323,1,"(1, 39)",1,-0.08
323,2,"(2, 39)",1,-0.08
323,3,"(3, 39)",1,-0.08
323,4,"(4, 39)",1,-0.08
323,5,"(5, 39)",1,-0.08
323,6,"(6, 39)",1,-0.08
323,7,"(7, 39)",1,-0.08
323,8,"(8, 39)",1,-0.08
323,9,"(9, 39)",1,-0.08
323,10,"(10, 39)",0,-0.08
323,11,"(10, 38)",0,-0.08
323,12,"(10, 37)",1,-0.08
323,13,"(11, 37)",1,-0.08
323,14,"(12, 37)",1,-0.08
323,15,"(13, 37)",1,-0.08
323,16,"(14, 37)",1,-0.08
323,17,"(15, 37)",0,-0.08
323,18,"(15, 36)",1,-0.08
323,19,"(16, 36)",1,-0.08
323,20,"(17, 36)",0,-0.08
323,21,"(17, 35)",0,-0.08
323,22,"(17, 34)",1,-0.08
323,23,"(18, 34)",0,-0.08
323,24,"(18, 33)",1,-0.08
323,25,"(19, 33)",0,-0.08
323,26,"(19, 32)",0,-0.08
323,27,"(19, 31)",0,-0.08
323,28,"(19, 30)",0,-0.08
323,29,"(19, 29)",1,-0.08
323,30,"(20, 29)",0,-0.08
323,31,"(20, 28)",0,-0.08
323,32,"(20, 27)",1,-0.08
323,33,"(21, 27)",0,-0.08
323,34,"(21, 26)",0,-0.08
323,35,"(21, 25)",1,-0.08
323,36,"(22, 25)",1,-0.08
323,37,"(23, 25)",1,-0.08
323,38,"(24, 25)",1,-0.08
323,39,"(25, 25)",1,-0.08
323,40,"(26, 25)",1,-0.08
323,41,"(27, 25)",1,-0.08
323,42,"(28, 25)",1,-0.08
323,43,"(29, 25)",1,-0.08
323,44,"(30, 25)",1,-0.08
323,45,"(31, 25)",0,-0.08
323,46,"(31, 24)",0,-0.08
323,47,"(31, 23)",1,-0.08
323,48,"(32, 23)",1,-0.08
323,49,"(33, 23)",0,-0.08
323,50,"(33, 22)",0,-0.08
323,51,"(33, 21)",1,-0.08
323,52,"(34, 21)",1,-0.08
323,53,"(35, 21)",1,-0.08
323,54,"(36, 21)",1,-0.08
323,55,"(37, 21)",1,-0.08
323,56,"(38, 21)",1,-0.08
323,57,"(39, 21)",0,-0.08
323,58,"(39, 20)",1,-0.08
323,59,"(40, 20)",1,-0.08
323,60,"(41, 20)",1,-0.08
323,61,"(42, 20)",1,-0.08
323,62,"(43, 20)",0,-0.08
323,63,"(43, 19)",1,-0.08
323,64,"(44, 19)",0,-0.08
323,65,"(44, 18)",0,-0.08
323,66,"(44, 17)",0,-0.08
323,67,"(44, 16)",0,-0.08
323,68,"(44, 15)",1,-0.08
323,69,"(45, 15)",0,-0.08
323,70,"(45, 14)",0,-0.08
323,71,"(45, 13)",0,-0.08
323,72,"(45, 12)",0,-0.08
323,73,"(45, 11)",0,-0.08
323,74,"(45, 10)",1,-0.08
323,75,"(46, 10)",0,-0.08
323,76,"(46, 9)",0,-0.08
323,77,"(46, 8)",0,-0.08
323,78,"(46, 7)",1,-0.08
323,79,"(47, 7)",0,-0.08
323,80,"(47, 6)",1,-0.08
323,81,"(48, 6)",1,-0.08
323,82,"(49, 6)",0,-0.08
323,83,"(49, 5)",1,-0.08
323,84,"(50, 5)",1,-0.08
323,85,"(51, 5)",0,-0.08
323,86,"(51, 4)",0,-0.08
323,87,"(51, 3)",0,-0.08
323,88,"(51, 2)",1,-0.08
323,89,"(52, 2)",0,-0.08
323,90,"(52, 1)",1,-0.08
323,91,"(53, 1)",1,-0.08
323,92,"(54, 1)",1,-0.08
323,93,"(55, 1)",1,-0.08
323,94,"(56, 1)",1,-0.08
323,95,"(57, 1)",1,-0.08
323,96,"(58, 1)",1,-0.08
323,97,"(59, 1)",1,-0.08
323,98,"(60, 1)",1,-0.08
323,99,"(61, 1)",1,-0.08
323,100,"(62, 1)",1,-0.08
323,101,"(63, 1)",1,-0.08
323,102,"(64, 1)",1,-0.08
323,103,"(65, 1)",1,-0.08
323,104,"(66, 1)",1,-0.08
323,105,"(67, 1)",1,-0.08
323,106,"(68, 1)",1,-0.08
323,107,"(69, 1)",1,-0.08
323,108,"(70, 1)",1,-0.08
323,109,"(71, 1)",2,-0.08
323,110,"(71, 2)",2,-0.08
323,111,"(71, 3)",1,-0.08
323,112,"(72, 3)",1,-0.08
323,113,"(73, 3)",1,-0.08
323,114,"(74, 3)",1,-0.08
323,115,"(75, 3)",1,-0.08
323,116,"(76, 3)",1,-0.08
323,117,"(77, 3)",0,-0.08
323,118,"(77, 2)",0,-0.08
323,119,"(77, 1)",0,-0.08
323,120,"(77, 0)",1,-0.08
323,121,"(78, 0)",1,8.33
324,0,"(0, 39)",1,-0.08
324,1,"(1, 39)",1,-0.08
324,2,"(2, 39)",1,-0.08
324,3,"(3, 39)",1,-0.08
324,4,"(4, 39)",1,-0.08
324,5,"(5, 39)",1,-0.08
324,6,"(6, 39)",1,-0.08
324,7,"(7, 39)",1,-0.08
324,8,"(8, 39)",1,-0.08
324,9,"(9, 39)",1,-0.08
324,10,"(10, 39)",0,-0.08
324,11,"(10, 38)",0,-0.08
324,12,"(10, 37)",1,-0.08
324,13,"(11, 37)",1,-0.08
324,14,"(12, 37)",1,-0.08
324,15,"(13, 37)",1,-0.08
324,16,"(14, 37)",1,-0.08
324,17,"(15, 37)",1,-0.08
324,18,"(16, 37)",0,-0.08
324,19,"(16, 36)",1,-0.08
324,20,"(17, 36)",0,-0.08
324,21,"(17, 35)",1,-0.08
324,22,"(18, 35)",1,-0.08
324,23,"(19, 35)",0,-0.08
324,24,"(19, 34)",0,-0.08
324,25,"(19, 33)",0,-0.08
324,26,"(19, 32)",0,-0.08
324,27,"(19, 31)",0,-0.08
324,28,"(19, 30)",0,-0.08
324,29,"(19, 29)",1,-0.08
324,30,"(20, 29)",0,-0.08
324,31,"(20, 28)",0,-0.08
324,32,"(20, 27)",1,-0.08
324,33,"(21, 27)",0,-0.08
324,34,"(21, 26)",0,-0.08
324,35,"(21, 25)",1,-0.08
324,36,"(22, 25)",1,-0.08
324,37,"(23, 25)",1,-0.08
324,38,"(24, 25)",1,-0.08
324,39,"(25, 25)",1,-0.08
324,40,"(26, 25)",1,-0.08
324,41,"(27, 25)",1,-0.08
324,42,"(28, 25)",1,-0.08
324,43,"(29, 25)",1,-0.08
324,44,"(30, 25)",1,-0.08
324,45,"(31, 25)",0,-0.08
324,46,"(31, 24)",0,-0.08
324,47,"(31, 23)",1,-0.08
324,48,"(32, 23)",1,-0.08
324,49,"(33, 23)",0,-0.08
324,50,"(33, 22)",0,-0.08
324,51,"(33, 21)",1,-0.08
324,52,"(34, 21)",1,-0.08
324,53,"(35, 21)",1,-0.08
324,54,"(36, 21)",1,-0.08
324,55,"(37, 21)",1,-0.08
324,56,"(38, 21)",1,-0.08
324,57,"(39, 21)",1,-0.08
324,58,"(40, 21)",0,-0.08
324,59,"(40, 20)",1,-0.08
324,60,"(41, 20)",1,-0.08
324,61,"(42, 20)",1,-0.08
324,62,"(43, 20)",0,-0.08
324,63,"(43, 19)",1,-0.08
324,64,"(44, 19)",0,-0.08
324,65,"(44, 18)",0,-0.08
324,66,"(44, 17)",0,-0.08
324,67,"(44, 16)",0,-0.08
324,68,"(44, 15)",1,-0.08
324,69,"(45, 15)",0,-0.08
324,70,"(45, 14)",0,-0.08
324,71,"(45, 13)",0,-0.08
324,72,"(45, 12)",0,-0.08
324,73,"(45, 11)",0,-0.08
324,74,"(45, 10)",1,-0.08
324,75,"(46, 10)",0,-0.08
324,76,"(46, 9)",0,-0.08
324,77,"(46, 8)",0,-0.08
324,78,"(46, 7)",1,-0.08
324,79,"(47, 7)",0,-0.08
324,80,"(47, 6)",1,-0.08
324,81,"(48, 6)",1,-0.08
324,82,"(49, 6)",0,-0.08
324,83,"(49, 5)",1,-0.08
324,84,"(50, 5)",1,-0.08
324,85,"(51, 5)",0,-0.08
324,86,"(51, 4)",0,-0.08
324,87,"(51, 3)",0,-0.08
324,88,"(51, 2)",1,-0.08
324,89,"(52, 2)",0,-0.08
324,90,"(52, 1)",1,-0.08
324,91,"(53, 1)",1,-0.08
324,92,"(54, 1)",1,-0.08
324,93,"(55, 1)",1,-0.08
324,94,"(56, 1)",1,-0.08
324,95,"(57, 1)",1,-0.08
324,96,"(58, 1)",1,-0.08
324,97,"(59, 1)",1,-0.08
324,98,"(60, 1)",1,-0.08
324,99,"(61, 1)",1,-0.08
324,100,"(62, 1)",1,-0.08
324,101,"(63, 1)",1,-0.08
324,102,"(64, 1)",1,-0.08
324,103,"(65, 1)",1,-0.08
324,104,"(66, 1)",1,-0.08
324,105,"(67, 1)",1,-0.08
324,106,"(68, 1)",1,-0.08
324,107,"(69, 1)",1,-0.08
324,108,"(70, 1)",1,-0.08
324,109,"(71, 1)",2,-0.08
324,110,"(71, 2)",2,-0.08
324,111,"(71, 3)",1,-0.08
324,112,"(72, 3)",1,-0.08
324,113,"(73, 3)",1,-0.08
324,114,"(74, 3)",1,-0.08
324,115,"(75, 3)",1,-0.08
324,116,"(76, 3)",1,-0.08
324,117,"(77, 3)",0,-0.08
324,118,"(77, 2)",0,-0.08
324,119,"(77, 1)",1,-0.08
324,120,"(78, 1)",0,-0.08
324,121,"(78, 0)",1,8.33
325,0,"(0, 39)",1,-0.08
325,1,"(1, 39)",1,-0.08
325,2,"(2, 39)",1,-0.08
325,3,"(3, 39)",1,-0.08
325,4,"(4, 39)",1,-0.08
325,5,"(5, 39)",1,-0.08
325,6,"(6, 39)",1,-0.08
325,7,"(7, 39)",1,-0.08
325,8,"(8, 39)",1,-0.08
325,9,"(9, 39)",1,-0.08
325,10,"(10, 39)",1,-0.08
325,11,"(11, 39)",1,-0.08
325,12,"(12, 39)",1,-0.08
325,13,"(13, 39)",1,-0.08
325,14,"(14, 39)",0,-0.08
325,15,"(14, 38)",0,-0.08
325,16,"(14, 37)",1,-0.08
325,17,"(15, 37)",0,-0.08
325,18,"(15, 36)",1,-0.08
325,19,"(16, 36)",1,-0.08
325,20,"(17, 36)",0,-0.08
325,21,"(17, 35)",1,-0.08
325,22,"(18, 35)",0,-0.08
325,23,"(18, 34)",1,-0.08
325,24,"(19, 34)",0,-0.08
325,25,"(19, 33)",0,-0.08
325,26,"(19, 32)",0,-0.08
325,27,"(19, 31)",0,-0.08
325,28,"(19, 30)",0,-0.08
325,29,"(19, 29)",1,-0.08
325,30,"(20, 29)",0,-0.08
325,31,"(20, 28)",0,-0.08
325,32,"(20, 27)",1,-0.08
325,33,"(21, 27)",0,-0.08
325,34,"(21, 26)",1,-0.08
325,35,"(22, 26)",1,-0.08
325,36,"(23, 26)",1,-0.08
325,37,"(24, 26)",1,-0.08
325,38,"(25, 26)",0,-0.08
325,39,"(25, 25)",1,-0.08
325,40,"(26, 25)",1,-0.08
325,41,"(27, 25)",1,-0.08
325,42,"(28, 25)",1,-0.08
325,43,"(29, 25)",1,-0.08
325,44,"(30, 25)",1,-0.08
325,45,"(31, 25)",0,-0.08
325,46,"(31, 24)",0,-0.08
325,47,"(31, 23)",1,-0.08
325,48,"(32, 23)",1,-0.08
325,49,"(33, 23)",0,-0.08
325,50,"(33, 22)",0,-0.08
325,51,"(33, 21)",1,-0.08
325,52,"(34, 21)",1,-0.08
325,53,"(35, 21)",1,-0.08
325,54,"(36, 21)",1,-0.08
325,55,"(37, 21)",1,-0.08
325,56,"(38, 21)",1,-0.08
325,57,"(39, 21)",1,-0.08
325,58,"(40, 21)",1,-0.08
325,59,"(41, 21)",0,-0.08
325,60,"(41, 20)",1,-0.08
325,61,"(42, 20)",1,-0.08
325,62,"(43, 20)",0,-0.08
325,63,"(43, 19)",1,-0.08
325,64,"(44, 19)",0,-0.08
325,65,"(44, 18)",0,-0.08
325,66,"(44, 17)",0,-0.08
325,67,"(44, 16)",0,-0.08
325,68,"(44, 15)",1,-0.08
325,69,"(45, 15)",0,-0.08
325,70,"(45, 14)",0,-0.08
325,71,"(45, 13)",0,-0.08
325,72,"(45, 12)",0,-0.08
325,73,"(45, 11)",0,-0.08
325,74,"(45, 10)",1,-0.08
325,75,"(46, 10)",0,-0.08
325,76,"(46, 9)",0,-0.08
325,77,"(46, 8)",0,-0.08
325,78,"(46, 7)",0,-0.08
325,79,"(46, 6)",1,-0.08
325,80,"(47, 6)",1,-0.08
325,81,"(48, 6)",1,-0.08
325,82,"(49, 6)",0,-0.08
325,83,"(49, 5)",1,-0.08
325,84,"(50, 5)",1,-0.08
325,85,"(51, 5)",1,-0.08
325,86,"(52, 5)",1,-0.08
325,87,"(53, 5)",0,-0.08
325,88,"(53, 4)",0,-0.08
325,89,"(53, 3)",1,-0.08
325,90,"(54, 3)",1,-0.08
325,91,"(55, 3)",1,-0.08
325,92,"(56, 3)",0,-0.08
325,93,"(56, 2)",1,-0.08
325,94,"(57, 2)",1,-0.08
325,95,"(58, 2)",0,-0.08
325,96,"(58, 1)",1,-0.08
325,97,"(59, 1)",1,-0.08
325,98,"(60, 1)",1,-0.08
325,99,"(61, 1)",1,-0.08
325,100,"(62, 1)",1,-0.08
325,101,"(63, 1)",1,-0.08
325,102,"(64, 1)",1,-0.08
325,103,"(65, 1)",1,-0.08
325,104,"(66, 1)",1,-0.08
325,105,"(67, 1)",1,-0.08
325,106,"(68, 1)",1,-0.08
325,107,"(69, 1)",1,-0.08
325,108,"(70, 1)",1,-0.08
325,109,"(71, 1)",2,-0.08
325,110,"(71, 2)",2,-0.08
325,111,"(71, 3)",1,-0.08
325,112,"(72, 3)",1,-0.08
325,113,"(73, 3)",1,-0.08
325,114,"(74, 3)",1,-0.08
325,115,"(75, 3)",1,-0.08
325,116,"(76, 3)",1,-0.08
325,117,"(77, 3)",0,-0.08
325,118,"(77, 2)",0,-0.08
325,119,"(77, 1)",1,-0.08
325,120,"(78, 1)",1,-0.08
325,121,"(79, 1)",0,8.33
326,0,"(0, 39)",1,-0.08
326,1,"(1, 39)",1,-0.08
326,2,"(2, 39)",1,-0.08
326,3,"(3, 39)",1,-0.08
326,4,"(4, 39)",1,-0.08
326,5,"(5, 39)",1,-0.08
326,6,"(6, 39)",1,-0.08
326,7,"(7, 39)",1,-0.08
326,8,"(8, 39)",1,-0.08
326,9,"(9, 39)",1,-0.08
326,10,"(10, 39)",1,-0.08
326,11,"(11, 39)",0,-0.08
326,12,"(11, 38)",0,-0.08
326,13,"(11, 37)",1,-0.08
326,14,"(12, 37)",1,-0.08
326,15,"(13, 37)",1,-0.08
326,16,"(14, 37)",1,-0.08
326,17,"(15, 37)",0,-0.08
326,18,"(15, 36)",1,-0.08
326,19,"(16, 36)",1,-0.08
326,20,"(17, 36)",0,-0.08
326,21,"(17, 35)",0,-0.08
326,22,"(17, 34)",0,-0.08
326,23,"(17, 33)",1,-0.08
326,24,"(18, 33)",1,-0.08
326,25,"(19, 33)",0,-0.08
326,26,"(19, 32)",0,-0.08
326,27,"(19, 31)",0,-0.08
326,28,"(19, 30)",0,-0.08
326,29,"(19, 29)",1,-0.08
326,30,"(20, 29)",0,-0.08
326,31,"(20, 28)",0,-0.08
326,32,"(20, 27)",1,-0.08
326,33,"(21, 27)",0,-0.08
326,34,"(21, 26)",0,-0.08
326,35,"(21, 25)",1,-0.08
326,36,"(22, 25)",1,-0.08
326,37,"(23, 25)",1,-0.08
326,38,"(24, 25)",1,-0.08
326,39,"(25, 25)",1,-0.08
326,40,"(26, 25)",1,-0.08
326,41,"(27, 25)",1,-0.08
326,42,"(28, 25)",1,-0.08
326,43,"(29, 25)",1,-0.08
326,44,"(30, 25)",1,-0.08
326,45,"(31, 25)",0,-0.08
326,46,"(31, 24)",0,-0.08
326,47,"(31, 23)",1,-0.08
326,48,"(32, 23)",1,-0.08
326,49,"(33, 23)",0,-0.08
326,50,"(33, 22)",0,-0.08
326,51,"(33, 21)",1,-0.08
326,52,"(34, 21)",1,-0.08
326,53,"(35, 21)",0,-0.08
326,54,"(35, 20)",0,-0.08
326,55,"(35, 19)",0,-0.08
326,56,"(35, 18)",0,-0.08
326,57,"(35, 17)",1,-0.08
326,58,"(36, 17)",1,-0.08
326,59,"(37, 17)",1,-0.08
326,60,"(38, 17)",1,-0.08
326,61,"(39, 17)",0,-0.08
326,62,"(39, 16)",0,-0.08
326,63,"(39, 15)",1,-0.08
326,64,"(40, 15)",1,-0.08
326,65,"(41, 15)",0,-0.08
326,66,"(41, 14)",0,-0.08
326,67,"(41, 13)",1,-0.08
326,68,"(42, 13)",1,-0.08
326,69,"(43, 13)",0,-0.08
326,70,"(43, 12)",0,-0.08
326,71,"(43, 11)",1,-0.08
326,72,"(44, 11)",1,-0.08
326,73,"(45, 11)",0,-0.08
326,74,"(45, 10)",0,-0.08
326,75,"(45, 9)",1,-0.08
326,76,"(46, 9)",0,-0.08
326,77,"(46, 8)",0,-0.08
326,78,"(46, 7)",0,-0.08
326,79,"(46, 6)",1,-0.08
326,80,"(47, 6)",1,-0.08
326,81,"(48, 6)",1,-0.08
326,82,"(49, 6)",0,-0.08
326,83,"(49, 5)",1,-0.08
326,84,"(50, 5)",1,-0.08
326,85,"(51, 5)",0,-0.08
326,86,"(51, 4)",0,-0.08
326,87,"(51, 3)",0,-0.08
326,88,"(51, 2)",0,-0.08
326,89,"(51, 1)",1,-0.08
326,90,"(52, 1)",1,-0.08
326,91,"(53, 1)",1,-0.08
326,92,"(54, 1)",1,-0.08
326,93,"(55, 1)",1,-0.08
326,94,"(56, 1)",1,-0.08
326,95,"(57, 1)",1,-0.08
326,96,"(58, 1)",1,-0.08
326,97,"(59, 1)",1,-0.08
326,98,"(60, 1)",1,-0.08
326,99,"(61, 1)",1,-0.08
326,100,"(62, 1)",1,-0.08
326,101,"(63, 1)",1,-0.08
326,102,"(64, 1)",1,-0.08
326,103,"(65, 1)",1,-0.08
326,104,"(66, 1)",1,-0.08
326,105,"(67, 1)",1,-0.08
326,106,"(68, 1)",1,-0.08
326,107,"(69, 1)",1,-0.08
326,108,"(70, 1)",1,-0.08
326,109,"(71, 1)",2,-0.08
326,110,"(71, 2)",2,-0.08
326,111,"(71, 3)",1,-0.08
326,112,"(72, 3)",1,-0.08
326,113,"(73, 3)",1,-0.08
326,114,"(74, 3)",1,-0.08
326,115,"(75, 3)",1,-0.08
326,116,"(76, 3)",1,-0.08
326,117,"(77, 3)",0,-0.08
326,118,"(77, 2)",0,-0.08
326,119,"(77, 1)",0,-0.08
326,120,"(77, 0)",1,-0.08
326,121,"(78, 0)",1,8.33
327,0,"(0, 39)",1,-0.08
327,1,"(1, 39)",1,-0.08
327,2,"(2, 39)",1,-0.08
327,3,"(3, 39)",1,-0.08
327,4,"(4, 39)",1,-0.08
327,5,"(5, 39)",1,-0.08
327,6,"(6, 39)",1,-0.08
327,7,"(7, 39)",1,-0.08
327,8,"(8, 39)",1,-0.08
327,9,"(9, 39)",1,-0.08
327,10,"(10, 39)",0,-0.08
327,11,"(10, 38)",1,-0.08
327,12,"(11, 38)",0,-0.08
327,13,"(11, 37)",1,-0.08
327,14,"(12, 37)",1,-0.08
327,15,"(13, 37)",1,-0.08
327,16,"(14, 37)",1,-0.08
327,17,"(15, 37)",1,-0.08
327,18,"(16, 37)",0,-0.08
327,19,"(16, 36)",1,-0.08
327,20,"(17, 36)",0,-0.08
327,21,"(17, 35)",1,-0.08
327,22,"(18, 35)",1,-0.08
327,23,"(19, 35)",0,-0.08
327,24,"(19, 34)",0,-0.08
327,25,"(19, 33)",0,-0.08
327,26,"(19, 32)",0,-0.08
327,27,"(19, 31)",0,-0.08
327,28,"(19, 30)",0,-0.08
327,29,"(19, 29)",1,-0.08
327,30,"(20, 29)",0,-0.08
327,31,"(20, 28)",0,-0.08
327,32,"(20, 27)",1,-0.08
327,33,"(21, 27)",0,-0.08
327,34,"(21, 26)",0,-0.08
327,35,"(21, 25)",1,-0.08
327,36,"(22, 25)",0,-0.08
327,37,"(22, 24)",0,-0.08
327,38,"(22, 23)",1,-0.08
327,39,"(23, 23)",1,-0.08
327,40,"(24, 23)",1,-0.08
327,41,"(25, 23)",0,-0.08
327,42,"(25, 22)",0,-0.08
327,43,"(25, 21)",0,-0.08
327,44,"(25, 20)",0,-0.08
327,45,"(25, 19)",1,-0.08
327,46,"(26, 19)",1,-0.08
327,47,"(27, 19)",0,-0.08
327,48,"(27, 18)",0,-0.08
327,49,"(27, 17)",0,-0.08
327,50,"(27, 16)",1,-0.08
327,51,"(28, 16)",1,-0.08
327,52,"(29, 16)",0,-0.08
327,53,"(29, 15)",1,-0.08
327,54,"(30, 15)",1,-0.08
327,55,"(31, 15)",0,-0.08
327,56,"(31, 14)",0,-0.08
327,57,"(31, 13)",1,-0.08
327,58,"(32, 13)",1,-0.08
327,59,"(33, 13)",1,-0.08
327,60,"(34, 13)",1,-0.08
327,61,"(35, 13)",1,-0.08
327,62,"(36, 13)",1,-0.08
327,63,"(37, 13)",1,-0.08
327,64,"(38, 13)",1,-0.08
327,65,"(39, 13)",0,-0.08
327,66,"(39, 12)",0,-0.08
327,67,"(39, 11)",1,-0.08
327,68,"(40, 11)",1,-0.08
327,69,"(41, 11)",1,-0.08
327,70,"(42, 11)",1,-0.08
327,71,"(43, 11)",1,-0.08
327,72,"(44, 11)",1,-0.08
327,73,"(45, 11)",0,-0.08
327,74,"(45, 10)",1,-0.08
327,75,"(46, 10)",0,-0.08
327,76,"(46, 9)",0,-0.08
327,77,"(46, 8)",0,-0.08
327,78,"(46, 7)",1,-0.08
327,79,"(47, 7)",0,-0.08
327,80,"(47, 6)",1,-0.08
327,81,"(48, 6)",1,-0.08
327,82,"(49, 6)",0,-0.08
327,83,"(49, 5)",1,-0.08
327,84,"(50, 5)",1,-0.08
327,85,"(51, 5)",1,-0.08
327,86,"(52, 5)",1,-0.08
327,87,"(53, 5)",0,-0.08
327,88,"(53, 4)",0,-0.08
327,89,"(53, 3)",1,-0.08
327,90,"(54, 3)",1,-0.08
327,91,"(55, 3)",1,-0.08
327,92,"(56, 3)",1,-0.08
327,93,"(57, 3)",0,-0.08
327,94,"(57, 2)",1,-0.08
327,95,"(58, 2)",0,-0.08
327,96,"(58, 1)",1,-0.08
327,97,"(59, 1)",1,-0.08
327,98,"(60, 1)",1,-0.08
327,99,"(61, 1)",1,-0.08
327,100,"(62, 1)",1,-0.08
327,101,"(63, 1)",1,-0.08
327,102,"(64, 1)",1,-0.08
327,103,"(65, 1)",1,-0.08
327,104,"(66, 1)",1,-0.08
327,105,"(67, 1)",1,-0.08
327,106,"(68, 1)",1,-0.08
327,107,"(69, 1)",1,-0.08
327,108,"(70, 1)",1,-0.08
327,109,"(71, 1)",2,-0.08
327,110,"(71, 2)",2,-0.08
327,111,"(71, 3)",1,-0.08
327,112,"(72, 3)",1,-0.08
327,113,"(73, 3)",0,-0.08
327,114,"(73, 2)",0,-0.08
327,115,"(73, 1)",1,-0.08
327,116,"(74, 1)",1,-0.08
327,117,"(75, 1)",0,-0.08
327,118,"(75, 0)",1,-0.08
327,119,"(76, 0)",1,-0.08
327,120,"(77, 0)",1,-0.08
327,121,"(78, 0)",1,8.33
328,0,"(0, 39)",1,-0.08
328,1,"(1, 39)",1,-0.08
328,2,"(2, 39)",1,-0.08
328,3,"(3, 39)",1,-0.08
328,4,"(4, 39)",1,-0.08
328,5,"(5, 39)",1,-0.08
328,6,"(6, 39)",1,-0.08
328,7,"(7, 39)",1,-0.08
328,8,"(8, 39)",1,-0.08
328,9,"(9, 39)",1,-0.08
328,10,"(10, 39)",1,-0.08
328,11,"(11, 39)",0,-0.08
328,12,"(11, 38)",0,-0.08
328,13,"(11, 37)",1,-0.08
328,14,"(12, 37)",1,-0.08
328,15,"(13, 37)",1,-0.08
328,16,"(14, 37)",1,-0.08
328,17,"(15, 37)",0,-0.08
328,18,"(15, 36)",1,-0.08
328,19,"(16, 36)",1,-0.08
328,20,"(17, 36)",0,-0.08
328,21,"(17, 35)",0,-0.08
328,22,"(17, 34)",0,-0.08
328,23,"(17, 33)",1,-0.08
328,24,"(18, 33)",1,-0.08
328,25,"(19, 33)",0,-0.08
328,26,"(19, 32)",0,-0.08
328,27,"(19, 31)",0,-0.08
328,28,"(19, 30)",0,-0.08
328,29,"(19, 29)",1,-0.08
328,30,"(20, 29)",0,-0.08
328,31,"(20, 28)",0,-0.08
328,32,"(20, 27)",1,-0.08
328,33,"(21, 27)",0,-0.08
328,34,"(21, 26)",1,-0.08
328,35,"(22, 26)",0,-0.08
328,36,"(22, 25)",1,-0.08
328,37,"(23, 25)",1,-0.08
328,38,"(24, 25)",1,-0.08
328,39,"(25, 25)",1,-0.08
328,40,"(26, 25)",1,-0.08
328,41,"(27, 25)",1,-0.08
328,42,"(28, 25)",1,-0.08
328,43,"(29, 25)",1,-0.08
328,44,"(30, 25)",1,-0.08
328,45,"(31, 25)",0,-0.08
328,46,"(31, 24)",0,-0.08
328,47,"(31, 23)",1,-0.08
328,48,"(32, 23)",1,-0.08
328,49,"(33, 23)",0,-0.08
328,50,"(33, 22)",0,-0.08
328,51,"(33, 21)",1,-0.08
328,52,"(34, 21)",1,-0.08
328,53,"(35, 21)",1,-0.08
328,54,"(36, 21)",1,-0.08
328,55,"(37, 21)",1,-0.08
328,56,"(38, 21)",1,-0.08
328,57,"(39, 21)",1,-0.08
328,58,"(40, 21)",1,-0.08
328,59,"(41, 21)",1,-0.08
328,60,"(42, 21)",0,-0.08
328,61,"(42, 20)",1,-0.08
328,62,"(43, 20)",0,-0.08
328,63,"(43, 19)",1,-0.08
328,64,"(44, 19)",0,-0.08
328,65,"(44, 18)",0,-0.08
328,66,"(44, 17)",0,-0.08
328,67,"(44, 16)",0,-0.08
328,68,"(44, 15)",1,-0.08
328,69,"(45, 15)",0,-0.08
328,70,"(45, 14)",0,-0.08
328,71,"(45, 13)",0,-0.08
328,72,"(45, 12)",0,-0.08
328,73,"(45, 11)",0,-0.08
328,74,"(45, 10)",0,-0.08
328,75,"(45, 9)",0,-0.08
328,76,"(45, 8)",1,-0.08
328,77,"(46, 8)",0,-0.08
328,78,"(46, 7)",1,-0.08
328,79,"(47, 7)",0,-0.08
328,80,"(47, 6)",1,-0.08
328,81,"(48, 6)",1,-0.08
328,82,"(49, 6)",0,-0.08
328,83,"(49, 5)",1,-0.08
328,84,"(50, 5)",1,-0.08
328,85,"(51, 5)",1,-0.08
328,86,"(52, 5)",1,-0.08
328,87,"(53, 5)",0,-0.08
328,88,"(53, 4)",0,-0.08
328,89,"(53, 3)",1,-0.08
328,90,"(54, 3)",1,-0.08
328,91,"(55, 3)",1,-0.08
328,92,"(56, 3)",0,-0.08
328,93,"(56, 2)",0,-0.08
328,94,"(56, 1)",1,-0.08
328,95,"(57, 1)",1,-0.08
328,96,"(58, 1)",1,-0.08
328,97,"(59, 1)",1,-0.08
328,98,"(60, 1)",1,-0.08
328,99,"(61, 1)",1,-0.08
328,100,"(62, 1)",1,-0.08
328,101,"(63, 1)",1,-0.08
328,102,"(64, 1)",1,-0.08
328,103,"(65, 1)",1,-0.08
328,104,"(66, 1)",1,-0.08
328,105,"(67, 1)",1,-0.08
328,106,"(68, 1)",1,-0.08
328,107,"(69, 1)",1,-0.08
328,108,"(70, 1)",1,-0.08
328,109,"(71, 1)",2,-0.08
328,110,"(71, 2)",2,-0.08
328,111,"(71, 3)",1,-0.08
328,112,"(72, 3)",1,-0.08
328,113,"(73, 3)",0,-0.08
328,114,"(73, 2)",0,-0.08
328,115,"(73, 1)",0,-0.08
328,116,"(73, 0)",1,-0.08
328,117,"(74, 0)",1,-0.08
328,118,"(75, 0)",1,-0.08
328,119,"(76, 0)",1,-0.08
328,120,"(77, 0)",1,-0.08
328,121,"(78, 0)",1,8.33
329,0,"(0, 39)",1,-0.08
329,1,"(1, 39)",1,-0.08
329,2,"(2, 39)",1,-0.08
329,3,"(3, 39)",1,-0.08
329,4,"(4, 39)",1,-0.08
329,5,"(5, 39)",1,-0.08
329,6,"(6, 39)",1,-0.08
329,7,"(7, 39)",1,-0.08
329,8,"(8, 39)",1,-0.08
329,9,"(9, 39)",1,-0.08
329,10,"(10, 39)",0,-0.08
329,11,"(10, 38)",0,-0.08
329,12,"(10, 37)",1,-0.08
329,13,"(11, 37)",1,-0.08
329,14,"(12, 37)",1,-0.08
329,15,"(13, 37)",1,-0.08
329,16,"(14, 37)",1,-0.08
329,17,"(15, 37)",0,-0.08
329,18,"(15, 36)",1,-0.08
329,19,"(16, 36)",1,-0.08
329,20,"(17, 36)",0,-0.08
329,21,"(17, 35)",1,-0.08
329,22,"(18, 35)",1,-0.08
329,23,"(19, 35)",0,-0.08
329,24,"(19, 34)",0,-0.08
329,25,"(19, 33)",0,-0.08
329,26,"(19, 32)",0,-0.08
329,27,"(19, 31)",0,-0.08
329,28,"(19, 30)",0,-0.08
329,29,"(19, 29)",1,-0.08
329,30,"(20, 29)",0,-0.08
329,31,"(20, 28)",0,-0.08
329,32,"(20, 27)",1,-0.08
329,33,"(21, 27)",0,-0.08
329,34,"(21, 26)",1,-0.08
329,35,"(22, 26)",0,-0.08
329,36,"(22, 25)",0,-0.08
329,37,"(22, 24)",0,-0.08
329,38,"(22, 23)",1,-0.08
329,39,"(23, 23)",1,-0.08
329,40,"(24, 23)",1,-0.08
329,41,"(25, 23)",0,-0.08
329,42,"(25, 22)",0,-0.08
329,43,"(25, 21)",0,-0.08
329,44,"(25, 20)",0,-0.08
329,45,"(25, 19)",0,-0.08
329,46,"(25, 18)",1,-0.08
329,47,"(26, 18)",1,-0.08
329,48,"(27, 18)",0,-0.08
329,49,"(27, 17)",0,-0.08
329,50,"(27, 16)",1,-0.08
329,51,"(28, 16)",1,-0.08
329,52,"(29, 16)",0,-0.08
329,53,"(29, 15)",1,-0.08
329,54,"(30, 15)",1,-0.08
329,55,"(31, 15)",1,-0.08
329,56,"(32, 15)",0,-0.08
329,57,"(32, 14)",0,-0.08
329,58,"(32, 13)",1,-0.08
329,59,"(33, 13)",1,-0.08
329,60,"(34, 13)",1,-0.08
329,61,"(35, 13)",1,-0.08
329,62,"(36, 13)",1,-0.08
329,63,"(37, 13)",1,-0.08
329,64,"(38, 13)",1,-0.08
329,65,"(39, 13)",1,-0.08
329,66,"(40, 13)",1,-0.08
329,67,"(41, 13)",1,-0.08
329,68,"(42, 13)",1,-0.08
329,69,"(43, 13)",1,-0.08
329,70,"(44, 13)",1,-0.08
329,71,"(45, 13)",0,-0.08
329,72,"(45, 12)",0,-0.08
329,73,"(45, 11)",0,-0.08
329,74,"(45, 10)",1,-0.08
329,75,"(46, 10)",0,-0.08
329,76,"(46, 9)",0,-0.08
329,77,"(46, 8)",0,-0.08
329,78,"(46, 7)",0,-0.08
329,79,"(46, 6)",1,-0.08
329,80,"(47, 6)",1,-0.08
329,81,"(48, 6)",1,-0.08
329,82,"(49, 6)",0,-0.08
329,83,"(49, 5)",1,-0.08
329,84,"(50, 5)",1,-0.08
329,85,"(51, 5)",1,-0.08
329,86,"(52, 5)",1,-0.08
329,87,"(53, 5)",0,-0.08
329,88,"(53, 4)",0,-0.08
329,89,"(53, 3)",0,-0.08
329,90,"(53, 2)",0,-0.08
329,91,"(53, 1)",1,-0.08
329,92,"(54, 1)",1,-0.08
329,93,"(55, 1)",1,-0.08
329,94,"(56, 1)",1,-0.08
329,95,"(57, 1)",1,-0.08
329,96,"(58, 1)",1,-0.08
329,97,"(59, 1)",1,-0.08
329,98,"(60, 1)",1,-0.08
329,99,"(61, 1)",1,-0.08
329,100,"(62, 1)",1,-0.08
329,101,"(63, 1)",1,-0.08
329,102,"(64, 1)",1,-0.08
329,103,"(65, 1)",1,-0.08
329,104,"(66, 1)",1,-0.08
329,105,"(67, 1)",1,-0.08
329,106,"(68, 1)",1,-0.08
329,107,"(69, 1)",1,-0.08
329,108,"(70, 1)",1,-0.08
329,109,"(71, 1)",2,-0.08
329,110,"(71, 2)",2,-0.08
329,111,"(71, 3)",1,-0.08
329,112,"(72, 3)",1,-0.08
329,113,"(73, 3)",0,-0.08
329,114,"(73, 2)",0,-0.08
329,115,"(73, 1)",1,-0.08
329,116,"(74, 1)",0,-0.08
329,117,"(74, 0)",1,-0.08
329,118,"(75, 0)",1,-0.08
329,119,"(76, 0)",1,-0.08
329,120,"(77, 0)",1,-0.08
329,121,"(78, 0)",1,8.33
330,0,"(0, 39)",1,-0.08
330,1,"(1, 39)",1,-0.08
330,2,"(2, 39)",1,-0.08
330,3,"(3, 39)",1,-0.08
330,4,"(4, 39)",1,-0.08
330,5,"(5, 39)",1,-0.08
330,6,"(6, 39)",1,-0.08
330,7,"(7, 39)",1,-0.08
330,8,"(8, 39)",1,-0.08
330,9,"(9, 39)",1,-0.08
330,10,"(10, 39)",1,-0.08
330,11,"(11, 39)",1,-0.08
330,12,"(12, 39)",1,-0.08
330,13,"(13, 39)",1,-0.08
330,14,"(14, 39)",0,-0.08
330,15,"(14, 38)",0,-0.08
330,16,"(14, 37)",1,-0.08
330,17,"(15, 37)",1,-0.08
330,18,"(16, 37)",0,-0.08
330,19,"(16, 36)",1,-0.08
330,20,"(17, 36)",0,-0.08
330,21,"(17, 35)",1,-0.08
330,22,"(18, 35)",0,-0.08
330,23,"(18, 34)",1,-0.08
330,24,"(19, 34)",0,-0.08
330,25,"(19, 33)",0,-0.08
330,26,"(19, 32)",0,-0.08
330,27,"(19, 31)",0,-0.08
330,28,"(19, 30)",0,-0.08
330,29,"(19, 29)",1,-0.08
330,30,"(20, 29)",0,-0.08
330,31,"(20, 28)",0,-0.08
330,32,"(20, 27)",1,-0.08
330,33,"(21, 27)",0,-0.08
330,34,"(21, 26)",0,-0.08
330,35,"(21, 25)",1,-0.08
330,36,"(22, 25)",1,-0.08
330,37,"(23, 25)",1,-0.08
330,38,"(24, 25)",1,-0.08
330,39,"(25, 25)",1,-0.08
330,40,"(26, 25)",1,-0.08
330,41,"(27, 25)",1,-0.08
330,42,"(28, 25)",1,-0.08
330,43,"(29, 25)",1,-0.08
330,44,"(30, 25)",1,-0.08
330,45,"(31, 25)",0,-0.08
330,46,"(31, 24)",0,-0.08
330,47,"(31, 23)",1,-0.08
330,48,"(32, 23)",1,-0.08
330,49,"(33, 23)",0,-0.08
330,50,"(33, 22)",0,-0.08
330,51,"(33, 21)",1,-0.08
330,52,"(34, 21)",1,-0.08
330,53,"(35, 21)",1,-0.08
330,54,"(36, 21)",1,-0.08
330,55,"(37, 21)",1,-0.08
330,56,"(38, 21)",1,-0.08
330,57,"(39, 21)",1,-0.08
330,58,"(40, 21)",0,-0.08
330,59,"(40, 20)",1,-0.08
330,60,"(41, 20)",0,-0.08
330,61,"(41, 19)",0,-0.08
330,62,"(41, 18)",1,-0.08
330,63,"(42, 18)",0,-0.08
330,64,"(42, 17)",0,-0.08
330,65,"(42, 16)",1,-0.08
330,66,"(43, 16)",1,-0.08
330,67,"(44, 16)",0,-0.08
330,68,"(44, 15)",1,-0.08
330,69,"(45, 15)",0,-0.08
330,70,"(45, 14)",0,-0.08
330,71,"(45, 13)",0,-0.08
330,72,"(45, 12)",0,-0.08
330,73,"(45, 11)",0,-0.08
330,74,"(45, 10)",0,-0.08
330,75,"(45, 9)",0,-0.08
330,76,"(45, 8)",0,-0.08
330,77,"(45, 7)",1,-0.08
330,78,"(46, 7)",0,-0.08
330,79,"(46, 6)",1,-0.08
330,80,"(47, 6)",1,-0.08
330,81,"(48, 6)",1,-0.08
330,82,"(49, 6)",0,-0.08
330,83,"(49, 5)",1,-0.08
330,84,"(50, 5)",1,-0.08
330,85,"(51, 5)",1,-0.08
330,86,"(52, 5)",1,-0.08
330,87,"(53, 5)",0,-0.08
330,88,"(53, 4)",0,-0.08
330,89,"(53, 3)",0,-0.08
330,90,"(53, 2)",0,-0.08
330,91,"(53, 1)",1,-0.08
330,92,"(54, 1)",1,-0.08
330,93,"(55, 1)",1,-0.08
330,94,"(56, 1)",1,-0.08
330,95,"(57, 1)",1,-0.08
330,96,"(58, 1)",1,-0.08
330,97,"(59, 1)",1,-0.08
330,98,"(60, 1)",1,-0.08
330,99,"(61, 1)",1,-0.08
330,100,"(62, 1)",1,-0.08
330,101,"(63, 1)",1,-0.08
330,102,"(64, 1)",1,-0.08
330,103,"(65, 1)",1,-0.08
330,104,"(66, 1)",1,-0.08
330,105,"(67, 1)",1,-0.08
330,106,"(68, 1)",1,-0.08
330,107,"(69, 1)",1,-0.08
330,108,"(70, 1)",1,-0.08
330,109,"(71, 1)",2,-0.08
330,110,"(71, 2)",2,-0.08
330,111,"(71, 3)",1,-0.08
330,112,"(72, 3)",1,-0.08
330,113,"(73, 3)",1,-0.08
330,114,"(74, 3)",1,-0.08
330,115,"(75, 3)",1,-0.08
330,116,"(76, 3)",1,-0.08
330,117,"(77, 3)",0,-0.08
330,118,"(77, 2)",0,-0.08
330,119,"(77, 1)",1,-0.08
330,120,"(78, 1)",0,-0.08
330,121,"(78, 0)",1,8.33
331,0,"(0, 39)",1,-0.08
331,1,"(1, 39)",1,-0.08
331,2,"(2, 39)",1,-0.08
331,3,"(3, 39)",1,-0.08
331,4,"(4, 39)",1,-0.08
331,5,"(5, 39)",1,-0.08
331,6,"(6, 39)",1,-0.08
331,7,"(7, 39)",1,-0.08
331,8,"(8, 39)",1,-0.08
331,9,"(9, 39)",1,-0.08
331,10,"(10, 39)",1,-0.08
331,11,"(11, 39)",0,-0.08
331,12,"(11, 38)",0,-0.08
331,13,"(11, 37)",1,-0.08
331,14,"(12, 37)",1,-0.08
331,15,"(13, 37)",1,-0.08
331,16,"(14, 37)",1,-0.08
331,17,"(15, 37)",0,-0.08
331,18,"(15, 36)",0,-0.08
331,19,"(15, 35)",0,-0.08
331,20,"(15, 34)",0,-0.08
331,21,"(15, 33)",1,-0.08
331,22,"(16, 33)",1,-0.08
331,23,"(17, 33)",1,-0.08
331,24,"(18, 33)",1,-0.08
331,25,"(19, 33)",0,-0.08
331,26,"(19, 32)",0,-0.08
331,27,"(19, 31)",0,-0.08
331,28,"(19, 30)",0,-0.08
331,29,"(19, 29)",1,-0.08
331,30,"(20, 29)",0,-0.08
331,31,"(20, 28)",0,-0.08
331,32,"(20, 27)",1,-0.08
331,33,"(21, 27)",0,-0.08
331,34,"(21, 26)",0,-0.08
331,35,"(21, 25)",1,-0.08
331,36,"(22, 25)",1,-0.08
331,37,"(23, 25)",1,-0.08
331,38,"(24, 25)",1,-0.08
331,39,"(25, 25)",1,-0.08
331,40,"(26, 25)",1,-0.08
331,41,"(27, 25)",1,-0.08
331,42,"(28, 25)",1,-0.08
331,43,"(29, 25)",1,-0.08
331,44,"(30, 25)",1,-0.08
331,45,"(31, 25)",0,-0.08
331,46,"(31, 24)",0,-0.08
331,47,"(31, 23)",1,-0.08
331,48,"(32, 23)",1,-0.08
331,49,"(33, 23)",0,-0.08
331,50,"(33, 22)",0,-0.08
331,51,"(33, 21)",1,-0.08
331,52,"(34, 21)",1,-0.08
331,53,"(35, 21)",1,-0.08
331,54,"(36, 21)",1,-0.08
331,55,"(37, 21)",1,-0.08
331,56,"(38, 21)",1,-0.08
331,57,"(39, 21)",0,-0.08
331,58,"(39, 20)",0,-0.08
331,59,"(39, 19)",0,-0.08
331,60,"(39, 18)",0,-0.08
331,61,"(39, 17)",0,-0.08
331,62,"(39, 16)",0,-0.08
331,63,"(39, 15)",1,-0.08
331,64,"(40, 15)",0,-0.08
331,65,"(40, 14)",0,-0.08
331,66,"(40, 13)",1,-0.08
331,67,"(41, 13)",1,-0.08
331,68,"(42, 13)",1,-0.08
331,69,"(43, 13)",1,-0.08
331,70,"(44, 13)",1,-0.08
331,71,"(45, 13)",0,-0.08
331,72,"(45, 12)",0,-0.08
331,73,"(45, 11)",0,-0.08
331,74,"(45, 10)",1,-0.08
331,75,"(46, 10)",0,-0.08
331,76,"(46, 9)",0,-0.08
331,77,"(46, 8)",0,-0.08
331,78,"(46, 7)",1,-0.08
331,79,"(47, 7)",0,-0.08
331,80,"(47, 6)",1,-0.08
331,81,"(48, 6)",1,-0.08
331,82,"(49, 6)",0,-0.08
331,83,"(49, 5)",1,-0.08
331,84,"(50, 5)",1,-0.08
331,85,"(51, 5)",0,-0.08
331,86,"(51, 4)",0,-0.08
331,87,"(51, 3)",0,-0.08
331,88,"(51, 2)",0,-0.08
331,89,"(51, 1)",1,-0.08
331,90,"(52, 1)",1,-0.08
331,91,"(53, 1)",1,-0.08
331,92,"(54, 1)",1,-0.08
331,93,"(55, 1)",1,-0.08
331,94,"(56, 1)",1,-0.08
331,95,"(57, 1)",1,-0.08
331,96,"(58, 1)",1,-0.08
331,97,"(59, 1)",1,-0.08
331,98,"(60, 1)",1,-0.08
331,99,"(61, 1)",1,-0.08
331,100,"(62, 1)",1,-0.08
331,101,"(63, 1)",1,-0.08
331,102,"(64, 1)",1,-0.08
331,103,"(65, 1)",1,-0.08
331,104,"(66, 1)",1,-0.08
331,105,"(67, 1)",1,-0.08
331,106,"(68, 1)",1,-0.08
331,107,"(69, 1)",1,-0.08
331,108,"(70, 1)",1,-0.08
331,109,"(71, 1)",2,-0.08
331,110,"(71, 2)",2,-0.08
331,111,"(71, 3)",1,-0.08
331,112,"(72, 3)",1,-0.08
331,113,"(73, 3)",1,-0.08
331,114,"(74, 3)",1,-0.08
331,115,"(75, 3)",1,-0.08
331,116,"(76, 3)",1,-0.08
331,117,"(77, 3)",0,-0.08
331,118,"(77, 2)",0,-0.08
331,119,"(77, 1)",0,-0.08
331,120,"(77, 0)",1,-0.08
331,121,"(78, 0)",1,8.33
332,0,"(0, 39)",1,-0.08
332,1,"(1, 39)",1,-0.08
332,2,"(2, 39)",1,-0.08
332,3,"(3, 39)",1,-0.08
332,4,"(4, 39)",1,-0.08
332,5,"(5, 39)",1,-0.08
332,6,"(6, 39)",1,-0.08
332,7,"(7, 39)",1,-0.08
332,8,"(8, 39)",1,-0.08
332,9,"(9, 39)",1,-0.08
332,10,"(10, 39)",1,-0.08
332,11,"(11, 39)",1,-0.08
332,12,"(12, 39)",1,-0.08
332,13,"(13, 39)",1,-0.08
332,14,"(14, 39)",0,-0.08
332,15,"(14, 38)",0,-0.08
332,16,"(14, 37)",1,-0.08
332,17,"(15, 37)",1,-0.08
332,18,"(16, 37)",0,-0.08
332,19,"(16, 36)",1,-0.08
332,20,"(17, 36)",0,-0.08
332,21,"(17, 35)",1,-0.08
332,22,"(18, 35)",0,-0.08
332,23,"(18, 34)",1,-0.08
332,24,"(19, 34)",0,-0.08
332,25,"(19, 33)",0,-0.08
332,26,"(19, 32)",0,-0.08
332,27,"(19, 31)",0,-0.08
332,28,"(19, 30)",0,-0.08
332,29,"(19, 29)",1,-0.08
332,30,"(20, 29)",0,-0.08
332,31,"(20, 28)",0,-0.08
332,32,"(20, 27)",1,-0.08
332,33,"(21, 27)",0,-0.08
332,34,"(21, 26)",1,-0.08
332,35,"(22, 26)",0,-0.08
332,36,"(22, 25)",0,-0.08
332,37,"(22, 24)",0,-0.08
332,38,"(22, 23)",1,-0.08
332,39,"(23, 23)",1,-0.08
332,40,"(24, 23)",1,-0.08
332,41,"(25, 23)",0,-0.08
332,42,"(25, 22)",0,-0.08
332,43,"(25, 21)",1,-0.08
332,44,"(26, 21)",1,-0.08
332,45,"(27, 21)",0,-0.08
332,46,"(27, 20)",0,-0.08
332,47,"(27, 19)",0,-0.08
332,48,"(27, 18)",0,-0.08
332,49,"(27, 17)",1,-0.08
332,50,"(28, 17)",0,-0.08
332,51,"(28, 16)",1,-0.08
332,52,"(29, 16)",0,-0.08
332,53,"(29, 15)",1,-0.08
332,54,"(30, 15)",1,-0.08
332,55,"(31, 15)",0,-0.08
332,56,"(31, 14)",0,-0.08
332,57,"(31, 13)",1,-0.08
332,58,"(32, 13)",1,-0.08
332,59,"(33, 13)",1,-0.08
332,60,"(34, 13)",1,-0.08
332,61,"(35, 13)",1,-0.08
332,62,"(36, 13)",1,-0.08
332,63,"(37, 13)",1,-0.08
332,64,"(38, 13)",1,-0.08
332,65,"(39, 13)",0,-0.08
332,66,"(39, 12)",0,-0.08
332,67,"(39, 11)",1,-0.08
332,68,"(40, 11)",1,-0.08
332,69,"(41, 11)",1,-0.08
332,70,"(42, 11)",1,-0.08
332,71,"(43, 11)",1,-0.08
332,72,"(44, 11)",1,-0.08
332,73,"(45, 11)",0,-0.08
332,74,"(45, 10)",1,-0.08
332,75,"(46, 10)",0,-0.08
332,76,"(46, 9)",0,-0.08
332,77,"(46, 8)",0,-0.08
332,78,"(46, 7)",0,-0.08
332,79,"(46, 6)",1,-0.08
332,80,"(47, 6)",1,-0.08
332,81,"(48, 6)",1,-0.08
332,82,"(49, 6)",0,-0.08
332,83,"(49, 5)",1,-0.08
332,84,"(50, 5)",1,-0.08
332,85,"(51, 5)",1,-0.08
332,86,"(52, 5)",1,-0.08
332,87,"(53, 5)",0,-0.08
332,88,"(53, 4)",0,-0.08
332,89,"(53, 3)",0,-0.08
332,90,"(53, 2)",0,-0.08
332,91,"(53, 1)",1,-0.08
332,92,"(54, 1)",1,-0.08
332,93,"(55, 1)",1,-0.08
332,94,"(56, 1)",1,-0.08
332,95,"(57, 1)",1,-0.08
332,96,"(58, 1)",1,-0.08
332,97,"(59, 1)",1,-0.08
332,98,"(60, 1)",1,-0.08
332,99,"(61, 1)",1,-0.08
332,100,"(62, 1)",1,-0.08
332,101,"(63, 1)",1,-0.08
332,102,"(64, 1)",1,-0.08
332,103,"(65, 1)",1,-0.08
332,104,"(66, 1)",1,-0.08
332,105,"(67, 1)",1,-0.08
332,106,"(68, 1)",1,-0.08
332,107,"(69, 1)",1,-0.08
332,108,"(70, 1)",1,-0.08
332,109,"(71, 1)",2,-0.08
332,110,"(71, 2)",2,-0.08
332,111,"(71, 3)",1,-0.08
332,112,"(72, 3)",1,-0.08
332,113,"(73, 3)",1,-0.08
332,114,"(74, 3)",1,-0.08
332,115,"(75, 3)",1,-0.08
332,116,"(76, 3)",1,-0.08
332,117,"(77, 3)",0,-0.08
332,118,"(77, 2)",0,-0.08
332,119,"(77, 1)",0,-0.08
332,120,"(77, 0)",1,-0.08
332,121,"(78, 0)",1,8.33
333,0,"(0, 39)",1,-0.08
333,1,"(1, 39)",1,-0.08
333,2,"(2, 39)",1,-0.08
333,3,"(3, 39)",1,-0.08
333,4,"(4, 39)",1,-0.08
333,5,"(5, 39)",1,-0.08
333,6,"(6, 39)",1,-0.08
333,7,"(7, 39)",1,-0.08
333,8,"(8, 39)",1,-0.08
333,9,"(9, 39)",1,-0.08
333,10,"(10, 39)",0,-0.08
333,11,"(10, 38)",1,-0.08
333,12,"(11, 38)",0,-0.08
333,13,"(11, 37)",1,-0.08
333,14,"(12, 37)",1,-0.08
333,15,"(13, 37)",1,-0.08
333,16,"(14, 37)",1,-0.08
333,17,"(15, 37)",1,-0.08
333,18,"(16, 37)",1,-0.08
333,19,"(17, 37)",1,-0.08
333,20,"(18, 37)",1,-0.08
333,21,"(19, 37)",0,-0.08
333,22,"(19, 36)",0,-0.08
333,23,"(19, 35)",0,-0.08
333,24,"(19, 34)",0,-0.08
333,25,"(19, 33)",0,-0.08
333,26,"(19, 32)",0,-0.08
333,27,"(19, 31)",0,-0.08
333,28,"(19, 30)",0,-0.08
333,29,"(19, 29)",1,-0.08
333,30,"(20, 29)",0,-0.08
333,31,"(20, 28)",0,-0.08
333,32,"(20, 27)",1,-0.08
333,33,"(21, 27)",0,-0.08
333,34,"(21, 26)",1,-0.08
333,35,"(22, 26)",1,-0.08
333,36,"(23, 26)",0,-0.08
333,37,"(23, 25)",1,-0.08
333,38,"(24, 25)",1,-0.08
333,39,"(25, 25)",0,-0.08
333,40,"(25, 24)",0,-0.08
333,41,"(25, 23)",0,-0.08
333,42,"(25, 22)",0,-0.08
333,43,"(25, 21)",1,-0.08
333,44,"(26, 21)",1,-0.08
333,45,"(27, 21)",0,-0.08
333,46,"(27, 20)",0,-0.08
333,47,"(27, 19)",1,-0.08
333,48,"(28, 19)",1,-0.08
333,49,"(29, 19)",1,-0.08
333,50,"(30, 19)",1,-0.08
333,51,"(31, 19)",0,-0.08
333,52,"(31, 18)",0,-0.08
333,53,"(31, 17)",1,-0.08
333,54,"(32, 17)",0,-0.08
333,55,"(32, 16)",0,-0.08
333,56,"(32, 15)",0,-0.08
333,57,"(32, 14)",0,-0.08
333,58,"(32, 13)",1,-0.08
333,59,"(33, 13)",1,-0.08
333,60,"(34, 13)",1,-0.08
333,61,"(35, 13)",1,-0.08
333,62,"(36, 13)",1,-0.08
333,63,"(37, 13)",1,-0.08
333,64,"(38, 13)",1,-0.08
333,65,"(39, 13)",0,-0.08
333,66,"(39, 12)",0,-0.08
333,67,"(39, 11)",1,-0.08
333,68,"(40, 11)",1,-0.08
333,69,"(41, 11)",1,-0.08
333,70,"(42, 11)",1,-0.08
333,71,"(43, 11)",1,-0.08
333,72,"(44, 11)",1,-0.08
333,73,"(45, 11)",0,-0.08
333,74,"(45, 10)",1,-0.08
333,75,"(46, 10)",0,-0.08
333,76,"(46, 9)",0,-0.08
333,77,"(46, 8)",0,-0.08
333,78,"(46, 7)",0,-0.08
333,79,"(46, 6)",1,-0.08
333,80,"(47, 6)",1,-0.08
333,81,"(48, 6)",1,-0.08
333,82,"(49, 6)",0,-0.08
333,83,"(49, 5)",1,-0.08
333,84,"(50, 5)",1,-0.08
333,85,"(51, 5)",1,-0.08
333,86,"(52, 5)",1,-0.08
333,87,"(53, 5)",0,-0.08
333,88,"(53, 4)",0,-0.08
333,89,"(53, 3)",1,-0.08
333,90,"(54, 3)",1,-0.08
333,91,"(55, 3)",1,-0.08
333,92,"(56, 3)",1,-0.08
333,93,"(57, 3)",0,-0.08
333,94,"(57, 2)",0,-0.08
333,95,"(57, 1)",1,-0.08
333,96,"(58, 1)",1,-0.08
333,97,"(59, 1)",1,-0.08
333,98,"(60, 1)",1,-0.08
333,99,"(61, 1)",1,-0.08
333,100,"(62, 1)",1,-0.08
333,101,"(63, 1)",1,-0.08
333,102,"(64, 1)",1,-0.08
333,103,"(65, 1)",1,-0.08
333,104,"(66, 1)",1,-0.08
333,105,"(67, 1)",1,-0.08
333,106,"(68, 1)",1,-0.08
333,107,"(69, 1)",1,-0.08
333,108,"(70, 1)",1,-0.08
333,109,"(71, 1)",2,-0.08
333,110,"(71, 2)",2,-0.08
333,111,"(71, 3)",1,-0.08
333,112,"(72, 3)",1,-0.08
333,113,"(73, 3)",1,-0.08
333,114,"(74, 3)",1,-0.08
333,115,"(75, 3)",1,-0.08
333,116,"(76, 3)",1,-0.08
333,117,"(77, 3)",0,-0.08
333,118,"(77, 2)",0,-0.08
333,119,"(77, 1)",1,-0.08
333,120,"(78, 1)",1,-0.08
333,121,"(79, 1)",0,8.33
334,0,"(0, 39)",1,-0.08
334,1,"(1, 39)",1,-0.08
334,2,"(2, 39)",1,-0.08
334,3,"(3, 39)",1,-0.08
334,4,"(4, 39)",1,-0.08
334,5,"(5, 39)",1,-0.08
334,6,"(6, 39)",1,-0.08
334,7,"(7, 39)",1,-0.08
334,8,"(8, 39)",1,-0.08
334,9,"(9, 39)",1,-0.08
334,10,"(10, 39)",0,-0.08
334,11,"(10, 38)",1,-0.08
334,12,"(11, 38)",0,-0.08
334,13,"(11, 37)",1,-0.08
334,14,"(12, 37)",1,-0.08
334,15,"(13, 37)",1,-0.08
334,16,"(14, 37)",1,-0.08
334,17,"(15, 37)",0,-0.08
334,18,"(15, 36)",0,-0.08
334,19,"(15, 35)",0,-0.08
334,20,"(15, 34)",0,-0.08
334,21,"(15, 33)",1,-0.08
334,22,"(16, 33)",1,-0.08
334,23,"(17, 33)",1,-0.08
334,24,"(18, 33)",1,-0.08
334,25,"(19, 33)",0,-0.08
334,26,"(19, 32)",0,-0.08
334,27,"(19, 31)",0,-0.08
334,28,"(19, 30)",0,-0.08
334,29,"(19, 29)",1,-0.08
334,30,"(20, 29)",0,-0.08
334,31,"(20, 28)",0,-0.08
334,32,"(20, 27)",1,-0.08
334,33,"(21, 27)",0,-0.08
334,34,"(21, 26)",1,-0.08
334,35,"(22, 26)",1,-0.08
334,36,"(23, 26)",0,-0.08
334,37,"(23, 25)",1,-0.08
334,38,"(24, 25)",1,-0.08
334,39,"(25, 25)",0,-0.08
334,40,"(25, 24)",0,-0.08
334,41,"(25, 23)",0,-0.08
334,42,"(25, 22)",0,-0.08
334,43,"(25, 21)",1,-0.08
334,44,"(26, 21)",1,-0.08
334,45,"(27, 21)",0,-0.08
334,46,"(27, 20)",1,-0.08
334,47,"(28, 20)",0,-0.08
334,48,"(28, 19)",1,-0.08
334,49,"(29, 19)",1,-0.08
334,50,"(30, 19)",1,-0.08
334,51,"(31, 19)",1,-0.08
334,52,"(32, 19)",1,-0.08
334,53,"(33, 19)",1,-0.08
334,54,"(34, 19)",1,-0.08
334,55,"(35, 19)",0,-0.08
334,56,"(35, 18)",0,-0.08
334,57,"(35, 17)",1,-0.08
334,58,"(36, 17)",1,-0.08
334,59,"(37, 17)",1,-0.08
334,60,"(38, 17)",1,-0.08
334,61,"(39, 17)",0,-0.08
334,62,"(39, 16)",0,-0.08
334,63,"(39, 15)",1,-0.08
334,64,"(40, 15)",1,-0.08
334,65,"(41, 15)",0,-0.08
334,66,"(41, 14)",0,-0.08
334,67,"(41, 13)",0,-0.08
334,68,"(41, 12)",0,-0.08
334,69,"(41, 11)",1,-0.08
334,70,"(42, 11)",1,-0.08
334,71,"(43, 11)",1,-0.08
334,72,"(44, 11)",1,-0.08
334,73,"(45, 11)",0,-0.08
334,74,"(45, 10)",0,-0.08
334,75,"(45, 9)",0,-0.08
334,76,"(45, 8)",0,-0.08
334,77,"(45, 7)",1,-0.08
334,78,"(46, 7)",0,-0.08
334,79,"(46, 6)",1,-0.08
334,80,"(47, 6)",1,-0.08
334,81,"(48, 6)",1,-0.08
334,82,"(49, 6)",0,-0.08
334,83,"(49, 5)",1,-0.08
334,84,"(50, 5)",1,-0.08
334,85,"(51, 5)",1,-0.08
334,86,"(52, 5)",1,-0.08
334,87,"(53, 5)",0,-0.08
334,88,"(53, 4)",0,-0.08
334,89,"(53, 3)",0,-0.08
334,90,"(53, 2)",0,-0.08
334,91,"(53, 1)",1,-0.08
334,92,"(54, 1)",1,-0.08
334,93,"(55, 1)",1,-0.08
334,94,"(56, 1)",1,-0.08
334,95,"(57, 1)",1,-0.08
334,96,"(58, 1)",1,-0.08
334,97,"(59, 1)",1,-0.08
334,98,"(60, 1)",1,-0.08
334,99,"(61, 1)",1,-0.08
334,100,"(62, 1)",1,-0.08
334,101,"(63, 1)",1,-0.08
334,102,"(64, 1)",1,-0.08
334,103,"(65, 1)",1,-0.08
334,104,"(66, 1)",1,-0.08
334,105,"(67, 1)",1,-0.08
334,106,"(68, 1)",1,-0.08
334,107,"(69, 1)",1,-0.08
334,108,"(70, 1)",1,-0.08
334,109,"(71, 1)",2,-0.08
334,110,"(71, 2)",2,-0.08
334,111,"(71, 3)",1,-0.08
334,112,"(72, 3)",1,-0.08
334,113,"(73, 3)",1,-0.08
334,114,"(74, 3)",1,-0.08
334,115,"(75, 3)",1,-0.08
334,116,"(76, 3)",1,-0.08
334,117,"(77, 3)",0,-0.08
334,118,"(77, 2)",0,-0.08
334,119,"(77, 1)",1,-0.08
334,120,"(78, 1)",1,-0.08
334,121,"(79, 1)",0,8.33
335,0,"(0, 39)",1,-0.08
335,1,"(1, 39)",1,-0.08
335,2,"(2, 39)",1,-0.08
335,3,"(3, 39)",1,-0.08
335,4,"(4, 39)",1,-0.08
335,5,"(5, 39)",1,-0.08
335,6,"(6, 39)",1,-0.08
335,7,"(7, 39)",1,-0.08
335,8,"(8, 39)",1,-0.08
335,9,"(9, 39)",1,-0.08
335,10,"(10, 39)",1,-0.08
335,11,"(11, 39)",1,-0.08
335,12,"(12, 39)",1,-0.08
335,13,"(13, 39)",1,-0.08
335,14,"(14, 39)",0,-0.08
335,15,"(14, 38)",0,-0.08
335,16,"(14, 37)",1,-0.08
335,17,"(15, 37)",1,-0.08
335,18,"(16, 37)",1,-0.08
335,19,"(17, 37)",0,-0.08
335,20,"(17, 36)",0,-0.08
335,21,"(17, 35)",0,-0.08
335,22,"(17, 34)",0,-0.08
335,23,"(17, 33)",1,-0.08
335,24,"(18, 33)",1,-0.08
335,25,"(19, 33)",0,-0.08
335,26,"(19, 32)",0,-0.08
335,27,"(19, 31)",0,-0.08
335,28,"(19, 30)",0,-0.08
335,29,"(19, 29)",1,-0.08
335,30,"(20, 29)",0,-0.08
335,31,"(20, 28)",0,-0.08
335,32,"(20, 27)",1,-0.08
335,33,"(21, 27)",0,-0.08
335,34,"(21, 26)",1,-0.08
335,35,"(22, 26)",0,-0.08
335,36,"(22, 25)",1,-0.08
335,37,"(23, 25)",1,-0.08
335,38,"(24, 25)",1,-0.08
335,39,"(25, 25)",0,-0.08
335,40,"(25, 24)",0,-0.08
335,41,"(25, 23)",0,-0.08
335,42,"(25, 22)",0,-0.08
335,43,"(25, 21)",0,-0.08
335,44,"(25, 20)",0,-0.08
335,45,"(25, 19)",1,-0.08
335,46,"(26, 19)",0,-0.08
335,47,"(26, 18)",1,-0.08
335,48,"(27, 18)",0,-0.08
335,49,"(27, 17)",1,-0.08
335,50,"(28, 17)",1,-0.08
335,51,"(29, 17)",1,-0.08
335,52,"(30, 17)",1,-0.08
335,53,"(31, 17)",1,-0.08
335,54,"(32, 17)",1,-0.08
335,55,"(33, 17)",1,-0.08
335,56,"(34, 17)",1,-0.08
335,57,"(35, 17)",1,-0.08
335,58,"(36, 17)",1,-0.08
335,59,"(37, 17)",1,-0.08
335,60,"(38, 17)",1,-0.08
335,61,"(39, 17)",0,-0.08
335,62,"(39, 16)",0,-0.08
335,63,"(39, 15)",1,-0.08
335,64,"(40, 15)",1,-0.08
335,65,"(41, 15)",0,-0.08
335,66,"(41, 14)",0,-0.08
335,67,"(41, 13)",0,-0.08
335,68,"(41, 12)",0,-0.08
335,69,"(41, 11)",1,-0.08
335,70,"(42, 11)",1,-0.08
335,71,"(43, 11)",1,-0.08
335,72,"(44, 11)",1,-0.08
335,73,"(45, 11)",0,-0.08
335,74,"(45, 10)",1,-0.08
335,75,"(46, 10)",0,-0.08
335,76,"(46, 9)",0,-0.08
335,77,"(46, 8)",0,-0.08
335,78,"(46, 7)",1,-0.08
335,79,"(47, 7)",0,-0.08
335,80,"(47, 6)",1,-0.08
335,81,"(48, 6)",1,-0.08
335,82,"(49, 6)",0,-0.08
335,83,"(49, 5)",1,-0.08
335,84,"(50, 5)",1,-0.08
335,85,"(51, 5)",0,-0.08
335,86,"(51, 4)",0,-0.08
335,87,"(51, 3)",0,-0.08
335,88,"(51, 2)",1,-0.08
335,89,"(52, 2)",0,-0.08
335,90,"(52, 1)",1,-0.08
335,91,"(53, 1)",1,-0.08
335,92,"(54, 1)",1,-0.08
335,93,"(55, 1)",1,-0.08
335,94,"(56, 1)",1,-0.08
335,95,"(57, 1)",1,-0.08
335,96,"(58, 1)",1,-0.08
335,97,"(59, 1)",1,-0.08
335,98,"(60, 1)",1,-0.08
335,99,"(61, 1)",1,-0.08
335,100,"(62, 1)",1,-0.08
335,101,"(63, 1)",1,-0.08
335,102,"(64, 1)",1,-0.08
335,103,"(65, 1)",1,-0.08
335,104,"(66, 1)",1,-0.08
335,105,"(67, 1)",1,-0.08
335,106,"(68, 1)",1,-0.08
335,107,"(69, 1)",1,-0.08
335,108,"(70, 1)",1,-0.08
335,109,"(71, 1)",2,-0.08
335,110,"(71, 2)",2,-0.08
335,111,"(71, 3)",1,-0.08
335,112,"(72, 3)",1,-0.08
335,113,"(73, 3)",1,-0.08
335,114,"(74, 3)",1,-0.08
335,115,"(75, 3)",1,-0.08
335,116,"(76, 3)",1,-0.08
335,117,"(77, 3)",0,-0.08
335,118,"(77, 2)",0,-0.08
335,119,"(77, 1)",0,-0.08
335,120,"(77, 0)",1,-0.08
335,121,"(78, 0)",1,8.33
336,0,"(0, 39)",1,-0.08
336,1,"(1, 39)",1,-0.08
336,2,"(2, 39)",1,-0.08
336,3,"(3, 39)",1,-0.08
336,4,"(4, 39)",1,-0.08
336,5,"(5, 39)",1,-0.08
336,6,"(6, 39)",1,-0.08
336,7,"(7, 39)",1,-0.08
336,8,"(8, 39)",1,-0.08
336,9,"(9, 39)",1,-0.08
336,10,"(10, 39)",1,-0.08
336,11,"(11, 39)",0,-0.08
336,12,"(11, 38)",0,-0.08
336,13,"(11, 37)",1,-0.08
336,14,"(12, 37)",1,-0.08
336,15,"(13, 37)",1,-0.08
336,16,"(14, 37)",1,-0.08
336,17,"(15, 37)",1,-0.08
336,18,"(16, 37)",1,-0.08
336,19,"(17, 37)",1,-0.08
336,20,"(18, 37)",1,-0.08
336,21,"(19, 37)",0,-0.08
336,22,"(19, 36)",0,-0.08
336,23,"(19, 35)",0,-0.08
336,24,"(19, 34)",0,-0.08
336,25,"(19, 33)",0,-0.08
336,26,"(19, 32)",0,-0.08
336,27,"(19, 31)",0,-0.08
336,28,"(19, 30)",0,-0.08
336,29,"(19, 29)",1,-0.08
336,30,"(20, 29)",0,-0.08
336,31,"(20, 28)",0,-0.08
336,32,"(20, 27)",1,-0.08
336,33,"(21, 27)",0,-0.08
336,34,"(21, 26)",1,-0.08
336,35,"(22, 26)",0,-0.08
336,36,"(22, 25)",0,-0.08
336,37,"(22, 24)",0,-0.08
336,38,"(22, 23)",1,-0.08
336,39,"(23, 23)",1,-0.08
336,40,"(24, 23)",1,-0.08
336,41,"(25, 23)",0,-0.08
336,42,"(25, 22)",0,-0.08
336,43,"(25, 21)",1,-0.08
336,44,"(26, 21)",1,-0.08
336,45,"(27, 21)",0,-0.08
336,46,"(27, 20)",0,-0.08
336,47,"(27, 19)",1,-0.08
336,48,"(28, 19)",1,-0.08
336,49,"(29, 19)",1,-0.08
336,50,"(30, 19)",1,-0.08
336,51,"(31, 19)",0,-0.08
336,52,"(31, 18)",0,-0.08
336,53,"(31, 17)",1,-0.08
336,54,"(32, 17)",1,-0.08
336,55,"(33, 17)",1,-0.08
336,56,"(34, 17)",1,-0.08
336,57,"(35, 17)",0,-0.08
336,58,"(35, 16)",0,-0.08
336,59,"(35, 15)",0,-0.08
336,60,"(35, 14)",0,-0.08
336,61,"(35, 13)",1,-0.08
336,62,"(36, 13)",1,-0.08
336,63,"(37, 13)",1,-0.08
336,64,"(38, 13)",1,-0.08
336,65,"(39, 13)",0,-0.08
336,66,"(39, 12)",0,-0.08
336,67,"(39, 11)",1,-0.08
336,68,"(40, 11)",1,-0.08
336,69,"(41, 11)",1,-0.08
336,70,"(42, 11)",1,-0.08
336,71,"(43, 11)",1,-0.08
336,72,"(44, 11)",1,-0.08
336,73,"(45, 11)",0,-0.08
336,74,"(45, 10)",1,-0.08
336,75,"(46, 10)",0,-0.08
336,76,"(46, 9)",0,-0.08
336,77,"(46, 8)",0,-0.08
336,78,"(46, 7)",1,-0.08
336,79,"(47, 7)",0,-0.08
336,80,"(47, 6)",1,-0.08
336,81,"(48, 6)",1,-0.08
336,82,"(49, 6)",0,-0.08
336,83,"(49, 5)",1,-0.08
336,84,"(50, 5)",1,-0.08
336,85,"(51, 5)",1,-0.08
336,86,"(52, 5)",1,-0.08
336,87,"(53, 5)",0,-0.08
336,88,"(53, 4)",0,-0.08
336,89,"(53, 3)",1,-0.08
336,90,"(54, 3)",1,-0.08
336,91,"(55, 3)",1,-0.08
336,92,"(56, 3)",1,-0.08
336,93,"(57, 3)",0,-0.08
336,94,"(57, 2)",1,-0.08
336,95,"(58, 2)",1,-0.08
336,96,"(59, 2)",0,-0.08
336,97,"(59, 1)",1,-0.08
336,98,"(60, 1)",1,-0.08
336,99,"(61, 1)",1,-0.08
336,100,"(62, 1)",1,-0.08
336,101,"(63, 1)",1,-0.08
336,102,"(64, 1)",1,-0.08
336,103,"(65, 1)",1,-0.08
336,104,"(66, 1)",1,-0.08
336,105,"(67, 1)",1,-0.08
336,106,"(68, 1)",1,-0.08
336,107,"(69, 1)",1,-0.08
336,108,"(70, 1)",1,-0.08
336,109,"(71, 1)",2,-0.08
336,110,"(71, 2)",2,-0.08
336,111,"(71, 3)",1,-0.08
336,112,"(72, 3)",1,-0.08
336,113,"(73, 3)",1,-0.08
336,114,"(74, 3)",1,-0.08
336,115,"(75, 3)",1,-0.08
336,116,"(76, 3)",1,-0.08
336,117,"(77, 3)",0,-0.08
336,118,"(77, 2)",0,-0.08
336,119,"(77, 1)",1,-0.08
336,120,"(78, 1)",0,-0.08
336,121,"(78, 0)",1,8.33
337,0,"(0, 39)",1,-0.08
337,1,"(1, 39)",1,-0.08
337,2,"(2, 39)",1,-0.08
337,3,"(3, 39)",1,-0.08
337,4,"(4, 39)",1,-0.08
337,5,"(5, 39)",1,-0.08
337,6,"(6, 39)",1,-0.08
337,7,"(7, 39)",1,-0.08
337,8,"(8, 39)",1,-0.08
337,9,"(9, 39)",1,-0.08
337,10,"(10, 39)",1,-0.08
337,11,"(11, 39)",1,-0.08
337,12,"(12, 39)",1,-0.08
337,13,"(13, 39)",1,-0.08
337,14,"(14, 39)",0,-0.08
337,15,"(14, 38)",0,-0.08
337,16,"(14, 37)",1,-0.08
337,17,"(15, 37)",0,-0.08
337,18,"(15, 36)",1,-0.08
337,19,"(16, 36)",1,-0.08
337,20,"(17, 36)",0,-0.08
337,21,"(17, 35)",0,-0.08
337,22,"(17, 34)",0,-0.08
337,23,"(17, 33)",1,-0.08
337,24,"(18, 33)",1,-0.08
337,25,"(19, 33)",0,-0.08
337,26,"(19, 32)",0,-0.08
337,27,"(19, 31)",0,-0.08
337,28,"(19, 30)",0,-0.08
337,29,"(19, 29)",1,-0.08
337,30,"(20, 29)",0,-0.08
337,31,"(20, 28)",0,-0.08
337,32,"(20, 27)",1,-0.08
337,33,"(21, 27)",0,-0.08
337,34,"(21, 26)",1,-0.08
337,35,"(22, 26)",0,-0.08
337,36,"(22, 25)",1,-0.08
337,37,"(23, 25)",1,-0.08
337,38,"(24, 25)",1,-0.08
337,39,"(25, 25)",1,-0.08
337,40,"(26, 25)",1,-0.08
337,41,"(27, 25)",1,-0.08
337,42,"(28, 25)",1,-0.08
337,43,"(29, 25)",1,-0.08
337,44,"(30, 25)",1,-0.08
337,45,"(31, 25)",0,-0.08
337,46,"(31, 24)",0,-0.08
337,47,"(31, 23)",1,-0.08
337,48,"(32, 23)",1,-0.08
337,49,"(33, 23)",0,-0.08
337,50,"(33, 22)",0,-0.08
337,51,"(33, 21)",1,-0.08
337,52,"(34, 21)",1,-0.08
337,53,"(35, 21)",1,-0.08
337,54,"(36, 21)",1,-0.08
337,55,"(37, 21)",1,-0.08
337,56,"(38, 21)",1,-0.08
337,57,"(39, 21)",0,-0.08
337,58,"(39, 20)",0,-0.08
337,59,"(39, 19)",0,-0.08
337,60,"(39, 18)",0,-0.08
337,61,"(39, 17)",0,-0.08
337,62,"(39, 16)",0,-0.08
337,63,"(39, 15)",1,-0.08
337,64,"(40, 15)",0,-0.08
337,65,"(40, 14)",0,-0.08
337,66,"(40, 13)",1,-0.08
337,67,"(41, 13)",0,-0.08
337,68,"(41, 12)",0,-0.08
337,69,"(41, 11)",1,-0.08
337,70,"(42, 11)",1,-0.08
337,71,"(43, 11)",1,-0.08
337,72,"(44, 11)",1,-0.08
337,73,"(45, 11)",0,-0.08
337,74,"(45, 10)",0,-0.08
337,75,"(45, 9)",1,-0.08
337,76,"(46, 9)",0,-0.08
337,77,"(46, 8)",0,-0.08
337,78,"(46, 7)",0,-0.08
337,79,"(46, 6)",1,-0.08
337,80,"(47, 6)",1,-0.08
337,81,"(48, 6)",1,-0.08
337,82,"(49, 6)",0,-0.08
337,83,"(49, 5)",1,-0.08
337,84,"(50, 5)",1,-0.08
337,85,"(51, 5)",1,-0.08
337,86,"(52, 5)",1,-0.08
337,87,"(53, 5)",0,-0.08
337,88,"(53, 4)",0,-0.08
337,89,"(53, 3)",1,-0.08
337,90,"(54, 3)",1,-0.08
337,91,"(55, 3)",1,-0.08
337,92,"(56, 3)",1,-0.08
337,93,"(57, 3)",0,-0.08
337,94,"(57, 2)",1,-0.08
337,95,"(58, 2)",1,-0.08
337,96,"(59, 2)",0,-0.08
337,97,"(59, 1)",1,-0.08
337,98,"(60, 1)",1,-0.08
337,99,"(61, 1)",1,-0.08
337,100,"(62, 1)",1,-0.08
337,101,"(63, 1)",1,-0.08
337,102,"(64, 1)",1,-0.08
337,103,"(65, 1)",1,-0.08
337,104,"(66, 1)",1,-0.08
337,105,"(67, 1)",1,-0.08
337,106,"(68, 1)",1,-0.08
337,107,"(69, 1)",1,-0.08
337,108,"(70, 1)",1,-0.08
337,109,"(71, 1)",2,-0.08
337,110,"(71, 2)",2,-0.08
337,111,"(71, 3)",1,-0.08
337,112,"(72, 3)",1,-0.08
337,113,"(73, 3)",0,-0.08
337,114,"(73, 2)",0,-0.08
337,115,"(73, 1)",1,-0.08
337,116,"(74, 1)",0,-0.08
337,117,"(74, 0)",1,-0.08
337,118,"(75, 0)",1,-0.08
337,119,"(76, 0)",1,-0.08
337,120,"(77, 0)",1,-0.08
337,121,"(78, 0)",1,8.33
338,0,"(0, 39)",1,-0.08
338,1,"(1, 39)",1,-0.08
338,2,"(2, 39)",1,-0.08
338,3,"(3, 39)",1,-0.08
338,4,"(4, 39)",1,-0.08
338,5,"(5, 39)",1,-0.08
338,6,"(6, 39)",1,-0.08
338,7,"(7, 39)",1,-0.08
338,8,"(8, 39)",1,-0.08
338,9,"(9, 39)",1,-0.08
338,10,"(10, 39)",0,-0.08
338,11,"(10, 38)",0,-0.08
338,12,"(10, 37)",1,-0.08
338,13,"(11, 37)",1,-0.08
338,14,"(12, 37)",1,-0.08
338,15,"(13, 37)",1,-0.08
338,16,"(14, 37)",1,-0.08
338,17,"(15, 37)",0,-0.08
338,18,"(15, 36)",1,-0.08
338,19,"(16, 36)",1,-0.08
338,20,"(17, 36)",0,-0.08
338,21,"(17, 35)",1,-0.08
338,22,"(18, 35)",0,-0.08
338,23,"(18, 34)",0,-0.08
338,24,"(18, 33)",1,-0.08
338,25,"(19, 33)",0,-0.08
338,26,"(19, 32)",0,-0.08
338,27,"(19, 31)",0,-0.08
338,28,"(19, 30)",0,-0.08
338,29,"(19, 29)",1,-0.08
338,30,"(20, 29)",0,-0.08
338,31,"(20, 28)",0,-0.08
338,32,"(20, 27)",1,-0.08
338,33,"(21, 27)",0,-0.08
338,34,"(21, 26)",1,-0.08
338,35,"(22, 26)",1,-0.08
338,36,"(23, 26)",1,-0.08
338,37,"(24, 26)",1,-0.08
338,38,"(25, 26)",0,-0.08
338,39,"(25, 25)",0,-0.08
338,40,"(25, 24)",0,-0.08
338,41,"(25, 23)",0,-0.08
338,42,"(25, 22)",0,-0.08
338,43,"(25, 21)",1,-0.08
338,44,"(26, 21)",1,-0.08
338,45,"(27, 21)",0,-0.08
338,46,"(27, 20)",1,-0.08
338,47,"(28, 20)",0,-0.08
338,48,"(28, 19)",1,-0.08
338,49,"(29, 19)",1,-0.08
338,50,"(30, 19)",1,-0.08
338,51,"(31, 19)",1,-0.08
338,52,"(32, 19)",1,-0.08
338,53,"(33, 19)",1,-0.08
338,54,"(34, 19)",1,-0.08
338,55,"(35, 19)",0,-0.08
338,56,"(35, 18)",0,-0.08
338,57,"(35, 17)",1,-0.08
338,58,"(36, 17)",1,-0.08
338,59,"(37, 17)",1,-0.08
338,60,"(38, 17)",1,-0.08
338,61,"(39, 17)",0,-0.08
338,62,"(39, 16)",0,-0.08
338,63,"(39, 15)",1,-0.08
338,64,"(40, 15)",1,-0.08
338,65,"(41, 15)",0,-0.08
338,66,"(41, 14)",0,-0.08
338,67,"(41, 13)",0,-0.08
338,68,"(41, 12)",0,-0.08
338,69,"(41, 11)",1,-0.08
338,70,"(42, 11)",1,-0.08
338,71,"(43, 11)",1,-0.08
338,72,"(44, 11)",1,-0.08
338,73,"(45, 11)",0,-0.08
338,74,"(45, 10)",1,-0.08
338,75,"(46, 10)",0,-0.08
338,76,"(46, 9)",0,-0.08
338,77,"(46, 8)",0,-0.08
338,78,"(46, 7)",1,-0.08
338,79,"(47, 7)",0,-0.08
338,80,"(47, 6)",1,-0.08
338,81,"(48, 6)",1,-0.08
338,82,"(49, 6)",0,-0.08
338,83,"(49, 5)",1,-0.08
338,84,"(50, 5)",1,-0.08
338,85,"(51, 5)",1,-0.08
338,86,"(52, 5)",1,-0.08
338,87,"(53, 5)",0,-0.08
338,88,"(53, 4)",0,-0.08
338,89,"(53, 3)",0,-0.08
338,90,"(53, 2)",0,-0.08
338,91,"(53, 1)",1,-0.08
338,92,"(54, 1)",1,-0.08
338,93,"(55, 1)",1,-0.08
338,94,"(56, 1)",1,-0.08
338,95,"(57, 1)",1,-0.08
338,96,"(58, 1)",1,-0.08
338,97,"(59, 1)",1,-0.08
338,98,"(60, 1)",1,-0.08
338,99,"(61, 1)",1,-0.08
338,100,"(62, 1)",1,-0.08
338,101,"(63, 1)",1,-0.08
338,102,"(64, 1)",1,-0.08
338,103,"(65, 1)",1,-0.08
338,104,"(66, 1)",1,-0.08
338,105,"(67, 1)",1,-0.08
338,106,"(68, 1)",1,-0.08
338,107,"(69, 1)",1,-0.08
338,108,"(70, 1)",1,-0.08
338,109,"(71, 1)",2,-0.08
338,110,"(71, 2)",2,-0.08
338,111,"(71, 3)",1,-0.08
338,112,"(72, 3)",1,-0.08
338,113,"(73, 3)",1,-0.08
338,114,"(74, 3)",1,-0.08
338,115,"(75, 3)",1,-0.08
338,116,"(76, 3)",1,-0.08
338,117,"(77, 3)",0,-0.08
338,118,"(77, 2)",0,-0.08
338,119,"(77, 1)",0,-0.08
338,120,"(77, 0)",1,-0.08
338,121,"(78, 0)",1,8.33
339,0,"(0, 39)",1,-0.08
339,1,"(1, 39)",1,-0.08
339,2,"(2, 39)",1,-0.08
339,3,"(3, 39)",1,-0.08
339,4,"(4, 39)",1,-0.08
339,5,"(5, 39)",1,-0.08
339,6,"(6, 39)",1,-0.08
339,7,"(7, 39)",1,-0.08
339,8,"(8, 39)",1,-0.08
339,9,"(9, 39)",1,-0.08
339,10,"(10, 39)",1,-0.08
339,11,"(11, 39)",1,-0.08
339,12,"(12, 39)",1,-0.08
339,13,"(13, 39)",1,-0.08
339,14,"(14, 39)",0,-0.08
339,15,"(14, 38)",0,-0.08
339,16,"(14, 37)",1,-0.08
339,17,"(15, 37)",1,-0.08
339,18,"(16, 37)",1,-0.08
339,19,"(17, 37)",1,-0.08
339,20,"(18, 37)",1,-0.08
339,21,"(19, 37)",0,-0.08
339,22,"(19, 36)",0,-0.08
339,23,"(19, 35)",0,-0.08
339,24,"(19, 34)",0,-0.08
339,25,"(19, 33)",0,-0.08
339,26,"(19, 32)",0,-0.08
339,27,"(19, 31)",0,-0.08
339,28,"(19, 30)",0,-0.08
339,29,"(19, 29)",1,-0.08
339,30,"(20, 29)",0,-0.08
339,31,"(20, 28)",0,-0.08
339,32,"(20, 27)",1,-0.08
339,33,"(21, 27)",0,-0.08
339,34,"(21, 26)",1,-0.08
339,35,"(22, 26)",0,-0.08
339,36,"(22, 25)",1,-0.08
339,37,"(23, 25)",1,-0.08
339,38,"(24, 25)",1,-0.08
339,39,"(25, 25)",0,-0.08
339,40,"(25, 24)",0,-0.08
339,41,"(25, 23)",0,-0.08
339,42,"(25, 22)",0,-0.08
339,43,"(25, 21)",1,-0.08
339,44,"(26, 21)",1,-0.08
339,45,"(27, 21)",0,-0.08
339,46,"(27, 20)",1,-0.08
339,47,"(28, 20)",0,-0.08
339,48,"(28, 19)",1,-0.08
339,49,"(29, 19)",1,-0.08
339,50,"(30, 19)",1,-0.08
339,51,"(31, 19)",1,-0.08
339,52,"(32, 19)",0,-0.08
339,53,"(32, 18)",0,-0.08
339,54,"(32, 17)",0,-0.08
339,55,"(32, 16)",0,-0.08
339,56,"(32, 15)",0,-0.08
339,57,"(32, 14)",0,-0.08
339,58,"(32, 13)",1,-0.08
339,59,"(33, 13)",1,-0.08
339,60,"(34, 13)",1,-0.08
339,61,"(35, 13)",1,-0.08
339,62,"(36, 13)",1,-0.08
339,63,"(37, 13)",1,-0.08
339,64,"(38, 13)",1,-0.08
339,65,"(39, 13)",0,-0.08
339,66,"(39, 12)",0,-0.08
339,67,"(39, 11)",1,-0.08
339,68,"(40, 11)",1,-0.08
339,69,"(41, 11)",1,-0.08
339,70,"(42, 11)",1,-0.08
339,71,"(43, 11)",1,-0.08
339,72,"(44, 11)",1,-0.08
339,73,"(45, 11)",0,-0.08
339,74,"(45, 10)",1,-0.08
339,75,"(46, 10)",0,-0.08
339,76,"(46, 9)",0,-0.08
339,77,"(46, 8)",0,-0.08
339,78,"(46, 7)",1,-0.08
339,79,"(47, 7)",0,-0.08
339,80,"(47, 6)",1,-0.08
339,81,"(48, 6)",1,-0.08
339,82,"(49, 6)",0,-0.08
339,83,"(49, 5)",1,-0.08
339,84,"(50, 5)",1,-0.08
339,85,"(51, 5)",1,-0.08
339,86,"(52, 5)",1,-0.08
339,87,"(53, 5)",0,-0.08
339,88,"(53, 4)",0,-0.08
339,89,"(53, 3)",0,-0.08
339,90,"(53, 2)",0,-0.08
339,91,"(53, 1)",1,-0.08
339,92,"(54, 1)",1,-0.08
339,93,"(55, 1)",1,-0.08
339,94,"(56, 1)",1,-0.08
339,95,"(57, 1)",1,-0.08
339,96,"(58, 1)",1,-0.08
339,97,"(59, 1)",1,-0.08
339,98,"(60, 1)",1,-0.08
339,99,"(61, 1)",1,-0.08
339,100,"(62, 1)",1,-0.08
339,101,"(63, 1)",1,-0.08
339,102,"(64, 1)",1,-0.08
339,103,"(65, 1)",1,-0.08
339,104,"(66, 1)",1,-0.08
339,105,"(67, 1)",1,-0.08
339,106,"(68, 1)",1,-0.08
339,107,"(69, 1)",1,-0.08
339,108,"(70, 1)",1,-0.08
339,109,"(71, 1)",2,-0.08
339,110,"(71, 2)",2,-0.08
339,111,"(71, 3)",1,-0.08
339,112,"(72, 3)",1,-0.08
339,113,"(73, 3)",0,-0.08
339,114,"(73, 2)",0,-0.08
339,115,"(73, 1)",1,-0.08
339,116,"(74, 1)",1,-0.08
339,117,"(75, 1)",0,-0.08
339,118,"(75, 0)",1,-0.08
339,119,"(76, 0)",1,-0.08
339,120,"(77, 0)",1,-0.08
339,121,"(78, 0)",1,8.33
340,0,"(0, 39)",1,-0.08
340,1,"(1, 39)",1,-0.08
340,2,"(2, 39)",1,-0.08
340,3,"(3, 39)",1,-0.08
340,4,"(4, 39)",1,-0.08
340,5,"(5, 39)",1,-0.08
340,6,"(6, 39)",1,-0.08
340,7,"(7, 39)",1,-0.08
340,8,"(8, 39)",1,-0.08
340,9,"(9, 39)",1,-0.08
340,10,"(10, 39)",1,-0.08
340,11,"(11, 39)",1,-0.08
340,12,"(12, 39)",1,-0.08
340,13,"(13, 39)",1,-0.08
340,14,"(14, 39)",0,-0.08
340,15,"(14, 38)",0,-0.08
340,16,"(14, 37)",1,-0.08
340,17,"(15, 37)",1,-0.08
340,18,"(16, 37)",0,-0.08
340,19,"(16, 36)",1,-0.08
340,20,"(17, 36)",0,-0.08
340,21,"(17, 35)",1,-0.08
340,22,"(18, 35)",1,-0.08
340,23,"(19, 35)",0,-0.08
340,24,"(19, 34)",0,-0.08
340,25,"(19, 33)",0,-0.08
340,26,"(19, 32)",0,-0.08
340,27,"(19, 31)",0,-0.08
340,28,"(19, 30)",0,-0.08
340,29,"(19, 29)",1,-0.08
340,30,"(20, 29)",0,-0.08
340,31,"(20, 28)",0,-0.08
340,32,"(20, 27)",1,-0.08
340,33,"(21, 27)",0,-0.08
340,34,"(21, 26)",1,-0.08
340,35,"(22, 26)",0,-0.08
340,36,"(22, 25)",0,-0.08
340,37,"(22, 24)",0,-0.08
340,38,"(22, 23)",1,-0.08
340,39,"(23, 23)",1,-0.08
340,40,"(24, 23)",1,-0.08
340,41,"(25, 23)",0,-0.08
340,42,"(25, 22)",0,-0.08
340,43,"(25, 21)",1,-0.08
340,44,"(26, 21)",1,-0.08
340,45,"(27, 21)",0,-0.08
340,46,"(27, 20)",0,-0.08
340,47,"(27, 19)",0,-0.08
340,48,"(27, 18)",0,-0.08
340,49,"(27, 17)",0,-0.08
340,50,"(27, 16)",1,-0.08
340,51,"(28, 16)",1,-0.08
340,52,"(29, 16)",0,-0.08
340,53,"(29, 15)",1,-0.08
340,54,"(30, 15)",1,-0.08
340,55,"(31, 15)",0,-0.08
340,56,"(31, 14)",0,-0.08
340,57,"(31, 13)",1,-0.08
340,58,"(32, 13)",1,-0.08
340,59,"(33, 13)",1,-0.08
340,60,"(34, 13)",1,-0.08
340,61,"(35, 13)",1,-0.08
340,62,"(36, 13)",1,-0.08
340,63,"(37, 13)",1,-0.08
340,64,"(38, 13)",1,-0.08
340,65,"(39, 13)",1,-0.08
340,66,"(40, 13)",1,-0.08
340,67,"(41, 13)",1,-0.08
340,68,"(42, 13)",1,-0.08
340,69,"(43, 13)",0,-0.08
340,70,"(43, 12)",0,-0.08
340,71,"(43, 11)",1,-0.08
340,72,"(44, 11)",1,-0.08
340,73,"(45, 11)",0,-0.08
340,74,"(45, 10)",1,-0.08
340,75,"(46, 10)",0,-0.08
340,76,"(46, 9)",0,-0.08
340,77,"(46, 8)",0,-0.08
340,78,"(46, 7)",1,-0.08
340,79,"(47, 7)",0,-0.08
340,80,"(47, 6)",1,-0.08
340,81,"(48, 6)",1,-0.08
340,82,"(49, 6)",0,-0.08
340,83,"(49, 5)",1,-0.08
340,84,"(50, 5)",1,-0.08
340,85,"(51, 5)",1,-0.08
340,86,"(52, 5)",1,-0.08
340,87,"(53, 5)",0,-0.08
340,88,"(53, 4)",0,-0.08
340,89,"(53, 3)",1,-0.08
340,90,"(54, 3)",1,-0.08
340,91,"(55, 3)",1,-0.08
340,92,"(56, 3)",0,-0.08
340,93,"(56, 2)",0,-0.08
340,94,"(56, 1)",1,-0.08
340,95,"(57, 1)",1,-0.08
340,96,"(58, 1)",1,-0.08
340,97,"(59, 1)",1,-0.08
340,98,"(60, 1)",1,-0.08
340,99,"(61, 1)",1,-0.08
340,100,"(62, 1)",1,-0.08
340,101,"(63, 1)",1,-0.08
340,102,"(64, 1)",1,-0.08
340,103,"(65, 1)",1,-0.08
340,104,"(66, 1)",1,-0.08
340,105,"(67, 1)",1,-0.08
340,106,"(68, 1)",1,-0.08
340,107,"(69, 1)",1,-0.08
340,108,"(70, 1)",1,-0.08
340,109,"(71, 1)",2,-0.08
340,110,"(71, 2)",2,-0.08
340,111,"(71, 3)",1,-0.08
340,112,"(72, 3)",1,-0.08
340,113,"(73, 3)",1,-0.08
340,114,"(74, 3)",1,-0.08
340,115,"(75, 3)",1,-0.08
340,116,"(76, 3)",1,-0.08
340,117,"(77, 3)",0,-0.08
340,118,"(77, 2)",0,-0.08
340,119,"(77, 1)",0,-0.08
340,120,"(77, 0)",1,-0.08
340,121,"(78, 0)",1,8.33
341,0,"(0, 39)",1,-0.08
341,1,"(1, 39)",1,-0.08
341,2,"(2, 39)",1,-0.08
341,3,"(3, 39)",1,-0.08
341,4,"(4, 39)",1,-0.08
341,5,"(5, 39)",1,-0.08
341,6,"(6, 39)",1,-0.08
341,7,"(7, 39)",1,-0.08
341,8,"(8, 39)",1,-0.08
341,9,"(9, 39)",1,-0.08
341,10,"(10, 39)",0,-0.08
341,11,"(10, 38)",1,-0.08
341,12,"(11, 38)",0,-0.08
341,13,"(11, 37)",1,-0.08
341,14,"(12, 37)",1,-0.08
341,15,"(13, 37)",1,-0.08
341,16,"(14, 37)",1,-0.08
341,17,"(15, 37)",0,-0.08
341,18,"(15, 36)",1,-0.08
341,19,"(16, 36)",1,-0.08
341,20,"(17, 36)",0,-0.08
341,21,"(17, 35)",1,-0.08
341,22,"(18, 35)",1,-0.08
341,23,"(19, 35)",0,-0.08
341,24,"(19, 34)",0,-0.08
341,25,"(19, 33)",0,-0.08
341,26,"(19, 32)",0,-0.08
341,27,"(19, 31)",0,-0.08
341,28,"(19, 30)",0,-0.08
341,29,"(19, 29)",1,-0.08
341,30,"(20, 29)",0,-0.08
341,31,"(20, 28)",0,-0.08
341,32,"(20, 27)",1,-0.08
341,33,"(21, 27)",0,-0.08
341,34,"(21, 26)",1,-0.08
341,35,"(22, 26)",1,-0.08
341,36,"(23, 26)",1,-0.08
341,37,"(24, 26)",0,-0.08
341,38,"(24, 25)",1,-0.08
341,39,"(25, 25)",1,-0.08
341,40,"(26, 25)",1,-0.08
341,41,"(27, 25)",1,-0.08
341,42,"(28, 25)",1,-0.08
341,43,"(29, 25)",1,-0.08
341,44,"(30, 25)",1,-0.08
341,45,"(31, 25)",0,-0.08
341,46,"(31, 24)",0,-0.08
341,47,"(31, 23)",1,-0.08
341,48,"(32, 23)",1,-0.08
341,49,"(33, 23)",0,-0.08
341,50,"(33, 22)",0,-0.08
341,51,"(33, 21)",1,-0.08
341,52,"(34, 21)",1,-0.08
341,53,"(35, 21)",1,-0.08
341,54,"(36, 21)",1,-0.08
341,55,"(37, 21)",1,-0.08
341,56,"(38, 21)",1,-0.08
341,57,"(39, 21)",1,-0.08
341,58,"(40, 21)",1,-0.08
341,59,"(41, 21)",1,-0.08
341,60,"(42, 21)",1,-0.08
341,61,"(43, 21)",0,-0.08
341,62,"(43, 20)",0,-0.08
341,63,"(43, 19)",1,-0.08
341,64,"(44, 19)",0,-0.08
341,65,"(44, 18)",0,-0.08
341,66,"(44, 17)",0,-0.08
341,67,"(44, 16)",0,-0.08
341,68,"(44, 15)",1,-0.08
341,69,"(45, 15)",0,-0.08
341,70,"(45, 14)",0,-0.08
341,71,"(45, 13)",0,-0.08
341,72,"(45, 12)",0,-0.08
341,73,"(45, 11)",0,-0.08
341,74,"(45, 10)",1,-0.08
341,75,"(46, 10)",0,-0.08
341,76,"(46, 9)",0,-0.08
341,77,"(46, 8)",0,-0.08
341,78,"(46, 7)",0,-0.08
341,79,"(46, 6)",1,-0.08
341,80,"(47, 6)",1,-0.08
341,81,"(48, 6)",1,-0.08
341,82,"(49, 6)",0,-0.08
341,83,"(49, 5)",1,-0.08
341,84,"(50, 5)",1,-0.08
341,85,"(51, 5)",1,-0.08
341,86,"(52, 5)",1,-0.08
341,87,"(53, 5)",0,-0.08
341,88,"(53, 4)",0,-0.08
341,89,"(53, 3)",1,-0.08
341,90,"(54, 3)",1,-0.08
341,91,"(55, 3)",1,-0.08
341,92,"(56, 3)",0,-0.08
341,93,"(56, 2)",0,-0.08
341,94,"(56, 1)",1,-0.08
341,95,"(57, 1)",1,-0.08
341,96,"(58, 1)",1,-0.08
341,97,"(59, 1)",1,-0.08
341,98,"(60, 1)",1,-0.08
341,99,"(61, 1)",1,-0.08
341,100,"(62, 1)",1,-0.08
341,101,"(63, 1)",1,-0.08
341,102,"(64, 1)",1,-0.08
341,103,"(65, 1)",1,-0.08
341,104,"(66, 1)",1,-0.08
341,105,"(67, 1)",1,-0.08
341,106,"(68, 1)",1,-0.08
341,107,"(69, 1)",1,-0.08
341,108,"(70, 1)",1,-0.08
341,109,"(71, 1)",2,-0.08
341,110,"(71, 2)",2,-0.08
341,111,"(71, 3)",1,-0.08
341,112,"(72, 3)",1,-0.08
341,113,"(73, 3)",0,-0.08
341,114,"(73, 2)",0,-0.08
341,115,"(73, 1)",1,-0.08
341,116,"(74, 1)",0,-0.08
341,117,"(74, 0)",1,-0.08
341,118,"(75, 0)",1,-0.08
341,119,"(76, 0)",1,-0.08
341,120,"(77, 0)",1,-0.08
341,121,"(78, 0)",1,8.33
342,0,"(0, 39)",1,-0.08
342,1,"(1, 39)",1,-0.08
342,2,"(2, 39)",1,-0.08
342,3,"(3, 39)",1,-0.08
342,4,"(4, 39)",1,-0.08
342,5,"(5, 39)",1,-0.08
342,6,"(6, 39)",1,-0.08
342,7,"(7, 39)",1,-0.08
342,8,"(8, 39)",1,-0.08
342,9,"(9, 39)",1,-0.08
342,10,"(10, 39)",0,-0.08
342,11,"(10, 38)",0,-0.08
342,12,"(10, 37)",1,-0.08
342,13,"(11, 37)",1,-0.08
342,14,"(12, 37)",1,-0.08
342,15,"(13, 37)",1,-0.08
342,16,"(14, 37)",1,-0.08
342,17,"(15, 37)",1,-0.08
342,18,"(16, 37)",1,-0.08
342,19,"(17, 37)",1,-0.08
342,20,"(18, 37)",1,-0.08
342,21,"(19, 37)",0,-0.08
342,22,"(19, 36)",0,-0.08
342,23,"(19, 35)",0,-0.08
342,24,"(19, 34)",0,-0.08
342,25,"(19, 33)",0,-0.08
342,26,"(19, 32)",0,-0.08
342,27,"(19, 31)",0,-0.08
342,28,"(19, 30)",0,-0.08
342,29,"(19, 29)",1,-0.08
342,30,"(20, 29)",0,-0.08
342,31,"(20, 28)",0,-0.08
342,32,"(20, 27)",1,-0.08
342,33,"(21, 27)",0,-0.08
342,34,"(21, 26)",1,-0.08
342,35,"(22, 26)",1,-0.08
342,36,"(23, 26)",0,-0.08
342,37,"(23, 25)",1,-0.08
342,38,"(24, 25)",1,-0.08
342,39,"(25, 25)",0,-0.08
342,40,"(25, 24)",0,-0.08
342,41,"(25, 23)",0,-0.08
342,42,"(25, 22)",0,-0.08
342,43,"(25, 21)",0,-0.08
342,44,"(25, 20)",0,-0.08
342,45,"(25, 19)",1,-0.08
342,46,"(26, 19)",1,-0.08
342,47,"(27, 19)",1,-0.08
342,48,"(28, 19)",1,-0.08
342,49,"(29, 19)",1,-0.08
342,50,"(30, 19)",1,-0.08
342,51,"(31, 19)",1,-0.08
342,52,"(32, 19)",1,-0.08
342,53,"(33, 19)",1,-0.08
342,54,"(34, 19)",1,-0.08
342,55,"(35, 19)",1,-0.08
342,56,"(36, 19)",1,-0.08
342,57,"(37, 19)",0,-0.08
342,58,"(37, 18)",0,-0.08
342,59,"(37, 17)",1,-0.08
342,60,"(38, 17)",1,-0.08
342,61,"(39, 17)",0,-0.08
342,62,"(39, 16)",0,-0.08
342,63,"(39, 15)",1,-0.08
342,64,"(40, 15)",0,-0.08
342,65,"(40, 14)",1,-0.08
342,66,"(41, 14)",0,-0.08
342,67,"(41, 13)",0,-0.08
342,68,"(41, 12)",0,-0.08
342,69,"(41, 11)",1,-0.08
342,70,"(42, 11)",1,-0.08
342,71,"(43, 11)",1,-0.08
342,72,"(44, 11)",1,-0.08
342,73,"(45, 11)",0,-0.08
342,74,"(45, 10)",0,-0.08
342,75,"(45, 9)",1,-0.08
342,76,"(46, 9)",0,-0.08
342,77,"(46, 8)",0,-0.08
342,78,"(46, 7)",1,-0.08
342,79,"(47, 7)",0,-0.08
342,80,"(47, 6)",1,-0.08
342,81,"(48, 6)",1,-0.08
342,82,"(49, 6)",0,-0.08
342,83,"(49, 5)",1,-0.08
342,84,"(50, 5)",1,-0.08
342,85,"(51, 5)",0,-0.08
342,86,"(51, 4)",0,-0.08
342,87,"(51, 3)",0,-0.08
342,88,"(51, 2)",0,-0.08
342,89,"(51, 1)",1,-0.08
342,90,"(52, 1)",1,-0.08
342,91,"(53, 1)",1,-0.08
342,92,"(54, 1)",1,-0.08
342,93,"(55, 1)",1,-0.08
342,94,"(56, 1)",1,-0.08
342,95,"(57, 1)",1,-0.08
342,96,"(58, 1)",1,-0.08
342,97,"(59, 1)",1,-0.08
342,98,"(60, 1)",1,-0.08
342,99,"(61, 1)",1,-0.08
342,100,"(62, 1)",1,-0.08
342,101,"(63, 1)",1,-0.08
342,102,"(64, 1)",1,-0.08
342,103,"(65, 1)",1,-0.08
342,104,"(66, 1)",1,-0.08
342,105,"(67, 1)",1,-0.08
342,106,"(68, 1)",1,-0.08
342,107,"(69, 1)",1,-0.08
342,108,"(70, 1)",1,-0.08
342,109,"(71, 1)",2,-0.08
342,110,"(71, 2)",2,-0.08
342,111,"(71, 3)",1,-0.08
342,112,"(72, 3)",1,-0.08
342,113,"(73, 3)",0,-0.08
342,114,"(73, 2)",0,-0.08
342,115,"(73, 1)",1,-0.08
342,116,"(74, 1)",1,-0.08
342,117,"(75, 1)",1,-0.08
342,118,"(76, 1)",1,-0.08
342,119,"(77, 1)",0,-0.08
342,120,"(77, 0)",1,-0.08
342,121,"(78, 0)",1,8.33
343,0,"(0, 39)",1,-0.08
343,1,"(1, 39)",1,-0.08
343,2,"(2, 39)",1,-0.08
343,3,"(3, 39)",1,-0.08
343,4,"(4, 39)",1,-0.08
343,5,"(5, 39)",1,-0.08
343,6,"(6, 39)",1,-0.08
343,7,"(7, 39)",1,-0.08
343,8,"(8, 39)",1,-0.08
343,9,"(9, 39)",1,-0.08
343,10,"(10, 39)",0,-0.08
343,11,"(10, 38)",1,-0.08
343,12,"(11, 38)",0,-0.08
343,13,"(11, 37)",1,-0.08
343,14,"(12, 37)",1,-0.08
343,15,"(13, 37)",1,-0.08
343,16,"(14, 37)",1,-0.08
343,17,"(15, 37)",0,-0.08
343,18,"(15, 36)",1,-0.08
343,19,"(16, 36)",1,-0.08
343,20,"(17, 36)",0,-0.08
343,21,"(17, 35)",0,-0.08
343,22,"(17, 34)",0,-0.08
343,23,"(17, 33)",1,-0.08
343,24,"(18, 33)",1,-0.08
343,25,"(19, 33)",0,-0.08
343,26,"(19, 32)",0,-0.08
343,27,"(19, 31)",0,-0.08
343,28,"(19, 30)",0,-0.08
343,29,"(19, 29)",1,-0.08
343,30,"(20, 29)",0,-0.08
343,31,"(20, 28)",0,-0.08
343,32,"(20, 27)",1,-0.08
343,33,"(21, 27)",0,-0.08
343,34,"(21, 26)",0,-0.08
343,35,"(21, 25)",1,-0.08
343,36,"(22, 25)",1,-0.08
343,37,"(23, 25)",1,-0.08
343,38,"(24, 25)",1,-0.08
343,39,"(25, 25)",0,-0.08
343,40,"(25, 24)",0,-0.08
343,41,"(25, 23)",0,-0.08
343,42,"(25, 22)",0,-0.08
343,43,"(25, 21)",1,-0.08
343,44,"(26, 21)",1,-0.08
343,45,"(27, 21)",0,-0.08
343,46,"(27, 20)",1,-0.08
343,47,"(28, 20)",0,-0.08
343,48,"(28, 19)",1,-0.08
343,49,"(29, 19)",1,-0.08
343,50,"(30, 19)",1,-0.08
343,51,"(31, 19)",0,-0.08
343,52,"(31, 18)",1,-0.08
343,53,"(32, 18)",0,-0.08
343,54,"(32, 17)",1,-0.08
343,55,"(33, 17)",1,-0.08
343,56,"(34, 17)",1,-0.08
343,57,"(35, 17)",1,-0.08
343,58,"(36, 17)",1,-0.08
343,59,"(37, 17)",1,-0.08
343,60,"(38, 17)",1,-0.08
343,61,"(39, 17)",0,-0.08
343,62,"(39, 16)",0,-0.08
343,63,"(39, 15)",1,-0.08
343,64,"(40, 15)",1,-0.08
343,65,"(41, 15)",0,-0.08
343,66,"(41, 14)",0,-0.08
343,67,"(41, 13)",0,-0.08
343,68,"(41, 12)",0,-0.08
343,69,"(41, 11)",1,-0.08
343,70,"(42, 11)",1,-0.08
343,71,"(43, 11)",1,-0.08
343,72,"(44, 11)",1,-0.08
343,73,"(45, 11)",0,-0.08
343,74,"(45, 10)",0,-0.08
343,75,"(45, 9)",1,-0.08
343,76,"(46, 9)",0,-0.08
343,77,"(46, 8)",0,-0.08
343,78,"(46, 7)",0,-0.08
343,79,"(46, 6)",1,-0.08
343,80,"(47, 6)",1,-0.08
343,81,"(48, 6)",1,-0.08
343,82,"(49, 6)",0,-0.08
343,83,"(49, 5)",1,-0.08
343,84,"(50, 5)",1,-0.08
343,85,"(51, 5)",0,-0.08
343,86,"(51, 4)",0,-0.08
343,87,"(51, 3)",0,-0.08
343,88,"(51, 2)",0,-0.08
343,89,"(51, 1)",1,-0.08
343,90,"(52, 1)",1,-0.08
343,91,"(53, 1)",1,-0.08
343,92,"(54, 1)",1,-0.08
343,93,"(55, 1)",1,-0.08
343,94,"(56, 1)",1,-0.08
343,95,"(57, 1)",1,-0.08
343,96,"(58, 1)",1,-0.08
343,97,"(59, 1)",1,-0.08
343,98,"(60, 1)",1,-0.08
343,99,"(61, 1)",1,-0.08
343,100,"(62, 1)",1,-0.08
343,101,"(63, 1)",1,-0.08
343,102,"(64, 1)",1,-0.08
343,103,"(65, 1)",1,-0.08
343,104,"(66, 1)",1,-0.08
343,105,"(67, 1)",1,-0.08
343,106,"(68, 1)",1,-0.08
343,107,"(69, 1)",1,-0.08
343,108,"(70, 1)",1,-0.08
343,109,"(71, 1)",2,-0.08
343,110,"(71, 2)",2,-0.08
343,111,"(71, 3)",1,-0.08
343,112,"(72, 3)",1,-0.08
343,113,"(73, 3)",1,-0.08
343,114,"(74, 3)",1,-0.08
343,115,"(75, 3)",1,-0.08
343,116,"(76, 3)",1,-0.08
343,117,"(77, 3)",0,-0.08
343,118,"(77, 2)",0,-0.08
343,119,"(77, 1)",1,-0.08
343,120,"(78, 1)",1,-0.08
343,121,"(79, 1)",0,8.33
344,0,"(0, 39)",1,-0.08
344,1,"(1, 39)",1,-0.08
344,2,"(2, 39)",1,-0.08
344,3,"(3, 39)",1,-0.08
344,4,"(4, 39)",1,-0.08
344,5,"(5, 39)",1,-0.08
344,6,"(6, 39)",1,-0.08
344,7,"(7, 39)",1,-0.08
344,8,"(8, 39)",1,-0.08
344,9,"(9, 39)",1,-0.08
344,10,"(10, 39)",0,-0.08
344,11,"(10, 38)",1,-0.08
344,12,"(11, 38)",0,-0.08
344,13,"(11, 37)",1,-0.08
344,14,"(12, 37)",1,-0.08
344,15,"(13, 37)",1,-0.08
344,16,"(14, 37)",1,-0.08
344,17,"(15, 37)",1,-0.08
344,18,"(16, 37)",1,-0.08
344,19,"(17, 37)",0,-0.08
344,20,"(17, 36)",0,-0.08
344,21,"(17, 35)",0,-0.08
344,22,"(17, 34)",1,-0.08
344,23,"(18, 34)",0,-0.08
344,24,"(18, 33)",1,-0.08
344,25,"(19, 33)",0,-0.08
344,26,"(19, 32)",0,-0.08
344,27,"(19, 31)",0,-0.08
344,28,"(19, 30)",0,-0.08
344,29,"(19, 29)",1,-0.08
344,30,"(20, 29)",0,-0.08
344,31,"(20, 28)",0,-0.08
344,32,"(20, 27)",1,-0.08
344,33,"(21, 27)",0,-0.08
344,34,"(21, 26)",0,-0.08
344,35,"(21, 25)",1,-0.08
344,36,"(22, 25)",0,-0.08
344,37,"(22, 24)",0,-0.08
344,38,"(22, 23)",1,-0.08
344,39,"(23, 23)",1,-0.08
344,40,"(24, 23)",1,-0.08
344,41,"(25, 23)",0,-0.08
344,42,"(25, 22)",0,-0.08
344,43,"(25, 21)",1,-0.08
344,44,"(26, 21)",1,-0.08
344,45,"(27, 21)",0,-0.08
344,46,"(27, 20)",1,-0.08
344,47,"(28, 20)",0,-0.08
344,48,"(28, 19)",1,-0.08
344,49,"(29, 19)",1,-0.08
344,50,"(30, 19)",1,-0.08
344,51,"(31, 19)",1,-0.08
344,52,"(32, 19)",0,-0.08
344,53,"(32, 18)",0,-0.08
344,54,"(32, 17)",1,-0.08
344,55,"(33, 17)",1,-0.08
344,56,"(34, 17)",1,-0.08
344,57,"(35, 17)",1,-0.08
344,58,"(36, 17)",1,-0.08
344,59,"(37, 17)",1,-0.08
344,60,"(38, 17)",1,-0.08
344,61,"(39, 17)",0,-0.08
344,62,"(39, 16)",0,-0.08
344,63,"(39, 15)",1,-0.08
344,64,"(40, 15)",0,-0.08
344,65,"(40, 14)",1,-0.08
344,66,"(41, 14)",0,-0.08
344,67,"(41, 13)",0,-0.08
344,68,"(41, 12)",0,-0.08
344,69,"(41, 11)",1,-0.08
344,70,"(42, 11)",1,-0.08
344,71,"(43, 11)",1,-0.08
344,72,"(44, 11)",1,-0.08
344,73,"(45, 11)",0,-0.08
344,74,"(45, 10)",0,-0.08
344,75,"(45, 9)",1,-0.08
344,76,"(46, 9)",0,-0.08
344,77,"(46, 8)",0,-0.08
344,78,"(46, 7)",0,-0.08
344,79,"(46, 6)",1,-0.08
344,80,"(47, 6)",1,-0.08
344,81,"(48, 6)",1,-0.08
344,82,"(49, 6)",0,-0.08
344,83,"(49, 5)",1,-0.08
344,84,"(50, 5)",1,-0.08
344,85,"(51, 5)",1,-0.08
344,86,"(52, 5)",1,-0.08
344,87,"(53, 5)",0,-0.08
344,88,"(53, 4)",0,-0.08
344,89,"(53, 3)",1,-0.08
344,90,"(54, 3)",1,-0.08
344,91,"(55, 3)",1,-0.08
344,92,"(56, 3)",0,-0.08
344,93,"(56, 2)",0,-0.08
344,94,"(56, 1)",1,-0.08
344,95,"(57, 1)",1,-0.08
344,96,"(58, 1)",1,-0.08
344,97,"(59, 1)",1,-0.08
344,98,"(60, 1)",1,-0.08
344,99,"(61, 1)",1,-0.08
344,100,"(62, 1)",1,-0.08
344,101,"(63, 1)",1,-0.08
344,102,"(64, 1)",1,-0.08
344,103,"(65, 1)",1,-0.08
344,104,"(66, 1)",1,-0.08
344,105,"(67, 1)",1,-0.08
344,106,"(68, 1)",1,-0.08
344,107,"(69, 1)",1,-0.08
344,108,"(70, 1)",1,-0.08
344,109,"(71, 1)",2,-0.08
344,110,"(71, 2)",2,-0.08
344,111,"(71, 3)",1,-0.08
344,112,"(72, 3)",1,-0.08
344,113,"(73, 3)",0,-0.08
344,114,"(73, 2)",0,-0.08
344,115,"(73, 1)",1,-0.08
344,116,"(74, 1)",0,-0.08
344,117,"(74, 0)",1,-0.08
344,118,"(75, 0)",1,-0.08
344,119,"(76, 0)",1,-0.08
344,120,"(77, 0)",1,-0.08
344,121,"(78, 0)",1,8.33
345,0,"(0, 39)",1,-0.08
345,1,"(1, 39)",1,-0.08
345,2,"(2, 39)",1,-0.08
345,3,"(3, 39)",1,-0.08
345,4,"(4, 39)",1,-0.08
345,5,"(5, 39)",1,-0.08
345,6,"(6, 39)",1,-0.08
345,7,"(7, 39)",1,-0.08
345,8,"(8, 39)",1,-0.08
345,9,"(9, 39)",1,-0.08
345,10,"(10, 39)",0,-0.08
345,11,"(10, 38)",1,-0.08
345,12,"(11, 38)",0,-0.08
345,13,"(11, 37)",1,-0.08
345,14,"(12, 37)",1,-0.08
345,15,"(13, 37)",1,-0.08
345,16,"(14, 37)",1,-0.08
345,17,"(15, 37)",1,-0.08
345,18,"(16, 37)",0,-0.08
345,19,"(16, 36)",1,-0.08
345,20,"(17, 36)",0,-0.08
345,21,"(17, 35)",0,-0.08
345,22,"(17, 34)",0,-0.08
345,23,"(17, 33)",1,-0.08
345,24,"(18, 33)",1,-0.08
345,25,"(19, 33)",0,-0.08
345,26,"(19, 32)",0,-0.08
345,27,"(19, 31)",0,-0.08
345,28,"(19, 30)",0,-0.08
345,29,"(19, 29)",1,-0.08
345,30,"(20, 29)",0,-0.08
345,31,"(20, 28)",0,-0.08
345,32,"(20, 27)",1,-0.08
345,33,"(21, 27)",0,-0.08
345,34,"(21, 26)",0,-0.08
345,35,"(21, 25)",1,-0.08
345,36,"(22, 25)",0,-0.08
345,37,"(22, 24)",0,-0.08
345,38,"(22, 23)",1,-0.08
345,39,"(23, 23)",1,-0.08
345,40,"(24, 23)",1,-0.08
345,41,"(25, 23)",0,-0.08
345,42,"(25, 22)",0,-0.08
345,43,"(25, 21)",1,-0.08
345,44,"(26, 21)",1,-0.08
345,45,"(27, 21)",0,-0.08
345,46,"(27, 20)",1,-0.08
345,47,"(28, 20)",0,-0.08
345,48,"(28, 19)",1,-0.08
345,49,"(29, 19)",1,-0.08
345,50,"(30, 19)",1,-0.08
345,51,"(31, 19)",0,-0.08
345,52,"(31, 18)",1,-0.08
345,53,"(32, 18)",0,-0.08
345,54,"(32, 17)",1,-0.08
345,55,"(33, 17)",1,-0.08
345,56,"(34, 17)",1,-0.08
345,57,"(35, 17)",0,-0.08
345,58,"(35, 16)",0,-0.08
345,59,"(35, 15)",0,-0.08
345,60,"(35, 14)",0,-0.08
345,61,"(35, 13)",1,-0.08
345,62,"(36, 13)",1,-0.08
345,63,"(37, 13)",1,-0.08
345,64,"(38, 13)",1,-0.08
345,65,"(39, 13)",1,-0.08
345,66,"(40, 13)",1,-0.08
345,67,"(41, 13)",1,-0.08
345,68,"(42, 13)",1,-0.08
345,69,"(43, 13)",0,-0.08
345,70,"(43, 12)",0,-0.08
345,71,"(43, 11)",1,-0.08
345,72,"(44, 11)",1,-0.08
345,73,"(45, 11)",0,-0.08
345,74,"(45, 10)",1,-0.08
345,75,"(46, 10)",0,-0.08
345,76,"(46, 9)",0,-0.08
345,77,"(46, 8)",0,-0.08
345,78,"(46, 7)",1,-0.08
345,79,"(47, 7)",0,-0.08
345,80,"(47, 6)",1,-0.08
345,81,"(48, 6)",1,-0.08
345,82,"(49, 6)",0,-0.08
345,83,"(49, 5)",1,-0.08
345,84,"(50, 5)",1,-0.08
345,85,"(51, 5)",0,-0.08
345,86,"(51, 4)",0,-0.08
345,87,"(51, 3)",0,-0.08
345,88,"(51, 2)",1,-0.08
345,89,"(52, 2)",1,-0.08
345,90,"(53, 2)",0,-0.08
345,91,"(53, 1)",1,-0.08
345,92,"(54, 1)",1,-0.08
345,93,"(55, 1)",1,-0.08
345,94,"(56, 1)",1,-0.08
345,95,"(57, 1)",1,-0.08
345,96,"(58, 1)",1,-0.08
345,97,"(59, 1)",1,-0.08
345,98,"(60, 1)",1,-0.08
345,99,"(61, 1)",1,-0.08
345,100,"(62, 1)",1,-0.08
345,101,"(63, 1)",1,-0.08
345,102,"(64, 1)",1,-0.08
345,103,"(65, 1)",1,-0.08
345,104,"(66, 1)",1,-0.08
345,105,"(67, 1)",1,-0.08
345,106,"(68, 1)",1,-0.08
345,107,"(69, 1)",1,-0.08
345,108,"(70, 1)",1,-0.08
345,109,"(71, 1)",2,-0.08
345,110,"(71, 2)",2,-0.08
345,111,"(71, 3)",1,-0.08
345,112,"(72, 3)",1,-0.08
345,113,"(73, 3)",0,-0.08
345,114,"(73, 2)",0,-0.08
345,115,"(73, 1)",1,-0.08
345,116,"(74, 1)",0,-0.08
345,117,"(74, 0)",1,-0.08
345,118,"(75, 0)",1,-0.08
345,119,"(76, 0)",1,-0.08
345,120,"(77, 0)",1,-0.08
345,121,"(78, 0)",1,8.33
346,0,"(0, 39)",1,-0.08
346,1,"(1, 39)",1,-0.08
346,2,"(2, 39)",1,-0.08
346,3,"(3, 39)",1,-0.08
346,4,"(4, 39)",1,-0.08
346,5,"(5, 39)",1,-0.08
346,6,"(6, 39)",1,-0.08
346,7,"(7, 39)",1,-0.08
346,8,"(8, 39)",1,-0.08
346,9,"(9, 39)",1,-0.08
346,10,"(10, 39)",1,-0.08
346,11,"(11, 39)",0,-0.08
346,12,"(11, 38)",0,-0.08
346,13,"(11, 37)",1,-0.08
346,14,"(12, 37)",1,-0.08
346,15,"(13, 37)",1,-0.08
346,16,"(14, 37)",1,-0.08
346,17,"(15, 37)",1,-0.08
346,18,"(16, 37)",0,-0.08
346,19,"(16, 36)",1,-0.08
346,20,"(17, 36)",0,-0.08
346,21,"(17, 35)",1,-0.08
346,22,"(18, 35)",0,-0.08
346,23,"(18, 34)",1,-0.08
346,24,"(19, 34)",0,-0.08
346,25,"(19, 33)",0,-0.08
346,26,"(19, 32)",0,-0.08
346,27,"(19, 31)",0,-0.08
346,28,"(19, 30)",0,-0.08
346,29,"(19, 29)",1,-0.08
346,30,"(20, 29)",0,-0.08
346,31,"(20, 28)",0,-0.08
346,32,"(20, 27)",1,-0.08
346,33,"(21, 27)",0,-0.08
346,34,"(21, 26)",1,-0.08
346,35,"(22, 26)",0,-0.08
346,36,"(22, 25)",1,-0.08
346,37,"(23, 25)",1,-0.08
346,38,"(24, 25)",1,-0.08
346,39,"(25, 25)",1,-0.08
346,40,"(26, 25)",1,-0.08
346,41,"(27, 25)",1,-0.08
346,42,"(28, 25)",1,-0.08
346,43,"(29, 25)",1,-0.08
346,44,"(30, 25)",1,-0.08
346,45,"(31, 25)",0,-0.08
346,46,"(31, 24)",0,-0.08
346,47,"(31, 23)",1,-0.08
346,48,"(32, 23)",1,-0.08
346,49,"(33, 23)",0,-0.08
346,50,"(33, 22)",0,-0.08
346,51,"(33, 21)",1,-0.08
346,52,"(34, 21)",1,-0.08
346,53,"(35, 21)",1,-0.08
346,54,"(36, 21)",1,-0.08
346,55,"(37, 21)",1,-0.08
346,56,"(38, 21)",1,-0.08
346,57,"(39, 21)",0,-0.08
346,58,"(39, 20)",1,-0.08
346,59,"(40, 20)",1,-0.08
346,60,"(41, 20)",1,-0.08
346,61,"(42, 20)",1,-0.08
346,62,"(43, 20)",0,-0.08
346,63,"(43, 19)",1,-0.08
346,64,"(44, 19)",0,-0.08
346,65,"(44, 18)",0,-0.08
346,66,"(44, 17)",0,-0.08
346,67,"(44, 16)",0,-0.08
346,68,"(44, 15)",1,-0.08
346,69,"(45, 15)",0,-0.08
346,70,"(45, 14)",0,-0.08
346,71,"(45, 13)",0,-0.08
346,72,"(45, 12)",0,-0.08
346,73,"(45, 11)",0,-0.08
346,74,"(45, 10)",0,-0.08
346,75,"(45, 9)",0,-0.08
346,76,"(45, 8)",0,-0.08
346,77,"(45, 7)",1,-0.08
346,78,"(46, 7)",1,-0.08
346,79,"(47, 7)",0,-0.08
346,80,"(47, 6)",1,-0.08
346,81,"(48, 6)",1,-0.08
346,82,"(49, 6)",0,-0.08
346,83,"(49, 5)",1,-0.08
346,84,"(50, 5)",1,-0.08
346,85,"(51, 5)",1,-0.08
346,86,"(52, 5)",1,-0.08
346,87,"(53, 5)",0,-0.08
346,88,"(53, 4)",0,-0.08
346,89,"(53, 3)",0,-0.08
346,90,"(53, 2)",0,-0.08
346,91,"(53, 1)",1,-0.08
346,92,"(54, 1)",1,-0.08
346,93,"(55, 1)",1,-0.08
346,94,"(56, 1)",1,-0.08
346,95,"(57, 1)",1,-0.08
346,96,"(58, 1)",1,-0.08
346,97,"(59, 1)",1,-0.08
346,98,"(60, 1)",1,-0.08
346,99,"(61, 1)",1,-0.08
346,100,"(62, 1)",1,-0.08
346,101,"(63, 1)",1,-0.08
346,102,"(64, 1)",1,-0.08
346,103,"(65, 1)",1,-0.08
346,104,"(66, 1)",1,-0.08
346,105,"(67, 1)",1,-0.08
346,106,"(68, 1)",1,-0.08
346,107,"(69, 1)",1,-0.08
346,108,"(70, 1)",1,-0.08
346,109,"(71, 1)",2,-0.08
346,110,"(71, 2)",2,-0.08
346,111,"(71, 3)",1,-0.08
346,112,"(72, 3)",1,-0.08
346,113,"(73, 3)",0,-0.08
346,114,"(73, 2)",0,-0.08
346,115,"(73, 1)",0,-0.08
346,116,"(73, 0)",1,-0.08
346,117,"(74, 0)",1,-0.08
346,118,"(75, 0)",1,-0.08
346,119,"(76, 0)",1,-0.08
346,120,"(77, 0)",1,-0.08
346,121,"(78, 0)",1,8.33
347,0,"(0, 39)",1,-0.08
347,1,"(1, 39)",1,-0.08
347,2,"(2, 39)",1,-0.08
347,3,"(3, 39)",1,-0.08
347,4,"(4, 39)",1,-0.08
347,5,"(5, 39)",1,-0.08
347,6,"(6, 39)",1,-0.08
347,7,"(7, 39)",1,-0.08
347,8,"(8, 39)",1,-0.08
347,9,"(9, 39)",1,-0.08
347,10,"(10, 39)",1,-0.08
347,11,"(11, 39)",1,-0.08
347,12,"(12, 39)",1,-0.08
347,13,"(13, 39)",1,-0.08
347,14,"(14, 39)",0,-0.08
347,15,"(14, 38)",0,-0.08
347,16,"(14, 37)",1,-0.08
347,17,"(15, 37)",1,-0.08
347,18,"(16, 37)",0,-0.08
347,19,"(16, 36)",1,-0.08
347,20,"(17, 36)",0,-0.08
347,21,"(17, 35)",0,-0.08
347,22,"(17, 34)",1,-0.08
347,23,"(18, 34)",0,-0.08
347,24,"(18, 33)",1,-0.08
347,25,"(19, 33)",0,-0.08
347,26,"(19, 32)",0,-0.08
347,27,"(19, 31)",0,-0.08
347,28,"(19, 30)",0,-0.08
347,29,"(19, 29)",1,-0.08
347,30,"(20, 29)",0,-0.08
347,31,"(20, 28)",0,-0.08
347,32,"(20, 27)",1,-0.08
347,33,"(21, 27)",0,-0.08
347,34,"(21, 26)",1,-0.08
347,35,"(22, 26)",1,-0.08
347,36,"(23, 26)",0,-0.08
347,37,"(23, 25)",1,-0.08
347,38,"(24, 25)",1,-0.08
347,39,"(25, 25)",0,-0.08
347,40,"(25, 24)",0,-0.08
347,41,"(25, 23)",0,-0.08
347,42,"(25, 22)",0,-0.08
347,43,"(25, 21)",1,-0.08
347,44,"(26, 21)",1,-0.08
347,45,"(27, 21)",0,-0.08
347,46,"(27, 20)",1,-0.08
347,47,"(28, 20)",0,-0.08
347,48,"(28, 19)",1,-0.08
347,49,"(29, 19)",1,-0.08
347,50,"(30, 19)",1,-0.08
347,51,"(31, 19)",1,-0.08
347,52,"(32, 19)",1,-0.08
347,53,"(33, 19)",1,-0.08
347,54,"(34, 19)",1,-0.08
347,55,"(35, 19)",1,-0.08
347,56,"(36, 19)",1,-0.08
347,57,"(37, 19)",0,-0.08
347,58,"(37, 18)",0,-0.08
347,59,"(37, 17)",0,-0.08
347,60,"(37, 16)",0,-0.08
347,61,"(37, 15)",0,-0.08
347,62,"(37, 14)",1,-0.08
347,63,"(38, 14)",0,-0.08
347,64,"(38, 13)",1,-0.08
347,65,"(39, 13)",1,-0.08
347,66,"(40, 13)",1,-0.08
347,67,"(41, 13)",0,-0.08
347,68,"(41, 12)",0,-0.08
347,69,"(41, 11)",1,-0.08
347,70,"(42, 11)",1,-0.08
347,71,"(43, 11)",1,-0.08
347,72,"(44, 11)",1,-0.08
347,73,"(45, 11)",0,-0.08
347,74,"(45, 10)",0,-0.08
347,75,"(45, 9)",1,-0.08
347,76,"(46, 9)",0,-0.08
347,77,"(46, 8)",0,-0.08
347,78,"(46, 7)",1,-0.08
347,79,"(47, 7)",0,-0.08
347,80,"(47, 6)",1,-0.08
347,81,"(48, 6)",1,-0.08
347,82,"(49, 6)",0,-0.08
347,83,"(49, 5)",1,-0.08
347,84,"(50, 5)",1,-0.08
347,85,"(51, 5)",1,-0.08
347,86,"(52, 5)",1,-0.08
347,87,"(53, 5)",0,-0.08
347,88,"(53, 4)",0,-0.08
347,89,"(53, 3)",0,-0.08
347,90,"(53, 2)",0,-0.08
347,91,"(53, 1)",1,-0.08
347,92,"(54, 1)",1,-0.08
347,93,"(55, 1)",1,-0.08
347,94,"(56, 1)",1,-0.08
347,95,"(57, 1)",1,-0.08
347,96,"(58, 1)",1,-0.08
347,97,"(59, 1)",1,-0.08
347,98,"(60, 1)",1,-0.08
347,99,"(61, 1)",1,-0.08
347,100,"(62, 1)",1,-0.08
347,101,"(63, 1)",1,-0.08
347,102,"(64, 1)",1,-0.08
347,103,"(65, 1)",1,-0.08
347,104,"(66, 1)",1,-0.08
347,105,"(67, 1)",1,-0.08
347,106,"(68, 1)",1,-0.08
347,107,"(69, 1)",1,-0.08
347,108,"(70, 1)",1,-0.08
347,109,"(71, 1)",2,-0.08
347,110,"(71, 2)",2,-0.08
347,111,"(71, 3)",1,-0.08
347,112,"(72, 3)",1,-0.08
347,113,"(73, 3)",1,-0.08
347,114,"(74, 3)",1,-0.08
347,115,"(75, 3)",1,-0.08
347,116,"(76, 3)",1,-0.08
347,117,"(77, 3)",0,-0.08
347,118,"(77, 2)",0,-0.08
347,119,"(77, 1)",0,-0.08
347,120,"(77, 0)",1,-0.08
347,121,"(78, 0)",1,8.33
348,0,"(0, 39)",1,-0.08
348,1,"(1, 39)",1,-0.08
348,2,"(2, 39)",1,-0.08
348,3,"(3, 39)",1,-0.08
348,4,"(4, 39)",1,-0.08
348,5,"(5, 39)",1,-0.08
348,6,"(6, 39)",1,-0.08
348,7,"(7, 39)",1,-0.08
348,8,"(8, 39)",1,-0.08
348,9,"(9, 39)",1,-0.08
348,10,"(10, 39)",0,-0.08
348,11,"(10, 38)",1,-0.08
348,12,"(11, 38)",0,-0.08
348,13,"(11, 37)",1,-0.08
348,14,"(12, 37)",1,-0.08
348,15,"(13, 37)",1,-0.08
348,16,"(14, 37)",1,-0.08
348,17,"(15, 37)",1,-0.08
348,18,"(16, 37)",0,-0.08
348,19,"(16, 36)",1,-0.08
348,20,"(17, 36)",0,-0.08
348,21,"(17, 35)",1,-0.08
348,22,"(18, 35)",0,-0.08
348,23,"(18, 34)",0,-0.08
348,24,"(18, 33)",1,-0.08
348,25,"(19, 33)",0,-0.08
348,26,"(19, 32)",0,-0.08
348,27,"(19, 31)",0,-0.08
348,28,"(19, 30)",0,-0.08
348,29,"(19, 29)",1,-0.08
348,30,"(20, 29)",0,-0.08
348,31,"(20, 28)",0,-0.08
348,32,"(20, 27)",1,-0.08
348,33,"(21, 27)",0,-0.08
348,34,"(21, 26)",1,-0.08
348,35,"(22, 26)",1,-0.08
348,36,"(23, 26)",1,-0.08
348,37,"(24, 26)",0,-0.08
348,38,"(24, 25)",1,-0.08
348,39,"(25, 25)",0,-0.08
348,40,"(25, 24)",0,-0.08
348,41,"(25, 23)",0,-0.08
348,42,"(25, 22)",0,-0.08
348,43,"(25, 21)",1,-0.08
348,44,"(26, 21)",1,-0.08
348,45,"(27, 21)",0,-0.08
348,46,"(27, 20)",1,-0.08
348,47,"(28, 20)",0,-0.08
348,48,"(28, 19)",1,-0.08
348,49,"(29, 19)",1,-0.08
348,50,"(30, 19)",1,-0.08
348,51,"(31, 19)",0,-0.08
348,52,"(31, 18)",0,-0.08
348,53,"(31, 17)",1,-0.08
348,54,"(32, 17)",0,-0.08
348,55,"(32, 16)",0,-0.08
348,56,"(32, 15)",0,-0.08
348,57,"(32, 14)",0,-0.08
348,58,"(32, 13)",1,-0.08
348,59,"(33, 13)",1,-0.08
348,60,"(34, 13)",1,-0.08
348,61,"(35, 13)",1,-0.08
348,62,"(36, 13)",1,-0.08
348,63,"(37, 13)",1,-0.08
348,64,"(38, 13)",1,-0.08
348,65,"(39, 13)",0,-0.08
348,66,"(39, 12)",0,-0.08
348,67,"(39, 11)",1,-0.08
348,68,"(40, 11)",1,-0.08
348,69,"(41, 11)",1,-0.08
348,70,"(42, 11)",1,-0.08
348,71,"(43, 11)",1,-0.08
348,72,"(44, 11)",1,-0.08
348,73,"(45, 11)",0,-0.08
348,74,"(45, 10)",1,-0.08
348,75,"(46, 10)",0,-0.08
348,76,"(46, 9)",0,-0.08
348,77,"(46, 8)",0,-0.08
348,78,"(46, 7)",0,-0.08
348,79,"(46, 6)",1,-0.08
348,80,"(47, 6)",1,-0.08
348,81,"(48, 6)",1,-0.08
348,82,"(49, 6)",0,-0.08
348,83,"(49, 5)",1,-0.08
348,84,"(50, 5)",1,-0.08
348,85,"(51, 5)",0,-0.08
348,86,"(51, 4)",0,-0.08
348,87,"(51, 3)",0,-0.08
348,88,"(51, 2)",1,-0.08
348,89,"(52, 2)",1,-0.08
348,90,"(53, 2)",0,-0.08
348,91,"(53, 1)",1,-0.08
348,92,"(54, 1)",1,-0.08
348,93,"(55, 1)",1,-0.08
348,94,"(56, 1)",1,-0.08
348,95,"(57, 1)",1,-0.08
348,96,"(58, 1)",1,-0.08
348,97,"(59, 1)",1,-0.08
348,98,"(60, 1)",1,-0.08
348,99,"(61, 1)",1,-0.08
348,100,"(62, 1)",1,-0.08
348,101,"(63, 1)",1,-0.08
348,102,"(64, 1)",1,-0.08
348,103,"(65, 1)",1,-0.08
348,104,"(66, 1)",1,-0.08
348,105,"(67, 1)",1,-0.08
348,106,"(68, 1)",1,-0.08
348,107,"(69, 1)",1,-0.08
348,108,"(70, 1)",1,-0.08
348,109,"(71, 1)",2,-0.08
348,110,"(71, 2)",2,-0.08
348,111,"(71, 3)",1,-0.08
348,112,"(72, 3)",1,-0.08
348,113,"(73, 3)",0,-0.08
348,114,"(73, 2)",0,-0.08
348,115,"(73, 1)",1,-0.08
348,116,"(74, 1)",1,-0.08
348,117,"(75, 1)",1,-0.08
348,118,"(76, 1)",0,-0.08
348,119,"(76, 0)",1,-0.08
348,120,"(77, 0)",1,-0.08
348,121,"(78, 0)",1,8.33
349,0,"(0, 39)",1,-0.08
349,1,"(1, 39)",1,-0.08
349,2,"(2, 39)",1,-0.08
349,3,"(3, 39)",1,-0.08
349,4,"(4, 39)",1,-0.08
349,5,"(5, 39)",1,-0.08
349,6,"(6, 39)",1,-0.08
349,7,"(7, 39)",1,-0.08
349,8,"(8, 39)",1,-0.08
349,9,"(9, 39)",1,-0.08
349,10,"(10, 39)",1,-0.08
349,11,"(11, 39)",1,-0.08
349,12,"(12, 39)",1,-0.08
349,13,"(13, 39)",1,-0.08
349,14,"(14, 39)",0,-0.08
349,15,"(14, 38)",0,-0.08
349,16,"(14, 37)",1,-0.08
349,17,"(15, 37)",1,-0.08
349,18,"(16, 37)",0,-0.08
349,19,"(16, 36)",1,-0.08
349,20,"(17, 36)",0,-0.08
349,21,"(17, 35)",1,-0.08
349,22,"(18, 35)",0,-0.08
349,23,"(18, 34)",1,-0.08
349,24,"(19, 34)",0,-0.08
349,25,"(19, 33)",0,-0.08
349,26,"(19, 32)",0,-0.08
349,27,"(19, 31)",0,-0.08
349,28,"(19, 30)",0,-0.08
349,29,"(19, 29)",1,-0.08
349,30,"(20, 29)",0,-0.08
349,31,"(20, 28)",0,-0.08
349,32,"(20, 27)",1,-0.08
349,33,"(21, 27)",0,-0.08
349,34,"(21, 26)",1,-0.08
349,35,"(22, 26)",0,-0.08
349,36,"(22, 25)",1,-0.08
349,37,"(23, 25)",1,-0.08
349,38,"(24, 25)",1,-0.08
349,39,"(25, 25)",0,-0.08
349,40,"(25, 24)",0,-0.08
349,41,"(25, 23)",0,-0.08
349,42,"(25, 22)",0,-0.08
349,43,"(25, 21)",0,-0.08
349,44,"(25, 20)",0,-0.08
349,45,"(25, 19)",0,-0.08
349,46,"(25, 18)",1,-0.08
349,47,"(26, 18)",1,-0.08
349,48,"(27, 18)",0,-0.08
349,49,"(27, 17)",1,-0.08
349,50,"(28, 17)",1,-0.08
349,51,"(29, 17)",0,-0.08
349,52,"(29, 16)",0,-0.08
349,53,"(29, 15)",1,-0.08
349,54,"(30, 15)",1,-0.08
349,55,"(31, 15)",0,-0.08
349,56,"(31, 14)",0,-0.08
349,57,"(31, 13)",1,-0.08
349,58,"(32, 13)",1,-0.08
349,59,"(33, 13)",1,-0.08
349,60,"(34, 13)",1,-0.08
349,61,"(35, 13)",1,-0.08
349,62,"(36, 13)",1,-0.08
349,63,"(37, 13)",1,-0.08
349,64,"(38, 13)",1,-0.08
349,65,"(39, 13)",0,-0.08
349,66,"(39, 12)",0,-0.08
349,67,"(39, 11)",1,-0.08
349,68,"(40, 11)",1,-0.08
349,69,"(41, 11)",1,-0.08
349,70,"(42, 11)",1,-0.08
349,71,"(43, 11)",1,-0.08
349,72,"(44, 11)",1,-0.08
349,73,"(45, 11)",0,-0.08
349,74,"(45, 10)",1,-0.08
349,75,"(46, 10)",0,-0.08
349,76,"(46, 9)",0,-0.08
349,77,"(46, 8)",0,-0.08
349,78,"(46, 7)",0,-0.08
349,79,"(46, 6)",1,-0.08
349,80,"(47, 6)",1,-0.08
349,81,"(48, 6)",1,-0.08
349,82,"(49, 6)",0,-0.08
349,83,"(49, 5)",1,-0.08
349,84,"(50, 5)",1,-0.08
349,85,"(51, 5)",1,-0.08
349,86,"(52, 5)",1,-0.08
349,87,"(53, 5)",0,-0.08
349,88,"(53, 4)",0,-0.08
349,89,"(53, 3)",0,-0.08
349,90,"(53, 2)",0,-0.08
349,91,"(53, 1)",1,-0.08
349,92,"(54, 1)",1,-0.08
349,93,"(55, 1)",1,-0.08
349,94,"(56, 1)",1,-0.08
349,95,"(57, 1)",1,-0.08
349,96,"(58, 1)",1,-0.08
349,97,"(59, 1)",1,-0.08
349,98,"(60, 1)",1,-0.08
349,99,"(61, 1)",1,-0.08
349,100,"(62, 1)",1,-0.08
349,101,"(63, 1)",1,-0.08
349,102,"(64, 1)",1,-0.08
349,103,"(65, 1)",1,-0.08
349,104,"(66, 1)",1,-0.08
349,105,"(67, 1)",1,-0.08
349,106,"(68, 1)",1,-0.08
349,107,"(69, 1)",1,-0.08
349,108,"(70, 1)",1,-0.08
349,109,"(71, 1)",2,-0.08
349,110,"(71, 2)",2,-0.08
349,111,"(71, 3)",1,-0.08
349,112,"(72, 3)",1,-0.08
349,113,"(73, 3)",0,-0.08
349,114,"(73, 2)",0,-0.08
349,115,"(73, 1)",0,-0.08
349,116,"(73, 0)",1,-0.08
349,117,"(74, 0)",1,-0.08
349,118,"(75, 0)",1,-0.08
349,119,"(76, 0)",1,-0.08
349,120,"(77, 0)",1,-0.08
349,121,"(78, 0)",1,8.33
350,0,"(0, 39)",1,-0.08
350,1,"(1, 39)",1,-0.08
350,2,"(2, 39)",1,-0.08
350,3,"(3, 39)",1,-0.08
350,4,"(4, 39)",1,-0.08
350,5,"(5, 39)",1,-0.08
350,6,"(6, 39)",1,-0.08
350,7,"(7, 39)",1,-0.08
350,8,"(8, 39)",1,-0.08
350,9,"(9, 39)",1,-0.08
350,10,"(10, 39)",1,-0.08
350,11,"(11, 39)",0,-0.08
350,12,"(11, 38)",0,-0.08
350,13,"(11, 37)",1,-0.08
350,14,"(12, 37)",1,-0.08
350,15,"(13, 37)",1,-0.08
350,16,"(14, 37)",1,-0.08
350,17,"(15, 37)",1,-0.08
350,18,"(16, 37)",0,-0.08
350,19,"(16, 36)",1,-0.08
350,20,"(17, 36)",0,-0.08
350,21,"(17, 35)",1,-0.08
350,22,"(18, 35)",1,-0.08
350,23,"(19, 35)",0,-0.08
350,24,"(19, 34)",0,-0.08
350,25,"(19, 33)",0,-0.08
350,26,"(19, 32)",0,-0.08
350,27,"(19, 31)",0,-0.08
350,28,"(19, 30)",0,-0.08
350,29,"(19, 29)",1,-0.08
350,30,"(20, 29)",0,-0.08
350,31,"(20, 28)",0,-0.08
350,32,"(20, 27)",1,-0.08
350,33,"(21, 27)",0,-0.08
350,34,"(21, 26)",0,-0.08
350,35,"(21, 25)",1,-0.08
350,36,"(22, 25)",1,-0.08
350,37,"(23, 25)",1,-0.08
350,38,"(24, 25)",1,-0.08
350,39,"(25, 25)",1,-0.08
350,40,"(26, 25)",1,-0.08
350,41,"(27, 25)",1,-0.08
350,42,"(28, 25)",1,-0.08
350,43,"(29, 25)",1,-0.08
350,44,"(30, 25)",1,-0.08
350,45,"(31, 25)",0,-0.08
350,46,"(31, 24)",0,-0.08
350,47,"(31, 23)",1,-0.08
350,48,"(32, 23)",1,-0.08
350,49,"(33, 23)",0,-0.08
350,50,"(33, 22)",0,-0.08
350,51,"(33, 21)",1,-0.08
350,52,"(34, 21)",1,-0.08
350,53,"(35, 21)",0,-0.08
350,54,"(35, 20)",0,-0.08
350,55,"(35, 19)",1,-0.08
350,56,"(36, 19)",1,-0.08
350,57,"(37, 19)",0,-0.08
350,58,"(37, 18)",0,-0.08
350,59,"(37, 17)",1,-0.08
350,60,"(38, 17)",1,-0.08
350,61,"(39, 17)",0,-0.08
350,62,"(39, 16)",0,-0.08
350,63,"(39, 15)",1,-0.08
350,64,"(40, 15)",0,-0.08
350,65,"(40, 14)",0,-0.08
350,66,"(40, 13)",1,-0.08
350,67,"(41, 13)",1,-0.08
350,68,"(42, 13)",1,-0.08
350,69,"(43, 13)",0,-0.08
350,70,"(43, 12)",0,-0.08
350,71,"(43, 11)",1,-0.08
350,72,"(44, 11)",1,-0.08
350,73,"(45, 11)",0,-0.08
350,74,"(45, 10)",1,-0.08
350,75,"(46, 10)",0,-0.08
350,76,"(46, 9)",0,-0.08
350,77,"(46, 8)",0,-0.08
350,78,"(46, 7)",1,-0.08
350,79,"(47, 7)",0,-0.08
350,80,"(47, 6)",1,-0.08
350,81,"(48, 6)",1,-0.08
350,82,"(49, 6)",0,-0.08
350,83,"(49, 5)",1,-0.08
350,84,"(50, 5)",1,-0.08
350,85,"(51, 5)",0,-0.08
350,86,"(51, 4)",0,-0.08
350,87,"(51, 3)",0,-0.08
350,88,"(51, 2)",1,-0.08
350,89,"(52, 2)",1,-0.08
350,90,"(53, 2)",0,-0.08
350,91,"(53, 1)",1,-0.08
350,92,"(54, 1)",1,-0.08
350,93,"(55, 1)",1,-0.08
350,94,"(56, 1)",1,-0.08
350,95,"(57, 1)",1,-0.08
350,96,"(58, 1)",1,-0.08
350,97,"(59, 1)",1,-0.08
350,98,"(60, 1)",1,-0.08
350,99,"(61, 1)",1,-0.08
350,100,"(62, 1)",1,-0.08
350,101,"(63, 1)",1,-0.08
350,102,"(64, 1)",1,-0.08
350,103,"(65, 1)",1,-0.08
350,104,"(66, 1)",1,-0.08
350,105,"(67, 1)",1,-0.08
350,106,"(68, 1)",1,-0.08
350,107,"(69, 1)",1,-0.08
350,108,"(70, 1)",1,-0.08
350,109,"(71, 1)",2,-0.08
350,110,"(71, 2)",2,-0.08
350,111,"(71, 3)",1,-0.08
350,112,"(72, 3)",1,-0.08
350,113,"(73, 3)",0,-0.08
350,114,"(73, 2)",0,-0.08
350,115,"(73, 1)",0,-0.08
350,116,"(73, 0)",1,-0.08
350,117,"(74, 0)",1,-0.08
350,118,"(75, 0)",1,-0.08
350,119,"(76, 0)",1,-0.08
350,120,"(77, 0)",1,-0.08
350,121,"(78, 0)",1,8.33
351,0,"(0, 39)",1,-0.08
351,1,"(1, 39)",1,-0.08
351,2,"(2, 39)",1,-0.08
351,3,"(3, 39)",1,-0.08
351,4,"(4, 39)",1,-0.08
351,5,"(5, 39)",1,-0.08
351,6,"(6, 39)",1,-0.08
351,7,"(7, 39)",1,-0.08
351,8,"(8, 39)",1,-0.08
351,9,"(9, 39)",1,-0.08
351,10,"(10, 39)",0,-0.08
351,11,"(10, 38)",1,-0.08
351,12,"(11, 38)",0,-0.08
351,13,"(11, 37)",1,-0.08
351,14,"(12, 37)",1,-0.08
351,15,"(13, 37)",1,-0.08
351,16,"(14, 37)",1,-0.08
351,17,"(15, 37)",1,-0.08
351,18,"(16, 37)",1,-0.08
351,19,"(17, 37)",0,-0.08
351,20,"(17, 36)",0,-0.08
351,21,"(17, 35)",1,-0.08
351,22,"(18, 35)",1,-0.08
351,23,"(19, 35)",0,-0.08
351,24,"(19, 34)",0,-0.08
351,25,"(19, 33)",0,-0.08
351,26,"(19, 32)",0,-0.08
351,27,"(19, 31)",0,-0.08
351,28,"(19, 30)",0,-0.08
351,29,"(19, 29)",1,-0.08
351,30,"(20, 29)",0,-0.08
351,31,"(20, 28)",0,-0.08
351,32,"(20, 27)",1,-0.08
351,33,"(21, 27)",0,-0.08
351,34,"(21, 26)",1,-0.08
351,35,"(22, 26)",0,-0.08
351,36,"(22, 25)",1,-0.08
351,37,"(23, 25)",1,-0.08
351,38,"(24, 25)",1,-0.08
351,39,"(25, 25)",0,-0.08
351,40,"(25, 24)",0,-0.08
351,41,"(25, 23)",0,-0.08
351,42,"(25, 22)",0,-0.08
351,43,"(25, 21)",1,-0.08
351,44,"(26, 21)",1,-0.08
351,45,"(27, 21)",0,-0.08
351,46,"(27, 20)",1,-0.08
351,47,"(28, 20)",0,-0.08
351,48,"(28, 19)",1,-0.08
351,49,"(29, 19)",1,-0.08
351,50,"(30, 19)",1,-0.08
351,51,"(31, 19)",1,-0.08
351,52,"(32, 19)",1,-0.08
351,53,"(33, 19)",1,-0.08
351,54,"(34, 19)",1,-0.08
351,55,"(35, 19)",0,-0.08
351,56,"(35, 18)",0,-0.08
351,57,"(35, 17)",0,-0.08
351,58,"(35, 16)",0,-0.08
351,59,"(35, 15)",0,-0.08
351,60,"(35, 14)",0,-0.08
351,61,"(35, 13)",1,-0.08
351,62,"(36, 13)",1,-0.08
351,63,"(37, 13)",1,-0.08
351,64,"(38, 13)",1,-0.08
351,65,"(39, 13)",0,-0.08
351,66,"(39, 12)",0,-0.08
351,67,"(39, 11)",1,-0.08
351,68,"(40, 11)",1,-0.08
351,69,"(41, 11)",1,-0.08
351,70,"(42, 11)",1,-0.08
351,71,"(43, 11)",1,-0.08
351,72,"(44, 11)",1,-0.08
351,73,"(45, 11)",0,-0.08
351,74,"(45, 10)",0,-0.08
351,75,"(45, 9)",0,-0.08
351,76,"(45, 8)",0,-0.08
351,77,"(45, 7)",1,-0.08
351,78,"(46, 7)",1,-0.08
351,79,"(47, 7)",0,-0.08
351,80,"(47, 6)",1,-0.08
351,81,"(48, 6)",1,-0.08
351,82,"(49, 6)",0,-0.08
351,83,"(49, 5)",1,-0.08
351,84,"(50, 5)",1,-0.08
351,85,"(51, 5)",0,-0.08
351,86,"(51, 4)",0,-0.08
351,87,"(51, 3)",0,-0.08
351,88,"(51, 2)",1,-0.08
351,89,"(52, 2)",0,-0.08
351,90,"(52, 1)",1,-0.08
351,91,"(53, 1)",1,-0.08
351,92,"(54, 1)",1,-0.08
351,93,"(55, 1)",1,-0.08
351,94,"(56, 1)",1,-0.08
351,95,"(57, 1)",1,-0.08
351,96,"(58, 1)",1,-0.08
351,97,"(59, 1)",1,-0.08
351,98,"(60, 1)",1,-0.08
351,99,"(61, 1)",1,-0.08
351,100,"(62, 1)",1,-0.08
351,101,"(63, 1)",1,-0.08
351,102,"(64, 1)",1,-0.08
351,103,"(65, 1)",1,-0.08
351,104,"(66, 1)",1,-0.08
351,105,"(67, 1)",1,-0.08
351,106,"(68, 1)",1,-0.08
351,107,"(69, 1)",1,-0.08
351,108,"(70, 1)",1,-0.08
351,109,"(71, 1)",2,-0.08
351,110,"(71, 2)",2,-0.08
351,111,"(71, 3)",1,-0.08
351,112,"(72, 3)",1,-0.08
351,113,"(73, 3)",1,-0.08
351,114,"(74, 3)",1,-0.08
351,115,"(75, 3)",1,-0.08
351,116,"(76, 3)",1,-0.08
351,117,"(77, 3)",0,-0.08
351,118,"(77, 2)",0,-0.08
351,119,"(77, 1)",0,-0.08
351,120,"(77, 0)",1,-0.08
351,121,"(78, 0)",1,8.33
352,0,"(0, 39)",1,-0.08
352,1,"(1, 39)",1,-0.08
352,2,"(2, 39)",1,-0.08
352,3,"(3, 39)",1,-0.08
352,4,"(4, 39)",1,-0.08
352,5,"(5, 39)",1,-0.08
352,6,"(6, 39)",1,-0.08
352,7,"(7, 39)",1,-0.08
352,8,"(8, 39)",1,-0.08
352,9,"(9, 39)",1,-0.08
352,10,"(10, 39)",0,-0.08
352,11,"(10, 38)",1,-0.08
352,12,"(11, 38)",0,-0.08
352,13,"(11, 37)",1,-0.08
352,14,"(12, 37)",1,-0.08
352,15,"(13, 37)",1,-0.08
352,16,"(14, 37)",1,-0.08
352,17,"(15, 37)",0,-0.08
352,18,"(15, 36)",0,-0.08
352,19,"(15, 35)",0,-0.08
352,20,"(15, 34)",0,-0.08
352,21,"(15, 33)",1,-0.08
352,22,"(16, 33)",1,-0.08
352,23,"(17, 33)",1,-0.08
352,24,"(18, 33)",1,-0.08
352,25,"(19, 33)",0,-0.08
352,26,"(19, 32)",0,-0.08
352,27,"(19, 31)",0,-0.08
352,28,"(19, 30)",0,-0.08
352,29,"(19, 29)",1,-0.08
352,30,"(20, 29)",0,-0.08
352,31,"(20, 28)",0,-0.08
352,32,"(20, 27)",1,-0.08
352,33,"(21, 27)",0,-0.08
352,34,"(21, 26)",1,-0.08
352,35,"(22, 26)",0,-0.08
352,36,"(22, 25)",1,-0.08
352,37,"(23, 25)",1,-0.08
352,38,"(24, 25)",1,-0.08
352,39,"(25, 25)",0,-0.08
352,40,"(25, 24)",0,-0.08
352,41,"(25, 23)",0,-0.08
352,42,"(25, 22)",0,-0.08
352,43,"(25, 21)",1,-0.08
352,44,"(26, 21)",1,-0.08
352,45,"(27, 21)",0,-0.08
352,46,"(27, 20)",0,-0.08
352,47,"(27, 19)",1,-0.08
352,48,"(28, 19)",1,-0.08
352,49,"(29, 19)",1,-0.08
352,50,"(30, 19)",1,-0.08
352,51,"(31, 19)",1,-0.08
352,52,"(32, 19)",0,-0.08
352,53,"(32, 18)",0,-0.08
352,54,"(32, 17)",0,-0.08
352,55,"(32, 16)",0,-0.08
352,56,"(32, 15)",0,-0.08
352,57,"(32, 14)",0,-0.08
352,58,"(32, 13)",1,-0.08
352,59,"(33, 13)",1,-0.08
352,60,"(34, 13)",1,-0.08
352,61,"(35, 13)",1,-0.08
352,62,"(36, 13)",1,-0.08
352,63,"(37, 13)",1,-0.08
352,64,"(38, 13)",1,-0.08
352,65,"(39, 13)",0,-0.08
352,66,"(39, 12)",0,-0.08
352,67,"(39, 11)",1,-0.08
352,68,"(40, 11)",1,-0.08
352,69,"(41, 11)",1,-0.08
352,70,"(42, 11)",1,-0.08
352,71,"(43, 11)",1,-0.08
352,72,"(44, 11)",1,-0.08
352,73,"(45, 11)",0,-0.08
352,74,"(45, 10)",1,-0.08
352,75,"(46, 10)",0,-0.08
352,76,"(46, 9)",0,-0.08
352,77,"(46, 8)",0,-0.08
352,78,"(46, 7)",1,-0.08
352,79,"(47, 7)",0,-0.08
352,80,"(47, 6)",1,-0.08
352,81,"(48, 6)",1,-0.08
352,82,"(49, 6)",0,-0.08
352,83,"(49, 5)",1,-0.08
352,84,"(50, 5)",1,-0.08
352,85,"(51, 5)",0,-0.08
352,86,"(51, 4)",0,-0.08
352,87,"(51, 3)",0,-0.08
352,88,"(51, 2)",1,-0.08
352,89,"(52, 2)",1,-0.08
352,90,"(53, 2)",0,-0.08
352,91,"(53, 1)",1,-0.08
352,92,"(54, 1)",1,-0.08
352,93,"(55, 1)",1,-0.08
352,94,"(56, 1)",1,-0.08
352,95,"(57, 1)",1,-0.08
352,96,"(58, 1)",1,-0.08
352,97,"(59, 1)",1,-0.08
352,98,"(60, 1)",1,-0.08
352,99,"(61, 1)",1,-0.08
352,100,"(62, 1)",1,-0.08
352,101,"(63, 1)",1,-0.08
352,102,"(64, 1)",1,-0.08
352,103,"(65, 1)",1,-0.08
352,104,"(66, 1)",1,-0.08
352,105,"(67, 1)",1,-0.08
352,106,"(68, 1)",1,-0.08
352,107,"(69, 1)",1,-0.08
352,108,"(70, 1)",1,-0.08
352,109,"(71, 1)",2,-0.08
352,110,"(71, 2)",2,-0.08
352,111,"(71, 3)",1,-0.08
352,112,"(72, 3)",1,-0.08
352,113,"(73, 3)",1,-0.08
352,114,"(74, 3)",1,-0.08
352,115,"(75, 3)",1,-0.08
352,116,"(76, 3)",1,-0.08
352,117,"(77, 3)",0,-0.08
352,118,"(77, 2)",0,-0.08
352,119,"(77, 1)",1,-0.08
352,120,"(78, 1)",1,-0.08
352,121,"(79, 1)",0,8.33
353,0,"(0, 39)",1,-0.08
353,1,"(1, 39)",1,-0.08
353,2,"(2, 39)",1,-0.08
353,3,"(3, 39)",1,-0.08
353,4,"(4, 39)",1,-0.08
353,5,"(5, 39)",1,-0.08
353,6,"(6, 39)",1,-0.08
353,7,"(7, 39)",1,-0.08
353,8,"(8, 39)",1,-0.08
353,9,"(9, 39)",1,-0.08
353,10,"(10, 39)",1,-0.08
353,11,"(11, 39)",0,-0.08
353,12,"(11, 38)",0,-0.08
353,13,"(11, 37)",1,-0.08
353,14,"(12, 37)",1,-0.08
353,15,"(13, 37)",1,-0.08
353,16,"(14, 37)",1,-0.08
353,17,"(15, 37)",1,-0.08
353,18,"(16, 37)",0,-0.08
353,19,"(16, 36)",1,-0.08
353,20,"(17, 36)",0,-0.08
353,21,"(17, 35)",0,-0.08
353,22,"(17, 34)",1,-0.08
353,23,"(18, 34)",1,-0.08
353,24,"(19, 34)",0,-0.08
353,25,"(19, 33)",0,-0.08
353,26,"(19, 32)",0,-0.08
353,27,"(19, 31)",0,-0.08
353,28,"(19, 30)",0,-0.08
353,29,"(19, 29)",1,-0.08
353,30,"(20, 29)",0,-0.08
353,31,"(20, 28)",0,-0.08
353,32,"(20, 27)",1,-0.08
353,33,"(21, 27)",0,-0.08
353,34,"(21, 26)",0,-0.08
353,35,"(21, 25)",1,-0.08
353,36,"(22, 25)",0,-0.08
353,37,"(22, 24)",0,-0.08
353,38,"(22, 23)",1,-0.08
353,39,"(23, 23)",1,-0.08
353,40,"(24, 23)",1,-0.08
353,41,"(25, 23)",0,-0.08
353,42,"(25, 22)",0,-0.08
353,43,"(25, 21)",1,-0.08
353,44,"(26, 21)",1,-0.08
353,45,"(27, 21)",0,-0.08
353,46,"(27, 20)",0,-0.08
353,47,"(27, 19)",0,-0.08
353,48,"(27, 18)",0,-0.08
353,49,"(27, 17)",0,-0.08
353,50,"(27, 16)",1,-0.08
353,51,"(28, 16)",1,-0.08
353,52,"(29, 16)",0,-0.08
353,53,"(29, 15)",1,-0.08
353,54,"(30, 15)",1,-0.08
353,55,"(31, 15)",0,-0.08
353,56,"(31, 14)",1,-0.08
353,57,"(32, 14)",0,-0.08
353,58,"(32, 13)",1,-0.08
353,59,"(33, 13)",1,-0.08
353,60,"(34, 13)",1,-0.08
353,61,"(35, 13)",1,-0.08
353,62,"(36, 13)",1,-0.08
353,63,"(37, 13)",1,-0.08
353,64,"(38, 13)",1,-0.08
353,65,"(39, 13)",1,-0.08
353,66,"(40, 13)",1,-0.08
353,67,"(41, 13)",0,-0.08
353,68,"(41, 12)",0,-0.08
353,69,"(41, 11)",1,-0.08
353,70,"(42, 11)",1,-0.08
353,71,"(43, 11)",1,-0.08
353,72,"(44, 11)",1,-0.08
353,73,"(45, 11)",0,-0.08
353,74,"(45, 10)",0,-0.08
353,75,"(45, 9)",1,-0.08
353,76,"(46, 9)",0,-0.08
353,77,"(46, 8)",0,-0.08
353,78,"(46, 7)",0,-0.08
353,79,"(46, 6)",1,-0.08
353,80,"(47, 6)",1,-0.08
353,81,"(48, 6)",1,-0.08
353,82,"(49, 6)",0,-0.08
353,83,"(49, 5)",1,-0.08
353,84,"(50, 5)",1,-0.08
353,85,"(51, 5)",1,-0.08
353,86,"(52, 5)",1,-0.08
353,87,"(53, 5)",0,-0.08
353,88,"(53, 4)",0,-0.08
353,89,"(53, 3)",1,-0.08
353,90,"(54, 3)",1,-0.08
353,91,"(55, 3)",1,-0.08
353,92,"(56, 3)",1,-0.08
353,93,"(57, 3)",0,-0.08
353,94,"(57, 2)",1,-0.08
353,95,"(58, 2)",1,-0.08
353,96,"(59, 2)",0,-0.08
353,97,"(59, 1)",1,-0.08
353,98,"(60, 1)",1,-0.08
353,99,"(61, 1)",1,-0.08
353,100,"(62, 1)",1,-0.08
353,101,"(63, 1)",1,-0.08
353,102,"(64, 1)",1,-0.08
353,103,"(65, 1)",1,-0.08
353,104,"(66, 1)",1,-0.08
353,105,"(67, 1)",1,-0.08
353,106,"(68, 1)",1,-0.08
353,107,"(69, 1)",1,-0.08
353,108,"(70, 1)",1,-0.08
353,109,"(71, 1)",2,-0.08
353,110,"(71, 2)",2,-0.08
353,111,"(71, 3)",1,-0.08
353,112,"(72, 3)",1,-0.08
353,113,"(73, 3)",1,-0.08
353,114,"(74, 3)",1,-0.08
353,115,"(75, 3)",1,-0.08
353,116,"(76, 3)",1,-0.08
353,117,"(77, 3)",0,-0.08
353,118,"(77, 2)",0,-0.08
353,119,"(77, 1)",1,-0.08
353,120,"(78, 1)",0,-0.08
353,121,"(78, 0)",1,8.33
354,0,"(0, 39)",1,-0.08
354,1,"(1, 39)",1,-0.08
354,2,"(2, 39)",1,-0.08
354,3,"(3, 39)",1,-0.08
354,4,"(4, 39)",1,-0.08
354,5,"(5, 39)",1,-0.08
354,6,"(6, 39)",1,-0.08
354,7,"(7, 39)",1,-0.08
354,8,"(8, 39)",1,-0.08
354,9,"(9, 39)",1,-0.08
354,10,"(10, 39)",1,-0.08
354,11,"(11, 39)",0,-0.08
354,12,"(11, 38)",0,-0.08
354,13,"(11, 37)",1,-0.08
354,14,"(12, 37)",1,-0.08
354,15,"(13, 37)",1,-0.08
354,16,"(14, 37)",1,-0.08
354,17,"(15, 37)",1,-0.08
354,18,"(16, 37)",0,-0.08
354,19,"(16, 36)",1,-0.08
354,20,"(17, 36)",0,-0.08
354,21,"(17, 35)",1,-0.08
354,22,"(18, 35)",0,-0.08
354,23,"(18, 34)",1,-0.08
354,24,"(19, 34)",0,-0.08
354,25,"(19, 33)",0,-0.08
354,26,"(19, 32)",0,-0.08
354,27,"(19, 31)",0,-0.08
354,28,"(19, 30)",0,-0.08
354,29,"(19, 29)",1,-0.08
354,30,"(20, 29)",0,-0.08
354,31,"(20, 28)",0,-0.08
354,32,"(20, 27)",1,-0.08
354,33,"(21, 27)",0,-0.08
354,34,"(21, 26)",1,-0.08
354,35,"(22, 26)",0,-0.08
354,36,"(22, 25)",0,-0.08
354,37,"(22, 24)",0,-0.08
354,38,"(22, 23)",1,-0.08
354,39,"(23, 23)",1,-0.08
354,40,"(24, 23)",1,-0.08
354,41,"(25, 23)",0,-0.08
354,42,"(25, 22)",0,-0.08
354,43,"(25, 21)",1,-0.08
354,44,"(26, 21)",1,-0.08
354,45,"(27, 21)",0,-0.08
354,46,"(27, 20)",1,-0.08
354,47,"(28, 20)",0,-0.08
354,48,"(28, 19)",1,-0.08
354,49,"(29, 19)",1,-0.08
354,50,"(30, 19)",1,-0.08
354,51,"(31, 19)",0,-0.08
354,52,"(31, 18)",0,-0.08
354,53,"(31, 17)",1,-0.08
354,54,"(32, 17)",1,-0.08
354,55,"(33, 17)",1,-0.08
354,56,"(34, 17)",1,-0.08
354,57,"(35, 17)",0,-0.08
354,58,"(35, 16)",0,-0.08
354,59,"(35, 15)",0,-0.08
354,60,"(35, 14)",0,-0.08
354,61,"(35, 13)",1,-0.08
354,62,"(36, 13)",1,-0.08
354,63,"(37, 13)",1,-0.08
354,64,"(38, 13)",1,-0.08
354,65,"(39, 13)",0,-0.08
354,66,"(39, 12)",0,-0.08
354,67,"(39, 11)",1,-0.08
354,68,"(40, 11)",1,-0.08
354,69,"(41, 11)",1,-0.08
354,70,"(42, 11)",1,-0.08
354,71,"(43, 11)",1,-0.08
354,72,"(44, 11)",1,-0.08
354,73,"(45, 11)",0,-0.08
354,74,"(45, 10)",1,-0.08
354,75,"(46, 10)",0,-0.08
354,76,"(46, 9)",0,-0.08
354,77,"(46, 8)",0,-0.08
354,78,"(46, 7)",1,-0.08
354,79,"(47, 7)",0,-0.08
354,80,"(47, 6)",1,-0.08
354,81,"(48, 6)",1,-0.08
354,82,"(49, 6)",0,-0.08
354,83,"(49, 5)",1,-0.08
354,84,"(50, 5)",1,-0.08
354,85,"(51, 5)",1,-0.08
354,86,"(52, 5)",1,-0.08
354,87,"(53, 5)",0,-0.08
354,88,"(53, 4)",0,-0.08
354,89,"(53, 3)",1,-0.08
354,90,"(54, 3)",1,-0.08
354,91,"(55, 3)",1,-0.08
354,92,"(56, 3)",1,-0.08
354,93,"(57, 3)",0,-0.08
354,94,"(57, 2)",1,-0.08
354,95,"(58, 2)",0,-0.08
354,96,"(58, 1)",1,-0.08
354,97,"(59, 1)",1,-0.08
354,98,"(60, 1)",1,-0.08
354,99,"(61, 1)",1,-0.08
354,100,"(62, 1)",1,-0.08
354,101,"(63, 1)",1,-0.08
354,102,"(64, 1)",1,-0.08
354,103,"(65, 1)",1,-0.08
354,104,"(66, 1)",1,-0.08
354,105,"(67, 1)",1,-0.08
354,106,"(68, 1)",1,-0.08
354,107,"(69, 1)",1,-0.08
354,108,"(70, 1)",1,-0.08
354,109,"(71, 1)",2,-0.08
354,110,"(71, 2)",2,-0.08
354,111,"(71, 3)",1,-0.08
354,112,"(72, 3)",1,-0.08
354,113,"(73, 3)",1,-0.08
354,114,"(74, 3)",1,-0.08
354,115,"(75, 3)",1,-0.08
354,116,"(76, 3)",1,-0.08
354,117,"(77, 3)",0,-0.08
354,118,"(77, 2)",0,-0.08
354,119,"(77, 1)",1,-0.08
354,120,"(78, 1)",1,-0.08
354,121,"(79, 1)",0,8.33
355,0,"(0, 39)",1,-0.08
355,1,"(1, 39)",1,-0.08
355,2,"(2, 39)",1,-0.08
355,3,"(3, 39)",1,-0.08
355,4,"(4, 39)",1,-0.08
355,5,"(5, 39)",1,-0.08
355,6,"(6, 39)",1,-0.08
355,7,"(7, 39)",1,-0.08
355,8,"(8, 39)",1,-0.08
355,9,"(9, 39)",1,-0.08
355,10,"(10, 39)",0,-0.08
355,11,"(10, 38)",0,-0.08
355,12,"(10, 37)",1,-0.08
355,13,"(11, 37)",1,-0.08
355,14,"(12, 37)",1,-0.08
355,15,"(13, 37)",1,-0.08
355,16,"(14, 37)",1,-0.08
355,17,"(15, 37)",0,-0.08
355,18,"(15, 36)",0,-0.08
355,19,"(15, 35)",0,-0.08
355,20,"(15, 34)",0,-0.08
355,21,"(15, 33)",1,-0.08
355,22,"(16, 33)",1,-0.08
355,23,"(17, 33)",1,-0.08
355,24,"(18, 33)",1,-0.08
355,25,"(19, 33)",0,-0.08
355,26,"(19, 32)",0,-0.08
355,27,"(19, 31)",0,-0.08
355,28,"(19, 30)",0,-0.08
355,29,"(19, 29)",1,-0.08
355,30,"(20, 29)",0,-0.08
355,31,"(20, 28)",0,-0.08
355,32,"(20, 27)",1,-0.08
355,33,"(21, 27)",0,-0.08
355,34,"(21, 26)",1,-0.08
355,35,"(22, 26)",0,-0.08
355,36,"(22, 25)",0,-0.08
355,37,"(22, 24)",0,-0.08
355,38,"(22, 23)",1,-0.08
355,39,"(23, 23)",1,-0.08
355,40,"(24, 23)",1,-0.08
355,41,"(25, 23)",0,-0.08
355,42,"(25, 22)",0,-0.08
355,43,"(25, 21)",1,-0.08
355,44,"(26, 21)",1,-0.08
355,45,"(27, 21)",0,-0.08
355,46,"(27, 20)",0,-0.08
355,47,"(27, 19)",0,-0.08
355,48,"(27, 18)",0,-0.08
355,49,"(27, 17)",1,-0.08
355,50,"(28, 17)",1,-0.08
355,51,"(29, 17)",1,-0.08
355,52,"(30, 17)",1,-0.08
355,53,"(31, 17)",1,-0.08
355,54,"(32, 17)",0,-0.08
355,55,"(32, 16)",0,-0.08
355,56,"(32, 15)",0,-0.08
355,57,"(32, 14)",0,-0.08
355,58,"(32, 13)",1,-0.08
355,59,"(33, 13)",1,-0.08
355,60,"(34, 13)",1,-0.08
355,61,"(35, 13)",1,-0.08
355,62,"(36, 13)",1,-0.08
355,63,"(37, 13)",1,-0.08
355,64,"(38, 13)",1,-0.08
355,65,"(39, 13)",0,-0.08
355,66,"(39, 12)",0,-0.08
355,67,"(39, 11)",1,-0.08
355,68,"(40, 11)",1,-0.08
355,69,"(41, 11)",1,-0.08
355,70,"(42, 11)",1,-0.08
355,71,"(43, 11)",1,-0.08
355,72,"(44, 11)",1,-0.08
355,73,"(45, 11)",0,-0.08
355,74,"(45, 10)",1,-0.08
355,75,"(46, 10)",0,-0.08
355,76,"(46, 9)",0,-0.08
355,77,"(46, 8)",0,-0.08
355,78,"(46, 7)",1,-0.08
355,79,"(47, 7)",0,-0.08
355,80,"(47, 6)",1,-0.08
355,81,"(48, 6)",1,-0.08
355,82,"(49, 6)",0,-0.08
355,83,"(49, 5)",1,-0.08
355,84,"(50, 5)",1,-0.08
355,85,"(51, 5)",1,-0.08
355,86,"(52, 5)",1,-0.08
355,87,"(53, 5)",0,-0.08
355,88,"(53, 4)",0,-0.08
355,89,"(53, 3)",1,-0.08
355,90,"(54, 3)",1,-0.08
355,91,"(55, 3)",1,-0.08
355,92,"(56, 3)",0,-0.08
355,93,"(56, 2)",0,-0.08
355,94,"(56, 1)",1,-0.08
355,95,"(57, 1)",1,-0.08
355,96,"(58, 1)",1,-0.08
355,97,"(59, 1)",1,-0.08
355,98,"(60, 1)",1,-0.08
355,99,"(61, 1)",1,-0.08
355,100,"(62, 1)",1,-0.08
355,101,"(63, 1)",1,-0.08
355,102,"(64, 1)",1,-0.08
355,103,"(65, 1)",1,-0.08
355,104,"(66, 1)",1,-0.08
355,105,"(67, 1)",1,-0.08
355,106,"(68, 1)",1,-0.08
355,107,"(69, 1)",1,-0.08
355,108,"(70, 1)",1,-0.08
355,109,"(71, 1)",2,-0.08
355,110,"(71, 2)",2,-0.08
355,111,"(71, 3)",1,-0.08
355,112,"(72, 3)",1,-0.08
355,113,"(73, 3)",1,-0.08
355,114,"(74, 3)",1,-0.08
355,115,"(75, 3)",1,-0.08
355,116,"(76, 3)",1,-0.08
355,117,"(77, 3)",0,-0.08
355,118,"(77, 2)",0,-0.08
355,119,"(77, 1)",1,-0.08
355,120,"(78, 1)",1,-0.08
355,121,"(79, 1)",0,8.33
356,0,"(0, 39)",1,-0.08
356,1,"(1, 39)",1,-0.08
356,2,"(2, 39)",1,-0.08
356,3,"(3, 39)",1,-0.08
356,4,"(4, 39)",1,-0.08
356,5,"(5, 39)",1,-0.08
356,6,"(6, 39)",1,-0.08
356,7,"(7, 39)",1,-0.08
356,8,"(8, 39)",1,-0.08
356,9,"(9, 39)",1,-0.08
356,10,"(10, 39)",0,-0.08
356,11,"(10, 38)",0,-0.08
356,12,"(10, 37)",1,-0.08
356,13,"(11, 37)",1,-0.08
356,14,"(12, 37)",1,-0.08
356,15,"(13, 37)",1,-0.08
356,16,"(14, 37)",1,-0.08
356,17,"(15, 37)",1,-0.08
356,18,"(16, 37)",0,-0.08
356,19,"(16, 36)",1,-0.08
356,20,"(17, 36)",0,-0.08
356,21,"(17, 35)",0,-0.08
356,22,"(17, 34)",1,-0.08
356,23,"(18, 34)",0,-0.08
356,24,"(18, 33)",1,-0.08
356,25,"(19, 33)",0,-0.08
356,26,"(19, 32)",0,-0.08
356,27,"(19, 31)",0,-0.08
356,28,"(19, 30)",0,-0.08
356,29,"(19, 29)",1,-0.08
356,30,"(20, 29)",0,-0.08
356,31,"(20, 28)",0,-0.08
356,32,"(20, 27)",1,-0.08
356,33,"(21, 27)",0,-0.08
356,34,"(21, 26)",0,-0.08
356,35,"(21, 25)",1,-0.08
356,36,"(22, 25)",0,-0.08
356,37,"(22, 24)",0,-0.08
356,38,"(22, 23)",1,-0.08
356,39,"(23, 23)",1,-0.08
356,40,"(24, 23)",1,-0.08
356,41,"(25, 23)",0,-0.08
356,42,"(25, 22)",0,-0.08
356,43,"(25, 21)",1,-0.08
356,44,"(26, 21)",1,-0.08
356,45,"(27, 21)",0,-0.08
356,46,"(27, 20)",1,-0.08
356,47,"(28, 20)",0,-0.08
356,48,"(28, 19)",1,-0.08
356,49,"(29, 19)",1,-0.08
356,50,"(30, 19)",1,-0.08
356,51,"(31, 19)",0,-0.08
356,52,"(31, 18)",0,-0.08
356,53,"(31, 17)",1,-0.08
356,54,"(32, 17)",0,-0.08
356,55,"(32, 16)",0,-0.08
356,56,"(32, 15)",0,-0.08
356,57,"(32, 14)",0,-0.08
356,58,"(32, 13)",1,-0.08
356,59,"(33, 13)",1,-0.08
356,60,"(34, 13)",1,-0.08
356,61,"(35, 13)",1,-0.08
356,62,"(36, 13)",1,-0.08
356,63,"(37, 13)",1,-0.08
356,64,"(38, 13)",1,-0.08
356,65,"(39, 13)",1,-0.08
356,66,"(40, 13)",1,-0.08
356,67,"(41, 13)",0,-0.08
356,68,"(41, 12)",0,-0.08
356,69,"(41, 11)",1,-0.08
356,70,"(42, 11)",1,-0.08
356,71,"(43, 11)",1,-0.08
356,72,"(44, 11)",1,-0.08
356,73,"(45, 11)",0,-0.08
356,74,"(45, 10)",1,-0.08
356,75,"(46, 10)",0,-0.08
356,76,"(46, 9)",0,-0.08
356,77,"(46, 8)",0,-0.08
356,78,"(46, 7)",0,-0.08
356,79,"(46, 6)",1,-0.08
356,80,"(47, 6)",1,-0.08
356,81,"(48, 6)",1,-0.08
356,82,"(49, 6)",0,-0.08
356,83,"(49, 5)",1,-0.08
356,84,"(50, 5)",1,-0.08
356,85,"(51, 5)",1,-0.08
356,86,"(52, 5)",1,-0.08
356,87,"(53, 5)",0,-0.08
356,88,"(53, 4)",0,-0.08
356,89,"(53, 3)",1,-0.08
356,90,"(54, 3)",1,-0.08
356,91,"(55, 3)",1,-0.08
356,92,"(56, 3)",1,-0.08
356,93,"(57, 3)",0,-0.08
356,94,"(57, 2)",0,-0.08
356,95,"(57, 1)",1,-0.08
356,96,"(58, 1)",1,-0.08
356,97,"(59, 1)",1,-0.08
356,98,"(60, 1)",1,-0.08
356,99,"(61, 1)",1,-0.08
356,100,"(62, 1)",1,-0.08
356,101,"(63, 1)",1,-0.08
356,102,"(64, 1)",1,-0.08
356,103,"(65, 1)",1,-0.08
356,104,"(66, 1)",1,-0.08
356,105,"(67, 1)",1,-0.08
356,106,"(68, 1)",1,-0.08
356,107,"(69, 1)",1,-0.08
356,108,"(70, 1)",1,-0.08
356,109,"(71, 1)",2,-0.08
356,110,"(71, 2)",2,-0.08
356,111,"(71, 3)",1,-0.08
356,112,"(72, 3)",1,-0.08
356,113,"(73, 3)",1,-0.08
356,114,"(74, 3)",1,-0.08
356,115,"(75, 3)",1,-0.08
356,116,"(76, 3)",1,-0.08
356,117,"(77, 3)",0,-0.08
356,118,"(77, 2)",0,-0.08
356,119,"(77, 1)",1,-0.08
356,120,"(78, 1)",0,-0.08
356,121,"(78, 0)",1,8.33
357,0,"(0, 39)",1,-0.08
357,1,"(1, 39)",1,-0.08
357,2,"(2, 39)",1,-0.08
357,3,"(3, 39)",1,-0.08
357,4,"(4, 39)",1,-0.08
357,5,"(5, 39)",1,-0.08
357,6,"(6, 39)",1,-0.08
357,7,"(7, 39)",1,-0.08
357,8,"(8, 39)",1,-0.08
357,9,"(9, 39)",1,-0.08
357,10,"(10, 39)",0,-0.08
357,11,"(10, 38)",0,-0.08
357,12,"(10, 37)",1,-0.08
357,13,"(11, 37)",1,-0.08
357,14,"(12, 37)",1,-0.08
357,15,"(13, 37)",1,-0.08
357,16,"(14, 37)",1,-0.08
357,17,"(15, 37)",0,-0.08
357,18,"(15, 36)",1,-0.08
357,19,"(16, 36)",1,-0.08
357,20,"(17, 36)",0,-0.08
357,21,"(17, 35)",1,-0.08
357,22,"(18, 35)",0,-0.08
357,23,"(18, 34)",0,-0.08
357,24,"(18, 33)",1,-0.08
357,25,"(19, 33)",0,-0.08
357,26,"(19, 32)",0,-0.08
357,27,"(19, 31)",0,-0.08
357,28,"(19, 30)",0,-0.08
357,29,"(19, 29)",1,-0.08
357,30,"(20, 29)",0,-0.08
357,31,"(20, 28)",0,-0.08
357,32,"(20, 27)",1,-0.08
357,33,"(21, 27)",0,-0.08
357,34,"(21, 26)",1,-0.08
357,35,"(22, 26)",0,-0.08
357,36,"(22, 25)",0,-0.08
357,37,"(22, 24)",0,-0.08
357,38,"(22, 23)",1,-0.08
357,39,"(23, 23)",1,-0.08
357,40,"(24, 23)",1,-0.08
357,41,"(25, 23)",0,-0.08
357,42,"(25, 22)",0,-0.08
357,43,"(25, 21)",0,-0.08
357,44,"(25, 20)",0,-0.08
357,45,"(25, 19)",1,-0.08
357,46,"(26, 19)",1,-0.08
357,47,"(27, 19)",1,-0.08
357,48,"(28, 19)",1,-0.08
357,49,"(29, 19)",1,-0.08
357,50,"(30, 19)",1,-0.08
357,51,"(31, 19)",0,-0.08
357,52,"(31, 18)",0,-0.08
357,53,"(31, 17)",1,-0.08
357,54,"(32, 17)",1,-0.08
357,55,"(33, 17)",1,-0.08
357,56,"(34, 17)",1,-0.08
357,57,"(35, 17)",0,-0.08
357,58,"(35, 16)",0,-0.08
357,59,"(35, 15)",0,-0.08
357,60,"(35, 14)",0,-0.08
357,61,"(35, 13)",1,-0.08
357,62,"(36, 13)",1,-0.08
357,63,"(37, 13)",1,-0.08
357,64,"(38, 13)",1,-0.08
357,65,"(39, 13)",0,-0.08
357,66,"(39, 12)",0,-0.08
357,67,"(39, 11)",1,-0.08
357,68,"(40, 11)",1,-0.08
357,69,"(41, 11)",1,-0.08
357,70,"(42, 11)",1,-0.08
357,71,"(43, 11)",1,-0.08
357,72,"(44, 11)",1,-0.08
357,73,"(45, 11)",0,-0.08
357,74,"(45, 10)",0,-0.08
357,75,"(45, 9)",1,-0.08
357,76,"(46, 9)",0,-0.08
357,77,"(46, 8)",0,-0.08
357,78,"(46, 7)",1,-0.08
357,79,"(47, 7)",0,-0.08
357,80,"(47, 6)",1,-0.08
357,81,"(48, 6)",1,-0.08
357,82,"(49, 6)",0,-0.08
357,83,"(49, 5)",1,-0.08
357,84,"(50, 5)",1,-0.08
357,85,"(51, 5)",0,-0.08
357,86,"(51, 4)",0,-0.08
357,87,"(51, 3)",0,-0.08
357,88,"(51, 2)",1,-0.08
357,89,"(52, 2)",0,-0.08
357,90,"(52, 1)",1,-0.08
357,91,"(53, 1)",1,-0.08
357,92,"(54, 1)",1,-0.08
357,93,"(55, 1)",1,-0.08
357,94,"(56, 1)",1,-0.08
357,95,"(57, 1)",1,-0.08
357,96,"(58, 1)",1,-0.08
357,97,"(59, 1)",1,-0.08
357,98,"(60, 1)",1,-0.08
357,99,"(61, 1)",1,-0.08
357,100,"(62, 1)",1,-0.08
357,101,"(63, 1)",1,-0.08
357,102,"(64, 1)",1,-0.08
357,103,"(65, 1)",1,-0.08
357,104,"(66, 1)",1,-0.08
357,105,"(67, 1)",1,-0.08
357,106,"(68, 1)",1,-0.08
357,107,"(69, 1)",1,-0.08
357,108,"(70, 1)",1,-0.08
357,109,"(71, 1)",2,-0.08
357,110,"(71, 2)",2,-0.08
357,111,"(71, 3)",1,-0.08
357,112,"(72, 3)",1,-0.08
357,113,"(73, 3)",1,-0.08
357,114,"(74, 3)",1,-0.08
357,115,"(75, 3)",1,-0.08
357,116,"(76, 3)",1,-0.08
357,117,"(77, 3)",0,-0.08
357,118,"(77, 2)",0,-0.08
357,119,"(77, 1)",1,-0.08
357,120,"(78, 1)",1,-0.08
357,121,"(79, 1)",0,8.33
358,0,"(0, 39)",1,-0.08
358,1,"(1, 39)",1,-0.08
358,2,"(2, 39)",1,-0.08
358,3,"(3, 39)",1,-0.08
358,4,"(4, 39)",1,-0.08
358,5,"(5, 39)",1,-0.08
358,6,"(6, 39)",1,-0.08
358,7,"(7, 39)",1,-0.08
358,8,"(8, 39)",1,-0.08
358,9,"(9, 39)",1,-0.08
358,10,"(10, 39)",0,-0.08
358,11,"(10, 38)",1,-0.08
358,12,"(11, 38)",0,-0.08
358,13,"(11, 37)",1,-0.08
358,14,"(12, 37)",1,-0.08
358,15,"(13, 37)",1,-0.08
358,16,"(14, 37)",1,-0.08
358,17,"(15, 37)",0,-0.08
358,18,"(15, 36)",1,-0.08
358,19,"(16, 36)",1,-0.08
358,20,"(17, 36)",0,-0.08
358,21,"(17, 35)",0,-0.08
358,22,"(17, 34)",0,-0.08
358,23,"(17, 33)",1,-0.08
358,24,"(18, 33)",1,-0.08
358,25,"(19, 33)",0,-0.08
358,26,"(19, 32)",0,-0.08
358,27,"(19, 31)",0,-0.08
358,28,"(19, 30)",0,-0.08
358,29,"(19, 29)",1,-0.08
358,30,"(20, 29)",0,-0.08
358,31,"(20, 28)",0,-0.08
358,32,"(20, 27)",1,-0.08
358,33,"(21, 27)",0,-0.08
358,34,"(21, 26)",0,-0.08
358,35,"(21, 25)",1,-0.08
358,36,"(22, 25)",0,-0.08
358,37,"(22, 24)",0,-0.08
358,38,"(22, 23)",1,-0.08
358,39,"(23, 23)",1,-0.08
358,40,"(24, 23)",1,-0.08
358,41,"(25, 23)",0,-0.08
358,42,"(25, 22)",0,-0.08
358,43,"(25, 21)",0,-0.08
358,44,"(25, 20)",0,-0.08
358,45,"(25, 19)",0,-0.08
358,46,"(25, 18)",1,-0.08
358,47,"(26, 18)",1,-0.08
358,48,"(27, 18)",0,-0.08
358,49,"(27, 17)",0,-0.08
358,50,"(27, 16)",1,-0.08
358,51,"(28, 16)",1,-0.08
358,52,"(29, 16)",0,-0.08
358,53,"(29, 15)",1,-0.08
358,54,"(30, 15)",1,-0.08
358,55,"(31, 15)",0,-0.08
358,56,"(31, 14)",0,-0.08
358,57,"(31, 13)",1,-0.08
358,58,"(32, 13)",1,-0.08
358,59,"(33, 13)",1,-0.08
358,60,"(34, 13)",1,-0.08
358,61,"(35, 13)",1,-0.08
358,62,"(36, 13)",1,-0.08
358,63,"(37, 13)",1,-0.08
358,64,"(38, 13)",1,-0.08
358,65,"(39, 13)",1,-0.08
358,66,"(40, 13)",1,-0.08
358,67,"(41, 13)",0,-0.08
358,68,"(41, 12)",0,-0.08
358,69,"(41, 11)",1,-0.08
358,70,"(42, 11)",1,-0.08
358,71,"(43, 11)",1,-0.08
358,72,"(44, 11)",1,-0.08
358,73,"(45, 11)",0,-0.08
358,74,"(45, 10)",0,-0.08
358,75,"(45, 9)",0,-0.08
358,76,"(45, 8)",0,-0.08
358,77,"(45, 7)",1,-0.08
358,78,"(46, 7)",1,-0.08
358,79,"(47, 7)",0,-0.08
358,80,"(47, 6)",1,-0.08
358,81,"(48, 6)",1,-0.08
358,82,"(49, 6)",0,-0.08
358,83,"(49, 5)",1,-0.08
358,84,"(50, 5)",1,-0.08
358,85,"(51, 5)",0,-0.08
358,86,"(51, 4)",0,-0.08
358,87,"(51, 3)",0,-0.08
358,88,"(51, 2)",1,-0.08
358,89,"(52, 2)",0,-0.08
358,90,"(52, 1)",1,-0.08
358,91,"(53, 1)",1,-0.08
358,92,"(54, 1)",1,-0.08
358,93,"(55, 1)",1,-0.08
358,94,"(56, 1)",1,-0.08
358,95,"(57, 1)",1,-0.08
358,96,"(58, 1)",1,-0.08
358,97,"(59, 1)",1,-0.08
358,98,"(60, 1)",1,-0.08
358,99,"(61, 1)",1,-0.08
358,100,"(62, 1)",1,-0.08
358,101,"(63, 1)",1,-0.08
358,102,"(64, 1)",1,-0.08
358,103,"(65, 1)",1,-0.08
358,104,"(66, 1)",1,-0.08
358,105,"(67, 1)",1,-0.08
358,106,"(68, 1)",1,-0.08
358,107,"(69, 1)",1,-0.08
358,108,"(70, 1)",1,-0.08
358,109,"(71, 1)",2,-0.08
358,110,"(71, 2)",2,-0.08
358,111,"(71, 3)",1,-0.08
358,112,"(72, 3)",1,-0.08
358,113,"(73, 3)",0,-0.08
358,114,"(73, 2)",0,-0.08
358,115,"(73, 1)",1,-0.08
358,116,"(74, 1)",0,-0.08
358,117,"(74, 0)",1,-0.08
358,118,"(75, 0)",1,-0.08
358,119,"(76, 0)",1,-0.08
358,120,"(77, 0)",1,-0.08
358,121,"(78, 0)",1,8.33
359,0,"(0, 39)",1,-0.08
359,1,"(1, 39)",1,-0.08
359,2,"(2, 39)",1,-0.08
359,3,"(3, 39)",1,-0.08
359,4,"(4, 39)",1,-0.08
359,5,"(5, 39)",1,-0.08
359,6,"(6, 39)",1,-0.08
359,7,"(7, 39)",1,-0.08
359,8,"(8, 39)",1,-0.08
359,9,"(9, 39)",1,-0.08
359,10,"(10, 39)",1,-0.08
359,11,"(11, 39)",1,-0.08
359,12,"(12, 39)",1,-0.08
359,13,"(13, 39)",1,-0.08
359,14,"(14, 39)",0,-0.08
359,15,"(14, 38)",0,-0.08
359,16,"(14, 37)",1,-0.08
359,17,"(15, 37)",1,-0.08
359,18,"(16, 37)",1,-0.08
359,19,"(17, 37)",0,-0.08
359,20,"(17, 36)",0,-0.08
359,21,"(17, 35)",0,-0.08
359,22,"(17, 34)",1,-0.08
359,23,"(18, 34)",1,-0.08
359,24,"(19, 34)",0,-0.08
359,25,"(19, 33)",0,-0.08
359,26,"(19, 32)",0,-0.08
359,27,"(19, 31)",0,-0.08
359,28,"(19, 30)",0,-0.08
359,29,"(19, 29)",1,-0.08
359,30,"(20, 29)",0,-0.08
359,31,"(20, 28)",0,-0.08
359,32,"(20, 27)",1,-0.08
359,33,"(21, 27)",0,-0.08
359,34,"(21, 26)",0,-0.08
359,35,"(21, 25)",1,-0.08
359,36,"(22, 25)",0,-0.08
359,37,"(22, 24)",0,-0.08
359,38,"(22, 23)",1,-0.08
359,39,"(23, 23)",1,-0.08
359,40,"(24, 23)",1,-0.08
359,41,"(25, 23)",0,-0.08
359,42,"(25, 22)",0,-0.08
359,43,"(25, 21)",1,-0.08
359,44,"(26, 21)",1,-0.08
359,45,"(27, 21)",0,-0.08
359,46,"(27, 20)",0,-0.08
359,47,"(27, 19)",0,-0.08
359,48,"(27, 18)",0,-0.08
359,49,"(27, 17)",0,-0.08
359,50,"(27, 16)",1,-0.08
359,51,"(28, 16)",1,-0.08
359,52,"(29, 16)",0,-0.08
359,53,"(29, 15)",1,-0.08
359,54,"(30, 15)",1,-0.08
359,55,"(31, 15)",1,-0.08
359,56,"(32, 15)",0,-0.08
359,57,"(32, 14)",0,-0.08
359,58,"(32, 13)",1,-0.08
359,59,"(33, 13)",1,-0.08
359,60,"(34, 13)",1,-0.08
359,61,"(35, 13)",1,-0.08
359,62,"(36, 13)",1,-0.08
359,63,"(37, 13)",1,-0.08
359,64,"(38, 13)",1,-0.08
359,65,"(39, 13)",0,-0.08
359,66,"(39, 12)",0,-0.08
359,67,"(39, 11)",1,-0.08
359,68,"(40, 11)",1,-0.08
359,69,"(41, 11)",1,-0.08
359,70,"(42, 11)",1,-0.08
359,71,"(43, 11)",1,-0.08
359,72,"(44, 11)",1,-0.08
359,73,"(45, 11)",0,-0.08
359,74,"(45, 10)",0,-0.08
359,75,"(45, 9)",1,-0.08
359,76,"(46, 9)",0,-0.08
359,77,"(46, 8)",0,-0.08
359,78,"(46, 7)",1,-0.08
359,79,"(47, 7)",0,-0.08
359,80,"(47, 6)",1,-0.08
359,81,"(48, 6)",1,-0.08
359,82,"(49, 6)",0,-0.08
359,83,"(49, 5)",1,-0.08
359,84,"(50, 5)",1,-0.08
359,85,"(51, 5)",1,-0.08
359,86,"(52, 5)",1,-0.08
359,87,"(53, 5)",0,-0.08
359,88,"(53, 4)",0,-0.08
359,89,"(53, 3)",0,-0.08
359,90,"(53, 2)",0,-0.08
359,91,"(53, 1)",1,-0.08
359,92,"(54, 1)",1,-0.08
359,93,"(55, 1)",1,-0.08
359,94,"(56, 1)",1,-0.08
359,95,"(57, 1)",1,-0.08
359,96,"(58, 1)",1,-0.08
359,97,"(59, 1)",1,-0.08
359,98,"(60, 1)",1,-0.08
359,99,"(61, 1)",1,-0.08
359,100,"(62, 1)",1,-0.08
359,101,"(63, 1)",1,-0.08
359,102,"(64, 1)",1,-0.08
359,103,"(65, 1)",1,-0.08
359,104,"(66, 1)",1,-0.08
359,105,"(67, 1)",1,-0.08
359,106,"(68, 1)",1,-0.08
359,107,"(69, 1)",1,-0.08
359,108,"(70, 1)",1,-0.08
359,109,"(71, 1)",2,-0.08
359,110,"(71, 2)",2,-0.08
359,111,"(71, 3)",1,-0.08
359,112,"(72, 3)",1,-0.08
359,113,"(73, 3)",1,-0.08
359,114,"(74, 3)",1,-0.08
359,115,"(75, 3)",1,-0.08
359,116,"(76, 3)",1,-0.08
359,117,"(77, 3)",0,-0.08
359,118,"(77, 2)",0,-0.08
359,119,"(77, 1)",1,-0.08
359,120,"(78, 1)",0,-0.08
359,121,"(78, 0)",1,8.33
360,0,"(0, 39)",1,-0.08
360,1,"(1, 39)",1,-0.08
360,2,"(2, 39)",1,-0.08
360,3,"(3, 39)",1,-0.08
360,4,"(4, 39)",1,-0.08
360,5,"(5, 39)",1,-0.08
360,6,"(6, 39)",1,-0.08
360,7,"(7, 39)",1,-0.08
360,8,"(8, 39)",1,-0.08
360,9,"(9, 39)",1,-0.08
360,10,"(10, 39)",1,-0.08
360,11,"(11, 39)",1,-0.08
360,12,"(12, 39)",1,-0.08
360,13,"(13, 39)",1,-0.08
360,14,"(14, 39)",0,-0.08
360,15,"(14, 38)",0,-0.08
360,16,"(14, 37)",1,-0.08
360,17,"(15, 37)",1,-0.08
360,18,"(16, 37)",1,-0.08
360,19,"(17, 37)",0,-0.08
360,20,"(17, 36)",0,-0.08
360,21,"(17, 35)",0,-0.08
360,22,"(17, 34)",0,-0.08
360,23,"(17, 33)",1,-0.08
360,24,"(18, 33)",1,-0.08
360,25,"(19, 33)",0,-0.08
360,26,"(19, 32)",0,-0.08
360,27,"(19, 31)",0,-0.08
360,28,"(19, 30)",0,-0.08
360,29,"(19, 29)",1,-0.08
360,30,"(20, 29)",0,-0.08
360,31,"(20, 28)",0,-0.08
360,32,"(20, 27)",1,-0.08
360,33,"(21, 27)",0,-0.08
360,34,"(21, 26)",0,-0.08
360,35,"(21, 25)",1,-0.08
360,36,"(22, 25)",1,-0.08
360,37,"(23, 25)",1,-0.08
360,38,"(24, 25)",1,-0.08
360,39,"(25, 25)",1,-0.08
360,40,"(26, 25)",1,-0.08
360,41,"(27, 25)",1,-0.08
360,42,"(28, 25)",1,-0.08
360,43,"(29, 25)",1,-0.08
360,44,"(30, 25)",1,-0.08
360,45,"(31, 25)",0,-0.08
360,46,"(31, 24)",0,-0.08
360,47,"(31, 23)",1,-0.08
360,48,"(32, 23)",1,-0.08
360,49,"(33, 23)",0,-0.08
360,50,"(33, 22)",0,-0.08
360,51,"(33, 21)",1,-0.08
360,52,"(34, 21)",1,-0.08
360,53,"(35, 21)",1,-0.08
360,54,"(36, 21)",1,-0.08
360,55,"(37, 21)",1,-0.08
360,56,"(38, 21)",1,-0.08
360,57,"(39, 21)",0,-0.08
360,58,"(39, 20)",0,-0.08
360,59,"(39, 19)",0,-0.08
360,60,"(39, 18)",0,-0.08
360,61,"(39, 17)",0,-0.08
360,62,"(39, 16)",0,-0.08
360,63,"(39, 15)",1,-0.08
360,64,"(40, 15)",0,-0.08
360,65,"(40, 14)",1,-0.08
360,66,"(41, 14)",0,-0.08
360,67,"(41, 13)",0,-0.08
360,68,"(41, 12)",0,-0.08
360,69,"(41, 11)",1,-0.08
360,70,"(42, 11)",1,-0.08
360,71,"(43, 11)",1,-0.08
360,72,"(44, 11)",1,-0.08
360,73,"(45, 11)",0,-0.08
360,74,"(45, 10)",0,-0.08
360,75,"(45, 9)",0,-0.08
360,76,"(45, 8)",0,-0.08
360,77,"(45, 7)",1,-0.08
360,78,"(46, 7)",1,-0.08
360,79,"(47, 7)",0,-0.08
360,80,"(47, 6)",1,-0.08
360,81,"(48, 6)",1,-0.08
360,82,"(49, 6)",0,-0.08
360,83,"(49, 5)",1,-0.08
360,84,"(50, 5)",1,-0.08
360,85,"(51, 5)",1,-0.08
360,86,"(52, 5)",1,-0.08
360,87,"(53, 5)",0,-0.08
360,88,"(53, 4)",0,-0.08
360,89,"(53, 3)",0,-0.08
360,90,"(53, 2)",0,-0.08
360,91,"(53, 1)",1,-0.08
360,92,"(54, 1)",1,-0.08
360,93,"(55, 1)",1,-0.08
360,94,"(56, 1)",1,-0.08
360,95,"(57, 1)",1,-0.08
360,96,"(58, 1)",1,-0.08
360,97,"(59, 1)",1,-0.08
360,98,"(60, 1)",1,-0.08
360,99,"(61, 1)",1,-0.08
360,100,"(62, 1)",1,-0.08
360,101,"(63, 1)",1,-0.08
360,102,"(64, 1)",1,-0.08
360,103,"(65, 1)",1,-0.08
360,104,"(66, 1)",1,-0.08
360,105,"(67, 1)",1,-0.08
360,106,"(68, 1)",1,-0.08
360,107,"(69, 1)",1,-0.08
360,108,"(70, 1)",1,-0.08
360,109,"(71, 1)",2,-0.08
360,110,"(71, 2)",2,-0.08
360,111,"(71, 3)",1,-0.08
360,112,"(72, 3)",1,-0.08
360,113,"(73, 3)",1,-0.08
360,114,"(74, 3)",1,-0.08
360,115,"(75, 3)",1,-0.08
360,116,"(76, 3)",1,-0.08
360,117,"(77, 3)",0,-0.08
360,118,"(77, 2)",0,-0.08
360,119,"(77, 1)",0,-0.08
360,120,"(77, 0)",1,-0.08
360,121,"(78, 0)",1,8.33
361,0,"(0, 39)",1,-0.08
361,1,"(1, 39)",1,-0.08
361,2,"(2, 39)",1,-0.08
361,3,"(3, 39)",1,-0.08
361,4,"(4, 39)",1,-0.08
361,5,"(5, 39)",1,-0.08
361,6,"(6, 39)",1,-0.08
361,7,"(7, 39)",1,-0.08
361,8,"(8, 39)",1,-0.08
361,9,"(9, 39)",1,-0.08
361,10,"(10, 39)",0,-0.08
361,11,"(10, 38)",0,-0.08
361,12,"(10, 37)",1,-0.08
361,13,"(11, 37)",1,-0.08
361,14,"(12, 37)",1,-0.08
361,15,"(13, 37)",1,-0.08
361,16,"(14, 37)",1,-0.08
361,17,"(15, 37)",1,-0.08
361,18,"(16, 37)",1,-0.08
361,19,"(17, 37)",1,-0.08
361,20,"(18, 37)",1,-0.08
361,21,"(19, 37)",0,-0.08
361,22,"(19, 36)",0,-0.08
361,23,"(19, 35)",0,-0.08
361,24,"(19, 34)",0,-0.08
361,25,"(19, 33)",0,-0.08
361,26,"(19, 32)",0,-0.08
361,27,"(19, 31)",0,-0.08
361,28,"(19, 30)",0,-0.08
361,29,"(19, 29)",1,-0.08
361,30,"(20, 29)",0,-0.08
361,31,"(20, 28)",0,-0.08
361,32,"(20, 27)",1,-0.08
361,33,"(21, 27)",0,-0.08
361,34,"(21, 26)",0,-0.08
361,35,"(21, 25)",1,-0.08
361,36,"(22, 25)",1,-0.08
361,37,"(23, 25)",1,-0.08
361,38,"(24, 25)",1,-0.08
361,39,"(25, 25)",0,-0.08
361,40,"(25, 24)",0,-0.08
361,41,"(25, 23)",0,-0.08
361,42,"(25, 22)",0,-0.08
361,43,"(25, 21)",1,-0.08
361,44,"(26, 21)",1,-0.08
361,45,"(27, 21)",0,-0.08
361,46,"(27, 20)",1,-0.08
361,47,"(28, 20)",0,-0.08
361,48,"(28, 19)",1,-0.08
361,49,"(29, 19)",1,-0.08
361,50,"(30, 19)",1,-0.08
361,51,"(31, 19)",1,-0.08
361,52,"(32, 19)",1,-0.08
361,53,"(33, 19)",1,-0.08
361,54,"(34, 19)",1,-0.08
361,55,"(35, 19)",1,-0.08
361,56,"(36, 19)",1,-0.08
361,57,"(37, 19)",0,-0.08
361,58,"(37, 18)",0,-0.08
361,59,"(37, 17)",1,-0.08
361,60,"(38, 17)",1,-0.08
361,61,"(39, 17)",0,-0.08
361,62,"(39, 16)",0,-0.08
361,63,"(39, 15)",1,-0.08
361,64,"(40, 15)",0,-0.08
361,65,"(40, 14)",0,-0.08
361,66,"(40, 13)",1,-0.08
361,67,"(41, 13)",0,-0.08
361,68,"(41, 12)",0,-0.08
361,69,"(41, 11)",1,-0.08
361,70,"(42, 11)",1,-0.08
361,71,"(43, 11)",1,-0.08
361,72,"(44, 11)",1,-0.08
361,73,"(45, 11)",0,-0.08
361,74,"(45, 10)",1,-0.08
361,75,"(46, 10)",0,-0.08
361,76,"(46, 9)",0,-0.08
361,77,"(46, 8)",0,-0.08
361,78,"(46, 7)",1,-0.08
361,79,"(47, 7)",0,-0.08
361,80,"(47, 6)",1,-0.08
361,81,"(48, 6)",1,-0.08
361,82,"(49, 6)",0,-0.08
361,83,"(49, 5)",1,-0.08
361,84,"(50, 5)",1,-0.08
361,85,"(51, 5)",1,-0.08
361,86,"(52, 5)",1,-0.08
361,87,"(53, 5)",0,-0.08
361,88,"(53, 4)",0,-0.08
361,89,"(53, 3)",0,-0.08
361,90,"(53, 2)",0,-0.08
361,91,"(53, 1)",1,-0.08
361,92,"(54, 1)",1,-0.08
361,93,"(55, 1)",1,-0.08
361,94,"(56, 1)",1,-0.08
361,95,"(57, 1)",1,-0.08
361,96,"(58, 1)",1,-0.08
361,97,"(59, 1)",1,-0.08
361,98,"(60, 1)",1,-0.08
361,99,"(61, 1)",1,-0.08
361,100,"(62, 1)",1,-0.08
361,101,"(63, 1)",1,-0.08
361,102,"(64, 1)",1,-0.08
361,103,"(65, 1)",1,-0.08
361,104,"(66, 1)",1,-0.08
361,105,"(67, 1)",1,-0.08
361,106,"(68, 1)",1,-0.08
361,107,"(69, 1)",1,-0.08
361,108,"(70, 1)",1,-0.08
361,109,"(71, 1)",2,-0.08
361,110,"(71, 2)",2,-0.08
361,111,"(71, 3)",1,-0.08
361,112,"(72, 3)",1,-0.08
361,113,"(73, 3)",1,-0.08
361,114,"(74, 3)",1,-0.08
361,115,"(75, 3)",1,-0.08
361,116,"(76, 3)",1,-0.08
361,117,"(77, 3)",0,-0.08
361,118,"(77, 2)",0,-0.08
361,119,"(77, 1)",1,-0.08
361,120,"(78, 1)",0,-0.08
361,121,"(78, 0)",1,8.33
362,0,"(0, 39)",1,-0.08
362,1,"(1, 39)",1,-0.08
362,2,"(2, 39)",1,-0.08
362,3,"(3, 39)",1,-0.08
362,4,"(4, 39)",1,-0.08
362,5,"(5, 39)",1,-0.08
362,6,"(6, 39)",1,-0.08
362,7,"(7, 39)",1,-0.08
362,8,"(8, 39)",1,-0.08
362,9,"(9, 39)",1,-0.08
362,10,"(10, 39)",1,-0.08
362,11,"(11, 39)",1,-0.08
362,12,"(12, 39)",1,-0.08
362,13,"(13, 39)",1,-0.08
362,14,"(14, 39)",0,-0.08
362,15,"(14, 38)",0,-0.08
362,16,"(14, 37)",1,-0.08
362,17,"(15, 37)",1,-0.08
362,18,"(16, 37)",0,-0.08
362,19,"(16, 36)",1,-0.08
362,20,"(17, 36)",0,-0.08
362,21,"(17, 35)",1,-0.08
362,22,"(18, 35)",1,-0.08
362,23,"(19, 35)",0,-0.08
362,24,"(19, 34)",0,-0.08
362,25,"(19, 33)",0,-0.08
362,26,"(19, 32)",0,-0.08
362,27,"(19, 31)",0,-0.08
362,28,"(19, 30)",0,-0.08
362,29,"(19, 29)",1,-0.08
362,30,"(20, 29)",0,-0.08
362,31,"(20, 28)",0,-0.08
362,32,"(20, 27)",1,-0.08
362,33,"(21, 27)",0,-0.08
362,34,"(21, 26)",0,-0.08
362,35,"(21, 25)",1,-0.08
362,36,"(22, 25)",0,-0.08
362,37,"(22, 24)",0,-0.08
362,38,"(22, 23)",1,-0.08
362,39,"(23, 23)",1,-0.08
362,40,"(24, 23)",1,-0.08
362,41,"(25, 23)",0,-0.08
362,42,"(25, 22)",0,-0.08
362,43,"(25, 21)",0,-0.08
362,44,"(25, 20)",0,-0.08
362,45,"(25, 19)",0,-0.08
362,46,"(25, 18)",1,-0.08
362,47,"(26, 18)",1,-0.08
362,48,"(27, 18)",0,-0.08
362,49,"(27, 17)",1,-0.08
362,50,"(28, 17)",0,-0.08
362,51,"(28, 16)",1,-0.08
362,52,"(29, 16)",0,-0.08
362,53,"(29, 15)",1,-0.08
362,54,"(30, 15)",1,-0.08
362,55,"(31, 15)",1,-0.08
362,56,"(32, 15)",0,-0.08
362,57,"(32, 14)",0,-0.08
362,58,"(32, 13)",1,-0.08
362,59,"(33, 13)",1,-0.08
362,60,"(34, 13)",1,-0.08
362,61,"(35, 13)",1,-0.08
362,62,"(36, 13)",1,-0.08
362,63,"(37, 13)",1,-0.08
362,64,"(38, 13)",1,-0.08
362,65,"(39, 13)",0,-0.08
362,66,"(39, 12)",0,-0.08
362,67,"(39, 11)",1,-0.08
362,68,"(40, 11)",1,-0.08
362,69,"(41, 11)",1,-0.08
362,70,"(42, 11)",1,-0.08
362,71,"(43, 11)",1,-0.08
362,72,"(44, 11)",1,-0.08
362,73,"(45, 11)",0,-0.08
362,74,"(45, 10)",0,-0.08
362,75,"(45, 9)",1,-0.08
362,76,"(46, 9)",0,-0.08
362,77,"(46, 8)",0,-0.08
362,78,"(46, 7)",0,-0.08
362,79,"(46, 6)",1,-0.08
362,80,"(47, 6)",1,-0.08
362,81,"(48, 6)",1,-0.08
362,82,"(49, 6)",0,-0.08
362,83,"(49, 5)",1,-0.08
362,84,"(50, 5)",1,-0.08
362,85,"(51, 5)",1,-0.08
362,86,"(52, 5)",1,-0.08
362,87,"(53, 5)",0,-0.08
362,88,"(53, 4)",0,-0.08
362,89,"(53, 3)",1,-0.08
362,90,"(54, 3)",1,-0.08
362,91,"(55, 3)",1,-0.08
362,92,"(56, 3)",1,-0.08
362,93,"(57, 3)",0,-0.08
362,94,"(57, 2)",1,-0.08
362,95,"(58, 2)",1,-0.08
362,96,"(59, 2)",0,-0.08
362,97,"(59, 1)",1,-0.08
362,98,"(60, 1)",1,-0.08
362,99,"(61, 1)",1,-0.08
362,100,"(62, 1)",1,-0.08
362,101,"(63, 1)",1,-0.08
362,102,"(64, 1)",1,-0.08
362,103,"(65, 1)",1,-0.08
362,104,"(66, 1)",1,-0.08
362,105,"(67, 1)",1,-0.08
362,106,"(68, 1)",1,-0.08
362,107,"(69, 1)",1,-0.08
362,108,"(70, 1)",1,-0.08
362,109,"(71, 1)",2,-0.08
362,110,"(71, 2)",2,-0.08
362,111,"(71, 3)",1,-0.08
362,112,"(72, 3)",1,-0.08
362,113,"(73, 3)",0,-0.08
362,114,"(73, 2)",0,-0.08
362,115,"(73, 1)",1,-0.08
362,116,"(74, 1)",0,-0.08
362,117,"(74, 0)",1,-0.08
362,118,"(75, 0)",1,-0.08
362,119,"(76, 0)",1,-0.08
362,120,"(77, 0)",1,-0.08
362,121,"(78, 0)",1,8.33
363,0,"(0, 39)",1,-0.08
363,1,"(1, 39)",1,-0.08
363,2,"(2, 39)",1,-0.08
363,3,"(3, 39)",1,-0.08
363,4,"(4, 39)",1,-0.08
363,5,"(5, 39)",1,-0.08
363,6,"(6, 39)",1,-0.08
363,7,"(7, 39)",1,-0.08
363,8,"(8, 39)",1,-0.08
363,9,"(9, 39)",1,-0.08
363,10,"(10, 39)",0,-0.08
363,11,"(10, 38)",0,-0.08
363,12,"(10, 37)",1,-0.08
363,13,"(11, 37)",1,-0.08
363,14,"(12, 37)",1,-0.08
363,15,"(13, 37)",1,-0.08
363,16,"(14, 37)",1,-0.08
363,17,"(15, 37)",1,-0.08
363,18,"(16, 37)",0,-0.08
363,19,"(16, 36)",1,-0.08
363,20,"(17, 36)",0,-0.08
363,21,"(17, 35)",0,-0.08
363,22,"(17, 34)",1,-0.08
363,23,"(18, 34)",1,-0.08
363,24,"(19, 34)",0,-0.08
363,25,"(19, 33)",0,-0.08
363,26,"(19, 32)",0,-0.08
363,27,"(19, 31)",0,-0.08
363,28,"(19, 30)",0,-0.08
363,29,"(19, 29)",1,-0.08
363,30,"(20, 29)",0,-0.08
363,31,"(20, 28)",0,-0.08
363,32,"(20, 27)",1,-0.08
363,33,"(21, 27)",0,-0.08
363,34,"(21, 26)",0,-0.08
363,35,"(21, 25)",1,-0.08
363,36,"(22, 25)",1,-0.08
363,37,"(23, 25)",1,-0.08
363,38,"(24, 25)",1,-0.08
363,39,"(25, 25)",0,-0.08
363,40,"(25, 24)",0,-0.08
363,41,"(25, 23)",0,-0.08
363,42,"(25, 22)",0,-0.08
363,43,"(25, 21)",1,-0.08
363,44,"(26, 21)",1,-0.08
363,45,"(27, 21)",0,-0.08
363,46,"(27, 20)",0,-0.08
363,47,"(27, 19)",1,-0.08
363,48,"(28, 19)",1,-0.08
363,49,"(29, 19)",1,-0.08
363,50,"(30, 19)",1,-0.08
363,51,"(31, 19)",0,-0.08
363,52,"(31, 18)",0,-0.08
363,53,"(31, 17)",1,-0.08
363,54,"(32, 17)",1,-0.08
363,55,"(33, 17)",1,-0.08
363,56,"(34, 17)",1,-0.08
363,57,"(35, 17)",0,-0.08
363,58,"(35, 16)",0,-0.08
363,59,"(35, 15)",0,-0.08
363,60,"(35, 14)",0,-0.08
363,61,"(35, 13)",1,-0.08
363,62,"(36, 13)",1,-0.08
363,63,"(37, 13)",1,-0.08
363,64,"(38, 13)",1,-0.08
363,65,"(39, 13)",0,-0.08
363,66,"(39, 12)",0,-0.08
363,67,"(39, 11)",1,-0.08
363,68,"(40, 11)",1,-0.08
363,69,"(41, 11)",1,-0.08
363,70,"(42, 11)",1,-0.08
363,71,"(43, 11)",1,-0.08
363,72,"(44, 11)",1,-0.08
363,73,"(45, 11)",0,-0.08
363,74,"(45, 10)",1,-0.08
363,75,"(46, 10)",0,-0.08
363,76,"(46, 9)",0,-0.08
363,77,"(46, 8)",0,-0.08
363,78,"(46, 7)",0,-0.08
363,79,"(46, 6)",1,-0.08
363,80,"(47, 6)",1,-0.08
363,81,"(48, 6)",1,-0.08
363,82,"(49, 6)",0,-0.08
363,83,"(49, 5)",1,-0.08
363,84,"(50, 5)",1,-0.08
363,85,"(51, 5)",0,-0.08
363,86,"(51, 4)",0,-0.08
363,87,"(51, 3)",0,-0.08
363,88,"(51, 2)",0,-0.08
363,89,"(51, 1)",1,-0.08
363,90,"(52, 1)",1,-0.08
363,91,"(53, 1)",1,-0.08
363,92,"(54, 1)",1,-0.08
363,93,"(55, 1)",1,-0.08
363,94,"(56, 1)",1,-0.08
363,95,"(57, 1)",1,-0.08
363,96,"(58, 1)",1,-0.08
363,97,"(59, 1)",1,-0.08
363,98,"(60, 1)",1,-0.08
363,99,"(61, 1)",1,-0.08
363,100,"(62, 1)",1,-0.08
363,101,"(63, 1)",1,-0.08
363,102,"(64, 1)",1,-0.08
363,103,"(65, 1)",1,-0.08
363,104,"(66, 1)",1,-0.08
363,105,"(67, 1)",1,-0.08
363,106,"(68, 1)",1,-0.08
363,107,"(69, 1)",1,-0.08
363,108,"(70, 1)",1,-0.08
363,109,"(71, 1)",2,-0.08
363,110,"(71, 2)",2,-0.08
363,111,"(71, 3)",1,-0.08
363,112,"(72, 3)",1,-0.08
363,113,"(73, 3)",1,-0.08
363,114,"(74, 3)",1,-0.08
363,115,"(75, 3)",1,-0.08
363,116,"(76, 3)",1,-0.08
363,117,"(77, 3)",0,-0.08
363,118,"(77, 2)",0,-0.08
363,119,"(77, 1)",0,-0.08
363,120,"(77, 0)",1,-0.08
363,121,"(78, 0)",1,8.33
364,0,"(0, 39)",1,-0.08
364,1,"(1, 39)",1,-0.08
364,2,"(2, 39)",1,-0.08
364,3,"(3, 39)",1,-0.08
364,4,"(4, 39)",1,-0.08
364,5,"(5, 39)",1,-0.08
364,6,"(6, 39)",1,-0.08
364,7,"(7, 39)",1,-0.08
364,8,"(8, 39)",1,-0.08
364,9,"(9, 39)",1,-0.08
364,10,"(10, 39)",1,-0.08
364,11,"(11, 39)",1,-0.08
364,12,"(12, 39)",1,-0.08
364,13,"(13, 39)",1,-0.08
364,14,"(14, 39)",0,-0.08
364,15,"(14, 38)",0,-0.08
364,16,"(14, 37)",1,-0.08
364,17,"(15, 37)",1,-0.08
364,18,"(16, 37)",0,-0.08
364,19,"(16, 36)",1,-0.08
364,20,"(17, 36)",0,-0.08
364,21,"(17, 35)",1,-0.08
364,22,"(18, 35)",1,-0.08
364,23,"(19, 35)",0,-0.08
364,24,"(19, 34)",0,-0.08
364,25,"(19, 33)",0,-0.08
364,26,"(19, 32)",0,-0.08
364,27,"(19, 31)",0,-0.08
364,28,"(19, 30)",0,-0.08
364,29,"(19, 29)",1,-0.08
364,30,"(20, 29)",0,-0.08
364,31,"(20, 28)",0,-0.08
364,32,"(20, 27)",1,-0.08
364,33,"(21, 27)",0,-0.08
364,34,"(21, 26)",0,-0.08
364,35,"(21, 25)",1,-0.08
364,36,"(22, 25)",0,-0.08
364,37,"(22, 24)",0,-0.08
364,38,"(22, 23)",1,-0.08
364,39,"(23, 23)",1,-0.08
364,40,"(24, 23)",1,-0.08
364,41,"(25, 23)",0,-0.08
364,42,"(25, 22)",0,-0.08
364,43,"(25, 21)",0,-0.08
364,44,"(25, 20)",0,-0.08
364,45,"(25, 19)",1,-0.08
364,46,"(26, 19)",0,-0.08
364,47,"(26, 18)",1,-0.08
364,48,"(27, 18)",0,-0.08
364,49,"(27, 17)",1,-0.08
364,50,"(28, 17)",1,-0.08
364,51,"(29, 17)",0,-0.08
364,52,"(29, 16)",0,-0.08
364,53,"(29, 15)",1,-0.08
364,54,"(30, 15)",1,-0.08
364,55,"(31, 15)",0,-0.08
364,56,"(31, 14)",1,-0.08
364,57,"(32, 14)",0,-0.08
364,58,"(32, 13)",1,-0.08
364,59,"(33, 13)",1,-0.08
364,60,"(34, 13)",1,-0.08
364,61,"(35, 13)",1,-0.08
364,62,"(36, 13)",1,-0.08
364,63,"(37, 13)",1,-0.08
364,64,"(38, 13)",1,-0.08
364,65,"(39, 13)",0,-0.08
364,66,"(39, 12)",0,-0.08
364,67,"(39, 11)",1,-0.08
364,68,"(40, 11)",1,-0.08
364,69,"(41, 11)",1,-0.08
364,70,"(42, 11)",1,-0.08
364,71,"(43, 11)",1,-0.08
364,72,"(44, 11)",1,-0.08
364,73,"(45, 11)",0,-0.08
364,74,"(45, 10)",1,-0.08
364,75,"(46, 10)",0,-0.08
364,76,"(46, 9)",0,-0.08
364,77,"(46, 8)",0,-0.08
364,78,"(46, 7)",1,-0.08
364,79,"(47, 7)",0,-0.08
364,80,"(47, 6)",1,-0.08
364,81,"(48, 6)",1,-0.08
364,82,"(49, 6)",0,-0.08
364,83,"(49, 5)",1,-0.08
364,84,"(50, 5)",1,-0.08
364,85,"(51, 5)",1,-0.08
364,86,"(52, 5)",1,-0.08
364,87,"(53, 5)",0,-0.08
364,88,"(53, 4)",0,-0.08
364,89,"(53, 3)",0,-0.08
364,90,"(53, 2)",0,-0.08
364,91,"(53, 1)",1,-0.08
364,92,"(54, 1)",1,-0.08
364,93,"(55, 1)",1,-0.08
364,94,"(56, 1)",1,-0.08
364,95,"(57, 1)",1,-0.08
364,96,"(58, 1)",1,-0.08
364,97,"(59, 1)",1,-0.08
364,98,"(60, 1)",1,-0.08
364,99,"(61, 1)",1,-0.08
364,100,"(62, 1)",1,-0.08
364,101,"(63, 1)",1,-0.08
364,102,"(64, 1)",1,-0.08
364,103,"(65, 1)",1,-0.08
364,104,"(66, 1)",1,-0.08
364,105,"(67, 1)",1,-0.08
364,106,"(68, 1)",1,-0.08
364,107,"(69, 1)",1,-0.08
364,108,"(70, 1)",1,-0.08
364,109,"(71, 1)",2,-0.08
364,110,"(71, 2)",2,-0.08
364,111,"(71, 3)",1,-0.08
364,112,"(72, 3)",1,-0.08
364,113,"(73, 3)",0,-0.08
364,114,"(73, 2)",0,-0.08
364,115,"(73, 1)",0,-0.08
364,116,"(73, 0)",1,-0.08
364,117,"(74, 0)",1,-0.08
364,118,"(75, 0)",1,-0.08
364,119,"(76, 0)",1,-0.08
364,120,"(77, 0)",1,-0.08
364,121,"(78, 0)",1,8.33
365,0,"(0, 39)",1,-0.08
365,1,"(1, 39)",1,-0.08
365,2,"(2, 39)",1,-0.08
365,3,"(3, 39)",1,-0.08
365,4,"(4, 39)",1,-0.08
365,5,"(5, 39)",1,-0.08
365,6,"(6, 39)",1,-0.08
365,7,"(7, 39)",1,-0.08
365,8,"(8, 39)",1,-0.08
365,9,"(9, 39)",1,-0.08
365,10,"(10, 39)",0,-0.08
365,11,"(10, 38)",1,-0.08
365,12,"(11, 38)",0,-0.08
365,13,"(11, 37)",1,-0.08
365,14,"(12, 37)",1,-0.08
365,15,"(13, 37)",1,-0.08
365,16,"(14, 37)",1,-0.08
365,17,"(15, 37)",1,-0.08
365,18,"(16, 37)",0,-0.08
365,19,"(16, 36)",1,-0.08
365,20,"(17, 36)",0,-0.08
365,21,"(17, 35)",1,-0.08
365,22,"(18, 35)",0,-0.08
365,23,"(18, 34)",1,-0.08
365,24,"(19, 34)",0,-0.08
365,25,"(19, 33)",0,-0.08
365,26,"(19, 32)",0,-0.08
365,27,"(19, 31)",0,-0.08
365,28,"(19, 30)",0,-0.08
365,29,"(19, 29)",1,-0.08
365,30,"(20, 29)",0,-0.08
365,31,"(20, 28)",0,-0.08
365,32,"(20, 27)",1,-0.08
365,33,"(21, 27)",0,-0.08
365,34,"(21, 26)",0,-0.08
365,35,"(21, 25)",1,-0.08
365,36,"(22, 25)",1,-0.08
365,37,"(23, 25)",1,-0.08
365,38,"(24, 25)",1,-0.08
365,39,"(25, 25)",1,-0.08
365,40,"(26, 25)",1,-0.08
365,41,"(27, 25)",1,-0.08
365,42,"(28, 25)",1,-0.08
365,43,"(29, 25)",1,-0.08
365,44,"(30, 25)",1,-0.08
365,45,"(31, 25)",0,-0.08
365,46,"(31, 24)",0,-0.08
365,47,"(31, 23)",1,-0.08
365,48,"(32, 23)",1,-0.08
365,49,"(33, 23)",0,-0.08
365,50,"(33, 22)",0,-0.08
365,51,"(33, 21)",1,-0.08
365,52,"(34, 21)",1,-0.08
365,53,"(35, 21)",0,-0.08
365,54,"(35, 20)",0,-0.08
365,55,"(35, 19)",0,-0.08
365,56,"(35, 18)",0,-0.08
365,57,"(35, 17)",1,-0.08
365,58,"(36, 17)",1,-0.08
365,59,"(37, 17)",1,-0.08
365,60,"(38, 17)",1,-0.08
365,61,"(39, 17)",0,-0.08
365,62,"(39, 16)",0,-0.08
365,63,"(39, 15)",1,-0.08
365,64,"(40, 15)",0,-0.08
365,65,"(40, 14)",1,-0.08
365,66,"(41, 14)",0,-0.08
365,67,"(41, 13)",0,-0.08
365,68,"(41, 12)",0,-0.08
365,69,"(41, 11)",1,-0.08
365,70,"(42, 11)",1,-0.08
365,71,"(43, 11)",1,-0.08
365,72,"(44, 11)",1,-0.08
365,73,"(45, 11)",0,-0.08
365,74,"(45, 10)",0,-0.08
365,75,"(45, 9)",1,-0.08
365,76,"(46, 9)",0,-0.08
365,77,"(46, 8)",0,-0.08
365,78,"(46, 7)",0,-0.08
365,79,"(46, 6)",1,-0.08
365,80,"(47, 6)",1,-0.08
365,81,"(48, 6)",1,-0.08
365,82,"(49, 6)",0,-0.08
365,83,"(49, 5)",1,-0.08
365,84,"(50, 5)",1,-0.08
365,85,"(51, 5)",0,-0.08
365,86,"(51, 4)",0,-0.08
365,87,"(51, 3)",0,-0.08
365,88,"(51, 2)",1,-0.08
365,89,"(52, 2)",0,-0.08
365,90,"(52, 1)",1,-0.08
365,91,"(53, 1)",1,-0.08
365,92,"(54, 1)",1,-0.08
365,93,"(55, 1)",1,-0.08
365,94,"(56, 1)",1,-0.08
365,95,"(57, 1)",1,-0.08
365,96,"(58, 1)",1,-0.08
365,97,"(59, 1)",1,-0.08
365,98,"(60, 1)",1,-0.08
365,99,"(61, 1)",1,-0.08
365,100,"(62, 1)",1,-0.08
365,101,"(63, 1)",1,-0.08
365,102,"(64, 1)",1,-0.08
365,103,"(65, 1)",1,-0.08
365,104,"(66, 1)",1,-0.08
365,105,"(67, 1)",1,-0.08
365,106,"(68, 1)",1,-0.08
365,107,"(69, 1)",1,-0.08
365,108,"(70, 1)",1,-0.08
365,109,"(71, 1)",2,-0.08
365,110,"(71, 2)",2,-0.08
365,111,"(71, 3)",1,-0.08
365,112,"(72, 3)",1,-0.08
365,113,"(73, 3)",0,-0.08
365,114,"(73, 2)",0,-0.08
365,115,"(73, 1)",1,-0.08
365,116,"(74, 1)",0,-0.08
365,117,"(74, 0)",1,-0.08
365,118,"(75, 0)",1,-0.08
365,119,"(76, 0)",1,-0.08
365,120,"(77, 0)",1,-0.08
365,121,"(78, 0)",1,8.33
366,0,"(0, 39)",1,-0.08
366,1,"(1, 39)",1,-0.08
366,2,"(2, 39)",1,-0.08
366,3,"(3, 39)",1,-0.08
366,4,"(4, 39)",1,-0.08
366,5,"(5, 39)",1,-0.08
366,6,"(6, 39)",1,-0.08
366,7,"(7, 39)",1,-0.08
366,8,"(8, 39)",1,-0.08
366,9,"(9, 39)",1,-0.08
366,10,"(10, 39)",1,-0.08
366,11,"(11, 39)",1,-0.08
366,12,"(12, 39)",1,-0.08
366,13,"(13, 39)",1,-0.08
366,14,"(14, 39)",0,-0.08
366,15,"(14, 38)",0,-0.08
366,16,"(14, 37)",1,-0.08
366,17,"(15, 37)",1,-0.08
366,18,"(16, 37)",0,-0.08
366,19,"(16, 36)",1,-0.08
366,20,"(17, 36)",0,-0.08
366,21,"(17, 35)",1,-0.08
366,22,"(18, 35)",1,-0.08
366,23,"(19, 35)",0,-0.08
366,24,"(19, 34)",0,-0.08
366,25,"(19, 33)",0,-0.08
366,26,"(19, 32)",0,-0.08
366,27,"(19, 31)",0,-0.08
366,28,"(19, 30)",0,-0.08
366,29,"(19, 29)",1,-0.08
366,30,"(20, 29)",0,-0.08
366,31,"(20, 28)",0,-0.08
366,32,"(20, 27)",1,-0.08
366,33,"(21, 27)",0,-0.08
366,34,"(21, 26)",0,-0.08
366,35,"(21, 25)",1,-0.08
366,36,"(22, 25)",0,-0.08
366,37,"(22, 24)",0,-0.08
366,38,"(22, 23)",1,-0.08
366,39,"(23, 23)",1,-0.08
366,40,"(24, 23)",1,-0.08
366,41,"(25, 23)",0,-0.08
366,42,"(25, 22)",0,-0.08
366,43,"(25, 21)",1,-0.08
366,44,"(26, 21)",1,-0.08
366,45,"(27, 21)",0,-0.08
366,46,"(27, 20)",1,-0.08
366,47,"(28, 20)",0,-0.08
366,48,"(28, 19)",1,-0.08
366,49,"(29, 19)",1,-0.08
366,50,"(30, 19)",1,-0.08
366,51,"(31, 19)",1,-0.08
366,52,"(32, 19)",1,-0.08
366,53,"(33, 19)",1,-0.08
366,54,"(34, 19)",1,-0.08
366,55,"(35, 19)",1,-0.08
366,56,"(36, 19)",1,-0.08
366,57,"(37, 19)",0,-0.08
366,58,"(37, 18)",0,-0.08
366,59,"(37, 17)",0,-0.08
366,60,"(37, 16)",0,-0.08
366,61,"(37, 15)",0,-0.08
366,62,"(37, 14)",1,-0.08
366,63,"(38, 14)",0,-0.08
366,64,"(38, 13)",1,-0.08
366,65,"(39, 13)",0,-0.08
366,66,"(39, 12)",0,-0.08
366,67,"(39, 11)",1,-0.08
366,68,"(40, 11)",1,-0.08
366,69,"(41, 11)",1,-0.08
366,70,"(42, 11)",1,-0.08
366,71,"(43, 11)",1,-0.08
366,72,"(44, 11)",1,-0.08
366,73,"(45, 11)",0,-0.08
366,74,"(45, 10)",0,-0.08
366,75,"(45, 9)",0,-0.08
366,76,"(45, 8)",1,-0.08
366,77,"(46, 8)",0,-0.08
366,78,"(46, 7)",0,-0.08
366,79,"(46, 6)",1,-0.08
366,80,"(47, 6)",1,-0.08
366,81,"(48, 6)",1,-0.08
366,82,"(49, 6)",0,-0.08
366,83,"(49, 5)",1,-0.08
366,84,"(50, 5)",1,-0.08
366,85,"(51, 5)",1,-0.08
366,86,"(52, 5)",1,-0.08
366,87,"(53, 5)",0,-0.08
366,88,"(53, 4)",0,-0.08
366,89,"(53, 3)",1,-0.08
366,90,"(54, 3)",1,-0.08
366,91,"(55, 3)",1,-0.08
366,92,"(56, 3)",1,-0.08
366,93,"(57, 3)",0,-0.08
366,94,"(57, 2)",0,-0.08
366,95,"(57, 1)",1,-0.08
366,96,"(58, 1)",1,-0.08
366,97,"(59, 1)",1,-0.08
366,98,"(60, 1)",1,-0.08
366,99,"(61, 1)",1,-0.08
366,100,"(62, 1)",1,-0.08
366,101,"(63, 1)",1,-0.08
366,102,"(64, 1)",1,-0.08
366,103,"(65, 1)",1,-0.08
366,104,"(66, 1)",1,-0.08
366,105,"(67, 1)",1,-0.08
366,106,"(68, 1)",1,-0.08
366,107,"(69, 1)",1,-0.08
366,108,"(70, 1)",1,-0.08
366,109,"(71, 1)",2,-0.08
366,110,"(71, 2)",2,-0.08
366,111,"(71, 3)",1,-0.08
366,112,"(72, 3)",1,-0.08
366,113,"(73, 3)",0,-0.08
366,114,"(73, 2)",0,-0.08
366,115,"(73, 1)",1,-0.08
366,116,"(74, 1)",0,-0.08
366,117,"(74, 0)",1,-0.08
366,118,"(75, 0)",1,-0.08
366,119,"(76, 0)",1,-0.08
366,120,"(77, 0)",1,-0.08
366,121,"(78, 0)",1,8.33
367,0,"(0, 39)",1,-0.08
367,1,"(1, 39)",1,-0.08
367,2,"(2, 39)",1,-0.08
367,3,"(3, 39)",1,-0.08
367,4,"(4, 39)",1,-0.08
367,5,"(5, 39)",1,-0.08
367,6,"(6, 39)",1,-0.08
367,7,"(7, 39)",1,-0.08
367,8,"(8, 39)",1,-0.08
367,9,"(9, 39)",1,-0.08
367,10,"(10, 39)",0,-0.08
367,11,"(10, 38)",0,-0.08
367,12,"(10, 37)",1,-0.08
367,13,"(11, 37)",1,-0.08
367,14,"(12, 37)",1,-0.08
367,15,"(13, 37)",1,-0.08
367,16,"(14, 37)",1,-0.08
367,17,"(15, 37)",1,-0.08
367,18,"(16, 37)",0,-0.08
367,19,"(16, 36)",1,-0.08
367,20,"(17, 36)",0,-0.08
367,21,"(17, 35)",0,-0.08
367,22,"(17, 34)",0,-0.08
367,23,"(17, 33)",1,-0.08
367,24,"(18, 33)",1,-0.08
367,25,"(19, 33)",0,-0.08
367,26,"(19, 32)",0,-0.08
367,27,"(19, 31)",0,-0.08
367,28,"(19, 30)",0,-0.08
367,29,"(19, 29)",1,-0.08
367,30,"(20, 29)",0,-0.08
367,31,"(20, 28)",0,-0.08
367,32,"(20, 27)",1,-0.08
367,33,"(21, 27)",0,-0.08
367,34,"(21, 26)",0,-0.08
367,35,"(21, 25)",1,-0.08
367,36,"(22, 25)",1,-0.08
367,37,"(23, 25)",1,-0.08
367,38,"(24, 25)",1,-0.08
367,39,"(25, 25)",0,-0.08
367,40,"(25, 24)",0,-0.08
367,41,"(25, 23)",0,-0.08
367,42,"(25, 22)",0,-0.08
367,43,"(25, 21)",0,-0.08
367,44,"(25, 20)",0,-0.08
367,45,"(25, 19)",0,-0.08
367,46,"(25, 18)",1,-0.08
367,47,"(26, 18)",1,-0.08
367,48,"(27, 18)",0,-0.08
367,49,"(27, 17)",1,-0.08
367,50,"(28, 17)",0,-0.08
367,51,"(28, 16)",1,-0.08
367,52,"(29, 16)",0,-0.08
367,53,"(29, 15)",1,-0.08
367,54,"(30, 15)",1,-0.08
367,55,"(31, 15)",0,-0.08
367,56,"(31, 14)",1,-0.08
367,57,"(32, 14)",0,-0.08
367,58,"(32, 13)",1,-0.08
367,59,"(33, 13)",1,-0.08
367,60,"(34, 13)",1,-0.08
367,61,"(35, 13)",1,-0.08
367,62,"(36, 13)",1,-0.08
367,63,"(37, 13)",1,-0.08
367,64,"(38, 13)",1,-0.08
367,65,"(39, 13)",1,-0.08
367,66,"(40, 13)",1,-0.08
367,67,"(41, 13)",0,-0.08
367,68,"(41, 12)",0,-0.08
367,69,"(41, 11)",1,-0.08
367,70,"(42, 11)",1,-0.08
367,71,"(43, 11)",1,-0.08
367,72,"(44, 11)",1,-0.08
367,73,"(45, 11)",0,-0.08
367,74,"(45, 10)",0,-0.08
367,75,"(45, 9)",0,-0.08
367,76,"(45, 8)",1,-0.08
367,77,"(46, 8)",0,-0.08
367,78,"(46, 7)",1,-0.08
367,79,"(47, 7)",0,-0.08
367,80,"(47, 6)",1,-0.08
367,81,"(48, 6)",1,-0.08
367,82,"(49, 6)",0,-0.08
367,83,"(49, 5)",1,-0.08
367,84,"(50, 5)",1,-0.08
367,85,"(51, 5)",1,-0.08
367,86,"(52, 5)",1,-0.08
367,87,"(53, 5)",0,-0.08
367,88,"(53, 4)",0,-0.08
367,89,"(53, 3)",0,-0.08
367,90,"(53, 2)",0,-0.08
367,91,"(53, 1)",1,-0.08
367,92,"(54, 1)",1,-0.08
367,93,"(55, 1)",1,-0.08
367,94,"(56, 1)",1,-0.08
367,95,"(57, 1)",1,-0.08
367,96,"(58, 1)",1,-0.08
367,97,"(59, 1)",1,-0.08
367,98,"(60, 1)",1,-0.08
367,99,"(61, 1)",1,-0.08
367,100,"(62, 1)",1,-0.08
367,101,"(63, 1)",1,-0.08
367,102,"(64, 1)",1,-0.08
367,103,"(65, 1)",1,-0.08
367,104,"(66, 1)",1,-0.08
367,105,"(67, 1)",1,-0.08
367,106,"(68, 1)",1,-0.08
367,107,"(69, 1)",1,-0.08
367,108,"(70, 1)",1,-0.08
367,109,"(71, 1)",2,-0.08
367,110,"(71, 2)",2,-0.08
367,111,"(71, 3)",1,-0.08
367,112,"(72, 3)",1,-0.08
367,113,"(73, 3)",0,-0.08
367,114,"(73, 2)",0,-0.08
367,115,"(73, 1)",1,-0.08
367,116,"(74, 1)",0,-0.08
367,117,"(74, 0)",1,-0.08
367,118,"(75, 0)",1,-0.08
367,119,"(76, 0)",1,-0.08
367,120,"(77, 0)",1,-0.08
367,121,"(78, 0)",1,8.33
368,0,"(0, 39)",1,-0.08
368,1,"(1, 39)",1,-0.08
368,2,"(2, 39)",1,-0.08
368,3,"(3, 39)",1,-0.08
368,4,"(4, 39)",1,-0.08
368,5,"(5, 39)",1,-0.08
368,6,"(6, 39)",1,-0.08
368,7,"(7, 39)",1,-0.08
368,8,"(8, 39)",1,-0.08
368,9,"(9, 39)",1,-0.08
368,10,"(10, 39)",0,-0.08
368,11,"(10, 38)",1,-0.08
368,12,"(11, 38)",0,-0.08
368,13,"(11, 37)",1,-0.08
368,14,"(12, 37)",1,-0.08
368,15,"(13, 37)",1,-0.08
368,16,"(14, 37)",1,-0.08
368,17,"(15, 37)",0,-0.08
368,18,"(15, 36)",0,-0.08
368,19,"(15, 35)",0,-0.08
368,20,"(15, 34)",0,-0.08
368,21,"(15, 33)",1,-0.08
368,22,"(16, 33)",1,-0.08
368,23,"(17, 33)",1,-0.08
368,24,"(18, 33)",1,-0.08
368,25,"(19, 33)",0,-0.08
368,26,"(19, 32)",0,-0.08
368,27,"(19, 31)",0,-0.08
368,28,"(19, 30)",0,-0.08
368,29,"(19, 29)",1,-0.08
368,30,"(20, 29)",0,-0.08
368,31,"(20, 28)",0,-0.08
368,32,"(20, 27)",1,-0.08
368,33,"(21, 27)",0,-0.08
368,34,"(21, 26)",1,-0.08
368,35,"(22, 26)",1,-0.08
368,36,"(23, 26)",1,-0.08
368,37,"(24, 26)",1,-0.08
368,38,"(25, 26)",0,-0.08
368,39,"(25, 25)",0,-0.08
368,40,"(25, 24)",0,-0.08
368,41,"(25, 23)",0,-0.08
368,42,"(25, 22)",0,-0.08
368,43,"(25, 21)",0,-0.08
368,44,"(25, 20)",0,-0.08
368,45,"(25, 19)",1,-0.08
368,46,"(26, 19)",1,-0.08
368,47,"(27, 19)",0,-0.08
368,48,"(27, 18)",0,-0.08
368,49,"(27, 17)",0,-0.08
368,50,"(27, 16)",1,-0.08
368,51,"(28, 16)",1,-0.08
368,52,"(29, 16)",0,-0.08
368,53,"(29, 15)",1,-0.08
368,54,"(30, 15)",1,-0.08
368,55,"(31, 15)",0,-0.08
368,56,"(31, 14)",1,-0.08
368,57,"(32, 14)",0,-0.08
368,58,"(32, 13)",1,-0.08
368,59,"(33, 13)",1,-0.08
368,60,"(34, 13)",1,-0.08
368,61,"(35, 13)",1,-0.08
368,62,"(36, 13)",1,-0.08
368,63,"(37, 13)",1,-0.08
368,64,"(38, 13)",1,-0.08
368,65,"(39, 13)",1,-0.08
368,66,"(40, 13)",1,-0.08
368,67,"(41, 13)",0,-0.08
368,68,"(41, 12)",0,-0.08
368,69,"(41, 11)",1,-0.08
368,70,"(42, 11)",1,-0.08
368,71,"(43, 11)",1,-0.08
368,72,"(44, 11)",1,-0.08
368,73,"(45, 11)",0,-0.08
368,74,"(45, 10)",0,-0.08
368,75,"(45, 9)",1,-0.08
368,76,"(46, 9)",0,-0.08
368,77,"(46, 8)",0,-0.08
368,78,"(46, 7)",1,-0.08
368,79,"(47, 7)",0,-0.08
368,80,"(47, 6)",1,-0.08
368,81,"(48, 6)",1,-0.08
368,82,"(49, 6)",0,-0.08
368,83,"(49, 5)",1,-0.08
368,84,"(50, 5)",1,-0.08
368,85,"(51, 5)",0,-0.08
368,86,"(51, 4)",0,-0.08
368,87,"(51, 3)",0,-0.08
368,88,"(51, 2)",1,-0.08
368,89,"(52, 2)",1,-0.08
368,90,"(53, 2)",0,-0.08
368,91,"(53, 1)",1,-0.08
368,92,"(54, 1)",1,-0.08
368,93,"(55, 1)",1,-0.08
368,94,"(56, 1)",1,-0.08
368,95,"(57, 1)",1,-0.08
368,96,"(58, 1)",1,-0.08
368,97,"(59, 1)",1,-0.08
368,98,"(60, 1)",1,-0.08
368,99,"(61, 1)",1,-0.08
368,100,"(62, 1)",1,-0.08
368,101,"(63, 1)",1,-0.08
368,102,"(64, 1)",1,-0.08
368,103,"(65, 1)",1,-0.08
368,104,"(66, 1)",1,-0.08
368,105,"(67, 1)",1,-0.08
368,106,"(68, 1)",1,-0.08
368,107,"(69, 1)",1,-0.08
368,108,"(70, 1)",1,-0.08
368,109,"(71, 1)",2,-0.08
368,110,"(71, 2)",2,-0.08
368,111,"(71, 3)",1,-0.08
368,112,"(72, 3)",1,-0.08
368,113,"(73, 3)",1,-0.08
368,114,"(74, 3)",1,-0.08
368,115,"(75, 3)",1,-0.08
368,116,"(76, 3)",1,-0.08
368,117,"(77, 3)",0,-0.08
368,118,"(77, 2)",0,-0.08
368,119,"(77, 1)",1,-0.08
368,120,"(78, 1)",1,-0.08
368,121,"(79, 1)",0,8.33
369,0,"(0, 39)",1,-0.08
369,1,"(1, 39)",1,-0.08
369,2,"(2, 39)",1,-0.08
369,3,"(3, 39)",1,-0.08
369,4,"(4, 39)",1,-0.08
369,5,"(5, 39)",1,-0.08
369,6,"(6, 39)",1,-0.08
369,7,"(7, 39)",1,-0.08
369,8,"(8, 39)",1,-0.08
369,9,"(9, 39)",1,-0.08
369,10,"(10, 39)",0,-0.08
369,11,"(10, 38)",1,-0.08
369,12,"(11, 38)",0,-0.08
369,13,"(11, 37)",1,-0.08
369,14,"(12, 37)",1,-0.08
369,15,"(13, 37)",1,-0.08
369,16,"(14, 37)",1,-0.08
369,17,"(15, 37)",1,-0.08
369,18,"(16, 37)",0,-0.08
369,19,"(16, 36)",1,-0.08
369,20,"(17, 36)",0,-0.08
369,21,"(17, 35)",1,-0.08
369,22,"(18, 35)",0,-0.08
369,23,"(18, 34)",1,-0.08
369,24,"(19, 34)",0,-0.08
369,25,"(19, 33)",0,-0.08
369,26,"(19, 32)",0,-0.08
369,27,"(19, 31)",0,-0.08
369,28,"(19, 30)",0,-0.08
369,29,"(19, 29)",1,-0.08
369,30,"(20, 29)",0,-0.08
369,31,"(20, 28)",0,-0.08
369,32,"(20, 27)",1,-0.08
369,33,"(21, 27)",0,-0.08
369,34,"(21, 26)",1,-0.08
369,35,"(22, 26)",0,-0.08
369,36,"(22, 25)",1,-0.08
369,37,"(23, 25)",1,-0.08
369,38,"(24, 25)",1,-0.08
369,39,"(25, 25)",1,-0.08
369,40,"(26, 25)",1,-0.08
369,41,"(27, 25)",1,-0.08
369,42,"(28, 25)",1,-0.08
369,43,"(29, 25)",1,-0.08
369,44,"(30, 25)",1,-0.08
369,45,"(31, 25)",0,-0.08
369,46,"(31, 24)",0,-0.08
369,47,"(31, 23)",1,-0.08
369,48,"(32, 23)",1,-0.08
369,49,"(33, 23)",0,-0.08
369,50,"(33, 22)",0,-0.08
369,51,"(33, 21)",1,-0.08
369,52,"(34, 21)",1,-0.08
369,53,"(35, 21)",1,-0.08
369,54,"(36, 21)",1,-0.08
369,55,"(37, 21)",1,-0.08
369,56,"(38, 21)",1,-0.08
369,57,"(39, 21)",0,-0.08
369,58,"(39, 20)",0,-0.08
369,59,"(39, 19)",0,-0.08
369,60,"(39, 18)",0,-0.08
369,61,"(39, 17)",0,-0.08
369,62,"(39, 16)",0,-0.08
369,63,"(39, 15)",1,-0.08
369,64,"(40, 15)",1,-0.08
369,65,"(41, 15)",0,-0.08
369,66,"(41, 14)",0,-0.08
369,67,"(41, 13)",1,-0.08
369,68,"(42, 13)",1,-0.08
369,69,"(43, 13)",0,-0.08
369,70,"(43, 12)",0,-0.08
369,71,"(43, 11)",1,-0.08
369,72,"(44, 11)",1,-0.08
369,73,"(45, 11)",0,-0.08
369,74,"(45, 10)",0,-0.08
369,75,"(45, 9)",0,-0.08
369,76,"(45, 8)",0,-0.08
369,77,"(45, 7)",1,-0.08
369,78,"(46, 7)",0,-0.08
369,79,"(46, 6)",1,-0.08
369,80,"(47, 6)",1,-0.08
369,81,"(48, 6)",1,-0.08
369,82,"(49, 6)",0,-0.08
369,83,"(49, 5)",1,-0.08
369,84,"(50, 5)",1,-0.08
369,85,"(51, 5)",1,-0.08
369,86,"(52, 5)",1,-0.08
369,87,"(53, 5)",0,-0.08
369,88,"(53, 4)",0,-0.08
369,89,"(53, 3)",1,-0.08
369,90,"(54, 3)",1,-0.08
369,91,"(55, 3)",1,-0.08
369,92,"(56, 3)",1,-0.08
369,93,"(57, 3)",0,-0.08
369,94,"(57, 2)",0,-0.08
369,95,"(57, 1)",1,-0.08
369,96,"(58, 1)",1,-0.08
369,97,"(59, 1)",1,-0.08
369,98,"(60, 1)",1,-0.08
369,99,"(61, 1)",1,-0.08
369,100,"(62, 1)",1,-0.08
369,101,"(63, 1)",1,-0.08
369,102,"(64, 1)",1,-0.08
369,103,"(65, 1)",1,-0.08
369,104,"(66, 1)",1,-0.08
369,105,"(67, 1)",1,-0.08
369,106,"(68, 1)",1,-0.08
369,107,"(69, 1)",1,-0.08
369,108,"(70, 1)",1,-0.08
369,109,"(71, 1)",2,-0.08
369,110,"(71, 2)",2,-0.08
369,111,"(71, 3)",1,-0.08
369,112,"(72, 3)",1,-0.08
369,113,"(73, 3)",0,-0.08
369,114,"(73, 2)",0,-0.08
369,115,"(73, 1)",0,-0.08
369,116,"(73, 0)",1,-0.08
369,117,"(74, 0)",1,-0.08
369,118,"(75, 0)",1,-0.08
369,119,"(76, 0)",1,-0.08
369,120,"(77, 0)",1,-0.08
369,121,"(78, 0)",1,8.33
370,0,"(0, 39)",1,-0.08
370,1,"(1, 39)",1,-0.08
370,2,"(2, 39)",1,-0.08
370,3,"(3, 39)",1,-0.08
370,4,"(4, 39)",1,-0.08
370,5,"(5, 39)",1,-0.08
370,6,"(6, 39)",1,-0.08
370,7,"(7, 39)",1,-0.08
370,8,"(8, 39)",1,-0.08
370,9,"(9, 39)",1,-0.08
370,10,"(10, 39)",1,-0.08
370,11,"(11, 39)",0,-0.08
370,12,"(11, 38)",0,-0.08
370,13,"(11, 37)",1,-0.08
370,14,"(12, 37)",1,-0.08
370,15,"(13, 37)",1,-0.08
370,16,"(14, 37)",1,-0.08
370,17,"(15, 37)",0,-0.08
370,18,"(15, 36)",1,-0.08
370,19,"(16, 36)",1,-0.08
370,20,"(17, 36)",0,-0.08
370,21,"(17, 35)",1,-0.08
370,22,"(18, 35)",0,-0.08
370,23,"(18, 34)",1,-0.08
370,24,"(19, 34)",0,-0.08
370,25,"(19, 33)",0,-0.08
370,26,"(19, 32)",0,-0.08
370,27,"(19, 31)",0,-0.08
370,28,"(19, 30)",0,-0.08
370,29,"(19, 29)",1,-0.08
370,30,"(20, 29)",0,-0.08
370,31,"(20, 28)",0,-0.08
370,32,"(20, 27)",1,-0.08
370,33,"(21, 27)",0,-0.08
370,34,"(21, 26)",0,-0.08
370,35,"(21, 25)",1,-0.08
370,36,"(22, 25)",0,-0.08
370,37,"(22, 24)",0,-0.08
370,38,"(22, 23)",1,-0.08
370,39,"(23, 23)",1,-0.08
370,40,"(24, 23)",1,-0.08
370,41,"(25, 23)",0,-0.08
370,42,"(25, 22)",0,-0.08
370,43,"(25, 21)",1,-0.08
370,44,"(26, 21)",1,-0.08
370,45,"(27, 21)",0,-0.08
370,46,"(27, 20)",0,-0.08
370,47,"(27, 19)",1,-0.08
370,48,"(28, 19)",1,-0.08
370,49,"(29, 19)",1,-0.08
370,50,"(30, 19)",1,-0.08
370,51,"(31, 19)",0,-0.08
370,52,"(31, 18)",1,-0.08
370,53,"(32, 18)",0,-0.08
370,54,"(32, 17)",1,-0.08
370,55,"(33, 17)",1,-0.08
370,56,"(34, 17)",1,-0.08
370,57,"(35, 17)",0,-0.08
370,58,"(35, 16)",0,-0.08
370,59,"(35, 15)",0,-0.08
370,60,"(35, 14)",0,-0.08
370,61,"(35, 13)",1,-0.08
370,62,"(36, 13)",1,-0.08
370,63,"(37, 13)",1,-0.08
370,64,"(38, 13)",1,-0.08
370,65,"(39, 13)",0,-0.08
370,66,"(39, 12)",0,-0.08
370,67,"(39, 11)",1,-0.08
370,68,"(40, 11)",1,-0.08
370,69,"(41, 11)",1,-0.08
370,70,"(42, 11)",1,-0.08
370,71,"(43, 11)",1,-0.08
370,72,"(44, 11)",1,-0.08
370,73,"(45, 11)",0,-0.08
370,74,"(45, 10)",0,-0.08
370,75,"(45, 9)",1,-0.08
370,76,"(46, 9)",0,-0.08
370,77,"(46, 8)",0,-0.08
370,78,"(46, 7)",0,-0.08
370,79,"(46, 6)",1,-0.08
370,80,"(47, 6)",1,-0.08
370,81,"(48, 6)",1,-0.08
370,82,"(49, 6)",0,-0.08
370,83,"(49, 5)",1,-0.08
370,84,"(50, 5)",1,-0.08
370,85,"(51, 5)",1,-0.08
370,86,"(52, 5)",1,-0.08
370,87,"(53, 5)",0,-0.08
370,88,"(53, 4)",0,-0.08
370,89,"(53, 3)",1,-0.08
370,90,"(54, 3)",1,-0.08
370,91,"(55, 3)",1,-0.08
370,92,"(56, 3)",0,-0.08
370,93,"(56, 2)",0,-0.08
370,94,"(56, 1)",1,-0.08
370,95,"(57, 1)",1,-0.08
370,96,"(58, 1)",1,-0.08
370,97,"(59, 1)",1,-0.08
370,98,"(60, 1)",1,-0.08
370,99,"(61, 1)",1,-0.08
370,100,"(62, 1)",1,-0.08
370,101,"(63, 1)",1,-0.08
370,102,"(64, 1)",1,-0.08
370,103,"(65, 1)",1,-0.08
370,104,"(66, 1)",1,-0.08
370,105,"(67, 1)",1,-0.08
370,106,"(68, 1)",1,-0.08
370,107,"(69, 1)",1,-0.08
370,108,"(70, 1)",1,-0.08
370,109,"(71, 1)",2,-0.08
370,110,"(71, 2)",2,-0.08
370,111,"(71, 3)",1,-0.08
370,112,"(72, 3)",1,-0.08
370,113,"(73, 3)",0,-0.08
370,114,"(73, 2)",0,-0.08
370,115,"(73, 1)",0,-0.08
370,116,"(73, 0)",1,-0.08
370,117,"(74, 0)",1,-0.08
370,118,"(75, 0)",1,-0.08
370,119,"(76, 0)",1,-0.08
370,120,"(77, 0)",1,-0.08
370,121,"(78, 0)",1,8.33
371,0,"(0, 39)",1,-0.08
371,1,"(1, 39)",1,-0.08
371,2,"(2, 39)",1,-0.08
371,3,"(3, 39)",1,-0.08
371,4,"(4, 39)",1,-0.08
371,5,"(5, 39)",1,-0.08
371,6,"(6, 39)",1,-0.08
371,7,"(7, 39)",1,-0.08
371,8,"(8, 39)",1,-0.08
371,9,"(9, 39)",1,-0.08
371,10,"(10, 39)",1,-0.08
371,11,"(11, 39)",1,-0.08
371,12,"(12, 39)",1,-0.08
371,13,"(13, 39)",1,-0.08
371,14,"(14, 39)",0,-0.08
371,15,"(14, 38)",0,-0.08
371,16,"(14, 37)",1,-0.08
371,17,"(15, 37)",1,-0.08
371,18,"(16, 37)",1,-0.08
371,19,"(17, 37)",1,-0.08
371,20,"(18, 37)",1,-0.08
371,21,"(19, 37)",0,-0.08
371,22,"(19, 36)",0,-0.08
371,23,"(19, 35)",0,-0.08
371,24,"(19, 34)",0,-0.08
371,25,"(19, 33)",0,-0.08
371,26,"(19, 32)",0,-0.08
371,27,"(19, 31)",0,-0.08
371,28,"(19, 30)",0,-0.08
371,29,"(19, 29)",1,-0.08
371,30,"(20, 29)",0,-0.08
371,31,"(20, 28)",0,-0.08
371,32,"(20, 27)",1,-0.08
371,33,"(21, 27)",0,-0.08
371,34,"(21, 26)",1,-0.08
371,35,"(22, 26)",1,-0.08
371,36,"(23, 26)",1,-0.08
371,37,"(24, 26)",1,-0.08
371,38,"(25, 26)",0,-0.08
371,39,"(25, 25)",0,-0.08
371,40,"(25, 24)",0,-0.08
371,41,"(25, 23)",0,-0.08
371,42,"(25, 22)",0,-0.08
371,43,"(25, 21)",0,-0.08
371,44,"(25, 20)",0,-0.08
371,45,"(25, 19)",0,-0.08
371,46,"(25, 18)",1,-0.08
371,47,"(26, 18)",1,-0.08
371,48,"(27, 18)",0,-0.08
371,49,"(27, 17)",0,-0.08
371,50,"(27, 16)",1,-0.08
371,51,"(28, 16)",1,-0.08
371,52,"(29, 16)",0,-0.08
371,53,"(29, 15)",1,-0.08
371,54,"(30, 15)",1,-0.08
371,55,"(31, 15)",0,-0.08
371,56,"(31, 14)",1,-0.08
371,57,"(32, 14)",0,-0.08
371,58,"(32, 13)",1,-0.08
371,59,"(33, 13)",1,-0.08
371,60,"(34, 13)",1,-0.08
371,61,"(35, 13)",1,-0.08
371,62,"(36, 13)",1,-0.08
371,63,"(37, 13)",1,-0.08
371,64,"(38, 13)",1,-0.08
371,65,"(39, 13)",0,-0.08
371,66,"(39, 12)",0,-0.08
371,67,"(39, 11)",1,-0.08
371,68,"(40, 11)",1,-0.08
371,69,"(41, 11)",1,-0.08
371,70,"(42, 11)",1,-0.08
371,71,"(43, 11)",1,-0.08
371,72,"(44, 11)",1,-0.08
371,73,"(45, 11)",0,-0.08
371,74,"(45, 10)",0,-0.08
371,75,"(45, 9)",0,-0.08
371,76,"(45, 8)",1,-0.08
371,77,"(46, 8)",0,-0.08
371,78,"(46, 7)",0,-0.08
371,79,"(46, 6)",1,-0.08
371,80,"(47, 6)",1,-0.08
371,81,"(48, 6)",1,-0.08
371,82,"(49, 6)",0,-0.08
371,83,"(49, 5)",1,-0.08
371,84,"(50, 5)",1,-0.08
371,85,"(51, 5)",0,-0.08
371,86,"(51, 4)",0,-0.08
371,87,"(51, 3)",0,-0.08
371,88,"(51, 2)",0,-0.08
371,89,"(51, 1)",1,-0.08
371,90,"(52, 1)",1,-0.08
371,91,"(53, 1)",1,-0.08
371,92,"(54, 1)",1,-0.08
371,93,"(55, 1)",1,-0.08
371,94,"(56, 1)",1,-0.08
371,95,"(57, 1)",1,-0.08
371,96,"(58, 1)",1,-0.08
371,97,"(59, 1)",1,-0.08
371,98,"(60, 1)",1,-0.08
371,99,"(61, 1)",1,-0.08
371,100,"(62, 1)",1,-0.08
371,101,"(63, 1)",1,-0.08
371,102,"(64, 1)",1,-0.08
371,103,"(65, 1)",1,-0.08
371,104,"(66, 1)",1,-0.08
371,105,"(67, 1)",1,-0.08
371,106,"(68, 1)",1,-0.08
371,107,"(69, 1)",1,-0.08
371,108,"(70, 1)",1,-0.08
371,109,"(71, 1)",2,-0.08
371,110,"(71, 2)",2,-0.08
371,111,"(71, 3)",1,-0.08
371,112,"(72, 3)",1,-0.08
371,113,"(73, 3)",0,-0.08
371,114,"(73, 2)",0,-0.08
371,115,"(73, 1)",1,-0.08
371,116,"(74, 1)",1,-0.08
371,117,"(75, 1)",0,-0.08
371,118,"(75, 0)",1,-0.08
371,119,"(76, 0)",1,-0.08
371,120,"(77, 0)",1,-0.08
371,121,"(78, 0)",1,8.33
372,0,"(0, 39)",1,-0.08
372,1,"(1, 39)",1,-0.08
372,2,"(2, 39)",1,-0.08
372,3,"(3, 39)",1,-0.08
372,4,"(4, 39)",1,-0.08
372,5,"(5, 39)",1,-0.08
372,6,"(6, 39)",1,-0.08
372,7,"(7, 39)",1,-0.08
372,8,"(8, 39)",1,-0.08
372,9,"(9, 39)",1,-0.08
372,10,"(10, 39)",1,-0.08
372,11,"(11, 39)",1,-0.08
372,12,"(12, 39)",1,-0.08
372,13,"(13, 39)",1,-0.08
372,14,"(14, 39)",0,-0.08
372,15,"(14, 38)",0,-0.08
372,16,"(14, 37)",1,-0.08
372,17,"(15, 37)",0,-0.08
372,18,"(15, 36)",1,-0.08
372,19,"(16, 36)",1,-0.08
372,20,"(17, 36)",0,-0.08
372,21,"(17, 35)",0,-0.08
372,22,"(17, 34)",1,-0.08
372,23,"(18, 34)",1,-0.08
372,24,"(19, 34)",0,-0.08
372,25,"(19, 33)",0,-0.08
372,26,"(19, 32)",0,-0.08
372,27,"(19, 31)",0,-0.08
372,28,"(19, 30)",0,-0.08
372,29,"(19, 29)",1,-0.08
372,30,"(20, 29)",0,-0.08
372,31,"(20, 28)",0,-0.08
372,32,"(20, 27)",1,-0.08
372,33,"(21, 27)",0,-0.08
372,34,"(21, 26)",1,-0.08
372,35,"(22, 26)",1,-0.08
372,36,"(23, 26)",1,-0.08
372,37,"(24, 26)",1,-0.08
372,38,"(25, 26)",0,-0.08
372,39,"(25, 25)",0,-0.08
372,40,"(25, 24)",0,-0.08
372,41,"(25, 23)",0,-0.08
372,42,"(25, 22)",0,-0.08
372,43,"(25, 21)",1,-0.08
372,44,"(26, 21)",1,-0.08
372,45,"(27, 21)",0,-0.08
372,46,"(27, 20)",0,-0.08
372,47,"(27, 19)",0,-0.08
372,48,"(27, 18)",0,-0.08
372,49,"(27, 17)",0,-0.08
372,50,"(27, 16)",1,-0.08
372,51,"(28, 16)",1,-0.08
372,52,"(29, 16)",0,-0.08
372,53,"(29, 15)",1,-0.08
372,54,"(30, 15)",1,-0.08
372,55,"(31, 15)",1,-0.08
372,56,"(32, 15)",0,-0.08
372,57,"(32, 14)",0,-0.08
372,58,"(32, 13)",1,-0.08
372,59,"(33, 13)",1,-0.08
372,60,"(34, 13)",1,-0.08
372,61,"(35, 13)",1,-0.08
372,62,"(36, 13)",1,-0.08
372,63,"(37, 13)",1,-0.08
372,64,"(38, 13)",1,-0.08
372,65,"(39, 13)",0,-0.08
372,66,"(39, 12)",0,-0.08
372,67,"(39, 11)",1,-0.08
372,68,"(40, 11)",1,-0.08
372,69,"(41, 11)",1,-0.08
372,70,"(42, 11)",1,-0.08
372,71,"(43, 11)",1,-0.08
372,72,"(44, 11)",1,-0.08
372,73,"(45, 11)",0,-0.08
372,74,"(45, 10)",1,-0.08
372,75,"(46, 10)",0,-0.08
372,76,"(46, 9)",0,-0.08
372,77,"(46, 8)",0,-0.08
372,78,"(46, 7)",0,-0.08
372,79,"(46, 6)",1,-0.08
372,80,"(47, 6)",1,-0.08
372,81,"(48, 6)",1,-0.08
372,82,"(49, 6)",0,-0.08
372,83,"(49, 5)",1,-0.08
372,84,"(50, 5)",1,-0.08
372,85,"(51, 5)",0,-0.08
372,86,"(51, 4)",0,-0.08
372,87,"(51, 3)",0,-0.08
372,88,"(51, 2)",1,-0.08
372,89,"(52, 2)",0,-0.08
372,90,"(52, 1)",1,-0.08
372,91,"(53, 1)",1,-0.08
372,92,"(54, 1)",1,-0.08
372,93,"(55, 1)",1,-0.08
372,94,"(56, 1)",1,-0.08
372,95,"(57, 1)",1,-0.08
372,96,"(58, 1)",1,-0.08
372,97,"(59, 1)",1,-0.08
372,98,"(60, 1)",1,-0.08
372,99,"(61, 1)",1,-0.08
372,100,"(62, 1)",1,-0.08
372,101,"(63, 1)",1,-0.08
372,102,"(64, 1)",1,-0.08
372,103,"(65, 1)",1,-0.08
372,104,"(66, 1)",1,-0.08
372,105,"(67, 1)",1,-0.08
372,106,"(68, 1)",1,-0.08
372,107,"(69, 1)",1,-0.08
372,108,"(70, 1)",1,-0.08
372,109,"(71, 1)",2,-0.08
372,110,"(71, 2)",2,-0.08
372,111,"(71, 3)",1,-0.08
372,112,"(72, 3)",1,-0.08
372,113,"(73, 3)",0,-0.08
372,114,"(73, 2)",0,-0.08
372,115,"(73, 1)",0,-0.08
372,116,"(73, 0)",1,-0.08
372,117,"(74, 0)",1,-0.08
372,118,"(75, 0)",1,-0.08
372,119,"(76, 0)",1,-0.08
372,120,"(77, 0)",1,-0.08
372,121,"(78, 0)",1,8.33
373,0,"(0, 39)",1,-0.08
373,1,"(1, 39)",1,-0.08
373,2,"(2, 39)",1,-0.08
373,3,"(3, 39)",1,-0.08
373,4,"(4, 39)",1,-0.08
373,5,"(5, 39)",1,-0.08
373,6,"(6, 39)",1,-0.08
373,7,"(7, 39)",1,-0.08
373,8,"(8, 39)",1,-0.08
373,9,"(9, 39)",1,-0.08
373,10,"(10, 39)",1,-0.08
373,11,"(11, 39)",0,-0.08
373,12,"(11, 38)",0,-0.08
373,13,"(11, 37)",1,-0.08
373,14,"(12, 37)",1,-0.08
373,15,"(13, 37)",1,-0.08
373,16,"(14, 37)",1,-0.08
373,17,"(15, 37)",0,-0.08
373,18,"(15, 36)",0,-0.08
373,19,"(15, 35)",0,-0.08
373,20,"(15, 34)",0,-0.08
373,21,"(15, 33)",1,-0.08
373,22,"(16, 33)",1,-0.08
373,23,"(17, 33)",1,-0.08
373,24,"(18, 33)",1,-0.08
373,25,"(19, 33)",0,-0.08
373,26,"(19, 32)",0,-0.08
373,27,"(19, 31)",0,-0.08
373,28,"(19, 30)",0,-0.08
373,29,"(19, 29)",1,-0.08
373,30,"(20, 29)",0,-0.08
373,31,"(20, 28)",0,-0.08
373,32,"(20, 27)",1,-0.08
373,33,"(21, 27)",0,-0.08
373,34,"(21, 26)",0,-0.08
373,35,"(21, 25)",1,-0.08
373,36,"(22, 25)",0,-0.08
373,37,"(22, 24)",0,-0.08
373,38,"(22, 23)",1,-0.08
373,39,"(23, 23)",1,-0.08
373,40,"(24, 23)",1,-0.08
373,41,"(25, 23)",0,-0.08
373,42,"(25, 22)",0,-0.08
373,43,"(25, 21)",1,-0.08
373,44,"(26, 21)",1,-0.08
373,45,"(27, 21)",0,-0.08
373,46,"(27, 20)",0,-0.08
373,47,"(27, 19)",1,-0.08
373,48,"(28, 19)",1,-0.08
373,49,"(29, 19)",1,-0.08
373,50,"(30, 19)",1,-0.08
373,51,"(31, 19)",1,-0.08
373,52,"(32, 19)",0,-0.08
373,53,"(32, 18)",0,-0.08
373,54,"(32, 17)",1,-0.08
373,55,"(33, 17)",1,-0.08
373,56,"(34, 17)",1,-0.08
373,57,"(35, 17)",1,-0.08
373,58,"(36, 17)",1,-0.08
373,59,"(37, 17)",0,-0.08
373,60,"(37, 16)",0,-0.08
373,61,"(37, 15)",1,-0.08
373,62,"(38, 15)",0,-0.08
373,63,"(38, 14)",0,-0.08
373,64,"(38, 13)",1,-0.08
373,65,"(39, 13)",1,-0.08
373,66,"(40, 13)",1,-0.08
373,67,"(41, 13)",0,-0.08
373,68,"(41, 12)",0,-0.08
373,69,"(41, 11)",1,-0.08
373,70,"(42, 11)",1,-0.08
373,71,"(43, 11)",1,-0.08
373,72,"(44, 11)",1,-0.08
373,73,"(45, 11)",0,-0.08
373,74,"(45, 10)",0,-0.08
373,75,"(45, 9)",0,-0.08
373,76,"(45, 8)",0,-0.08
373,77,"(45, 7)",1,-0.08
373,78,"(46, 7)",1,-0.08
373,79,"(47, 7)",0,-0.08
373,80,"(47, 6)",1,-0.08
373,81,"(48, 6)",1,-0.08
373,82,"(49, 6)",0,-0.08
373,83,"(49, 5)",1,-0.08
373,84,"(50, 5)",1,-0.08
373,85,"(51, 5)",0,-0.08
373,86,"(51, 4)",0,-0.08
373,87,"(51, 3)",0,-0.08
373,88,"(51, 2)",1,-0.08
373,89,"(52, 2)",0,-0.08
373,90,"(52, 1)",1,-0.08
373,91,"(53, 1)",1,-0.08
373,92,"(54, 1)",1,-0.08
373,93,"(55, 1)",1,-0.08
373,94,"(56, 1)",1,-0.08
373,95,"(57, 1)",1,-0.08
373,96,"(58, 1)",1,-0.08
373,97,"(59, 1)",1,-0.08
373,98,"(60, 1)",1,-0.08
373,99,"(61, 1)",1,-0.08
373,100,"(62, 1)",1,-0.08
373,101,"(63, 1)",1,-0.08
373,102,"(64, 1)",1,-0.08
373,103,"(65, 1)",1,-0.08
373,104,"(66, 1)",1,-0.08
373,105,"(67, 1)",1,-0.08
373,106,"(68, 1)",1,-0.08
373,107,"(69, 1)",1,-0.08
373,108,"(70, 1)",1,-0.08
373,109,"(71, 1)",2,-0.08
373,110,"(71, 2)",2,-0.08
373,111,"(71, 3)",1,-0.08
373,112,"(72, 3)",1,-0.08
373,113,"(73, 3)",1,-0.08
373,114,"(74, 3)",1,-0.08
373,115,"(75, 3)",1,-0.08
373,116,"(76, 3)",1,-0.08
373,117,"(77, 3)",0,-0.08
373,118,"(77, 2)",0,-0.08
373,119,"(77, 1)",0,-0.08
373,120,"(77, 0)",1,-0.08
373,121,"(78, 0)",1,8.33
374,0,"(0, 39)",1,-0.08
374,1,"(1, 39)",1,-0.08
374,2,"(2, 39)",1,-0.08
374,3,"(3, 39)",1,-0.08
374,4,"(4, 39)",1,-0.08
374,5,"(5, 39)",1,-0.08
374,6,"(6, 39)",1,-0.08
374,7,"(7, 39)",1,-0.08
374,8,"(8, 39)",1,-0.08
374,9,"(9, 39)",1,-0.08
374,10,"(10, 39)",0,-0.08
374,11,"(10, 38)",0,-0.08
374,12,"(10, 37)",1,-0.08
374,13,"(11, 37)",1,-0.08
374,14,"(12, 37)",1,-0.08
374,15,"(13, 37)",1,-0.08
374,16,"(14, 37)",1,-0.08
374,17,"(15, 37)",1,-0.08
374,18,"(16, 37)",0,-0.08
374,19,"(16, 36)",1,-0.08
374,20,"(17, 36)",0,-0.08
374,21,"(17, 35)",0,-0.08
374,22,"(17, 34)",1,-0.08
374,23,"(18, 34)",0,-0.08
374,24,"(18, 33)",1,-0.08
374,25,"(19, 33)",0,-0.08
374,26,"(19, 32)",0,-0.08
374,27,"(19, 31)",0,-0.08
374,28,"(19, 30)",0,-0.08
374,29,"(19, 29)",1,-0.08
374,30,"(20, 29)",0,-0.08
374,31,"(20, 28)",0,-0.08
374,32,"(20, 27)",1,-0.08
374,33,"(21, 27)",0,-0.08
374,34,"(21, 26)",0,-0.08
374,35,"(21, 25)",1,-0.08
374,36,"(22, 25)",1,-0.08
374,37,"(23, 25)",1,-0.08
374,38,"(24, 25)",1,-0.08
374,39,"(25, 25)",1,-0.08
374,40,"(26, 25)",1,-0.08
374,41,"(27, 25)",1,-0.08
374,42,"(28, 25)",1,-0.08
374,43,"(29, 25)",1,-0.08
374,44,"(30, 25)",1,-0.08
374,45,"(31, 25)",0,-0.08
374,46,"(31, 24)",0,-0.08
374,47,"(31, 23)",1,-0.08
374,48,"(32, 23)",1,-0.08
374,49,"(33, 23)",0,-0.08
374,50,"(33, 22)",0,-0.08
374,51,"(33, 21)",1,-0.08
374,52,"(34, 21)",1,-0.08
374,53,"(35, 21)",0,-0.08
374,54,"(35, 20)",0,-0.08
374,55,"(35, 19)",0,-0.08
374,56,"(35, 18)",0,-0.08
374,57,"(35, 17)",1,-0.08
374,58,"(36, 17)",1,-0.08
374,59,"(37, 17)",0,-0.08
374,60,"(37, 16)",0,-0.08
374,61,"(37, 15)",0,-0.08
374,62,"(37, 14)",1,-0.08
374,63,"(38, 14)",0,-0.08
374,64,"(38, 13)",1,-0.08
374,65,"(39, 13)",1,-0.08
374,66,"(40, 13)",1,-0.08
374,67,"(41, 13)",0,-0.08
374,68,"(41, 12)",0,-0.08
374,69,"(41, 11)",1,-0.08
374,70,"(42, 11)",1,-0.08
374,71,"(43, 11)",1,-0.08
374,72,"(44, 11)",1,-0.08
374,73,"(45, 11)",0,-0.08
374,74,"(45, 10)",0,-0.08
374,75,"(45, 9)",1,-0.08
374,76,"(46, 9)",0,-0.08
374,77,"(46, 8)",0,-0.08
374,78,"(46, 7)",0,-0.08
374,79,"(46, 6)",1,-0.08
374,80,"(47, 6)",1,-0.08
374,81,"(48, 6)",1,-0.08
374,82,"(49, 6)",0,-0.08
374,83,"(49, 5)",1,-0.08
374,84,"(50, 5)",1,-0.08
374,85,"(51, 5)",0,-0.08
374,86,"(51, 4)",0,-0.08
374,87,"(51, 3)",0,-0.08
374,88,"(51, 2)",1,-0.08
374,89,"(52, 2)",1,-0.08
374,90,"(53, 2)",0,-0.08
374,91,"(53, 1)",1,-0.08
374,92,"(54, 1)",1,-0.08
374,93,"(55, 1)",1,-0.08
374,94,"(56, 1)",1,-0.08
374,95,"(57, 1)",1,-0.08
374,96,"(58, 1)",1,-0.08
374,97,"(59, 1)",1,-0.08
374,98,"(60, 1)",1,-0.08
374,99,"(61, 1)",1,-0.08
374,100,"(62, 1)",1,-0.08
374,101,"(63, 1)",1,-0.08
374,102,"(64, 1)",1,-0.08
374,103,"(65, 1)",1,-0.08
374,104,"(66, 1)",1,-0.08
374,105,"(67, 1)",1,-0.08
374,106,"(68, 1)",1,-0.08
374,107,"(69, 1)",1,-0.08
374,108,"(70, 1)",1,-0.08
374,109,"(71, 1)",2,-0.08
374,110,"(71, 2)",2,-0.08
374,111,"(71, 3)",1,-0.08
374,112,"(72, 3)",1,-0.08
374,113,"(73, 3)",1,-0.08
374,114,"(74, 3)",1,-0.08
374,115,"(75, 3)",1,-0.08
374,116,"(76, 3)",1,-0.08
374,117,"(77, 3)",0,-0.08
374,118,"(77, 2)",0,-0.08
374,119,"(77, 1)",0,-0.08
374,120,"(77, 0)",1,-0.08
374,121,"(78, 0)",1,8.33
375,0,"(0, 39)",1,-0.08
375,1,"(1, 39)",1,-0.08
375,2,"(2, 39)",1,-0.08
375,3,"(3, 39)",1,-0.08
375,4,"(4, 39)",1,-0.08
375,5,"(5, 39)",1,-0.08
375,6,"(6, 39)",1,-0.08
375,7,"(7, 39)",1,-0.08
375,8,"(8, 39)",1,-0.08
375,9,"(9, 39)",1,-0.08
375,10,"(10, 39)",1,-0.08
375,11,"(11, 39)",0,-0.08
375,12,"(11, 38)",0,-0.08
375,13,"(11, 37)",1,-0.08
375,14,"(12, 37)",1,-0.08
375,15,"(13, 37)",1,-0.08
375,16,"(14, 37)",1,-0.08
375,17,"(15, 37)",1,-0.08
375,18,"(16, 37)",0,-0.08
375,19,"(16, 36)",1,-0.08
375,20,"(17, 36)",0,-0.08
375,21,"(17, 35)",1,-0.08
375,22,"(18, 35)",0,-0.08
375,23,"(18, 34)",0,-0.08
375,24,"(18, 33)",1,-0.08
375,25,"(19, 33)",0,-0.08
375,26,"(19, 32)",0,-0.08
375,27,"(19, 31)",0,-0.08
375,28,"(19, 30)",0,-0.08
375,29,"(19, 29)",1,-0.08
375,30,"(20, 29)",0,-0.08
375,31,"(20, 28)",0,-0.08
375,32,"(20, 27)",1,-0.08
375,33,"(21, 27)",0,-0.08
375,34,"(21, 26)",0,-0.08
375,35,"(21, 25)",1,-0.08
375,36,"(22, 25)",1,-0.08
375,37,"(23, 25)",1,-0.08
375,38,"(24, 25)",1,-0.08
375,39,"(25, 25)",0,-0.08
375,40,"(25, 24)",0,-0.08
375,41,"(25, 23)",0,-0.08
375,42,"(25, 22)",0,-0.08
375,43,"(25, 21)",0,-0.08
375,44,"(25, 20)",0,-0.08
375,45,"(25, 19)",0,-0.08
375,46,"(25, 18)",1,-0.08
375,47,"(26, 18)",1,-0.08
375,48,"(27, 18)",0,-0.08
375,49,"(27, 17)",0,-0.08
375,50,"(27, 16)",1,-0.08
375,51,"(28, 16)",1,-0.08
375,52,"(29, 16)",0,-0.08
375,53,"(29, 15)",1,-0.08
375,54,"(30, 15)",1,-0.08
375,55,"(31, 15)",1,-0.08
375,56,"(32, 15)",0,-0.08
375,57,"(32, 14)",0,-0.08
375,58,"(32, 13)",1,-0.08
375,59,"(33, 13)",1,-0.08
375,60,"(34, 13)",1,-0.08
375,61,"(35, 13)",1,-0.08
375,62,"(36, 13)",1,-0.08
375,63,"(37, 13)",1,-0.08
375,64,"(38, 13)",1,-0.08
375,65,"(39, 13)",1,-0.08
375,66,"(40, 13)",1,-0.08
375,67,"(41, 13)",1,-0.08
375,68,"(42, 13)",1,-0.08
375,69,"(43, 13)",0,-0.08
375,70,"(43, 12)",0,-0.08
375,71,"(43, 11)",1,-0.08
375,72,"(44, 11)",1,-0.08
375,73,"(45, 11)",0,-0.08
375,74,"(45, 10)",1,-0.08
375,75,"(46, 10)",0,-0.08
375,76,"(46, 9)",0,-0.08
375,77,"(46, 8)",0,-0.08
375,78,"(46, 7)",0,-0.08
375,79,"(46, 6)",1,-0.08
375,80,"(47, 6)",1,-0.08
375,81,"(48, 6)",1,-0.08
375,82,"(49, 6)",0,-0.08
375,83,"(49, 5)",1,-0.08
375,84,"(50, 5)",1,-0.08
375,85,"(51, 5)",1,-0.08
375,86,"(52, 5)",1,-0.08
375,87,"(53, 5)",0,-0.08
375,88,"(53, 4)",0,-0.08
375,89,"(53, 3)",0,-0.08
375,90,"(53, 2)",0,-0.08
375,91,"(53, 1)",1,-0.08
375,92,"(54, 1)",1,-0.08
375,93,"(55, 1)",1,-0.08
375,94,"(56, 1)",1,-0.08
375,95,"(57, 1)",1,-0.08
375,96,"(58, 1)",1,-0.08
375,97,"(59, 1)",1,-0.08
375,98,"(60, 1)",1,-0.08
375,99,"(61, 1)",1,-0.08
375,100,"(62, 1)",1,-0.08
375,101,"(63, 1)",1,-0.08
375,102,"(64, 1)",1,-0.08
375,103,"(65, 1)",1,-0.08
375,104,"(66, 1)",1,-0.08
375,105,"(67, 1)",1,-0.08
375,106,"(68, 1)",1,-0.08
375,107,"(69, 1)",1,-0.08
375,108,"(70, 1)",1,-0.08
375,109,"(71, 1)",2,-0.08
375,110,"(71, 2)",2,-0.08
375,111,"(71, 3)",1,-0.08
375,112,"(72, 3)",1,-0.08
375,113,"(73, 3)",1,-0.08
375,114,"(74, 3)",1,-0.08
375,115,"(75, 3)",1,-0.08
375,116,"(76, 3)",1,-0.08
375,117,"(77, 3)",0,-0.08
375,118,"(77, 2)",0,-0.08
375,119,"(77, 1)",1,-0.08
375,120,"(78, 1)",1,-0.08
375,121,"(79, 1)",0,8.33
376,0,"(0, 39)",1,-0.08
376,1,"(1, 39)",1,-0.08
376,2,"(2, 39)",1,-0.08
376,3,"(3, 39)",1,-0.08
376,4,"(4, 39)",1,-0.08
376,5,"(5, 39)",1,-0.08
376,6,"(6, 39)",1,-0.08
376,7,"(7, 39)",1,-0.08
376,8,"(8, 39)",1,-0.08
376,9,"(9, 39)",1,-0.08
376,10,"(10, 39)",0,-0.08
376,11,"(10, 38)",1,-0.08
376,12,"(11, 38)",0,-0.08
376,13,"(11, 37)",1,-0.08
376,14,"(12, 37)",1,-0.08
376,15,"(13, 37)",1,-0.08
376,16,"(14, 37)",1,-0.08
376,17,"(15, 37)",1,-0.08
376,18,"(16, 37)",0,-0.08
376,19,"(16, 36)",1,-0.08
376,20,"(17, 36)",0,-0.08
376,21,"(17, 35)",0,-0.08
376,22,"(17, 34)",0,-0.08
376,23,"(17, 33)",1,-0.08
376,24,"(18, 33)",1,-0.08
376,25,"(19, 33)",0,-0.08
376,26,"(19, 32)",0,-0.08
376,27,"(19, 31)",0,-0.08
376,28,"(19, 30)",0,-0.08
376,29,"(19, 29)",1,-0.08
376,30,"(20, 29)",0,-0.08
376,31,"(20, 28)",0,-0.08
376,32,"(20, 27)",1,-0.08
376,33,"(21, 27)",0,-0.08
376,34,"(21, 26)",0,-0.08
376,35,"(21, 25)",1,-0.08
376,36,"(22, 25)",1,-0.08
376,37,"(23, 25)",1,-0.08
376,38,"(24, 25)",1,-0.08
376,39,"(25, 25)",0,-0.08
376,40,"(25, 24)",0,-0.08
376,41,"(25, 23)",0,-0.08
376,42,"(25, 22)",0,-0.08
376,43,"(25, 21)",0,-0.08
376,44,"(25, 20)",0,-0.08
376,45,"(25, 19)",1,-0.08
376,46,"(26, 19)",0,-0.08
376,47,"(26, 18)",1,-0.08
376,48,"(27, 18)",0,-0.08
376,49,"(27, 17)",1,-0.08
376,50,"(28, 17)",0,-0.08
376,51,"(28, 16)",1,-0.08
376,52,"(29, 16)",0,-0.08
376,53,"(29, 15)",1,-0.08
376,54,"(30, 15)",1,-0.08
376,55,"(31, 15)",0,-0.08
376,56,"(31, 14)",1,-0.08
376,57,"(32, 14)",0,-0.08
376,58,"(32, 13)",1,-0.08
376,59,"(33, 13)",1,-0.08
376,60,"(34, 13)",1,-0.08
376,61,"(35, 13)",1,-0.08
376,62,"(36, 13)",1,-0.08
376,63,"(37, 13)",1,-0.08
376,64,"(38, 13)",1,-0.08
376,65,"(39, 13)",0,-0.08
376,66,"(39, 12)",0,-0.08
376,67,"(39, 11)",1,-0.08
376,68,"(40, 11)",1,-0.08
376,69,"(41, 11)",1,-0.08
376,70,"(42, 11)",1,-0.08
376,71,"(43, 11)",1,-0.08
376,72,"(44, 11)",1,-0.08
376,73,"(45, 11)",0,-0.08
376,74,"(45, 10)",1,-0.08
376,75,"(46, 10)",0,-0.08
376,76,"(46, 9)",0,-0.08
376,77,"(46, 8)",0,-0.08
376,78,"(46, 7)",0,-0.08
376,79,"(46, 6)",1,-0.08
376,80,"(47, 6)",1,-0.08
376,81,"(48, 6)",1,-0.08
376,82,"(49, 6)",0,-0.08
376,83,"(49, 5)",1,-0.08
376,84,"(50, 5)",1,-0.08
376,85,"(51, 5)",1,-0.08
376,86,"(52, 5)",1,-0.08
376,87,"(53, 5)",0,-0.08
376,88,"(53, 4)",0,-0.08
376,89,"(53, 3)",1,-0.08
376,90,"(54, 3)",1,-0.08
376,91,"(55, 3)",1,-0.08
376,92,"(56, 3)",0,-0.08
376,93,"(56, 2)",1,-0.08
376,94,"(57, 2)",0,-0.08
376,95,"(57, 1)",1,-0.08
376,96,"(58, 1)",1,-0.08
376,97,"(59, 1)",1,-0.08
376,98,"(60, 1)",1,-0.08
376,99,"(61, 1)",1,-0.08
376,100,"(62, 1)",1,-0.08
376,101,"(63, 1)",1,-0.08
376,102,"(64, 1)",1,-0.08
376,103,"(65, 1)",1,-0.08
376,104,"(66, 1)",1,-0.08
376,105,"(67, 1)",1,-0.08
376,106,"(68, 1)",1,-0.08
376,107,"(69, 1)",1,-0.08
376,108,"(70, 1)",1,-0.08
376,109,"(71, 1)",2,-0.08
376,110,"(71, 2)",2,-0.08
376,111,"(71, 3)",1,-0.08
376,112,"(72, 3)",1,-0.08
376,113,"(73, 3)",0,-0.08
376,114,"(73, 2)",0,-0.08
376,115,"(73, 1)",0,-0.08
376,116,"(73, 0)",1,-0.08
376,117,"(74, 0)",1,-0.08
376,118,"(75, 0)",1,-0.08
376,119,"(76, 0)",1,-0.08
376,120,"(77, 0)",1,-0.08
376,121,"(78, 0)",1,8.33
377,0,"(0, 39)",1,-0.08
377,1,"(1, 39)",1,-0.08
377,2,"(2, 39)",1,-0.08
377,3,"(3, 39)",1,-0.08
377,4,"(4, 39)",1,-0.08
377,5,"(5, 39)",1,-0.08
377,6,"(6, 39)",1,-0.08
377,7,"(7, 39)",1,-0.08
377,8,"(8, 39)",1,-0.08
377,9,"(9, 39)",1,-0.08
377,10,"(10, 39)",0,-0.08
377,11,"(10, 38)",0,-0.08
377,12,"(10, 37)",1,-0.08
377,13,"(11, 37)",1,-0.08
377,14,"(12, 37)",1,-0.08
377,15,"(13, 37)",1,-0.08
377,16,"(14, 37)",1,-0.08
377,17,"(15, 37)",0,-0.08
377,18,"(15, 36)",1,-0.08
377,19,"(16, 36)",1,-0.08
377,20,"(17, 36)",0,-0.08
377,21,"(17, 35)",0,-0.08
377,22,"(17, 34)",0,-0.08
377,23,"(17, 33)",1,-0.08
377,24,"(18, 33)",1,-0.08
377,25,"(19, 33)",0,-0.08
377,26,"(19, 32)",0,-0.08
377,27,"(19, 31)",0,-0.08
377,28,"(19, 30)",0,-0.08
377,29,"(19, 29)",1,-0.08
377,30,"(20, 29)",0,-0.08
377,31,"(20, 28)",0,-0.08
377,32,"(20, 27)",1,-0.08
377,33,"(21, 27)",0,-0.08
377,34,"(21, 26)",1,-0.08
377,35,"(22, 26)",1,-0.08
377,36,"(23, 26)",0,-0.08
377,37,"(23, 25)",1,-0.08
377,38,"(24, 25)",1,-0.08
377,39,"(25, 25)",0,-0.08
377,40,"(25, 24)",0,-0.08
377,41,"(25, 23)",0,-0.08
377,42,"(25, 22)",0,-0.08
377,43,"(25, 21)",1,-0.08
377,44,"(26, 21)",1,-0.08
377,45,"(27, 21)",0,-0.08
377,46,"(27, 20)",1,-0.08
377,47,"(28, 20)",0,-0.08
377,48,"(28, 19)",1,-0.08
377,49,"(29, 19)",1,-0.08
377,50,"(30, 19)",1,-0.08
377,51,"(31, 19)",0,-0.08
377,52,"(31, 18)",0,-0.08
377,53,"(31, 17)",1,-0.08
377,54,"(32, 17)",1,-0.08
377,55,"(33, 17)",1,-0.08
377,56,"(34, 17)",1,-0.08
377,57,"(35, 17)",1,-0.08
377,58,"(36, 17)",1,-0.08
377,59,"(37, 17)",1,-0.08
377,60,"(38, 17)",1,-0.08
377,61,"(39, 17)",0,-0.08
377,62,"(39, 16)",0,-0.08
377,63,"(39, 15)",1,-0.08
377,64,"(40, 15)",1,-0.08
377,65,"(41, 15)",0,-0.08
377,66,"(41, 14)",0,-0.08
377,67,"(41, 13)",0,-0.08
377,68,"(41, 12)",0,-0.08
377,69,"(41, 11)",1,-0.08
377,70,"(42, 11)",1,-0.08
377,71,"(43, 11)",1,-0.08
377,72,"(44, 11)",1,-0.08
377,73,"(45, 11)",0,-0.08
377,74,"(45, 10)",0,-0.08
377,75,"(45, 9)",0,-0.08
377,76,"(45, 8)",0,-0.08
377,77,"(45, 7)",1,-0.08
377,78,"(46, 7)",1,-0.08
377,79,"(47, 7)",0,-0.08
377,80,"(47, 6)",1,-0.08
377,81,"(48, 6)",1,-0.08
377,82,"(49, 6)",0,-0.08
377,83,"(49, 5)",1,-0.08
377,84,"(50, 5)",1,-0.08
377,85,"(51, 5)",0,-0.08
377,86,"(51, 4)",0,-0.08
377,87,"(51, 3)",0,-0.08
377,88,"(51, 2)",1,-0.08
377,89,"(52, 2)",0,-0.08
377,90,"(52, 1)",1,-0.08
377,91,"(53, 1)",1,-0.08
377,92,"(54, 1)",1,-0.08
377,93,"(55, 1)",1,-0.08
377,94,"(56, 1)",1,-0.08
377,95,"(57, 1)",1,-0.08
377,96,"(58, 1)",1,-0.08
377,97,"(59, 1)",1,-0.08
377,98,"(60, 1)",1,-0.08
377,99,"(61, 1)",1,-0.08
377,100,"(62, 1)",1,-0.08
377,101,"(63, 1)",1,-0.08
377,102,"(64, 1)",1,-0.08
377,103,"(65, 1)",1,-0.08
377,104,"(66, 1)",1,-0.08
377,105,"(67, 1)",1,-0.08
377,106,"(68, 1)",1,-0.08
377,107,"(69, 1)",1,-0.08
377,108,"(70, 1)",1,-0.08
377,109,"(71, 1)",2,-0.08
377,110,"(71, 2)",2,-0.08
377,111,"(71, 3)",1,-0.08
377,112,"(72, 3)",1,-0.08
377,113,"(73, 3)",0,-0.08
377,114,"(73, 2)",0,-0.08
377,115,"(73, 1)",0,-0.08
377,116,"(73, 0)",1,-0.08
377,117,"(74, 0)",1,-0.08
377,118,"(75, 0)",1,-0.08
377,119,"(76, 0)",1,-0.08
377,120,"(77, 0)",1,-0.08
377,121,"(78, 0)",1,8.33
378,0,"(0, 39)",1,-0.08
378,1,"(1, 39)",1,-0.08
378,2,"(2, 39)",1,-0.08
378,3,"(3, 39)",1,-0.08
378,4,"(4, 39)",1,-0.08
378,5,"(5, 39)",1,-0.08
378,6,"(6, 39)",1,-0.08
378,7,"(7, 39)",1,-0.08
378,8,"(8, 39)",1,-0.08
378,9,"(9, 39)",1,-0.08
378,10,"(10, 39)",1,-0.08
378,11,"(11, 39)",1,-0.08
378,12,"(12, 39)",1,-0.08
378,13,"(13, 39)",1,-0.08
378,14,"(14, 39)",0,-0.08
378,15,"(14, 38)",0,-0.08
378,16,"(14, 37)",1,-0.08
378,17,"(15, 37)",1,-0.08
378,18,"(16, 37)",1,-0.08
378,19,"(17, 37)",1,-0.08
378,20,"(18, 37)",1,-0.08
378,21,"(19, 37)",0,-0.08
378,22,"(19, 36)",0,-0.08
378,23,"(19, 35)",0,-0.08
378,24,"(19, 34)",0,-0.08
378,25,"(19, 33)",0,-0.08
378,26,"(19, 32)",0,-0.08
378,27,"(19, 31)",0,-0.08
378,28,"(19, 30)",0,-0.08
378,29,"(19, 29)",1,-0.08
378,30,"(20, 29)",0,-0.08
378,31,"(20, 28)",0,-0.08
378,32,"(20, 27)",1,-0.08
378,33,"(21, 27)",0,-0.08
378,34,"(21, 26)",0,-0.08
378,35,"(21, 25)",1,-0.08
378,36,"(22, 25)",1,-0.08
378,37,"(23, 25)",1,-0.08
378,38,"(24, 25)",1,-0.08
378,39,"(25, 25)",1,-0.08
378,40,"(26, 25)",1,-0.08
378,41,"(27, 25)",1,-0.08
378,42,"(28, 25)",1,-0.08
378,43,"(29, 25)",1,-0.08
378,44,"(30, 25)",1,-0.08
378,45,"(31, 25)",0,-0.08
378,46,"(31, 24)",0,-0.08
378,47,"(31, 23)",1,-0.08
378,48,"(32, 23)",1,-0.08
378,49,"(33, 23)",0,-0.08
378,50,"(33, 22)",0,-0.08
378,51,"(33, 21)",1,-0.08
378,52,"(34, 21)",1,-0.08
378,53,"(35, 21)",1,-0.08
378,54,"(36, 21)",1,-0.08
378,55,"(37, 21)",1,-0.08
378,56,"(38, 21)",1,-0.08
378,57,"(39, 21)",0,-0.08
378,58,"(39, 20)",1,-0.08
378,59,"(40, 20)",1,-0.08
378,60,"(41, 20)",1,-0.08
378,61,"(42, 20)",1,-0.08
378,62,"(43, 20)",0,-0.08
378,63,"(43, 19)",1,-0.08
378,64,"(44, 19)",0,-0.08
378,65,"(44, 18)",0,-0.08
378,66,"(44, 17)",0,-0.08
378,67,"(44, 16)",0,-0.08
378,68,"(44, 15)",1,-0.08
378,69,"(45, 15)",0,-0.08
378,70,"(45, 14)",0,-0.08
378,71,"(45, 13)",0,-0.08
378,72,"(45, 12)",0,-0.08
378,73,"(45, 11)",0,-0.08
378,74,"(45, 10)",1,-0.08
378,75,"(46, 10)",0,-0.08
378,76,"(46, 9)",0,-0.08
378,77,"(46, 8)",0,-0.08
378,78,"(46, 7)",1,-0.08
378,79,"(47, 7)",0,-0.08
378,80,"(47, 6)",1,-0.08
378,81,"(48, 6)",1,-0.08
378,82,"(49, 6)",0,-0.08
378,83,"(49, 5)",1,-0.08
378,84,"(50, 5)",1,-0.08
378,85,"(51, 5)",1,-0.08
378,86,"(52, 5)",1,-0.08
378,87,"(53, 5)",0,-0.08
378,88,"(53, 4)",0,-0.08
378,89,"(53, 3)",1,-0.08
378,90,"(54, 3)",1,-0.08
378,91,"(55, 3)",1,-0.08
378,92,"(56, 3)",0,-0.08
378,93,"(56, 2)",0,-0.08
378,94,"(56, 1)",1,-0.08
378,95,"(57, 1)",1,-0.08
378,96,"(58, 1)",1,-0.08
378,97,"(59, 1)",1,-0.08
378,98,"(60, 1)",1,-0.08
378,99,"(61, 1)",1,-0.08
378,100,"(62, 1)",1,-0.08
378,101,"(63, 1)",1,-0.08
378,102,"(64, 1)",1,-0.08
378,103,"(65, 1)",1,-0.08
378,104,"(66, 1)",1,-0.08
378,105,"(67, 1)",1,-0.08
378,106,"(68, 1)",1,-0.08
378,107,"(69, 1)",1,-0.08
378,108,"(70, 1)",1,-0.08
378,109,"(71, 1)",2,-0.08
378,110,"(71, 2)",2,-0.08
378,111,"(71, 3)",1,-0.08
378,112,"(72, 3)",1,-0.08
378,113,"(73, 3)",1,-0.08
378,114,"(74, 3)",1,-0.08
378,115,"(75, 3)",1,-0.08
378,116,"(76, 3)",1,-0.08
378,117,"(77, 3)",0,-0.08
378,118,"(77, 2)",0,-0.08
378,119,"(77, 1)",0,-0.08
378,120,"(77, 0)",1,-0.08
378,121,"(78, 0)",1,8.33
379,0,"(0, 39)",1,-0.08
379,1,"(1, 39)",1,-0.08
379,2,"(2, 39)",1,-0.08
379,3,"(3, 39)",1,-0.08
379,4,"(4, 39)",1,-0.08
379,5,"(5, 39)",1,-0.08
379,6,"(6, 39)",1,-0.08
379,7,"(7, 39)",1,-0.08
379,8,"(8, 39)",1,-0.08
379,9,"(9, 39)",1,-0.08
379,10,"(10, 39)",0,-0.08
379,11,"(10, 38)",1,-0.08
379,12,"(11, 38)",0,-0.08
379,13,"(11, 37)",1,-0.08
379,14,"(12, 37)",1,-0.08
379,15,"(13, 37)",1,-0.08
379,16,"(14, 37)",1,-0.08
379,17,"(15, 37)",0,-0.08
379,18,"(15, 36)",0,-0.08
379,19,"(15, 35)",0,-0.08
379,20,"(15, 34)",0,-0.08
379,21,"(15, 33)",1,-0.08
379,22,"(16, 33)",1,-0.08
379,23,"(17, 33)",1,-0.08
379,24,"(18, 33)",1,-0.08
379,25,"(19, 33)",0,-0.08
379,26,"(19, 32)",0,-0.08
379,27,"(19, 31)",0,-0.08
379,28,"(19, 30)",0,-0.08
379,29,"(19, 29)",1,-0.08
379,30,"(20, 29)",0,-0.08
379,31,"(20, 28)",0,-0.08
379,32,"(20, 27)",1,-0.08
379,33,"(21, 27)",0,-0.08
379,34,"(21, 26)",0,-0.08
379,35,"(21, 25)",1,-0.08
379,36,"(22, 25)",0,-0.08
379,37,"(22, 24)",0,-0.08
379,38,"(22, 23)",1,-0.08
379,39,"(23, 23)",1,-0.08
379,40,"(24, 23)",1,-0.08
379,41,"(25, 23)",0,-0.08
379,42,"(25, 22)",0,-0.08
379,43,"(25, 21)",1,-0.08
379,44,"(26, 21)",1,-0.08
379,45,"(27, 21)",0,-0.08
379,46,"(27, 20)",0,-0.08
379,47,"(27, 19)",0,-0.08
379,48,"(27, 18)",0,-0.08
379,49,"(27, 17)",0,-0.08
379,50,"(27, 16)",1,-0.08
379,51,"(28, 16)",1,-0.08
379,52,"(29, 16)",0,-0.08
379,53,"(29, 15)",1,-0.08
379,54,"(30, 15)",1,-0.08
379,55,"(31, 15)",1,-0.08
379,56,"(32, 15)",0,-0.08
379,57,"(32, 14)",0,-0.08
379,58,"(32, 13)",1,-0.08
379,59,"(33, 13)",1,-0.08
379,60,"(34, 13)",1,-0.08
379,61,"(35, 13)",1,-0.08
379,62,"(36, 13)",1,-0.08
379,63,"(37, 13)",1,-0.08
379,64,"(38, 13)",1,-0.08
379,65,"(39, 13)",0,-0.08
379,66,"(39, 12)",0,-0.08
379,67,"(39, 11)",1,-0.08
379,68,"(40, 11)",1,-0.08
379,69,"(41, 11)",1,-0.08
379,70,"(42, 11)",1,-0.08
379,71,"(43, 11)",1,-0.08
379,72,"(44, 11)",1,-0.08
379,73,"(45, 11)",0,-0.08
379,74,"(45, 10)",1,-0.08
379,75,"(46, 10)",0,-0.08
379,76,"(46, 9)",0,-0.08
379,77,"(46, 8)",0,-0.08
379,78,"(46, 7)",1,-0.08
379,79,"(47, 7)",0,-0.08
379,80,"(47, 6)",1,-0.08
379,81,"(48, 6)",1,-0.08
379,82,"(49, 6)",0,-0.08
379,83,"(49, 5)",1,-0.08
379,84,"(50, 5)",1,-0.08
379,85,"(51, 5)",0,-0.08
379,86,"(51, 4)",0,-0.08
379,87,"(51, 3)",0,-0.08
379,88,"(51, 2)",0,-0.08
379,89,"(51, 1)",1,-0.08
379,90,"(52, 1)",1,-0.08
379,91,"(53, 1)",1,-0.08
379,92,"(54, 1)",1,-0.08
379,93,"(55, 1)",1,-0.08
379,94,"(56, 1)",1,-0.08
379,95,"(57, 1)",1,-0.08
379,96,"(58, 1)",1,-0.08
379,97,"(59, 1)",1,-0.08
379,98,"(60, 1)",1,-0.08
379,99,"(61, 1)",1,-0.08
379,100,"(62, 1)",1,-0.08
379,101,"(63, 1)",1,-0.08
379,102,"(64, 1)",1,-0.08
379,103,"(65, 1)",1,-0.08
379,104,"(66, 1)",1,-0.08
379,105,"(67, 1)",1,-0.08
379,106,"(68, 1)",1,-0.08
379,107,"(69, 1)",1,-0.08
379,108,"(70, 1)",1,-0.08
379,109,"(71, 1)",2,-0.08
379,110,"(71, 2)",2,-0.08
379,111,"(71, 3)",1,-0.08
379,112,"(72, 3)",1,-0.08
379,113,"(73, 3)",0,-0.08
379,114,"(73, 2)",0,-0.08
379,115,"(73, 1)",0,-0.08
379,116,"(73, 0)",1,-0.08
379,117,"(74, 0)",1,-0.08
379,118,"(75, 0)",1,-0.08
379,119,"(76, 0)",1,-0.08
379,120,"(77, 0)",1,-0.08
379,121,"(78, 0)",1,8.33
380,0,"(0, 39)",1,-0.08
380,1,"(1, 39)",1,-0.08
380,2,"(2, 39)",1,-0.08
380,3,"(3, 39)",1,-0.08
380,4,"(4, 39)",1,-0.08
380,5,"(5, 39)",1,-0.08
380,6,"(6, 39)",1,-0.08
380,7,"(7, 39)",1,-0.08
380,8,"(8, 39)",1,-0.08
380,9,"(9, 39)",1,-0.08
380,10,"(10, 39)",1,-0.08
380,11,"(11, 39)",0,-0.08
380,12,"(11, 38)",0,-0.08
380,13,"(11, 37)",1,-0.08
380,14,"(12, 37)",1,-0.08
380,15,"(13, 37)",1,-0.08
380,16,"(14, 37)",1,-0.08
380,17,"(15, 37)",1,-0.08
380,18,"(16, 37)",0,-0.08
380,19,"(16, 36)",1,-0.08
380,20,"(17, 36)",0,-0.08
380,21,"(17, 35)",1,-0.08
380,22,"(18, 35)",0,-0.08
380,23,"(18, 34)",1,-0.08
380,24,"(19, 34)",0,-0.08
380,25,"(19, 33)",0,-0.08
380,26,"(19, 32)",0,-0.08
380,27,"(19, 31)",0,-0.08
380,28,"(19, 30)",0,-0.08
380,29,"(19, 29)",1,-0.08
380,30,"(20, 29)",0,-0.08
380,31,"(20, 28)",0,-0.08
380,32,"(20, 27)",1,-0.08
380,33,"(21, 27)",0,-0.08
380,34,"(21, 26)",1,-0.08
380,35,"(22, 26)",1,-0.08
380,36,"(23, 26)",0,-0.08
380,37,"(23, 25)",1,-0.08
380,38,"(24, 25)",1,-0.08
380,39,"(25, 25)",1,-0.08
380,40,"(26, 25)",1,-0.08
380,41,"(27, 25)",1,-0.08
380,42,"(28, 25)",1,-0.08
380,43,"(29, 25)",1,-0.08
380,44,"(30, 25)",1,-0.08
380,45,"(31, 25)",0,-0.08
380,46,"(31, 24)",0,-0.08
380,47,"(31, 23)",1,-0.08
380,48,"(32, 23)",1,-0.08
380,49,"(33, 23)",0,-0.08
380,50,"(33, 22)",0,-0.08
380,51,"(33, 21)",1,-0.08
380,52,"(34, 21)",1,-0.08
380,53,"(35, 21)",1,-0.08
380,54,"(36, 21)",1,-0.08
380,55,"(37, 21)",1,-0.08
380,56,"(38, 21)",1,-0.08
380,57,"(39, 21)",1,-0.08
380,58,"(40, 21)",1,-0.08
380,59,"(41, 21)",0,-0.08
380,60,"(41, 20)",0,-0.08
380,61,"(41, 19)",0,-0.08
380,62,"(41, 18)",1,-0.08
380,63,"(42, 18)",0,-0.08
380,64,"(42, 17)",1,-0.08
380,65,"(43, 17)",0,-0.08
380,66,"(43, 16)",0,-0.08
380,67,"(43, 15)",1,-0.08
380,68,"(44, 15)",1,-0.08
380,69,"(45, 15)",0,-0.08
380,70,"(45, 14)",0,-0.08
380,71,"(45, 13)",0,-0.08
380,72,"(45, 12)",0,-0.08
380,73,"(45, 11)",0,-0.08
380,74,"(45, 10)",1,-0.08
380,75,"(46, 10)",0,-0.08
380,76,"(46, 9)",0,-0.08
380,77,"(46, 8)",0,-0.08
380,78,"(46, 7)",1,-0.08
380,79,"(47, 7)",0,-0.08
380,80,"(47, 6)",1,-0.08
380,81,"(48, 6)",1,-0.08
380,82,"(49, 6)",0,-0.08
380,83,"(49, 5)",1,-0.08
380,84,"(50, 5)",1,-0.08
380,85,"(51, 5)",1,-0.08
380,86,"(52, 5)",1,-0.08
380,87,"(53, 5)",0,-0.08
380,88,"(53, 4)",0,-0.08
380,89,"(53, 3)",0,-0.08
380,90,"(53, 2)",0,-0.08
380,91,"(53, 1)",1,-0.08
380,92,"(54, 1)",1,-0.08
380,93,"(55, 1)",1,-0.08
380,94,"(56, 1)",1,-0.08
380,95,"(57, 1)",1,-0.08
380,96,"(58, 1)",1,-0.08
380,97,"(59, 1)",1,-0.08
380,98,"(60, 1)",1,-0.08
380,99,"(61, 1)",1,-0.08
380,100,"(62, 1)",1,-0.08
380,101,"(63, 1)",1,-0.08
380,102,"(64, 1)",1,-0.08
380,103,"(65, 1)",1,-0.08
380,104,"(66, 1)",1,-0.08
380,105,"(67, 1)",1,-0.08
380,106,"(68, 1)",1,-0.08
380,107,"(69, 1)",1,-0.08
380,108,"(70, 1)",1,-0.08
380,109,"(71, 1)",2,-0.08
380,110,"(71, 2)",2,-0.08
380,111,"(71, 3)",1,-0.08
380,112,"(72, 3)",1,-0.08
380,113,"(73, 3)",0,-0.08
380,114,"(73, 2)",0,-0.08
380,115,"(73, 1)",1,-0.08
380,116,"(74, 1)",1,-0.08
380,117,"(75, 1)",0,-0.08
380,118,"(75, 0)",1,-0.08
380,119,"(76, 0)",1,-0.08
380,120,"(77, 0)",1,-0.08
380,121,"(78, 0)",1,8.33
381,0,"(0, 39)",1,-0.08
381,1,"(1, 39)",1,-0.08
381,2,"(2, 39)",1,-0.08
381,3,"(3, 39)",1,-0.08
381,4,"(4, 39)",1,-0.08
381,5,"(5, 39)",1,-0.08
381,6,"(6, 39)",1,-0.08
381,7,"(7, 39)",1,-0.08
381,8,"(8, 39)",1,-0.08
381,9,"(9, 39)",1,-0.08
381,10,"(10, 39)",1,-0.08
381,11,"(11, 39)",1,-0.08
381,12,"(12, 39)",1,-0.08
381,13,"(13, 39)",1,-0.08
381,14,"(14, 39)",0,-0.08
381,15,"(14, 38)",0,-0.08
381,16,"(14, 37)",1,-0.08
381,17,"(15, 37)",1,-0.08
381,18,"(16, 37)",1,-0.08
381,19,"(17, 37)",0,-0.08
381,20,"(17, 36)",0,-0.08
381,21,"(17, 35)",1,-0.08
381,22,"(18, 35)",0,-0.08
381,23,"(18, 34)",1,-0.08
381,24,"(19, 34)",0,-0.08
381,25,"(19, 33)",0,-0.08
381,26,"(19, 32)",0,-0.08
381,27,"(19, 31)",0,-0.08
381,28,"(19, 30)",0,-0.08
381,29,"(19, 29)",1,-0.08
381,30,"(20, 29)",0,-0.08
381,31,"(20, 28)",0,-0.08
381,32,"(20, 27)",1,-0.08
381,33,"(21, 27)",0,-0.08
381,34,"(21, 26)",1,-0.08
381,35,"(22, 26)",0,-0.08
381,36,"(22, 25)",0,-0.08
381,37,"(22, 24)",0,-0.08
381,38,"(22, 23)",1,-0.08
381,39,"(23, 23)",1,-0.08
381,40,"(24, 23)",1,-0.08
381,41,"(25, 23)",0,-0.08
381,42,"(25, 22)",0,-0.08
381,43,"(25, 21)",0,-0.08
381,44,"(25, 20)",0,-0.08
381,45,"(25, 19)",0,-0.08
381,46,"(25, 18)",1,-0.08
381,47,"(26, 18)",1,-0.08
381,48,"(27, 18)",0,-0.08
381,49,"(27, 17)",1,-0.08
381,50,"(28, 17)",0,-0.08
381,51,"(28, 16)",1,-0.08
381,52,"(29, 16)",0,-0.08
381,53,"(29, 15)",1,-0.08
381,54,"(30, 15)",1,-0.08
381,55,"(31, 15)",0,-0.08
381,56,"(31, 14)",1,-0.08
381,57,"(32, 14)",0,-0.08
381,58,"(32, 13)",1,-0.08
381,59,"(33, 13)",1,-0.08
381,60,"(34, 13)",1,-0.08
381,61,"(35, 13)",1,-0.08
381,62,"(36, 13)",1,-0.08
381,63,"(37, 13)",1,-0.08
381,64,"(38, 13)",1,-0.08
381,65,"(39, 13)",0,-0.08
381,66,"(39, 12)",0,-0.08
381,67,"(39, 11)",1,-0.08
381,68,"(40, 11)",1,-0.08
381,69,"(41, 11)",1,-0.08
381,70,"(42, 11)",1,-0.08
381,71,"(43, 11)",1,-0.08
381,72,"(44, 11)",1,-0.08
381,73,"(45, 11)",0,-0.08
381,74,"(45, 10)",1,-0.08
381,75,"(46, 10)",0,-0.08
381,76,"(46, 9)",0,-0.08
381,77,"(46, 8)",0,-0.08
381,78,"(46, 7)",0,-0.08
381,79,"(46, 6)",1,-0.08
381,80,"(47, 6)",1,-0.08
381,81,"(48, 6)",1,-0.08
381,82,"(49, 6)",0,-0.08
381,83,"(49, 5)",1,-0.08
381,84,"(50, 5)",1,-0.08
381,85,"(51, 5)",1,-0.08
381,86,"(52, 5)",1,-0.08
381,87,"(53, 5)",0,-0.08
381,88,"(53, 4)",0,-0.08
381,89,"(53, 3)",1,-0.08
381,90,"(54, 3)",1,-0.08
381,91,"(55, 3)",1,-0.08
381,92,"(56, 3)",1,-0.08
381,93,"(57, 3)",0,-0.08
381,94,"(57, 2)",1,-0.08
381,95,"(58, 2)",0,-0.08
381,96,"(58, 1)",1,-0.08
381,97,"(59, 1)",1,-0.08
381,98,"(60, 1)",1,-0.08
381,99,"(61, 1)",1,-0.08
381,100,"(62, 1)",1,-0.08
381,101,"(63, 1)",1,-0.08
381,102,"(64, 1)",1,-0.08
381,103,"(65, 1)",1,-0.08
381,104,"(66, 1)",1,-0.08
381,105,"(67, 1)",1,-0.08
381,106,"(68, 1)",1,-0.08
381,107,"(69, 1)",1,-0.08
381,108,"(70, 1)",1,-0.08
381,109,"(71, 1)",2,-0.08
381,110,"(71, 2)",2,-0.08
381,111,"(71, 3)",1,-0.08
381,112,"(72, 3)",1,-0.08
381,113,"(73, 3)",0,-0.08
381,114,"(73, 2)",0,-0.08
381,115,"(73, 1)",1,-0.08
381,116,"(74, 1)",1,-0.08
381,117,"(75, 1)",1,-0.08
381,118,"(76, 1)",1,-0.08
381,119,"(77, 1)",1,-0.08
381,120,"(78, 1)",0,-0.08
381,121,"(78, 0)",1,8.33
382,0,"(0, 39)",1,-0.08
382,1,"(1, 39)",1,-0.08
382,2,"(2, 39)",1,-0.08
382,3,"(3, 39)",1,-0.08
382,4,"(4, 39)",1,-0.08
382,5,"(5, 39)",1,-0.08
382,6,"(6, 39)",1,-0.08
382,7,"(7, 39)",1,-0.08
382,8,"(8, 39)",1,-0.08
382,9,"(9, 39)",1,-0.08
382,10,"(10, 39)",1,-0.08
382,11,"(11, 39)",1,-0.08
382,12,"(12, 39)",1,-0.08
382,13,"(13, 39)",1,-0.08
382,14,"(14, 39)",0,-0.08
382,15,"(14, 38)",0,-0.08
382,16,"(14, 37)",1,-0.08
382,17,"(15, 37)",1,-0.08
382,18,"(16, 37)",1,-0.08
382,19,"(17, 37)",0,-0.08
382,20,"(17, 36)",0,-0.08
382,21,"(17, 35)",0,-0.08
382,22,"(17, 34)",0,-0.08
382,23,"(17, 33)",1,-0.08
382,24,"(18, 33)",1,-0.08
382,25,"(19, 33)",0,-0.08
382,26,"(19, 32)",0,-0.08
382,27,"(19, 31)",0,-0.08
382,28,"(19, 30)",0,-0.08
382,29,"(19, 29)",1,-0.08
382,30,"(20, 29)",0,-0.08
382,31,"(20, 28)",0,-0.08
382,32,"(20, 27)",1,-0.08
382,33,"(21, 27)",0,-0.08
382,34,"(21, 26)",0,-0.08
382,35,"(21, 25)",1,-0.08
382,36,"(22, 25)",0,-0.08
382,37,"(22, 24)",0,-0.08
382,38,"(22, 23)",1,-0.08
382,39,"(23, 23)",1,-0.08
382,40,"(24, 23)",1,-0.08
382,41,"(25, 23)",0,-0.08
382,42,"(25, 22)",0,-0.08
382,43,"(25, 21)",1,-0.08
382,44,"(26, 21)",1,-0.08
382,45,"(27, 21)",0,-0.08
382,46,"(27, 20)",0,-0.08
382,47,"(27, 19)",0,-0.08
382,48,"(27, 18)",0,-0.08
382,49,"(27, 17)",0,-0.08
382,50,"(27, 16)",1,-0.08
382,51,"(28, 16)",1,-0.08
382,52,"(29, 16)",0,-0.08
382,53,"(29, 15)",1,-0.08
382,54,"(30, 15)",1,-0.08
382,55,"(31, 15)",0,-0.08
382,56,"(31, 14)",0,-0.08
382,57,"(31, 13)",1,-0.08
382,58,"(32, 13)",1,-0.08
382,59,"(33, 13)",1,-0.08
382,60,"(34, 13)",1,-0.08
382,61,"(35, 13)",1,-0.08
382,62,"(36, 13)",1,-0.08
382,63,"(37, 13)",1,-0.08
382,64,"(38, 13)",1,-0.08
382,65,"(39, 13)",1,-0.08
382,66,"(40, 13)",1,-0.08
382,67,"(41, 13)",0,-0.08
382,68,"(41, 12)",0,-0.08
382,69,"(41, 11)",1,-0.08
382,70,"(42, 11)",1,-0.08
382,71,"(43, 11)",1,-0.08
382,72,"(44, 11)",1,-0.08
382,73,"(45, 11)",0,-0.08
382,74,"(45, 10)",0,-0.08
382,75,"(45, 9)",0,-0.08
382,76,"(45, 8)",0,-0.08
382,77,"(45, 7)",1,-0.08
382,78,"(46, 7)",1,-0.08
382,79,"(47, 7)",0,-0.08
382,80,"(47, 6)",1,-0.08
382,81,"(48, 6)",1,-0.08
382,82,"(49, 6)",0,-0.08
382,83,"(49, 5)",1,-0.08
382,84,"(50, 5)",1,-0.08
382,85,"(51, 5)",1,-0.08
382,86,"(52, 5)",1,-0.08
382,87,"(53, 5)",0,-0.08
382,88,"(53, 4)",0,-0.08
382,89,"(53, 3)",0,-0.08
382,90,"(53, 2)",0,-0.08
382,91,"(53, 1)",1,-0.08
382,92,"(54, 1)",1,-0.08
382,93,"(55, 1)",1,-0.08
382,94,"(56, 1)",1,-0.08
382,95,"(57, 1)",1,-0.08
382,96,"(58, 1)",1,-0.08
382,97,"(59, 1)",1,-0.08
382,98,"(60, 1)",1,-0.08
382,99,"(61, 1)",1,-0.08
382,100,"(62, 1)",1,-0.08
382,101,"(63, 1)",1,-0.08
382,102,"(64, 1)",1,-0.08
382,103,"(65, 1)",1,-0.08
382,104,"(66, 1)",1,-0.08
382,105,"(67, 1)",1,-0.08
382,106,"(68, 1)",1,-0.08
382,107,"(69, 1)",1,-0.08
382,108,"(70, 1)",1,-0.08
382,109,"(71, 1)",2,-0.08
382,110,"(71, 2)",2,-0.08
382,111,"(71, 3)",1,-0.08
382,112,"(72, 3)",1,-0.08
382,113,"(73, 3)",1,-0.08
382,114,"(74, 3)",1,-0.08
382,115,"(75, 3)",1,-0.08
382,116,"(76, 3)",1,-0.08
382,117,"(77, 3)",0,-0.08
382,118,"(77, 2)",0,-0.08
382,119,"(77, 1)",1,-0.08
382,120,"(78, 1)",1,-0.08
382,121,"(79, 1)",0,8.33
383,0,"(0, 39)",1,-0.08
383,1,"(1, 39)",1,-0.08
383,2,"(2, 39)",1,-0.08
383,3,"(3, 39)",1,-0.08
383,4,"(4, 39)",1,-0.08
383,5,"(5, 39)",1,-0.08
383,6,"(6, 39)",1,-0.08
383,7,"(7, 39)",1,-0.08
383,8,"(8, 39)",1,-0.08
383,9,"(9, 39)",1,-0.08
383,10,"(10, 39)",1,-0.08
383,11,"(11, 39)",1,-0.08
383,12,"(12, 39)",1,-0.08
383,13,"(13, 39)",1,-0.08
383,14,"(14, 39)",0,-0.08
383,15,"(14, 38)",0,-0.08
383,16,"(14, 37)",1,-0.08
383,17,"(15, 37)",0,-0.08
383,18,"(15, 36)",1,-0.08
383,19,"(16, 36)",1,-0.08
383,20,"(17, 36)",0,-0.08
383,21,"(17, 35)",0,-0.08
383,22,"(17, 34)",0,-0.08
383,23,"(17, 33)",1,-0.08
383,24,"(18, 33)",1,-0.08
383,25,"(19, 33)",0,-0.08
383,26,"(19, 32)",0,-0.08
383,27,"(19, 31)",0,-0.08
383,28,"(19, 30)",0,-0.08
383,29,"(19, 29)",1,-0.08
383,30,"(20, 29)",0,-0.08
383,31,"(20, 28)",0,-0.08
383,32,"(20, 27)",1,-0.08
383,33,"(21, 27)",0,-0.08
383,34,"(21, 26)",0,-0.08
383,35,"(21, 25)",1,-0.08
383,36,"(22, 25)",0,-0.08
383,37,"(22, 24)",0,-0.08
383,38,"(22, 23)",1,-0.08
383,39,"(23, 23)",1,-0.08
383,40,"(24, 23)",1,-0.08
383,41,"(25, 23)",0,-0.08
383,42,"(25, 22)",0,-0.08
383,43,"(25, 21)",1,-0.08
383,44,"(26, 21)",1,-0.08
383,45,"(27, 21)",0,-0.08
383,46,"(27, 20)",1,-0.08
383,47,"(28, 20)",0,-0.08
383,48,"(28, 19)",1,-0.08
383,49,"(29, 19)",1,-0.08
383,50,"(30, 19)",1,-0.08
383,51,"(31, 19)",1,-0.08
383,52,"(32, 19)",1,-0.08
383,53,"(33, 19)",1,-0.08
383,54,"(34, 19)",1,-0.08
383,55,"(35, 19)",0,-0.08
383,56,"(35, 18)",0,-0.08
383,57,"(35, 17)",0,-0.08
383,58,"(35, 16)",0,-0.08
383,59,"(35, 15)",0,-0.08
383,60,"(35, 14)",0,-0.08
383,61,"(35, 13)",1,-0.08
383,62,"(36, 13)",1,-0.08
383,63,"(37, 13)",1,-0.08
383,64,"(38, 13)",1,-0.08
383,65,"(39, 13)",0,-0.08
383,66,"(39, 12)",0,-0.08
383,67,"(39, 11)",1,-0.08
383,68,"(40, 11)",1,-0.08
383,69,"(41, 11)",1,-0.08
383,70,"(42, 11)",1,-0.08
383,71,"(43, 11)",1,-0.08
383,72,"(44, 11)",1,-0.08
383,73,"(45, 11)",0,-0.08
383,74,"(45, 10)",1,-0.08
383,75,"(46, 10)",0,-0.08
383,76,"(46, 9)",0,-0.08
383,77,"(46, 8)",0,-0.08
383,78,"(46, 7)",0,-0.08
383,79,"(46, 6)",1,-0.08
383,80,"(47, 6)",1,-0.08
383,81,"(48, 6)",1,-0.08
383,82,"(49, 6)",0,-0.08
383,83,"(49, 5)",1,-0.08
383,84,"(50, 5)",1,-0.08
383,85,"(51, 5)",1,-0.08
383,86,"(52, 5)",1,-0.08
383,87,"(53, 5)",0,-0.08
383,88,"(53, 4)",0,-0.08
383,89,"(53, 3)",1,-0.08
383,90,"(54, 3)",1,-0.08
383,91,"(55, 3)",1,-0.08
383,92,"(56, 3)",1,-0.08
383,93,"(57, 3)",0,-0.08
383,94,"(57, 2)",1,-0.08
383,95,"(58, 2)",0,-0.08
383,96,"(58, 1)",1,-0.08
383,97,"(59, 1)",1,-0.08
383,98,"(60, 1)",1,-0.08
383,99,"(61, 1)",1,-0.08
383,100,"(62, 1)",1,-0.08
383,101,"(63, 1)",1,-0.08
383,102,"(64, 1)",1,-0.08
383,103,"(65, 1)",1,-0.08
383,104,"(66, 1)",1,-0.08
383,105,"(67, 1)",1,-0.08
383,106,"(68, 1)",1,-0.08
383,107,"(69, 1)",1,-0.08
383,108,"(70, 1)",1,-0.08
383,109,"(71, 1)",2,-0.08
383,110,"(71, 2)",2,-0.08
383,111,"(71, 3)",1,-0.08
383,112,"(72, 3)",1,-0.08
383,113,"(73, 3)",1,-0.08
383,114,"(74, 3)",1,-0.08
383,115,"(75, 3)",1,-0.08
383,116,"(76, 3)",1,-0.08
383,117,"(77, 3)",0,-0.08
383,118,"(77, 2)",0,-0.08
383,119,"(77, 1)",1,-0.08
383,120,"(78, 1)",0,-0.08
383,121,"(78, 0)",1,8.33
384,0,"(0, 39)",1,-0.08
384,1,"(1, 39)",1,-0.08
384,2,"(2, 39)",1,-0.08
384,3,"(3, 39)",1,-0.08
384,4,"(4, 39)",1,-0.08
384,5,"(5, 39)",1,-0.08
384,6,"(6, 39)",1,-0.08
384,7,"(7, 39)",1,-0.08
384,8,"(8, 39)",1,-0.08
384,9,"(9, 39)",1,-0.08
384,10,"(10, 39)",0,-0.08
384,11,"(10, 38)",1,-0.08
384,12,"(11, 38)",0,-0.08
384,13,"(11, 37)",1,-0.08
384,14,"(12, 37)",1,-0.08
384,15,"(13, 37)",1,-0.08
384,16,"(14, 37)",1,-0.08
384,17,"(15, 37)",0,-0.08
384,18,"(15, 36)",0,-0.08
384,19,"(15, 35)",0,-0.08
384,20,"(15, 34)",0,-0.08
384,21,"(15, 33)",1,-0.08
384,22,"(16, 33)",1,-0.08
384,23,"(17, 33)",1,-0.08
384,24,"(18, 33)",1,-0.08
384,25,"(19, 33)",0,-0.08
384,26,"(19, 32)",0,-0.08
384,27,"(19, 31)",0,-0.08
384,28,"(19, 30)",0,-0.08
384,29,"(19, 29)",1,-0.08
384,30,"(20, 29)",0,-0.08
384,31,"(20, 28)",0,-0.08
384,32,"(20, 27)",1,-0.08
384,33,"(21, 27)",0,-0.08
384,34,"(21, 26)",0,-0.08
384,35,"(21, 25)",1,-0.08
384,36,"(22, 25)",1,-0.08
384,37,"(23, 25)",1,-0.08
384,38,"(24, 25)",1,-0.08
384,39,"(25, 25)",0,-0.08
384,40,"(25, 24)",0,-0.08
384,41,"(25, 23)",0,-0.08
384,42,"(25, 22)",0,-0.08
384,43,"(25, 21)",0,-0.08
384,44,"(25, 20)",0,-0.08
384,45,"(25, 19)",0,-0.08
384,46,"(25, 18)",1,-0.08
384,47,"(26, 18)",1,-0.08
384,48,"(27, 18)",0,-0.08
384,49,"(27, 17)",0,-0.08
384,50,"(27, 16)",1,-0.08
384,51,"(28, 16)",1,-0.08
384,52,"(29, 16)",0,-0.08
384,53,"(29, 15)",1,-0.08
384,54,"(30, 15)",1,-0.08
384,55,"(31, 15)",1,-0.08
384,56,"(32, 15)",0,-0.08
384,57,"(32, 14)",0,-0.08
384,58,"(32, 13)",1,-0.08
384,59,"(33, 13)",1,-0.08
384,60,"(34, 13)",1,-0.08
384,61,"(35, 13)",1,-0.08
384,62,"(36, 13)",1,-0.08
384,63,"(37, 13)",1,-0.08
384,64,"(38, 13)",1,-0.08
384,65,"(39, 13)",1,-0.08
384,66,"(40, 13)",1,-0.08
384,67,"(41, 13)",1,-0.08
384,68,"(42, 13)",1,-0.08
384,69,"(43, 13)",1,-0.08
384,70,"(44, 13)",1,-0.08
384,71,"(45, 13)",0,-0.08
384,72,"(45, 12)",0,-0.08
384,73,"(45, 11)",0,-0.08
384,74,"(45, 10)",0,-0.08
384,75,"(45, 9)",1,-0.08
384,76,"(46, 9)",0,-0.08
384,77,"(46, 8)",0,-0.08
384,78,"(46, 7)",1,-0.08
384,79,"(47, 7)",0,-0.08
384,80,"(47, 6)",1,-0.08
384,81,"(48, 6)",1,-0.08
384,82,"(49, 6)",0,-0.08
384,83,"(49, 5)",1,-0.08
384,84,"(50, 5)",1,-0.08
384,85,"(51, 5)",0,-0.08
384,86,"(51, 4)",0,-0.08
384,87,"(51, 3)",0,-0.08
384,88,"(51, 2)",0,-0.08
384,89,"(51, 1)",1,-0.08
384,90,"(52, 1)",1,-0.08
384,91,"(53, 1)",1,-0.08
384,92,"(54, 1)",1,-0.08
384,93,"(55, 1)",1,-0.08
384,94,"(56, 1)",1,-0.08
384,95,"(57, 1)",1,-0.08
384,96,"(58, 1)",1,-0.08
384,97,"(59, 1)",1,-0.08
384,98,"(60, 1)",1,-0.08
384,99,"(61, 1)",1,-0.08
384,100,"(62, 1)",1,-0.08
384,101,"(63, 1)",1,-0.08
384,102,"(64, 1)",1,-0.08
384,103,"(65, 1)",1,-0.08
384,104,"(66, 1)",1,-0.08
384,105,"(67, 1)",1,-0.08
384,106,"(68, 1)",1,-0.08
384,107,"(69, 1)",1,-0.08
384,108,"(70, 1)",1,-0.08
384,109,"(71, 1)",2,-0.08
384,110,"(71, 2)",2,-0.08
384,111,"(71, 3)",1,-0.08
384,112,"(72, 3)",1,-0.08
384,113,"(73, 3)",1,-0.08
384,114,"(74, 3)",1,-0.08
384,115,"(75, 3)",1,-0.08
384,116,"(76, 3)",1,-0.08
384,117,"(77, 3)",0,-0.08
384,118,"(77, 2)",0,-0.08
384,119,"(77, 1)",1,-0.08
384,120,"(78, 1)",1,-0.08
384,121,"(79, 1)",0,8.33
385,0,"(0, 39)",1,-0.08
385,1,"(1, 39)",1,-0.08
385,2,"(2, 39)",1,-0.08
385,3,"(3, 39)",1,-0.08
385,4,"(4, 39)",1,-0.08
385,5,"(5, 39)",1,-0.08
385,6,"(6, 39)",1,-0.08
385,7,"(7, 39)",1,-0.08
385,8,"(8, 39)",1,-0.08
385,9,"(9, 39)",1,-0.08
385,10,"(10, 39)",1,-0.08
385,11,"(11, 39)",0,-0.08
385,12,"(11, 38)",0,-0.08
385,13,"(11, 37)",1,-0.08
385,14,"(12, 37)",1,-0.08
385,15,"(13, 37)",1,-0.08
385,16,"(14, 37)",1,-0.08
385,17,"(15, 37)",0,-0.08
385,18,"(15, 36)",1,-0.08
385,19,"(16, 36)",1,-0.08
385,20,"(17, 36)",0,-0.08
385,21,"(17, 35)",0,-0.08
385,22,"(17, 34)",0,-0.08
385,23,"(17, 33)",1,-0.08
385,24,"(18, 33)",1,-0.08
385,25,"(19, 33)",0,-0.08
385,26,"(19, 32)",0,-0.08
385,27,"(19, 31)",0,-0.08
385,28,"(19, 30)",0,-0.08
385,29,"(19, 29)",1,-0.08
385,30,"(20, 29)",0,-0.08
385,31,"(20, 28)",0,-0.08
385,32,"(20, 27)",1,-0.08
385,33,"(21, 27)",0,-0.08
385,34,"(21, 26)",0,-0.08
385,35,"(21, 25)",1,-0.08
385,36,"(22, 25)",1,-0.08
385,37,"(23, 25)",1,-0.08
385,38,"(24, 25)",1,-0.08
385,39,"(25, 25)",0,-0.08
385,40,"(25, 24)",0,-0.08
385,41,"(25, 23)",0,-0.08
385,42,"(25, 22)",0,-0.08
385,43,"(25, 21)",0,-0.08
385,44,"(25, 20)",0,-0.08
385,45,"(25, 19)",0,-0.08
385,46,"(25, 18)",1,-0.08
385,47,"(26, 18)",1,-0.08
385,48,"(27, 18)",0,-0.08
385,49,"(27, 17)",1,-0.08
385,50,"(28, 17)",1,-0.08
385,51,"(29, 17)",0,-0.08
385,52,"(29, 16)",0,-0.08
385,53,"(29, 15)",1,-0.08
385,54,"(30, 15)",1,-0.08
385,55,"(31, 15)",1,-0.08
385,56,"(32, 15)",0,-0.08
385,57,"(32, 14)",0,-0.08
385,58,"(32, 13)",1,-0.08
385,59,"(33, 13)",1,-0.08
385,60,"(34, 13)",1,-0.08
385,61,"(35, 13)",1,-0.08
385,62,"(36, 13)",1,-0.08
385,63,"(37, 13)",1,-0.08
385,64,"(38, 13)",1,-0.08
385,65,"(39, 13)",0,-0.08
385,66,"(39, 12)",0,-0.08
385,67,"(39, 11)",1,-0.08
385,68,"(40, 11)",1,-0.08
385,69,"(41, 11)",1,-0.08
385,70,"(42, 11)",1,-0.08
385,71,"(43, 11)",1,-0.08
385,72,"(44, 11)",1,-0.08
385,73,"(45, 11)",0,-0.08
385,74,"(45, 10)",1,-0.08
385,75,"(46, 10)",0,-0.08
385,76,"(46, 9)",0,-0.08
385,77,"(46, 8)",0,-0.08
385,78,"(46, 7)",1,-0.08
385,79,"(47, 7)",0,-0.08
385,80,"(47, 6)",1,-0.08
385,81,"(48, 6)",1,-0.08
385,82,"(49, 6)",0,-0.08
385,83,"(49, 5)",1,-0.08
385,84,"(50, 5)",1,-0.08
385,85,"(51, 5)",0,-0.08
385,86,"(51, 4)",0,-0.08
385,87,"(51, 3)",0,-0.08
385,88,"(51, 2)",1,-0.08
385,89,"(52, 2)",1,-0.08
385,90,"(53, 2)",0,-0.08
385,91,"(53, 1)",1,-0.08
385,92,"(54, 1)",1,-0.08
385,93,"(55, 1)",1,-0.08
385,94,"(56, 1)",1,-0.08
385,95,"(57, 1)",1,-0.08
385,96,"(58, 1)",1,-0.08
385,97,"(59, 1)",1,-0.08
385,98,"(60, 1)",1,-0.08
385,99,"(61, 1)",1,-0.08
385,100,"(62, 1)",1,-0.08
385,101,"(63, 1)",1,-0.08
385,102,"(64, 1)",1,-0.08
385,103,"(65, 1)",1,-0.08
385,104,"(66, 1)",1,-0.08
385,105,"(67, 1)",1,-0.08
385,106,"(68, 1)",1,-0.08
385,107,"(69, 1)",1,-0.08
385,108,"(70, 1)",1,-0.08
385,109,"(71, 1)",2,-0.08
385,110,"(71, 2)",2,-0.08
385,111,"(71, 3)",1,-0.08
385,112,"(72, 3)",1,-0.08
385,113,"(73, 3)",1,-0.08
385,114,"(74, 3)",1,-0.08
385,115,"(75, 3)",1,-0.08
385,116,"(76, 3)",1,-0.08
385,117,"(77, 3)",0,-0.08
385,118,"(77, 2)",0,-0.08
385,119,"(77, 1)",1,-0.08
385,120,"(78, 1)",1,-0.08
385,121,"(79, 1)",0,8.33
386,0,"(0, 39)",1,-0.08
386,1,"(1, 39)",1,-0.08
386,2,"(2, 39)",1,-0.08
386,3,"(3, 39)",1,-0.08
386,4,"(4, 39)",1,-0.08
386,5,"(5, 39)",1,-0.08
386,6,"(6, 39)",1,-0.08
386,7,"(7, 39)",1,-0.08
386,8,"(8, 39)",1,-0.08
386,9,"(9, 39)",1,-0.08
386,10,"(10, 39)",0,-0.08
386,11,"(10, 38)",1,-0.08
386,12,"(11, 38)",0,-0.08
386,13,"(11, 37)",1,-0.08
386,14,"(12, 37)",1,-0.08
386,15,"(13, 37)",1,-0.08
386,16,"(14, 37)",1,-0.08
386,17,"(15, 37)",0,-0.08
386,18,"(15, 36)",1,-0.08
386,19,"(16, 36)",1,-0.08
386,20,"(17, 36)",0,-0.08
386,21,"(17, 35)",0,-0.08
386,22,"(17, 34)",0,-0.08
386,23,"(17, 33)",1,-0.08
386,24,"(18, 33)",1,-0.08
386,25,"(19, 33)",0,-0.08
386,26,"(19, 32)",0,-0.08
386,27,"(19, 31)",0,-0.08
386,28,"(19, 30)",0,-0.08
386,29,"(19, 29)",1,-0.08
386,30,"(20, 29)",0,-0.08
386,31,"(20, 28)",0,-0.08
386,32,"(20, 27)",1,-0.08
386,33,"(21, 27)",0,-0.08
386,34,"(21, 26)",1,-0.08
386,35,"(22, 26)",0,-0.08
386,36,"(22, 25)",0,-0.08
386,37,"(22, 24)",0,-0.08
386,38,"(22, 23)",1,-0.08
386,39,"(23, 23)",1,-0.08
386,40,"(24, 23)",1,-0.08
386,41,"(25, 23)",0,-0.08
386,42,"(25, 22)",0,-0.08
386,43,"(25, 21)",1,-0.08
386,44,"(26, 21)",1,-0.08
386,45,"(27, 21)",0,-0.08
386,46,"(27, 20)",1,-0.08
386,47,"(28, 20)",0,-0.08
386,48,"(28, 19)",1,-0.08
386,49,"(29, 19)",1,-0.08
386,50,"(30, 19)",1,-0.08
386,51,"(31, 19)",0,-0.08
386,52,"(31, 18)",0,-0.08
386,53,"(31, 17)",1,-0.08
386,54,"(32, 17)",1,-0.08
386,55,"(33, 17)",1,-0.08
386,56,"(34, 17)",1,-0.08
386,57,"(35, 17)",1,-0.08
386,58,"(36, 17)",1,-0.08
386,59,"(37, 17)",0,-0.08
386,60,"(37, 16)",0,-0.08
386,61,"(37, 15)",0,-0.08
386,62,"(37, 14)",0,-0.08
386,63,"(37, 13)",1,-0.08
386,64,"(38, 13)",1,-0.08
386,65,"(39, 13)",0,-0.08
386,66,"(39, 12)",0,-0.08
386,67,"(39, 11)",1,-0.08
386,68,"(40, 11)",1,-0.08
386,69,"(41, 11)",1,-0.08
386,70,"(42, 11)",1,-0.08
386,71,"(43, 11)",1,-0.08
386,72,"(44, 11)",1,-0.08
386,73,"(45, 11)",0,-0.08
386,74,"(45, 10)",0,-0.08
386,75,"(45, 9)",1,-0.08
386,76,"(46, 9)",0,-0.08
386,77,"(46, 8)",0,-0.08
386,78,"(46, 7)",1,-0.08
386,79,"(47, 7)",0,-0.08
386,80,"(47, 6)",1,-0.08
386,81,"(48, 6)",1,-0.08
386,82,"(49, 6)",0,-0.08
386,83,"(49, 5)",1,-0.08
386,84,"(50, 5)",1,-0.08
386,85,"(51, 5)",1,-0.08
386,86,"(52, 5)",1,-0.08
386,87,"(53, 5)",0,-0.08
386,88,"(53, 4)",0,-0.08
386,89,"(53, 3)",1,-0.08
386,90,"(54, 3)",1,-0.08
386,91,"(55, 3)",1,-0.08
386,92,"(56, 3)",0,-0.08
386,93,"(56, 2)",0,-0.08
386,94,"(56, 1)",1,-0.08
386,95,"(57, 1)",1,-0.08
386,96,"(58, 1)",1,-0.08
386,97,"(59, 1)",1,-0.08
386,98,"(60, 1)",1,-0.08
386,99,"(61, 1)",1,-0.08
386,100,"(62, 1)",1,-0.08
386,101,"(63, 1)",1,-0.08
386,102,"(64, 1)",1,-0.08
386,103,"(65, 1)",1,-0.08
386,104,"(66, 1)",1,-0.08
386,105,"(67, 1)",1,-0.08
386,106,"(68, 1)",1,-0.08
386,107,"(69, 1)",1,-0.08
386,108,"(70, 1)",1,-0.08
386,109,"(71, 1)",2,-0.08
386,110,"(71, 2)",2,-0.08
386,111,"(71, 3)",1,-0.08
386,112,"(72, 3)",1,-0.08
386,113,"(73, 3)",0,-0.08
386,114,"(73, 2)",0,-0.08
386,115,"(73, 1)",0,-0.08
386,116,"(73, 0)",1,-0.08
386,117,"(74, 0)",1,-0.08
386,118,"(75, 0)",1,-0.08
386,119,"(76, 0)",1,-0.08
386,120,"(77, 0)",1,-0.08
386,121,"(78, 0)",1,8.33
387,0,"(0, 39)",1,-0.08
387,1,"(1, 39)",1,-0.08
387,2,"(2, 39)",1,-0.08
387,3,"(3, 39)",1,-0.08
387,4,"(4, 39)",1,-0.08
387,5,"(5, 39)",1,-0.08
387,6,"(6, 39)",1,-0.08
387,7,"(7, 39)",1,-0.08
387,8,"(8, 39)",1,-0.08
387,9,"(9, 39)",1,-0.08
387,10,"(10, 39)",1,-0.08
387,11,"(11, 39)",1,-0.08
387,12,"(12, 39)",1,-0.08
387,13,"(13, 39)",1,-0.08
387,14,"(14, 39)",0,-0.08
387,15,"(14, 38)",0,-0.08
387,16,"(14, 37)",1,-0.08
387,17,"(15, 37)",0,-0.08
387,18,"(15, 36)",0,-0.08
387,19,"(15, 35)",0,-0.08
387,20,"(15, 34)",0,-0.08
387,21,"(15, 33)",1,-0.08
387,22,"(16, 33)",1,-0.08
387,23,"(17, 33)",1,-0.08
387,24,"(18, 33)",1,-0.08
387,25,"(19, 33)",0,-0.08
387,26,"(19, 32)",0,-0.08
387,27,"(19, 31)",0,-0.08
387,28,"(19, 30)",0,-0.08
387,29,"(19, 29)",1,-0.08
387,30,"(20, 29)",0,-0.08
387,31,"(20, 28)",0,-0.08
387,32,"(20, 27)",1,-0.08
387,33,"(21, 27)",0,-0.08
387,34,"(21, 26)",0,-0.08
387,35,"(21, 25)",1,-0.08
387,36,"(22, 25)",0,-0.08
387,37,"(22, 24)",0,-0.08
387,38,"(22, 23)",1,-0.08
387,39,"(23, 23)",1,-0.08
387,40,"(24, 23)",1,-0.08
387,41,"(25, 23)",0,-0.08
387,42,"(25, 22)",0,-0.08
387,43,"(25, 21)",1,-0.08
387,44,"(26, 21)",1,-0.08
387,45,"(27, 21)",0,-0.08
387,46,"(27, 20)",1,-0.08
387,47,"(28, 20)",0,-0.08
387,48,"(28, 19)",1,-0.08
387,49,"(29, 19)",1,-0.08
387,50,"(30, 19)",1,-0.08
387,51,"(31, 19)",1,-0.08
387,52,"(32, 19)",0,-0.08
387,53,"(32, 18)",0,-0.08
387,54,"(32, 17)",1,-0.08
387,55,"(33, 17)",1,-0.08
387,56,"(34, 17)",1,-0.08
387,57,"(35, 17)",1,-0.08
387,58,"(36, 17)",1,-0.08
387,59,"(37, 17)",0,-0.08
387,60,"(37, 16)",0,-0.08
387,61,"(37, 15)",1,-0.08
387,62,"(38, 15)",0,-0.08
387,63,"(38, 14)",0,-0.08
387,64,"(38, 13)",1,-0.08
387,65,"(39, 13)",0,-0.08
387,66,"(39, 12)",0,-0.08
387,67,"(39, 11)",1,-0.08
387,68,"(40, 11)",1,-0.08
387,69,"(41, 11)",1,-0.08
387,70,"(42, 11)",1,-0.08
387,71,"(43, 11)",1,-0.08
387,72,"(44, 11)",1,-0.08
387,73,"(45, 11)",0,-0.08
387,74,"(45, 10)",0,-0.08
387,75,"(45, 9)",0,-0.08
387,76,"(45, 8)",1,-0.08
387,77,"(46, 8)",0,-0.08
387,78,"(46, 7)",0,-0.08
387,79,"(46, 6)",1,-0.08
387,80,"(47, 6)",1,-0.08
387,81,"(48, 6)",1,-0.08
387,82,"(49, 6)",0,-0.08
387,83,"(49, 5)",1,-0.08
387,84,"(50, 5)",1,-0.08
387,85,"(51, 5)",0,-0.08
387,86,"(51, 4)",0,-0.08
387,87,"(51, 3)",0,-0.08
387,88,"(51, 2)",1,-0.08
387,89,"(52, 2)",1,-0.08
387,90,"(53, 2)",0,-0.08
387,91,"(53, 1)",1,-0.08
387,92,"(54, 1)",1,-0.08
387,93,"(55, 1)",1,-0.08
387,94,"(56, 1)",1,-0.08
387,95,"(57, 1)",1,-0.08
387,96,"(58, 1)",1,-0.08
387,97,"(59, 1)",1,-0.08
387,98,"(60, 1)",1,-0.08
387,99,"(61, 1)",1,-0.08
387,100,"(62, 1)",1,-0.08
387,101,"(63, 1)",1,-0.08
387,102,"(64, 1)",1,-0.08
387,103,"(65, 1)",1,-0.08
387,104,"(66, 1)",1,-0.08
387,105,"(67, 1)",1,-0.08
387,106,"(68, 1)",1,-0.08
387,107,"(69, 1)",1,-0.08
387,108,"(70, 1)",1,-0.08
387,109,"(71, 1)",2,-0.08
387,110,"(71, 2)",2,-0.08
387,111,"(71, 3)",1,-0.08
387,112,"(72, 3)",1,-0.08
387,113,"(73, 3)",1,-0.08
387,114,"(74, 3)",1,-0.08
387,115,"(75, 3)",1,-0.08
387,116,"(76, 3)",1,-0.08
387,117,"(77, 3)",0,-0.08
387,118,"(77, 2)",0,-0.08
387,119,"(77, 1)",0,-0.08
387,120,"(77, 0)",1,-0.08
387,121,"(78, 0)",1,8.33
388,0,"(0, 39)",1,-0.08
388,1,"(1, 39)",1,-0.08
388,2,"(2, 39)",1,-0.08
388,3,"(3, 39)",1,-0.08
388,4,"(4, 39)",1,-0.08
388,5,"(5, 39)",1,-0.08
388,6,"(6, 39)",1,-0.08
388,7,"(7, 39)",1,-0.08
388,8,"(8, 39)",1,-0.08
388,9,"(9, 39)",1,-0.08
388,10,"(10, 39)",1,-0.08
388,11,"(11, 39)",1,-0.08
388,12,"(12, 39)",1,-0.08
388,13,"(13, 39)",1,-0.08
388,14,"(14, 39)",0,-0.08
388,15,"(14, 38)",0,-0.08
388,16,"(14, 37)",1,-0.08
388,17,"(15, 37)",1,-0.08
388,18,"(16, 37)",0,-0.08
388,19,"(16, 36)",1,-0.08
388,20,"(17, 36)",0,-0.08
388,21,"(17, 35)",1,-0.08
388,22,"(18, 35)",1,-0.08
388,23,"(19, 35)",0,-0.08
388,24,"(19, 34)",0,-0.08
388,25,"(19, 33)",0,-0.08
388,26,"(19, 32)",0,-0.08
388,27,"(19, 31)",0,-0.08
388,28,"(19, 30)",0,-0.08
388,29,"(19, 29)",1,-0.08
388,30,"(20, 29)",0,-0.08
388,31,"(20, 28)",0,-0.08
388,32,"(20, 27)",1,-0.08
388,33,"(21, 27)",0,-0.08
388,34,"(21, 26)",0,-0.08
388,35,"(21, 25)",1,-0.08
388,36,"(22, 25)",1,-0.08
388,37,"(23, 25)",1,-0.08
388,38,"(24, 25)",1,-0.08
388,39,"(25, 25)",0,-0.08
388,40,"(25, 24)",0,-0.08
388,41,"(25, 23)",0,-0.08
388,42,"(25, 22)",0,-0.08
388,43,"(25, 21)",1,-0.08
388,44,"(26, 21)",1,-0.08
388,45,"(27, 21)",0,-0.08
388,46,"(27, 20)",0,-0.08
388,47,"(27, 19)",0,-0.08
388,48,"(27, 18)",0,-0.08
388,49,"(27, 17)",0,-0.08
388,50,"(27, 16)",1,-0.08
388,51,"(28, 16)",1,-0.08
388,52,"(29, 16)",0,-0.08
388,53,"(29, 15)",1,-0.08
388,54,"(30, 15)",1,-0.08
388,55,"(31, 15)",1,-0.08
388,56,"(32, 15)",0,-0.08
388,57,"(32, 14)",0,-0.08
388,58,"(32, 13)",1,-0.08
388,59,"(33, 13)",1,-0.08
388,60,"(34, 13)",1,-0.08
388,61,"(35, 13)",1,-0.08
388,62,"(36, 13)",1,-0.08
388,63,"(37, 13)",1,-0.08
388,64,"(38, 13)",1,-0.08
388,65,"(39, 13)",0,-0.08
388,66,"(39, 12)",0,-0.08
388,67,"(39, 11)",1,-0.08
388,68,"(40, 11)",1,-0.08
388,69,"(41, 11)",1,-0.08
388,70,"(42, 11)",1,-0.08
388,71,"(43, 11)",1,-0.08
388,72,"(44, 11)",1,-0.08
388,73,"(45, 11)",0,-0.08
388,74,"(45, 10)",1,-0.08
388,75,"(46, 10)",0,-0.08
388,76,"(46, 9)",0,-0.08
388,77,"(46, 8)",0,-0.08
388,78,"(46, 7)",0,-0.08
388,79,"(46, 6)",1,-0.08
388,80,"(47, 6)",1,-0.08
388,81,"(48, 6)",1,-0.08
388,82,"(49, 6)",0,-0.08
388,83,"(49, 5)",1,-0.08
388,84,"(50, 5)",1,-0.08
388,85,"(51, 5)",1,-0.08
388,86,"(52, 5)",1,-0.08
388,87,"(53, 5)",0,-0.08
388,88,"(53, 4)",0,-0.08
388,89,"(53, 3)",1,-0.08
388,90,"(54, 3)",1,-0.08
388,91,"(55, 3)",1,-0.08
388,92,"(56, 3)",1,-0.08
388,93,"(57, 3)",0,-0.08
388,94,"(57, 2)",1,-0.08
388,95,"(58, 2)",0,-0.08
388,96,"(58, 1)",1,-0.08
388,97,"(59, 1)",1,-0.08
388,98,"(60, 1)",1,-0.08
388,99,"(61, 1)",1,-0.08
388,100,"(62, 1)",1,-0.08
388,101,"(63, 1)",1,-0.08
388,102,"(64, 1)",1,-0.08
388,103,"(65, 1)",1,-0.08
388,104,"(66, 1)",1,-0.08
388,105,"(67, 1)",1,-0.08
388,106,"(68, 1)",1,-0.08
388,107,"(69, 1)",1,-0.08
388,108,"(70, 1)",1,-0.08
388,109,"(71, 1)",2,-0.08
388,110,"(71, 2)",2,-0.08
388,111,"(71, 3)",1,-0.08
388,112,"(72, 3)",1,-0.08
388,113,"(73, 3)",1,-0.08
388,114,"(74, 3)",1,-0.08
388,115,"(75, 3)",1,-0.08
388,116,"(76, 3)",1,-0.08
388,117,"(77, 3)",0,-0.08
388,118,"(77, 2)",0,-0.08
388,119,"(77, 1)",0,-0.08
388,120,"(77, 0)",1,-0.08
388,121,"(78, 0)",1,8.33
389,0,"(0, 39)",1,-0.08
389,1,"(1, 39)",1,-0.08
389,2,"(2, 39)",1,-0.08
389,3,"(3, 39)",1,-0.08
389,4,"(4, 39)",1,-0.08
389,5,"(5, 39)",1,-0.08
389,6,"(6, 39)",1,-0.08
389,7,"(7, 39)",1,-0.08
389,8,"(8, 39)",1,-0.08
389,9,"(9, 39)",1,-0.08
389,10,"(10, 39)",1,-0.08
389,11,"(11, 39)",0,-0.08
389,12,"(11, 38)",0,-0.08
389,13,"(11, 37)",1,-0.08
389,14,"(12, 37)",1,-0.08
389,15,"(13, 37)",1,-0.08
389,16,"(14, 37)",1,-0.08
389,17,"(15, 37)",0,-0.08
389,18,"(15, 36)",1,-0.08
389,19,"(16, 36)",1,-0.08
389,20,"(17, 36)",0,-0.08
389,21,"(17, 35)",1,-0.08
389,22,"(18, 35)",1,-0.08
389,23,"(19, 35)",0,-0.08
389,24,"(19, 34)",0,-0.08
389,25,"(19, 33)",0,-0.08
389,26,"(19, 32)",0,-0.08
389,27,"(19, 31)",0,-0.08
389,28,"(19, 30)",0,-0.08
389,29,"(19, 29)",1,-0.08
389,30,"(20, 29)",0,-0.08
389,31,"(20, 28)",0,-0.08
389,32,"(20, 27)",1,-0.08
389,33,"(21, 27)",0,-0.08
389,34,"(21, 26)",0,-0.08
389,35,"(21, 25)",1,-0.08
389,36,"(22, 25)",1,-0.08
389,37,"(23, 25)",1,-0.08
389,38,"(24, 25)",1,-0.08
389,39,"(25, 25)",1,-0.08
389,40,"(26, 25)",1,-0.08
389,41,"(27, 25)",1,-0.08
389,42,"(28, 25)",1,-0.08
389,43,"(29, 25)",1,-0.08
389,44,"(30, 25)",1,-0.08
389,45,"(31, 25)",0,-0.08
389,46,"(31, 24)",0,-0.08
389,47,"(31, 23)",1,-0.08
389,48,"(32, 23)",1,-0.08
389,49,"(33, 23)",0,-0.08
389,50,"(33, 22)",0,-0.08
389,51,"(33, 21)",1,-0.08
389,52,"(34, 21)",1,-0.08
389,53,"(35, 21)",1,-0.08
389,54,"(36, 21)",1,-0.08
389,55,"(37, 21)",1,-0.08
389,56,"(38, 21)",1,-0.08
389,57,"(39, 21)",0,-0.08
389,58,"(39, 20)",1,-0.08
389,59,"(40, 20)",1,-0.08
389,60,"(41, 20)",1,-0.08
389,61,"(42, 20)",1,-0.08
389,62,"(43, 20)",0,-0.08
389,63,"(43, 19)",1,-0.08
389,64,"(44, 19)",0,-0.08
389,65,"(44, 18)",0,-0.08
389,66,"(44, 17)",0,-0.08
389,67,"(44, 16)",0,-0.08
389,68,"(44, 15)",1,-0.08
389,69,"(45, 15)",0,-0.08
389,70,"(45, 14)",0,-0.08
389,71,"(45, 13)",0,-0.08
389,72,"(45, 12)",0,-0.08
389,73,"(45, 11)",0,-0.08
389,74,"(45, 10)",1,-0.08
389,75,"(46, 10)",0,-0.08
389,76,"(46, 9)",0,-0.08
389,77,"(46, 8)",0,-0.08
389,78,"(46, 7)",0,-0.08
389,79,"(46, 6)",1,-0.08
389,80,"(47, 6)",1,-0.08
389,81,"(48, 6)",1,-0.08
389,82,"(49, 6)",0,-0.08
389,83,"(49, 5)",1,-0.08
389,84,"(50, 5)",1,-0.08
389,85,"(51, 5)",0,-0.08
389,86,"(51, 4)",0,-0.08
389,87,"(51, 3)",0,-0.08
389,88,"(51, 2)",0,-0.08
389,89,"(51, 1)",1,-0.08
389,90,"(52, 1)",1,-0.08
389,91,"(53, 1)",1,-0.08
389,92,"(54, 1)",1,-0.08
389,93,"(55, 1)",1,-0.08
389,94,"(56, 1)",1,-0.08
389,95,"(57, 1)",1,-0.08
389,96,"(58, 1)",1,-0.08
389,97,"(59, 1)",1,-0.08
389,98,"(60, 1)",1,-0.08
389,99,"(61, 1)",1,-0.08
389,100,"(62, 1)",1,-0.08
389,101,"(63, 1)",1,-0.08
389,102,"(64, 1)",1,-0.08
389,103,"(65, 1)",1,-0.08
389,104,"(66, 1)",1,-0.08
389,105,"(67, 1)",1,-0.08
389,106,"(68, 1)",1,-0.08
389,107,"(69, 1)",1,-0.08
389,108,"(70, 1)",1,-0.08
389,109,"(71, 1)",2,-0.08
389,110,"(71, 2)",2,-0.08
389,111,"(71, 3)",1,-0.08
389,112,"(72, 3)",1,-0.08
389,113,"(73, 3)",0,-0.08
389,114,"(73, 2)",0,-0.08
389,115,"(73, 1)",0,-0.08
389,116,"(73, 0)",1,-0.08
389,117,"(74, 0)",1,-0.08
389,118,"(75, 0)",1,-0.08
389,119,"(76, 0)",1,-0.08
389,120,"(77, 0)",1,-0.08
389,121,"(78, 0)",1,8.33
390,0,"(0, 39)",1,-0.08
390,1,"(1, 39)",1,-0.08
390,2,"(2, 39)",1,-0.08
390,3,"(3, 39)",1,-0.08
390,4,"(4, 39)",1,-0.08
390,5,"(5, 39)",1,-0.08
390,6,"(6, 39)",1,-0.08
390,7,"(7, 39)",1,-0.08
390,8,"(8, 39)",1,-0.08
390,9,"(9, 39)",1,-0.08
390,10,"(10, 39)",0,-0.08
390,11,"(10, 38)",0,-0.08
390,12,"(10, 37)",1,-0.08
390,13,"(11, 37)",1,-0.08
390,14,"(12, 37)",1,-0.08
390,15,"(13, 37)",1,-0.08
390,16,"(14, 37)",1,-0.08
390,17,"(15, 37)",0,-0.08
390,18,"(15, 36)",0,-0.08
390,19,"(15, 35)",0,-0.08
390,20,"(15, 34)",0,-0.08
390,21,"(15, 33)",1,-0.08
390,22,"(16, 33)",1,-0.08
390,23,"(17, 33)",1,-0.08
390,24,"(18, 33)",1,-0.08
390,25,"(19, 33)",0,-0.08
390,26,"(19, 32)",0,-0.08
390,27,"(19, 31)",0,-0.08
390,28,"(19, 30)",0,-0.08
390,29,"(19, 29)",1,-0.08
390,30,"(20, 29)",0,-0.08
390,31,"(20, 28)",0,-0.08
390,32,"(20, 27)",1,-0.08
390,33,"(21, 27)",0,-0.08
390,34,"(21, 26)",0,-0.08
390,35,"(21, 25)",1,-0.08
390,36,"(22, 25)",1,-0.08
390,37,"(23, 25)",1,-0.08
390,38,"(24, 25)",1,-0.08
390,39,"(25, 25)",0,-0.08
390,40,"(25, 24)",0,-0.08
390,41,"(25, 23)",0,-0.08
390,42,"(25, 22)",0,-0.08
390,43,"(25, 21)",1,-0.08
390,44,"(26, 21)",1,-0.08
390,45,"(27, 21)",0,-0.08
390,46,"(27, 20)",0,-0.08
390,47,"(27, 19)",0,-0.08
390,48,"(27, 18)",0,-0.08
390,49,"(27, 17)",0,-0.08
390,50,"(27, 16)",1,-0.08
390,51,"(28, 16)",1,-0.08
390,52,"(29, 16)",0,-0.08
390,53,"(29, 15)",1,-0.08
390,54,"(30, 15)",1,-0.08
390,55,"(31, 15)",1,-0.08
390,56,"(32, 15)",0,-0.08
390,57,"(32, 14)",0,-0.08
390,58,"(32, 13)",1,-0.08
390,59,"(33, 13)",1,-0.08
390,60,"(34, 13)",1,-0.08
390,61,"(35, 13)",1,-0.08
390,62,"(36, 13)",1,-0.08
390,63,"(37, 13)",1,-0.08
390,64,"(38, 13)",1,-0.08
390,65,"(39, 13)",0,-0.08
390,66,"(39, 12)",0,-0.08
390,67,"(39, 11)",1,-0.08
390,68,"(40, 11)",1,-0.08
390,69,"(41, 11)",1,-0.08
390,70,"(42, 11)",1,-0.08
390,71,"(43, 11)",1,-0.08
390,72,"(44, 11)",1,-0.08
390,73,"(45, 11)",0,-0.08
390,74,"(45, 10)",0,-0.08
390,75,"(45, 9)",1,-0.08
390,76,"(46, 9)",0,-0.08
390,77,"(46, 8)",0,-0.08
390,78,"(46, 7)",0,-0.08
390,79,"(46, 6)",1,-0.08
390,80,"(47, 6)",1,-0.08
390,81,"(48, 6)",1,-0.08
390,82,"(49, 6)",0,-0.08
390,83,"(49, 5)",1,-0.08
390,84,"(50, 5)",1,-0.08
390,85,"(51, 5)",1,-0.08
390,86,"(52, 5)",1,-0.08
390,87,"(53, 5)",0,-0.08
390,88,"(53, 4)",0,-0.08
390,89,"(53, 3)",1,-0.08
390,90,"(54, 3)",1,-0.08
390,91,"(55, 3)",1,-0.08
390,92,"(56, 3)",0,-0.08
390,93,"(56, 2)",1,-0.08
390,94,"(57, 2)",1,-0.08
390,95,"(58, 2)",1,-0.08
390,96,"(59, 2)",0,-0.08
390,97,"(59, 1)",1,-0.08
390,98,"(60, 1)",1,-0.08
390,99,"(61, 1)",1,-0.08
390,100,"(62, 1)",1,-0.08
390,101,"(63, 1)",1,-0.08
390,102,"(64, 1)",1,-0.08
390,103,"(65, 1)",1,-0.08
390,104,"(66, 1)",1,-0.08
390,105,"(67, 1)",1,-0.08
390,106,"(68, 1)",1,-0.08
390,107,"(69, 1)",1,-0.08
390,108,"(70, 1)",1,-0.08
390,109,"(71, 1)",2,-0.08
390,110,"(71, 2)",2,-0.08
390,111,"(71, 3)",1,-0.08
390,112,"(72, 3)",1,-0.08
390,113,"(73, 3)",0,-0.08
390,114,"(73, 2)",0,-0.08
390,115,"(73, 1)",1,-0.08
390,116,"(74, 1)",0,-0.08
390,117,"(74, 0)",1,-0.08
390,118,"(75, 0)",1,-0.08
390,119,"(76, 0)",1,-0.08
390,120,"(77, 0)",1,-0.08
390,121,"(78, 0)",1,8.33
391,0,"(0, 39)",1,-0.08
391,1,"(1, 39)",1,-0.08
391,2,"(2, 39)",1,-0.08
391,3,"(3, 39)",1,-0.08
391,4,"(4, 39)",1,-0.08
391,5,"(5, 39)",1,-0.08
391,6,"(6, 39)",1,-0.08
391,7,"(7, 39)",1,-0.08
391,8,"(8, 39)",1,-0.08
391,9,"(9, 39)",1,-0.08
391,10,"(10, 39)",0,-0.08
391,11,"(10, 38)",1,-0.08
391,12,"(11, 38)",0,-0.08
391,13,"(11, 37)",1,-0.08
391,14,"(12, 37)",1,-0.08
391,15,"(13, 37)",1,-0.08
391,16,"(14, 37)",1,-0.08
391,17,"(15, 37)",1,-0.08
391,18,"(16, 37)",0,-0.08
391,19,"(16, 36)",1,-0.08
391,20,"(17, 36)",0,-0.08
391,21,"(17, 35)",0,-0.08
391,22,"(17, 34)",1,-0.08
391,23,"(18, 34)",0,-0.08
391,24,"(18, 33)",1,-0.08
391,25,"(19, 33)",0,-0.08
391,26,"(19, 32)",0,-0.08
391,27,"(19, 31)",0,-0.08
391,28,"(19, 30)",0,-0.08
391,29,"(19, 29)",1,-0.08
391,30,"(20, 29)",0,-0.08
391,31,"(20, 28)",0,-0.08
391,32,"(20, 27)",1,-0.08
391,33,"(21, 27)",0,-0.08
391,34,"(21, 26)",0,-0.08
391,35,"(21, 25)",1,-0.08
391,36,"(22, 25)",1,-0.08
391,37,"(23, 25)",1,-0.08
391,38,"(24, 25)",1,-0.08
391,39,"(25, 25)",1,-0.08
391,40,"(26, 25)",1,-0.08
391,41,"(27, 25)",1,-0.08
391,42,"(28, 25)",1,-0.08
391,43,"(29, 25)",1,-0.08
391,44,"(30, 25)",1,-0.08
391,45,"(31, 25)",0,-0.08
391,46,"(31, 24)",0,-0.08
391,47,"(31, 23)",1,-0.08
391,48,"(32, 23)",1,-0.08
391,49,"(33, 23)",0,-0.08
391,50,"(33, 22)",0,-0.08
391,51,"(33, 21)",1,-0.08
391,52,"(34, 21)",1,-0.08
391,53,"(35, 21)",1,-0.08
391,54,"(36, 21)",1,-0.08
391,55,"(37, 21)",1,-0.08
391,56,"(38, 21)",1,-0.08
391,57,"(39, 21)",0,-0.08
391,58,"(39, 20)",0,-0.08
391,59,"(39, 19)",0,-0.08
391,60,"(39, 18)",0,-0.08
391,61,"(39, 17)",0,-0.08
391,62,"(39, 16)",0,-0.08
391,63,"(39, 15)",1,-0.08
391,64,"(40, 15)",1,-0.08
391,65,"(41, 15)",0,-0.08
391,66,"(41, 14)",0,-0.08
391,67,"(41, 13)",1,-0.08
391,68,"(42, 13)",1,-0.08
391,69,"(43, 13)",0,-0.08
391,70,"(43, 12)",0,-0.08
391,71,"(43, 11)",1,-0.08
391,72,"(44, 11)",1,-0.08
391,73,"(45, 11)",0,-0.08
391,74,"(45, 10)",0,-0.08
391,75,"(45, 9)",0,-0.08
391,76,"(45, 8)",0,-0.08
391,77,"(45, 7)",1,-0.08
391,78,"(46, 7)",0,-0.08
391,79,"(46, 6)",1,-0.08
391,80,"(47, 6)",1,-0.08
391,81,"(48, 6)",1,-0.08
391,82,"(49, 6)",0,-0.08
391,83,"(49, 5)",1,-0.08
391,84,"(50, 5)",1,-0.08
391,85,"(51, 5)",0,-0.08
391,86,"(51, 4)",0,-0.08
391,87,"(51, 3)",0,-0.08
391,88,"(51, 2)",0,-0.08
391,89,"(51, 1)",1,-0.08
391,90,"(52, 1)",1,-0.08
391,91,"(53, 1)",1,-0.08
391,92,"(54, 1)",1,-0.08
391,93,"(55, 1)",1,-0.08
391,94,"(56, 1)",1,-0.08
391,95,"(57, 1)",1,-0.08
391,96,"(58, 1)",1,-0.08
391,97,"(59, 1)",1,-0.08
391,98,"(60, 1)",1,-0.08
391,99,"(61, 1)",1,-0.08
391,100,"(62, 1)",1,-0.08
391,101,"(63, 1)",1,-0.08
391,102,"(64, 1)",1,-0.08
391,103,"(65, 1)",1,-0.08
391,104,"(66, 1)",1,-0.08
391,105,"(67, 1)",1,-0.08
391,106,"(68, 1)",1,-0.08
391,107,"(69, 1)",1,-0.08
391,108,"(70, 1)",1,-0.08
391,109,"(71, 1)",2,-0.08
391,110,"(71, 2)",2,-0.08
391,111,"(71, 3)",1,-0.08
391,112,"(72, 3)",1,-0.08
391,113,"(73, 3)",0,-0.08
391,114,"(73, 2)",0,-0.08
391,115,"(73, 1)",0,-0.08
391,116,"(73, 0)",1,-0.08
391,117,"(74, 0)",1,-0.08
391,118,"(75, 0)",1,-0.08
391,119,"(76, 0)",1,-0.08
391,120,"(77, 0)",1,-0.08
391,121,"(78, 0)",1,8.33
392,0,"(0, 39)",1,-0.08
392,1,"(1, 39)",1,-0.08
392,2,"(2, 39)",1,-0.08
392,3,"(3, 39)",1,-0.08
392,4,"(4, 39)",1,-0.08
392,5,"(5, 39)",1,-0.08
392,6,"(6, 39)",1,-0.08
392,7,"(7, 39)",1,-0.08
392,8,"(8, 39)",1,-0.08
392,9,"(9, 39)",1,-0.08
392,10,"(10, 39)",1,-0.08
392,11,"(11, 39)",1,-0.08
392,12,"(12, 39)",1,-0.08
392,13,"(13, 39)",1,-0.08
392,14,"(14, 39)",0,-0.08
392,15,"(14, 38)",0,-0.08
392,16,"(14, 37)",1,-0.08
392,17,"(15, 37)",1,-0.08
392,18,"(16, 37)",1,-0.08
392,19,"(17, 37)",1,-0.08
392,20,"(18, 37)",1,-0.08
392,21,"(19, 37)",0,-0.08
392,22,"(19, 36)",0,-0.08
392,23,"(19, 35)",0,-0.08
392,24,"(19, 34)",0,-0.08
392,25,"(19, 33)",0,-0.08
392,26,"(19, 32)",0,-0.08
392,27,"(19, 31)",0,-0.08
392,28,"(19, 30)",0,-0.08
392,29,"(19, 29)",1,-0.08
392,30,"(20, 29)",0,-0.08
392,31,"(20, 28)",0,-0.08
392,32,"(20, 27)",1,-0.08
392,33,"(21, 27)",0,-0.08
392,34,"(21, 26)",0,-0.08
392,35,"(21, 25)",1,-0.08
392,36,"(22, 25)",0,-0.08
392,37,"(22, 24)",0,-0.08
392,38,"(22, 23)",1,-0.08
392,39,"(23, 23)",1,-0.08
392,40,"(24, 23)",1,-0.08
392,41,"(25, 23)",0,-0.08
392,42,"(25, 22)",0,-0.08
392,43,"(25, 21)",1,-0.08
392,44,"(26, 21)",1,-0.08
392,45,"(27, 21)",0,-0.08
392,46,"(27, 20)",1,-0.08
392,47,"(28, 20)",0,-0.08
392,48,"(28, 19)",1,-0.08
392,49,"(29, 19)",1,-0.08
392,50,"(30, 19)",1,-0.08
392,51,"(31, 19)",1,-0.08
392,52,"(32, 19)",1,-0.08
392,53,"(33, 19)",1,-0.08
392,54,"(34, 19)",1,-0.08
392,55,"(35, 19)",0,-0.08
392,56,"(35, 18)",0,-0.08
392,57,"(35, 17)",0,-0.08
392,58,"(35, 16)",0,-0.08
392,59,"(35, 15)",0,-0.08
392,60,"(35, 14)",0,-0.08
392,61,"(35, 13)",1,-0.08
392,62,"(36, 13)",1,-0.08
392,63,"(37, 13)",1,-0.08
392,64,"(38, 13)",1,-0.08
392,65,"(39, 13)",0,-0.08
392,66,"(39, 12)",0,-0.08
392,67,"(39, 11)",1,-0.08
392,68,"(40, 11)",1,-0.08
392,69,"(41, 11)",1,-0.08
392,70,"(42, 11)",1,-0.08
392,71,"(43, 11)",1,-0.08
392,72,"(44, 11)",1,-0.08
392,73,"(45, 11)",0,-0.08
392,74,"(45, 10)",1,-0.08
392,75,"(46, 10)",0,-0.08
392,76,"(46, 9)",0,-0.08
392,77,"(46, 8)",0,-0.08
392,78,"(46, 7)",1,-0.08
392,79,"(47, 7)",0,-0.08
392,80,"(47, 6)",1,-0.08
392,81,"(48, 6)",1,-0.08
392,82,"(49, 6)",0,-0.08
392,83,"(49, 5)",1,-0.08
392,84,"(50, 5)",1,-0.08
392,85,"(51, 5)",1,-0.08
392,86,"(52, 5)",1,-0.08
392,87,"(53, 5)",0,-0.08
392,88,"(53, 4)",0,-0.08
392,89,"(53, 3)",0,-0.08
392,90,"(53, 2)",0,-0.08
392,91,"(53, 1)",1,-0.08
392,92,"(54, 1)",1,-0.08
392,93,"(55, 1)",1,-0.08
392,94,"(56, 1)",1,-0.08
392,95,"(57, 1)",1,-0.08
392,96,"(58, 1)",1,-0.08
392,97,"(59, 1)",1,-0.08
392,98,"(60, 1)",1,-0.08
392,99,"(61, 1)",1,-0.08
392,100,"(62, 1)",1,-0.08
392,101,"(63, 1)",1,-0.08
392,102,"(64, 1)",1,-0.08
392,103,"(65, 1)",1,-0.08
392,104,"(66, 1)",1,-0.08
392,105,"(67, 1)",1,-0.08
392,106,"(68, 1)",1,-0.08
392,107,"(69, 1)",1,-0.08
392,108,"(70, 1)",1,-0.08
392,109,"(71, 1)",2,-0.08
392,110,"(71, 2)",2,-0.08
392,111,"(71, 3)",1,-0.08
392,112,"(72, 3)",1,-0.08
392,113,"(73, 3)",0,-0.08
392,114,"(73, 2)",0,-0.08
392,115,"(73, 1)",0,-0.08
392,116,"(73, 0)",1,-0.08
392,117,"(74, 0)",1,-0.08
392,118,"(75, 0)",1,-0.08
392,119,"(76, 0)",1,-0.08
392,120,"(77, 0)",1,-0.08
392,121,"(78, 0)",1,8.33
393,0,"(0, 39)",1,-0.08
393,1,"(1, 39)",1,-0.08
393,2,"(2, 39)",1,-0.08
393,3,"(3, 39)",1,-0.08
393,4,"(4, 39)",1,-0.08
393,5,"(5, 39)",1,-0.08
393,6,"(6, 39)",1,-0.08
393,7,"(7, 39)",1,-0.08
393,8,"(8, 39)",1,-0.08
393,9,"(9, 39)",1,-0.08
393,10,"(10, 39)",1,-0.08
393,11,"(11, 39)",1,-0.08
393,12,"(12, 39)",1,-0.08
393,13,"(13, 39)",1,-0.08
393,14,"(14, 39)",0,-0.08
393,15,"(14, 38)",0,-0.08
393,16,"(14, 37)",1,-0.08
393,17,"(15, 37)",1,-0.08
393,18,"(16, 37)",1,-0.08
393,19,"(17, 37)",1,-0.08
393,20,"(18, 37)",1,-0.08
393,21,"(19, 37)",0,-0.08
393,22,"(19, 36)",0,-0.08
393,23,"(19, 35)",0,-0.08
393,24,"(19, 34)",0,-0.08
393,25,"(19, 33)",0,-0.08
393,26,"(19, 32)",0,-0.08
393,27,"(19, 31)",0,-0.08
393,28,"(19, 30)",0,-0.08
393,29,"(19, 29)",1,-0.08
393,30,"(20, 29)",0,-0.08
393,31,"(20, 28)",0,-0.08
393,32,"(20, 27)",1,-0.08
393,33,"(21, 27)",0,-0.08
393,34,"(21, 26)",1,-0.08
393,35,"(22, 26)",1,-0.08
393,36,"(23, 26)",0,-0.08
393,37,"(23, 25)",1,-0.08
393,38,"(24, 25)",1,-0.08
393,39,"(25, 25)",0,-0.08
393,40,"(25, 24)",0,-0.08
393,41,"(25, 23)",0,-0.08
393,42,"(25, 22)",0,-0.08
393,43,"(25, 21)",1,-0.08
393,44,"(26, 21)",1,-0.08
393,45,"(27, 21)",0,-0.08
393,46,"(27, 20)",0,-0.08
393,47,"(27, 19)",0,-0.08
393,48,"(27, 18)",0,-0.08
393,49,"(27, 17)",1,-0.08
393,50,"(28, 17)",0,-0.08
393,51,"(28, 16)",1,-0.08
393,52,"(29, 16)",0,-0.08
393,53,"(29, 15)",1,-0.08
393,54,"(30, 15)",1,-0.08
393,55,"(31, 15)",0,-0.08
393,56,"(31, 14)",1,-0.08
393,57,"(32, 14)",0,-0.08
393,58,"(32, 13)",1,-0.08
393,59,"(33, 13)",1,-0.08
393,60,"(34, 13)",1,-0.08
393,61,"(35, 13)",1,-0.08
393,62,"(36, 13)",1,-0.08
393,63,"(37, 13)",1,-0.08
393,64,"(38, 13)",1,-0.08
393,65,"(39, 13)",0,-0.08
393,66,"(39, 12)",0,-0.08
393,67,"(39, 11)",1,-0.08
393,68,"(40, 11)",1,-0.08
393,69,"(41, 11)",1,-0.08
393,70,"(42, 11)",1,-0.08
393,71,"(43, 11)",1,-0.08
393,72,"(44, 11)",1,-0.08
393,73,"(45, 11)",0,-0.08
393,74,"(45, 10)",1,-0.08
393,75,"(46, 10)",0,-0.08
393,76,"(46, 9)",0,-0.08
393,77,"(46, 8)",0,-0.08
393,78,"(46, 7)",1,-0.08
393,79,"(47, 7)",0,-0.08
393,80,"(47, 6)",1,-0.08
393,81,"(48, 6)",1,-0.08
393,82,"(49, 6)",0,-0.08
393,83,"(49, 5)",1,-0.08
393,84,"(50, 5)",1,-0.08
393,85,"(51, 5)",0,-0.08
393,86,"(51, 4)",0,-0.08
393,87,"(51, 3)",0,-0.08
393,88,"(51, 2)",0,-0.08
393,89,"(51, 1)",1,-0.08
393,90,"(52, 1)",1,-0.08
393,91,"(53, 1)",1,-0.08
393,92,"(54, 1)",1,-0.08
393,93,"(55, 1)",1,-0.08
393,94,"(56, 1)",1,-0.08
393,95,"(57, 1)",1,-0.08
393,96,"(58, 1)",1,-0.08
393,97,"(59, 1)",1,-0.08
393,98,"(60, 1)",1,-0.08
393,99,"(61, 1)",1,-0.08
393,100,"(62, 1)",1,-0.08
393,101,"(63, 1)",1,-0.08
393,102,"(64, 1)",1,-0.08
393,103,"(65, 1)",1,-0.08
393,104,"(66, 1)",1,-0.08
393,105,"(67, 1)",1,-0.08
393,106,"(68, 1)",1,-0.08
393,107,"(69, 1)",1,-0.08
393,108,"(70, 1)",1,-0.08
393,109,"(71, 1)",2,-0.08
393,110,"(71, 2)",2,-0.08
393,111,"(71, 3)",1,-0.08
393,112,"(72, 3)",1,-0.08
393,113,"(73, 3)",1,-0.08
393,114,"(74, 3)",1,-0.08
393,115,"(75, 3)",1,-0.08
393,116,"(76, 3)",1,-0.08
393,117,"(77, 3)",0,-0.08
393,118,"(77, 2)",0,-0.08
393,119,"(77, 1)",1,-0.08
393,120,"(78, 1)",1,-0.08
393,121,"(79, 1)",0,8.33
394,0,"(0, 39)",1,-0.08
394,1,"(1, 39)",1,-0.08
394,2,"(2, 39)",1,-0.08
394,3,"(3, 39)",1,-0.08
394,4,"(4, 39)",1,-0.08
394,5,"(5, 39)",1,-0.08
394,6,"(6, 39)",1,-0.08
394,7,"(7, 39)",1,-0.08
394,8,"(8, 39)",1,-0.08
394,9,"(9, 39)",1,-0.08
394,10,"(10, 39)",1,-0.08
394,11,"(11, 39)",0,-0.08
394,12,"(11, 38)",0,-0.08
394,13,"(11, 37)",1,-0.08
394,14,"(12, 37)",1,-0.08
394,15,"(13, 37)",1,-0.08
394,16,"(14, 37)",1,-0.08
394,17,"(15, 37)",0,-0.08
394,18,"(15, 36)",1,-0.08
394,19,"(16, 36)",1,-0.08
394,20,"(17, 36)",0,-0.08
394,21,"(17, 35)",1,-0.08
394,22,"(18, 35)",1,-0.08
394,23,"(19, 35)",0,-0.08
394,24,"(19, 34)",0,-0.08
394,25,"(19, 33)",0,-0.08
394,26,"(19, 32)",0,-0.08
394,27,"(19, 31)",0,-0.08
394,28,"(19, 30)",0,-0.08
394,29,"(19, 29)",1,-0.08
394,30,"(20, 29)",0,-0.08
394,31,"(20, 28)",0,-0.08
394,32,"(20, 27)",1,-0.08
394,33,"(21, 27)",0,-0.08
394,34,"(21, 26)",1,-0.08
394,35,"(22, 26)",1,-0.08
394,36,"(23, 26)",1,-0.08
394,37,"(24, 26)",1,-0.08
394,38,"(25, 26)",0,-0.08
394,39,"(25, 25)",0,-0.08
394,40,"(25, 24)",0,-0.08
394,41,"(25, 23)",0,-0.08
394,42,"(25, 22)",0,-0.08
394,43,"(25, 21)",1,-0.08
394,44,"(26, 21)",1,-0.08
394,45,"(27, 21)",0,-0.08
394,46,"(27, 20)",1,-0.08
394,47,"(28, 20)",0,-0.08
394,48,"(28, 19)",1,-0.08
394,49,"(29, 19)",1,-0.08
394,50,"(30, 19)",1,-0.08
394,51,"(31, 19)",1,-0.08
394,52,"(32, 19)",1,-0.08
394,53,"(33, 19)",1,-0.08
394,54,"(34, 19)",1,-0.08
394,55,"(35, 19)",0,-0.08
394,56,"(35, 18)",0,-0.08
394,57,"(35, 17)",1,-0.08
394,58,"(36, 17)",1,-0.08
394,59,"(37, 17)",1,-0.08
394,60,"(38, 17)",1,-0.08
394,61,"(39, 17)",0,-0.08
394,62,"(39, 16)",0,-0.08
394,63,"(39, 15)",1,-0.08
394,64,"(40, 15)",1,-0.08
394,65,"(41, 15)",0,-0.08
394,66,"(41, 14)",0,-0.08
394,67,"(41, 13)",0,-0.08
394,68,"(41, 12)",0,-0.08
394,69,"(41, 11)",1,-0.08
394,70,"(42, 11)",1,-0.08
394,71,"(43, 11)",1,-0.08
394,72,"(44, 11)",1,-0.08
394,73,"(45, 11)",0,-0.08
394,74,"(45, 10)",0,-0.08
394,75,"(45, 9)",0,-0.08
394,76,"(45, 8)",1,-0.08
394,77,"(46, 8)",0,-0.08
394,78,"(46, 7)",1,-0.08
394,79,"(47, 7)",0,-0.08
394,80,"(47, 6)",1,-0.08
394,81,"(48, 6)",1,-0.08
394,82,"(49, 6)",0,-0.08
394,83,"(49, 5)",1,-0.08
394,84,"(50, 5)",1,-0.08
394,85,"(51, 5)",0,-0.08
394,86,"(51, 4)",0,-0.08
394,87,"(51, 3)",0,-0.08
394,88,"(51, 2)",1,-0.08
394,89,"(52, 2)",0,-0.08
394,90,"(52, 1)",1,-0.08
394,91,"(53, 1)",1,-0.08
394,92,"(54, 1)",1,-0.08
394,93,"(55, 1)",1,-0.08
394,94,"(56, 1)",1,-0.08
394,95,"(57, 1)",1,-0.08
394,96,"(58, 1)",1,-0.08
394,97,"(59, 1)",1,-0.08
394,98,"(60, 1)",1,-0.08
394,99,"(61, 1)",1,-0.08
394,100,"(62, 1)",1,-0.08
394,101,"(63, 1)",1,-0.08
394,102,"(64, 1)",1,-0.08
394,103,"(65, 1)",1,-0.08
394,104,"(66, 1)",1,-0.08
394,105,"(67, 1)",1,-0.08
394,106,"(68, 1)",1,-0.08
394,107,"(69, 1)",1,-0.08
394,108,"(70, 1)",1,-0.08
394,109,"(71, 1)",2,-0.08
394,110,"(71, 2)",2,-0.08
394,111,"(71, 3)",1,-0.08
394,112,"(72, 3)",1,-0.08
394,113,"(73, 3)",1,-0.08
394,114,"(74, 3)",1,-0.08
394,115,"(75, 3)",1,-0.08
394,116,"(76, 3)",1,-0.08
394,117,"(77, 3)",0,-0.08
394,118,"(77, 2)",0,-0.08
394,119,"(77, 1)",0,-0.08
394,120,"(77, 0)",1,-0.08
394,121,"(78, 0)",1,8.33
395,0,"(0, 39)",1,-0.08
395,1,"(1, 39)",1,-0.08
395,2,"(2, 39)",1,-0.08
395,3,"(3, 39)",1,-0.08
395,4,"(4, 39)",1,-0.08
395,5,"(5, 39)",1,-0.08
395,6,"(6, 39)",1,-0.08
395,7,"(7, 39)",1,-0.08
395,8,"(8, 39)",1,-0.08
395,9,"(9, 39)",1,-0.08
395,10,"(10, 39)",0,-0.08
395,11,"(10, 38)",0,-0.08
395,12,"(10, 37)",1,-0.08
395,13,"(11, 37)",1,-0.08
395,14,"(12, 37)",1,-0.08
395,15,"(13, 37)",1,-0.08
395,16,"(14, 37)",1,-0.08
395,17,"(15, 37)",0,-0.08
395,18,"(15, 36)",0,-0.08
395,19,"(15, 35)",0,-0.08
395,20,"(15, 34)",0,-0.08
395,21,"(15, 33)",1,-0.08
395,22,"(16, 33)",1,-0.08
395,23,"(17, 33)",1,-0.08
395,24,"(18, 33)",1,-0.08
395,25,"(19, 33)",0,-0.08
395,26,"(19, 32)",0,-0.08
395,27,"(19, 31)",0,-0.08
395,28,"(19, 30)",0,-0.08
395,29,"(19, 29)",1,-0.08
395,30,"(20, 29)",0,-0.08
395,31,"(20, 28)",0,-0.08
395,32,"(20, 27)",1,-0.08
395,33,"(21, 27)",0,-0.08
395,34,"(21, 26)",1,-0.08
395,35,"(22, 26)",0,-0.08
395,36,"(22, 25)",0,-0.08
395,37,"(22, 24)",0,-0.08
395,38,"(22, 23)",1,-0.08
395,39,"(23, 23)",1,-0.08
395,40,"(24, 23)",1,-0.08
395,41,"(25, 23)",0,-0.08
395,42,"(25, 22)",0,-0.08
395,43,"(25, 21)",0,-0.08
395,44,"(25, 20)",0,-0.08
395,45,"(25, 19)",1,-0.08
395,46,"(26, 19)",1,-0.08
395,47,"(27, 19)",0,-0.08
395,48,"(27, 18)",0,-0.08
395,49,"(27, 17)",0,-0.08
395,50,"(27, 16)",1,-0.08
395,51,"(28, 16)",1,-0.08
395,52,"(29, 16)",0,-0.08
395,53,"(29, 15)",1,-0.08
395,54,"(30, 15)",1,-0.08
395,55,"(31, 15)",0,-0.08
395,56,"(31, 14)",0,-0.08
395,57,"(31, 13)",1,-0.08
395,58,"(32, 13)",1,-0.08
395,59,"(33, 13)",1,-0.08
395,60,"(34, 13)",1,-0.08
395,61,"(35, 13)",1,-0.08
395,62,"(36, 13)",1,-0.08
395,63,"(37, 13)",1,-0.08
395,64,"(38, 13)",1,-0.08
395,65,"(39, 13)",0,-0.08
395,66,"(39, 12)",0,-0.08
395,67,"(39, 11)",1,-0.08
395,68,"(40, 11)",1,-0.08
395,69,"(41, 11)",1,-0.08
395,70,"(42, 11)",1,-0.08
395,71,"(43, 11)",1,-0.08
395,72,"(44, 11)",1,-0.08
395,73,"(45, 11)",0,-0.08
395,74,"(45, 10)",1,-0.08
395,75,"(46, 10)",0,-0.08
395,76,"(46, 9)",0,-0.08
395,77,"(46, 8)",0,-0.08
395,78,"(46, 7)",0,-0.08
395,79,"(46, 6)",1,-0.08
395,80,"(47, 6)",1,-0.08
395,81,"(48, 6)",1,-0.08
395,82,"(49, 6)",0,-0.08
395,83,"(49, 5)",1,-0.08
395,84,"(50, 5)",1,-0.08
395,85,"(51, 5)",0,-0.08
395,86,"(51, 4)",0,-0.08
395,87,"(51, 3)",0,-0.08
395,88,"(51, 2)",1,-0.08
395,89,"(52, 2)",1,-0.08
395,90,"(53, 2)",0,-0.08
395,91,"(53, 1)",1,-0.08
395,92,"(54, 1)",1,-0.08
395,93,"(55, 1)",1,-0.08
395,94,"(56, 1)",1,-0.08
395,95,"(57, 1)",1,-0.08
395,96,"(58, 1)",1,-0.08
395,97,"(59, 1)",1,-0.08
395,98,"(60, 1)",1,-0.08
395,99,"(61, 1)",1,-0.08
395,100,"(62, 1)",1,-0.08
395,101,"(63, 1)",1,-0.08
395,102,"(64, 1)",1,-0.08
395,103,"(65, 1)",1,-0.08
395,104,"(66, 1)",1,-0.08
395,105,"(67, 1)",1,-0.08
395,106,"(68, 1)",1,-0.08
395,107,"(69, 1)",1,-0.08
395,108,"(70, 1)",1,-0.08
395,109,"(71, 1)",2,-0.08
395,110,"(71, 2)",2,-0.08
395,111,"(71, 3)",1,-0.08
395,112,"(72, 3)",1,-0.08
395,113,"(73, 3)",0,-0.08
395,114,"(73, 2)",0,-0.08
395,115,"(73, 1)",0,-0.08
395,116,"(73, 0)",1,-0.08
395,117,"(74, 0)",1,-0.08
395,118,"(75, 0)",1,-0.08
395,119,"(76, 0)",1,-0.08
395,120,"(77, 0)",1,-0.08
395,121,"(78, 0)",1,8.33
396,0,"(0, 39)",1,-0.08
396,1,"(1, 39)",1,-0.08
396,2,"(2, 39)",1,-0.08
396,3,"(3, 39)",1,-0.08
396,4,"(4, 39)",1,-0.08
396,5,"(5, 39)",1,-0.08
396,6,"(6, 39)",1,-0.08
396,7,"(7, 39)",1,-0.08
396,8,"(8, 39)",1,-0.08
396,9,"(9, 39)",1,-0.08
396,10,"(10, 39)",1,-0.08
396,11,"(11, 39)",0,-0.08
396,12,"(11, 38)",0,-0.08
396,13,"(11, 37)",1,-0.08
396,14,"(12, 37)",1,-0.08
396,15,"(13, 37)",1,-0.08
396,16,"(14, 37)",1,-0.08
396,17,"(15, 37)",0,-0.08
396,18,"(15, 36)",1,-0.08
396,19,"(16, 36)",1,-0.08
396,20,"(17, 36)",0,-0.08
396,21,"(17, 35)",1,-0.08
396,22,"(18, 35)",0,-0.08
396,23,"(18, 34)",1,-0.08
396,24,"(19, 34)",0,-0.08
396,25,"(19, 33)",0,-0.08
396,26,"(19, 32)",0,-0.08
396,27,"(19, 31)",0,-0.08
396,28,"(19, 30)",0,-0.08
396,29,"(19, 29)",1,-0.08
396,30,"(20, 29)",0,-0.08
396,31,"(20, 28)",0,-0.08
396,32,"(20, 27)",1,-0.08
396,33,"(21, 27)",0,-0.08
396,34,"(21, 26)",0,-0.08
396,35,"(21, 25)",1,-0.08
396,36,"(22, 25)",0,-0.08
396,37,"(22, 24)",0,-0.08
396,38,"(22, 23)",1,-0.08
396,39,"(23, 23)",1,-0.08
396,40,"(24, 23)",1,-0.08
396,41,"(25, 23)",0,-0.08
396,42,"(25, 22)",0,-0.08
396,43,"(25, 21)",0,-0.08
396,44,"(25, 20)",0,-0.08
396,45,"(25, 19)",1,-0.08
396,46,"(26, 19)",0,-0.08
396,47,"(26, 18)",1,-0.08
396,48,"(27, 18)",0,-0.08
396,49,"(27, 17)",1,-0.08
396,50,"(28, 17)",0,-0.08
396,51,"(28, 16)",1,-0.08
396,52,"(29, 16)",0,-0.08
396,53,"(29, 15)",1,-0.08
396,54,"(30, 15)",1,-0.08
396,55,"(31, 15)",1,-0.08
396,56,"(32, 15)",0,-0.08
396,57,"(32, 14)",0,-0.08
396,58,"(32, 13)",1,-0.08
396,59,"(33, 13)",1,-0.08
396,60,"(34, 13)",1,-0.08
396,61,"(35, 13)",1,-0.08
396,62,"(36, 13)",1,-0.08
396,63,"(37, 13)",1,-0.08
396,64,"(38, 13)",1,-0.08
396,65,"(39, 13)",1,-0.08
396,66,"(40, 13)",1,-0.08
396,67,"(41, 13)",1,-0.08
396,68,"(42, 13)",1,-0.08
396,69,"(43, 13)",0,-0.08
396,70,"(43, 12)",0,-0.08
396,71,"(43, 11)",1,-0.08
396,72,"(44, 11)",1,-0.08
396,73,"(45, 11)",0,-0.08
396,74,"(45, 10)",1,-0.08
396,75,"(46, 10)",0,-0.08
396,76,"(46, 9)",0,-0.08
396,77,"(46, 8)",0,-0.08
396,78,"(46, 7)",1,-0.08
396,79,"(47, 7)",0,-0.08
396,80,"(47, 6)",1,-0.08
396,81,"(48, 6)",1,-0.08
396,82,"(49, 6)",0,-0.08
396,83,"(49, 5)",1,-0.08
396,84,"(50, 5)",1,-0.08
396,85,"(51, 5)",0,-0.08
396,86,"(51, 4)",0,-0.08
396,87,"(51, 3)",0,-0.08
396,88,"(51, 2)",1,-0.08
396,89,"(52, 2)",0,-0.08
396,90,"(52, 1)",1,-0.08
396,91,"(53, 1)",1,-0.08
396,92,"(54, 1)",1,-0.08
396,93,"(55, 1)",1,-0.08
396,94,"(56, 1)",1,-0.08
396,95,"(57, 1)",1,-0.08
396,96,"(58, 1)",1,-0.08
396,97,"(59, 1)",1,-0.08
396,98,"(60, 1)",1,-0.08
396,99,"(61, 1)",1,-0.08
396,100,"(62, 1)",1,-0.08
396,101,"(63, 1)",1,-0.08
396,102,"(64, 1)",1,-0.08
396,103,"(65, 1)",1,-0.08
396,104,"(66, 1)",1,-0.08
396,105,"(67, 1)",1,-0.08
396,106,"(68, 1)",1,-0.08
396,107,"(69, 1)",1,-0.08
396,108,"(70, 1)",1,-0.08
396,109,"(71, 1)",2,-0.08
396,110,"(71, 2)",2,-0.08
396,111,"(71, 3)",1,-0.08
396,112,"(72, 3)",1,-0.08
396,113,"(73, 3)",1,-0.08
396,114,"(74, 3)",1,-0.08
396,115,"(75, 3)",1,-0.08
396,116,"(76, 3)",1,-0.08
396,117,"(77, 3)",0,-0.08
396,118,"(77, 2)",0,-0.08
396,119,"(77, 1)",0,-0.08
396,120,"(77, 0)",1,-0.08
396,121,"(78, 0)",1,8.33
397,0,"(0, 39)",1,-0.08
397,1,"(1, 39)",1,-0.08
397,2,"(2, 39)",1,-0.08
397,3,"(3, 39)",1,-0.08
397,4,"(4, 39)",1,-0.08
397,5,"(5, 39)",1,-0.08
397,6,"(6, 39)",1,-0.08
397,7,"(7, 39)",1,-0.08
397,8,"(8, 39)",1,-0.08
397,9,"(9, 39)",1,-0.08
397,10,"(10, 39)",1,-0.08
397,11,"(11, 39)",0,-0.08
397,12,"(11, 38)",0,-0.08
397,13,"(11, 37)",1,-0.08
397,14,"(12, 37)",1,-0.08
397,15,"(13, 37)",1,-0.08
397,16,"(14, 37)",1,-0.08
397,17,"(15, 37)",1,-0.08
397,18,"(16, 37)",0,-0.08
397,19,"(16, 36)",1,-0.08
397,20,"(17, 36)",0,-0.08
397,21,"(17, 35)",1,-0.08
397,22,"(18, 35)",0,-0.08
397,23,"(18, 34)",1,-0.08
397,24,"(19, 34)",0,-0.08
397,25,"(19, 33)",0,-0.08
397,26,"(19, 32)",0,-0.08
397,27,"(19, 31)",0,-0.08
397,28,"(19, 30)",0,-0.08
397,29,"(19, 29)",1,-0.08
397,30,"(20, 29)",0,-0.08
397,31,"(20, 28)",0,-0.08
397,32,"(20, 27)",1,-0.08
397,33,"(21, 27)",0,-0.08
397,34,"(21, 26)",1,-0.08
397,35,"(22, 26)",1,-0.08
397,36,"(23, 26)",0,-0.08
397,37,"(23, 25)",1,-0.08
397,38,"(24, 25)",1,-0.08
397,39,"(25, 25)",1,-0.08
397,40,"(26, 25)",1,-0.08
397,41,"(27, 25)",1,-0.08
397,42,"(28, 25)",1,-0.08
397,43,"(29, 25)",1,-0.08
397,44,"(30, 25)",1,-0.08
397,45,"(31, 25)",0,-0.08
397,46,"(31, 24)",0,-0.08
397,47,"(31, 23)",1,-0.08
397,48,"(32, 23)",1,-0.08
397,49,"(33, 23)",0,-0.08
397,50,"(33, 22)",0,-0.08
397,51,"(33, 21)",1,-0.08
397,52,"(34, 21)",1,-0.08
397,53,"(35, 21)",1,-0.08
397,54,"(36, 21)",1,-0.08
397,55,"(37, 21)",1,-0.08
397,56,"(38, 21)",1,-0.08
397,57,"(39, 21)",0,-0.08
397,58,"(39, 20)",1,-0.08
397,59,"(40, 20)",1,-0.08
397,60,"(41, 20)",1,-0.08
397,61,"(42, 20)",1,-0.08
397,62,"(43, 20)",0,-0.08
397,63,"(43, 19)",1,-0.08
397,64,"(44, 19)",0,-0.08
397,65,"(44, 18)",0,-0.08
397,66,"(44, 17)",0,-0.08
397,67,"(44, 16)",0,-0.08
397,68,"(44, 15)",1,-0.08
397,69,"(45, 15)",0,-0.08
397,70,"(45, 14)",0,-0.08
397,71,"(45, 13)",0,-0.08
397,72,"(45, 12)",0,-0.08
397,73,"(45, 11)",0,-0.08
397,74,"(45, 10)",1,-0.08
397,75,"(46, 10)",0,-0.08
397,76,"(46, 9)",0,-0.08
397,77,"(46, 8)",0,-0.08
397,78,"(46, 7)",1,-0.08
397,79,"(47, 7)",0,-0.08
397,80,"(47, 6)",1,-0.08
397,81,"(48, 6)",1,-0.08
397,82,"(49, 6)",0,-0.08
397,83,"(49, 5)",1,-0.08
397,84,"(50, 5)",1,-0.08
397,85,"(51, 5)",1,-0.08
397,86,"(52, 5)",1,-0.08
397,87,"(53, 5)",0,-0.08
397,88,"(53, 4)",0,-0.08
397,89,"(53, 3)",1,-0.08
397,90,"(54, 3)",1,-0.08
397,91,"(55, 3)",1,-0.08
397,92,"(56, 3)",1,-0.08
397,93,"(57, 3)",0,-0.08
397,94,"(57, 2)",0,-0.08
397,95,"(57, 1)",1,-0.08
397,96,"(58, 1)",1,-0.08
397,97,"(59, 1)",1,-0.08
397,98,"(60, 1)",1,-0.08
397,99,"(61, 1)",1,-0.08
397,100,"(62, 1)",1,-0.08
397,101,"(63, 1)",1,-0.08
397,102,"(64, 1)",1,-0.08
397,103,"(65, 1)",1,-0.08
397,104,"(66, 1)",1,-0.08
397,105,"(67, 1)",1,-0.08
397,106,"(68, 1)",1,-0.08
397,107,"(69, 1)",1,-0.08
397,108,"(70, 1)",1,-0.08
397,109,"(71, 1)",2,-0.08
397,110,"(71, 2)",2,-0.08
397,111,"(71, 3)",1,-0.08
397,112,"(72, 3)",1,-0.08
397,113,"(73, 3)",1,-0.08
397,114,"(74, 3)",1,-0.08
397,115,"(75, 3)",1,-0.08
397,116,"(76, 3)",1,-0.08
397,117,"(77, 3)",0,-0.08
397,118,"(77, 2)",0,-0.08
397,119,"(77, 1)",0,-0.08
397,120,"(77, 0)",1,-0.08
397,121,"(78, 0)",1,8.33
398,0,"(0, 39)",1,-0.08
398,1,"(1, 39)",1,-0.08
398,2,"(2, 39)",1,-0.08
398,3,"(3, 39)",1,-0.08
398,4,"(4, 39)",1,-0.08
398,5,"(5, 39)",1,-0.08
398,6,"(6, 39)",1,-0.08
398,7,"(7, 39)",1,-0.08
398,8,"(8, 39)",1,-0.08
398,9,"(9, 39)",1,-0.08
398,10,"(10, 39)",1,-0.08
398,11,"(11, 39)",0,-0.08
398,12,"(11, 38)",0,-0.08
398,13,"(11, 37)",1,-0.08
398,14,"(12, 37)",1,-0.08
398,15,"(13, 37)",1,-0.08
398,16,"(14, 37)",1,-0.08
398,17,"(15, 37)",0,-0.08
398,18,"(15, 36)",0,-0.08
398,19,"(15, 35)",0,-0.08
398,20,"(15, 34)",0,-0.08
398,21,"(15, 33)",1,-0.08
398,22,"(16, 33)",1,-0.08
398,23,"(17, 33)",1,-0.08
398,24,"(18, 33)",1,-0.08
398,25,"(19, 33)",0,-0.08
398,26,"(19, 32)",0,-0.08
398,27,"(19, 31)",0,-0.08
398,28,"(19, 30)",0,-0.08
398,29,"(19, 29)",1,-0.08
398,30,"(20, 29)",0,-0.08
398,31,"(20, 28)",0,-0.08
398,32,"(20, 27)",1,-0.08
398,33,"(21, 27)",0,-0.08
398,34,"(21, 26)",1,-0.08
398,35,"(22, 26)",0,-0.08
398,36,"(22, 25)",0,-0.08
398,37,"(22, 24)",0,-0.08
398,38,"(22, 23)",1,-0.08
398,39,"(23, 23)",1,-0.08
398,40,"(24, 23)",1,-0.08
398,41,"(25, 23)",0,-0.08
398,42,"(25, 22)",0,-0.08
398,43,"(25, 21)",0,-0.08
398,44,"(25, 20)",0,-0.08
398,45,"(25, 19)",0,-0.08
398,46,"(25, 18)",1,-0.08
398,47,"(26, 18)",1,-0.08
398,48,"(27, 18)",0,-0.08
398,49,"(27, 17)",1,-0.08
398,50,"(28, 17)",0,-0.08
398,51,"(28, 16)",1,-0.08
398,52,"(29, 16)",0,-0.08
398,53,"(29, 15)",1,-0.08
398,54,"(30, 15)",1,-0.08
398,55,"(31, 15)",0,-0.08
398,56,"(31, 14)",0,-0.08
398,57,"(31, 13)",1,-0.08
398,58,"(32, 13)",1,-0.08
398,59,"(33, 13)",1,-0.08
398,60,"(34, 13)",1,-0.08
398,61,"(35, 13)",1,-0.08
398,62,"(36, 13)",1,-0.08
398,63,"(37, 13)",1,-0.08
398,64,"(38, 13)",1,-0.08
398,65,"(39, 13)",0,-0.08
398,66,"(39, 12)",0,-0.08
398,67,"(39, 11)",1,-0.08
398,68,"(40, 11)",1,-0.08
398,69,"(41, 11)",1,-0.08
398,70,"(42, 11)",1,-0.08
398,71,"(43, 11)",1,-0.08
398,72,"(44, 11)",1,-0.08
398,73,"(45, 11)",0,-0.08
398,74,"(45, 10)",1,-0.08
398,75,"(46, 10)",0,-0.08
398,76,"(46, 9)",0,-0.08
398,77,"(46, 8)",0,-0.08
398,78,"(46, 7)",1,-0.08
398,79,"(47, 7)",0,-0.08
398,80,"(47, 6)",1,-0.08
398,81,"(48, 6)",1,-0.08
398,82,"(49, 6)",0,-0.08
398,83,"(49, 5)",1,-0.08
398,84,"(50, 5)",1,-0.08
398,85,"(51, 5)",0,-0.08
398,86,"(51, 4)",0,-0.08
398,87,"(51, 3)",0,-0.08
398,88,"(51, 2)",1,-0.08
398,89,"(52, 2)",0,-0.08
398,90,"(52, 1)",1,-0.08
398,91,"(53, 1)",1,-0.08
398,92,"(54, 1)",1,-0.08
398,93,"(55, 1)",1,-0.08
398,94,"(56, 1)",1,-0.08
398,95,"(57, 1)",1,-0.08
398,96,"(58, 1)",1,-0.08
398,97,"(59, 1)",1,-0.08
398,98,"(60, 1)",1,-0.08
398,99,"(61, 1)",1,-0.08
398,100,"(62, 1)",1,-0.08
398,101,"(63, 1)",1,-0.08
398,102,"(64, 1)",1,-0.08
398,103,"(65, 1)",1,-0.08
398,104,"(66, 1)",1,-0.08
398,105,"(67, 1)",1,-0.08
398,106,"(68, 1)",1,-0.08
398,107,"(69, 1)",1,-0.08
398,108,"(70, 1)",1,-0.08
398,109,"(71, 1)",2,-0.08
398,110,"(71, 2)",2,-0.08
398,111,"(71, 3)",1,-0.08
398,112,"(72, 3)",1,-0.08
398,113,"(73, 3)",0,-0.08
398,114,"(73, 2)",0,-0.08
398,115,"(73, 1)",0,-0.08
398,116,"(73, 0)",1,-0.08
398,117,"(74, 0)",1,-0.08
398,118,"(75, 0)",1,-0.08
398,119,"(76, 0)",1,-0.08
398,120,"(77, 0)",1,-0.08
398,121,"(78, 0)",1,8.33
399,0,"(0, 39)",1,-0.08
399,1,"(1, 39)",1,-0.08
399,2,"(2, 39)",1,-0.08
399,3,"(3, 39)",1,-0.08
399,4,"(4, 39)",1,-0.08
399,5,"(5, 39)",1,-0.08
399,6,"(6, 39)",1,-0.08
399,7,"(7, 39)",1,-0.08
399,8,"(8, 39)",1,-0.08
399,9,"(9, 39)",1,-0.08
399,10,"(10, 39)",1,-0.08
399,11,"(11, 39)",1,-0.08
399,12,"(12, 39)",1,-0.08
399,13,"(13, 39)",1,-0.08
399,14,"(14, 39)",0,-0.08
399,15,"(14, 38)",0,-0.08
399,16,"(14, 37)",1,-0.08
399,17,"(15, 37)",1,-0.08
399,18,"(16, 37)",0,-0.08
399,19,"(16, 36)",1,-0.08
399,20,"(17, 36)",0,-0.08
399,21,"(17, 35)",0,-0.08
399,22,"(17, 34)",0,-0.08
399,23,"(17, 33)",1,-0.08
399,24,"(18, 33)",1,-0.08
399,25,"(19, 33)",0,-0.08
399,26,"(19, 32)",0,-0.08
399,27,"(19, 31)",0,-0.08
399,28,"(19, 30)",0,-0.08
399,29,"(19, 29)",1,-0.08
399,30,"(20, 29)",0,-0.08
399,31,"(20, 28)",0,-0.08
399,32,"(20, 27)",1,-0.08
399,33,"(21, 27)",0,-0.08
399,34,"(21, 26)",0,-0.08
399,35,"(21, 25)",1,-0.08
399,36,"(22, 25)",0,-0.08
399,37,"(22, 24)",0,-0.08
399,38,"(22, 23)",1,-0.08
399,39,"(23, 23)",1,-0.08
399,40,"(24, 23)",1,-0.08
399,41,"(25, 23)",0,-0.08
399,42,"(25, 22)",0,-0.08
399,43,"(25, 21)",1,-0.08
399,44,"(26, 21)",1,-0.08
399,45,"(27, 21)",0,-0.08
399,46,"(27, 20)",0,-0.08
399,47,"(27, 19)",1,-0.08
399,48,"(28, 19)",1,-0.08
399,49,"(29, 19)",1,-0.08
399,50,"(30, 19)",1,-0.08
399,51,"(31, 19)",0,-0.08
399,52,"(31, 18)",1,-0.08
399,53,"(32, 18)",0,-0.08
399,54,"(32, 17)",1,-0.08
399,55,"(33, 17)",1,-0.08
399,56,"(34, 17)",1,-0.08
399,57,"(35, 17)",0,-0.08
399,58,"(35, 16)",0,-0.08
399,59,"(35, 15)",0,-0.08
399,60,"(35, 14)",0,-0.08
399,61,"(35, 13)",1,-0.08
399,62,"(36, 13)",1,-0.08
399,63,"(37, 13)",1,-0.08
399,64,"(38, 13)",1,-0.08
399,65,"(39, 13)",1,-0.08
399,66,"(40, 13)",1,-0.08
399,67,"(41, 13)",0,-0.08
399,68,"(41, 12)",0,-0.08
399,69,"(41, 11)",1,-0.08
399,70,"(42, 11)",1,-0.08
399,71,"(43, 11)",1,-0.08
399,72,"(44, 11)",1,-0.08
399,73,"(45, 11)",0,-0.08
399,74,"(45, 10)",0,-0.08
399,75,"(45, 9)",0,-0.08
399,76,"(45, 8)",1,-0.08
399,77,"(46, 8)",0,-0.08
399,78,"(46, 7)",0,-0.08
399,79,"(46, 6)",1,-0.08
399,80,"(47, 6)",1,-0.08
399,81,"(48, 6)",1,-0.08
399,82,"(49, 6)",0,-0.08
399,83,"(49, 5)",1,-0.08
399,84,"(50, 5)",1,-0.08
399,85,"(51, 5)",1,-0.08
399,86,"(52, 5)",1,-0.08
399,87,"(53, 5)",0,-0.08
399,88,"(53, 4)",0,-0.08
399,89,"(53, 3)",0,-0.08
399,90,"(53, 2)",0,-0.08
399,91,"(53, 1)",1,-0.08
399,92,"(54, 1)",1,-0.08
399,93,"(55, 1)",1,-0.08
399,94,"(56, 1)",1,-0.08
399,95,"(57, 1)",1,-0.08
399,96,"(58, 1)",1,-0.08
399,97,"(59, 1)",1,-0.08
399,98,"(60, 1)",1,-0.08
399,99,"(61, 1)",1,-0.08
399,100,"(62, 1)",1,-0.08
399,101,"(63, 1)",1,-0.08
399,102,"(64, 1)",1,-0.08
399,103,"(65, 1)",1,-0.08
399,104,"(66, 1)",1,-0.08
399,105,"(67, 1)",1,-0.08
399,106,"(68, 1)",1,-0.08
399,107,"(69, 1)",1,-0.08
399,108,"(70, 1)",1,-0.08
399,109,"(71, 1)",2,-0.08
399,110,"(71, 2)",2,-0.08
399,111,"(71, 3)",1,-0.08
399,112,"(72, 3)",1,-0.08
399,113,"(73, 3)",0,-0.08
399,114,"(73, 2)",0,-0.08
399,115,"(73, 1)",0,-0.08
399,116,"(73, 0)",1,-0.08
399,117,"(74, 0)",1,-0.08
399,118,"(75, 0)",1,-0.08
399,119,"(76, 0)",1,-0.08
399,120,"(77, 0)",1,-0.08
399,121,"(78, 0)",1,8.33
400,0,"(0, 39)",1,-0.08
400,1,"(1, 39)",1,-0.08
400,2,"(2, 39)",1,-0.08
400,3,"(3, 39)",1,-0.08
400,4,"(4, 39)",1,-0.08
400,5,"(5, 39)",1,-0.08
400,6,"(6, 39)",1,-0.08
400,7,"(7, 39)",1,-0.08
400,8,"(8, 39)",1,-0.08
400,9,"(9, 39)",1,-0.08
400,10,"(10, 39)",1,-0.08
400,11,"(11, 39)",1,-0.08
400,12,"(12, 39)",1,-0.08
400,13,"(13, 39)",1,-0.08
400,14,"(14, 39)",0,-0.08
400,15,"(14, 38)",0,-0.08
400,16,"(14, 37)",1,-0.08
400,17,"(15, 37)",1,-0.08
400,18,"(16, 37)",1,-0.08
400,19,"(17, 37)",0,-0.08
400,20,"(17, 36)",0,-0.08
400,21,"(17, 35)",0,-0.08
400,22,"(17, 34)",1,-0.08
400,23,"(18, 34)",0,-0.08
400,24,"(18, 33)",1,-0.08
400,25,"(19, 33)",0,-0.08
400,26,"(19, 32)",0,-0.08
400,27,"(19, 31)",0,-0.08
400,28,"(19, 30)",0,-0.08
400,29,"(19, 29)",1,-0.08
400,30,"(20, 29)",0,-0.08
400,31,"(20, 28)",0,-0.08
400,32,"(20, 27)",1,-0.08
400,33,"(21, 27)",0,-0.08
400,34,"(21, 26)",0,-0.08
400,35,"(21, 25)",1,-0.08
400,36,"(22, 25)",1,-0.08
400,37,"(23, 25)",1,-0.08
400,38,"(24, 25)",1,-0.08
400,39,"(25, 25)",0,-0.08
400,40,"(25, 24)",0,-0.08
400,41,"(25, 23)",0,-0.08
400,42,"(25, 22)",0,-0.08
400,43,"(25, 21)",1,-0.08
400,44,"(26, 21)",1,-0.08
400,45,"(27, 21)",0,-0.08
400,46,"(27, 20)",0,-0.08
400,47,"(27, 19)",0,-0.08
400,48,"(27, 18)",0,-0.08
400,49,"(27, 17)",1,-0.08
400,50,"(28, 17)",1,-0.08
400,51,"(29, 17)",0,-0.08
400,52,"(29, 16)",0,-0.08
400,53,"(29, 15)",1,-0.08
400,54,"(30, 15)",1,-0.08
400,55,"(31, 15)",0,-0.08
400,56,"(31, 14)",1,-0.08
400,57,"(32, 14)",0,-0.08
400,58,"(32, 13)",1,-0.08
400,59,"(33, 13)",1,-0.08
400,60,"(34, 13)",1,-0.08
400,61,"(35, 13)",1,-0.08
400,62,"(36, 13)",1,-0.08
400,63,"(37, 13)",1,-0.08
400,64,"(38, 13)",1,-0.08
400,65,"(39, 13)",1,-0.08
400,66,"(40, 13)",1,-0.08
400,67,"(41, 13)",1,-0.08
400,68,"(42, 13)",1,-0.08
400,69,"(43, 13)",1,-0.08
400,70,"(44, 13)",1,-0.08
400,71,"(45, 13)",0,-0.08
400,72,"(45, 12)",0,-0.08
400,73,"(45, 11)",0,-0.08
400,74,"(45, 10)",0,-0.08
400,75,"(45, 9)",1,-0.08
400,76,"(46, 9)",0,-0.08
400,77,"(46, 8)",0,-0.08
400,78,"(46, 7)",0,-0.08
400,79,"(46, 6)",1,-0.08
400,80,"(47, 6)",1,-0.08
400,81,"(48, 6)",1,-0.08
400,82,"(49, 6)",0,-0.08
400,83,"(49, 5)",1,-0.08
400,84,"(50, 5)",1,-0.08
400,85,"(51, 5)",1,-0.08
400,86,"(52, 5)",1,-0.08
400,87,"(53, 5)",0,-0.08
400,88,"(53, 4)",0,-0.08
400,89,"(53, 3)",1,-0.08
400,90,"(54, 3)",1,-0.08
400,91,"(55, 3)",1,-0.08
400,92,"(56, 3)",0,-0.08
400,93,"(56, 2)",1,-0.08
400,94,"(57, 2)",1,-0.08
400,95,"(58, 2)",1,-0.08
400,96,"(59, 2)",0,-0.08
400,97,"(59, 1)",1,-0.08
400,98,"(60, 1)",1,-0.08
400,99,"(61, 1)",1,-0.08
400,100,"(62, 1)",1,-0.08
400,101,"(63, 1)",1,-0.08
400,102,"(64, 1)",1,-0.08
400,103,"(65, 1)",1,-0.08
400,104,"(66, 1)",1,-0.08
400,105,"(67, 1)",1,-0.08
400,106,"(68, 1)",1,-0.08
400,107,"(69, 1)",1,-0.08
400,108,"(70, 1)",1,-0.08
400,109,"(71, 1)",2,-0.08
400,110,"(71, 2)",2,-0.08
400,111,"(71, 3)",1,-0.08
400,112,"(72, 3)",1,-0.08
400,113,"(73, 3)",0,-0.08
400,114,"(73, 2)",0,-0.08
400,115,"(73, 1)",0,-0.08
400,116,"(73, 0)",1,-0.08
400,117,"(74, 0)",1,-0.08
400,118,"(75, 0)",1,-0.08
400,119,"(76, 0)",1,-0.08
400,120,"(77, 0)",1,-0.08
400,121,"(78, 0)",1,8.33
401,0,"(0, 39)",1,-0.08
401,1,"(1, 39)",1,-0.08
401,2,"(2, 39)",1,-0.08
401,3,"(3, 39)",1,-0.08
401,4,"(4, 39)",1,-0.08
401,5,"(5, 39)",1,-0.08
401,6,"(6, 39)",1,-0.08
401,7,"(7, 39)",1,-0.08
401,8,"(8, 39)",1,-0.08
401,9,"(9, 39)",1,-0.08
401,10,"(10, 39)",0,-0.08
401,11,"(10, 38)",1,-0.08
401,12,"(11, 38)",0,-0.08
401,13,"(11, 37)",1,-0.08
401,14,"(12, 37)",1,-0.08
401,15,"(13, 37)",1,-0.08
401,16,"(14, 37)",1,-0.08
401,17,"(15, 37)",1,-0.08
401,18,"(16, 37)",0,-0.08
401,19,"(16, 36)",1,-0.08
401,20,"(17, 36)",0,-0.08
401,21,"(17, 35)",0,-0.08
401,22,"(17, 34)",1,-0.08
401,23,"(18, 34)",1,-0.08
401,24,"(19, 34)",0,-0.08
401,25,"(19, 33)",0,-0.08
401,26,"(19, 32)",0,-0.08
401,27,"(19, 31)",0,-0.08
401,28,"(19, 30)",0,-0.08
401,29,"(19, 29)",1,-0.08
401,30,"(20, 29)",0,-0.08
401,31,"(20, 28)",0,-0.08
401,32,"(20, 27)",1,-0.08
401,33,"(21, 27)",0,-0.08
401,34,"(21, 26)",1,-0.08
401,35,"(22, 26)",1,-0.08
401,36,"(23, 26)",0,-0.08
401,37,"(23, 25)",1,-0.08
401,38,"(24, 25)",1,-0.08
401,39,"(25, 25)",1,-0.08
401,40,"(26, 25)",1,-0.08
401,41,"(27, 25)",1,-0.08
401,42,"(28, 25)",1,-0.08
401,43,"(29, 25)",1,-0.08
401,44,"(30, 25)",1,-0.08
401,45,"(31, 25)",0,-0.08
401,46,"(31, 24)",0,-0.08
401,47,"(31, 23)",1,-0.08
401,48,"(32, 23)",1,-0.08
401,49,"(33, 23)",0,-0.08
401,50,"(33, 22)",0,-0.08
401,51,"(33, 21)",1,-0.08
401,52,"(34, 21)",1,-0.08
401,53,"(35, 21)",1,-0.08
401,54,"(36, 21)",1,-0.08
401,55,"(37, 21)",1,-0.08
401,56,"(38, 21)",1,-0.08
401,57,"(39, 21)",0,-0.08
401,58,"(39, 20)",0,-0.08
401,59,"(39, 19)",0,-0.08
401,60,"(39, 18)",0,-0.08
401,61,"(39, 17)",0,-0.08
401,62,"(39, 16)",0,-0.08
401,63,"(39, 15)",1,-0.08
401,64,"(40, 15)",0,-0.08
401,65,"(40, 14)",0,-0.08
401,66,"(40, 13)",1,-0.08
401,67,"(41, 13)",0,-0.08
401,68,"(41, 12)",0,-0.08
401,69,"(41, 11)",1,-0.08
401,70,"(42, 11)",1,-0.08
401,71,"(43, 11)",1,-0.08
401,72,"(44, 11)",1,-0.08
401,73,"(45, 11)",0,-0.08
401,74,"(45, 10)",1,-0.08
401,75,"(46, 10)",0,-0.08
401,76,"(46, 9)",0,-0.08
401,77,"(46, 8)",0,-0.08
401,78,"(46, 7)",1,-0.08
401,79,"(47, 7)",0,-0.08
401,80,"(47, 6)",1,-0.08
401,81,"(48, 6)",1,-0.08
401,82,"(49, 6)",0,-0.08
401,83,"(49, 5)",1,-0.08
401,84,"(50, 5)",1,-0.08
401,85,"(51, 5)",0,-0.08
401,86,"(51, 4)",0,-0.08
401,87,"(51, 3)",0,-0.08
401,88,"(51, 2)",1,-0.08
401,89,"(52, 2)",0,-0.08
401,90,"(52, 1)",1,-0.08
401,91,"(53, 1)",1,-0.08
401,92,"(54, 1)",1,-0.08
401,93,"(55, 1)",1,-0.08
401,94,"(56, 1)",1,-0.08
401,95,"(57, 1)",1,-0.08
401,96,"(58, 1)",1,-0.08
401,97,"(59, 1)",1,-0.08
401,98,"(60, 1)",1,-0.08
401,99,"(61, 1)",1,-0.08
401,100,"(62, 1)",1,-0.08
401,101,"(63, 1)",1,-0.08
401,102,"(64, 1)",1,-0.08
401,103,"(65, 1)",1,-0.08
401,104,"(66, 1)",1,-0.08
401,105,"(67, 1)",1,-0.08
401,106,"(68, 1)",1,-0.08
401,107,"(69, 1)",1,-0.08
401,108,"(70, 1)",1,-0.08
401,109,"(71, 1)",2,-0.08
401,110,"(71, 2)",2,-0.08
401,111,"(71, 3)",1,-0.08
401,112,"(72, 3)",1,-0.08
401,113,"(73, 3)",1,-0.08
401,114,"(74, 3)",1,-0.08
401,115,"(75, 3)",1,-0.08
401,116,"(76, 3)",1,-0.08
401,117,"(77, 3)",0,-0.08
401,118,"(77, 2)",0,-0.08
401,119,"(77, 1)",1,-0.08
401,120,"(78, 1)",0,-0.08
401,121,"(78, 0)",1,8.33
402,0,"(0, 39)",1,-0.08
402,1,"(1, 39)",1,-0.08
402,2,"(2, 39)",1,-0.08
402,3,"(3, 39)",1,-0.08
402,4,"(4, 39)",1,-0.08
402,5,"(5, 39)",1,-0.08
402,6,"(6, 39)",1,-0.08
402,7,"(7, 39)",1,-0.08
402,8,"(8, 39)",1,-0.08
402,9,"(9, 39)",1,-0.08
402,10,"(10, 39)",1,-0.08
402,11,"(11, 39)",0,-0.08
402,12,"(11, 38)",0,-0.08
402,13,"(11, 37)",1,-0.08
402,14,"(12, 37)",1,-0.08
402,15,"(13, 37)",1,-0.08
402,16,"(14, 37)",1,-0.08
402,17,"(15, 37)",1,-0.08
402,18,"(16, 37)",0,-0.08
402,19,"(16, 36)",1,-0.08
402,20,"(17, 36)",0,-0.08
402,21,"(17, 35)",1,-0.08
402,22,"(18, 35)",1,-0.08
402,23,"(19, 35)",0,-0.08
402,24,"(19, 34)",0,-0.08
402,25,"(19, 33)",0,-0.08
402,26,"(19, 32)",0,-0.08
402,27,"(19, 31)",0,-0.08
402,28,"(19, 30)",0,-0.08
402,29,"(19, 29)",1,-0.08
402,30,"(20, 29)",0,-0.08
402,31,"(20, 28)",0,-0.08
402,32,"(20, 27)",1,-0.08
402,33,"(21, 27)",0,-0.08
402,34,"(21, 26)",0,-0.08
402,35,"(21, 25)",1,-0.08
402,36,"(22, 25)",1,-0.08
402,37,"(23, 25)",1,-0.08
402,38,"(24, 25)",1,-0.08
402,39,"(25, 25)",1,-0.08
402,40,"(26, 25)",1,-0.08
402,41,"(27, 25)",1,-0.08
402,42,"(28, 25)",1,-0.08
402,43,"(29, 25)",1,-0.08
402,44,"(30, 25)",1,-0.08
402,45,"(31, 25)",0,-0.08
402,46,"(31, 24)",0,-0.08
402,47,"(31, 23)",1,-0.08
402,48,"(32, 23)",1,-0.08
402,49,"(33, 23)",0,-0.08
402,50,"(33, 22)",0,-0.08
402,51,"(33, 21)",1,-0.08
402,52,"(34, 21)",1,-0.08
402,53,"(35, 21)",1,-0.08
402,54,"(36, 21)",1,-0.08
402,55,"(37, 21)",1,-0.08
402,56,"(38, 21)",1,-0.08
402,57,"(39, 21)",1,-0.08
402,58,"(40, 21)",0,-0.08
402,59,"(40, 20)",1,-0.08
402,60,"(41, 20)",1,-0.08
402,61,"(42, 20)",1,-0.08
402,62,"(43, 20)",0,-0.08
402,63,"(43, 19)",1,-0.08
402,64,"(44, 19)",0,-0.08
402,65,"(44, 18)",0,-0.08
402,66,"(44, 17)",0,-0.08
402,67,"(44, 16)",0,-0.08
402,68,"(44, 15)",1,-0.08
402,69,"(45, 15)",0,-0.08
402,70,"(45, 14)",0,-0.08
402,71,"(45, 13)",0,-0.08
402,72,"(45, 12)",0,-0.08
402,73,"(45, 11)",0,-0.08
402,74,"(45, 10)",1,-0.08
402,75,"(46, 10)",0,-0.08
402,76,"(46, 9)",0,-0.08
402,77,"(46, 8)",0,-0.08
402,78,"(46, 7)",1,-0.08
402,79,"(47, 7)",0,-0.08
402,80,"(47, 6)",1,-0.08
402,81,"(48, 6)",1,-0.08
402,82,"(49, 6)",0,-0.08
402,83,"(49, 5)",1,-0.08
402,84,"(50, 5)",1,-0.08
402,85,"(51, 5)",1,-0.08
402,86,"(52, 5)",1,-0.08
402,87,"(53, 5)",0,-0.08
402,88,"(53, 4)",0,-0.08
402,89,"(53, 3)",1,-0.08
402,90,"(54, 3)",1,-0.08
402,91,"(55, 3)",1,-0.08
402,92,"(56, 3)",1,-0.08
402,93,"(57, 3)",0,-0.08
402,94,"(57, 2)",1,-0.08
402,95,"(58, 2)",1,-0.08
402,96,"(59, 2)",0,-0.08
402,97,"(59, 1)",1,-0.08
402,98,"(60, 1)",1,-0.08
402,99,"(61, 1)",1,-0.08
402,100,"(62, 1)",1,-0.08
402,101,"(63, 1)",1,-0.08
402,102,"(64, 1)",1,-0.08
402,103,"(65, 1)",1,-0.08
402,104,"(66, 1)",1,-0.08
402,105,"(67, 1)",1,-0.08
402,106,"(68, 1)",1,-0.08
402,107,"(69, 1)",1,-0.08
402,108,"(70, 1)",1,-0.08
402,109,"(71, 1)",2,-0.08
402,110,"(71, 2)",2,-0.08
402,111,"(71, 3)",1,-0.08
402,112,"(72, 3)",1,-0.08
402,113,"(73, 3)",1,-0.08
402,114,"(74, 3)",1,-0.08
402,115,"(75, 3)",1,-0.08
402,116,"(76, 3)",1,-0.08
402,117,"(77, 3)",0,-0.08
402,118,"(77, 2)",0,-0.08
402,119,"(77, 1)",0,-0.08
402,120,"(77, 0)",1,-0.08
402,121,"(78, 0)",1,8.33
403,0,"(0, 39)",1,-0.08
403,1,"(1, 39)",1,-0.08
403,2,"(2, 39)",1,-0.08
403,3,"(3, 39)",1,-0.08
403,4,"(4, 39)",1,-0.08
403,5,"(5, 39)",1,-0.08
403,6,"(6, 39)",1,-0.08
403,7,"(7, 39)",1,-0.08
403,8,"(8, 39)",1,-0.08
403,9,"(9, 39)",1,-0.08
403,10,"(10, 39)",0,-0.08
403,11,"(10, 38)",0,-0.08
403,12,"(10, 37)",1,-0.08
403,13,"(11, 37)",1,-0.08
403,14,"(12, 37)",1,-0.08
403,15,"(13, 37)",1,-0.08
403,16,"(14, 37)",1,-0.08
403,17,"(15, 37)",0,-0.08
403,18,"(15, 36)",0,-0.08
403,19,"(15, 35)",0,-0.08
403,20,"(15, 34)",0,-0.08
403,21,"(15, 33)",1,-0.08
403,22,"(16, 33)",1,-0.08
403,23,"(17, 33)",1,-0.08
403,24,"(18, 33)",1,-0.08
403,25,"(19, 33)",0,-0.08
403,26,"(19, 32)",0,-0.08
403,27,"(19, 31)",0,-0.08
403,28,"(19, 30)",0,-0.08
403,29,"(19, 29)",1,-0.08
403,30,"(20, 29)",0,-0.08
403,31,"(20, 28)",0,-0.08
403,32,"(20, 27)",1,-0.08
403,33,"(21, 27)",0,-0.08
403,34,"(21, 26)",0,-0.08
403,35,"(21, 25)",1,-0.08
403,36,"(22, 25)",0,-0.08
403,37,"(22, 24)",0,-0.08
403,38,"(22, 23)",1,-0.08
403,39,"(23, 23)",1,-0.08
403,40,"(24, 23)",1,-0.08
403,41,"(25, 23)",0,-0.08
403,42,"(25, 22)",0,-0.08
403,43,"(25, 21)",0,-0.08
403,44,"(25, 20)",0,-0.08
403,45,"(25, 19)",1,-0.08
403,46,"(26, 19)",1,-0.08
403,47,"(27, 19)",0,-0.08
403,48,"(27, 18)",0,-0.08
403,49,"(27, 17)",0,-0.08
403,50,"(27, 16)",1,-0.08
403,51,"(28, 16)",1,-0.08
403,52,"(29, 16)",0,-0.08
403,53,"(29, 15)",1,-0.08
403,54,"(30, 15)",1,-0.08
403,55,"(31, 15)",0,-0.08
403,56,"(31, 14)",1,-0.08
403,57,"(32, 14)",0,-0.08
403,58,"(32, 13)",1,-0.08
403,59,"(33, 13)",1,-0.08
403,60,"(34, 13)",1,-0.08
403,61,"(35, 13)",1,-0.08
403,62,"(36, 13)",1,-0.08
403,63,"(37, 13)",1,-0.08
403,64,"(38, 13)",1,-0.08
403,65,"(39, 13)",0,-0.08
403,66,"(39, 12)",0,-0.08
403,67,"(39, 11)",1,-0.08
403,68,"(40, 11)",1,-0.08
403,69,"(41, 11)",1,-0.08
403,70,"(42, 11)",1,-0.08
403,71,"(43, 11)",1,-0.08
403,72,"(44, 11)",1,-0.08
403,73,"(45, 11)",0,-0.08
403,74,"(45, 10)",0,-0.08
403,75,"(45, 9)",1,-0.08
403,76,"(46, 9)",0,-0.08
403,77,"(46, 8)",0,-0.08
403,78,"(46, 7)",0,-0.08
403,79,"(46, 6)",1,-0.08
403,80,"(47, 6)",1,-0.08
403,81,"(48, 6)",1,-0.08
403,82,"(49, 6)",0,-0.08
403,83,"(49, 5)",1,-0.08
403,84,"(50, 5)",1,-0.08
403,85,"(51, 5)",0,-0.08
403,86,"(51, 4)",0,-0.08
403,87,"(51, 3)",0,-0.08
403,88,"(51, 2)",0,-0.08
403,89,"(51, 1)",1,-0.08
403,90,"(52, 1)",1,-0.08
403,91,"(53, 1)",1,-0.08
403,92,"(54, 1)",1,-0.08
403,93,"(55, 1)",1,-0.08
403,94,"(56, 1)",1,-0.08
403,95,"(57, 1)",1,-0.08
403,96,"(58, 1)",1,-0.08
403,97,"(59, 1)",1,-0.08
403,98,"(60, 1)",1,-0.08
403,99,"(61, 1)",1,-0.08
403,100,"(62, 1)",1,-0.08
403,101,"(63, 1)",1,-0.08
403,102,"(64, 1)",1,-0.08
403,103,"(65, 1)",1,-0.08
403,104,"(66, 1)",1,-0.08
403,105,"(67, 1)",1,-0.08
403,106,"(68, 1)",1,-0.08
403,107,"(69, 1)",1,-0.08
403,108,"(70, 1)",1,-0.08
403,109,"(71, 1)",2,-0.08
403,110,"(71, 2)",2,-0.08
403,111,"(71, 3)",1,-0.08
403,112,"(72, 3)",1,-0.08
403,113,"(73, 3)",0,-0.08
403,114,"(73, 2)",0,-0.08
403,115,"(73, 1)",0,-0.08
403,116,"(73, 0)",1,-0.08
403,117,"(74, 0)",1,-0.08
403,118,"(75, 0)",1,-0.08
403,119,"(76, 0)",1,-0.08
403,120,"(77, 0)",1,-0.08
403,121,"(78, 0)",1,8.33
404,0,"(0, 39)",1,-0.08
404,1,"(1, 39)",1,-0.08
404,2,"(2, 39)",1,-0.08
404,3,"(3, 39)",1,-0.08
404,4,"(4, 39)",1,-0.08
404,5,"(5, 39)",1,-0.08
404,6,"(6, 39)",1,-0.08
404,7,"(7, 39)",1,-0.08
404,8,"(8, 39)",1,-0.08
404,9,"(9, 39)",1,-0.08
404,10,"(10, 39)",1,-0.08
404,11,"(11, 39)",1,-0.08
404,12,"(12, 39)",1,-0.08
404,13,"(13, 39)",1,-0.08
404,14,"(14, 39)",0,-0.08
404,15,"(14, 38)",0,-0.08
404,16,"(14, 37)",1,-0.08
404,17,"(15, 37)",0,-0.08
404,18,"(15, 36)",1,-0.08
404,19,"(16, 36)",1,-0.08
404,20,"(17, 36)",0,-0.08
404,21,"(17, 35)",0,-0.08
404,22,"(17, 34)",0,-0.08
404,23,"(17, 33)",1,-0.08
404,24,"(18, 33)",1,-0.08
404,25,"(19, 33)",0,-0.08
404,26,"(19, 32)",0,-0.08
404,27,"(19, 31)",0,-0.08
404,28,"(19, 30)",0,-0.08
404,29,"(19, 29)",1,-0.08
404,30,"(20, 29)",0,-0.08
404,31,"(20, 28)",0,-0.08
404,32,"(20, 27)",1,-0.08
404,33,"(21, 27)",0,-0.08
404,34,"(21, 26)",1,-0.08
404,35,"(22, 26)",0,-0.08
404,36,"(22, 25)",1,-0.08
404,37,"(23, 25)",1,-0.08
404,38,"(24, 25)",1,-0.08
404,39,"(25, 25)",1,-0.08
404,40,"(26, 25)",1,-0.08
404,41,"(27, 25)",1,-0.08
404,42,"(28, 25)",1,-0.08
404,43,"(29, 25)",1,-0.08
404,44,"(30, 25)",1,-0.08
404,45,"(31, 25)",0,-0.08
404,46,"(31, 24)",0,-0.08
404,47,"(31, 23)",1,-0.08
404,48,"(32, 23)",1,-0.08
404,49,"(33, 23)",0,-0.08
404,50,"(33, 22)",0,-0.08
404,51,"(33, 21)",1,-0.08
404,52,"(34, 21)",1,-0.08
404,53,"(35, 21)",0,-0.08
404,54,"(35, 20)",0,-0.08
404,55,"(35, 19)",1,-0.08
404,56,"(36, 19)",1,-0.08
404,57,"(37, 19)",0,-0.08
404,58,"(37, 18)",0,-0.08
404,59,"(37, 17)",1,-0.08
404,60,"(38, 17)",1,-0.08
404,61,"(39, 17)",0,-0.08
404,62,"(39, 16)",0,-0.08
404,63,"(39, 15)",1,-0.08
404,64,"(40, 15)",1,-0.08
404,65,"(41, 15)",0,-0.08
404,66,"(41, 14)",0,-0.08
404,67,"(41, 13)",0,-0.08
404,68,"(41, 12)",0,-0.08
404,69,"(41, 11)",1,-0.08
404,70,"(42, 11)",1,-0.08
404,71,"(43, 11)",1,-0.08
404,72,"(44, 11)",1,-0.08
404,73,"(45, 11)",0,-0.08
404,74,"(45, 10)",0,-0.08
404,75,"(45, 9)",0,-0.08
404,76,"(45, 8)",0,-0.08
404,77,"(45, 7)",1,-0.08
404,78,"(46, 7)",0,-0.08
404,79,"(46, 6)",1,-0.08
404,80,"(47, 6)",1,-0.08
404,81,"(48, 6)",1,-0.08
404,82,"(49, 6)",0,-0.08
404,83,"(49, 5)",1,-0.08
404,84,"(50, 5)",1,-0.08
404,85,"(51, 5)",1,-0.08
404,86,"(52, 5)",1,-0.08
404,87,"(53, 5)",0,-0.08
404,88,"(53, 4)",0,-0.08
404,89,"(53, 3)",1,-0.08
404,90,"(54, 3)",1,-0.08
404,91,"(55, 3)",1,-0.08
404,92,"(56, 3)",1,-0.08
404,93,"(57, 3)",0,-0.08
404,94,"(57, 2)",1,-0.08
404,95,"(58, 2)",1,-0.08
404,96,"(59, 2)",0,-0.08
404,97,"(59, 1)",1,-0.08
404,98,"(60, 1)",1,-0.08
404,99,"(61, 1)",1,-0.08
404,100,"(62, 1)",1,-0.08
404,101,"(63, 1)",1,-0.08
404,102,"(64, 1)",1,-0.08
404,103,"(65, 1)",1,-0.08
404,104,"(66, 1)",1,-0.08
404,105,"(67, 1)",1,-0.08
404,106,"(68, 1)",1,-0.08
404,107,"(69, 1)",1,-0.08
404,108,"(70, 1)",1,-0.08
404,109,"(71, 1)",2,-0.08
404,110,"(71, 2)",2,-0.08
404,111,"(71, 3)",1,-0.08
404,112,"(72, 3)",1,-0.08
404,113,"(73, 3)",0,-0.08
404,114,"(73, 2)",0,-0.08
404,115,"(73, 1)",0,-0.08
404,116,"(73, 0)",1,-0.08
404,117,"(74, 0)",1,-0.08
404,118,"(75, 0)",1,-0.08
404,119,"(76, 0)",1,-0.08
404,120,"(77, 0)",1,-0.08
404,121,"(78, 0)",1,8.33
405,0,"(0, 39)",1,-0.08
405,1,"(1, 39)",1,-0.08
405,2,"(2, 39)",1,-0.08
405,3,"(3, 39)",1,-0.08
405,4,"(4, 39)",1,-0.08
405,5,"(5, 39)",1,-0.08
405,6,"(6, 39)",1,-0.08
405,7,"(7, 39)",1,-0.08
405,8,"(8, 39)",1,-0.08
405,9,"(9, 39)",1,-0.08
405,10,"(10, 39)",0,-0.08
405,11,"(10, 38)",0,-0.08
405,12,"(10, 37)",1,-0.08
405,13,"(11, 37)",1,-0.08
405,14,"(12, 37)",1,-0.08
405,15,"(13, 37)",1,-0.08
405,16,"(14, 37)",1,-0.08
405,17,"(15, 37)",0,-0.08
405,18,"(15, 36)",1,-0.08
405,19,"(16, 36)",1,-0.08
405,20,"(17, 36)",0,-0.08
405,21,"(17, 35)",0,-0.08
405,22,"(17, 34)",1,-0.08
405,23,"(18, 34)",0,-0.08
405,24,"(18, 33)",1,-0.08
405,25,"(19, 33)",0,-0.08
405,26,"(19, 32)",0,-0.08
405,27,"(19, 31)",0,-0.08
405,28,"(19, 30)",0,-0.08
405,29,"(19, 29)",1,-0.08
405,30,"(20, 29)",0,-0.08
405,31,"(20, 28)",0,-0.08
405,32,"(20, 27)",1,-0.08
405,33,"(21, 27)",0,-0.08
405,34,"(21, 26)",0,-0.08
405,35,"(21, 25)",1,-0.08
405,36,"(22, 25)",0,-0.08
405,37,"(22, 24)",0,-0.08
405,38,"(22, 23)",1,-0.08
405,39,"(23, 23)",1,-0.08
405,40,"(24, 23)",1,-0.08
405,41,"(25, 23)",0,-0.08
405,42,"(25, 22)",0,-0.08
405,43,"(25, 21)",1,-0.08
405,44,"(26, 21)",1,-0.08
405,45,"(27, 21)",0,-0.08
405,46,"(27, 20)",1,-0.08
405,47,"(28, 20)",0,-0.08
405,48,"(28, 19)",1,-0.08
405,49,"(29, 19)",1,-0.08
405,50,"(30, 19)",1,-0.08
405,51,"(31, 19)",0,-0.08
405,52,"(31, 18)",1,-0.08
405,53,"(32, 18)",0,-0.08
405,54,"(32, 17)",0,-0.08
405,55,"(32, 16)",0,-0.08
405,56,"(32, 15)",0,-0.08
405,57,"(32, 14)",0,-0.08
405,58,"(32, 13)",1,-0.08
405,59,"(33, 13)",1,-0.08
405,60,"(34, 13)",1,-0.08
405,61,"(35, 13)",1,-0.08
405,62,"(36, 13)",1,-0.08
405,63,"(37, 13)",1,-0.08
405,64,"(38, 13)",1,-0.08
405,65,"(39, 13)",0,-0.08
405,66,"(39, 12)",0,-0.08
405,67,"(39, 11)",1,-0.08
405,68,"(40, 11)",1,-0.08
405,69,"(41, 11)",1,-0.08
405,70,"(42, 11)",1,-0.08
405,71,"(43, 11)",1,-0.08
405,72,"(44, 11)",1,-0.08
405,73,"(45, 11)",0,-0.08
405,74,"(45, 10)",1,-0.08
405,75,"(46, 10)",0,-0.08
405,76,"(46, 9)",0,-0.08
405,77,"(46, 8)",0,-0.08
405,78,"(46, 7)",0,-0.08
405,79,"(46, 6)",1,-0.08
405,80,"(47, 6)",1,-0.08
405,81,"(48, 6)",1,-0.08
405,82,"(49, 6)",0,-0.08
405,83,"(49, 5)",1,-0.08
405,84,"(50, 5)",1,-0.08
405,85,"(51, 5)",0,-0.08
405,86,"(51, 4)",0,-0.08
405,87,"(51, 3)",0,-0.08
405,88,"(51, 2)",0,-0.08
405,89,"(51, 1)",1,-0.08
405,90,"(52, 1)",1,-0.08
405,91,"(53, 1)",1,-0.08
405,92,"(54, 1)",1,-0.08
405,93,"(55, 1)",1,-0.08
405,94,"(56, 1)",1,-0.08
405,95,"(57, 1)",1,-0.08
405,96,"(58, 1)",1,-0.08
405,97,"(59, 1)",1,-0.08
405,98,"(60, 1)",1,-0.08
405,99,"(61, 1)",1,-0.08
405,100,"(62, 1)",1,-0.08
405,101,"(63, 1)",1,-0.08
405,102,"(64, 1)",1,-0.08
405,103,"(65, 1)",1,-0.08
405,104,"(66, 1)",1,-0.08
405,105,"(67, 1)",1,-0.08
405,106,"(68, 1)",1,-0.08
405,107,"(69, 1)",1,-0.08
405,108,"(70, 1)",1,-0.08
405,109,"(71, 1)",2,-0.08
405,110,"(71, 2)",2,-0.08
405,111,"(71, 3)",1,-0.08
405,112,"(72, 3)",1,-0.08
405,113,"(73, 3)",1,-0.08
405,114,"(74, 3)",1,-0.08
405,115,"(75, 3)",1,-0.08
405,116,"(76, 3)",1,-0.08
405,117,"(77, 3)",0,-0.08
405,118,"(77, 2)",0,-0.08
405,119,"(77, 1)",1,-0.08
405,120,"(78, 1)",0,-0.08
405,121,"(78, 0)",1,8.33
406,0,"(0, 39)",1,-0.08
406,1,"(1, 39)",1,-0.08
406,2,"(2, 39)",1,-0.08
406,3,"(3, 39)",1,-0.08
406,4,"(4, 39)",1,-0.08
406,5,"(5, 39)",1,-0.08
406,6,"(6, 39)",1,-0.08
406,7,"(7, 39)",1,-0.08
406,8,"(8, 39)",1,-0.08
406,9,"(9, 39)",1,-0.08
406,10,"(10, 39)",0,-0.08
406,11,"(10, 38)",1,-0.08
406,12,"(11, 38)",0,-0.08
406,13,"(11, 37)",1,-0.08
406,14,"(12, 37)",1,-0.08
406,15,"(13, 37)",1,-0.08
406,16,"(14, 37)",1,-0.08
406,17,"(15, 37)",0,-0.08
406,18,"(15, 36)",0,-0.08
406,19,"(15, 35)",0,-0.08
406,20,"(15, 34)",0,-0.08
406,21,"(15, 33)",1,-0.08
406,22,"(16, 33)",1,-0.08
406,23,"(17, 33)",1,-0.08
406,24,"(18, 33)",1,-0.08
406,25,"(19, 33)",0,-0.08
406,26,"(19, 32)",0,-0.08
406,27,"(19, 31)",0,-0.08
406,28,"(19, 30)",0,-0.08
406,29,"(19, 29)",1,-0.08
406,30,"(20, 29)",0,-0.08
406,31,"(20, 28)",0,-0.08
406,32,"(20, 27)",1,-0.08
406,33,"(21, 27)",0,-0.08
406,34,"(21, 26)",1,-0.08
406,35,"(22, 26)",1,-0.08
406,36,"(23, 26)",0,-0.08
406,37,"(23, 25)",1,-0.08
406,38,"(24, 25)",1,-0.08
406,39,"(25, 25)",1,-0.08
406,40,"(26, 25)",1,-0.08
406,41,"(27, 25)",1,-0.08
406,42,"(28, 25)",1,-0.08
406,43,"(29, 25)",1,-0.08
406,44,"(30, 25)",1,-0.08
406,45,"(31, 25)",0,-0.08
406,46,"(31, 24)",0,-0.08
406,47,"(31, 23)",1,-0.08
406,48,"(32, 23)",1,-0.08
406,49,"(33, 23)",0,-0.08
406,50,"(33, 22)",0,-0.08
406,51,"(33, 21)",1,-0.08
406,52,"(34, 21)",1,-0.08
406,53,"(35, 21)",0,-0.08
406,54,"(35, 20)",0,-0.08
406,55,"(35, 19)",1,-0.08
406,56,"(36, 19)",1,-0.08
406,57,"(37, 19)",0,-0.08
406,58,"(37, 18)",0,-0.08
406,59,"(37, 17)",1,-0.08
406,60,"(38, 17)",1,-0.08
406,61,"(39, 17)",0,-0.08
406,62,"(39, 16)",0,-0.08
406,63,"(39, 15)",1,-0.08
406,64,"(40, 15)",0,-0.08
406,65,"(40, 14)",1,-0.08
406,66,"(41, 14)",0,-0.08
406,67,"(41, 13)",1,-0.08
406,68,"(42, 13)",1,-0.08
406,69,"(43, 13)",0,-0.08
406,70,"(43, 12)",0,-0.08
406,71,"(43, 11)",1,-0.08
406,72,"(44, 11)",1,-0.08
406,73,"(45, 11)",0,-0.08
406,74,"(45, 10)",1,-0.08
406,75,"(46, 10)",0,-0.08
406,76,"(46, 9)",0,-0.08
406,77,"(46, 8)",0,-0.08
406,78,"(46, 7)",0,-0.08
406,79,"(46, 6)",1,-0.08
406,80,"(47, 6)",1,-0.08
406,81,"(48, 6)",1,-0.08
406,82,"(49, 6)",0,-0.08
406,83,"(49, 5)",1,-0.08
406,84,"(50, 5)",1,-0.08
406,85,"(51, 5)",1,-0.08
406,86,"(52, 5)",1,-0.08
406,87,"(53, 5)",0,-0.08
406,88,"(53, 4)",0,-0.08
406,89,"(53, 3)",1,-0.08
406,90,"(54, 3)",1,-0.08
406,91,"(55, 3)",1,-0.08
406,92,"(56, 3)",0,-0.08
406,93,"(56, 2)",0,-0.08
406,94,"(56, 1)",1,-0.08
406,95,"(57, 1)",1,-0.08
406,96,"(58, 1)",1,-0.08
406,97,"(59, 1)",1,-0.08
406,98,"(60, 1)",1,-0.08
406,99,"(61, 1)",1,-0.08
406,100,"(62, 1)",1,-0.08
406,101,"(63, 1)",1,-0.08
406,102,"(64, 1)",1,-0.08
406,103,"(65, 1)",1,-0.08
406,104,"(66, 1)",1,-0.08
406,105,"(67, 1)",1,-0.08
406,106,"(68, 1)",1,-0.08
406,107,"(69, 1)",1,-0.08
406,108,"(70, 1)",1,-0.08
406,109,"(71, 1)",2,-0.08
406,110,"(71, 2)",2,-0.08
406,111,"(71, 3)",1,-0.08
406,112,"(72, 3)",1,-0.08
406,113,"(73, 3)",0,-0.08
406,114,"(73, 2)",0,-0.08
406,115,"(73, 1)",0,-0.08
406,116,"(73, 0)",1,-0.08
406,117,"(74, 0)",1,-0.08
406,118,"(75, 0)",1,-0.08
406,119,"(76, 0)",1,-0.08
406,120,"(77, 0)",1,-0.08
406,121,"(78, 0)",1,8.33
407,0,"(0, 39)",1,-0.08
407,1,"(1, 39)",1,-0.08
407,2,"(2, 39)",1,-0.08
407,3,"(3, 39)",1,-0.08
407,4,"(4, 39)",1,-0.08
407,5,"(5, 39)",1,-0.08
407,6,"(6, 39)",1,-0.08
407,7,"(7, 39)",1,-0.08
407,8,"(8, 39)",1,-0.08
407,9,"(9, 39)",1,-0.08
407,10,"(10, 39)",1,-0.08
407,11,"(11, 39)",0,-0.08
407,12,"(11, 38)",0,-0.08
407,13,"(11, 37)",1,-0.08
407,14,"(12, 37)",1,-0.08
407,15,"(13, 37)",1,-0.08
407,16,"(14, 37)",1,-0.08
407,17,"(15, 37)",1,-0.08
407,18,"(16, 37)",1,-0.08
407,19,"(17, 37)",1,-0.08
407,20,"(18, 37)",1,-0.08
407,21,"(19, 37)",0,-0.08
407,22,"(19, 36)",0,-0.08
407,23,"(19, 35)",0,-0.08
407,24,"(19, 34)",0,-0.08
407,25,"(19, 33)",0,-0.08
407,26,"(19, 32)",0,-0.08
407,27,"(19, 31)",0,-0.08
407,28,"(19, 30)",0,-0.08
407,29,"(19, 29)",1,-0.08
407,30,"(20, 29)",0,-0.08
407,31,"(20, 28)",0,-0.08
407,32,"(20, 27)",1,-0.08
407,33,"(21, 27)",0,-0.08
407,34,"(21, 26)",0,-0.08
407,35,"(21, 25)",1,-0.08
407,36,"(22, 25)",1,-0.08
407,37,"(23, 25)",1,-0.08
407,38,"(24, 25)",1,-0.08
407,39,"(25, 25)",1,-0.08
407,40,"(26, 25)",1,-0.08
407,41,"(27, 25)",1,-0.08
407,42,"(28, 25)",1,-0.08
407,43,"(29, 25)",1,-0.08
407,44,"(30, 25)",1,-0.08
407,45,"(31, 25)",0,-0.08
407,46,"(31, 24)",0,-0.08
407,47,"(31, 23)",1,-0.08
407,48,"(32, 23)",1,-0.08
407,49,"(33, 23)",0,-0.08
407,50,"(33, 22)",0,-0.08
407,51,"(33, 21)",1,-0.08
407,52,"(34, 21)",1,-0.08
407,53,"(35, 21)",0,-0.08
407,54,"(35, 20)",0,-0.08
407,55,"(35, 19)",1,-0.08
407,56,"(36, 19)",1,-0.08
407,57,"(37, 19)",0,-0.08
407,58,"(37, 18)",0,-0.08
407,59,"(37, 17)",0,-0.08
407,60,"(37, 16)",0,-0.08
407,61,"(37, 15)",1,-0.08
407,62,"(38, 15)",1,-0.08
407,63,"(39, 15)",1,-0.08
407,64,"(40, 15)",1,-0.08
407,65,"(41, 15)",0,-0.08
407,66,"(41, 14)",0,-0.08
407,67,"(41, 13)",0,-0.08
407,68,"(41, 12)",0,-0.08
407,69,"(41, 11)",1,-0.08
407,70,"(42, 11)",1,-0.08
407,71,"(43, 11)",1,-0.08
407,72,"(44, 11)",1,-0.08
407,73,"(45, 11)",0,-0.08
407,74,"(45, 10)",0,-0.08
407,75,"(45, 9)",0,-0.08
407,76,"(45, 8)",1,-0.08
407,77,"(46, 8)",0,-0.08
407,78,"(46, 7)",0,-0.08
407,79,"(46, 6)",1,-0.08
407,80,"(47, 6)",1,-0.08
407,81,"(48, 6)",1,-0.08
407,82,"(49, 6)",0,-0.08
407,83,"(49, 5)",1,-0.08
407,84,"(50, 5)",1,-0.08
407,85,"(51, 5)",0,-0.08
407,86,"(51, 4)",0,-0.08
407,87,"(51, 3)",0,-0.08
407,88,"(51, 2)",0,-0.08
407,89,"(51, 1)",1,-0.08
407,90,"(52, 1)",1,-0.08
407,91,"(53, 1)",1,-0.08
407,92,"(54, 1)",1,-0.08
407,93,"(55, 1)",1,-0.08
407,94,"(56, 1)",1,-0.08
407,95,"(57, 1)",1,-0.08
407,96,"(58, 1)",1,-0.08
407,97,"(59, 1)",1,-0.08
407,98,"(60, 1)",1,-0.08
407,99,"(61, 1)",1,-0.08
407,100,"(62, 1)",1,-0.08
407,101,"(63, 1)",1,-0.08
407,102,"(64, 1)",1,-0.08
407,103,"(65, 1)",1,-0.08
407,104,"(66, 1)",1,-0.08
407,105,"(67, 1)",1,-0.08
407,106,"(68, 1)",1,-0.08
407,107,"(69, 1)",1,-0.08
407,108,"(70, 1)",1,-0.08
407,109,"(71, 1)",2,-0.08
407,110,"(71, 2)",2,-0.08
407,111,"(71, 3)",1,-0.08
407,112,"(72, 3)",1,-0.08
407,113,"(73, 3)",1,-0.08
407,114,"(74, 3)",1,-0.08
407,115,"(75, 3)",1,-0.08
407,116,"(76, 3)",1,-0.08
407,117,"(77, 3)",0,-0.08
407,118,"(77, 2)",0,-0.08
407,119,"(77, 1)",1,-0.08
407,120,"(78, 1)",1,-0.08
407,121,"(79, 1)",0,8.33
408,0,"(0, 39)",1,-0.08
408,1,"(1, 39)",1,-0.08
408,2,"(2, 39)",1,-0.08
408,3,"(3, 39)",1,-0.08
408,4,"(4, 39)",1,-0.08
408,5,"(5, 39)",1,-0.08
408,6,"(6, 39)",1,-0.08
408,7,"(7, 39)",1,-0.08
408,8,"(8, 39)",1,-0.08
408,9,"(9, 39)",1,-0.08
408,10,"(10, 39)",0,-0.08
408,11,"(10, 38)",0,-0.08
408,12,"(10, 37)",1,-0.08
408,13,"(11, 37)",1,-0.08
408,14,"(12, 37)",1,-0.08
408,15,"(13, 37)",1,-0.08
408,16,"(14, 37)",1,-0.08
408,17,"(15, 37)",1,-0.08
408,18,"(16, 37)",1,-0.08
408,19,"(17, 37)",1,-0.08
408,20,"(18, 37)",1,-0.08
408,21,"(19, 37)",0,-0.08
408,22,"(19, 36)",0,-0.08
408,23,"(19, 35)",0,-0.08
408,24,"(19, 34)",0,-0.08
408,25,"(19, 33)",0,-0.08
408,26,"(19, 32)",0,-0.08
408,27,"(19, 31)",0,-0.08
408,28,"(19, 30)",0,-0.08
408,29,"(19, 29)",1,-0.08
408,30,"(20, 29)",0,-0.08
408,31,"(20, 28)",0,-0.08
408,32,"(20, 27)",1,-0.08
408,33,"(21, 27)",0,-0.08
408,34,"(21, 26)",1,-0.08
408,35,"(22, 26)",0,-0.08
408,36,"(22, 25)",0,-0.08
408,37,"(22, 24)",0,-0.08
408,38,"(22, 23)",1,-0.08
408,39,"(23, 23)",1,-0.08
408,40,"(24, 23)",1,-0.08
408,41,"(25, 23)",0,-0.08
408,42,"(25, 22)",0,-0.08
408,43,"(25, 21)",1,-0.08
408,44,"(26, 21)",1,-0.08
408,45,"(27, 21)",0,-0.08
408,46,"(27, 20)",1,-0.08
408,47,"(28, 20)",0,-0.08
408,48,"(28, 19)",1,-0.08
408,49,"(29, 19)",1,-0.08
408,50,"(30, 19)",1,-0.08
408,51,"(31, 19)",0,-0.08
408,52,"(31, 18)",0,-0.08
408,53,"(31, 17)",1,-0.08
408,54,"(32, 17)",1,-0.08
408,55,"(33, 17)",1,-0.08
408,56,"(34, 17)",1,-0.08
408,57,"(35, 17)",1,-0.08
408,58,"(36, 17)",1,-0.08
408,59,"(37, 17)",0,-0.08
408,60,"(37, 16)",0,-0.08
408,61,"(37, 15)",1,-0.08
408,62,"(38, 15)",0,-0.08
408,63,"(38, 14)",0,-0.08
408,64,"(38, 13)",1,-0.08
408,65,"(39, 13)",0,-0.08
408,66,"(39, 12)",0,-0.08
408,67,"(39, 11)",1,-0.08
408,68,"(40, 11)",1,-0.08
408,69,"(41, 11)",1,-0.08
408,70,"(42, 11)",1,-0.08
408,71,"(43, 11)",1,-0.08
408,72,"(44, 11)",1,-0.08
408,73,"(45, 11)",0,-0.08
408,74,"(45, 10)",1,-0.08
408,75,"(46, 10)",0,-0.08
408,76,"(46, 9)",0,-0.08
408,77,"(46, 8)",0,-0.08
408,78,"(46, 7)",1,-0.08
408,79,"(47, 7)",0,-0.08
408,80,"(47, 6)",1,-0.08
408,81,"(48, 6)",1,-0.08
408,82,"(49, 6)",0,-0.08
408,83,"(49, 5)",1,-0.08
408,84,"(50, 5)",1,-0.08
408,85,"(51, 5)",0,-0.08
408,86,"(51, 4)",0,-0.08
408,87,"(51, 3)",0,-0.08
408,88,"(51, 2)",1,-0.08
408,89,"(52, 2)",0,-0.08
408,90,"(52, 1)",1,-0.08
408,91,"(53, 1)",1,-0.08
408,92,"(54, 1)",1,-0.08
408,93,"(55, 1)",1,-0.08
408,94,"(56, 1)",1,-0.08
408,95,"(57, 1)",1,-0.08
408,96,"(58, 1)",1,-0.08
408,97,"(59, 1)",1,-0.08
408,98,"(60, 1)",1,-0.08
408,99,"(61, 1)",1,-0.08
408,100,"(62, 1)",1,-0.08
408,101,"(63, 1)",1,-0.08
408,102,"(64, 1)",1,-0.08
408,103,"(65, 1)",1,-0.08
408,104,"(66, 1)",1,-0.08
408,105,"(67, 1)",1,-0.08
408,106,"(68, 1)",1,-0.08
408,107,"(69, 1)",1,-0.08
408,108,"(70, 1)",1,-0.08
408,109,"(71, 1)",2,-0.08
408,110,"(71, 2)",2,-0.08
408,111,"(71, 3)",1,-0.08
408,112,"(72, 3)",1,-0.08
408,113,"(73, 3)",0,-0.08
408,114,"(73, 2)",0,-0.08
408,115,"(73, 1)",1,-0.08
408,116,"(74, 1)",1,-0.08
408,117,"(75, 1)",0,-0.08
408,118,"(75, 0)",1,-0.08
408,119,"(76, 0)",1,-0.08
408,120,"(77, 0)",1,-0.08
408,121,"(78, 0)",1,8.33
409,0,"(0, 39)",1,-0.08
409,1,"(1, 39)",1,-0.08
409,2,"(2, 39)",1,-0.08
409,3,"(3, 39)",1,-0.08
409,4,"(4, 39)",1,-0.08
409,5,"(5, 39)",1,-0.08
409,6,"(6, 39)",1,-0.08
409,7,"(7, 39)",1,-0.08
409,8,"(8, 39)",1,-0.08
409,9,"(9, 39)",1,-0.08
409,10,"(10, 39)",1,-0.08
409,11,"(11, 39)",1,-0.08
409,12,"(12, 39)",1,-0.08
409,13,"(13, 39)",1,-0.08
409,14,"(14, 39)",0,-0.08
409,15,"(14, 38)",0,-0.08
409,16,"(14, 37)",1,-0.08
409,17,"(15, 37)",1,-0.08
409,18,"(16, 37)",0,-0.08
409,19,"(16, 36)",1,-0.08
409,20,"(17, 36)",0,-0.08
409,21,"(17, 35)",0,-0.08
409,22,"(17, 34)",1,-0.08
409,23,"(18, 34)",1,-0.08
409,24,"(19, 34)",0,-0.08
409,25,"(19, 33)",0,-0.08
409,26,"(19, 32)",0,-0.08
409,27,"(19, 31)",0,-0.08
409,28,"(19, 30)",0,-0.08
409,29,"(19, 29)",1,-0.08
409,30,"(20, 29)",0,-0.08
409,31,"(20, 28)",0,-0.08
409,32,"(20, 27)",1,-0.08
409,33,"(21, 27)",0,-0.08
409,34,"(21, 26)",1,-0.08
409,35,"(22, 26)",1,-0.08
409,36,"(23, 26)",0,-0.08
409,37,"(23, 25)",1,-0.08
409,38,"(24, 25)",1,-0.08
409,39,"(25, 25)",1,-0.08
409,40,"(26, 25)",1,-0.08
409,41,"(27, 25)",1,-0.08
409,42,"(28, 25)",1,-0.08
409,43,"(29, 25)",1,-0.08
409,44,"(30, 25)",1,-0.08
409,45,"(31, 25)",0,-0.08
409,46,"(31, 24)",0,-0.08
409,47,"(31, 23)",1,-0.08
409,48,"(32, 23)",1,-0.08
409,49,"(33, 23)",0,-0.08
409,50,"(33, 22)",0,-0.08
409,51,"(33, 21)",1,-0.08
409,52,"(34, 21)",1,-0.08
409,53,"(35, 21)",0,-0.08
409,54,"(35, 20)",0,-0.08
409,55,"(35, 19)",0,-0.08
409,56,"(35, 18)",0,-0.08
409,57,"(35, 17)",1,-0.08
409,58,"(36, 17)",1,-0.08
409,59,"(37, 17)",0,-0.08
409,60,"(37, 16)",0,-0.08
409,61,"(37, 15)",1,-0.08
409,62,"(38, 15)",1,-0.08
409,63,"(39, 15)",1,-0.08
409,64,"(40, 15)",1,-0.08
409,65,"(41, 15)",0,-0.08
409,66,"(41, 14)",0,-0.08
409,67,"(41, 13)",0,-0.08
409,68,"(41, 12)",0,-0.08
409,69,"(41, 11)",1,-0.08
409,70,"(42, 11)",1,-0.08
409,71,"(43, 11)",1,-0.08
409,72,"(44, 11)",1,-0.08
409,73,"(45, 11)",0,-0.08
409,74,"(45, 10)",1,-0.08
409,75,"(46, 10)",0,-0.08
409,76,"(46, 9)",0,-0.08
409,77,"(46, 8)",0,-0.08
409,78,"(46, 7)",1,-0.08
409,79,"(47, 7)",0,-0.08
409,80,"(47, 6)",1,-0.08
409,81,"(48, 6)",1,-0.08
409,82,"(49, 6)",0,-0.08
409,83,"(49, 5)",1,-0.08
409,84,"(50, 5)",1,-0.08
409,85,"(51, 5)",0,-0.08
409,86,"(51, 4)",0,-0.08
409,87,"(51, 3)",0,-0.08
409,88,"(51, 2)",0,-0.08
409,89,"(51, 1)",1,-0.08
409,90,"(52, 1)",1,-0.08
409,91,"(53, 1)",1,-0.08
409,92,"(54, 1)",1,-0.08
409,93,"(55, 1)",1,-0.08
409,94,"(56, 1)",1,-0.08
409,95,"(57, 1)",1,-0.08
409,96,"(58, 1)",1,-0.08
409,97,"(59, 1)",1,-0.08
409,98,"(60, 1)",1,-0.08
409,99,"(61, 1)",1,-0.08
409,100,"(62, 1)",1,-0.08
409,101,"(63, 1)",1,-0.08
409,102,"(64, 1)",1,-0.08
409,103,"(65, 1)",1,-0.08
409,104,"(66, 1)",1,-0.08
409,105,"(67, 1)",1,-0.08
409,106,"(68, 1)",1,-0.08
409,107,"(69, 1)",1,-0.08
409,108,"(70, 1)",1,-0.08
409,109,"(71, 1)",2,-0.08
409,110,"(71, 2)",2,-0.08
409,111,"(71, 3)",1,-0.08
409,112,"(72, 3)",1,-0.08
409,113,"(73, 3)",0,-0.08
409,114,"(73, 2)",0,-0.08
409,115,"(73, 1)",0,-0.08
409,116,"(73, 0)",1,-0.08
409,117,"(74, 0)",1,-0.08
409,118,"(75, 0)",1,-0.08
409,119,"(76, 0)",1,-0.08
409,120,"(77, 0)",1,-0.08
409,121,"(78, 0)",1,8.33
410,0,"(0, 39)",1,-0.08
410,1,"(1, 39)",1,-0.08
410,2,"(2, 39)",1,-0.08
410,3,"(3, 39)",1,-0.08
410,4,"(4, 39)",1,-0.08
410,5,"(5, 39)",1,-0.08
410,6,"(6, 39)",1,-0.08
410,7,"(7, 39)",1,-0.08
410,8,"(8, 39)",1,-0.08
410,9,"(9, 39)",1,-0.08
410,10,"(10, 39)",1,-0.08
410,11,"(11, 39)",1,-0.08
410,12,"(12, 39)",1,-0.08
410,13,"(13, 39)",1,-0.08
410,14,"(14, 39)",0,-0.08
410,15,"(14, 38)",0,-0.08
410,16,"(14, 37)",1,-0.08
410,17,"(15, 37)",1,-0.08
410,18,"(16, 37)",1,-0.08
410,19,"(17, 37)",1,-0.08
410,20,"(18, 37)",1,-0.08
410,21,"(19, 37)",0,-0.08
410,22,"(19, 36)",0,-0.08
410,23,"(19, 35)",0,-0.08
410,24,"(19, 34)",0,-0.08
410,25,"(19, 33)",0,-0.08
410,26,"(19, 32)",0,-0.08
410,27,"(19, 31)",0,-0.08
410,28,"(19, 30)",0,-0.08
410,29,"(19, 29)",1,-0.08
410,30,"(20, 29)",0,-0.08
410,31,"(20, 28)",0,-0.08
410,32,"(20, 27)",1,-0.08
410,33,"(21, 27)",0,-0.08
410,34,"(21, 26)",1,-0.08
410,35,"(22, 26)",1,-0.08
410,36,"(23, 26)",0,-0.08
410,37,"(23, 25)",1,-0.08
410,38,"(24, 25)",1,-0.08
410,39,"(25, 25)",0,-0.08
410,40,"(25, 24)",0,-0.08
410,41,"(25, 23)",0,-0.08
410,42,"(25, 22)",0,-0.08
410,43,"(25, 21)",0,-0.08
410,44,"(25, 20)",0,-0.08
410,45,"(25, 19)",0,-0.08
410,46,"(25, 18)",1,-0.08
410,47,"(26, 18)",1,-0.08
410,48,"(27, 18)",0,-0.08
410,49,"(27, 17)",1,-0.08
410,50,"(28, 17)",1,-0.08
410,51,"(29, 17)",0,-0.08
410,52,"(29, 16)",0,-0.08
410,53,"(29, 15)",1,-0.08
410,54,"(30, 15)",1,-0.08
410,55,"(31, 15)",0,-0.08
410,56,"(31, 14)",1,-0.08
410,57,"(32, 14)",0,-0.08
410,58,"(32, 13)",1,-0.08
410,59,"(33, 13)",1,-0.08
410,60,"(34, 13)",1,-0.08
410,61,"(35, 13)",1,-0.08
410,62,"(36, 13)",1,-0.08
410,63,"(37, 13)",1,-0.08
410,64,"(38, 13)",1,-0.08
410,65,"(39, 13)",0,-0.08
410,66,"(39, 12)",0,-0.08
410,67,"(39, 11)",1,-0.08
410,68,"(40, 11)",1,-0.08
410,69,"(41, 11)",1,-0.08
410,70,"(42, 11)",1,-0.08
410,71,"(43, 11)",1,-0.08
410,72,"(44, 11)",1,-0.08
410,73,"(45, 11)",0,-0.08
410,74,"(45, 10)",0,-0.08
410,75,"(45, 9)",0,-0.08
410,76,"(45, 8)",1,-0.08
410,77,"(46, 8)",0,-0.08
410,78,"(46, 7)",0,-0.08
410,79,"(46, 6)",1,-0.08
410,80,"(47, 6)",1,-0.08
410,81,"(48, 6)",1,-0.08
410,82,"(49, 6)",0,-0.08
410,83,"(49, 5)",1,-0.08
410,84,"(50, 5)",1,-0.08
410,85,"(51, 5)",0,-0.08
410,86,"(51, 4)",0,-0.08
410,87,"(51, 3)",0,-0.08
410,88,"(51, 2)",0,-0.08
410,89,"(51, 1)",1,-0.08
410,90,"(52, 1)",1,-0.08
410,91,"(53, 1)",1,-0.08
410,92,"(54, 1)",1,-0.08
410,93,"(55, 1)",1,-0.08
410,94,"(56, 1)",1,-0.08
410,95,"(57, 1)",1,-0.08
410,96,"(58, 1)",1,-0.08
410,97,"(59, 1)",1,-0.08
410,98,"(60, 1)",1,-0.08
410,99,"(61, 1)",1,-0.08
410,100,"(62, 1)",1,-0.08
410,101,"(63, 1)",1,-0.08
410,102,"(64, 1)",1,-0.08
410,103,"(65, 1)",1,-0.08
410,104,"(66, 1)",1,-0.08
410,105,"(67, 1)",1,-0.08
410,106,"(68, 1)",1,-0.08
410,107,"(69, 1)",1,-0.08
410,108,"(70, 1)",1,-0.08
410,109,"(71, 1)",2,-0.08
410,110,"(71, 2)",2,-0.08
410,111,"(71, 3)",1,-0.08
410,112,"(72, 3)",1,-0.08
410,113,"(73, 3)",0,-0.08
410,114,"(73, 2)",0,-0.08
410,115,"(73, 1)",1,-0.08
410,116,"(74, 1)",1,-0.08
410,117,"(75, 1)",1,-0.08
410,118,"(76, 1)",0,-0.08
410,119,"(76, 0)",1,-0.08
410,120,"(77, 0)",1,-0.08
410,121,"(78, 0)",1,8.33
411,0,"(0, 39)",1,-0.08
411,1,"(1, 39)",1,-0.08
411,2,"(2, 39)",1,-0.08
411,3,"(3, 39)",1,-0.08
411,4,"(4, 39)",1,-0.08
411,5,"(5, 39)",1,-0.08
411,6,"(6, 39)",1,-0.08
411,7,"(7, 39)",1,-0.08
411,8,"(8, 39)",1,-0.08
411,9,"(9, 39)",1,-0.08
411,10,"(10, 39)",1,-0.08
411,11,"(11, 39)",0,-0.08
411,12,"(11, 38)",0,-0.08
411,13,"(11, 37)",1,-0.08
411,14,"(12, 37)",1,-0.08
411,15,"(13, 37)",1,-0.08
411,16,"(14, 37)",1,-0.08
411,17,"(15, 37)",1,-0.08
411,18,"(16, 37)",1,-0.08
411,19,"(17, 37)",1,-0.08
411,20,"(18, 37)",1,-0.08
411,21,"(19, 37)",0,-0.08
411,22,"(19, 36)",0,-0.08
411,23,"(19, 35)",0,-0.08
411,24,"(19, 34)",0,-0.08
411,25,"(19, 33)",0,-0.08
411,26,"(19, 32)",0,-0.08
411,27,"(19, 31)",0,-0.08
411,28,"(19, 30)",0,-0.08
411,29,"(19, 29)",1,-0.08
411,30,"(20, 29)",0,-0.08
411,31,"(20, 28)",0,-0.08
411,32,"(20, 27)",1,-0.08
411,33,"(21, 27)",0,-0.08
411,34,"(21, 26)",0,-0.08
411,35,"(21, 25)",1,-0.08
411,36,"(22, 25)",0,-0.08
411,37,"(22, 24)",0,-0.08
411,38,"(22, 23)",1,-0.08
411,39,"(23, 23)",1,-0.08
411,40,"(24, 23)",1,-0.08
411,41,"(25, 23)",0,-0.08
411,42,"(25, 22)",0,-0.08
411,43,"(25, 21)",1,-0.08
411,44,"(26, 21)",1,-0.08
411,45,"(27, 21)",0,-0.08
411,46,"(27, 20)",1,-0.08
411,47,"(28, 20)",0,-0.08
411,48,"(28, 19)",1,-0.08
411,49,"(29, 19)",1,-0.08
411,50,"(30, 19)",1,-0.08
411,51,"(31, 19)",1,-0.08
411,52,"(32, 19)",0,-0.08
411,53,"(32, 18)",0,-0.08
411,54,"(32, 17)",1,-0.08
411,55,"(33, 17)",1,-0.08
411,56,"(34, 17)",1,-0.08
411,57,"(35, 17)",1,-0.08
411,58,"(36, 17)",1,-0.08
411,59,"(37, 17)",1,-0.08
411,60,"(38, 17)",1,-0.08
411,61,"(39, 17)",0,-0.08
411,62,"(39, 16)",0,-0.08
411,63,"(39, 15)",1,-0.08
411,64,"(40, 15)",1,-0.08
411,65,"(41, 15)",0,-0.08
411,66,"(41, 14)",0,-0.08
411,67,"(41, 13)",1,-0.08
411,68,"(42, 13)",1,-0.08
411,69,"(43, 13)",0,-0.08
411,70,"(43, 12)",0,-0.08
411,71,"(43, 11)",1,-0.08
411,72,"(44, 11)",1,-0.08
411,73,"(45, 11)",0,-0.08
411,74,"(45, 10)",0,-0.08
411,75,"(45, 9)",0,-0.08
411,76,"(45, 8)",1,-0.08
411,77,"(46, 8)",0,-0.08
411,78,"(46, 7)",0,-0.08
411,79,"(46, 6)",1,-0.08
411,80,"(47, 6)",1,-0.08
411,81,"(48, 6)",1,-0.08
411,82,"(49, 6)",0,-0.08
411,83,"(49, 5)",1,-0.08
411,84,"(50, 5)",1,-0.08
411,85,"(51, 5)",1,-0.08
411,86,"(52, 5)",1,-0.08
411,87,"(53, 5)",0,-0.08
411,88,"(53, 4)",0,-0.08
411,89,"(53, 3)",1,-0.08
411,90,"(54, 3)",1,-0.08
411,91,"(55, 3)",1,-0.08
411,92,"(56, 3)",1,-0.08
411,93,"(57, 3)",0,-0.08
411,94,"(57, 2)",1,-0.08
411,95,"(58, 2)",0,-0.08
411,96,"(58, 1)",1,-0.08
411,97,"(59, 1)",1,-0.08
411,98,"(60, 1)",1,-0.08
411,99,"(61, 1)",1,-0.08
411,100,"(62, 1)",1,-0.08
411,101,"(63, 1)",1,-0.08
411,102,"(64, 1)",1,-0.08
411,103,"(65, 1)",1,-0.08
411,104,"(66, 1)",1,-0.08
411,105,"(67, 1)",1,-0.08
411,106,"(68, 1)",1,-0.08
411,107,"(69, 1)",1,-0.08
411,108,"(70, 1)",1,-0.08
411,109,"(71, 1)",2,-0.08
411,110,"(71, 2)",2,-0.08
411,111,"(71, 3)",1,-0.08
411,112,"(72, 3)",1,-0.08
411,113,"(73, 3)",1,-0.08
411,114,"(74, 3)",1,-0.08
411,115,"(75, 3)",1,-0.08
411,116,"(76, 3)",1,-0.08
411,117,"(77, 3)",0,-0.08
411,118,"(77, 2)",0,-0.08
411,119,"(77, 1)",0,-0.08
411,120,"(77, 0)",1,-0.08
411,121,"(78, 0)",1,8.33
412,0,"(0, 39)",1,-0.08
412,1,"(1, 39)",1,-0.08
412,2,"(2, 39)",1,-0.08
412,3,"(3, 39)",1,-0.08
412,4,"(4, 39)",1,-0.08
412,5,"(5, 39)",1,-0.08
412,6,"(6, 39)",1,-0.08
412,7,"(7, 39)",1,-0.08
412,8,"(8, 39)",1,-0.08
412,9,"(9, 39)",1,-0.08
412,10,"(10, 39)",1,-0.08
412,11,"(11, 39)",0,-0.08
412,12,"(11, 38)",0,-0.08
412,13,"(11, 37)",1,-0.08
412,14,"(12, 37)",1,-0.08
412,15,"(13, 37)",1,-0.08
412,16,"(14, 37)",1,-0.08
412,17,"(15, 37)",1,-0.08
412,18,"(16, 37)",0,-0.08
412,19,"(16, 36)",1,-0.08
412,20,"(17, 36)",0,-0.08
412,21,"(17, 35)",0,-0.08
412,22,"(17, 34)",1,-0.08
412,23,"(18, 34)",1,-0.08
412,24,"(19, 34)",0,-0.08
412,25,"(19, 33)",0,-0.08
412,26,"(19, 32)",0,-0.08
412,27,"(19, 31)",0,-0.08
412,28,"(19, 30)",0,-0.08
412,29,"(19, 29)",1,-0.08
412,30,"(20, 29)",0,-0.08
412,31,"(20, 28)",0,-0.08
412,32,"(20, 27)",1,-0.08
412,33,"(21, 27)",0,-0.08
412,34,"(21, 26)",0,-0.08
412,35,"(21, 25)",1,-0.08
412,36,"(22, 25)",1,-0.08
412,37,"(23, 25)",1,-0.08
412,38,"(24, 25)",1,-0.08
412,39,"(25, 25)",1,-0.08
412,40,"(26, 25)",1,-0.08
412,41,"(27, 25)",1,-0.08
412,42,"(28, 25)",1,-0.08
412,43,"(29, 25)",1,-0.08
412,44,"(30, 25)",1,-0.08
412,45,"(31, 25)",0,-0.08
412,46,"(31, 24)",0,-0.08
412,47,"(31, 23)",1,-0.08
412,48,"(32, 23)",1,-0.08
412,49,"(33, 23)",0,-0.08
412,50,"(33, 22)",0,-0.08
412,51,"(33, 21)",1,-0.08
412,52,"(34, 21)",1,-0.08
412,53,"(35, 21)",0,-0.08
412,54,"(35, 20)",0,-0.08
412,55,"(35, 19)",0,-0.08
412,56,"(35, 18)",0,-0.08
412,57,"(35, 17)",0,-0.08
412,58,"(35, 16)",0,-0.08
412,59,"(35, 15)",0,-0.08
412,60,"(35, 14)",0,-0.08
412,61,"(35, 13)",1,-0.08
412,62,"(36, 13)",1,-0.08
412,63,"(37, 13)",1,-0.08
412,64,"(38, 13)",1,-0.08
412,65,"(39, 13)",0,-0.08
412,66,"(39, 12)",0,-0.08
412,67,"(39, 11)",1,-0.08
412,68,"(40, 11)",1,-0.08
412,69,"(41, 11)",1,-0.08
412,70,"(42, 11)",1,-0.08
412,71,"(43, 11)",1,-0.08
412,72,"(44, 11)",1,-0.08
412,73,"(45, 11)",0,-0.08
412,74,"(45, 10)",0,-0.08
412,75,"(45, 9)",1,-0.08
412,76,"(46, 9)",0,-0.08
412,77,"(46, 8)",0,-0.08
412,78,"(46, 7)",1,-0.08
412,79,"(47, 7)",0,-0.08
412,80,"(47, 6)",1,-0.08
412,81,"(48, 6)",1,-0.08
412,82,"(49, 6)",0,-0.08
412,83,"(49, 5)",1,-0.08
412,84,"(50, 5)",1,-0.08
412,85,"(51, 5)",1,-0.08
412,86,"(52, 5)",1,-0.08
412,87,"(53, 5)",0,-0.08
412,88,"(53, 4)",0,-0.08
412,89,"(53, 3)",0,-0.08
412,90,"(53, 2)",0,-0.08
412,91,"(53, 1)",1,-0.08
412,92,"(54, 1)",1,-0.08
412,93,"(55, 1)",1,-0.08
412,94,"(56, 1)",1,-0.08
412,95,"(57, 1)",1,-0.08
412,96,"(58, 1)",1,-0.08
412,97,"(59, 1)",1,-0.08
412,98,"(60, 1)",1,-0.08
412,99,"(61, 1)",1,-0.08
412,100,"(62, 1)",1,-0.08
412,101,"(63, 1)",1,-0.08
412,102,"(64, 1)",1,-0.08
412,103,"(65, 1)",1,-0.08
412,104,"(66, 1)",1,-0.08
412,105,"(67, 1)",1,-0.08
412,106,"(68, 1)",1,-0.08
412,107,"(69, 1)",1,-0.08
412,108,"(70, 1)",1,-0.08
412,109,"(71, 1)",2,-0.08
412,110,"(71, 2)",2,-0.08
412,111,"(71, 3)",1,-0.08
412,112,"(72, 3)",1,-0.08
412,113,"(73, 3)",0,-0.08
412,114,"(73, 2)",0,-0.08
412,115,"(73, 1)",0,-0.08
412,116,"(73, 0)",1,-0.08
412,117,"(74, 0)",1,-0.08
412,118,"(75, 0)",1,-0.08
412,119,"(76, 0)",1,-0.08
412,120,"(77, 0)",1,-0.08
412,121,"(78, 0)",1,8.33
413,0,"(0, 39)",1,-0.08
413,1,"(1, 39)",1,-0.08
413,2,"(2, 39)",1,-0.08
413,3,"(3, 39)",1,-0.08
413,4,"(4, 39)",1,-0.08
413,5,"(5, 39)",1,-0.08
413,6,"(6, 39)",1,-0.08
413,7,"(7, 39)",1,-0.08
413,8,"(8, 39)",1,-0.08
413,9,"(9, 39)",1,-0.08
413,10,"(10, 39)",1,-0.08
413,11,"(11, 39)",1,-0.08
413,12,"(12, 39)",1,-0.08
413,13,"(13, 39)",1,-0.08
413,14,"(14, 39)",0,-0.08
413,15,"(14, 38)",0,-0.08
413,16,"(14, 37)",1,-0.08
413,17,"(15, 37)",1,-0.08
413,18,"(16, 37)",0,-0.08
413,19,"(16, 36)",1,-0.08
413,20,"(17, 36)",0,-0.08
413,21,"(17, 35)",0,-0.08
413,22,"(17, 34)",1,-0.08
413,23,"(18, 34)",1,-0.08
413,24,"(19, 34)",0,-0.08
413,25,"(19, 33)",0,-0.08
413,26,"(19, 32)",0,-0.08
413,27,"(19, 31)",0,-0.08
413,28,"(19, 30)",0,-0.08
413,29,"(19, 29)",1,-0.08
413,30,"(20, 29)",0,-0.08
413,31,"(20, 28)",0,-0.08
413,32,"(20, 27)",1,-0.08
413,33,"(21, 27)",0,-0.08
413,34,"(21, 26)",0,-0.08
413,35,"(21, 25)",1,-0.08
413,36,"(22, 25)",1,-0.08
413,37,"(23, 25)",1,-0.08
413,38,"(24, 25)",1,-0.08
413,39,"(25, 25)",0,-0.08
413,40,"(25, 24)",0,-0.08
413,41,"(25, 23)",0,-0.08
413,42,"(25, 22)",0,-0.08
413,43,"(25, 21)",1,-0.08
413,44,"(26, 21)",1,-0.08
413,45,"(27, 21)",0,-0.08
413,46,"(27, 20)",0,-0.08
413,47,"(27, 19)",0,-0.08
413,48,"(27, 18)",0,-0.08
413,49,"(27, 17)",0,-0.08
413,50,"(27, 16)",1,-0.08
413,51,"(28, 16)",1,-0.08
413,52,"(29, 16)",0,-0.08
413,53,"(29, 15)",1,-0.08
413,54,"(30, 15)",1,-0.08
413,55,"(31, 15)",0,-0.08
413,56,"(31, 14)",1,-0.08
413,57,"(32, 14)",0,-0.08
413,58,"(32, 13)",1,-0.08
413,59,"(33, 13)",1,-0.08
413,60,"(34, 13)",1,-0.08
413,61,"(35, 13)",1,-0.08
413,62,"(36, 13)",1,-0.08
413,63,"(37, 13)",1,-0.08
413,64,"(38, 13)",1,-0.08
413,65,"(39, 13)",0,-0.08
413,66,"(39, 12)",0,-0.08
413,67,"(39, 11)",1,-0.08
413,68,"(40, 11)",1,-0.08
413,69,"(41, 11)",1,-0.08
413,70,"(42, 11)",1,-0.08
413,71,"(43, 11)",1,-0.08
413,72,"(44, 11)",1,-0.08
413,73,"(45, 11)",0,-0.08
413,74,"(45, 10)",0,-0.08
413,75,"(45, 9)",0,-0.08
413,76,"(45, 8)",1,-0.08
413,77,"(46, 8)",0,-0.08
413,78,"(46, 7)",0,-0.08
413,79,"(46, 6)",1,-0.08
413,80,"(47, 6)",1,-0.08
413,81,"(48, 6)",1,-0.08
413,82,"(49, 6)",0,-0.08
413,83,"(49, 5)",1,-0.08
413,84,"(50, 5)",1,-0.08
413,85,"(51, 5)",1,-0.08
413,86,"(52, 5)",1,-0.08
413,87,"(53, 5)",0,-0.08
413,88,"(53, 4)",0,-0.08
413,89,"(53, 3)",0,-0.08
413,90,"(53, 2)",0,-0.08
413,91,"(53, 1)",1,-0.08
413,92,"(54, 1)",1,-0.08
413,93,"(55, 1)",1,-0.08
413,94,"(56, 1)",1,-0.08
413,95,"(57, 1)",1,-0.08
413,96,"(58, 1)",1,-0.08
413,97,"(59, 1)",1,-0.08
413,98,"(60, 1)",1,-0.08
413,99,"(61, 1)",1,-0.08
413,100,"(62, 1)",1,-0.08
413,101,"(63, 1)",1,-0.08
413,102,"(64, 1)",1,-0.08
413,103,"(65, 1)",1,-0.08
413,104,"(66, 1)",1,-0.08
413,105,"(67, 1)",1,-0.08
413,106,"(68, 1)",1,-0.08
413,107,"(69, 1)",1,-0.08
413,108,"(70, 1)",1,-0.08
413,109,"(71, 1)",2,-0.08
413,110,"(71, 2)",2,-0.08
413,111,"(71, 3)",1,-0.08
413,112,"(72, 3)",1,-0.08
413,113,"(73, 3)",0,-0.08
413,114,"(73, 2)",0,-0.08
413,115,"(73, 1)",1,-0.08
413,116,"(74, 1)",1,-0.08
413,117,"(75, 1)",1,-0.08
413,118,"(76, 1)",1,-0.08
413,119,"(77, 1)",0,-0.08
413,120,"(77, 0)",1,-0.08
413,121,"(78, 0)",1,8.33
414,0,"(0, 39)",1,-0.08
414,1,"(1, 39)",1,-0.08
414,2,"(2, 39)",1,-0.08
414,3,"(3, 39)",1,-0.08
414,4,"(4, 39)",1,-0.08
414,5,"(5, 39)",1,-0.08
414,6,"(6, 39)",1,-0.08
414,7,"(7, 39)",1,-0.08
414,8,"(8, 39)",1,-0.08
414,9,"(9, 39)",1,-0.08
414,10,"(10, 39)",1,-0.08
414,11,"(11, 39)",1,-0.08
414,12,"(12, 39)",1,-0.08
414,13,"(13, 39)",1,-0.08
414,14,"(14, 39)",0,-0.08
414,15,"(14, 38)",0,-0.08
414,16,"(14, 37)",1,-0.08
414,17,"(15, 37)",0,-0.08
414,18,"(15, 36)",1,-0.08
414,19,"(16, 36)",1,-0.08
414,20,"(17, 36)",0,-0.08
414,21,"(17, 35)",1,-0.08
414,22,"(18, 35)",0,-0.08
414,23,"(18, 34)",0,-0.08
414,24,"(18, 33)",1,-0.08
414,25,"(19, 33)",0,-0.08
414,26,"(19, 32)",0,-0.08
414,27,"(19, 31)",0,-0.08
414,28,"(19, 30)",0,-0.08
414,29,"(19, 29)",1,-0.08
414,30,"(20, 29)",0,-0.08
414,31,"(20, 28)",0,-0.08
414,32,"(20, 27)",1,-0.08
414,33,"(21, 27)",0,-0.08
414,34,"(21, 26)",0,-0.08
414,35,"(21, 25)",1,-0.08
414,36,"(22, 25)",0,-0.08
414,37,"(22, 24)",0,-0.08
414,38,"(22, 23)",1,-0.08
414,39,"(23, 23)",1,-0.08
414,40,"(24, 23)",1,-0.08
414,41,"(25, 23)",0,-0.08
414,42,"(25, 22)",0,-0.08
414,43,"(25, 21)",1,-0.08
414,44,"(26, 21)",1,-0.08
414,45,"(27, 21)",0,-0.08
414,46,"(27, 20)",1,-0.08
414,47,"(28, 20)",0,-0.08
414,48,"(28, 19)",1,-0.08
414,49,"(29, 19)",1,-0.08
414,50,"(30, 19)",1,-0.08
414,51,"(31, 19)",1,-0.08
414,52,"(32, 19)",0,-0.08
414,53,"(32, 18)",0,-0.08
414,54,"(32, 17)",1,-0.08
414,55,"(33, 17)",1,-0.08
414,56,"(34, 17)",1,-0.08
414,57,"(35, 17)",1,-0.08
414,58,"(36, 17)",1,-0.08
414,59,"(37, 17)",1,-0.08
414,60,"(38, 17)",1,-0.08
414,61,"(39, 17)",0,-0.08
414,62,"(39, 16)",0,-0.08
414,63,"(39, 15)",1,-0.08
414,64,"(40, 15)",1,-0.08
414,65,"(41, 15)",0,-0.08
414,66,"(41, 14)",0,-0.08
414,67,"(41, 13)",1,-0.08
414,68,"(42, 13)",1,-0.08
414,69,"(43, 13)",1,-0.08
414,70,"(44, 13)",1,-0.08
414,71,"(45, 13)",0,-0.08
414,72,"(45, 12)",0,-0.08
414,73,"(45, 11)",0,-0.08
414,74,"(45, 10)",1,-0.08
414,75,"(46, 10)",0,-0.08
414,76,"(46, 9)",0,-0.08
414,77,"(46, 8)",0,-0.08
414,78,"(46, 7)",1,-0.08
414,79,"(47, 7)",0,-0.08
414,80,"(47, 6)",1,-0.08
414,81,"(48, 6)",1,-0.08
414,82,"(49, 6)",0,-0.08
414,83,"(49, 5)",1,-0.08
414,84,"(50, 5)",1,-0.08
414,85,"(51, 5)",1,-0.08
414,86,"(52, 5)",1,-0.08
414,87,"(53, 5)",0,-0.08
414,88,"(53, 4)",0,-0.08
414,89,"(53, 3)",0,-0.08
414,90,"(53, 2)",0,-0.08
414,91,"(53, 1)",1,-0.08
414,92,"(54, 1)",1,-0.08
414,93,"(55, 1)",1,-0.08
414,94,"(56, 1)",1,-0.08
414,95,"(57, 1)",1,-0.08
414,96,"(58, 1)",1,-0.08
414,97,"(59, 1)",1,-0.08
414,98,"(60, 1)",1,-0.08
414,99,"(61, 1)",1,-0.08
414,100,"(62, 1)",1,-0.08
414,101,"(63, 1)",1,-0.08
414,102,"(64, 1)",1,-0.08
414,103,"(65, 1)",1,-0.08
414,104,"(66, 1)",1,-0.08
414,105,"(67, 1)",1,-0.08
414,106,"(68, 1)",1,-0.08
414,107,"(69, 1)",1,-0.08
414,108,"(70, 1)",1,-0.08
414,109,"(71, 1)",2,-0.08
414,110,"(71, 2)",2,-0.08
414,111,"(71, 3)",1,-0.08
414,112,"(72, 3)",1,-0.08
414,113,"(73, 3)",1,-0.08
414,114,"(74, 3)",1,-0.08
414,115,"(75, 3)",1,-0.08
414,116,"(76, 3)",1,-0.08
414,117,"(77, 3)",0,-0.08
414,118,"(77, 2)",0,-0.08
414,119,"(77, 1)",0,-0.08
414,120,"(77, 0)",1,-0.08
414,121,"(78, 0)",1,8.33
415,0,"(0, 39)",1,-0.08
415,1,"(1, 39)",1,-0.08
415,2,"(2, 39)",1,-0.08
415,3,"(3, 39)",1,-0.08
415,4,"(4, 39)",1,-0.08
415,5,"(5, 39)",1,-0.08
415,6,"(6, 39)",1,-0.08
415,7,"(7, 39)",1,-0.08
415,8,"(8, 39)",1,-0.08
415,9,"(9, 39)",1,-0.08
415,10,"(10, 39)",0,-0.08
415,11,"(10, 38)",1,-0.08
415,12,"(11, 38)",0,-0.08
415,13,"(11, 37)",1,-0.08
415,14,"(12, 37)",1,-0.08
415,15,"(13, 37)",1,-0.08
415,16,"(14, 37)",1,-0.08
415,17,"(15, 37)",0,-0.08
415,18,"(15, 36)",1,-0.08
415,19,"(16, 36)",1,-0.08
415,20,"(17, 36)",0,-0.08
415,21,"(17, 35)",0,-0.08
415,22,"(17, 34)",1,-0.08
415,23,"(18, 34)",0,-0.08
415,24,"(18, 33)",1,-0.08
415,25,"(19, 33)",0,-0.08
415,26,"(19, 32)",0,-0.08
415,27,"(19, 31)",0,-0.08
415,28,"(19, 30)",0,-0.08
415,29,"(19, 29)",1,-0.08
415,30,"(20, 29)",0,-0.08
415,31,"(20, 28)",0,-0.08
415,32,"(20, 27)",1,-0.08
415,33,"(21, 27)",0,-0.08
415,34,"(21, 26)",1,-0.08
415,35,"(22, 26)",1,-0.08
415,36,"(23, 26)",0,-0.08
415,37,"(23, 25)",1,-0.08
415,38,"(24, 25)",1,-0.08
415,39,"(25, 25)",1,-0.08
415,40,"(26, 25)",1,-0.08
415,41,"(27, 25)",1,-0.08
415,42,"(28, 25)",1,-0.08
415,43,"(29, 25)",1,-0.08
415,44,"(30, 25)",1,-0.08
415,45,"(31, 25)",0,-0.08
415,46,"(31, 24)",0,-0.08
415,47,"(31, 23)",1,-0.08
415,48,"(32, 23)",1,-0.08
415,49,"(33, 23)",0,-0.08
415,50,"(33, 22)",0,-0.08
415,51,"(33, 21)",1,-0.08
415,52,"(34, 21)",1,-0.08
415,53,"(35, 21)",0,-0.08
415,54,"(35, 20)",0,-0.08
415,55,"(35, 19)",1,-0.08
415,56,"(36, 19)",1,-0.08
415,57,"(37, 19)",0,-0.08
415,58,"(37, 18)",0,-0.08
415,59,"(37, 17)",0,-0.08
415,60,"(37, 16)",0,-0.08
415,61,"(37, 15)",1,-0.08
415,62,"(38, 15)",1,-0.08
415,63,"(39, 15)",1,-0.08
415,64,"(40, 15)",1,-0.08
415,65,"(41, 15)",0,-0.08
415,66,"(41, 14)",0,-0.08
415,67,"(41, 13)",0,-0.08
415,68,"(41, 12)",0,-0.08
415,69,"(41, 11)",1,-0.08
415,70,"(42, 11)",1,-0.08
415,71,"(43, 11)",1,-0.08
415,72,"(44, 11)",1,-0.08
415,73,"(45, 11)",0,-0.08
415,74,"(45, 10)",1,-0.08
415,75,"(46, 10)",0,-0.08
415,76,"(46, 9)",0,-0.08
415,77,"(46, 8)",0,-0.08
415,78,"(46, 7)",0,-0.08
415,79,"(46, 6)",1,-0.08
415,80,"(47, 6)",1,-0.08
415,81,"(48, 6)",1,-0.08
415,82,"(49, 6)",0,-0.08
415,83,"(49, 5)",1,-0.08
415,84,"(50, 5)",1,-0.08
415,85,"(51, 5)",1,-0.08
415,86,"(52, 5)",1,-0.08
415,87,"(53, 5)",0,-0.08
415,88,"(53, 4)",0,-0.08
415,89,"(53, 3)",1,-0.08
415,90,"(54, 3)",1,-0.08
415,91,"(55, 3)",1,-0.08
415,92,"(56, 3)",1,-0.08
415,93,"(57, 3)",0,-0.08
415,94,"(57, 2)",1,-0.08
415,95,"(58, 2)",0,-0.08
415,96,"(58, 1)",1,-0.08
415,97,"(59, 1)",1,-0.08
415,98,"(60, 1)",1,-0.08
415,99,"(61, 1)",1,-0.08
415,100,"(62, 1)",1,-0.08
415,101,"(63, 1)",1,-0.08
415,102,"(64, 1)",1,-0.08
415,103,"(65, 1)",1,-0.08
415,104,"(66, 1)",1,-0.08
415,105,"(67, 1)",1,-0.08
415,106,"(68, 1)",1,-0.08
415,107,"(69, 1)",1,-0.08
415,108,"(70, 1)",1,-0.08
415,109,"(71, 1)",2,-0.08
415,110,"(71, 2)",2,-0.08
415,111,"(71, 3)",1,-0.08
415,112,"(72, 3)",1,-0.08
415,113,"(73, 3)",0,-0.08
415,114,"(73, 2)",0,-0.08
415,115,"(73, 1)",0,-0.08
415,116,"(73, 0)",1,-0.08
415,117,"(74, 0)",1,-0.08
415,118,"(75, 0)",1,-0.08
415,119,"(76, 0)",1,-0.08
415,120,"(77, 0)",1,-0.08
415,121,"(78, 0)",1,8.33
416,0,"(0, 39)",1,-0.08
416,1,"(1, 39)",1,-0.08
416,2,"(2, 39)",1,-0.08
416,3,"(3, 39)",1,-0.08
416,4,"(4, 39)",1,-0.08
416,5,"(5, 39)",1,-0.08
416,6,"(6, 39)",1,-0.08
416,7,"(7, 39)",1,-0.08
416,8,"(8, 39)",1,-0.08
416,9,"(9, 39)",1,-0.08
416,10,"(10, 39)",0,-0.08
416,11,"(10, 38)",0,-0.08
416,12,"(10, 37)",1,-0.08
416,13,"(11, 37)",1,-0.08
416,14,"(12, 37)",1,-0.08
416,15,"(13, 37)",1,-0.08
416,16,"(14, 37)",1,-0.08
416,17,"(15, 37)",0,-0.08
416,18,"(15, 36)",0,-0.08
416,19,"(15, 35)",0,-0.08
416,20,"(15, 34)",0,-0.08
416,21,"(15, 33)",1,-0.08
416,22,"(16, 33)",1,-0.08
416,23,"(17, 33)",1,-0.08
416,24,"(18, 33)",1,-0.08
416,25,"(19, 33)",0,-0.08
416,26,"(19, 32)",0,-0.08
416,27,"(19, 31)",0,-0.08
416,28,"(19, 30)",0,-0.08
416,29,"(19, 29)",1,-0.08
416,30,"(20, 29)",0,-0.08
416,31,"(20, 28)",0,-0.08
416,32,"(20, 27)",1,-0.08
416,33,"(21, 27)",0,-0.08
416,34,"(21, 26)",1,-0.08
416,35,"(22, 26)",1,-0.08
416,36,"(23, 26)",1,-0.08
416,37,"(24, 26)",0,-0.08
416,38,"(24, 25)",1,-0.08
416,39,"(25, 25)",1,-0.08
416,40,"(26, 25)",1,-0.08
416,41,"(27, 25)",1,-0.08
416,42,"(28, 25)",1,-0.08
416,43,"(29, 25)",1,-0.08
416,44,"(30, 25)",1,-0.08
416,45,"(31, 25)",0,-0.08
416,46,"(31, 24)",0,-0.08
416,47,"(31, 23)",1,-0.08
416,48,"(32, 23)",1,-0.08
416,49,"(33, 23)",0,-0.08
416,50,"(33, 22)",0,-0.08
416,51,"(33, 21)",1,-0.08
416,52,"(34, 21)",1,-0.08
416,53,"(35, 21)",1,-0.08
416,54,"(36, 21)",1,-0.08
416,55,"(37, 21)",1,-0.08
416,56,"(38, 21)",1,-0.08
416,57,"(39, 21)",0,-0.08
416,58,"(39, 20)",1,-0.08
416,59,"(40, 20)",1,-0.08
416,60,"(41, 20)",1,-0.08
416,61,"(42, 20)",1,-0.08
416,62,"(43, 20)",0,-0.08
416,63,"(43, 19)",1,-0.08
416,64,"(44, 19)",0,-0.08
416,65,"(44, 18)",0,-0.08
416,66,"(44, 17)",0,-0.08
416,67,"(44, 16)",0,-0.08
416,68,"(44, 15)",1,-0.08
416,69,"(45, 15)",0,-0.08
416,70,"(45, 14)",0,-0.08
416,71,"(45, 13)",0,-0.08
416,72,"(45, 12)",0,-0.08
416,73,"(45, 11)",0,-0.08
416,74,"(45, 10)",1,-0.08
416,75,"(46, 10)",0,-0.08
416,76,"(46, 9)",0,-0.08
416,77,"(46, 8)",0,-0.08
416,78,"(46, 7)",1,-0.08
416,79,"(47, 7)",0,-0.08
416,80,"(47, 6)",1,-0.08
416,81,"(48, 6)",1,-0.08
416,82,"(49, 6)",0,-0.08
416,83,"(49, 5)",1,-0.08
416,84,"(50, 5)",1,-0.08
416,85,"(51, 5)",0,-0.08
416,86,"(51, 4)",0,-0.08
416,87,"(51, 3)",0,-0.08
416,88,"(51, 2)",0,-0.08
416,89,"(51, 1)",1,-0.08
416,90,"(52, 1)",1,-0.08
416,91,"(53, 1)",1,-0.08
416,92,"(54, 1)",1,-0.08
416,93,"(55, 1)",1,-0.08
416,94,"(56, 1)",1,-0.08
416,95,"(57, 1)",1,-0.08
416,96,"(58, 1)",1,-0.08
416,97,"(59, 1)",1,-0.08
416,98,"(60, 1)",1,-0.08
416,99,"(61, 1)",1,-0.08
416,100,"(62, 1)",1,-0.08
416,101,"(63, 1)",1,-0.08
416,102,"(64, 1)",1,-0.08
416,103,"(65, 1)",1,-0.08
416,104,"(66, 1)",1,-0.08
416,105,"(67, 1)",1,-0.08
416,106,"(68, 1)",1,-0.08
416,107,"(69, 1)",1,-0.08
416,108,"(70, 1)",1,-0.08
416,109,"(71, 1)",2,-0.08
416,110,"(71, 2)",2,-0.08
416,111,"(71, 3)",1,-0.08
416,112,"(72, 3)",1,-0.08
416,113,"(73, 3)",1,-0.08
416,114,"(74, 3)",1,-0.08
416,115,"(75, 3)",1,-0.08
416,116,"(76, 3)",1,-0.08
416,117,"(77, 3)",0,-0.08
416,118,"(77, 2)",0,-0.08
416,119,"(77, 1)",0,-0.08
416,120,"(77, 0)",1,-0.08
416,121,"(78, 0)",1,8.33
417,0,"(0, 39)",1,-0.08
417,1,"(1, 39)",1,-0.08
417,2,"(2, 39)",1,-0.08
417,3,"(3, 39)",1,-0.08
417,4,"(4, 39)",1,-0.08
417,5,"(5, 39)",1,-0.08
417,6,"(6, 39)",1,-0.08
417,7,"(7, 39)",1,-0.08
417,8,"(8, 39)",1,-0.08
417,9,"(9, 39)",1,-0.08
417,10,"(10, 39)",1,-0.08
417,11,"(11, 39)",1,-0.08
417,12,"(12, 39)",1,-0.08
417,13,"(13, 39)",1,-0.08
417,14,"(14, 39)",0,-0.08
417,15,"(14, 38)",0,-0.08
417,16,"(14, 37)",1,-0.08
417,17,"(15, 37)",0,-0.08
417,18,"(15, 36)",1,-0.08
417,19,"(16, 36)",1,-0.08
417,20,"(17, 36)",0,-0.08
417,21,"(17, 35)",1,-0.08
417,22,"(18, 35)",0,-0.08
417,23,"(18, 34)",0,-0.08
417,24,"(18, 33)",1,-0.08
417,25,"(19, 33)",0,-0.08
417,26,"(19, 32)",0,-0.08
417,27,"(19, 31)",0,-0.08
417,28,"(19, 30)",0,-0.08
417,29,"(19, 29)",1,-0.08
417,30,"(20, 29)",0,-0.08
417,31,"(20, 28)",0,-0.08
417,32,"(20, 27)",1,-0.08
417,33,"(21, 27)",0,-0.08
417,34,"(21, 26)",0,-0.08
417,35,"(21, 25)",1,-0.08
417,36,"(22, 25)",0,-0.08
417,37,"(22, 24)",0,-0.08
417,38,"(22, 23)",1,-0.08
417,39,"(23, 23)",1,-0.08
417,40,"(24, 23)",1,-0.08
417,41,"(25, 23)",0,-0.08
417,42,"(25, 22)",0,-0.08
417,43,"(25, 21)",1,-0.08
417,44,"(26, 21)",1,-0.08
417,45,"(27, 21)",0,-0.08
417,46,"(27, 20)",0,-0.08
417,47,"(27, 19)",0,-0.08
417,48,"(27, 18)",0,-0.08
417,49,"(27, 17)",1,-0.08
417,50,"(28, 17)",0,-0.08
417,51,"(28, 16)",1,-0.08
417,52,"(29, 16)",0,-0.08
417,53,"(29, 15)",1,-0.08
417,54,"(30, 15)",1,-0.08
417,55,"(31, 15)",1,-0.08
417,56,"(32, 15)",0,-0.08
417,57,"(32, 14)",0,-0.08
417,58,"(32, 13)",1,-0.08
417,59,"(33, 13)",1,-0.08
417,60,"(34, 13)",1,-0.08
417,61,"(35, 13)",1,-0.08
417,62,"(36, 13)",1,-0.08
417,63,"(37, 13)",1,-0.08
417,64,"(38, 13)",1,-0.08
417,65,"(39, 13)",1,-0.08
417,66,"(40, 13)",1,-0.08
417,67,"(41, 13)",0,-0.08
417,68,"(41, 12)",0,-0.08
417,69,"(41, 11)",1,-0.08
417,70,"(42, 11)",1,-0.08
417,71,"(43, 11)",1,-0.08
417,72,"(44, 11)",1,-0.08
417,73,"(45, 11)",0,-0.08
417,74,"(45, 10)",1,-0.08
417,75,"(46, 10)",0,-0.08
417,76,"(46, 9)",0,-0.08
417,77,"(46, 8)",0,-0.08
417,78,"(46, 7)",1,-0.08
417,79,"(47, 7)",0,-0.08
417,80,"(47, 6)",1,-0.08
417,81,"(48, 6)",1,-0.08
417,82,"(49, 6)",0,-0.08
417,83,"(49, 5)",1,-0.08
417,84,"(50, 5)",1,-0.08
417,85,"(51, 5)",1,-0.08
417,86,"(52, 5)",1,-0.08
417,87,"(53, 5)",0,-0.08
417,88,"(53, 4)",0,-0.08
417,89,"(53, 3)",0,-0.08
417,90,"(53, 2)",0,-0.08
417,91,"(53, 1)",1,-0.08
417,92,"(54, 1)",1,-0.08
417,93,"(55, 1)",1,-0.08
417,94,"(56, 1)",1,-0.08
417,95,"(57, 1)",1,-0.08
417,96,"(58, 1)",1,-0.08
417,97,"(59, 1)",1,-0.08
417,98,"(60, 1)",1,-0.08
417,99,"(61, 1)",1,-0.08
417,100,"(62, 1)",1,-0.08
417,101,"(63, 1)",1,-0.08
417,102,"(64, 1)",1,-0.08
417,103,"(65, 1)",1,-0.08
417,104,"(66, 1)",1,-0.08
417,105,"(67, 1)",1,-0.08
417,106,"(68, 1)",1,-0.08
417,107,"(69, 1)",1,-0.08
417,108,"(70, 1)",1,-0.08
417,109,"(71, 1)",2,-0.08
417,110,"(71, 2)",2,-0.08
417,111,"(71, 3)",1,-0.08
417,112,"(72, 3)",1,-0.08
417,113,"(73, 3)",0,-0.08
417,114,"(73, 2)",0,-0.08
417,115,"(73, 1)",0,-0.08
417,116,"(73, 0)",1,-0.08
417,117,"(74, 0)",1,-0.08
417,118,"(75, 0)",1,-0.08
417,119,"(76, 0)",1,-0.08
417,120,"(77, 0)",1,-0.08
417,121,"(78, 0)",1,8.33
418,0,"(0, 39)",1,-0.08
418,1,"(1, 39)",1,-0.08
418,2,"(2, 39)",1,-0.08
418,3,"(3, 39)",1,-0.08
418,4,"(4, 39)",1,-0.08
418,5,"(5, 39)",1,-0.08
418,6,"(6, 39)",1,-0.08
418,7,"(7, 39)",1,-0.08
418,8,"(8, 39)",1,-0.08
418,9,"(9, 39)",1,-0.08
418,10,"(10, 39)",0,-0.08
418,11,"(10, 38)",1,-0.08
418,12,"(11, 38)",0,-0.08
418,13,"(11, 37)",1,-0.08
418,14,"(12, 37)",1,-0.08
418,15,"(13, 37)",1,-0.08
418,16,"(14, 37)",1,-0.08
418,17,"(15, 37)",0,-0.08
418,18,"(15, 36)",1,-0.08
418,19,"(16, 36)",1,-0.08
418,20,"(17, 36)",0,-0.08
418,21,"(17, 35)",0,-0.08
418,22,"(17, 34)",1,-0.08
418,23,"(18, 34)",1,-0.08
418,24,"(19, 34)",0,-0.08
418,25,"(19, 33)",0,-0.08
418,26,"(19, 32)",0,-0.08
418,27,"(19, 31)",0,-0.08
418,28,"(19, 30)",0,-0.08
418,29,"(19, 29)",1,-0.08
418,30,"(20, 29)",0,-0.08
418,31,"(20, 28)",0,-0.08
418,32,"(20, 27)",1,-0.08
418,33,"(21, 27)",0,-0.08
418,34,"(21, 26)",0,-0.08
418,35,"(21, 25)",1,-0.08
418,36,"(22, 25)",1,-0.08
418,37,"(23, 25)",1,-0.08
418,38,"(24, 25)",1,-0.08
418,39,"(25, 25)",1,-0.08
418,40,"(26, 25)",1,-0.08
418,41,"(27, 25)",1,-0.08
418,42,"(28, 25)",1,-0.08
418,43,"(29, 25)",1,-0.08
418,44,"(30, 25)",1,-0.08
418,45,"(31, 25)",0,-0.08
418,46,"(31, 24)",0,-0.08
418,47,"(31, 23)",1,-0.08
418,48,"(32, 23)",1,-0.08
418,49,"(33, 23)",0,-0.08
418,50,"(33, 22)",0,-0.08
418,51,"(33, 21)",1,-0.08
418,52,"(34, 21)",1,-0.08
418,53,"(35, 21)",1,-0.08
418,54,"(36, 21)",1,-0.08
418,55,"(37, 21)",1,-0.08
418,56,"(38, 21)",1,-0.08
418,57,"(39, 21)",1,-0.08
418,58,"(40, 21)",1,-0.08
418,59,"(41, 21)",0,-0.08
418,60,"(41, 20)",0,-0.08
418,61,"(41, 19)",0,-0.08
418,62,"(41, 18)",0,-0.08
418,63,"(41, 17)",1,-0.08
418,64,"(42, 17)",0,-0.08
418,65,"(42, 16)",1,-0.08
418,66,"(43, 16)",0,-0.08
418,67,"(43, 15)",1,-0.08
418,68,"(44, 15)",1,-0.08
418,69,"(45, 15)",0,-0.08
418,70,"(45, 14)",0,-0.08
418,71,"(45, 13)",0,-0.08
418,72,"(45, 12)",0,-0.08
418,73,"(45, 11)",0,-0.08
418,74,"(45, 10)",1,-0.08
418,75,"(46, 10)",0,-0.08
418,76,"(46, 9)",0,-0.08
418,77,"(46, 8)",0,-0.08
418,78,"(46, 7)",1,-0.08
418,79,"(47, 7)",0,-0.08
418,80,"(47, 6)",1,-0.08
418,81,"(48, 6)",1,-0.08
418,82,"(49, 6)",0,-0.08
418,83,"(49, 5)",1,-0.08
418,84,"(50, 5)",1,-0.08
418,85,"(51, 5)",1,-0.08
418,86,"(52, 5)",1,-0.08
418,87,"(53, 5)",0,-0.08
418,88,"(53, 4)",0,-0.08
418,89,"(53, 3)",1,-0.08
418,90,"(54, 3)",1,-0.08
418,91,"(55, 3)",1,-0.08
418,92,"(56, 3)",1,-0.08
418,93,"(57, 3)",0,-0.08
418,94,"(57, 2)",0,-0.08
418,95,"(57, 1)",1,-0.08
418,96,"(58, 1)",1,-0.08
418,97,"(59, 1)",1,-0.08
418,98,"(60, 1)",1,-0.08
418,99,"(61, 1)",1,-0.08
418,100,"(62, 1)",1,-0.08
418,101,"(63, 1)",1,-0.08
418,102,"(64, 1)",1,-0.08
418,103,"(65, 1)",1,-0.08
418,104,"(66, 1)",1,-0.08
418,105,"(67, 1)",1,-0.08
418,106,"(68, 1)",1,-0.08
418,107,"(69, 1)",1,-0.08
418,108,"(70, 1)",1,-0.08
418,109,"(71, 1)",2,-0.08
418,110,"(71, 2)",2,-0.08
418,111,"(71, 3)",1,-0.08
418,112,"(72, 3)",1,-0.08
418,113,"(73, 3)",1,-0.08
418,114,"(74, 3)",1,-0.08
418,115,"(75, 3)",1,-0.08
418,116,"(76, 3)",1,-0.08
418,117,"(77, 3)",0,-0.08
418,118,"(77, 2)",0,-0.08
418,119,"(77, 1)",0,-0.08
418,120,"(77, 0)",1,-0.08
418,121,"(78, 0)",1,8.33
419,0,"(0, 39)",1,-0.08
419,1,"(1, 39)",1,-0.08
419,2,"(2, 39)",1,-0.08
419,3,"(3, 39)",1,-0.08
419,4,"(4, 39)",1,-0.08
419,5,"(5, 39)",1,-0.08
419,6,"(6, 39)",1,-0.08
419,7,"(7, 39)",1,-0.08
419,8,"(8, 39)",1,-0.08
419,9,"(9, 39)",1,-0.08
419,10,"(10, 39)",1,-0.08
419,11,"(11, 39)",1,-0.08
419,12,"(12, 39)",1,-0.08
419,13,"(13, 39)",1,-0.08
419,14,"(14, 39)",0,-0.08
419,15,"(14, 38)",0,-0.08
419,16,"(14, 37)",1,-0.08
419,17,"(15, 37)",0,-0.08
419,18,"(15, 36)",0,-0.08
419,19,"(15, 35)",0,-0.08
419,20,"(15, 34)",0,-0.08
419,21,"(15, 33)",1,-0.08
419,22,"(16, 33)",1,-0.08
419,23,"(17, 33)",1,-0.08
419,24,"(18, 33)",1,-0.08
419,25,"(19, 33)",0,-0.08
419,26,"(19, 32)",0,-0.08
419,27,"(19, 31)",0,-0.08
419,28,"(19, 30)",0,-0.08
419,29,"(19, 29)",1,-0.08
419,30,"(20, 29)",0,-0.08
419,31,"(20, 28)",0,-0.08
419,32,"(20, 27)",1,-0.08
419,33,"(21, 27)",0,-0.08
419,34,"(21, 26)",0,-0.08
419,35,"(21, 25)",1,-0.08
419,36,"(22, 25)",1,-0.08
419,37,"(23, 25)",1,-0.08
419,38,"(24, 25)",1,-0.08
419,39,"(25, 25)",0,-0.08
419,40,"(25, 24)",0,-0.08
419,41,"(25, 23)",0,-0.08
419,42,"(25, 22)",0,-0.08
419,43,"(25, 21)",0,-0.08
419,44,"(25, 20)",0,-0.08
419,45,"(25, 19)",0,-0.08
419,46,"(25, 18)",1,-0.08
419,47,"(26, 18)",1,-0.08
419,48,"(27, 18)",0,-0.08
419,49,"(27, 17)",0,-0.08
419,50,"(27, 16)",1,-0.08
419,51,"(28, 16)",1,-0.08
419,52,"(29, 16)",0,-0.08
419,53,"(29, 15)",1,-0.08
419,54,"(30, 15)",1,-0.08
419,55,"(31, 15)",0,-0.08
419,56,"(31, 14)",1,-0.08
419,57,"(32, 14)",0,-0.08
419,58,"(32, 13)",1,-0.08
419,59,"(33, 13)",1,-0.08
419,60,"(34, 13)",1,-0.08
419,61,"(35, 13)",1,-0.08
419,62,"(36, 13)",1,-0.08
419,63,"(37, 13)",1,-0.08
419,64,"(38, 13)",1,-0.08
419,65,"(39, 13)",1,-0.08
419,66,"(40, 13)",1,-0.08
419,67,"(41, 13)",1,-0.08
419,68,"(42, 13)",1,-0.08
419,69,"(43, 13)",0,-0.08
419,70,"(43, 12)",0,-0.08
419,71,"(43, 11)",1,-0.08
419,72,"(44, 11)",1,-0.08
419,73,"(45, 11)",0,-0.08
419,74,"(45, 10)",0,-0.08
419,75,"(45, 9)",0,-0.08
419,76,"(45, 8)",0,-0.08
419,77,"(45, 7)",1,-0.08
419,78,"(46, 7)",0,-0.08
419,79,"(46, 6)",1,-0.08
419,80,"(47, 6)",1,-0.08
419,81,"(48, 6)",1,-0.08
419,82,"(49, 6)",0,-0.08
419,83,"(49, 5)",1,-0.08
419,84,"(50, 5)",1,-0.08
419,85,"(51, 5)",1,-0.08
419,86,"(52, 5)",1,-0.08
419,87,"(53, 5)",0,-0.08
419,88,"(53, 4)",0,-0.08
419,89,"(53, 3)",1,-0.08
419,90,"(54, 3)",1,-0.08
419,91,"(55, 3)",1,-0.08
419,92,"(56, 3)",1,-0.08
419,93,"(57, 3)",0,-0.08
419,94,"(57, 2)",0,-0.08
419,95,"(57, 1)",1,-0.08
419,96,"(58, 1)",1,-0.08
419,97,"(59, 1)",1,-0.08
419,98,"(60, 1)",1,-0.08
419,99,"(61, 1)",1,-0.08
419,100,"(62, 1)",1,-0.08
419,101,"(63, 1)",1,-0.08
419,102,"(64, 1)",1,-0.08
419,103,"(65, 1)",1,-0.08
419,104,"(66, 1)",1,-0.08
419,105,"(67, 1)",1,-0.08
419,106,"(68, 1)",1,-0.08
419,107,"(69, 1)",1,-0.08
419,108,"(70, 1)",1,-0.08
419,109,"(71, 1)",2,-0.08
419,110,"(71, 2)",2,-0.08
419,111,"(71, 3)",1,-0.08
419,112,"(72, 3)",1,-0.08
419,113,"(73, 3)",1,-0.08
419,114,"(74, 3)",1,-0.08
419,115,"(75, 3)",1,-0.08
419,116,"(76, 3)",1,-0.08
419,117,"(77, 3)",0,-0.08
419,118,"(77, 2)",0,-0.08
419,119,"(77, 1)",1,-0.08
419,120,"(78, 1)",0,-0.08
419,121,"(78, 0)",1,8.33
420,0,"(0, 39)",1,-0.08
420,1,"(1, 39)",1,-0.08
420,2,"(2, 39)",1,-0.08
420,3,"(3, 39)",1,-0.08
420,4,"(4, 39)",1,-0.08
420,5,"(5, 39)",1,-0.08
420,6,"(6, 39)",1,-0.08
420,7,"(7, 39)",1,-0.08
420,8,"(8, 39)",1,-0.08
420,9,"(9, 39)",1,-0.08
420,10,"(10, 39)",0,-0.08
420,11,"(10, 38)",1,-0.08
420,12,"(11, 38)",0,-0.08
420,13,"(11, 37)",1,-0.08
420,14,"(12, 37)",1,-0.08
420,15,"(13, 37)",1,-0.08
420,16,"(14, 37)",1,-0.08
420,17,"(15, 37)",1,-0.08
420,18,"(16, 37)",0,-0.08
420,19,"(16, 36)",1,-0.08
420,20,"(17, 36)",0,-0.08
420,21,"(17, 35)",1,-0.08
420,22,"(18, 35)",0,-0.08
420,23,"(18, 34)",1,-0.08
420,24,"(19, 34)",0,-0.08
420,25,"(19, 33)",0,-0.08
420,26,"(19, 32)",0,-0.08
420,27,"(19, 31)",0,-0.08
420,28,"(19, 30)",0,-0.08
420,29,"(19, 29)",1,-0.08
420,30,"(20, 29)",0,-0.08
420,31,"(20, 28)",0,-0.08
420,32,"(20, 27)",1,-0.08
420,33,"(21, 27)",0,-0.08
420,34,"(21, 26)",0,-0.08
420,35,"(21, 25)",1,-0.08
420,36,"(22, 25)",1,-0.08
420,37,"(23, 25)",1,-0.08
420,38,"(24, 25)",1,-0.08
420,39,"(25, 25)",1,-0.08
420,40,"(26, 25)",1,-0.08
420,41,"(27, 25)",1,-0.08
420,42,"(28, 25)",1,-0.08
420,43,"(29, 25)",1,-0.08
420,44,"(30, 25)",1,-0.08
420,45,"(31, 25)",0,-0.08
420,46,"(31, 24)",0,-0.08
420,47,"(31, 23)",1,-0.08
420,48,"(32, 23)",1,-0.08
420,49,"(33, 23)",0,-0.08
420,50,"(33, 22)",0,-0.08
420,51,"(33, 21)",1,-0.08
420,52,"(34, 21)",1,-0.08
420,53,"(35, 21)",0,-0.08
420,54,"(35, 20)",0,-0.08
420,55,"(35, 19)",0,-0.08
420,56,"(35, 18)",0,-0.08
420,57,"(35, 17)",0,-0.08
420,58,"(35, 16)",0,-0.08
420,59,"(35, 15)",0,-0.08
420,60,"(35, 14)",0,-0.08
420,61,"(35, 13)",1,-0.08
420,62,"(36, 13)",1,-0.08
420,63,"(37, 13)",1,-0.08
420,64,"(38, 13)",1,-0.08
420,65,"(39, 13)",0,-0.08
420,66,"(39, 12)",0,-0.08
420,67,"(39, 11)",1,-0.08
420,68,"(40, 11)",1,-0.08
420,69,"(41, 11)",1,-0.08
420,70,"(42, 11)",1,-0.08
420,71,"(43, 11)",1,-0.08
420,72,"(44, 11)",1,-0.08
420,73,"(45, 11)",0,-0.08
420,74,"(45, 10)",1,-0.08
420,75,"(46, 10)",0,-0.08
420,76,"(46, 9)",0,-0.08
420,77,"(46, 8)",0,-0.08
420,78,"(46, 7)",1,-0.08
420,79,"(47, 7)",0,-0.08
420,80,"(47, 6)",1,-0.08
420,81,"(48, 6)",1,-0.08
420,82,"(49, 6)",0,-0.08
420,83,"(49, 5)",1,-0.08
420,84,"(50, 5)",1,-0.08
420,85,"(51, 5)",0,-0.08
420,86,"(51, 4)",0,-0.08
420,87,"(51, 3)",0,-0.08
420,88,"(51, 2)",0,-0.08
420,89,"(51, 1)",1,-0.08
420,90,"(52, 1)",1,-0.08
420,91,"(53, 1)",1,-0.08
420,92,"(54, 1)",1,-0.08
420,93,"(55, 1)",1,-0.08
420,94,"(56, 1)",1,-0.08
420,95,"(57, 1)",1,-0.08
420,96,"(58, 1)",1,-0.08
420,97,"(59, 1)",1,-0.08
420,98,"(60, 1)",1,-0.08
420,99,"(61, 1)",1,-0.08
420,100,"(62, 1)",1,-0.08
420,101,"(63, 1)",1,-0.08
420,102,"(64, 1)",1,-0.08
420,103,"(65, 1)",1,-0.08
420,104,"(66, 1)",1,-0.08
420,105,"(67, 1)",1,-0.08
420,106,"(68, 1)",1,-0.08
420,107,"(69, 1)",1,-0.08
420,108,"(70, 1)",1,-0.08
420,109,"(71, 1)",2,-0.08
420,110,"(71, 2)",2,-0.08
420,111,"(71, 3)",1,-0.08
420,112,"(72, 3)",1,-0.08
420,113,"(73, 3)",1,-0.08
420,114,"(74, 3)",1,-0.08
420,115,"(75, 3)",1,-0.08
420,116,"(76, 3)",1,-0.08
420,117,"(77, 3)",0,-0.08
420,118,"(77, 2)",0,-0.08
420,119,"(77, 1)",0,-0.08
420,120,"(77, 0)",1,-0.08
420,121,"(78, 0)",1,8.33
421,0,"(0, 39)",1,-0.08
421,1,"(1, 39)",1,-0.08
421,2,"(2, 39)",1,-0.08
421,3,"(3, 39)",1,-0.08
421,4,"(4, 39)",1,-0.08
421,5,"(5, 39)",1,-0.08
421,6,"(6, 39)",1,-0.08
421,7,"(7, 39)",1,-0.08
421,8,"(8, 39)",1,-0.08
421,9,"(9, 39)",1,-0.08
421,10,"(10, 39)",1,-0.08
421,11,"(11, 39)",0,-0.08
421,12,"(11, 38)",0,-0.08
421,13,"(11, 37)",1,-0.08
421,14,"(12, 37)",1,-0.08
421,15,"(13, 37)",1,-0.08
421,16,"(14, 37)",1,-0.08
421,17,"(15, 37)",0,-0.08
421,18,"(15, 36)",0,-0.08
421,19,"(15, 35)",0,-0.08
421,20,"(15, 34)",0,-0.08
421,21,"(15, 33)",1,-0.08
421,22,"(16, 33)",1,-0.08
421,23,"(17, 33)",1,-0.08
421,24,"(18, 33)",1,-0.08
421,25,"(19, 33)",0,-0.08
421,26,"(19, 32)",0,-0.08
421,27,"(19, 31)",0,-0.08
421,28,"(19, 30)",0,-0.08
421,29,"(19, 29)",1,-0.08
421,30,"(20, 29)",0,-0.08
421,31,"(20, 28)",0,-0.08
421,32,"(20, 27)",1,-0.08
421,33,"(21, 27)",0,-0.08
421,34,"(21, 26)",1,-0.08
421,35,"(22, 26)",1,-0.08
421,36,"(23, 26)",0,-0.08
421,37,"(23, 25)",1,-0.08
421,38,"(24, 25)",1,-0.08
421,39,"(25, 25)",0,-0.08
421,40,"(25, 24)",0,-0.08
421,41,"(25, 23)",0,-0.08
421,42,"(25, 22)",0,-0.08
421,43,"(25, 21)",1,-0.08
421,44,"(26, 21)",1,-0.08
421,45,"(27, 21)",0,-0.08
421,46,"(27, 20)",0,-0.08
421,47,"(27, 19)",1,-0.08
421,48,"(28, 19)",1,-0.08
421,49,"(29, 19)",1,-0.08
421,50,"(30, 19)",1,-0.08
421,51,"(31, 19)",0,-0.08
421,52,"(31, 18)",1,-0.08
421,53,"(32, 18)",0,-0.08
421,54,"(32, 17)",1,-0.08
421,55,"(33, 17)",1,-0.08
421,56,"(34, 17)",1,-0.08
421,57,"(35, 17)",0,-0.08
421,58,"(35, 16)",0,-0.08
421,59,"(35, 15)",0,-0.08
421,60,"(35, 14)",0,-0.08
421,61,"(35, 13)",1,-0.08
421,62,"(36, 13)",1,-0.08
421,63,"(37, 13)",1,-0.08
421,64,"(38, 13)",1,-0.08
421,65,"(39, 13)",1,-0.08
421,66,"(40, 13)",1,-0.08
421,67,"(41, 13)",0,-0.08
421,68,"(41, 12)",0,-0.08
421,69,"(41, 11)",1,-0.08
421,70,"(42, 11)",1,-0.08
421,71,"(43, 11)",1,-0.08
421,72,"(44, 11)",1,-0.08
421,73,"(45, 11)",0,-0.08
421,74,"(45, 10)",0,-0.08
421,75,"(45, 9)",1,-0.08
421,76,"(46, 9)",0,-0.08
421,77,"(46, 8)",0,-0.08
421,78,"(46, 7)",1,-0.08
421,79,"(47, 7)",0,-0.08
421,80,"(47, 6)",1,-0.08
421,81,"(48, 6)",1,-0.08
421,82,"(49, 6)",0,-0.08
421,83,"(49, 5)",1,-0.08
421,84,"(50, 5)",1,-0.08
421,85,"(51, 5)",1,-0.08
421,86,"(52, 5)",1,-0.08
421,87,"(53, 5)",0,-0.08
421,88,"(53, 4)",0,-0.08
421,89,"(53, 3)",1,-0.08
421,90,"(54, 3)",1,-0.08
421,91,"(55, 3)",1,-0.08
421,92,"(56, 3)",1,-0.08
421,93,"(57, 3)",0,-0.08
421,94,"(57, 2)",0,-0.08
421,95,"(57, 1)",1,-0.08
421,96,"(58, 1)",1,-0.08
421,97,"(59, 1)",1,-0.08
421,98,"(60, 1)",1,-0.08
421,99,"(61, 1)",1,-0.08
421,100,"(62, 1)",1,-0.08
421,101,"(63, 1)",1,-0.08
421,102,"(64, 1)",1,-0.08
421,103,"(65, 1)",1,-0.08
421,104,"(66, 1)",1,-0.08
421,105,"(67, 1)",1,-0.08
421,106,"(68, 1)",1,-0.08
421,107,"(69, 1)",1,-0.08
421,108,"(70, 1)",1,-0.08
421,109,"(71, 1)",2,-0.08
421,110,"(71, 2)",2,-0.08
421,111,"(71, 3)",1,-0.08
421,112,"(72, 3)",1,-0.08
421,113,"(73, 3)",1,-0.08
421,114,"(74, 3)",1,-0.08
421,115,"(75, 3)",1,-0.08
421,116,"(76, 3)",1,-0.08
421,117,"(77, 3)",0,-0.08
421,118,"(77, 2)",0,-0.08
421,119,"(77, 1)",1,-0.08
421,120,"(78, 1)",0,-0.08
421,121,"(78, 0)",1,8.33
422,0,"(0, 39)",1,-0.08
422,1,"(1, 39)",1,-0.08
422,2,"(2, 39)",1,-0.08
422,3,"(3, 39)",1,-0.08
422,4,"(4, 39)",1,-0.08
422,5,"(5, 39)",1,-0.08
422,6,"(6, 39)",1,-0.08
422,7,"(7, 39)",1,-0.08
422,8,"(8, 39)",1,-0.08
422,9,"(9, 39)",1,-0.08
422,10,"(10, 39)",1,-0.08
422,11,"(11, 39)",1,-0.08
422,12,"(12, 39)",1,-0.08
422,13,"(13, 39)",1,-0.08
422,14,"(14, 39)",0,-0.08
422,15,"(14, 38)",0,-0.08
422,16,"(14, 37)",1,-0.08
422,17,"(15, 37)",0,-0.08
422,18,"(15, 36)",1,-0.08
422,19,"(16, 36)",1,-0.08
422,20,"(17, 36)",0,-0.08
422,21,"(17, 35)",0,-0.08
422,22,"(17, 34)",0,-0.08
422,23,"(17, 33)",1,-0.08
422,24,"(18, 33)",1,-0.08
422,25,"(19, 33)",0,-0.08
422,26,"(19, 32)",0,-0.08
422,27,"(19, 31)",0,-0.08
422,28,"(19, 30)",0,-0.08
422,29,"(19, 29)",1,-0.08
422,30,"(20, 29)",0,-0.08
422,31,"(20, 28)",0,-0.08
422,32,"(20, 27)",1,-0.08
422,33,"(21, 27)",0,-0.08
422,34,"(21, 26)",1,-0.08
422,35,"(22, 26)",0,-0.08
422,36,"(22, 25)",1,-0.08
422,37,"(23, 25)",1,-0.08
422,38,"(24, 25)",1,-0.08
422,39,"(25, 25)",1,-0.08
422,40,"(26, 25)",1,-0.08
422,41,"(27, 25)",1,-0.08
422,42,"(28, 25)",1,-0.08
422,43,"(29, 25)",1,-0.08
422,44,"(30, 25)",1,-0.08
422,45,"(31, 25)",0,-0.08
422,46,"(31, 24)",0,-0.08
422,47,"(31, 23)",1,-0.08
422,48,"(32, 23)",1,-0.08
422,49,"(33, 23)",0,-0.08
422,50,"(33, 22)",0,-0.08
422,51,"(33, 21)",1,-0.08
422,52,"(34, 21)",1,-0.08
422,53,"(35, 21)",0,-0.08
422,54,"(35, 20)",0,-0.08
422,55,"(35, 19)",0,-0.08
422,56,"(35, 18)",0,-0.08
422,57,"(35, 17)",1,-0.08
422,58,"(36, 17)",1,-0.08
422,59,"(37, 17)",0,-0.08
422,60,"(37, 16)",0,-0.08
422,61,"(37, 15)",0,-0.08
422,62,"(37, 14)",0,-0.08
422,63,"(37, 13)",1,-0.08
422,64,"(38, 13)",1,-0.08
422,65,"(39, 13)",0,-0.08
422,66,"(39, 12)",0,-0.08
422,67,"(39, 11)",1,-0.08
422,68,"(40, 11)",1,-0.08
422,69,"(41, 11)",1,-0.08
422,70,"(42, 11)",1,-0.08
422,71,"(43, 11)",1,-0.08
422,72,"(44, 11)",1,-0.08
422,73,"(45, 11)",0,-0.08
422,74,"(45, 10)",1,-0.08
422,75,"(46, 10)",0,-0.08
422,76,"(46, 9)",0,-0.08
422,77,"(46, 8)",0,-0.08
422,78,"(46, 7)",0,-0.08
422,79,"(46, 6)",1,-0.08
422,80,"(47, 6)",1,-0.08
422,81,"(48, 6)",1,-0.08
422,82,"(49, 6)",0,-0.08
422,83,"(49, 5)",1,-0.08
422,84,"(50, 5)",1,-0.08
422,85,"(51, 5)",1,-0.08
422,86,"(52, 5)",1,-0.08
422,87,"(53, 5)",0,-0.08
422,88,"(53, 4)",0,-0.08
422,89,"(53, 3)",0,-0.08
422,90,"(53, 2)",0,-0.08
422,91,"(53, 1)",1,-0.08
422,92,"(54, 1)",1,-0.08
422,93,"(55, 1)",1,-0.08
422,94,"(56, 1)",1,-0.08
422,95,"(57, 1)",1,-0.08
422,96,"(58, 1)",1,-0.08
422,97,"(59, 1)",1,-0.08
422,98,"(60, 1)",1,-0.08
422,99,"(61, 1)",1,-0.08
422,100,"(62, 1)",1,-0.08
422,101,"(63, 1)",1,-0.08
422,102,"(64, 1)",1,-0.08
422,103,"(65, 1)",1,-0.08
422,104,"(66, 1)",1,-0.08
422,105,"(67, 1)",1,-0.08
422,106,"(68, 1)",1,-0.08
422,107,"(69, 1)",1,-0.08
422,108,"(70, 1)",1,-0.08
422,109,"(71, 1)",2,-0.08
422,110,"(71, 2)",2,-0.08
422,111,"(71, 3)",1,-0.08
422,112,"(72, 3)",1,-0.08
422,113,"(73, 3)",1,-0.08
422,114,"(74, 3)",1,-0.08
422,115,"(75, 3)",1,-0.08
422,116,"(76, 3)",1,-0.08
422,117,"(77, 3)",0,-0.08
422,118,"(77, 2)",0,-0.08
422,119,"(77, 1)",0,-0.08
422,120,"(77, 0)",1,-0.08
422,121,"(78, 0)",1,8.33
423,0,"(0, 39)",1,-0.08
423,1,"(1, 39)",1,-0.08
423,2,"(2, 39)",1,-0.08
423,3,"(3, 39)",1,-0.08
423,4,"(4, 39)",1,-0.08
423,5,"(5, 39)",1,-0.08
423,6,"(6, 39)",1,-0.08
423,7,"(7, 39)",1,-0.08
423,8,"(8, 39)",1,-0.08
423,9,"(9, 39)",1,-0.08
423,10,"(10, 39)",1,-0.08
423,11,"(11, 39)",0,-0.08
423,12,"(11, 38)",0,-0.08
423,13,"(11, 37)",1,-0.08
423,14,"(12, 37)",1,-0.08
423,15,"(13, 37)",1,-0.08
423,16,"(14, 37)",1,-0.08
423,17,"(15, 37)",0,-0.08
423,18,"(15, 36)",0,-0.08
423,19,"(15, 35)",0,-0.08
423,20,"(15, 34)",0,-0.08
423,21,"(15, 33)",1,-0.08
423,22,"(16, 33)",1,-0.08
423,23,"(17, 33)",1,-0.08
423,24,"(18, 33)",1,-0.08
423,25,"(19, 33)",0,-0.08
423,26,"(19, 32)",0,-0.08
423,27,"(19, 31)",0,-0.08
423,28,"(19, 30)",0,-0.08
423,29,"(19, 29)",1,-0.08
423,30,"(20, 29)",0,-0.08
423,31,"(20, 28)",0,-0.08
423,32,"(20, 27)",1,-0.08
423,33,"(21, 27)",0,-0.08
423,34,"(21, 26)",0,-0.08
423,35,"(21, 25)",1,-0.08
423,36,"(22, 25)",1,-0.08
423,37,"(23, 25)",1,-0.08
423,38,"(24, 25)",1,-0.08
423,39,"(25, 25)",0,-0.08
423,40,"(25, 24)",0,-0.08
423,41,"(25, 23)",0,-0.08
423,42,"(25, 22)",0,-0.08
423,43,"(25, 21)",1,-0.08
423,44,"(26, 21)",1,-0.08
423,45,"(27, 21)",0,-0.08
423,46,"(27, 20)",0,-0.08
423,47,"(27, 19)",0,-0.08
423,48,"(27, 18)",0,-0.08
423,49,"(27, 17)",1,-0.08
423,50,"(28, 17)",1,-0.08
423,51,"(29, 17)",0,-0.08
423,52,"(29, 16)",0,-0.08
423,53,"(29, 15)",1,-0.08
423,54,"(30, 15)",1,-0.08
423,55,"(31, 15)",1,-0.08
423,56,"(32, 15)",0,-0.08
423,57,"(32, 14)",0,-0.08
423,58,"(32, 13)",1,-0.08
423,59,"(33, 13)",1,-0.08
423,60,"(34, 13)",1,-0.08
423,61,"(35, 13)",1,-0.08
423,62,"(36, 13)",1,-0.08
423,63,"(37, 13)",1,-0.08
423,64,"(38, 13)",1,-0.08
423,65,"(39, 13)",1,-0.08
423,66,"(40, 13)",1,-0.08
423,67,"(41, 13)",0,-0.08
423,68,"(41, 12)",0,-0.08
423,69,"(41, 11)",1,-0.08
423,70,"(42, 11)",1,-0.08
423,71,"(43, 11)",1,-0.08
423,72,"(44, 11)",1,-0.08
423,73,"(45, 11)",0,-0.08
423,74,"(45, 10)",0,-0.08
423,75,"(45, 9)",0,-0.08
423,76,"(45, 8)",1,-0.08
423,77,"(46, 8)",0,-0.08
423,78,"(46, 7)",1,-0.08
423,79,"(47, 7)",0,-0.08
423,80,"(47, 6)",1,-0.08
423,81,"(48, 6)",1,-0.08
423,82,"(49, 6)",0,-0.08
423,83,"(49, 5)",1,-0.08
423,84,"(50, 5)",1,-0.08
423,85,"(51, 5)",1,-0.08
423,86,"(52, 5)",1,-0.08
423,87,"(53, 5)",0,-0.08
423,88,"(53, 4)",0,-0.08
423,89,"(53, 3)",1,-0.08
423,90,"(54, 3)",1,-0.08
423,91,"(55, 3)",1,-0.08
423,92,"(56, 3)",1,-0.08
423,93,"(57, 3)",0,-0.08
423,94,"(57, 2)",0,-0.08
423,95,"(57, 1)",1,-0.08
423,96,"(58, 1)",1,-0.08
423,97,"(59, 1)",1,-0.08
423,98,"(60, 1)",1,-0.08
423,99,"(61, 1)",1,-0.08
423,100,"(62, 1)",1,-0.08
423,101,"(63, 1)",1,-0.08
423,102,"(64, 1)",1,-0.08
423,103,"(65, 1)",1,-0.08
423,104,"(66, 1)",1,-0.08
423,105,"(67, 1)",1,-0.08
423,106,"(68, 1)",1,-0.08
423,107,"(69, 1)",1,-0.08
423,108,"(70, 1)",1,-0.08
423,109,"(71, 1)",2,-0.08
423,110,"(71, 2)",2,-0.08
423,111,"(71, 3)",1,-0.08
423,112,"(72, 3)",1,-0.08
423,113,"(73, 3)",0,-0.08
423,114,"(73, 2)",0,-0.08
423,115,"(73, 1)",1,-0.08
423,116,"(74, 1)",1,-0.08
423,117,"(75, 1)",1,-0.08
423,118,"(76, 1)",1,-0.08
423,119,"(77, 1)",0,-0.08
423,120,"(77, 0)",1,-0.08
423,121,"(78, 0)",1,8.33
424,0,"(0, 39)",1,-0.08
424,1,"(1, 39)",1,-0.08
424,2,"(2, 39)",1,-0.08
424,3,"(3, 39)",1,-0.08
424,4,"(4, 39)",1,-0.08
424,5,"(5, 39)",1,-0.08
424,6,"(6, 39)",1,-0.08
424,7,"(7, 39)",1,-0.08
424,8,"(8, 39)",1,-0.08
424,9,"(9, 39)",1,-0.08
424,10,"(10, 39)",1,-0.08
424,11,"(11, 39)",1,-0.08
424,12,"(12, 39)",1,-0.08
424,13,"(13, 39)",1,-0.08
424,14,"(14, 39)",0,-0.08
424,15,"(14, 38)",0,-0.08
424,16,"(14, 37)",1,-0.08
424,17,"(15, 37)",0,-0.08
424,18,"(15, 36)",0,-0.08
424,19,"(15, 35)",0,-0.08
424,20,"(15, 34)",0,-0.08
424,21,"(15, 33)",1,-0.08
424,22,"(16, 33)",1,-0.08
424,23,"(17, 33)",1,-0.08
424,24,"(18, 33)",1,-0.08
424,25,"(19, 33)",0,-0.08
424,26,"(19, 32)",0,-0.08
424,27,"(19, 31)",0,-0.08
424,28,"(19, 30)",0,-0.08
424,29,"(19, 29)",1,-0.08
424,30,"(20, 29)",0,-0.08
424,31,"(20, 28)",0,-0.08
424,32,"(20, 27)",1,-0.08
424,33,"(21, 27)",0,-0.08
424,34,"(21, 26)",1,-0.08
424,35,"(22, 26)",1,-0.08
424,36,"(23, 26)",1,-0.08
424,37,"(24, 26)",1,-0.08
424,38,"(25, 26)",0,-0.08
424,39,"(25, 25)",0,-0.08
424,40,"(25, 24)",0,-0.08
424,41,"(25, 23)",0,-0.08
424,42,"(25, 22)",0,-0.08
424,43,"(25, 21)",1,-0.08
424,44,"(26, 21)",1,-0.08
424,45,"(27, 21)",0,-0.08
424,46,"(27, 20)",1,-0.08
424,47,"(28, 20)",0,-0.08
424,48,"(28, 19)",1,-0.08
424,49,"(29, 19)",1,-0.08
424,50,"(30, 19)",1,-0.08
424,51,"(31, 19)",0,-0.08
424,52,"(31, 18)",0,-0.08
424,53,"(31, 17)",1,-0.08
424,54,"(32, 17)",0,-0.08
424,55,"(32, 16)",0,-0.08
424,56,"(32, 15)",0,-0.08
424,57,"(32, 14)",0,-0.08
424,58,"(32, 13)",1,-0.08
424,59,"(33, 13)",1,-0.08
424,60,"(34, 13)",1,-0.08
424,61,"(35, 13)",1,-0.08
424,62,"(36, 13)",1,-0.08
424,63,"(37, 13)",1,-0.08
424,64,"(38, 13)",1,-0.08
424,65,"(39, 13)",1,-0.08
424,66,"(40, 13)",1,-0.08
424,67,"(41, 13)",0,-0.08
424,68,"(41, 12)",0,-0.08
424,69,"(41, 11)",1,-0.08
424,70,"(42, 11)",1,-0.08
424,71,"(43, 11)",1,-0.08
424,72,"(44, 11)",1,-0.08
424,73,"(45, 11)",0,-0.08
424,74,"(45, 10)",0,-0.08
424,75,"(45, 9)",0,-0.08
424,76,"(45, 8)",0,-0.08
424,77,"(45, 7)",1,-0.08
424,78,"(46, 7)",1,-0.08
424,79,"(47, 7)",0,-0.08
424,80,"(47, 6)",1,-0.08
424,81,"(48, 6)",1,-0.08
424,82,"(49, 6)",0,-0.08
424,83,"(49, 5)",1,-0.08
424,84,"(50, 5)",1,-0.08
424,85,"(51, 5)",0,-0.08
424,86,"(51, 4)",0,-0.08
424,87,"(51, 3)",0,-0.08
424,88,"(51, 2)",0,-0.08
424,89,"(51, 1)",1,-0.08
424,90,"(52, 1)",1,-0.08
424,91,"(53, 1)",1,-0.08
424,92,"(54, 1)",1,-0.08
424,93,"(55, 1)",1,-0.08
424,94,"(56, 1)",1,-0.08
424,95,"(57, 1)",1,-0.08
424,96,"(58, 1)",1,-0.08
424,97,"(59, 1)",1,-0.08
424,98,"(60, 1)",1,-0.08
424,99,"(61, 1)",1,-0.08
424,100,"(62, 1)",1,-0.08
424,101,"(63, 1)",1,-0.08
424,102,"(64, 1)",1,-0.08
424,103,"(65, 1)",1,-0.08
424,104,"(66, 1)",1,-0.08
424,105,"(67, 1)",1,-0.08
424,106,"(68, 1)",1,-0.08
424,107,"(69, 1)",1,-0.08
424,108,"(70, 1)",1,-0.08
424,109,"(71, 1)",2,-0.08
424,110,"(71, 2)",2,-0.08
424,111,"(71, 3)",1,-0.08
424,112,"(72, 3)",1,-0.08
424,113,"(73, 3)",1,-0.08
424,114,"(74, 3)",1,-0.08
424,115,"(75, 3)",1,-0.08
424,116,"(76, 3)",1,-0.08
424,117,"(77, 3)",0,-0.08
424,118,"(77, 2)",0,-0.08
424,119,"(77, 1)",1,-0.08
424,120,"(78, 1)",0,-0.08
424,121,"(78, 0)",1,8.33
425,0,"(0, 39)",1,-0.08
425,1,"(1, 39)",1,-0.08
425,2,"(2, 39)",1,-0.08
425,3,"(3, 39)",1,-0.08
425,4,"(4, 39)",1,-0.08
425,5,"(5, 39)",1,-0.08
425,6,"(6, 39)",1,-0.08
425,7,"(7, 39)",1,-0.08
425,8,"(8, 39)",1,-0.08
425,9,"(9, 39)",1,-0.08
425,10,"(10, 39)",1,-0.08
425,11,"(11, 39)",1,-0.08
425,12,"(12, 39)",1,-0.08
425,13,"(13, 39)",1,-0.08
425,14,"(14, 39)",0,-0.08
425,15,"(14, 38)",0,-0.08
425,16,"(14, 37)",1,-0.08
425,17,"(15, 37)",0,-0.08
425,18,"(15, 36)",1,-0.08
425,19,"(16, 36)",1,-0.08
425,20,"(17, 36)",0,-0.08
425,21,"(17, 35)",0,-0.08
425,22,"(17, 34)",1,-0.08
425,23,"(18, 34)",0,-0.08
425,24,"(18, 33)",1,-0.08
425,25,"(19, 33)",0,-0.08
425,26,"(19, 32)",0,-0.08
425,27,"(19, 31)",0,-0.08
425,28,"(19, 30)",0,-0.08
425,29,"(19, 29)",1,-0.08
425,30,"(20, 29)",0,-0.08
425,31,"(20, 28)",0,-0.08
425,32,"(20, 27)",1,-0.08
425,33,"(21, 27)",0,-0.08
425,34,"(21, 26)",0,-0.08
425,35,"(21, 25)",1,-0.08
425,36,"(22, 25)",1,-0.08
425,37,"(23, 25)",1,-0.08
425,38,"(24, 25)",1,-0.08
425,39,"(25, 25)",1,-0.08
425,40,"(26, 25)",1,-0.08
425,41,"(27, 25)",1,-0.08
425,42,"(28, 25)",1,-0.08
425,43,"(29, 25)",1,-0.08
425,44,"(30, 25)",1,-0.08
425,45,"(31, 25)",0,-0.08
425,46,"(31, 24)",0,-0.08
425,47,"(31, 23)",1,-0.08
425,48,"(32, 23)",1,-0.08
425,49,"(33, 23)",0,-0.08
425,50,"(33, 22)",0,-0.08
425,51,"(33, 21)",1,-0.08
425,52,"(34, 21)",1,-0.08
425,53,"(35, 21)",0,-0.08
425,54,"(35, 20)",0,-0.08
425,55,"(35, 19)",0,-0.08
425,56,"(35, 18)",0,-0.08
425,57,"(35, 17)",0,-0.08
425,58,"(35, 16)",0,-0.08
425,59,"(35, 15)",0,-0.08
425,60,"(35, 14)",0,-0.08
425,61,"(35, 13)",1,-0.08
425,62,"(36, 13)",1,-0.08
425,63,"(37, 13)",1,-0.08
425,64,"(38, 13)",1,-0.08
425,65,"(39, 13)",1,-0.08
425,66,"(40, 13)",1,-0.08
425,67,"(41, 13)",0,-0.08
425,68,"(41, 12)",0,-0.08
425,69,"(41, 11)",1,-0.08
425,70,"(42, 11)",1,-0.08
425,71,"(43, 11)",1,-0.08
425,72,"(44, 11)",1,-0.08
425,73,"(45, 11)",0,-0.08
425,74,"(45, 10)",1,-0.08
425,75,"(46, 10)",0,-0.08
425,76,"(46, 9)",0,-0.08
425,77,"(46, 8)",0,-0.08
425,78,"(46, 7)",1,-0.08
425,79,"(47, 7)",0,-0.08
425,80,"(47, 6)",1,-0.08
425,81,"(48, 6)",1,-0.08
425,82,"(49, 6)",0,-0.08
425,83,"(49, 5)",1,-0.08
425,84,"(50, 5)",1,-0.08
425,85,"(51, 5)",0,-0.08
425,86,"(51, 4)",0,-0.08
425,87,"(51, 3)",0,-0.08
425,88,"(51, 2)",1,-0.08
425,89,"(52, 2)",1,-0.08
425,90,"(53, 2)",0,-0.08
425,91,"(53, 1)",1,-0.08
425,92,"(54, 1)",1,-0.08
425,93,"(55, 1)",1,-0.08
425,94,"(56, 1)",1,-0.08
425,95,"(57, 1)",1,-0.08
425,96,"(58, 1)",1,-0.08
425,97,"(59, 1)",1,-0.08
425,98,"(60, 1)",1,-0.08
425,99,"(61, 1)",1,-0.08
425,100,"(62, 1)",1,-0.08
425,101,"(63, 1)",1,-0.08
425,102,"(64, 1)",1,-0.08
425,103,"(65, 1)",1,-0.08
425,104,"(66, 1)",1,-0.08
425,105,"(67, 1)",1,-0.08
425,106,"(68, 1)",1,-0.08
425,107,"(69, 1)",1,-0.08
425,108,"(70, 1)",1,-0.08
425,109,"(71, 1)",2,-0.08
425,110,"(71, 2)",2,-0.08
425,111,"(71, 3)",1,-0.08
425,112,"(72, 3)",1,-0.08
425,113,"(73, 3)",1,-0.08
425,114,"(74, 3)",1,-0.08
425,115,"(75, 3)",1,-0.08
425,116,"(76, 3)",1,-0.08
425,117,"(77, 3)",0,-0.08
425,118,"(77, 2)",0,-0.08
425,119,"(77, 1)",1,-0.08
425,120,"(78, 1)",1,-0.08
425,121,"(79, 1)",0,8.33
426,0,"(0, 39)",1,-0.08
426,1,"(1, 39)",1,-0.08
426,2,"(2, 39)",1,-0.08
426,3,"(3, 39)",1,-0.08
426,4,"(4, 39)",1,-0.08
426,5,"(5, 39)",1,-0.08
426,6,"(6, 39)",1,-0.08
426,7,"(7, 39)",1,-0.08
426,8,"(8, 39)",1,-0.08
426,9,"(9, 39)",1,-0.08
426,10,"(10, 39)",1,-0.08
426,11,"(11, 39)",0,-0.08
426,12,"(11, 38)",0,-0.08
426,13,"(11, 37)",1,-0.08
426,14,"(12, 37)",1,-0.08
426,15,"(13, 37)",1,-0.08
426,16,"(14, 37)",1,-0.08
426,17,"(15, 37)",1,-0.08
426,18,"(16, 37)",0,-0.08
426,19,"(16, 36)",1,-0.08
426,20,"(17, 36)",0,-0.08
426,21,"(17, 35)",1,-0.08
426,22,"(18, 35)",0,-0.08
426,23,"(18, 34)",1,-0.08
426,24,"(19, 34)",0,-0.08
426,25,"(19, 33)",0,-0.08
426,26,"(19, 32)",0,-0.08
426,27,"(19, 31)",0,-0.08
426,28,"(19, 30)",0,-0.08
426,29,"(19, 29)",1,-0.08
426,30,"(20, 29)",0,-0.08
426,31,"(20, 28)",0,-0.08
426,32,"(20, 27)",1,-0.08
426,33,"(21, 27)",0,-0.08
426,34,"(21, 26)",0,-0.08
426,35,"(21, 25)",1,-0.08
426,36,"(22, 25)",0,-0.08
426,37,"(22, 24)",0,-0.08
426,38,"(22, 23)",1,-0.08
426,39,"(23, 23)",1,-0.08
426,40,"(24, 23)",1,-0.08
426,41,"(25, 23)",0,-0.08
426,42,"(25, 22)",0,-0.08
426,43,"(25, 21)",1,-0.08
426,44,"(26, 21)",1,-0.08
426,45,"(27, 21)",0,-0.08
426,46,"(27, 20)",1,-0.08
426,47,"(28, 20)",0,-0.08
426,48,"(28, 19)",1,-0.08
426,49,"(29, 19)",1,-0.08
426,50,"(30, 19)",1,-0.08
426,51,"(31, 19)",1,-0.08
426,52,"(32, 19)",1,-0.08
426,53,"(33, 19)",1,-0.08
426,54,"(34, 19)",1,-0.08
426,55,"(35, 19)",1,-0.08
426,56,"(36, 19)",1,-0.08
426,57,"(37, 19)",0,-0.08
426,58,"(37, 18)",0,-0.08
426,59,"(37, 17)",1,-0.08
426,60,"(38, 17)",1,-0.08
426,61,"(39, 17)",0,-0.08
426,62,"(39, 16)",0,-0.08
426,63,"(39, 15)",1,-0.08
426,64,"(40, 15)",1,-0.08
426,65,"(41, 15)",0,-0.08
426,66,"(41, 14)",0,-0.08
426,67,"(41, 13)",1,-0.08
426,68,"(42, 13)",1,-0.08
426,69,"(43, 13)",0,-0.08
426,70,"(43, 12)",0,-0.08
426,71,"(43, 11)",1,-0.08
426,72,"(44, 11)",1,-0.08
426,73,"(45, 11)",0,-0.08
426,74,"(45, 10)",1,-0.08
426,75,"(46, 10)",0,-0.08
426,76,"(46, 9)",0,-0.08
426,77,"(46, 8)",0,-0.08
426,78,"(46, 7)",0,-0.08
426,79,"(46, 6)",1,-0.08
426,80,"(47, 6)",1,-0.08
426,81,"(48, 6)",1,-0.08
426,82,"(49, 6)",0,-0.08
426,83,"(49, 5)",1,-0.08
426,84,"(50, 5)",1,-0.08
426,85,"(51, 5)",1,-0.08
426,86,"(52, 5)",1,-0.08
426,87,"(53, 5)",0,-0.08
426,88,"(53, 4)",0,-0.08
426,89,"(53, 3)",1,-0.08
426,90,"(54, 3)",1,-0.08
426,91,"(55, 3)",1,-0.08
426,92,"(56, 3)",1,-0.08
426,93,"(57, 3)",0,-0.08
426,94,"(57, 2)",0,-0.08
426,95,"(57, 1)",1,-0.08
426,96,"(58, 1)",1,-0.08
426,97,"(59, 1)",1,-0.08
426,98,"(60, 1)",1,-0.08
426,99,"(61, 1)",1,-0.08
426,100,"(62, 1)",1,-0.08
426,101,"(63, 1)",1,-0.08
426,102,"(64, 1)",1,-0.08
426,103,"(65, 1)",1,-0.08
426,104,"(66, 1)",1,-0.08
426,105,"(67, 1)",1,-0.08
426,106,"(68, 1)",1,-0.08
426,107,"(69, 1)",1,-0.08
426,108,"(70, 1)",1,-0.08
426,109,"(71, 1)",2,-0.08
426,110,"(71, 2)",2,-0.08
426,111,"(71, 3)",1,-0.08
426,112,"(72, 3)",1,-0.08
426,113,"(73, 3)",1,-0.08
426,114,"(74, 3)",1,-0.08
426,115,"(75, 3)",1,-0.08
426,116,"(76, 3)",1,-0.08
426,117,"(77, 3)",0,-0.08
426,118,"(77, 2)",0,-0.08
426,119,"(77, 1)",1,-0.08
426,120,"(78, 1)",0,-0.08
426,121,"(78, 0)",1,8.33
427,0,"(0, 39)",1,-0.08
427,1,"(1, 39)",1,-0.08
427,2,"(2, 39)",1,-0.08
427,3,"(3, 39)",1,-0.08
427,4,"(4, 39)",1,-0.08
427,5,"(5, 39)",1,-0.08
427,6,"(6, 39)",1,-0.08
427,7,"(7, 39)",1,-0.08
427,8,"(8, 39)",1,-0.08
427,9,"(9, 39)",1,-0.08
427,10,"(10, 39)",1,-0.08
427,11,"(11, 39)",0,-0.08
427,12,"(11, 38)",0,-0.08
427,13,"(11, 37)",1,-0.08
427,14,"(12, 37)",1,-0.08
427,15,"(13, 37)",1,-0.08
427,16,"(14, 37)",1,-0.08
427,17,"(15, 37)",1,-0.08
427,18,"(16, 37)",0,-0.08
427,19,"(16, 36)",1,-0.08
427,20,"(17, 36)",0,-0.08
427,21,"(17, 35)",1,-0.08
427,22,"(18, 35)",1,-0.08
427,23,"(19, 35)",0,-0.08
427,24,"(19, 34)",0,-0.08
427,25,"(19, 33)",0,-0.08
427,26,"(19, 32)",0,-0.08
427,27,"(19, 31)",0,-0.08
427,28,"(19, 30)",0,-0.08
427,29,"(19, 29)",1,-0.08
427,30,"(20, 29)",0,-0.08
427,31,"(20, 28)",0,-0.08
427,32,"(20, 27)",1,-0.08
427,33,"(21, 27)",0,-0.08
427,34,"(21, 26)",0,-0.08
427,35,"(21, 25)",1,-0.08
427,36,"(22, 25)",1,-0.08
427,37,"(23, 25)",1,-0.08
427,38,"(24, 25)",1,-0.08
427,39,"(25, 25)",0,-0.08
427,40,"(25, 24)",0,-0.08
427,41,"(25, 23)",0,-0.08
427,42,"(25, 22)",0,-0.08
427,43,"(25, 21)",1,-0.08
427,44,"(26, 21)",1,-0.08
427,45,"(27, 21)",0,-0.08
427,46,"(27, 20)",0,-0.08
427,47,"(27, 19)",0,-0.08
427,48,"(27, 18)",0,-0.08
427,49,"(27, 17)",1,-0.08
427,50,"(28, 17)",1,-0.08
427,51,"(29, 17)",1,-0.08
427,52,"(30, 17)",1,-0.08
427,53,"(31, 17)",1,-0.08
427,54,"(32, 17)",0,-0.08
427,55,"(32, 16)",0,-0.08
427,56,"(32, 15)",0,-0.08
427,57,"(32, 14)",0,-0.08
427,58,"(32, 13)",1,-0.08
427,59,"(33, 13)",1,-0.08
427,60,"(34, 13)",1,-0.08
427,61,"(35, 13)",1,-0.08
427,62,"(36, 13)",1,-0.08
427,63,"(37, 13)",1,-0.08
427,64,"(38, 13)",1,-0.08
427,65,"(39, 13)",0,-0.08
427,66,"(39, 12)",0,-0.08
427,67,"(39, 11)",1,-0.08
427,68,"(40, 11)",1,-0.08
427,69,"(41, 11)",1,-0.08
427,70,"(42, 11)",1,-0.08
427,71,"(43, 11)",1,-0.08
427,72,"(44, 11)",1,-0.08
427,73,"(45, 11)",0,-0.08
427,74,"(45, 10)",0,-0.08
427,75,"(45, 9)",1,-0.08
427,76,"(46, 9)",0,-0.08
427,77,"(46, 8)",0,-0.08
427,78,"(46, 7)",1,-0.08
427,79,"(47, 7)",0,-0.08
427,80,"(47, 6)",1,-0.08
427,81,"(48, 6)",1,-0.08
427,82,"(49, 6)",0,-0.08
427,83,"(49, 5)",1,-0.08
427,84,"(50, 5)",1,-0.08
427,85,"(51, 5)",0,-0.08
427,86,"(51, 4)",0,-0.08
427,87,"(51, 3)",0,-0.08
427,88,"(51, 2)",0,-0.08
427,89,"(51, 1)",1,-0.08
427,90,"(52, 1)",1,-0.08
427,91,"(53, 1)",1,-0.08
427,92,"(54, 1)",1,-0.08
427,93,"(55, 1)",1,-0.08
427,94,"(56, 1)",1,-0.08
427,95,"(57, 1)",1,-0.08
427,96,"(58, 1)",1,-0.08
427,97,"(59, 1)",1,-0.08
427,98,"(60, 1)",1,-0.08
427,99,"(61, 1)",1,-0.08
427,100,"(62, 1)",1,-0.08
427,101,"(63, 1)",1,-0.08
427,102,"(64, 1)",1,-0.08
427,103,"(65, 1)",1,-0.08
427,104,"(66, 1)",1,-0.08
427,105,"(67, 1)",1,-0.08
427,106,"(68, 1)",1,-0.08
427,107,"(69, 1)",1,-0.08
427,108,"(70, 1)",1,-0.08
427,109,"(71, 1)",2,-0.08
427,110,"(71, 2)",2,-0.08
427,111,"(71, 3)",1,-0.08
427,112,"(72, 3)",1,-0.08
427,113,"(73, 3)",0,-0.08
427,114,"(73, 2)",0,-0.08
427,115,"(73, 1)",0,-0.08
427,116,"(73, 0)",1,-0.08
427,117,"(74, 0)",1,-0.08
427,118,"(75, 0)",1,-0.08
427,119,"(76, 0)",1,-0.08
427,120,"(77, 0)",1,-0.08
427,121,"(78, 0)",1,8.33
428,0,"(0, 39)",1,-0.08
428,1,"(1, 39)",1,-0.08
428,2,"(2, 39)",1,-0.08
428,3,"(3, 39)",1,-0.08
428,4,"(4, 39)",1,-0.08
428,5,"(5, 39)",1,-0.08
428,6,"(6, 39)",1,-0.08
428,7,"(7, 39)",1,-0.08
428,8,"(8, 39)",1,-0.08
428,9,"(9, 39)",1,-0.08
428,10,"(10, 39)",1,-0.08
428,11,"(11, 39)",1,-0.08
428,12,"(12, 39)",1,-0.08
428,13,"(13, 39)",1,-0.08
428,14,"(14, 39)",0,-0.08
428,15,"(14, 38)",0,-0.08
428,16,"(14, 37)",1,-0.08
428,17,"(15, 37)",1,-0.08
428,18,"(16, 37)",1,-0.08
428,19,"(17, 37)",1,-0.08
428,20,"(18, 37)",1,-0.08
428,21,"(19, 37)",0,-0.08
428,22,"(19, 36)",0,-0.08
428,23,"(19, 35)",0,-0.08
428,24,"(19, 34)",0,-0.08
428,25,"(19, 33)",0,-0.08
428,26,"(19, 32)",0,-0.08
428,27,"(19, 31)",0,-0.08
428,28,"(19, 30)",0,-0.08
428,29,"(19, 29)",1,-0.08
428,30,"(20, 29)",0,-0.08
428,31,"(20, 28)",0,-0.08
428,32,"(20, 27)",1,-0.08
428,33,"(21, 27)",0,-0.08
428,34,"(21, 26)",0,-0.08
428,35,"(21, 25)",1,-0.08
428,36,"(22, 25)",0,-0.08
428,37,"(22, 24)",0,-0.08
428,38,"(22, 23)",1,-0.08
428,39,"(23, 23)",1,-0.08
428,40,"(24, 23)",1,-0.08
428,41,"(25, 23)",0,-0.08
428,42,"(25, 22)",0,-0.08
428,43,"(25, 21)",1,-0.08
428,44,"(26, 21)",1,-0.08
428,45,"(27, 21)",0,-0.08
428,46,"(27, 20)",0,-0.08
428,47,"(27, 19)",0,-0.08
428,48,"(27, 18)",0,-0.08
428,49,"(27, 17)",0,-0.08
428,50,"(27, 16)",1,-0.08
428,51,"(28, 16)",1,-0.08
428,52,"(29, 16)",0,-0.08
428,53,"(29, 15)",1,-0.08
428,54,"(30, 15)",1,-0.08
428,55,"(31, 15)",0,-0.08
428,56,"(31, 14)",1,-0.08
428,57,"(32, 14)",0,-0.08
428,58,"(32, 13)",1,-0.08
428,59,"(33, 13)",1,-0.08
428,60,"(34, 13)",1,-0.08
428,61,"(35, 13)",1,-0.08
428,62,"(36, 13)",1,-0.08
428,63,"(37, 13)",1,-0.08
428,64,"(38, 13)",1,-0.08
428,65,"(39, 13)",1,-0.08
428,66,"(40, 13)",1,-0.08
428,67,"(41, 13)",0,-0.08
428,68,"(41, 12)",0,-0.08
428,69,"(41, 11)",1,-0.08
428,70,"(42, 11)",1,-0.08
428,71,"(43, 11)",1,-0.08
428,72,"(44, 11)",1,-0.08
428,73,"(45, 11)",0,-0.08
428,74,"(45, 10)",0,-0.08
428,75,"(45, 9)",1,-0.08
428,76,"(46, 9)",0,-0.08
428,77,"(46, 8)",0,-0.08
428,78,"(46, 7)",1,-0.08
428,79,"(47, 7)",0,-0.08
428,80,"(47, 6)",1,-0.08
428,81,"(48, 6)",1,-0.08
428,82,"(49, 6)",0,-0.08
428,83,"(49, 5)",1,-0.08
428,84,"(50, 5)",1,-0.08
428,85,"(51, 5)",0,-0.08
428,86,"(51, 4)",0,-0.08
428,87,"(51, 3)",0,-0.08
428,88,"(51, 2)",0,-0.08
428,89,"(51, 1)",1,-0.08
428,90,"(52, 1)",1,-0.08
428,91,"(53, 1)",1,-0.08
428,92,"(54, 1)",1,-0.08
428,93,"(55, 1)",1,-0.08
428,94,"(56, 1)",1,-0.08
428,95,"(57, 1)",1,-0.08
428,96,"(58, 1)",1,-0.08
428,97,"(59, 1)",1,-0.08
428,98,"(60, 1)",1,-0.08
428,99,"(61, 1)",1,-0.08
428,100,"(62, 1)",1,-0.08
428,101,"(63, 1)",1,-0.08
428,102,"(64, 1)",1,-0.08
428,103,"(65, 1)",1,-0.08
428,104,"(66, 1)",1,-0.08
428,105,"(67, 1)",1,-0.08
428,106,"(68, 1)",1,-0.08
428,107,"(69, 1)",1,-0.08
428,108,"(70, 1)",1,-0.08
428,109,"(71, 1)",2,-0.08
428,110,"(71, 2)",2,-0.08
428,111,"(71, 3)",1,-0.08
428,112,"(72, 3)",1,-0.08
428,113,"(73, 3)",0,-0.08
428,114,"(73, 2)",0,-0.08
428,115,"(73, 1)",1,-0.08
428,116,"(74, 1)",0,-0.08
428,117,"(74, 0)",1,-0.08
428,118,"(75, 0)",1,-0.08
428,119,"(76, 0)",1,-0.08
428,120,"(77, 0)",1,-0.08
428,121,"(78, 0)",1,8.33
429,0,"(0, 39)",1,-0.08
429,1,"(1, 39)",1,-0.08
429,2,"(2, 39)",1,-0.08
429,3,"(3, 39)",1,-0.08
429,4,"(4, 39)",1,-0.08
429,5,"(5, 39)",1,-0.08
429,6,"(6, 39)",1,-0.08
429,7,"(7, 39)",1,-0.08
429,8,"(8, 39)",1,-0.08
429,9,"(9, 39)",1,-0.08
429,10,"(10, 39)",1,-0.08
429,11,"(11, 39)",1,-0.08
429,12,"(12, 39)",1,-0.08
429,13,"(13, 39)",1,-0.08
429,14,"(14, 39)",0,-0.08
429,15,"(14, 38)",0,-0.08
429,16,"(14, 37)",1,-0.08
429,17,"(15, 37)",1,-0.08
429,18,"(16, 37)",0,-0.08
429,19,"(16, 36)",1,-0.08
429,20,"(17, 36)",0,-0.08
429,21,"(17, 35)",0,-0.08
429,22,"(17, 34)",0,-0.08
429,23,"(17, 33)",1,-0.08
429,24,"(18, 33)",1,-0.08
429,25,"(19, 33)",0,-0.08
429,26,"(19, 32)",0,-0.08
429,27,"(19, 31)",0,-0.08
429,28,"(19, 30)",0,-0.08
429,29,"(19, 29)",1,-0.08
429,30,"(20, 29)",0,-0.08
429,31,"(20, 28)",0,-0.08
429,32,"(20, 27)",1,-0.08
429,33,"(21, 27)",0,-0.08
429,34,"(21, 26)",1,-0.08
429,35,"(22, 26)",0,-0.08
429,36,"(22, 25)",1,-0.08
429,37,"(23, 25)",1,-0.08
429,38,"(24, 25)",1,-0.08
429,39,"(25, 25)",0,-0.08
429,40,"(25, 24)",0,-0.08
429,41,"(25, 23)",0,-0.08
429,42,"(25, 22)",0,-0.08
429,43,"(25, 21)",1,-0.08
429,44,"(26, 21)",1,-0.08
429,45,"(27, 21)",0,-0.08
429,46,"(27, 20)",1,-0.08
429,47,"(28, 20)",0,-0.08
429,48,"(28, 19)",1,-0.08
429,49,"(29, 19)",1,-0.08
429,50,"(30, 19)",1,-0.08
429,51,"(31, 19)",1,-0.08
429,52,"(32, 19)",0,-0.08
429,53,"(32, 18)",0,-0.08
429,54,"(32, 17)",0,-0.08
429,55,"(32, 16)",0,-0.08
429,56,"(32, 15)",0,-0.08
429,57,"(32, 14)",0,-0.08
429,58,"(32, 13)",1,-0.08
429,59,"(33, 13)",1,-0.08
429,60,"(34, 13)",1,-0.08
429,61,"(35, 13)",1,-0.08
429,62,"(36, 13)",1,-0.08
429,63,"(37, 13)",1,-0.08
429,64,"(38, 13)",1,-0.08
429,65,"(39, 13)",1,-0.08
429,66,"(40, 13)",1,-0.08
429,67,"(41, 13)",0,-0.08
429,68,"(41, 12)",0,-0.08
429,69,"(41, 11)",1,-0.08
429,70,"(42, 11)",1,-0.08
429,71,"(43, 11)",1,-0.08
429,72,"(44, 11)",1,-0.08
429,73,"(45, 11)",0,-0.08
429,74,"(45, 10)",1,-0.08
429,75,"(46, 10)",0,-0.08
429,76,"(46, 9)",0,-0.08
429,77,"(46, 8)",0,-0.08
429,78,"(46, 7)",0,-0.08
429,79,"(46, 6)",1,-0.08
429,80,"(47, 6)",1,-0.08
429,81,"(48, 6)",1,-0.08
429,82,"(49, 6)",0,-0.08
429,83,"(49, 5)",1,-0.08
429,84,"(50, 5)",1,-0.08
429,85,"(51, 5)",1,-0.08
429,86,"(52, 5)",1,-0.08
429,87,"(53, 5)",0,-0.08
429,88,"(53, 4)",0,-0.08
429,89,"(53, 3)",0,-0.08
429,90,"(53, 2)",0,-0.08
429,91,"(53, 1)",1,-0.08
429,92,"(54, 1)",1,-0.08
429,93,"(55, 1)",1,-0.08
429,94,"(56, 1)",1,-0.08
429,95,"(57, 1)",1,-0.08
429,96,"(58, 1)",1,-0.08
429,97,"(59, 1)",1,-0.08
429,98,"(60, 1)",1,-0.08
429,99,"(61, 1)",1,-0.08
429,100,"(62, 1)",1,-0.08
429,101,"(63, 1)",1,-0.08
429,102,"(64, 1)",1,-0.08
429,103,"(65, 1)",1,-0.08
429,104,"(66, 1)",1,-0.08
429,105,"(67, 1)",1,-0.08
429,106,"(68, 1)",1,-0.08
429,107,"(69, 1)",1,-0.08
429,108,"(70, 1)",1,-0.08
429,109,"(71, 1)",2,-0.08
429,110,"(71, 2)",2,-0.08
429,111,"(71, 3)",1,-0.08
429,112,"(72, 3)",1,-0.08
429,113,"(73, 3)",0,-0.08
429,114,"(73, 2)",0,-0.08
429,115,"(73, 1)",0,-0.08
429,116,"(73, 0)",1,-0.08
429,117,"(74, 0)",1,-0.08
429,118,"(75, 0)",1,-0.08
429,119,"(76, 0)",1,-0.08
429,120,"(77, 0)",1,-0.08
429,121,"(78, 0)",1,8.33
430,0,"(0, 39)",1,-0.08
430,1,"(1, 39)",1,-0.08
430,2,"(2, 39)",1,-0.08
430,3,"(3, 39)",1,-0.08
430,4,"(4, 39)",1,-0.08
430,5,"(5, 39)",1,-0.08
430,6,"(6, 39)",1,-0.08
430,7,"(7, 39)",1,-0.08
430,8,"(8, 39)",1,-0.08
430,9,"(9, 39)",1,-0.08
430,10,"(10, 39)",0,-0.08
430,11,"(10, 38)",0,-0.08
430,12,"(10, 37)",1,-0.08
430,13,"(11, 37)",1,-0.08
430,14,"(12, 37)",1,-0.08
430,15,"(13, 37)",1,-0.08
430,16,"(14, 37)",1,-0.08
430,17,"(15, 37)",0,-0.08
430,18,"(15, 36)",1,-0.08
430,19,"(16, 36)",1,-0.08
430,20,"(17, 36)",0,-0.08
430,21,"(17, 35)",0,-0.08
430,22,"(17, 34)",1,-0.08
430,23,"(18, 34)",0,-0.08
430,24,"(18, 33)",1,-0.08
430,25,"(19, 33)",0,-0.08
430,26,"(19, 32)",0,-0.08
430,27,"(19, 31)",0,-0.08
430,28,"(19, 30)",0,-0.08
430,29,"(19, 29)",1,-0.08
430,30,"(20, 29)",0,-0.08
430,31,"(20, 28)",0,-0.08
430,32,"(20, 27)",1,-0.08
430,33,"(21, 27)",0,-0.08
430,34,"(21, 26)",0,-0.08
430,35,"(21, 25)",1,-0.08
430,36,"(22, 25)",1,-0.08
430,37,"(23, 25)",1,-0.08
430,38,"(24, 25)",1,-0.08
430,39,"(25, 25)",1,-0.08
430,40,"(26, 25)",1,-0.08
430,41,"(27, 25)",1,-0.08
430,42,"(28, 25)",1,-0.08
430,43,"(29, 25)",1,-0.08
430,44,"(30, 25)",1,-0.08
430,45,"(31, 25)",0,-0.08
430,46,"(31, 24)",0,-0.08
430,47,"(31, 23)",1,-0.08
430,48,"(32, 23)",1,-0.08
430,49,"(33, 23)",0,-0.08
430,50,"(33, 22)",0,-0.08
430,51,"(33, 21)",1,-0.08
430,52,"(34, 21)",1,-0.08
430,53,"(35, 21)",0,-0.08
430,54,"(35, 20)",0,-0.08
430,55,"(35, 19)",1,-0.08
430,56,"(36, 19)",1,-0.08
430,57,"(37, 19)",0,-0.08
430,58,"(37, 18)",0,-0.08
430,59,"(37, 17)",1,-0.08
430,60,"(38, 17)",1,-0.08
430,61,"(39, 17)",0,-0.08
430,62,"(39, 16)",0,-0.08
430,63,"(39, 15)",1,-0.08
430,64,"(40, 15)",1,-0.08
430,65,"(41, 15)",0,-0.08
430,66,"(41, 14)",0,-0.08
430,67,"(41, 13)",0,-0.08
430,68,"(41, 12)",0,-0.08
430,69,"(41, 11)",1,-0.08
430,70,"(42, 11)",1,-0.08
430,71,"(43, 11)",1,-0.08
430,72,"(44, 11)",1,-0.08
430,73,"(45, 11)",0,-0.08
430,74,"(45, 10)",1,-0.08
430,75,"(46, 10)",0,-0.08
430,76,"(46, 9)",0,-0.08
430,77,"(46, 8)",0,-0.08
430,78,"(46, 7)",1,-0.08
430,79,"(47, 7)",0,-0.08
430,80,"(47, 6)",1,-0.08
430,81,"(48, 6)",1,-0.08
430,82,"(49, 6)",0,-0.08
430,83,"(49, 5)",1,-0.08
430,84,"(50, 5)",1,-0.08
430,85,"(51, 5)",0,-0.08
430,86,"(51, 4)",0,-0.08
430,87,"(51, 3)",0,-0.08
430,88,"(51, 2)",1,-0.08
430,89,"(52, 2)",0,-0.08
430,90,"(52, 1)",1,-0.08
430,91,"(53, 1)",1,-0.08
430,92,"(54, 1)",1,-0.08
430,93,"(55, 1)",1,-0.08
430,94,"(56, 1)",1,-0.08
430,95,"(57, 1)",1,-0.08
430,96,"(58, 1)",1,-0.08
430,97,"(59, 1)",1,-0.08
430,98,"(60, 1)",1,-0.08
430,99,"(61, 1)",1,-0.08
430,100,"(62, 1)",1,-0.08
430,101,"(63, 1)",1,-0.08
430,102,"(64, 1)",1,-0.08
430,103,"(65, 1)",1,-0.08
430,104,"(66, 1)",1,-0.08
430,105,"(67, 1)",1,-0.08
430,106,"(68, 1)",1,-0.08
430,107,"(69, 1)",1,-0.08
430,108,"(70, 1)",1,-0.08
430,109,"(71, 1)",2,-0.08
430,110,"(71, 2)",2,-0.08
430,111,"(71, 3)",1,-0.08
430,112,"(72, 3)",1,-0.08
430,113,"(73, 3)",0,-0.08
430,114,"(73, 2)",0,-0.08
430,115,"(73, 1)",0,-0.08
430,116,"(73, 0)",1,-0.08
430,117,"(74, 0)",1,-0.08
430,118,"(75, 0)",1,-0.08
430,119,"(76, 0)",1,-0.08
430,120,"(77, 0)",1,-0.08
430,121,"(78, 0)",1,8.33
431,0,"(0, 39)",1,-0.08
431,1,"(1, 39)",1,-0.08
431,2,"(2, 39)",1,-0.08
431,3,"(3, 39)",1,-0.08
431,4,"(4, 39)",1,-0.08
431,5,"(5, 39)",1,-0.08
431,6,"(6, 39)",1,-0.08
431,7,"(7, 39)",1,-0.08
431,8,"(8, 39)",1,-0.08
431,9,"(9, 39)",1,-0.08
431,10,"(10, 39)",0,-0.08
431,11,"(10, 38)",0,-0.08
431,12,"(10, 37)",1,-0.08
431,13,"(11, 37)",1,-0.08
431,14,"(12, 37)",1,-0.08
431,15,"(13, 37)",1,-0.08
431,16,"(14, 37)",1,-0.08
431,17,"(15, 37)",1,-0.08
431,18,"(16, 37)",1,-0.08
431,19,"(17, 37)",1,-0.08
431,20,"(18, 37)",1,-0.08
431,21,"(19, 37)",0,-0.08
431,22,"(19, 36)",0,-0.08
431,23,"(19, 35)",0,-0.08
431,24,"(19, 34)",0,-0.08
431,25,"(19, 33)",0,-0.08
431,26,"(19, 32)",0,-0.08
431,27,"(19, 31)",0,-0.08
431,28,"(19, 30)",0,-0.08
431,29,"(19, 29)",1,-0.08
431,30,"(20, 29)",0,-0.08
431,31,"(20, 28)",0,-0.08
431,32,"(20, 27)",1,-0.08
431,33,"(21, 27)",0,-0.08
431,34,"(21, 26)",1,-0.08
431,35,"(22, 26)",0,-0.08
431,36,"(22, 25)",0,-0.08
431,37,"(22, 24)",0,-0.08
431,38,"(22, 23)",1,-0.08
431,39,"(23, 23)",1,-0.08
431,40,"(24, 23)",1,-0.08
431,41,"(25, 23)",0,-0.08
431,42,"(25, 22)",0,-0.08
431,43,"(25, 21)",0,-0.08
431,44,"(25, 20)",0,-0.08
431,45,"(25, 19)",1,-0.08
431,46,"(26, 19)",1,-0.08
431,47,"(27, 19)",1,-0.08
431,48,"(28, 19)",1,-0.08
431,49,"(29, 19)",1,-0.08
431,50,"(30, 19)",1,-0.08
431,51,"(31, 19)",1,-0.08
431,52,"(32, 19)",0,-0.08
431,53,"(32, 18)",0,-0.08
431,54,"(32, 17)",0,-0.08
431,55,"(32, 16)",0,-0.08
431,56,"(32, 15)",0,-0.08
431,57,"(32, 14)",0,-0.08
431,58,"(32, 13)",1,-0.08
431,59,"(33, 13)",1,-0.08
431,60,"(34, 13)",1,-0.08
431,61,"(35, 13)",1,-0.08
431,62,"(36, 13)",1,-0.08
431,63,"(37, 13)",1,-0.08
431,64,"(38, 13)",1,-0.08
431,65,"(39, 13)",1,-0.08
431,66,"(40, 13)",1,-0.08
431,67,"(41, 13)",0,-0.08
431,68,"(41, 12)",0,-0.08
431,69,"(41, 11)",1,-0.08
431,70,"(42, 11)",1,-0.08
431,71,"(43, 11)",1,-0.08
431,72,"(44, 11)",1,-0.08
431,73,"(45, 11)",0,-0.08
431,74,"(45, 10)",1,-0.08
431,75,"(46, 10)",0,-0.08
431,76,"(46, 9)",0,-0.08
431,77,"(46, 8)",0,-0.08
431,78,"(46, 7)",0,-0.08
431,79,"(46, 6)",1,-0.08
431,80,"(47, 6)",1,-0.08
431,81,"(48, 6)",1,-0.08
431,82,"(49, 6)",0,-0.08
431,83,"(49, 5)",1,-0.08
431,84,"(50, 5)",1,-0.08
431,85,"(51, 5)",1,-0.08
431,86,"(52, 5)",1,-0.08
431,87,"(53, 5)",0,-0.08
431,88,"(53, 4)",0,-0.08
431,89,"(53, 3)",1,-0.08
431,90,"(54, 3)",1,-0.08
431,91,"(55, 3)",1,-0.08
431,92,"(56, 3)",0,-0.08
431,93,"(56, 2)",1,-0.08
431,94,"(57, 2)",1,-0.08
431,95,"(58, 2)",1,-0.08
431,96,"(59, 2)",0,-0.08
431,97,"(59, 1)",1,-0.08
431,98,"(60, 1)",1,-0.08
431,99,"(61, 1)",1,-0.08
431,100,"(62, 1)",1,-0.08
431,101,"(63, 1)",1,-0.08
431,102,"(64, 1)",1,-0.08
431,103,"(65, 1)",1,-0.08
431,104,"(66, 1)",1,-0.08
431,105,"(67, 1)",1,-0.08
431,106,"(68, 1)",1,-0.08
431,107,"(69, 1)",1,-0.08
431,108,"(70, 1)",1,-0.08
431,109,"(71, 1)",2,-0.08
431,110,"(71, 2)",2,-0.08
431,111,"(71, 3)",1,-0.08
431,112,"(72, 3)",1,-0.08
431,113,"(73, 3)",1,-0.08
431,114,"(74, 3)",1,-0.08
431,115,"(75, 3)",1,-0.08
431,116,"(76, 3)",1,-0.08
431,117,"(77, 3)",0,-0.08
431,118,"(77, 2)",0,-0.08
431,119,"(77, 1)",0,-0.08
431,120,"(77, 0)",1,-0.08
431,121,"(78, 0)",1,8.33
432,0,"(0, 39)",1,-0.08
432,1,"(1, 39)",1,-0.08
432,2,"(2, 39)",1,-0.08
432,3,"(3, 39)",1,-0.08
432,4,"(4, 39)",1,-0.08
432,5,"(5, 39)",1,-0.08
432,6,"(6, 39)",1,-0.08
432,7,"(7, 39)",1,-0.08
432,8,"(8, 39)",1,-0.08
432,9,"(9, 39)",1,-0.08
432,10,"(10, 39)",0,-0.08
432,11,"(10, 38)",1,-0.08
432,12,"(11, 38)",0,-0.08
432,13,"(11, 37)",1,-0.08
432,14,"(12, 37)",1,-0.08
432,15,"(13, 37)",1,-0.08
432,16,"(14, 37)",1,-0.08
432,17,"(15, 37)",1,-0.08
432,18,"(16, 37)",0,-0.08
432,19,"(16, 36)",1,-0.08
432,20,"(17, 36)",0,-0.08
432,21,"(17, 35)",0,-0.08
432,22,"(17, 34)",0,-0.08
432,23,"(17, 33)",1,-0.08
432,24,"(18, 33)",1,-0.08
432,25,"(19, 33)",0,-0.08
432,26,"(19, 32)",0,-0.08
432,27,"(19, 31)",0,-0.08
432,28,"(19, 30)",0,-0.08
432,29,"(19, 29)",1,-0.08
432,30,"(20, 29)",0,-0.08
432,31,"(20, 28)",0,-0.08
432,32,"(20, 27)",1,-0.08
432,33,"(21, 27)",0,-0.08
432,34,"(21, 26)",0,-0.08
432,35,"(21, 25)",1,-0.08
432,36,"(22, 25)",0,-0.08
432,37,"(22, 24)",0,-0.08
432,38,"(22, 23)",1,-0.08
432,39,"(23, 23)",1,-0.08
432,40,"(24, 23)",1,-0.08
432,41,"(25, 23)",0,-0.08
432,42,"(25, 22)",0,-0.08
432,43,"(25, 21)",0,-0.08
432,44,"(25, 20)",0,-0.08
432,45,"(25, 19)",1,-0.08
432,46,"(26, 19)",1,-0.08
432,47,"(27, 19)",1,-0.08
432,48,"(28, 19)",1,-0.08
432,49,"(29, 19)",1,-0.08
432,50,"(30, 19)",1,-0.08
432,51,"(31, 19)",1,-0.08
432,52,"(32, 19)",1,-0.08
432,53,"(33, 19)",1,-0.08
432,54,"(34, 19)",1,-0.08
432,55,"(35, 19)",1,-0.08
432,56,"(36, 19)",1,-0.08
432,57,"(37, 19)",0,-0.08
432,58,"(37, 18)",0,-0.08
432,59,"(37, 17)",1,-0.08
432,60,"(38, 17)",1,-0.08
432,61,"(39, 17)",0,-0.08
432,62,"(39, 16)",0,-0.08
432,63,"(39, 15)",1,-0.08
432,64,"(40, 15)",1,-0.08
432,65,"(41, 15)",0,-0.08
432,66,"(41, 14)",0,-0.08
432,67,"(41, 13)",0,-0.08
432,68,"(41, 12)",0,-0.08
432,69,"(41, 11)",1,-0.08
432,70,"(42, 11)",1,-0.08
432,71,"(43, 11)",1,-0.08
432,72,"(44, 11)",1,-0.08
432,73,"(45, 11)",0,-0.08
432,74,"(45, 10)",0,-0.08
432,75,"(45, 9)",0,-0.08
432,76,"(45, 8)",1,-0.08
432,77,"(46, 8)",0,-0.08
432,78,"(46, 7)",1,-0.08
432,79,"(47, 7)",0,-0.08
432,80,"(47, 6)",1,-0.08
432,81,"(48, 6)",1,-0.08
432,82,"(49, 6)",0,-0.08
432,83,"(49, 5)",1,-0.08
432,84,"(50, 5)",1,-0.08
432,85,"(51, 5)",1,-0.08
432,86,"(52, 5)",1,-0.08
432,87,"(53, 5)",0,-0.08
432,88,"(53, 4)",0,-0.08
432,89,"(53, 3)",0,-0.08
432,90,"(53, 2)",0,-0.08
432,91,"(53, 1)",1,-0.08
432,92,"(54, 1)",1,-0.08
432,93,"(55, 1)",1,-0.08
432,94,"(56, 1)",1,-0.08
432,95,"(57, 1)",1,-0.08
432,96,"(58, 1)",1,-0.08
432,97,"(59, 1)",1,-0.08
432,98,"(60, 1)",1,-0.08
432,99,"(61, 1)",1,-0.08
432,100,"(62, 1)",1,-0.08
432,101,"(63, 1)",1,-0.08
432,102,"(64, 1)",1,-0.08
432,103,"(65, 1)",1,-0.08
432,104,"(66, 1)",1,-0.08
432,105,"(67, 1)",1,-0.08
432,106,"(68, 1)",1,-0.08
432,107,"(69, 1)",1,-0.08
432,108,"(70, 1)",1,-0.08
432,109,"(71, 1)",2,-0.08
432,110,"(71, 2)",2,-0.08
432,111,"(71, 3)",1,-0.08
432,112,"(72, 3)",1,-0.08
432,113,"(73, 3)",1,-0.08
432,114,"(74, 3)",1,-0.08
432,115,"(75, 3)",1,-0.08
432,116,"(76, 3)",1,-0.08
432,117,"(77, 3)",0,-0.08
432,118,"(77, 2)",0,-0.08
432,119,"(77, 1)",1,-0.08
432,120,"(78, 1)",0,-0.08
432,121,"(78, 0)",1,8.33
433,0,"(0, 39)",1,-0.08
433,1,"(1, 39)",1,-0.08
433,2,"(2, 39)",1,-0.08
433,3,"(3, 39)",1,-0.08
433,4,"(4, 39)",1,-0.08
433,5,"(5, 39)",1,-0.08
433,6,"(6, 39)",1,-0.08
433,7,"(7, 39)",1,-0.08
433,8,"(8, 39)",1,-0.08
433,9,"(9, 39)",1,-0.08
433,10,"(10, 39)",0,-0.08
433,11,"(10, 38)",0,-0.08
433,12,"(10, 37)",1,-0.08
433,13,"(11, 37)",1,-0.08
433,14,"(12, 37)",1,-0.08
433,15,"(13, 37)",1,-0.08
433,16,"(14, 37)",1,-0.08
433,17,"(15, 37)",0,-0.08
433,18,"(15, 36)",0,-0.08
433,19,"(15, 35)",0,-0.08
433,20,"(15, 34)",0,-0.08
433,21,"(15, 33)",1,-0.08
433,22,"(16, 33)",1,-0.08
433,23,"(17, 33)",1,-0.08
433,24,"(18, 33)",1,-0.08
433,25,"(19, 33)",0,-0.08
433,26,"(19, 32)",0,-0.08
433,27,"(19, 31)",0,-0.08
433,28,"(19, 30)",0,-0.08
433,29,"(19, 29)",1,-0.08
433,30,"(20, 29)",0,-0.08
433,31,"(20, 28)",0,-0.08
433,32,"(20, 27)",1,-0.08
433,33,"(21, 27)",0,-0.08
433,34,"(21, 26)",1,-0.08
433,35,"(22, 26)",0,-0.08
433,36,"(22, 25)",0,-0.08
433,37,"(22, 24)",0,-0.08
433,38,"(22, 23)",1,-0.08
433,39,"(23, 23)",1,-0.08
433,40,"(24, 23)",1,-0.08
433,41,"(25, 23)",0,-0.08
433,42,"(25, 22)",0,-0.08
433,43,"(25, 21)",0,-0.08
433,44,"(25, 20)",0,-0.08
433,45,"(25, 19)",1,-0.08
433,46,"(26, 19)",1,-0.08
433,47,"(27, 19)",0,-0.08
433,48,"(27, 18)",0,-0.08
433,49,"(27, 17)",0,-0.08
433,50,"(27, 16)",1,-0.08
433,51,"(28, 16)",1,-0.08
433,52,"(29, 16)",0,-0.08
433,53,"(29, 15)",1,-0.08
433,54,"(30, 15)",1,-0.08
433,55,"(31, 15)",1,-0.08
433,56,"(32, 15)",0,-0.08
433,57,"(32, 14)",0,-0.08
433,58,"(32, 13)",1,-0.08
433,59,"(33, 13)",1,-0.08
433,60,"(34, 13)",1,-0.08
433,61,"(35, 13)",1,-0.08
433,62,"(36, 13)",1,-0.08
433,63,"(37, 13)",1,-0.08
433,64,"(38, 13)",1,-0.08
433,65,"(39, 13)",0,-0.08
433,66,"(39, 12)",0,-0.08
433,67,"(39, 11)",1,-0.08
433,68,"(40, 11)",1,-0.08
433,69,"(41, 11)",1,-0.08
433,70,"(42, 11)",1,-0.08
433,71,"(43, 11)",1,-0.08
433,72,"(44, 11)",1,-0.08
433,73,"(45, 11)",0,-0.08
433,74,"(45, 10)",1,-0.08
433,75,"(46, 10)",0,-0.08
433,76,"(46, 9)",0,-0.08
433,77,"(46, 8)",0,-0.08
433,78,"(46, 7)",0,-0.08
433,79,"(46, 6)",1,-0.08
433,80,"(47, 6)",1,-0.08
433,81,"(48, 6)",1,-0.08
433,82,"(49, 6)",0,-0.08
433,83,"(49, 5)",1,-0.08
433,84,"(50, 5)",1,-0.08
433,85,"(51, 5)",1,-0.08
433,86,"(52, 5)",1,-0.08
433,87,"(53, 5)",0,-0.08
433,88,"(53, 4)",0,-0.08
433,89,"(53, 3)",1,-0.08
433,90,"(54, 3)",1,-0.08
433,91,"(55, 3)",1,-0.08
433,92,"(56, 3)",1,-0.08
433,93,"(57, 3)",0,-0.08
433,94,"(57, 2)",1,-0.08
433,95,"(58, 2)",1,-0.08
433,96,"(59, 2)",0,-0.08
433,97,"(59, 1)",1,-0.08
433,98,"(60, 1)",1,-0.08
433,99,"(61, 1)",1,-0.08
433,100,"(62, 1)",1,-0.08
433,101,"(63, 1)",1,-0.08
433,102,"(64, 1)",1,-0.08
433,103,"(65, 1)",1,-0.08
433,104,"(66, 1)",1,-0.08
433,105,"(67, 1)",1,-0.08
433,106,"(68, 1)",1,-0.08
433,107,"(69, 1)",1,-0.08
433,108,"(70, 1)",1,-0.08
433,109,"(71, 1)",2,-0.08
433,110,"(71, 2)",2,-0.08
433,111,"(71, 3)",1,-0.08
433,112,"(72, 3)",1,-0.08
433,113,"(73, 3)",1,-0.08
433,114,"(74, 3)",1,-0.08
433,115,"(75, 3)",1,-0.08
433,116,"(76, 3)",1,-0.08
433,117,"(77, 3)",0,-0.08
433,118,"(77, 2)",0,-0.08
433,119,"(77, 1)",0,-0.08
433,120,"(77, 0)",1,-0.08
433,121,"(78, 0)",1,8.33
434,0,"(0, 39)",1,-0.08
434,1,"(1, 39)",1,-0.08
434,2,"(2, 39)",1,-0.08
434,3,"(3, 39)",1,-0.08
434,4,"(4, 39)",1,-0.08
434,5,"(5, 39)",1,-0.08
434,6,"(6, 39)",1,-0.08
434,7,"(7, 39)",1,-0.08
434,8,"(8, 39)",1,-0.08
434,9,"(9, 39)",1,-0.08
434,10,"(10, 39)",1,-0.08
434,11,"(11, 39)",0,-0.08
434,12,"(11, 38)",0,-0.08
434,13,"(11, 37)",1,-0.08
434,14,"(12, 37)",1,-0.08
434,15,"(13, 37)",1,-0.08
434,16,"(14, 37)",1,-0.08
434,17,"(15, 37)",1,-0.08
434,18,"(16, 37)",1,-0.08
434,19,"(17, 37)",1,-0.08
434,20,"(18, 37)",1,-0.08
434,21,"(19, 37)",0,-0.08
434,22,"(19, 36)",0,-0.08
434,23,"(19, 35)",0,-0.08
434,24,"(19, 34)",0,-0.08
434,25,"(19, 33)",0,-0.08
434,26,"(19, 32)",0,-0.08
434,27,"(19, 31)",0,-0.08
434,28,"(19, 30)",0,-0.08
434,29,"(19, 29)",1,-0.08
434,30,"(20, 29)",0,-0.08
434,31,"(20, 28)",0,-0.08
434,32,"(20, 27)",1,-0.08
434,33,"(21, 27)",0,-0.08
434,34,"(21, 26)",0,-0.08
434,35,"(21, 25)",1,-0.08
434,36,"(22, 25)",1,-0.08
434,37,"(23, 25)",1,-0.08
434,38,"(24, 25)",1,-0.08
434,39,"(25, 25)",0,-0.08
434,40,"(25, 24)",0,-0.08
434,41,"(25, 23)",0,-0.08
434,42,"(25, 22)",0,-0.08
434,43,"(25, 21)",1,-0.08
434,44,"(26, 21)",1,-0.08
434,45,"(27, 21)",0,-0.08
434,46,"(27, 20)",0,-0.08
434,47,"(27, 19)",0,-0.08
434,48,"(27, 18)",0,-0.08
434,49,"(27, 17)",0,-0.08
434,50,"(27, 16)",1,-0.08
434,51,"(28, 16)",1,-0.08
434,52,"(29, 16)",0,-0.08
434,53,"(29, 15)",1,-0.08
434,54,"(30, 15)",1,-0.08
434,55,"(31, 15)",1,-0.08
434,56,"(32, 15)",0,-0.08
434,57,"(32, 14)",0,-0.08
434,58,"(32, 13)",1,-0.08
434,59,"(33, 13)",1,-0.08
434,60,"(34, 13)",1,-0.08
434,61,"(35, 13)",1,-0.08
434,62,"(36, 13)",1,-0.08
434,63,"(37, 13)",1,-0.08
434,64,"(38, 13)",1,-0.08
434,65,"(39, 13)",0,-0.08
434,66,"(39, 12)",0,-0.08
434,67,"(39, 11)",1,-0.08
434,68,"(40, 11)",1,-0.08
434,69,"(41, 11)",1,-0.08
434,70,"(42, 11)",1,-0.08
434,71,"(43, 11)",1,-0.08
434,72,"(44, 11)",1,-0.08
434,73,"(45, 11)",0,-0.08
434,74,"(45, 10)",0,-0.08
434,75,"(45, 9)",1,-0.08
434,76,"(46, 9)",0,-0.08
434,77,"(46, 8)",0,-0.08
434,78,"(46, 7)",1,-0.08
434,79,"(47, 7)",0,-0.08
434,80,"(47, 6)",1,-0.08
434,81,"(48, 6)",1,-0.08
434,82,"(49, 6)",0,-0.08
434,83,"(49, 5)",1,-0.08
434,84,"(50, 5)",1,-0.08
434,85,"(51, 5)",0,-0.08
434,86,"(51, 4)",0,-0.08
434,87,"(51, 3)",0,-0.08
434,88,"(51, 2)",1,-0.08
434,89,"(52, 2)",0,-0.08
434,90,"(52, 1)",1,-0.08
434,91,"(53, 1)",1,-0.08
434,92,"(54, 1)",1,-0.08
434,93,"(55, 1)",1,-0.08
434,94,"(56, 1)",1,-0.08
434,95,"(57, 1)",1,-0.08
434,96,"(58, 1)",1,-0.08
434,97,"(59, 1)",1,-0.08
434,98,"(60, 1)",1,-0.08
434,99,"(61, 1)",1,-0.08
434,100,"(62, 1)",1,-0.08
434,101,"(63, 1)",1,-0.08
434,102,"(64, 1)",1,-0.08
434,103,"(65, 1)",1,-0.08
434,104,"(66, 1)",1,-0.08
434,105,"(67, 1)",1,-0.08
434,106,"(68, 1)",1,-0.08
434,107,"(69, 1)",1,-0.08
434,108,"(70, 1)",1,-0.08
434,109,"(71, 1)",2,-0.08
434,110,"(71, 2)",2,-0.08
434,111,"(71, 3)",1,-0.08
434,112,"(72, 3)",1,-0.08
434,113,"(73, 3)",1,-0.08
434,114,"(74, 3)",1,-0.08
434,115,"(75, 3)",1,-0.08
434,116,"(76, 3)",1,-0.08
434,117,"(77, 3)",0,-0.08
434,118,"(77, 2)",0,-0.08
434,119,"(77, 1)",0,-0.08
434,120,"(77, 0)",1,-0.08
434,121,"(78, 0)",1,8.33
435,0,"(0, 39)",1,-0.08
435,1,"(1, 39)",1,-0.08
435,2,"(2, 39)",1,-0.08
435,3,"(3, 39)",1,-0.08
435,4,"(4, 39)",1,-0.08
435,5,"(5, 39)",1,-0.08
435,6,"(6, 39)",1,-0.08
435,7,"(7, 39)",1,-0.08
435,8,"(8, 39)",1,-0.08
435,9,"(9, 39)",1,-0.08
435,10,"(10, 39)",0,-0.08
435,11,"(10, 38)",0,-0.08
435,12,"(10, 37)",1,-0.08
435,13,"(11, 37)",1,-0.08
435,14,"(12, 37)",1,-0.08
435,15,"(13, 37)",1,-0.08
435,16,"(14, 37)",1,-0.08
435,17,"(15, 37)",0,-0.08
435,18,"(15, 36)",1,-0.08
435,19,"(16, 36)",1,-0.08
435,20,"(17, 36)",0,-0.08
435,21,"(17, 35)",0,-0.08
435,22,"(17, 34)",0,-0.08
435,23,"(17, 33)",1,-0.08
435,24,"(18, 33)",1,-0.08
435,25,"(19, 33)",0,-0.08
435,26,"(19, 32)",0,-0.08
435,27,"(19, 31)",0,-0.08
435,28,"(19, 30)",0,-0.08
435,29,"(19, 29)",1,-0.08
435,30,"(20, 29)",0,-0.08
435,31,"(20, 28)",0,-0.08
435,32,"(20, 27)",1,-0.08
435,33,"(21, 27)",0,-0.08
435,34,"(21, 26)",1,-0.08
435,35,"(22, 26)",0,-0.08
435,36,"(22, 25)",0,-0.08
435,37,"(22, 24)",0,-0.08
435,38,"(22, 23)",1,-0.08
435,39,"(23, 23)",1,-0.08
435,40,"(24, 23)",1,-0.08
435,41,"(25, 23)",0,-0.08
435,42,"(25, 22)",0,-0.08
435,43,"(25, 21)",0,-0.08
435,44,"(25, 20)",0,-0.08
435,45,"(25, 19)",1,-0.08
435,46,"(26, 19)",1,-0.08
435,47,"(27, 19)",1,-0.08
435,48,"(28, 19)",1,-0.08
435,49,"(29, 19)",1,-0.08
435,50,"(30, 19)",1,-0.08
435,51,"(31, 19)",0,-0.08
435,52,"(31, 18)",0,-0.08
435,53,"(31, 17)",1,-0.08
435,54,"(32, 17)",0,-0.08
435,55,"(32, 16)",0,-0.08
435,56,"(32, 15)",0,-0.08
435,57,"(32, 14)",0,-0.08
435,58,"(32, 13)",1,-0.08
435,59,"(33, 13)",1,-0.08
435,60,"(34, 13)",1,-0.08
435,61,"(35, 13)",1,-0.08
435,62,"(36, 13)",1,-0.08
435,63,"(37, 13)",1,-0.08
435,64,"(38, 13)",1,-0.08
435,65,"(39, 13)",1,-0.08
435,66,"(40, 13)",1,-0.08
435,67,"(41, 13)",0,-0.08
435,68,"(41, 12)",0,-0.08
435,69,"(41, 11)",1,-0.08
435,70,"(42, 11)",1,-0.08
435,71,"(43, 11)",1,-0.08
435,72,"(44, 11)",1,-0.08
435,73,"(45, 11)",0,-0.08
435,74,"(45, 10)",0,-0.08
435,75,"(45, 9)",1,-0.08
435,76,"(46, 9)",0,-0.08
435,77,"(46, 8)",0,-0.08
435,78,"(46, 7)",0,-0.08
435,79,"(46, 6)",1,-0.08
435,80,"(47, 6)",1,-0.08
435,81,"(48, 6)",1,-0.08
435,82,"(49, 6)",0,-0.08
435,83,"(49, 5)",1,-0.08
435,84,"(50, 5)",1,-0.08
435,85,"(51, 5)",1,-0.08
435,86,"(52, 5)",1,-0.08
435,87,"(53, 5)",0,-0.08
435,88,"(53, 4)",0,-0.08
435,89,"(53, 3)",1,-0.08
435,90,"(54, 3)",1,-0.08
435,91,"(55, 3)",1,-0.08
435,92,"(56, 3)",0,-0.08
435,93,"(56, 2)",0,-0.08
435,94,"(56, 1)",1,-0.08
435,95,"(57, 1)",1,-0.08
435,96,"(58, 1)",1,-0.08
435,97,"(59, 1)",1,-0.08
435,98,"(60, 1)",1,-0.08
435,99,"(61, 1)",1,-0.08
435,100,"(62, 1)",1,-0.08
435,101,"(63, 1)",1,-0.08
435,102,"(64, 1)",1,-0.08
435,103,"(65, 1)",1,-0.08
435,104,"(66, 1)",1,-0.08
435,105,"(67, 1)",1,-0.08
435,106,"(68, 1)",1,-0.08
435,107,"(69, 1)",1,-0.08
435,108,"(70, 1)",1,-0.08
435,109,"(71, 1)",2,-0.08
435,110,"(71, 2)",2,-0.08
435,111,"(71, 3)",1,-0.08
435,112,"(72, 3)",1,-0.08
435,113,"(73, 3)",1,-0.08
435,114,"(74, 3)",1,-0.08
435,115,"(75, 3)",1,-0.08
435,116,"(76, 3)",1,-0.08
435,117,"(77, 3)",0,-0.08
435,118,"(77, 2)",0,-0.08
435,119,"(77, 1)",0,-0.08
435,120,"(77, 0)",1,-0.08
435,121,"(78, 0)",1,8.33
436,0,"(0, 39)",1,-0.08
436,1,"(1, 39)",1,-0.08
436,2,"(2, 39)",1,-0.08
436,3,"(3, 39)",1,-0.08
436,4,"(4, 39)",1,-0.08
436,5,"(5, 39)",1,-0.08
436,6,"(6, 39)",1,-0.08
436,7,"(7, 39)",1,-0.08
436,8,"(8, 39)",1,-0.08
436,9,"(9, 39)",1,-0.08
436,10,"(10, 39)",1,-0.08
436,11,"(11, 39)",1,-0.08
436,12,"(12, 39)",1,-0.08
436,13,"(13, 39)",1,-0.08
436,14,"(14, 39)",0,-0.08
436,15,"(14, 38)",0,-0.08
436,16,"(14, 37)",1,-0.08
436,17,"(15, 37)",1,-0.08
436,18,"(16, 37)",1,-0.08
436,19,"(17, 37)",0,-0.08
436,20,"(17, 36)",0,-0.08
436,21,"(17, 35)",1,-0.08
436,22,"(18, 35)",0,-0.08
436,23,"(18, 34)",0,-0.08
436,24,"(18, 33)",1,-0.08
436,25,"(19, 33)",0,-0.08
436,26,"(19, 32)",0,-0.08
436,27,"(19, 31)",0,-0.08
436,28,"(19, 30)",0,-0.08
436,29,"(19, 29)",1,-0.08
436,30,"(20, 29)",0,-0.08
436,31,"(20, 28)",0,-0.08
436,32,"(20, 27)",1,-0.08
436,33,"(21, 27)",0,-0.08
436,34,"(21, 26)",1,-0.08
436,35,"(22, 26)",1,-0.08
436,36,"(23, 26)",0,-0.08
436,37,"(23, 25)",1,-0.08
436,38,"(24, 25)",1,-0.08
436,39,"(25, 25)",1,-0.08
436,40,"(26, 25)",1,-0.08
436,41,"(27, 25)",1,-0.08
436,42,"(28, 25)",1,-0.08
436,43,"(29, 25)",1,-0.08
436,44,"(30, 25)",1,-0.08
436,45,"(31, 25)",0,-0.08
436,46,"(31, 24)",0,-0.08
436,47,"(31, 23)",1,-0.08
436,48,"(32, 23)",1,-0.08
436,49,"(33, 23)",0,-0.08
436,50,"(33, 22)",0,-0.08
436,51,"(33, 21)",1,-0.08
436,52,"(34, 21)",1,-0.08
436,53,"(35, 21)",1,-0.08
436,54,"(36, 21)",1,-0.08
436,55,"(37, 21)",1,-0.08
436,56,"(38, 21)",1,-0.08
436,57,"(39, 21)",1,-0.08
436,58,"(40, 21)",0,-0.08
436,59,"(40, 20)",1,-0.08
436,60,"(41, 20)",0,-0.08
436,61,"(41, 19)",0,-0.08
436,62,"(41, 18)",0,-0.08
436,63,"(41, 17)",1,-0.08
436,64,"(42, 17)",1,-0.08
436,65,"(43, 17)",0,-0.08
436,66,"(43, 16)",1,-0.08
436,67,"(44, 16)",0,-0.08
436,68,"(44, 15)",1,-0.08
436,69,"(45, 15)",0,-0.08
436,70,"(45, 14)",0,-0.08
436,71,"(45, 13)",0,-0.08
436,72,"(45, 12)",0,-0.08
436,73,"(45, 11)",0,-0.08
436,74,"(45, 10)",1,-0.08
436,75,"(46, 10)",0,-0.08
436,76,"(46, 9)",0,-0.08
436,77,"(46, 8)",0,-0.08
436,78,"(46, 7)",1,-0.08
436,79,"(47, 7)",0,-0.08
436,80,"(47, 6)",1,-0.08
436,81,"(48, 6)",1,-0.08
436,82,"(49, 6)",0,-0.08
436,83,"(49, 5)",1,-0.08
436,84,"(50, 5)",1,-0.08
436,85,"(51, 5)",1,-0.08
436,86,"(52, 5)",1,-0.08
436,87,"(53, 5)",0,-0.08
436,88,"(53, 4)",0,-0.08
436,89,"(53, 3)",0,-0.08
436,90,"(53, 2)",0,-0.08
436,91,"(53, 1)",1,-0.08
436,92,"(54, 1)",1,-0.08
436,93,"(55, 1)",1,-0.08
436,94,"(56, 1)",1,-0.08
436,95,"(57, 1)",1,-0.08
436,96,"(58, 1)",1,-0.08
436,97,"(59, 1)",1,-0.08
436,98,"(60, 1)",1,-0.08
436,99,"(61, 1)",1,-0.08
436,100,"(62, 1)",1,-0.08
436,101,"(63, 1)",1,-0.08
436,102,"(64, 1)",1,-0.08
436,103,"(65, 1)",1,-0.08
436,104,"(66, 1)",1,-0.08
436,105,"(67, 1)",1,-0.08
436,106,"(68, 1)",1,-0.08
436,107,"(69, 1)",1,-0.08
436,108,"(70, 1)",1,-0.08
436,109,"(71, 1)",2,-0.08
436,110,"(71, 2)",2,-0.08
436,111,"(71, 3)",1,-0.08
436,112,"(72, 3)",1,-0.08
436,113,"(73, 3)",0,-0.08
436,114,"(73, 2)",0,-0.08
436,115,"(73, 1)",0,-0.08
436,116,"(73, 0)",1,-0.08
436,117,"(74, 0)",1,-0.08
436,118,"(75, 0)",1,-0.08
436,119,"(76, 0)",1,-0.08
436,120,"(77, 0)",1,-0.08
436,121,"(78, 0)",1,8.33
437,0,"(0, 39)",1,-0.08
437,1,"(1, 39)",1,-0.08
437,2,"(2, 39)",1,-0.08
437,3,"(3, 39)",1,-0.08
437,4,"(4, 39)",1,-0.08
437,5,"(5, 39)",1,-0.08
437,6,"(6, 39)",1,-0.08
437,7,"(7, 39)",1,-0.08
437,8,"(8, 39)",1,-0.08
437,9,"(9, 39)",1,-0.08
437,10,"(10, 39)",0,-0.08
437,11,"(10, 38)",1,-0.08
437,12,"(11, 38)",0,-0.08
437,13,"(11, 37)",1,-0.08
437,14,"(12, 37)",1,-0.08
437,15,"(13, 37)",1,-0.08
437,16,"(14, 37)",1,-0.08
437,17,"(15, 37)",1,-0.08
437,18,"(16, 37)",1,-0.08
437,19,"(17, 37)",0,-0.08
437,20,"(17, 36)",0,-0.08
437,21,"(17, 35)",1,-0.08
437,22,"(18, 35)",0,-0.08
437,23,"(18, 34)",1,-0.08
437,24,"(19, 34)",0,-0.08
437,25,"(19, 33)",0,-0.08
437,26,"(19, 32)",0,-0.08
437,27,"(19, 31)",0,-0.08
437,28,"(19, 30)",0,-0.08
437,29,"(19, 29)",1,-0.08
437,30,"(20, 29)",0,-0.08
437,31,"(20, 28)",0,-0.08
437,32,"(20, 27)",1,-0.08
437,33,"(21, 27)",0,-0.08
437,34,"(21, 26)",0,-0.08
437,35,"(21, 25)",1,-0.08
437,36,"(22, 25)",1,-0.08
437,37,"(23, 25)",1,-0.08
437,38,"(24, 25)",1,-0.08
437,39,"(25, 25)",1,-0.08
437,40,"(26, 25)",1,-0.08
437,41,"(27, 25)",1,-0.08
437,42,"(28, 25)",1,-0.08
437,43,"(29, 25)",1,-0.08
437,44,"(30, 25)",1,-0.08
437,45,"(31, 25)",0,-0.08
437,46,"(31, 24)",0,-0.08
437,47,"(31, 23)",1,-0.08
437,48,"(32, 23)",1,-0.08
437,49,"(33, 23)",0,-0.08
437,50,"(33, 22)",0,-0.08
437,51,"(33, 21)",1,-0.08
437,52,"(34, 21)",1,-0.08
437,53,"(35, 21)",0,-0.08
437,54,"(35, 20)",0,-0.08
437,55,"(35, 19)",1,-0.08
437,56,"(36, 19)",1,-0.08
437,57,"(37, 19)",0,-0.08
437,58,"(37, 18)",0,-0.08
437,59,"(37, 17)",0,-0.08
437,60,"(37, 16)",0,-0.08
437,61,"(37, 15)",1,-0.08
437,62,"(38, 15)",0,-0.08
437,63,"(38, 14)",0,-0.08
437,64,"(38, 13)",1,-0.08
437,65,"(39, 13)",0,-0.08
437,66,"(39, 12)",0,-0.08
437,67,"(39, 11)",1,-0.08
437,68,"(40, 11)",1,-0.08
437,69,"(41, 11)",1,-0.08
437,70,"(42, 11)",1,-0.08
437,71,"(43, 11)",1,-0.08
437,72,"(44, 11)",1,-0.08
437,73,"(45, 11)",0,-0.08
437,74,"(45, 10)",1,-0.08
437,75,"(46, 10)",0,-0.08
437,76,"(46, 9)",0,-0.08
437,77,"(46, 8)",0,-0.08
437,78,"(46, 7)",1,-0.08
437,79,"(47, 7)",0,-0.08
437,80,"(47, 6)",1,-0.08
437,81,"(48, 6)",1,-0.08
437,82,"(49, 6)",0,-0.08
437,83,"(49, 5)",1,-0.08
437,84,"(50, 5)",1,-0.08
437,85,"(51, 5)",0,-0.08
437,86,"(51, 4)",0,-0.08
437,87,"(51, 3)",0,-0.08
437,88,"(51, 2)",1,-0.08
437,89,"(52, 2)",0,-0.08
437,90,"(52, 1)",1,-0.08
437,91,"(53, 1)",1,-0.08
437,92,"(54, 1)",1,-0.08
437,93,"(55, 1)",1,-0.08
437,94,"(56, 1)",1,-0.08
437,95,"(57, 1)",1,-0.08
437,96,"(58, 1)",1,-0.08
437,97,"(59, 1)",1,-0.08
437,98,"(60, 1)",1,-0.08
437,99,"(61, 1)",1,-0.08
437,100,"(62, 1)",1,-0.08
437,101,"(63, 1)",1,-0.08
437,102,"(64, 1)",1,-0.08
437,103,"(65, 1)",1,-0.08
437,104,"(66, 1)",1,-0.08
437,105,"(67, 1)",1,-0.08
437,106,"(68, 1)",1,-0.08
437,107,"(69, 1)",1,-0.08
437,108,"(70, 1)",1,-0.08
437,109,"(71, 1)",2,-0.08
437,110,"(71, 2)",2,-0.08
437,111,"(71, 3)",1,-0.08
437,112,"(72, 3)",1,-0.08
437,113,"(73, 3)",1,-0.08
437,114,"(74, 3)",1,-0.08
437,115,"(75, 3)",1,-0.08
437,116,"(76, 3)",1,-0.08
437,117,"(77, 3)",0,-0.08
437,118,"(77, 2)",0,-0.08
437,119,"(77, 1)",1,-0.08
437,120,"(78, 1)",0,-0.08
437,121,"(78, 0)",1,8.33
438,0,"(0, 39)",1,-0.08
438,1,"(1, 39)",1,-0.08
438,2,"(2, 39)",1,-0.08
438,3,"(3, 39)",1,-0.08
438,4,"(4, 39)",1,-0.08
438,5,"(5, 39)",1,-0.08
438,6,"(6, 39)",1,-0.08
438,7,"(7, 39)",1,-0.08
438,8,"(8, 39)",1,-0.08
438,9,"(9, 39)",1,-0.08
438,10,"(10, 39)",0,-0.08
438,11,"(10, 38)",0,-0.08
438,12,"(10, 37)",1,-0.08
438,13,"(11, 37)",1,-0.08
438,14,"(12, 37)",1,-0.08
438,15,"(13, 37)",1,-0.08
438,16,"(14, 37)",1,-0.08
438,17,"(15, 37)",1,-0.08
438,18,"(16, 37)",1,-0.08
438,19,"(17, 37)",0,-0.08
438,20,"(17, 36)",0,-0.08
438,21,"(17, 35)",1,-0.08
438,22,"(18, 35)",1,-0.08
438,23,"(19, 35)",0,-0.08
438,24,"(19, 34)",0,-0.08
438,25,"(19, 33)",0,-0.08
438,26,"(19, 32)",0,-0.08
438,27,"(19, 31)",0,-0.08
438,28,"(19, 30)",0,-0.08
438,29,"(19, 29)",1,-0.08
438,30,"(20, 29)",0,-0.08
438,31,"(20, 28)",0,-0.08
438,32,"(20, 27)",1,-0.08
438,33,"(21, 27)",0,-0.08
438,34,"(21, 26)",1,-0.08
438,35,"(22, 26)",1,-0.08
438,36,"(23, 26)",1,-0.08
438,37,"(24, 26)",1,-0.08
438,38,"(25, 26)",0,-0.08
438,39,"(25, 25)",1,-0.08
438,40,"(26, 25)",1,-0.08
438,41,"(27, 25)",1,-0.08
438,42,"(28, 25)",1,-0.08
438,43,"(29, 25)",1,-0.08
438,44,"(30, 25)",1,-0.08
438,45,"(31, 25)",0,-0.08
438,46,"(31, 24)",0,-0.08
438,47,"(31, 23)",1,-0.08
438,48,"(32, 23)",1,-0.08
438,49,"(33, 23)",0,-0.08
438,50,"(33, 22)",0,-0.08
438,51,"(33, 21)",1,-0.08
438,52,"(34, 21)",1,-0.08
438,53,"(35, 21)",0,-0.08
438,54,"(35, 20)",0,-0.08
438,55,"(35, 19)",0,-0.08
438,56,"(35, 18)",0,-0.08
438,57,"(35, 17)",0,-0.08
438,58,"(35, 16)",0,-0.08
438,59,"(35, 15)",0,-0.08
438,60,"(35, 14)",0,-0.08
438,61,"(35, 13)",1,-0.08
438,62,"(36, 13)",1,-0.08
438,63,"(37, 13)",1,-0.08
438,64,"(38, 13)",1,-0.08
438,65,"(39, 13)",0,-0.08
438,66,"(39, 12)",0,-0.08
438,67,"(39, 11)",1,-0.08
438,68,"(40, 11)",1,-0.08
438,69,"(41, 11)",1,-0.08
438,70,"(42, 11)",1,-0.08
438,71,"(43, 11)",1,-0.08
438,72,"(44, 11)",1,-0.08
438,73,"(45, 11)",0,-0.08
438,74,"(45, 10)",0,-0.08
438,75,"(45, 9)",0,-0.08
438,76,"(45, 8)",1,-0.08
438,77,"(46, 8)",0,-0.08
438,78,"(46, 7)",0,-0.08
438,79,"(46, 6)",1,-0.08
438,80,"(47, 6)",1,-0.08
438,81,"(48, 6)",1,-0.08
438,82,"(49, 6)",0,-0.08
438,83,"(49, 5)",1,-0.08
438,84,"(50, 5)",1,-0.08
438,85,"(51, 5)",0,-0.08
438,86,"(51, 4)",0,-0.08
438,87,"(51, 3)",0,-0.08
438,88,"(51, 2)",1,-0.08
438,89,"(52, 2)",1,-0.08
438,90,"(53, 2)",0,-0.08
438,91,"(53, 1)",1,-0.08
438,92,"(54, 1)",1,-0.08
438,93,"(55, 1)",1,-0.08
438,94,"(56, 1)",1,-0.08
438,95,"(57, 1)",1,-0.08
438,96,"(58, 1)",1,-0.08
438,97,"(59, 1)",1,-0.08
438,98,"(60, 1)",1,-0.08
438,99,"(61, 1)",1,-0.08
438,100,"(62, 1)",1,-0.08
438,101,"(63, 1)",1,-0.08
438,102,"(64, 1)",1,-0.08
438,103,"(65, 1)",1,-0.08
438,104,"(66, 1)",1,-0.08
438,105,"(67, 1)",1,-0.08
438,106,"(68, 1)",1,-0.08
438,107,"(69, 1)",1,-0.08
438,108,"(70, 1)",1,-0.08
438,109,"(71, 1)",2,-0.08
438,110,"(71, 2)",2,-0.08
438,111,"(71, 3)",1,-0.08
438,112,"(72, 3)",1,-0.08
438,113,"(73, 3)",1,-0.08
438,114,"(74, 3)",1,-0.08
438,115,"(75, 3)",1,-0.08
438,116,"(76, 3)",1,-0.08
438,117,"(77, 3)",0,-0.08
438,118,"(77, 2)",0,-0.08
438,119,"(77, 1)",1,-0.08
438,120,"(78, 1)",0,-0.08
438,121,"(78, 0)",1,8.33
439,0,"(0, 39)",1,-0.08
439,1,"(1, 39)",1,-0.08
439,2,"(2, 39)",1,-0.08
439,3,"(3, 39)",1,-0.08
439,4,"(4, 39)",1,-0.08
439,5,"(5, 39)",1,-0.08
439,6,"(6, 39)",1,-0.08
439,7,"(7, 39)",1,-0.08
439,8,"(8, 39)",1,-0.08
439,9,"(9, 39)",1,-0.08
439,10,"(10, 39)",0,-0.08
439,11,"(10, 38)",1,-0.08
439,12,"(11, 38)",0,-0.08
439,13,"(11, 37)",1,-0.08
439,14,"(12, 37)",1,-0.08
439,15,"(13, 37)",1,-0.08
439,16,"(14, 37)",1,-0.08
439,17,"(15, 37)",1,-0.08
439,18,"(16, 37)",1,-0.08
439,19,"(17, 37)",1,-0.08
439,20,"(18, 37)",1,-0.08
439,21,"(19, 37)",0,-0.08
439,22,"(19, 36)",0,-0.08
439,23,"(19, 35)",0,-0.08
439,24,"(19, 34)",0,-0.08
439,25,"(19, 33)",0,-0.08
439,26,"(19, 32)",0,-0.08
439,27,"(19, 31)",0,-0.08
439,28,"(19, 30)",0,-0.08
439,29,"(19, 29)",1,-0.08
439,30,"(20, 29)",0,-0.08
439,31,"(20, 28)",0,-0.08
439,32,"(20, 27)",1,-0.08
439,33,"(21, 27)",0,-0.08
439,34,"(21, 26)",0,-0.08
439,35,"(21, 25)",1,-0.08
439,36,"(22, 25)",1,-0.08
439,37,"(23, 25)",1,-0.08
439,38,"(24, 25)",1,-0.08
439,39,"(25, 25)",0,-0.08
439,40,"(25, 24)",0,-0.08
439,41,"(25, 23)",0,-0.08
439,42,"(25, 22)",0,-0.08
439,43,"(25, 21)",1,-0.08
439,44,"(26, 21)",1,-0.08
439,45,"(27, 21)",0,-0.08
439,46,"(27, 20)",1,-0.08
439,47,"(28, 20)",0,-0.08
439,48,"(28, 19)",1,-0.08
439,49,"(29, 19)",1,-0.08
439,50,"(30, 19)",1,-0.08
439,51,"(31, 19)",0,-0.08
439,52,"(31, 18)",0,-0.08
439,53,"(31, 17)",1,-0.08
439,54,"(32, 17)",0,-0.08
439,55,"(32, 16)",0,-0.08
439,56,"(32, 15)",0,-0.08
439,57,"(32, 14)",0,-0.08
439,58,"(32, 13)",1,-0.08
439,59,"(33, 13)",1,-0.08
439,60,"(34, 13)",1,-0.08
439,61,"(35, 13)",1,-0.08
439,62,"(36, 13)",1,-0.08
439,63,"(37, 13)",1,-0.08
439,64,"(38, 13)",1,-0.08
439,65,"(39, 13)",0,-0.08
439,66,"(39, 12)",0,-0.08
439,67,"(39, 11)",1,-0.08
439,68,"(40, 11)",1,-0.08
439,69,"(41, 11)",1,-0.08
439,70,"(42, 11)",1,-0.08
439,71,"(43, 11)",1,-0.08
439,72,"(44, 11)",1,-0.08
439,73,"(45, 11)",0,-0.08
439,74,"(45, 10)",0,-0.08
439,75,"(45, 9)",0,-0.08
439,76,"(45, 8)",1,-0.08
439,77,"(46, 8)",0,-0.08
439,78,"(46, 7)",0,-0.08
439,79,"(46, 6)",1,-0.08
439,80,"(47, 6)",1,-0.08
439,81,"(48, 6)",1,-0.08
439,82,"(49, 6)",0,-0.08
439,83,"(49, 5)",1,-0.08
439,84,"(50, 5)",1,-0.08
439,85,"(51, 5)",1,-0.08
439,86,"(52, 5)",1,-0.08
439,87,"(53, 5)",0,-0.08
439,88,"(53, 4)",0,-0.08
439,89,"(53, 3)",1,-0.08
439,90,"(54, 3)",1,-0.08
439,91,"(55, 3)",1,-0.08
439,92,"(56, 3)",1,-0.08
439,93,"(57, 3)",0,-0.08
439,94,"(57, 2)",0,-0.08
439,95,"(57, 1)",1,-0.08
439,96,"(58, 1)",1,-0.08
439,97,"(59, 1)",1,-0.08
439,98,"(60, 1)",1,-0.08
439,99,"(61, 1)",1,-0.08
439,100,"(62, 1)",1,-0.08
439,101,"(63, 1)",1,-0.08
439,102,"(64, 1)",1,-0.08
439,103,"(65, 1)",1,-0.08
439,104,"(66, 1)",1,-0.08
439,105,"(67, 1)",1,-0.08
439,106,"(68, 1)",1,-0.08
439,107,"(69, 1)",1,-0.08
439,108,"(70, 1)",1,-0.08
439,109,"(71, 1)",2,-0.08
439,110,"(71, 2)",2,-0.08
439,111,"(71, 3)",1,-0.08
439,112,"(72, 3)",1,-0.08
439,113,"(73, 3)",1,-0.08
439,114,"(74, 3)",1,-0.08
439,115,"(75, 3)",1,-0.08
439,116,"(76, 3)",1,-0.08
439,117,"(77, 3)",0,-0.08
439,118,"(77, 2)",0,-0.08
439,119,"(77, 1)",1,-0.08
439,120,"(78, 1)",1,-0.08
439,121,"(79, 1)",0,8.33
440,0,"(0, 39)",1,-0.08
440,1,"(1, 39)",1,-0.08
440,2,"(2, 39)",1,-0.08
440,3,"(3, 39)",1,-0.08
440,4,"(4, 39)",1,-0.08
440,5,"(5, 39)",1,-0.08
440,6,"(6, 39)",1,-0.08
440,7,"(7, 39)",1,-0.08
440,8,"(8, 39)",1,-0.08
440,9,"(9, 39)",1,-0.08
440,10,"(10, 39)",1,-0.08
440,11,"(11, 39)",1,-0.08
440,12,"(12, 39)",1,-0.08
440,13,"(13, 39)",1,-0.08
440,14,"(14, 39)",0,-0.08
440,15,"(14, 38)",0,-0.08
440,16,"(14, 37)",1,-0.08
440,17,"(15, 37)",1,-0.08
440,18,"(16, 37)",1,-0.08
440,19,"(17, 37)",0,-0.08
440,20,"(17, 36)",0,-0.08
440,21,"(17, 35)",0,-0.08
440,22,"(17, 34)",0,-0.08
440,23,"(17, 33)",1,-0.08
440,24,"(18, 33)",1,-0.08
440,25,"(19, 33)",0,-0.08
440,26,"(19, 32)",0,-0.08
440,27,"(19, 31)",0,-0.08
440,28,"(19, 30)",0,-0.08
440,29,"(19, 29)",1,-0.08
440,30,"(20, 29)",0,-0.08
440,31,"(20, 28)",0,-0.08
440,32,"(20, 27)",1,-0.08
440,33,"(21, 27)",0,-0.08
440,34,"(21, 26)",0,-0.08
440,35,"(21, 25)",1,-0.08
440,36,"(22, 25)",0,-0.08
440,37,"(22, 24)",0,-0.08
440,38,"(22, 23)",1,-0.08
440,39,"(23, 23)",1,-0.08
440,40,"(24, 23)",1,-0.08
440,41,"(25, 23)",0,-0.08
440,42,"(25, 22)",0,-0.08
440,43,"(25, 21)",1,-0.08
440,44,"(26, 21)",1,-0.08
440,45,"(27, 21)",0,-0.08
440,46,"(27, 20)",1,-0.08
440,47,"(28, 20)",0,-0.08
440,48,"(28, 19)",1,-0.08
440,49,"(29, 19)",1,-0.08
440,50,"(30, 19)",1,-0.08
440,51,"(31, 19)",1,-0.08
440,52,"(32, 19)",0,-0.08
440,53,"(32, 18)",0,-0.08
440,54,"(32, 17)",0,-0.08
440,55,"(32, 16)",0,-0.08
440,56,"(32, 15)",0,-0.08
440,57,"(32, 14)",0,-0.08
440,58,"(32, 13)",1,-0.08
440,59,"(33, 13)",1,-0.08
440,60,"(34, 13)",1,-0.08
440,61,"(35, 13)",1,-0.08
440,62,"(36, 13)",1,-0.08
440,63,"(37, 13)",1,-0.08
440,64,"(38, 13)",1,-0.08
440,65,"(39, 13)",1,-0.08
440,66,"(40, 13)",1,-0.08
440,67,"(41, 13)",0,-0.08
440,68,"(41, 12)",0,-0.08
440,69,"(41, 11)",1,-0.08
440,70,"(42, 11)",1,-0.08
440,71,"(43, 11)",1,-0.08
440,72,"(44, 11)",1,-0.08
440,73,"(45, 11)",0,-0.08
440,74,"(45, 10)",1,-0.08
440,75,"(46, 10)",0,-0.08
440,76,"(46, 9)",0,-0.08
440,77,"(46, 8)",0,-0.08
440,78,"(46, 7)",0,-0.08
440,79,"(46, 6)",1,-0.08
440,80,"(47, 6)",1,-0.08
440,81,"(48, 6)",1,-0.08
440,82,"(49, 6)",0,-0.08
440,83,"(49, 5)",1,-0.08
440,84,"(50, 5)",1,-0.08
440,85,"(51, 5)",1,-0.08
440,86,"(52, 5)",1,-0.08
440,87,"(53, 5)",0,-0.08
440,88,"(53, 4)",0,-0.08
440,89,"(53, 3)",1,-0.08
440,90,"(54, 3)",1,-0.08
440,91,"(55, 3)",1,-0.08
440,92,"(56, 3)",1,-0.08
440,93,"(57, 3)",0,-0.08
440,94,"(57, 2)",1,-0.08
440,95,"(58, 2)",1,-0.08
440,96,"(59, 2)",0,-0.08
440,97,"(59, 1)",1,-0.08
440,98,"(60, 1)",1,-0.08
440,99,"(61, 1)",1,-0.08
440,100,"(62, 1)",1,-0.08
440,101,"(63, 1)",1,-0.08
440,102,"(64, 1)",1,-0.08
440,103,"(65, 1)",1,-0.08
440,104,"(66, 1)",1,-0.08
440,105,"(67, 1)",1,-0.08
440,106,"(68, 1)",1,-0.08
440,107,"(69, 1)",1,-0.08
440,108,"(70, 1)",1,-0.08
440,109,"(71, 1)",2,-0.08
440,110,"(71, 2)",2,-0.08
440,111,"(71, 3)",1,-0.08
440,112,"(72, 3)",1,-0.08
440,113,"(73, 3)",1,-0.08
440,114,"(74, 3)",1,-0.08
440,115,"(75, 3)",1,-0.08
440,116,"(76, 3)",1,-0.08
440,117,"(77, 3)",0,-0.08
440,118,"(77, 2)",0,-0.08
440,119,"(77, 1)",0,-0.08
440,120,"(77, 0)",1,-0.08
440,121,"(78, 0)",1,8.33
441,0,"(0, 39)",1,-0.08
441,1,"(1, 39)",1,-0.08
441,2,"(2, 39)",1,-0.08
441,3,"(3, 39)",1,-0.08
441,4,"(4, 39)",1,-0.08
441,5,"(5, 39)",1,-0.08
441,6,"(6, 39)",1,-0.08
441,7,"(7, 39)",1,-0.08
441,8,"(8, 39)",1,-0.08
441,9,"(9, 39)",1,-0.08
441,10,"(10, 39)",0,-0.08
441,11,"(10, 38)",0,-0.08
441,12,"(10, 37)",1,-0.08
441,13,"(11, 37)",1,-0.08
441,14,"(12, 37)",1,-0.08
441,15,"(13, 37)",1,-0.08
441,16,"(14, 37)",1,-0.08
441,17,"(15, 37)",1,-0.08
441,18,"(16, 37)",1,-0.08
441,19,"(17, 37)",1,-0.08
441,20,"(18, 37)",1,-0.08
441,21,"(19, 37)",0,-0.08
441,22,"(19, 36)",0,-0.08
441,23,"(19, 35)",0,-0.08
441,24,"(19, 34)",0,-0.08
441,25,"(19, 33)",0,-0.08
441,26,"(19, 32)",0,-0.08
441,27,"(19, 31)",0,-0.08
441,28,"(19, 30)",0,-0.08
441,29,"(19, 29)",1,-0.08
441,30,"(20, 29)",0,-0.08
441,31,"(20, 28)",0,-0.08
441,32,"(20, 27)",1,-0.08
441,33,"(21, 27)",0,-0.08
441,34,"(21, 26)",1,-0.08
441,35,"(22, 26)",1,-0.08
441,36,"(23, 26)",0,-0.08
441,37,"(23, 25)",1,-0.08
441,38,"(24, 25)",1,-0.08
441,39,"(25, 25)",0,-0.08
441,40,"(25, 24)",0,-0.08
441,41,"(25, 23)",0,-0.08
441,42,"(25, 22)",0,-0.08
441,43,"(25, 21)",1,-0.08
441,44,"(26, 21)",1,-0.08
441,45,"(27, 21)",0,-0.08
441,46,"(27, 20)",1,-0.08
441,47,"(28, 20)",0,-0.08
441,48,"(28, 19)",1,-0.08
441,49,"(29, 19)",1,-0.08
441,50,"(30, 19)",1,-0.08
441,51,"(31, 19)",1,-0.08
441,52,"(32, 19)",0,-0.08
441,53,"(32, 18)",0,-0.08
441,54,"(32, 17)",1,-0.08
441,55,"(33, 17)",1,-0.08
441,56,"(34, 17)",1,-0.08
441,57,"(35, 17)",0,-0.08
441,58,"(35, 16)",0,-0.08
441,59,"(35, 15)",0,-0.08
441,60,"(35, 14)",0,-0.08
441,61,"(35, 13)",1,-0.08
441,62,"(36, 13)",1,-0.08
441,63,"(37, 13)",1,-0.08
441,64,"(38, 13)",1,-0.08
441,65,"(39, 13)",0,-0.08
441,66,"(39, 12)",0,-0.08
441,67,"(39, 11)",1,-0.08
441,68,"(40, 11)",1,-0.08
441,69,"(41, 11)",1,-0.08
441,70,"(42, 11)",1,-0.08
441,71,"(43, 11)",1,-0.08
441,72,"(44, 11)",1,-0.08
441,73,"(45, 11)",0,-0.08
441,74,"(45, 10)",1,-0.08
441,75,"(46, 10)",0,-0.08
441,76,"(46, 9)",0,-0.08
441,77,"(46, 8)",0,-0.08
441,78,"(46, 7)",1,-0.08
441,79,"(47, 7)",0,-0.08
441,80,"(47, 6)",1,-0.08
441,81,"(48, 6)",1,-0.08
441,82,"(49, 6)",0,-0.08
441,83,"(49, 5)",1,-0.08
441,84,"(50, 5)",1,-0.08
441,85,"(51, 5)",0,-0.08
441,86,"(51, 4)",0,-0.08
441,87,"(51, 3)",0,-0.08
441,88,"(51, 2)",1,-0.08
441,89,"(52, 2)",0,-0.08
441,90,"(52, 1)",1,-0.08
441,91,"(53, 1)",1,-0.08
441,92,"(54, 1)",1,-0.08
441,93,"(55, 1)",1,-0.08
441,94,"(56, 1)",1,-0.08
441,95,"(57, 1)",1,-0.08
441,96,"(58, 1)",1,-0.08
441,97,"(59, 1)",1,-0.08
441,98,"(60, 1)",1,-0.08
441,99,"(61, 1)",1,-0.08
441,100,"(62, 1)",1,-0.08
441,101,"(63, 1)",1,-0.08
441,102,"(64, 1)",1,-0.08
441,103,"(65, 1)",1,-0.08
441,104,"(66, 1)",1,-0.08
441,105,"(67, 1)",1,-0.08
441,106,"(68, 1)",1,-0.08
441,107,"(69, 1)",1,-0.08
441,108,"(70, 1)",1,-0.08
441,109,"(71, 1)",2,-0.08
441,110,"(71, 2)",2,-0.08
441,111,"(71, 3)",1,-0.08
441,112,"(72, 3)",1,-0.08
441,113,"(73, 3)",1,-0.08
441,114,"(74, 3)",1,-0.08
441,115,"(75, 3)",1,-0.08
441,116,"(76, 3)",1,-0.08
441,117,"(77, 3)",0,-0.08
441,118,"(77, 2)",0,-0.08
441,119,"(77, 1)",0,-0.08
441,120,"(77, 0)",1,-0.08
441,121,"(78, 0)",1,8.33
442,0,"(0, 39)",1,-0.08
442,1,"(1, 39)",1,-0.08
442,2,"(2, 39)",1,-0.08
442,3,"(3, 39)",1,-0.08
442,4,"(4, 39)",1,-0.08
442,5,"(5, 39)",1,-0.08
442,6,"(6, 39)",1,-0.08
442,7,"(7, 39)",1,-0.08
442,8,"(8, 39)",1,-0.08
442,9,"(9, 39)",1,-0.08
442,10,"(10, 39)",1,-0.08
442,11,"(11, 39)",0,-0.08
442,12,"(11, 38)",0,-0.08
442,13,"(11, 37)",1,-0.08
442,14,"(12, 37)",1,-0.08
442,15,"(13, 37)",1,-0.08
442,16,"(14, 37)",1,-0.08
442,17,"(15, 37)",0,-0.08
442,18,"(15, 36)",1,-0.08
442,19,"(16, 36)",1,-0.08
442,20,"(17, 36)",0,-0.08
442,21,"(17, 35)",1,-0.08
442,22,"(18, 35)",1,-0.08
442,23,"(19, 35)",0,-0.08
442,24,"(19, 34)",0,-0.08
442,25,"(19, 33)",0,-0.08
442,26,"(19, 32)",0,-0.08
442,27,"(19, 31)",0,-0.08
442,28,"(19, 30)",0,-0.08
442,29,"(19, 29)",1,-0.08
442,30,"(20, 29)",0,-0.08
442,31,"(20, 28)",0,-0.08
442,32,"(20, 27)",1,-0.08
442,33,"(21, 27)",0,-0.08
442,34,"(21, 26)",1,-0.08
442,35,"(22, 26)",0,-0.08
442,36,"(22, 25)",0,-0.08
442,37,"(22, 24)",0,-0.08
442,38,"(22, 23)",1,-0.08
442,39,"(23, 23)",1,-0.08
442,40,"(24, 23)",1,-0.08
442,41,"(25, 23)",0,-0.08
442,42,"(25, 22)",0,-0.08
442,43,"(25, 21)",1,-0.08
442,44,"(26, 21)",1,-0.08
442,45,"(27, 21)",0,-0.08
442,46,"(27, 20)",1,-0.08
442,47,"(28, 20)",0,-0.08
442,48,"(28, 19)",1,-0.08
442,49,"(29, 19)",1,-0.08
442,50,"(30, 19)",1,-0.08
442,51,"(31, 19)",1,-0.08
442,52,"(32, 19)",1,-0.08
442,53,"(33, 19)",1,-0.08
442,54,"(34, 19)",1,-0.08
442,55,"(35, 19)",0,-0.08
442,56,"(35, 18)",0,-0.08
442,57,"(35, 17)",0,-0.08
442,58,"(35, 16)",0,-0.08
442,59,"(35, 15)",0,-0.08
442,60,"(35, 14)",0,-0.08
442,61,"(35, 13)",1,-0.08
442,62,"(36, 13)",1,-0.08
442,63,"(37, 13)",1,-0.08
442,64,"(38, 13)",1,-0.08
442,65,"(39, 13)",1,-0.08
442,66,"(40, 13)",1,-0.08
442,67,"(41, 13)",1,-0.08
442,68,"(42, 13)",1,-0.08
442,69,"(43, 13)",0,-0.08
442,70,"(43, 12)",0,-0.08
442,71,"(43, 11)",1,-0.08
442,72,"(44, 11)",1,-0.08
442,73,"(45, 11)",0,-0.08
442,74,"(45, 10)",1,-0.08
442,75,"(46, 10)",0,-0.08
442,76,"(46, 9)",0,-0.08
442,77,"(46, 8)",0,-0.08
442,78,"(46, 7)",0,-0.08
442,79,"(46, 6)",1,-0.08
442,80,"(47, 6)",1,-0.08
442,81,"(48, 6)",1,-0.08
442,82,"(49, 6)",0,-0.08
442,83,"(49, 5)",1,-0.08
442,84,"(50, 5)",1,-0.08
442,85,"(51, 5)",1,-0.08
442,86,"(52, 5)",1,-0.08
442,87,"(53, 5)",0,-0.08
442,88,"(53, 4)",0,-0.08
442,89,"(53, 3)",1,-0.08
442,90,"(54, 3)",1,-0.08
442,91,"(55, 3)",1,-0.08
442,92,"(56, 3)",0,-0.08
442,93,"(56, 2)",0,-0.08
442,94,"(56, 1)",1,-0.08
442,95,"(57, 1)",1,-0.08
442,96,"(58, 1)",1,-0.08
442,97,"(59, 1)",1,-0.08
442,98,"(60, 1)",1,-0.08
442,99,"(61, 1)",1,-0.08
442,100,"(62, 1)",1,-0.08
442,101,"(63, 1)",1,-0.08
442,102,"(64, 1)",1,-0.08
442,103,"(65, 1)",1,-0.08
442,104,"(66, 1)",1,-0.08
442,105,"(67, 1)",1,-0.08
442,106,"(68, 1)",1,-0.08
442,107,"(69, 1)",1,-0.08
442,108,"(70, 1)",1,-0.08
442,109,"(71, 1)",2,-0.08
442,110,"(71, 2)",2,-0.08
442,111,"(71, 3)",1,-0.08
442,112,"(72, 3)",1,-0.08
442,113,"(73, 3)",0,-0.08
442,114,"(73, 2)",0,-0.08
442,115,"(73, 1)",1,-0.08
442,116,"(74, 1)",1,-0.08
442,117,"(75, 1)",1,-0.08
442,118,"(76, 1)",0,-0.08
442,119,"(76, 0)",1,-0.08
442,120,"(77, 0)",1,-0.08
442,121,"(78, 0)",1,8.33
443,0,"(0, 39)",1,-0.08
443,1,"(1, 39)",1,-0.08
443,2,"(2, 39)",1,-0.08
443,3,"(3, 39)",1,-0.08
443,4,"(4, 39)",1,-0.08
443,5,"(5, 39)",1,-0.08
443,6,"(6, 39)",1,-0.08
443,7,"(7, 39)",1,-0.08
443,8,"(8, 39)",1,-0.08
443,9,"(9, 39)",1,-0.08
443,10,"(10, 39)",1,-0.08
443,11,"(11, 39)",0,-0.08
443,12,"(11, 38)",0,-0.08
443,13,"(11, 37)",1,-0.08
443,14,"(12, 37)",1,-0.08
443,15,"(13, 37)",1,-0.08
443,16,"(14, 37)",1,-0.08
443,17,"(15, 37)",1,-0.08
443,18,"(16, 37)",1,-0.08
443,19,"(17, 37)",1,-0.08
443,20,"(18, 37)",1,-0.08
443,21,"(19, 37)",0,-0.08
443,22,"(19, 36)",0,-0.08
443,23,"(19, 35)",0,-0.08
443,24,"(19, 34)",0,-0.08
443,25,"(19, 33)",0,-0.08
443,26,"(19, 32)",0,-0.08
443,27,"(19, 31)",0,-0.08
443,28,"(19, 30)",0,-0.08
443,29,"(19, 29)",1,-0.08
443,30,"(20, 29)",0,-0.08
443,31,"(20, 28)",0,-0.08
443,32,"(20, 27)",1,-0.08
443,33,"(21, 27)",0,-0.08
443,34,"(21, 26)",0,-0.08
443,35,"(21, 25)",1,-0.08
443,36,"(22, 25)",0,-0.08
443,37,"(22, 24)",0,-0.08
443,38,"(22, 23)",1,-0.08
443,39,"(23, 23)",1,-0.08
443,40,"(24, 23)",1,-0.08
443,41,"(25, 23)",0,-0.08
443,42,"(25, 22)",0,-0.08
443,43,"(25, 21)",1,-0.08
443,44,"(26, 21)",1,-0.08
443,45,"(27, 21)",0,-0.08
443,46,"(27, 20)",1,-0.08
443,47,"(28, 20)",0,-0.08
443,48,"(28, 19)",1,-0.08
443,49,"(29, 19)",1,-0.08
443,50,"(30, 19)",1,-0.08
443,51,"(31, 19)",0,-0.08
443,52,"(31, 18)",0,-0.08
443,53,"(31, 17)",1,-0.08
443,54,"(32, 17)",1,-0.08
443,55,"(33, 17)",1,-0.08
443,56,"(34, 17)",1,-0.08
443,57,"(35, 17)",1,-0.08
443,58,"(36, 17)",1,-0.08
443,59,"(37, 17)",0,-0.08
443,60,"(37, 16)",0,-0.08
443,61,"(37, 15)",0,-0.08
443,62,"(37, 14)",1,-0.08
443,63,"(38, 14)",0,-0.08
443,64,"(38, 13)",1,-0.08
443,65,"(39, 13)",0,-0.08
443,66,"(39, 12)",0,-0.08
443,67,"(39, 11)",1,-0.08
443,68,"(40, 11)",1,-0.08
443,69,"(41, 11)",1,-0.08
443,70,"(42, 11)",1,-0.08
443,71,"(43, 11)",1,-0.08
443,72,"(44, 11)",1,-0.08
443,73,"(45, 11)",0,-0.08
443,74,"(45, 10)",0,-0.08
443,75,"(45, 9)",0,-0.08
443,76,"(45, 8)",1,-0.08
443,77,"(46, 8)",0,-0.08
443,78,"(46, 7)",1,-0.08
443,79,"(47, 7)",0,-0.08
443,80,"(47, 6)",1,-0.08
443,81,"(48, 6)",1,-0.08
443,82,"(49, 6)",0,-0.08
443,83,"(49, 5)",1,-0.08
443,84,"(50, 5)",1,-0.08
443,85,"(51, 5)",1,-0.08
443,86,"(52, 5)",1,-0.08
443,87,"(53, 5)",0,-0.08
443,88,"(53, 4)",0,-0.08
443,89,"(53, 3)",0,-0.08
443,90,"(53, 2)",0,-0.08
443,91,"(53, 1)",1,-0.08
443,92,"(54, 1)",1,-0.08
443,93,"(55, 1)",1,-0.08
443,94,"(56, 1)",1,-0.08
443,95,"(57, 1)",1,-0.08
443,96,"(58, 1)",1,-0.08
443,97,"(59, 1)",1,-0.08
443,98,"(60, 1)",1,-0.08
443,99,"(61, 1)",1,-0.08
443,100,"(62, 1)",1,-0.08
443,101,"(63, 1)",1,-0.08
443,102,"(64, 1)",1,-0.08
443,103,"(65, 1)",1,-0.08
443,104,"(66, 1)",1,-0.08
443,105,"(67, 1)",1,-0.08
443,106,"(68, 1)",1,-0.08
443,107,"(69, 1)",1,-0.08
443,108,"(70, 1)",1,-0.08
443,109,"(71, 1)",2,-0.08
443,110,"(71, 2)",2,-0.08
443,111,"(71, 3)",1,-0.08
443,112,"(72, 3)",1,-0.08
443,113,"(73, 3)",1,-0.08
443,114,"(74, 3)",1,-0.08
443,115,"(75, 3)",1,-0.08
443,116,"(76, 3)",1,-0.08
443,117,"(77, 3)",0,-0.08
443,118,"(77, 2)",0,-0.08
443,119,"(77, 1)",0,-0.08
443,120,"(77, 0)",1,-0.08
443,121,"(78, 0)",1,8.33
444,0,"(0, 39)",1,-0.08
444,1,"(1, 39)",1,-0.08
444,2,"(2, 39)",1,-0.08
444,3,"(3, 39)",1,-0.08
444,4,"(4, 39)",1,-0.08
444,5,"(5, 39)",1,-0.08
444,6,"(6, 39)",1,-0.08
444,7,"(7, 39)",1,-0.08
444,8,"(8, 39)",1,-0.08
444,9,"(9, 39)",1,-0.08
444,10,"(10, 39)",0,-0.08
444,11,"(10, 38)",1,-0.08
444,12,"(11, 38)",0,-0.08
444,13,"(11, 37)",1,-0.08
444,14,"(12, 37)",1,-0.08
444,15,"(13, 37)",1,-0.08
444,16,"(14, 37)",1,-0.08
444,17,"(15, 37)",0,-0.08
444,18,"(15, 36)",1,-0.08
444,19,"(16, 36)",1,-0.08
444,20,"(17, 36)",0,-0.08
444,21,"(17, 35)",0,-0.08
444,22,"(17, 34)",0,-0.08
444,23,"(17, 33)",1,-0.08
444,24,"(18, 33)",1,-0.08
444,25,"(19, 33)",0,-0.08
444,26,"(19, 32)",0,-0.08
444,27,"(19, 31)",0,-0.08
444,28,"(19, 30)",0,-0.08
444,29,"(19, 29)",1,-0.08
444,30,"(20, 29)",0,-0.08
444,31,"(20, 28)",0,-0.08
444,32,"(20, 27)",1,-0.08
444,33,"(21, 27)",0,-0.08
444,34,"(21, 26)",1,-0.08
444,35,"(22, 26)",1,-0.08
444,36,"(23, 26)",0,-0.08
444,37,"(23, 25)",1,-0.08
444,38,"(24, 25)",1,-0.08
444,39,"(25, 25)",1,-0.08
444,40,"(26, 25)",1,-0.08
444,41,"(27, 25)",1,-0.08
444,42,"(28, 25)",1,-0.08
444,43,"(29, 25)",1,-0.08
444,44,"(30, 25)",1,-0.08
444,45,"(31, 25)",0,-0.08
444,46,"(31, 24)",0,-0.08
444,47,"(31, 23)",1,-0.08
444,48,"(32, 23)",1,-0.08
444,49,"(33, 23)",0,-0.08
444,50,"(33, 22)",0,-0.08
444,51,"(33, 21)",1,-0.08
444,52,"(34, 21)",1,-0.08
444,53,"(35, 21)",1,-0.08
444,54,"(36, 21)",1,-0.08
444,55,"(37, 21)",1,-0.08
444,56,"(38, 21)",1,-0.08
444,57,"(39, 21)",0,-0.08
444,58,"(39, 20)",1,-0.08
444,59,"(40, 20)",1,-0.08
444,60,"(41, 20)",0,-0.08
444,61,"(41, 19)",0,-0.08
444,62,"(41, 18)",1,-0.08
444,63,"(42, 18)",0,-0.08
444,64,"(42, 17)",0,-0.08
444,65,"(42, 16)",1,-0.08
444,66,"(43, 16)",1,-0.08
444,67,"(44, 16)",0,-0.08
444,68,"(44, 15)",1,-0.08
444,69,"(45, 15)",0,-0.08
444,70,"(45, 14)",0,-0.08
444,71,"(45, 13)",0,-0.08
444,72,"(45, 12)",0,-0.08
444,73,"(45, 11)",0,-0.08
444,74,"(45, 10)",0,-0.08
444,75,"(45, 9)",1,-0.08
444,76,"(46, 9)",0,-0.08
444,77,"(46, 8)",0,-0.08
444,78,"(46, 7)",1,-0.08
444,79,"(47, 7)",0,-0.08
444,80,"(47, 6)",1,-0.08
444,81,"(48, 6)",1,-0.08
444,82,"(49, 6)",0,-0.08
444,83,"(49, 5)",1,-0.08
444,84,"(50, 5)",1,-0.08
444,85,"(51, 5)",0,-0.08
444,86,"(51, 4)",0,-0.08
444,87,"(51, 3)",0,-0.08
444,88,"(51, 2)",0,-0.08
444,89,"(51, 1)",1,-0.08
444,90,"(52, 1)",1,-0.08
444,91,"(53, 1)",1,-0.08
444,92,"(54, 1)",1,-0.08
444,93,"(55, 1)",1,-0.08
444,94,"(56, 1)",1,-0.08
444,95,"(57, 1)",1,-0.08
444,96,"(58, 1)",1,-0.08
444,97,"(59, 1)",1,-0.08
444,98,"(60, 1)",1,-0.08
444,99,"(61, 1)",1,-0.08
444,100,"(62, 1)",1,-0.08
444,101,"(63, 1)",1,-0.08
444,102,"(64, 1)",1,-0.08
444,103,"(65, 1)",1,-0.08
444,104,"(66, 1)",1,-0.08
444,105,"(67, 1)",1,-0.08
444,106,"(68, 1)",1,-0.08
444,107,"(69, 1)",1,-0.08
444,108,"(70, 1)",1,-0.08
444,109,"(71, 1)",2,-0.08
444,110,"(71, 2)",2,-0.08
444,111,"(71, 3)",1,-0.08
444,112,"(72, 3)",1,-0.08
444,113,"(73, 3)",1,-0.08
444,114,"(74, 3)",1,-0.08
444,115,"(75, 3)",1,-0.08
444,116,"(76, 3)",1,-0.08
444,117,"(77, 3)",0,-0.08
444,118,"(77, 2)",0,-0.08
444,119,"(77, 1)",0,-0.08
444,120,"(77, 0)",1,-0.08
444,121,"(78, 0)",1,8.33
445,0,"(0, 39)",1,-0.08
445,1,"(1, 39)",1,-0.08
445,2,"(2, 39)",1,-0.08
445,3,"(3, 39)",1,-0.08
445,4,"(4, 39)",1,-0.08
445,5,"(5, 39)",1,-0.08
445,6,"(6, 39)",1,-0.08
445,7,"(7, 39)",1,-0.08
445,8,"(8, 39)",1,-0.08
445,9,"(9, 39)",1,-0.08
445,10,"(10, 39)",1,-0.08
445,11,"(11, 39)",1,-0.08
445,12,"(12, 39)",1,-0.08
445,13,"(13, 39)",1,-0.08
445,14,"(14, 39)",0,-0.08
445,15,"(14, 38)",0,-0.08
445,16,"(14, 37)",1,-0.08
445,17,"(15, 37)",0,-0.08
445,18,"(15, 36)",1,-0.08
445,19,"(16, 36)",1,-0.08
445,20,"(17, 36)",0,-0.08
445,21,"(17, 35)",0,-0.08
445,22,"(17, 34)",0,-0.08
445,23,"(17, 33)",1,-0.08
445,24,"(18, 33)",1,-0.08
445,25,"(19, 33)",0,-0.08
445,26,"(19, 32)",0,-0.08
445,27,"(19, 31)",0,-0.08
445,28,"(19, 30)",0,-0.08
445,29,"(19, 29)",1,-0.08
445,30,"(20, 29)",0,-0.08
445,31,"(20, 28)",0,-0.08
445,32,"(20, 27)",1,-0.08
445,33,"(21, 27)",0,-0.08
445,34,"(21, 26)",1,-0.08
445,35,"(22, 26)",1,-0.08
445,36,"(23, 26)",1,-0.08
445,37,"(24, 26)",1,-0.08
445,38,"(25, 26)",0,-0.08
445,39,"(25, 25)",0,-0.08
445,40,"(25, 24)",0,-0.08
445,41,"(25, 23)",0,-0.08
445,42,"(25, 22)",0,-0.08
445,43,"(25, 21)",1,-0.08
445,44,"(26, 21)",1,-0.08
445,45,"(27, 21)",0,-0.08
445,46,"(27, 20)",1,-0.08
445,47,"(28, 20)",0,-0.08
445,48,"(28, 19)",1,-0.08
445,49,"(29, 19)",1,-0.08
445,50,"(30, 19)",1,-0.08
445,51,"(31, 19)",0,-0.08
445,52,"(31, 18)",1,-0.08
445,53,"(32, 18)",0,-0.08
445,54,"(32, 17)",0,-0.08
445,55,"(32, 16)",0,-0.08
445,56,"(32, 15)",0,-0.08
445,57,"(32, 14)",0,-0.08
445,58,"(32, 13)",1,-0.08
445,59,"(33, 13)",1,-0.08
445,60,"(34, 13)",1,-0.08
445,61,"(35, 13)",1,-0.08
445,62,"(36, 13)",1,-0.08
445,63,"(37, 13)",1,-0.08
445,64,"(38, 13)",1,-0.08
445,65,"(39, 13)",0,-0.08
445,66,"(39, 12)",0,-0.08
445,67,"(39, 11)",1,-0.08
445,68,"(40, 11)",1,-0.08
445,69,"(41, 11)",1,-0.08
445,70,"(42, 11)",1,-0.08
445,71,"(43, 11)",1,-0.08
445,72,"(44, 11)",1,-0.08
445,73,"(45, 11)",0,-0.08
445,74,"(45, 10)",0,-0.08
445,75,"(45, 9)",0,-0.08
445,76,"(45, 8)",1,-0.08
445,77,"(46, 8)",0,-0.08
445,78,"(46, 7)",1,-0.08
445,79,"(47, 7)",0,-0.08
445,80,"(47, 6)",1,-0.08
445,81,"(48, 6)",1,-0.08
445,82,"(49, 6)",0,-0.08
445,83,"(49, 5)",1,-0.08
445,84,"(50, 5)",1,-0.08
445,85,"(51, 5)",0,-0.08
445,86,"(51, 4)",0,-0.08
445,87,"(51, 3)",0,-0.08
445,88,"(51, 2)",0,-0.08
445,89,"(51, 1)",1,-0.08
445,90,"(52, 1)",1,-0.08
445,91,"(53, 1)",1,-0.08
445,92,"(54, 1)",1,-0.08
445,93,"(55, 1)",1,-0.08
445,94,"(56, 1)",1,-0.08
445,95,"(57, 1)",1,-0.08
445,96,"(58, 1)",1,-0.08
445,97,"(59, 1)",1,-0.08
445,98,"(60, 1)",1,-0.08
445,99,"(61, 1)",1,-0.08
445,100,"(62, 1)",1,-0.08
445,101,"(63, 1)",1,-0.08
445,102,"(64, 1)",1,-0.08
445,103,"(65, 1)",1,-0.08
445,104,"(66, 1)",1,-0.08
445,105,"(67, 1)",1,-0.08
445,106,"(68, 1)",1,-0.08
445,107,"(69, 1)",1,-0.08
445,108,"(70, 1)",1,-0.08
445,109,"(71, 1)",2,-0.08
445,110,"(71, 2)",2,-0.08
445,111,"(71, 3)",1,-0.08
445,112,"(72, 3)",1,-0.08
445,113,"(73, 3)",0,-0.08
445,114,"(73, 2)",0,-0.08
445,115,"(73, 1)",0,-0.08
445,116,"(73, 0)",1,-0.08
445,117,"(74, 0)",1,-0.08
445,118,"(75, 0)",1,-0.08
445,119,"(76, 0)",1,-0.08
445,120,"(77, 0)",1,-0.08
445,121,"(78, 0)",1,8.33
446,0,"(0, 39)",1,-0.08
446,1,"(1, 39)",1,-0.08
446,2,"(2, 39)",1,-0.08
446,3,"(3, 39)",1,-0.08
446,4,"(4, 39)",1,-0.08
446,5,"(5, 39)",1,-0.08
446,6,"(6, 39)",1,-0.08
446,7,"(7, 39)",1,-0.08
446,8,"(8, 39)",1,-0.08
446,9,"(9, 39)",1,-0.08
446,10,"(10, 39)",0,-0.08
446,11,"(10, 38)",1,-0.08
446,12,"(11, 38)",0,-0.08
446,13,"(11, 37)",1,-0.08
446,14,"(12, 37)",1,-0.08
446,15,"(13, 37)",1,-0.08
446,16,"(14, 37)",1,-0.08
446,17,"(15, 37)",0,-0.08
446,18,"(15, 36)",1,-0.08
446,19,"(16, 36)",1,-0.08
446,20,"(17, 36)",0,-0.08
446,21,"(17, 35)",1,-0.08
446,22,"(18, 35)",1,-0.08
446,23,"(19, 35)",0,-0.08
446,24,"(19, 34)",0,-0.08
446,25,"(19, 33)",0,-0.08
446,26,"(19, 32)",0,-0.08
446,27,"(19, 31)",0,-0.08
446,28,"(19, 30)",0,-0.08
446,29,"(19, 29)",1,-0.08
446,30,"(20, 29)",0,-0.08
446,31,"(20, 28)",0,-0.08
446,32,"(20, 27)",1,-0.08
446,33,"(21, 27)",0,-0.08
446,34,"(21, 26)",1,-0.08
446,35,"(22, 26)",1,-0.08
446,36,"(23, 26)",0,-0.08
446,37,"(23, 25)",1,-0.08
446,38,"(24, 25)",1,-0.08
446,39,"(25, 25)",0,-0.08
446,40,"(25, 24)",0,-0.08
446,41,"(25, 23)",0,-0.08
446,42,"(25, 22)",0,-0.08
446,43,"(25, 21)",1,-0.08
446,44,"(26, 21)",1,-0.08
446,45,"(27, 21)",0,-0.08
446,46,"(27, 20)",0,-0.08
446,47,"(27, 19)",0,-0.08
446,48,"(27, 18)",0,-0.08
446,49,"(27, 17)",0,-0.08
446,50,"(27, 16)",1,-0.08
446,51,"(28, 16)",1,-0.08
446,52,"(29, 16)",0,-0.08
446,53,"(29, 15)",1,-0.08
446,54,"(30, 15)",1,-0.08
446,55,"(31, 15)",0,-0.08
446,56,"(31, 14)",1,-0.08
446,57,"(32, 14)",0,-0.08
446,58,"(32, 13)",1,-0.08
446,59,"(33, 13)",1,-0.08
446,60,"(34, 13)",1,-0.08
446,61,"(35, 13)",1,-0.08
446,62,"(36, 13)",1,-0.08
446,63,"(37, 13)",1,-0.08
446,64,"(38, 13)",1,-0.08
446,65,"(39, 13)",0,-0.08
446,66,"(39, 12)",0,-0.08
446,67,"(39, 11)",1,-0.08
446,68,"(40, 11)",1,-0.08
446,69,"(41, 11)",1,-0.08
446,70,"(42, 11)",1,-0.08
446,71,"(43, 11)",1,-0.08
446,72,"(44, 11)",1,-0.08
446,73,"(45, 11)",0,-0.08
446,74,"(45, 10)",1,-0.08
446,75,"(46, 10)",0,-0.08
446,76,"(46, 9)",0,-0.08
446,77,"(46, 8)",0,-0.08
446,78,"(46, 7)",1,-0.08
446,79,"(47, 7)",0,-0.08
446,80,"(47, 6)",1,-0.08
446,81,"(48, 6)",1,-0.08
446,82,"(49, 6)",0,-0.08
446,83,"(49, 5)",1,-0.08
446,84,"(50, 5)",1,-0.08
446,85,"(51, 5)",0,-0.08
446,86,"(51, 4)",0,-0.08
446,87,"(51, 3)",0,-0.08
446,88,"(51, 2)",0,-0.08
446,89,"(51, 1)",1,-0.08
446,90,"(52, 1)",1,-0.08
446,91,"(53, 1)",1,-0.08
446,92,"(54, 1)",1,-0.08
446,93,"(55, 1)",1,-0.08
446,94,"(56, 1)",1,-0.08
446,95,"(57, 1)",1,-0.08
446,96,"(58, 1)",1,-0.08
446,97,"(59, 1)",1,-0.08
446,98,"(60, 1)",1,-0.08
446,99,"(61, 1)",1,-0.08
446,100,"(62, 1)",1,-0.08
446,101,"(63, 1)",1,-0.08
446,102,"(64, 1)",1,-0.08
446,103,"(65, 1)",1,-0.08
446,104,"(66, 1)",1,-0.08
446,105,"(67, 1)",1,-0.08
446,106,"(68, 1)",1,-0.08
446,107,"(69, 1)",1,-0.08
446,108,"(70, 1)",1,-0.08
446,109,"(71, 1)",2,-0.08
446,110,"(71, 2)",2,-0.08
446,111,"(71, 3)",1,-0.08
446,112,"(72, 3)",1,-0.08
446,113,"(73, 3)",1,-0.08
446,114,"(74, 3)",1,-0.08
446,115,"(75, 3)",1,-0.08
446,116,"(76, 3)",1,-0.08
446,117,"(77, 3)",0,-0.08
446,118,"(77, 2)",0,-0.08
446,119,"(77, 1)",1,-0.08
446,120,"(78, 1)",1,-0.08
446,121,"(79, 1)",0,8.33
447,0,"(0, 39)",1,-0.08
447,1,"(1, 39)",1,-0.08
447,2,"(2, 39)",1,-0.08
447,3,"(3, 39)",1,-0.08
447,4,"(4, 39)",1,-0.08
447,5,"(5, 39)",1,-0.08
447,6,"(6, 39)",1,-0.08
447,7,"(7, 39)",1,-0.08
447,8,"(8, 39)",1,-0.08
447,9,"(9, 39)",1,-0.08
447,10,"(10, 39)",0,-0.08
447,11,"(10, 38)",1,-0.08
447,12,"(11, 38)",0,-0.08
447,13,"(11, 37)",1,-0.08
447,14,"(12, 37)",1,-0.08
447,15,"(13, 37)",1,-0.08
447,16,"(14, 37)",1,-0.08
447,17,"(15, 37)",0,-0.08
447,18,"(15, 36)",0,-0.08
447,19,"(15, 35)",0,-0.08
447,20,"(15, 34)",0,-0.08
447,21,"(15, 33)",1,-0.08
447,22,"(16, 33)",1,-0.08
447,23,"(17, 33)",1,-0.08
447,24,"(18, 33)",1,-0.08
447,25,"(19, 33)",0,-0.08
447,26,"(19, 32)",0,-0.08
447,27,"(19, 31)",0,-0.08
447,28,"(19, 30)",0,-0.08
447,29,"(19, 29)",1,-0.08
447,30,"(20, 29)",0,-0.08
447,31,"(20, 28)",0,-0.08
447,32,"(20, 27)",1,-0.08
447,33,"(21, 27)",0,-0.08
447,34,"(21, 26)",0,-0.08
447,35,"(21, 25)",1,-0.08
447,36,"(22, 25)",1,-0.08
447,37,"(23, 25)",1,-0.08
447,38,"(24, 25)",1,-0.08
447,39,"(25, 25)",1,-0.08
447,40,"(26, 25)",1,-0.08
447,41,"(27, 25)",1,-0.08
447,42,"(28, 25)",1,-0.08
447,43,"(29, 25)",1,-0.08
447,44,"(30, 25)",1,-0.08
447,45,"(31, 25)",0,-0.08
447,46,"(31, 24)",0,-0.08
447,47,"(31, 23)",1,-0.08
447,48,"(32, 23)",1,-0.08
447,49,"(33, 23)",0,-0.08
447,50,"(33, 22)",0,-0.08
447,51,"(33, 21)",1,-0.08
447,52,"(34, 21)",1,-0.08
447,53,"(35, 21)",0,-0.08
447,54,"(35, 20)",0,-0.08
447,55,"(35, 19)",0,-0.08
447,56,"(35, 18)",0,-0.08
447,57,"(35, 17)",1,-0.08
447,58,"(36, 17)",1,-0.08
447,59,"(37, 17)",1,-0.08
447,60,"(38, 17)",1,-0.08
447,61,"(39, 17)",0,-0.08
447,62,"(39, 16)",0,-0.08
447,63,"(39, 15)",1,-0.08
447,64,"(40, 15)",0,-0.08
447,65,"(40, 14)",1,-0.08
447,66,"(41, 14)",0,-0.08
447,67,"(41, 13)",1,-0.08
447,68,"(42, 13)",1,-0.08
447,69,"(43, 13)",1,-0.08
447,70,"(44, 13)",1,-0.08
447,71,"(45, 13)",0,-0.08
447,72,"(45, 12)",0,-0.08
447,73,"(45, 11)",0,-0.08
447,74,"(45, 10)",1,-0.08
447,75,"(46, 10)",0,-0.08
447,76,"(46, 9)",0,-0.08
447,77,"(46, 8)",0,-0.08
447,78,"(46, 7)",1,-0.08
447,79,"(47, 7)",0,-0.08
447,80,"(47, 6)",1,-0.08
447,81,"(48, 6)",1,-0.08
447,82,"(49, 6)",0,-0.08
447,83,"(49, 5)",1,-0.08
447,84,"(50, 5)",1,-0.08
447,85,"(51, 5)",0,-0.08
447,86,"(51, 4)",0,-0.08
447,87,"(51, 3)",0,-0.08
447,88,"(51, 2)",0,-0.08
447,89,"(51, 1)",1,-0.08
447,90,"(52, 1)",1,-0.08
447,91,"(53, 1)",1,-0.08
447,92,"(54, 1)",1,-0.08
447,93,"(55, 1)",1,-0.08
447,94,"(56, 1)",1,-0.08
447,95,"(57, 1)",1,-0.08
447,96,"(58, 1)",1,-0.08
447,97,"(59, 1)",1,-0.08
447,98,"(60, 1)",1,-0.08
447,99,"(61, 1)",1,-0.08
447,100,"(62, 1)",1,-0.08
447,101,"(63, 1)",1,-0.08
447,102,"(64, 1)",1,-0.08
447,103,"(65, 1)",1,-0.08
447,104,"(66, 1)",1,-0.08
447,105,"(67, 1)",1,-0.08
447,106,"(68, 1)",1,-0.08
447,107,"(69, 1)",1,-0.08
447,108,"(70, 1)",1,-0.08
447,109,"(71, 1)",2,-0.08
447,110,"(71, 2)",2,-0.08
447,111,"(71, 3)",1,-0.08
447,112,"(72, 3)",1,-0.08
447,113,"(73, 3)",0,-0.08
447,114,"(73, 2)",0,-0.08
447,115,"(73, 1)",1,-0.08
447,116,"(74, 1)",1,-0.08
447,117,"(75, 1)",1,-0.08
447,118,"(76, 1)",0,-0.08
447,119,"(76, 0)",1,-0.08
447,120,"(77, 0)",1,-0.08
447,121,"(78, 0)",1,8.33
448,0,"(0, 39)",1,-0.08
448,1,"(1, 39)",1,-0.08
448,2,"(2, 39)",1,-0.08
448,3,"(3, 39)",1,-0.08
448,4,"(4, 39)",1,-0.08
448,5,"(5, 39)",1,-0.08
448,6,"(6, 39)",1,-0.08
448,7,"(7, 39)",1,-0.08
448,8,"(8, 39)",1,-0.08
448,9,"(9, 39)",1,-0.08
448,10,"(10, 39)",0,-0.08
448,11,"(10, 38)",1,-0.08
448,12,"(11, 38)",0,-0.08
448,13,"(11, 37)",1,-0.08
448,14,"(12, 37)",1,-0.08
448,15,"(13, 37)",1,-0.08
448,16,"(14, 37)",1,-0.08
448,17,"(15, 37)",1,-0.08
448,18,"(16, 37)",0,-0.08
448,19,"(16, 36)",1,-0.08
448,20,"(17, 36)",0,-0.08
448,21,"(17, 35)",0,-0.08
448,22,"(17, 34)",1,-0.08
448,23,"(18, 34)",0,-0.08
448,24,"(18, 33)",1,-0.08
448,25,"(19, 33)",0,-0.08
448,26,"(19, 32)",0,-0.08
448,27,"(19, 31)",0,-0.08
448,28,"(19, 30)",0,-0.08
448,29,"(19, 29)",1,-0.08
448,30,"(20, 29)",0,-0.08
448,31,"(20, 28)",0,-0.08
448,32,"(20, 27)",1,-0.08
448,33,"(21, 27)",0,-0.08
448,34,"(21, 26)",1,-0.08
448,35,"(22, 26)",0,-0.08
448,36,"(22, 25)",1,-0.08
448,37,"(23, 25)",1,-0.08
448,38,"(24, 25)",1,-0.08
448,39,"(25, 25)",1,-0.08
448,40,"(26, 25)",1,-0.08
448,41,"(27, 25)",1,-0.08
448,42,"(28, 25)",1,-0.08
448,43,"(29, 25)",1,-0.08
448,44,"(30, 25)",1,-0.08
448,45,"(31, 25)",0,-0.08
448,46,"(31, 24)",0,-0.08
448,47,"(31, 23)",1,-0.08
448,48,"(32, 23)",1,-0.08
448,49,"(33, 23)",0,-0.08
448,50,"(33, 22)",0,-0.08
448,51,"(33, 21)",1,-0.08
448,52,"(34, 21)",1,-0.08
448,53,"(35, 21)",0,-0.08
448,54,"(35, 20)",0,-0.08
448,55,"(35, 19)",1,-0.08
448,56,"(36, 19)",1,-0.08
448,57,"(37, 19)",0,-0.08
448,58,"(37, 18)",0,-0.08
448,59,"(37, 17)",0,-0.08
448,60,"(37, 16)",0,-0.08
448,61,"(37, 15)",1,-0.08
448,62,"(38, 15)",0,-0.08
448,63,"(38, 14)",0,-0.08
448,64,"(38, 13)",1,-0.08
448,65,"(39, 13)",1,-0.08
448,66,"(40, 13)",1,-0.08
448,67,"(41, 13)",0,-0.08
448,68,"(41, 12)",0,-0.08
448,69,"(41, 11)",1,-0.08
448,70,"(42, 11)",1,-0.08
448,71,"(43, 11)",1,-0.08
448,72,"(44, 11)",1,-0.08
448,73,"(45, 11)",0,-0.08
448,74,"(45, 10)",0,-0.08
448,75,"(45, 9)",1,-0.08
448,76,"(46, 9)",0,-0.08
448,77,"(46, 8)",0,-0.08
448,78,"(46, 7)",1,-0.08
448,79,"(47, 7)",0,-0.08
448,80,"(47, 6)",1,-0.08
448,81,"(48, 6)",1,-0.08
448,82,"(49, 6)",0,-0.08
448,83,"(49, 5)",1,-0.08
448,84,"(50, 5)",1,-0.08
448,85,"(51, 5)",1,-0.08
448,86,"(52, 5)",1,-0.08
448,87,"(53, 5)",0,-0.08
448,88,"(53, 4)",0,-0.08
448,89,"(53, 3)",0,-0.08
448,90,"(53, 2)",0,-0.08
448,91,"(53, 1)",1,-0.08
448,92,"(54, 1)",1,-0.08
448,93,"(55, 1)",1,-0.08
448,94,"(56, 1)",1,-0.08
448,95,"(57, 1)",1,-0.08
448,96,"(58, 1)",1,-0.08
448,97,"(59, 1)",1,-0.08
448,98,"(60, 1)",1,-0.08
448,99,"(61, 1)",1,-0.08
448,100,"(62, 1)",1,-0.08
448,101,"(63, 1)",1,-0.08
448,102,"(64, 1)",1,-0.08
448,103,"(65, 1)",1,-0.08
448,104,"(66, 1)",1,-0.08
448,105,"(67, 1)",1,-0.08
448,106,"(68, 1)",1,-0.08
448,107,"(69, 1)",1,-0.08
448,108,"(70, 1)",1,-0.08
448,109,"(71, 1)",2,-0.08
448,110,"(71, 2)",2,-0.08
448,111,"(71, 3)",1,-0.08
448,112,"(72, 3)",1,-0.08
448,113,"(73, 3)",1,-0.08
448,114,"(74, 3)",1,-0.08
448,115,"(75, 3)",1,-0.08
448,116,"(76, 3)",1,-0.08
448,117,"(77, 3)",0,-0.08
448,118,"(77, 2)",0,-0.08
448,119,"(77, 1)",1,-0.08
448,120,"(78, 1)",1,-0.08
448,121,"(79, 1)",0,8.33
449,0,"(0, 39)",1,-0.08
449,1,"(1, 39)",1,-0.08
449,2,"(2, 39)",1,-0.08
449,3,"(3, 39)",1,-0.08
449,4,"(4, 39)",1,-0.08
449,5,"(5, 39)",1,-0.08
449,6,"(6, 39)",1,-0.08
449,7,"(7, 39)",1,-0.08
449,8,"(8, 39)",1,-0.08
449,9,"(9, 39)",1,-0.08
449,10,"(10, 39)",0,-0.08
449,11,"(10, 38)",0,-0.08
449,12,"(10, 37)",1,-0.08
449,13,"(11, 37)",1,-0.08
449,14,"(12, 37)",1,-0.08
449,15,"(13, 37)",1,-0.08
449,16,"(14, 37)",1,-0.08
449,17,"(15, 37)",0,-0.08
449,18,"(15, 36)",0,-0.08
449,19,"(15, 35)",0,-0.08
449,20,"(15, 34)",0,-0.08
449,21,"(15, 33)",1,-0.08
449,22,"(16, 33)",1,-0.08
449,23,"(17, 33)",1,-0.08
449,24,"(18, 33)",1,-0.08
449,25,"(19, 33)",0,-0.08
449,26,"(19, 32)",0,-0.08
449,27,"(19, 31)",0,-0.08
449,28,"(19, 30)",0,-0.08
449,29,"(19, 29)",1,-0.08
449,30,"(20, 29)",0,-0.08
449,31,"(20, 28)",0,-0.08
449,32,"(20, 27)",1,-0.08
449,33,"(21, 27)",0,-0.08
449,34,"(21, 26)",0,-0.08
449,35,"(21, 25)",1,-0.08
449,36,"(22, 25)",0,-0.08
449,37,"(22, 24)",0,-0.08
449,38,"(22, 23)",1,-0.08
449,39,"(23, 23)",1,-0.08
449,40,"(24, 23)",1,-0.08
449,41,"(25, 23)",0,-0.08
449,42,"(25, 22)",0,-0.08
449,43,"(25, 21)",0,-0.08
449,44,"(25, 20)",0,-0.08
449,45,"(25, 19)",1,-0.08
449,46,"(26, 19)",1,-0.08
449,47,"(27, 19)",0,-0.08
449,48,"(27, 18)",0,-0.08
449,49,"(27, 17)",0,-0.08
449,50,"(27, 16)",1,-0.08
449,51,"(28, 16)",1,-0.08
449,52,"(29, 16)",0,-0.08
449,53,"(29, 15)",1,-0.08
449,54,"(30, 15)",1,-0.08
449,55,"(31, 15)",1,-0.08
449,56,"(32, 15)",0,-0.08
449,57,"(32, 14)",0,-0.08
449,58,"(32, 13)",1,-0.08
449,59,"(33, 13)",1,-0.08
449,60,"(34, 13)",1,-0.08
449,61,"(35, 13)",1,-0.08
449,62,"(36, 13)",1,-0.08
449,63,"(37, 13)",1,-0.08
449,64,"(38, 13)",1,-0.08
449,65,"(39, 13)",1,-0.08
449,66,"(40, 13)",1,-0.08
449,67,"(41, 13)",1,-0.08
449,68,"(42, 13)",1,-0.08
449,69,"(43, 13)",1,-0.08
449,70,"(44, 13)",1,-0.08
449,71,"(45, 13)",0,-0.08
449,72,"(45, 12)",0,-0.08
449,73,"(45, 11)",0,-0.08
449,74,"(45, 10)",0,-0.08
449,75,"(45, 9)",0,-0.08
449,76,"(45, 8)",0,-0.08
449,77,"(45, 7)",1,-0.08
449,78,"(46, 7)",0,-0.08
449,79,"(46, 6)",1,-0.08
449,80,"(47, 6)",1,-0.08
449,81,"(48, 6)",1,-0.08
449,82,"(49, 6)",0,-0.08
449,83,"(49, 5)",1,-0.08
449,84,"(50, 5)",1,-0.08
449,85,"(51, 5)",0,-0.08
449,86,"(51, 4)",0,-0.08
449,87,"(51, 3)",0,-0.08
449,88,"(51, 2)",0,-0.08
449,89,"(51, 1)",1,-0.08
449,90,"(52, 1)",1,-0.08
449,91,"(53, 1)",1,-0.08
449,92,"(54, 1)",1,-0.08
449,93,"(55, 1)",1,-0.08
449,94,"(56, 1)",1,-0.08
449,95,"(57, 1)",1,-0.08
449,96,"(58, 1)",1,-0.08
449,97,"(59, 1)",1,-0.08
449,98,"(60, 1)",1,-0.08
449,99,"(61, 1)",1,-0.08
449,100,"(62, 1)",1,-0.08
449,101,"(63, 1)",1,-0.08
449,102,"(64, 1)",1,-0.08
449,103,"(65, 1)",1,-0.08
449,104,"(66, 1)",1,-0.08
449,105,"(67, 1)",1,-0.08
449,106,"(68, 1)",1,-0.08
449,107,"(69, 1)",1,-0.08
449,108,"(70, 1)",1,-0.08
449,109,"(71, 1)",2,-0.08
449,110,"(71, 2)",2,-0.08
449,111,"(71, 3)",1,-0.08
449,112,"(72, 3)",1,-0.08
449,113,"(73, 3)",0,-0.08
449,114,"(73, 2)",0,-0.08
449,115,"(73, 1)",0,-0.08
449,116,"(73, 0)",1,-0.08
449,117,"(74, 0)",1,-0.08
449,118,"(75, 0)",1,-0.08
449,119,"(76, 0)",1,-0.08
449,120,"(77, 0)",1,-0.08
449,121,"(78, 0)",1,8.33
450,0,"(0, 39)",1,-0.08
450,1,"(1, 39)",1,-0.08
450,2,"(2, 39)",1,-0.08
450,3,"(3, 39)",1,-0.08
450,4,"(4, 39)",1,-0.08
450,5,"(5, 39)",1,-0.08
450,6,"(6, 39)",1,-0.08
450,7,"(7, 39)",1,-0.08
450,8,"(8, 39)",1,-0.08
450,9,"(9, 39)",1,-0.08
450,10,"(10, 39)",1,-0.08
450,11,"(11, 39)",1,-0.08
450,12,"(12, 39)",1,-0.08
450,13,"(13, 39)",1,-0.08
450,14,"(14, 39)",0,-0.08
450,15,"(14, 38)",0,-0.08
450,16,"(14, 37)",1,-0.08
450,17,"(15, 37)",1,-0.08
450,18,"(16, 37)",1,-0.08
450,19,"(17, 37)",0,-0.08
450,20,"(17, 36)",0,-0.08
450,21,"(17, 35)",0,-0.08
450,22,"(17, 34)",1,-0.08
450,23,"(18, 34)",1,-0.08
450,24,"(19, 34)",0,-0.08
450,25,"(19, 33)",0,-0.08
450,26,"(19, 32)",0,-0.08
450,27,"(19, 31)",0,-0.08
450,28,"(19, 30)",0,-0.08
450,29,"(19, 29)",1,-0.08
450,30,"(20, 29)",0,-0.08
450,31,"(20, 28)",0,-0.08
450,32,"(20, 27)",1,-0.08
450,33,"(21, 27)",0,-0.08
450,34,"(21, 26)",1,-0.08
450,35,"(22, 26)",1,-0.08
450,36,"(23, 26)",0,-0.08
450,37,"(23, 25)",1,-0.08
450,38,"(24, 25)",1,-0.08
450,39,"(25, 25)",0,-0.08
450,40,"(25, 24)",0,-0.08
450,41,"(25, 23)",0,-0.08
450,42,"(25, 22)",0,-0.08
450,43,"(25, 21)",0,-0.08
450,44,"(25, 20)",0,-0.08
450,45,"(25, 19)",0,-0.08
450,46,"(25, 18)",1,-0.08
450,47,"(26, 18)",1,-0.08
450,48,"(27, 18)",0,-0.08
450,49,"(27, 17)",0,-0.08
450,50,"(27, 16)",1,-0.08
450,51,"(28, 16)",1,-0.08
450,52,"(29, 16)",0,-0.08
450,53,"(29, 15)",1,-0.08
450,54,"(30, 15)",1,-0.08
450,55,"(31, 15)",0,-0.08
450,56,"(31, 14)",1,-0.08
450,57,"(32, 14)",0,-0.08
450,58,"(32, 13)",1,-0.08
450,59,"(33, 13)",1,-0.08
450,60,"(34, 13)",1,-0.08
450,61,"(35, 13)",1,-0.08
450,62,"(36, 13)",1,-0.08
450,63,"(37, 13)",1,-0.08
450,64,"(38, 13)",1,-0.08
450,65,"(39, 13)",1,-0.08
450,66,"(40, 13)",1,-0.08
450,67,"(41, 13)",1,-0.08
450,68,"(42, 13)",1,-0.08
450,69,"(43, 13)",0,-0.08
450,70,"(43, 12)",0,-0.08
450,71,"(43, 11)",1,-0.08
450,72,"(44, 11)",1,-0.08
450,73,"(45, 11)",0,-0.08
450,74,"(45, 10)",0,-0.08
450,75,"(45, 9)",1,-0.08
450,76,"(46, 9)",0,-0.08
450,77,"(46, 8)",0,-0.08
450,78,"(46, 7)",0,-0.08
450,79,"(46, 6)",1,-0.08
450,80,"(47, 6)",1,-0.08
450,81,"(48, 6)",1,-0.08
450,82,"(49, 6)",0,-0.08
450,83,"(49, 5)",1,-0.08
450,84,"(50, 5)",1,-0.08
450,85,"(51, 5)",0,-0.08
450,86,"(51, 4)",0,-0.08
450,87,"(51, 3)",0,-0.08
450,88,"(51, 2)",1,-0.08
450,89,"(52, 2)",0,-0.08
450,90,"(52, 1)",1,-0.08
450,91,"(53, 1)",1,-0.08
450,92,"(54, 1)",1,-0.08
450,93,"(55, 1)",1,-0.08
450,94,"(56, 1)",1,-0.08
450,95,"(57, 1)",1,-0.08
450,96,"(58, 1)",1,-0.08
450,97,"(59, 1)",1,-0.08
450,98,"(60, 1)",1,-0.08
450,99,"(61, 1)",1,-0.08
450,100,"(62, 1)",1,-0.08
450,101,"(63, 1)",1,-0.08
450,102,"(64, 1)",1,-0.08
450,103,"(65, 1)",1,-0.08
450,104,"(66, 1)",1,-0.08
450,105,"(67, 1)",1,-0.08
450,106,"(68, 1)",1,-0.08
450,107,"(69, 1)",1,-0.08
450,108,"(70, 1)",1,-0.08
450,109,"(71, 1)",2,-0.08
450,110,"(71, 2)",2,-0.08
450,111,"(71, 3)",1,-0.08
450,112,"(72, 3)",1,-0.08
450,113,"(73, 3)",0,-0.08
450,114,"(73, 2)",0,-0.08
450,115,"(73, 1)",1,-0.08
450,116,"(74, 1)",1,-0.08
450,117,"(75, 1)",0,-0.08
450,118,"(75, 0)",1,-0.08
450,119,"(76, 0)",1,-0.08
450,120,"(77, 0)",1,-0.08
450,121,"(78, 0)",1,8.33
451,0,"(0, 39)",1,-0.08
451,1,"(1, 39)",1,-0.08
451,2,"(2, 39)",1,-0.08
451,3,"(3, 39)",1,-0.08
451,4,"(4, 39)",1,-0.08
451,5,"(5, 39)",1,-0.08
451,6,"(6, 39)",1,-0.08
451,7,"(7, 39)",1,-0.08
451,8,"(8, 39)",1,-0.08
451,9,"(9, 39)",1,-0.08
451,10,"(10, 39)",0,-0.08
451,11,"(10, 38)",1,-0.08
451,12,"(11, 38)",0,-0.08
451,13,"(11, 37)",1,-0.08
451,14,"(12, 37)",1,-0.08
451,15,"(13, 37)",1,-0.08
451,16,"(14, 37)",1,-0.08
451,17,"(15, 37)",1,-0.08
451,18,"(16, 37)",1,-0.08
451,19,"(17, 37)",0,-0.08
451,20,"(17, 36)",0,-0.08
451,21,"(17, 35)",0,-0.08
451,22,"(17, 34)",1,-0.08
451,23,"(18, 34)",0,-0.08
451,24,"(18, 33)",1,-0.08
451,25,"(19, 33)",0,-0.08
451,26,"(19, 32)",0,-0.08
451,27,"(19, 31)",0,-0.08
451,28,"(19, 30)",0,-0.08
451,29,"(19, 29)",1,-0.08
451,30,"(20, 29)",0,-0.08
451,31,"(20, 28)",0,-0.08
451,32,"(20, 27)",1,-0.08
451,33,"(21, 27)",0,-0.08
451,34,"(21, 26)",1,-0.08
451,35,"(22, 26)",0,-0.08
451,36,"(22, 25)",0,-0.08
451,37,"(22, 24)",0,-0.08
451,38,"(22, 23)",1,-0.08
451,39,"(23, 23)",1,-0.08
451,40,"(24, 23)",1,-0.08
451,41,"(25, 23)",0,-0.08
451,42,"(25, 22)",0,-0.08
451,43,"(25, 21)",0,-0.08
451,44,"(25, 20)",0,-0.08
451,45,"(25, 19)",0,-0.08
451,46,"(25, 18)",1,-0.08
451,47,"(26, 18)",1,-0.08
451,48,"(27, 18)",0,-0.08
451,49,"(27, 17)",0,-0.08
451,50,"(27, 16)",1,-0.08
451,51,"(28, 16)",1,-0.08
451,52,"(29, 16)",0,-0.08
451,53,"(29, 15)",1,-0.08
451,54,"(30, 15)",1,-0.08
451,55,"(31, 15)",0,-0.08
451,56,"(31, 14)",1,-0.08
451,57,"(32, 14)",0,-0.08
451,58,"(32, 13)",1,-0.08
451,59,"(33, 13)",1,-0.08
451,60,"(34, 13)",1,-0.08
451,61,"(35, 13)",1,-0.08
451,62,"(36, 13)",1,-0.08
451,63,"(37, 13)",1,-0.08
451,64,"(38, 13)",1,-0.08
451,65,"(39, 13)",1,-0.08
451,66,"(40, 13)",1,-0.08
451,67,"(41, 13)",0,-0.08
451,68,"(41, 12)",0,-0.08
451,69,"(41, 11)",1,-0.08
451,70,"(42, 11)",1,-0.08
451,71,"(43, 11)",1,-0.08
451,72,"(44, 11)",1,-0.08
451,73,"(45, 11)",0,-0.08
451,74,"(45, 10)",1,-0.08
451,75,"(46, 10)",0,-0.08
451,76,"(46, 9)",0,-0.08
451,77,"(46, 8)",0,-0.08
451,78,"(46, 7)",1,-0.08
451,79,"(47, 7)",0,-0.08
451,80,"(47, 6)",1,-0.08
451,81,"(48, 6)",1,-0.08
451,82,"(49, 6)",0,-0.08
451,83,"(49, 5)",1,-0.08
451,84,"(50, 5)",1,-0.08
451,85,"(51, 5)",1,-0.08
451,86,"(52, 5)",1,-0.08
451,87,"(53, 5)",0,-0.08
451,88,"(53, 4)",0,-0.08
451,89,"(53, 3)",1,-0.08
451,90,"(54, 3)",1,-0.08
451,91,"(55, 3)",1,-0.08
451,92,"(56, 3)",0,-0.08
451,93,"(56, 2)",0,-0.08
451,94,"(56, 1)",1,-0.08
451,95,"(57, 1)",1,-0.08
451,96,"(58, 1)",1,-0.08
451,97,"(59, 1)",1,-0.08
451,98,"(60, 1)",1,-0.08
451,99,"(61, 1)",1,-0.08
451,100,"(62, 1)",1,-0.08
451,101,"(63, 1)",1,-0.08
451,102,"(64, 1)",1,-0.08
451,103,"(65, 1)",1,-0.08
451,104,"(66, 1)",1,-0.08
451,105,"(67, 1)",1,-0.08
451,106,"(68, 1)",1,-0.08
451,107,"(69, 1)",1,-0.08
451,108,"(70, 1)",1,-0.08
451,109,"(71, 1)",2,-0.08
451,110,"(71, 2)",2,-0.08
451,111,"(71, 3)",1,-0.08
451,112,"(72, 3)",1,-0.08
451,113,"(73, 3)",1,-0.08
451,114,"(74, 3)",1,-0.08
451,115,"(75, 3)",1,-0.08
451,116,"(76, 3)",1,-0.08
451,117,"(77, 3)",0,-0.08
451,118,"(77, 2)",0,-0.08
451,119,"(77, 1)",0,-0.08
451,120,"(77, 0)",1,-0.08
451,121,"(78, 0)",1,8.33
452,0,"(0, 39)",1,-0.08
452,1,"(1, 39)",1,-0.08
452,2,"(2, 39)",1,-0.08
452,3,"(3, 39)",1,-0.08
452,4,"(4, 39)",1,-0.08
452,5,"(5, 39)",1,-0.08
452,6,"(6, 39)",1,-0.08
452,7,"(7, 39)",1,-0.08
452,8,"(8, 39)",1,-0.08
452,9,"(9, 39)",1,-0.08
452,10,"(10, 39)",1,-0.08
452,11,"(11, 39)",0,-0.08
452,12,"(11, 38)",0,-0.08
452,13,"(11, 37)",1,-0.08
452,14,"(12, 37)",1,-0.08
452,15,"(13, 37)",1,-0.08
452,16,"(14, 37)",1,-0.08
452,17,"(15, 37)",0,-0.08
452,18,"(15, 36)",1,-0.08
452,19,"(16, 36)",1,-0.08
452,20,"(17, 36)",0,-0.08
452,21,"(17, 35)",1,-0.08
452,22,"(18, 35)",1,-0.08
452,23,"(19, 35)",0,-0.08
452,24,"(19, 34)",0,-0.08
452,25,"(19, 33)",0,-0.08
452,26,"(19, 32)",0,-0.08
452,27,"(19, 31)",0,-0.08
452,28,"(19, 30)",0,-0.08
452,29,"(19, 29)",1,-0.08
452,30,"(20, 29)",0,-0.08
452,31,"(20, 28)",0,-0.08
452,32,"(20, 27)",1,-0.08
452,33,"(21, 27)",0,-0.08
452,34,"(21, 26)",1,-0.08
452,35,"(22, 26)",1,-0.08
452,36,"(23, 26)",1,-0.08
452,37,"(24, 26)",0,-0.08
452,38,"(24, 25)",1,-0.08
452,39,"(25, 25)",0,-0.08
452,40,"(25, 24)",0,-0.08
452,41,"(25, 23)",0,-0.08
452,42,"(25, 22)",0,-0.08
452,43,"(25, 21)",0,-0.08
452,44,"(25, 20)",0,-0.08
452,45,"(25, 19)",1,-0.08
452,46,"(26, 19)",1,-0.08
452,47,"(27, 19)",0,-0.08
452,48,"(27, 18)",0,-0.08
452,49,"(27, 17)",0,-0.08
452,50,"(27, 16)",1,-0.08
452,51,"(28, 16)",1,-0.08
452,52,"(29, 16)",0,-0.08
452,53,"(29, 15)",1,-0.08
452,54,"(30, 15)",1,-0.08
452,55,"(31, 15)",1,-0.08
452,56,"(32, 15)",0,-0.08
452,57,"(32, 14)",0,-0.08
452,58,"(32, 13)",1,-0.08
452,59,"(33, 13)",1,-0.08
452,60,"(34, 13)",1,-0.08
452,61,"(35, 13)",1,-0.08
452,62,"(36, 13)",1,-0.08
452,63,"(37, 13)",1,-0.08
452,64,"(38, 13)",1,-0.08
452,65,"(39, 13)",0,-0.08
452,66,"(39, 12)",0,-0.08
452,67,"(39, 11)",1,-0.08
452,68,"(40, 11)",1,-0.08
452,69,"(41, 11)",1,-0.08
452,70,"(42, 11)",1,-0.08
452,71,"(43, 11)",1,-0.08
452,72,"(44, 11)",1,-0.08
452,73,"(45, 11)",0,-0.08
452,74,"(45, 10)",0,-0.08
452,75,"(45, 9)",0,-0.08
452,76,"(45, 8)",1,-0.08
452,77,"(46, 8)",0,-0.08
452,78,"(46, 7)",1,-0.08
452,79,"(47, 7)",0,-0.08
452,80,"(47, 6)",1,-0.08
452,81,"(48, 6)",1,-0.08
452,82,"(49, 6)",0,-0.08
452,83,"(49, 5)",1,-0.08
452,84,"(50, 5)",1,-0.08
452,85,"(51, 5)",0,-0.08
452,86,"(51, 4)",0,-0.08
452,87,"(51, 3)",0,-0.08
452,88,"(51, 2)",1,-0.08
452,89,"(52, 2)",0,-0.08
452,90,"(52, 1)",1,-0.08
452,91,"(53, 1)",1,-0.08
452,92,"(54, 1)",1,-0.08
452,93,"(55, 1)",1,-0.08
452,94,"(56, 1)",1,-0.08
452,95,"(57, 1)",1,-0.08
452,96,"(58, 1)",1,-0.08
452,97,"(59, 1)",1,-0.08
452,98,"(60, 1)",1,-0.08
452,99,"(61, 1)",1,-0.08
452,100,"(62, 1)",1,-0.08
452,101,"(63, 1)",1,-0.08
452,102,"(64, 1)",1,-0.08
452,103,"(65, 1)",1,-0.08
452,104,"(66, 1)",1,-0.08
452,105,"(67, 1)",1,-0.08
452,106,"(68, 1)",1,-0.08
452,107,"(69, 1)",1,-0.08
452,108,"(70, 1)",1,-0.08
452,109,"(71, 1)",2,-0.08
452,110,"(71, 2)",2,-0.08
452,111,"(71, 3)",1,-0.08
452,112,"(72, 3)",1,-0.08
452,113,"(73, 3)",1,-0.08
452,114,"(74, 3)",1,-0.08
452,115,"(75, 3)",1,-0.08
452,116,"(76, 3)",1,-0.08
452,117,"(77, 3)",0,-0.08
452,118,"(77, 2)",0,-0.08
452,119,"(77, 1)",1,-0.08
452,120,"(78, 1)",1,-0.08
452,121,"(79, 1)",0,8.33
453,0,"(0, 39)",1,-0.08
453,1,"(1, 39)",1,-0.08
453,2,"(2, 39)",1,-0.08
453,3,"(3, 39)",1,-0.08
453,4,"(4, 39)",1,-0.08
453,5,"(5, 39)",1,-0.08
453,6,"(6, 39)",1,-0.08
453,7,"(7, 39)",1,-0.08
453,8,"(8, 39)",1,-0.08
453,9,"(9, 39)",1,-0.08
453,10,"(10, 39)",0,-0.08
453,11,"(10, 38)",0,-0.08
453,12,"(10, 37)",1,-0.08
453,13,"(11, 37)",1,-0.08
453,14,"(12, 37)",1,-0.08
453,15,"(13, 37)",1,-0.08
453,16,"(14, 37)",1,-0.08
453,17,"(15, 37)",0,-0.08
453,18,"(15, 36)",0,-0.08
453,19,"(15, 35)",0,-0.08
453,20,"(15, 34)",0,-0.08
453,21,"(15, 33)",1,-0.08
453,22,"(16, 33)",1,-0.08
453,23,"(17, 33)",1,-0.08
453,24,"(18, 33)",1,-0.08
453,25,"(19, 33)",0,-0.08
453,26,"(19, 32)",0,-0.08
453,27,"(19, 31)",0,-0.08
453,28,"(19, 30)",0,-0.08
453,29,"(19, 29)",1,-0.08
453,30,"(20, 29)",0,-0.08
453,31,"(20, 28)",0,-0.08
453,32,"(20, 27)",1,-0.08
453,33,"(21, 27)",0,-0.08
453,34,"(21, 26)",0,-0.08
453,35,"(21, 25)",1,-0.08
453,36,"(22, 25)",0,-0.08
453,37,"(22, 24)",0,-0.08
453,38,"(22, 23)",1,-0.08
453,39,"(23, 23)",1,-0.08
453,40,"(24, 23)",1,-0.08
453,41,"(25, 23)",0,-0.08
453,42,"(25, 22)",0,-0.08
453,43,"(25, 21)",1,-0.08
453,44,"(26, 21)",1,-0.08
453,45,"(27, 21)",0,-0.08
453,46,"(27, 20)",1,-0.08
453,47,"(28, 20)",0,-0.08
453,48,"(28, 19)",1,-0.08
453,49,"(29, 19)",1,-0.08
453,50,"(30, 19)",1,-0.08
453,51,"(31, 19)",0,-0.08
453,52,"(31, 18)",1,-0.08
453,53,"(32, 18)",0,-0.08
453,54,"(32, 17)",0,-0.08
453,55,"(32, 16)",0,-0.08
453,56,"(32, 15)",0,-0.08
453,57,"(32, 14)",0,-0.08
453,58,"(32, 13)",1,-0.08
453,59,"(33, 13)",1,-0.08
453,60,"(34, 13)",1,-0.08
453,61,"(35, 13)",1,-0.08
453,62,"(36, 13)",1,-0.08
453,63,"(37, 13)",1,-0.08
453,64,"(38, 13)",1,-0.08
453,65,"(39, 13)",1,-0.08
453,66,"(40, 13)",1,-0.08
453,67,"(41, 13)",0,-0.08
453,68,"(41, 12)",0,-0.08
453,69,"(41, 11)",1,-0.08
453,70,"(42, 11)",1,-0.08
453,71,"(43, 11)",1,-0.08
453,72,"(44, 11)",1,-0.08
453,73,"(45, 11)",0,-0.08
453,74,"(45, 10)",1,-0.08
453,75,"(46, 10)",0,-0.08
453,76,"(46, 9)",0,-0.08
453,77,"(46, 8)",0,-0.08
453,78,"(46, 7)",0,-0.08
453,79,"(46, 6)",1,-0.08
453,80,"(47, 6)",1,-0.08
453,81,"(48, 6)",1,-0.08
453,82,"(49, 6)",0,-0.08
453,83,"(49, 5)",1,-0.08
453,84,"(50, 5)",1,-0.08
453,85,"(51, 5)",1,-0.08
453,86,"(52, 5)",1,-0.08
453,87,"(53, 5)",0,-0.08
453,88,"(53, 4)",0,-0.08
453,89,"(53, 3)",0,-0.08
453,90,"(53, 2)",0,-0.08
453,91,"(53, 1)",1,-0.08
453,92,"(54, 1)",1,-0.08
453,93,"(55, 1)",1,-0.08
453,94,"(56, 1)",1,-0.08
453,95,"(57, 1)",1,-0.08
453,96,"(58, 1)",1,-0.08
453,97,"(59, 1)",1,-0.08
453,98,"(60, 1)",1,-0.08
453,99,"(61, 1)",1,-0.08
453,100,"(62, 1)",1,-0.08
453,101,"(63, 1)",1,-0.08
453,102,"(64, 1)",1,-0.08
453,103,"(65, 1)",1,-0.08
453,104,"(66, 1)",1,-0.08
453,105,"(67, 1)",1,-0.08
453,106,"(68, 1)",1,-0.08
453,107,"(69, 1)",1,-0.08
453,108,"(70, 1)",1,-0.08
453,109,"(71, 1)",2,-0.08
453,110,"(71, 2)",2,-0.08
453,111,"(71, 3)",1,-0.08
453,112,"(72, 3)",1,-0.08
453,113,"(73, 3)",1,-0.08
453,114,"(74, 3)",1,-0.08
453,115,"(75, 3)",1,-0.08
453,116,"(76, 3)",1,-0.08
453,117,"(77, 3)",0,-0.08
453,118,"(77, 2)",0,-0.08
453,119,"(77, 1)",0,-0.08
453,120,"(77, 0)",1,-0.08
453,121,"(78, 0)",1,8.33
454,0,"(0, 39)",1,-0.08
454,1,"(1, 39)",1,-0.08
454,2,"(2, 39)",1,-0.08
454,3,"(3, 39)",1,-0.08
454,4,"(4, 39)",1,-0.08
454,5,"(5, 39)",1,-0.08
454,6,"(6, 39)",1,-0.08
454,7,"(7, 39)",1,-0.08
454,8,"(8, 39)",1,-0.08
454,9,"(9, 39)",1,-0.08
454,10,"(10, 39)",0,-0.08
454,11,"(10, 38)",0,-0.08
454,12,"(10, 37)",1,-0.08
454,13,"(11, 37)",1,-0.08
454,14,"(12, 37)",1,-0.08
454,15,"(13, 37)",1,-0.08
454,16,"(14, 37)",1,-0.08
454,17,"(15, 37)",0,-0.08
454,18,"(15, 36)",1,-0.08
454,19,"(16, 36)",1,-0.08
454,20,"(17, 36)",0,-0.08
454,21,"(17, 35)",0,-0.08
454,22,"(17, 34)",1,-0.08
454,23,"(18, 34)",1,-0.08
454,24,"(19, 34)",0,-0.08
454,25,"(19, 33)",0,-0.08
454,26,"(19, 32)",0,-0.08
454,27,"(19, 31)",0,-0.08
454,28,"(19, 30)",0,-0.08
454,29,"(19, 29)",1,-0.08
454,30,"(20, 29)",0,-0.08
454,31,"(20, 28)",0,-0.08
454,32,"(20, 27)",1,-0.08
454,33,"(21, 27)",0,-0.08
454,34,"(21, 26)",0,-0.08
454,35,"(21, 25)",1,-0.08
454,36,"(22, 25)",1,-0.08
454,37,"(23, 25)",1,-0.08
454,38,"(24, 25)",1,-0.08
454,39,"(25, 25)",0,-0.08
454,40,"(25, 24)",0,-0.08
454,41,"(25, 23)",0,-0.08
454,42,"(25, 22)",0,-0.08
454,43,"(25, 21)",1,-0.08
454,44,"(26, 21)",1,-0.08
454,45,"(27, 21)",0,-0.08
454,46,"(27, 20)",0,-0.08
454,47,"(27, 19)",0,-0.08
454,48,"(27, 18)",0,-0.08
454,49,"(27, 17)",1,-0.08
454,50,"(28, 17)",1,-0.08
454,51,"(29, 17)",0,-0.08
454,52,"(29, 16)",0,-0.08
454,53,"(29, 15)",1,-0.08
454,54,"(30, 15)",1,-0.08
454,55,"(31, 15)",0,-0.08
454,56,"(31, 14)",1,-0.08
454,57,"(32, 14)",0,-0.08
454,58,"(32, 13)",1,-0.08
454,59,"(33, 13)",1,-0.08
454,60,"(34, 13)",1,-0.08
454,61,"(35, 13)",1,-0.08
454,62,"(36, 13)",1,-0.08
454,63,"(37, 13)",1,-0.08
454,64,"(38, 13)",1,-0.08
454,65,"(39, 13)",1,-0.08
454,66,"(40, 13)",1,-0.08
454,67,"(41, 13)",0,-0.08
454,68,"(41, 12)",0,-0.08
454,69,"(41, 11)",1,-0.08
454,70,"(42, 11)",1,-0.08
454,71,"(43, 11)",1,-0.08
454,72,"(44, 11)",1,-0.08
454,73,"(45, 11)",0,-0.08
454,74,"(45, 10)",0,-0.08
454,75,"(45, 9)",0,-0.08
454,76,"(45, 8)",1,-0.08
454,77,"(46, 8)",0,-0.08
454,78,"(46, 7)",0,-0.08
454,79,"(46, 6)",1,-0.08
454,80,"(47, 6)",1,-0.08
454,81,"(48, 6)",1,-0.08
454,82,"(49, 6)",0,-0.08
454,83,"(49, 5)",1,-0.08
454,84,"(50, 5)",1,-0.08
454,85,"(51, 5)",0,-0.08
454,86,"(51, 4)",0,-0.08
454,87,"(51, 3)",0,-0.08
454,88,"(51, 2)",1,-0.08
454,89,"(52, 2)",1,-0.08
454,90,"(53, 2)",0,-0.08
454,91,"(53, 1)",1,-0.08
454,92,"(54, 1)",1,-0.08
454,93,"(55, 1)",1,-0.08
454,94,"(56, 1)",1,-0.08
454,95,"(57, 1)",1,-0.08
454,96,"(58, 1)",1,-0.08
454,97,"(59, 1)",1,-0.08
454,98,"(60, 1)",1,-0.08
454,99,"(61, 1)",1,-0.08
454,100,"(62, 1)",1,-0.08
454,101,"(63, 1)",1,-0.08
454,102,"(64, 1)",1,-0.08
454,103,"(65, 1)",1,-0.08
454,104,"(66, 1)",1,-0.08
454,105,"(67, 1)",1,-0.08
454,106,"(68, 1)",1,-0.08
454,107,"(69, 1)",1,-0.08
454,108,"(70, 1)",1,-0.08
454,109,"(71, 1)",2,-0.08
454,110,"(71, 2)",2,-0.08
454,111,"(71, 3)",1,-0.08
454,112,"(72, 3)",1,-0.08
454,113,"(73, 3)",1,-0.08
454,114,"(74, 3)",1,-0.08
454,115,"(75, 3)",1,-0.08
454,116,"(76, 3)",1,-0.08
454,117,"(77, 3)",0,-0.08
454,118,"(77, 2)",0,-0.08
454,119,"(77, 1)",1,-0.08
454,120,"(78, 1)",1,-0.08
454,121,"(79, 1)",0,8.33
455,0,"(0, 39)",1,-0.08
455,1,"(1, 39)",1,-0.08
455,2,"(2, 39)",1,-0.08
455,3,"(3, 39)",1,-0.08
455,4,"(4, 39)",1,-0.08
455,5,"(5, 39)",1,-0.08
455,6,"(6, 39)",1,-0.08
455,7,"(7, 39)",1,-0.08
455,8,"(8, 39)",1,-0.08
455,9,"(9, 39)",1,-0.08
455,10,"(10, 39)",1,-0.08
455,11,"(11, 39)",1,-0.08
455,12,"(12, 39)",1,-0.08
455,13,"(13, 39)",1,-0.08
455,14,"(14, 39)",0,-0.08
455,15,"(14, 38)",0,-0.08
455,16,"(14, 37)",1,-0.08
455,17,"(15, 37)",0,-0.08
455,18,"(15, 36)",1,-0.08
455,19,"(16, 36)",1,-0.08
455,20,"(17, 36)",0,-0.08
455,21,"(17, 35)",0,-0.08
455,22,"(17, 34)",0,-0.08
455,23,"(17, 33)",1,-0.08
455,24,"(18, 33)",1,-0.08
455,25,"(19, 33)",0,-0.08
455,26,"(19, 32)",0,-0.08
455,27,"(19, 31)",0,-0.08
455,28,"(19, 30)",0,-0.08
455,29,"(19, 29)",1,-0.08
455,30,"(20, 29)",0,-0.08
455,31,"(20, 28)",0,-0.08
455,32,"(20, 27)",1,-0.08
455,33,"(21, 27)",0,-0.08
455,34,"(21, 26)",1,-0.08
455,35,"(22, 26)",1,-0.08
455,36,"(23, 26)",1,-0.08
455,37,"(24, 26)",0,-0.08
455,38,"(24, 25)",1,-0.08
455,39,"(25, 25)",1,-0.08
455,40,"(26, 25)",1,-0.08
455,41,"(27, 25)",1,-0.08
455,42,"(28, 25)",1,-0.08
455,43,"(29, 25)",1,-0.08
455,44,"(30, 25)",1,-0.08
455,45,"(31, 25)",0,-0.08
455,46,"(31, 24)",0,-0.08
455,47,"(31, 23)",1,-0.08
455,48,"(32, 23)",1,-0.08
455,49,"(33, 23)",0,-0.08
455,50,"(33, 22)",0,-0.08
455,51,"(33, 21)",1,-0.08
455,52,"(34, 21)",1,-0.08
455,53,"(35, 21)",0,-0.08
455,54,"(35, 20)",0,-0.08
455,55,"(35, 19)",1,-0.08
455,56,"(36, 19)",1,-0.08
455,57,"(37, 19)",0,-0.08
455,58,"(37, 18)",0,-0.08
455,59,"(37, 17)",1,-0.08
455,60,"(38, 17)",1,-0.08
455,61,"(39, 17)",0,-0.08
455,62,"(39, 16)",0,-0.08
455,63,"(39, 15)",1,-0.08
455,64,"(40, 15)",0,-0.08
455,65,"(40, 14)",1,-0.08
455,66,"(41, 14)",0,-0.08
455,67,"(41, 13)",1,-0.08
455,68,"(42, 13)",1,-0.08
455,69,"(43, 13)",0,-0.08
455,70,"(43, 12)",0,-0.08
455,71,"(43, 11)",1,-0.08
455,72,"(44, 11)",1,-0.08
455,73,"(45, 11)",0,-0.08
455,74,"(45, 10)",1,-0.08
455,75,"(46, 10)",0,-0.08
455,76,"(46, 9)",0,-0.08
455,77,"(46, 8)",0,-0.08
455,78,"(46, 7)",0,-0.08
455,79,"(46, 6)",1,-0.08
455,80,"(47, 6)",1,-0.08
455,81,"(48, 6)",1,-0.08
455,82,"(49, 6)",0,-0.08
455,83,"(49, 5)",1,-0.08
455,84,"(50, 5)",1,-0.08
455,85,"(51, 5)",0,-0.08
455,86,"(51, 4)",0,-0.08
455,87,"(51, 3)",0,-0.08
455,88,"(51, 2)",0,-0.08
455,89,"(51, 1)",1,-0.08
455,90,"(52, 1)",1,-0.08
455,91,"(53, 1)",1,-0.08
455,92,"(54, 1)",1,-0.08
455,93,"(55, 1)",1,-0.08
455,94,"(56, 1)",1,-0.08
455,95,"(57, 1)",1,-0.08
455,96,"(58, 1)",1,-0.08
455,97,"(59, 1)",1,-0.08
455,98,"(60, 1)",1,-0.08
455,99,"(61, 1)",1,-0.08
455,100,"(62, 1)",1,-0.08
455,101,"(63, 1)",1,-0.08
455,102,"(64, 1)",1,-0.08
455,103,"(65, 1)",1,-0.08
455,104,"(66, 1)",1,-0.08
455,105,"(67, 1)",1,-0.08
455,106,"(68, 1)",1,-0.08
455,107,"(69, 1)",1,-0.08
455,108,"(70, 1)",1,-0.08
455,109,"(71, 1)",2,-0.08
455,110,"(71, 2)",2,-0.08
455,111,"(71, 3)",1,-0.08
455,112,"(72, 3)",1,-0.08
455,113,"(73, 3)",1,-0.08
455,114,"(74, 3)",1,-0.08
455,115,"(75, 3)",1,-0.08
455,116,"(76, 3)",1,-0.08
455,117,"(77, 3)",0,-0.08
455,118,"(77, 2)",0,-0.08
455,119,"(77, 1)",0,-0.08
455,120,"(77, 0)",1,-0.08
455,121,"(78, 0)",1,8.33
456,0,"(0, 39)",1,-0.08
456,1,"(1, 39)",1,-0.08
456,2,"(2, 39)",1,-0.08
456,3,"(3, 39)",1,-0.08
456,4,"(4, 39)",1,-0.08
456,5,"(5, 39)",1,-0.08
456,6,"(6, 39)",1,-0.08
456,7,"(7, 39)",1,-0.08
456,8,"(8, 39)",1,-0.08
456,9,"(9, 39)",1,-0.08
456,10,"(10, 39)",0,-0.08
456,11,"(10, 38)",0,-0.08
456,12,"(10, 37)",1,-0.08
456,13,"(11, 37)",1,-0.08
456,14,"(12, 37)",1,-0.08
456,15,"(13, 37)",1,-0.08
456,16,"(14, 37)",1,-0.08
456,17,"(15, 37)",1,-0.08
456,18,"(16, 37)",0,-0.08
456,19,"(16, 36)",1,-0.08
456,20,"(17, 36)",0,-0.08
456,21,"(17, 35)",1,-0.08
456,22,"(18, 35)",0,-0.08
456,23,"(18, 34)",1,-0.08
456,24,"(19, 34)",0,-0.08
456,25,"(19, 33)",0,-0.08
456,26,"(19, 32)",0,-0.08
456,27,"(19, 31)",0,-0.08
456,28,"(19, 30)",0,-0.08
456,29,"(19, 29)",1,-0.08
456,30,"(20, 29)",0,-0.08
456,31,"(20, 28)",0,-0.08
456,32,"(20, 27)",1,-0.08
456,33,"(21, 27)",0,-0.08
456,34,"(21, 26)",0,-0.08
456,35,"(21, 25)",1,-0.08
456,36,"(22, 25)",1,-0.08
456,37,"(23, 25)",1,-0.08
456,38,"(24, 25)",1,-0.08
456,39,"(25, 25)",0,-0.08
456,40,"(25, 24)",0,-0.08
456,41,"(25, 23)",0,-0.08
456,42,"(25, 22)",0,-0.08
456,43,"(25, 21)",1,-0.08
456,44,"(26, 21)",1,-0.08
456,45,"(27, 21)",0,-0.08
456,46,"(27, 20)",1,-0.08
456,47,"(28, 20)",0,-0.08
456,48,"(28, 19)",1,-0.08
456,49,"(29, 19)",1,-0.08
456,50,"(30, 19)",1,-0.08
456,51,"(31, 19)",1,-0.08
456,52,"(32, 19)",1,-0.08
456,53,"(33, 19)",1,-0.08
456,54,"(34, 19)",1,-0.08
456,55,"(35, 19)",0,-0.08
456,56,"(35, 18)",0,-0.08
456,57,"(35, 17)",0,-0.08
456,58,"(35, 16)",0,-0.08
456,59,"(35, 15)",0,-0.08
456,60,"(35, 14)",0,-0.08
456,61,"(35, 13)",1,-0.08
456,62,"(36, 13)",1,-0.08
456,63,"(37, 13)",1,-0.08
456,64,"(38, 13)",1,-0.08
456,65,"(39, 13)",1,-0.08
456,66,"(40, 13)",1,-0.08
456,67,"(41, 13)",1,-0.08
456,68,"(42, 13)",1,-0.08
456,69,"(43, 13)",0,-0.08
456,70,"(43, 12)",0,-0.08
456,71,"(43, 11)",1,-0.08
456,72,"(44, 11)",1,-0.08
456,73,"(45, 11)",0,-0.08
456,74,"(45, 10)",1,-0.08
456,75,"(46, 10)",0,-0.08
456,76,"(46, 9)",0,-0.08
456,77,"(46, 8)",0,-0.08
456,78,"(46, 7)",1,-0.08
456,79,"(47, 7)",0,-0.08
456,80,"(47, 6)",1,-0.08
456,81,"(48, 6)",1,-0.08
456,82,"(49, 6)",0,-0.08
456,83,"(49, 5)",1,-0.08
456,84,"(50, 5)",1,-0.08
456,85,"(51, 5)",1,-0.08
456,86,"(52, 5)",1,-0.08
456,87,"(53, 5)",0,-0.08
456,88,"(53, 4)",0,-0.08
456,89,"(53, 3)",1,-0.08
456,90,"(54, 3)",1,-0.08
456,91,"(55, 3)",1,-0.08
456,92,"(56, 3)",1,-0.08
456,93,"(57, 3)",0,-0.08
456,94,"(57, 2)",1,-0.08
456,95,"(58, 2)",0,-0.08
456,96,"(58, 1)",1,-0.08
456,97,"(59, 1)",1,-0.08
456,98,"(60, 1)",1,-0.08
456,99,"(61, 1)",1,-0.08
456,100,"(62, 1)",1,-0.08
456,101,"(63, 1)",1,-0.08
456,102,"(64, 1)",1,-0.08
456,103,"(65, 1)",1,-0.08
456,104,"(66, 1)",1,-0.08
456,105,"(67, 1)",1,-0.08
456,106,"(68, 1)",1,-0.08
456,107,"(69, 1)",1,-0.08
456,108,"(70, 1)",1,-0.08
456,109,"(71, 1)",2,-0.08
456,110,"(71, 2)",2,-0.08
456,111,"(71, 3)",1,-0.08
456,112,"(72, 3)",1,-0.08
456,113,"(73, 3)",0,-0.08
456,114,"(73, 2)",0,-0.08
456,115,"(73, 1)",1,-0.08
456,116,"(74, 1)",0,-0.08
456,117,"(74, 0)",1,-0.08
456,118,"(75, 0)",1,-0.08
456,119,"(76, 0)",1,-0.08
456,120,"(77, 0)",1,-0.08
456,121,"(78, 0)",1,8.33
457,0,"(0, 39)",1,-0.08
457,1,"(1, 39)",1,-0.08
457,2,"(2, 39)",1,-0.08
457,3,"(3, 39)",1,-0.08
457,4,"(4, 39)",1,-0.08
457,5,"(5, 39)",1,-0.08
457,6,"(6, 39)",1,-0.08
457,7,"(7, 39)",1,-0.08
457,8,"(8, 39)",1,-0.08
457,9,"(9, 39)",1,-0.08
457,10,"(10, 39)",1,-0.08
457,11,"(11, 39)",0,-0.08
457,12,"(11, 38)",0,-0.08
457,13,"(11, 37)",1,-0.08
457,14,"(12, 37)",1,-0.08
457,15,"(13, 37)",1,-0.08
457,16,"(14, 37)",1,-0.08
457,17,"(15, 37)",1,-0.08
457,18,"(16, 37)",0,-0.08
457,19,"(16, 36)",1,-0.08
457,20,"(17, 36)",0,-0.08
457,21,"(17, 35)",1,-0.08
457,22,"(18, 35)",1,-0.08
457,23,"(19, 35)",0,-0.08
457,24,"(19, 34)",0,-0.08
457,25,"(19, 33)",0,-0.08
457,26,"(19, 32)",0,-0.08
457,27,"(19, 31)",0,-0.08
457,28,"(19, 30)",0,-0.08
457,29,"(19, 29)",1,-0.08
457,30,"(20, 29)",0,-0.08
457,31,"(20, 28)",0,-0.08
457,32,"(20, 27)",1,-0.08
457,33,"(21, 27)",0,-0.08
457,34,"(21, 26)",0,-0.08
457,35,"(21, 25)",1,-0.08
457,36,"(22, 25)",1,-0.08
457,37,"(23, 25)",1,-0.08
457,38,"(24, 25)",1,-0.08
457,39,"(25, 25)",1,-0.08
457,40,"(26, 25)",1,-0.08
457,41,"(27, 25)",1,-0.08
457,42,"(28, 25)",1,-0.08
457,43,"(29, 25)",1,-0.08
457,44,"(30, 25)",1,-0.08
457,45,"(31, 25)",0,-0.08
457,46,"(31, 24)",0,-0.08
457,47,"(31, 23)",1,-0.08
457,48,"(32, 23)",1,-0.08
457,49,"(33, 23)",0,-0.08
457,50,"(33, 22)",0,-0.08
457,51,"(33, 21)",1,-0.08
457,52,"(34, 21)",1,-0.08
457,53,"(35, 21)",1,-0.08
457,54,"(36, 21)",1,-0.08
457,55,"(37, 21)",1,-0.08
457,56,"(38, 21)",1,-0.08
457,57,"(39, 21)",0,-0.08
457,58,"(39, 20)",1,-0.08
457,59,"(40, 20)",1,-0.08
457,60,"(41, 20)",1,-0.08
457,61,"(42, 20)",1,-0.08
457,62,"(43, 20)",0,-0.08
457,63,"(43, 19)",1,-0.08
457,64,"(44, 19)",0,-0.08
457,65,"(44, 18)",0,-0.08
457,66,"(44, 17)",0,-0.08
457,67,"(44, 16)",0,-0.08
457,68,"(44, 15)",1,-0.08
457,69,"(45, 15)",0,-0.08
457,70,"(45, 14)",0,-0.08
457,71,"(45, 13)",0,-0.08
457,72,"(45, 12)",0,-0.08
457,73,"(45, 11)",0,-0.08
457,74,"(45, 10)",1,-0.08
457,75,"(46, 10)",0,-0.08
457,76,"(46, 9)",0,-0.08
457,77,"(46, 8)",0,-0.08
457,78,"(46, 7)",1,-0.08
457,79,"(47, 7)",0,-0.08
457,80,"(47, 6)",1,-0.08
457,81,"(48, 6)",1,-0.08
457,82,"(49, 6)",0,-0.08
457,83,"(49, 5)",1,-0.08
457,84,"(50, 5)",1,-0.08
457,85,"(51, 5)",0,-0.08
457,86,"(51, 4)",0,-0.08
457,87,"(51, 3)",0,-0.08
457,88,"(51, 2)",0,-0.08
457,89,"(51, 1)",1,-0.08
457,90,"(52, 1)",1,-0.08
457,91,"(53, 1)",1,-0.08
457,92,"(54, 1)",1,-0.08
457,93,"(55, 1)",1,-0.08
457,94,"(56, 1)",1,-0.08
457,95,"(57, 1)",1,-0.08
457,96,"(58, 1)",1,-0.08
457,97,"(59, 1)",1,-0.08
457,98,"(60, 1)",1,-0.08
457,99,"(61, 1)",1,-0.08
457,100,"(62, 1)",1,-0.08
457,101,"(63, 1)",1,-0.08
457,102,"(64, 1)",1,-0.08
457,103,"(65, 1)",1,-0.08
457,104,"(66, 1)",1,-0.08
457,105,"(67, 1)",1,-0.08
457,106,"(68, 1)",1,-0.08
457,107,"(69, 1)",1,-0.08
457,108,"(70, 1)",1,-0.08
457,109,"(71, 1)",2,-0.08
457,110,"(71, 2)",2,-0.08
457,111,"(71, 3)",1,-0.08
457,112,"(72, 3)",1,-0.08
457,113,"(73, 3)",0,-0.08
457,114,"(73, 2)",0,-0.08
457,115,"(73, 1)",1,-0.08
457,116,"(74, 1)",1,-0.08
457,117,"(75, 1)",1,-0.08
457,118,"(76, 1)",0,-0.08
457,119,"(76, 0)",1,-0.08
457,120,"(77, 0)",1,-0.08
457,121,"(78, 0)",1,8.33
458,0,"(0, 39)",1,-0.08
458,1,"(1, 39)",1,-0.08
458,2,"(2, 39)",1,-0.08
458,3,"(3, 39)",1,-0.08
458,4,"(4, 39)",1,-0.08
458,5,"(5, 39)",1,-0.08
458,6,"(6, 39)",1,-0.08
458,7,"(7, 39)",1,-0.08
458,8,"(8, 39)",1,-0.08
458,9,"(9, 39)",1,-0.08
458,10,"(10, 39)",0,-0.08
458,11,"(10, 38)",1,-0.08
458,12,"(11, 38)",0,-0.08
458,13,"(11, 37)",1,-0.08
458,14,"(12, 37)",1,-0.08
458,15,"(13, 37)",1,-0.08
458,16,"(14, 37)",1,-0.08
458,17,"(15, 37)",0,-0.08
458,18,"(15, 36)",0,-0.08
458,19,"(15, 35)",0,-0.08
458,20,"(15, 34)",0,-0.08
458,21,"(15, 33)",1,-0.08
458,22,"(16, 33)",1,-0.08
458,23,"(17, 33)",1,-0.08
458,24,"(18, 33)",1,-0.08
458,25,"(19, 33)",0,-0.08
458,26,"(19, 32)",0,-0.08
458,27,"(19, 31)",0,-0.08
458,28,"(19, 30)",0,-0.08
458,29,"(19, 29)",1,-0.08
458,30,"(20, 29)",0,-0.08
458,31,"(20, 28)",0,-0.08
458,32,"(20, 27)",1,-0.08
458,33,"(21, 27)",0,-0.08
458,34,"(21, 26)",1,-0.08
458,35,"(22, 26)",0,-0.08
458,36,"(22, 25)",1,-0.08
458,37,"(23, 25)",1,-0.08
458,38,"(24, 25)",1,-0.08
458,39,"(25, 25)",1,-0.08
458,40,"(26, 25)",1,-0.08
458,41,"(27, 25)",1,-0.08
458,42,"(28, 25)",1,-0.08
458,43,"(29, 25)",1,-0.08
458,44,"(30, 25)",1,-0.08
458,45,"(31, 25)",0,-0.08
458,46,"(31, 24)",0,-0.08
458,47,"(31, 23)",1,-0.08
458,48,"(32, 23)",1,-0.08
458,49,"(33, 23)",0,-0.08
458,50,"(33, 22)",0,-0.08
458,51,"(33, 21)",1,-0.08
458,52,"(34, 21)",1,-0.08
458,53,"(35, 21)",0,-0.08
458,54,"(35, 20)",0,-0.08
458,55,"(35, 19)",1,-0.08
458,56,"(36, 19)",1,-0.08
458,57,"(37, 19)",0,-0.08
458,58,"(37, 18)",0,-0.08
458,59,"(37, 17)",0,-0.08
458,60,"(37, 16)",0,-0.08
458,61,"(37, 15)",0,-0.08
458,62,"(37, 14)",0,-0.08
458,63,"(37, 13)",1,-0.08
458,64,"(38, 13)",1,-0.08
458,65,"(39, 13)",1,-0.08
458,66,"(40, 13)",1,-0.08
458,67,"(41, 13)",1,-0.08
458,68,"(42, 13)",1,-0.08
458,69,"(43, 13)",1,-0.08
458,70,"(44, 13)",1,-0.08
458,71,"(45, 13)",0,-0.08
458,72,"(45, 12)",0,-0.08
458,73,"(45, 11)",0,-0.08
458,74,"(45, 10)",0,-0.08
458,75,"(45, 9)",0,-0.08
458,76,"(45, 8)",0,-0.08
458,77,"(45, 7)",1,-0.08
458,78,"(46, 7)",1,-0.08
458,79,"(47, 7)",0,-0.08
458,80,"(47, 6)",1,-0.08
458,81,"(48, 6)",1,-0.08
458,82,"(49, 6)",0,-0.08
458,83,"(49, 5)",1,-0.08
458,84,"(50, 5)",1,-0.08
458,85,"(51, 5)",0,-0.08
458,86,"(51, 4)",0,-0.08
458,87,"(51, 3)",0,-0.08
458,88,"(51, 2)",0,-0.08
458,89,"(51, 1)",1,-0.08
458,90,"(52, 1)",1,-0.08
458,91,"(53, 1)",1,-0.08
458,92,"(54, 1)",1,-0.08
458,93,"(55, 1)",1,-0.08
458,94,"(56, 1)",1,-0.08
458,95,"(57, 1)",1,-0.08
458,96,"(58, 1)",1,-0.08
458,97,"(59, 1)",1,-0.08
458,98,"(60, 1)",1,-0.08
458,99,"(61, 1)",1,-0.08
458,100,"(62, 1)",1,-0.08
458,101,"(63, 1)",1,-0.08
458,102,"(64, 1)",1,-0.08
458,103,"(65, 1)",1,-0.08
458,104,"(66, 1)",1,-0.08
458,105,"(67, 1)",1,-0.08
458,106,"(68, 1)",1,-0.08
458,107,"(69, 1)",1,-0.08
458,108,"(70, 1)",1,-0.08
458,109,"(71, 1)",2,-0.08
458,110,"(71, 2)",2,-0.08
458,111,"(71, 3)",1,-0.08
458,112,"(72, 3)",1,-0.08
458,113,"(73, 3)",1,-0.08
458,114,"(74, 3)",1,-0.08
458,115,"(75, 3)",1,-0.08
458,116,"(76, 3)",1,-0.08
458,117,"(77, 3)",0,-0.08
458,118,"(77, 2)",0,-0.08
458,119,"(77, 1)",0,-0.08
458,120,"(77, 0)",1,-0.08
458,121,"(78, 0)",1,8.33
459,0,"(0, 39)",1,-0.08
459,1,"(1, 39)",1,-0.08
459,2,"(2, 39)",1,-0.08
459,3,"(3, 39)",1,-0.08
459,4,"(4, 39)",1,-0.08
459,5,"(5, 39)",1,-0.08
459,6,"(6, 39)",1,-0.08
459,7,"(7, 39)",1,-0.08
459,8,"(8, 39)",1,-0.08
459,9,"(9, 39)",1,-0.08
459,10,"(10, 39)",0,-0.08
459,11,"(10, 38)",1,-0.08
459,12,"(11, 38)",0,-0.08
459,13,"(11, 37)",1,-0.08
459,14,"(12, 37)",1,-0.08
459,15,"(13, 37)",1,-0.08
459,16,"(14, 37)",1,-0.08
459,17,"(15, 37)",1,-0.08
459,18,"(16, 37)",1,-0.08
459,19,"(17, 37)",1,-0.08
459,20,"(18, 37)",1,-0.08
459,21,"(19, 37)",0,-0.08
459,22,"(19, 36)",0,-0.08
459,23,"(19, 35)",0,-0.08
459,24,"(19, 34)",0,-0.08
459,25,"(19, 33)",0,-0.08
459,26,"(19, 32)",0,-0.08
459,27,"(19, 31)",0,-0.08
459,28,"(19, 30)",0,-0.08
459,29,"(19, 29)",1,-0.08
459,30,"(20, 29)",0,-0.08
459,31,"(20, 28)",0,-0.08
459,32,"(20, 27)",1,-0.08
459,33,"(21, 27)",0,-0.08
459,34,"(21, 26)",0,-0.08
459,35,"(21, 25)",1,-0.08
459,36,"(22, 25)",1,-0.08
459,37,"(23, 25)",1,-0.08
459,38,"(24, 25)",1,-0.08
459,39,"(25, 25)",1,-0.08
459,40,"(26, 25)",1,-0.08
459,41,"(27, 25)",1,-0.08
459,42,"(28, 25)",1,-0.08
459,43,"(29, 25)",1,-0.08
459,44,"(30, 25)",1,-0.08
459,45,"(31, 25)",0,-0.08
459,46,"(31, 24)",0,-0.08
459,47,"(31, 23)",1,-0.08
459,48,"(32, 23)",1,-0.08
459,49,"(33, 23)",0,-0.08
459,50,"(33, 22)",0,-0.08
459,51,"(33, 21)",1,-0.08
459,52,"(34, 21)",1,-0.08
459,53,"(35, 21)",0,-0.08
459,54,"(35, 20)",0,-0.08
459,55,"(35, 19)",1,-0.08
459,56,"(36, 19)",1,-0.08
459,57,"(37, 19)",0,-0.08
459,58,"(37, 18)",0,-0.08
459,59,"(37, 17)",0,-0.08
459,60,"(37, 16)",0,-0.08
459,61,"(37, 15)",1,-0.08
459,62,"(38, 15)",1,-0.08
459,63,"(39, 15)",1,-0.08
459,64,"(40, 15)",0,-0.08
459,65,"(40, 14)",0,-0.08
459,66,"(40, 13)",1,-0.08
459,67,"(41, 13)",1,-0.08
459,68,"(42, 13)",1,-0.08
459,69,"(43, 13)",1,-0.08
459,70,"(44, 13)",1,-0.08
459,71,"(45, 13)",0,-0.08
459,72,"(45, 12)",0,-0.08
459,73,"(45, 11)",0,-0.08
459,74,"(45, 10)",0,-0.08
459,75,"(45, 9)",0,-0.08
459,76,"(45, 8)",1,-0.08
459,77,"(46, 8)",0,-0.08
459,78,"(46, 7)",1,-0.08
459,79,"(47, 7)",0,-0.08
459,80,"(47, 6)",1,-0.08
459,81,"(48, 6)",1,-0.08
459,82,"(49, 6)",0,-0.08
459,83,"(49, 5)",1,-0.08
459,84,"(50, 5)",1,-0.08
459,85,"(51, 5)",1,-0.08
459,86,"(52, 5)",1,-0.08
459,87,"(53, 5)",0,-0.08
459,88,"(53, 4)",0,-0.08
459,89,"(53, 3)",1,-0.08
459,90,"(54, 3)",1,-0.08
459,91,"(55, 3)",1,-0.08
459,92,"(56, 3)",0,-0.08
459,93,"(56, 2)",1,-0.08
459,94,"(57, 2)",1,-0.08
459,95,"(58, 2)",0,-0.08
459,96,"(58, 1)",1,-0.08
459,97,"(59, 1)",1,-0.08
459,98,"(60, 1)",1,-0.08
459,99,"(61, 1)",1,-0.08
459,100,"(62, 1)",1,-0.08
459,101,"(63, 1)",1,-0.08
459,102,"(64, 1)",1,-0.08
459,103,"(65, 1)",1,-0.08
459,104,"(66, 1)",1,-0.08
459,105,"(67, 1)",1,-0.08
459,106,"(68, 1)",1,-0.08
459,107,"(69, 1)",1,-0.08
459,108,"(70, 1)",1,-0.08
459,109,"(71, 1)",2,-0.08
459,110,"(71, 2)",2,-0.08
459,111,"(71, 3)",1,-0.08
459,112,"(72, 3)",1,-0.08
459,113,"(73, 3)",1,-0.08
459,114,"(74, 3)",1,-0.08
459,115,"(75, 3)",1,-0.08
459,116,"(76, 3)",1,-0.08
459,117,"(77, 3)",0,-0.08
459,118,"(77, 2)",0,-0.08
459,119,"(77, 1)",1,-0.08
459,120,"(78, 1)",0,-0.08
459,121,"(78, 0)",1,8.33
460,0,"(0, 39)",1,-0.08
460,1,"(1, 39)",1,-0.08
460,2,"(2, 39)",1,-0.08
460,3,"(3, 39)",1,-0.08
460,4,"(4, 39)",1,-0.08
460,5,"(5, 39)",1,-0.08
460,6,"(6, 39)",1,-0.08
460,7,"(7, 39)",1,-0.08
460,8,"(8, 39)",1,-0.08
460,9,"(9, 39)",1,-0.08
460,10,"(10, 39)",0,-0.08
460,11,"(10, 38)",1,-0.08
460,12,"(11, 38)",0,-0.08
460,13,"(11, 37)",1,-0.08
460,14,"(12, 37)",1,-0.08
460,15,"(13, 37)",1,-0.08
460,16,"(14, 37)",1,-0.08
460,17,"(15, 37)",0,-0.08
460,18,"(15, 36)",1,-0.08
460,19,"(16, 36)",1,-0.08
460,20,"(17, 36)",0,-0.08
460,21,"(17, 35)",1,-0.08
460,22,"(18, 35)",1,-0.08
460,23,"(19, 35)",0,-0.08
460,24,"(19, 34)",0,-0.08
460,25,"(19, 33)",0,-0.08
460,26,"(19, 32)",0,-0.08
460,27,"(19, 31)",0,-0.08
460,28,"(19, 30)",0,-0.08
460,29,"(19, 29)",1,-0.08
460,30,"(20, 29)",0,-0.08
460,31,"(20, 28)",0,-0.08
460,32,"(20, 27)",1,-0.08
460,33,"(21, 27)",0,-0.08
460,34,"(21, 26)",0,-0.08
460,35,"(21, 25)",1,-0.08
460,36,"(22, 25)",0,-0.08
460,37,"(22, 24)",0,-0.08
460,38,"(22, 23)",1,-0.08
460,39,"(23, 23)",1,-0.08
460,40,"(24, 23)",1,-0.08
460,41,"(25, 23)",0,-0.08
460,42,"(25, 22)",0,-0.08
460,43,"(25, 21)",0,-0.08
460,44,"(25, 20)",0,-0.08
460,45,"(25, 19)",0,-0.08
460,46,"(25, 18)",1,-0.08
460,47,"(26, 18)",1,-0.08
460,48,"(27, 18)",0,-0.08
460,49,"(27, 17)",0,-0.08
460,50,"(27, 16)",1,-0.08
460,51,"(28, 16)",1,-0.08
460,52,"(29, 16)",0,-0.08
460,53,"(29, 15)",1,-0.08
460,54,"(30, 15)",1,-0.08
460,55,"(31, 15)",0,-0.08
460,56,"(31, 14)",0,-0.08
460,57,"(31, 13)",1,-0.08
460,58,"(32, 13)",1,-0.08
460,59,"(33, 13)",1,-0.08
460,60,"(34, 13)",1,-0.08
460,61,"(35, 13)",1,-0.08
460,62,"(36, 13)",1,-0.08
460,63,"(37, 13)",1,-0.08
460,64,"(38, 13)",1,-0.08
460,65,"(39, 13)",1,-0.08
460,66,"(40, 13)",1,-0.08
460,67,"(41, 13)",1,-0.08
460,68,"(42, 13)",1,-0.08
460,69,"(43, 13)",1,-0.08
460,70,"(44, 13)",1,-0.08
460,71,"(45, 13)",0,-0.08
460,72,"(45, 12)",0,-0.08
460,73,"(45, 11)",0,-0.08
460,74,"(45, 10)",1,-0.08
460,75,"(46, 10)",0,-0.08
460,76,"(46, 9)",0,-0.08
460,77,"(46, 8)",0,-0.08
460,78,"(46, 7)",1,-0.08
460,79,"(47, 7)",0,-0.08
460,80,"(47, 6)",1,-0.08
460,81,"(48, 6)",1,-0.08
460,82,"(49, 6)",0,-0.08
460,83,"(49, 5)",1,-0.08
460,84,"(50, 5)",1,-0.08
460,85,"(51, 5)",0,-0.08
460,86,"(51, 4)",0,-0.08
460,87,"(51, 3)",0,-0.08
460,88,"(51, 2)",0,-0.08
460,89,"(51, 1)",1,-0.08
460,90,"(52, 1)",1,-0.08
460,91,"(53, 1)",1,-0.08
460,92,"(54, 1)",1,-0.08
460,93,"(55, 1)",1,-0.08
460,94,"(56, 1)",1,-0.08
460,95,"(57, 1)",1,-0.08
460,96,"(58, 1)",1,-0.08
460,97,"(59, 1)",1,-0.08
460,98,"(60, 1)",1,-0.08
460,99,"(61, 1)",1,-0.08
460,100,"(62, 1)",1,-0.08
460,101,"(63, 1)",1,-0.08
460,102,"(64, 1)",1,-0.08
460,103,"(65, 1)",1,-0.08
460,104,"(66, 1)",1,-0.08
460,105,"(67, 1)",1,-0.08
460,106,"(68, 1)",1,-0.08
460,107,"(69, 1)",1,-0.08
460,108,"(70, 1)",1,-0.08
460,109,"(71, 1)",2,-0.08
460,110,"(71, 2)",2,-0.08
460,111,"(71, 3)",1,-0.08
460,112,"(72, 3)",1,-0.08
460,113,"(73, 3)",1,-0.08
460,114,"(74, 3)",1,-0.08
460,115,"(75, 3)",1,-0.08
460,116,"(76, 3)",1,-0.08
460,117,"(77, 3)",0,-0.08
460,118,"(77, 2)",0,-0.08
460,119,"(77, 1)",0,-0.08
460,120,"(77, 0)",1,-0.08
460,121,"(78, 0)",1,8.33
461,0,"(0, 39)",1,-0.08
461,1,"(1, 39)",1,-0.08
461,2,"(2, 39)",1,-0.08
461,3,"(3, 39)",1,-0.08
461,4,"(4, 39)",1,-0.08
461,5,"(5, 39)",1,-0.08
461,6,"(6, 39)",1,-0.08
461,7,"(7, 39)",1,-0.08
461,8,"(8, 39)",1,-0.08
461,9,"(9, 39)",1,-0.08
461,10,"(10, 39)",0,-0.08
461,11,"(10, 38)",1,-0.08
461,12,"(11, 38)",0,-0.08
461,13,"(11, 37)",1,-0.08
461,14,"(12, 37)",1,-0.08
461,15,"(13, 37)",1,-0.08
461,16,"(14, 37)",1,-0.08
461,17,"(15, 37)",0,-0.08
461,18,"(15, 36)",1,-0.08
461,19,"(16, 36)",1,-0.08
461,20,"(17, 36)",0,-0.08
461,21,"(17, 35)",0,-0.08
461,22,"(17, 34)",0,-0.08
461,23,"(17, 33)",1,-0.08
461,24,"(18, 33)",1,-0.08
461,25,"(19, 33)",0,-0.08
461,26,"(19, 32)",0,-0.08
461,27,"(19, 31)",0,-0.08
461,28,"(19, 30)",0,-0.08
461,29,"(19, 29)",1,-0.08
461,30,"(20, 29)",0,-0.08
461,31,"(20, 28)",0,-0.08
461,32,"(20, 27)",1,-0.08
461,33,"(21, 27)",0,-0.08
461,34,"(21, 26)",0,-0.08
461,35,"(21, 25)",1,-0.08
461,36,"(22, 25)",1,-0.08
461,37,"(23, 25)",1,-0.08
461,38,"(24, 25)",1,-0.08
461,39,"(25, 25)",0,-0.08
461,40,"(25, 24)",0,-0.08
461,41,"(25, 23)",0,-0.08
461,42,"(25, 22)",0,-0.08
461,43,"(25, 21)",0,-0.08
461,44,"(25, 20)",0,-0.08
461,45,"(25, 19)",0,-0.08
461,46,"(25, 18)",1,-0.08
461,47,"(26, 18)",1,-0.08
461,48,"(27, 18)",0,-0.08
461,49,"(27, 17)",0,-0.08
461,50,"(27, 16)",1,-0.08
461,51,"(28, 16)",1,-0.08
461,52,"(29, 16)",0,-0.08
461,53,"(29, 15)",1,-0.08
461,54,"(30, 15)",1,-0.08
461,55,"(31, 15)",0,-0.08
461,56,"(31, 14)",0,-0.08
461,57,"(31, 13)",1,-0.08
461,58,"(32, 13)",1,-0.08
461,59,"(33, 13)",1,-0.08
461,60,"(34, 13)",1,-0.08
461,61,"(35, 13)",1,-0.08
461,62,"(36, 13)",1,-0.08
461,63,"(37, 13)",1,-0.08
461,64,"(38, 13)",1,-0.08
461,65,"(39, 13)",1,-0.08
461,66,"(40, 13)",1,-0.08
461,67,"(41, 13)",0,-0.08
461,68,"(41, 12)",0,-0.08
461,69,"(41, 11)",1,-0.08
461,70,"(42, 11)",1,-0.08
461,71,"(43, 11)",1,-0.08
461,72,"(44, 11)",1,-0.08
461,73,"(45, 11)",0,-0.08
461,74,"(45, 10)",1,-0.08
461,75,"(46, 10)",0,-0.08
461,76,"(46, 9)",0,-0.08
461,77,"(46, 8)",0,-0.08
461,78,"(46, 7)",0,-0.08
461,79,"(46, 6)",1,-0.08
461,80,"(47, 6)",1,-0.08
461,81,"(48, 6)",1,-0.08
461,82,"(49, 6)",0,-0.08
461,83,"(49, 5)",1,-0.08
461,84,"(50, 5)",1,-0.08
461,85,"(51, 5)",1,-0.08
461,86,"(52, 5)",1,-0.08
461,87,"(53, 5)",0,-0.08
461,88,"(53, 4)",0,-0.08
461,89,"(53, 3)",1,-0.08
461,90,"(54, 3)",1,-0.08
461,91,"(55, 3)",1,-0.08
461,92,"(56, 3)",0,-0.08
461,93,"(56, 2)",0,-0.08
461,94,"(56, 1)",1,-0.08
461,95,"(57, 1)",1,-0.08
461,96,"(58, 1)",1,-0.08
461,97,"(59, 1)",1,-0.08
461,98,"(60, 1)",1,-0.08
461,99,"(61, 1)",1,-0.08
461,100,"(62, 1)",1,-0.08
461,101,"(63, 1)",1,-0.08
461,102,"(64, 1)",1,-0.08
461,103,"(65, 1)",1,-0.08
461,104,"(66, 1)",1,-0.08
461,105,"(67, 1)",1,-0.08
461,106,"(68, 1)",1,-0.08
461,107,"(69, 1)",1,-0.08
461,108,"(70, 1)",1,-0.08
461,109,"(71, 1)",2,-0.08
461,110,"(71, 2)",2,-0.08
461,111,"(71, 3)",1,-0.08
461,112,"(72, 3)",1,-0.08
461,113,"(73, 3)",0,-0.08
461,114,"(73, 2)",0,-0.08
461,115,"(73, 1)",0,-0.08
461,116,"(73, 0)",1,-0.08
461,117,"(74, 0)",1,-0.08
461,118,"(75, 0)",1,-0.08
461,119,"(76, 0)",1,-0.08
461,120,"(77, 0)",1,-0.08
461,121,"(78, 0)",1,8.33
462,0,"(0, 39)",1,-0.08
462,1,"(1, 39)",1,-0.08
462,2,"(2, 39)",1,-0.08
462,3,"(3, 39)",1,-0.08
462,4,"(4, 39)",1,-0.08
462,5,"(5, 39)",1,-0.08
462,6,"(6, 39)",1,-0.08
462,7,"(7, 39)",1,-0.08
462,8,"(8, 39)",1,-0.08
462,9,"(9, 39)",1,-0.08
462,10,"(10, 39)",1,-0.08
462,11,"(11, 39)",0,-0.08
462,12,"(11, 38)",0,-0.08
462,13,"(11, 37)",1,-0.08
462,14,"(12, 37)",1,-0.08
462,15,"(13, 37)",1,-0.08
462,16,"(14, 37)",1,-0.08
462,17,"(15, 37)",0,-0.08
462,18,"(15, 36)",0,-0.08
462,19,"(15, 35)",0,-0.08
462,20,"(15, 34)",0,-0.08
462,21,"(15, 33)",1,-0.08
462,22,"(16, 33)",1,-0.08
462,23,"(17, 33)",1,-0.08
462,24,"(18, 33)",1,-0.08
462,25,"(19, 33)",0,-0.08
462,26,"(19, 32)",0,-0.08
462,27,"(19, 31)",0,-0.08
462,28,"(19, 30)",0,-0.08
462,29,"(19, 29)",1,-0.08
462,30,"(20, 29)",0,-0.08
462,31,"(20, 28)",0,-0.08
462,32,"(20, 27)",1,-0.08
462,33,"(21, 27)",0,-0.08
462,34,"(21, 26)",1,-0.08
462,35,"(22, 26)",1,-0.08
462,36,"(23, 26)",0,-0.08
462,37,"(23, 25)",1,-0.08
462,38,"(24, 25)",1,-0.08
462,39,"(25, 25)",0,-0.08
462,40,"(25, 24)",0,-0.08
462,41,"(25, 23)",0,-0.08
462,42,"(25, 22)",0,-0.08
462,43,"(25, 21)",1,-0.08
462,44,"(26, 21)",1,-0.08
462,45,"(27, 21)",0,-0.08
462,46,"(27, 20)",0,-0.08
462,47,"(27, 19)",1,-0.08
462,48,"(28, 19)",1,-0.08
462,49,"(29, 19)",1,-0.08
462,50,"(30, 19)",1,-0.08
462,51,"(31, 19)",1,-0.08
462,52,"(32, 19)",0,-0.08
462,53,"(32, 18)",0,-0.08
462,54,"(32, 17)",1,-0.08
462,55,"(33, 17)",1,-0.08
462,56,"(34, 17)",1,-0.08
462,57,"(35, 17)",1,-0.08
462,58,"(36, 17)",1,-0.08
462,59,"(37, 17)",0,-0.08
462,60,"(37, 16)",0,-0.08
462,61,"(37, 15)",0,-0.08
462,62,"(37, 14)",1,-0.08
462,63,"(38, 14)",0,-0.08
462,64,"(38, 13)",1,-0.08
462,65,"(39, 13)",1,-0.08
462,66,"(40, 13)",1,-0.08
462,67,"(41, 13)",0,-0.08
462,68,"(41, 12)",0,-0.08
462,69,"(41, 11)",1,-0.08
462,70,"(42, 11)",1,-0.08
462,71,"(43, 11)",1,-0.08
462,72,"(44, 11)",1,-0.08
462,73,"(45, 11)",0,-0.08
462,74,"(45, 10)",1,-0.08
462,75,"(46, 10)",0,-0.08
462,76,"(46, 9)",0,-0.08
462,77,"(46, 8)",0,-0.08
462,78,"(46, 7)",0,-0.08
462,79,"(46, 6)",1,-0.08
462,80,"(47, 6)",1,-0.08
462,81,"(48, 6)",1,-0.08
462,82,"(49, 6)",0,-0.08
462,83,"(49, 5)",1,-0.08
462,84,"(50, 5)",1,-0.08
462,85,"(51, 5)",0,-0.08
462,86,"(51, 4)",0,-0.08
462,87,"(51, 3)",0,-0.08
462,88,"(51, 2)",1,-0.08
462,89,"(52, 2)",1,-0.08
462,90,"(53, 2)",0,-0.08
462,91,"(53, 1)",1,-0.08
462,92,"(54, 1)",1,-0.08
462,93,"(55, 1)",1,-0.08
462,94,"(56, 1)",1,-0.08
462,95,"(57, 1)",1,-0.08
462,96,"(58, 1)",1,-0.08
462,97,"(59, 1)",1,-0.08
462,98,"(60, 1)",1,-0.08
462,99,"(61, 1)",1,-0.08
462,100,"(62, 1)",1,-0.08
462,101,"(63, 1)",1,-0.08
462,102,"(64, 1)",1,-0.08
462,103,"(65, 1)",1,-0.08
462,104,"(66, 1)",1,-0.08
462,105,"(67, 1)",1,-0.08
462,106,"(68, 1)",1,-0.08
462,107,"(69, 1)",1,-0.08
462,108,"(70, 1)",1,-0.08
462,109,"(71, 1)",2,-0.08
462,110,"(71, 2)",2,-0.08
462,111,"(71, 3)",1,-0.08
462,112,"(72, 3)",1,-0.08
462,113,"(73, 3)",1,-0.08
462,114,"(74, 3)",1,-0.08
462,115,"(75, 3)",1,-0.08
462,116,"(76, 3)",1,-0.08
462,117,"(77, 3)",0,-0.08
462,118,"(77, 2)",0,-0.08
462,119,"(77, 1)",0,-0.08
462,120,"(77, 0)",1,-0.08
462,121,"(78, 0)",1,8.33
463,0,"(0, 39)",1,-0.08
463,1,"(1, 39)",1,-0.08
463,2,"(2, 39)",1,-0.08
463,3,"(3, 39)",1,-0.08
463,4,"(4, 39)",1,-0.08
463,5,"(5, 39)",1,-0.08
463,6,"(6, 39)",1,-0.08
463,7,"(7, 39)",1,-0.08
463,8,"(8, 39)",1,-0.08
463,9,"(9, 39)",1,-0.08
463,10,"(10, 39)",0,-0.08
463,11,"(10, 38)",1,-0.08
463,12,"(11, 38)",0,-0.08
463,13,"(11, 37)",1,-0.08
463,14,"(12, 37)",1,-0.08
463,15,"(13, 37)",1,-0.08
463,16,"(14, 37)",1,-0.08
463,17,"(15, 37)",1,-0.08
463,18,"(16, 37)",0,-0.08
463,19,"(16, 36)",1,-0.08
463,20,"(17, 36)",0,-0.08
463,21,"(17, 35)",1,-0.08
463,22,"(18, 35)",1,-0.08
463,23,"(19, 35)",0,-0.08
463,24,"(19, 34)",0,-0.08
463,25,"(19, 33)",0,-0.08
463,26,"(19, 32)",0,-0.08
463,27,"(19, 31)",0,-0.08
463,28,"(19, 30)",0,-0.08
463,29,"(19, 29)",1,-0.08
463,30,"(20, 29)",0,-0.08
463,31,"(20, 28)",0,-0.08
463,32,"(20, 27)",1,-0.08
463,33,"(21, 27)",0,-0.08
463,34,"(21, 26)",1,-0.08
463,35,"(22, 26)",1,-0.08
463,36,"(23, 26)",0,-0.08
463,37,"(23, 25)",1,-0.08
463,38,"(24, 25)",1,-0.08
463,39,"(25, 25)",1,-0.08
463,40,"(26, 25)",1,-0.08
463,41,"(27, 25)",1,-0.08
463,42,"(28, 25)",1,-0.08
463,43,"(29, 25)",1,-0.08
463,44,"(30, 25)",1,-0.08
463,45,"(31, 25)",0,-0.08
463,46,"(31, 24)",0,-0.08
463,47,"(31, 23)",1,-0.08
463,48,"(32, 23)",1,-0.08
463,49,"(33, 23)",0,-0.08
463,50,"(33, 22)",0,-0.08
463,51,"(33, 21)",1,-0.08
463,52,"(34, 21)",1,-0.08
463,53,"(35, 21)",1,-0.08
463,54,"(36, 21)",1,-0.08
463,55,"(37, 21)",1,-0.08
463,56,"(38, 21)",1,-0.08
463,57,"(39, 21)",1,-0.08
463,58,"(40, 21)",0,-0.08
463,59,"(40, 20)",1,-0.08
463,60,"(41, 20)",0,-0.08
463,61,"(41, 19)",0,-0.08
463,62,"(41, 18)",1,-0.08
463,63,"(42, 18)",0,-0.08
463,64,"(42, 17)",0,-0.08
463,65,"(42, 16)",1,-0.08
463,66,"(43, 16)",0,-0.08
463,67,"(43, 15)",1,-0.08
463,68,"(44, 15)",1,-0.08
463,69,"(45, 15)",0,-0.08
463,70,"(45, 14)",0,-0.08
463,71,"(45, 13)",0,-0.08
463,72,"(45, 12)",0,-0.08
463,73,"(45, 11)",0,-0.08
463,74,"(45, 10)",1,-0.08
463,75,"(46, 10)",0,-0.08
463,76,"(46, 9)",0,-0.08
463,77,"(46, 8)",0,-0.08
463,78,"(46, 7)",1,-0.08
463,79,"(47, 7)",0,-0.08
463,80,"(47, 6)",1,-0.08
463,81,"(48, 6)",1,-0.08
463,82,"(49, 6)",0,-0.08
463,83,"(49, 5)",1,-0.08
463,84,"(50, 5)",1,-0.08
463,85,"(51, 5)",0,-0.08
463,86,"(51, 4)",0,-0.08
463,87,"(51, 3)",0,-0.08
463,88,"(51, 2)",1,-0.08
463,89,"(52, 2)",1,-0.08
463,90,"(53, 2)",0,-0.08
463,91,"(53, 1)",1,-0.08
463,92,"(54, 1)",1,-0.08
463,93,"(55, 1)",1,-0.08
463,94,"(56, 1)",1,-0.08
463,95,"(57, 1)",1,-0.08
463,96,"(58, 1)",1,-0.08
463,97,"(59, 1)",1,-0.08
463,98,"(60, 1)",1,-0.08
463,99,"(61, 1)",1,-0.08
463,100,"(62, 1)",1,-0.08
463,101,"(63, 1)",1,-0.08
463,102,"(64, 1)",1,-0.08
463,103,"(65, 1)",1,-0.08
463,104,"(66, 1)",1,-0.08
463,105,"(67, 1)",1,-0.08
463,106,"(68, 1)",1,-0.08
463,107,"(69, 1)",1,-0.08
463,108,"(70, 1)",1,-0.08
463,109,"(71, 1)",2,-0.08
463,110,"(71, 2)",2,-0.08
463,111,"(71, 3)",1,-0.08
463,112,"(72, 3)",1,-0.08
463,113,"(73, 3)",1,-0.08
463,114,"(74, 3)",1,-0.08
463,115,"(75, 3)",1,-0.08
463,116,"(76, 3)",1,-0.08
463,117,"(77, 3)",0,-0.08
463,118,"(77, 2)",0,-0.08
463,119,"(77, 1)",0,-0.08
463,120,"(77, 0)",1,-0.08
463,121,"(78, 0)",1,8.33
464,0,"(0, 39)",1,-0.08
464,1,"(1, 39)",1,-0.08
464,2,"(2, 39)",1,-0.08
464,3,"(3, 39)",1,-0.08
464,4,"(4, 39)",1,-0.08
464,5,"(5, 39)",1,-0.08
464,6,"(6, 39)",1,-0.08
464,7,"(7, 39)",1,-0.08
464,8,"(8, 39)",1,-0.08
464,9,"(9, 39)",1,-0.08
464,10,"(10, 39)",0,-0.08
464,11,"(10, 38)",1,-0.08
464,12,"(11, 38)",0,-0.08
464,13,"(11, 37)",1,-0.08
464,14,"(12, 37)",1,-0.08
464,15,"(13, 37)",1,-0.08
464,16,"(14, 37)",1,-0.08
464,17,"(15, 37)",0,-0.08
464,18,"(15, 36)",0,-0.08
464,19,"(15, 35)",0,-0.08
464,20,"(15, 34)",0,-0.08
464,21,"(15, 33)",1,-0.08
464,22,"(16, 33)",1,-0.08
464,23,"(17, 33)",1,-0.08
464,24,"(18, 33)",1,-0.08
464,25,"(19, 33)",0,-0.08
464,26,"(19, 32)",0,-0.08
464,27,"(19, 31)",0,-0.08
464,28,"(19, 30)",0,-0.08
464,29,"(19, 29)",1,-0.08
464,30,"(20, 29)",0,-0.08
464,31,"(20, 28)",0,-0.08
464,32,"(20, 27)",1,-0.08
464,33,"(21, 27)",0,-0.08
464,34,"(21, 26)",0,-0.08
464,35,"(21, 25)",1,-0.08
464,36,"(22, 25)",0,-0.08
464,37,"(22, 24)",0,-0.08
464,38,"(22, 23)",1,-0.08
464,39,"(23, 23)",1,-0.08
464,40,"(24, 23)",1,-0.08
464,41,"(25, 23)",0,-0.08
464,42,"(25, 22)",0,-0.08
464,43,"(25, 21)",0,-0.08
464,44,"(25, 20)",0,-0.08
464,45,"(25, 19)",0,-0.08
464,46,"(25, 18)",1,-0.08
464,47,"(26, 18)",1,-0.08
464,48,"(27, 18)",0,-0.08
464,49,"(27, 17)",0,-0.08
464,50,"(27, 16)",1,-0.08
464,51,"(28, 16)",1,-0.08
464,52,"(29, 16)",0,-0.08
464,53,"(29, 15)",1,-0.08
464,54,"(30, 15)",1,-0.08
464,55,"(31, 15)",1,-0.08
464,56,"(32, 15)",0,-0.08
464,57,"(32, 14)",0,-0.08
464,58,"(32, 13)",1,-0.08
464,59,"(33, 13)",1,-0.08
464,60,"(34, 13)",1,-0.08
464,61,"(35, 13)",1,-0.08
464,62,"(36, 13)",1,-0.08
464,63,"(37, 13)",1,-0.08
464,64,"(38, 13)",1,-0.08
464,65,"(39, 13)",1,-0.08
464,66,"(40, 13)",1,-0.08
464,67,"(41, 13)",1,-0.08
464,68,"(42, 13)",1,-0.08
464,69,"(43, 13)",1,-0.08
464,70,"(44, 13)",1,-0.08
464,71,"(45, 13)",0,-0.08
464,72,"(45, 12)",0,-0.08
464,73,"(45, 11)",0,-0.08
464,74,"(45, 10)",1,-0.08
464,75,"(46, 10)",0,-0.08
464,76,"(46, 9)",0,-0.08
464,77,"(46, 8)",0,-0.08
464,78,"(46, 7)",0,-0.08
464,79,"(46, 6)",1,-0.08
464,80,"(47, 6)",1,-0.08
464,81,"(48, 6)",1,-0.08
464,82,"(49, 6)",0,-0.08
464,83,"(49, 5)",1,-0.08
464,84,"(50, 5)",1,-0.08
464,85,"(51, 5)",1,-0.08
464,86,"(52, 5)",1,-0.08
464,87,"(53, 5)",0,-0.08
464,88,"(53, 4)",0,-0.08
464,89,"(53, 3)",0,-0.08
464,90,"(53, 2)",0,-0.08
464,91,"(53, 1)",1,-0.08
464,92,"(54, 1)",1,-0.08
464,93,"(55, 1)",1,-0.08
464,94,"(56, 1)",1,-0.08
464,95,"(57, 1)",1,-0.08
464,96,"(58, 1)",1,-0.08
464,97,"(59, 1)",1,-0.08
464,98,"(60, 1)",1,-0.08
464,99,"(61, 1)",1,-0.08
464,100,"(62, 1)",1,-0.08
464,101,"(63, 1)",1,-0.08
464,102,"(64, 1)",1,-0.08
464,103,"(65, 1)",1,-0.08
464,104,"(66, 1)",1,-0.08
464,105,"(67, 1)",1,-0.08
464,106,"(68, 1)",1,-0.08
464,107,"(69, 1)",1,-0.08
464,108,"(70, 1)",1,-0.08
464,109,"(71, 1)",2,-0.08
464,110,"(71, 2)",2,-0.08
464,111,"(71, 3)",1,-0.08
464,112,"(72, 3)",1,-0.08
464,113,"(73, 3)",1,-0.08
464,114,"(74, 3)",1,-0.08
464,115,"(75, 3)",1,-0.08
464,116,"(76, 3)",1,-0.08
464,117,"(77, 3)",0,-0.08
464,118,"(77, 2)",0,-0.08
464,119,"(77, 1)",0,-0.08
464,120,"(77, 0)",1,-0.08
464,121,"(78, 0)",1,8.33
465,0,"(0, 39)",1,-0.08
465,1,"(1, 39)",1,-0.08
465,2,"(2, 39)",1,-0.08
465,3,"(3, 39)",1,-0.08
465,4,"(4, 39)",1,-0.08
465,5,"(5, 39)",1,-0.08
465,6,"(6, 39)",1,-0.08
465,7,"(7, 39)",1,-0.08
465,8,"(8, 39)",1,-0.08
465,9,"(9, 39)",1,-0.08
465,10,"(10, 39)",0,-0.08
465,11,"(10, 38)",0,-0.08
465,12,"(10, 37)",1,-0.08
465,13,"(11, 37)",1,-0.08
465,14,"(12, 37)",1,-0.08
465,15,"(13, 37)",1,-0.08
465,16,"(14, 37)",1,-0.08
465,17,"(15, 37)",0,-0.08
465,18,"(15, 36)",0,-0.08
465,19,"(15, 35)",0,-0.08
465,20,"(15, 34)",0,-0.08
465,21,"(15, 33)",1,-0.08
465,22,"(16, 33)",1,-0.08
465,23,"(17, 33)",1,-0.08
465,24,"(18, 33)",1,-0.08
465,25,"(19, 33)",0,-0.08
465,26,"(19, 32)",0,-0.08
465,27,"(19, 31)",0,-0.08
465,28,"(19, 30)",0,-0.08
465,29,"(19, 29)",1,-0.08
465,30,"(20, 29)",0,-0.08
465,31,"(20, 28)",0,-0.08
465,32,"(20, 27)",1,-0.08
465,33,"(21, 27)",0,-0.08
465,34,"(21, 26)",1,-0.08
465,35,"(22, 26)",0,-0.08
465,36,"(22, 25)",1,-0.08
465,37,"(23, 25)",1,-0.08
465,38,"(24, 25)",1,-0.08
465,39,"(25, 25)",1,-0.08
465,40,"(26, 25)",1,-0.08
465,41,"(27, 25)",1,-0.08
465,42,"(28, 25)",1,-0.08
465,43,"(29, 25)",1,-0.08
465,44,"(30, 25)",1,-0.08
465,45,"(31, 25)",0,-0.08
465,46,"(31, 24)",0,-0.08
465,47,"(31, 23)",1,-0.08
465,48,"(32, 23)",1,-0.08
465,49,"(33, 23)",0,-0.08
465,50,"(33, 22)",0,-0.08
465,51,"(33, 21)",1,-0.08
465,52,"(34, 21)",1,-0.08
465,53,"(35, 21)",0,-0.08
465,54,"(35, 20)",0,-0.08
465,55,"(35, 19)",0,-0.08
465,56,"(35, 18)",0,-0.08
465,57,"(35, 17)",0,-0.08
465,58,"(35, 16)",0,-0.08
465,59,"(35, 15)",0,-0.08
465,60,"(35, 14)",0,-0.08
465,61,"(35, 13)",1,-0.08
465,62,"(36, 13)",1,-0.08
465,63,"(37, 13)",1,-0.08
465,64,"(38, 13)",1,-0.08
465,65,"(39, 13)",0,-0.08
465,66,"(39, 12)",0,-0.08
465,67,"(39, 11)",1,-0.08
465,68,"(40, 11)",1,-0.08
465,69,"(41, 11)",1,-0.08
465,70,"(42, 11)",1,-0.08
465,71,"(43, 11)",1,-0.08
465,72,"(44, 11)",1,-0.08
465,73,"(45, 11)",0,-0.08
465,74,"(45, 10)",0,-0.08
465,75,"(45, 9)",0,-0.08
465,76,"(45, 8)",1,-0.08
465,77,"(46, 8)",0,-0.08
465,78,"(46, 7)",0,-0.08
465,79,"(46, 6)",1,-0.08
465,80,"(47, 6)",1,-0.08
465,81,"(48, 6)",1,-0.08
465,82,"(49, 6)",0,-0.08
465,83,"(49, 5)",1,-0.08
465,84,"(50, 5)",1,-0.08
465,85,"(51, 5)",1,-0.08
465,86,"(52, 5)",1,-0.08
465,87,"(53, 5)",0,-0.08
465,88,"(53, 4)",0,-0.08
465,89,"(53, 3)",1,-0.08
465,90,"(54, 3)",1,-0.08
465,91,"(55, 3)",1,-0.08
465,92,"(56, 3)",0,-0.08
465,93,"(56, 2)",1,-0.08
465,94,"(57, 2)",1,-0.08
465,95,"(58, 2)",1,-0.08
465,96,"(59, 2)",0,-0.08
465,97,"(59, 1)",1,-0.08
465,98,"(60, 1)",1,-0.08
465,99,"(61, 1)",1,-0.08
465,100,"(62, 1)",1,-0.08
465,101,"(63, 1)",1,-0.08
465,102,"(64, 1)",1,-0.08
465,103,"(65, 1)",1,-0.08
465,104,"(66, 1)",1,-0.08
465,105,"(67, 1)",1,-0.08
465,106,"(68, 1)",1,-0.08
465,107,"(69, 1)",1,-0.08
465,108,"(70, 1)",1,-0.08
465,109,"(71, 1)",2,-0.08
465,110,"(71, 2)",2,-0.08
465,111,"(71, 3)",1,-0.08
465,112,"(72, 3)",1,-0.08
465,113,"(73, 3)",0,-0.08
465,114,"(73, 2)",0,-0.08
465,115,"(73, 1)",1,-0.08
465,116,"(74, 1)",0,-0.08
465,117,"(74, 0)",1,-0.08
465,118,"(75, 0)",1,-0.08
465,119,"(76, 0)",1,-0.08
465,120,"(77, 0)",1,-0.08
465,121,"(78, 0)",1,8.33
466,0,"(0, 39)",1,-0.08
466,1,"(1, 39)",1,-0.08
466,2,"(2, 39)",1,-0.08
466,3,"(3, 39)",1,-0.08
466,4,"(4, 39)",1,-0.08
466,5,"(5, 39)",1,-0.08
466,6,"(6, 39)",1,-0.08
466,7,"(7, 39)",1,-0.08
466,8,"(8, 39)",1,-0.08
466,9,"(9, 39)",1,-0.08
466,10,"(10, 39)",1,-0.08
466,11,"(11, 39)",1,-0.08
466,12,"(12, 39)",1,-0.08
466,13,"(13, 39)",1,-0.08
466,14,"(14, 39)",0,-0.08
466,15,"(14, 38)",0,-0.08
466,16,"(14, 37)",1,-0.08
466,17,"(15, 37)",1,-0.08
466,18,"(16, 37)",0,-0.08
466,19,"(16, 36)",1,-0.08
466,20,"(17, 36)",0,-0.08
466,21,"(17, 35)",1,-0.08
466,22,"(18, 35)",0,-0.08
466,23,"(18, 34)",1,-0.08
466,24,"(19, 34)",0,-0.08
466,25,"(19, 33)",0,-0.08
466,26,"(19, 32)",0,-0.08
466,27,"(19, 31)",0,-0.08
466,28,"(19, 30)",0,-0.08
466,29,"(19, 29)",1,-0.08
466,30,"(20, 29)",0,-0.08
466,31,"(20, 28)",0,-0.08
466,32,"(20, 27)",1,-0.08
466,33,"(21, 27)",0,-0.08
466,34,"(21, 26)",1,-0.08
466,35,"(22, 26)",0,-0.08
466,36,"(22, 25)",0,-0.08
466,37,"(22, 24)",0,-0.08
466,38,"(22, 23)",1,-0.08
466,39,"(23, 23)",1,-0.08
466,40,"(24, 23)",1,-0.08
466,41,"(25, 23)",0,-0.08
466,42,"(25, 22)",0,-0.08
466,43,"(25, 21)",1,-0.08
466,44,"(26, 21)",1,-0.08
466,45,"(27, 21)",0,-0.08
466,46,"(27, 20)",1,-0.08
466,47,"(28, 20)",0,-0.08
466,48,"(28, 19)",1,-0.08
466,49,"(29, 19)",1,-0.08
466,50,"(30, 19)",1,-0.08
466,51,"(31, 19)",0,-0.08
466,52,"(31, 18)",0,-0.08
466,53,"(31, 17)",1,-0.08
466,54,"(32, 17)",0,-0.08
466,55,"(32, 16)",0,-0.08
466,56,"(32, 15)",0,-0.08
466,57,"(32, 14)",0,-0.08
466,58,"(32, 13)",1,-0.08
466,59,"(33, 13)",1,-0.08
466,60,"(34, 13)",1,-0.08
466,61,"(35, 13)",1,-0.08
466,62,"(36, 13)",1,-0.08
466,63,"(37, 13)",1,-0.08
466,64,"(38, 13)",1,-0.08
466,65,"(39, 13)",1,-0.08
466,66,"(40, 13)",1,-0.08
466,67,"(41, 13)",1,-0.08
466,68,"(42, 13)",1,-0.08
466,69,"(43, 13)",0,-0.08
466,70,"(43, 12)",0,-0.08
466,71,"(43, 11)",1,-0.08
466,72,"(44, 11)",1,-0.08
466,73,"(45, 11)",0,-0.08
466,74,"(45, 10)",0,-0.08
466,75,"(45, 9)",1,-0.08
466,76,"(46, 9)",0,-0.08
466,77,"(46, 8)",0,-0.08
466,78,"(46, 7)",1,-0.08
466,79,"(47, 7)",0,-0.08
466,80,"(47, 6)",1,-0.08
466,81,"(48, 6)",1,-0.08
466,82,"(49, 6)",0,-0.08
466,83,"(49, 5)",1,-0.08
466,84,"(50, 5)",1,-0.08
466,85,"(51, 5)",0,-0.08
466,86,"(51, 4)",0,-0.08
466,87,"(51, 3)",0,-0.08
466,88,"(51, 2)",1,-0.08
466,89,"(52, 2)",0,-0.08
466,90,"(52, 1)",1,-0.08
466,91,"(53, 1)",1,-0.08
466,92,"(54, 1)",1,-0.08
466,93,"(55, 1)",1,-0.08
466,94,"(56, 1)",1,-0.08
466,95,"(57, 1)",1,-0.08
466,96,"(58, 1)",1,-0.08
466,97,"(59, 1)",1,-0.08
466,98,"(60, 1)",1,-0.08
466,99,"(61, 1)",1,-0.08
466,100,"(62, 1)",1,-0.08
466,101,"(63, 1)",1,-0.08
466,102,"(64, 1)",1,-0.08
466,103,"(65, 1)",1,-0.08
466,104,"(66, 1)",1,-0.08
466,105,"(67, 1)",1,-0.08
466,106,"(68, 1)",1,-0.08
466,107,"(69, 1)",1,-0.08
466,108,"(70, 1)",1,-0.08
466,109,"(71, 1)",2,-0.08
466,110,"(71, 2)",2,-0.08
466,111,"(71, 3)",1,-0.08
466,112,"(72, 3)",1,-0.08
466,113,"(73, 3)",1,-0.08
466,114,"(74, 3)",1,-0.08
466,115,"(75, 3)",1,-0.08
466,116,"(76, 3)",1,-0.08
466,117,"(77, 3)",0,-0.08
466,118,"(77, 2)",0,-0.08
466,119,"(77, 1)",0,-0.08
466,120,"(77, 0)",1,-0.08
466,121,"(78, 0)",1,8.33
467,0,"(0, 39)",1,-0.08
467,1,"(1, 39)",1,-0.08
467,2,"(2, 39)",1,-0.08
467,3,"(3, 39)",1,-0.08
467,4,"(4, 39)",1,-0.08
467,5,"(5, 39)",1,-0.08
467,6,"(6, 39)",1,-0.08
467,7,"(7, 39)",1,-0.08
467,8,"(8, 39)",1,-0.08
467,9,"(9, 39)",1,-0.08
467,10,"(10, 39)",0,-0.08
467,11,"(10, 38)",0,-0.08
467,12,"(10, 37)",1,-0.08
467,13,"(11, 37)",1,-0.08
467,14,"(12, 37)",1,-0.08
467,15,"(13, 37)",1,-0.08
467,16,"(14, 37)",1,-0.08
467,17,"(15, 37)",0,-0.08
467,18,"(15, 36)",0,-0.08
467,19,"(15, 35)",0,-0.08
467,20,"(15, 34)",0,-0.08
467,21,"(15, 33)",1,-0.08
467,22,"(16, 33)",1,-0.08
467,23,"(17, 33)",1,-0.08
467,24,"(18, 33)",1,-0.08
467,25,"(19, 33)",0,-0.08
467,26,"(19, 32)",0,-0.08
467,27,"(19, 31)",0,-0.08
467,28,"(19, 30)",0,-0.08
467,29,"(19, 29)",1,-0.08
467,30,"(20, 29)",0,-0.08
467,31,"(20, 28)",0,-0.08
467,32,"(20, 27)",1,-0.08
467,33,"(21, 27)",0,-0.08
467,34,"(21, 26)",1,-0.08
467,35,"(22, 26)",0,-0.08
467,36,"(22, 25)",1,-0.08
467,37,"(23, 25)",1,-0.08
467,38,"(24, 25)",1,-0.08
467,39,"(25, 25)",0,-0.08
467,40,"(25, 24)",0,-0.08
467,41,"(25, 23)",0,-0.08
467,42,"(25, 22)",0,-0.08
467,43,"(25, 21)",0,-0.08
467,44,"(25, 20)",0,-0.08
467,45,"(25, 19)",1,-0.08
467,46,"(26, 19)",0,-0.08
467,47,"(26, 18)",1,-0.08
467,48,"(27, 18)",0,-0.08
467,49,"(27, 17)",0,-0.08
467,50,"(27, 16)",1,-0.08
467,51,"(28, 16)",1,-0.08
467,52,"(29, 16)",0,-0.08
467,53,"(29, 15)",1,-0.08
467,54,"(30, 15)",1,-0.08
467,55,"(31, 15)",1,-0.08
467,56,"(32, 15)",0,-0.08
467,57,"(32, 14)",0,-0.08
467,58,"(32, 13)",1,-0.08
467,59,"(33, 13)",1,-0.08
467,60,"(34, 13)",1,-0.08
467,61,"(35, 13)",1,-0.08
467,62,"(36, 13)",1,-0.08
467,63,"(37, 13)",1,-0.08
467,64,"(38, 13)",1,-0.08
467,65,"(39, 13)",0,-0.08
467,66,"(39, 12)",0,-0.08
467,67,"(39, 11)",1,-0.08
467,68,"(40, 11)",1,-0.08
467,69,"(41, 11)",1,-0.08
467,70,"(42, 11)",1,-0.08
467,71,"(43, 11)",1,-0.08
467,72,"(44, 11)",1,-0.08
467,73,"(45, 11)",0,-0.08
467,74,"(45, 10)",1,-0.08
467,75,"(46, 10)",0,-0.08
467,76,"(46, 9)",0,-0.08
467,77,"(46, 8)",0,-0.08
467,78,"(46, 7)",0,-0.08
467,79,"(46, 6)",1,-0.08
467,80,"(47, 6)",1,-0.08
467,81,"(48, 6)",1,-0.08
467,82,"(49, 6)",0,-0.08
467,83,"(49, 5)",1,-0.08
467,84,"(50, 5)",1,-0.08
467,85,"(51, 5)",1,-0.08
467,86,"(52, 5)",1,-0.08
467,87,"(53, 5)",0,-0.08
467,88,"(53, 4)",0,-0.08
467,89,"(53, 3)",1,-0.08
467,90,"(54, 3)",1,-0.08
467,91,"(55, 3)",1,-0.08
467,92,"(56, 3)",0,-0.08
467,93,"(56, 2)",0,-0.08
467,94,"(56, 1)",1,-0.08
467,95,"(57, 1)",1,-0.08
467,96,"(58, 1)",1,-0.08
467,97,"(59, 1)",1,-0.08
467,98,"(60, 1)",1,-0.08
467,99,"(61, 1)",1,-0.08
467,100,"(62, 1)",1,-0.08
467,101,"(63, 1)",1,-0.08
467,102,"(64, 1)",1,-0.08
467,103,"(65, 1)",1,-0.08
467,104,"(66, 1)",1,-0.08
467,105,"(67, 1)",1,-0.08
467,106,"(68, 1)",1,-0.08
467,107,"(69, 1)",1,-0.08
467,108,"(70, 1)",1,-0.08
467,109,"(71, 1)",2,-0.08
467,110,"(71, 2)",2,-0.08
467,111,"(71, 3)",1,-0.08
467,112,"(72, 3)",1,-0.08
467,113,"(73, 3)",1,-0.08
467,114,"(74, 3)",1,-0.08
467,115,"(75, 3)",1,-0.08
467,116,"(76, 3)",1,-0.08
467,117,"(77, 3)",0,-0.08
467,118,"(77, 2)",0,-0.08
467,119,"(77, 1)",0,-0.08
467,120,"(77, 0)",1,-0.08
467,121,"(78, 0)",1,8.33
468,0,"(0, 39)",1,-0.08
468,1,"(1, 39)",1,-0.08
468,2,"(2, 39)",1,-0.08
468,3,"(3, 39)",1,-0.08
468,4,"(4, 39)",1,-0.08
468,5,"(5, 39)",1,-0.08
468,6,"(6, 39)",1,-0.08
468,7,"(7, 39)",1,-0.08
468,8,"(8, 39)",1,-0.08
468,9,"(9, 39)",1,-0.08
468,10,"(10, 39)",1,-0.08
468,11,"(11, 39)",0,-0.08
468,12,"(11, 38)",0,-0.08
468,13,"(11, 37)",1,-0.08
468,14,"(12, 37)",1,-0.08
468,15,"(13, 37)",1,-0.08
468,16,"(14, 37)",1,-0.08
468,17,"(15, 37)",1,-0.08
468,18,"(16, 37)",1,-0.08
468,19,"(17, 37)",0,-0.08
468,20,"(17, 36)",0,-0.08
468,21,"(17, 35)",1,-0.08
468,22,"(18, 35)",0,-0.08
468,23,"(18, 34)",1,-0.08
468,24,"(19, 34)",0,-0.08
468,25,"(19, 33)",0,-0.08
468,26,"(19, 32)",0,-0.08
468,27,"(19, 31)",0,-0.08
468,28,"(19, 30)",0,-0.08
468,29,"(19, 29)",1,-0.08
468,30,"(20, 29)",0,-0.08
468,31,"(20, 28)",0,-0.08
468,32,"(20, 27)",1,-0.08
468,33,"(21, 27)",0,-0.08
468,34,"(21, 26)",1,-0.08
468,35,"(22, 26)",0,-0.08
468,36,"(22, 25)",1,-0.08
468,37,"(23, 25)",1,-0.08
468,38,"(24, 25)",1,-0.08
468,39,"(25, 25)",1,-0.08
468,40,"(26, 25)",1,-0.08
468,41,"(27, 25)",1,-0.08
468,42,"(28, 25)",1,-0.08
468,43,"(29, 25)",1,-0.08
468,44,"(30, 25)",1,-0.08
468,45,"(31, 25)",0,-0.08
468,46,"(31, 24)",0,-0.08
468,47,"(31, 23)",1,-0.08
468,48,"(32, 23)",1,-0.08
468,49,"(33, 23)",0,-0.08
468,50,"(33, 22)",0,-0.08
468,51,"(33, 21)",1,-0.08
468,52,"(34, 21)",1,-0.08
468,53,"(35, 21)",1,-0.08
468,54,"(36, 21)",1,-0.08
468,55,"(37, 21)",1,-0.08
468,56,"(38, 21)",1,-0.08
468,57,"(39, 21)",0,-0.08
468,58,"(39, 20)",1,-0.08
468,59,"(40, 20)",1,-0.08
468,60,"(41, 20)",0,-0.08
468,61,"(41, 19)",0,-0.08
468,62,"(41, 18)",1,-0.08
468,63,"(42, 18)",0,-0.08
468,64,"(42, 17)",0,-0.08
468,65,"(42, 16)",1,-0.08
468,66,"(43, 16)",0,-0.08
468,67,"(43, 15)",1,-0.08
468,68,"(44, 15)",1,-0.08
468,69,"(45, 15)",0,-0.08
468,70,"(45, 14)",0,-0.08
468,71,"(45, 13)",0,-0.08
468,72,"(45, 12)",0,-0.08
468,73,"(45, 11)",0,-0.08
468,74,"(45, 10)",0,-0.08
468,75,"(45, 9)",1,-0.08
468,76,"(46, 9)",0,-0.08
468,77,"(46, 8)",0,-0.08
468,78,"(46, 7)",0,-0.08
468,79,"(46, 6)",1,-0.08
468,80,"(47, 6)",1,-0.08
468,81,"(48, 6)",1,-0.08
468,82,"(49, 6)",0,-0.08
468,83,"(49, 5)",1,-0.08
468,84,"(50, 5)",1,-0.08
468,85,"(51, 5)",1,-0.08
468,86,"(52, 5)",1,-0.08
468,87,"(53, 5)",0,-0.08
468,88,"(53, 4)",0,-0.08
468,89,"(53, 3)",1,-0.08
468,90,"(54, 3)",1,-0.08
468,91,"(55, 3)",1,-0.08
468,92,"(56, 3)",1,-0.08
468,93,"(57, 3)",0,-0.08
468,94,"(57, 2)",0,-0.08
468,95,"(57, 1)",1,-0.08
468,96,"(58, 1)",1,-0.08
468,97,"(59, 1)",1,-0.08
468,98,"(60, 1)",1,-0.08
468,99,"(61, 1)",1,-0.08
468,100,"(62, 1)",1,-0.08
468,101,"(63, 1)",1,-0.08
468,102,"(64, 1)",1,-0.08
468,103,"(65, 1)",1,-0.08
468,104,"(66, 1)",1,-0.08
468,105,"(67, 1)",1,-0.08
468,106,"(68, 1)",1,-0.08
468,107,"(69, 1)",1,-0.08
468,108,"(70, 1)",1,-0.08
468,109,"(71, 1)",2,-0.08
468,110,"(71, 2)",2,-0.08
468,111,"(71, 3)",1,-0.08
468,112,"(72, 3)",1,-0.08
468,113,"(73, 3)",0,-0.08
468,114,"(73, 2)",0,-0.08
468,115,"(73, 1)",1,-0.08
468,116,"(74, 1)",0,-0.08
468,117,"(74, 0)",1,-0.08
468,118,"(75, 0)",1,-0.08
468,119,"(76, 0)",1,-0.08
468,120,"(77, 0)",1,-0.08
468,121,"(78, 0)",1,8.33
469,0,"(0, 39)",1,-0.08
469,1,"(1, 39)",1,-0.08
469,2,"(2, 39)",1,-0.08
469,3,"(3, 39)",1,-0.08
469,4,"(4, 39)",1,-0.08
469,5,"(5, 39)",1,-0.08
469,6,"(6, 39)",1,-0.08
469,7,"(7, 39)",1,-0.08
469,8,"(8, 39)",1,-0.08
469,9,"(9, 39)",1,-0.08
469,10,"(10, 39)",0,-0.08
469,11,"(10, 38)",0,-0.08
469,12,"(10, 37)",1,-0.08
469,13,"(11, 37)",1,-0.08
469,14,"(12, 37)",1,-0.08
469,15,"(13, 37)",1,-0.08
469,16,"(14, 37)",1,-0.08
469,17,"(15, 37)",1,-0.08
469,18,"(16, 37)",0,-0.08
469,19,"(16, 36)",1,-0.08
469,20,"(17, 36)",0,-0.08
469,21,"(17, 35)",1,-0.08
469,22,"(18, 35)",1,-0.08
469,23,"(19, 35)",0,-0.08
469,24,"(19, 34)",0,-0.08
469,25,"(19, 33)",0,-0.08
469,26,"(19, 32)",0,-0.08
469,27,"(19, 31)",0,-0.08
469,28,"(19, 30)",0,-0.08
469,29,"(19, 29)",1,-0.08
469,30,"(20, 29)",0,-0.08
469,31,"(20, 28)",0,-0.08
469,32,"(20, 27)",1,-0.08
469,33,"(21, 27)",0,-0.08
469,34,"(21, 26)",0,-0.08
469,35,"(21, 25)",1,-0.08
469,36,"(22, 25)",1,-0.08
469,37,"(23, 25)",1,-0.08
469,38,"(24, 25)",1,-0.08
469,39,"(25, 25)",0,-0.08
469,40,"(25, 24)",0,-0.08
469,41,"(25, 23)",0,-0.08
469,42,"(25, 22)",0,-0.08
469,43,"(25, 21)",0,-0.08
469,44,"(25, 20)",0,-0.08
469,45,"(25, 19)",0,-0.08
469,46,"(25, 18)",1,-0.08
469,47,"(26, 18)",1,-0.08
469,48,"(27, 18)",0,-0.08
469,49,"(27, 17)",0,-0.08
469,50,"(27, 16)",1,-0.08
469,51,"(28, 16)",1,-0.08
469,52,"(29, 16)",0,-0.08
469,53,"(29, 15)",1,-0.08
469,54,"(30, 15)",1,-0.08
469,55,"(31, 15)",0,-0.08
469,56,"(31, 14)",1,-0.08
469,57,"(32, 14)",0,-0.08
469,58,"(32, 13)",1,-0.08
469,59,"(33, 13)",1,-0.08
469,60,"(34, 13)",1,-0.08
469,61,"(35, 13)",1,-0.08
469,62,"(36, 13)",1,-0.08
469,63,"(37, 13)",1,-0.08
469,64,"(38, 13)",1,-0.08
469,65,"(39, 13)",0,-0.08
469,66,"(39, 12)",0,-0.08
469,67,"(39, 11)",1,-0.08
469,68,"(40, 11)",1,-0.08
469,69,"(41, 11)",1,-0.08
469,70,"(42, 11)",1,-0.08
469,71,"(43, 11)",1,-0.08
469,72,"(44, 11)",1,-0.08
469,73,"(45, 11)",0,-0.08
469,74,"(45, 10)",0,-0.08
469,75,"(45, 9)",0,-0.08
469,76,"(45, 8)",0,-0.08
469,77,"(45, 7)",1,-0.08
469,78,"(46, 7)",1,-0.08
469,79,"(47, 7)",0,-0.08
469,80,"(47, 6)",1,-0.08
469,81,"(48, 6)",1,-0.08
469,82,"(49, 6)",0,-0.08
469,83,"(49, 5)",1,-0.08
469,84,"(50, 5)",1,-0.08
469,85,"(51, 5)",0,-0.08
469,86,"(51, 4)",0,-0.08
469,87,"(51, 3)",0,-0.08
469,88,"(51, 2)",1,-0.08
469,89,"(52, 2)",1,-0.08
469,90,"(53, 2)",0,-0.08
469,91,"(53, 1)",1,-0.08
469,92,"(54, 1)",1,-0.08
469,93,"(55, 1)",1,-0.08
469,94,"(56, 1)",1,-0.08
469,95,"(57, 1)",1,-0.08
469,96,"(58, 1)",1,-0.08
469,97,"(59, 1)",1,-0.08
469,98,"(60, 1)",1,-0.08
469,99,"(61, 1)",1,-0.08
469,100,"(62, 1)",1,-0.08
469,101,"(63, 1)",1,-0.08
469,102,"(64, 1)",1,-0.08
469,103,"(65, 1)",1,-0.08
469,104,"(66, 1)",1,-0.08
469,105,"(67, 1)",1,-0.08
469,106,"(68, 1)",1,-0.08
469,107,"(69, 1)",1,-0.08
469,108,"(70, 1)",1,-0.08
469,109,"(71, 1)",2,-0.08
469,110,"(71, 2)",2,-0.08
469,111,"(71, 3)",1,-0.08
469,112,"(72, 3)",1,-0.08
469,113,"(73, 3)",1,-0.08
469,114,"(74, 3)",1,-0.08
469,115,"(75, 3)",1,-0.08
469,116,"(76, 3)",1,-0.08
469,117,"(77, 3)",0,-0.08
469,118,"(77, 2)",0,-0.08
469,119,"(77, 1)",1,-0.08
469,120,"(78, 1)",1,-0.08
469,121,"(79, 1)",0,8.33
470,0,"(0, 39)",1,-0.08
470,1,"(1, 39)",1,-0.08
470,2,"(2, 39)",1,-0.08
470,3,"(3, 39)",1,-0.08
470,4,"(4, 39)",1,-0.08
470,5,"(5, 39)",1,-0.08
470,6,"(6, 39)",1,-0.08
470,7,"(7, 39)",1,-0.08
470,8,"(8, 39)",1,-0.08
470,9,"(9, 39)",1,-0.08
470,10,"(10, 39)",0,-0.08
470,11,"(10, 38)",1,-0.08
470,12,"(11, 38)",0,-0.08
470,13,"(11, 37)",1,-0.08
470,14,"(12, 37)",1,-0.08
470,15,"(13, 37)",1,-0.08
470,16,"(14, 37)",1,-0.08
470,17,"(15, 37)",0,-0.08
470,18,"(15, 36)",0,-0.08
470,19,"(15, 35)",0,-0.08
470,20,"(15, 34)",0,-0.08
470,21,"(15, 33)",1,-0.08
470,22,"(16, 33)",1,-0.08
470,23,"(17, 33)",1,-0.08
470,24,"(18, 33)",1,-0.08
470,25,"(19, 33)",0,-0.08
470,26,"(19, 32)",0,-0.08
470,27,"(19, 31)",0,-0.08
470,28,"(19, 30)",0,-0.08
470,29,"(19, 29)",1,-0.08
470,30,"(20, 29)",0,-0.08
470,31,"(20, 28)",0,-0.08
470,32,"(20, 27)",1,-0.08
470,33,"(21, 27)",0,-0.08
470,34,"(21, 26)",1,-0.08
470,35,"(22, 26)",0,-0.08
470,36,"(22, 25)",0,-0.08
470,37,"(22, 24)",0,-0.08
470,38,"(22, 23)",1,-0.08
470,39,"(23, 23)",1,-0.08
470,40,"(24, 23)",1,-0.08
470,41,"(25, 23)",0,-0.08
470,42,"(25, 22)",0,-0.08
470,43,"(25, 21)",1,-0.08
470,44,"(26, 21)",1,-0.08
470,45,"(27, 21)",0,-0.08
470,46,"(27, 20)",0,-0.08
470,47,"(27, 19)",0,-0.08
470,48,"(27, 18)",0,-0.08
470,49,"(27, 17)",1,-0.08
470,50,"(28, 17)",1,-0.08
470,51,"(29, 17)",0,-0.08
470,52,"(29, 16)",0,-0.08
470,53,"(29, 15)",1,-0.08
470,54,"(30, 15)",1,-0.08
470,55,"(31, 15)",0,-0.08
470,56,"(31, 14)",0,-0.08
470,57,"(31, 13)",1,-0.08
470,58,"(32, 13)",1,-0.08
470,59,"(33, 13)",1,-0.08
470,60,"(34, 13)",1,-0.08
470,61,"(35, 13)",1,-0.08
470,62,"(36, 13)",1,-0.08
470,63,"(37, 13)",1,-0.08
470,64,"(38, 13)",1,-0.08
470,65,"(39, 13)",1,-0.08
470,66,"(40, 13)",1,-0.08
470,67,"(41, 13)",1,-0.08
470,68,"(42, 13)",1,-0.08
470,69,"(43, 13)",0,-0.08
470,70,"(43, 12)",0,-0.08
470,71,"(43, 11)",1,-0.08
470,72,"(44, 11)",1,-0.08
470,73,"(45, 11)",0,-0.08
470,74,"(45, 10)",1,-0.08
470,75,"(46, 10)",0,-0.08
470,76,"(46, 9)",0,-0.08
470,77,"(46, 8)",0,-0.08
470,78,"(46, 7)",1,-0.08
470,79,"(47, 7)",0,-0.08
470,80,"(47, 6)",1,-0.08
470,81,"(48, 6)",1,-0.08
470,82,"(49, 6)",0,-0.08
470,83,"(49, 5)",1,-0.08
470,84,"(50, 5)",1,-0.08
470,85,"(51, 5)",0,-0.08
470,86,"(51, 4)",0,-0.08
470,87,"(51, 3)",0,-0.08
470,88,"(51, 2)",0,-0.08
470,89,"(51, 1)",1,-0.08
470,90,"(52, 1)",1,-0.08
470,91,"(53, 1)",1,-0.08
470,92,"(54, 1)",1,-0.08
470,93,"(55, 1)",1,-0.08
470,94,"(56, 1)",1,-0.08
470,95,"(57, 1)",1,-0.08
470,96,"(58, 1)",1,-0.08
470,97,"(59, 1)",1,-0.08
470,98,"(60, 1)",1,-0.08
470,99,"(61, 1)",1,-0.08
470,100,"(62, 1)",1,-0.08
470,101,"(63, 1)",1,-0.08
470,102,"(64, 1)",1,-0.08
470,103,"(65, 1)",1,-0.08
470,104,"(66, 1)",1,-0.08
470,105,"(67, 1)",1,-0.08
470,106,"(68, 1)",1,-0.08
470,107,"(69, 1)",1,-0.08
470,108,"(70, 1)",1,-0.08
470,109,"(71, 1)",2,-0.08
470,110,"(71, 2)",2,-0.08
470,111,"(71, 3)",1,-0.08
470,112,"(72, 3)",1,-0.08
470,113,"(73, 3)",1,-0.08
470,114,"(74, 3)",1,-0.08
470,115,"(75, 3)",1,-0.08
470,116,"(76, 3)",1,-0.08
470,117,"(77, 3)",0,-0.08
470,118,"(77, 2)",0,-0.08
470,119,"(77, 1)",0,-0.08
470,120,"(77, 0)",1,-0.08
470,121,"(78, 0)",1,8.33
471,0,"(0, 39)",1,-0.08
471,1,"(1, 39)",1,-0.08
471,2,"(2, 39)",1,-0.08
471,3,"(3, 39)",1,-0.08
471,4,"(4, 39)",1,-0.08
471,5,"(5, 39)",1,-0.08
471,6,"(6, 39)",1,-0.08
471,7,"(7, 39)",1,-0.08
471,8,"(8, 39)",1,-0.08
471,9,"(9, 39)",1,-0.08
471,10,"(10, 39)",0,-0.08
471,11,"(10, 38)",1,-0.08
471,12,"(11, 38)",0,-0.08
471,13,"(11, 37)",1,-0.08
471,14,"(12, 37)",1,-0.08
471,15,"(13, 37)",1,-0.08
471,16,"(14, 37)",1,-0.08
471,17,"(15, 37)",1,-0.08
471,18,"(16, 37)",0,-0.08
471,19,"(16, 36)",1,-0.08
471,20,"(17, 36)",0,-0.08
471,21,"(17, 35)",1,-0.08
471,22,"(18, 35)",1,-0.08
471,23,"(19, 35)",0,-0.08
471,24,"(19, 34)",0,-0.08
471,25,"(19, 33)",0,-0.08
471,26,"(19, 32)",0,-0.08
471,27,"(19, 31)",0,-0.08
471,28,"(19, 30)",0,-0.08
471,29,"(19, 29)",1,-0.08
471,30,"(20, 29)",0,-0.08
471,31,"(20, 28)",0,-0.08
471,32,"(20, 27)",1,-0.08
471,33,"(21, 27)",0,-0.08
471,34,"(21, 26)",1,-0.08
471,35,"(22, 26)",1,-0.08
471,36,"(23, 26)",0,-0.08
471,37,"(23, 25)",1,-0.08
471,38,"(24, 25)",1,-0.08
471,39,"(25, 25)",1,-0.08
471,40,"(26, 25)",1,-0.08
471,41,"(27, 25)",1,-0.08
471,42,"(28, 25)",1,-0.08
471,43,"(29, 25)",1,-0.08
471,44,"(30, 25)",1,-0.08
471,45,"(31, 25)",0,-0.08
471,46,"(31, 24)",0,-0.08
471,47,"(31, 23)",1,-0.08
471,48,"(32, 23)",1,-0.08
471,49,"(33, 23)",0,-0.08
471,50,"(33, 22)",0,-0.08
471,51,"(33, 21)",1,-0.08
471,52,"(34, 21)",1,-0.08
471,53,"(35, 21)",1,-0.08
471,54,"(36, 21)",1,-0.08
471,55,"(37, 21)",1,-0.08
471,56,"(38, 21)",1,-0.08
471,57,"(39, 21)",1,-0.08
471,58,"(40, 21)",1,-0.08
471,59,"(41, 21)",0,-0.08
471,60,"(41, 20)",0,-0.08
471,61,"(41, 19)",0,-0.08
471,62,"(41, 18)",1,-0.08
471,63,"(42, 18)",0,-0.08
471,64,"(42, 17)",0,-0.08
471,65,"(42, 16)",1,-0.08
471,66,"(43, 16)",1,-0.08
471,67,"(44, 16)",0,-0.08
471,68,"(44, 15)",1,-0.08
471,69,"(45, 15)",0,-0.08
471,70,"(45, 14)",0,-0.08
471,71,"(45, 13)",0,-0.08
471,72,"(45, 12)",0,-0.08
471,73,"(45, 11)",0,-0.08
471,74,"(45, 10)",1,-0.08
471,75,"(46, 10)",0,-0.08
471,76,"(46, 9)",0,-0.08
471,77,"(46, 8)",0,-0.08
471,78,"(46, 7)",1,-0.08
471,79,"(47, 7)",0,-0.08
471,80,"(47, 6)",1,-0.08
471,81,"(48, 6)",1,-0.08
471,82,"(49, 6)",0,-0.08
471,83,"(49, 5)",1,-0.08
471,84,"(50, 5)",1,-0.08
471,85,"(51, 5)",1,-0.08
471,86,"(52, 5)",1,-0.08
471,87,"(53, 5)",0,-0.08
471,88,"(53, 4)",0,-0.08
471,89,"(53, 3)",0,-0.08
471,90,"(53, 2)",0,-0.08
471,91,"(53, 1)",1,-0.08
471,92,"(54, 1)",1,-0.08
471,93,"(55, 1)",1,-0.08
471,94,"(56, 1)",1,-0.08
471,95,"(57, 1)",1,-0.08
471,96,"(58, 1)",1,-0.08
471,97,"(59, 1)",1,-0.08
471,98,"(60, 1)",1,-0.08
471,99,"(61, 1)",1,-0.08
471,100,"(62, 1)",1,-0.08
471,101,"(63, 1)",1,-0.08
471,102,"(64, 1)",1,-0.08
471,103,"(65, 1)",1,-0.08
471,104,"(66, 1)",1,-0.08
471,105,"(67, 1)",1,-0.08
471,106,"(68, 1)",1,-0.08
471,107,"(69, 1)",1,-0.08
471,108,"(70, 1)",1,-0.08
471,109,"(71, 1)",2,-0.08
471,110,"(71, 2)",2,-0.08
471,111,"(71, 3)",1,-0.08
471,112,"(72, 3)",1,-0.08
471,113,"(73, 3)",1,-0.08
471,114,"(74, 3)",1,-0.08
471,115,"(75, 3)",1,-0.08
471,116,"(76, 3)",1,-0.08
471,117,"(77, 3)",0,-0.08
471,118,"(77, 2)",0,-0.08
471,119,"(77, 1)",0,-0.08
471,120,"(77, 0)",1,-0.08
471,121,"(78, 0)",1,8.33
472,0,"(0, 39)",1,-0.08
472,1,"(1, 39)",1,-0.08
472,2,"(2, 39)",1,-0.08
472,3,"(3, 39)",1,-0.08
472,4,"(4, 39)",1,-0.08
472,5,"(5, 39)",1,-0.08
472,6,"(6, 39)",1,-0.08
472,7,"(7, 39)",1,-0.08
472,8,"(8, 39)",1,-0.08
472,9,"(9, 39)",1,-0.08
472,10,"(10, 39)",0,-0.08
472,11,"(10, 38)",0,-0.08
472,12,"(10, 37)",1,-0.08
472,13,"(11, 37)",1,-0.08
472,14,"(12, 37)",1,-0.08
472,15,"(13, 37)",1,-0.08
472,16,"(14, 37)",1,-0.08
472,17,"(15, 37)",1,-0.08
472,18,"(16, 37)",0,-0.08
472,19,"(16, 36)",1,-0.08
472,20,"(17, 36)",0,-0.08
472,21,"(17, 35)",1,-0.08
472,22,"(18, 35)",1,-0.08
472,23,"(19, 35)",0,-0.08
472,24,"(19, 34)",0,-0.08
472,25,"(19, 33)",0,-0.08
472,26,"(19, 32)",0,-0.08
472,27,"(19, 31)",0,-0.08
472,28,"(19, 30)",0,-0.08
472,29,"(19, 29)",1,-0.08
472,30,"(20, 29)",0,-0.08
472,31,"(20, 28)",0,-0.08
472,32,"(20, 27)",1,-0.08
472,33,"(21, 27)",0,-0.08
472,34,"(21, 26)",0,-0.08
472,35,"(21, 25)",1,-0.08
472,36,"(22, 25)",0,-0.08
472,37,"(22, 24)",0,-0.08
472,38,"(22, 23)",1,-0.08
472,39,"(23, 23)",1,-0.08
472,40,"(24, 23)",1,-0.08
472,41,"(25, 23)",0,-0.08
472,42,"(25, 22)",0,-0.08
472,43,"(25, 21)",0,-0.08
472,44,"(25, 20)",0,-0.08
472,45,"(25, 19)",1,-0.08
472,46,"(26, 19)",1,-0.08
472,47,"(27, 19)",1,-0.08
472,48,"(28, 19)",1,-0.08
472,49,"(29, 19)",1,-0.08
472,50,"(30, 19)",1,-0.08
472,51,"(31, 19)",0,-0.08
472,52,"(31, 18)",1,-0.08
472,53,"(32, 18)",0,-0.08
472,54,"(32, 17)",0,-0.08
472,55,"(32, 16)",0,-0.08
472,56,"(32, 15)",0,-0.08
472,57,"(32, 14)",0,-0.08
472,58,"(32, 13)",1,-0.08
472,59,"(33, 13)",1,-0.08
472,60,"(34, 13)",1,-0.08
472,61,"(35, 13)",1,-0.08
472,62,"(36, 13)",1,-0.08
472,63,"(37, 13)",1,-0.08
472,64,"(38, 13)",1,-0.08
472,65,"(39, 13)",1,-0.08
472,66,"(40, 13)",1,-0.08
472,67,"(41, 13)",1,-0.08
472,68,"(42, 13)",1,-0.08
472,69,"(43, 13)",0,-0.08
472,70,"(43, 12)",0,-0.08
472,71,"(43, 11)",1,-0.08
472,72,"(44, 11)",1,-0.08
472,73,"(45, 11)",0,-0.08
472,74,"(45, 10)",0,-0.08
472,75,"(45, 9)",1,-0.08
472,76,"(46, 9)",0,-0.08
472,77,"(46, 8)",0,-0.08
472,78,"(46, 7)",1,-0.08
472,79,"(47, 7)",0,-0.08
472,80,"(47, 6)",1,-0.08
472,81,"(48, 6)",1,-0.08
472,82,"(49, 6)",0,-0.08
472,83,"(49, 5)",1,-0.08
472,84,"(50, 5)",1,-0.08
472,85,"(51, 5)",0,-0.08
472,86,"(51, 4)",0,-0.08
472,87,"(51, 3)",0,-0.08
472,88,"(51, 2)",1,-0.08
472,89,"(52, 2)",0,-0.08
472,90,"(52, 1)",1,-0.08
472,91,"(53, 1)",1,-0.08
472,92,"(54, 1)",1,-0.08
472,93,"(55, 1)",1,-0.08
472,94,"(56, 1)",1,-0.08
472,95,"(57, 1)",1,-0.08
472,96,"(58, 1)",1,-0.08
472,97,"(59, 1)",1,-0.08
472,98,"(60, 1)",1,-0.08
472,99,"(61, 1)",1,-0.08
472,100,"(62, 1)",1,-0.08
472,101,"(63, 1)",1,-0.08
472,102,"(64, 1)",1,-0.08
472,103,"(65, 1)",1,-0.08
472,104,"(66, 1)",1,-0.08
472,105,"(67, 1)",1,-0.08
472,106,"(68, 1)",1,-0.08
472,107,"(69, 1)",1,-0.08
472,108,"(70, 1)",1,-0.08
472,109,"(71, 1)",2,-0.08
472,110,"(71, 2)",2,-0.08
472,111,"(71, 3)",1,-0.08
472,112,"(72, 3)",1,-0.08
472,113,"(73, 3)",1,-0.08
472,114,"(74, 3)",1,-0.08
472,115,"(75, 3)",1,-0.08
472,116,"(76, 3)",1,-0.08
472,117,"(77, 3)",0,-0.08
472,118,"(77, 2)",0,-0.08
472,119,"(77, 1)",0,-0.08
472,120,"(77, 0)",1,-0.08
472,121,"(78, 0)",1,8.33
473,0,"(0, 39)",1,-0.08
473,1,"(1, 39)",1,-0.08
473,2,"(2, 39)",1,-0.08
473,3,"(3, 39)",1,-0.08
473,4,"(4, 39)",1,-0.08
473,5,"(5, 39)",1,-0.08
473,6,"(6, 39)",1,-0.08
473,7,"(7, 39)",1,-0.08
473,8,"(8, 39)",1,-0.08
473,9,"(9, 39)",1,-0.08
473,10,"(10, 39)",1,-0.08
473,11,"(11, 39)",0,-0.08
473,12,"(11, 38)",0,-0.08
473,13,"(11, 37)",1,-0.08
473,14,"(12, 37)",1,-0.08
473,15,"(13, 37)",1,-0.08
473,16,"(14, 37)",1,-0.08
473,17,"(15, 37)",0,-0.08
473,18,"(15, 36)",1,-0.08
473,19,"(16, 36)",1,-0.08
473,20,"(17, 36)",0,-0.08
473,21,"(17, 35)",1,-0.08
473,22,"(18, 35)",1,-0.08
473,23,"(19, 35)",0,-0.08
473,24,"(19, 34)",0,-0.08
473,25,"(19, 33)",0,-0.08
473,26,"(19, 32)",0,-0.08
473,27,"(19, 31)",0,-0.08
473,28,"(19, 30)",0,-0.08
473,29,"(19, 29)",1,-0.08
473,30,"(20, 29)",0,-0.08
473,31,"(20, 28)",0,-0.08
473,32,"(20, 27)",1,-0.08
473,33,"(21, 27)",0,-0.08
473,34,"(21, 26)",0,-0.08
473,35,"(21, 25)",1,-0.08
473,36,"(22, 25)",0,-0.08
473,37,"(22, 24)",0,-0.08
473,38,"(22, 23)",1,-0.08
473,39,"(23, 23)",1,-0.08
473,40,"(24, 23)",1,-0.08
473,41,"(25, 23)",0,-0.08
473,42,"(25, 22)",0,-0.08
473,43,"(25, 21)",1,-0.08
473,44,"(26, 21)",1,-0.08
473,45,"(27, 21)",0,-0.08
473,46,"(27, 20)",0,-0.08
473,47,"(27, 19)",1,-0.08
473,48,"(28, 19)",1,-0.08
473,49,"(29, 19)",1,-0.08
473,50,"(30, 19)",1,-0.08
473,51,"(31, 19)",0,-0.08
473,52,"(31, 18)",0,-0.08
473,53,"(31, 17)",1,-0.08
473,54,"(32, 17)",0,-0.08
473,55,"(32, 16)",0,-0.08
473,56,"(32, 15)",0,-0.08
473,57,"(32, 14)",0,-0.08
473,58,"(32, 13)",1,-0.08
473,59,"(33, 13)",1,-0.08
473,60,"(34, 13)",1,-0.08
473,61,"(35, 13)",1,-0.08
473,62,"(36, 13)",1,-0.08
473,63,"(37, 13)",1,-0.08
473,64,"(38, 13)",1,-0.08
473,65,"(39, 13)",1,-0.08
473,66,"(40, 13)",1,-0.08
473,67,"(41, 13)",1,-0.08
473,68,"(42, 13)",1,-0.08
473,69,"(43, 13)",1,-0.08
473,70,"(44, 13)",1,-0.08
473,71,"(45, 13)",0,-0.08
473,72,"(45, 12)",0,-0.08
473,73,"(45, 11)",0,-0.08
473,74,"(45, 10)",0,-0.08
473,75,"(45, 9)",1,-0.08
473,76,"(46, 9)",0,-0.08
473,77,"(46, 8)",0,-0.08
473,78,"(46, 7)",0,-0.08
473,79,"(46, 6)",1,-0.08
473,80,"(47, 6)",1,-0.08
473,81,"(48, 6)",1,-0.08
473,82,"(49, 6)",0,-0.08
473,83,"(49, 5)",1,-0.08
473,84,"(50, 5)",1,-0.08
473,85,"(51, 5)",1,-0.08
473,86,"(52, 5)",1,-0.08
473,87,"(53, 5)",0,-0.08
473,88,"(53, 4)",0,-0.08
473,89,"(53, 3)",0,-0.08
473,90,"(53, 2)",0,-0.08
473,91,"(53, 1)",1,-0.08
473,92,"(54, 1)",1,-0.08
473,93,"(55, 1)",1,-0.08
473,94,"(56, 1)",1,-0.08
473,95,"(57, 1)",1,-0.08
473,96,"(58, 1)",1,-0.08
473,97,"(59, 1)",1,-0.08
473,98,"(60, 1)",1,-0.08
473,99,"(61, 1)",1,-0.08
473,100,"(62, 1)",1,-0.08
473,101,"(63, 1)",1,-0.08
473,102,"(64, 1)",1,-0.08
473,103,"(65, 1)",1,-0.08
473,104,"(66, 1)",1,-0.08
473,105,"(67, 1)",1,-0.08
473,106,"(68, 1)",1,-0.08
473,107,"(69, 1)",1,-0.08
473,108,"(70, 1)",1,-0.08
473,109,"(71, 1)",2,-0.08
473,110,"(71, 2)",2,-0.08
473,111,"(71, 3)",1,-0.08
473,112,"(72, 3)",1,-0.08
473,113,"(73, 3)",1,-0.08
473,114,"(74, 3)",1,-0.08
473,115,"(75, 3)",1,-0.08
473,116,"(76, 3)",1,-0.08
473,117,"(77, 3)",0,-0.08
473,118,"(77, 2)",0,-0.08
473,119,"(77, 1)",1,-0.08
473,120,"(78, 1)",0,-0.08
473,121,"(78, 0)",1,8.33
474,0,"(0, 39)",1,-0.08
474,1,"(1, 39)",1,-0.08
474,2,"(2, 39)",1,-0.08
474,3,"(3, 39)",1,-0.08
474,4,"(4, 39)",1,-0.08
474,5,"(5, 39)",1,-0.08
474,6,"(6, 39)",1,-0.08
474,7,"(7, 39)",1,-0.08
474,8,"(8, 39)",1,-0.08
474,9,"(9, 39)",1,-0.08
474,10,"(10, 39)",1,-0.08
474,11,"(11, 39)",0,-0.08
474,12,"(11, 38)",0,-0.08
474,13,"(11, 37)",1,-0.08
474,14,"(12, 37)",1,-0.08
474,15,"(13, 37)",1,-0.08
474,16,"(14, 37)",1,-0.08
474,17,"(15, 37)",1,-0.08
474,18,"(16, 37)",0,-0.08
474,19,"(16, 36)",1,-0.08
474,20,"(17, 36)",0,-0.08
474,21,"(17, 35)",1,-0.08
474,22,"(18, 35)",1,-0.08
474,23,"(19, 35)",0,-0.08
474,24,"(19, 34)",0,-0.08
474,25,"(19, 33)",0,-0.08
474,26,"(19, 32)",0,-0.08
474,27,"(19, 31)",0,-0.08
474,28,"(19, 30)",0,-0.08
474,29,"(19, 29)",1,-0.08
474,30,"(20, 29)",0,-0.08
474,31,"(20, 28)",0,-0.08
474,32,"(20, 27)",1,-0.08
474,33,"(21, 27)",0,-0.08
474,34,"(21, 26)",0,-0.08
474,35,"(21, 25)",1,-0.08
474,36,"(22, 25)",0,-0.08
474,37,"(22, 24)",0,-0.08
474,38,"(22, 23)",1,-0.08
474,39,"(23, 23)",1,-0.08
474,40,"(24, 23)",1,-0.08
474,41,"(25, 23)",0,-0.08
474,42,"(25, 22)",0,-0.08
474,43,"(25, 21)",1,-0.08
474,44,"(26, 21)",1,-0.08
474,45,"(27, 21)",0,-0.08
474,46,"(27, 20)",0,-0.08
474,47,"(27, 19)",1,-0.08
474,48,"(28, 19)",1,-0.08
474,49,"(29, 19)",1,-0.08
474,50,"(30, 19)",1,-0.08
474,51,"(31, 19)",0,-0.08
474,52,"(31, 18)",0,-0.08
474,53,"(31, 17)",1,-0.08
474,54,"(32, 17)",0,-0.08
474,55,"(32, 16)",0,-0.08
474,56,"(32, 15)",0,-0.08
474,57,"(32, 14)",0,-0.08
474,58,"(32, 13)",1,-0.08
474,59,"(33, 13)",1,-0.08
474,60,"(34, 13)",1,-0.08
474,61,"(35, 13)",1,-0.08
474,62,"(36, 13)",1,-0.08
474,63,"(37, 13)",1,-0.08
474,64,"(38, 13)",1,-0.08
474,65,"(39, 13)",1,-0.08
474,66,"(40, 13)",1,-0.08
474,67,"(41, 13)",0,-0.08
474,68,"(41, 12)",0,-0.08
474,69,"(41, 11)",1,-0.08
474,70,"(42, 11)",1,-0.08
474,71,"(43, 11)",1,-0.08
474,72,"(44, 11)",1,-0.08
474,73,"(45, 11)",0,-0.08
474,74,"(45, 10)",0,-0.08
474,75,"(45, 9)",0,-0.08
474,76,"(45, 8)",1,-0.08
474,77,"(46, 8)",0,-0.08
474,78,"(46, 7)",1,-0.08
474,79,"(47, 7)",0,-0.08
474,80,"(47, 6)",1,-0.08
474,81,"(48, 6)",1,-0.08
474,82,"(49, 6)",0,-0.08
474,83,"(49, 5)",1,-0.08
474,84,"(50, 5)",1,-0.08
474,85,"(51, 5)",0,-0.08
474,86,"(51, 4)",0,-0.08
474,87,"(51, 3)",0,-0.08
474,88,"(51, 2)",1,-0.08
474,89,"(52, 2)",1,-0.08
474,90,"(53, 2)",0,-0.08
474,91,"(53, 1)",1,-0.08
474,92,"(54, 1)",1,-0.08
474,93,"(55, 1)",1,-0.08
474,94,"(56, 1)",1,-0.08
474,95,"(57, 1)",1,-0.08
474,96,"(58, 1)",1,-0.08
474,97,"(59, 1)",1,-0.08
474,98,"(60, 1)",1,-0.08
474,99,"(61, 1)",1,-0.08
474,100,"(62, 1)",1,-0.08
474,101,"(63, 1)",1,-0.08
474,102,"(64, 1)",1,-0.08
474,103,"(65, 1)",1,-0.08
474,104,"(66, 1)",1,-0.08
474,105,"(67, 1)",1,-0.08
474,106,"(68, 1)",1,-0.08
474,107,"(69, 1)",1,-0.08
474,108,"(70, 1)",1,-0.08
474,109,"(71, 1)",2,-0.08
474,110,"(71, 2)",2,-0.08
474,111,"(71, 3)",1,-0.08
474,112,"(72, 3)",1,-0.08
474,113,"(73, 3)",0,-0.08
474,114,"(73, 2)",0,-0.08
474,115,"(73, 1)",1,-0.08
474,116,"(74, 1)",0,-0.08
474,117,"(74, 0)",1,-0.08
474,118,"(75, 0)",1,-0.08
474,119,"(76, 0)",1,-0.08
474,120,"(77, 0)",1,-0.08
474,121,"(78, 0)",1,8.33
475,0,"(0, 39)",1,-0.08
475,1,"(1, 39)",1,-0.08
475,2,"(2, 39)",1,-0.08
475,3,"(3, 39)",1,-0.08
475,4,"(4, 39)",1,-0.08
475,5,"(5, 39)",1,-0.08
475,6,"(6, 39)",1,-0.08
475,7,"(7, 39)",1,-0.08
475,8,"(8, 39)",1,-0.08
475,9,"(9, 39)",1,-0.08
475,10,"(10, 39)",0,-0.08
475,11,"(10, 38)",0,-0.08
475,12,"(10, 37)",1,-0.08
475,13,"(11, 37)",1,-0.08
475,14,"(12, 37)",1,-0.08
475,15,"(13, 37)",1,-0.08
475,16,"(14, 37)",1,-0.08
475,17,"(15, 37)",0,-0.08
475,18,"(15, 36)",0,-0.08
475,19,"(15, 35)",0,-0.08
475,20,"(15, 34)",0,-0.08
475,21,"(15, 33)",1,-0.08
475,22,"(16, 33)",1,-0.08
475,23,"(17, 33)",1,-0.08
475,24,"(18, 33)",1,-0.08
475,25,"(19, 33)",0,-0.08
475,26,"(19, 32)",0,-0.08
475,27,"(19, 31)",0,-0.08
475,28,"(19, 30)",0,-0.08
475,29,"(19, 29)",1,-0.08
475,30,"(20, 29)",0,-0.08
475,31,"(20, 28)",0,-0.08
475,32,"(20, 27)",1,-0.08
475,33,"(21, 27)",0,-0.08
475,34,"(21, 26)",1,-0.08
475,35,"(22, 26)",0,-0.08
475,36,"(22, 25)",1,-0.08
475,37,"(23, 25)",1,-0.08
475,38,"(24, 25)",1,-0.08
475,39,"(25, 25)",0,-0.08
475,40,"(25, 24)",0,-0.08
475,41,"(25, 23)",0,-0.08
475,42,"(25, 22)",0,-0.08
475,43,"(25, 21)",1,-0.08
475,44,"(26, 21)",1,-0.08
475,45,"(27, 21)",0,-0.08
475,46,"(27, 20)",1,-0.08
475,47,"(28, 20)",0,-0.08
475,48,"(28, 19)",1,-0.08
475,49,"(29, 19)",1,-0.08
475,50,"(30, 19)",1,-0.08
475,51,"(31, 19)",0,-0.08
475,52,"(31, 18)",0,-0.08
475,53,"(31, 17)",1,-0.08
475,54,"(32, 17)",0,-0.08
475,55,"(32, 16)",0,-0.08
475,56,"(32, 15)",0,-0.08
475,57,"(32, 14)",0,-0.08
475,58,"(32, 13)",1,-0.08
475,59,"(33, 13)",1,-0.08
475,60,"(34, 13)",1,-0.08
475,61,"(35, 13)",1,-0.08
475,62,"(36, 13)",1,-0.08
475,63,"(37, 13)",1,-0.08
475,64,"(38, 13)",1,-0.08
475,65,"(39, 13)",1,-0.08
475,66,"(40, 13)",1,-0.08
475,67,"(41, 13)",0,-0.08
475,68,"(41, 12)",0,-0.08
475,69,"(41, 11)",1,-0.08
475,70,"(42, 11)",1,-0.08
475,71,"(43, 11)",1,-0.08
475,72,"(44, 11)",1,-0.08
475,73,"(45, 11)",0,-0.08
475,74,"(45, 10)",0,-0.08
475,75,"(45, 9)",1,-0.08
475,76,"(46, 9)",0,-0.08
475,77,"(46, 8)",0,-0.08
475,78,"(46, 7)",1,-0.08
475,79,"(47, 7)",0,-0.08
475,80,"(47, 6)",1,-0.08
475,81,"(48, 6)",1,-0.08
475,82,"(49, 6)",0,-0.08
475,83,"(49, 5)",1,-0.08
475,84,"(50, 5)",1,-0.08
475,85,"(51, 5)",0,-0.08
475,86,"(51, 4)",0,-0.08
475,87,"(51, 3)",0,-0.08
475,88,"(51, 2)",0,-0.08
475,89,"(51, 1)",1,-0.08
475,90,"(52, 1)",1,-0.08
475,91,"(53, 1)",1,-0.08
475,92,"(54, 1)",1,-0.08
475,93,"(55, 1)",1,-0.08
475,94,"(56, 1)",1,-0.08
475,95,"(57, 1)",1,-0.08
475,96,"(58, 1)",1,-0.08
475,97,"(59, 1)",1,-0.08
475,98,"(60, 1)",1,-0.08
475,99,"(61, 1)",1,-0.08
475,100,"(62, 1)",1,-0.08
475,101,"(63, 1)",1,-0.08
475,102,"(64, 1)",1,-0.08
475,103,"(65, 1)",1,-0.08
475,104,"(66, 1)",1,-0.08
475,105,"(67, 1)",1,-0.08
475,106,"(68, 1)",1,-0.08
475,107,"(69, 1)",1,-0.08
475,108,"(70, 1)",1,-0.08
475,109,"(71, 1)",2,-0.08
475,110,"(71, 2)",2,-0.08
475,111,"(71, 3)",1,-0.08
475,112,"(72, 3)",1,-0.08
475,113,"(73, 3)",1,-0.08
475,114,"(74, 3)",1,-0.08
475,115,"(75, 3)",1,-0.08
475,116,"(76, 3)",1,-0.08
475,117,"(77, 3)",0,-0.08
475,118,"(77, 2)",0,-0.08
475,119,"(77, 1)",0,-0.08
475,120,"(77, 0)",1,-0.08
475,121,"(78, 0)",1,8.33
476,0,"(0, 39)",1,-0.08
476,1,"(1, 39)",1,-0.08
476,2,"(2, 39)",1,-0.08
476,3,"(3, 39)",1,-0.08
476,4,"(4, 39)",1,-0.08
476,5,"(5, 39)",1,-0.08
476,6,"(6, 39)",1,-0.08
476,7,"(7, 39)",1,-0.08
476,8,"(8, 39)",1,-0.08
476,9,"(9, 39)",1,-0.08
476,10,"(10, 39)",1,-0.08
476,11,"(11, 39)",0,-0.08
476,12,"(11, 38)",0,-0.08
476,13,"(11, 37)",1,-0.08
476,14,"(12, 37)",1,-0.08
476,15,"(13, 37)",1,-0.08
476,16,"(14, 37)",1,-0.08
476,17,"(15, 37)",1,-0.08
476,18,"(16, 37)",0,-0.08
476,19,"(16, 36)",1,-0.08
476,20,"(17, 36)",0,-0.08
476,21,"(17, 35)",1,-0.08
476,22,"(18, 35)",1,-0.08
476,23,"(19, 35)",0,-0.08
476,24,"(19, 34)",0,-0.08
476,25,"(19, 33)",0,-0.08
476,26,"(19, 32)",0,-0.08
476,27,"(19, 31)",0,-0.08
476,28,"(19, 30)",0,-0.08
476,29,"(19, 29)",1,-0.08
476,30,"(20, 29)",0,-0.08
476,31,"(20, 28)",0,-0.08
476,32,"(20, 27)",1,-0.08
476,33,"(21, 27)",0,-0.08
476,34,"(21, 26)",1,-0.08
476,35,"(22, 26)",1,-0.08
476,36,"(23, 26)",0,-0.08
476,37,"(23, 25)",1,-0.08
476,38,"(24, 25)",1,-0.08
476,39,"(25, 25)",0,-0.08
476,40,"(25, 24)",0,-0.08
476,41,"(25, 23)",0,-0.08
476,42,"(25, 22)",0,-0.08
476,43,"(25, 21)",1,-0.08
476,44,"(26, 21)",1,-0.08
476,45,"(27, 21)",0,-0.08
476,46,"(27, 20)",0,-0.08
476,47,"(27, 19)",0,-0.08
476,48,"(27, 18)",0,-0.08
476,49,"(27, 17)",1,-0.08
476,50,"(28, 17)",0,-0.08
476,51,"(28, 16)",1,-0.08
476,52,"(29, 16)",0,-0.08
476,53,"(29, 15)",1,-0.08
476,54,"(30, 15)",1,-0.08
476,55,"(31, 15)",0,-0.08
476,56,"(31, 14)",0,-0.08
476,57,"(31, 13)",1,-0.08
476,58,"(32, 13)",1,-0.08
476,59,"(33, 13)",1,-0.08
476,60,"(34, 13)",1,-0.08
476,61,"(35, 13)",1,-0.08
476,62,"(36, 13)",1,-0.08
476,63,"(37, 13)",1,-0.08
476,64,"(38, 13)",1,-0.08
476,65,"(39, 13)",0,-0.08
476,66,"(39, 12)",0,-0.08
476,67,"(39, 11)",1,-0.08
476,68,"(40, 11)",1,-0.08
476,69,"(41, 11)",1,-0.08
476,70,"(42, 11)",1,-0.08
476,71,"(43, 11)",1,-0.08
476,72,"(44, 11)",1,-0.08
476,73,"(45, 11)",0,-0.08
476,74,"(45, 10)",1,-0.08
476,75,"(46, 10)",0,-0.08
476,76,"(46, 9)",0,-0.08
476,77,"(46, 8)",0,-0.08
476,78,"(46, 7)",1,-0.08
476,79,"(47, 7)",0,-0.08
476,80,"(47, 6)",1,-0.08
476,81,"(48, 6)",1,-0.08
476,82,"(49, 6)",0,-0.08
476,83,"(49, 5)",1,-0.08
476,84,"(50, 5)",1,-0.08
476,85,"(51, 5)",1,-0.08
476,86,"(52, 5)",1,-0.08
476,87,"(53, 5)",0,-0.08
476,88,"(53, 4)",0,-0.08
476,89,"(53, 3)",1,-0.08
476,90,"(54, 3)",1,-0.08
476,91,"(55, 3)",1,-0.08
476,92,"(56, 3)",1,-0.08
476,93,"(57, 3)",0,-0.08
476,94,"(57, 2)",0,-0.08
476,95,"(57, 1)",1,-0.08
476,96,"(58, 1)",1,-0.08
476,97,"(59, 1)",1,-0.08
476,98,"(60, 1)",1,-0.08
476,99,"(61, 1)",1,-0.08
476,100,"(62, 1)",1,-0.08
476,101,"(63, 1)",1,-0.08
476,102,"(64, 1)",1,-0.08
476,103,"(65, 1)",1,-0.08
476,104,"(66, 1)",1,-0.08
476,105,"(67, 1)",1,-0.08
476,106,"(68, 1)",1,-0.08
476,107,"(69, 1)",1,-0.08
476,108,"(70, 1)",1,-0.08
476,109,"(71, 1)",2,-0.08
476,110,"(71, 2)",2,-0.08
476,111,"(71, 3)",1,-0.08
476,112,"(72, 3)",1,-0.08
476,113,"(73, 3)",0,-0.08
476,114,"(73, 2)",0,-0.08
476,115,"(73, 1)",1,-0.08
476,116,"(74, 1)",1,-0.08
476,117,"(75, 1)",1,-0.08
476,118,"(76, 1)",1,-0.08
476,119,"(77, 1)",1,-0.08
476,120,"(78, 1)",1,-0.08
476,121,"(79, 1)",0,8.33
477,0,"(0, 39)",1,-0.08
477,1,"(1, 39)",1,-0.08
477,2,"(2, 39)",1,-0.08
477,3,"(3, 39)",1,-0.08
477,4,"(4, 39)",1,-0.08
477,5,"(5, 39)",1,-0.08
477,6,"(6, 39)",1,-0.08
477,7,"(7, 39)",1,-0.08
477,8,"(8, 39)",1,-0.08
477,9,"(9, 39)",1,-0.08
477,10,"(10, 39)",1,-0.08
477,11,"(11, 39)",0,-0.08
477,12,"(11, 38)",0,-0.08
477,13,"(11, 37)",1,-0.08
477,14,"(12, 37)",1,-0.08
477,15,"(13, 37)",1,-0.08
477,16,"(14, 37)",1,-0.08
477,17,"(15, 37)",0,-0.08
477,18,"(15, 36)",1,-0.08
477,19,"(16, 36)",1,-0.08
477,20,"(17, 36)",0,-0.08
477,21,"(17, 35)",1,-0.08
477,22,"(18, 35)",1,-0.08
477,23,"(19, 35)",0,-0.08
477,24,"(19, 34)",0,-0.08
477,25,"(19, 33)",0,-0.08
477,26,"(19, 32)",0,-0.08
477,27,"(19, 31)",0,-0.08
477,28,"(19, 30)",0,-0.08
477,29,"(19, 29)",1,-0.08
477,30,"(20, 29)",0,-0.08
477,31,"(20, 28)",0,-0.08
477,32,"(20, 27)",1,-0.08
477,33,"(21, 27)",0,-0.08
477,34,"(21, 26)",0,-0.08
477,35,"(21, 25)",1,-0.08
477,36,"(22, 25)",0,-0.08
477,37,"(22, 24)",0,-0.08
477,38,"(22, 23)",1,-0.08
477,39,"(23, 23)",1,-0.08
477,40,"(24, 23)",1,-0.08
477,41,"(25, 23)",0,-0.08
477,42,"(25, 22)",0,-0.08
477,43,"(25, 21)",1,-0.08
477,44,"(26, 21)",1,-0.08
477,45,"(27, 21)",0,-0.08
477,46,"(27, 20)",0,-0.08
477,47,"(27, 19)",0,-0.08
477,48,"(27, 18)",0,-0.08
477,49,"(27, 17)",1,-0.08
477,50,"(28, 17)",0,-0.08
477,51,"(28, 16)",1,-0.08
477,52,"(29, 16)",0,-0.08
477,53,"(29, 15)",1,-0.08
477,54,"(30, 15)",1,-0.08
477,55,"(31, 15)",0,-0.08
477,56,"(31, 14)",0,-0.08
477,57,"(31, 13)",1,-0.08
477,58,"(32, 13)",1,-0.08
477,59,"(33, 13)",1,-0.08
477,60,"(34, 13)",1,-0.08
477,61,"(35, 13)",1,-0.08
477,62,"(36, 13)",1,-0.08
477,63,"(37, 13)",1,-0.08
477,64,"(38, 13)",1,-0.08
477,65,"(39, 13)",0,-0.08
477,66,"(39, 12)",0,-0.08
477,67,"(39, 11)",1,-0.08
477,68,"(40, 11)",1,-0.08
477,69,"(41, 11)",1,-0.08
477,70,"(42, 11)",1,-0.08
477,71,"(43, 11)",1,-0.08
477,72,"(44, 11)",1,-0.08
477,73,"(45, 11)",0,-0.08
477,74,"(45, 10)",1,-0.08
477,75,"(46, 10)",0,-0.08
477,76,"(46, 9)",0,-0.08
477,77,"(46, 8)",0,-0.08
477,78,"(46, 7)",1,-0.08
477,79,"(47, 7)",0,-0.08
477,80,"(47, 6)",1,-0.08
477,81,"(48, 6)",1,-0.08
477,82,"(49, 6)",0,-0.08
477,83,"(49, 5)",1,-0.08
477,84,"(50, 5)",1,-0.08
477,85,"(51, 5)",1,-0.08
477,86,"(52, 5)",1,-0.08
477,87,"(53, 5)",0,-0.08
477,88,"(53, 4)",0,-0.08
477,89,"(53, 3)",1,-0.08
477,90,"(54, 3)",1,-0.08
477,91,"(55, 3)",1,-0.08
477,92,"(56, 3)",0,-0.08
477,93,"(56, 2)",1,-0.08
477,94,"(57, 2)",0,-0.08
477,95,"(57, 1)",1,-0.08
477,96,"(58, 1)",1,-0.08
477,97,"(59, 1)",1,-0.08
477,98,"(60, 1)",1,-0.08
477,99,"(61, 1)",1,-0.08
477,100,"(62, 1)",1,-0.08
477,101,"(63, 1)",1,-0.08
477,102,"(64, 1)",1,-0.08
477,103,"(65, 1)",1,-0.08
477,104,"(66, 1)",1,-0.08
477,105,"(67, 1)",1,-0.08
477,106,"(68, 1)",1,-0.08
477,107,"(69, 1)",1,-0.08
477,108,"(70, 1)",1,-0.08
477,109,"(71, 1)",2,-0.08
477,110,"(71, 2)",2,-0.08
477,111,"(71, 3)",1,-0.08
477,112,"(72, 3)",1,-0.08
477,113,"(73, 3)",1,-0.08
477,114,"(74, 3)",1,-0.08
477,115,"(75, 3)",1,-0.08
477,116,"(76, 3)",1,-0.08
477,117,"(77, 3)",0,-0.08
477,118,"(77, 2)",0,-0.08
477,119,"(77, 1)",1,-0.08
477,120,"(78, 1)",1,-0.08
477,121,"(79, 1)",0,8.33
478,0,"(0, 39)",1,-0.08
478,1,"(1, 39)",1,-0.08
478,2,"(2, 39)",1,-0.08
478,3,"(3, 39)",1,-0.08
478,4,"(4, 39)",1,-0.08
478,5,"(5, 39)",1,-0.08
478,6,"(6, 39)",1,-0.08
478,7,"(7, 39)",1,-0.08
478,8,"(8, 39)",1,-0.08
478,9,"(9, 39)",1,-0.08
478,10,"(10, 39)",1,-0.08
478,11,"(11, 39)",1,-0.08
478,12,"(12, 39)",1,-0.08
478,13,"(13, 39)",1,-0.08
478,14,"(14, 39)",0,-0.08
478,15,"(14, 38)",0,-0.08
478,16,"(14, 37)",1,-0.08
478,17,"(15, 37)",1,-0.08
478,18,"(16, 37)",1,-0.08
478,19,"(17, 37)",1,-0.08
478,20,"(18, 37)",1,-0.08
478,21,"(19, 37)",0,-0.08
478,22,"(19, 36)",0,-0.08
478,23,"(19, 35)",0,-0.08
478,24,"(19, 34)",0,-0.08
478,25,"(19, 33)",0,-0.08
478,26,"(19, 32)",0,-0.08
478,27,"(19, 31)",0,-0.08
478,28,"(19, 30)",0,-0.08
478,29,"(19, 29)",1,-0.08
478,30,"(20, 29)",0,-0.08
478,31,"(20, 28)",0,-0.08
478,32,"(20, 27)",1,-0.08
478,33,"(21, 27)",0,-0.08
478,34,"(21, 26)",0,-0.08
478,35,"(21, 25)",1,-0.08
478,36,"(22, 25)",1,-0.08
478,37,"(23, 25)",1,-0.08
478,38,"(24, 25)",1,-0.08
478,39,"(25, 25)",0,-0.08
478,40,"(25, 24)",0,-0.08
478,41,"(25, 23)",0,-0.08
478,42,"(25, 22)",0,-0.08
478,43,"(25, 21)",0,-0.08
478,44,"(25, 20)",0,-0.08
478,45,"(25, 19)",1,-0.08
478,46,"(26, 19)",0,-0.08
478,47,"(26, 18)",1,-0.08
478,48,"(27, 18)",0,-0.08
478,49,"(27, 17)",1,-0.08
478,50,"(28, 17)",0,-0.08
478,51,"(28, 16)",1,-0.08
478,52,"(29, 16)",0,-0.08
478,53,"(29, 15)",1,-0.08
478,54,"(30, 15)",1,-0.08
478,55,"(31, 15)",0,-0.08
478,56,"(31, 14)",1,-0.08
478,57,"(32, 14)",0,-0.08
478,58,"(32, 13)",1,-0.08
478,59,"(33, 13)",1,-0.08
478,60,"(34, 13)",1,-0.08
478,61,"(35, 13)",1,-0.08
478,62,"(36, 13)",1,-0.08
478,63,"(37, 13)",1,-0.08
478,64,"(38, 13)",1,-0.08
478,65,"(39, 13)",0,-0.08
478,66,"(39, 12)",0,-0.08
478,67,"(39, 11)",1,-0.08
478,68,"(40, 11)",1,-0.08
478,69,"(41, 11)",1,-0.08
478,70,"(42, 11)",1,-0.08
478,71,"(43, 11)",1,-0.08
478,72,"(44, 11)",1,-0.08
478,73,"(45, 11)",0,-0.08
478,74,"(45, 10)",1,-0.08
478,75,"(46, 10)",0,-0.08
478,76,"(46, 9)",0,-0.08
478,77,"(46, 8)",0,-0.08
478,78,"(46, 7)",1,-0.08
478,79,"(47, 7)",0,-0.08
478,80,"(47, 6)",1,-0.08
478,81,"(48, 6)",1,-0.08
478,82,"(49, 6)",0,-0.08
478,83,"(49, 5)",1,-0.08
478,84,"(50, 5)",1,-0.08
478,85,"(51, 5)",1,-0.08
478,86,"(52, 5)",1,-0.08
478,87,"(53, 5)",0,-0.08
478,88,"(53, 4)",0,-0.08
478,89,"(53, 3)",1,-0.08
478,90,"(54, 3)",1,-0.08
478,91,"(55, 3)",1,-0.08
478,92,"(56, 3)",0,-0.08
478,93,"(56, 2)",0,-0.08
478,94,"(56, 1)",1,-0.08
478,95,"(57, 1)",1,-0.08
478,96,"(58, 1)",1,-0.08
478,97,"(59, 1)",1,-0.08
478,98,"(60, 1)",1,-0.08
478,99,"(61, 1)",1,-0.08
478,100,"(62, 1)",1,-0.08
478,101,"(63, 1)",1,-0.08
478,102,"(64, 1)",1,-0.08
478,103,"(65, 1)",1,-0.08
478,104,"(66, 1)",1,-0.08
478,105,"(67, 1)",1,-0.08
478,106,"(68, 1)",1,-0.08
478,107,"(69, 1)",1,-0.08
478,108,"(70, 1)",1,-0.08
478,109,"(71, 1)",2,-0.08
478,110,"(71, 2)",2,-0.08
478,111,"(71, 3)",1,-0.08
478,112,"(72, 3)",1,-0.08
478,113,"(73, 3)",1,-0.08
478,114,"(74, 3)",1,-0.08
478,115,"(75, 3)",1,-0.08
478,116,"(76, 3)",1,-0.08
478,117,"(77, 3)",0,-0.08
478,118,"(77, 2)",0,-0.08
478,119,"(77, 1)",1,-0.08
478,120,"(78, 1)",0,-0.08
478,121,"(78, 0)",1,8.33
479,0,"(0, 39)",1,-0.08
479,1,"(1, 39)",1,-0.08
479,2,"(2, 39)",1,-0.08
479,3,"(3, 39)",1,-0.08
479,4,"(4, 39)",1,-0.08
479,5,"(5, 39)",1,-0.08
479,6,"(6, 39)",1,-0.08
479,7,"(7, 39)",1,-0.08
479,8,"(8, 39)",1,-0.08
479,9,"(9, 39)",1,-0.08
479,10,"(10, 39)",1,-0.08
479,11,"(11, 39)",0,-0.08
479,12,"(11, 38)",0,-0.08
479,13,"(11, 37)",1,-0.08
479,14,"(12, 37)",1,-0.08
479,15,"(13, 37)",1,-0.08
479,16,"(14, 37)",1,-0.08
479,17,"(15, 37)",1,-0.08
479,18,"(16, 37)",1,-0.08
479,19,"(17, 37)",0,-0.08
479,20,"(17, 36)",0,-0.08
479,21,"(17, 35)",0,-0.08
479,22,"(17, 34)",0,-0.08
479,23,"(17, 33)",1,-0.08
479,24,"(18, 33)",1,-0.08
479,25,"(19, 33)",0,-0.08
479,26,"(19, 32)",0,-0.08
479,27,"(19, 31)",0,-0.08
479,28,"(19, 30)",0,-0.08
479,29,"(19, 29)",1,-0.08
479,30,"(20, 29)",0,-0.08
479,31,"(20, 28)",0,-0.08
479,32,"(20, 27)",1,-0.08
479,33,"(21, 27)",0,-0.08
479,34,"(21, 26)",0,-0.08
479,35,"(21, 25)",1,-0.08
479,36,"(22, 25)",0,-0.08
479,37,"(22, 24)",0,-0.08
479,38,"(22, 23)",1,-0.08
479,39,"(23, 23)",1,-0.08
479,40,"(24, 23)",1,-0.08
479,41,"(25, 23)",0,-0.08
479,42,"(25, 22)",0,-0.08
479,43,"(25, 21)",0,-0.08
479,44,"(25, 20)",0,-0.08
479,45,"(25, 19)",0,-0.08
479,46,"(25, 18)",1,-0.08
479,47,"(26, 18)",1,-0.08
479,48,"(27, 18)",0,-0.08
479,49,"(27, 17)",0,-0.08
479,50,"(27, 16)",1,-0.08
479,51,"(28, 16)",1,-0.08
479,52,"(29, 16)",0,-0.08
479,53,"(29, 15)",1,-0.08
479,54,"(30, 15)",1,-0.08
479,55,"(31, 15)",0,-0.08
479,56,"(31, 14)",0,-0.08
479,57,"(31, 13)",1,-0.08
479,58,"(32, 13)",1,-0.08
479,59,"(33, 13)",1,-0.08
479,60,"(34, 13)",1,-0.08
479,61,"(35, 13)",1,-0.08
479,62,"(36, 13)",1,-0.08
479,63,"(37, 13)",1,-0.08
479,64,"(38, 13)",1,-0.08
479,65,"(39, 13)",1,-0.08
479,66,"(40, 13)",1,-0.08
479,67,"(41, 13)",0,-0.08
479,68,"(41, 12)",0,-0.08
479,69,"(41, 11)",1,-0.08
479,70,"(42, 11)",1,-0.08
479,71,"(43, 11)",1,-0.08
479,72,"(44, 11)",1,-0.08
479,73,"(45, 11)",0,-0.08
479,74,"(45, 10)",1,-0.08
479,75,"(46, 10)",0,-0.08
479,76,"(46, 9)",0,-0.08
479,77,"(46, 8)",0,-0.08
479,78,"(46, 7)",1,-0.08
479,79,"(47, 7)",0,-0.08
479,80,"(47, 6)",1,-0.08
479,81,"(48, 6)",1,-0.08
479,82,"(49, 6)",0,-0.08
479,83,"(49, 5)",1,-0.08
479,84,"(50, 5)",1,-0.08
479,85,"(51, 5)",0,-0.08
479,86,"(51, 4)",0,-0.08
479,87,"(51, 3)",0,-0.08
479,88,"(51, 2)",1,-0.08
479,89,"(52, 2)",1,-0.08
479,90,"(53, 2)",0,-0.08
479,91,"(53, 1)",1,-0.08
479,92,"(54, 1)",1,-0.08
479,93,"(55, 1)",1,-0.08
479,94,"(56, 1)",1,-0.08
479,95,"(57, 1)",1,-0.08
479,96,"(58, 1)",1,-0.08
479,97,"(59, 1)",1,-0.08
479,98,"(60, 1)",1,-0.08
479,99,"(61, 1)",1,-0.08
479,100,"(62, 1)",1,-0.08
479,101,"(63, 1)",1,-0.08
479,102,"(64, 1)",1,-0.08
479,103,"(65, 1)",1,-0.08
479,104,"(66, 1)",1,-0.08
479,105,"(67, 1)",1,-0.08
479,106,"(68, 1)",1,-0.08
479,107,"(69, 1)",1,-0.08
479,108,"(70, 1)",1,-0.08
479,109,"(71, 1)",2,-0.08
479,110,"(71, 2)",2,-0.08
479,111,"(71, 3)",1,-0.08
479,112,"(72, 3)",1,-0.08
479,113,"(73, 3)",1,-0.08
479,114,"(74, 3)",1,-0.08
479,115,"(75, 3)",1,-0.08
479,116,"(76, 3)",1,-0.08
479,117,"(77, 3)",0,-0.08
479,118,"(77, 2)",0,-0.08
479,119,"(77, 1)",1,-0.08
479,120,"(78, 1)",1,-0.08
479,121,"(79, 1)",0,8.33
480,0,"(0, 39)",1,-0.08
480,1,"(1, 39)",1,-0.08
480,2,"(2, 39)",1,-0.08
480,3,"(3, 39)",1,-0.08
480,4,"(4, 39)",1,-0.08
480,5,"(5, 39)",1,-0.08
480,6,"(6, 39)",1,-0.08
480,7,"(7, 39)",1,-0.08
480,8,"(8, 39)",1,-0.08
480,9,"(9, 39)",1,-0.08
480,10,"(10, 39)",0,-0.08
480,11,"(10, 38)",0,-0.08
480,12,"(10, 37)",1,-0.08
480,13,"(11, 37)",1,-0.08
480,14,"(12, 37)",1,-0.08
480,15,"(13, 37)",1,-0.08
480,16,"(14, 37)",1,-0.08
480,17,"(15, 37)",0,-0.08
480,18,"(15, 36)",1,-0.08
480,19,"(16, 36)",1,-0.08
480,20,"(17, 36)",0,-0.08
480,21,"(17, 35)",0,-0.08
480,22,"(17, 34)",0,-0.08
480,23,"(17, 33)",1,-0.08
480,24,"(18, 33)",1,-0.08
480,25,"(19, 33)",0,-0.08
480,26,"(19, 32)",0,-0.08
480,27,"(19, 31)",0,-0.08
480,28,"(19, 30)",0,-0.08
480,29,"(19, 29)",1,-0.08
480,30,"(20, 29)",0,-0.08
480,31,"(20, 28)",0,-0.08
480,32,"(20, 27)",1,-0.08
480,33,"(21, 27)",0,-0.08
480,34,"(21, 26)",1,-0.08
480,35,"(22, 26)",0,-0.08
480,36,"(22, 25)",0,-0.08
480,37,"(22, 24)",0,-0.08
480,38,"(22, 23)",1,-0.08
480,39,"(23, 23)",1,-0.08
480,40,"(24, 23)",1,-0.08
480,41,"(25, 23)",0,-0.08
480,42,"(25, 22)",0,-0.08
480,43,"(25, 21)",1,-0.08
480,44,"(26, 21)",1,-0.08
480,45,"(27, 21)",0,-0.08
480,46,"(27, 20)",1,-0.08
480,47,"(28, 20)",0,-0.08
480,48,"(28, 19)",1,-0.08
480,49,"(29, 19)",1,-0.08
480,50,"(30, 19)",1,-0.08
480,51,"(31, 19)",0,-0.08
480,52,"(31, 18)",0,-0.08
480,53,"(31, 17)",1,-0.08
480,54,"(32, 17)",0,-0.08
480,55,"(32, 16)",0,-0.08
480,56,"(32, 15)",0,-0.08
480,57,"(32, 14)",0,-0.08
480,58,"(32, 13)",1,-0.08
480,59,"(33, 13)",1,-0.08
480,60,"(34, 13)",1,-0.08
480,61,"(35, 13)",1,-0.08
480,62,"(36, 13)",1,-0.08
480,63,"(37, 13)",1,-0.08
480,64,"(38, 13)",1,-0.08
480,65,"(39, 13)",0,-0.08
480,66,"(39, 12)",0,-0.08
480,67,"(39, 11)",1,-0.08
480,68,"(40, 11)",1,-0.08
480,69,"(41, 11)",1,-0.08
480,70,"(42, 11)",1,-0.08
480,71,"(43, 11)",1,-0.08
480,72,"(44, 11)",1,-0.08
480,73,"(45, 11)",0,-0.08
480,74,"(45, 10)",0,-0.08
480,75,"(45, 9)",1,-0.08
480,76,"(46, 9)",0,-0.08
480,77,"(46, 8)",0,-0.08
480,78,"(46, 7)",0,-0.08
480,79,"(46, 6)",1,-0.08
480,80,"(47, 6)",1,-0.08
480,81,"(48, 6)",1,-0.08
480,82,"(49, 6)",0,-0.08
480,83,"(49, 5)",1,-0.08
480,84,"(50, 5)",1,-0.08
480,85,"(51, 5)",0,-0.08
480,86,"(51, 4)",0,-0.08
480,87,"(51, 3)",0,-0.08
480,88,"(51, 2)",0,-0.08
480,89,"(51, 1)",1,-0.08
480,90,"(52, 1)",1,-0.08
480,91,"(53, 1)",1,-0.08
480,92,"(54, 1)",1,-0.08
480,93,"(55, 1)",1,-0.08
480,94,"(56, 1)",1,-0.08
480,95,"(57, 1)",1,-0.08
480,96,"(58, 1)",1,-0.08
480,97,"(59, 1)",1,-0.08
480,98,"(60, 1)",1,-0.08
480,99,"(61, 1)",1,-0.08
480,100,"(62, 1)",1,-0.08
480,101,"(63, 1)",1,-0.08
480,102,"(64, 1)",1,-0.08
480,103,"(65, 1)",1,-0.08
480,104,"(66, 1)",1,-0.08
480,105,"(67, 1)",1,-0.08
480,106,"(68, 1)",1,-0.08
480,107,"(69, 1)",1,-0.08
480,108,"(70, 1)",1,-0.08
480,109,"(71, 1)",2,-0.08
480,110,"(71, 2)",2,-0.08
480,111,"(71, 3)",1,-0.08
480,112,"(72, 3)",1,-0.08
480,113,"(73, 3)",0,-0.08
480,114,"(73, 2)",0,-0.08
480,115,"(73, 1)",0,-0.08
480,116,"(73, 0)",1,-0.08
480,117,"(74, 0)",1,-0.08
480,118,"(75, 0)",1,-0.08
480,119,"(76, 0)",1,-0.08
480,120,"(77, 0)",1,-0.08
480,121,"(78, 0)",1,8.33
481,0,"(0, 39)",1,-0.08
481,1,"(1, 39)",1,-0.08
481,2,"(2, 39)",1,-0.08
481,3,"(3, 39)",1,-0.08
481,4,"(4, 39)",1,-0.08
481,5,"(5, 39)",1,-0.08
481,6,"(6, 39)",1,-0.08
481,7,"(7, 39)",1,-0.08
481,8,"(8, 39)",1,-0.08
481,9,"(9, 39)",1,-0.08
481,10,"(10, 39)",0,-0.08
481,11,"(10, 38)",0,-0.08
481,12,"(10, 37)",1,-0.08
481,13,"(11, 37)",1,-0.08
481,14,"(12, 37)",1,-0.08
481,15,"(13, 37)",1,-0.08
481,16,"(14, 37)",1,-0.08
481,17,"(15, 37)",1,-0.08
481,18,"(16, 37)",1,-0.08
481,19,"(17, 37)",1,-0.08
481,20,"(18, 37)",1,-0.08
481,21,"(19, 37)",0,-0.08
481,22,"(19, 36)",0,-0.08
481,23,"(19, 35)",0,-0.08
481,24,"(19, 34)",0,-0.08
481,25,"(19, 33)",0,-0.08
481,26,"(19, 32)",0,-0.08
481,27,"(19, 31)",0,-0.08
481,28,"(19, 30)",0,-0.08
481,29,"(19, 29)",1,-0.08
481,30,"(20, 29)",0,-0.08
481,31,"(20, 28)",0,-0.08
481,32,"(20, 27)",1,-0.08
481,33,"(21, 27)",0,-0.08
481,34,"(21, 26)",1,-0.08
481,35,"(22, 26)",0,-0.08
481,36,"(22, 25)",1,-0.08
481,37,"(23, 25)",1,-0.08
481,38,"(24, 25)",1,-0.08
481,39,"(25, 25)",0,-0.08
481,40,"(25, 24)",0,-0.08
481,41,"(25, 23)",0,-0.08
481,42,"(25, 22)",0,-0.08
481,43,"(25, 21)",1,-0.08
481,44,"(26, 21)",1,-0.08
481,45,"(27, 21)",0,-0.08
481,46,"(27, 20)",1,-0.08
481,47,"(28, 20)",0,-0.08
481,48,"(28, 19)",1,-0.08
481,49,"(29, 19)",1,-0.08
481,50,"(30, 19)",1,-0.08
481,51,"(31, 19)",0,-0.08
481,52,"(31, 18)",1,-0.08
481,53,"(32, 18)",0,-0.08
481,54,"(32, 17)",1,-0.08
481,55,"(33, 17)",1,-0.08
481,56,"(34, 17)",1,-0.08
481,57,"(35, 17)",1,-0.08
481,58,"(36, 17)",1,-0.08
481,59,"(37, 17)",1,-0.08
481,60,"(38, 17)",1,-0.08
481,61,"(39, 17)",0,-0.08
481,62,"(39, 16)",0,-0.08
481,63,"(39, 15)",1,-0.08
481,64,"(40, 15)",1,-0.08
481,65,"(41, 15)",0,-0.08
481,66,"(41, 14)",0,-0.08
481,67,"(41, 13)",1,-0.08
481,68,"(42, 13)",1,-0.08
481,69,"(43, 13)",0,-0.08
481,70,"(43, 12)",0,-0.08
481,71,"(43, 11)",1,-0.08
481,72,"(44, 11)",1,-0.08
481,73,"(45, 11)",0,-0.08
481,74,"(45, 10)",1,-0.08
481,75,"(46, 10)",0,-0.08
481,76,"(46, 9)",0,-0.08
481,77,"(46, 8)",0,-0.08
481,78,"(46, 7)",0,-0.08
481,79,"(46, 6)",1,-0.08
481,80,"(47, 6)",1,-0.08
481,81,"(48, 6)",1,-0.08
481,82,"(49, 6)",0,-0.08
481,83,"(49, 5)",1,-0.08
481,84,"(50, 5)",1,-0.08
481,85,"(51, 5)",0,-0.08
481,86,"(51, 4)",0,-0.08
481,87,"(51, 3)",0,-0.08
481,88,"(51, 2)",0,-0.08
481,89,"(51, 1)",1,-0.08
481,90,"(52, 1)",1,-0.08
481,91,"(53, 1)",1,-0.08
481,92,"(54, 1)",1,-0.08
481,93,"(55, 1)",1,-0.08
481,94,"(56, 1)",1,-0.08
481,95,"(57, 1)",1,-0.08
481,96,"(58, 1)",1,-0.08
481,97,"(59, 1)",1,-0.08
481,98,"(60, 1)",1,-0.08
481,99,"(61, 1)",1,-0.08
481,100,"(62, 1)",1,-0.08
481,101,"(63, 1)",1,-0.08
481,102,"(64, 1)",1,-0.08
481,103,"(65, 1)",1,-0.08
481,104,"(66, 1)",1,-0.08
481,105,"(67, 1)",1,-0.08
481,106,"(68, 1)",1,-0.08
481,107,"(69, 1)",1,-0.08
481,108,"(70, 1)",1,-0.08
481,109,"(71, 1)",2,-0.08
481,110,"(71, 2)",2,-0.08
481,111,"(71, 3)",1,-0.08
481,112,"(72, 3)",1,-0.08
481,113,"(73, 3)",0,-0.08
481,114,"(73, 2)",0,-0.08
481,115,"(73, 1)",1,-0.08
481,116,"(74, 1)",0,-0.08
481,117,"(74, 0)",1,-0.08
481,118,"(75, 0)",1,-0.08
481,119,"(76, 0)",1,-0.08
481,120,"(77, 0)",1,-0.08
481,121,"(78, 0)",1,8.33
482,0,"(0, 39)",1,-0.08
482,1,"(1, 39)",1,-0.08
482,2,"(2, 39)",1,-0.08
482,3,"(3, 39)",1,-0.08
482,4,"(4, 39)",1,-0.08
482,5,"(5, 39)",1,-0.08
482,6,"(6, 39)",1,-0.08
482,7,"(7, 39)",1,-0.08
482,8,"(8, 39)",1,-0.08
482,9,"(9, 39)",1,-0.08
482,10,"(10, 39)",0,-0.08
482,11,"(10, 38)",1,-0.08
482,12,"(11, 38)",0,-0.08
482,13,"(11, 37)",1,-0.08
482,14,"(12, 37)",1,-0.08
482,15,"(13, 37)",1,-0.08
482,16,"(14, 37)",1,-0.08
482,17,"(15, 37)",0,-0.08
482,18,"(15, 36)",0,-0.08
482,19,"(15, 35)",0,-0.08
482,20,"(15, 34)",0,-0.08
482,21,"(15, 33)",1,-0.08
482,22,"(16, 33)",1,-0.08
482,23,"(17, 33)",1,-0.08
482,24,"(18, 33)",1,-0.08
482,25,"(19, 33)",0,-0.08
482,26,"(19, 32)",0,-0.08
482,27,"(19, 31)",0,-0.08
482,28,"(19, 30)",0,-0.08
482,29,"(19, 29)",1,-0.08
482,30,"(20, 29)",0,-0.08
482,31,"(20, 28)",0,-0.08
482,32,"(20, 27)",1,-0.08
482,33,"(21, 27)",0,-0.08
482,34,"(21, 26)",1,-0.08
482,35,"(22, 26)",0,-0.08
482,36,"(22, 25)",1,-0.08
482,37,"(23, 25)",1,-0.08
482,38,"(24, 25)",1,-0.08
482,39,"(25, 25)",1,-0.08
482,40,"(26, 25)",1,-0.08
482,41,"(27, 25)",1,-0.08
482,42,"(28, 25)",1,-0.08
482,43,"(29, 25)",1,-0.08
482,44,"(30, 25)",1,-0.08
482,45,"(31, 25)",0,-0.08
482,46,"(31, 24)",0,-0.08
482,47,"(31, 23)",1,-0.08
482,48,"(32, 23)",1,-0.08
482,49,"(33, 23)",0,-0.08
482,50,"(33, 22)",0,-0.08
482,51,"(33, 21)",1,-0.08
482,52,"(34, 21)",1,-0.08
482,53,"(35, 21)",0,-0.08
482,54,"(35, 20)",0,-0.08
482,55,"(35, 19)",0,-0.08
482,56,"(35, 18)",0,-0.08
482,57,"(35, 17)",0,-0.08
482,58,"(35, 16)",0,-0.08
482,59,"(35, 15)",0,-0.08
482,60,"(35, 14)",0,-0.08
482,61,"(35, 13)",1,-0.08
482,62,"(36, 13)",1,-0.08
482,63,"(37, 13)",1,-0.08
482,64,"(38, 13)",1,-0.08
482,65,"(39, 13)",0,-0.08
482,66,"(39, 12)",0,-0.08
482,67,"(39, 11)",1,-0.08
482,68,"(40, 11)",1,-0.08
482,69,"(41, 11)",1,-0.08
482,70,"(42, 11)",1,-0.08
482,71,"(43, 11)",1,-0.08
482,72,"(44, 11)",1,-0.08
482,73,"(45, 11)",0,-0.08
482,74,"(45, 10)",0,-0.08
482,75,"(45, 9)",1,-0.08
482,76,"(46, 9)",0,-0.08
482,77,"(46, 8)",0,-0.08
482,78,"(46, 7)",1,-0.08
482,79,"(47, 7)",0,-0.08
482,80,"(47, 6)",1,-0.08
482,81,"(48, 6)",1,-0.08
482,82,"(49, 6)",0,-0.08
482,83,"(49, 5)",1,-0.08
482,84,"(50, 5)",1,-0.08
482,85,"(51, 5)",1,-0.08
482,86,"(52, 5)",1,-0.08
482,87,"(53, 5)",0,-0.08
482,88,"(53, 4)",0,-0.08
482,89,"(53, 3)",1,-0.08
482,90,"(54, 3)",1,-0.08
482,91,"(55, 3)",1,-0.08
482,92,"(56, 3)",1,-0.08
482,93,"(57, 3)",0,-0.08
482,94,"(57, 2)",1,-0.08
482,95,"(58, 2)",1,-0.08
482,96,"(59, 2)",0,-0.08
482,97,"(59, 1)",1,-0.08
482,98,"(60, 1)",1,-0.08
482,99,"(61, 1)",1,-0.08
482,100,"(62, 1)",1,-0.08
482,101,"(63, 1)",1,-0.08
482,102,"(64, 1)",1,-0.08
482,103,"(65, 1)",1,-0.08
482,104,"(66, 1)",1,-0.08
482,105,"(67, 1)",1,-0.08
482,106,"(68, 1)",1,-0.08
482,107,"(69, 1)",1,-0.08
482,108,"(70, 1)",1,-0.08
482,109,"(71, 1)",2,-0.08
482,110,"(71, 2)",2,-0.08
482,111,"(71, 3)",1,-0.08
482,112,"(72, 3)",1,-0.08
482,113,"(73, 3)",0,-0.08
482,114,"(73, 2)",0,-0.08
482,115,"(73, 1)",1,-0.08
482,116,"(74, 1)",0,-0.08
482,117,"(74, 0)",1,-0.08
482,118,"(75, 0)",1,-0.08
482,119,"(76, 0)",1,-0.08
482,120,"(77, 0)",1,-0.08
482,121,"(78, 0)",1,8.33
483,0,"(0, 39)",1,-0.08
483,1,"(1, 39)",1,-0.08
483,2,"(2, 39)",1,-0.08
483,3,"(3, 39)",1,-0.08
483,4,"(4, 39)",1,-0.08
483,5,"(5, 39)",1,-0.08
483,6,"(6, 39)",1,-0.08
483,7,"(7, 39)",1,-0.08
483,8,"(8, 39)",1,-0.08
483,9,"(9, 39)",1,-0.08
483,10,"(10, 39)",0,-0.08
483,11,"(10, 38)",0,-0.08
483,12,"(10, 37)",1,-0.08
483,13,"(11, 37)",1,-0.08
483,14,"(12, 37)",1,-0.08
483,15,"(13, 37)",1,-0.08
483,16,"(14, 37)",1,-0.08
483,17,"(15, 37)",0,-0.08
483,18,"(15, 36)",1,-0.08
483,19,"(16, 36)",1,-0.08
483,20,"(17, 36)",0,-0.08
483,21,"(17, 35)",0,-0.08
483,22,"(17, 34)",0,-0.08
483,23,"(17, 33)",1,-0.08
483,24,"(18, 33)",1,-0.08
483,25,"(19, 33)",0,-0.08
483,26,"(19, 32)",0,-0.08
483,27,"(19, 31)",0,-0.08
483,28,"(19, 30)",0,-0.08
483,29,"(19, 29)",1,-0.08
483,30,"(20, 29)",0,-0.08
483,31,"(20, 28)",0,-0.08
483,32,"(20, 27)",1,-0.08
483,33,"(21, 27)",0,-0.08
483,34,"(21, 26)",1,-0.08
483,35,"(22, 26)",1,-0.08
483,36,"(23, 26)",0,-0.08
483,37,"(23, 25)",1,-0.08
483,38,"(24, 25)",1,-0.08
483,39,"(25, 25)",0,-0.08
483,40,"(25, 24)",0,-0.08
483,41,"(25, 23)",0,-0.08
483,42,"(25, 22)",0,-0.08
483,43,"(25, 21)",0,-0.08
483,44,"(25, 20)",0,-0.08
483,45,"(25, 19)",0,-0.08
483,46,"(25, 18)",1,-0.08
483,47,"(26, 18)",1,-0.08
483,48,"(27, 18)",0,-0.08
483,49,"(27, 17)",0,-0.08
483,50,"(27, 16)",1,-0.08
483,51,"(28, 16)",1,-0.08
483,52,"(29, 16)",0,-0.08
483,53,"(29, 15)",1,-0.08
483,54,"(30, 15)",1,-0.08
483,55,"(31, 15)",1,-0.08
483,56,"(32, 15)",0,-0.08
483,57,"(32, 14)",0,-0.08
483,58,"(32, 13)",1,-0.08
483,59,"(33, 13)",1,-0.08
483,60,"(34, 13)",1,-0.08
483,61,"(35, 13)",1,-0.08
483,62,"(36, 13)",1,-0.08
483,63,"(37, 13)",1,-0.08
483,64,"(38, 13)",1,-0.08
483,65,"(39, 13)",0,-0.08
483,66,"(39, 12)",0,-0.08
483,67,"(39, 11)",1,-0.08
483,68,"(40, 11)",1,-0.08
483,69,"(41, 11)",1,-0.08
483,70,"(42, 11)",1,-0.08
483,71,"(43, 11)",1,-0.08
483,72,"(44, 11)",1,-0.08
483,73,"(45, 11)",0,-0.08
483,74,"(45, 10)",0,-0.08
483,75,"(45, 9)",0,-0.08
483,76,"(45, 8)",0,-0.08
483,77,"(45, 7)",1,-0.08
483,78,"(46, 7)",0,-0.08
483,79,"(46, 6)",1,-0.08
483,80,"(47, 6)",1,-0.08
483,81,"(48, 6)",1,-0.08
483,82,"(49, 6)",0,-0.08
483,83,"(49, 5)",1,-0.08
483,84,"(50, 5)",1,-0.08
483,85,"(51, 5)",1,-0.08
483,86,"(52, 5)",1,-0.08
483,87,"(53, 5)",0,-0.08
483,88,"(53, 4)",0,-0.08
483,89,"(53, 3)",1,-0.08
483,90,"(54, 3)",1,-0.08
483,91,"(55, 3)",1,-0.08
483,92,"(56, 3)",1,-0.08
483,93,"(57, 3)",0,-0.08
483,94,"(57, 2)",0,-0.08
483,95,"(57, 1)",1,-0.08
483,96,"(58, 1)",1,-0.08
483,97,"(59, 1)",1,-0.08
483,98,"(60, 1)",1,-0.08
483,99,"(61, 1)",1,-0.08
483,100,"(62, 1)",1,-0.08
483,101,"(63, 1)",1,-0.08
483,102,"(64, 1)",1,-0.08
483,103,"(65, 1)",1,-0.08
483,104,"(66, 1)",1,-0.08
483,105,"(67, 1)",1,-0.08
483,106,"(68, 1)",1,-0.08
483,107,"(69, 1)",1,-0.08
483,108,"(70, 1)",1,-0.08
483,109,"(71, 1)",2,-0.08
483,110,"(71, 2)",2,-0.08
483,111,"(71, 3)",1,-0.08
483,112,"(72, 3)",1,-0.08
483,113,"(73, 3)",1,-0.08
483,114,"(74, 3)",1,-0.08
483,115,"(75, 3)",1,-0.08
483,116,"(76, 3)",1,-0.08
483,117,"(77, 3)",0,-0.08
483,118,"(77, 2)",0,-0.08
483,119,"(77, 1)",1,-0.08
483,120,"(78, 1)",1,-0.08
483,121,"(79, 1)",0,8.33
484,0,"(0, 39)",1,-0.08
484,1,"(1, 39)",1,-0.08
484,2,"(2, 39)",1,-0.08
484,3,"(3, 39)",1,-0.08
484,4,"(4, 39)",1,-0.08
484,5,"(5, 39)",1,-0.08
484,6,"(6, 39)",1,-0.08
484,7,"(7, 39)",1,-0.08
484,8,"(8, 39)",1,-0.08
484,9,"(9, 39)",1,-0.08
484,10,"(10, 39)",1,-0.08
484,11,"(11, 39)",1,-0.08
484,12,"(12, 39)",1,-0.08
484,13,"(13, 39)",1,-0.08
484,14,"(14, 39)",0,-0.08
484,15,"(14, 38)",0,-0.08
484,16,"(14, 37)",1,-0.08
484,17,"(15, 37)",0,-0.08
484,18,"(15, 36)",0,-0.08
484,19,"(15, 35)",0,-0.08
484,20,"(15, 34)",0,-0.08
484,21,"(15, 33)",1,-0.08
484,22,"(16, 33)",1,-0.08
484,23,"(17, 33)",1,-0.08
484,24,"(18, 33)",1,-0.08
484,25,"(19, 33)",0,-0.08
484,26,"(19, 32)",0,-0.08
484,27,"(19, 31)",0,-0.08
484,28,"(19, 30)",0,-0.08
484,29,"(19, 29)",1,-0.08
484,30,"(20, 29)",0,-0.08
484,31,"(20, 28)",0,-0.08
484,32,"(20, 27)",1,-0.08
484,33,"(21, 27)",0,-0.08
484,34,"(21, 26)",0,-0.08
484,35,"(21, 25)",1,-0.08
484,36,"(22, 25)",0,-0.08
484,37,"(22, 24)",0,-0.08
484,38,"(22, 23)",1,-0.08
484,39,"(23, 23)",1,-0.08
484,40,"(24, 23)",1,-0.08
484,41,"(25, 23)",0,-0.08
484,42,"(25, 22)",0,-0.08
484,43,"(25, 21)",0,-0.08
484,44,"(25, 20)",0,-0.08
484,45,"(25, 19)",1,-0.08
484,46,"(26, 19)",1,-0.08
484,47,"(27, 19)",0,-0.08
484,48,"(27, 18)",0,-0.08
484,49,"(27, 17)",1,-0.08
484,50,"(28, 17)",1,-0.08
484,51,"(29, 17)",1,-0.08
484,52,"(30, 17)",1,-0.08
484,53,"(31, 17)",1,-0.08
484,54,"(32, 17)",0,-0.08
484,55,"(32, 16)",0,-0.08
484,56,"(32, 15)",0,-0.08
484,57,"(32, 14)",0,-0.08
484,58,"(32, 13)",1,-0.08
484,59,"(33, 13)",1,-0.08
484,60,"(34, 13)",1,-0.08
484,61,"(35, 13)",1,-0.08
484,62,"(36, 13)",1,-0.08
484,63,"(37, 13)",1,-0.08
484,64,"(38, 13)",1,-0.08
484,65,"(39, 13)",0,-0.08
484,66,"(39, 12)",0,-0.08
484,67,"(39, 11)",1,-0.08
484,68,"(40, 11)",1,-0.08
484,69,"(41, 11)",1,-0.08
484,70,"(42, 11)",1,-0.08
484,71,"(43, 11)",1,-0.08
484,72,"(44, 11)",1,-0.08
484,73,"(45, 11)",0,-0.08
484,74,"(45, 10)",0,-0.08
484,75,"(45, 9)",0,-0.08
484,76,"(45, 8)",1,-0.08
484,77,"(46, 8)",0,-0.08
484,78,"(46, 7)",0,-0.08
484,79,"(46, 6)",1,-0.08
484,80,"(47, 6)",1,-0.08
484,81,"(48, 6)",1,-0.08
484,82,"(49, 6)",0,-0.08
484,83,"(49, 5)",1,-0.08
484,84,"(50, 5)",1,-0.08
484,85,"(51, 5)",1,-0.08
484,86,"(52, 5)",1,-0.08
484,87,"(53, 5)",0,-0.08
484,88,"(53, 4)",0,-0.08
484,89,"(53, 3)",0,-0.08
484,90,"(53, 2)",0,-0.08
484,91,"(53, 1)",1,-0.08
484,92,"(54, 1)",1,-0.08
484,93,"(55, 1)",1,-0.08
484,94,"(56, 1)",1,-0.08
484,95,"(57, 1)",1,-0.08
484,96,"(58, 1)",1,-0.08
484,97,"(59, 1)",1,-0.08
484,98,"(60, 1)",1,-0.08
484,99,"(61, 1)",1,-0.08
484,100,"(62, 1)",1,-0.08
484,101,"(63, 1)",1,-0.08
484,102,"(64, 1)",1,-0.08
484,103,"(65, 1)",1,-0.08
484,104,"(66, 1)",1,-0.08
484,105,"(67, 1)",1,-0.08
484,106,"(68, 1)",1,-0.08
484,107,"(69, 1)",1,-0.08
484,108,"(70, 1)",1,-0.08
484,109,"(71, 1)",2,-0.08
484,110,"(71, 2)",2,-0.08
484,111,"(71, 3)",1,-0.08
484,112,"(72, 3)",1,-0.08
484,113,"(73, 3)",0,-0.08
484,114,"(73, 2)",0,-0.08
484,115,"(73, 1)",1,-0.08
484,116,"(74, 1)",1,-0.08
484,117,"(75, 1)",1,-0.08
484,118,"(76, 1)",0,-0.08
484,119,"(76, 0)",1,-0.08
484,120,"(77, 0)",1,-0.08
484,121,"(78, 0)",1,8.33
485,0,"(0, 39)",1,-0.08
485,1,"(1, 39)",1,-0.08
485,2,"(2, 39)",1,-0.08
485,3,"(3, 39)",1,-0.08
485,4,"(4, 39)",1,-0.08
485,5,"(5, 39)",1,-0.08
485,6,"(6, 39)",1,-0.08
485,7,"(7, 39)",1,-0.08
485,8,"(8, 39)",1,-0.08
485,9,"(9, 39)",1,-0.08
485,10,"(10, 39)",1,-0.08
485,11,"(11, 39)",0,-0.08
485,12,"(11, 38)",0,-0.08
485,13,"(11, 37)",1,-0.08
485,14,"(12, 37)",1,-0.08
485,15,"(13, 37)",1,-0.08
485,16,"(14, 37)",1,-0.08
485,17,"(15, 37)",1,-0.08
485,18,"(16, 37)",0,-0.08
485,19,"(16, 36)",1,-0.08
485,20,"(17, 36)",0,-0.08
485,21,"(17, 35)",0,-0.08
485,22,"(17, 34)",1,-0.08
485,23,"(18, 34)",1,-0.08
485,24,"(19, 34)",0,-0.08
485,25,"(19, 33)",0,-0.08
485,26,"(19, 32)",0,-0.08
485,27,"(19, 31)",0,-0.08
485,28,"(19, 30)",0,-0.08
485,29,"(19, 29)",1,-0.08
485,30,"(20, 29)",0,-0.08
485,31,"(20, 28)",0,-0.08
485,32,"(20, 27)",1,-0.08
485,33,"(21, 27)",0,-0.08
485,34,"(21, 26)",1,-0.08
485,35,"(22, 26)",1,-0.08
485,36,"(23, 26)",0,-0.08
485,37,"(23, 25)",1,-0.08
485,38,"(24, 25)",1,-0.08
485,39,"(25, 25)",1,-0.08
485,40,"(26, 25)",1,-0.08
485,41,"(27, 25)",1,-0.08
485,42,"(28, 25)",1,-0.08
485,43,"(29, 25)",1,-0.08
485,44,"(30, 25)",1,-0.08
485,45,"(31, 25)",0,-0.08
485,46,"(31, 24)",0,-0.08
485,47,"(31, 23)",1,-0.08
485,48,"(32, 23)",1,-0.08
485,49,"(33, 23)",0,-0.08
485,50,"(33, 22)",0,-0.08
485,51,"(33, 21)",1,-0.08
485,52,"(34, 21)",1,-0.08
485,53,"(35, 21)",0,-0.08
485,54,"(35, 20)",0,-0.08
485,55,"(35, 19)",1,-0.08
485,56,"(36, 19)",1,-0.08
485,57,"(37, 19)",0,-0.08
485,58,"(37, 18)",0,-0.08
485,59,"(37, 17)",0,-0.08
485,60,"(37, 16)",0,-0.08
485,61,"(37, 15)",1,-0.08
485,62,"(38, 15)",0,-0.08
485,63,"(38, 14)",0,-0.08
485,64,"(38, 13)",1,-0.08
485,65,"(39, 13)",0,-0.08
485,66,"(39, 12)",0,-0.08
485,67,"(39, 11)",1,-0.08
485,68,"(40, 11)",1,-0.08
485,69,"(41, 11)",1,-0.08
485,70,"(42, 11)",1,-0.08
485,71,"(43, 11)",1,-0.08
485,72,"(44, 11)",1,-0.08
485,73,"(45, 11)",0,-0.08
485,74,"(45, 10)",0,-0.08
485,75,"(45, 9)",1,-0.08
485,76,"(46, 9)",0,-0.08
485,77,"(46, 8)",0,-0.08
485,78,"(46, 7)",1,-0.08
485,79,"(47, 7)",0,-0.08
485,80,"(47, 6)",1,-0.08
485,81,"(48, 6)",1,-0.08
485,82,"(49, 6)",0,-0.08
485,83,"(49, 5)",1,-0.08
485,84,"(50, 5)",1,-0.08
485,85,"(51, 5)",0,-0.08
485,86,"(51, 4)",0,-0.08
485,87,"(51, 3)",0,-0.08
485,88,"(51, 2)",0,-0.08
485,89,"(51, 1)",1,-0.08
485,90,"(52, 1)",1,-0.08
485,91,"(53, 1)",1,-0.08
485,92,"(54, 1)",1,-0.08
485,93,"(55, 1)",1,-0.08
485,94,"(56, 1)",1,-0.08
485,95,"(57, 1)",1,-0.08
485,96,"(58, 1)",1,-0.08
485,97,"(59, 1)",1,-0.08
485,98,"(60, 1)",1,-0.08
485,99,"(61, 1)",1,-0.08
485,100,"(62, 1)",1,-0.08
485,101,"(63, 1)",1,-0.08
485,102,"(64, 1)",1,-0.08
485,103,"(65, 1)",1,-0.08
485,104,"(66, 1)",1,-0.08
485,105,"(67, 1)",1,-0.08
485,106,"(68, 1)",1,-0.08
485,107,"(69, 1)",1,-0.08
485,108,"(70, 1)",1,-0.08
485,109,"(71, 1)",2,-0.08
485,110,"(71, 2)",2,-0.08
485,111,"(71, 3)",1,-0.08
485,112,"(72, 3)",1,-0.08
485,113,"(73, 3)",1,-0.08
485,114,"(74, 3)",1,-0.08
485,115,"(75, 3)",1,-0.08
485,116,"(76, 3)",1,-0.08
485,117,"(77, 3)",0,-0.08
485,118,"(77, 2)",0,-0.08
485,119,"(77, 1)",1,-0.08
485,120,"(78, 1)",1,-0.08
485,121,"(79, 1)",0,8.33
486,0,"(0, 39)",1,-0.08
486,1,"(1, 39)",1,-0.08
486,2,"(2, 39)",1,-0.08
486,3,"(3, 39)",1,-0.08
486,4,"(4, 39)",1,-0.08
486,5,"(5, 39)",1,-0.08
486,6,"(6, 39)",1,-0.08
486,7,"(7, 39)",1,-0.08
486,8,"(8, 39)",1,-0.08
486,9,"(9, 39)",1,-0.08
486,10,"(10, 39)",0,-0.08
486,11,"(10, 38)",1,-0.08
486,12,"(11, 38)",0,-0.08
486,13,"(11, 37)",1,-0.08
486,14,"(12, 37)",1,-0.08
486,15,"(13, 37)",1,-0.08
486,16,"(14, 37)",1,-0.08
486,17,"(15, 37)",1,-0.08
486,18,"(16, 37)",0,-0.08
486,19,"(16, 36)",1,-0.08
486,20,"(17, 36)",0,-0.08
486,21,"(17, 35)",1,-0.08
486,22,"(18, 35)",1,-0.08
486,23,"(19, 35)",0,-0.08
486,24,"(19, 34)",0,-0.08
486,25,"(19, 33)",0,-0.08
486,26,"(19, 32)",0,-0.08
486,27,"(19, 31)",0,-0.08
486,28,"(19, 30)",0,-0.08
486,29,"(19, 29)",1,-0.08
486,30,"(20, 29)",0,-0.08
486,31,"(20, 28)",0,-0.08
486,32,"(20, 27)",1,-0.08
486,33,"(21, 27)",0,-0.08
486,34,"(21, 26)",0,-0.08
486,35,"(21, 25)",1,-0.08
486,36,"(22, 25)",1,-0.08
486,37,"(23, 25)",1,-0.08
486,38,"(24, 25)",1,-0.08
486,39,"(25, 25)",1,-0.08
486,40,"(26, 25)",1,-0.08
486,41,"(27, 25)",1,-0.08
486,42,"(28, 25)",1,-0.08
486,43,"(29, 25)",1,-0.08
486,44,"(30, 25)",1,-0.08
486,45,"(31, 25)",0,-0.08
486,46,"(31, 24)",0,-0.08
486,47,"(31, 23)",1,-0.08
486,48,"(32, 23)",1,-0.08
486,49,"(33, 23)",0,-0.08
486,50,"(33, 22)",0,-0.08
486,51,"(33, 21)",1,-0.08
486,52,"(34, 21)",1,-0.08
486,53,"(35, 21)",0,-0.08
486,54,"(35, 20)",0,-0.08
486,55,"(35, 19)",1,-0.08
486,56,"(36, 19)",1,-0.08
486,57,"(37, 19)",0,-0.08
486,58,"(37, 18)",0,-0.08
486,59,"(37, 17)",1,-0.08
486,60,"(38, 17)",1,-0.08
486,61,"(39, 17)",0,-0.08
486,62,"(39, 16)",0,-0.08
486,63,"(39, 15)",1,-0.08
486,64,"(40, 15)",1,-0.08
486,65,"(41, 15)",0,-0.08
486,66,"(41, 14)",0,-0.08
486,67,"(41, 13)",1,-0.08
486,68,"(42, 13)",1,-0.08
486,69,"(43, 13)",0,-0.08
486,70,"(43, 12)",0,-0.08
486,71,"(43, 11)",1,-0.08
486,72,"(44, 11)",1,-0.08
486,73,"(45, 11)",0,-0.08
486,74,"(45, 10)",1,-0.08
486,75,"(46, 10)",0,-0.08
486,76,"(46, 9)",0,-0.08
486,77,"(46, 8)",0,-0.08
486,78,"(46, 7)",1,-0.08
486,79,"(47, 7)",0,-0.08
486,80,"(47, 6)",1,-0.08
486,81,"(48, 6)",1,-0.08
486,82,"(49, 6)",0,-0.08
486,83,"(49, 5)",1,-0.08
486,84,"(50, 5)",1,-0.08
486,85,"(51, 5)",0,-0.08
486,86,"(51, 4)",0,-0.08
486,87,"(51, 3)",0,-0.08
486,88,"(51, 2)",0,-0.08
486,89,"(51, 1)",1,-0.08
486,90,"(52, 1)",1,-0.08
486,91,"(53, 1)",1,-0.08
486,92,"(54, 1)",1,-0.08
486,93,"(55, 1)",1,-0.08
486,94,"(56, 1)",1,-0.08
486,95,"(57, 1)",1,-0.08
486,96,"(58, 1)",1,-0.08
486,97,"(59, 1)",1,-0.08
486,98,"(60, 1)",1,-0.08
486,99,"(61, 1)",1,-0.08
486,100,"(62, 1)",1,-0.08
486,101,"(63, 1)",1,-0.08
486,102,"(64, 1)",1,-0.08
486,103,"(65, 1)",1,-0.08
486,104,"(66, 1)",1,-0.08
486,105,"(67, 1)",1,-0.08
486,106,"(68, 1)",1,-0.08
486,107,"(69, 1)",1,-0.08
486,108,"(70, 1)",1,-0.08
486,109,"(71, 1)",2,-0.08
486,110,"(71, 2)",2,-0.08
486,111,"(71, 3)",1,-0.08
486,112,"(72, 3)",1,-0.08
486,113,"(73, 3)",0,-0.08
486,114,"(73, 2)",0,-0.08
486,115,"(73, 1)",0,-0.08
486,116,"(73, 0)",1,-0.08
486,117,"(74, 0)",1,-0.08
486,118,"(75, 0)",1,-0.08
486,119,"(76, 0)",1,-0.08
486,120,"(77, 0)",1,-0.08
486,121,"(78, 0)",1,8.33
487,0,"(0, 39)",1,-0.08
487,1,"(1, 39)",1,-0.08
487,2,"(2, 39)",1,-0.08
487,3,"(3, 39)",1,-0.08
487,4,"(4, 39)",1,-0.08
487,5,"(5, 39)",1,-0.08
487,6,"(6, 39)",1,-0.08
487,7,"(7, 39)",1,-0.08
487,8,"(8, 39)",1,-0.08
487,9,"(9, 39)",1,-0.08
487,10,"(10, 39)",1,-0.08
487,11,"(11, 39)",0,-0.08
487,12,"(11, 38)",0,-0.08
487,13,"(11, 37)",1,-0.08
487,14,"(12, 37)",1,-0.08
487,15,"(13, 37)",1,-0.08
487,16,"(14, 37)",1,-0.08
487,17,"(15, 37)",1,-0.08
487,18,"(16, 37)",1,-0.08
487,19,"(17, 37)",0,-0.08
487,20,"(17, 36)",0,-0.08
487,21,"(17, 35)",1,-0.08
487,22,"(18, 35)",1,-0.08
487,23,"(19, 35)",0,-0.08
487,24,"(19, 34)",0,-0.08
487,25,"(19, 33)",0,-0.08
487,26,"(19, 32)",0,-0.08
487,27,"(19, 31)",0,-0.08
487,28,"(19, 30)",0,-0.08
487,29,"(19, 29)",1,-0.08
487,30,"(20, 29)",0,-0.08
487,31,"(20, 28)",0,-0.08
487,32,"(20, 27)",1,-0.08
487,33,"(21, 27)",0,-0.08
487,34,"(21, 26)",0,-0.08
487,35,"(21, 25)",1,-0.08
487,36,"(22, 25)",1,-0.08
487,37,"(23, 25)",1,-0.08
487,38,"(24, 25)",1,-0.08
487,39,"(25, 25)",1,-0.08
487,40,"(26, 25)",1,-0.08
487,41,"(27, 25)",1,-0.08
487,42,"(28, 25)",1,-0.08
487,43,"(29, 25)",1,-0.08
487,44,"(30, 25)",1,-0.08
487,45,"(31, 25)",0,-0.08
487,46,"(31, 24)",0,-0.08
487,47,"(31, 23)",1,-0.08
487,48,"(32, 23)",1,-0.08
487,49,"(33, 23)",0,-0.08
487,50,"(33, 22)",0,-0.08
487,51,"(33, 21)",1,-0.08
487,52,"(34, 21)",1,-0.08
487,53,"(35, 21)",0,-0.08
487,54,"(35, 20)",0,-0.08
487,55,"(35, 19)",0,-0.08
487,56,"(35, 18)",0,-0.08
487,57,"(35, 17)",1,-0.08
487,58,"(36, 17)",1,-0.08
487,59,"(37, 17)",0,-0.08
487,60,"(37, 16)",0,-0.08
487,61,"(37, 15)",0,-0.08
487,62,"(37, 14)",0,-0.08
487,63,"(37, 13)",1,-0.08
487,64,"(38, 13)",1,-0.08
487,65,"(39, 13)",1,-0.08
487,66,"(40, 13)",1,-0.08
487,67,"(41, 13)",0,-0.08
487,68,"(41, 12)",0,-0.08
487,69,"(41, 11)",1,-0.08
487,70,"(42, 11)",1,-0.08
487,71,"(43, 11)",1,-0.08
487,72,"(44, 11)",1,-0.08
487,73,"(45, 11)",0,-0.08
487,74,"(45, 10)",1,-0.08
487,75,"(46, 10)",0,-0.08
487,76,"(46, 9)",0,-0.08
487,77,"(46, 8)",0,-0.08
487,78,"(46, 7)",0,-0.08
487,79,"(46, 6)",1,-0.08
487,80,"(47, 6)",1,-0.08
487,81,"(48, 6)",1,-0.08
487,82,"(49, 6)",0,-0.08
487,83,"(49, 5)",1,-0.08
487,84,"(50, 5)",1,-0.08
487,85,"(51, 5)",1,-0.08
487,86,"(52, 5)",1,-0.08
487,87,"(53, 5)",0,-0.08
487,88,"(53, 4)",0,-0.08
487,89,"(53, 3)",1,-0.08
487,90,"(54, 3)",1,-0.08
487,91,"(55, 3)",1,-0.08
487,92,"(56, 3)",0,-0.08
487,93,"(56, 2)",1,-0.08
487,94,"(57, 2)",0,-0.08
487,95,"(57, 1)",1,-0.08
487,96,"(58, 1)",1,-0.08
487,97,"(59, 1)",1,-0.08
487,98,"(60, 1)",1,-0.08
487,99,"(61, 1)",1,-0.08
487,100,"(62, 1)",1,-0.08
487,101,"(63, 1)",1,-0.08
487,102,"(64, 1)",1,-0.08
487,103,"(65, 1)",1,-0.08
487,104,"(66, 1)",1,-0.08
487,105,"(67, 1)",1,-0.08
487,106,"(68, 1)",1,-0.08
487,107,"(69, 1)",1,-0.08
487,108,"(70, 1)",1,-0.08
487,109,"(71, 1)",2,-0.08
487,110,"(71, 2)",2,-0.08
487,111,"(71, 3)",1,-0.08
487,112,"(72, 3)",1,-0.08
487,113,"(73, 3)",1,-0.08
487,114,"(74, 3)",1,-0.08
487,115,"(75, 3)",1,-0.08
487,116,"(76, 3)",1,-0.08
487,117,"(77, 3)",0,-0.08
487,118,"(77, 2)",0,-0.08
487,119,"(77, 1)",0,-0.08
487,120,"(77, 0)",1,-0.08
487,121,"(78, 0)",1,8.33
488,0,"(0, 39)",1,-0.08
488,1,"(1, 39)",1,-0.08
488,2,"(2, 39)",1,-0.08
488,3,"(3, 39)",1,-0.08
488,4,"(4, 39)",1,-0.08
488,5,"(5, 39)",1,-0.08
488,6,"(6, 39)",1,-0.08
488,7,"(7, 39)",1,-0.08
488,8,"(8, 39)",1,-0.08
488,9,"(9, 39)",1,-0.08
488,10,"(10, 39)",0,-0.08
488,11,"(10, 38)",0,-0.08
488,12,"(10, 37)",1,-0.08
488,13,"(11, 37)",1,-0.08
488,14,"(12, 37)",1,-0.08
488,15,"(13, 37)",1,-0.08
488,16,"(14, 37)",1,-0.08
488,17,"(15, 37)",0,-0.08
488,18,"(15, 36)",0,-0.08
488,19,"(15, 35)",0,-0.08
488,20,"(15, 34)",0,-0.08
488,21,"(15, 33)",1,-0.08
488,22,"(16, 33)",1,-0.08
488,23,"(17, 33)",1,-0.08
488,24,"(18, 33)",1,-0.08
488,25,"(19, 33)",0,-0.08
488,26,"(19, 32)",0,-0.08
488,27,"(19, 31)",0,-0.08
488,28,"(19, 30)",0,-0.08
488,29,"(19, 29)",1,-0.08
488,30,"(20, 29)",0,-0.08
488,31,"(20, 28)",0,-0.08
488,32,"(20, 27)",1,-0.08
488,33,"(21, 27)",0,-0.08
488,34,"(21, 26)",1,-0.08
488,35,"(22, 26)",0,-0.08
488,36,"(22, 25)",1,-0.08
488,37,"(23, 25)",1,-0.08
488,38,"(24, 25)",1,-0.08
488,39,"(25, 25)",1,-0.08
488,40,"(26, 25)",1,-0.08
488,41,"(27, 25)",1,-0.08
488,42,"(28, 25)",1,-0.08
488,43,"(29, 25)",1,-0.08
488,44,"(30, 25)",1,-0.08
488,45,"(31, 25)",0,-0.08
488,46,"(31, 24)",0,-0.08
488,47,"(31, 23)",1,-0.08
488,48,"(32, 23)",1,-0.08
488,49,"(33, 23)",0,-0.08
488,50,"(33, 22)",0,-0.08
488,51,"(33, 21)",1,-0.08
488,52,"(34, 21)",1,-0.08
488,53,"(35, 21)",1,-0.08
488,54,"(36, 21)",1,-0.08
488,55,"(37, 21)",1,-0.08
488,56,"(38, 21)",1,-0.08
488,57,"(39, 21)",0,-0.08
488,58,"(39, 20)",0,-0.08
488,59,"(39, 19)",0,-0.08
488,60,"(39, 18)",0,-0.08
488,61,"(39, 17)",0,-0.08
488,62,"(39, 16)",0,-0.08
488,63,"(39, 15)",1,-0.08
488,64,"(40, 15)",1,-0.08
488,65,"(41, 15)",0,-0.08
488,66,"(41, 14)",0,-0.08
488,67,"(41, 13)",1,-0.08
488,68,"(42, 13)",1,-0.08
488,69,"(43, 13)",0,-0.08
488,70,"(43, 12)",0,-0.08
488,71,"(43, 11)",1,-0.08
488,72,"(44, 11)",1,-0.08
488,73,"(45, 11)",0,-0.08
488,74,"(45, 10)",0,-0.08
488,75,"(45, 9)",1,-0.08
488,76,"(46, 9)",0,-0.08
488,77,"(46, 8)",0,-0.08
488,78,"(46, 7)",0,-0.08
488,79,"(46, 6)",1,-0.08
488,80,"(47, 6)",1,-0.08
488,81,"(48, 6)",1,-0.08
488,82,"(49, 6)",0,-0.08
488,83,"(49, 5)",1,-0.08
488,84,"(50, 5)",1,-0.08
488,85,"(51, 5)",1,-0.08
488,86,"(52, 5)",1,-0.08
488,87,"(53, 5)",0,-0.08
488,88,"(53, 4)",0,-0.08
488,89,"(53, 3)",0,-0.08
488,90,"(53, 2)",0,-0.08
488,91,"(53, 1)",1,-0.08
488,92,"(54, 1)",1,-0.08
488,93,"(55, 1)",1,-0.08
488,94,"(56, 1)",1,-0.08
488,95,"(57, 1)",1,-0.08
488,96,"(58, 1)",1,-0.08
488,97,"(59, 1)",1,-0.08
488,98,"(60, 1)",1,-0.08
488,99,"(61, 1)",1,-0.08
488,100,"(62, 1)",1,-0.08
488,101,"(63, 1)",1,-0.08
488,102,"(64, 1)",1,-0.08
488,103,"(65, 1)",1,-0.08
488,104,"(66, 1)",1,-0.08
488,105,"(67, 1)",1,-0.08
488,106,"(68, 1)",1,-0.08
488,107,"(69, 1)",1,-0.08
488,108,"(70, 1)",1,-0.08
488,109,"(71, 1)",2,-0.08
488,110,"(71, 2)",2,-0.08
488,111,"(71, 3)",1,-0.08
488,112,"(72, 3)",1,-0.08
488,113,"(73, 3)",0,-0.08
488,114,"(73, 2)",0,-0.08
488,115,"(73, 1)",1,-0.08
488,116,"(74, 1)",1,-0.08
488,117,"(75, 1)",0,-0.08
488,118,"(75, 0)",1,-0.08
488,119,"(76, 0)",1,-0.08
488,120,"(77, 0)",1,-0.08
488,121,"(78, 0)",1,8.33
489,0,"(0, 39)",1,-0.08
489,1,"(1, 39)",1,-0.08
489,2,"(2, 39)",1,-0.08
489,3,"(3, 39)",1,-0.08
489,4,"(4, 39)",1,-0.08
489,5,"(5, 39)",1,-0.08
489,6,"(6, 39)",1,-0.08
489,7,"(7, 39)",1,-0.08
489,8,"(8, 39)",1,-0.08
489,9,"(9, 39)",1,-0.08
489,10,"(10, 39)",0,-0.08
489,11,"(10, 38)",1,-0.08
489,12,"(11, 38)",0,-0.08
489,13,"(11, 37)",1,-0.08
489,14,"(12, 37)",1,-0.08
489,15,"(13, 37)",1,-0.08
489,16,"(14, 37)",1,-0.08
489,17,"(15, 37)",0,-0.08
489,18,"(15, 36)",1,-0.08
489,19,"(16, 36)",1,-0.08
489,20,"(17, 36)",0,-0.08
489,21,"(17, 35)",1,-0.08
489,22,"(18, 35)",0,-0.08
489,23,"(18, 34)",1,-0.08
489,24,"(19, 34)",0,-0.08
489,25,"(19, 33)",0,-0.08
489,26,"(19, 32)",0,-0.08
489,27,"(19, 31)",0,-0.08
489,28,"(19, 30)",0,-0.08
489,29,"(19, 29)",1,-0.08
489,30,"(20, 29)",0,-0.08
489,31,"(20, 28)",0,-0.08
489,32,"(20, 27)",1,-0.08
489,33,"(21, 27)",0,-0.08
489,34,"(21, 26)",0,-0.08
489,35,"(21, 25)",1,-0.08
489,36,"(22, 25)",1,-0.08
489,37,"(23, 25)",1,-0.08
489,38,"(24, 25)",1,-0.08
489,39,"(25, 25)",0,-0.08
489,40,"(25, 24)",0,-0.08
489,41,"(25, 23)",0,-0.08
489,42,"(25, 22)",0,-0.08
489,43,"(25, 21)",0,-0.08
489,44,"(25, 20)",0,-0.08
489,45,"(25, 19)",0,-0.08
489,46,"(25, 18)",1,-0.08
489,47,"(26, 18)",1,-0.08
489,48,"(27, 18)",0,-0.08
489,49,"(27, 17)",1,-0.08
489,50,"(28, 17)",1,-0.08
489,51,"(29, 17)",1,-0.08
489,52,"(30, 17)",1,-0.08
489,53,"(31, 17)",1,-0.08
489,54,"(32, 17)",0,-0.08
489,55,"(32, 16)",0,-0.08
489,56,"(32, 15)",0,-0.08
489,57,"(32, 14)",0,-0.08
489,58,"(32, 13)",1,-0.08
489,59,"(33, 13)",1,-0.08
489,60,"(34, 13)",1,-0.08
489,61,"(35, 13)",1,-0.08
489,62,"(36, 13)",1,-0.08
489,63,"(37, 13)",1,-0.08
489,64,"(38, 13)",1,-0.08
489,65,"(39, 13)",1,-0.08
489,66,"(40, 13)",1,-0.08
489,67,"(41, 13)",1,-0.08
489,68,"(42, 13)",1,-0.08
489,69,"(43, 13)",1,-0.08
489,70,"(44, 13)",1,-0.08
489,71,"(45, 13)",0,-0.08
489,72,"(45, 12)",0,-0.08
489,73,"(45, 11)",0,-0.08
489,74,"(45, 10)",1,-0.08
489,75,"(46, 10)",0,-0.08
489,76,"(46, 9)",0,-0.08
489,77,"(46, 8)",0,-0.08
489,78,"(46, 7)",1,-0.08
489,79,"(47, 7)",0,-0.08
489,80,"(47, 6)",1,-0.08
489,81,"(48, 6)",1,-0.08
489,82,"(49, 6)",0,-0.08
489,83,"(49, 5)",1,-0.08
489,84,"(50, 5)",1,-0.08
489,85,"(51, 5)",1,-0.08
489,86,"(52, 5)",1,-0.08
489,87,"(53, 5)",0,-0.08
489,88,"(53, 4)",0,-0.08
489,89,"(53, 3)",0,-0.08
489,90,"(53, 2)",0,-0.08
489,91,"(53, 1)",1,-0.08
489,92,"(54, 1)",1,-0.08
489,93,"(55, 1)",1,-0.08
489,94,"(56, 1)",1,-0.08
489,95,"(57, 1)",1,-0.08
489,96,"(58, 1)",1,-0.08
489,97,"(59, 1)",1,-0.08
489,98,"(60, 1)",1,-0.08
489,99,"(61, 1)",1,-0.08
489,100,"(62, 1)",1,-0.08
489,101,"(63, 1)",1,-0.08
489,102,"(64, 1)",1,-0.08
489,103,"(65, 1)",1,-0.08
489,104,"(66, 1)",1,-0.08
489,105,"(67, 1)",1,-0.08
489,106,"(68, 1)",1,-0.08
489,107,"(69, 1)",1,-0.08
489,108,"(70, 1)",1,-0.08
489,109,"(71, 1)",2,-0.08
489,110,"(71, 2)",2,-0.08
489,111,"(71, 3)",1,-0.08
489,112,"(72, 3)",1,-0.08
489,113,"(73, 3)",0,-0.08
489,114,"(73, 2)",0,-0.08
489,115,"(73, 1)",0,-0.08
489,116,"(73, 0)",1,-0.08
489,117,"(74, 0)",1,-0.08
489,118,"(75, 0)",1,-0.08
489,119,"(76, 0)",1,-0.08
489,120,"(77, 0)",1,-0.08
489,121,"(78, 0)",1,8.33
490,0,"(0, 39)",1,-0.08
490,1,"(1, 39)",1,-0.08
490,2,"(2, 39)",1,-0.08
490,3,"(3, 39)",1,-0.08
490,4,"(4, 39)",1,-0.08
490,5,"(5, 39)",1,-0.08
490,6,"(6, 39)",1,-0.08
490,7,"(7, 39)",1,-0.08
490,8,"(8, 39)",1,-0.08
490,9,"(9, 39)",1,-0.08
490,10,"(10, 39)",1,-0.08
490,11,"(11, 39)",0,-0.08
490,12,"(11, 38)",0,-0.08
490,13,"(11, 37)",1,-0.08
490,14,"(12, 37)",1,-0.08
490,15,"(13, 37)",1,-0.08
490,16,"(14, 37)",1,-0.08
490,17,"(15, 37)",0,-0.08
490,18,"(15, 36)",1,-0.08
490,19,"(16, 36)",1,-0.08
490,20,"(17, 36)",0,-0.08
490,21,"(17, 35)",1,-0.08
490,22,"(18, 35)",1,-0.08
490,23,"(19, 35)",0,-0.08
490,24,"(19, 34)",0,-0.08
490,25,"(19, 33)",0,-0.08
490,26,"(19, 32)",0,-0.08
490,27,"(19, 31)",0,-0.08
490,28,"(19, 30)",0,-0.08
490,29,"(19, 29)",1,-0.08
490,30,"(20, 29)",0,-0.08
490,31,"(20, 28)",0,-0.08
490,32,"(20, 27)",1,-0.08
490,33,"(21, 27)",0,-0.08
490,34,"(21, 26)",1,-0.08
490,35,"(22, 26)",0,-0.08
490,36,"(22, 25)",0,-0.08
490,37,"(22, 24)",0,-0.08
490,38,"(22, 23)",1,-0.08
490,39,"(23, 23)",1,-0.08
490,40,"(24, 23)",1,-0.08
490,41,"(25, 23)",0,-0.08
490,42,"(25, 22)",0,-0.08
490,43,"(25, 21)",1,-0.08
490,44,"(26, 21)",1,-0.08
490,45,"(27, 21)",0,-0.08
490,46,"(27, 20)",0,-0.08
490,47,"(27, 19)",1,-0.08
490,48,"(28, 19)",1,-0.08
490,49,"(29, 19)",1,-0.08
490,50,"(30, 19)",1,-0.08
490,51,"(31, 19)",0,-0.08
490,52,"(31, 18)",0,-0.08
490,53,"(31, 17)",1,-0.08
490,54,"(32, 17)",1,-0.08
490,55,"(33, 17)",1,-0.08
490,56,"(34, 17)",1,-0.08
490,57,"(35, 17)",1,-0.08
490,58,"(36, 17)",1,-0.08
490,59,"(37, 17)",1,-0.08
490,60,"(38, 17)",1,-0.08
490,61,"(39, 17)",0,-0.08
490,62,"(39, 16)",0,-0.08
490,63,"(39, 15)",1,-0.08
490,64,"(40, 15)",1,-0.08
490,65,"(41, 15)",0,-0.08
490,66,"(41, 14)",0,-0.08
490,67,"(41, 13)",0,-0.08
490,68,"(41, 12)",0,-0.08
490,69,"(41, 11)",1,-0.08
490,70,"(42, 11)",1,-0.08
490,71,"(43, 11)",1,-0.08
490,72,"(44, 11)",1,-0.08
490,73,"(45, 11)",0,-0.08
490,74,"(45, 10)",0,-0.08
490,75,"(45, 9)",1,-0.08
490,76,"(46, 9)",0,-0.08
490,77,"(46, 8)",0,-0.08
490,78,"(46, 7)",1,-0.08
490,79,"(47, 7)",0,-0.08
490,80,"(47, 6)",1,-0.08
490,81,"(48, 6)",1,-0.08
490,82,"(49, 6)",0,-0.08
490,83,"(49, 5)",1,-0.08
490,84,"(50, 5)",1,-0.08
490,85,"(51, 5)",1,-0.08
490,86,"(52, 5)",1,-0.08
490,87,"(53, 5)",0,-0.08
490,88,"(53, 4)",0,-0.08
490,89,"(53, 3)",1,-0.08
490,90,"(54, 3)",1,-0.08
490,91,"(55, 3)",1,-0.08
490,92,"(56, 3)",0,-0.08
490,93,"(56, 2)",1,-0.08
490,94,"(57, 2)",1,-0.08
490,95,"(58, 2)",0,-0.08
490,96,"(58, 1)",1,-0.08
490,97,"(59, 1)",1,-0.08
490,98,"(60, 1)",1,-0.08
490,99,"(61, 1)",1,-0.08
490,100,"(62, 1)",1,-0.08
490,101,"(63, 1)",1,-0.08
490,102,"(64, 1)",1,-0.08
490,103,"(65, 1)",1,-0.08
490,104,"(66, 1)",1,-0.08
490,105,"(67, 1)",1,-0.08
490,106,"(68, 1)",1,-0.08
490,107,"(69, 1)",1,-0.08
490,108,"(70, 1)",1,-0.08
490,109,"(71, 1)",2,-0.08
490,110,"(71, 2)",2,-0.08
490,111,"(71, 3)",1,-0.08
490,112,"(72, 3)",1,-0.08
490,113,"(73, 3)",0,-0.08
490,114,"(73, 2)",0,-0.08
490,115,"(73, 1)",0,-0.08
490,116,"(73, 0)",1,-0.08
490,117,"(74, 0)",1,-0.08
490,118,"(75, 0)",1,-0.08
490,119,"(76, 0)",1,-0.08
490,120,"(77, 0)",1,-0.08
490,121,"(78, 0)",1,8.33
491,0,"(0, 39)",1,-0.08
491,1,"(1, 39)",1,-0.08
491,2,"(2, 39)",1,-0.08
491,3,"(3, 39)",1,-0.08
491,4,"(4, 39)",1,-0.08
491,5,"(5, 39)",1,-0.08
491,6,"(6, 39)",1,-0.08
491,7,"(7, 39)",1,-0.08
491,8,"(8, 39)",1,-0.08
491,9,"(9, 39)",1,-0.08
491,10,"(10, 39)",0,-0.08
491,11,"(10, 38)",1,-0.08
491,12,"(11, 38)",0,-0.08
491,13,"(11, 37)",1,-0.08
491,14,"(12, 37)",1,-0.08
491,15,"(13, 37)",1,-0.08
491,16,"(14, 37)",1,-0.08
491,17,"(15, 37)",1,-0.08
491,18,"(16, 37)",1,-0.08
491,19,"(17, 37)",1,-0.08
491,20,"(18, 37)",1,-0.08
491,21,"(19, 37)",0,-0.08
491,22,"(19, 36)",0,-0.08
491,23,"(19, 35)",0,-0.08
491,24,"(19, 34)",0,-0.08
491,25,"(19, 33)",0,-0.08
491,26,"(19, 32)",0,-0.08
491,27,"(19, 31)",0,-0.08
491,28,"(19, 30)",0,-0.08
491,29,"(19, 29)",1,-0.08
491,30,"(20, 29)",0,-0.08
491,31,"(20, 28)",0,-0.08
491,32,"(20, 27)",1,-0.08
491,33,"(21, 27)",0,-0.08
491,34,"(21, 26)",1,-0.08
491,35,"(22, 26)",1,-0.08
491,36,"(23, 26)",0,-0.08
491,37,"(23, 25)",1,-0.08
491,38,"(24, 25)",1,-0.08
491,39,"(25, 25)",0,-0.08
491,40,"(25, 24)",0,-0.08
491,41,"(25, 23)",0,-0.08
491,42,"(25, 22)",0,-0.08
491,43,"(25, 21)",0,-0.08
491,44,"(25, 20)",0,-0.08
491,45,"(25, 19)",0,-0.08
491,46,"(25, 18)",1,-0.08
491,47,"(26, 18)",1,-0.08
491,48,"(27, 18)",0,-0.08
491,49,"(27, 17)",1,-0.08
491,50,"(28, 17)",1,-0.08
491,51,"(29, 17)",1,-0.08
491,52,"(30, 17)",1,-0.08
491,53,"(31, 17)",1,-0.08
491,54,"(32, 17)",1,-0.08
491,55,"(33, 17)",1,-0.08
491,56,"(34, 17)",1,-0.08
491,57,"(35, 17)",0,-0.08
491,58,"(35, 16)",0,-0.08
491,59,"(35, 15)",0,-0.08
491,60,"(35, 14)",0,-0.08
491,61,"(35, 13)",1,-0.08
491,62,"(36, 13)",1,-0.08
491,63,"(37, 13)",1,-0.08
491,64,"(38, 13)",1,-0.08
491,65,"(39, 13)",1,-0.08
491,66,"(40, 13)",1,-0.08
491,67,"(41, 13)",1,-0.08
491,68,"(42, 13)",1,-0.08
491,69,"(43, 13)",0,-0.08
491,70,"(43, 12)",0,-0.08
491,71,"(43, 11)",1,-0.08
491,72,"(44, 11)",1,-0.08
491,73,"(45, 11)",0,-0.08
491,74,"(45, 10)",0,-0.08
491,75,"(45, 9)",1,-0.08
491,76,"(46, 9)",0,-0.08
491,77,"(46, 8)",0,-0.08
491,78,"(46, 7)",0,-0.08
491,79,"(46, 6)",1,-0.08
491,80,"(47, 6)",1,-0.08
491,81,"(48, 6)",1,-0.08
491,82,"(49, 6)",0,-0.08
491,83,"(49, 5)",1,-0.08
491,84,"(50, 5)",1,-0.08
491,85,"(51, 5)",1,-0.08
491,86,"(52, 5)",1,-0.08
491,87,"(53, 5)",0,-0.08
491,88,"(53, 4)",0,-0.08
491,89,"(53, 3)",0,-0.08
491,90,"(53, 2)",0,-0.08
491,91,"(53, 1)",1,-0.08
491,92,"(54, 1)",1,-0.08
491,93,"(55, 1)",1,-0.08
491,94,"(56, 1)",1,-0.08
491,95,"(57, 1)",1,-0.08
491,96,"(58, 1)",1,-0.08
491,97,"(59, 1)",1,-0.08
491,98,"(60, 1)",1,-0.08
491,99,"(61, 1)",1,-0.08
491,100,"(62, 1)",1,-0.08
491,101,"(63, 1)",1,-0.08
491,102,"(64, 1)",1,-0.08
491,103,"(65, 1)",1,-0.08
491,104,"(66, 1)",1,-0.08
491,105,"(67, 1)",1,-0.08
491,106,"(68, 1)",1,-0.08
491,107,"(69, 1)",1,-0.08
491,108,"(70, 1)",1,-0.08
491,109,"(71, 1)",2,-0.08
491,110,"(71, 2)",2,-0.08
491,111,"(71, 3)",1,-0.08
491,112,"(72, 3)",1,-0.08
491,113,"(73, 3)",0,-0.08
491,114,"(73, 2)",0,-0.08
491,115,"(73, 1)",0,-0.08
491,116,"(73, 0)",1,-0.08
491,117,"(74, 0)",1,-0.08
491,118,"(75, 0)",1,-0.08
491,119,"(76, 0)",1,-0.08
491,120,"(77, 0)",1,-0.08
491,121,"(78, 0)",1,8.33
492,0,"(0, 39)",1,-0.08
492,1,"(1, 39)",1,-0.08
492,2,"(2, 39)",1,-0.08
492,3,"(3, 39)",1,-0.08
492,4,"(4, 39)",1,-0.08
492,5,"(5, 39)",1,-0.08
492,6,"(6, 39)",1,-0.08
492,7,"(7, 39)",1,-0.08
492,8,"(8, 39)",1,-0.08
492,9,"(9, 39)",1,-0.08
492,10,"(10, 39)",1,-0.08
492,11,"(11, 39)",0,-0.08
492,12,"(11, 38)",0,-0.08
492,13,"(11, 37)",1,-0.08
492,14,"(12, 37)",1,-0.08
492,15,"(13, 37)",1,-0.08
492,16,"(14, 37)",1,-0.08
492,17,"(15, 37)",0,-0.08
492,18,"(15, 36)",0,-0.08
492,19,"(15, 35)",0,-0.08
492,20,"(15, 34)",0,-0.08
492,21,"(15, 33)",1,-0.08
492,22,"(16, 33)",1,-0.08
492,23,"(17, 33)",1,-0.08
492,24,"(18, 33)",1,-0.08
492,25,"(19, 33)",0,-0.08
492,26,"(19, 32)",0,-0.08
492,27,"(19, 31)",0,-0.08
492,28,"(19, 30)",0,-0.08
492,29,"(19, 29)",1,-0.08
492,30,"(20, 29)",0,-0.08
492,31,"(20, 28)",0,-0.08
492,32,"(20, 27)",1,-0.08
492,33,"(21, 27)",0,-0.08
492,34,"(21, 26)",0,-0.08
492,35,"(21, 25)",1,-0.08
492,36,"(22, 25)",0,-0.08
492,37,"(22, 24)",0,-0.08
492,38,"(22, 23)",1,-0.08
492,39,"(23, 23)",1,-0.08
492,40,"(24, 23)",1,-0.08
492,41,"(25, 23)",0,-0.08
492,42,"(25, 22)",0,-0.08
492,43,"(25, 21)",0,-0.08
492,44,"(25, 20)",0,-0.08
492,45,"(25, 19)",0,-0.08
492,46,"(25, 18)",1,-0.08
492,47,"(26, 18)",1,-0.08
492,48,"(27, 18)",0,-0.08
492,49,"(27, 17)",1,-0.08
492,50,"(28, 17)",1,-0.08
492,51,"(29, 17)",0,-0.08
492,52,"(29, 16)",0,-0.08
492,53,"(29, 15)",1,-0.08
492,54,"(30, 15)",1,-0.08
492,55,"(31, 15)",1,-0.08
492,56,"(32, 15)",0,-0.08
492,57,"(32, 14)",0,-0.08
492,58,"(32, 13)",1,-0.08
492,59,"(33, 13)",1,-0.08
492,60,"(34, 13)",1,-0.08
492,61,"(35, 13)",1,-0.08
492,62,"(36, 13)",1,-0.08
492,63,"(37, 13)",1,-0.08
492,64,"(38, 13)",1,-0.08
492,65,"(39, 13)",1,-0.08
492,66,"(40, 13)",1,-0.08
492,67,"(41, 13)",0,-0.08
492,68,"(41, 12)",0,-0.08
492,69,"(41, 11)",1,-0.08
492,70,"(42, 11)",1,-0.08
492,71,"(43, 11)",1,-0.08
492,72,"(44, 11)",1,-0.08
492,73,"(45, 11)",0,-0.08
492,74,"(45, 10)",1,-0.08
492,75,"(46, 10)",0,-0.08
492,76,"(46, 9)",0,-0.08
492,77,"(46, 8)",0,-0.08
492,78,"(46, 7)",0,-0.08
492,79,"(46, 6)",1,-0.08
492,80,"(47, 6)",1,-0.08
492,81,"(48, 6)",1,-0.08
492,82,"(49, 6)",0,-0.08
492,83,"(49, 5)",1,-0.08
492,84,"(50, 5)",1,-0.08
492,85,"(51, 5)",1,-0.08
492,86,"(52, 5)",1,-0.08
492,87,"(53, 5)",0,-0.08
492,88,"(53, 4)",0,-0.08
492,89,"(53, 3)",1,-0.08
492,90,"(54, 3)",1,-0.08
492,91,"(55, 3)",1,-0.08
492,92,"(56, 3)",1,-0.08
492,93,"(57, 3)",0,-0.08
492,94,"(57, 2)",1,-0.08
492,95,"(58, 2)",0,-0.08
492,96,"(58, 1)",1,-0.08
492,97,"(59, 1)",1,-0.08
492,98,"(60, 1)",1,-0.08
492,99,"(61, 1)",1,-0.08
492,100,"(62, 1)",1,-0.08
492,101,"(63, 1)",1,-0.08
492,102,"(64, 1)",1,-0.08
492,103,"(65, 1)",1,-0.08
492,104,"(66, 1)",1,-0.08
492,105,"(67, 1)",1,-0.08
492,106,"(68, 1)",1,-0.08
492,107,"(69, 1)",1,-0.08
492,108,"(70, 1)",1,-0.08
492,109,"(71, 1)",2,-0.08
492,110,"(71, 2)",2,-0.08
492,111,"(71, 3)",1,-0.08
492,112,"(72, 3)",1,-0.08
492,113,"(73, 3)",1,-0.08
492,114,"(74, 3)",1,-0.08
492,115,"(75, 3)",1,-0.08
492,116,"(76, 3)",1,-0.08
492,117,"(77, 3)",0,-0.08
492,118,"(77, 2)",0,-0.08
492,119,"(77, 1)",1,-0.08
492,120,"(78, 1)",1,-0.08
492,121,"(79, 1)",0,8.33
493,0,"(0, 39)",1,-0.08
493,1,"(1, 39)",1,-0.08
493,2,"(2, 39)",1,-0.08
493,3,"(3, 39)",1,-0.08
493,4,"(4, 39)",1,-0.08
493,5,"(5, 39)",1,-0.08
493,6,"(6, 39)",1,-0.08
493,7,"(7, 39)",1,-0.08
493,8,"(8, 39)",1,-0.08
493,9,"(9, 39)",1,-0.08
493,10,"(10, 39)",1,-0.08
493,11,"(11, 39)",1,-0.08
493,12,"(12, 39)",1,-0.08
493,13,"(13, 39)",1,-0.08
493,14,"(14, 39)",0,-0.08
493,15,"(14, 38)",0,-0.08
493,16,"(14, 37)",1,-0.08
493,17,"(15, 37)",0,-0.08
493,18,"(15, 36)",0,-0.08
493,19,"(15, 35)",0,-0.08
493,20,"(15, 34)",0,-0.08
493,21,"(15, 33)",1,-0.08
493,22,"(16, 33)",1,-0.08
493,23,"(17, 33)",1,-0.08
493,24,"(18, 33)",1,-0.08
493,25,"(19, 33)",0,-0.08
493,26,"(19, 32)",0,-0.08
493,27,"(19, 31)",0,-0.08
493,28,"(19, 30)",0,-0.08
493,29,"(19, 29)",1,-0.08
493,30,"(20, 29)",0,-0.08
493,31,"(20, 28)",0,-0.08
493,32,"(20, 27)",1,-0.08
493,33,"(21, 27)",0,-0.08
493,34,"(21, 26)",0,-0.08
493,35,"(21, 25)",1,-0.08
493,36,"(22, 25)",1,-0.08
493,37,"(23, 25)",1,-0.08
493,38,"(24, 25)",1,-0.08
493,39,"(25, 25)",0,-0.08
493,40,"(25, 24)",0,-0.08
493,41,"(25, 23)",0,-0.08
493,42,"(25, 22)",0,-0.08
493,43,"(25, 21)",0,-0.08
493,44,"(25, 20)",0,-0.08
493,45,"(25, 19)",0,-0.08
493,46,"(25, 18)",1,-0.08
493,47,"(26, 18)",1,-0.08
493,48,"(27, 18)",0,-0.08
493,49,"(27, 17)",1,-0.08
493,50,"(28, 17)",0,-0.08
493,51,"(28, 16)",1,-0.08
493,52,"(29, 16)",0,-0.08
493,53,"(29, 15)",1,-0.08
493,54,"(30, 15)",1,-0.08
493,55,"(31, 15)",0,-0.08
493,56,"(31, 14)",1,-0.08
493,57,"(32, 14)",0,-0.08
493,58,"(32, 13)",1,-0.08
493,59,"(33, 13)",1,-0.08
493,60,"(34, 13)",1,-0.08
493,61,"(35, 13)",1,-0.08
493,62,"(36, 13)",1,-0.08
493,63,"(37, 13)",1,-0.08
493,64,"(38, 13)",1,-0.08
493,65,"(39, 13)",0,-0.08
493,66,"(39, 12)",0,-0.08
493,67,"(39, 11)",1,-0.08
493,68,"(40, 11)",1,-0.08
493,69,"(41, 11)",1,-0.08
493,70,"(42, 11)",1,-0.08
493,71,"(43, 11)",1,-0.08
493,72,"(44, 11)",1,-0.08
493,73,"(45, 11)",0,-0.08
493,74,"(45, 10)",1,-0.08
493,75,"(46, 10)",0,-0.08
493,76,"(46, 9)",0,-0.08
493,77,"(46, 8)",0,-0.08
493,78,"(46, 7)",0,-0.08
493,79,"(46, 6)",1,-0.08
493,80,"(47, 6)",1,-0.08
493,81,"(48, 6)",1,-0.08
493,82,"(49, 6)",0,-0.08
493,83,"(49, 5)",1,-0.08
493,84,"(50, 5)",1,-0.08
493,85,"(51, 5)",1,-0.08
493,86,"(52, 5)",1,-0.08
493,87,"(53, 5)",0,-0.08
493,88,"(53, 4)",0,-0.08
493,89,"(53, 3)",1,-0.08
493,90,"(54, 3)",1,-0.08
493,91,"(55, 3)",1,-0.08
493,92,"(56, 3)",1,-0.08
493,93,"(57, 3)",0,-0.08
493,94,"(57, 2)",0,-0.08
493,95,"(57, 1)",1,-0.08
493,96,"(58, 1)",1,-0.08
493,97,"(59, 1)",1,-0.08
493,98,"(60, 1)",1,-0.08
493,99,"(61, 1)",1,-0.08
493,100,"(62, 1)",1,-0.08
493,101,"(63, 1)",1,-0.08
493,102,"(64, 1)",1,-0.08
493,103,"(65, 1)",1,-0.08
493,104,"(66, 1)",1,-0.08
493,105,"(67, 1)",1,-0.08
493,106,"(68, 1)",1,-0.08
493,107,"(69, 1)",1,-0.08
493,108,"(70, 1)",1,-0.08
493,109,"(71, 1)",2,-0.08
493,110,"(71, 2)",2,-0.08
493,111,"(71, 3)",1,-0.08
493,112,"(72, 3)",1,-0.08
493,113,"(73, 3)",0,-0.08
493,114,"(73, 2)",0,-0.08
493,115,"(73, 1)",1,-0.08
493,116,"(74, 1)",0,-0.08
493,117,"(74, 0)",1,-0.08
493,118,"(75, 0)",1,-0.08
493,119,"(76, 0)",1,-0.08
493,120,"(77, 0)",1,-0.08
493,121,"(78, 0)",1,8.33
494,0,"(0, 39)",1,-0.08
494,1,"(1, 39)",1,-0.08
494,2,"(2, 39)",1,-0.08
494,3,"(3, 39)",1,-0.08
494,4,"(4, 39)",1,-0.08
494,5,"(5, 39)",1,-0.08
494,6,"(6, 39)",1,-0.08
494,7,"(7, 39)",1,-0.08
494,8,"(8, 39)",1,-0.08
494,9,"(9, 39)",1,-0.08
494,10,"(10, 39)",1,-0.08
494,11,"(11, 39)",0,-0.08
494,12,"(11, 38)",0,-0.08
494,13,"(11, 37)",1,-0.08
494,14,"(12, 37)",1,-0.08
494,15,"(13, 37)",1,-0.08
494,16,"(14, 37)",1,-0.08
494,17,"(15, 37)",1,-0.08
494,18,"(16, 37)",0,-0.08
494,19,"(16, 36)",1,-0.08
494,20,"(17, 36)",0,-0.08
494,21,"(17, 35)",0,-0.08
494,22,"(17, 34)",1,-0.08
494,23,"(18, 34)",0,-0.08
494,24,"(18, 33)",1,-0.08
494,25,"(19, 33)",0,-0.08
494,26,"(19, 32)",0,-0.08
494,27,"(19, 31)",0,-0.08
494,28,"(19, 30)",0,-0.08
494,29,"(19, 29)",1,-0.08
494,30,"(20, 29)",0,-0.08
494,31,"(20, 28)",0,-0.08
494,32,"(20, 27)",1,-0.08
494,33,"(21, 27)",0,-0.08
494,34,"(21, 26)",1,-0.08
494,35,"(22, 26)",0,-0.08
494,36,"(22, 25)",0,-0.08
494,37,"(22, 24)",0,-0.08
494,38,"(22, 23)",1,-0.08
494,39,"(23, 23)",1,-0.08
494,40,"(24, 23)",1,-0.08
494,41,"(25, 23)",0,-0.08
494,42,"(25, 22)",0,-0.08
494,43,"(25, 21)",1,-0.08
494,44,"(26, 21)",1,-0.08
494,45,"(27, 21)",0,-0.08
494,46,"(27, 20)",0,-0.08
494,47,"(27, 19)",0,-0.08
494,48,"(27, 18)",0,-0.08
494,49,"(27, 17)",0,-0.08
494,50,"(27, 16)",1,-0.08
494,51,"(28, 16)",1,-0.08
494,52,"(29, 16)",0,-0.08
494,53,"(29, 15)",1,-0.08
494,54,"(30, 15)",1,-0.08
494,55,"(31, 15)",1,-0.08
494,56,"(32, 15)",0,-0.08
494,57,"(32, 14)",0,-0.08
494,58,"(32, 13)",1,-0.08
494,59,"(33, 13)",1,-0.08
494,60,"(34, 13)",1,-0.08
494,61,"(35, 13)",1,-0.08
494,62,"(36, 13)",1,-0.08
494,63,"(37, 13)",1,-0.08
494,64,"(38, 13)",1,-0.08
494,65,"(39, 13)",1,-0.08
494,66,"(40, 13)",1,-0.08
494,67,"(41, 13)",1,-0.08
494,68,"(42, 13)",1,-0.08
494,69,"(43, 13)",1,-0.08
494,70,"(44, 13)",1,-0.08
494,71,"(45, 13)",0,-0.08
494,72,"(45, 12)",0,-0.08
494,73,"(45, 11)",0,-0.08
494,74,"(45, 10)",0,-0.08
494,75,"(45, 9)",0,-0.08
494,76,"(45, 8)",0,-0.08
494,77,"(45, 7)",1,-0.08
494,78,"(46, 7)",1,-0.08
494,79,"(47, 7)",0,-0.08
494,80,"(47, 6)",1,-0.08
494,81,"(48, 6)",1,-0.08
494,82,"(49, 6)",0,-0.08
494,83,"(49, 5)",1,-0.08
494,84,"(50, 5)",1,-0.08
494,85,"(51, 5)",1,-0.08
494,86,"(52, 5)",1,-0.08
494,87,"(53, 5)",0,-0.08
494,88,"(53, 4)",0,-0.08
494,89,"(53, 3)",1,-0.08
494,90,"(54, 3)",1,-0.08
494,91,"(55, 3)",1,-0.08
494,92,"(56, 3)",0,-0.08
494,93,"(56, 2)",0,-0.08
494,94,"(56, 1)",1,-0.08
494,95,"(57, 1)",1,-0.08
494,96,"(58, 1)",1,-0.08
494,97,"(59, 1)",1,-0.08
494,98,"(60, 1)",1,-0.08
494,99,"(61, 1)",1,-0.08
494,100,"(62, 1)",1,-0.08
494,101,"(63, 1)",1,-0.08
494,102,"(64, 1)",1,-0.08
494,103,"(65, 1)",1,-0.08
494,104,"(66, 1)",1,-0.08
494,105,"(67, 1)",1,-0.08
494,106,"(68, 1)",1,-0.08
494,107,"(69, 1)",1,-0.08
494,108,"(70, 1)",1,-0.08
494,109,"(71, 1)",2,-0.08
494,110,"(71, 2)",2,-0.08
494,111,"(71, 3)",1,-0.08
494,112,"(72, 3)",1,-0.08
494,113,"(73, 3)",0,-0.08
494,114,"(73, 2)",0,-0.08
494,115,"(73, 1)",1,-0.08
494,116,"(74, 1)",1,-0.08
494,117,"(75, 1)",1,-0.08
494,118,"(76, 1)",1,-0.08
494,119,"(77, 1)",0,-0.08
494,120,"(77, 0)",1,-0.08
494,121,"(78, 0)",1,8.33
495,0,"(0, 39)",1,-0.08
495,1,"(1, 39)",1,-0.08
495,2,"(2, 39)",1,-0.08
495,3,"(3, 39)",1,-0.08
495,4,"(4, 39)",1,-0.08
495,5,"(5, 39)",1,-0.08
495,6,"(6, 39)",1,-0.08
495,7,"(7, 39)",1,-0.08
495,8,"(8, 39)",1,-0.08
495,9,"(9, 39)",1,-0.08
495,10,"(10, 39)",0,-0.08
495,11,"(10, 38)",1,-0.08
495,12,"(11, 38)",0,-0.08
495,13,"(11, 37)",1,-0.08
495,14,"(12, 37)",1,-0.08
495,15,"(13, 37)",1,-0.08
495,16,"(14, 37)",1,-0.08
495,17,"(15, 37)",0,-0.08
495,18,"(15, 36)",1,-0.08
495,19,"(16, 36)",1,-0.08
495,20,"(17, 36)",0,-0.08
495,21,"(17, 35)",1,-0.08
495,22,"(18, 35)",1,-0.08
495,23,"(19, 35)",0,-0.08
495,24,"(19, 34)",0,-0.08
495,25,"(19, 33)",0,-0.08
495,26,"(19, 32)",0,-0.08
495,27,"(19, 31)",0,-0.08
495,28,"(19, 30)",0,-0.08
495,29,"(19, 29)",1,-0.08
495,30,"(20, 29)",0,-0.08
495,31,"(20, 28)",0,-0.08
495,32,"(20, 27)",1,-0.08
495,33,"(21, 27)",0,-0.08
495,34,"(21, 26)",0,-0.08
495,35,"(21, 25)",1,-0.08
495,36,"(22, 25)",0,-0.08
495,37,"(22, 24)",0,-0.08
495,38,"(22, 23)",1,-0.08
495,39,"(23, 23)",1,-0.08
495,40,"(24, 23)",1,-0.08
495,41,"(25, 23)",0,-0.08
495,42,"(25, 22)",0,-0.08
495,43,"(25, 21)",0,-0.08
495,44,"(25, 20)",0,-0.08
495,45,"(25, 19)",0,-0.08
495,46,"(25, 18)",1,-0.08
495,47,"(26, 18)",1,-0.08
495,48,"(27, 18)",0,-0.08
495,49,"(27, 17)",1,-0.08
495,50,"(28, 17)",0,-0.08
495,51,"(28, 16)",1,-0.08
495,52,"(29, 16)",0,-0.08
495,53,"(29, 15)",1,-0.08
495,54,"(30, 15)",1,-0.08
495,55,"(31, 15)",0,-0.08
495,56,"(31, 14)",1,-0.08
495,57,"(32, 14)",0,-0.08
495,58,"(32, 13)",1,-0.08
495,59,"(33, 13)",1,-0.08
495,60,"(34, 13)",1,-0.08
495,61,"(35, 13)",1,-0.08
495,62,"(36, 13)",1,-0.08
495,63,"(37, 13)",1,-0.08
495,64,"(38, 13)",1,-0.08
495,65,"(39, 13)",0,-0.08
495,66,"(39, 12)",0,-0.08
495,67,"(39, 11)",1,-0.08
495,68,"(40, 11)",1,-0.08
495,69,"(41, 11)",1,-0.08
495,70,"(42, 11)",1,-0.08
495,71,"(43, 11)",1,-0.08
495,72,"(44, 11)",1,-0.08
495,73,"(45, 11)",0,-0.08
495,74,"(45, 10)",1,-0.08
495,75,"(46, 10)",0,-0.08
495,76,"(46, 9)",0,-0.08
495,77,"(46, 8)",0,-0.08
495,78,"(46, 7)",1,-0.08
495,79,"(47, 7)",0,-0.08
495,80,"(47, 6)",1,-0.08
495,81,"(48, 6)",1,-0.08
495,82,"(49, 6)",0,-0.08
495,83,"(49, 5)",1,-0.08
495,84,"(50, 5)",1,-0.08
495,85,"(51, 5)",1,-0.08
495,86,"(52, 5)",1,-0.08
495,87,"(53, 5)",0,-0.08
495,88,"(53, 4)",0,-0.08
495,89,"(53, 3)",1,-0.08
495,90,"(54, 3)",1,-0.08
495,91,"(55, 3)",1,-0.08
495,92,"(56, 3)",1,-0.08
495,93,"(57, 3)",0,-0.08
495,94,"(57, 2)",1,-0.08
495,95,"(58, 2)",1,-0.08
495,96,"(59, 2)",0,-0.08
495,97,"(59, 1)",1,-0.08
495,98,"(60, 1)",1,-0.08
495,99,"(61, 1)",1,-0.08
495,100,"(62, 1)",1,-0.08
495,101,"(63, 1)",1,-0.08
495,102,"(64, 1)",1,-0.08
495,103,"(65, 1)",1,-0.08
495,104,"(66, 1)",1,-0.08
495,105,"(67, 1)",1,-0.08
495,106,"(68, 1)",1,-0.08
495,107,"(69, 1)",1,-0.08
495,108,"(70, 1)",1,-0.08
495,109,"(71, 1)",2,-0.08
495,110,"(71, 2)",2,-0.08
495,111,"(71, 3)",1,-0.08
495,112,"(72, 3)",1,-0.08
495,113,"(73, 3)",0,-0.08
495,114,"(73, 2)",0,-0.08
495,115,"(73, 1)",1,-0.08
495,116,"(74, 1)",1,-0.08
495,117,"(75, 1)",0,-0.08
495,118,"(75, 0)",1,-0.08
495,119,"(76, 0)",1,-0.08
495,120,"(77, 0)",1,-0.08
495,121,"(78, 0)",1,8.33
496,0,"(0, 39)",1,-0.08
496,1,"(1, 39)",1,-0.08
496,2,"(2, 39)",1,-0.08
496,3,"(3, 39)",1,-0.08
496,4,"(4, 39)",1,-0.08
496,5,"(5, 39)",1,-0.08
496,6,"(6, 39)",1,-0.08
496,7,"(7, 39)",1,-0.08
496,8,"(8, 39)",1,-0.08
496,9,"(9, 39)",1,-0.08
496,10,"(10, 39)",0,-0.08
496,11,"(10, 38)",0,-0.08
496,12,"(10, 37)",1,-0.08
496,13,"(11, 37)",1,-0.08
496,14,"(12, 37)",1,-0.08
496,15,"(13, 37)",1,-0.08
496,16,"(14, 37)",1,-0.08
496,17,"(15, 37)",0,-0.08
496,18,"(15, 36)",0,-0.08
496,19,"(15, 35)",0,-0.08
496,20,"(15, 34)",0,-0.08
496,21,"(15, 33)",1,-0.08
496,22,"(16, 33)",1,-0.08
496,23,"(17, 33)",1,-0.08
496,24,"(18, 33)",1,-0.08
496,25,"(19, 33)",0,-0.08
496,26,"(19, 32)",0,-0.08
496,27,"(19, 31)",0,-0.08
496,28,"(19, 30)",0,-0.08
496,29,"(19, 29)",1,-0.08
496,30,"(20, 29)",0,-0.08
496,31,"(20, 28)",0,-0.08
496,32,"(20, 27)",1,-0.08
496,33,"(21, 27)",0,-0.08
496,34,"(21, 26)",0,-0.08
496,35,"(21, 25)",1,-0.08
496,36,"(22, 25)",1,-0.08
496,37,"(23, 25)",1,-0.08
496,38,"(24, 25)",1,-0.08
496,39,"(25, 25)",0,-0.08
496,40,"(25, 24)",0,-0.08
496,41,"(25, 23)",0,-0.08
496,42,"(25, 22)",0,-0.08
496,43,"(25, 21)",1,-0.08
496,44,"(26, 21)",1,-0.08
496,45,"(27, 21)",0,-0.08
496,46,"(27, 20)",0,-0.08
496,47,"(27, 19)",1,-0.08
496,48,"(28, 19)",1,-0.08
496,49,"(29, 19)",1,-0.08
496,50,"(30, 19)",1,-0.08
496,51,"(31, 19)",1,-0.08
496,52,"(32, 19)",0,-0.08
496,53,"(32, 18)",0,-0.08
496,54,"(32, 17)",0,-0.08
496,55,"(32, 16)",0,-0.08
496,56,"(32, 15)",0,-0.08
496,57,"(32, 14)",0,-0.08
496,58,"(32, 13)",1,-0.08
496,59,"(33, 13)",1,-0.08
496,60,"(34, 13)",1,-0.08
496,61,"(35, 13)",1,-0.08
496,62,"(36, 13)",1,-0.08
496,63,"(37, 13)",1,-0.08
496,64,"(38, 13)",1,-0.08
496,65,"(39, 13)",0,-0.08
496,66,"(39, 12)",0,-0.08
496,67,"(39, 11)",1,-0.08
496,68,"(40, 11)",1,-0.08
496,69,"(41, 11)",1,-0.08
496,70,"(42, 11)",1,-0.08
496,71,"(43, 11)",1,-0.08
496,72,"(44, 11)",1,-0.08
496,73,"(45, 11)",0,-0.08
496,74,"(45, 10)",0,-0.08
496,75,"(45, 9)",0,-0.08
496,76,"(45, 8)",1,-0.08
496,77,"(46, 8)",0,-0.08
496,78,"(46, 7)",0,-0.08
496,79,"(46, 6)",1,-0.08
496,80,"(47, 6)",1,-0.08
496,81,"(48, 6)",1,-0.08
496,82,"(49, 6)",0,-0.08
496,83,"(49, 5)",1,-0.08
496,84,"(50, 5)",1,-0.08
496,85,"(51, 5)",0,-0.08
496,86,"(51, 4)",0,-0.08
496,87,"(51, 3)",0,-0.08
496,88,"(51, 2)",0,-0.08
496,89,"(51, 1)",1,-0.08
496,90,"(52, 1)",1,-0.08
496,91,"(53, 1)",1,-0.08
496,92,"(54, 1)",1,-0.08
496,93,"(55, 1)",1,-0.08
496,94,"(56, 1)",1,-0.08
496,95,"(57, 1)",1,-0.08
496,96,"(58, 1)",1,-0.08
496,97,"(59, 1)",1,-0.08
496,98,"(60, 1)",1,-0.08
496,99,"(61, 1)",1,-0.08
496,100,"(62, 1)",1,-0.08
496,101,"(63, 1)",1,-0.08
496,102,"(64, 1)",1,-0.08
496,103,"(65, 1)",1,-0.08
496,104,"(66, 1)",1,-0.08
496,105,"(67, 1)",1,-0.08
496,106,"(68, 1)",1,-0.08
496,107,"(69, 1)",1,-0.08
496,108,"(70, 1)",1,-0.08
496,109,"(71, 1)",2,-0.08
496,110,"(71, 2)",2,-0.08
496,111,"(71, 3)",1,-0.08
496,112,"(72, 3)",1,-0.08
496,113,"(73, 3)",0,-0.08
496,114,"(73, 2)",0,-0.08
496,115,"(73, 1)",1,-0.08
496,116,"(74, 1)",0,-0.08
496,117,"(74, 0)",1,-0.08
496,118,"(75, 0)",1,-0.08
496,119,"(76, 0)",1,-0.08
496,120,"(77, 0)",1,-0.08
496,121,"(78, 0)",1,8.33
497,0,"(0, 39)",1,-0.08
497,1,"(1, 39)",1,-0.08
497,2,"(2, 39)",1,-0.08
497,3,"(3, 39)",1,-0.08
497,4,"(4, 39)",1,-0.08
497,5,"(5, 39)",1,-0.08
497,6,"(6, 39)",1,-0.08
497,7,"(7, 39)",1,-0.08
497,8,"(8, 39)",1,-0.08
497,9,"(9, 39)",1,-0.08
497,10,"(10, 39)",1,-0.08
497,11,"(11, 39)",0,-0.08
497,12,"(11, 38)",0,-0.08
497,13,"(11, 37)",1,-0.08
497,14,"(12, 37)",1,-0.08
497,15,"(13, 37)",1,-0.08
497,16,"(14, 37)",1,-0.08
497,17,"(15, 37)",0,-0.08
497,18,"(15, 36)",1,-0.08
497,19,"(16, 36)",1,-0.08
497,20,"(17, 36)",0,-0.08
497,21,"(17, 35)",1,-0.08
497,22,"(18, 35)",0,-0.08
497,23,"(18, 34)",1,-0.08
497,24,"(19, 34)",0,-0.08
497,25,"(19, 33)",0,-0.08
497,26,"(19, 32)",0,-0.08
497,27,"(19, 31)",0,-0.08
497,28,"(19, 30)",0,-0.08
497,29,"(19, 29)",1,-0.08
497,30,"(20, 29)",0,-0.08
497,31,"(20, 28)",0,-0.08
497,32,"(20, 27)",1,-0.08
497,33,"(21, 27)",0,-0.08
497,34,"(21, 26)",1,-0.08
497,35,"(22, 26)",1,-0.08
497,36,"(23, 26)",1,-0.08
497,37,"(24, 26)",0,-0.08
497,38,"(24, 25)",1,-0.08
497,39,"(25, 25)",0,-0.08
497,40,"(25, 24)",0,-0.08
497,41,"(25, 23)",0,-0.08
497,42,"(25, 22)",0,-0.08
497,43,"(25, 21)",1,-0.08
497,44,"(26, 21)",1,-0.08
497,45,"(27, 21)",0,-0.08
497,46,"(27, 20)",1,-0.08
497,47,"(28, 20)",0,-0.08
497,48,"(28, 19)",1,-0.08
497,49,"(29, 19)",1,-0.08
497,50,"(30, 19)",1,-0.08
497,51,"(31, 19)",0,-0.08
497,52,"(31, 18)",1,-0.08
497,53,"(32, 18)",0,-0.08
497,54,"(32, 17)",1,-0.08
497,55,"(33, 17)",1,-0.08
497,56,"(34, 17)",1,-0.08
497,57,"(35, 17)",1,-0.08
497,58,"(36, 17)",1,-0.08
497,59,"(37, 17)",1,-0.08
497,60,"(38, 17)",1,-0.08
497,61,"(39, 17)",0,-0.08
497,62,"(39, 16)",0,-0.08
497,63,"(39, 15)",1,-0.08
497,64,"(40, 15)",0,-0.08
497,65,"(40, 14)",0,-0.08
497,66,"(40, 13)",1,-0.08
497,67,"(41, 13)",1,-0.08
497,68,"(42, 13)",1,-0.08
497,69,"(43, 13)",1,-0.08
497,70,"(44, 13)",1,-0.08
497,71,"(45, 13)",0,-0.08
497,72,"(45, 12)",0,-0.08
497,73,"(45, 11)",0,-0.08
497,74,"(45, 10)",1,-0.08
497,75,"(46, 10)",0,-0.08
497,76,"(46, 9)",0,-0.08
497,77,"(46, 8)",0,-0.08
497,78,"(46, 7)",0,-0.08
497,79,"(46, 6)",1,-0.08
497,80,"(47, 6)",1,-0.08
497,81,"(48, 6)",1,-0.08
497,82,"(49, 6)",0,-0.08
497,83,"(49, 5)",1,-0.08
497,84,"(50, 5)",1,-0.08
497,85,"(51, 5)",1,-0.08
497,86,"(52, 5)",1,-0.08
497,87,"(53, 5)",0,-0.08
497,88,"(53, 4)",0,-0.08
497,89,"(53, 3)",1,-0.08
497,90,"(54, 3)",1,-0.08
497,91,"(55, 3)",1,-0.08
497,92,"(56, 3)",1,-0.08
497,93,"(57, 3)",0,-0.08
497,94,"(57, 2)",1,-0.08
497,95,"(58, 2)",1,-0.08
497,96,"(59, 2)",0,-0.08
497,97,"(59, 1)",1,-0.08
497,98,"(60, 1)",1,-0.08
497,99,"(61, 1)",1,-0.08
497,100,"(62, 1)",1,-0.08
497,101,"(63, 1)",1,-0.08
497,102,"(64, 1)",1,-0.08
497,103,"(65, 1)",1,-0.08
497,104,"(66, 1)",1,-0.08
497,105,"(67, 1)",1,-0.08
497,106,"(68, 1)",1,-0.08
497,107,"(69, 1)",1,-0.08
497,108,"(70, 1)",1,-0.08
497,109,"(71, 1)",2,-0.08
497,110,"(71, 2)",2,-0.08
497,111,"(71, 3)",1,-0.08
497,112,"(72, 3)",1,-0.08
497,113,"(73, 3)",0,-0.08
497,114,"(73, 2)",0,-0.08
497,115,"(73, 1)",1,-0.08
497,116,"(74, 1)",0,-0.08
497,117,"(74, 0)",1,-0.08
497,118,"(75, 0)",1,-0.08
497,119,"(76, 0)",1,-0.08
497,120,"(77, 0)",1,-0.08
497,121,"(78, 0)",1,8.33
498,0,"(0, 39)",1,-0.08
498,1,"(1, 39)",1,-0.08
498,2,"(2, 39)",1,-0.08
498,3,"(3, 39)",1,-0.08
498,4,"(4, 39)",1,-0.08
498,5,"(5, 39)",1,-0.08
498,6,"(6, 39)",1,-0.08
498,7,"(7, 39)",1,-0.08
498,8,"(8, 39)",1,-0.08
498,9,"(9, 39)",1,-0.08
498,10,"(10, 39)",0,-0.08
498,11,"(10, 38)",1,-0.08
498,12,"(11, 38)",0,-0.08
498,13,"(11, 37)",1,-0.08
498,14,"(12, 37)",1,-0.08
498,15,"(13, 37)",1,-0.08
498,16,"(14, 37)",1,-0.08
498,17,"(15, 37)",0,-0.08
498,18,"(15, 36)",0,-0.08
498,19,"(15, 35)",0,-0.08
498,20,"(15, 34)",0,-0.08
498,21,"(15, 33)",1,-0.08
498,22,"(16, 33)",1,-0.08
498,23,"(17, 33)",1,-0.08
498,24,"(18, 33)",1,-0.08
498,25,"(19, 33)",0,-0.08
498,26,"(19, 32)",0,-0.08
498,27,"(19, 31)",0,-0.08
498,28,"(19, 30)",0,-0.08
498,29,"(19, 29)",1,-0.08
498,30,"(20, 29)",0,-0.08
498,31,"(20, 28)",0,-0.08
498,32,"(20, 27)",1,-0.08
498,33,"(21, 27)",0,-0.08
498,34,"(21, 26)",1,-0.08
498,35,"(22, 26)",1,-0.08
498,36,"(23, 26)",0,-0.08
498,37,"(23, 25)",1,-0.08
498,38,"(24, 25)",1,-0.08
498,39,"(25, 25)",1,-0.08
498,40,"(26, 25)",1,-0.08
498,41,"(27, 25)",1,-0.08
498,42,"(28, 25)",1,-0.08
498,43,"(29, 25)",1,-0.08
498,44,"(30, 25)",1,-0.08
498,45,"(31, 25)",0,-0.08
498,46,"(31, 24)",0,-0.08
498,47,"(31, 23)",1,-0.08
498,48,"(32, 23)",1,-0.08
498,49,"(33, 23)",0,-0.08
498,50,"(33, 22)",0,-0.08
498,51,"(33, 21)",1,-0.08
498,52,"(34, 21)",1,-0.08
498,53,"(35, 21)",0,-0.08
498,54,"(35, 20)",0,-0.08
498,55,"(35, 19)",0,-0.08
498,56,"(35, 18)",0,-0.08
498,57,"(35, 17)",1,-0.08
498,58,"(36, 17)",1,-0.08
498,59,"(37, 17)",0,-0.08
498,60,"(37, 16)",0,-0.08
498,61,"(37, 15)",0,-0.08
498,62,"(37, 14)",0,-0.08
498,63,"(37, 13)",1,-0.08
498,64,"(38, 13)",1,-0.08
498,65,"(39, 13)",1,-0.08
498,66,"(40, 13)",1,-0.08
498,67,"(41, 13)",1,-0.08
498,68,"(42, 13)",1,-0.08
498,69,"(43, 13)",0,-0.08
498,70,"(43, 12)",0,-0.08
498,71,"(43, 11)",1,-0.08
498,72,"(44, 11)",1,-0.08
498,73,"(45, 11)",0,-0.08
498,74,"(45, 10)",1,-0.08
498,75,"(46, 10)",0,-0.08
498,76,"(46, 9)",0,-0.08
498,77,"(46, 8)",0,-0.08
498,78,"(46, 7)",0,-0.08
498,79,"(46, 6)",1,-0.08
498,80,"(47, 6)",1,-0.08
498,81,"(48, 6)",1,-0.08
498,82,"(49, 6)",0,-0.08
498,83,"(49, 5)",1,-0.08
498,84,"(50, 5)",1,-0.08
498,85,"(51, 5)",1,-0.08
498,86,"(52, 5)",1,-0.08
498,87,"(53, 5)",0,-0.08
498,88,"(53, 4)",0,-0.08
498,89,"(53, 3)",0,-0.08
498,90,"(53, 2)",0,-0.08
498,91,"(53, 1)",1,-0.08
498,92,"(54, 1)",1,-0.08
498,93,"(55, 1)",1,-0.08
498,94,"(56, 1)",1,-0.08
498,95,"(57, 1)",1,-0.08
498,96,"(58, 1)",1,-0.08
498,97,"(59, 1)",1,-0.08
498,98,"(60, 1)",1,-0.08
498,99,"(61, 1)",1,-0.08
498,100,"(62, 1)",1,-0.08
498,101,"(63, 1)",1,-0.08
498,102,"(64, 1)",1,-0.08
498,103,"(65, 1)",1,-0.08
498,104,"(66, 1)",1,-0.08
498,105,"(67, 1)",1,-0.08
498,106,"(68, 1)",1,-0.08
498,107,"(69, 1)",1,-0.08
498,108,"(70, 1)",1,-0.08
498,109,"(71, 1)",2,-0.08
498,110,"(71, 2)",2,-0.08
498,111,"(71, 3)",1,-0.08
498,112,"(72, 3)",1,-0.08
498,113,"(73, 3)",1,-0.08
498,114,"(74, 3)",1,-0.08
498,115,"(75, 3)",1,-0.08
498,116,"(76, 3)",1,-0.08
498,117,"(77, 3)",0,-0.08
498,118,"(77, 2)",0,-0.08
498,119,"(77, 1)",0,-0.08
498,120,"(77, 0)",1,-0.08
498,121,"(78, 0)",1,8.33
499,0,"(0, 39)",1,-0.08
499,1,"(1, 39)",1,-0.08
499,2,"(2, 39)",1,-0.08
499,3,"(3, 39)",1,-0.08
499,4,"(4, 39)",1,-0.08
499,5,"(5, 39)",1,-0.08
499,6,"(6, 39)",1,-0.08
499,7,"(7, 39)",1,-0.08
499,8,"(8, 39)",1,-0.08
499,9,"(9, 39)",1,-0.08
499,10,"(10, 39)",1,-0.08
499,11,"(11, 39)",0,-0.08
499,12,"(11, 38)",0,-0.08
499,13,"(11, 37)",1,-0.08
499,14,"(12, 37)",1,-0.08
499,15,"(13, 37)",1,-0.08
499,16,"(14, 37)",1,-0.08
499,17,"(15, 37)",0,-0.08
499,18,"(15, 36)",1,-0.08
499,19,"(16, 36)",1,-0.08
499,20,"(17, 36)",0,-0.08
499,21,"(17, 35)",1,-0.08
499,22,"(18, 35)",0,-0.08
499,23,"(18, 34)",1,-0.08
499,24,"(19, 34)",0,-0.08
499,25,"(19, 33)",0,-0.08
499,26,"(19, 32)",0,-0.08
499,27,"(19, 31)",0,-0.08
499,28,"(19, 30)",0,-0.08
499,29,"(19, 29)",1,-0.08
499,30,"(20, 29)",0,-0.08
499,31,"(20, 28)",0,-0.08
499,32,"(20, 27)",1,-0.08
499,33,"(21, 27)",0,-0.08
499,34,"(21, 26)",1,-0.08
499,35,"(22, 26)",0,-0.08
499,36,"(22, 25)",1,-0.08
499,37,"(23, 25)",1,-0.08
499,38,"(24, 25)",1,-0.08
499,39,"(25, 25)",1,-0.08
499,40,"(26, 25)",1,-0.08
499,41,"(27, 25)",1,-0.08
499,42,"(28, 25)",1,-0.08
499,43,"(29, 25)",1,-0.08
499,44,"(30, 25)",1,-0.08
499,45,"(31, 25)",0,-0.08
499,46,"(31, 24)",0,-0.08
499,47,"(31, 23)",1,-0.08
499,48,"(32, 23)",1,-0.08
499,49,"(33, 23)",0,-0.08
499,50,"(33, 22)",0,-0.08
499,51,"(33, 21)",1,-0.08
499,52,"(34, 21)",1,-0.08
499,53,"(35, 21)",0,-0.08
499,54,"(35, 20)",0,-0.08
499,55,"(35, 19)",0,-0.08
499,56,"(35, 18)",0,-0.08
499,57,"(35, 17)",1,-0.08
499,58,"(36, 17)",1,-0.08
499,59,"(37, 17)",0,-0.08
499,60,"(37, 16)",0,-0.08
499,61,"(37, 15)",0,-0.08
499,62,"(37, 14)",0,-0.08
499,63,"(37, 13)",1,-0.08
499,64,"(38, 13)",1,-0.08
499,65,"(39, 13)",0,-0.08
499,66,"(39, 12)",0,-0.08
499,67,"(39, 11)",1,-0.08
499,68,"(40, 11)",1,-0.08
499,69,"(41, 11)",1,-0.08
499,70,"(42, 11)",1,-0.08
499,71,"(43, 11)",1,-0.08
499,72,"(44, 11)",1,-0.08
499,73,"(45, 11)",0,-0.08
499,74,"(45, 10)",1,-0.08
499,75,"(46, 10)",0,-0.08
499,76,"(46, 9)",0,-0.08
499,77,"(46, 8)",0,-0.08
499,78,"(46, 7)",0,-0.08
499,79,"(46, 6)",1,-0.08
499,80,"(47, 6)",1,-0.08
499,81,"(48, 6)",1,-0.08
499,82,"(49, 6)",0,-0.08
499,83,"(49, 5)",1,-0.08
499,84,"(50, 5)",1,-0.08
499,85,"(51, 5)",1,-0.08
499,86,"(52, 5)",1,-0.08
499,87,"(53, 5)",0,-0.08
499,88,"(53, 4)",0,-0.08
499,89,"(53, 3)",1,-0.08
499,90,"(54, 3)",1,-0.08
499,91,"(55, 3)",1,-0.08
499,92,"(56, 3)",1,-0.08
499,93,"(57, 3)",0,-0.08
499,94,"(57, 2)",1,-0.08
499,95,"(58, 2)",1,-0.08
499,96,"(59, 2)",0,-0.08
499,97,"(59, 1)",1,-0.08
499,98,"(60, 1)",1,-0.08
499,99,"(61, 1)",1,-0.08
499,100,"(62, 1)",1,-0.08
499,101,"(63, 1)",1,-0.08
499,102,"(64, 1)",1,-0.08
499,103,"(65, 1)",1,-0.08
499,104,"(66, 1)",1,-0.08
499,105,"(67, 1)",1,-0.08
499,106,"(68, 1)",1,-0.08
499,107,"(69, 1)",1,-0.08
499,108,"(70, 1)",1,-0.08
499,109,"(71, 1)",2,-0.08
499,110,"(71, 2)",2,-0.08
499,111,"(71, 3)",1,-0.08
499,112,"(72, 3)",1,-0.08
499,113,"(73, 3)",1,-0.08
499,114,"(74, 3)",1,-0.08
499,115,"(75, 3)",1,-0.08
499,116,"(76, 3)",1,-0.08
499,117,"(77, 3)",0,-0.08
499,118,"(77, 2)",0,-0.08
499,119,"(77, 1)",1,-0.08
499,120,"(78, 1)",1,-0.08
499,121,"(79, 1)",0,8.33
500,0,"(0, 39)",1,-0.08
500,1,"(1, 39)",1,-0.08
500,2,"(2, 39)",1,-0.08
500,3,"(3, 39)",1,-0.08
500,4,"(4, 39)",1,-0.08
500,5,"(5, 39)",1,-0.08
500,6,"(6, 39)",1,-0.08
500,7,"(7, 39)",1,-0.08
500,8,"(8, 39)",1,-0.08
500,9,"(9, 39)",1,-0.08
500,10,"(10, 39)",0,-0.08
500,11,"(10, 38)",1,-0.08
500,12,"(11, 38)",0,-0.08
500,13,"(11, 37)",1,-0.08
500,14,"(12, 37)",1,-0.08
500,15,"(13, 37)",1,-0.08
500,16,"(14, 37)",1,-0.08
500,17,"(15, 37)",0,-0.08
500,18,"(15, 36)",0,-0.08
500,19,"(15, 35)",0,-0.08
500,20,"(15, 34)",0,-0.08
500,21,"(15, 33)",1,-0.08
500,22,"(16, 33)",1,-0.08
500,23,"(17, 33)",1,-0.08
500,24,"(18, 33)",1,-0.08
500,25,"(19, 33)",0,-0.08
500,26,"(19, 32)",0,-0.08
500,27,"(19, 31)",0,-0.08
500,28,"(19, 30)",0,-0.08
500,29,"(19, 29)",1,-0.08
500,30,"(20, 29)",0,-0.08
500,31,"(20, 28)",0,-0.08
500,32,"(20, 27)",1,-0.08
500,33,"(21, 27)",0,-0.08
500,34,"(21, 26)",0,-0.08
500,35,"(21, 25)",1,-0.08
500,36,"(22, 25)",0,-0.08
500,37,"(22, 24)",0,-0.08
500,38,"(22, 23)",1,-0.08
500,39,"(23, 23)",1,-0.08
500,40,"(24, 23)",1,-0.08
500,41,"(25, 23)",0,-0.08
500,42,"(25, 22)",0,-0.08
500,43,"(25, 21)",1,-0.08
500,44,"(26, 21)",1,-0.08
500,45,"(27, 21)",0,-0.08
500,46,"(27, 20)",0,-0.08
500,47,"(27, 19)",1,-0.08
500,48,"(28, 19)",1,-0.08
500,49,"(29, 19)",1,-0.08
500,50,"(30, 19)",1,-0.08
500,51,"(31, 19)",1,-0.08
500,52,"(32, 19)",1,-0.08
500,53,"(33, 19)",1,-0.08
500,54,"(34, 19)",1,-0.08
500,55,"(35, 19)",1,-0.08
500,56,"(36, 19)",1,-0.08
500,57,"(37, 19)",0,-0.08
500,58,"(37, 18)",0,-0.08
500,59,"(37, 17)",1,-0.08
500,60,"(38, 17)",1,-0.08
500,61,"(39, 17)",0,-0.08
500,62,"(39, 16)",0,-0.08
500,63,"(39, 15)",1,-0.08
500,64,"(40, 15)",0,-0.08
500,65,"(40, 14)",0,-0.08
500,66,"(40, 13)",1,-0.08
500,67,"(41, 13)",1,-0.08
500,68,"(42, 13)",1,-0.08
500,69,"(43, 13)",1,-0.08
500,70,"(44, 13)",1,-0.08
500,71,"(45, 13)",0,-0.08
500,72,"(45, 12)",0,-0.08
500,73,"(45, 11)",0,-0.08
500,74,"(45, 10)",0,-0.08
500,75,"(45, 9)",0,-0.08
500,76,"(45, 8)",1,-0.08
500,77,"(46, 8)",0,-0.08
500,78,"(46, 7)",0,-0.08
500,79,"(46, 6)",1,-0.08
500,80,"(47, 6)",1,-0.08
500,81,"(48, 6)",1,-0.08
500,82,"(49, 6)",0,-0.08
500,83,"(49, 5)",1,-0.08
500,84,"(50, 5)",1,-0.08
500,85,"(51, 5)",1,-0.08
500,86,"(52, 5)",1,-0.08
500,87,"(53, 5)",0,-0.08
500,88,"(53, 4)",0,-0.08
500,89,"(53, 3)",1,-0.08
500,90,"(54, 3)",1,-0.08
500,91,"(55, 3)",1,-0.08
500,92,"(56, 3)",0,-0.08
500,93,"(56, 2)",1,-0.08
500,94,"(57, 2)",0,-0.08
500,95,"(57, 1)",1,-0.08
500,96,"(58, 1)",1,-0.08
500,97,"(59, 1)",1,-0.08
500,98,"(60, 1)",1,-0.08
500,99,"(61, 1)",1,-0.08
500,100,"(62, 1)",1,-0.08
500,101,"(63, 1)",1,-0.08
500,102,"(64, 1)",1,-0.08
500,103,"(65, 1)",1,-0.08
500,104,"(66, 1)",1,-0.08
500,105,"(67, 1)",1,-0.08
500,106,"(68, 1)",1,-0.08
500,107,"(69, 1)",1,-0.08
500,108,"(70, 1)",1,-0.08
500,109,"(71, 1)",2,-0.08
500,110,"(71, 2)",2,-0.08
500,111,"(71, 3)",1,-0.08
500,112,"(72, 3)",1,-0.08
500,113,"(73, 3)",0,-0.08
500,114,"(73, 2)",0,-0.08
500,115,"(73, 1)",0,-0.08
500,116,"(73, 0)",1,-0.08
500,117,"(74, 0)",1,-0.08
500,118,"(75, 0)",1,-0.08
500,119,"(76, 0)",1,-0.08
500,120,"(77, 0)",1,-0.08
500,121,"(78, 0)",1,8.33
501,0,"(0, 39)",1,-0.08
501,1,"(1, 39)",1,-0.08
501,2,"(2, 39)",1,-0.08
501,3,"(3, 39)",1,-0.08
501,4,"(4, 39)",1,-0.08
501,5,"(5, 39)",1,-0.08
501,6,"(6, 39)",1,-0.08
501,7,"(7, 39)",1,-0.08
501,8,"(8, 39)",1,-0.08
501,9,"(9, 39)",1,-0.08
501,10,"(10, 39)",1,-0.08
501,11,"(11, 39)",1,-0.08
501,12,"(12, 39)",1,-0.08
501,13,"(13, 39)",1,-0.08
501,14,"(14, 39)",0,-0.08
501,15,"(14, 38)",0,-0.08
501,16,"(14, 37)",1,-0.08
501,17,"(15, 37)",1,-0.08
501,18,"(16, 37)",0,-0.08
501,19,"(16, 36)",1,-0.08
501,20,"(17, 36)",0,-0.08
501,21,"(17, 35)",0,-0.08
501,22,"(17, 34)",1,-0.08
501,23,"(18, 34)",0,-0.08
501,24,"(18, 33)",1,-0.08
501,25,"(19, 33)",0,-0.08
501,26,"(19, 32)",0,-0.08
501,27,"(19, 31)",0,-0.08
501,28,"(19, 30)",0,-0.08
501,29,"(19, 29)",1,-0.08
501,30,"(20, 29)",0,-0.08
501,31,"(20, 28)",0,-0.08
501,32,"(20, 27)",1,-0.08
501,33,"(21, 27)",0,-0.08
501,34,"(21, 26)",0,-0.08
501,35,"(21, 25)",1,-0.08
501,36,"(22, 25)",0,-0.08
501,37,"(22, 24)",0,-0.08
501,38,"(22, 23)",1,-0.08
501,39,"(23, 23)",1,-0.08
501,40,"(24, 23)",1,-0.08
501,41,"(25, 23)",0,-0.08
501,42,"(25, 22)",0,-0.08
501,43,"(25, 21)",1,-0.08
501,44,"(26, 21)",1,-0.08
501,45,"(27, 21)",0,-0.08
501,46,"(27, 20)",1,-0.08
501,47,"(28, 20)",0,-0.08
501,48,"(28, 19)",1,-0.08
501,49,"(29, 19)",1,-0.08
501,50,"(30, 19)",1,-0.08
501,51,"(31, 19)",1,-0.08
501,52,"(32, 19)",0,-0.08
501,53,"(32, 18)",0,-0.08
501,54,"(32, 17)",0,-0.08
501,55,"(32, 16)",0,-0.08
501,56,"(32, 15)",0,-0.08
501,57,"(32, 14)",0,-0.08
501,58,"(32, 13)",1,-0.08
501,59,"(33, 13)",1,-0.08
501,60,"(34, 13)",1,-0.08
501,61,"(35, 13)",1,-0.08
501,62,"(36, 13)",1,-0.08
501,63,"(37, 13)",1,-0.08
501,64,"(38, 13)",1,-0.08
501,65,"(39, 13)",1,-0.08
501,66,"(40, 13)",1,-0.08
501,67,"(41, 13)",1,-0.08
501,68,"(42, 13)",1,-0.08
501,69,"(43, 13)",1,-0.08
501,70,"(44, 13)",1,-0.08
501,71,"(45, 13)",0,-0.08
501,72,"(45, 12)",0,-0.08
501,73,"(45, 11)",0,-0.08
501,74,"(45, 10)",1,-0.08
501,75,"(46, 10)",0,-0.08
501,76,"(46, 9)",0,-0.08
501,77,"(46, 8)",0,-0.08
501,78,"(46, 7)",0,-0.08
501,79,"(46, 6)",1,-0.08
501,80,"(47, 6)",1,-0.08
501,81,"(48, 6)",1,-0.08
501,82,"(49, 6)",0,-0.08
501,83,"(49, 5)",1,-0.08
501,84,"(50, 5)",1,-0.08
501,85,"(51, 5)",1,-0.08
501,86,"(52, 5)",1,-0.08
501,87,"(53, 5)",0,-0.08
501,88,"(53, 4)",0,-0.08
501,89,"(53, 3)",0,-0.08
501,90,"(53, 2)",0,-0.08
501,91,"(53, 1)",1,-0.08
501,92,"(54, 1)",1,-0.08
501,93,"(55, 1)",1,-0.08
501,94,"(56, 1)",1,-0.08
501,95,"(57, 1)",1,-0.08
501,96,"(58, 1)",1,-0.08
501,97,"(59, 1)",1,-0.08
501,98,"(60, 1)",1,-0.08
501,99,"(61, 1)",1,-0.08
501,100,"(62, 1)",1,-0.08
501,101,"(63, 1)",1,-0.08
501,102,"(64, 1)",1,-0.08
501,103,"(65, 1)",1,-0.08
501,104,"(66, 1)",1,-0.08
501,105,"(67, 1)",1,-0.08
501,106,"(68, 1)",1,-0.08
501,107,"(69, 1)",1,-0.08
501,108,"(70, 1)",1,-0.08
501,109,"(71, 1)",2,-0.08
501,110,"(71, 2)",2,-0.08
501,111,"(71, 3)",1,-0.08
501,112,"(72, 3)",1,-0.08
501,113,"(73, 3)",0,-0.08
501,114,"(73, 2)",0,-0.08
501,115,"(73, 1)",0,-0.08
501,116,"(73, 0)",1,-0.08
501,117,"(74, 0)",1,-0.08
501,118,"(75, 0)",1,-0.08
501,119,"(76, 0)",1,-0.08
501,120,"(77, 0)",1,-0.08
501,121,"(78, 0)",1,8.33
502,0,"(0, 39)",1,-0.08
502,1,"(1, 39)",1,-0.08
502,2,"(2, 39)",1,-0.08
502,3,"(3, 39)",1,-0.08
502,4,"(4, 39)",1,-0.08
502,5,"(5, 39)",1,-0.08
502,6,"(6, 39)",1,-0.08
502,7,"(7, 39)",1,-0.08
502,8,"(8, 39)",1,-0.08
502,9,"(9, 39)",1,-0.08
502,10,"(10, 39)",0,-0.08
502,11,"(10, 38)",1,-0.08
502,12,"(11, 38)",0,-0.08
502,13,"(11, 37)",1,-0.08
502,14,"(12, 37)",1,-0.08
502,15,"(13, 37)",1,-0.08
502,16,"(14, 37)",1,-0.08
502,17,"(15, 37)",0,-0.08
502,18,"(15, 36)",0,-0.08
502,19,"(15, 35)",0,-0.08
502,20,"(15, 34)",0,-0.08
502,21,"(15, 33)",1,-0.08
502,22,"(16, 33)",1,-0.08
502,23,"(17, 33)",1,-0.08
502,24,"(18, 33)",1,-0.08
502,25,"(19, 33)",0,-0.08
502,26,"(19, 32)",0,-0.08
502,27,"(19, 31)",0,-0.08
502,28,"(19, 30)",0,-0.08
502,29,"(19, 29)",1,-0.08
502,30,"(20, 29)",0,-0.08
502,31,"(20, 28)",0,-0.08
502,32,"(20, 27)",1,-0.08
502,33,"(21, 27)",0,-0.08
502,34,"(21, 26)",0,-0.08
502,35,"(21, 25)",1,-0.08
502,36,"(22, 25)",0,-0.08
502,37,"(22, 24)",0,-0.08
502,38,"(22, 23)",1,-0.08
502,39,"(23, 23)",1,-0.08
502,40,"(24, 23)",1,-0.08
502,41,"(25, 23)",0,-0.08
502,42,"(25, 22)",0,-0.08
502,43,"(25, 21)",1,-0.08
502,44,"(26, 21)",1,-0.08
502,45,"(27, 21)",0,-0.08
502,46,"(27, 20)",0,-0.08
502,47,"(27, 19)",0,-0.08
502,48,"(27, 18)",0,-0.08
502,49,"(27, 17)",0,-0.08
502,50,"(27, 16)",1,-0.08
502,51,"(28, 16)",1,-0.08
502,52,"(29, 16)",0,-0.08
502,53,"(29, 15)",1,-0.08
502,54,"(30, 15)",1,-0.08
502,55,"(31, 15)",1,-0.08
502,56,"(32, 15)",0,-0.08
502,57,"(32, 14)",0,-0.08
502,58,"(32, 13)",1,-0.08
502,59,"(33, 13)",1,-0.08
502,60,"(34, 13)",1,-0.08
502,61,"(35, 13)",1,-0.08
502,62,"(36, 13)",1,-0.08
502,63,"(37, 13)",1,-0.08
502,64,"(38, 13)",1,-0.08
502,65,"(39, 13)",0,-0.08
502,66,"(39, 12)",0,-0.08
502,67,"(39, 11)",1,-0.08
502,68,"(40, 11)",1,-0.08
502,69,"(41, 11)",1,-0.08
502,70,"(42, 11)",1,-0.08
502,71,"(43, 11)",1,-0.08
502,72,"(44, 11)",1,-0.08
502,73,"(45, 11)",0,-0.08
502,74,"(45, 10)",0,-0.08
502,75,"(45, 9)",0,-0.08
502,76,"(45, 8)",1,-0.08
502,77,"(46, 8)",0,-0.08
502,78,"(46, 7)",1,-0.08
502,79,"(47, 7)",0,-0.08
502,80,"(47, 6)",1,-0.08
502,81,"(48, 6)",1,-0.08
502,82,"(49, 6)",0,-0.08
502,83,"(49, 5)",1,-0.08
502,84,"(50, 5)",1,-0.08
502,85,"(51, 5)",1,-0.08
502,86,"(52, 5)",1,-0.08
502,87,"(53, 5)",0,-0.08
502,88,"(53, 4)",0,-0.08
502,89,"(53, 3)",0,-0.08
502,90,"(53, 2)",0,-0.08
502,91,"(53, 1)",1,-0.08
502,92,"(54, 1)",1,-0.08
502,93,"(55, 1)",1,-0.08
502,94,"(56, 1)",1,-0.08
502,95,"(57, 1)",1,-0.08
502,96,"(58, 1)",1,-0.08
502,97,"(59, 1)",1,-0.08
502,98,"(60, 1)",1,-0.08
502,99,"(61, 1)",1,-0.08
502,100,"(62, 1)",1,-0.08
502,101,"(63, 1)",1,-0.08
502,102,"(64, 1)",1,-0.08
502,103,"(65, 1)",1,-0.08
502,104,"(66, 1)",1,-0.08
502,105,"(67, 1)",1,-0.08
502,106,"(68, 1)",1,-0.08
502,107,"(69, 1)",1,-0.08
502,108,"(70, 1)",1,-0.08
502,109,"(71, 1)",2,-0.08
502,110,"(71, 2)",2,-0.08
502,111,"(71, 3)",1,-0.08
502,112,"(72, 3)",1,-0.08
502,113,"(73, 3)",0,-0.08
502,114,"(73, 2)",0,-0.08
502,115,"(73, 1)",1,-0.08
502,116,"(74, 1)",1,-0.08
502,117,"(75, 1)",1,-0.08
502,118,"(76, 1)",0,-0.08
502,119,"(76, 0)",1,-0.08
502,120,"(77, 0)",1,-0.08
502,121,"(78, 0)",1,8.33
503,0,"(0, 39)",1,-0.08
503,1,"(1, 39)",1,-0.08
503,2,"(2, 39)",1,-0.08
503,3,"(3, 39)",1,-0.08
503,4,"(4, 39)",1,-0.08
503,5,"(5, 39)",1,-0.08
503,6,"(6, 39)",1,-0.08
503,7,"(7, 39)",1,-0.08
503,8,"(8, 39)",1,-0.08
503,9,"(9, 39)",1,-0.08
503,10,"(10, 39)",1,-0.08
503,11,"(11, 39)",1,-0.08
503,12,"(12, 39)",1,-0.08
503,13,"(13, 39)",1,-0.08
503,14,"(14, 39)",0,-0.08
503,15,"(14, 38)",0,-0.08
503,16,"(14, 37)",1,-0.08
503,17,"(15, 37)",1,-0.08
503,18,"(16, 37)",0,-0.08
503,19,"(16, 36)",1,-0.08
503,20,"(17, 36)",0,-0.08
503,21,"(17, 35)",0,-0.08
503,22,"(17, 34)",0,-0.08
503,23,"(17, 33)",1,-0.08
503,24,"(18, 33)",1,-0.08
503,25,"(19, 33)",0,-0.08
503,26,"(19, 32)",0,-0.08
503,27,"(19, 31)",0,-0.08
503,28,"(19, 30)",0,-0.08
503,29,"(19, 29)",1,-0.08
503,30,"(20, 29)",0,-0.08
503,31,"(20, 28)",0,-0.08
503,32,"(20, 27)",1,-0.08
503,33,"(21, 27)",0,-0.08
503,34,"(21, 26)",1,-0.08
503,35,"(22, 26)",0,-0.08
503,36,"(22, 25)",0,-0.08
503,37,"(22, 24)",0,-0.08
503,38,"(22, 23)",1,-0.08
503,39,"(23, 23)",1,-0.08
503,40,"(24, 23)",1,-0.08
503,41,"(25, 23)",0,-0.08
503,42,"(25, 22)",0,-0.08
503,43,"(25, 21)",1,-0.08
503,44,"(26, 21)",1,-0.08
503,45,"(27, 21)",0,-0.08
503,46,"(27, 20)",1,-0.08
503,47,"(28, 20)",0,-0.08
503,48,"(28, 19)",1,-0.08
503,49,"(29, 19)",1,-0.08
503,50,"(30, 19)",1,-0.08
503,51,"(31, 19)",1,-0.08
503,52,"(32, 19)",1,-0.08
503,53,"(33, 19)",1,-0.08
503,54,"(34, 19)",1,-0.08
503,55,"(35, 19)",1,-0.08
503,56,"(36, 19)",1,-0.08
503,57,"(37, 19)",0,-0.08
503,58,"(37, 18)",0,-0.08
503,59,"(37, 17)",0,-0.08
503,60,"(37, 16)",0,-0.08
503,61,"(37, 15)",0,-0.08
503,62,"(37, 14)",0,-0.08
503,63,"(37, 13)",1,-0.08
503,64,"(38, 13)",1,-0.08
503,65,"(39, 13)",0,-0.08
503,66,"(39, 12)",0,-0.08
503,67,"(39, 11)",1,-0.08
503,68,"(40, 11)",1,-0.08
503,69,"(41, 11)",1,-0.08
503,70,"(42, 11)",1,-0.08
503,71,"(43, 11)",1,-0.08
503,72,"(44, 11)",1,-0.08
503,73,"(45, 11)",0,-0.08
503,74,"(45, 10)",0,-0.08
503,75,"(45, 9)",1,-0.08
503,76,"(46, 9)",0,-0.08
503,77,"(46, 8)",0,-0.08
503,78,"(46, 7)",0,-0.08
503,79,"(46, 6)",1,-0.08
503,80,"(47, 6)",1,-0.08
503,81,"(48, 6)",1,-0.08
503,82,"(49, 6)",0,-0.08
503,83,"(49, 5)",1,-0.08
503,84,"(50, 5)",1,-0.08
503,85,"(51, 5)",1,-0.08
503,86,"(52, 5)",1,-0.08
503,87,"(53, 5)",0,-0.08
503,88,"(53, 4)",0,-0.08
503,89,"(53, 3)",0,-0.08
503,90,"(53, 2)",0,-0.08
503,91,"(53, 1)",1,-0.08
503,92,"(54, 1)",1,-0.08
503,93,"(55, 1)",1,-0.08
503,94,"(56, 1)",1,-0.08
503,95,"(57, 1)",1,-0.08
503,96,"(58, 1)",1,-0.08
503,97,"(59, 1)",1,-0.08
503,98,"(60, 1)",1,-0.08
503,99,"(61, 1)",1,-0.08
503,100,"(62, 1)",1,-0.08
503,101,"(63, 1)",1,-0.08
503,102,"(64, 1)",1,-0.08
503,103,"(65, 1)",1,-0.08
503,104,"(66, 1)",1,-0.08
503,105,"(67, 1)",1,-0.08
503,106,"(68, 1)",1,-0.08
503,107,"(69, 1)",1,-0.08
503,108,"(70, 1)",1,-0.08
503,109,"(71, 1)",2,-0.08
503,110,"(71, 2)",2,-0.08
503,111,"(71, 3)",1,-0.08
503,112,"(72, 3)",1,-0.08
503,113,"(73, 3)",0,-0.08
503,114,"(73, 2)",0,-0.08
503,115,"(73, 1)",1,-0.08
503,116,"(74, 1)",1,-0.08
503,117,"(75, 1)",1,-0.08
503,118,"(76, 1)",0,-0.08
503,119,"(76, 0)",1,-0.08
503,120,"(77, 0)",1,-0.08
503,121,"(78, 0)",1,8.33
504,0,"(0, 39)",1,-0.08
504,1,"(1, 39)",1,-0.08
504,2,"(2, 39)",1,-0.08
504,3,"(3, 39)",1,-0.08
504,4,"(4, 39)",1,-0.08
504,5,"(5, 39)",1,-0.08
504,6,"(6, 39)",1,-0.08
504,7,"(7, 39)",1,-0.08
504,8,"(8, 39)",1,-0.08
504,9,"(9, 39)",1,-0.08
504,10,"(10, 39)",1,-0.08
504,11,"(11, 39)",0,-0.08
504,12,"(11, 38)",0,-0.08
504,13,"(11, 37)",1,-0.08
504,14,"(12, 37)",1,-0.08
504,15,"(13, 37)",1,-0.08
504,16,"(14, 37)",1,-0.08
504,17,"(15, 37)",1,-0.08
504,18,"(16, 37)",1,-0.08
504,19,"(17, 37)",0,-0.08
504,20,"(17, 36)",0,-0.08
504,21,"(17, 35)",0,-0.08
504,22,"(17, 34)",0,-0.08
504,23,"(17, 33)",1,-0.08
504,24,"(18, 33)",1,-0.08
504,25,"(19, 33)",0,-0.08
504,26,"(19, 32)",0,-0.08
504,27,"(19, 31)",0,-0.08
504,28,"(19, 30)",0,-0.08
504,29,"(19, 29)",1,-0.08
504,30,"(20, 29)",0,-0.08
504,31,"(20, 28)",0,-0.08
504,32,"(20, 27)",1,-0.08
504,33,"(21, 27)",0,-0.08
504,34,"(21, 26)",0,-0.08
504,35,"(21, 25)",1,-0.08
504,36,"(22, 25)",0,-0.08
504,37,"(22, 24)",0,-0.08
504,38,"(22, 23)",1,-0.08
504,39,"(23, 23)",1,-0.08
504,40,"(24, 23)",1,-0.08
504,41,"(25, 23)",0,-0.08
504,42,"(25, 22)",0,-0.08
504,43,"(25, 21)",0,-0.08
504,44,"(25, 20)",0,-0.08
504,45,"(25, 19)",0,-0.08
504,46,"(25, 18)",1,-0.08
504,47,"(26, 18)",1,-0.08
504,48,"(27, 18)",0,-0.08
504,49,"(27, 17)",0,-0.08
504,50,"(27, 16)",1,-0.08
504,51,"(28, 16)",1,-0.08
504,52,"(29, 16)",0,-0.08
504,53,"(29, 15)",1,-0.08
504,54,"(30, 15)",1,-0.08
504,55,"(31, 15)",1,-0.08
504,56,"(32, 15)",0,-0.08
504,57,"(32, 14)",0,-0.08
504,58,"(32, 13)",1,-0.08
504,59,"(33, 13)",1,-0.08
504,60,"(34, 13)",1,-0.08
504,61,"(35, 13)",1,-0.08
504,62,"(36, 13)",1,-0.08
504,63,"(37, 13)",1,-0.08
504,64,"(38, 13)",1,-0.08
504,65,"(39, 13)",0,-0.08
504,66,"(39, 12)",0,-0.08
504,67,"(39, 11)",1,-0.08
504,68,"(40, 11)",1,-0.08
504,69,"(41, 11)",1,-0.08
504,70,"(42, 11)",1,-0.08
504,71,"(43, 11)",1,-0.08
504,72,"(44, 11)",1,-0.08
504,73,"(45, 11)",0,-0.08
504,74,"(45, 10)",0,-0.08
504,75,"(45, 9)",0,-0.08
504,76,"(45, 8)",0,-0.08
504,77,"(45, 7)",1,-0.08
504,78,"(46, 7)",0,-0.08
504,79,"(46, 6)",1,-0.08
504,80,"(47, 6)",1,-0.08
504,81,"(48, 6)",1,-0.08
504,82,"(49, 6)",0,-0.08
504,83,"(49, 5)",1,-0.08
504,84,"(50, 5)",1,-0.08
504,85,"(51, 5)",1,-0.08
504,86,"(52, 5)",1,-0.08
504,87,"(53, 5)",0,-0.08
504,88,"(53, 4)",0,-0.08
504,89,"(53, 3)",1,-0.08
504,90,"(54, 3)",1,-0.08
504,91,"(55, 3)",1,-0.08
504,92,"(56, 3)",1,-0.08
504,93,"(57, 3)",0,-0.08
504,94,"(57, 2)",1,-0.08
504,95,"(58, 2)",1,-0.08
504,96,"(59, 2)",0,-0.08
504,97,"(59, 1)",1,-0.08
504,98,"(60, 1)",1,-0.08
504,99,"(61, 1)",1,-0.08
504,100,"(62, 1)",1,-0.08
504,101,"(63, 1)",1,-0.08
504,102,"(64, 1)",1,-0.08
504,103,"(65, 1)",1,-0.08
504,104,"(66, 1)",1,-0.08
504,105,"(67, 1)",1,-0.08
504,106,"(68, 1)",1,-0.08
504,107,"(69, 1)",1,-0.08
504,108,"(70, 1)",1,-0.08
504,109,"(71, 1)",2,-0.08
504,110,"(71, 2)",2,-0.08
504,111,"(71, 3)",1,-0.08
504,112,"(72, 3)",1,-0.08
504,113,"(73, 3)",1,-0.08
504,114,"(74, 3)",1,-0.08
504,115,"(75, 3)",1,-0.08
504,116,"(76, 3)",1,-0.08
504,117,"(77, 3)",0,-0.08
504,118,"(77, 2)",0,-0.08
504,119,"(77, 1)",1,-0.08
504,120,"(78, 1)",0,-0.08
504,121,"(78, 0)",1,8.33
505,0,"(0, 39)",1,-0.08
505,1,"(1, 39)",1,-0.08
505,2,"(2, 39)",1,-0.08
505,3,"(3, 39)",1,-0.08
505,4,"(4, 39)",1,-0.08
505,5,"(5, 39)",1,-0.08
505,6,"(6, 39)",1,-0.08
505,7,"(7, 39)",1,-0.08
505,8,"(8, 39)",1,-0.08
505,9,"(9, 39)",1,-0.08
505,10,"(10, 39)",0,-0.08
505,11,"(10, 38)",1,-0.08
505,12,"(11, 38)",0,-0.08
505,13,"(11, 37)",1,-0.08
505,14,"(12, 37)",1,-0.08
505,15,"(13, 37)",1,-0.08
505,16,"(14, 37)",1,-0.08
505,17,"(15, 37)",0,-0.08
505,18,"(15, 36)",1,-0.08
505,19,"(16, 36)",1,-0.08
505,20,"(17, 36)",0,-0.08
505,21,"(17, 35)",1,-0.08
505,22,"(18, 35)",0,-0.08
505,23,"(18, 34)",0,-0.08
505,24,"(18, 33)",1,-0.08
505,25,"(19, 33)",0,-0.08
505,26,"(19, 32)",0,-0.08
505,27,"(19, 31)",0,-0.08
505,28,"(19, 30)",0,-0.08
505,29,"(19, 29)",1,-0.08
505,30,"(20, 29)",0,-0.08
505,31,"(20, 28)",0,-0.08
505,32,"(20, 27)",1,-0.08
505,33,"(21, 27)",0,-0.08
505,34,"(21, 26)",1,-0.08
505,35,"(22, 26)",1,-0.08
505,36,"(23, 26)",1,-0.08
505,37,"(24, 26)",1,-0.08
505,38,"(25, 26)",0,-0.08
505,39,"(25, 25)",0,-0.08
505,40,"(25, 24)",0,-0.08
505,41,"(25, 23)",0,-0.08
505,42,"(25, 22)",0,-0.08
505,43,"(25, 21)",1,-0.08
505,44,"(26, 21)",1,-0.08
505,45,"(27, 21)",0,-0.08
505,46,"(27, 20)",0,-0.08
505,47,"(27, 19)",0,-0.08
505,48,"(27, 18)",0,-0.08
505,49,"(27, 17)",1,-0.08
505,50,"(28, 17)",0,-0.08
505,51,"(28, 16)",1,-0.08
505,52,"(29, 16)",0,-0.08
505,53,"(29, 15)",1,-0.08
505,54,"(30, 15)",1,-0.08
505,55,"(31, 15)",0,-0.08
505,56,"(31, 14)",0,-0.08
505,57,"(31, 13)",1,-0.08
505,58,"(32, 13)",1,-0.08
505,59,"(33, 13)",1,-0.08
505,60,"(34, 13)",1,-0.08
505,61,"(35, 13)",1,-0.08
505,62,"(36, 13)",1,-0.08
505,63,"(37, 13)",1,-0.08
505,64,"(38, 13)",1,-0.08
505,65,"(39, 13)",1,-0.08
505,66,"(40, 13)",1,-0.08
505,67,"(41, 13)",0,-0.08
505,68,"(41, 12)",0,-0.08
505,69,"(41, 11)",1,-0.08
505,70,"(42, 11)",1,-0.08
505,71,"(43, 11)",1,-0.08
505,72,"(44, 11)",1,-0.08
505,73,"(45, 11)",0,-0.08
505,74,"(45, 10)",1,-0.08
505,75,"(46, 10)",0,-0.08
505,76,"(46, 9)",0,-0.08
505,77,"(46, 8)",0,-0.08
505,78,"(46, 7)",0,-0.08
505,79,"(46, 6)",1,-0.08
505,80,"(47, 6)",1,-0.08
505,81,"(48, 6)",1,-0.08
505,82,"(49, 6)",0,-0.08
505,83,"(49, 5)",1,-0.08
505,84,"(50, 5)",1,-0.08
505,85,"(51, 5)",0,-0.08
505,86,"(51, 4)",0,-0.08
505,87,"(51, 3)",0,-0.08
505,88,"(51, 2)",0,-0.08
505,89,"(51, 1)",1,-0.08
505,90,"(52, 1)",1,-0.08
505,91,"(53, 1)",1,-0.08
505,92,"(54, 1)",1,-0.08
505,93,"(55, 1)",1,-0.08
505,94,"(56, 1)",1,-0.08
505,95,"(57, 1)",1,-0.08
505,96,"(58, 1)",1,-0.08
505,97,"(59, 1)",1,-0.08
505,98,"(60, 1)",1,-0.08
505,99,"(61, 1)",1,-0.08
505,100,"(62, 1)",1,-0.08
505,101,"(63, 1)",1,-0.08
505,102,"(64, 1)",1,-0.08
505,103,"(65, 1)",1,-0.08
505,104,"(66, 1)",1,-0.08
505,105,"(67, 1)",1,-0.08
505,106,"(68, 1)",1,-0.08
505,107,"(69, 1)",1,-0.08
505,108,"(70, 1)",1,-0.08
505,109,"(71, 1)",2,-0.08
505,110,"(71, 2)",2,-0.08
505,111,"(71, 3)",1,-0.08
505,112,"(72, 3)",1,-0.08
505,113,"(73, 3)",1,-0.08
505,114,"(74, 3)",1,-0.08
505,115,"(75, 3)",1,-0.08
505,116,"(76, 3)",1,-0.08
505,117,"(77, 3)",0,-0.08
505,118,"(77, 2)",0,-0.08
505,119,"(77, 1)",0,-0.08
505,120,"(77, 0)",1,-0.08
505,121,"(78, 0)",1,8.33
506,0,"(0, 39)",1,-0.08
506,1,"(1, 39)",1,-0.08
506,2,"(2, 39)",1,-0.08
506,3,"(3, 39)",1,-0.08
506,4,"(4, 39)",1,-0.08
506,5,"(5, 39)",1,-0.08
506,6,"(6, 39)",1,-0.08
506,7,"(7, 39)",1,-0.08
506,8,"(8, 39)",1,-0.08
506,9,"(9, 39)",1,-0.08
506,10,"(10, 39)",0,-0.08
506,11,"(10, 38)",1,-0.08
506,12,"(11, 38)",0,-0.08
506,13,"(11, 37)",1,-0.08
506,14,"(12, 37)",1,-0.08
506,15,"(13, 37)",1,-0.08
506,16,"(14, 37)",1,-0.08
506,17,"(15, 37)",1,-0.08
506,18,"(16, 37)",1,-0.08
506,19,"(17, 37)",0,-0.08
506,20,"(17, 36)",0,-0.08
506,21,"(17, 35)",1,-0.08
506,22,"(18, 35)",0,-0.08
506,23,"(18, 34)",0,-0.08
506,24,"(18, 33)",1,-0.08
506,25,"(19, 33)",0,-0.08
506,26,"(19, 32)",0,-0.08
506,27,"(19, 31)",0,-0.08
506,28,"(19, 30)",0,-0.08
506,29,"(19, 29)",1,-0.08
506,30,"(20, 29)",0,-0.08
506,31,"(20, 28)",0,-0.08
506,32,"(20, 27)",1,-0.08
506,33,"(21, 27)",0,-0.08
506,34,"(21, 26)",1,-0.08
506,35,"(22, 26)",1,-0.08
506,36,"(23, 26)",1,-0.08
506,37,"(24, 26)",0,-0.08
506,38,"(24, 25)",1,-0.08
506,39,"(25, 25)",1,-0.08
506,40,"(26, 25)",1,-0.08
506,41,"(27, 25)",1,-0.08
506,42,"(28, 25)",1,-0.08
506,43,"(29, 25)",1,-0.08
506,44,"(30, 25)",1,-0.08
506,45,"(31, 25)",0,-0.08
506,46,"(31, 24)",0,-0.08
506,47,"(31, 23)",1,-0.08
506,48,"(32, 23)",1,-0.08
506,49,"(33, 23)",0,-0.08
506,50,"(33, 22)",0,-0.08
506,51,"(33, 21)",1,-0.08
506,52,"(34, 21)",1,-0.08
506,53,"(35, 21)",0,-0.08
506,54,"(35, 20)",0,-0.08
506,55,"(35, 19)",1,-0.08
506,56,"(36, 19)",1,-0.08
506,57,"(37, 19)",0,-0.08
506,58,"(37, 18)",0,-0.08
506,59,"(37, 17)",0,-0.08
506,60,"(37, 16)",0,-0.08
506,61,"(37, 15)",0,-0.08
506,62,"(37, 14)",0,-0.08
506,63,"(37, 13)",1,-0.08
506,64,"(38, 13)",1,-0.08
506,65,"(39, 13)",0,-0.08
506,66,"(39, 12)",0,-0.08
506,67,"(39, 11)",1,-0.08
506,68,"(40, 11)",1,-0.08
506,69,"(41, 11)",1,-0.08
506,70,"(42, 11)",1,-0.08
506,71,"(43, 11)",1,-0.08
506,72,"(44, 11)",1,-0.08
506,73,"(45, 11)",0,-0.08
506,74,"(45, 10)",1,-0.08
506,75,"(46, 10)",0,-0.08
506,76,"(46, 9)",0,-0.08
506,77,"(46, 8)",0,-0.08
506,78,"(46, 7)",1,-0.08
506,79,"(47, 7)",0,-0.08
506,80,"(47, 6)",1,-0.08
506,81,"(48, 6)",1,-0.08
506,82,"(49, 6)",0,-0.08
506,83,"(49, 5)",1,-0.08
506,84,"(50, 5)",1,-0.08
506,85,"(51, 5)",1,-0.08
506,86,"(52, 5)",1,-0.08
506,87,"(53, 5)",0,-0.08
506,88,"(53, 4)",0,-0.08
506,89,"(53, 3)",0,-0.08
506,90,"(53, 2)",0,-0.08
506,91,"(53, 1)",1,-0.08
506,92,"(54, 1)",1,-0.08
506,93,"(55, 1)",1,-0.08
506,94,"(56, 1)",1,-0.08
506,95,"(57, 1)",1,-0.08
506,96,"(58, 1)",1,-0.08
506,97,"(59, 1)",1,-0.08
506,98,"(60, 1)",1,-0.08
506,99,"(61, 1)",1,-0.08
506,100,"(62, 1)",1,-0.08
506,101,"(63, 1)",1,-0.08
506,102,"(64, 1)",1,-0.08
506,103,"(65, 1)",1,-0.08
506,104,"(66, 1)",1,-0.08
506,105,"(67, 1)",1,-0.08
506,106,"(68, 1)",1,-0.08
506,107,"(69, 1)",1,-0.08
506,108,"(70, 1)",1,-0.08
506,109,"(71, 1)",2,-0.08
506,110,"(71, 2)",2,-0.08
506,111,"(71, 3)",1,-0.08
506,112,"(72, 3)",1,-0.08
506,113,"(73, 3)",1,-0.08
506,114,"(74, 3)",1,-0.08
506,115,"(75, 3)",1,-0.08
506,116,"(76, 3)",1,-0.08
506,117,"(77, 3)",0,-0.08
506,118,"(77, 2)",0,-0.08
506,119,"(77, 1)",0,-0.08
506,120,"(77, 0)",1,-0.08
506,121,"(78, 0)",1,8.33
507,0,"(0, 39)",1,-0.08
507,1,"(1, 39)",1,-0.08
507,2,"(2, 39)",1,-0.08
507,3,"(3, 39)",1,-0.08
507,4,"(4, 39)",1,-0.08
507,5,"(5, 39)",1,-0.08
507,6,"(6, 39)",1,-0.08
507,7,"(7, 39)",1,-0.08
507,8,"(8, 39)",1,-0.08
507,9,"(9, 39)",1,-0.08
507,10,"(10, 39)",1,-0.08
507,11,"(11, 39)",0,-0.08
507,12,"(11, 38)",0,-0.08
507,13,"(11, 37)",1,-0.08
507,14,"(12, 37)",1,-0.08
507,15,"(13, 37)",1,-0.08
507,16,"(14, 37)",1,-0.08
507,17,"(15, 37)",0,-0.08
507,18,"(15, 36)",1,-0.08
507,19,"(16, 36)",1,-0.08
507,20,"(17, 36)",0,-0.08
507,21,"(17, 35)",0,-0.08
507,22,"(17, 34)",0,-0.08
507,23,"(17, 33)",1,-0.08
507,24,"(18, 33)",1,-0.08
507,25,"(19, 33)",0,-0.08
507,26,"(19, 32)",0,-0.08
507,27,"(19, 31)",0,-0.08
507,28,"(19, 30)",0,-0.08
507,29,"(19, 29)",1,-0.08
507,30,"(20, 29)",0,-0.08
507,31,"(20, 28)",0,-0.08
507,32,"(20, 27)",1,-0.08
507,33,"(21, 27)",0,-0.08
507,34,"(21, 26)",0,-0.08
507,35,"(21, 25)",1,-0.08
507,36,"(22, 25)",1,-0.08
507,37,"(23, 25)",1,-0.08
507,38,"(24, 25)",1,-0.08
507,39,"(25, 25)",0,-0.08
507,40,"(25, 24)",0,-0.08
507,41,"(25, 23)",0,-0.08
507,42,"(25, 22)",0,-0.08
507,43,"(25, 21)",1,-0.08
507,44,"(26, 21)",1,-0.08
507,45,"(27, 21)",0,-0.08
507,46,"(27, 20)",1,-0.08
507,47,"(28, 20)",0,-0.08
507,48,"(28, 19)",1,-0.08
507,49,"(29, 19)",1,-0.08
507,50,"(30, 19)",1,-0.08
507,51,"(31, 19)",1,-0.08
507,52,"(32, 19)",1,-0.08
507,53,"(33, 19)",1,-0.08
507,54,"(34, 19)",1,-0.08
507,55,"(35, 19)",1,-0.08
507,56,"(36, 19)",1,-0.08
507,57,"(37, 19)",0,-0.08
507,58,"(37, 18)",0,-0.08
507,59,"(37, 17)",0,-0.08
507,60,"(37, 16)",0,-0.08
507,61,"(37, 15)",1,-0.08
507,62,"(38, 15)",0,-0.08
507,63,"(38, 14)",0,-0.08
507,64,"(38, 13)",1,-0.08
507,65,"(39, 13)",1,-0.08
507,66,"(40, 13)",1,-0.08
507,67,"(41, 13)",0,-0.08
507,68,"(41, 12)",0,-0.08
507,69,"(41, 11)",1,-0.08
507,70,"(42, 11)",1,-0.08
507,71,"(43, 11)",1,-0.08
507,72,"(44, 11)",1,-0.08
507,73,"(45, 11)",0,-0.08
507,74,"(45, 10)",0,-0.08
507,75,"(45, 9)",0,-0.08
507,76,"(45, 8)",0,-0.08
507,77,"(45, 7)",1,-0.08
507,78,"(46, 7)",1,-0.08
507,79,"(47, 7)",0,-0.08
507,80,"(47, 6)",1,-0.08
507,81,"(48, 6)",1,-0.08
507,82,"(49, 6)",0,-0.08
507,83,"(49, 5)",1,-0.08
507,84,"(50, 5)",1,-0.08
507,85,"(51, 5)",0,-0.08
507,86,"(51, 4)",0,-0.08
507,87,"(51, 3)",0,-0.08
507,88,"(51, 2)",0,-0.08
507,89,"(51, 1)",1,-0.08
507,90,"(52, 1)",1,-0.08
507,91,"(53, 1)",1,-0.08
507,92,"(54, 1)",1,-0.08
507,93,"(55, 1)",1,-0.08
507,94,"(56, 1)",1,-0.08
507,95,"(57, 1)",1,-0.08
507,96,"(58, 1)",1,-0.08
507,97,"(59, 1)",1,-0.08
507,98,"(60, 1)",1,-0.08
507,99,"(61, 1)",1,-0.08
507,100,"(62, 1)",1,-0.08
507,101,"(63, 1)",1,-0.08
507,102,"(64, 1)",1,-0.08
507,103,"(65, 1)",1,-0.08
507,104,"(66, 1)",1,-0.08
507,105,"(67, 1)",1,-0.08
507,106,"(68, 1)",1,-0.08
507,107,"(69, 1)",1,-0.08
507,108,"(70, 1)",1,-0.08
507,109,"(71, 1)",2,-0.08
507,110,"(71, 2)",2,-0.08
507,111,"(71, 3)",1,-0.08
507,112,"(72, 3)",1,-0.08
507,113,"(73, 3)",0,-0.08
507,114,"(73, 2)",0,-0.08
507,115,"(73, 1)",0,-0.08
507,116,"(73, 0)",1,-0.08
507,117,"(74, 0)",1,-0.08
507,118,"(75, 0)",1,-0.08
507,119,"(76, 0)",1,-0.08
507,120,"(77, 0)",1,-0.08
507,121,"(78, 0)",1,8.33
508,0,"(0, 39)",1,-0.08
508,1,"(1, 39)",1,-0.08
508,2,"(2, 39)",1,-0.08
508,3,"(3, 39)",1,-0.08
508,4,"(4, 39)",1,-0.08
508,5,"(5, 39)",1,-0.08
508,6,"(6, 39)",1,-0.08
508,7,"(7, 39)",1,-0.08
508,8,"(8, 39)",1,-0.08
508,9,"(9, 39)",1,-0.08
508,10,"(10, 39)",1,-0.08
508,11,"(11, 39)",1,-0.08
508,12,"(12, 39)",1,-0.08
508,13,"(13, 39)",1,-0.08
508,14,"(14, 39)",0,-0.08
508,15,"(14, 38)",0,-0.08
508,16,"(14, 37)",1,-0.08
508,17,"(15, 37)",1,-0.08
508,18,"(16, 37)",0,-0.08
508,19,"(16, 36)",1,-0.08
508,20,"(17, 36)",0,-0.08
508,21,"(17, 35)",1,-0.08
508,22,"(18, 35)",0,-0.08
508,23,"(18, 34)",1,-0.08
508,24,"(19, 34)",0,-0.08
508,25,"(19, 33)",0,-0.08
508,26,"(19, 32)",0,-0.08
508,27,"(19, 31)",0,-0.08
508,28,"(19, 30)",0,-0.08
508,29,"(19, 29)",1,-0.08
508,30,"(20, 29)",0,-0.08
508,31,"(20, 28)",0,-0.08
508,32,"(20, 27)",1,-0.08
508,33,"(21, 27)",0,-0.08
508,34,"(21, 26)",1,-0.08
508,35,"(22, 26)",1,-0.08
508,36,"(23, 26)",1,-0.08
508,37,"(24, 26)",0,-0.08
508,38,"(24, 25)",1,-0.08
508,39,"(25, 25)",1,-0.08
508,40,"(26, 25)",1,-0.08
508,41,"(27, 25)",1,-0.08
508,42,"(28, 25)",1,-0.08
508,43,"(29, 25)",1,-0.08
508,44,"(30, 25)",1,-0.08
508,45,"(31, 25)",0,-0.08
508,46,"(31, 24)",0,-0.08
508,47,"(31, 23)",1,-0.08
508,48,"(32, 23)",1,-0.08
508,49,"(33, 23)",0,-0.08
508,50,"(33, 22)",0,-0.08
508,51,"(33, 21)",1,-0.08
508,52,"(34, 21)",1,-0.08
508,53,"(35, 21)",0,-0.08
508,54,"(35, 20)",0,-0.08
508,55,"(35, 19)",1,-0.08
508,56,"(36, 19)",1,-0.08
508,57,"(37, 19)",0,-0.08
508,58,"(37, 18)",0,-0.08
508,59,"(37, 17)",0,-0.08
508,60,"(37, 16)",0,-0.08
508,61,"(37, 15)",0,-0.08
508,62,"(37, 14)",1,-0.08
508,63,"(38, 14)",0,-0.08
508,64,"(38, 13)",1,-0.08
508,65,"(39, 13)",0,-0.08
508,66,"(39, 12)",0,-0.08
508,67,"(39, 11)",1,-0.08
508,68,"(40, 11)",1,-0.08
508,69,"(41, 11)",1,-0.08
508,70,"(42, 11)",1,-0.08
508,71,"(43, 11)",1,-0.08
508,72,"(44, 11)",1,-0.08
508,73,"(45, 11)",0,-0.08
508,74,"(45, 10)",1,-0.08
508,75,"(46, 10)",0,-0.08
508,76,"(46, 9)",0,-0.08
508,77,"(46, 8)",0,-0.08
508,78,"(46, 7)",0,-0.08
508,79,"(46, 6)",1,-0.08
508,80,"(47, 6)",1,-0.08
508,81,"(48, 6)",1,-0.08
508,82,"(49, 6)",0,-0.08
508,83,"(49, 5)",1,-0.08
508,84,"(50, 5)",1,-0.08
508,85,"(51, 5)",1,-0.08
508,86,"(52, 5)",1,-0.08
508,87,"(53, 5)",0,-0.08
508,88,"(53, 4)",0,-0.08
508,89,"(53, 3)",0,-0.08
508,90,"(53, 2)",0,-0.08
508,91,"(53, 1)",1,-0.08
508,92,"(54, 1)",1,-0.08
508,93,"(55, 1)",1,-0.08
508,94,"(56, 1)",1,-0.08
508,95,"(57, 1)",1,-0.08
508,96,"(58, 1)",1,-0.08
508,97,"(59, 1)",1,-0.08
508,98,"(60, 1)",1,-0.08
508,99,"(61, 1)",1,-0.08
508,100,"(62, 1)",1,-0.08
508,101,"(63, 1)",1,-0.08
508,102,"(64, 1)",1,-0.08
508,103,"(65, 1)",1,-0.08
508,104,"(66, 1)",1,-0.08
508,105,"(67, 1)",1,-0.08
508,106,"(68, 1)",1,-0.08
508,107,"(69, 1)",1,-0.08
508,108,"(70, 1)",1,-0.08
508,109,"(71, 1)",2,-0.08
508,110,"(71, 2)",2,-0.08
508,111,"(71, 3)",1,-0.08
508,112,"(72, 3)",1,-0.08
508,113,"(73, 3)",1,-0.08
508,114,"(74, 3)",1,-0.08
508,115,"(75, 3)",1,-0.08
508,116,"(76, 3)",1,-0.08
508,117,"(77, 3)",0,-0.08
508,118,"(77, 2)",0,-0.08
508,119,"(77, 1)",0,-0.08
508,120,"(77, 0)",1,-0.08
508,121,"(78, 0)",1,8.33
509,0,"(0, 39)",1,-0.08
509,1,"(1, 39)",1,-0.08
509,2,"(2, 39)",1,-0.08
509,3,"(3, 39)",1,-0.08
509,4,"(4, 39)",1,-0.08
509,5,"(5, 39)",1,-0.08
509,6,"(6, 39)",1,-0.08
509,7,"(7, 39)",1,-0.08
509,8,"(8, 39)",1,-0.08
509,9,"(9, 39)",1,-0.08
509,10,"(10, 39)",0,-0.08
509,11,"(10, 38)",0,-0.08
509,12,"(10, 37)",1,-0.08
509,13,"(11, 37)",1,-0.08
509,14,"(12, 37)",1,-0.08
509,15,"(13, 37)",1,-0.08
509,16,"(14, 37)",1,-0.08
509,17,"(15, 37)",1,-0.08
509,18,"(16, 37)",0,-0.08
509,19,"(16, 36)",1,-0.08
509,20,"(17, 36)",0,-0.08
509,21,"(17, 35)",0,-0.08
509,22,"(17, 34)",1,-0.08
509,23,"(18, 34)",0,-0.08
509,24,"(18, 33)",1,-0.08
509,25,"(19, 33)",0,-0.08
509,26,"(19, 32)",0,-0.08
509,27,"(19, 31)",0,-0.08
509,28,"(19, 30)",0,-0.08
509,29,"(19, 29)",1,-0.08
509,30,"(20, 29)",0,-0.08
509,31,"(20, 28)",0,-0.08
509,32,"(20, 27)",1,-0.08
509,33,"(21, 27)",0,-0.08
509,34,"(21, 26)",0,-0.08
509,35,"(21, 25)",1,-0.08
509,36,"(22, 25)",1,-0.08
509,37,"(23, 25)",1,-0.08
509,38,"(24, 25)",1,-0.08
509,39,"(25, 25)",0,-0.08
509,40,"(25, 24)",0,-0.08
509,41,"(25, 23)",0,-0.08
509,42,"(25, 22)",0,-0.08
509,43,"(25, 21)",0,-0.08
509,44,"(25, 20)",0,-0.08
509,45,"(25, 19)",0,-0.08
509,46,"(25, 18)",1,-0.08
509,47,"(26, 18)",1,-0.08
509,48,"(27, 18)",0,-0.08
509,49,"(27, 17)",1,-0.08
509,50,"(28, 17)",1,-0.08
509,51,"(29, 17)",1,-0.08
509,52,"(30, 17)",1,-0.08
509,53,"(31, 17)",1,-0.08
509,54,"(32, 17)",0,-0.08
509,55,"(32, 16)",0,-0.08
509,56,"(32, 15)",0,-0.08
509,57,"(32, 14)",0,-0.08
509,58,"(32, 13)",1,-0.08
509,59,"(33, 13)",1,-0.08
509,60,"(34, 13)",1,-0.08
509,61,"(35, 13)",1,-0.08
509,62,"(36, 13)",1,-0.08
509,63,"(37, 13)",1,-0.08
509,64,"(38, 13)",1,-0.08
509,65,"(39, 13)",0,-0.08
509,66,"(39, 12)",0,-0.08
509,67,"(39, 11)",1,-0.08
509,68,"(40, 11)",1,-0.08
509,69,"(41, 11)",1,-0.08
509,70,"(42, 11)",1,-0.08
509,71,"(43, 11)",1,-0.08
509,72,"(44, 11)",1,-0.08
509,73,"(45, 11)",0,-0.08
509,74,"(45, 10)",1,-0.08
509,75,"(46, 10)",0,-0.08
509,76,"(46, 9)",0,-0.08
509,77,"(46, 8)",0,-0.08
509,78,"(46, 7)",0,-0.08
509,79,"(46, 6)",1,-0.08
509,80,"(47, 6)",1,-0.08
509,81,"(48, 6)",1,-0.08
509,82,"(49, 6)",0,-0.08
509,83,"(49, 5)",1,-0.08
509,84,"(50, 5)",1,-0.08
509,85,"(51, 5)",0,-0.08
509,86,"(51, 4)",0,-0.08
509,87,"(51, 3)",0,-0.08
509,88,"(51, 2)",1,-0.08
509,89,"(52, 2)",1,-0.08
509,90,"(53, 2)",0,-0.08
509,91,"(53, 1)",1,-0.08
509,92,"(54, 1)",1,-0.08
509,93,"(55, 1)",1,-0.08
509,94,"(56, 1)",1,-0.08
509,95,"(57, 1)",1,-0.08
509,96,"(58, 1)",1,-0.08
509,97,"(59, 1)",1,-0.08
509,98,"(60, 1)",1,-0.08
509,99,"(61, 1)",1,-0.08
509,100,"(62, 1)",1,-0.08
509,101,"(63, 1)",1,-0.08
509,102,"(64, 1)",1,-0.08
509,103,"(65, 1)",1,-0.08
509,104,"(66, 1)",1,-0.08
509,105,"(67, 1)",1,-0.08
509,106,"(68, 1)",1,-0.08
509,107,"(69, 1)",1,-0.08
509,108,"(70, 1)",1,-0.08
509,109,"(71, 1)",2,-0.08
509,110,"(71, 2)",2,-0.08
509,111,"(71, 3)",1,-0.08
509,112,"(72, 3)",1,-0.08
509,113,"(73, 3)",0,-0.08
509,114,"(73, 2)",0,-0.08
509,115,"(73, 1)",1,-0.08
509,116,"(74, 1)",0,-0.08
509,117,"(74, 0)",1,-0.08
509,118,"(75, 0)",1,-0.08
509,119,"(76, 0)",1,-0.08
509,120,"(77, 0)",1,-0.08
509,121,"(78, 0)",1,8.33
510,0,"(0, 39)",1,-0.08
510,1,"(1, 39)",1,-0.08
510,2,"(2, 39)",1,-0.08
510,3,"(3, 39)",1,-0.08
510,4,"(4, 39)",1,-0.08
510,5,"(5, 39)",1,-0.08
510,6,"(6, 39)",1,-0.08
510,7,"(7, 39)",1,-0.08
510,8,"(8, 39)",1,-0.08
510,9,"(9, 39)",1,-0.08
510,10,"(10, 39)",0,-0.08
510,11,"(10, 38)",1,-0.08
510,12,"(11, 38)",0,-0.08
510,13,"(11, 37)",1,-0.08
510,14,"(12, 37)",1,-0.08
510,15,"(13, 37)",1,-0.08
510,16,"(14, 37)",1,-0.08
510,17,"(15, 37)",1,-0.08
510,18,"(16, 37)",0,-0.08
510,19,"(16, 36)",1,-0.08
510,20,"(17, 36)",0,-0.08
510,21,"(17, 35)",1,-0.08
510,22,"(18, 35)",0,-0.08
510,23,"(18, 34)",1,-0.08
510,24,"(19, 34)",0,-0.08
510,25,"(19, 33)",0,-0.08
510,26,"(19, 32)",0,-0.08
510,27,"(19, 31)",0,-0.08
510,28,"(19, 30)",0,-0.08
510,29,"(19, 29)",1,-0.08
510,30,"(20, 29)",0,-0.08
510,31,"(20, 28)",0,-0.08
510,32,"(20, 27)",1,-0.08
510,33,"(21, 27)",0,-0.08
510,34,"(21, 26)",0,-0.08
510,35,"(21, 25)",1,-0.08
510,36,"(22, 25)",1,-0.08
510,37,"(23, 25)",1,-0.08
510,38,"(24, 25)",1,-0.08
510,39,"(25, 25)",0,-0.08
510,40,"(25, 24)",0,-0.08
510,41,"(25, 23)",0,-0.08
510,42,"(25, 22)",0,-0.08
510,43,"(25, 21)",1,-0.08
510,44,"(26, 21)",1,-0.08
510,45,"(27, 21)",0,-0.08
510,46,"(27, 20)",0,-0.08
510,47,"(27, 19)",1,-0.08
510,48,"(28, 19)",1,-0.08
510,49,"(29, 19)",1,-0.08
510,50,"(30, 19)",1,-0.08
510,51,"(31, 19)",1,-0.08
510,52,"(32, 19)",1,-0.08
510,53,"(33, 19)",1,-0.08
510,54,"(34, 19)",1,-0.08
510,55,"(35, 19)",1,-0.08
510,56,"(36, 19)",1,-0.08
510,57,"(37, 19)",0,-0.08
510,58,"(37, 18)",0,-0.08
510,59,"(37, 17)",0,-0.08
510,60,"(37, 16)",0,-0.08
510,61,"(37, 15)",1,-0.08
510,62,"(38, 15)",1,-0.08
510,63,"(39, 15)",1,-0.08
510,64,"(40, 15)",0,-0.08
510,65,"(40, 14)",0,-0.08
510,66,"(40, 13)",1,-0.08
510,67,"(41, 13)",0,-0.08
510,68,"(41, 12)",0,-0.08
510,69,"(41, 11)",1,-0.08
510,70,"(42, 11)",1,-0.08
510,71,"(43, 11)",1,-0.08
510,72,"(44, 11)",1,-0.08
510,73,"(45, 11)",0,-0.08
510,74,"(45, 10)",0,-0.08
510,75,"(45, 9)",1,-0.08
510,76,"(46, 9)",0,-0.08
510,77,"(46, 8)",0,-0.08
510,78,"(46, 7)",1,-0.08
510,79,"(47, 7)",0,-0.08
510,80,"(47, 6)",1,-0.08
510,81,"(48, 6)",1,-0.08
510,82,"(49, 6)",0,-0.08
510,83,"(49, 5)",1,-0.08
510,84,"(50, 5)",1,-0.08
510,85,"(51, 5)",0,-0.08
510,86,"(51, 4)",0,-0.08
510,87,"(51, 3)",0,-0.08
510,88,"(51, 2)",0,-0.08
510,89,"(51, 1)",1,-0.08
510,90,"(52, 1)",1,-0.08
510,91,"(53, 1)",1,-0.08
510,92,"(54, 1)",1,-0.08
510,93,"(55, 1)",1,-0.08
510,94,"(56, 1)",1,-0.08
510,95,"(57, 1)",1,-0.08
510,96,"(58, 1)",1,-0.08
510,97,"(59, 1)",1,-0.08
510,98,"(60, 1)",1,-0.08
510,99,"(61, 1)",1,-0.08
510,100,"(62, 1)",1,-0.08
510,101,"(63, 1)",1,-0.08
510,102,"(64, 1)",1,-0.08
510,103,"(65, 1)",1,-0.08
510,104,"(66, 1)",1,-0.08
510,105,"(67, 1)",1,-0.08
510,106,"(68, 1)",1,-0.08
510,107,"(69, 1)",1,-0.08
510,108,"(70, 1)",1,-0.08
510,109,"(71, 1)",2,-0.08
510,110,"(71, 2)",2,-0.08
510,111,"(71, 3)",1,-0.08
510,112,"(72, 3)",1,-0.08
510,113,"(73, 3)",1,-0.08
510,114,"(74, 3)",1,-0.08
510,115,"(75, 3)",1,-0.08
510,116,"(76, 3)",1,-0.08
510,117,"(77, 3)",0,-0.08
510,118,"(77, 2)",0,-0.08
510,119,"(77, 1)",0,-0.08
510,120,"(77, 0)",1,-0.08
510,121,"(78, 0)",1,8.33
511,0,"(0, 39)",1,-0.08
511,1,"(1, 39)",1,-0.08
511,2,"(2, 39)",1,-0.08
511,3,"(3, 39)",1,-0.08
511,4,"(4, 39)",1,-0.08
511,5,"(5, 39)",1,-0.08
511,6,"(6, 39)",1,-0.08
511,7,"(7, 39)",1,-0.08
511,8,"(8, 39)",1,-0.08
511,9,"(9, 39)",1,-0.08
511,10,"(10, 39)",0,-0.08
511,11,"(10, 38)",1,-0.08
511,12,"(11, 38)",0,-0.08
511,13,"(11, 37)",1,-0.08
511,14,"(12, 37)",1,-0.08
511,15,"(13, 37)",1,-0.08
511,16,"(14, 37)",1,-0.08
511,17,"(15, 37)",0,-0.08
511,18,"(15, 36)",1,-0.08
511,19,"(16, 36)",1,-0.08
511,20,"(17, 36)",0,-0.08
511,21,"(17, 35)",1,-0.08
511,22,"(18, 35)",0,-0.08
511,23,"(18, 34)",0,-0.08
511,24,"(18, 33)",1,-0.08
511,25,"(19, 33)",0,-0.08
511,26,"(19, 32)",0,-0.08
511,27,"(19, 31)",0,-0.08
511,28,"(19, 30)",0,-0.08
511,29,"(19, 29)",1,-0.08
511,30,"(20, 29)",0,-0.08
511,31,"(20, 28)",0,-0.08
511,32,"(20, 27)",1,-0.08
511,33,"(21, 27)",0,-0.08
511,34,"(21, 26)",0,-0.08
511,35,"(21, 25)",1,-0.08
511,36,"(22, 25)",1,-0.08
511,37,"(23, 25)",1,-0.08
511,38,"(24, 25)",1,-0.08
511,39,"(25, 25)",0,-0.08
511,40,"(25, 24)",0,-0.08
511,41,"(25, 23)",0,-0.08
511,42,"(25, 22)",0,-0.08
511,43,"(25, 21)",0,-0.08
511,44,"(25, 20)",0,-0.08
511,45,"(25, 19)",1,-0.08
511,46,"(26, 19)",0,-0.08
511,47,"(26, 18)",1,-0.08
511,48,"(27, 18)",0,-0.08
511,49,"(27, 17)",0,-0.08
511,50,"(27, 16)",1,-0.08
511,51,"(28, 16)",1,-0.08
511,52,"(29, 16)",0,-0.08
511,53,"(29, 15)",1,-0.08
511,54,"(30, 15)",1,-0.08
511,55,"(31, 15)",1,-0.08
511,56,"(32, 15)",0,-0.08
511,57,"(32, 14)",0,-0.08
511,58,"(32, 13)",1,-0.08
511,59,"(33, 13)",1,-0.08
511,60,"(34, 13)",1,-0.08
511,61,"(35, 13)",1,-0.08
511,62,"(36, 13)",1,-0.08
511,63,"(37, 13)",1,-0.08
511,64,"(38, 13)",1,-0.08
511,65,"(39, 13)",1,-0.08
511,66,"(40, 13)",1,-0.08
511,67,"(41, 13)",0,-0.08
511,68,"(41, 12)",0,-0.08
511,69,"(41, 11)",1,-0.08
511,70,"(42, 11)",1,-0.08
511,71,"(43, 11)",1,-0.08
511,72,"(44, 11)",1,-0.08
511,73,"(45, 11)",0,-0.08
511,74,"(45, 10)",0,-0.08
511,75,"(45, 9)",1,-0.08
511,76,"(46, 9)",0,-0.08
511,77,"(46, 8)",0,-0.08
511,78,"(46, 7)",0,-0.08
511,79,"(46, 6)",1,-0.08
511,80,"(47, 6)",1,-0.08
511,81,"(48, 6)",1,-0.08
511,82,"(49, 6)",0,-0.08
511,83,"(49, 5)",1,-0.08
511,84,"(50, 5)",1,-0.08
511,85,"(51, 5)",1,-0.08
511,86,"(52, 5)",1,-0.08
511,87,"(53, 5)",0,-0.08
511,88,"(53, 4)",0,-0.08
511,89,"(53, 3)",1,-0.08
511,90,"(54, 3)",1,-0.08
511,91,"(55, 3)",1,-0.08
511,92,"(56, 3)",1,-0.08
511,93,"(57, 3)",0,-0.08
511,94,"(57, 2)",1,-0.08
511,95,"(58, 2)",1,-0.08
511,96,"(59, 2)",0,-0.08
511,97,"(59, 1)",1,-0.08
511,98,"(60, 1)",1,-0.08
511,99,"(61, 1)",1,-0.08
511,100,"(62, 1)",1,-0.08
511,101,"(63, 1)",1,-0.08
511,102,"(64, 1)",1,-0.08
511,103,"(65, 1)",1,-0.08
511,104,"(66, 1)",1,-0.08
511,105,"(67, 1)",1,-0.08
511,106,"(68, 1)",1,-0.08
511,107,"(69, 1)",1,-0.08
511,108,"(70, 1)",1,-0.08
511,109,"(71, 1)",2,-0.08
511,110,"(71, 2)",2,-0.08
511,111,"(71, 3)",1,-0.08
511,112,"(72, 3)",1,-0.08
511,113,"(73, 3)",0,-0.08
511,114,"(73, 2)",0,-0.08
511,115,"(73, 1)",0,-0.08
511,116,"(73, 0)",1,-0.08
511,117,"(74, 0)",1,-0.08
511,118,"(75, 0)",1,-0.08
511,119,"(76, 0)",1,-0.08
511,120,"(77, 0)",1,-0.08
511,121,"(78, 0)",1,8.33
512,0,"(0, 39)",1,-0.08
512,1,"(1, 39)",1,-0.08
512,2,"(2, 39)",1,-0.08
512,3,"(3, 39)",1,-0.08
512,4,"(4, 39)",1,-0.08
512,5,"(5, 39)",1,-0.08
512,6,"(6, 39)",1,-0.08
512,7,"(7, 39)",1,-0.08
512,8,"(8, 39)",1,-0.08
512,9,"(9, 39)",1,-0.08
512,10,"(10, 39)",0,-0.08
512,11,"(10, 38)",0,-0.08
512,12,"(10, 37)",1,-0.08
512,13,"(11, 37)",1,-0.08
512,14,"(12, 37)",1,-0.08
512,15,"(13, 37)",1,-0.08
512,16,"(14, 37)",1,-0.08
512,17,"(15, 37)",1,-0.08
512,18,"(16, 37)",0,-0.08
512,19,"(16, 36)",1,-0.08
512,20,"(17, 36)",0,-0.08
512,21,"(17, 35)",1,-0.08
512,22,"(18, 35)",1,-0.08
512,23,"(19, 35)",0,-0.08
512,24,"(19, 34)",0,-0.08
512,25,"(19, 33)",0,-0.08
512,26,"(19, 32)",0,-0.08
512,27,"(19, 31)",0,-0.08
512,28,"(19, 30)",0,-0.08
512,29,"(19, 29)",1,-0.08
512,30,"(20, 29)",0,-0.08
512,31,"(20, 28)",0,-0.08
512,32,"(20, 27)",1,-0.08
512,33,"(21, 27)",0,-0.08
512,34,"(21, 26)",1,-0.08
512,35,"(22, 26)",1,-0.08
512,36,"(23, 26)",1,-0.08
512,37,"(24, 26)",1,-0.08
512,38,"(25, 26)",0,-0.08
512,39,"(25, 25)",1,-0.08
512,40,"(26, 25)",1,-0.08
512,41,"(27, 25)",1,-0.08
512,42,"(28, 25)",1,-0.08
512,43,"(29, 25)",1,-0.08
512,44,"(30, 25)",1,-0.08
512,45,"(31, 25)",0,-0.08
512,46,"(31, 24)",0,-0.08
512,47,"(31, 23)",1,-0.08
512,48,"(32, 23)",1,-0.08
512,49,"(33, 23)",0,-0.08
512,50,"(33, 22)",0,-0.08
512,51,"(33, 21)",1,-0.08
512,52,"(34, 21)",1,-0.08
512,53,"(35, 21)",0,-0.08
512,54,"(35, 20)",0,-0.08
512,55,"(35, 19)",1,-0.08
512,56,"(36, 19)",1,-0.08
512,57,"(37, 19)",0,-0.08
512,58,"(37, 18)",0,-0.08
512,59,"(37, 17)",0,-0.08
512,60,"(37, 16)",0,-0.08
512,61,"(37, 15)",0,-0.08
512,62,"(37, 14)",0,-0.08
512,63,"(37, 13)",1,-0.08
512,64,"(38, 13)",1,-0.08
512,65,"(39, 13)",0,-0.08
512,66,"(39, 12)",0,-0.08
512,67,"(39, 11)",1,-0.08
512,68,"(40, 11)",1,-0.08
512,69,"(41, 11)",1,-0.08
512,70,"(42, 11)",1,-0.08
512,71,"(43, 11)",1,-0.08
512,72,"(44, 11)",1,-0.08
512,73,"(45, 11)",0,-0.08
512,74,"(45, 10)",0,-0.08
512,75,"(45, 9)",0,-0.08
512,76,"(45, 8)",0,-0.08
512,77,"(45, 7)",1,-0.08
512,78,"(46, 7)",0,-0.08
512,79,"(46, 6)",1,-0.08
512,80,"(47, 6)",1,-0.08
512,81,"(48, 6)",1,-0.08
512,82,"(49, 6)",0,-0.08
512,83,"(49, 5)",1,-0.08
512,84,"(50, 5)",1,-0.08
512,85,"(51, 5)",1,-0.08
512,86,"(52, 5)",1,-0.08
512,87,"(53, 5)",0,-0.08
512,88,"(53, 4)",0,-0.08
512,89,"(53, 3)",1,-0.08
512,90,"(54, 3)",1,-0.08
512,91,"(55, 3)",1,-0.08
512,92,"(56, 3)",0,-0.08
512,93,"(56, 2)",0,-0.08
512,94,"(56, 1)",1,-0.08
512,95,"(57, 1)",1,-0.08
512,96,"(58, 1)",1,-0.08
512,97,"(59, 1)",1,-0.08
512,98,"(60, 1)",1,-0.08
512,99,"(61, 1)",1,-0.08
512,100,"(62, 1)",1,-0.08
512,101,"(63, 1)",1,-0.08
512,102,"(64, 1)",1,-0.08
512,103,"(65, 1)",1,-0.08
512,104,"(66, 1)",1,-0.08
512,105,"(67, 1)",1,-0.08
512,106,"(68, 1)",1,-0.08
512,107,"(69, 1)",1,-0.08
512,108,"(70, 1)",1,-0.08
512,109,"(71, 1)",2,-0.08
512,110,"(71, 2)",2,-0.08
512,111,"(71, 3)",1,-0.08
512,112,"(72, 3)",1,-0.08
512,113,"(73, 3)",1,-0.08
512,114,"(74, 3)",1,-0.08
512,115,"(75, 3)",1,-0.08
512,116,"(76, 3)",1,-0.08
512,117,"(77, 3)",0,-0.08
512,118,"(77, 2)",0,-0.08
512,119,"(77, 1)",1,-0.08
512,120,"(78, 1)",0,-0.08
512,121,"(78, 0)",1,8.33
513,0,"(0, 39)",1,-0.08
513,1,"(1, 39)",1,-0.08
513,2,"(2, 39)",1,-0.08
513,3,"(3, 39)",1,-0.08
513,4,"(4, 39)",1,-0.08
513,5,"(5, 39)",1,-0.08
513,6,"(6, 39)",1,-0.08
513,7,"(7, 39)",1,-0.08
513,8,"(8, 39)",1,-0.08
513,9,"(9, 39)",1,-0.08
513,10,"(10, 39)",0,-0.08
513,11,"(10, 38)",0,-0.08
513,12,"(10, 37)",1,-0.08
513,13,"(11, 37)",1,-0.08
513,14,"(12, 37)",1,-0.08
513,15,"(13, 37)",1,-0.08
513,16,"(14, 37)",1,-0.08
513,17,"(15, 37)",0,-0.08
513,18,"(15, 36)",0,-0.08
513,19,"(15, 35)",0,-0.08
513,20,"(15, 34)",0,-0.08
513,21,"(15, 33)",1,-0.08
513,22,"(16, 33)",1,-0.08
513,23,"(17, 33)",1,-0.08
513,24,"(18, 33)",1,-0.08
513,25,"(19, 33)",0,-0.08
513,26,"(19, 32)",0,-0.08
513,27,"(19, 31)",0,-0.08
513,28,"(19, 30)",0,-0.08
513,29,"(19, 29)",1,-0.08
513,30,"(20, 29)",0,-0.08
513,31,"(20, 28)",0,-0.08
513,32,"(20, 27)",1,-0.08
513,33,"(21, 27)",0,-0.08
513,34,"(21, 26)",0,-0.08
513,35,"(21, 25)",1,-0.08
513,36,"(22, 25)",1,-0.08
513,37,"(23, 25)",1,-0.08
513,38,"(24, 25)",1,-0.08
513,39,"(25, 25)",0,-0.08
513,40,"(25, 24)",0,-0.08
513,41,"(25, 23)",0,-0.08
513,42,"(25, 22)",0,-0.08
513,43,"(25, 21)",0,-0.08
513,44,"(25, 20)",0,-0.08
513,45,"(25, 19)",0,-0.08
513,46,"(25, 18)",1,-0.08
513,47,"(26, 18)",1,-0.08
513,48,"(27, 18)",0,-0.08
513,49,"(27, 17)",1,-0.08
513,50,"(28, 17)",0,-0.08
513,51,"(28, 16)",1,-0.08
513,52,"(29, 16)",0,-0.08
513,53,"(29, 15)",1,-0.08
513,54,"(30, 15)",1,-0.08
513,55,"(31, 15)",0,-0.08
513,56,"(31, 14)",1,-0.08
513,57,"(32, 14)",0,-0.08
513,58,"(32, 13)",1,-0.08
513,59,"(33, 13)",1,-0.08
513,60,"(34, 13)",1,-0.08
513,61,"(35, 13)",1,-0.08
513,62,"(36, 13)",1,-0.08
513,63,"(37, 13)",1,-0.08
513,64,"(38, 13)",1,-0.08
513,65,"(39, 13)",1,-0.08
513,66,"(40, 13)",1,-0.08
513,67,"(41, 13)",1,-0.08
513,68,"(42, 13)",1,-0.08
513,69,"(43, 13)",0,-0.08
513,70,"(43, 12)",0,-0.08
513,71,"(43, 11)",1,-0.08
513,72,"(44, 11)",1,-0.08
513,73,"(45, 11)",0,-0.08
513,74,"(45, 10)",0,-0.08
513,75,"(45, 9)",0,-0.08
513,76,"(45, 8)",0,-0.08
513,77,"(45, 7)",1,-0.08
513,78,"(46, 7)",1,-0.08
513,79,"(47, 7)",0,-0.08
513,80,"(47, 6)",1,-0.08
513,81,"(48, 6)",1,-0.08
513,82,"(49, 6)",0,-0.08
513,83,"(49, 5)",1,-0.08
513,84,"(50, 5)",1,-0.08
513,85,"(51, 5)",1,-0.08
513,86,"(52, 5)",1,-0.08
513,87,"(53, 5)",0,-0.08
513,88,"(53, 4)",0,-0.08
513,89,"(53, 3)",1,-0.08
513,90,"(54, 3)",1,-0.08
513,91,"(55, 3)",1,-0.08
513,92,"(56, 3)",0,-0.08
513,93,"(56, 2)",0,-0.08
513,94,"(56, 1)",1,-0.08
513,95,"(57, 1)",1,-0.08
513,96,"(58, 1)",1,-0.08
513,97,"(59, 1)",1,-0.08
513,98,"(60, 1)",1,-0.08
513,99,"(61, 1)",1,-0.08
513,100,"(62, 1)",1,-0.08
513,101,"(63, 1)",1,-0.08
513,102,"(64, 1)",1,-0.08
513,103,"(65, 1)",1,-0.08
513,104,"(66, 1)",1,-0.08
513,105,"(67, 1)",1,-0.08
513,106,"(68, 1)",1,-0.08
513,107,"(69, 1)",1,-0.08
513,108,"(70, 1)",1,-0.08
513,109,"(71, 1)",2,-0.08
513,110,"(71, 2)",2,-0.08
513,111,"(71, 3)",1,-0.08
513,112,"(72, 3)",1,-0.08
513,113,"(73, 3)",1,-0.08
513,114,"(74, 3)",1,-0.08
513,115,"(75, 3)",1,-0.08
513,116,"(76, 3)",1,-0.08
513,117,"(77, 3)",0,-0.08
513,118,"(77, 2)",0,-0.08
513,119,"(77, 1)",1,-0.08
513,120,"(78, 1)",1,-0.08
513,121,"(79, 1)",0,8.33
514,0,"(0, 39)",1,-0.08
514,1,"(1, 39)",1,-0.08
514,2,"(2, 39)",1,-0.08
514,3,"(3, 39)",1,-0.08
514,4,"(4, 39)",1,-0.08
514,5,"(5, 39)",1,-0.08
514,6,"(6, 39)",1,-0.08
514,7,"(7, 39)",1,-0.08
514,8,"(8, 39)",1,-0.08
514,9,"(9, 39)",1,-0.08
514,10,"(10, 39)",1,-0.08
514,11,"(11, 39)",1,-0.08
514,12,"(12, 39)",1,-0.08
514,13,"(13, 39)",1,-0.08
514,14,"(14, 39)",0,-0.08
514,15,"(14, 38)",0,-0.08
514,16,"(14, 37)",1,-0.08
514,17,"(15, 37)",1,-0.08
514,18,"(16, 37)",1,-0.08
514,19,"(17, 37)",0,-0.08
514,20,"(17, 36)",0,-0.08
514,21,"(17, 35)",0,-0.08
514,22,"(17, 34)",0,-0.08
514,23,"(17, 33)",1,-0.08
514,24,"(18, 33)",1,-0.08
514,25,"(19, 33)",0,-0.08
514,26,"(19, 32)",0,-0.08
514,27,"(19, 31)",0,-0.08
514,28,"(19, 30)",0,-0.08
514,29,"(19, 29)",1,-0.08
514,30,"(20, 29)",0,-0.08
514,31,"(20, 28)",0,-0.08
514,32,"(20, 27)",1,-0.08
514,33,"(21, 27)",0,-0.08
514,34,"(21, 26)",1,-0.08
514,35,"(22, 26)",1,-0.08
514,36,"(23, 26)",1,-0.08
514,37,"(24, 26)",1,-0.08
514,38,"(25, 26)",0,-0.08
514,39,"(25, 25)",0,-0.08
514,40,"(25, 24)",0,-0.08
514,41,"(25, 23)",0,-0.08
514,42,"(25, 22)",0,-0.08
514,43,"(25, 21)",0,-0.08
514,44,"(25, 20)",0,-0.08
514,45,"(25, 19)",1,-0.08
514,46,"(26, 19)",0,-0.08
514,47,"(26, 18)",1,-0.08
514,48,"(27, 18)",0,-0.08
514,49,"(27, 17)",0,-0.08
514,50,"(27, 16)",1,-0.08
514,51,"(28, 16)",1,-0.08
514,52,"(29, 16)",0,-0.08
514,53,"(29, 15)",1,-0.08
514,54,"(30, 15)",1,-0.08
514,55,"(31, 15)",1,-0.08
514,56,"(32, 15)",0,-0.08
514,57,"(32, 14)",0,-0.08
514,58,"(32, 13)",1,-0.08
514,59,"(33, 13)",1,-0.08
514,60,"(34, 13)",1,-0.08
514,61,"(35, 13)",1,-0.08
514,62,"(36, 13)",1,-0.08
514,63,"(37, 13)",1,-0.08
514,64,"(38, 13)",1,-0.08
514,65,"(39, 13)",1,-0.08
514,66,"(40, 13)",1,-0.08
514,67,"(41, 13)",1,-0.08
514,68,"(42, 13)",1,-0.08
514,69,"(43, 13)",0,-0.08
514,70,"(43, 12)",0,-0.08
514,71,"(43, 11)",1,-0.08
514,72,"(44, 11)",1,-0.08
514,73,"(45, 11)",0,-0.08
514,74,"(45, 10)",0,-0.08
514,75,"(45, 9)",1,-0.08
514,76,"(46, 9)",0,-0.08
514,77,"(46, 8)",0,-0.08
514,78,"(46, 7)",0,-0.08
514,79,"(46, 6)",1,-0.08
514,80,"(47, 6)",1,-0.08
514,81,"(48, 6)",1,-0.08
514,82,"(49, 6)",0,-0.08
514,83,"(49, 5)",1,-0.08
514,84,"(50, 5)",1,-0.08
514,85,"(51, 5)",1,-0.08
514,86,"(52, 5)",1,-0.08
514,87,"(53, 5)",0,-0.08
514,88,"(53, 4)",0,-0.08
514,89,"(53, 3)",0,-0.08
514,90,"(53, 2)",0,-0.08
514,91,"(53, 1)",1,-0.08
514,92,"(54, 1)",1,-0.08
514,93,"(55, 1)",1,-0.08
514,94,"(56, 1)",1,-0.08
514,95,"(57, 1)",1,-0.08
514,96,"(58, 1)",1,-0.08
514,97,"(59, 1)",1,-0.08
514,98,"(60, 1)",1,-0.08
514,99,"(61, 1)",1,-0.08
514,100,"(62, 1)",1,-0.08
514,101,"(63, 1)",1,-0.08
514,102,"(64, 1)",1,-0.08
514,103,"(65, 1)",1,-0.08
514,104,"(66, 1)",1,-0.08
514,105,"(67, 1)",1,-0.08
514,106,"(68, 1)",1,-0.08
514,107,"(69, 1)",1,-0.08
514,108,"(70, 1)",1,-0.08
514,109,"(71, 1)",2,-0.08
514,110,"(71, 2)",2,-0.08
514,111,"(71, 3)",1,-0.08
514,112,"(72, 3)",1,-0.08
514,113,"(73, 3)",1,-0.08
514,114,"(74, 3)",1,-0.08
514,115,"(75, 3)",1,-0.08
514,116,"(76, 3)",1,-0.08
514,117,"(77, 3)",0,-0.08
514,118,"(77, 2)",0,-0.08
514,119,"(77, 1)",1,-0.08
514,120,"(78, 1)",1,-0.08
514,121,"(79, 1)",0,8.33
515,0,"(0, 39)",1,-0.08
515,1,"(1, 39)",1,-0.08
515,2,"(2, 39)",1,-0.08
515,3,"(3, 39)",1,-0.08
515,4,"(4, 39)",1,-0.08
515,5,"(5, 39)",1,-0.08
515,6,"(6, 39)",1,-0.08
515,7,"(7, 39)",1,-0.08
515,8,"(8, 39)",1,-0.08
515,9,"(9, 39)",1,-0.08
515,10,"(10, 39)",1,-0.08
515,11,"(11, 39)",0,-0.08
515,12,"(11, 38)",0,-0.08
515,13,"(11, 37)",1,-0.08
515,14,"(12, 37)",1,-0.08
515,15,"(13, 37)",1,-0.08
515,16,"(14, 37)",1,-0.08
515,17,"(15, 37)",0,-0.08
515,18,"(15, 36)",0,-0.08
515,19,"(15, 35)",0,-0.08
515,20,"(15, 34)",0,-0.08
515,21,"(15, 33)",1,-0.08
515,22,"(16, 33)",1,-0.08
515,23,"(17, 33)",1,-0.08
515,24,"(18, 33)",1,-0.08
515,25,"(19, 33)",0,-0.08
515,26,"(19, 32)",0,-0.08
515,27,"(19, 31)",0,-0.08
515,28,"(19, 30)",0,-0.08
515,29,"(19, 29)",1,-0.08
515,30,"(20, 29)",0,-0.08
515,31,"(20, 28)",0,-0.08
515,32,"(20, 27)",1,-0.08
515,33,"(21, 27)",0,-0.08
515,34,"(21, 26)",1,-0.08
515,35,"(22, 26)",1,-0.08
515,36,"(23, 26)",1,-0.08
515,37,"(24, 26)",1,-0.08
515,38,"(25, 26)",0,-0.08
515,39,"(25, 25)",0,-0.08
515,40,"(25, 24)",0,-0.08
515,41,"(25, 23)",0,-0.08
515,42,"(25, 22)",0,-0.08
515,43,"(25, 21)",0,-0.08
515,44,"(25, 20)",0,-0.08
515,45,"(25, 19)",0,-0.08
515,46,"(25, 18)",1,-0.08
515,47,"(26, 18)",1,-0.08
515,48,"(27, 18)",0,-0.08
515,49,"(27, 17)",0,-0.08
515,50,"(27, 16)",1,-0.08
515,51,"(28, 16)",1,-0.08
515,52,"(29, 16)",0,-0.08
515,53,"(29, 15)",1,-0.08
515,54,"(30, 15)",1,-0.08
515,55,"(31, 15)",1,-0.08
515,56,"(32, 15)",0,-0.08
515,57,"(32, 14)",0,-0.08
515,58,"(32, 13)",1,-0.08
515,59,"(33, 13)",1,-0.08
515,60,"(34, 13)",1,-0.08
515,61,"(35, 13)",1,-0.08
515,62,"(36, 13)",1,-0.08
515,63,"(37, 13)",1,-0.08
515,64,"(38, 13)",1,-0.08
515,65,"(39, 13)",1,-0.08
515,66,"(40, 13)",1,-0.08
515,67,"(41, 13)",1,-0.08
515,68,"(42, 13)",1,-0.08
515,69,"(43, 13)",0,-0.08
515,70,"(43, 12)",0,-0.08
515,71,"(43, 11)",1,-0.08
515,72,"(44, 11)",1,-0.08
515,73,"(45, 11)",0,-0.08
515,74,"(45, 10)",0,-0.08
515,75,"(45, 9)",0,-0.08
515,76,"(45, 8)",0,-0.08
515,77,"(45, 7)",1,-0.08
515,78,"(46, 7)",0,-0.08
515,79,"(46, 6)",1,-0.08
515,80,"(47, 6)",1,-0.08
515,81,"(48, 6)",1,-0.08
515,82,"(49, 6)",0,-0.08
515,83,"(49, 5)",1,-0.08
515,84,"(50, 5)",1,-0.08
515,85,"(51, 5)",0,-0.08
515,86,"(51, 4)",0,-0.08
515,87,"(51, 3)",0,-0.08
515,88,"(51, 2)",0,-0.08
515,89,"(51, 1)",1,-0.08
515,90,"(52, 1)",1,-0.08
515,91,"(53, 1)",1,-0.08
515,92,"(54, 1)",1,-0.08
515,93,"(55, 1)",1,-0.08
515,94,"(56, 1)",1,-0.08
515,95,"(57, 1)",1,-0.08
515,96,"(58, 1)",1,-0.08
515,97,"(59, 1)",1,-0.08
515,98,"(60, 1)",1,-0.08
515,99,"(61, 1)",1,-0.08
515,100,"(62, 1)",1,-0.08
515,101,"(63, 1)",1,-0.08
515,102,"(64, 1)",1,-0.08
515,103,"(65, 1)",1,-0.08
515,104,"(66, 1)",1,-0.08
515,105,"(67, 1)",1,-0.08
515,106,"(68, 1)",1,-0.08
515,107,"(69, 1)",1,-0.08
515,108,"(70, 1)",1,-0.08
515,109,"(71, 1)",2,-0.08
515,110,"(71, 2)",2,-0.08
515,111,"(71, 3)",1,-0.08
515,112,"(72, 3)",1,-0.08
515,113,"(73, 3)",0,-0.08
515,114,"(73, 2)",0,-0.08
515,115,"(73, 1)",0,-0.08
515,116,"(73, 0)",1,-0.08
515,117,"(74, 0)",1,-0.08
515,118,"(75, 0)",1,-0.08
515,119,"(76, 0)",1,-0.08
515,120,"(77, 0)",1,-0.08
515,121,"(78, 0)",1,8.33
516,0,"(0, 39)",1,-0.08
516,1,"(1, 39)",1,-0.08
516,2,"(2, 39)",1,-0.08
516,3,"(3, 39)",1,-0.08
516,4,"(4, 39)",1,-0.08
516,5,"(5, 39)",1,-0.08
516,6,"(6, 39)",1,-0.08
516,7,"(7, 39)",1,-0.08
516,8,"(8, 39)",1,-0.08
516,9,"(9, 39)",1,-0.08
516,10,"(10, 39)",0,-0.08
516,11,"(10, 38)",1,-0.08
516,12,"(11, 38)",0,-0.08
516,13,"(11, 37)",1,-0.08
516,14,"(12, 37)",1,-0.08
516,15,"(13, 37)",1,-0.08
516,16,"(14, 37)",1,-0.08
516,17,"(15, 37)",1,-0.08
516,18,"(16, 37)",1,-0.08
516,19,"(17, 37)",0,-0.08
516,20,"(17, 36)",0,-0.08
516,21,"(17, 35)",1,-0.08
516,22,"(18, 35)",0,-0.08
516,23,"(18, 34)",0,-0.08
516,24,"(18, 33)",1,-0.08
516,25,"(19, 33)",0,-0.08
516,26,"(19, 32)",0,-0.08
516,27,"(19, 31)",0,-0.08
516,28,"(19, 30)",0,-0.08
516,29,"(19, 29)",1,-0.08
516,30,"(20, 29)",0,-0.08
516,31,"(20, 28)",0,-0.08
516,32,"(20, 27)",1,-0.08
516,33,"(21, 27)",0,-0.08
516,34,"(21, 26)",0,-0.08
516,35,"(21, 25)",1,-0.08
516,36,"(22, 25)",0,-0.08
516,37,"(22, 24)",0,-0.08
516,38,"(22, 23)",1,-0.08
516,39,"(23, 23)",1,-0.08
516,40,"(24, 23)",1,-0.08
516,41,"(25, 23)",0,-0.08
516,42,"(25, 22)",0,-0.08
516,43,"(25, 21)",1,-0.08
516,44,"(26, 21)",1,-0.08
516,45,"(27, 21)",0,-0.08
516,46,"(27, 20)",0,-0.08
516,47,"(27, 19)",0,-0.08
516,48,"(27, 18)",0,-0.08
516,49,"(27, 17)",0,-0.08
516,50,"(27, 16)",1,-0.08
516,51,"(28, 16)",1,-0.08
516,52,"(29, 16)",0,-0.08
516,53,"(29, 15)",1,-0.08
516,54,"(30, 15)",1,-0.08
516,55,"(31, 15)",0,-0.08
516,56,"(31, 14)",0,-0.08
516,57,"(31, 13)",1,-0.08
516,58,"(32, 13)",1,-0.08
516,59,"(33, 13)",1,-0.08
516,60,"(34, 13)",1,-0.08
516,61,"(35, 13)",1,-0.08
516,62,"(36, 13)",1,-0.08
516,63,"(37, 13)",1,-0.08
516,64,"(38, 13)",1,-0.08
516,65,"(39, 13)",0,-0.08
516,66,"(39, 12)",0,-0.08
516,67,"(39, 11)",1,-0.08
516,68,"(40, 11)",1,-0.08
516,69,"(41, 11)",1,-0.08
516,70,"(42, 11)",1,-0.08
516,71,"(43, 11)",1,-0.08
516,72,"(44, 11)",1,-0.08
516,73,"(45, 11)",0,-0.08
516,74,"(45, 10)",0,-0.08
516,75,"(45, 9)",1,-0.08
516,76,"(46, 9)",0,-0.08
516,77,"(46, 8)",0,-0.08
516,78,"(46, 7)",0,-0.08
516,79,"(46, 6)",1,-0.08
516,80,"(47, 6)",1,-0.08
516,81,"(48, 6)",1,-0.08
516,82,"(49, 6)",0,-0.08
516,83,"(49, 5)",1,-0.08
516,84,"(50, 5)",1,-0.08
516,85,"(51, 5)",1,-0.08
516,86,"(52, 5)",1,-0.08
516,87,"(53, 5)",0,-0.08
516,88,"(53, 4)",0,-0.08
516,89,"(53, 3)",0,-0.08
516,90,"(53, 2)",0,-0.08
516,91,"(53, 1)",1,-0.08
516,92,"(54, 1)",1,-0.08
516,93,"(55, 1)",1,-0.08
516,94,"(56, 1)",1,-0.08
516,95,"(57, 1)",1,-0.08
516,96,"(58, 1)",1,-0.08
516,97,"(59, 1)",1,-0.08
516,98,"(60, 1)",1,-0.08
516,99,"(61, 1)",1,-0.08
516,100,"(62, 1)",1,-0.08
516,101,"(63, 1)",1,-0.08
516,102,"(64, 1)",1,-0.08
516,103,"(65, 1)",1,-0.08
516,104,"(66, 1)",1,-0.08
516,105,"(67, 1)",1,-0.08
516,106,"(68, 1)",1,-0.08
516,107,"(69, 1)",1,-0.08
516,108,"(70, 1)",1,-0.08
516,109,"(71, 1)",2,-0.08
516,110,"(71, 2)",2,-0.08
516,111,"(71, 3)",1,-0.08
516,112,"(72, 3)",1,-0.08
516,113,"(73, 3)",1,-0.08
516,114,"(74, 3)",1,-0.08
516,115,"(75, 3)",1,-0.08
516,116,"(76, 3)",1,-0.08
516,117,"(77, 3)",0,-0.08
516,118,"(77, 2)",0,-0.08
516,119,"(77, 1)",0,-0.08
516,120,"(77, 0)",1,-0.08
516,121,"(78, 0)",1,8.33
517,0,"(0, 39)",1,-0.08
517,1,"(1, 39)",1,-0.08
517,2,"(2, 39)",1,-0.08
517,3,"(3, 39)",1,-0.08
517,4,"(4, 39)",1,-0.08
517,5,"(5, 39)",1,-0.08
517,6,"(6, 39)",1,-0.08
517,7,"(7, 39)",1,-0.08
517,8,"(8, 39)",1,-0.08
517,9,"(9, 39)",1,-0.08
517,10,"(10, 39)",0,-0.08
517,11,"(10, 38)",1,-0.08
517,12,"(11, 38)",0,-0.08
517,13,"(11, 37)",1,-0.08
517,14,"(12, 37)",1,-0.08
517,15,"(13, 37)",1,-0.08
517,16,"(14, 37)",1,-0.08
517,17,"(15, 37)",1,-0.08
517,18,"(16, 37)",1,-0.08
517,19,"(17, 37)",0,-0.08
517,20,"(17, 36)",0,-0.08
517,21,"(17, 35)",0,-0.08
517,22,"(17, 34)",1,-0.08
517,23,"(18, 34)",0,-0.08
517,24,"(18, 33)",1,-0.08
517,25,"(19, 33)",0,-0.08
517,26,"(19, 32)",0,-0.08
517,27,"(19, 31)",0,-0.08
517,28,"(19, 30)",0,-0.08
517,29,"(19, 29)",1,-0.08
517,30,"(20, 29)",0,-0.08
517,31,"(20, 28)",0,-0.08
517,32,"(20, 27)",1,-0.08
517,33,"(21, 27)",0,-0.08
517,34,"(21, 26)",0,-0.08
517,35,"(21, 25)",1,-0.08
517,36,"(22, 25)",0,-0.08
517,37,"(22, 24)",0,-0.08
517,38,"(22, 23)",1,-0.08
517,39,"(23, 23)",1,-0.08
517,40,"(24, 23)",1,-0.08
517,41,"(25, 23)",0,-0.08
517,42,"(25, 22)",0,-0.08
517,43,"(25, 21)",1,-0.08
517,44,"(26, 21)",1,-0.08
517,45,"(27, 21)",0,-0.08
517,46,"(27, 20)",0,-0.08
517,47,"(27, 19)",0,-0.08
517,48,"(27, 18)",0,-0.08
517,49,"(27, 17)",0,-0.08
517,50,"(27, 16)",1,-0.08
517,51,"(28, 16)",1,-0.08
517,52,"(29, 16)",0,-0.08
517,53,"(29, 15)",1,-0.08
517,54,"(30, 15)",1,-0.08
517,55,"(31, 15)",0,-0.08
517,56,"(31, 14)",1,-0.08
517,57,"(32, 14)",0,-0.08
517,58,"(32, 13)",1,-0.08
517,59,"(33, 13)",1,-0.08
517,60,"(34, 13)",1,-0.08
517,61,"(35, 13)",1,-0.08
517,62,"(36, 13)",1,-0.08
517,63,"(37, 13)",1,-0.08
517,64,"(38, 13)",1,-0.08
517,65,"(39, 13)",0,-0.08
517,66,"(39, 12)",0,-0.08
517,67,"(39, 11)",1,-0.08
517,68,"(40, 11)",1,-0.08
517,69,"(41, 11)",1,-0.08
517,70,"(42, 11)",1,-0.08
517,71,"(43, 11)",1,-0.08
517,72,"(44, 11)",1,-0.08
517,73,"(45, 11)",0,-0.08
517,74,"(45, 10)",0,-0.08
517,75,"(45, 9)",1,-0.08
517,76,"(46, 9)",0,-0.08
517,77,"(46, 8)",0,-0.08
517,78,"(46, 7)",0,-0.08
517,79,"(46, 6)",1,-0.08
517,80,"(47, 6)",1,-0.08
517,81,"(48, 6)",1,-0.08
517,82,"(49, 6)",0,-0.08
517,83,"(49, 5)",1,-0.08
517,84,"(50, 5)",1,-0.08
517,85,"(51, 5)",0,-0.08
517,86,"(51, 4)",0,-0.08
517,87,"(51, 3)",0,-0.08
517,88,"(51, 2)",1,-0.08
517,89,"(52, 2)",1,-0.08
517,90,"(53, 2)",0,-0.08
517,91,"(53, 1)",1,-0.08
517,92,"(54, 1)",1,-0.08
517,93,"(55, 1)",1,-0.08
517,94,"(56, 1)",1,-0.08
517,95,"(57, 1)",1,-0.08
517,96,"(58, 1)",1,-0.08
517,97,"(59, 1)",1,-0.08
517,98,"(60, 1)",1,-0.08
517,99,"(61, 1)",1,-0.08
517,100,"(62, 1)",1,-0.08
517,101,"(63, 1)",1,-0.08
517,102,"(64, 1)",1,-0.08
517,103,"(65, 1)",1,-0.08
517,104,"(66, 1)",1,-0.08
517,105,"(67, 1)",1,-0.08
517,106,"(68, 1)",1,-0.08
517,107,"(69, 1)",1,-0.08
517,108,"(70, 1)",1,-0.08
517,109,"(71, 1)",2,-0.08
517,110,"(71, 2)",2,-0.08
517,111,"(71, 3)",1,-0.08
517,112,"(72, 3)",1,-0.08
517,113,"(73, 3)",0,-0.08
517,114,"(73, 2)",0,-0.08
517,115,"(73, 1)",1,-0.08
517,116,"(74, 1)",1,-0.08
517,117,"(75, 1)",0,-0.08
517,118,"(75, 0)",1,-0.08
517,119,"(76, 0)",1,-0.08
517,120,"(77, 0)",1,-0.08
517,121,"(78, 0)",1,8.33
518,0,"(0, 39)",1,-0.08
518,1,"(1, 39)",1,-0.08
518,2,"(2, 39)",1,-0.08
518,3,"(3, 39)",1,-0.08
518,4,"(4, 39)",1,-0.08
518,5,"(5, 39)",1,-0.08
518,6,"(6, 39)",1,-0.08
518,7,"(7, 39)",1,-0.08
518,8,"(8, 39)",1,-0.08
518,9,"(9, 39)",1,-0.08
518,10,"(10, 39)",0,-0.08
518,11,"(10, 38)",1,-0.08
518,12,"(11, 38)",0,-0.08
518,13,"(11, 37)",1,-0.08
518,14,"(12, 37)",1,-0.08
518,15,"(13, 37)",1,-0.08
518,16,"(14, 37)",1,-0.08
518,17,"(15, 37)",1,-0.08
518,18,"(16, 37)",0,-0.08
518,19,"(16, 36)",1,-0.08
518,20,"(17, 36)",0,-0.08
518,21,"(17, 35)",1,-0.08
518,22,"(18, 35)",0,-0.08
518,23,"(18, 34)",1,-0.08
518,24,"(19, 34)",0,-0.08
518,25,"(19, 33)",0,-0.08
518,26,"(19, 32)",0,-0.08
518,27,"(19, 31)",0,-0.08
518,28,"(19, 30)",0,-0.08
518,29,"(19, 29)",1,-0.08
518,30,"(20, 29)",0,-0.08
518,31,"(20, 28)",0,-0.08
518,32,"(20, 27)",1,-0.08
518,33,"(21, 27)",0,-0.08
518,34,"(21, 26)",1,-0.08
518,35,"(22, 26)",1,-0.08
518,36,"(23, 26)",0,-0.08
518,37,"(23, 25)",1,-0.08
518,38,"(24, 25)",1,-0.08
518,39,"(25, 25)",0,-0.08
518,40,"(25, 24)",0,-0.08
518,41,"(25, 23)",0,-0.08
518,42,"(25, 22)",0,-0.08
518,43,"(25, 21)",0,-0.08
518,44,"(25, 20)",0,-0.08
518,45,"(25, 19)",0,-0.08
518,46,"(25, 18)",1,-0.08
518,47,"(26, 18)",1,-0.08
518,48,"(27, 18)",0,-0.08
518,49,"(27, 17)",1,-0.08
518,50,"(28, 17)",0,-0.08
518,51,"(28, 16)",1,-0.08
518,52,"(29, 16)",0,-0.08
518,53,"(29, 15)",1,-0.08
518,54,"(30, 15)",1,-0.08
518,55,"(31, 15)",1,-0.08
518,56,"(32, 15)",0,-0.08
518,57,"(32, 14)",0,-0.08
518,58,"(32, 13)",1,-0.08
518,59,"(33, 13)",1,-0.08
518,60,"(34, 13)",1,-0.08
518,61,"(35, 13)",1,-0.08
518,62,"(36, 13)",1,-0.08
518,63,"(37, 13)",1,-0.08
518,64,"(38, 13)",1,-0.08
518,65,"(39, 13)",1,-0.08
518,66,"(40, 13)",1,-0.08
518,67,"(41, 13)",1,-0.08
518,68,"(42, 13)",1,-0.08
518,69,"(43, 13)",0,-0.08
518,70,"(43, 12)",0,-0.08
518,71,"(43, 11)",1,-0.08
518,72,"(44, 11)",1,-0.08
518,73,"(45, 11)",0,-0.08
518,74,"(45, 10)",1,-0.08
518,75,"(46, 10)",0,-0.08
518,76,"(46, 9)",0,-0.08
518,77,"(46, 8)",0,-0.08
518,78,"(46, 7)",0,-0.08
518,79,"(46, 6)",1,-0.08
518,80,"(47, 6)",1,-0.08
518,81,"(48, 6)",1,-0.08
518,82,"(49, 6)",0,-0.08
518,83,"(49, 5)",1,-0.08
518,84,"(50, 5)",1,-0.08
518,85,"(51, 5)",0,-0.08
518,86,"(51, 4)",0,-0.08
518,87,"(51, 3)",0,-0.08
518,88,"(51, 2)",1,-0.08
518,89,"(52, 2)",1,-0.08
518,90,"(53, 2)",0,-0.08
518,91,"(53, 1)",1,-0.08
518,92,"(54, 1)",1,-0.08
518,93,"(55, 1)",1,-0.08
518,94,"(56, 1)",1,-0.08
518,95,"(57, 1)",1,-0.08
518,96,"(58, 1)",1,-0.08
518,97,"(59, 1)",1,-0.08
518,98,"(60, 1)",1,-0.08
518,99,"(61, 1)",1,-0.08
518,100,"(62, 1)",1,-0.08
518,101,"(63, 1)",1,-0.08
518,102,"(64, 1)",1,-0.08
518,103,"(65, 1)",1,-0.08
518,104,"(66, 1)",1,-0.08
518,105,"(67, 1)",1,-0.08
518,106,"(68, 1)",1,-0.08
518,107,"(69, 1)",1,-0.08
518,108,"(70, 1)",1,-0.08
518,109,"(71, 1)",2,-0.08
518,110,"(71, 2)",2,-0.08
518,111,"(71, 3)",1,-0.08
518,112,"(72, 3)",1,-0.08
518,113,"(73, 3)",0,-0.08
518,114,"(73, 2)",0,-0.08
518,115,"(73, 1)",0,-0.08
518,116,"(73, 0)",1,-0.08
518,117,"(74, 0)",1,-0.08
518,118,"(75, 0)",1,-0.08
518,119,"(76, 0)",1,-0.08
518,120,"(77, 0)",1,-0.08
518,121,"(78, 0)",1,8.33
519,0,"(0, 39)",1,-0.08
519,1,"(1, 39)",1,-0.08
519,2,"(2, 39)",1,-0.08
519,3,"(3, 39)",1,-0.08
519,4,"(4, 39)",1,-0.08
519,5,"(5, 39)",1,-0.08
519,6,"(6, 39)",1,-0.08
519,7,"(7, 39)",1,-0.08
519,8,"(8, 39)",1,-0.08
519,9,"(9, 39)",1,-0.08
519,10,"(10, 39)",1,-0.08
519,11,"(11, 39)",0,-0.08
519,12,"(11, 38)",0,-0.08
519,13,"(11, 37)",1,-0.08
519,14,"(12, 37)",1,-0.08
519,15,"(13, 37)",1,-0.08
519,16,"(14, 37)",1,-0.08
519,17,"(15, 37)",0,-0.08
519,18,"(15, 36)",1,-0.08
519,19,"(16, 36)",1,-0.08
519,20,"(17, 36)",0,-0.08
519,21,"(17, 35)",1,-0.08
519,22,"(18, 35)",0,-0.08
519,23,"(18, 34)",1,-0.08
519,24,"(19, 34)",0,-0.08
519,25,"(19, 33)",0,-0.08
519,26,"(19, 32)",0,-0.08
519,27,"(19, 31)",0,-0.08
519,28,"(19, 30)",0,-0.08
519,29,"(19, 29)",1,-0.08
519,30,"(20, 29)",0,-0.08
519,31,"(20, 28)",0,-0.08
519,32,"(20, 27)",1,-0.08
519,33,"(21, 27)",0,-0.08
519,34,"(21, 26)",0,-0.08
519,35,"(21, 25)",1,-0.08
519,36,"(22, 25)",0,-0.08
519,37,"(22, 24)",0,-0.08
519,38,"(22, 23)",1,-0.08
519,39,"(23, 23)",1,-0.08
519,40,"(24, 23)",1,-0.08
519,41,"(25, 23)",0,-0.08
519,42,"(25, 22)",0,-0.08
519,43,"(25, 21)",1,-0.08
519,44,"(26, 21)",1,-0.08
519,45,"(27, 21)",0,-0.08
519,46,"(27, 20)",0,-0.08
519,47,"(27, 19)",0,-0.08
519,48,"(27, 18)",0,-0.08
519,49,"(27, 17)",0,-0.08
519,50,"(27, 16)",1,-0.08
519,51,"(28, 16)",1,-0.08
519,52,"(29, 16)",0,-0.08
519,53,"(29, 15)",1,-0.08
519,54,"(30, 15)",1,-0.08
519,55,"(31, 15)",1,-0.08
519,56,"(32, 15)",0,-0.08
519,57,"(32, 14)",0,-0.08
519,58,"(32, 13)",1,-0.08
519,59,"(33, 13)",1,-0.08
519,60,"(34, 13)",1,-0.08
519,61,"(35, 13)",1,-0.08
519,62,"(36, 13)",1,-0.08
519,63,"(37, 13)",1,-0.08
519,64,"(38, 13)",1,-0.08
519,65,"(39, 13)",0,-0.08
519,66,"(39, 12)",0,-0.08
519,67,"(39, 11)",1,-0.08
519,68,"(40, 11)",1,-0.08
519,69,"(41, 11)",1,-0.08
519,70,"(42, 11)",1,-0.08
519,71,"(43, 11)",1,-0.08
519,72,"(44, 11)",1,-0.08
519,73,"(45, 11)",0,-0.08
519,74,"(45, 10)",0,-0.08
519,75,"(45, 9)",0,-0.08
519,76,"(45, 8)",1,-0.08
519,77,"(46, 8)",0,-0.08
519,78,"(46, 7)",0,-0.08
519,79,"(46, 6)",1,-0.08
519,80,"(47, 6)",1,-0.08
519,81,"(48, 6)",1,-0.08
519,82,"(49, 6)",0,-0.08
519,83,"(49, 5)",1,-0.08
519,84,"(50, 5)",1,-0.08
519,85,"(51, 5)",1,-0.08
519,86,"(52, 5)",1,-0.08
519,87,"(53, 5)",0,-0.08
519,88,"(53, 4)",0,-0.08
519,89,"(53, 3)",0,-0.08
519,90,"(53, 2)",0,-0.08
519,91,"(53, 1)",1,-0.08
519,92,"(54, 1)",1,-0.08
519,93,"(55, 1)",1,-0.08
519,94,"(56, 1)",1,-0.08
519,95,"(57, 1)",1,-0.08
519,96,"(58, 1)",1,-0.08
519,97,"(59, 1)",1,-0.08
519,98,"(60, 1)",1,-0.08
519,99,"(61, 1)",1,-0.08
519,100,"(62, 1)",1,-0.08
519,101,"(63, 1)",1,-0.08
519,102,"(64, 1)",1,-0.08
519,103,"(65, 1)",1,-0.08
519,104,"(66, 1)",1,-0.08
519,105,"(67, 1)",1,-0.08
519,106,"(68, 1)",1,-0.08
519,107,"(69, 1)",1,-0.08
519,108,"(70, 1)",1,-0.08
519,109,"(71, 1)",2,-0.08
519,110,"(71, 2)",2,-0.08
519,111,"(71, 3)",1,-0.08
519,112,"(72, 3)",1,-0.08
519,113,"(73, 3)",1,-0.08
519,114,"(74, 3)",1,-0.08
519,115,"(75, 3)",1,-0.08
519,116,"(76, 3)",1,-0.08
519,117,"(77, 3)",0,-0.08
519,118,"(77, 2)",0,-0.08
519,119,"(77, 1)",0,-0.08
519,120,"(77, 0)",1,-0.08
519,121,"(78, 0)",1,8.33
520,0,"(0, 39)",1,-0.08
520,1,"(1, 39)",1,-0.08
520,2,"(2, 39)",1,-0.08
520,3,"(3, 39)",1,-0.08
520,4,"(4, 39)",1,-0.08
520,5,"(5, 39)",1,-0.08
520,6,"(6, 39)",1,-0.08
520,7,"(7, 39)",1,-0.08
520,8,"(8, 39)",1,-0.08
520,9,"(9, 39)",1,-0.08
520,10,"(10, 39)",1,-0.08
520,11,"(11, 39)",0,-0.08
520,12,"(11, 38)",0,-0.08
520,13,"(11, 37)",1,-0.08
520,14,"(12, 37)",1,-0.08
520,15,"(13, 37)",1,-0.08
520,16,"(14, 37)",1,-0.08
520,17,"(15, 37)",0,-0.08
520,18,"(15, 36)",1,-0.08
520,19,"(16, 36)",1,-0.08
520,20,"(17, 36)",0,-0.08
520,21,"(17, 35)",1,-0.08
520,22,"(18, 35)",1,-0.08
520,23,"(19, 35)",0,-0.08
520,24,"(19, 34)",0,-0.08
520,25,"(19, 33)",0,-0.08
520,26,"(19, 32)",0,-0.08
520,27,"(19, 31)",0,-0.08
520,28,"(19, 30)",0,-0.08
520,29,"(19, 29)",1,-0.08
520,30,"(20, 29)",0,-0.08
520,31,"(20, 28)",0,-0.08
520,32,"(20, 27)",1,-0.08
520,33,"(21, 27)",0,-0.08
520,34,"(21, 26)",1,-0.08
520,35,"(22, 26)",1,-0.08
520,36,"(23, 26)",1,-0.08
520,37,"(24, 26)",0,-0.08
520,38,"(24, 25)",1,-0.08
520,39,"(25, 25)",0,-0.08
520,40,"(25, 24)",0,-0.08
520,41,"(25, 23)",0,-0.08
520,42,"(25, 22)",0,-0.08
520,43,"(25, 21)",1,-0.08
520,44,"(26, 21)",1,-0.08
520,45,"(27, 21)",0,-0.08
520,46,"(27, 20)",1,-0.08
520,47,"(28, 20)",0,-0.08
520,48,"(28, 19)",1,-0.08
520,49,"(29, 19)",1,-0.08
520,50,"(30, 19)",1,-0.08
520,51,"(31, 19)",0,-0.08
520,52,"(31, 18)",1,-0.08
520,53,"(32, 18)",0,-0.08
520,54,"(32, 17)",0,-0.08
520,55,"(32, 16)",0,-0.08
520,56,"(32, 15)",0,-0.08
520,57,"(32, 14)",0,-0.08
520,58,"(32, 13)",1,-0.08
520,59,"(33, 13)",1,-0.08
520,60,"(34, 13)",1,-0.08
520,61,"(35, 13)",1,-0.08
520,62,"(36, 13)",1,-0.08
520,63,"(37, 13)",1,-0.08
520,64,"(38, 13)",1,-0.08
520,65,"(39, 13)",0,-0.08
520,66,"(39, 12)",0,-0.08
520,67,"(39, 11)",1,-0.08
520,68,"(40, 11)",1,-0.08
520,69,"(41, 11)",1,-0.08
520,70,"(42, 11)",1,-0.08
520,71,"(43, 11)",1,-0.08
520,72,"(44, 11)",1,-0.08
520,73,"(45, 11)",0,-0.08
520,74,"(45, 10)",0,-0.08
520,75,"(45, 9)",1,-0.08
520,76,"(46, 9)",0,-0.08
520,77,"(46, 8)",0,-0.08
520,78,"(46, 7)",1,-0.08
520,79,"(47, 7)",0,-0.08
520,80,"(47, 6)",1,-0.08
520,81,"(48, 6)",1,-0.08
520,82,"(49, 6)",0,-0.08
520,83,"(49, 5)",1,-0.08
520,84,"(50, 5)",1,-0.08
520,85,"(51, 5)",1,-0.08
520,86,"(52, 5)",1,-0.08
520,87,"(53, 5)",0,-0.08
520,88,"(53, 4)",0,-0.08
520,89,"(53, 3)",0,-0.08
520,90,"(53, 2)",0,-0.08
520,91,"(53, 1)",1,-0.08
520,92,"(54, 1)",1,-0.08
520,93,"(55, 1)",1,-0.08
520,94,"(56, 1)",1,-0.08
520,95,"(57, 1)",1,-0.08
520,96,"(58, 1)",1,-0.08
520,97,"(59, 1)",1,-0.08
520,98,"(60, 1)",1,-0.08
520,99,"(61, 1)",1,-0.08
520,100,"(62, 1)",1,-0.08
520,101,"(63, 1)",1,-0.08
520,102,"(64, 1)",1,-0.08
520,103,"(65, 1)",1,-0.08
520,104,"(66, 1)",1,-0.08
520,105,"(67, 1)",1,-0.08
520,106,"(68, 1)",1,-0.08
520,107,"(69, 1)",1,-0.08
520,108,"(70, 1)",1,-0.08
520,109,"(71, 1)",2,-0.08
520,110,"(71, 2)",2,-0.08
520,111,"(71, 3)",1,-0.08
520,112,"(72, 3)",1,-0.08
520,113,"(73, 3)",1,-0.08
520,114,"(74, 3)",1,-0.08
520,115,"(75, 3)",1,-0.08
520,116,"(76, 3)",1,-0.08
520,117,"(77, 3)",0,-0.08
520,118,"(77, 2)",0,-0.08
520,119,"(77, 1)",0,-0.08
520,120,"(77, 0)",1,-0.08
520,121,"(78, 0)",1,8.33
521,0,"(0, 39)",1,-0.08
521,1,"(1, 39)",1,-0.08
521,2,"(2, 39)",1,-0.08
521,3,"(3, 39)",1,-0.08
521,4,"(4, 39)",1,-0.08
521,5,"(5, 39)",1,-0.08
521,6,"(6, 39)",1,-0.08
521,7,"(7, 39)",1,-0.08
521,8,"(8, 39)",1,-0.08
521,9,"(9, 39)",1,-0.08
521,10,"(10, 39)",0,-0.08
521,11,"(10, 38)",1,-0.08
521,12,"(11, 38)",0,-0.08
521,13,"(11, 37)",1,-0.08
521,14,"(12, 37)",1,-0.08
521,15,"(13, 37)",1,-0.08
521,16,"(14, 37)",1,-0.08
521,17,"(15, 37)",0,-0.08
521,18,"(15, 36)",0,-0.08
521,19,"(15, 35)",0,-0.08
521,20,"(15, 34)",0,-0.08
521,21,"(15, 33)",1,-0.08
521,22,"(16, 33)",1,-0.08
521,23,"(17, 33)",1,-0.08
521,24,"(18, 33)",1,-0.08
521,25,"(19, 33)",0,-0.08
521,26,"(19, 32)",0,-0.08
521,27,"(19, 31)",0,-0.08
521,28,"(19, 30)",0,-0.08
521,29,"(19, 29)",1,-0.08
521,30,"(20, 29)",0,-0.08
521,31,"(20, 28)",0,-0.08
521,32,"(20, 27)",1,-0.08
521,33,"(21, 27)",0,-0.08
521,34,"(21, 26)",0,-0.08
521,35,"(21, 25)",1,-0.08
521,36,"(22, 25)",1,-0.08
521,37,"(23, 25)",1,-0.08
521,38,"(24, 25)",1,-0.08
521,39,"(25, 25)",1,-0.08
521,40,"(26, 25)",1,-0.08
521,41,"(27, 25)",1,-0.08
521,42,"(28, 25)",1,-0.08
521,43,"(29, 25)",1,-0.08
521,44,"(30, 25)",1,-0.08
521,45,"(31, 25)",0,-0.08
521,46,"(31, 24)",0,-0.08
521,47,"(31, 23)",1,-0.08
521,48,"(32, 23)",1,-0.08
521,49,"(33, 23)",0,-0.08
521,50,"(33, 22)",0,-0.08
521,51,"(33, 21)",1,-0.08
521,52,"(34, 21)",1,-0.08
521,53,"(35, 21)",0,-0.08
521,54,"(35, 20)",0,-0.08
521,55,"(35, 19)",1,-0.08
521,56,"(36, 19)",1,-0.08
521,57,"(37, 19)",0,-0.08
521,58,"(37, 18)",0,-0.08
521,59,"(37, 17)",0,-0.08
521,60,"(37, 16)",0,-0.08
521,61,"(37, 15)",1,-0.08
521,62,"(38, 15)",1,-0.08
521,63,"(39, 15)",1,-0.08
521,64,"(40, 15)",0,-0.08
521,65,"(40, 14)",0,-0.08
521,66,"(40, 13)",1,-0.08
521,67,"(41, 13)",1,-0.08
521,68,"(42, 13)",1,-0.08
521,69,"(43, 13)",1,-0.08
521,70,"(44, 13)",1,-0.08
521,71,"(45, 13)",0,-0.08
521,72,"(45, 12)",0,-0.08
521,73,"(45, 11)",0,-0.08
521,74,"(45, 10)",0,-0.08
521,75,"(45, 9)",1,-0.08
521,76,"(46, 9)",0,-0.08
521,77,"(46, 8)",0,-0.08
521,78,"(46, 7)",1,-0.08
521,79,"(47, 7)",0,-0.08
521,80,"(47, 6)",1,-0.08
521,81,"(48, 6)",1,-0.08
521,82,"(49, 6)",0,-0.08
521,83,"(49, 5)",1,-0.08
521,84,"(50, 5)",1,-0.08
521,85,"(51, 5)",1,-0.08
521,86,"(52, 5)",1,-0.08
521,87,"(53, 5)",0,-0.08
521,88,"(53, 4)",0,-0.08
521,89,"(53, 3)",0,-0.08
521,90,"(53, 2)",0,-0.08
521,91,"(53, 1)",1,-0.08
521,92,"(54, 1)",1,-0.08
521,93,"(55, 1)",1,-0.08
521,94,"(56, 1)",1,-0.08
521,95,"(57, 1)",1,-0.08
521,96,"(58, 1)",1,-0.08
521,97,"(59, 1)",1,-0.08
521,98,"(60, 1)",1,-0.08
521,99,"(61, 1)",1,-0.08
521,100,"(62, 1)",1,-0.08
521,101,"(63, 1)",1,-0.08
521,102,"(64, 1)",1,-0.08
521,103,"(65, 1)",1,-0.08
521,104,"(66, 1)",1,-0.08
521,105,"(67, 1)",1,-0.08
521,106,"(68, 1)",1,-0.08
521,107,"(69, 1)",1,-0.08
521,108,"(70, 1)",1,-0.08
521,109,"(71, 1)",2,-0.08
521,110,"(71, 2)",2,-0.08
521,111,"(71, 3)",1,-0.08
521,112,"(72, 3)",1,-0.08
521,113,"(73, 3)",0,-0.08
521,114,"(73, 2)",0,-0.08
521,115,"(73, 1)",0,-0.08
521,116,"(73, 0)",1,-0.08
521,117,"(74, 0)",1,-0.08
521,118,"(75, 0)",1,-0.08
521,119,"(76, 0)",1,-0.08
521,120,"(77, 0)",1,-0.08
521,121,"(78, 0)",1,8.33
522,0,"(0, 39)",1,-0.08
522,1,"(1, 39)",1,-0.08
522,2,"(2, 39)",1,-0.08
522,3,"(3, 39)",1,-0.08
522,4,"(4, 39)",1,-0.08
522,5,"(5, 39)",1,-0.08
522,6,"(6, 39)",1,-0.08
522,7,"(7, 39)",1,-0.08
522,8,"(8, 39)",1,-0.08
522,9,"(9, 39)",1,-0.08
522,10,"(10, 39)",1,-0.08
522,11,"(11, 39)",0,-0.08
522,12,"(11, 38)",0,-0.08
522,13,"(11, 37)",1,-0.08
522,14,"(12, 37)",1,-0.08
522,15,"(13, 37)",1,-0.08
522,16,"(14, 37)",1,-0.08
522,17,"(15, 37)",0,-0.08
522,18,"(15, 36)",1,-0.08
522,19,"(16, 36)",1,-0.08
522,20,"(17, 36)",0,-0.08
522,21,"(17, 35)",1,-0.08
522,22,"(18, 35)",1,-0.08
522,23,"(19, 35)",0,-0.08
522,24,"(19, 34)",0,-0.08
522,25,"(19, 33)",0,-0.08
522,26,"(19, 32)",0,-0.08
522,27,"(19, 31)",0,-0.08
522,28,"(19, 30)",0,-0.08
522,29,"(19, 29)",1,-0.08
522,30,"(20, 29)",0,-0.08
522,31,"(20, 28)",0,-0.08
522,32,"(20, 27)",1,-0.08
522,33,"(21, 27)",0,-0.08
522,34,"(21, 26)",1,-0.08
522,35,"(22, 26)",0,-0.08
522,36,"(22, 25)",0,-0.08
522,37,"(22, 24)",0,-0.08
522,38,"(22, 23)",1,-0.08
522,39,"(23, 23)",1,-0.08
522,40,"(24, 23)",1,-0.08
522,41,"(25, 23)",0,-0.08
522,42,"(25, 22)",0,-0.08
522,43,"(25, 21)",1,-0.08
522,44,"(26, 21)",1,-0.08
522,45,"(27, 21)",0,-0.08
522,46,"(27, 20)",1,-0.08
522,47,"(28, 20)",0,-0.08
522,48,"(28, 19)",1,-0.08
522,49,"(29, 19)",1,-0.08
522,50,"(30, 19)",1,-0.08
522,51,"(31, 19)",0,-0.08
522,52,"(31, 18)",1,-0.08
522,53,"(32, 18)",0,-0.08
522,54,"(32, 17)",0,-0.08
522,55,"(32, 16)",0,-0.08
522,56,"(32, 15)",0,-0.08
522,57,"(32, 14)",0,-0.08
522,58,"(32, 13)",1,-0.08
522,59,"(33, 13)",1,-0.08
522,60,"(34, 13)",1,-0.08
522,61,"(35, 13)",1,-0.08
522,62,"(36, 13)",1,-0.08
522,63,"(37, 13)",1,-0.08
522,64,"(38, 13)",1,-0.08
522,65,"(39, 13)",1,-0.08
522,66,"(40, 13)",1,-0.08
522,67,"(41, 13)",1,-0.08
522,68,"(42, 13)",1,-0.08
522,69,"(43, 13)",0,-0.08
522,70,"(43, 12)",0,-0.08
522,71,"(43, 11)",1,-0.08
522,72,"(44, 11)",1,-0.08
522,73,"(45, 11)",0,-0.08
522,74,"(45, 10)",1,-0.08
522,75,"(46, 10)",0,-0.08
522,76,"(46, 9)",0,-0.08
522,77,"(46, 8)",0,-0.08
522,78,"(46, 7)",0,-0.08
522,79,"(46, 6)",1,-0.08
522,80,"(47, 6)",1,-0.08
522,81,"(48, 6)",1,-0.08
522,82,"(49, 6)",0,-0.08
522,83,"(49, 5)",1,-0.08
522,84,"(50, 5)",1,-0.08
522,85,"(51, 5)",1,-0.08
522,86,"(52, 5)",1,-0.08
522,87,"(53, 5)",0,-0.08
522,88,"(53, 4)",0,-0.08
522,89,"(53, 3)",0,-0.08
522,90,"(53, 2)",0,-0.08
522,91,"(53, 1)",1,-0.08
522,92,"(54, 1)",1,-0.08
522,93,"(55, 1)",1,-0.08
522,94,"(56, 1)",1,-0.08
522,95,"(57, 1)",1,-0.08
522,96,"(58, 1)",1,-0.08
522,97,"(59, 1)",1,-0.08
522,98,"(60, 1)",1,-0.08
522,99,"(61, 1)",1,-0.08
522,100,"(62, 1)",1,-0.08
522,101,"(63, 1)",1,-0.08
522,102,"(64, 1)",1,-0.08
522,103,"(65, 1)",1,-0.08
522,104,"(66, 1)",1,-0.08
522,105,"(67, 1)",1,-0.08
522,106,"(68, 1)",1,-0.08
522,107,"(69, 1)",1,-0.08
522,108,"(70, 1)",1,-0.08
522,109,"(71, 1)",2,-0.08
522,110,"(71, 2)",2,-0.08
522,111,"(71, 3)",1,-0.08
522,112,"(72, 3)",1,-0.08
522,113,"(73, 3)",1,-0.08
522,114,"(74, 3)",1,-0.08
522,115,"(75, 3)",1,-0.08
522,116,"(76, 3)",1,-0.08
522,117,"(77, 3)",0,-0.08
522,118,"(77, 2)",0,-0.08
522,119,"(77, 1)",0,-0.08
522,120,"(77, 0)",1,-0.08
522,121,"(78, 0)",1,8.33
523,0,"(0, 39)",1,-0.08
523,1,"(1, 39)",1,-0.08
523,2,"(2, 39)",1,-0.08
523,3,"(3, 39)",1,-0.08
523,4,"(4, 39)",1,-0.08
523,5,"(5, 39)",1,-0.08
523,6,"(6, 39)",1,-0.08
523,7,"(7, 39)",1,-0.08
523,8,"(8, 39)",1,-0.08
523,9,"(9, 39)",1,-0.08
523,10,"(10, 39)",0,-0.08
523,11,"(10, 38)",0,-0.08
523,12,"(10, 37)",1,-0.08
523,13,"(11, 37)",1,-0.08
523,14,"(12, 37)",1,-0.08
523,15,"(13, 37)",1,-0.08
523,16,"(14, 37)",1,-0.08
523,17,"(15, 37)",0,-0.08
523,18,"(15, 36)",0,-0.08
523,19,"(15, 35)",0,-0.08
523,20,"(15, 34)",0,-0.08
523,21,"(15, 33)",1,-0.08
523,22,"(16, 33)",1,-0.08
523,23,"(17, 33)",1,-0.08
523,24,"(18, 33)",1,-0.08
523,25,"(19, 33)",0,-0.08
523,26,"(19, 32)",0,-0.08
523,27,"(19, 31)",0,-0.08
523,28,"(19, 30)",0,-0.08
523,29,"(19, 29)",1,-0.08
523,30,"(20, 29)",0,-0.08
523,31,"(20, 28)",0,-0.08
523,32,"(20, 27)",1,-0.08
523,33,"(21, 27)",0,-0.08
523,34,"(21, 26)",1,-0.08
523,35,"(22, 26)",1,-0.08
523,36,"(23, 26)",1,-0.08
523,37,"(24, 26)",1,-0.08
523,38,"(25, 26)",0,-0.08
523,39,"(25, 25)",1,-0.08
523,40,"(26, 25)",1,-0.08
523,41,"(27, 25)",1,-0.08
523,42,"(28, 25)",1,-0.08
523,43,"(29, 25)",1,-0.08
523,44,"(30, 25)",1,-0.08
523,45,"(31, 25)",0,-0.08
523,46,"(31, 24)",0,-0.08
523,47,"(31, 23)",1,-0.08
523,48,"(32, 23)",1,-0.08
523,49,"(33, 23)",0,-0.08
523,50,"(33, 22)",0,-0.08
523,51,"(33, 21)",1,-0.08
523,52,"(34, 21)",1,-0.08
523,53,"(35, 21)",0,-0.08
523,54,"(35, 20)",0,-0.08
523,55,"(35, 19)",0,-0.08
523,56,"(35, 18)",0,-0.08
523,57,"(35, 17)",0,-0.08
523,58,"(35, 16)",0,-0.08
523,59,"(35, 15)",0,-0.08
523,60,"(35, 14)",0,-0.08
523,61,"(35, 13)",1,-0.08
523,62,"(36, 13)",1,-0.08
523,63,"(37, 13)",1,-0.08
523,64,"(38, 13)",1,-0.08
523,65,"(39, 13)",0,-0.08
523,66,"(39, 12)",0,-0.08
523,67,"(39, 11)",1,-0.08
523,68,"(40, 11)",1,-0.08
523,69,"(41, 11)",1,-0.08
523,70,"(42, 11)",1,-0.08
523,71,"(43, 11)",1,-0.08
523,72,"(44, 11)",1,-0.08
523,73,"(45, 11)",0,-0.08
523,74,"(45, 10)",1,-0.08
523,75,"(46, 10)",0,-0.08
523,76,"(46, 9)",0,-0.08
523,77,"(46, 8)",0,-0.08
523,78,"(46, 7)",1,-0.08
523,79,"(47, 7)",0,-0.08
523,80,"(47, 6)",1,-0.08
523,81,"(48, 6)",1,-0.08
523,82,"(49, 6)",0,-0.08
523,83,"(49, 5)",1,-0.08
523,84,"(50, 5)",1,-0.08
523,85,"(51, 5)",0,-0.08
523,86,"(51, 4)",0,-0.08
523,87,"(51, 3)",0,-0.08
523,88,"(51, 2)",1,-0.08
523,89,"(52, 2)",1,-0.08
523,90,"(53, 2)",0,-0.08
523,91,"(53, 1)",1,-0.08
523,92,"(54, 1)",1,-0.08
523,93,"(55, 1)",1,-0.08
523,94,"(56, 1)",1,-0.08
523,95,"(57, 1)",1,-0.08
523,96,"(58, 1)",1,-0.08
523,97,"(59, 1)",1,-0.08
523,98,"(60, 1)",1,-0.08
523,99,"(61, 1)",1,-0.08
523,100,"(62, 1)",1,-0.08
523,101,"(63, 1)",1,-0.08
523,102,"(64, 1)",1,-0.08
523,103,"(65, 1)",1,-0.08
523,104,"(66, 1)",1,-0.08
523,105,"(67, 1)",1,-0.08
523,106,"(68, 1)",1,-0.08
523,107,"(69, 1)",1,-0.08
523,108,"(70, 1)",1,-0.08
523,109,"(71, 1)",2,-0.08
523,110,"(71, 2)",2,-0.08
523,111,"(71, 3)",1,-0.08
523,112,"(72, 3)",1,-0.08
523,113,"(73, 3)",0,-0.08
523,114,"(73, 2)",0,-0.08
523,115,"(73, 1)",0,-0.08
523,116,"(73, 0)",1,-0.08
523,117,"(74, 0)",1,-0.08
523,118,"(75, 0)",1,-0.08
523,119,"(76, 0)",1,-0.08
523,120,"(77, 0)",1,-0.08
523,121,"(78, 0)",1,8.33
524,0,"(0, 39)",1,-0.08
524,1,"(1, 39)",1,-0.08
524,2,"(2, 39)",1,-0.08
524,3,"(3, 39)",1,-0.08
524,4,"(4, 39)",1,-0.08
524,5,"(5, 39)",1,-0.08
524,6,"(6, 39)",1,-0.08
524,7,"(7, 39)",1,-0.08
524,8,"(8, 39)",1,-0.08
524,9,"(9, 39)",1,-0.08
524,10,"(10, 39)",0,-0.08
524,11,"(10, 38)",1,-0.08
524,12,"(11, 38)",0,-0.08
524,13,"(11, 37)",1,-0.08
524,14,"(12, 37)",1,-0.08
524,15,"(13, 37)",1,-0.08
524,16,"(14, 37)",1,-0.08
524,17,"(15, 37)",0,-0.08
524,18,"(15, 36)",1,-0.08
524,19,"(16, 36)",1,-0.08
524,20,"(17, 36)",0,-0.08
524,21,"(17, 35)",0,-0.08
524,22,"(17, 34)",1,-0.08
524,23,"(18, 34)",1,-0.08
524,24,"(19, 34)",0,-0.08
524,25,"(19, 33)",0,-0.08
524,26,"(19, 32)",0,-0.08
524,27,"(19, 31)",0,-0.08
524,28,"(19, 30)",0,-0.08
524,29,"(19, 29)",1,-0.08
524,30,"(20, 29)",0,-0.08
524,31,"(20, 28)",0,-0.08
524,32,"(20, 27)",1,-0.08
524,33,"(21, 27)",0,-0.08
524,34,"(21, 26)",1,-0.08
524,35,"(22, 26)",1,-0.08
524,36,"(23, 26)",1,-0.08
524,37,"(24, 26)",0,-0.08
524,38,"(24, 25)",1,-0.08
524,39,"(25, 25)",0,-0.08
524,40,"(25, 24)",0,-0.08
524,41,"(25, 23)",0,-0.08
524,42,"(25, 22)",0,-0.08
524,43,"(25, 21)",1,-0.08
524,44,"(26, 21)",1,-0.08
524,45,"(27, 21)",0,-0.08
524,46,"(27, 20)",0,-0.08
524,47,"(27, 19)",0,-0.08
524,48,"(27, 18)",0,-0.08
524,49,"(27, 17)",0,-0.08
524,50,"(27, 16)",1,-0.08
524,51,"(28, 16)",1,-0.08
524,52,"(29, 16)",0,-0.08
524,53,"(29, 15)",1,-0.08
524,54,"(30, 15)",1,-0.08
524,55,"(31, 15)",0,-0.08
524,56,"(31, 14)",0,-0.08
524,57,"(31, 13)",1,-0.08
524,58,"(32, 13)",1,-0.08
524,59,"(33, 13)",1,-0.08
524,60,"(34, 13)",1,-0.08
524,61,"(35, 13)",1,-0.08
524,62,"(36, 13)",1,-0.08
524,63,"(37, 13)",1,-0.08
524,64,"(38, 13)",1,-0.08
524,65,"(39, 13)",1,-0.08
524,66,"(40, 13)",1,-0.08
524,67,"(41, 13)",0,-0.08
524,68,"(41, 12)",0,-0.08
524,69,"(41, 11)",1,-0.08
524,70,"(42, 11)",1,-0.08
524,71,"(43, 11)",1,-0.08
524,72,"(44, 11)",1,-0.08
524,73,"(45, 11)",0,-0.08
524,74,"(45, 10)",1,-0.08
524,75,"(46, 10)",0,-0.08
524,76,"(46, 9)",0,-0.08
524,77,"(46, 8)",0,-0.08
524,78,"(46, 7)",0,-0.08
524,79,"(46, 6)",1,-0.08
524,80,"(47, 6)",1,-0.08
524,81,"(48, 6)",1,-0.08
524,82,"(49, 6)",0,-0.08
524,83,"(49, 5)",1,-0.08
524,84,"(50, 5)",1,-0.08
524,85,"(51, 5)",1,-0.08
524,86,"(52, 5)",1,-0.08
524,87,"(53, 5)",0,-0.08
524,88,"(53, 4)",0,-0.08
524,89,"(53, 3)",0,-0.08
524,90,"(53, 2)",0,-0.08
524,91,"(53, 1)",1,-0.08
524,92,"(54, 1)",1,-0.08
524,93,"(55, 1)",1,-0.08
524,94,"(56, 1)",1,-0.08
524,95,"(57, 1)",1,-0.08
524,96,"(58, 1)",1,-0.08
524,97,"(59, 1)",1,-0.08
524,98,"(60, 1)",1,-0.08
524,99,"(61, 1)",1,-0.08
524,100,"(62, 1)",1,-0.08
524,101,"(63, 1)",1,-0.08
524,102,"(64, 1)",1,-0.08
524,103,"(65, 1)",1,-0.08
524,104,"(66, 1)",1,-0.08
524,105,"(67, 1)",1,-0.08
524,106,"(68, 1)",1,-0.08
524,107,"(69, 1)",1,-0.08
524,108,"(70, 1)",1,-0.08
524,109,"(71, 1)",2,-0.08
524,110,"(71, 2)",2,-0.08
524,111,"(71, 3)",1,-0.08
524,112,"(72, 3)",1,-0.08
524,113,"(73, 3)",0,-0.08
524,114,"(73, 2)",0,-0.08
524,115,"(73, 1)",0,-0.08
524,116,"(73, 0)",1,-0.08
524,117,"(74, 0)",1,-0.08
524,118,"(75, 0)",1,-0.08
524,119,"(76, 0)",1,-0.08
524,120,"(77, 0)",1,-0.08
524,121,"(78, 0)",1,8.33
525,0,"(0, 39)",1,-0.08
525,1,"(1, 39)",1,-0.08
525,2,"(2, 39)",1,-0.08
525,3,"(3, 39)",1,-0.08
525,4,"(4, 39)",1,-0.08
525,5,"(5, 39)",1,-0.08
525,6,"(6, 39)",1,-0.08
525,7,"(7, 39)",1,-0.08
525,8,"(8, 39)",1,-0.08
525,9,"(9, 39)",1,-0.08
525,10,"(10, 39)",0,-0.08
525,11,"(10, 38)",0,-0.08
525,12,"(10, 37)",1,-0.08
525,13,"(11, 37)",1,-0.08
525,14,"(12, 37)",1,-0.08
525,15,"(13, 37)",1,-0.08
525,16,"(14, 37)",1,-0.08
525,17,"(15, 37)",1,-0.08
525,18,"(16, 37)",0,-0.08
525,19,"(16, 36)",1,-0.08
525,20,"(17, 36)",0,-0.08
525,21,"(17, 35)",1,-0.08
525,22,"(18, 35)",0,-0.08
525,23,"(18, 34)",1,-0.08
525,24,"(19, 34)",0,-0.08
525,25,"(19, 33)",0,-0.08
525,26,"(19, 32)",0,-0.08
525,27,"(19, 31)",0,-0.08
525,28,"(19, 30)",0,-0.08
525,29,"(19, 29)",1,-0.08
525,30,"(20, 29)",0,-0.08
525,31,"(20, 28)",0,-0.08
525,32,"(20, 27)",1,-0.08
525,33,"(21, 27)",0,-0.08
525,34,"(21, 26)",0,-0.08
525,35,"(21, 25)",1,-0.08
525,36,"(22, 25)",1,-0.08
525,37,"(23, 25)",1,-0.08
525,38,"(24, 25)",1,-0.08
525,39,"(25, 25)",1,-0.08
525,40,"(26, 25)",1,-0.08
525,41,"(27, 25)",1,-0.08
525,42,"(28, 25)",1,-0.08
525,43,"(29, 25)",1,-0.08
525,44,"(30, 25)",1,-0.08
525,45,"(31, 25)",0,-0.08
525,46,"(31, 24)",0,-0.08
525,47,"(31, 23)",1,-0.08
525,48,"(32, 23)",1,-0.08
525,49,"(33, 23)",0,-0.08
525,50,"(33, 22)",0,-0.08
525,51,"(33, 21)",1,-0.08
525,52,"(34, 21)",1,-0.08
525,53,"(35, 21)",1,-0.08
525,54,"(36, 21)",1,-0.08
525,55,"(37, 21)",1,-0.08
525,56,"(38, 21)",1,-0.08
525,57,"(39, 21)",1,-0.08
525,58,"(40, 21)",1,-0.08
525,59,"(41, 21)",1,-0.08
525,60,"(42, 21)",0,-0.08
525,61,"(42, 20)",1,-0.08
525,62,"(43, 20)",0,-0.08
525,63,"(43, 19)",1,-0.08
525,64,"(44, 19)",0,-0.08
525,65,"(44, 18)",0,-0.08
525,66,"(44, 17)",0,-0.08
525,67,"(44, 16)",0,-0.08
525,68,"(44, 15)",1,-0.08
525,69,"(45, 15)",0,-0.08
525,70,"(45, 14)",0,-0.08
525,71,"(45, 13)",0,-0.08
525,72,"(45, 12)",0,-0.08
525,73,"(45, 11)",0,-0.08
525,74,"(45, 10)",1,-0.08
525,75,"(46, 10)",0,-0.08
525,76,"(46, 9)",0,-0.08
525,77,"(46, 8)",0,-0.08
525,78,"(46, 7)",0,-0.08
525,79,"(46, 6)",1,-0.08
525,80,"(47, 6)",1,-0.08
525,81,"(48, 6)",1,-0.08
525,82,"(49, 6)",0,-0.08
525,83,"(49, 5)",1,-0.08
525,84,"(50, 5)",1,-0.08
525,85,"(51, 5)",0,-0.08
525,86,"(51, 4)",0,-0.08
525,87,"(51, 3)",0,-0.08
525,88,"(51, 2)",0,-0.08
525,89,"(51, 1)",1,-0.08
525,90,"(52, 1)",1,-0.08
525,91,"(53, 1)",1,-0.08
525,92,"(54, 1)",1,-0.08
525,93,"(55, 1)",1,-0.08
525,94,"(56, 1)",1,-0.08
525,95,"(57, 1)",1,-0.08
525,96,"(58, 1)",1,-0.08
525,97,"(59, 1)",1,-0.08
525,98,"(60, 1)",1,-0.08
525,99,"(61, 1)",1,-0.08
525,100,"(62, 1)",1,-0.08
525,101,"(63, 1)",1,-0.08
525,102,"(64, 1)",1,-0.08
525,103,"(65, 1)",1,-0.08
525,104,"(66, 1)",1,-0.08
525,105,"(67, 1)",1,-0.08
525,106,"(68, 1)",1,-0.08
525,107,"(69, 1)",1,-0.08
525,108,"(70, 1)",1,-0.08
525,109,"(71, 1)",2,-0.08
525,110,"(71, 2)",2,-0.08
525,111,"(71, 3)",1,-0.08
525,112,"(72, 3)",1,-0.08
525,113,"(73, 3)",1,-0.08
525,114,"(74, 3)",1,-0.08
525,115,"(75, 3)",1,-0.08
525,116,"(76, 3)",1,-0.08
525,117,"(77, 3)",0,-0.08
525,118,"(77, 2)",0,-0.08
525,119,"(77, 1)",1,-0.08
525,120,"(78, 1)",0,-0.08
525,121,"(78, 0)",1,8.33
526,0,"(0, 39)",1,-0.08
526,1,"(1, 39)",1,-0.08
526,2,"(2, 39)",1,-0.08
526,3,"(3, 39)",1,-0.08
526,4,"(4, 39)",1,-0.08
526,5,"(5, 39)",1,-0.08
526,6,"(6, 39)",1,-0.08
526,7,"(7, 39)",1,-0.08
526,8,"(8, 39)",1,-0.08
526,9,"(9, 39)",1,-0.08
526,10,"(10, 39)",1,-0.08
526,11,"(11, 39)",1,-0.08
526,12,"(12, 39)",1,-0.08
526,13,"(13, 39)",1,-0.08
526,14,"(14, 39)",0,-0.08
526,15,"(14, 38)",0,-0.08
526,16,"(14, 37)",1,-0.08
526,17,"(15, 37)",0,-0.08
526,18,"(15, 36)",1,-0.08
526,19,"(16, 36)",1,-0.08
526,20,"(17, 36)",0,-0.08
526,21,"(17, 35)",1,-0.08
526,22,"(18, 35)",1,-0.08
526,23,"(19, 35)",0,-0.08
526,24,"(19, 34)",0,-0.08
526,25,"(19, 33)",0,-0.08
526,26,"(19, 32)",0,-0.08
526,27,"(19, 31)",0,-0.08
526,28,"(19, 30)",0,-0.08
526,29,"(19, 29)",1,-0.08
526,30,"(20, 29)",0,-0.08
526,31,"(20, 28)",0,-0.08
526,32,"(20, 27)",1,-0.08
526,33,"(21, 27)",0,-0.08
526,34,"(21, 26)",1,-0.08
526,35,"(22, 26)",1,-0.08
526,36,"(23, 26)",0,-0.08
526,37,"(23, 25)",1,-0.08
526,38,"(24, 25)",1,-0.08
526,39,"(25, 25)",0,-0.08
526,40,"(25, 24)",0,-0.08
526,41,"(25, 23)",0,-0.08
526,42,"(25, 22)",0,-0.08
526,43,"(25, 21)",1,-0.08
526,44,"(26, 21)",1,-0.08
526,45,"(27, 21)",0,-0.08
526,46,"(27, 20)",0,-0.08
526,47,"(27, 19)",0,-0.08
526,48,"(27, 18)",0,-0.08
526,49,"(27, 17)",1,-0.08
526,50,"(28, 17)",0,-0.08
526,51,"(28, 16)",1,-0.08
526,52,"(29, 16)",0,-0.08
526,53,"(29, 15)",1,-0.08
526,54,"(30, 15)",1,-0.08
526,55,"(31, 15)",1,-0.08
526,56,"(32, 15)",0,-0.08
526,57,"(32, 14)",0,-0.08
526,58,"(32, 13)",1,-0.08
526,59,"(33, 13)",1,-0.08
526,60,"(34, 13)",1,-0.08
526,61,"(35, 13)",1,-0.08
526,62,"(36, 13)",1,-0.08
526,63,"(37, 13)",1,-0.08
526,64,"(38, 13)",1,-0.08
526,65,"(39, 13)",1,-0.08
526,66,"(40, 13)",1,-0.08
526,67,"(41, 13)",0,-0.08
526,68,"(41, 12)",0,-0.08
526,69,"(41, 11)",1,-0.08
526,70,"(42, 11)",1,-0.08
526,71,"(43, 11)",1,-0.08
526,72,"(44, 11)",1,-0.08
526,73,"(45, 11)",0,-0.08
526,74,"(45, 10)",1,-0.08
526,75,"(46, 10)",0,-0.08
526,76,"(46, 9)",0,-0.08
526,77,"(46, 8)",0,-0.08
526,78,"(46, 7)",0,-0.08
526,79,"(46, 6)",1,-0.08
526,80,"(47, 6)",1,-0.08
526,81,"(48, 6)",1,-0.08
526,82,"(49, 6)",0,-0.08
526,83,"(49, 5)",1,-0.08
526,84,"(50, 5)",1,-0.08
526,85,"(51, 5)",0,-0.08
526,86,"(51, 4)",0,-0.08
526,87,"(51, 3)",0,-0.08
526,88,"(51, 2)",0,-0.08
526,89,"(51, 1)",1,-0.08
526,90,"(52, 1)",1,-0.08
526,91,"(53, 1)",1,-0.08
526,92,"(54, 1)",1,-0.08
526,93,"(55, 1)",1,-0.08
526,94,"(56, 1)",1,-0.08
526,95,"(57, 1)",1,-0.08
526,96,"(58, 1)",1,-0.08
526,97,"(59, 1)",1,-0.08
526,98,"(60, 1)",1,-0.08
526,99,"(61, 1)",1,-0.08
526,100,"(62, 1)",1,-0.08
526,101,"(63, 1)",1,-0.08
526,102,"(64, 1)",1,-0.08
526,103,"(65, 1)",1,-0.08
526,104,"(66, 1)",1,-0.08
526,105,"(67, 1)",1,-0.08
526,106,"(68, 1)",1,-0.08
526,107,"(69, 1)",1,-0.08
526,108,"(70, 1)",1,-0.08
526,109,"(71, 1)",2,-0.08
526,110,"(71, 2)",2,-0.08
526,111,"(71, 3)",1,-0.08
526,112,"(72, 3)",1,-0.08
526,113,"(73, 3)",0,-0.08
526,114,"(73, 2)",0,-0.08
526,115,"(73, 1)",1,-0.08
526,116,"(74, 1)",0,-0.08
526,117,"(74, 0)",1,-0.08
526,118,"(75, 0)",1,-0.08
526,119,"(76, 0)",1,-0.08
526,120,"(77, 0)",1,-0.08
526,121,"(78, 0)",1,8.33
527,0,"(0, 39)",1,-0.08
527,1,"(1, 39)",1,-0.08
527,2,"(2, 39)",1,-0.08
527,3,"(3, 39)",1,-0.08
527,4,"(4, 39)",1,-0.08
527,5,"(5, 39)",1,-0.08
527,6,"(6, 39)",1,-0.08
527,7,"(7, 39)",1,-0.08
527,8,"(8, 39)",1,-0.08
527,9,"(9, 39)",1,-0.08
527,10,"(10, 39)",0,-0.08
527,11,"(10, 38)",1,-0.08
527,12,"(11, 38)",0,-0.08
527,13,"(11, 37)",1,-0.08
527,14,"(12, 37)",1,-0.08
527,15,"(13, 37)",1,-0.08
527,16,"(14, 37)",1,-0.08
527,17,"(15, 37)",1,-0.08
527,18,"(16, 37)",1,-0.08
527,19,"(17, 37)",0,-0.08
527,20,"(17, 36)",0,-0.08
527,21,"(17, 35)",0,-0.08
527,22,"(17, 34)",0,-0.08
527,23,"(17, 33)",1,-0.08
527,24,"(18, 33)",1,-0.08
527,25,"(19, 33)",0,-0.08
527,26,"(19, 32)",0,-0.08
527,27,"(19, 31)",0,-0.08
527,28,"(19, 30)",0,-0.08
527,29,"(19, 29)",1,-0.08
527,30,"(20, 29)",0,-0.08
527,31,"(20, 28)",0,-0.08
527,32,"(20, 27)",1,-0.08
527,33,"(21, 27)",0,-0.08
527,34,"(21, 26)",1,-0.08
527,35,"(22, 26)",0,-0.08
527,36,"(22, 25)",0,-0.08
527,37,"(22, 24)",0,-0.08
527,38,"(22, 23)",1,-0.08
527,39,"(23, 23)",1,-0.08
527,40,"(24, 23)",1,-0.08
527,41,"(25, 23)",0,-0.08
527,42,"(25, 22)",0,-0.08
527,43,"(25, 21)",1,-0.08
527,44,"(26, 21)",1,-0.08
527,45,"(27, 21)",0,-0.08
527,46,"(27, 20)",1,-0.08
527,47,"(28, 20)",0,-0.08
527,48,"(28, 19)",1,-0.08
527,49,"(29, 19)",1,-0.08
527,50,"(30, 19)",1,-0.08
527,51,"(31, 19)",1,-0.08
527,52,"(32, 19)",0,-0.08
527,53,"(32, 18)",0,-0.08
527,54,"(32, 17)",0,-0.08
527,55,"(32, 16)",0,-0.08
527,56,"(32, 15)",0,-0.08
527,57,"(32, 14)",0,-0.08
527,58,"(32, 13)",1,-0.08
527,59,"(33, 13)",1,-0.08
527,60,"(34, 13)",1,-0.08
527,61,"(35, 13)",1,-0.08
527,62,"(36, 13)",1,-0.08
527,63,"(37, 13)",1,-0.08
527,64,"(38, 13)",1,-0.08
527,65,"(39, 13)",0,-0.08
527,66,"(39, 12)",0,-0.08
527,67,"(39, 11)",1,-0.08
527,68,"(40, 11)",1,-0.08
527,69,"(41, 11)",1,-0.08
527,70,"(42, 11)",1,-0.08
527,71,"(43, 11)",1,-0.08
527,72,"(44, 11)",1,-0.08
527,73,"(45, 11)",0,-0.08
527,74,"(45, 10)",1,-0.08
527,75,"(46, 10)",0,-0.08
527,76,"(46, 9)",0,-0.08
527,77,"(46, 8)",0,-0.08
527,78,"(46, 7)",1,-0.08
527,79,"(47, 7)",0,-0.08
527,80,"(47, 6)",1,-0.08
527,81,"(48, 6)",1,-0.08
527,82,"(49, 6)",0,-0.08
527,83,"(49, 5)",1,-0.08
527,84,"(50, 5)",1,-0.08
527,85,"(51, 5)",0,-0.08
527,86,"(51, 4)",0,-0.08
527,87,"(51, 3)",0,-0.08
527,88,"(51, 2)",0,-0.08
527,89,"(51, 1)",1,-0.08
527,90,"(52, 1)",1,-0.08
527,91,"(53, 1)",1,-0.08
527,92,"(54, 1)",1,-0.08
527,93,"(55, 1)",1,-0.08
527,94,"(56, 1)",1,-0.08
527,95,"(57, 1)",1,-0.08
527,96,"(58, 1)",1,-0.08
527,97,"(59, 1)",1,-0.08
527,98,"(60, 1)",1,-0.08
527,99,"(61, 1)",1,-0.08
527,100,"(62, 1)",1,-0.08
527,101,"(63, 1)",1,-0.08
527,102,"(64, 1)",1,-0.08
527,103,"(65, 1)",1,-0.08
527,104,"(66, 1)",1,-0.08
527,105,"(67, 1)",1,-0.08
527,106,"(68, 1)",1,-0.08
527,107,"(69, 1)",1,-0.08
527,108,"(70, 1)",1,-0.08
527,109,"(71, 1)",2,-0.08
527,110,"(71, 2)",2,-0.08
527,111,"(71, 3)",1,-0.08
527,112,"(72, 3)",1,-0.08
527,113,"(73, 3)",1,-0.08
527,114,"(74, 3)",1,-0.08
527,115,"(75, 3)",1,-0.08
527,116,"(76, 3)",1,-0.08
527,117,"(77, 3)",0,-0.08
527,118,"(77, 2)",0,-0.08
527,119,"(77, 1)",1,-0.08
527,120,"(78, 1)",0,-0.08
527,121,"(78, 0)",1,8.33
528,0,"(0, 39)",1,-0.08
528,1,"(1, 39)",1,-0.08
528,2,"(2, 39)",1,-0.08
528,3,"(3, 39)",1,-0.08
528,4,"(4, 39)",1,-0.08
528,5,"(5, 39)",1,-0.08
528,6,"(6, 39)",1,-0.08
528,7,"(7, 39)",1,-0.08
528,8,"(8, 39)",1,-0.08
528,9,"(9, 39)",1,-0.08
528,10,"(10, 39)",0,-0.08
528,11,"(10, 38)",0,-0.08
528,12,"(10, 37)",1,-0.08
528,13,"(11, 37)",1,-0.08
528,14,"(12, 37)",1,-0.08
528,15,"(13, 37)",1,-0.08
528,16,"(14, 37)",1,-0.08
528,17,"(15, 37)",0,-0.08
528,18,"(15, 36)",0,-0.08
528,19,"(15, 35)",0,-0.08
528,20,"(15, 34)",0,-0.08
528,21,"(15, 33)",1,-0.08
528,22,"(16, 33)",1,-0.08
528,23,"(17, 33)",1,-0.08
528,24,"(18, 33)",1,-0.08
528,25,"(19, 33)",0,-0.08
528,26,"(19, 32)",0,-0.08
528,27,"(19, 31)",0,-0.08
528,28,"(19, 30)",0,-0.08
528,29,"(19, 29)",1,-0.08
528,30,"(20, 29)",0,-0.08
528,31,"(20, 28)",0,-0.08
528,32,"(20, 27)",1,-0.08
528,33,"(21, 27)",0,-0.08
528,34,"(21, 26)",1,-0.08
528,35,"(22, 26)",1,-0.08
528,36,"(23, 26)",0,-0.08
528,37,"(23, 25)",1,-0.08
528,38,"(24, 25)",1,-0.08
528,39,"(25, 25)",0,-0.08
528,40,"(25, 24)",0,-0.08
528,41,"(25, 23)",0,-0.08
528,42,"(25, 22)",0,-0.08
528,43,"(25, 21)",0,-0.08
528,44,"(25, 20)",0,-0.08
528,45,"(25, 19)",0,-0.08
528,46,"(25, 18)",1,-0.08
528,47,"(26, 18)",1,-0.08
528,48,"(27, 18)",0,-0.08
528,49,"(27, 17)",0,-0.08
528,50,"(27, 16)",1,-0.08
528,51,"(28, 16)",1,-0.08
528,52,"(29, 16)",0,-0.08
528,53,"(29, 15)",1,-0.08
528,54,"(30, 15)",1,-0.08
528,55,"(31, 15)",1,-0.08
528,56,"(32, 15)",0,-0.08
528,57,"(32, 14)",0,-0.08
528,58,"(32, 13)",1,-0.08
528,59,"(33, 13)",1,-0.08
528,60,"(34, 13)",1,-0.08
528,61,"(35, 13)",1,-0.08
528,62,"(36, 13)",1,-0.08
528,63,"(37, 13)",1,-0.08
528,64,"(38, 13)",1,-0.08
528,65,"(39, 13)",0,-0.08
528,66,"(39, 12)",0,-0.08
528,67,"(39, 11)",1,-0.08
528,68,"(40, 11)",1,-0.08
528,69,"(41, 11)",1,-0.08
528,70,"(42, 11)",1,-0.08
528,71,"(43, 11)",1,-0.08
528,72,"(44, 11)",1,-0.08
528,73,"(45, 11)",0,-0.08
528,74,"(45, 10)",0,-0.08
528,75,"(45, 9)",0,-0.08
528,76,"(45, 8)",0,-0.08
528,77,"(45, 7)",1,-0.08
528,78,"(46, 7)",0,-0.08
528,79,"(46, 6)",1,-0.08
528,80,"(47, 6)",1,-0.08
528,81,"(48, 6)",1,-0.08
528,82,"(49, 6)",0,-0.08
528,83,"(49, 5)",1,-0.08
528,84,"(50, 5)",1,-0.08
528,85,"(51, 5)",0,-0.08
528,86,"(51, 4)",0,-0.08
528,87,"(51, 3)",0,-0.08
528,88,"(51, 2)",1,-0.08
528,89,"(52, 2)",1,-0.08
528,90,"(53, 2)",0,-0.08
528,91,"(53, 1)",1,-0.08
528,92,"(54, 1)",1,-0.08
528,93,"(55, 1)",1,-0.08
528,94,"(56, 1)",1,-0.08
528,95,"(57, 1)",1,-0.08
528,96,"(58, 1)",1,-0.08
528,97,"(59, 1)",1,-0.08
528,98,"(60, 1)",1,-0.08
528,99,"(61, 1)",1,-0.08
528,100,"(62, 1)",1,-0.08
528,101,"(63, 1)",1,-0.08
528,102,"(64, 1)",1,-0.08
528,103,"(65, 1)",1,-0.08
528,104,"(66, 1)",1,-0.08
528,105,"(67, 1)",1,-0.08
528,106,"(68, 1)",1,-0.08
528,107,"(69, 1)",1,-0.08
528,108,"(70, 1)",1,-0.08
528,109,"(71, 1)",2,-0.08
528,110,"(71, 2)",2,-0.08
528,111,"(71, 3)",1,-0.08
528,112,"(72, 3)",1,-0.08
528,113,"(73, 3)",1,-0.08
528,114,"(74, 3)",1,-0.08
528,115,"(75, 3)",1,-0.08
528,116,"(76, 3)",1,-0.08
528,117,"(77, 3)",0,-0.08
528,118,"(77, 2)",0,-0.08
528,119,"(77, 1)",1,-0.08
528,120,"(78, 1)",0,-0.08
528,121,"(78, 0)",1,8.33
529,0,"(0, 39)",1,-0.08
529,1,"(1, 39)",1,-0.08
529,2,"(2, 39)",1,-0.08
529,3,"(3, 39)",1,-0.08
529,4,"(4, 39)",1,-0.08
529,5,"(5, 39)",1,-0.08
529,6,"(6, 39)",1,-0.08
529,7,"(7, 39)",1,-0.08
529,8,"(8, 39)",1,-0.08
529,9,"(9, 39)",1,-0.08
529,10,"(10, 39)",0,-0.08
529,11,"(10, 38)",0,-0.08
529,12,"(10, 37)",1,-0.08
529,13,"(11, 37)",1,-0.08
529,14,"(12, 37)",1,-0.08
529,15,"(13, 37)",1,-0.08
529,16,"(14, 37)",1,-0.08
529,17,"(15, 37)",1,-0.08
529,18,"(16, 37)",0,-0.08
529,19,"(16, 36)",1,-0.08
529,20,"(17, 36)",0,-0.08
529,21,"(17, 35)",1,-0.08
529,22,"(18, 35)",1,-0.08
529,23,"(19, 35)",0,-0.08
529,24,"(19, 34)",0,-0.08
529,25,"(19, 33)",0,-0.08
529,26,"(19, 32)",0,-0.08
529,27,"(19, 31)",0,-0.08
529,28,"(19, 30)",0,-0.08
529,29,"(19, 29)",1,-0.08
529,30,"(20, 29)",0,-0.08
529,31,"(20, 28)",0,-0.08
529,32,"(20, 27)",1,-0.08
529,33,"(21, 27)",0,-0.08
529,34,"(21, 26)",1,-0.08
529,35,"(22, 26)",1,-0.08
529,36,"(23, 26)",1,-0.08
529,37,"(24, 26)",1,-0.08
529,38,"(25, 26)",0,-0.08
529,39,"(25, 25)",1,-0.08
529,40,"(26, 25)",1,-0.08
529,41,"(27, 25)",1,-0.08
529,42,"(28, 25)",1,-0.08
529,43,"(29, 25)",1,-0.08
529,44,"(30, 25)",1,-0.08
529,45,"(31, 25)",0,-0.08
529,46,"(31, 24)",0,-0.08
529,47,"(31, 23)",1,-0.08
529,48,"(32, 23)",1,-0.08
529,49,"(33, 23)",0,-0.08
529,50,"(33, 22)",0,-0.08
529,51,"(33, 21)",1,-0.08
529,52,"(34, 21)",1,-0.08
529,53,"(35, 21)",1,-0.08
529,54,"(36, 21)",1,-0.08
529,55,"(37, 21)",1,-0.08
529,56,"(38, 21)",1,-0.08
529,57,"(39, 21)",1,-0.08
529,58,"(40, 21)",1,-0.08
529,59,"(41, 21)",1,-0.08
529,60,"(42, 21)",1,-0.08
529,61,"(43, 21)",0,-0.08
529,62,"(43, 20)",0,-0.08
529,63,"(43, 19)",1,-0.08
529,64,"(44, 19)",0,-0.08
529,65,"(44, 18)",0,-0.08
529,66,"(44, 17)",0,-0.08
529,67,"(44, 16)",0,-0.08
529,68,"(44, 15)",1,-0.08
529,69,"(45, 15)",0,-0.08
529,70,"(45, 14)",0,-0.08
529,71,"(45, 13)",0,-0.08
529,72,"(45, 12)",0,-0.08
529,73,"(45, 11)",0,-0.08
529,74,"(45, 10)",1,-0.08
529,75,"(46, 10)",0,-0.08
529,76,"(46, 9)",0,-0.08
529,77,"(46, 8)",0,-0.08
529,78,"(46, 7)",1,-0.08
529,79,"(47, 7)",0,-0.08
529,80,"(47, 6)",1,-0.08
529,81,"(48, 6)",1,-0.08
529,82,"(49, 6)",0,-0.08
529,83,"(49, 5)",1,-0.08
529,84,"(50, 5)",1,-0.08
529,85,"(51, 5)",1,-0.08
529,86,"(52, 5)",1,-0.08
529,87,"(53, 5)",0,-0.08
529,88,"(53, 4)",0,-0.08
529,89,"(53, 3)",0,-0.08
529,90,"(53, 2)",0,-0.08
529,91,"(53, 1)",1,-0.08
529,92,"(54, 1)",1,-0.08
529,93,"(55, 1)",1,-0.08
529,94,"(56, 1)",1,-0.08
529,95,"(57, 1)",1,-0.08
529,96,"(58, 1)",1,-0.08
529,97,"(59, 1)",1,-0.08
529,98,"(60, 1)",1,-0.08
529,99,"(61, 1)",1,-0.08
529,100,"(62, 1)",1,-0.08
529,101,"(63, 1)",1,-0.08
529,102,"(64, 1)",1,-0.08
529,103,"(65, 1)",1,-0.08
529,104,"(66, 1)",1,-0.08
529,105,"(67, 1)",1,-0.08
529,106,"(68, 1)",1,-0.08
529,107,"(69, 1)",1,-0.08
529,108,"(70, 1)",1,-0.08
529,109,"(71, 1)",2,-0.08
529,110,"(71, 2)",2,-0.08
529,111,"(71, 3)",1,-0.08
529,112,"(72, 3)",1,-0.08
529,113,"(73, 3)",1,-0.08
529,114,"(74, 3)",1,-0.08
529,115,"(75, 3)",1,-0.08
529,116,"(76, 3)",1,-0.08
529,117,"(77, 3)",0,-0.08
529,118,"(77, 2)",0,-0.08
529,119,"(77, 1)",0,-0.08
529,120,"(77, 0)",1,-0.08
529,121,"(78, 0)",1,8.33
530,0,"(0, 39)",1,-0.08
530,1,"(1, 39)",1,-0.08
530,2,"(2, 39)",1,-0.08
530,3,"(3, 39)",1,-0.08
530,4,"(4, 39)",1,-0.08
530,5,"(5, 39)",1,-0.08
530,6,"(6, 39)",1,-0.08
530,7,"(7, 39)",1,-0.08
530,8,"(8, 39)",1,-0.08
530,9,"(9, 39)",1,-0.08
530,10,"(10, 39)",1,-0.08
530,11,"(11, 39)",1,-0.08
530,12,"(12, 39)",1,-0.08
530,13,"(13, 39)",1,-0.08
530,14,"(14, 39)",0,-0.08
530,15,"(14, 38)",0,-0.08
530,16,"(14, 37)",1,-0.08
530,17,"(15, 37)",0,-0.08
530,18,"(15, 36)",1,-0.08
530,19,"(16, 36)",1,-0.08
530,20,"(17, 36)",0,-0.08
530,21,"(17, 35)",1,-0.08
530,22,"(18, 35)",1,-0.08
530,23,"(19, 35)",0,-0.08
530,24,"(19, 34)",0,-0.08
530,25,"(19, 33)",0,-0.08
530,26,"(19, 32)",0,-0.08
530,27,"(19, 31)",0,-0.08
530,28,"(19, 30)",0,-0.08
530,29,"(19, 29)",1,-0.08
530,30,"(20, 29)",0,-0.08
530,31,"(20, 28)",0,-0.08
530,32,"(20, 27)",1,-0.08
530,33,"(21, 27)",0,-0.08
530,34,"(21, 26)",0,-0.08
530,35,"(21, 25)",1,-0.08
530,36,"(22, 25)",0,-0.08
530,37,"(22, 24)",0,-0.08
530,38,"(22, 23)",1,-0.08
530,39,"(23, 23)",1,-0.08
530,40,"(24, 23)",1,-0.08
530,41,"(25, 23)",0,-0.08
530,42,"(25, 22)",0,-0.08
530,43,"(25, 21)",1,-0.08
530,44,"(26, 21)",1,-0.08
530,45,"(27, 21)",0,-0.08
530,46,"(27, 20)",1,-0.08
530,47,"(28, 20)",0,-0.08
530,48,"(28, 19)",1,-0.08
530,49,"(29, 19)",1,-0.08
530,50,"(30, 19)",1,-0.08
530,51,"(31, 19)",1,-0.08
530,52,"(32, 19)",0,-0.08
530,53,"(32, 18)",0,-0.08
530,54,"(32, 17)",0,-0.08
530,55,"(32, 16)",0,-0.08
530,56,"(32, 15)",0,-0.08
530,57,"(32, 14)",0,-0.08
530,58,"(32, 13)",1,-0.08
530,59,"(33, 13)",1,-0.08
530,60,"(34, 13)",1,-0.08
530,61,"(35, 13)",1,-0.08
530,62,"(36, 13)",1,-0.08
530,63,"(37, 13)",1,-0.08
530,64,"(38, 13)",1,-0.08
530,65,"(39, 13)",0,-0.08
530,66,"(39, 12)",0,-0.08
530,67,"(39, 11)",1,-0.08
530,68,"(40, 11)",1,-0.08
530,69,"(41, 11)",1,-0.08
530,70,"(42, 11)",1,-0.08
530,71,"(43, 11)",1,-0.08
530,72,"(44, 11)",1,-0.08
530,73,"(45, 11)",0,-0.08
530,74,"(45, 10)",0,-0.08
530,75,"(45, 9)",0,-0.08
530,76,"(45, 8)",0,-0.08
530,77,"(45, 7)",1,-0.08
530,78,"(46, 7)",0,-0.08
530,79,"(46, 6)",1,-0.08
530,80,"(47, 6)",1,-0.08
530,81,"(48, 6)",1,-0.08
530,82,"(49, 6)",0,-0.08
530,83,"(49, 5)",1,-0.08
530,84,"(50, 5)",1,-0.08
530,85,"(51, 5)",1,-0.08
530,86,"(52, 5)",1,-0.08
530,87,"(53, 5)",0,-0.08
530,88,"(53, 4)",0,-0.08
530,89,"(53, 3)",0,-0.08
530,90,"(53, 2)",0,-0.08
530,91,"(53, 1)",1,-0.08
530,92,"(54, 1)",1,-0.08
530,93,"(55, 1)",1,-0.08
530,94,"(56, 1)",1,-0.08
530,95,"(57, 1)",1,-0.08
530,96,"(58, 1)",1,-0.08
530,97,"(59, 1)",1,-0.08
530,98,"(60, 1)",1,-0.08
530,99,"(61, 1)",1,-0.08
530,100,"(62, 1)",1,-0.08
530,101,"(63, 1)",1,-0.08
530,102,"(64, 1)",1,-0.08
530,103,"(65, 1)",1,-0.08
530,104,"(66, 1)",1,-0.08
530,105,"(67, 1)",1,-0.08
530,106,"(68, 1)",1,-0.08
530,107,"(69, 1)",1,-0.08
530,108,"(70, 1)",1,-0.08
530,109,"(71, 1)",2,-0.08
530,110,"(71, 2)",2,-0.08
530,111,"(71, 3)",1,-0.08
530,112,"(72, 3)",1,-0.08
530,113,"(73, 3)",1,-0.08
530,114,"(74, 3)",1,-0.08
530,115,"(75, 3)",1,-0.08
530,116,"(76, 3)",1,-0.08
530,117,"(77, 3)",0,-0.08
530,118,"(77, 2)",0,-0.08
530,119,"(77, 1)",0,-0.08
530,120,"(77, 0)",1,-0.08
530,121,"(78, 0)",1,8.33
531,0,"(0, 39)",1,-0.08
531,1,"(1, 39)",1,-0.08
531,2,"(2, 39)",1,-0.08
531,3,"(3, 39)",1,-0.08
531,4,"(4, 39)",1,-0.08
531,5,"(5, 39)",1,-0.08
531,6,"(6, 39)",1,-0.08
531,7,"(7, 39)",1,-0.08
531,8,"(8, 39)",1,-0.08
531,9,"(9, 39)",1,-0.08
531,10,"(10, 39)",1,-0.08
531,11,"(11, 39)",1,-0.08
531,12,"(12, 39)",1,-0.08
531,13,"(13, 39)",1,-0.08
531,14,"(14, 39)",0,-0.08
531,15,"(14, 38)",0,-0.08
531,16,"(14, 37)",1,-0.08
531,17,"(15, 37)",0,-0.08
531,18,"(15, 36)",0,-0.08
531,19,"(15, 35)",0,-0.08
531,20,"(15, 34)",0,-0.08
531,21,"(15, 33)",1,-0.08
531,22,"(16, 33)",1,-0.08
531,23,"(17, 33)",1,-0.08
531,24,"(18, 33)",1,-0.08
531,25,"(19, 33)",0,-0.08
531,26,"(19, 32)",0,-0.08
531,27,"(19, 31)",0,-0.08
531,28,"(19, 30)",0,-0.08
531,29,"(19, 29)",1,-0.08
531,30,"(20, 29)",0,-0.08
531,31,"(20, 28)",0,-0.08
531,32,"(20, 27)",1,-0.08
531,33,"(21, 27)",0,-0.08
531,34,"(21, 26)",0,-0.08
531,35,"(21, 25)",1,-0.08
531,36,"(22, 25)",0,-0.08
531,37,"(22, 24)",0,-0.08
531,38,"(22, 23)",1,-0.08
531,39,"(23, 23)",1,-0.08
531,40,"(24, 23)",1,-0.08
531,41,"(25, 23)",0,-0.08
531,42,"(25, 22)",0,-0.08
531,43,"(25, 21)",1,-0.08
531,44,"(26, 21)",1,-0.08
531,45,"(27, 21)",0,-0.08
531,46,"(27, 20)",0,-0.08
531,47,"(27, 19)",1,-0.08
531,48,"(28, 19)",1,-0.08
531,49,"(29, 19)",1,-0.08
531,50,"(30, 19)",1,-0.08
531,51,"(31, 19)",1,-0.08
531,52,"(32, 19)",1,-0.08
531,53,"(33, 19)",1,-0.08
531,54,"(34, 19)",1,-0.08
531,55,"(35, 19)",1,-0.08
531,56,"(36, 19)",1,-0.08
531,57,"(37, 19)",0,-0.08
531,58,"(37, 18)",0,-0.08
531,59,"(37, 17)",0,-0.08
531,60,"(37, 16)",0,-0.08
531,61,"(37, 15)",0,-0.08
531,62,"(37, 14)",0,-0.08
531,63,"(37, 13)",1,-0.08
531,64,"(38, 13)",1,-0.08
531,65,"(39, 13)",0,-0.08
531,66,"(39, 12)",0,-0.08
531,67,"(39, 11)",1,-0.08
531,68,"(40, 11)",1,-0.08
531,69,"(41, 11)",1,-0.08
531,70,"(42, 11)",1,-0.08
531,71,"(43, 11)",1,-0.08
531,72,"(44, 11)",1,-0.08
531,73,"(45, 11)",0,-0.08
531,74,"(45, 10)",0,-0.08
531,75,"(45, 9)",0,-0.08
531,76,"(45, 8)",0,-0.08
531,77,"(45, 7)",1,-0.08
531,78,"(46, 7)",1,-0.08
531,79,"(47, 7)",0,-0.08
531,80,"(47, 6)",1,-0.08
531,81,"(48, 6)",1,-0.08
531,82,"(49, 6)",0,-0.08
531,83,"(49, 5)",1,-0.08
531,84,"(50, 5)",1,-0.08
531,85,"(51, 5)",0,-0.08
531,86,"(51, 4)",0,-0.08
531,87,"(51, 3)",0,-0.08
531,88,"(51, 2)",1,-0.08
531,89,"(52, 2)",1,-0.08
531,90,"(53, 2)",0,-0.08
531,91,"(53, 1)",1,-0.08
531,92,"(54, 1)",1,-0.08
531,93,"(55, 1)",1,-0.08
531,94,"(56, 1)",1,-0.08
531,95,"(57, 1)",1,-0.08
531,96,"(58, 1)",1,-0.08
531,97,"(59, 1)",1,-0.08
531,98,"(60, 1)",1,-0.08
531,99,"(61, 1)",1,-0.08
531,100,"(62, 1)",1,-0.08
531,101,"(63, 1)",1,-0.08
531,102,"(64, 1)",1,-0.08
531,103,"(65, 1)",1,-0.08
531,104,"(66, 1)",1,-0.08
531,105,"(67, 1)",1,-0.08
531,106,"(68, 1)",1,-0.08
531,107,"(69, 1)",1,-0.08
531,108,"(70, 1)",1,-0.08
531,109,"(71, 1)",2,-0.08
531,110,"(71, 2)",2,-0.08
531,111,"(71, 3)",1,-0.08
531,112,"(72, 3)",1,-0.08
531,113,"(73, 3)",0,-0.08
531,114,"(73, 2)",0,-0.08
531,115,"(73, 1)",1,-0.08
531,116,"(74, 1)",1,-0.08
531,117,"(75, 1)",1,-0.08
531,118,"(76, 1)",0,-0.08
531,119,"(76, 0)",1,-0.08
531,120,"(77, 0)",1,-0.08
531,121,"(78, 0)",1,8.33
532,0,"(0, 39)",1,-0.08
532,1,"(1, 39)",1,-0.08
532,2,"(2, 39)",1,-0.08
532,3,"(3, 39)",1,-0.08
532,4,"(4, 39)",1,-0.08
532,5,"(5, 39)",1,-0.08
532,6,"(6, 39)",1,-0.08
532,7,"(7, 39)",1,-0.08
532,8,"(8, 39)",1,-0.08
532,9,"(9, 39)",1,-0.08
532,10,"(10, 39)",1,-0.08
532,11,"(11, 39)",0,-0.08
532,12,"(11, 38)",0,-0.08
532,13,"(11, 37)",1,-0.08
532,14,"(12, 37)",1,-0.08
532,15,"(13, 37)",1,-0.08
532,16,"(14, 37)",1,-0.08
532,17,"(15, 37)",0,-0.08
532,18,"(15, 36)",1,-0.08
532,19,"(16, 36)",1,-0.08
532,20,"(17, 36)",0,-0.08
532,21,"(17, 35)",0,-0.08
532,22,"(17, 34)",0,-0.08
532,23,"(17, 33)",1,-0.08
532,24,"(18, 33)",1,-0.08
532,25,"(19, 33)",0,-0.08
532,26,"(19, 32)",0,-0.08
532,27,"(19, 31)",0,-0.08
532,28,"(19, 30)",0,-0.08
532,29,"(19, 29)",1,-0.08
532,30,"(20, 29)",0,-0.08
532,31,"(20, 28)",0,-0.08
532,32,"(20, 27)",1,-0.08
532,33,"(21, 27)",0,-0.08
532,34,"(21, 26)",0,-0.08
532,35,"(21, 25)",1,-0.08
532,36,"(22, 25)",0,-0.08
532,37,"(22, 24)",0,-0.08
532,38,"(22, 23)",1,-0.08
532,39,"(23, 23)",1,-0.08
532,40,"(24, 23)",1,-0.08
532,41,"(25, 23)",0,-0.08
532,42,"(25, 22)",0,-0.08
532,43,"(25, 21)",0,-0.08
532,44,"(25, 20)",0,-0.08
532,45,"(25, 19)",0,-0.08
532,46,"(25, 18)",1,-0.08
532,47,"(26, 18)",1,-0.08
532,48,"(27, 18)",0,-0.08
532,49,"(27, 17)",1,-0.08
532,50,"(28, 17)",0,-0.08
532,51,"(28, 16)",1,-0.08
532,52,"(29, 16)",0,-0.08
532,53,"(29, 15)",1,-0.08
532,54,"(30, 15)",1,-0.08
532,55,"(31, 15)",1,-0.08
532,56,"(32, 15)",0,-0.08
532,57,"(32, 14)",0,-0.08
532,58,"(32, 13)",1,-0.08
532,59,"(33, 13)",1,-0.08
532,60,"(34, 13)",1,-0.08
532,61,"(35, 13)",1,-0.08
532,62,"(36, 13)",1,-0.08
532,63,"(37, 13)",1,-0.08
532,64,"(38, 13)",1,-0.08
532,65,"(39, 13)",1,-0.08
532,66,"(40, 13)",1,-0.08
532,67,"(41, 13)",0,-0.08
532,68,"(41, 12)",0,-0.08
532,69,"(41, 11)",1,-0.08
532,70,"(42, 11)",1,-0.08
532,71,"(43, 11)",1,-0.08
532,72,"(44, 11)",1,-0.08
532,73,"(45, 11)",0,-0.08
532,74,"(45, 10)",1,-0.08
532,75,"(46, 10)",0,-0.08
532,76,"(46, 9)",0,-0.08
532,77,"(46, 8)",0,-0.08
532,78,"(46, 7)",1,-0.08
532,79,"(47, 7)",0,-0.08
532,80,"(47, 6)",1,-0.08
532,81,"(48, 6)",1,-0.08
532,82,"(49, 6)",0,-0.08
532,83,"(49, 5)",1,-0.08
532,84,"(50, 5)",1,-0.08
532,85,"(51, 5)",1,-0.08
532,86,"(52, 5)",1,-0.08
532,87,"(53, 5)",0,-0.08
532,88,"(53, 4)",0,-0.08
532,89,"(53, 3)",1,-0.08
532,90,"(54, 3)",1,-0.08
532,91,"(55, 3)",1,-0.08
532,92,"(56, 3)",1,-0.08
532,93,"(57, 3)",0,-0.08
532,94,"(57, 2)",0,-0.08
532,95,"(57, 1)",1,-0.08
532,96,"(58, 1)",1,-0.08
532,97,"(59, 1)",1,-0.08
532,98,"(60, 1)",1,-0.08
532,99,"(61, 1)",1,-0.08
532,100,"(62, 1)",1,-0.08
532,101,"(63, 1)",1,-0.08
532,102,"(64, 1)",1,-0.08
532,103,"(65, 1)",1,-0.08
532,104,"(66, 1)",1,-0.08
532,105,"(67, 1)",1,-0.08
532,106,"(68, 1)",1,-0.08
532,107,"(69, 1)",1,-0.08
532,108,"(70, 1)",1,-0.08
532,109,"(71, 1)",2,-0.08
532,110,"(71, 2)",2,-0.08
532,111,"(71, 3)",1,-0.08
532,112,"(72, 3)",1,-0.08
532,113,"(73, 3)",1,-0.08
532,114,"(74, 3)",1,-0.08
532,115,"(75, 3)",1,-0.08
532,116,"(76, 3)",1,-0.08
532,117,"(77, 3)",0,-0.08
532,118,"(77, 2)",0,-0.08
532,119,"(77, 1)",1,-0.08
532,120,"(78, 1)",1,-0.08
532,121,"(79, 1)",0,8.33
533,0,"(0, 39)",1,-0.08
533,1,"(1, 39)",1,-0.08
533,2,"(2, 39)",1,-0.08
533,3,"(3, 39)",1,-0.08
533,4,"(4, 39)",1,-0.08
533,5,"(5, 39)",1,-0.08
533,6,"(6, 39)",1,-0.08
533,7,"(7, 39)",1,-0.08
533,8,"(8, 39)",1,-0.08
533,9,"(9, 39)",1,-0.08
533,10,"(10, 39)",0,-0.08
533,11,"(10, 38)",0,-0.08
533,12,"(10, 37)",1,-0.08
533,13,"(11, 37)",1,-0.08
533,14,"(12, 37)",1,-0.08
533,15,"(13, 37)",1,-0.08
533,16,"(14, 37)",1,-0.08
533,17,"(15, 37)",1,-0.08
533,18,"(16, 37)",0,-0.08
533,19,"(16, 36)",1,-0.08
533,20,"(17, 36)",0,-0.08
533,21,"(17, 35)",1,-0.08
533,22,"(18, 35)",0,-0.08
533,23,"(18, 34)",0,-0.08
533,24,"(18, 33)",1,-0.08
533,25,"(19, 33)",0,-0.08
533,26,"(19, 32)",0,-0.08
533,27,"(19, 31)",0,-0.08
533,28,"(19, 30)",0,-0.08
533,29,"(19, 29)",1,-0.08
533,30,"(20, 29)",0,-0.08
533,31,"(20, 28)",0,-0.08
533,32,"(20, 27)",1,-0.08
533,33,"(21, 27)",0,-0.08
533,34,"(21, 26)",0,-0.08
533,35,"(21, 25)",1,-0.08
533,36,"(22, 25)",0,-0.08
533,37,"(22, 24)",0,-0.08
533,38,"(22, 23)",1,-0.08
533,39,"(23, 23)",1,-0.08
533,40,"(24, 23)",1,-0.08
533,41,"(25, 23)",0,-0.08
533,42,"(25, 22)",0,-0.08
533,43,"(25, 21)",1,-0.08
533,44,"(26, 21)",1,-0.08
533,45,"(27, 21)",0,-0.08
533,46,"(27, 20)",1,-0.08
533,47,"(28, 20)",0,-0.08
533,48,"(28, 19)",1,-0.08
533,49,"(29, 19)",1,-0.08
533,50,"(30, 19)",1,-0.08
533,51,"(31, 19)",0,-0.08
533,52,"(31, 18)",1,-0.08
533,53,"(32, 18)",0,-0.08
533,54,"(32, 17)",1,-0.08
533,55,"(33, 17)",1,-0.08
533,56,"(34, 17)",1,-0.08
533,57,"(35, 17)",0,-0.08
533,58,"(35, 16)",0,-0.08
533,59,"(35, 15)",0,-0.08
533,60,"(35, 14)",0,-0.08
533,61,"(35, 13)",1,-0.08
533,62,"(36, 13)",1,-0.08
533,63,"(37, 13)",1,-0.08
533,64,"(38, 13)",1,-0.08
533,65,"(39, 13)",0,-0.08
533,66,"(39, 12)",0,-0.08
533,67,"(39, 11)",1,-0.08
533,68,"(40, 11)",1,-0.08
533,69,"(41, 11)",1,-0.08
533,70,"(42, 11)",1,-0.08
533,71,"(43, 11)",1,-0.08
533,72,"(44, 11)",1,-0.08
533,73,"(45, 11)",0,-0.08
533,74,"(45, 10)",0,-0.08
533,75,"(45, 9)",0,-0.08
533,76,"(45, 8)",0,-0.08
533,77,"(45, 7)",1,-0.08
533,78,"(46, 7)",1,-0.08
533,79,"(47, 7)",0,-0.08
533,80,"(47, 6)",1,-0.08
533,81,"(48, 6)",1,-0.08
533,82,"(49, 6)",0,-0.08
533,83,"(49, 5)",1,-0.08
533,84,"(50, 5)",1,-0.08
533,85,"(51, 5)",0,-0.08
533,86,"(51, 4)",0,-0.08
533,87,"(51, 3)",0,-0.08
533,88,"(51, 2)",1,-0.08
533,89,"(52, 2)",0,-0.08
533,90,"(52, 1)",1,-0.08
533,91,"(53, 1)",1,-0.08
533,92,"(54, 1)",1,-0.08
533,93,"(55, 1)",1,-0.08
533,94,"(56, 1)",1,-0.08
533,95,"(57, 1)",1,-0.08
533,96,"(58, 1)",1,-0.08
533,97,"(59, 1)",1,-0.08
533,98,"(60, 1)",1,-0.08
533,99,"(61, 1)",1,-0.08
533,100,"(62, 1)",1,-0.08
533,101,"(63, 1)",1,-0.08
533,102,"(64, 1)",1,-0.08
533,103,"(65, 1)",1,-0.08
533,104,"(66, 1)",1,-0.08
533,105,"(67, 1)",1,-0.08
533,106,"(68, 1)",1,-0.08
533,107,"(69, 1)",1,-0.08
533,108,"(70, 1)",1,-0.08
533,109,"(71, 1)",2,-0.08
533,110,"(71, 2)",2,-0.08
533,111,"(71, 3)",1,-0.08
533,112,"(72, 3)",1,-0.08
533,113,"(73, 3)",1,-0.08
533,114,"(74, 3)",1,-0.08
533,115,"(75, 3)",1,-0.08
533,116,"(76, 3)",1,-0.08
533,117,"(77, 3)",0,-0.08
533,118,"(77, 2)",0,-0.08
533,119,"(77, 1)",1,-0.08
533,120,"(78, 1)",1,-0.08
533,121,"(79, 1)",0,8.33
534,0,"(0, 39)",1,-0.08
534,1,"(1, 39)",1,-0.08
534,2,"(2, 39)",1,-0.08
534,3,"(3, 39)",1,-0.08
534,4,"(4, 39)",1,-0.08
534,5,"(5, 39)",1,-0.08
534,6,"(6, 39)",1,-0.08
534,7,"(7, 39)",1,-0.08
534,8,"(8, 39)",1,-0.08
534,9,"(9, 39)",1,-0.08
534,10,"(10, 39)",1,-0.08
534,11,"(11, 39)",1,-0.08
534,12,"(12, 39)",1,-0.08
534,13,"(13, 39)",1,-0.08
534,14,"(14, 39)",0,-0.08
534,15,"(14, 38)",0,-0.08
534,16,"(14, 37)",1,-0.08
534,17,"(15, 37)",0,-0.08
534,18,"(15, 36)",0,-0.08
534,19,"(15, 35)",0,-0.08
534,20,"(15, 34)",0,-0.08
534,21,"(15, 33)",1,-0.08
534,22,"(16, 33)",1,-0.08
534,23,"(17, 33)",1,-0.08
534,24,"(18, 33)",1,-0.08
534,25,"(19, 33)",0,-0.08
534,26,"(19, 32)",0,-0.08
534,27,"(19, 31)",0,-0.08
534,28,"(19, 30)",0,-0.08
534,29,"(19, 29)",1,-0.08
534,30,"(20, 29)",0,-0.08
534,31,"(20, 28)",0,-0.08
534,32,"(20, 27)",1,-0.08
534,33,"(21, 27)",0,-0.08
534,34,"(21, 26)",0,-0.08
534,35,"(21, 25)",1,-0.08
534,36,"(22, 25)",1,-0.08
534,37,"(23, 25)",1,-0.08
534,38,"(24, 25)",1,-0.08
534,39,"(25, 25)",1,-0.08
534,40,"(26, 25)",1,-0.08
534,41,"(27, 25)",1,-0.08
534,42,"(28, 25)",1,-0.08
534,43,"(29, 25)",1,-0.08
534,44,"(30, 25)",1,-0.08
534,45,"(31, 25)",0,-0.08
534,46,"(31, 24)",0,-0.08
534,47,"(31, 23)",1,-0.08
534,48,"(32, 23)",1,-0.08
534,49,"(33, 23)",0,-0.08
534,50,"(33, 22)",0,-0.08
534,51,"(33, 21)",1,-0.08
534,52,"(34, 21)",1,-0.08
534,53,"(35, 21)",0,-0.08
534,54,"(35, 20)",0,-0.08
534,55,"(35, 19)",1,-0.08
534,56,"(36, 19)",1,-0.08
534,57,"(37, 19)",0,-0.08
534,58,"(37, 18)",0,-0.08
534,59,"(37, 17)",0,-0.08
534,60,"(37, 16)",0,-0.08
534,61,"(37, 15)",0,-0.08
534,62,"(37, 14)",1,-0.08
534,63,"(38, 14)",0,-0.08
534,64,"(38, 13)",1,-0.08
534,65,"(39, 13)",0,-0.08
534,66,"(39, 12)",0,-0.08
534,67,"(39, 11)",1,-0.08
534,68,"(40, 11)",1,-0.08
534,69,"(41, 11)",1,-0.08
534,70,"(42, 11)",1,-0.08
534,71,"(43, 11)",1,-0.08
534,72,"(44, 11)",1,-0.08
534,73,"(45, 11)",0,-0.08
534,74,"(45, 10)",0,-0.08
534,75,"(45, 9)",0,-0.08
534,76,"(45, 8)",1,-0.08
534,77,"(46, 8)",0,-0.08
534,78,"(46, 7)",0,-0.08
534,79,"(46, 6)",1,-0.08
534,80,"(47, 6)",1,-0.08
534,81,"(48, 6)",1,-0.08
534,82,"(49, 6)",0,-0.08
534,83,"(49, 5)",1,-0.08
534,84,"(50, 5)",1,-0.08
534,85,"(51, 5)",1,-0.08
534,86,"(52, 5)",1,-0.08
534,87,"(53, 5)",0,-0.08
534,88,"(53, 4)",0,-0.08
534,89,"(53, 3)",1,-0.08
534,90,"(54, 3)",1,-0.08
534,91,"(55, 3)",1,-0.08
534,92,"(56, 3)",0,-0.08
534,93,"(56, 2)",0,-0.08
534,94,"(56, 1)",1,-0.08
534,95,"(57, 1)",1,-0.08
534,96,"(58, 1)",1,-0.08
534,97,"(59, 1)",1,-0.08
534,98,"(60, 1)",1,-0.08
534,99,"(61, 1)",1,-0.08
534,100,"(62, 1)",1,-0.08
534,101,"(63, 1)",1,-0.08
534,102,"(64, 1)",1,-0.08
534,103,"(65, 1)",1,-0.08
534,104,"(66, 1)",1,-0.08
534,105,"(67, 1)",1,-0.08
534,106,"(68, 1)",1,-0.08
534,107,"(69, 1)",1,-0.08
534,108,"(70, 1)",1,-0.08
534,109,"(71, 1)",2,-0.08
534,110,"(71, 2)",2,-0.08
534,111,"(71, 3)",1,-0.08
534,112,"(72, 3)",1,-0.08
534,113,"(73, 3)",0,-0.08
534,114,"(73, 2)",0,-0.08
534,115,"(73, 1)",0,-0.08
534,116,"(73, 0)",1,-0.08
534,117,"(74, 0)",1,-0.08
534,118,"(75, 0)",1,-0.08
534,119,"(76, 0)",1,-0.08
534,120,"(77, 0)",1,-0.08
534,121,"(78, 0)",1,8.33
535,0,"(0, 39)",1,-0.08
535,1,"(1, 39)",1,-0.08
535,2,"(2, 39)",1,-0.08
535,3,"(3, 39)",1,-0.08
535,4,"(4, 39)",1,-0.08
535,5,"(5, 39)",1,-0.08
535,6,"(6, 39)",1,-0.08
535,7,"(7, 39)",1,-0.08
535,8,"(8, 39)",1,-0.08
535,9,"(9, 39)",1,-0.08
535,10,"(10, 39)",1,-0.08
535,11,"(11, 39)",1,-0.08
535,12,"(12, 39)",1,-0.08
535,13,"(13, 39)",1,-0.08
535,14,"(14, 39)",0,-0.08
535,15,"(14, 38)",0,-0.08
535,16,"(14, 37)",1,-0.08
535,17,"(15, 37)",0,-0.08
535,18,"(15, 36)",1,-0.08
535,19,"(16, 36)",1,-0.08
535,20,"(17, 36)",0,-0.08
535,21,"(17, 35)",1,-0.08
535,22,"(18, 35)",1,-0.08
535,23,"(19, 35)",0,-0.08
535,24,"(19, 34)",0,-0.08
535,25,"(19, 33)",0,-0.08
535,26,"(19, 32)",0,-0.08
535,27,"(19, 31)",0,-0.08
535,28,"(19, 30)",0,-0.08
535,29,"(19, 29)",1,-0.08
535,30,"(20, 29)",0,-0.08
535,31,"(20, 28)",0,-0.08
535,32,"(20, 27)",1,-0.08
535,33,"(21, 27)",0,-0.08
535,34,"(21, 26)",0,-0.08
535,35,"(21, 25)",1,-0.08
535,36,"(22, 25)",1,-0.08
535,37,"(23, 25)",1,-0.08
535,38,"(24, 25)",1,-0.08
535,39,"(25, 25)",0,-0.08
535,40,"(25, 24)",0,-0.08
535,41,"(25, 23)",0,-0.08
535,42,"(25, 22)",0,-0.08
535,43,"(25, 21)",0,-0.08
535,44,"(25, 20)",0,-0.08
535,45,"(25, 19)",1,-0.08
535,46,"(26, 19)",1,-0.08
535,47,"(27, 19)",0,-0.08
535,48,"(27, 18)",0,-0.08
535,49,"(27, 17)",0,-0.08
535,50,"(27, 16)",1,-0.08
535,51,"(28, 16)",1,-0.08
535,52,"(29, 16)",0,-0.08
535,53,"(29, 15)",1,-0.08
535,54,"(30, 15)",1,-0.08
535,55,"(31, 15)",1,-0.08
535,56,"(32, 15)",0,-0.08
535,57,"(32, 14)",0,-0.08
535,58,"(32, 13)",1,-0.08
535,59,"(33, 13)",1,-0.08
535,60,"(34, 13)",1,-0.08
535,61,"(35, 13)",1,-0.08
535,62,"(36, 13)",1,-0.08
535,63,"(37, 13)",1,-0.08
535,64,"(38, 13)",1,-0.08
535,65,"(39, 13)",0,-0.08
535,66,"(39, 12)",0,-0.08
535,67,"(39, 11)",1,-0.08
535,68,"(40, 11)",1,-0.08
535,69,"(41, 11)",1,-0.08
535,70,"(42, 11)",1,-0.08
535,71,"(43, 11)",1,-0.08
535,72,"(44, 11)",1,-0.08
535,73,"(45, 11)",0,-0.08
535,74,"(45, 10)",0,-0.08
535,75,"(45, 9)",1,-0.08
535,76,"(46, 9)",0,-0.08
535,77,"(46, 8)",0,-0.08
535,78,"(46, 7)",1,-0.08
535,79,"(47, 7)",0,-0.08
535,80,"(47, 6)",1,-0.08
535,81,"(48, 6)",1,-0.08
535,82,"(49, 6)",0,-0.08
535,83,"(49, 5)",1,-0.08
535,84,"(50, 5)",1,-0.08
535,85,"(51, 5)",1,-0.08
535,86,"(52, 5)",1,-0.08
535,87,"(53, 5)",0,-0.08
535,88,"(53, 4)",0,-0.08
535,89,"(53, 3)",0,-0.08
535,90,"(53, 2)",0,-0.08
535,91,"(53, 1)",1,-0.08
535,92,"(54, 1)",1,-0.08
535,93,"(55, 1)",1,-0.08
535,94,"(56, 1)",1,-0.08
535,95,"(57, 1)",1,-0.08
535,96,"(58, 1)",1,-0.08
535,97,"(59, 1)",1,-0.08
535,98,"(60, 1)",1,-0.08
535,99,"(61, 1)",1,-0.08
535,100,"(62, 1)",1,-0.08
535,101,"(63, 1)",1,-0.08
535,102,"(64, 1)",1,-0.08
535,103,"(65, 1)",1,-0.08
535,104,"(66, 1)",1,-0.08
535,105,"(67, 1)",1,-0.08
535,106,"(68, 1)",1,-0.08
535,107,"(69, 1)",1,-0.08
535,108,"(70, 1)",1,-0.08
535,109,"(71, 1)",2,-0.08
535,110,"(71, 2)",2,-0.08
535,111,"(71, 3)",1,-0.08
535,112,"(72, 3)",1,-0.08
535,113,"(73, 3)",0,-0.08
535,114,"(73, 2)",0,-0.08
535,115,"(73, 1)",1,-0.08
535,116,"(74, 1)",1,-0.08
535,117,"(75, 1)",1,-0.08
535,118,"(76, 1)",1,-0.08
535,119,"(77, 1)",0,-0.08
535,120,"(77, 0)",1,-0.08
535,121,"(78, 0)",1,8.33
536,0,"(0, 39)",1,-0.08
536,1,"(1, 39)",1,-0.08
536,2,"(2, 39)",1,-0.08
536,3,"(3, 39)",1,-0.08
536,4,"(4, 39)",1,-0.08
536,5,"(5, 39)",1,-0.08
536,6,"(6, 39)",1,-0.08
536,7,"(7, 39)",1,-0.08
536,8,"(8, 39)",1,-0.08
536,9,"(9, 39)",1,-0.08
536,10,"(10, 39)",1,-0.08
536,11,"(11, 39)",1,-0.08
536,12,"(12, 39)",1,-0.08
536,13,"(13, 39)",1,-0.08
536,14,"(14, 39)",0,-0.08
536,15,"(14, 38)",0,-0.08
536,16,"(14, 37)",1,-0.08
536,17,"(15, 37)",0,-0.08
536,18,"(15, 36)",0,-0.08
536,19,"(15, 35)",0,-0.08
536,20,"(15, 34)",0,-0.08
536,21,"(15, 33)",1,-0.08
536,22,"(16, 33)",1,-0.08
536,23,"(17, 33)",1,-0.08
536,24,"(18, 33)",1,-0.08
536,25,"(19, 33)",0,-0.08
536,26,"(19, 32)",0,-0.08
536,27,"(19, 31)",0,-0.08
536,28,"(19, 30)",0,-0.08
536,29,"(19, 29)",1,-0.08
536,30,"(20, 29)",0,-0.08
536,31,"(20, 28)",0,-0.08
536,32,"(20, 27)",1,-0.08
536,33,"(21, 27)",0,-0.08
536,34,"(21, 26)",0,-0.08
536,35,"(21, 25)",1,-0.08
536,36,"(22, 25)",0,-0.08
536,37,"(22, 24)",0,-0.08
536,38,"(22, 23)",1,-0.08
536,39,"(23, 23)",1,-0.08
536,40,"(24, 23)",1,-0.08
536,41,"(25, 23)",0,-0.08
536,42,"(25, 22)",0,-0.08
536,43,"(25, 21)",1,-0.08
536,44,"(26, 21)",1,-0.08
536,45,"(27, 21)",0,-0.08
536,46,"(27, 20)",1,-0.08
536,47,"(28, 20)",0,-0.08
536,48,"(28, 19)",1,-0.08
536,49,"(29, 19)",1,-0.08
536,50,"(30, 19)",1,-0.08
536,51,"(31, 19)",0,-0.08
536,52,"(31, 18)",1,-0.08
536,53,"(32, 18)",0,-0.08
536,54,"(32, 17)",1,-0.08
536,55,"(33, 17)",1,-0.08
536,56,"(34, 17)",1,-0.08
536,57,"(35, 17)",0,-0.08
536,58,"(35, 16)",0,-0.08
536,59,"(35, 15)",0,-0.08
536,60,"(35, 14)",0,-0.08
536,61,"(35, 13)",1,-0.08
536,62,"(36, 13)",1,-0.08
536,63,"(37, 13)",1,-0.08
536,64,"(38, 13)",1,-0.08
536,65,"(39, 13)",0,-0.08
536,66,"(39, 12)",0,-0.08
536,67,"(39, 11)",1,-0.08
536,68,"(40, 11)",1,-0.08
536,69,"(41, 11)",1,-0.08
536,70,"(42, 11)",1,-0.08
536,71,"(43, 11)",1,-0.08
536,72,"(44, 11)",1,-0.08
536,73,"(45, 11)",0,-0.08
536,74,"(45, 10)",0,-0.08
536,75,"(45, 9)",0,-0.08
536,76,"(45, 8)",1,-0.08
536,77,"(46, 8)",0,-0.08
536,78,"(46, 7)",1,-0.08
536,79,"(47, 7)",0,-0.08
536,80,"(47, 6)",1,-0.08
536,81,"(48, 6)",1,-0.08
536,82,"(49, 6)",0,-0.08
536,83,"(49, 5)",1,-0.08
536,84,"(50, 5)",1,-0.08
536,85,"(51, 5)",0,-0.08
536,86,"(51, 4)",0,-0.08
536,87,"(51, 3)",0,-0.08
536,88,"(51, 2)",0,-0.08
536,89,"(51, 1)",1,-0.08
536,90,"(52, 1)",1,-0.08
536,91,"(53, 1)",1,-0.08
536,92,"(54, 1)",1,-0.08
536,93,"(55, 1)",1,-0.08
536,94,"(56, 1)",1,-0.08
536,95,"(57, 1)",1,-0.08
536,96,"(58, 1)",1,-0.08
536,97,"(59, 1)",1,-0.08
536,98,"(60, 1)",1,-0.08
536,99,"(61, 1)",1,-0.08
536,100,"(62, 1)",1,-0.08
536,101,"(63, 1)",1,-0.08
536,102,"(64, 1)",1,-0.08
536,103,"(65, 1)",1,-0.08
536,104,"(66, 1)",1,-0.08
536,105,"(67, 1)",1,-0.08
536,106,"(68, 1)",1,-0.08
536,107,"(69, 1)",1,-0.08
536,108,"(70, 1)",1,-0.08
536,109,"(71, 1)",2,-0.08
536,110,"(71, 2)",2,-0.08
536,111,"(71, 3)",1,-0.08
536,112,"(72, 3)",1,-0.08
536,113,"(73, 3)",1,-0.08
536,114,"(74, 3)",1,-0.08
536,115,"(75, 3)",1,-0.08
536,116,"(76, 3)",1,-0.08
536,117,"(77, 3)",0,-0.08
536,118,"(77, 2)",0,-0.08
536,119,"(77, 1)",1,-0.08
536,120,"(78, 1)",0,-0.08
536,121,"(78, 0)",1,8.33
537,0,"(0, 39)",1,-0.08
537,1,"(1, 39)",1,-0.08
537,2,"(2, 39)",1,-0.08
537,3,"(3, 39)",1,-0.08
537,4,"(4, 39)",1,-0.08
537,5,"(5, 39)",1,-0.08
537,6,"(6, 39)",1,-0.08
537,7,"(7, 39)",1,-0.08
537,8,"(8, 39)",1,-0.08
537,9,"(9, 39)",1,-0.08
537,10,"(10, 39)",1,-0.08
537,11,"(11, 39)",0,-0.08
537,12,"(11, 38)",0,-0.08
537,13,"(11, 37)",1,-0.08
537,14,"(12, 37)",1,-0.08
537,15,"(13, 37)",1,-0.08
537,16,"(14, 37)",1,-0.08
537,17,"(15, 37)",0,-0.08
537,18,"(15, 36)",1,-0.08
537,19,"(16, 36)",1,-0.08
537,20,"(17, 36)",0,-0.08
537,21,"(17, 35)",1,-0.08
537,22,"(18, 35)",1,-0.08
537,23,"(19, 35)",0,-0.08
537,24,"(19, 34)",0,-0.08
537,25,"(19, 33)",0,-0.08
537,26,"(19, 32)",0,-0.08
537,27,"(19, 31)",0,-0.08
537,28,"(19, 30)",0,-0.08
537,29,"(19, 29)",1,-0.08
537,30,"(20, 29)",0,-0.08
537,31,"(20, 28)",0,-0.08
537,32,"(20, 27)",1,-0.08
537,33,"(21, 27)",0,-0.08
537,34,"(21, 26)",1,-0.08
537,35,"(22, 26)",1,-0.08
537,36,"(23, 26)",1,-0.08
537,37,"(24, 26)",1,-0.08
537,38,"(25, 26)",0,-0.08
537,39,"(25, 25)",1,-0.08
537,40,"(26, 25)",1,-0.08
537,41,"(27, 25)",1,-0.08
537,42,"(28, 25)",1,-0.08
537,43,"(29, 25)",1,-0.08
537,44,"(30, 25)",1,-0.08
537,45,"(31, 25)",0,-0.08
537,46,"(31, 24)",0,-0.08
537,47,"(31, 23)",1,-0.08
537,48,"(32, 23)",1,-0.08
537,49,"(33, 23)",0,-0.08
537,50,"(33, 22)",0,-0.08
537,51,"(33, 21)",1,-0.08
537,52,"(34, 21)",1,-0.08
537,53,"(35, 21)",1,-0.08
537,54,"(36, 21)",1,-0.08
537,55,"(37, 21)",1,-0.08
537,56,"(38, 21)",1,-0.08
537,57,"(39, 21)",1,-0.08
537,58,"(40, 21)",0,-0.08
537,59,"(40, 20)",1,-0.08
537,60,"(41, 20)",1,-0.08
537,61,"(42, 20)",1,-0.08
537,62,"(43, 20)",0,-0.08
537,63,"(43, 19)",1,-0.08
537,64,"(44, 19)",0,-0.08
537,65,"(44, 18)",0,-0.08
537,66,"(44, 17)",0,-0.08
537,67,"(44, 16)",0,-0.08
537,68,"(44, 15)",1,-0.08
537,69,"(45, 15)",0,-0.08
537,70,"(45, 14)",0,-0.08
537,71,"(45, 13)",0,-0.08
537,72,"(45, 12)",0,-0.08
537,73,"(45, 11)",0,-0.08
537,74,"(45, 10)",1,-0.08
537,75,"(46, 10)",0,-0.08
537,76,"(46, 9)",0,-0.08
537,77,"(46, 8)",0,-0.08
537,78,"(46, 7)",1,-0.08
537,79,"(47, 7)",0,-0.08
537,80,"(47, 6)",1,-0.08
537,81,"(48, 6)",1,-0.08
537,82,"(49, 6)",0,-0.08
537,83,"(49, 5)",1,-0.08
537,84,"(50, 5)",1,-0.08
537,85,"(51, 5)",1,-0.08
537,86,"(52, 5)",1,-0.08
537,87,"(53, 5)",0,-0.08
537,88,"(53, 4)",0,-0.08
537,89,"(53, 3)",1,-0.08
537,90,"(54, 3)",1,-0.08
537,91,"(55, 3)",1,-0.08
537,92,"(56, 3)",1,-0.08
537,93,"(57, 3)",0,-0.08
537,94,"(57, 2)",1,-0.08
537,95,"(58, 2)",1,-0.08
537,96,"(59, 2)",0,-0.08
537,97,"(59, 1)",1,-0.08
537,98,"(60, 1)",1,-0.08
537,99,"(61, 1)",1,-0.08
537,100,"(62, 1)",1,-0.08
537,101,"(63, 1)",1,-0.08
537,102,"(64, 1)",1,-0.08
537,103,"(65, 1)",1,-0.08
537,104,"(66, 1)",1,-0.08
537,105,"(67, 1)",1,-0.08
537,106,"(68, 1)",1,-0.08
537,107,"(69, 1)",1,-0.08
537,108,"(70, 1)",1,-0.08
537,109,"(71, 1)",2,-0.08
537,110,"(71, 2)",2,-0.08
537,111,"(71, 3)",1,-0.08
537,112,"(72, 3)",1,-0.08
537,113,"(73, 3)",0,-0.08
537,114,"(73, 2)",0,-0.08
537,115,"(73, 1)",0,-0.08
537,116,"(73, 0)",1,-0.08
537,117,"(74, 0)",1,-0.08
537,118,"(75, 0)",1,-0.08
537,119,"(76, 0)",1,-0.08
537,120,"(77, 0)",1,-0.08
537,121,"(78, 0)",1,8.33
538,0,"(0, 39)",1,-0.08
538,1,"(1, 39)",1,-0.08
538,2,"(2, 39)",1,-0.08
538,3,"(3, 39)",1,-0.08
538,4,"(4, 39)",1,-0.08
538,5,"(5, 39)",1,-0.08
538,6,"(6, 39)",1,-0.08
538,7,"(7, 39)",1,-0.08
538,8,"(8, 39)",1,-0.08
538,9,"(9, 39)",1,-0.08
538,10,"(10, 39)",1,-0.08
538,11,"(11, 39)",0,-0.08
538,12,"(11, 38)",0,-0.08
538,13,"(11, 37)",1,-0.08
538,14,"(12, 37)",1,-0.08
538,15,"(13, 37)",1,-0.08
538,16,"(14, 37)",1,-0.08
538,17,"(15, 37)",0,-0.08
538,18,"(15, 36)",0,-0.08
538,19,"(15, 35)",0,-0.08
538,20,"(15, 34)",0,-0.08
538,21,"(15, 33)",1,-0.08
538,22,"(16, 33)",1,-0.08
538,23,"(17, 33)",1,-0.08
538,24,"(18, 33)",1,-0.08
538,25,"(19, 33)",0,-0.08
538,26,"(19, 32)",0,-0.08
538,27,"(19, 31)",0,-0.08
538,28,"(19, 30)",0,-0.08
538,29,"(19, 29)",1,-0.08
538,30,"(20, 29)",0,-0.08
538,31,"(20, 28)",0,-0.08
538,32,"(20, 27)",1,-0.08
538,33,"(21, 27)",0,-0.08
538,34,"(21, 26)",1,-0.08
538,35,"(22, 26)",1,-0.08
538,36,"(23, 26)",1,-0.08
538,37,"(24, 26)",0,-0.08
538,38,"(24, 25)",1,-0.08
538,39,"(25, 25)",0,-0.08
538,40,"(25, 24)",0,-0.08
538,41,"(25, 23)",0,-0.08
538,42,"(25, 22)",0,-0.08
538,43,"(25, 21)",1,-0.08
538,44,"(26, 21)",1,-0.08
538,45,"(27, 21)",0,-0.08
538,46,"(27, 20)",1,-0.08
538,47,"(28, 20)",0,-0.08
538,48,"(28, 19)",1,-0.08
538,49,"(29, 19)",1,-0.08
538,50,"(30, 19)",1,-0.08
538,51,"(31, 19)",1,-0.08
538,52,"(32, 19)",1,-0.08
538,53,"(33, 19)",1,-0.08
538,54,"(34, 19)",1,-0.08
538,55,"(35, 19)",1,-0.08
538,56,"(36, 19)",1,-0.08
538,57,"(37, 19)",0,-0.08
538,58,"(37, 18)",0,-0.08
538,59,"(37, 17)",1,-0.08
538,60,"(38, 17)",1,-0.08
538,61,"(39, 17)",0,-0.08
538,62,"(39, 16)",0,-0.08
538,63,"(39, 15)",1,-0.08
538,64,"(40, 15)",0,-0.08
538,65,"(40, 14)",0,-0.08
538,66,"(40, 13)",1,-0.08
538,67,"(41, 13)",0,-0.08
538,68,"(41, 12)",0,-0.08
538,69,"(41, 11)",1,-0.08
538,70,"(42, 11)",1,-0.08
538,71,"(43, 11)",1,-0.08
538,72,"(44, 11)",1,-0.08
538,73,"(45, 11)",0,-0.08
538,74,"(45, 10)",0,-0.08
538,75,"(45, 9)",1,-0.08
538,76,"(46, 9)",0,-0.08
538,77,"(46, 8)",0,-0.08
538,78,"(46, 7)",1,-0.08
538,79,"(47, 7)",0,-0.08
538,80,"(47, 6)",1,-0.08
538,81,"(48, 6)",1,-0.08
538,82,"(49, 6)",0,-0.08
538,83,"(49, 5)",1,-0.08
538,84,"(50, 5)",1,-0.08
538,85,"(51, 5)",1,-0.08
538,86,"(52, 5)",1,-0.08
538,87,"(53, 5)",0,-0.08
538,88,"(53, 4)",0,-0.08
538,89,"(53, 3)",1,-0.08
538,90,"(54, 3)",1,-0.08
538,91,"(55, 3)",1,-0.08
538,92,"(56, 3)",1,-0.08
538,93,"(57, 3)",0,-0.08
538,94,"(57, 2)",0,-0.08
538,95,"(57, 1)",1,-0.08
538,96,"(58, 1)",1,-0.08
538,97,"(59, 1)",1,-0.08
538,98,"(60, 1)",1,-0.08
538,99,"(61, 1)",1,-0.08
538,100,"(62, 1)",1,-0.08
538,101,"(63, 1)",1,-0.08
538,102,"(64, 1)",1,-0.08
538,103,"(65, 1)",1,-0.08
538,104,"(66, 1)",1,-0.08
538,105,"(67, 1)",1,-0.08
538,106,"(68, 1)",1,-0.08
538,107,"(69, 1)",1,-0.08
538,108,"(70, 1)",1,-0.08
538,109,"(71, 1)",2,-0.08
538,110,"(71, 2)",2,-0.08
538,111,"(71, 3)",1,-0.08
538,112,"(72, 3)",1,-0.08
538,113,"(73, 3)",1,-0.08
538,114,"(74, 3)",1,-0.08
538,115,"(75, 3)",1,-0.08
538,116,"(76, 3)",1,-0.08
538,117,"(77, 3)",0,-0.08
538,118,"(77, 2)",0,-0.08
538,119,"(77, 1)",0,-0.08
538,120,"(77, 0)",1,-0.08
538,121,"(78, 0)",1,8.33
539,0,"(0, 39)",1,-0.08
539,1,"(1, 39)",1,-0.08
539,2,"(2, 39)",1,-0.08
539,3,"(3, 39)",1,-0.08
539,4,"(4, 39)",1,-0.08
539,5,"(5, 39)",1,-0.08
539,6,"(6, 39)",1,-0.08
539,7,"(7, 39)",1,-0.08
539,8,"(8, 39)",1,-0.08
539,9,"(9, 39)",1,-0.08
539,10,"(10, 39)",0,-0.08
539,11,"(10, 38)",1,-0.08
539,12,"(11, 38)",0,-0.08
539,13,"(11, 37)",1,-0.08
539,14,"(12, 37)",1,-0.08
539,15,"(13, 37)",1,-0.08
539,16,"(14, 37)",1,-0.08
539,17,"(15, 37)",0,-0.08
539,18,"(15, 36)",1,-0.08
539,19,"(16, 36)",1,-0.08
539,20,"(17, 36)",0,-0.08
539,21,"(17, 35)",1,-0.08
539,22,"(18, 35)",1,-0.08
539,23,"(19, 35)",0,-0.08
539,24,"(19, 34)",0,-0.08
539,25,"(19, 33)",0,-0.08
539,26,"(19, 32)",0,-0.08
539,27,"(19, 31)",0,-0.08
539,28,"(19, 30)",0,-0.08
539,29,"(19, 29)",1,-0.08
539,30,"(20, 29)",0,-0.08
539,31,"(20, 28)",0,-0.08
539,32,"(20, 27)",1,-0.08
539,33,"(21, 27)",0,-0.08
539,34,"(21, 26)",1,-0.08
539,35,"(22, 26)",0,-0.08
539,36,"(22, 25)",0,-0.08
539,37,"(22, 24)",0,-0.08
539,38,"(22, 23)",1,-0.08
539,39,"(23, 23)",1,-0.08
539,40,"(24, 23)",1,-0.08
539,41,"(25, 23)",0,-0.08
539,42,"(25, 22)",0,-0.08
539,43,"(25, 21)",0,-0.08
539,44,"(25, 20)",0,-0.08
539,45,"(25, 19)",0,-0.08
539,46,"(25, 18)",1,-0.08
539,47,"(26, 18)",1,-0.08
539,48,"(27, 18)",0,-0.08
539,49,"(27, 17)",0,-0.08
539,50,"(27, 16)",1,-0.08
539,51,"(28, 16)",1,-0.08
539,52,"(29, 16)",0,-0.08
539,53,"(29, 15)",1,-0.08
539,54,"(30, 15)",1,-0.08
539,55,"(31, 15)",1,-0.08
539,56,"(32, 15)",0,-0.08
539,57,"(32, 14)",0,-0.08
539,58,"(32, 13)",1,-0.08
539,59,"(33, 13)",1,-0.08
539,60,"(34, 13)",1,-0.08
539,61,"(35, 13)",1,-0.08
539,62,"(36, 13)",1,-0.08
539,63,"(37, 13)",1,-0.08
539,64,"(38, 13)",1,-0.08
539,65,"(39, 13)",1,-0.08
539,66,"(40, 13)",1,-0.08
539,67,"(41, 13)",1,-0.08
539,68,"(42, 13)",1,-0.08
539,69,"(43, 13)",0,-0.08
539,70,"(43, 12)",0,-0.08
539,71,"(43, 11)",1,-0.08
539,72,"(44, 11)",1,-0.08
539,73,"(45, 11)",0,-0.08
539,74,"(45, 10)",0,-0.08
539,75,"(45, 9)",0,-0.08
539,76,"(45, 8)",1,-0.08
539,77,"(46, 8)",0,-0.08
539,78,"(46, 7)",1,-0.08
539,79,"(47, 7)",0,-0.08
539,80,"(47, 6)",1,-0.08
539,81,"(48, 6)",1,-0.08
539,82,"(49, 6)",0,-0.08
539,83,"(49, 5)",1,-0.08
539,84,"(50, 5)",1,-0.08
539,85,"(51, 5)",0,-0.08
539,86,"(51, 4)",0,-0.08
539,87,"(51, 3)",0,-0.08
539,88,"(51, 2)",0,-0.08
539,89,"(51, 1)",1,-0.08
539,90,"(52, 1)",1,-0.08
539,91,"(53, 1)",1,-0.08
539,92,"(54, 1)",1,-0.08
539,93,"(55, 1)",1,-0.08
539,94,"(56, 1)",1,-0.08
539,95,"(57, 1)",1,-0.08
539,96,"(58, 1)",1,-0.08
539,97,"(59, 1)",1,-0.08
539,98,"(60, 1)",1,-0.08
539,99,"(61, 1)",1,-0.08
539,100,"(62, 1)",1,-0.08
539,101,"(63, 1)",1,-0.08
539,102,"(64, 1)",1,-0.08
539,103,"(65, 1)",1,-0.08
539,104,"(66, 1)",1,-0.08
539,105,"(67, 1)",1,-0.08
539,106,"(68, 1)",1,-0.08
539,107,"(69, 1)",1,-0.08
539,108,"(70, 1)",1,-0.08
539,109,"(71, 1)",2,-0.08
539,110,"(71, 2)",2,-0.08
539,111,"(71, 3)",1,-0.08
539,112,"(72, 3)",1,-0.08
539,113,"(73, 3)",0,-0.08
539,114,"(73, 2)",0,-0.08
539,115,"(73, 1)",0,-0.08
539,116,"(73, 0)",1,-0.08
539,117,"(74, 0)",1,-0.08
539,118,"(75, 0)",1,-0.08
539,119,"(76, 0)",1,-0.08
539,120,"(77, 0)",1,-0.08
539,121,"(78, 0)",1,8.33
540,0,"(0, 39)",1,-0.08
540,1,"(1, 39)",1,-0.08
540,2,"(2, 39)",1,-0.08
540,3,"(3, 39)",1,-0.08
540,4,"(4, 39)",1,-0.08
540,5,"(5, 39)",1,-0.08
540,6,"(6, 39)",1,-0.08
540,7,"(7, 39)",1,-0.08
540,8,"(8, 39)",1,-0.08
540,9,"(9, 39)",1,-0.08
540,10,"(10, 39)",0,-0.08
540,11,"(10, 38)",1,-0.08
540,12,"(11, 38)",0,-0.08
540,13,"(11, 37)",1,-0.08
540,14,"(12, 37)",1,-0.08
540,15,"(13, 37)",1,-0.08
540,16,"(14, 37)",1,-0.08
540,17,"(15, 37)",0,-0.08
540,18,"(15, 36)",0,-0.08
540,19,"(15, 35)",0,-0.08
540,20,"(15, 34)",0,-0.08
540,21,"(15, 33)",1,-0.08
540,22,"(16, 33)",1,-0.08
540,23,"(17, 33)",1,-0.08
540,24,"(18, 33)",1,-0.08
540,25,"(19, 33)",0,-0.08
540,26,"(19, 32)",0,-0.08
540,27,"(19, 31)",0,-0.08
540,28,"(19, 30)",0,-0.08
540,29,"(19, 29)",1,-0.08
540,30,"(20, 29)",0,-0.08
540,31,"(20, 28)",0,-0.08
540,32,"(20, 27)",1,-0.08
540,33,"(21, 27)",0,-0.08
540,34,"(21, 26)",1,-0.08
540,35,"(22, 26)",0,-0.08
540,36,"(22, 25)",0,-0.08
540,37,"(22, 24)",0,-0.08
540,38,"(22, 23)",1,-0.08
540,39,"(23, 23)",1,-0.08
540,40,"(24, 23)",1,-0.08
540,41,"(25, 23)",0,-0.08
540,42,"(25, 22)",0,-0.08
540,43,"(25, 21)",1,-0.08
540,44,"(26, 21)",1,-0.08
540,45,"(27, 21)",0,-0.08
540,46,"(27, 20)",1,-0.08
540,47,"(28, 20)",0,-0.08
540,48,"(28, 19)",1,-0.08
540,49,"(29, 19)",1,-0.08
540,50,"(30, 19)",1,-0.08
540,51,"(31, 19)",1,-0.08
540,52,"(32, 19)",1,-0.08
540,53,"(33, 19)",1,-0.08
540,54,"(34, 19)",1,-0.08
540,55,"(35, 19)",0,-0.08
540,56,"(35, 18)",0,-0.08
540,57,"(35, 17)",1,-0.08
540,58,"(36, 17)",1,-0.08
540,59,"(37, 17)",1,-0.08
540,60,"(38, 17)",1,-0.08
540,61,"(39, 17)",0,-0.08
540,62,"(39, 16)",0,-0.08
540,63,"(39, 15)",1,-0.08
540,64,"(40, 15)",1,-0.08
540,65,"(41, 15)",0,-0.08
540,66,"(41, 14)",0,-0.08
540,67,"(41, 13)",1,-0.08
540,68,"(42, 13)",1,-0.08
540,69,"(43, 13)",0,-0.08
540,70,"(43, 12)",0,-0.08
540,71,"(43, 11)",1,-0.08
540,72,"(44, 11)",1,-0.08
540,73,"(45, 11)",0,-0.08
540,74,"(45, 10)",0,-0.08
540,75,"(45, 9)",1,-0.08
540,76,"(46, 9)",0,-0.08
540,77,"(46, 8)",0,-0.08
540,78,"(46, 7)",0,-0.08
540,79,"(46, 6)",1,-0.08
540,80,"(47, 6)",1,-0.08
540,81,"(48, 6)",1,-0.08
540,82,"(49, 6)",0,-0.08
540,83,"(49, 5)",1,-0.08
540,84,"(50, 5)",1,-0.08
540,85,"(51, 5)",0,-0.08
540,86,"(51, 4)",0,-0.08
540,87,"(51, 3)",0,-0.08
540,88,"(51, 2)",1,-0.08
540,89,"(52, 2)",1,-0.08
540,90,"(53, 2)",0,-0.08
540,91,"(53, 1)",1,-0.08
540,92,"(54, 1)",1,-0.08
540,93,"(55, 1)",1,-0.08
540,94,"(56, 1)",1,-0.08
540,95,"(57, 1)",1,-0.08
540,96,"(58, 1)",1,-0.08
540,97,"(59, 1)",1,-0.08
540,98,"(60, 1)",1,-0.08
540,99,"(61, 1)",1,-0.08
540,100,"(62, 1)",1,-0.08
540,101,"(63, 1)",1,-0.08
540,102,"(64, 1)",1,-0.08
540,103,"(65, 1)",1,-0.08
540,104,"(66, 1)",1,-0.08
540,105,"(67, 1)",1,-0.08
540,106,"(68, 1)",1,-0.08
540,107,"(69, 1)",1,-0.08
540,108,"(70, 1)",1,-0.08
540,109,"(71, 1)",2,-0.08
540,110,"(71, 2)",2,-0.08
540,111,"(71, 3)",1,-0.08
540,112,"(72, 3)",1,-0.08
540,113,"(73, 3)",1,-0.08
540,114,"(74, 3)",1,-0.08
540,115,"(75, 3)",1,-0.08
540,116,"(76, 3)",1,-0.08
540,117,"(77, 3)",0,-0.08
540,118,"(77, 2)",0,-0.08
540,119,"(77, 1)",0,-0.08
540,120,"(77, 0)",1,-0.08
540,121,"(78, 0)",1,8.33
541,0,"(0, 39)",1,-0.08
541,1,"(1, 39)",1,-0.08
541,2,"(2, 39)",1,-0.08
541,3,"(3, 39)",1,-0.08
541,4,"(4, 39)",1,-0.08
541,5,"(5, 39)",1,-0.08
541,6,"(6, 39)",1,-0.08
541,7,"(7, 39)",1,-0.08
541,8,"(8, 39)",1,-0.08
541,9,"(9, 39)",1,-0.08
541,10,"(10, 39)",1,-0.08
541,11,"(11, 39)",0,-0.08
541,12,"(11, 38)",0,-0.08
541,13,"(11, 37)",1,-0.08
541,14,"(12, 37)",1,-0.08
541,15,"(13, 37)",1,-0.08
541,16,"(14, 37)",1,-0.08
541,17,"(15, 37)",0,-0.08
541,18,"(15, 36)",1,-0.08
541,19,"(16, 36)",1,-0.08
541,20,"(17, 36)",0,-0.08
541,21,"(17, 35)",1,-0.08
541,22,"(18, 35)",0,-0.08
541,23,"(18, 34)",0,-0.08
541,24,"(18, 33)",1,-0.08
541,25,"(19, 33)",0,-0.08
541,26,"(19, 32)",0,-0.08
541,27,"(19, 31)",0,-0.08
541,28,"(19, 30)",0,-0.08
541,29,"(19, 29)",1,-0.08
541,30,"(20, 29)",0,-0.08
541,31,"(20, 28)",0,-0.08
541,32,"(20, 27)",1,-0.08
541,33,"(21, 27)",0,-0.08
541,34,"(21, 26)",0,-0.08
541,35,"(21, 25)",1,-0.08
541,36,"(22, 25)",1,-0.08
541,37,"(23, 25)",1,-0.08
541,38,"(24, 25)",1,-0.08
541,39,"(25, 25)",1,-0.08
541,40,"(26, 25)",1,-0.08
541,41,"(27, 25)",1,-0.08
541,42,"(28, 25)",1,-0.08
541,43,"(29, 25)",1,-0.08
541,44,"(30, 25)",1,-0.08
541,45,"(31, 25)",0,-0.08
541,46,"(31, 24)",0,-0.08
541,47,"(31, 23)",1,-0.08
541,48,"(32, 23)",1,-0.08
541,49,"(33, 23)",0,-0.08
541,50,"(33, 22)",0,-0.08
541,51,"(33, 21)",1,-0.08
541,52,"(34, 21)",1,-0.08
541,53,"(35, 21)",0,-0.08
541,54,"(35, 20)",0,-0.08
541,55,"(35, 19)",0,-0.08
541,56,"(35, 18)",0,-0.08
541,57,"(35, 17)",0,-0.08
541,58,"(35, 16)",0,-0.08
541,59,"(35, 15)",0,-0.08
541,60,"(35, 14)",0,-0.08
541,61,"(35, 13)",1,-0.08
541,62,"(36, 13)",1,-0.08
541,63,"(37, 13)",1,-0.08
541,64,"(38, 13)",1,-0.08
541,65,"(39, 13)",1,-0.08
541,66,"(40, 13)",1,-0.08
541,67,"(41, 13)",0,-0.08
541,68,"(41, 12)",0,-0.08
541,69,"(41, 11)",1,-0.08
541,70,"(42, 11)",1,-0.08
541,71,"(43, 11)",1,-0.08
541,72,"(44, 11)",1,-0.08
541,73,"(45, 11)",0,-0.08
541,74,"(45, 10)",0,-0.08
541,75,"(45, 9)",1,-0.08
541,76,"(46, 9)",0,-0.08
541,77,"(46, 8)",0,-0.08
541,78,"(46, 7)",1,-0.08
541,79,"(47, 7)",0,-0.08
541,80,"(47, 6)",1,-0.08
541,81,"(48, 6)",1,-0.08
541,82,"(49, 6)",0,-0.08
541,83,"(49, 5)",1,-0.08
541,84,"(50, 5)",1,-0.08
541,85,"(51, 5)",0,-0.08
541,86,"(51, 4)",0,-0.08
541,87,"(51, 3)",0,-0.08
541,88,"(51, 2)",0,-0.08
541,89,"(51, 1)",1,-0.08
541,90,"(52, 1)",1,-0.08
541,91,"(53, 1)",1,-0.08
541,92,"(54, 1)",1,-0.08
541,93,"(55, 1)",1,-0.08
541,94,"(56, 1)",1,-0.08
541,95,"(57, 1)",1,-0.08
541,96,"(58, 1)",1,-0.08
541,97,"(59, 1)",1,-0.08
541,98,"(60, 1)",1,-0.08
541,99,"(61, 1)",1,-0.08
541,100,"(62, 1)",1,-0.08
541,101,"(63, 1)",1,-0.08
541,102,"(64, 1)",1,-0.08
541,103,"(65, 1)",1,-0.08
541,104,"(66, 1)",1,-0.08
541,105,"(67, 1)",1,-0.08
541,106,"(68, 1)",1,-0.08
541,107,"(69, 1)",1,-0.08
541,108,"(70, 1)",1,-0.08
541,109,"(71, 1)",2,-0.08
541,110,"(71, 2)",2,-0.08
541,111,"(71, 3)",1,-0.08
541,112,"(72, 3)",1,-0.08
541,113,"(73, 3)",0,-0.08
541,114,"(73, 2)",0,-0.08
541,115,"(73, 1)",1,-0.08
541,116,"(74, 1)",1,-0.08
541,117,"(75, 1)",0,-0.08
541,118,"(75, 0)",1,-0.08
541,119,"(76, 0)",1,-0.08
541,120,"(77, 0)",1,-0.08
541,121,"(78, 0)",1,8.33
542,0,"(0, 39)",1,-0.08
542,1,"(1, 39)",1,-0.08
542,2,"(2, 39)",1,-0.08
542,3,"(3, 39)",1,-0.08
542,4,"(4, 39)",1,-0.08
542,5,"(5, 39)",1,-0.08
542,6,"(6, 39)",1,-0.08
542,7,"(7, 39)",1,-0.08
542,8,"(8, 39)",1,-0.08
542,9,"(9, 39)",1,-0.08
542,10,"(10, 39)",1,-0.08
542,11,"(11, 39)",0,-0.08
542,12,"(11, 38)",0,-0.08
542,13,"(11, 37)",1,-0.08
542,14,"(12, 37)",1,-0.08
542,15,"(13, 37)",1,-0.08
542,16,"(14, 37)",1,-0.08
542,17,"(15, 37)",1,-0.08
542,18,"(16, 37)",1,-0.08
542,19,"(17, 37)",0,-0.08
542,20,"(17, 36)",0,-0.08
542,21,"(17, 35)",1,-0.08
542,22,"(18, 35)",1,-0.08
542,23,"(19, 35)",0,-0.08
542,24,"(19, 34)",0,-0.08
542,25,"(19, 33)",0,-0.08
542,26,"(19, 32)",0,-0.08
542,27,"(19, 31)",0,-0.08
542,28,"(19, 30)",0,-0.08
542,29,"(19, 29)",1,-0.08
542,30,"(20, 29)",0,-0.08
542,31,"(20, 28)",0,-0.08
542,32,"(20, 27)",1,-0.08
542,33,"(21, 27)",0,-0.08
542,34,"(21, 26)",0,-0.08
542,35,"(21, 25)",1,-0.08
542,36,"(22, 25)",1,-0.08
542,37,"(23, 25)",1,-0.08
542,38,"(24, 25)",1,-0.08
542,39,"(25, 25)",1,-0.08
542,40,"(26, 25)",1,-0.08
542,41,"(27, 25)",1,-0.08
542,42,"(28, 25)",1,-0.08
542,43,"(29, 25)",1,-0.08
542,44,"(30, 25)",1,-0.08
542,45,"(31, 25)",0,-0.08
542,46,"(31, 24)",0,-0.08
542,47,"(31, 23)",1,-0.08
542,48,"(32, 23)",1,-0.08
542,49,"(33, 23)",0,-0.08
542,50,"(33, 22)",0,-0.08
542,51,"(33, 21)",1,-0.08
542,52,"(34, 21)",1,-0.08
542,53,"(35, 21)",0,-0.08
542,54,"(35, 20)",0,-0.08
542,55,"(35, 19)",0,-0.08
542,56,"(35, 18)",0,-0.08
542,57,"(35, 17)",0,-0.08
542,58,"(35, 16)",0,-0.08
542,59,"(35, 15)",0,-0.08
542,60,"(35, 14)",0,-0.08
542,61,"(35, 13)",1,-0.08
542,62,"(36, 13)",1,-0.08
542,63,"(37, 13)",1,-0.08
542,64,"(38, 13)",1,-0.08
542,65,"(39, 13)",1,-0.08
542,66,"(40, 13)",1,-0.08
542,67,"(41, 13)",1,-0.08
542,68,"(42, 13)",1,-0.08
542,69,"(43, 13)",0,-0.08
542,70,"(43, 12)",0,-0.08
542,71,"(43, 11)",1,-0.08
542,72,"(44, 11)",1,-0.08
542,73,"(45, 11)",0,-0.08
542,74,"(45, 10)",1,-0.08
542,75,"(46, 10)",0,-0.08
542,76,"(46, 9)",0,-0.08
542,77,"(46, 8)",0,-0.08
542,78,"(46, 7)",1,-0.08
542,79,"(47, 7)",0,-0.08
542,80,"(47, 6)",1,-0.08
542,81,"(48, 6)",1,-0.08
542,82,"(49, 6)",0,-0.08
542,83,"(49, 5)",1,-0.08
542,84,"(50, 5)",1,-0.08
542,85,"(51, 5)",1,-0.08
542,86,"(52, 5)",1,-0.08
542,87,"(53, 5)",0,-0.08
542,88,"(53, 4)",0,-0.08
542,89,"(53, 3)",1,-0.08
542,90,"(54, 3)",1,-0.08
542,91,"(55, 3)",1,-0.08
542,92,"(56, 3)",0,-0.08
542,93,"(56, 2)",0,-0.08
542,94,"(56, 1)",1,-0.08
542,95,"(57, 1)",1,-0.08
542,96,"(58, 1)",1,-0.08
542,97,"(59, 1)",1,-0.08
542,98,"(60, 1)",1,-0.08
542,99,"(61, 1)",1,-0.08
542,100,"(62, 1)",1,-0.08
542,101,"(63, 1)",1,-0.08
542,102,"(64, 1)",1,-0.08
542,103,"(65, 1)",1,-0.08
542,104,"(66, 1)",1,-0.08
542,105,"(67, 1)",1,-0.08
542,106,"(68, 1)",1,-0.08
542,107,"(69, 1)",1,-0.08
542,108,"(70, 1)",1,-0.08
542,109,"(71, 1)",2,-0.08
542,110,"(71, 2)",2,-0.08
542,111,"(71, 3)",1,-0.08
542,112,"(72, 3)",1,-0.08
542,113,"(73, 3)",1,-0.08
542,114,"(74, 3)",1,-0.08
542,115,"(75, 3)",1,-0.08
542,116,"(76, 3)",1,-0.08
542,117,"(77, 3)",0,-0.08
542,118,"(77, 2)",0,-0.08
542,119,"(77, 1)",1,-0.08
542,120,"(78, 1)",1,-0.08
542,121,"(79, 1)",0,8.33
543,0,"(0, 39)",1,-0.08
543,1,"(1, 39)",1,-0.08
543,2,"(2, 39)",1,-0.08
543,3,"(3, 39)",1,-0.08
543,4,"(4, 39)",1,-0.08
543,5,"(5, 39)",1,-0.08
543,6,"(6, 39)",1,-0.08
543,7,"(7, 39)",1,-0.08
543,8,"(8, 39)",1,-0.08
543,9,"(9, 39)",1,-0.08
543,10,"(10, 39)",0,-0.08
543,11,"(10, 38)",0,-0.08
543,12,"(10, 37)",1,-0.08
543,13,"(11, 37)",1,-0.08
543,14,"(12, 37)",1,-0.08
543,15,"(13, 37)",1,-0.08
543,16,"(14, 37)",1,-0.08
543,17,"(15, 37)",1,-0.08
543,18,"(16, 37)",1,-0.08
543,19,"(17, 37)",0,-0.08
543,20,"(17, 36)",0,-0.08
543,21,"(17, 35)",0,-0.08
543,22,"(17, 34)",0,-0.08
543,23,"(17, 33)",1,-0.08
543,24,"(18, 33)",1,-0.08
543,25,"(19, 33)",0,-0.08
543,26,"(19, 32)",0,-0.08
543,27,"(19, 31)",0,-0.08
543,28,"(19, 30)",0,-0.08
543,29,"(19, 29)",1,-0.08
543,30,"(20, 29)",0,-0.08
543,31,"(20, 28)",0,-0.08
543,32,"(20, 27)",1,-0.08
543,33,"(21, 27)",0,-0.08
543,34,"(21, 26)",1,-0.08
543,35,"(22, 26)",1,-0.08
543,36,"(23, 26)",0,-0.08
543,37,"(23, 25)",1,-0.08
543,38,"(24, 25)",1,-0.08
543,39,"(25, 25)",0,-0.08
543,40,"(25, 24)",0,-0.08
543,41,"(25, 23)",0,-0.08
543,42,"(25, 22)",0,-0.08
543,43,"(25, 21)",0,-0.08
543,44,"(25, 20)",0,-0.08
543,45,"(25, 19)",1,-0.08
543,46,"(26, 19)",0,-0.08
543,47,"(26, 18)",1,-0.08
543,48,"(27, 18)",0,-0.08
543,49,"(27, 17)",0,-0.08
543,50,"(27, 16)",1,-0.08
543,51,"(28, 16)",1,-0.08
543,52,"(29, 16)",0,-0.08
543,53,"(29, 15)",1,-0.08
543,54,"(30, 15)",1,-0.08
543,55,"(31, 15)",0,-0.08
543,56,"(31, 14)",0,-0.08
543,57,"(31, 13)",1,-0.08
543,58,"(32, 13)",1,-0.08
543,59,"(33, 13)",1,-0.08
543,60,"(34, 13)",1,-0.08
543,61,"(35, 13)",1,-0.08
543,62,"(36, 13)",1,-0.08
543,63,"(37, 13)",1,-0.08
543,64,"(38, 13)",1,-0.08
543,65,"(39, 13)",1,-0.08
543,66,"(40, 13)",1,-0.08
543,67,"(41, 13)",0,-0.08
543,68,"(41, 12)",0,-0.08
543,69,"(41, 11)",1,-0.08
543,70,"(42, 11)",1,-0.08
543,71,"(43, 11)",1,-0.08
543,72,"(44, 11)",1,-0.08
543,73,"(45, 11)",0,-0.08
543,74,"(45, 10)",0,-0.08
543,75,"(45, 9)",0,-0.08
543,76,"(45, 8)",0,-0.08
543,77,"(45, 7)",1,-0.08
543,78,"(46, 7)",0,-0.08
543,79,"(46, 6)",1,-0.08
543,80,"(47, 6)",1,-0.08
543,81,"(48, 6)",1,-0.08
543,82,"(49, 6)",0,-0.08
543,83,"(49, 5)",1,-0.08
543,84,"(50, 5)",1,-0.08
543,85,"(51, 5)",1,-0.08
543,86,"(52, 5)",1,-0.08
543,87,"(53, 5)",0,-0.08
543,88,"(53, 4)",0,-0.08
543,89,"(53, 3)",0,-0.08
543,90,"(53, 2)",0,-0.08
543,91,"(53, 1)",1,-0.08
543,92,"(54, 1)",1,-0.08
543,93,"(55, 1)",1,-0.08
543,94,"(56, 1)",1,-0.08
543,95,"(57, 1)",1,-0.08
543,96,"(58, 1)",1,-0.08
543,97,"(59, 1)",1,-0.08
543,98,"(60, 1)",1,-0.08
543,99,"(61, 1)",1,-0.08
543,100,"(62, 1)",1,-0.08
543,101,"(63, 1)",1,-0.08
543,102,"(64, 1)",1,-0.08
543,103,"(65, 1)",1,-0.08
543,104,"(66, 1)",1,-0.08
543,105,"(67, 1)",1,-0.08
543,106,"(68, 1)",1,-0.08
543,107,"(69, 1)",1,-0.08
543,108,"(70, 1)",1,-0.08
543,109,"(71, 1)",2,-0.08
543,110,"(71, 2)",2,-0.08
543,111,"(71, 3)",1,-0.08
543,112,"(72, 3)",1,-0.08
543,113,"(73, 3)",0,-0.08
543,114,"(73, 2)",0,-0.08
543,115,"(73, 1)",1,-0.08
543,116,"(74, 1)",0,-0.08
543,117,"(74, 0)",1,-0.08
543,118,"(75, 0)",1,-0.08
543,119,"(76, 0)",1,-0.08
543,120,"(77, 0)",1,-0.08
543,121,"(78, 0)",1,8.33
544,0,"(0, 39)",1,-0.08
544,1,"(1, 39)",1,-0.08
544,2,"(2, 39)",1,-0.08
544,3,"(3, 39)",1,-0.08
544,4,"(4, 39)",1,-0.08
544,5,"(5, 39)",1,-0.08
544,6,"(6, 39)",1,-0.08
544,7,"(7, 39)",1,-0.08
544,8,"(8, 39)",1,-0.08
544,9,"(9, 39)",1,-0.08
544,10,"(10, 39)",1,-0.08
544,11,"(11, 39)",0,-0.08
544,12,"(11, 38)",0,-0.08
544,13,"(11, 37)",1,-0.08
544,14,"(12, 37)",1,-0.08
544,15,"(13, 37)",1,-0.08
544,16,"(14, 37)",1,-0.08
544,17,"(15, 37)",1,-0.08
544,18,"(16, 37)",1,-0.08
544,19,"(17, 37)",1,-0.08
544,20,"(18, 37)",1,-0.08
544,21,"(19, 37)",0,-0.08
544,22,"(19, 36)",0,-0.08
544,23,"(19, 35)",0,-0.08
544,24,"(19, 34)",0,-0.08
544,25,"(19, 33)",0,-0.08
544,26,"(19, 32)",0,-0.08
544,27,"(19, 31)",0,-0.08
544,28,"(19, 30)",0,-0.08
544,29,"(19, 29)",1,-0.08
544,30,"(20, 29)",0,-0.08
544,31,"(20, 28)",0,-0.08
544,32,"(20, 27)",1,-0.08
544,33,"(21, 27)",0,-0.08
544,34,"(21, 26)",0,-0.08
544,35,"(21, 25)",1,-0.08
544,36,"(22, 25)",0,-0.08
544,37,"(22, 24)",0,-0.08
544,38,"(22, 23)",1,-0.08
544,39,"(23, 23)",1,-0.08
544,40,"(24, 23)",1,-0.08
544,41,"(25, 23)",0,-0.08
544,42,"(25, 22)",0,-0.08
544,43,"(25, 21)",1,-0.08
544,44,"(26, 21)",1,-0.08
544,45,"(27, 21)",0,-0.08
544,46,"(27, 20)",1,-0.08
544,47,"(28, 20)",0,-0.08
544,48,"(28, 19)",1,-0.08
544,49,"(29, 19)",1,-0.08
544,50,"(30, 19)",1,-0.08
544,51,"(31, 19)",0,-0.08
544,52,"(31, 18)",1,-0.08
544,53,"(32, 18)",0,-0.08
544,54,"(32, 17)",0,-0.08
544,55,"(32, 16)",0,-0.08
544,56,"(32, 15)",0,-0.08
544,57,"(32, 14)",0,-0.08
544,58,"(32, 13)",1,-0.08
544,59,"(33, 13)",1,-0.08
544,60,"(34, 13)",1,-0.08
544,61,"(35, 13)",1,-0.08
544,62,"(36, 13)",1,-0.08
544,63,"(37, 13)",1,-0.08
544,64,"(38, 13)",1,-0.08
544,65,"(39, 13)",1,-0.08
544,66,"(40, 13)",1,-0.08
544,67,"(41, 13)",1,-0.08
544,68,"(42, 13)",1,-0.08
544,69,"(43, 13)",1,-0.08
544,70,"(44, 13)",1,-0.08
544,71,"(45, 13)",0,-0.08
544,72,"(45, 12)",0,-0.08
544,73,"(45, 11)",0,-0.08
544,74,"(45, 10)",0,-0.08
544,75,"(45, 9)",1,-0.08
544,76,"(46, 9)",0,-0.08
544,77,"(46, 8)",0,-0.08
544,78,"(46, 7)",0,-0.08
544,79,"(46, 6)",1,-0.08
544,80,"(47, 6)",1,-0.08
544,81,"(48, 6)",1,-0.08
544,82,"(49, 6)",0,-0.08
544,83,"(49, 5)",1,-0.08
544,84,"(50, 5)",1,-0.08
544,85,"(51, 5)",0,-0.08
544,86,"(51, 4)",0,-0.08
544,87,"(51, 3)",0,-0.08
544,88,"(51, 2)",0,-0.08
544,89,"(51, 1)",1,-0.08
544,90,"(52, 1)",1,-0.08
544,91,"(53, 1)",1,-0.08
544,92,"(54, 1)",1,-0.08
544,93,"(55, 1)",1,-0.08
544,94,"(56, 1)",1,-0.08
544,95,"(57, 1)",1,-0.08
544,96,"(58, 1)",1,-0.08
544,97,"(59, 1)",1,-0.08
544,98,"(60, 1)",1,-0.08
544,99,"(61, 1)",1,-0.08
544,100,"(62, 1)",1,-0.08
544,101,"(63, 1)",1,-0.08
544,102,"(64, 1)",1,-0.08
544,103,"(65, 1)",1,-0.08
544,104,"(66, 1)",1,-0.08
544,105,"(67, 1)",1,-0.08
544,106,"(68, 1)",1,-0.08
544,107,"(69, 1)",1,-0.08
544,108,"(70, 1)",1,-0.08
544,109,"(71, 1)",2,-0.08
544,110,"(71, 2)",2,-0.08
544,111,"(71, 3)",1,-0.08
544,112,"(72, 3)",1,-0.08
544,113,"(73, 3)",1,-0.08
544,114,"(74, 3)",1,-0.08
544,115,"(75, 3)",1,-0.08
544,116,"(76, 3)",1,-0.08
544,117,"(77, 3)",0,-0.08
544,118,"(77, 2)",0,-0.08
544,119,"(77, 1)",1,-0.08
544,120,"(78, 1)",1,-0.08
544,121,"(79, 1)",0,8.33
545,0,"(0, 39)",1,-0.08
545,1,"(1, 39)",1,-0.08
545,2,"(2, 39)",1,-0.08
545,3,"(3, 39)",1,-0.08
545,4,"(4, 39)",1,-0.08
545,5,"(5, 39)",1,-0.08
545,6,"(6, 39)",1,-0.08
545,7,"(7, 39)",1,-0.08
545,8,"(8, 39)",1,-0.08
545,9,"(9, 39)",1,-0.08
545,10,"(10, 39)",1,-0.08
545,11,"(11, 39)",0,-0.08
545,12,"(11, 38)",0,-0.08
545,13,"(11, 37)",1,-0.08
545,14,"(12, 37)",1,-0.08
545,15,"(13, 37)",1,-0.08
545,16,"(14, 37)",1,-0.08
545,17,"(15, 37)",0,-0.08
545,18,"(15, 36)",0,-0.08
545,19,"(15, 35)",0,-0.08
545,20,"(15, 34)",0,-0.08
545,21,"(15, 33)",1,-0.08
545,22,"(16, 33)",1,-0.08
545,23,"(17, 33)",1,-0.08
545,24,"(18, 33)",1,-0.08
545,25,"(19, 33)",0,-0.08
545,26,"(19, 32)",0,-0.08
545,27,"(19, 31)",0,-0.08
545,28,"(19, 30)",0,-0.08
545,29,"(19, 29)",1,-0.08
545,30,"(20, 29)",0,-0.08
545,31,"(20, 28)",0,-0.08
545,32,"(20, 27)",1,-0.08
545,33,"(21, 27)",0,-0.08
545,34,"(21, 26)",1,-0.08
545,35,"(22, 26)",1,-0.08
545,36,"(23, 26)",0,-0.08
545,37,"(23, 25)",1,-0.08
545,38,"(24, 25)",1,-0.08
545,39,"(25, 25)",1,-0.08
545,40,"(26, 25)",1,-0.08
545,41,"(27, 25)",1,-0.08
545,42,"(28, 25)",1,-0.08
545,43,"(29, 25)",1,-0.08
545,44,"(30, 25)",1,-0.08
545,45,"(31, 25)",0,-0.08
545,46,"(31, 24)",0,-0.08
545,47,"(31, 23)",1,-0.08
545,48,"(32, 23)",1,-0.08
545,49,"(33, 23)",0,-0.08
545,50,"(33, 22)",0,-0.08
545,51,"(33, 21)",1,-0.08
545,52,"(34, 21)",1,-0.08
545,53,"(35, 21)",1,-0.08
545,54,"(36, 21)",1,-0.08
545,55,"(37, 21)",1,-0.08
545,56,"(38, 21)",1,-0.08
545,57,"(39, 21)",0,-0.08
545,58,"(39, 20)",0,-0.08
545,59,"(39, 19)",0,-0.08
545,60,"(39, 18)",0,-0.08
545,61,"(39, 17)",0,-0.08
545,62,"(39, 16)",0,-0.08
545,63,"(39, 15)",1,-0.08
545,64,"(40, 15)",1,-0.08
545,65,"(41, 15)",0,-0.08
545,66,"(41, 14)",0,-0.08
545,67,"(41, 13)",1,-0.08
545,68,"(42, 13)",1,-0.08
545,69,"(43, 13)",1,-0.08
545,70,"(44, 13)",1,-0.08
545,71,"(45, 13)",0,-0.08
545,72,"(45, 12)",0,-0.08
545,73,"(45, 11)",0,-0.08
545,74,"(45, 10)",0,-0.08
545,75,"(45, 9)",1,-0.08
545,76,"(46, 9)",0,-0.08
545,77,"(46, 8)",0,-0.08
545,78,"(46, 7)",1,-0.08
545,79,"(47, 7)",0,-0.08
545,80,"(47, 6)",1,-0.08
545,81,"(48, 6)",1,-0.08
545,82,"(49, 6)",0,-0.08
545,83,"(49, 5)",1,-0.08
545,84,"(50, 5)",1,-0.08
545,85,"(51, 5)",1,-0.08
545,86,"(52, 5)",1,-0.08
545,87,"(53, 5)",0,-0.08
545,88,"(53, 4)",0,-0.08
545,89,"(53, 3)",0,-0.08
545,90,"(53, 2)",0,-0.08
545,91,"(53, 1)",1,-0.08
545,92,"(54, 1)",1,-0.08
545,93,"(55, 1)",1,-0.08
545,94,"(56, 1)",1,-0.08
545,95,"(57, 1)",1,-0.08
545,96,"(58, 1)",1,-0.08
545,97,"(59, 1)",1,-0.08
545,98,"(60, 1)",1,-0.08
545,99,"(61, 1)",1,-0.08
545,100,"(62, 1)",1,-0.08
545,101,"(63, 1)",1,-0.08
545,102,"(64, 1)",1,-0.08
545,103,"(65, 1)",1,-0.08
545,104,"(66, 1)",1,-0.08
545,105,"(67, 1)",1,-0.08
545,106,"(68, 1)",1,-0.08
545,107,"(69, 1)",1,-0.08
545,108,"(70, 1)",1,-0.08
545,109,"(71, 1)",2,-0.08
545,110,"(71, 2)",2,-0.08
545,111,"(71, 3)",1,-0.08
545,112,"(72, 3)",1,-0.08
545,113,"(73, 3)",1,-0.08
545,114,"(74, 3)",1,-0.08
545,115,"(75, 3)",1,-0.08
545,116,"(76, 3)",1,-0.08
545,117,"(77, 3)",0,-0.08
545,118,"(77, 2)",0,-0.08
545,119,"(77, 1)",0,-0.08
545,120,"(77, 0)",1,-0.08
545,121,"(78, 0)",1,8.33
546,0,"(0, 39)",1,-0.08
546,1,"(1, 39)",1,-0.08
546,2,"(2, 39)",1,-0.08
546,3,"(3, 39)",1,-0.08
546,4,"(4, 39)",1,-0.08
546,5,"(5, 39)",1,-0.08
546,6,"(6, 39)",1,-0.08
546,7,"(7, 39)",1,-0.08
546,8,"(8, 39)",1,-0.08
546,9,"(9, 39)",1,-0.08
546,10,"(10, 39)",0,-0.08
546,11,"(10, 38)",0,-0.08
546,12,"(10, 37)",1,-0.08
546,13,"(11, 37)",1,-0.08
546,14,"(12, 37)",1,-0.08
546,15,"(13, 37)",1,-0.08
546,16,"(14, 37)",1,-0.08
546,17,"(15, 37)",1,-0.08
546,18,"(16, 37)",0,-0.08
546,19,"(16, 36)",1,-0.08
546,20,"(17, 36)",0,-0.08
546,21,"(17, 35)",0,-0.08
546,22,"(17, 34)",1,-0.08
546,23,"(18, 34)",0,-0.08
546,24,"(18, 33)",1,-0.08
546,25,"(19, 33)",0,-0.08
546,26,"(19, 32)",0,-0.08
546,27,"(19, 31)",0,-0.08
546,28,"(19, 30)",0,-0.08
546,29,"(19, 29)",1,-0.08
546,30,"(20, 29)",0,-0.08
546,31,"(20, 28)",0,-0.08
546,32,"(20, 27)",1,-0.08
546,33,"(21, 27)",0,-0.08
546,34,"(21, 26)",1,-0.08
546,35,"(22, 26)",0,-0.08
546,36,"(22, 25)",1,-0.08
546,37,"(23, 25)",1,-0.08
546,38,"(24, 25)",1,-0.08
546,39,"(25, 25)",0,-0.08
546,40,"(25, 24)",0,-0.08
546,41,"(25, 23)",0,-0.08
546,42,"(25, 22)",0,-0.08
546,43,"(25, 21)",1,-0.08
546,44,"(26, 21)",1,-0.08
546,45,"(27, 21)",0,-0.08
546,46,"(27, 20)",1,-0.08
546,47,"(28, 20)",0,-0.08
546,48,"(28, 19)",1,-0.08
546,49,"(29, 19)",1,-0.08
546,50,"(30, 19)",1,-0.08
546,51,"(31, 19)",1,-0.08
546,52,"(32, 19)",0,-0.08
546,53,"(32, 18)",0,-0.08
546,54,"(32, 17)",1,-0.08
546,55,"(33, 17)",1,-0.08
546,56,"(34, 17)",1,-0.08
546,57,"(35, 17)",0,-0.08
546,58,"(35, 16)",0,-0.08
546,59,"(35, 15)",0,-0.08
546,60,"(35, 14)",0,-0.08
546,61,"(35, 13)",1,-0.08
546,62,"(36, 13)",1,-0.08
546,63,"(37, 13)",1,-0.08
546,64,"(38, 13)",1,-0.08
546,65,"(39, 13)",1,-0.08
546,66,"(40, 13)",1,-0.08
546,67,"(41, 13)",1,-0.08
546,68,"(42, 13)",1,-0.08
546,69,"(43, 13)",1,-0.08
546,70,"(44, 13)",1,-0.08
546,71,"(45, 13)",0,-0.08
546,72,"(45, 12)",0,-0.08
546,73,"(45, 11)",0,-0.08
546,74,"(45, 10)",0,-0.08
546,75,"(45, 9)",1,-0.08
546,76,"(46, 9)",0,-0.08
546,77,"(46, 8)",0,-0.08
546,78,"(46, 7)",0,-0.08
546,79,"(46, 6)",1,-0.08
546,80,"(47, 6)",1,-0.08
546,81,"(48, 6)",1,-0.08
546,82,"(49, 6)",0,-0.08
546,83,"(49, 5)",1,-0.08
546,84,"(50, 5)",1,-0.08
546,85,"(51, 5)",0,-0.08
546,86,"(51, 4)",0,-0.08
546,87,"(51, 3)",0,-0.08
546,88,"(51, 2)",1,-0.08
546,89,"(52, 2)",0,-0.08
546,90,"(52, 1)",1,-0.08
546,91,"(53, 1)",1,-0.08
546,92,"(54, 1)",1,-0.08
546,93,"(55, 1)",1,-0.08
546,94,"(56, 1)",1,-0.08
546,95,"(57, 1)",1,-0.08
546,96,"(58, 1)",1,-0.08
546,97,"(59, 1)",1,-0.08
546,98,"(60, 1)",1,-0.08
546,99,"(61, 1)",1,-0.08
546,100,"(62, 1)",1,-0.08
546,101,"(63, 1)",1,-0.08
546,102,"(64, 1)",1,-0.08
546,103,"(65, 1)",1,-0.08
546,104,"(66, 1)",1,-0.08
546,105,"(67, 1)",1,-0.08
546,106,"(68, 1)",1,-0.08
546,107,"(69, 1)",1,-0.08
546,108,"(70, 1)",1,-0.08
546,109,"(71, 1)",2,-0.08
546,110,"(71, 2)",2,-0.08
546,111,"(71, 3)",1,-0.08
546,112,"(72, 3)",1,-0.08
546,113,"(73, 3)",0,-0.08
546,114,"(73, 2)",0,-0.08
546,115,"(73, 1)",0,-0.08
546,116,"(73, 0)",1,-0.08
546,117,"(74, 0)",1,-0.08
546,118,"(75, 0)",1,-0.08
546,119,"(76, 0)",1,-0.08
546,120,"(77, 0)",1,-0.08
546,121,"(78, 0)",1,8.33
547,0,"(0, 39)",1,-0.08
547,1,"(1, 39)",1,-0.08
547,2,"(2, 39)",1,-0.08
547,3,"(3, 39)",1,-0.08
547,4,"(4, 39)",1,-0.08
547,5,"(5, 39)",1,-0.08
547,6,"(6, 39)",1,-0.08
547,7,"(7, 39)",1,-0.08
547,8,"(8, 39)",1,-0.08
547,9,"(9, 39)",1,-0.08
547,10,"(10, 39)",0,-0.08
547,11,"(10, 38)",0,-0.08
547,12,"(10, 37)",1,-0.08
547,13,"(11, 37)",1,-0.08
547,14,"(12, 37)",1,-0.08
547,15,"(13, 37)",1,-0.08
547,16,"(14, 37)",1,-0.08
547,17,"(15, 37)",1,-0.08
547,18,"(16, 37)",0,-0.08
547,19,"(16, 36)",1,-0.08
547,20,"(17, 36)",0,-0.08
547,21,"(17, 35)",1,-0.08
547,22,"(18, 35)",1,-0.08
547,23,"(19, 35)",0,-0.08
547,24,"(19, 34)",0,-0.08
547,25,"(19, 33)",0,-0.08
547,26,"(19, 32)",0,-0.08
547,27,"(19, 31)",0,-0.08
547,28,"(19, 30)",0,-0.08
547,29,"(19, 29)",1,-0.08
547,30,"(20, 29)",0,-0.08
547,31,"(20, 28)",0,-0.08
547,32,"(20, 27)",1,-0.08
547,33,"(21, 27)",0,-0.08
547,34,"(21, 26)",1,-0.08
547,35,"(22, 26)",1,-0.08
547,36,"(23, 26)",0,-0.08
547,37,"(23, 25)",1,-0.08
547,38,"(24, 25)",1,-0.08
547,39,"(25, 25)",1,-0.08
547,40,"(26, 25)",1,-0.08
547,41,"(27, 25)",1,-0.08
547,42,"(28, 25)",1,-0.08
547,43,"(29, 25)",1,-0.08
547,44,"(30, 25)",1,-0.08
547,45,"(31, 25)",0,-0.08
547,46,"(31, 24)",0,-0.08
547,47,"(31, 23)",1,-0.08
547,48,"(32, 23)",1,-0.08
547,49,"(33, 23)",0,-0.08
547,50,"(33, 22)",0,-0.08
547,51,"(33, 21)",1,-0.08
547,52,"(34, 21)",1,-0.08
547,53,"(35, 21)",1,-0.08
547,54,"(36, 21)",1,-0.08
547,55,"(37, 21)",1,-0.08
547,56,"(38, 21)",1,-0.08
547,57,"(39, 21)",0,-0.08
547,58,"(39, 20)",1,-0.08
547,59,"(40, 20)",1,-0.08
547,60,"(41, 20)",1,-0.08
547,61,"(42, 20)",1,-0.08
547,62,"(43, 20)",0,-0.08
547,63,"(43, 19)",1,-0.08
547,64,"(44, 19)",0,-0.08
547,65,"(44, 18)",0,-0.08
547,66,"(44, 17)",0,-0.08
547,67,"(44, 16)",0,-0.08
547,68,"(44, 15)",1,-0.08
547,69,"(45, 15)",0,-0.08
547,70,"(45, 14)",0,-0.08
547,71,"(45, 13)",0,-0.08
547,72,"(45, 12)",0,-0.08
547,73,"(45, 11)",0,-0.08
547,74,"(45, 10)",1,-0.08
547,75,"(46, 10)",0,-0.08
547,76,"(46, 9)",0,-0.08
547,77,"(46, 8)",0,-0.08
547,78,"(46, 7)",1,-0.08
547,79,"(47, 7)",0,-0.08
547,80,"(47, 6)",1,-0.08
547,81,"(48, 6)",1,-0.08
547,82,"(49, 6)",0,-0.08
547,83,"(49, 5)",1,-0.08
547,84,"(50, 5)",1,-0.08
547,85,"(51, 5)",0,-0.08
547,86,"(51, 4)",0,-0.08
547,87,"(51, 3)",0,-0.08
547,88,"(51, 2)",1,-0.08
547,89,"(52, 2)",0,-0.08
547,90,"(52, 1)",1,-0.08
547,91,"(53, 1)",1,-0.08
547,92,"(54, 1)",1,-0.08
547,93,"(55, 1)",1,-0.08
547,94,"(56, 1)",1,-0.08
547,95,"(57, 1)",1,-0.08
547,96,"(58, 1)",1,-0.08
547,97,"(59, 1)",1,-0.08
547,98,"(60, 1)",1,-0.08
547,99,"(61, 1)",1,-0.08
547,100,"(62, 1)",1,-0.08
547,101,"(63, 1)",1,-0.08
547,102,"(64, 1)",1,-0.08
547,103,"(65, 1)",1,-0.08
547,104,"(66, 1)",1,-0.08
547,105,"(67, 1)",1,-0.08
547,106,"(68, 1)",1,-0.08
547,107,"(69, 1)",1,-0.08
547,108,"(70, 1)",1,-0.08
547,109,"(71, 1)",2,-0.08
547,110,"(71, 2)",2,-0.08
547,111,"(71, 3)",1,-0.08
547,112,"(72, 3)",1,-0.08
547,113,"(73, 3)",1,-0.08
547,114,"(74, 3)",1,-0.08
547,115,"(75, 3)",1,-0.08
547,116,"(76, 3)",1,-0.08
547,117,"(77, 3)",0,-0.08
547,118,"(77, 2)",0,-0.08
547,119,"(77, 1)",1,-0.08
547,120,"(78, 1)",1,-0.08
547,121,"(79, 1)",0,8.33
548,0,"(0, 39)",1,-0.08
548,1,"(1, 39)",1,-0.08
548,2,"(2, 39)",1,-0.08
548,3,"(3, 39)",1,-0.08
548,4,"(4, 39)",1,-0.08
548,5,"(5, 39)",1,-0.08
548,6,"(6, 39)",1,-0.08
548,7,"(7, 39)",1,-0.08
548,8,"(8, 39)",1,-0.08
548,9,"(9, 39)",1,-0.08
548,10,"(10, 39)",0,-0.08
548,11,"(10, 38)",1,-0.08
548,12,"(11, 38)",0,-0.08
548,13,"(11, 37)",1,-0.08
548,14,"(12, 37)",1,-0.08
548,15,"(13, 37)",1,-0.08
548,16,"(14, 37)",1,-0.08
548,17,"(15, 37)",1,-0.08
548,18,"(16, 37)",1,-0.08
548,19,"(17, 37)",1,-0.08
548,20,"(18, 37)",1,-0.08
548,21,"(19, 37)",0,-0.08
548,22,"(19, 36)",0,-0.08
548,23,"(19, 35)",0,-0.08
548,24,"(19, 34)",0,-0.08
548,25,"(19, 33)",0,-0.08
548,26,"(19, 32)",0,-0.08
548,27,"(19, 31)",0,-0.08
548,28,"(19, 30)",0,-0.08
548,29,"(19, 29)",1,-0.08
548,30,"(20, 29)",0,-0.08
548,31,"(20, 28)",0,-0.08
548,32,"(20, 27)",1,-0.08
548,33,"(21, 27)",0,-0.08
548,34,"(21, 26)",1,-0.08
548,35,"(22, 26)",1,-0.08
548,36,"(23, 26)",1,-0.08
548,37,"(24, 26)",1,-0.08
548,38,"(25, 26)",0,-0.08
548,39,"(25, 25)",0,-0.08
548,40,"(25, 24)",0,-0.08
548,41,"(25, 23)",0,-0.08
548,42,"(25, 22)",0,-0.08
548,43,"(25, 21)",1,-0.08
548,44,"(26, 21)",1,-0.08
548,45,"(27, 21)",0,-0.08
548,46,"(27, 20)",1,-0.08
548,47,"(28, 20)",0,-0.08
548,48,"(28, 19)",1,-0.08
548,49,"(29, 19)",1,-0.08
548,50,"(30, 19)",1,-0.08
548,51,"(31, 19)",0,-0.08
548,52,"(31, 18)",1,-0.08
548,53,"(32, 18)",0,-0.08
548,54,"(32, 17)",0,-0.08
548,55,"(32, 16)",0,-0.08
548,56,"(32, 15)",0,-0.08
548,57,"(32, 14)",0,-0.08
548,58,"(32, 13)",1,-0.08
548,59,"(33, 13)",1,-0.08
548,60,"(34, 13)",1,-0.08
548,61,"(35, 13)",1,-0.08
548,62,"(36, 13)",1,-0.08
548,63,"(37, 13)",1,-0.08
548,64,"(38, 13)",1,-0.08
548,65,"(39, 13)",1,-0.08
548,66,"(40, 13)",1,-0.08
548,67,"(41, 13)",1,-0.08
548,68,"(42, 13)",1,-0.08
548,69,"(43, 13)",1,-0.08
548,70,"(44, 13)",1,-0.08
548,71,"(45, 13)",0,-0.08
548,72,"(45, 12)",0,-0.08
548,73,"(45, 11)",0,-0.08
548,74,"(45, 10)",0,-0.08
548,75,"(45, 9)",1,-0.08
548,76,"(46, 9)",0,-0.08
548,77,"(46, 8)",0,-0.08
548,78,"(46, 7)",1,-0.08
548,79,"(47, 7)",0,-0.08
548,80,"(47, 6)",1,-0.08
548,81,"(48, 6)",1,-0.08
548,82,"(49, 6)",0,-0.08
548,83,"(49, 5)",1,-0.08
548,84,"(50, 5)",1,-0.08
548,85,"(51, 5)",1,-0.08
548,86,"(52, 5)",1,-0.08
548,87,"(53, 5)",0,-0.08
548,88,"(53, 4)",0,-0.08
548,89,"(53, 3)",0,-0.08
548,90,"(53, 2)",0,-0.08
548,91,"(53, 1)",1,-0.08
548,92,"(54, 1)",1,-0.08
548,93,"(55, 1)",1,-0.08
548,94,"(56, 1)",1,-0.08
548,95,"(57, 1)",1,-0.08
548,96,"(58, 1)",1,-0.08
548,97,"(59, 1)",1,-0.08
548,98,"(60, 1)",1,-0.08
548,99,"(61, 1)",1,-0.08
548,100,"(62, 1)",1,-0.08
548,101,"(63, 1)",1,-0.08
548,102,"(64, 1)",1,-0.08
548,103,"(65, 1)",1,-0.08
548,104,"(66, 1)",1,-0.08
548,105,"(67, 1)",1,-0.08
548,106,"(68, 1)",1,-0.08
548,107,"(69, 1)",1,-0.08
548,108,"(70, 1)",1,-0.08
548,109,"(71, 1)",2,-0.08
548,110,"(71, 2)",2,-0.08
548,111,"(71, 3)",1,-0.08
548,112,"(72, 3)",1,-0.08
548,113,"(73, 3)",1,-0.08
548,114,"(74, 3)",1,-0.08
548,115,"(75, 3)",1,-0.08
548,116,"(76, 3)",1,-0.08
548,117,"(77, 3)",0,-0.08
548,118,"(77, 2)",0,-0.08
548,119,"(77, 1)",0,-0.08
548,120,"(77, 0)",1,-0.08
548,121,"(78, 0)",1,8.33
549,0,"(0, 39)",1,-0.08
549,1,"(1, 39)",1,-0.08
549,2,"(2, 39)",1,-0.08
549,3,"(3, 39)",1,-0.08
549,4,"(4, 39)",1,-0.08
549,5,"(5, 39)",1,-0.08
549,6,"(6, 39)",1,-0.08
549,7,"(7, 39)",1,-0.08
549,8,"(8, 39)",1,-0.08
549,9,"(9, 39)",1,-0.08
549,10,"(10, 39)",1,-0.08
549,11,"(11, 39)",1,-0.08
549,12,"(12, 39)",1,-0.08
549,13,"(13, 39)",1,-0.08
549,14,"(14, 39)",0,-0.08
549,15,"(14, 38)",0,-0.08
549,16,"(14, 37)",1,-0.08
549,17,"(15, 37)",0,-0.08
549,18,"(15, 36)",0,-0.08
549,19,"(15, 35)",0,-0.08
549,20,"(15, 34)",0,-0.08
549,21,"(15, 33)",1,-0.08
549,22,"(16, 33)",1,-0.08
549,23,"(17, 33)",1,-0.08
549,24,"(18, 33)",1,-0.08
549,25,"(19, 33)",0,-0.08
549,26,"(19, 32)",0,-0.08
549,27,"(19, 31)",0,-0.08
549,28,"(19, 30)",0,-0.08
549,29,"(19, 29)",1,-0.08
549,30,"(20, 29)",0,-0.08
549,31,"(20, 28)",0,-0.08
549,32,"(20, 27)",1,-0.08
549,33,"(21, 27)",0,-0.08
549,34,"(21, 26)",1,-0.08
549,35,"(22, 26)",1,-0.08
549,36,"(23, 26)",0,-0.08
549,37,"(23, 25)",1,-0.08
549,38,"(24, 25)",1,-0.08
549,39,"(25, 25)",0,-0.08
549,40,"(25, 24)",0,-0.08
549,41,"(25, 23)",0,-0.08
549,42,"(25, 22)",0,-0.08
549,43,"(25, 21)",1,-0.08
549,44,"(26, 21)",1,-0.08
549,45,"(27, 21)",0,-0.08
549,46,"(27, 20)",1,-0.08
549,47,"(28, 20)",0,-0.08
549,48,"(28, 19)",1,-0.08
549,49,"(29, 19)",1,-0.08
549,50,"(30, 19)",1,-0.08
549,51,"(31, 19)",1,-0.08
549,52,"(32, 19)",0,-0.08
549,53,"(32, 18)",0,-0.08
549,54,"(32, 17)",0,-0.08
549,55,"(32, 16)",0,-0.08
549,56,"(32, 15)",0,-0.08
549,57,"(32, 14)",0,-0.08
549,58,"(32, 13)",1,-0.08
549,59,"(33, 13)",1,-0.08
549,60,"(34, 13)",1,-0.08
549,61,"(35, 13)",1,-0.08
549,62,"(36, 13)",1,-0.08
549,63,"(37, 13)",1,-0.08
549,64,"(38, 13)",1,-0.08
549,65,"(39, 13)",1,-0.08
549,66,"(40, 13)",1,-0.08
549,67,"(41, 13)",0,-0.08
549,68,"(41, 12)",0,-0.08
549,69,"(41, 11)",1,-0.08
549,70,"(42, 11)",1,-0.08
549,71,"(43, 11)",1,-0.08
549,72,"(44, 11)",1,-0.08
549,73,"(45, 11)",0,-0.08
549,74,"(45, 10)",1,-0.08
549,75,"(46, 10)",0,-0.08
549,76,"(46, 9)",0,-0.08
549,77,"(46, 8)",0,-0.08
549,78,"(46, 7)",1,-0.08
549,79,"(47, 7)",0,-0.08
549,80,"(47, 6)",1,-0.08
549,81,"(48, 6)",1,-0.08
549,82,"(49, 6)",0,-0.08
549,83,"(49, 5)",1,-0.08
549,84,"(50, 5)",1,-0.08
549,85,"(51, 5)",1,-0.08
549,86,"(52, 5)",1,-0.08
549,87,"(53, 5)",0,-0.08
549,88,"(53, 4)",0,-0.08
549,89,"(53, 3)",0,-0.08
549,90,"(53, 2)",0,-0.08
549,91,"(53, 1)",1,-0.08
549,92,"(54, 1)",1,-0.08
549,93,"(55, 1)",1,-0.08
549,94,"(56, 1)",1,-0.08
549,95,"(57, 1)",1,-0.08
549,96,"(58, 1)",1,-0.08
549,97,"(59, 1)",1,-0.08
549,98,"(60, 1)",1,-0.08
549,99,"(61, 1)",1,-0.08
549,100,"(62, 1)",1,-0.08
549,101,"(63, 1)",1,-0.08
549,102,"(64, 1)",1,-0.08
549,103,"(65, 1)",1,-0.08
549,104,"(66, 1)",1,-0.08
549,105,"(67, 1)",1,-0.08
549,106,"(68, 1)",1,-0.08
549,107,"(69, 1)",1,-0.08
549,108,"(70, 1)",1,-0.08
549,109,"(71, 1)",2,-0.08
549,110,"(71, 2)",2,-0.08
549,111,"(71, 3)",1,-0.08
549,112,"(72, 3)",1,-0.08
549,113,"(73, 3)",0,-0.08
549,114,"(73, 2)",0,-0.08
549,115,"(73, 1)",1,-0.08
549,116,"(74, 1)",0,-0.08
549,117,"(74, 0)",1,-0.08
549,118,"(75, 0)",1,-0.08
549,119,"(76, 0)",1,-0.08
549,120,"(77, 0)",1,-0.08
549,121,"(78, 0)",1,8.33
550,0,"(0, 39)",1,-0.08
550,1,"(1, 39)",1,-0.08
550,2,"(2, 39)",1,-0.08
550,3,"(3, 39)",1,-0.08
550,4,"(4, 39)",1,-0.08
550,5,"(5, 39)",1,-0.08
550,6,"(6, 39)",1,-0.08
550,7,"(7, 39)",1,-0.08
550,8,"(8, 39)",1,-0.08
550,9,"(9, 39)",1,-0.08
550,10,"(10, 39)",0,-0.08
550,11,"(10, 38)",1,-0.08
550,12,"(11, 38)",0,-0.08
550,13,"(11, 37)",1,-0.08
550,14,"(12, 37)",1,-0.08
550,15,"(13, 37)",1,-0.08
550,16,"(14, 37)",1,-0.08
550,17,"(15, 37)",1,-0.08
550,18,"(16, 37)",1,-0.08
550,19,"(17, 37)",1,-0.08
550,20,"(18, 37)",1,-0.08
550,21,"(19, 37)",0,-0.08
550,22,"(19, 36)",0,-0.08
550,23,"(19, 35)",0,-0.08
550,24,"(19, 34)",0,-0.08
550,25,"(19, 33)",0,-0.08
550,26,"(19, 32)",0,-0.08
550,27,"(19, 31)",0,-0.08
550,28,"(19, 30)",0,-0.08
550,29,"(19, 29)",1,-0.08
550,30,"(20, 29)",0,-0.08
550,31,"(20, 28)",0,-0.08
550,32,"(20, 27)",1,-0.08
550,33,"(21, 27)",0,-0.08
550,34,"(21, 26)",1,-0.08
550,35,"(22, 26)",1,-0.08
550,36,"(23, 26)",1,-0.08
550,37,"(24, 26)",0,-0.08
550,38,"(24, 25)",1,-0.08
550,39,"(25, 25)",1,-0.08
550,40,"(26, 25)",1,-0.08
550,41,"(27, 25)",1,-0.08
550,42,"(28, 25)",1,-0.08
550,43,"(29, 25)",1,-0.08
550,44,"(30, 25)",1,-0.08
550,45,"(31, 25)",0,-0.08
550,46,"(31, 24)",0,-0.08
550,47,"(31, 23)",1,-0.08
550,48,"(32, 23)",1,-0.08
550,49,"(33, 23)",0,-0.08
550,50,"(33, 22)",0,-0.08
550,51,"(33, 21)",1,-0.08
550,52,"(34, 21)",1,-0.08
550,53,"(35, 21)",1,-0.08
550,54,"(36, 21)",1,-0.08
550,55,"(37, 21)",1,-0.08
550,56,"(38, 21)",1,-0.08
550,57,"(39, 21)",0,-0.08
550,58,"(39, 20)",0,-0.08
550,59,"(39, 19)",0,-0.08
550,60,"(39, 18)",0,-0.08
550,61,"(39, 17)",0,-0.08
550,62,"(39, 16)",0,-0.08
550,63,"(39, 15)",1,-0.08
550,64,"(40, 15)",1,-0.08
550,65,"(41, 15)",0,-0.08
550,66,"(41, 14)",0,-0.08
550,67,"(41, 13)",1,-0.08
550,68,"(42, 13)",1,-0.08
550,69,"(43, 13)",0,-0.08
550,70,"(43, 12)",0,-0.08
550,71,"(43, 11)",1,-0.08
550,72,"(44, 11)",1,-0.08
550,73,"(45, 11)",0,-0.08
550,74,"(45, 10)",0,-0.08
550,75,"(45, 9)",1,-0.08
550,76,"(46, 9)",0,-0.08
550,77,"(46, 8)",0,-0.08
550,78,"(46, 7)",0,-0.08
550,79,"(46, 6)",1,-0.08
550,80,"(47, 6)",1,-0.08
550,81,"(48, 6)",1,-0.08
550,82,"(49, 6)",0,-0.08
550,83,"(49, 5)",1,-0.08
550,84,"(50, 5)",1,-0.08
550,85,"(51, 5)",1,-0.08
550,86,"(52, 5)",1,-0.08
550,87,"(53, 5)",0,-0.08
550,88,"(53, 4)",0,-0.08
550,89,"(53, 3)",1,-0.08
550,90,"(54, 3)",1,-0.08
550,91,"(55, 3)",1,-0.08
550,92,"(56, 3)",0,-0.08
550,93,"(56, 2)",1,-0.08
550,94,"(57, 2)",0,-0.08
550,95,"(57, 1)",1,-0.08
550,96,"(58, 1)",1,-0.08
550,97,"(59, 1)",1,-0.08
550,98,"(60, 1)",1,-0.08
550,99,"(61, 1)",1,-0.08
550,100,"(62, 1)",1,-0.08
550,101,"(63, 1)",1,-0.08
550,102,"(64, 1)",1,-0.08
550,103,"(65, 1)",1,-0.08
550,104,"(66, 1)",1,-0.08
550,105,"(67, 1)",1,-0.08
550,106,"(68, 1)",1,-0.08
550,107,"(69, 1)",1,-0.08
550,108,"(70, 1)",1,-0.08
550,109,"(71, 1)",2,-0.08
550,110,"(71, 2)",2,-0.08
550,111,"(71, 3)",1,-0.08
550,112,"(72, 3)",1,-0.08
550,113,"(73, 3)",0,-0.08
550,114,"(73, 2)",0,-0.08
550,115,"(73, 1)",1,-0.08
550,116,"(74, 1)",1,-0.08
550,117,"(75, 1)",0,-0.08
550,118,"(75, 0)",1,-0.08
550,119,"(76, 0)",1,-0.08
550,120,"(77, 0)",1,-0.08
550,121,"(78, 0)",1,8.33
551,0,"(0, 39)",1,-0.08
551,1,"(1, 39)",1,-0.08
551,2,"(2, 39)",1,-0.08
551,3,"(3, 39)",1,-0.08
551,4,"(4, 39)",1,-0.08
551,5,"(5, 39)",1,-0.08
551,6,"(6, 39)",1,-0.08
551,7,"(7, 39)",1,-0.08
551,8,"(8, 39)",1,-0.08
551,9,"(9, 39)",1,-0.08
551,10,"(10, 39)",0,-0.08
551,11,"(10, 38)",0,-0.08
551,12,"(10, 37)",1,-0.08
551,13,"(11, 37)",1,-0.08
551,14,"(12, 37)",1,-0.08
551,15,"(13, 37)",1,-0.08
551,16,"(14, 37)",1,-0.08
551,17,"(15, 37)",0,-0.08
551,18,"(15, 36)",0,-0.08
551,19,"(15, 35)",0,-0.08
551,20,"(15, 34)",0,-0.08
551,21,"(15, 33)",1,-0.08
551,22,"(16, 33)",1,-0.08
551,23,"(17, 33)",1,-0.08
551,24,"(18, 33)",1,-0.08
551,25,"(19, 33)",0,-0.08
551,26,"(19, 32)",0,-0.08
551,27,"(19, 31)",0,-0.08
551,28,"(19, 30)",0,-0.08
551,29,"(19, 29)",1,-0.08
551,30,"(20, 29)",0,-0.08
551,31,"(20, 28)",0,-0.08
551,32,"(20, 27)",1,-0.08
551,33,"(21, 27)",0,-0.08
551,34,"(21, 26)",1,-0.08
551,35,"(22, 26)",0,-0.08
551,36,"(22, 25)",1,-0.08
551,37,"(23, 25)",1,-0.08
551,38,"(24, 25)",1,-0.08
551,39,"(25, 25)",0,-0.08
551,40,"(25, 24)",0,-0.08
551,41,"(25, 23)",0,-0.08
551,42,"(25, 22)",0,-0.08
551,43,"(25, 21)",1,-0.08
551,44,"(26, 21)",1,-0.08
551,45,"(27, 21)",0,-0.08
551,46,"(27, 20)",0,-0.08
551,47,"(27, 19)",1,-0.08
551,48,"(28, 19)",1,-0.08
551,49,"(29, 19)",1,-0.08
551,50,"(30, 19)",1,-0.08
551,51,"(31, 19)",0,-0.08
551,52,"(31, 18)",0,-0.08
551,53,"(31, 17)",1,-0.08
551,54,"(32, 17)",1,-0.08
551,55,"(33, 17)",1,-0.08
551,56,"(34, 17)",1,-0.08
551,57,"(35, 17)",1,-0.08
551,58,"(36, 17)",1,-0.08
551,59,"(37, 17)",1,-0.08
551,60,"(38, 17)",1,-0.08
551,61,"(39, 17)",0,-0.08
551,62,"(39, 16)",0,-0.08
551,63,"(39, 15)",1,-0.08
551,64,"(40, 15)",0,-0.08
551,65,"(40, 14)",0,-0.08
551,66,"(40, 13)",1,-0.08
551,67,"(41, 13)",0,-0.08
551,68,"(41, 12)",0,-0.08
551,69,"(41, 11)",1,-0.08
551,70,"(42, 11)",1,-0.08
551,71,"(43, 11)",1,-0.08
551,72,"(44, 11)",1,-0.08
551,73,"(45, 11)",0,-0.08
551,74,"(45, 10)",0,-0.08
551,75,"(45, 9)",1,-0.08
551,76,"(46, 9)",0,-0.08
551,77,"(46, 8)",0,-0.08
551,78,"(46, 7)",0,-0.08
551,79,"(46, 6)",1,-0.08
551,80,"(47, 6)",1,-0.08
551,81,"(48, 6)",1,-0.08
551,82,"(49, 6)",0,-0.08
551,83,"(49, 5)",1,-0.08
551,84,"(50, 5)",1,-0.08
551,85,"(51, 5)",1,-0.08
551,86,"(52, 5)",1,-0.08
551,87,"(53, 5)",0,-0.08
551,88,"(53, 4)",0,-0.08
551,89,"(53, 3)",0,-0.08
551,90,"(53, 2)",0,-0.08
551,91,"(53, 1)",1,-0.08
551,92,"(54, 1)",1,-0.08
551,93,"(55, 1)",1,-0.08
551,94,"(56, 1)",1,-0.08
551,95,"(57, 1)",1,-0.08
551,96,"(58, 1)",1,-0.08
551,97,"(59, 1)",1,-0.08
551,98,"(60, 1)",1,-0.08
551,99,"(61, 1)",1,-0.08
551,100,"(62, 1)",1,-0.08
551,101,"(63, 1)",1,-0.08
551,102,"(64, 1)",1,-0.08
551,103,"(65, 1)",1,-0.08
551,104,"(66, 1)",1,-0.08
551,105,"(67, 1)",1,-0.08
551,106,"(68, 1)",1,-0.08
551,107,"(69, 1)",1,-0.08
551,108,"(70, 1)",1,-0.08
551,109,"(71, 1)",2,-0.08
551,110,"(71, 2)",2,-0.08
551,111,"(71, 3)",1,-0.08
551,112,"(72, 3)",1,-0.08
551,113,"(73, 3)",0,-0.08
551,114,"(73, 2)",0,-0.08
551,115,"(73, 1)",1,-0.08
551,116,"(74, 1)",0,-0.08
551,117,"(74, 0)",1,-0.08
551,118,"(75, 0)",1,-0.08
551,119,"(76, 0)",1,-0.08
551,120,"(77, 0)",1,-0.08
551,121,"(78, 0)",1,8.33
552,0,"(0, 39)",1,-0.08
552,1,"(1, 39)",1,-0.08
552,2,"(2, 39)",1,-0.08
552,3,"(3, 39)",1,-0.08
552,4,"(4, 39)",1,-0.08
552,5,"(5, 39)",1,-0.08
552,6,"(6, 39)",1,-0.08
552,7,"(7, 39)",1,-0.08
552,8,"(8, 39)",1,-0.08
552,9,"(9, 39)",1,-0.08
552,10,"(10, 39)",0,-0.08
552,11,"(10, 38)",0,-0.08
552,12,"(10, 37)",1,-0.08
552,13,"(11, 37)",1,-0.08
552,14,"(12, 37)",1,-0.08
552,15,"(13, 37)",1,-0.08
552,16,"(14, 37)",1,-0.08
552,17,"(15, 37)",0,-0.08
552,18,"(15, 36)",1,-0.08
552,19,"(16, 36)",1,-0.08
552,20,"(17, 36)",0,-0.08
552,21,"(17, 35)",0,-0.08
552,22,"(17, 34)",0,-0.08
552,23,"(17, 33)",1,-0.08
552,24,"(18, 33)",1,-0.08
552,25,"(19, 33)",0,-0.08
552,26,"(19, 32)",0,-0.08
552,27,"(19, 31)",0,-0.08
552,28,"(19, 30)",0,-0.08
552,29,"(19, 29)",1,-0.08
552,30,"(20, 29)",0,-0.08
552,31,"(20, 28)",0,-0.08
552,32,"(20, 27)",1,-0.08
552,33,"(21, 27)",0,-0.08
552,34,"(21, 26)",1,-0.08
552,35,"(22, 26)",1,-0.08
552,36,"(23, 26)",1,-0.08
552,37,"(24, 26)",1,-0.08
552,38,"(25, 26)",0,-0.08
552,39,"(25, 25)",0,-0.08
552,40,"(25, 24)",0,-0.08
552,41,"(25, 23)",0,-0.08
552,42,"(25, 22)",0,-0.08
552,43,"(25, 21)",0,-0.08
552,44,"(25, 20)",0,-0.08
552,45,"(25, 19)",1,-0.08
552,46,"(26, 19)",1,-0.08
552,47,"(27, 19)",0,-0.08
552,48,"(27, 18)",0,-0.08
552,49,"(27, 17)",1,-0.08
552,50,"(28, 17)",1,-0.08
552,51,"(29, 17)",0,-0.08
552,52,"(29, 16)",0,-0.08
552,53,"(29, 15)",1,-0.08
552,54,"(30, 15)",1,-0.08
552,55,"(31, 15)",0,-0.08
552,56,"(31, 14)",1,-0.08
552,57,"(32, 14)",0,-0.08
552,58,"(32, 13)",1,-0.08
552,59,"(33, 13)",1,-0.08
552,60,"(34, 13)",1,-0.08
552,61,"(35, 13)",1,-0.08
552,62,"(36, 13)",1,-0.08
552,63,"(37, 13)",1,-0.08
552,64,"(38, 13)",1,-0.08
552,65,"(39, 13)",1,-0.08
552,66,"(40, 13)",1,-0.08
552,67,"(41, 13)",0,-0.08
552,68,"(41, 12)",0,-0.08
552,69,"(41, 11)",1,-0.08
552,70,"(42, 11)",1,-0.08
552,71,"(43, 11)",1,-0.08
552,72,"(44, 11)",1,-0.08
552,73,"(45, 11)",0,-0.08
552,74,"(45, 10)",1,-0.08
552,75,"(46, 10)",0,-0.08
552,76,"(46, 9)",0,-0.08
552,77,"(46, 8)",0,-0.08
552,78,"(46, 7)",0,-0.08
552,79,"(46, 6)",1,-0.08
552,80,"(47, 6)",1,-0.08
552,81,"(48, 6)",1,-0.08
552,82,"(49, 6)",0,-0.08
552,83,"(49, 5)",1,-0.08
552,84,"(50, 5)",1,-0.08
552,85,"(51, 5)",0,-0.08
552,86,"(51, 4)",0,-0.08
552,87,"(51, 3)",0,-0.08
552,88,"(51, 2)",1,-0.08
552,89,"(52, 2)",1,-0.08
552,90,"(53, 2)",0,-0.08
552,91,"(53, 1)",1,-0.08
552,92,"(54, 1)",1,-0.08
552,93,"(55, 1)",1,-0.08
552,94,"(56, 1)",1,-0.08
552,95,"(57, 1)",1,-0.08
552,96,"(58, 1)",1,-0.08
552,97,"(59, 1)",1,-0.08
552,98,"(60, 1)",1,-0.08
552,99,"(61, 1)",1,-0.08
552,100,"(62, 1)",1,-0.08
552,101,"(63, 1)",1,-0.08
552,102,"(64, 1)",1,-0.08
552,103,"(65, 1)",1,-0.08
552,104,"(66, 1)",1,-0.08
552,105,"(67, 1)",1,-0.08
552,106,"(68, 1)",1,-0.08
552,107,"(69, 1)",1,-0.08
552,108,"(70, 1)",1,-0.08
552,109,"(71, 1)",2,-0.08
552,110,"(71, 2)",2,-0.08
552,111,"(71, 3)",1,-0.08
552,112,"(72, 3)",1,-0.08
552,113,"(73, 3)",0,-0.08
552,114,"(73, 2)",0,-0.08
552,115,"(73, 1)",0,-0.08
552,116,"(73, 0)",1,-0.08
552,117,"(74, 0)",1,-0.08
552,118,"(75, 0)",1,-0.08
552,119,"(76, 0)",1,-0.08
552,120,"(77, 0)",1,-0.08
552,121,"(78, 0)",1,8.33
553,0,"(0, 39)",1,-0.08
553,1,"(1, 39)",1,-0.08
553,2,"(2, 39)",1,-0.08
553,3,"(3, 39)",1,-0.08
553,4,"(4, 39)",1,-0.08
553,5,"(5, 39)",1,-0.08
553,6,"(6, 39)",1,-0.08
553,7,"(7, 39)",1,-0.08
553,8,"(8, 39)",1,-0.08
553,9,"(9, 39)",1,-0.08
553,10,"(10, 39)",1,-0.08
553,11,"(11, 39)",1,-0.08
553,12,"(12, 39)",1,-0.08
553,13,"(13, 39)",1,-0.08
553,14,"(14, 39)",0,-0.08
553,15,"(14, 38)",0,-0.08
553,16,"(14, 37)",1,-0.08
553,17,"(15, 37)",0,-0.08
553,18,"(15, 36)",1,-0.08
553,19,"(16, 36)",1,-0.08
553,20,"(17, 36)",0,-0.08
553,21,"(17, 35)",0,-0.08
553,22,"(17, 34)",1,-0.08
553,23,"(18, 34)",0,-0.08
553,24,"(18, 33)",1,-0.08
553,25,"(19, 33)",0,-0.08
553,26,"(19, 32)",0,-0.08
553,27,"(19, 31)",0,-0.08
553,28,"(19, 30)",0,-0.08
553,29,"(19, 29)",1,-0.08
553,30,"(20, 29)",0,-0.08
553,31,"(20, 28)",0,-0.08
553,32,"(20, 27)",1,-0.08
553,33,"(21, 27)",0,-0.08
553,34,"(21, 26)",1,-0.08
553,35,"(22, 26)",0,-0.08
553,36,"(22, 25)",0,-0.08
553,37,"(22, 24)",0,-0.08
553,38,"(22, 23)",1,-0.08
553,39,"(23, 23)",1,-0.08
553,40,"(24, 23)",1,-0.08
553,41,"(25, 23)",0,-0.08
553,42,"(25, 22)",0,-0.08
553,43,"(25, 21)",0,-0.08
553,44,"(25, 20)",0,-0.08
553,45,"(25, 19)",0,-0.08
553,46,"(25, 18)",1,-0.08
553,47,"(26, 18)",1,-0.08
553,48,"(27, 18)",0,-0.08
553,49,"(27, 17)",0,-0.08
553,50,"(27, 16)",1,-0.08
553,51,"(28, 16)",1,-0.08
553,52,"(29, 16)",0,-0.08
553,53,"(29, 15)",1,-0.08
553,54,"(30, 15)",1,-0.08
553,55,"(31, 15)",1,-0.08
553,56,"(32, 15)",0,-0.08
553,57,"(32, 14)",0,-0.08
553,58,"(32, 13)",1,-0.08
553,59,"(33, 13)",1,-0.08
553,60,"(34, 13)",1,-0.08
553,61,"(35, 13)",1,-0.08
553,62,"(36, 13)",1,-0.08
553,63,"(37, 13)",1,-0.08
553,64,"(38, 13)",1,-0.08
553,65,"(39, 13)",0,-0.08
553,66,"(39, 12)",0,-0.08
553,67,"(39, 11)",1,-0.08
553,68,"(40, 11)",1,-0.08
553,69,"(41, 11)",1,-0.08
553,70,"(42, 11)",1,-0.08
553,71,"(43, 11)",1,-0.08
553,72,"(44, 11)",1,-0.08
553,73,"(45, 11)",0,-0.08
553,74,"(45, 10)",1,-0.08
553,75,"(46, 10)",0,-0.08
553,76,"(46, 9)",0,-0.08
553,77,"(46, 8)",0,-0.08
553,78,"(46, 7)",1,-0.08
553,79,"(47, 7)",0,-0.08
553,80,"(47, 6)",1,-0.08
553,81,"(48, 6)",1,-0.08
553,82,"(49, 6)",0,-0.08
553,83,"(49, 5)",1,-0.08
553,84,"(50, 5)",1,-0.08
553,85,"(51, 5)",1,-0.08
553,86,"(52, 5)",1,-0.08
553,87,"(53, 5)",0,-0.08
553,88,"(53, 4)",0,-0.08
553,89,"(53, 3)",0,-0.08
553,90,"(53, 2)",0,-0.08
553,91,"(53, 1)",1,-0.08
553,92,"(54, 1)",1,-0.08
553,93,"(55, 1)",1,-0.08
553,94,"(56, 1)",1,-0.08
553,95,"(57, 1)",1,-0.08
553,96,"(58, 1)",1,-0.08
553,97,"(59, 1)",1,-0.08
553,98,"(60, 1)",1,-0.08
553,99,"(61, 1)",1,-0.08
553,100,"(62, 1)",1,-0.08
553,101,"(63, 1)",1,-0.08
553,102,"(64, 1)",1,-0.08
553,103,"(65, 1)",1,-0.08
553,104,"(66, 1)",1,-0.08
553,105,"(67, 1)",1,-0.08
553,106,"(68, 1)",1,-0.08
553,107,"(69, 1)",1,-0.08
553,108,"(70, 1)",1,-0.08
553,109,"(71, 1)",2,-0.08
553,110,"(71, 2)",2,-0.08
553,111,"(71, 3)",1,-0.08
553,112,"(72, 3)",1,-0.08
553,113,"(73, 3)",1,-0.08
553,114,"(74, 3)",1,-0.08
553,115,"(75, 3)",1,-0.08
553,116,"(76, 3)",1,-0.08
553,117,"(77, 3)",0,-0.08
553,118,"(77, 2)",0,-0.08
553,119,"(77, 1)",1,-0.08
553,120,"(78, 1)",0,-0.08
553,121,"(78, 0)",1,8.33
554,0,"(0, 39)",1,-0.08
554,1,"(1, 39)",1,-0.08
554,2,"(2, 39)",1,-0.08
554,3,"(3, 39)",1,-0.08
554,4,"(4, 39)",1,-0.08
554,5,"(5, 39)",1,-0.08
554,6,"(6, 39)",1,-0.08
554,7,"(7, 39)",1,-0.08
554,8,"(8, 39)",1,-0.08
554,9,"(9, 39)",1,-0.08
554,10,"(10, 39)",1,-0.08
554,11,"(11, 39)",1,-0.08
554,12,"(12, 39)",1,-0.08
554,13,"(13, 39)",1,-0.08
554,14,"(14, 39)",0,-0.08
554,15,"(14, 38)",0,-0.08
554,16,"(14, 37)",1,-0.08
554,17,"(15, 37)",1,-0.08
554,18,"(16, 37)",0,-0.08
554,19,"(16, 36)",1,-0.08
554,20,"(17, 36)",0,-0.08
554,21,"(17, 35)",0,-0.08
554,22,"(17, 34)",0,-0.08
554,23,"(17, 33)",1,-0.08
554,24,"(18, 33)",1,-0.08
554,25,"(19, 33)",0,-0.08
554,26,"(19, 32)",0,-0.08
554,27,"(19, 31)",0,-0.08
554,28,"(19, 30)",0,-0.08
554,29,"(19, 29)",1,-0.08
554,30,"(20, 29)",0,-0.08
554,31,"(20, 28)",0,-0.08
554,32,"(20, 27)",1,-0.08
554,33,"(21, 27)",0,-0.08
554,34,"(21, 26)",0,-0.08
554,35,"(21, 25)",1,-0.08
554,36,"(22, 25)",1,-0.08
554,37,"(23, 25)",1,-0.08
554,38,"(24, 25)",1,-0.08
554,39,"(25, 25)",0,-0.08
554,40,"(25, 24)",0,-0.08
554,41,"(25, 23)",0,-0.08
554,42,"(25, 22)",0,-0.08
554,43,"(25, 21)",1,-0.08
554,44,"(26, 21)",1,-0.08
554,45,"(27, 21)",0,-0.08
554,46,"(27, 20)",0,-0.08
554,47,"(27, 19)",0,-0.08
554,48,"(27, 18)",0,-0.08
554,49,"(27, 17)",0,-0.08
554,50,"(27, 16)",1,-0.08
554,51,"(28, 16)",1,-0.08
554,52,"(29, 16)",0,-0.08
554,53,"(29, 15)",1,-0.08
554,54,"(30, 15)",1,-0.08
554,55,"(31, 15)",1,-0.08
554,56,"(32, 15)",0,-0.08
554,57,"(32, 14)",0,-0.08
554,58,"(32, 13)",1,-0.08
554,59,"(33, 13)",1,-0.08
554,60,"(34, 13)",1,-0.08
554,61,"(35, 13)",1,-0.08
554,62,"(36, 13)",1,-0.08
554,63,"(37, 13)",1,-0.08
554,64,"(38, 13)",1,-0.08
554,65,"(39, 13)",1,-0.08
554,66,"(40, 13)",1,-0.08
554,67,"(41, 13)",0,-0.08
554,68,"(41, 12)",0,-0.08
554,69,"(41, 11)",1,-0.08
554,70,"(42, 11)",1,-0.08
554,71,"(43, 11)",1,-0.08
554,72,"(44, 11)",1,-0.08
554,73,"(45, 11)",0,-0.08
554,74,"(45, 10)",1,-0.08
554,75,"(46, 10)",0,-0.08
554,76,"(46, 9)",0,-0.08
554,77,"(46, 8)",0,-0.08
554,78,"(46, 7)",1,-0.08
554,79,"(47, 7)",0,-0.08
554,80,"(47, 6)",1,-0.08
554,81,"(48, 6)",1,-0.08
554,82,"(49, 6)",0,-0.08
554,83,"(49, 5)",1,-0.08
554,84,"(50, 5)",1,-0.08
554,85,"(51, 5)",1,-0.08
554,86,"(52, 5)",1,-0.08
554,87,"(53, 5)",0,-0.08
554,88,"(53, 4)",0,-0.08
554,89,"(53, 3)",0,-0.08
554,90,"(53, 2)",0,-0.08
554,91,"(53, 1)",1,-0.08
554,92,"(54, 1)",1,-0.08
554,93,"(55, 1)",1,-0.08
554,94,"(56, 1)",1,-0.08
554,95,"(57, 1)",1,-0.08
554,96,"(58, 1)",1,-0.08
554,97,"(59, 1)",1,-0.08
554,98,"(60, 1)",1,-0.08
554,99,"(61, 1)",1,-0.08
554,100,"(62, 1)",1,-0.08
554,101,"(63, 1)",1,-0.08
554,102,"(64, 1)",1,-0.08
554,103,"(65, 1)",1,-0.08
554,104,"(66, 1)",1,-0.08
554,105,"(67, 1)",1,-0.08
554,106,"(68, 1)",1,-0.08
554,107,"(69, 1)",1,-0.08
554,108,"(70, 1)",1,-0.08
554,109,"(71, 1)",2,-0.08
554,110,"(71, 2)",2,-0.08
554,111,"(71, 3)",1,-0.08
554,112,"(72, 3)",1,-0.08
554,113,"(73, 3)",0,-0.08
554,114,"(73, 2)",0,-0.08
554,115,"(73, 1)",0,-0.08
554,116,"(73, 0)",1,-0.08
554,117,"(74, 0)",1,-0.08
554,118,"(75, 0)",1,-0.08
554,119,"(76, 0)",1,-0.08
554,120,"(77, 0)",1,-0.08
554,121,"(78, 0)",1,8.33
555,0,"(0, 39)",1,-0.08
555,1,"(1, 39)",1,-0.08
555,2,"(2, 39)",1,-0.08
555,3,"(3, 39)",1,-0.08
555,4,"(4, 39)",1,-0.08
555,5,"(5, 39)",1,-0.08
555,6,"(6, 39)",1,-0.08
555,7,"(7, 39)",1,-0.08
555,8,"(8, 39)",1,-0.08
555,9,"(9, 39)",1,-0.08
555,10,"(10, 39)",1,-0.08
555,11,"(11, 39)",0,-0.08
555,12,"(11, 38)",0,-0.08
555,13,"(11, 37)",1,-0.08
555,14,"(12, 37)",1,-0.08
555,15,"(13, 37)",1,-0.08
555,16,"(14, 37)",1,-0.08
555,17,"(15, 37)",0,-0.08
555,18,"(15, 36)",0,-0.08
555,19,"(15, 35)",0,-0.08
555,20,"(15, 34)",0,-0.08
555,21,"(15, 33)",1,-0.08
555,22,"(16, 33)",1,-0.08
555,23,"(17, 33)",1,-0.08
555,24,"(18, 33)",1,-0.08
555,25,"(19, 33)",0,-0.08
555,26,"(19, 32)",0,-0.08
555,27,"(19, 31)",0,-0.08
555,28,"(19, 30)",0,-0.08
555,29,"(19, 29)",1,-0.08
555,30,"(20, 29)",0,-0.08
555,31,"(20, 28)",0,-0.08
555,32,"(20, 27)",1,-0.08
555,33,"(21, 27)",0,-0.08
555,34,"(21, 26)",1,-0.08
555,35,"(22, 26)",0,-0.08
555,36,"(22, 25)",1,-0.08
555,37,"(23, 25)",1,-0.08
555,38,"(24, 25)",1,-0.08
555,39,"(25, 25)",0,-0.08
555,40,"(25, 24)",0,-0.08
555,41,"(25, 23)",0,-0.08
555,42,"(25, 22)",0,-0.08
555,43,"(25, 21)",1,-0.08
555,44,"(26, 21)",1,-0.08
555,45,"(27, 21)",0,-0.08
555,46,"(27, 20)",1,-0.08
555,47,"(28, 20)",0,-0.08
555,48,"(28, 19)",1,-0.08
555,49,"(29, 19)",1,-0.08
555,50,"(30, 19)",1,-0.08
555,51,"(31, 19)",0,-0.08
555,52,"(31, 18)",0,-0.08
555,53,"(31, 17)",1,-0.08
555,54,"(32, 17)",1,-0.08
555,55,"(33, 17)",1,-0.08
555,56,"(34, 17)",1,-0.08
555,57,"(35, 17)",0,-0.08
555,58,"(35, 16)",0,-0.08
555,59,"(35, 15)",0,-0.08
555,60,"(35, 14)",0,-0.08
555,61,"(35, 13)",1,-0.08
555,62,"(36, 13)",1,-0.08
555,63,"(37, 13)",1,-0.08
555,64,"(38, 13)",1,-0.08
555,65,"(39, 13)",1,-0.08
555,66,"(40, 13)",1,-0.08
555,67,"(41, 13)",1,-0.08
555,68,"(42, 13)",1,-0.08
555,69,"(43, 13)",1,-0.08
555,70,"(44, 13)",1,-0.08
555,71,"(45, 13)",0,-0.08
555,72,"(45, 12)",0,-0.08
555,73,"(45, 11)",0,-0.08
555,74,"(45, 10)",0,-0.08
555,75,"(45, 9)",0,-0.08
555,76,"(45, 8)",1,-0.08
555,77,"(46, 8)",0,-0.08
555,78,"(46, 7)",1,-0.08
555,79,"(47, 7)",0,-0.08
555,80,"(47, 6)",1,-0.08
555,81,"(48, 6)",1,-0.08
555,82,"(49, 6)",0,-0.08
555,83,"(49, 5)",1,-0.08
555,84,"(50, 5)",1,-0.08
555,85,"(51, 5)",1,-0.08
555,86,"(52, 5)",1,-0.08
555,87,"(53, 5)",0,-0.08
555,88,"(53, 4)",0,-0.08
555,89,"(53, 3)",0,-0.08
555,90,"(53, 2)",0,-0.08
555,91,"(53, 1)",1,-0.08
555,92,"(54, 1)",1,-0.08
555,93,"(55, 1)",1,-0.08
555,94,"(56, 1)",1,-0.08
555,95,"(57, 1)",1,-0.08
555,96,"(58, 1)",1,-0.08
555,97,"(59, 1)",1,-0.08
555,98,"(60, 1)",1,-0.08
555,99,"(61, 1)",1,-0.08
555,100,"(62, 1)",1,-0.08
555,101,"(63, 1)",1,-0.08
555,102,"(64, 1)",1,-0.08
555,103,"(65, 1)",1,-0.08
555,104,"(66, 1)",1,-0.08
555,105,"(67, 1)",1,-0.08
555,106,"(68, 1)",1,-0.08
555,107,"(69, 1)",1,-0.08
555,108,"(70, 1)",1,-0.08
555,109,"(71, 1)",2,-0.08
555,110,"(71, 2)",2,-0.08
555,111,"(71, 3)",1,-0.08
555,112,"(72, 3)",1,-0.08
555,113,"(73, 3)",1,-0.08
555,114,"(74, 3)",1,-0.08
555,115,"(75, 3)",1,-0.08
555,116,"(76, 3)",1,-0.08
555,117,"(77, 3)",0,-0.08
555,118,"(77, 2)",0,-0.08
555,119,"(77, 1)",1,-0.08
555,120,"(78, 1)",1,-0.08
555,121,"(79, 1)",0,8.33
556,0,"(0, 39)",1,-0.08
556,1,"(1, 39)",1,-0.08
556,2,"(2, 39)",1,-0.08
556,3,"(3, 39)",1,-0.08
556,4,"(4, 39)",1,-0.08
556,5,"(5, 39)",1,-0.08
556,6,"(6, 39)",1,-0.08
556,7,"(7, 39)",1,-0.08
556,8,"(8, 39)",1,-0.08
556,9,"(9, 39)",1,-0.08
556,10,"(10, 39)",0,-0.08
556,11,"(10, 38)",0,-0.08
556,12,"(10, 37)",1,-0.08
556,13,"(11, 37)",1,-0.08
556,14,"(12, 37)",1,-0.08
556,15,"(13, 37)",1,-0.08
556,16,"(14, 37)",1,-0.08
556,17,"(15, 37)",0,-0.08
556,18,"(15, 36)",1,-0.08
556,19,"(16, 36)",1,-0.08
556,20,"(17, 36)",0,-0.08
556,21,"(17, 35)",1,-0.08
556,22,"(18, 35)",0,-0.08
556,23,"(18, 34)",1,-0.08
556,24,"(19, 34)",0,-0.08
556,25,"(19, 33)",0,-0.08
556,26,"(19, 32)",0,-0.08
556,27,"(19, 31)",0,-0.08
556,28,"(19, 30)",0,-0.08
556,29,"(19, 29)",1,-0.08
556,30,"(20, 29)",0,-0.08
556,31,"(20, 28)",0,-0.08
556,32,"(20, 27)",1,-0.08
556,33,"(21, 27)",0,-0.08
556,34,"(21, 26)",0,-0.08
556,35,"(21, 25)",1,-0.08
556,36,"(22, 25)",0,-0.08
556,37,"(22, 24)",0,-0.08
556,38,"(22, 23)",1,-0.08
556,39,"(23, 23)",1,-0.08
556,40,"(24, 23)",1,-0.08
556,41,"(25, 23)",0,-0.08
556,42,"(25, 22)",0,-0.08
556,43,"(25, 21)",1,-0.08
556,44,"(26, 21)",1,-0.08
556,45,"(27, 21)",0,-0.08
556,46,"(27, 20)",1,-0.08
556,47,"(28, 20)",0,-0.08
556,48,"(28, 19)",1,-0.08
556,49,"(29, 19)",1,-0.08
556,50,"(30, 19)",1,-0.08
556,51,"(31, 19)",0,-0.08
556,52,"(31, 18)",1,-0.08
556,53,"(32, 18)",0,-0.08
556,54,"(32, 17)",0,-0.08
556,55,"(32, 16)",0,-0.08
556,56,"(32, 15)",0,-0.08
556,57,"(32, 14)",0,-0.08
556,58,"(32, 13)",1,-0.08
556,59,"(33, 13)",1,-0.08
556,60,"(34, 13)",1,-0.08
556,61,"(35, 13)",1,-0.08
556,62,"(36, 13)",1,-0.08
556,63,"(37, 13)",1,-0.08
556,64,"(38, 13)",1,-0.08
556,65,"(39, 13)",0,-0.08
556,66,"(39, 12)",0,-0.08
556,67,"(39, 11)",1,-0.08
556,68,"(40, 11)",1,-0.08
556,69,"(41, 11)",1,-0.08
556,70,"(42, 11)",1,-0.08
556,71,"(43, 11)",1,-0.08
556,72,"(44, 11)",1,-0.08
556,73,"(45, 11)",0,-0.08
556,74,"(45, 10)",0,-0.08
556,75,"(45, 9)",1,-0.08
556,76,"(46, 9)",0,-0.08
556,77,"(46, 8)",0,-0.08
556,78,"(46, 7)",0,-0.08
556,79,"(46, 6)",1,-0.08
556,80,"(47, 6)",1,-0.08
556,81,"(48, 6)",1,-0.08
556,82,"(49, 6)",0,-0.08
556,83,"(49, 5)",1,-0.08
556,84,"(50, 5)",1,-0.08
556,85,"(51, 5)",0,-0.08
556,86,"(51, 4)",0,-0.08
556,87,"(51, 3)",0,-0.08
556,88,"(51, 2)",1,-0.08
556,89,"(52, 2)",1,-0.08
556,90,"(53, 2)",0,-0.08
556,91,"(53, 1)",1,-0.08
556,92,"(54, 1)",1,-0.08
556,93,"(55, 1)",1,-0.08
556,94,"(56, 1)",1,-0.08
556,95,"(57, 1)",1,-0.08
556,96,"(58, 1)",1,-0.08
556,97,"(59, 1)",1,-0.08
556,98,"(60, 1)",1,-0.08
556,99,"(61, 1)",1,-0.08
556,100,"(62, 1)",1,-0.08
556,101,"(63, 1)",1,-0.08
556,102,"(64, 1)",1,-0.08
556,103,"(65, 1)",1,-0.08
556,104,"(66, 1)",1,-0.08
556,105,"(67, 1)",1,-0.08
556,106,"(68, 1)",1,-0.08
556,107,"(69, 1)",1,-0.08
556,108,"(70, 1)",1,-0.08
556,109,"(71, 1)",2,-0.08
556,110,"(71, 2)",2,-0.08
556,111,"(71, 3)",1,-0.08
556,112,"(72, 3)",1,-0.08
556,113,"(73, 3)",1,-0.08
556,114,"(74, 3)",1,-0.08
556,115,"(75, 3)",1,-0.08
556,116,"(76, 3)",1,-0.08
556,117,"(77, 3)",0,-0.08
556,118,"(77, 2)",0,-0.08
556,119,"(77, 1)",1,-0.08
556,120,"(78, 1)",1,-0.08
556,121,"(79, 1)",0,8.33
557,0,"(0, 39)",1,-0.08
557,1,"(1, 39)",1,-0.08
557,2,"(2, 39)",1,-0.08
557,3,"(3, 39)",1,-0.08
557,4,"(4, 39)",1,-0.08
557,5,"(5, 39)",1,-0.08
557,6,"(6, 39)",1,-0.08
557,7,"(7, 39)",1,-0.08
557,8,"(8, 39)",1,-0.08
557,9,"(9, 39)",1,-0.08
557,10,"(10, 39)",1,-0.08
557,11,"(11, 39)",1,-0.08
557,12,"(12, 39)",1,-0.08
557,13,"(13, 39)",1,-0.08
557,14,"(14, 39)",0,-0.08
557,15,"(14, 38)",0,-0.08
557,16,"(14, 37)",1,-0.08
557,17,"(15, 37)",0,-0.08
557,18,"(15, 36)",0,-0.08
557,19,"(15, 35)",0,-0.08
557,20,"(15, 34)",0,-0.08
557,21,"(15, 33)",1,-0.08
557,22,"(16, 33)",1,-0.08
557,23,"(17, 33)",1,-0.08
557,24,"(18, 33)",1,-0.08
557,25,"(19, 33)",0,-0.08
557,26,"(19, 32)",0,-0.08
557,27,"(19, 31)",0,-0.08
557,28,"(19, 30)",0,-0.08
557,29,"(19, 29)",1,-0.08
557,30,"(20, 29)",0,-0.08
557,31,"(20, 28)",0,-0.08
557,32,"(20, 27)",1,-0.08
557,33,"(21, 27)",0,-0.08
557,34,"(21, 26)",0,-0.08
557,35,"(21, 25)",1,-0.08
557,36,"(22, 25)",1,-0.08
557,37,"(23, 25)",1,-0.08
557,38,"(24, 25)",1,-0.08
557,39,"(25, 25)",0,-0.08
557,40,"(25, 24)",0,-0.08
557,41,"(25, 23)",0,-0.08
557,42,"(25, 22)",0,-0.08
557,43,"(25, 21)",1,-0.08
557,44,"(26, 21)",1,-0.08
557,45,"(27, 21)",0,-0.08
557,46,"(27, 20)",0,-0.08
557,47,"(27, 19)",1,-0.08
557,48,"(28, 19)",1,-0.08
557,49,"(29, 19)",1,-0.08
557,50,"(30, 19)",1,-0.08
557,51,"(31, 19)",0,-0.08
557,52,"(31, 18)",0,-0.08
557,53,"(31, 17)",1,-0.08
557,54,"(32, 17)",1,-0.08
557,55,"(33, 17)",1,-0.08
557,56,"(34, 17)",1,-0.08
557,57,"(35, 17)",1,-0.08
557,58,"(36, 17)",1,-0.08
557,59,"(37, 17)",1,-0.08
557,60,"(38, 17)",1,-0.08
557,61,"(39, 17)",0,-0.08
557,62,"(39, 16)",0,-0.08
557,63,"(39, 15)",1,-0.08
557,64,"(40, 15)",0,-0.08
557,65,"(40, 14)",0,-0.08
557,66,"(40, 13)",1,-0.08
557,67,"(41, 13)",0,-0.08
557,68,"(41, 12)",0,-0.08
557,69,"(41, 11)",1,-0.08
557,70,"(42, 11)",1,-0.08
557,71,"(43, 11)",1,-0.08
557,72,"(44, 11)",1,-0.08
557,73,"(45, 11)",0,-0.08
557,74,"(45, 10)",1,-0.08
557,75,"(46, 10)",0,-0.08
557,76,"(46, 9)",0,-0.08
557,77,"(46, 8)",0,-0.08
557,78,"(46, 7)",0,-0.08
557,79,"(46, 6)",1,-0.08
557,80,"(47, 6)",1,-0.08
557,81,"(48, 6)",1,-0.08
557,82,"(49, 6)",0,-0.08
557,83,"(49, 5)",1,-0.08
557,84,"(50, 5)",1,-0.08
557,85,"(51, 5)",1,-0.08
557,86,"(52, 5)",1,-0.08
557,87,"(53, 5)",0,-0.08
557,88,"(53, 4)",0,-0.08
557,89,"(53, 3)",0,-0.08
557,90,"(53, 2)",0,-0.08
557,91,"(53, 1)",1,-0.08
557,92,"(54, 1)",1,-0.08
557,93,"(55, 1)",1,-0.08
557,94,"(56, 1)",1,-0.08
557,95,"(57, 1)",1,-0.08
557,96,"(58, 1)",1,-0.08
557,97,"(59, 1)",1,-0.08
557,98,"(60, 1)",1,-0.08
557,99,"(61, 1)",1,-0.08
557,100,"(62, 1)",1,-0.08
557,101,"(63, 1)",1,-0.08
557,102,"(64, 1)",1,-0.08
557,103,"(65, 1)",1,-0.08
557,104,"(66, 1)",1,-0.08
557,105,"(67, 1)",1,-0.08
557,106,"(68, 1)",1,-0.08
557,107,"(69, 1)",1,-0.08
557,108,"(70, 1)",1,-0.08
557,109,"(71, 1)",2,-0.08
557,110,"(71, 2)",2,-0.08
557,111,"(71, 3)",1,-0.08
557,112,"(72, 3)",1,-0.08
557,113,"(73, 3)",0,-0.08
557,114,"(73, 2)",0,-0.08
557,115,"(73, 1)",1,-0.08
557,116,"(74, 1)",0,-0.08
557,117,"(74, 0)",1,-0.08
557,118,"(75, 0)",1,-0.08
557,119,"(76, 0)",1,-0.08
557,120,"(77, 0)",1,-0.08
557,121,"(78, 0)",1,8.33
558,0,"(0, 39)",1,-0.08
558,1,"(1, 39)",1,-0.08
558,2,"(2, 39)",1,-0.08
558,3,"(3, 39)",1,-0.08
558,4,"(4, 39)",1,-0.08
558,5,"(5, 39)",1,-0.08
558,6,"(6, 39)",1,-0.08
558,7,"(7, 39)",1,-0.08
558,8,"(8, 39)",1,-0.08
558,9,"(9, 39)",1,-0.08
558,10,"(10, 39)",1,-0.08
558,11,"(11, 39)",0,-0.08
558,12,"(11, 38)",0,-0.08
558,13,"(11, 37)",1,-0.08
558,14,"(12, 37)",1,-0.08
558,15,"(13, 37)",1,-0.08
558,16,"(14, 37)",1,-0.08
558,17,"(15, 37)",0,-0.08
558,18,"(15, 36)",0,-0.08
558,19,"(15, 35)",0,-0.08
558,20,"(15, 34)",0,-0.08
558,21,"(15, 33)",1,-0.08
558,22,"(16, 33)",1,-0.08
558,23,"(17, 33)",1,-0.08
558,24,"(18, 33)",1,-0.08
558,25,"(19, 33)",0,-0.08
558,26,"(19, 32)",0,-0.08
558,27,"(19, 31)",0,-0.08
558,28,"(19, 30)",0,-0.08
558,29,"(19, 29)",1,-0.08
558,30,"(20, 29)",0,-0.08
558,31,"(20, 28)",0,-0.08
558,32,"(20, 27)",1,-0.08
558,33,"(21, 27)",0,-0.08
558,34,"(21, 26)",0,-0.08
558,35,"(21, 25)",1,-0.08
558,36,"(22, 25)",1,-0.08
558,37,"(23, 25)",1,-0.08
558,38,"(24, 25)",1,-0.08
558,39,"(25, 25)",1,-0.08
558,40,"(26, 25)",1,-0.08
558,41,"(27, 25)",1,-0.08
558,42,"(28, 25)",1,-0.08
558,43,"(29, 25)",1,-0.08
558,44,"(30, 25)",1,-0.08
558,45,"(31, 25)",0,-0.08
558,46,"(31, 24)",0,-0.08
558,47,"(31, 23)",1,-0.08
558,48,"(32, 23)",1,-0.08
558,49,"(33, 23)",0,-0.08
558,50,"(33, 22)",0,-0.08
558,51,"(33, 21)",1,-0.08
558,52,"(34, 21)",1,-0.08
558,53,"(35, 21)",0,-0.08
558,54,"(35, 20)",0,-0.08
558,55,"(35, 19)",1,-0.08
558,56,"(36, 19)",1,-0.08
558,57,"(37, 19)",0,-0.08
558,58,"(37, 18)",0,-0.08
558,59,"(37, 17)",0,-0.08
558,60,"(37, 16)",0,-0.08
558,61,"(37, 15)",0,-0.08
558,62,"(37, 14)",0,-0.08
558,63,"(37, 13)",1,-0.08
558,64,"(38, 13)",1,-0.08
558,65,"(39, 13)",0,-0.08
558,66,"(39, 12)",0,-0.08
558,67,"(39, 11)",1,-0.08
558,68,"(40, 11)",1,-0.08
558,69,"(41, 11)",1,-0.08
558,70,"(42, 11)",1,-0.08
558,71,"(43, 11)",1,-0.08
558,72,"(44, 11)",1,-0.08
558,73,"(45, 11)",0,-0.08
558,74,"(45, 10)",0,-0.08
558,75,"(45, 9)",0,-0.08
558,76,"(45, 8)",1,-0.08
558,77,"(46, 8)",0,-0.08
558,78,"(46, 7)",0,-0.08
558,79,"(46, 6)",1,-0.08
558,80,"(47, 6)",1,-0.08
558,81,"(48, 6)",1,-0.08
558,82,"(49, 6)",0,-0.08
558,83,"(49, 5)",1,-0.08
558,84,"(50, 5)",1,-0.08
558,85,"(51, 5)",0,-0.08
558,86,"(51, 4)",0,-0.08
558,87,"(51, 3)",0,-0.08
558,88,"(51, 2)",1,-0.08
558,89,"(52, 2)",1,-0.08
558,90,"(53, 2)",0,-0.08
558,91,"(53, 1)",1,-0.08
558,92,"(54, 1)",1,-0.08
558,93,"(55, 1)",1,-0.08
558,94,"(56, 1)",1,-0.08
558,95,"(57, 1)",1,-0.08
558,96,"(58, 1)",1,-0.08
558,97,"(59, 1)",1,-0.08
558,98,"(60, 1)",1,-0.08
558,99,"(61, 1)",1,-0.08
558,100,"(62, 1)",1,-0.08
558,101,"(63, 1)",1,-0.08
558,102,"(64, 1)",1,-0.08
558,103,"(65, 1)",1,-0.08
558,104,"(66, 1)",1,-0.08
558,105,"(67, 1)",1,-0.08
558,106,"(68, 1)",1,-0.08
558,107,"(69, 1)",1,-0.08
558,108,"(70, 1)",1,-0.08
558,109,"(71, 1)",2,-0.08
558,110,"(71, 2)",2,-0.08
558,111,"(71, 3)",1,-0.08
558,112,"(72, 3)",1,-0.08
558,113,"(73, 3)",1,-0.08
558,114,"(74, 3)",1,-0.08
558,115,"(75, 3)",1,-0.08
558,116,"(76, 3)",1,-0.08
558,117,"(77, 3)",0,-0.08
558,118,"(77, 2)",0,-0.08
558,119,"(77, 1)",0,-0.08
558,120,"(77, 0)",1,-0.08
558,121,"(78, 0)",1,8.33
559,0,"(0, 39)",1,-0.08
559,1,"(1, 39)",1,-0.08
559,2,"(2, 39)",1,-0.08
559,3,"(3, 39)",1,-0.08
559,4,"(4, 39)",1,-0.08
559,5,"(5, 39)",1,-0.08
559,6,"(6, 39)",1,-0.08
559,7,"(7, 39)",1,-0.08
559,8,"(8, 39)",1,-0.08
559,9,"(9, 39)",1,-0.08
559,10,"(10, 39)",1,-0.08
559,11,"(11, 39)",0,-0.08
559,12,"(11, 38)",0,-0.08
559,13,"(11, 37)",1,-0.08
559,14,"(12, 37)",1,-0.08
559,15,"(13, 37)",1,-0.08
559,16,"(14, 37)",1,-0.08
559,17,"(15, 37)",1,-0.08
559,18,"(16, 37)",1,-0.08
559,19,"(17, 37)",0,-0.08
559,20,"(17, 36)",0,-0.08
559,21,"(17, 35)",0,-0.08
559,22,"(17, 34)",0,-0.08
559,23,"(17, 33)",1,-0.08
559,24,"(18, 33)",1,-0.08
559,25,"(19, 33)",0,-0.08
559,26,"(19, 32)",0,-0.08
559,27,"(19, 31)",0,-0.08
559,28,"(19, 30)",0,-0.08
559,29,"(19, 29)",1,-0.08
559,30,"(20, 29)",0,-0.08
559,31,"(20, 28)",0,-0.08
559,32,"(20, 27)",1,-0.08
559,33,"(21, 27)",0,-0.08
559,34,"(21, 26)",0,-0.08
559,35,"(21, 25)",1,-0.08
559,36,"(22, 25)",1,-0.08
559,37,"(23, 25)",1,-0.08
559,38,"(24, 25)",1,-0.08
559,39,"(25, 25)",0,-0.08
559,40,"(25, 24)",0,-0.08
559,41,"(25, 23)",0,-0.08
559,42,"(25, 22)",0,-0.08
559,43,"(25, 21)",0,-0.08
559,44,"(25, 20)",0,-0.08
559,45,"(25, 19)",1,-0.08
559,46,"(26, 19)",1,-0.08
559,47,"(27, 19)",0,-0.08
559,48,"(27, 18)",0,-0.08
559,49,"(27, 17)",0,-0.08
559,50,"(27, 16)",1,-0.08
559,51,"(28, 16)",1,-0.08
559,52,"(29, 16)",0,-0.08
559,53,"(29, 15)",1,-0.08
559,54,"(30, 15)",1,-0.08
559,55,"(31, 15)",0,-0.08
559,56,"(31, 14)",0,-0.08
559,57,"(31, 13)",1,-0.08
559,58,"(32, 13)",1,-0.08
559,59,"(33, 13)",1,-0.08
559,60,"(34, 13)",1,-0.08
559,61,"(35, 13)",1,-0.08
559,62,"(36, 13)",1,-0.08
559,63,"(37, 13)",1,-0.08
559,64,"(38, 13)",1,-0.08
559,65,"(39, 13)",0,-0.08
559,66,"(39, 12)",0,-0.08
559,67,"(39, 11)",1,-0.08
559,68,"(40, 11)",1,-0.08
559,69,"(41, 11)",1,-0.08
559,70,"(42, 11)",1,-0.08
559,71,"(43, 11)",1,-0.08
559,72,"(44, 11)",1,-0.08
559,73,"(45, 11)",0,-0.08
559,74,"(45, 10)",1,-0.08
559,75,"(46, 10)",0,-0.08
559,76,"(46, 9)",0,-0.08
559,77,"(46, 8)",0,-0.08
559,78,"(46, 7)",1,-0.08
559,79,"(47, 7)",0,-0.08
559,80,"(47, 6)",1,-0.08
559,81,"(48, 6)",1,-0.08
559,82,"(49, 6)",0,-0.08
559,83,"(49, 5)",1,-0.08
559,84,"(50, 5)",1,-0.08
559,85,"(51, 5)",0,-0.08
559,86,"(51, 4)",0,-0.08
559,87,"(51, 3)",0,-0.08
559,88,"(51, 2)",1,-0.08
559,89,"(52, 2)",0,-0.08
559,90,"(52, 1)",1,-0.08
559,91,"(53, 1)",1,-0.08
559,92,"(54, 1)",1,-0.08
559,93,"(55, 1)",1,-0.08
559,94,"(56, 1)",1,-0.08
559,95,"(57, 1)",1,-0.08
559,96,"(58, 1)",1,-0.08
559,97,"(59, 1)",1,-0.08
559,98,"(60, 1)",1,-0.08
559,99,"(61, 1)",1,-0.08
559,100,"(62, 1)",1,-0.08
559,101,"(63, 1)",1,-0.08
559,102,"(64, 1)",1,-0.08
559,103,"(65, 1)",1,-0.08
559,104,"(66, 1)",1,-0.08
559,105,"(67, 1)",1,-0.08
559,106,"(68, 1)",1,-0.08
559,107,"(69, 1)",1,-0.08
559,108,"(70, 1)",1,-0.08
559,109,"(71, 1)",2,-0.08
559,110,"(71, 2)",2,-0.08
559,111,"(71, 3)",1,-0.08
559,112,"(72, 3)",1,-0.08
559,113,"(73, 3)",0,-0.08
559,114,"(73, 2)",0,-0.08
559,115,"(73, 1)",1,-0.08
559,116,"(74, 1)",1,-0.08
559,117,"(75, 1)",1,-0.08
559,118,"(76, 1)",1,-0.08
559,119,"(77, 1)",0,-0.08
559,120,"(77, 0)",1,-0.08
559,121,"(78, 0)",1,8.33
560,0,"(0, 39)",1,-0.08
560,1,"(1, 39)",1,-0.08
560,2,"(2, 39)",1,-0.08
560,3,"(3, 39)",1,-0.08
560,4,"(4, 39)",1,-0.08
560,5,"(5, 39)",1,-0.08
560,6,"(6, 39)",1,-0.08
560,7,"(7, 39)",1,-0.08
560,8,"(8, 39)",1,-0.08
560,9,"(9, 39)",1,-0.08
560,10,"(10, 39)",1,-0.08
560,11,"(11, 39)",0,-0.08
560,12,"(11, 38)",0,-0.08
560,13,"(11, 37)",1,-0.08
560,14,"(12, 37)",1,-0.08
560,15,"(13, 37)",1,-0.08
560,16,"(14, 37)",1,-0.08
560,17,"(15, 37)",0,-0.08
560,18,"(15, 36)",0,-0.08
560,19,"(15, 35)",0,-0.08
560,20,"(15, 34)",0,-0.08
560,21,"(15, 33)",1,-0.08
560,22,"(16, 33)",1,-0.08
560,23,"(17, 33)",1,-0.08
560,24,"(18, 33)",1,-0.08
560,25,"(19, 33)",0,-0.08
560,26,"(19, 32)",0,-0.08
560,27,"(19, 31)",0,-0.08
560,28,"(19, 30)",0,-0.08
560,29,"(19, 29)",1,-0.08
560,30,"(20, 29)",0,-0.08
560,31,"(20, 28)",0,-0.08
560,32,"(20, 27)",1,-0.08
560,33,"(21, 27)",0,-0.08
560,34,"(21, 26)",1,-0.08
560,35,"(22, 26)",1,-0.08
560,36,"(23, 26)",1,-0.08
560,37,"(24, 26)",1,-0.08
560,38,"(25, 26)",0,-0.08
560,39,"(25, 25)",1,-0.08
560,40,"(26, 25)",1,-0.08
560,41,"(27, 25)",1,-0.08
560,42,"(28, 25)",1,-0.08
560,43,"(29, 25)",1,-0.08
560,44,"(30, 25)",1,-0.08
560,45,"(31, 25)",0,-0.08
560,46,"(31, 24)",0,-0.08
560,47,"(31, 23)",1,-0.08
560,48,"(32, 23)",1,-0.08
560,49,"(33, 23)",0,-0.08
560,50,"(33, 22)",0,-0.08
560,51,"(33, 21)",1,-0.08
560,52,"(34, 21)",1,-0.08
560,53,"(35, 21)",0,-0.08
560,54,"(35, 20)",0,-0.08
560,55,"(35, 19)",0,-0.08
560,56,"(35, 18)",0,-0.08
560,57,"(35, 17)",1,-0.08
560,58,"(36, 17)",1,-0.08
560,59,"(37, 17)",1,-0.08
560,60,"(38, 17)",1,-0.08
560,61,"(39, 17)",0,-0.08
560,62,"(39, 16)",0,-0.08
560,63,"(39, 15)",1,-0.08
560,64,"(40, 15)",0,-0.08
560,65,"(40, 14)",1,-0.08
560,66,"(41, 14)",0,-0.08
560,67,"(41, 13)",0,-0.08
560,68,"(41, 12)",0,-0.08
560,69,"(41, 11)",1,-0.08
560,70,"(42, 11)",1,-0.08
560,71,"(43, 11)",1,-0.08
560,72,"(44, 11)",1,-0.08
560,73,"(45, 11)",0,-0.08
560,74,"(45, 10)",0,-0.08
560,75,"(45, 9)",0,-0.08
560,76,"(45, 8)",1,-0.08
560,77,"(46, 8)",0,-0.08
560,78,"(46, 7)",1,-0.08
560,79,"(47, 7)",0,-0.08
560,80,"(47, 6)",1,-0.08
560,81,"(48, 6)",1,-0.08
560,82,"(49, 6)",0,-0.08
560,83,"(49, 5)",1,-0.08
560,84,"(50, 5)",1,-0.08
560,85,"(51, 5)",1,-0.08
560,86,"(52, 5)",1,-0.08
560,87,"(53, 5)",0,-0.08
560,88,"(53, 4)",0,-0.08
560,89,"(53, 3)",0,-0.08
560,90,"(53, 2)",0,-0.08
560,91,"(53, 1)",1,-0.08
560,92,"(54, 1)",1,-0.08
560,93,"(55, 1)",1,-0.08
560,94,"(56, 1)",1,-0.08
560,95,"(57, 1)",1,-0.08
560,96,"(58, 1)",1,-0.08
560,97,"(59, 1)",1,-0.08
560,98,"(60, 1)",1,-0.08
560,99,"(61, 1)",1,-0.08
560,100,"(62, 1)",1,-0.08
560,101,"(63, 1)",1,-0.08
560,102,"(64, 1)",1,-0.08
560,103,"(65, 1)",1,-0.08
560,104,"(66, 1)",1,-0.08
560,105,"(67, 1)",1,-0.08
560,106,"(68, 1)",1,-0.08
560,107,"(69, 1)",1,-0.08
560,108,"(70, 1)",1,-0.08
560,109,"(71, 1)",2,-0.08
560,110,"(71, 2)",2,-0.08
560,111,"(71, 3)",1,-0.08
560,112,"(72, 3)",1,-0.08
560,113,"(73, 3)",0,-0.08
560,114,"(73, 2)",0,-0.08
560,115,"(73, 1)",0,-0.08
560,116,"(73, 0)",1,-0.08
560,117,"(74, 0)",1,-0.08
560,118,"(75, 0)",1,-0.08
560,119,"(76, 0)",1,-0.08
560,120,"(77, 0)",1,-0.08
560,121,"(78, 0)",1,8.33
561,0,"(0, 39)",1,-0.08
561,1,"(1, 39)",1,-0.08
561,2,"(2, 39)",1,-0.08
561,3,"(3, 39)",1,-0.08
561,4,"(4, 39)",1,-0.08
561,5,"(5, 39)",1,-0.08
561,6,"(6, 39)",1,-0.08
561,7,"(7, 39)",1,-0.08
561,8,"(8, 39)",1,-0.08
561,9,"(9, 39)",1,-0.08
561,10,"(10, 39)",1,-0.08
561,11,"(11, 39)",0,-0.08
561,12,"(11, 38)",0,-0.08
561,13,"(11, 37)",1,-0.08
561,14,"(12, 37)",1,-0.08
561,15,"(13, 37)",1,-0.08
561,16,"(14, 37)",1,-0.08
561,17,"(15, 37)",1,-0.08
561,18,"(16, 37)",1,-0.08
561,19,"(17, 37)",0,-0.08
561,20,"(17, 36)",0,-0.08
561,21,"(17, 35)",0,-0.08
561,22,"(17, 34)",0,-0.08
561,23,"(17, 33)",1,-0.08
561,24,"(18, 33)",1,-0.08
561,25,"(19, 33)",0,-0.08
561,26,"(19, 32)",0,-0.08
561,27,"(19, 31)",0,-0.08
561,28,"(19, 30)",0,-0.08
561,29,"(19, 29)",1,-0.08
561,30,"(20, 29)",0,-0.08
561,31,"(20, 28)",0,-0.08
561,32,"(20, 27)",1,-0.08
561,33,"(21, 27)",0,-0.08
561,34,"(21, 26)",1,-0.08
561,35,"(22, 26)",0,-0.08
561,36,"(22, 25)",0,-0.08
561,37,"(22, 24)",0,-0.08
561,38,"(22, 23)",1,-0.08
561,39,"(23, 23)",1,-0.08
561,40,"(24, 23)",1,-0.08
561,41,"(25, 23)",0,-0.08
561,42,"(25, 22)",0,-0.08
561,43,"(25, 21)",0,-0.08
561,44,"(25, 20)",0,-0.08
561,45,"(25, 19)",0,-0.08
561,46,"(25, 18)",1,-0.08
561,47,"(26, 18)",1,-0.08
561,48,"(27, 18)",0,-0.08
561,49,"(27, 17)",0,-0.08
561,50,"(27, 16)",1,-0.08
561,51,"(28, 16)",1,-0.08
561,52,"(29, 16)",0,-0.08
561,53,"(29, 15)",1,-0.08
561,54,"(30, 15)",1,-0.08
561,55,"(31, 15)",0,-0.08
561,56,"(31, 14)",0,-0.08
561,57,"(31, 13)",1,-0.08
561,58,"(32, 13)",1,-0.08
561,59,"(33, 13)",1,-0.08
561,60,"(34, 13)",1,-0.08
561,61,"(35, 13)",1,-0.08
561,62,"(36, 13)",1,-0.08
561,63,"(37, 13)",1,-0.08
561,64,"(38, 13)",1,-0.08
561,65,"(39, 13)",0,-0.08
561,66,"(39, 12)",0,-0.08
561,67,"(39, 11)",1,-0.08
561,68,"(40, 11)",1,-0.08
561,69,"(41, 11)",1,-0.08
561,70,"(42, 11)",1,-0.08
561,71,"(43, 11)",1,-0.08
561,72,"(44, 11)",1,-0.08
561,73,"(45, 11)",0,-0.08
561,74,"(45, 10)",1,-0.08
561,75,"(46, 10)",0,-0.08
561,76,"(46, 9)",0,-0.08
561,77,"(46, 8)",0,-0.08
561,78,"(46, 7)",0,-0.08
561,79,"(46, 6)",1,-0.08
561,80,"(47, 6)",1,-0.08
561,81,"(48, 6)",1,-0.08
561,82,"(49, 6)",0,-0.08
561,83,"(49, 5)",1,-0.08
561,84,"(50, 5)",1,-0.08
561,85,"(51, 5)",1,-0.08
561,86,"(52, 5)",1,-0.08
561,87,"(53, 5)",0,-0.08
561,88,"(53, 4)",0,-0.08
561,89,"(53, 3)",0,-0.08
561,90,"(53, 2)",0,-0.08
561,91,"(53, 1)",1,-0.08
561,92,"(54, 1)",1,-0.08
561,93,"(55, 1)",1,-0.08
561,94,"(56, 1)",1,-0.08
561,95,"(57, 1)",1,-0.08
561,96,"(58, 1)",1,-0.08
561,97,"(59, 1)",1,-0.08
561,98,"(60, 1)",1,-0.08
561,99,"(61, 1)",1,-0.08
561,100,"(62, 1)",1,-0.08
561,101,"(63, 1)",1,-0.08
561,102,"(64, 1)",1,-0.08
561,103,"(65, 1)",1,-0.08
561,104,"(66, 1)",1,-0.08
561,105,"(67, 1)",1,-0.08
561,106,"(68, 1)",1,-0.08
561,107,"(69, 1)",1,-0.08
561,108,"(70, 1)",1,-0.08
561,109,"(71, 1)",2,-0.08
561,110,"(71, 2)",2,-0.08
561,111,"(71, 3)",1,-0.08
561,112,"(72, 3)",1,-0.08
561,113,"(73, 3)",0,-0.08
561,114,"(73, 2)",0,-0.08
561,115,"(73, 1)",1,-0.08
561,116,"(74, 1)",1,-0.08
561,117,"(75, 1)",1,-0.08
561,118,"(76, 1)",1,-0.08
561,119,"(77, 1)",0,-0.08
561,120,"(77, 0)",1,-0.08
561,121,"(78, 0)",1,8.33
562,0,"(0, 39)",1,-0.08
562,1,"(1, 39)",1,-0.08
562,2,"(2, 39)",1,-0.08
562,3,"(3, 39)",1,-0.08
562,4,"(4, 39)",1,-0.08
562,5,"(5, 39)",1,-0.08
562,6,"(6, 39)",1,-0.08
562,7,"(7, 39)",1,-0.08
562,8,"(8, 39)",1,-0.08
562,9,"(9, 39)",1,-0.08
562,10,"(10, 39)",0,-0.08
562,11,"(10, 38)",0,-0.08
562,12,"(10, 37)",1,-0.08
562,13,"(11, 37)",1,-0.08
562,14,"(12, 37)",1,-0.08
562,15,"(13, 37)",1,-0.08
562,16,"(14, 37)",1,-0.08
562,17,"(15, 37)",1,-0.08
562,18,"(16, 37)",1,-0.08
562,19,"(17, 37)",0,-0.08
562,20,"(17, 36)",0,-0.08
562,21,"(17, 35)",0,-0.08
562,22,"(17, 34)",1,-0.08
562,23,"(18, 34)",0,-0.08
562,24,"(18, 33)",1,-0.08
562,25,"(19, 33)",0,-0.08
562,26,"(19, 32)",0,-0.08
562,27,"(19, 31)",0,-0.08
562,28,"(19, 30)",0,-0.08
562,29,"(19, 29)",1,-0.08
562,30,"(20, 29)",0,-0.08
562,31,"(20, 28)",0,-0.08
562,32,"(20, 27)",1,-0.08
562,33,"(21, 27)",0,-0.08
562,34,"(21, 26)",1,-0.08
562,35,"(22, 26)",0,-0.08
562,36,"(22, 25)",1,-0.08
562,37,"(23, 25)",1,-0.08
562,38,"(24, 25)",1,-0.08
562,39,"(25, 25)",1,-0.08
562,40,"(26, 25)",1,-0.08
562,41,"(27, 25)",1,-0.08
562,42,"(28, 25)",1,-0.08
562,43,"(29, 25)",1,-0.08
562,44,"(30, 25)",1,-0.08
562,45,"(31, 25)",0,-0.08
562,46,"(31, 24)",0,-0.08
562,47,"(31, 23)",1,-0.08
562,48,"(32, 23)",1,-0.08
562,49,"(33, 23)",0,-0.08
562,50,"(33, 22)",0,-0.08
562,51,"(33, 21)",1,-0.08
562,52,"(34, 21)",1,-0.08
562,53,"(35, 21)",0,-0.08
562,54,"(35, 20)",0,-0.08
562,55,"(35, 19)",0,-0.08
562,56,"(35, 18)",0,-0.08
562,57,"(35, 17)",1,-0.08
562,58,"(36, 17)",1,-0.08
562,59,"(37, 17)",1,-0.08
562,60,"(38, 17)",1,-0.08
562,61,"(39, 17)",0,-0.08
562,62,"(39, 16)",0,-0.08
562,63,"(39, 15)",1,-0.08
562,64,"(40, 15)",1,-0.08
562,65,"(41, 15)",0,-0.08
562,66,"(41, 14)",0,-0.08
562,67,"(41, 13)",1,-0.08
562,68,"(42, 13)",1,-0.08
562,69,"(43, 13)",1,-0.08
562,70,"(44, 13)",1,-0.08
562,71,"(45, 13)",0,-0.08
562,72,"(45, 12)",0,-0.08
562,73,"(45, 11)",0,-0.08
562,74,"(45, 10)",1,-0.08
562,75,"(46, 10)",0,-0.08
562,76,"(46, 9)",0,-0.08
562,77,"(46, 8)",0,-0.08
562,78,"(46, 7)",1,-0.08
562,79,"(47, 7)",0,-0.08
562,80,"(47, 6)",1,-0.08
562,81,"(48, 6)",1,-0.08
562,82,"(49, 6)",0,-0.08
562,83,"(49, 5)",1,-0.08
562,84,"(50, 5)",1,-0.08
562,85,"(51, 5)",0,-0.08
562,86,"(51, 4)",0,-0.08
562,87,"(51, 3)",0,-0.08
562,88,"(51, 2)",1,-0.08
562,89,"(52, 2)",1,-0.08
562,90,"(53, 2)",0,-0.08
562,91,"(53, 1)",1,-0.08
562,92,"(54, 1)",1,-0.08
562,93,"(55, 1)",1,-0.08
562,94,"(56, 1)",1,-0.08
562,95,"(57, 1)",1,-0.08
562,96,"(58, 1)",1,-0.08
562,97,"(59, 1)",1,-0.08
562,98,"(60, 1)",1,-0.08
562,99,"(61, 1)",1,-0.08
562,100,"(62, 1)",1,-0.08
562,101,"(63, 1)",1,-0.08
562,102,"(64, 1)",1,-0.08
562,103,"(65, 1)",1,-0.08
562,104,"(66, 1)",1,-0.08
562,105,"(67, 1)",1,-0.08
562,106,"(68, 1)",1,-0.08
562,107,"(69, 1)",1,-0.08
562,108,"(70, 1)",1,-0.08
562,109,"(71, 1)",2,-0.08
562,110,"(71, 2)",2,-0.08
562,111,"(71, 3)",1,-0.08
562,112,"(72, 3)",1,-0.08
562,113,"(73, 3)",0,-0.08
562,114,"(73, 2)",0,-0.08
562,115,"(73, 1)",0,-0.08
562,116,"(73, 0)",1,-0.08
562,117,"(74, 0)",1,-0.08
562,118,"(75, 0)",1,-0.08
562,119,"(76, 0)",1,-0.08
562,120,"(77, 0)",1,-0.08
562,121,"(78, 0)",1,8.33
563,0,"(0, 39)",1,-0.08
563,1,"(1, 39)",1,-0.08
563,2,"(2, 39)",1,-0.08
563,3,"(3, 39)",1,-0.08
563,4,"(4, 39)",1,-0.08
563,5,"(5, 39)",1,-0.08
563,6,"(6, 39)",1,-0.08
563,7,"(7, 39)",1,-0.08
563,8,"(8, 39)",1,-0.08
563,9,"(9, 39)",1,-0.08
563,10,"(10, 39)",0,-0.08
563,11,"(10, 38)",1,-0.08
563,12,"(11, 38)",0,-0.08
563,13,"(11, 37)",1,-0.08
563,14,"(12, 37)",1,-0.08
563,15,"(13, 37)",1,-0.08
563,16,"(14, 37)",1,-0.08
563,17,"(15, 37)",1,-0.08
563,18,"(16, 37)",0,-0.08
563,19,"(16, 36)",1,-0.08
563,20,"(17, 36)",0,-0.08
563,21,"(17, 35)",1,-0.08
563,22,"(18, 35)",0,-0.08
563,23,"(18, 34)",1,-0.08
563,24,"(19, 34)",0,-0.08
563,25,"(19, 33)",0,-0.08
563,26,"(19, 32)",0,-0.08
563,27,"(19, 31)",0,-0.08
563,28,"(19, 30)",0,-0.08
563,29,"(19, 29)",1,-0.08
563,30,"(20, 29)",0,-0.08
563,31,"(20, 28)",0,-0.08
563,32,"(20, 27)",1,-0.08
563,33,"(21, 27)",0,-0.08
563,34,"(21, 26)",0,-0.08
563,35,"(21, 25)",1,-0.08
563,36,"(22, 25)",0,-0.08
563,37,"(22, 24)",0,-0.08
563,38,"(22, 23)",1,-0.08
563,39,"(23, 23)",1,-0.08
563,40,"(24, 23)",1,-0.08
563,41,"(25, 23)",0,-0.08
563,42,"(25, 22)",0,-0.08
563,43,"(25, 21)",0,-0.08
563,44,"(25, 20)",0,-0.08
563,45,"(25, 19)",1,-0.08
563,46,"(26, 19)",0,-0.08
563,47,"(26, 18)",1,-0.08
563,48,"(27, 18)",0,-0.08
563,49,"(27, 17)",1,-0.08
563,50,"(28, 17)",0,-0.08
563,51,"(28, 16)",1,-0.08
563,52,"(29, 16)",0,-0.08
563,53,"(29, 15)",1,-0.08
563,54,"(30, 15)",1,-0.08
563,55,"(31, 15)",1,-0.08
563,56,"(32, 15)",0,-0.08
563,57,"(32, 14)",0,-0.08
563,58,"(32, 13)",1,-0.08
563,59,"(33, 13)",1,-0.08
563,60,"(34, 13)",1,-0.08
563,61,"(35, 13)",1,-0.08
563,62,"(36, 13)",1,-0.08
563,63,"(37, 13)",1,-0.08
563,64,"(38, 13)",1,-0.08
563,65,"(39, 13)",1,-0.08
563,66,"(40, 13)",1,-0.08
563,67,"(41, 13)",1,-0.08
563,68,"(42, 13)",1,-0.08
563,69,"(43, 13)",0,-0.08
563,70,"(43, 12)",0,-0.08
563,71,"(43, 11)",1,-0.08
563,72,"(44, 11)",1,-0.08
563,73,"(45, 11)",0,-0.08
563,74,"(45, 10)",0,-0.08
563,75,"(45, 9)",1,-0.08
563,76,"(46, 9)",0,-0.08
563,77,"(46, 8)",0,-0.08
563,78,"(46, 7)",1,-0.08
563,79,"(47, 7)",0,-0.08
563,80,"(47, 6)",1,-0.08
563,81,"(48, 6)",1,-0.08
563,82,"(49, 6)",0,-0.08
563,83,"(49, 5)",1,-0.08
563,84,"(50, 5)",1,-0.08
563,85,"(51, 5)",1,-0.08
563,86,"(52, 5)",1,-0.08
563,87,"(53, 5)",0,-0.08
563,88,"(53, 4)",0,-0.08
563,89,"(53, 3)",1,-0.08
563,90,"(54, 3)",1,-0.08
563,91,"(55, 3)",1,-0.08
563,92,"(56, 3)",1,-0.08
563,93,"(57, 3)",0,-0.08
563,94,"(57, 2)",1,-0.08
563,95,"(58, 2)",0,-0.08
563,96,"(58, 1)",1,-0.08
563,97,"(59, 1)",1,-0.08
563,98,"(60, 1)",1,-0.08
563,99,"(61, 1)",1,-0.08
563,100,"(62, 1)",1,-0.08
563,101,"(63, 1)",1,-0.08
563,102,"(64, 1)",1,-0.08
563,103,"(65, 1)",1,-0.08
563,104,"(66, 1)",1,-0.08
563,105,"(67, 1)",1,-0.08
563,106,"(68, 1)",1,-0.08
563,107,"(69, 1)",1,-0.08
563,108,"(70, 1)",1,-0.08
563,109,"(71, 1)",2,-0.08
563,110,"(71, 2)",2,-0.08
563,111,"(71, 3)",1,-0.08
563,112,"(72, 3)",1,-0.08
563,113,"(73, 3)",1,-0.08
563,114,"(74, 3)",1,-0.08
563,115,"(75, 3)",1,-0.08
563,116,"(76, 3)",1,-0.08
563,117,"(77, 3)",0,-0.08
563,118,"(77, 2)",0,-0.08
563,119,"(77, 1)",1,-0.08
563,120,"(78, 1)",1,-0.08
563,121,"(79, 1)",0,8.33
564,0,"(0, 39)",1,-0.08
564,1,"(1, 39)",1,-0.08
564,2,"(2, 39)",1,-0.08
564,3,"(3, 39)",1,-0.08
564,4,"(4, 39)",1,-0.08
564,5,"(5, 39)",1,-0.08
564,6,"(6, 39)",1,-0.08
564,7,"(7, 39)",1,-0.08
564,8,"(8, 39)",1,-0.08
564,9,"(9, 39)",1,-0.08
564,10,"(10, 39)",0,-0.08
564,11,"(10, 38)",1,-0.08
564,12,"(11, 38)",0,-0.08
564,13,"(11, 37)",1,-0.08
564,14,"(12, 37)",1,-0.08
564,15,"(13, 37)",1,-0.08
564,16,"(14, 37)",1,-0.08
564,17,"(15, 37)",0,-0.08
564,18,"(15, 36)",1,-0.08
564,19,"(16, 36)",1,-0.08
564,20,"(17, 36)",0,-0.08
564,21,"(17, 35)",0,-0.08
564,22,"(17, 34)",0,-0.08
564,23,"(17, 33)",1,-0.08
564,24,"(18, 33)",1,-0.08
564,25,"(19, 33)",0,-0.08
564,26,"(19, 32)",0,-0.08
564,27,"(19, 31)",0,-0.08
564,28,"(19, 30)",0,-0.08
564,29,"(19, 29)",1,-0.08
564,30,"(20, 29)",0,-0.08
564,31,"(20, 28)",0,-0.08
564,32,"(20, 27)",1,-0.08
564,33,"(21, 27)",0,-0.08
564,34,"(21, 26)",0,-0.08
564,35,"(21, 25)",1,-0.08
564,36,"(22, 25)",0,-0.08
564,37,"(22, 24)",0,-0.08
564,38,"(22, 23)",1,-0.08
564,39,"(23, 23)",1,-0.08
564,40,"(24, 23)",1,-0.08
564,41,"(25, 23)",0,-0.08
564,42,"(25, 22)",0,-0.08
564,43,"(25, 21)",0,-0.08
564,44,"(25, 20)",0,-0.08
564,45,"(25, 19)",1,-0.08
564,46,"(26, 19)",1,-0.08
564,47,"(27, 19)",0,-0.08
564,48,"(27, 18)",0,-0.08
564,49,"(27, 17)",0,-0.08
564,50,"(27, 16)",1,-0.08
564,51,"(28, 16)",1,-0.08
564,52,"(29, 16)",0,-0.08
564,53,"(29, 15)",1,-0.08
564,54,"(30, 15)",1,-0.08
564,55,"(31, 15)",1,-0.08
564,56,"(32, 15)",0,-0.08
564,57,"(32, 14)",0,-0.08
564,58,"(32, 13)",1,-0.08
564,59,"(33, 13)",1,-0.08
564,60,"(34, 13)",1,-0.08
564,61,"(35, 13)",1,-0.08
564,62,"(36, 13)",1,-0.08
564,63,"(37, 13)",1,-0.08
564,64,"(38, 13)",1,-0.08
564,65,"(39, 13)",0,-0.08
564,66,"(39, 12)",0,-0.08
564,67,"(39, 11)",1,-0.08
564,68,"(40, 11)",1,-0.08
564,69,"(41, 11)",1,-0.08
564,70,"(42, 11)",1,-0.08
564,71,"(43, 11)",1,-0.08
564,72,"(44, 11)",1,-0.08
564,73,"(45, 11)",0,-0.08
564,74,"(45, 10)",0,-0.08
564,75,"(45, 9)",1,-0.08
564,76,"(46, 9)",0,-0.08
564,77,"(46, 8)",0,-0.08
564,78,"(46, 7)",1,-0.08
564,79,"(47, 7)",0,-0.08
564,80,"(47, 6)",1,-0.08
564,81,"(48, 6)",1,-0.08
564,82,"(49, 6)",0,-0.08
564,83,"(49, 5)",1,-0.08
564,84,"(50, 5)",1,-0.08
564,85,"(51, 5)",1,-0.08
564,86,"(52, 5)",1,-0.08
564,87,"(53, 5)",0,-0.08
564,88,"(53, 4)",0,-0.08
564,89,"(53, 3)",0,-0.08
564,90,"(53, 2)",0,-0.08
564,91,"(53, 1)",1,-0.08
564,92,"(54, 1)",1,-0.08
564,93,"(55, 1)",1,-0.08
564,94,"(56, 1)",1,-0.08
564,95,"(57, 1)",1,-0.08
564,96,"(58, 1)",1,-0.08
564,97,"(59, 1)",1,-0.08
564,98,"(60, 1)",1,-0.08
564,99,"(61, 1)",1,-0.08
564,100,"(62, 1)",1,-0.08
564,101,"(63, 1)",1,-0.08
564,102,"(64, 1)",1,-0.08
564,103,"(65, 1)",1,-0.08
564,104,"(66, 1)",1,-0.08
564,105,"(67, 1)",1,-0.08
564,106,"(68, 1)",1,-0.08
564,107,"(69, 1)",1,-0.08
564,108,"(70, 1)",1,-0.08
564,109,"(71, 1)",2,-0.08
564,110,"(71, 2)",2,-0.08
564,111,"(71, 3)",1,-0.08
564,112,"(72, 3)",1,-0.08
564,113,"(73, 3)",0,-0.08
564,114,"(73, 2)",0,-0.08
564,115,"(73, 1)",0,-0.08
564,116,"(73, 0)",1,-0.08
564,117,"(74, 0)",1,-0.08
564,118,"(75, 0)",1,-0.08
564,119,"(76, 0)",1,-0.08
564,120,"(77, 0)",1,-0.08
564,121,"(78, 0)",1,8.33
565,0,"(0, 39)",1,-0.08
565,1,"(1, 39)",1,-0.08
565,2,"(2, 39)",1,-0.08
565,3,"(3, 39)",1,-0.08
565,4,"(4, 39)",1,-0.08
565,5,"(5, 39)",1,-0.08
565,6,"(6, 39)",1,-0.08
565,7,"(7, 39)",1,-0.08
565,8,"(8, 39)",1,-0.08
565,9,"(9, 39)",1,-0.08
565,10,"(10, 39)",0,-0.08
565,11,"(10, 38)",1,-0.08
565,12,"(11, 38)",0,-0.08
565,13,"(11, 37)",1,-0.08
565,14,"(12, 37)",1,-0.08
565,15,"(13, 37)",1,-0.08
565,16,"(14, 37)",1,-0.08
565,17,"(15, 37)",1,-0.08
565,18,"(16, 37)",0,-0.08
565,19,"(16, 36)",1,-0.08
565,20,"(17, 36)",0,-0.08
565,21,"(17, 35)",1,-0.08
565,22,"(18, 35)",1,-0.08
565,23,"(19, 35)",0,-0.08
565,24,"(19, 34)",0,-0.08
565,25,"(19, 33)",0,-0.08
565,26,"(19, 32)",0,-0.08
565,27,"(19, 31)",0,-0.08
565,28,"(19, 30)",0,-0.08
565,29,"(19, 29)",1,-0.08
565,30,"(20, 29)",0,-0.08
565,31,"(20, 28)",0,-0.08
565,32,"(20, 27)",1,-0.08
565,33,"(21, 27)",0,-0.08
565,34,"(21, 26)",0,-0.08
565,35,"(21, 25)",1,-0.08
565,36,"(22, 25)",1,-0.08
565,37,"(23, 25)",1,-0.08
565,38,"(24, 25)",1,-0.08
565,39,"(25, 25)",1,-0.08
565,40,"(26, 25)",1,-0.08
565,41,"(27, 25)",1,-0.08
565,42,"(28, 25)",1,-0.08
565,43,"(29, 25)",1,-0.08
565,44,"(30, 25)",1,-0.08
565,45,"(31, 25)",0,-0.08
565,46,"(31, 24)",0,-0.08
565,47,"(31, 23)",1,-0.08
565,48,"(32, 23)",1,-0.08
565,49,"(33, 23)",0,-0.08
565,50,"(33, 22)",0,-0.08
565,51,"(33, 21)",1,-0.08
565,52,"(34, 21)",1,-0.08
565,53,"(35, 21)",0,-0.08
565,54,"(35, 20)",0,-0.08
565,55,"(35, 19)",1,-0.08
565,56,"(36, 19)",1,-0.08
565,57,"(37, 19)",0,-0.08
565,58,"(37, 18)",0,-0.08
565,59,"(37, 17)",0,-0.08
565,60,"(37, 16)",0,-0.08
565,61,"(37, 15)",0,-0.08
565,62,"(37, 14)",0,-0.08
565,63,"(37, 13)",1,-0.08
565,64,"(38, 13)",1,-0.08
565,65,"(39, 13)",1,-0.08
565,66,"(40, 13)",1,-0.08
565,67,"(41, 13)",1,-0.08
565,68,"(42, 13)",1,-0.08
565,69,"(43, 13)",1,-0.08
565,70,"(44, 13)",1,-0.08
565,71,"(45, 13)",0,-0.08
565,72,"(45, 12)",0,-0.08
565,73,"(45, 11)",0,-0.08
565,74,"(45, 10)",0,-0.08
565,75,"(45, 9)",1,-0.08
565,76,"(46, 9)",0,-0.08
565,77,"(46, 8)",0,-0.08
565,78,"(46, 7)",0,-0.08
565,79,"(46, 6)",1,-0.08
565,80,"(47, 6)",1,-0.08
565,81,"(48, 6)",1,-0.08
565,82,"(49, 6)",0,-0.08
565,83,"(49, 5)",1,-0.08
565,84,"(50, 5)",1,-0.08
565,85,"(51, 5)",1,-0.08
565,86,"(52, 5)",1,-0.08
565,87,"(53, 5)",0,-0.08
565,88,"(53, 4)",0,-0.08
565,89,"(53, 3)",1,-0.08
565,90,"(54, 3)",1,-0.08
565,91,"(55, 3)",1,-0.08
565,92,"(56, 3)",0,-0.08
565,93,"(56, 2)",1,-0.08
565,94,"(57, 2)",1,-0.08
565,95,"(58, 2)",1,-0.08
565,96,"(59, 2)",0,-0.08
565,97,"(59, 1)",1,-0.08
565,98,"(60, 1)",1,-0.08
565,99,"(61, 1)",1,-0.08
565,100,"(62, 1)",1,-0.08
565,101,"(63, 1)",1,-0.08
565,102,"(64, 1)",1,-0.08
565,103,"(65, 1)",1,-0.08
565,104,"(66, 1)",1,-0.08
565,105,"(67, 1)",1,-0.08
565,106,"(68, 1)",1,-0.08
565,107,"(69, 1)",1,-0.08
565,108,"(70, 1)",1,-0.08
565,109,"(71, 1)",2,-0.08
565,110,"(71, 2)",2,-0.08
565,111,"(71, 3)",1,-0.08
565,112,"(72, 3)",1,-0.08
565,113,"(73, 3)",0,-0.08
565,114,"(73, 2)",0,-0.08
565,115,"(73, 1)",1,-0.08
565,116,"(74, 1)",0,-0.08
565,117,"(74, 0)",1,-0.08
565,118,"(75, 0)",1,-0.08
565,119,"(76, 0)",1,-0.08
565,120,"(77, 0)",1,-0.08
565,121,"(78, 0)",1,8.33
566,0,"(0, 39)",1,-0.08
566,1,"(1, 39)",1,-0.08
566,2,"(2, 39)",1,-0.08
566,3,"(3, 39)",1,-0.08
566,4,"(4, 39)",1,-0.08
566,5,"(5, 39)",1,-0.08
566,6,"(6, 39)",1,-0.08
566,7,"(7, 39)",1,-0.08
566,8,"(8, 39)",1,-0.08
566,9,"(9, 39)",1,-0.08
566,10,"(10, 39)",0,-0.08
566,11,"(10, 38)",0,-0.08
566,12,"(10, 37)",1,-0.08
566,13,"(11, 37)",1,-0.08
566,14,"(12, 37)",1,-0.08
566,15,"(13, 37)",1,-0.08
566,16,"(14, 37)",1,-0.08
566,17,"(15, 37)",1,-0.08
566,18,"(16, 37)",1,-0.08
566,19,"(17, 37)",0,-0.08
566,20,"(17, 36)",0,-0.08
566,21,"(17, 35)",0,-0.08
566,22,"(17, 34)",1,-0.08
566,23,"(18, 34)",0,-0.08
566,24,"(18, 33)",1,-0.08
566,25,"(19, 33)",0,-0.08
566,26,"(19, 32)",0,-0.08
566,27,"(19, 31)",0,-0.08
566,28,"(19, 30)",0,-0.08
566,29,"(19, 29)",1,-0.08
566,30,"(20, 29)",0,-0.08
566,31,"(20, 28)",0,-0.08
566,32,"(20, 27)",1,-0.08
566,33,"(21, 27)",0,-0.08
566,34,"(21, 26)",0,-0.08
566,35,"(21, 25)",1,-0.08
566,36,"(22, 25)",0,-0.08
566,37,"(22, 24)",0,-0.08
566,38,"(22, 23)",1,-0.08
566,39,"(23, 23)",1,-0.08
566,40,"(24, 23)",1,-0.08
566,41,"(25, 23)",0,-0.08
566,42,"(25, 22)",0,-0.08
566,43,"(25, 21)",0,-0.08
566,44,"(25, 20)",0,-0.08
566,45,"(25, 19)",1,-0.08
566,46,"(26, 19)",0,-0.08
566,47,"(26, 18)",1,-0.08
566,48,"(27, 18)",0,-0.08
566,49,"(27, 17)",1,-0.08
566,50,"(28, 17)",1,-0.08
566,51,"(29, 17)",0,-0.08
566,52,"(29, 16)",0,-0.08
566,53,"(29, 15)",1,-0.08
566,54,"(30, 15)",1,-0.08
566,55,"(31, 15)",0,-0.08
566,56,"(31, 14)",0,-0.08
566,57,"(31, 13)",1,-0.08
566,58,"(32, 13)",1,-0.08
566,59,"(33, 13)",1,-0.08
566,60,"(34, 13)",1,-0.08
566,61,"(35, 13)",1,-0.08
566,62,"(36, 13)",1,-0.08
566,63,"(37, 13)",1,-0.08
566,64,"(38, 13)",1,-0.08
566,65,"(39, 13)",0,-0.08
566,66,"(39, 12)",0,-0.08
566,67,"(39, 11)",1,-0.08
566,68,"(40, 11)",1,-0.08
566,69,"(41, 11)",1,-0.08
566,70,"(42, 11)",1,-0.08
566,71,"(43, 11)",1,-0.08
566,72,"(44, 11)",1,-0.08
566,73,"(45, 11)",0,-0.08
566,74,"(45, 10)",0,-0.08
566,75,"(45, 9)",0,-0.08
566,76,"(45, 8)",0,-0.08
566,77,"(45, 7)",1,-0.08
566,78,"(46, 7)",1,-0.08
566,79,"(47, 7)",0,-0.08
566,80,"(47, 6)",1,-0.08
566,81,"(48, 6)",1,-0.08
566,82,"(49, 6)",0,-0.08
566,83,"(49, 5)",1,-0.08
566,84,"(50, 5)",1,-0.08
566,85,"(51, 5)",0,-0.08
566,86,"(51, 4)",0,-0.08
566,87,"(51, 3)",0,-0.08
566,88,"(51, 2)",0,-0.08
566,89,"(51, 1)",1,-0.08
566,90,"(52, 1)",1,-0.08
566,91,"(53, 1)",1,-0.08
566,92,"(54, 1)",1,-0.08
566,93,"(55, 1)",1,-0.08
566,94,"(56, 1)",1,-0.08
566,95,"(57, 1)",1,-0.08
566,96,"(58, 1)",1,-0.08
566,97,"(59, 1)",1,-0.08
566,98,"(60, 1)",1,-0.08
566,99,"(61, 1)",1,-0.08
566,100,"(62, 1)",1,-0.08
566,101,"(63, 1)",1,-0.08
566,102,"(64, 1)",1,-0.08
566,103,"(65, 1)",1,-0.08
566,104,"(66, 1)",1,-0.08
566,105,"(67, 1)",1,-0.08
566,106,"(68, 1)",1,-0.08
566,107,"(69, 1)",1,-0.08
566,108,"(70, 1)",1,-0.08
566,109,"(71, 1)",2,-0.08
566,110,"(71, 2)",2,-0.08
566,111,"(71, 3)",1,-0.08
566,112,"(72, 3)",1,-0.08
566,113,"(73, 3)",0,-0.08
566,114,"(73, 2)",0,-0.08
566,115,"(73, 1)",1,-0.08
566,116,"(74, 1)",0,-0.08
566,117,"(74, 0)",1,-0.08
566,118,"(75, 0)",1,-0.08
566,119,"(76, 0)",1,-0.08
566,120,"(77, 0)",1,-0.08
566,121,"(78, 0)",1,8.33
567,0,"(0, 39)",1,-0.08
567,1,"(1, 39)",1,-0.08
567,2,"(2, 39)",1,-0.08
567,3,"(3, 39)",1,-0.08
567,4,"(4, 39)",1,-0.08
567,5,"(5, 39)",1,-0.08
567,6,"(6, 39)",1,-0.08
567,7,"(7, 39)",1,-0.08
567,8,"(8, 39)",1,-0.08
567,9,"(9, 39)",1,-0.08
567,10,"(10, 39)",1,-0.08
567,11,"(11, 39)",1,-0.08
567,12,"(12, 39)",1,-0.08
567,13,"(13, 39)",1,-0.08
567,14,"(14, 39)",0,-0.08
567,15,"(14, 38)",0,-0.08
567,16,"(14, 37)",1,-0.08
567,17,"(15, 37)",0,-0.08
567,18,"(15, 36)",1,-0.08
567,19,"(16, 36)",1,-0.08
567,20,"(17, 36)",0,-0.08
567,21,"(17, 35)",1,-0.08
567,22,"(18, 35)",0,-0.08
567,23,"(18, 34)",0,-0.08
567,24,"(18, 33)",1,-0.08
567,25,"(19, 33)",0,-0.08
567,26,"(19, 32)",0,-0.08
567,27,"(19, 31)",0,-0.08
567,28,"(19, 30)",0,-0.08
567,29,"(19, 29)",1,-0.08
567,30,"(20, 29)",0,-0.08
567,31,"(20, 28)",0,-0.08
567,32,"(20, 27)",1,-0.08
567,33,"(21, 27)",0,-0.08
567,34,"(21, 26)",0,-0.08
567,35,"(21, 25)",1,-0.08
567,36,"(22, 25)",0,-0.08
567,37,"(22, 24)",0,-0.08
567,38,"(22, 23)",1,-0.08
567,39,"(23, 23)",1,-0.08
567,40,"(24, 23)",1,-0.08
567,41,"(25, 23)",0,-0.08
567,42,"(25, 22)",0,-0.08
567,43,"(25, 21)",0,-0.08
567,44,"(25, 20)",0,-0.08
567,45,"(25, 19)",1,-0.08
567,46,"(26, 19)",0,-0.08
567,47,"(26, 18)",1,-0.08
567,48,"(27, 18)",0,-0.08
567,49,"(27, 17)",1,-0.08
567,50,"(28, 17)",0,-0.08
567,51,"(28, 16)",1,-0.08
567,52,"(29, 16)",0,-0.08
567,53,"(29, 15)",1,-0.08
567,54,"(30, 15)",1,-0.08
567,55,"(31, 15)",0,-0.08
567,56,"(31, 14)",1,-0.08
567,57,"(32, 14)",0,-0.08
567,58,"(32, 13)",1,-0.08
567,59,"(33, 13)",1,-0.08
567,60,"(34, 13)",1,-0.08
567,61,"(35, 13)",1,-0.08
567,62,"(36, 13)",1,-0.08
567,63,"(37, 13)",1,-0.08
567,64,"(38, 13)",1,-0.08
567,65,"(39, 13)",0,-0.08
567,66,"(39, 12)",0,-0.08
567,67,"(39, 11)",1,-0.08
567,68,"(40, 11)",1,-0.08
567,69,"(41, 11)",1,-0.08
567,70,"(42, 11)",1,-0.08
567,71,"(43, 11)",1,-0.08
567,72,"(44, 11)",1,-0.08
567,73,"(45, 11)",0,-0.08
567,74,"(45, 10)",1,-0.08
567,75,"(46, 10)",0,-0.08
567,76,"(46, 9)",0,-0.08
567,77,"(46, 8)",0,-0.08
567,78,"(46, 7)",0,-0.08
567,79,"(46, 6)",1,-0.08
567,80,"(47, 6)",1,-0.08
567,81,"(48, 6)",1,-0.08
567,82,"(49, 6)",0,-0.08
567,83,"(49, 5)",1,-0.08
567,84,"(50, 5)",1,-0.08
567,85,"(51, 5)",1,-0.08
567,86,"(52, 5)",1,-0.08
567,87,"(53, 5)",0,-0.08
567,88,"(53, 4)",0,-0.08
567,89,"(53, 3)",1,-0.08
567,90,"(54, 3)",1,-0.08
567,91,"(55, 3)",1,-0.08
567,92,"(56, 3)",1,-0.08
567,93,"(57, 3)",0,-0.08
567,94,"(57, 2)",0,-0.08
567,95,"(57, 1)",1,-0.08
567,96,"(58, 1)",1,-0.08
567,97,"(59, 1)",1,-0.08
567,98,"(60, 1)",1,-0.08
567,99,"(61, 1)",1,-0.08
567,100,"(62, 1)",1,-0.08
567,101,"(63, 1)",1,-0.08
567,102,"(64, 1)",1,-0.08
567,103,"(65, 1)",1,-0.08
567,104,"(66, 1)",1,-0.08
567,105,"(67, 1)",1,-0.08
567,106,"(68, 1)",1,-0.08
567,107,"(69, 1)",1,-0.08
567,108,"(70, 1)",1,-0.08
567,109,"(71, 1)",2,-0.08
567,110,"(71, 2)",2,-0.08
567,111,"(71, 3)",1,-0.08
567,112,"(72, 3)",1,-0.08
567,113,"(73, 3)",0,-0.08
567,114,"(73, 2)",0,-0.08
567,115,"(73, 1)",0,-0.08
567,116,"(73, 0)",1,-0.08
567,117,"(74, 0)",1,-0.08
567,118,"(75, 0)",1,-0.08
567,119,"(76, 0)",1,-0.08
567,120,"(77, 0)",1,-0.08
567,121,"(78, 0)",1,8.33
568,0,"(0, 39)",1,-0.08
568,1,"(1, 39)",1,-0.08
568,2,"(2, 39)",1,-0.08
568,3,"(3, 39)",1,-0.08
568,4,"(4, 39)",1,-0.08
568,5,"(5, 39)",1,-0.08
568,6,"(6, 39)",1,-0.08
568,7,"(7, 39)",1,-0.08
568,8,"(8, 39)",1,-0.08
568,9,"(9, 39)",1,-0.08
568,10,"(10, 39)",0,-0.08
568,11,"(10, 38)",1,-0.08
568,12,"(11, 38)",0,-0.08
568,13,"(11, 37)",1,-0.08
568,14,"(12, 37)",1,-0.08
568,15,"(13, 37)",1,-0.08
568,16,"(14, 37)",1,-0.08
568,17,"(15, 37)",0,-0.08
568,18,"(15, 36)",0,-0.08
568,19,"(15, 35)",0,-0.08
568,20,"(15, 34)",0,-0.08
568,21,"(15, 33)",1,-0.08
568,22,"(16, 33)",1,-0.08
568,23,"(17, 33)",1,-0.08
568,24,"(18, 33)",1,-0.08
568,25,"(19, 33)",0,-0.08
568,26,"(19, 32)",0,-0.08
568,27,"(19, 31)",0,-0.08
568,28,"(19, 30)",0,-0.08
568,29,"(19, 29)",1,-0.08
568,30,"(20, 29)",0,-0.08
568,31,"(20, 28)",0,-0.08
568,32,"(20, 27)",1,-0.08
568,33,"(21, 27)",0,-0.08
568,34,"(21, 26)",1,-0.08
568,35,"(22, 26)",0,-0.08
568,36,"(22, 25)",0,-0.08
568,37,"(22, 24)",0,-0.08
568,38,"(22, 23)",1,-0.08
568,39,"(23, 23)",1,-0.08
568,40,"(24, 23)",1,-0.08
568,41,"(25, 23)",0,-0.08
568,42,"(25, 22)",0,-0.08
568,43,"(25, 21)",0,-0.08
568,44,"(25, 20)",0,-0.08
568,45,"(25, 19)",0,-0.08
568,46,"(25, 18)",1,-0.08
568,47,"(26, 18)",1,-0.08
568,48,"(27, 18)",0,-0.08
568,49,"(27, 17)",1,-0.08
568,50,"(28, 17)",0,-0.08
568,51,"(28, 16)",1,-0.08
568,52,"(29, 16)",0,-0.08
568,53,"(29, 15)",1,-0.08
568,54,"(30, 15)",1,-0.08
568,55,"(31, 15)",1,-0.08
568,56,"(32, 15)",0,-0.08
568,57,"(32, 14)",0,-0.08
568,58,"(32, 13)",1,-0.08
568,59,"(33, 13)",1,-0.08
568,60,"(34, 13)",1,-0.08
568,61,"(35, 13)",1,-0.08
568,62,"(36, 13)",1,-0.08
568,63,"(37, 13)",1,-0.08
568,64,"(38, 13)",1,-0.08
568,65,"(39, 13)",1,-0.08
568,66,"(40, 13)",1,-0.08
568,67,"(41, 13)",1,-0.08
568,68,"(42, 13)",1,-0.08
568,69,"(43, 13)",1,-0.08
568,70,"(44, 13)",1,-0.08
568,71,"(45, 13)",0,-0.08
568,72,"(45, 12)",0,-0.08
568,73,"(45, 11)",0,-0.08
568,74,"(45, 10)",0,-0.08
568,75,"(45, 9)",0,-0.08
568,76,"(45, 8)",1,-0.08
568,77,"(46, 8)",0,-0.08
568,78,"(46, 7)",0,-0.08
568,79,"(46, 6)",1,-0.08
568,80,"(47, 6)",1,-0.08
568,81,"(48, 6)",1,-0.08
568,82,"(49, 6)",0,-0.08
568,83,"(49, 5)",1,-0.08
568,84,"(50, 5)",1,-0.08
568,85,"(51, 5)",1,-0.08
568,86,"(52, 5)",1,-0.08
568,87,"(53, 5)",0,-0.08
568,88,"(53, 4)",0,-0.08
568,89,"(53, 3)",0,-0.08
568,90,"(53, 2)",0,-0.08
568,91,"(53, 1)",1,-0.08
568,92,"(54, 1)",1,-0.08
568,93,"(55, 1)",1,-0.08
568,94,"(56, 1)",1,-0.08
568,95,"(57, 1)",1,-0.08
568,96,"(58, 1)",1,-0.08
568,97,"(59, 1)",1,-0.08
568,98,"(60, 1)",1,-0.08
568,99,"(61, 1)",1,-0.08
568,100,"(62, 1)",1,-0.08
568,101,"(63, 1)",1,-0.08
568,102,"(64, 1)",1,-0.08
568,103,"(65, 1)",1,-0.08
568,104,"(66, 1)",1,-0.08
568,105,"(67, 1)",1,-0.08
568,106,"(68, 1)",1,-0.08
568,107,"(69, 1)",1,-0.08
568,108,"(70, 1)",1,-0.08
568,109,"(71, 1)",2,-0.08
568,110,"(71, 2)",2,-0.08
568,111,"(71, 3)",1,-0.08
568,112,"(72, 3)",1,-0.08
568,113,"(73, 3)",0,-0.08
568,114,"(73, 2)",0,-0.08
568,115,"(73, 1)",0,-0.08
568,116,"(73, 0)",1,-0.08
568,117,"(74, 0)",1,-0.08
568,118,"(75, 0)",1,-0.08
568,119,"(76, 0)",1,-0.08
568,120,"(77, 0)",1,-0.08
568,121,"(78, 0)",1,8.33
569,0,"(0, 39)",1,-0.08
569,1,"(1, 39)",1,-0.08
569,2,"(2, 39)",1,-0.08
569,3,"(3, 39)",1,-0.08
569,4,"(4, 39)",1,-0.08
569,5,"(5, 39)",1,-0.08
569,6,"(6, 39)",1,-0.08
569,7,"(7, 39)",1,-0.08
569,8,"(8, 39)",1,-0.08
569,9,"(9, 39)",1,-0.08
569,10,"(10, 39)",1,-0.08
569,11,"(11, 39)",1,-0.08
569,12,"(12, 39)",1,-0.08
569,13,"(13, 39)",1,-0.08
569,14,"(14, 39)",0,-0.08
569,15,"(14, 38)",0,-0.08
569,16,"(14, 37)",1,-0.08
569,17,"(15, 37)",1,-0.08
569,18,"(16, 37)",1,-0.08
569,19,"(17, 37)",0,-0.08
569,20,"(17, 36)",0,-0.08
569,21,"(17, 35)",0,-0.08
569,22,"(17, 34)",0,-0.08
569,23,"(17, 33)",1,-0.08
569,24,"(18, 33)",1,-0.08
569,25,"(19, 33)",0,-0.08
569,26,"(19, 32)",0,-0.08
569,27,"(19, 31)",0,-0.08
569,28,"(19, 30)",0,-0.08
569,29,"(19, 29)",1,-0.08
569,30,"(20, 29)",0,-0.08
569,31,"(20, 28)",0,-0.08
569,32,"(20, 27)",1,-0.08
569,33,"(21, 27)",0,-0.08
569,34,"(21, 26)",1,-0.08
569,35,"(22, 26)",0,-0.08
569,36,"(22, 25)",0,-0.08
569,37,"(22, 24)",0,-0.08
569,38,"(22, 23)",1,-0.08
569,39,"(23, 23)",1,-0.08
569,40,"(24, 23)",1,-0.08
569,41,"(25, 23)",0,-0.08
569,42,"(25, 22)",0,-0.08
569,43,"(25, 21)",0,-0.08
569,44,"(25, 20)",0,-0.08
569,45,"(25, 19)",1,-0.08
569,46,"(26, 19)",1,-0.08
569,47,"(27, 19)",1,-0.08
569,48,"(28, 19)",1,-0.08
569,49,"(29, 19)",1,-0.08
569,50,"(30, 19)",1,-0.08
569,51,"(31, 19)",1,-0.08
569,52,"(32, 19)",1,-0.08
569,53,"(33, 19)",1,-0.08
569,54,"(34, 19)",1,-0.08
569,55,"(35, 19)",1,-0.08
569,56,"(36, 19)",1,-0.08
569,57,"(37, 19)",0,-0.08
569,58,"(37, 18)",0,-0.08
569,59,"(37, 17)",0,-0.08
569,60,"(37, 16)",0,-0.08
569,61,"(37, 15)",0,-0.08
569,62,"(37, 14)",1,-0.08
569,63,"(38, 14)",0,-0.08
569,64,"(38, 13)",1,-0.08
569,65,"(39, 13)",0,-0.08
569,66,"(39, 12)",0,-0.08
569,67,"(39, 11)",1,-0.08
569,68,"(40, 11)",1,-0.08
569,69,"(41, 11)",1,-0.08
569,70,"(42, 11)",1,-0.08
569,71,"(43, 11)",1,-0.08
569,72,"(44, 11)",1,-0.08
569,73,"(45, 11)",0,-0.08
569,74,"(45, 10)",0,-0.08
569,75,"(45, 9)",0,-0.08
569,76,"(45, 8)",1,-0.08
569,77,"(46, 8)",0,-0.08
569,78,"(46, 7)",0,-0.08
569,79,"(46, 6)",1,-0.08
569,80,"(47, 6)",1,-0.08
569,81,"(48, 6)",1,-0.08
569,82,"(49, 6)",0,-0.08
569,83,"(49, 5)",1,-0.08
569,84,"(50, 5)",1,-0.08
569,85,"(51, 5)",0,-0.08
569,86,"(51, 4)",0,-0.08
569,87,"(51, 3)",0,-0.08
569,88,"(51, 2)",1,-0.08
569,89,"(52, 2)",0,-0.08
569,90,"(52, 1)",1,-0.08
569,91,"(53, 1)",1,-0.08
569,92,"(54, 1)",1,-0.08
569,93,"(55, 1)",1,-0.08
569,94,"(56, 1)",1,-0.08
569,95,"(57, 1)",1,-0.08
569,96,"(58, 1)",1,-0.08
569,97,"(59, 1)",1,-0.08
569,98,"(60, 1)",1,-0.08
569,99,"(61, 1)",1,-0.08
569,100,"(62, 1)",1,-0.08
569,101,"(63, 1)",1,-0.08
569,102,"(64, 1)",1,-0.08
569,103,"(65, 1)",1,-0.08
569,104,"(66, 1)",1,-0.08
569,105,"(67, 1)",1,-0.08
569,106,"(68, 1)",1,-0.08
569,107,"(69, 1)",1,-0.08
569,108,"(70, 1)",1,-0.08
569,109,"(71, 1)",2,-0.08
569,110,"(71, 2)",2,-0.08
569,111,"(71, 3)",1,-0.08
569,112,"(72, 3)",1,-0.08
569,113,"(73, 3)",0,-0.08
569,114,"(73, 2)",0,-0.08
569,115,"(73, 1)",1,-0.08
569,116,"(74, 1)",0,-0.08
569,117,"(74, 0)",1,-0.08
569,118,"(75, 0)",1,-0.08
569,119,"(76, 0)",1,-0.08
569,120,"(77, 0)",1,-0.08
569,121,"(78, 0)",1,8.33
570,0,"(0, 39)",1,-0.08
570,1,"(1, 39)",1,-0.08
570,2,"(2, 39)",1,-0.08
570,3,"(3, 39)",1,-0.08
570,4,"(4, 39)",1,-0.08
570,5,"(5, 39)",1,-0.08
570,6,"(6, 39)",1,-0.08
570,7,"(7, 39)",1,-0.08
570,8,"(8, 39)",1,-0.08
570,9,"(9, 39)",1,-0.08
570,10,"(10, 39)",1,-0.08
570,11,"(11, 39)",0,-0.08
570,12,"(11, 38)",0,-0.08
570,13,"(11, 37)",1,-0.08
570,14,"(12, 37)",1,-0.08
570,15,"(13, 37)",1,-0.08
570,16,"(14, 37)",1,-0.08
570,17,"(15, 37)",0,-0.08
570,18,"(15, 36)",0,-0.08
570,19,"(15, 35)",0,-0.08
570,20,"(15, 34)",0,-0.08
570,21,"(15, 33)",1,-0.08
570,22,"(16, 33)",1,-0.08
570,23,"(17, 33)",1,-0.08
570,24,"(18, 33)",1,-0.08
570,25,"(19, 33)",0,-0.08
570,26,"(19, 32)",0,-0.08
570,27,"(19, 31)",0,-0.08
570,28,"(19, 30)",0,-0.08
570,29,"(19, 29)",1,-0.08
570,30,"(20, 29)",0,-0.08
570,31,"(20, 28)",0,-0.08
570,32,"(20, 27)",1,-0.08
570,33,"(21, 27)",0,-0.08
570,34,"(21, 26)",1,-0.08
570,35,"(22, 26)",1,-0.08
570,36,"(23, 26)",1,-0.08
570,37,"(24, 26)",0,-0.08
570,38,"(24, 25)",1,-0.08
570,39,"(25, 25)",1,-0.08
570,40,"(26, 25)",1,-0.08
570,41,"(27, 25)",1,-0.08
570,42,"(28, 25)",1,-0.08
570,43,"(29, 25)",1,-0.08
570,44,"(30, 25)",1,-0.08
570,45,"(31, 25)",0,-0.08
570,46,"(31, 24)",0,-0.08
570,47,"(31, 23)",1,-0.08
570,48,"(32, 23)",1,-0.08
570,49,"(33, 23)",0,-0.08
570,50,"(33, 22)",0,-0.08
570,51,"(33, 21)",1,-0.08
570,52,"(34, 21)",1,-0.08
570,53,"(35, 21)",0,-0.08
570,54,"(35, 20)",0,-0.08
570,55,"(35, 19)",0,-0.08
570,56,"(35, 18)",0,-0.08
570,57,"(35, 17)",0,-0.08
570,58,"(35, 16)",0,-0.08
570,59,"(35, 15)",0,-0.08
570,60,"(35, 14)",0,-0.08
570,61,"(35, 13)",1,-0.08
570,62,"(36, 13)",1,-0.08
570,63,"(37, 13)",1,-0.08
570,64,"(38, 13)",1,-0.08
570,65,"(39, 13)",0,-0.08
570,66,"(39, 12)",0,-0.08
570,67,"(39, 11)",1,-0.08
570,68,"(40, 11)",1,-0.08
570,69,"(41, 11)",1,-0.08
570,70,"(42, 11)",1,-0.08
570,71,"(43, 11)",1,-0.08
570,72,"(44, 11)",1,-0.08
570,73,"(45, 11)",0,-0.08
570,74,"(45, 10)",1,-0.08
570,75,"(46, 10)",0,-0.08
570,76,"(46, 9)",0,-0.08
570,77,"(46, 8)",0,-0.08
570,78,"(46, 7)",1,-0.08
570,79,"(47, 7)",0,-0.08
570,80,"(47, 6)",1,-0.08
570,81,"(48, 6)",1,-0.08
570,82,"(49, 6)",0,-0.08
570,83,"(49, 5)",1,-0.08
570,84,"(50, 5)",1,-0.08
570,85,"(51, 5)",0,-0.08
570,86,"(51, 4)",0,-0.08
570,87,"(51, 3)",0,-0.08
570,88,"(51, 2)",1,-0.08
570,89,"(52, 2)",0,-0.08
570,90,"(52, 1)",1,-0.08
570,91,"(53, 1)",1,-0.08
570,92,"(54, 1)",1,-0.08
570,93,"(55, 1)",1,-0.08
570,94,"(56, 1)",1,-0.08
570,95,"(57, 1)",1,-0.08
570,96,"(58, 1)",1,-0.08
570,97,"(59, 1)",1,-0.08
570,98,"(60, 1)",1,-0.08
570,99,"(61, 1)",1,-0.08
570,100,"(62, 1)",1,-0.08
570,101,"(63, 1)",1,-0.08
570,102,"(64, 1)",1,-0.08
570,103,"(65, 1)",1,-0.08
570,104,"(66, 1)",1,-0.08
570,105,"(67, 1)",1,-0.08
570,106,"(68, 1)",1,-0.08
570,107,"(69, 1)",1,-0.08
570,108,"(70, 1)",1,-0.08
570,109,"(71, 1)",2,-0.08
570,110,"(71, 2)",2,-0.08
570,111,"(71, 3)",1,-0.08
570,112,"(72, 3)",1,-0.08
570,113,"(73, 3)",0,-0.08
570,114,"(73, 2)",0,-0.08
570,115,"(73, 1)",1,-0.08
570,116,"(74, 1)",1,-0.08
570,117,"(75, 1)",0,-0.08
570,118,"(75, 0)",1,-0.08
570,119,"(76, 0)",1,-0.08
570,120,"(77, 0)",1,-0.08
570,121,"(78, 0)",1,8.33
571,0,"(0, 39)",1,-0.08
571,1,"(1, 39)",1,-0.08
571,2,"(2, 39)",1,-0.08
571,3,"(3, 39)",1,-0.08
571,4,"(4, 39)",1,-0.08
571,5,"(5, 39)",1,-0.08
571,6,"(6, 39)",1,-0.08
571,7,"(7, 39)",1,-0.08
571,8,"(8, 39)",1,-0.08
571,9,"(9, 39)",1,-0.08
571,10,"(10, 39)",1,-0.08
571,11,"(11, 39)",1,-0.08
571,12,"(12, 39)",1,-0.08
571,13,"(13, 39)",1,-0.08
571,14,"(14, 39)",0,-0.08
571,15,"(14, 38)",0,-0.08
571,16,"(14, 37)",1,-0.08
571,17,"(15, 37)",1,-0.08
571,18,"(16, 37)",0,-0.08
571,19,"(16, 36)",1,-0.08
571,20,"(17, 36)",0,-0.08
571,21,"(17, 35)",1,-0.08
571,22,"(18, 35)",0,-0.08
571,23,"(18, 34)",1,-0.08
571,24,"(19, 34)",0,-0.08
571,25,"(19, 33)",0,-0.08
571,26,"(19, 32)",0,-0.08
571,27,"(19, 31)",0,-0.08
571,28,"(19, 30)",0,-0.08
571,29,"(19, 29)",1,-0.08
571,30,"(20, 29)",0,-0.08
571,31,"(20, 28)",0,-0.08
571,32,"(20, 27)",1,-0.08
571,33,"(21, 27)",0,-0.08
571,34,"(21, 26)",1,-0.08
571,35,"(22, 26)",1,-0.08
571,36,"(23, 26)",1,-0.08
571,37,"(24, 26)",0,-0.08
571,38,"(24, 25)",1,-0.08
571,39,"(25, 25)",1,-0.08
571,40,"(26, 25)",1,-0.08
571,41,"(27, 25)",1,-0.08
571,42,"(28, 25)",1,-0.08
571,43,"(29, 25)",1,-0.08
571,44,"(30, 25)",1,-0.08
571,45,"(31, 25)",0,-0.08
571,46,"(31, 24)",0,-0.08
571,47,"(31, 23)",1,-0.08
571,48,"(32, 23)",1,-0.08
571,49,"(33, 23)",0,-0.08
571,50,"(33, 22)",0,-0.08
571,51,"(33, 21)",1,-0.08
571,52,"(34, 21)",1,-0.08
571,53,"(35, 21)",1,-0.08
571,54,"(36, 21)",1,-0.08
571,55,"(37, 21)",1,-0.08
571,56,"(38, 21)",1,-0.08
571,57,"(39, 21)",1,-0.08
571,58,"(40, 21)",1,-0.08
571,59,"(41, 21)",0,-0.08
571,60,"(41, 20)",1,-0.08
571,61,"(42, 20)",1,-0.08
571,62,"(43, 20)",0,-0.08
571,63,"(43, 19)",1,-0.08
571,64,"(44, 19)",0,-0.08
571,65,"(44, 18)",0,-0.08
571,66,"(44, 17)",0,-0.08
571,67,"(44, 16)",0,-0.08
571,68,"(44, 15)",1,-0.08
571,69,"(45, 15)",0,-0.08
571,70,"(45, 14)",0,-0.08
571,71,"(45, 13)",0,-0.08
571,72,"(45, 12)",0,-0.08
571,73,"(45, 11)",0,-0.08
571,74,"(45, 10)",1,-0.08
571,75,"(46, 10)",0,-0.08
571,76,"(46, 9)",0,-0.08
571,77,"(46, 8)",0,-0.08
571,78,"(46, 7)",0,-0.08
571,79,"(46, 6)",1,-0.08
571,80,"(47, 6)",1,-0.08
571,81,"(48, 6)",1,-0.08
571,82,"(49, 6)",0,-0.08
571,83,"(49, 5)",1,-0.08
571,84,"(50, 5)",1,-0.08
571,85,"(51, 5)",0,-0.08
571,86,"(51, 4)",0,-0.08
571,87,"(51, 3)",0,-0.08
571,88,"(51, 2)",1,-0.08
571,89,"(52, 2)",0,-0.08
571,90,"(52, 1)",1,-0.08
571,91,"(53, 1)",1,-0.08
571,92,"(54, 1)",1,-0.08
571,93,"(55, 1)",1,-0.08
571,94,"(56, 1)",1,-0.08
571,95,"(57, 1)",1,-0.08
571,96,"(58, 1)",1,-0.08
571,97,"(59, 1)",1,-0.08
571,98,"(60, 1)",1,-0.08
571,99,"(61, 1)",1,-0.08
571,100,"(62, 1)",1,-0.08
571,101,"(63, 1)",1,-0.08
571,102,"(64, 1)",1,-0.08
571,103,"(65, 1)",1,-0.08
571,104,"(66, 1)",1,-0.08
571,105,"(67, 1)",1,-0.08
571,106,"(68, 1)",1,-0.08
571,107,"(69, 1)",1,-0.08
571,108,"(70, 1)",1,-0.08
571,109,"(71, 1)",2,-0.08
571,110,"(71, 2)",2,-0.08
571,111,"(71, 3)",1,-0.08
571,112,"(72, 3)",1,-0.08
571,113,"(73, 3)",0,-0.08
571,114,"(73, 2)",0,-0.08
571,115,"(73, 1)",1,-0.08
571,116,"(74, 1)",1,-0.08
571,117,"(75, 1)",1,-0.08
571,118,"(76, 1)",1,-0.08
571,119,"(77, 1)",0,-0.08
571,120,"(77, 0)",1,-0.08
571,121,"(78, 0)",1,8.33
572,0,"(0, 39)",1,-0.08
572,1,"(1, 39)",1,-0.08
572,2,"(2, 39)",1,-0.08
572,3,"(3, 39)",1,-0.08
572,4,"(4, 39)",1,-0.08
572,5,"(5, 39)",1,-0.08
572,6,"(6, 39)",1,-0.08
572,7,"(7, 39)",1,-0.08
572,8,"(8, 39)",1,-0.08
572,9,"(9, 39)",1,-0.08
572,10,"(10, 39)",1,-0.08
572,11,"(11, 39)",1,-0.08
572,12,"(12, 39)",1,-0.08
572,13,"(13, 39)",1,-0.08
572,14,"(14, 39)",0,-0.08
572,15,"(14, 38)",0,-0.08
572,16,"(14, 37)",1,-0.08
572,17,"(15, 37)",0,-0.08
572,18,"(15, 36)",0,-0.08
572,19,"(15, 35)",0,-0.08
572,20,"(15, 34)",0,-0.08
572,21,"(15, 33)",1,-0.08
572,22,"(16, 33)",1,-0.08
572,23,"(17, 33)",1,-0.08
572,24,"(18, 33)",1,-0.08
572,25,"(19, 33)",0,-0.08
572,26,"(19, 32)",0,-0.08
572,27,"(19, 31)",0,-0.08
572,28,"(19, 30)",0,-0.08
572,29,"(19, 29)",1,-0.08
572,30,"(20, 29)",0,-0.08
572,31,"(20, 28)",0,-0.08
572,32,"(20, 27)",1,-0.08
572,33,"(21, 27)",0,-0.08
572,34,"(21, 26)",0,-0.08
572,35,"(21, 25)",1,-0.08
572,36,"(22, 25)",0,-0.08
572,37,"(22, 24)",0,-0.08
572,38,"(22, 23)",1,-0.08
572,39,"(23, 23)",1,-0.08
572,40,"(24, 23)",1,-0.08
572,41,"(25, 23)",0,-0.08
572,42,"(25, 22)",0,-0.08
572,43,"(25, 21)",0,-0.08
572,44,"(25, 20)",0,-0.08
572,45,"(25, 19)",0,-0.08
572,46,"(25, 18)",1,-0.08
572,47,"(26, 18)",1,-0.08
572,48,"(27, 18)",0,-0.08
572,49,"(27, 17)",1,-0.08
572,50,"(28, 17)",0,-0.08
572,51,"(28, 16)",1,-0.08
572,52,"(29, 16)",0,-0.08
572,53,"(29, 15)",1,-0.08
572,54,"(30, 15)",1,-0.08
572,55,"(31, 15)",1,-0.08
572,56,"(32, 15)",0,-0.08
572,57,"(32, 14)",0,-0.08
572,58,"(32, 13)",1,-0.08
572,59,"(33, 13)",1,-0.08
572,60,"(34, 13)",1,-0.08
572,61,"(35, 13)",1,-0.08
572,62,"(36, 13)",1,-0.08
572,63,"(37, 13)",1,-0.08
572,64,"(38, 13)",1,-0.08
572,65,"(39, 13)",0,-0.08
572,66,"(39, 12)",0,-0.08
572,67,"(39, 11)",1,-0.08
572,68,"(40, 11)",1,-0.08
572,69,"(41, 11)",1,-0.08
572,70,"(42, 11)",1,-0.08
572,71,"(43, 11)",1,-0.08
572,72,"(44, 11)",1,-0.08
572,73,"(45, 11)",0,-0.08
572,74,"(45, 10)",1,-0.08
572,75,"(46, 10)",0,-0.08
572,76,"(46, 9)",0,-0.08
572,77,"(46, 8)",0,-0.08
572,78,"(46, 7)",1,-0.08
572,79,"(47, 7)",0,-0.08
572,80,"(47, 6)",1,-0.08
572,81,"(48, 6)",1,-0.08
572,82,"(49, 6)",0,-0.08
572,83,"(49, 5)",1,-0.08
572,84,"(50, 5)",1,-0.08
572,85,"(51, 5)",1,-0.08
572,86,"(52, 5)",1,-0.08
572,87,"(53, 5)",0,-0.08
572,88,"(53, 4)",0,-0.08
572,89,"(53, 3)",1,-0.08
572,90,"(54, 3)",1,-0.08
572,91,"(55, 3)",1,-0.08
572,92,"(56, 3)",1,-0.08
572,93,"(57, 3)",0,-0.08
572,94,"(57, 2)",1,-0.08
572,95,"(58, 2)",1,-0.08
572,96,"(59, 2)",0,-0.08
572,97,"(59, 1)",1,-0.08
572,98,"(60, 1)",1,-0.08
572,99,"(61, 1)",1,-0.08
572,100,"(62, 1)",1,-0.08
572,101,"(63, 1)",1,-0.08
572,102,"(64, 1)",1,-0.08
572,103,"(65, 1)",1,-0.08
572,104,"(66, 1)",1,-0.08
572,105,"(67, 1)",1,-0.08
572,106,"(68, 1)",1,-0.08
572,107,"(69, 1)",1,-0.08
572,108,"(70, 1)",1,-0.08
572,109,"(71, 1)",2,-0.08
572,110,"(71, 2)",2,-0.08
572,111,"(71, 3)",1,-0.08
572,112,"(72, 3)",1,-0.08
572,113,"(73, 3)",0,-0.08
572,114,"(73, 2)",0,-0.08
572,115,"(73, 1)",0,-0.08
572,116,"(73, 0)",1,-0.08
572,117,"(74, 0)",1,-0.08
572,118,"(75, 0)",1,-0.08
572,119,"(76, 0)",1,-0.08
572,120,"(77, 0)",1,-0.08
572,121,"(78, 0)",1,8.33
573,0,"(0, 39)",1,-0.08
573,1,"(1, 39)",1,-0.08
573,2,"(2, 39)",1,-0.08
573,3,"(3, 39)",1,-0.08
573,4,"(4, 39)",1,-0.08
573,5,"(5, 39)",1,-0.08
573,6,"(6, 39)",1,-0.08
573,7,"(7, 39)",1,-0.08
573,8,"(8, 39)",1,-0.08
573,9,"(9, 39)",1,-0.08
573,10,"(10, 39)",1,-0.08
573,11,"(11, 39)",0,-0.08
573,12,"(11, 38)",0,-0.08
573,13,"(11, 37)",1,-0.08
573,14,"(12, 37)",1,-0.08
573,15,"(13, 37)",1,-0.08
573,16,"(14, 37)",1,-0.08
573,17,"(15, 37)",0,-0.08
573,18,"(15, 36)",1,-0.08
573,19,"(16, 36)",1,-0.08
573,20,"(17, 36)",0,-0.08
573,21,"(17, 35)",0,-0.08
573,22,"(17, 34)",0,-0.08
573,23,"(17, 33)",1,-0.08
573,24,"(18, 33)",1,-0.08
573,25,"(19, 33)",0,-0.08
573,26,"(19, 32)",0,-0.08
573,27,"(19, 31)",0,-0.08
573,28,"(19, 30)",0,-0.08
573,29,"(19, 29)",1,-0.08
573,30,"(20, 29)",0,-0.08
573,31,"(20, 28)",0,-0.08
573,32,"(20, 27)",1,-0.08
573,33,"(21, 27)",0,-0.08
573,34,"(21, 26)",1,-0.08
573,35,"(22, 26)",0,-0.08
573,36,"(22, 25)",0,-0.08
573,37,"(22, 24)",0,-0.08
573,38,"(22, 23)",1,-0.08
573,39,"(23, 23)",1,-0.08
573,40,"(24, 23)",1,-0.08
573,41,"(25, 23)",0,-0.08
573,42,"(25, 22)",0,-0.08
573,43,"(25, 21)",1,-0.08
573,44,"(26, 21)",1,-0.08
573,45,"(27, 21)",0,-0.08
573,46,"(27, 20)",0,-0.08
573,47,"(27, 19)",0,-0.08
573,48,"(27, 18)",0,-0.08
573,49,"(27, 17)",1,-0.08
573,50,"(28, 17)",1,-0.08
573,51,"(29, 17)",0,-0.08
573,52,"(29, 16)",0,-0.08
573,53,"(29, 15)",1,-0.08
573,54,"(30, 15)",1,-0.08
573,55,"(31, 15)",1,-0.08
573,56,"(32, 15)",0,-0.08
573,57,"(32, 14)",0,-0.08
573,58,"(32, 13)",1,-0.08
573,59,"(33, 13)",1,-0.08
573,60,"(34, 13)",1,-0.08
573,61,"(35, 13)",1,-0.08
573,62,"(36, 13)",1,-0.08
573,63,"(37, 13)",1,-0.08
573,64,"(38, 13)",1,-0.08
573,65,"(39, 13)",0,-0.08
573,66,"(39, 12)",0,-0.08
573,67,"(39, 11)",1,-0.08
573,68,"(40, 11)",1,-0.08
573,69,"(41, 11)",1,-0.08
573,70,"(42, 11)",1,-0.08
573,71,"(43, 11)",1,-0.08
573,72,"(44, 11)",1,-0.08
573,73,"(45, 11)",0,-0.08
573,74,"(45, 10)",0,-0.08
573,75,"(45, 9)",1,-0.08
573,76,"(46, 9)",0,-0.08
573,77,"(46, 8)",0,-0.08
573,78,"(46, 7)",1,-0.08
573,79,"(47, 7)",0,-0.08
573,80,"(47, 6)",1,-0.08
573,81,"(48, 6)",1,-0.08
573,82,"(49, 6)",0,-0.08
573,83,"(49, 5)",1,-0.08
573,84,"(50, 5)",1,-0.08
573,85,"(51, 5)",1,-0.08
573,86,"(52, 5)",1,-0.08
573,87,"(53, 5)",0,-0.08
573,88,"(53, 4)",0,-0.08
573,89,"(53, 3)",1,-0.08
573,90,"(54, 3)",1,-0.08
573,91,"(55, 3)",1,-0.08
573,92,"(56, 3)",0,-0.08
573,93,"(56, 2)",1,-0.08
573,94,"(57, 2)",1,-0.08
573,95,"(58, 2)",0,-0.08
573,96,"(58, 1)",1,-0.08
573,97,"(59, 1)",1,-0.08
573,98,"(60, 1)",1,-0.08
573,99,"(61, 1)",1,-0.08
573,100,"(62, 1)",1,-0.08
573,101,"(63, 1)",1,-0.08
573,102,"(64, 1)",1,-0.08
573,103,"(65, 1)",1,-0.08
573,104,"(66, 1)",1,-0.08
573,105,"(67, 1)",1,-0.08
573,106,"(68, 1)",1,-0.08
573,107,"(69, 1)",1,-0.08
573,108,"(70, 1)",1,-0.08
573,109,"(71, 1)",2,-0.08
573,110,"(71, 2)",2,-0.08
573,111,"(71, 3)",1,-0.08
573,112,"(72, 3)",1,-0.08
573,113,"(73, 3)",1,-0.08
573,114,"(74, 3)",1,-0.08
573,115,"(75, 3)",1,-0.08
573,116,"(76, 3)",1,-0.08
573,117,"(77, 3)",0,-0.08
573,118,"(77, 2)",0,-0.08
573,119,"(77, 1)",1,-0.08
573,120,"(78, 1)",0,-0.08
573,121,"(78, 0)",1,8.33
574,0,"(0, 39)",1,-0.08
574,1,"(1, 39)",1,-0.08
574,2,"(2, 39)",1,-0.08
574,3,"(3, 39)",1,-0.08
574,4,"(4, 39)",1,-0.08
574,5,"(5, 39)",1,-0.08
574,6,"(6, 39)",1,-0.08
574,7,"(7, 39)",1,-0.08
574,8,"(8, 39)",1,-0.08
574,9,"(9, 39)",1,-0.08
574,10,"(10, 39)",0,-0.08
574,11,"(10, 38)",0,-0.08
574,12,"(10, 37)",1,-0.08
574,13,"(11, 37)",1,-0.08
574,14,"(12, 37)",1,-0.08
574,15,"(13, 37)",1,-0.08
574,16,"(14, 37)",1,-0.08
574,17,"(15, 37)",0,-0.08
574,18,"(15, 36)",1,-0.08
574,19,"(16, 36)",1,-0.08
574,20,"(17, 36)",0,-0.08
574,21,"(17, 35)",0,-0.08
574,22,"(17, 34)",0,-0.08
574,23,"(17, 33)",1,-0.08
574,24,"(18, 33)",1,-0.08
574,25,"(19, 33)",0,-0.08
574,26,"(19, 32)",0,-0.08
574,27,"(19, 31)",0,-0.08
574,28,"(19, 30)",0,-0.08
574,29,"(19, 29)",1,-0.08
574,30,"(20, 29)",0,-0.08
574,31,"(20, 28)",0,-0.08
574,32,"(20, 27)",1,-0.08
574,33,"(21, 27)",0,-0.08
574,34,"(21, 26)",0,-0.08
574,35,"(21, 25)",1,-0.08
574,36,"(22, 25)",1,-0.08
574,37,"(23, 25)",1,-0.08
574,38,"(24, 25)",1,-0.08
574,39,"(25, 25)",1,-0.08
574,40,"(26, 25)",1,-0.08
574,41,"(27, 25)",1,-0.08
574,42,"(28, 25)",1,-0.08
574,43,"(29, 25)",1,-0.08
574,44,"(30, 25)",1,-0.08
574,45,"(31, 25)",0,-0.08
574,46,"(31, 24)",0,-0.08
574,47,"(31, 23)",1,-0.08
574,48,"(32, 23)",1,-0.08
574,49,"(33, 23)",0,-0.08
574,50,"(33, 22)",0,-0.08
574,51,"(33, 21)",1,-0.08
574,52,"(34, 21)",1,-0.08
574,53,"(35, 21)",1,-0.08
574,54,"(36, 21)",1,-0.08
574,55,"(37, 21)",1,-0.08
574,56,"(38, 21)",1,-0.08
574,57,"(39, 21)",0,-0.08
574,58,"(39, 20)",1,-0.08
574,59,"(40, 20)",1,-0.08
574,60,"(41, 20)",0,-0.08
574,61,"(41, 19)",0,-0.08
574,62,"(41, 18)",1,-0.08
574,63,"(42, 18)",0,-0.08
574,64,"(42, 17)",0,-0.08
574,65,"(42, 16)",1,-0.08
574,66,"(43, 16)",1,-0.08
574,67,"(44, 16)",0,-0.08
574,68,"(44, 15)",1,-0.08
574,69,"(45, 15)",0,-0.08
574,70,"(45, 14)",0,-0.08
574,71,"(45, 13)",0,-0.08
574,72,"(45, 12)",0,-0.08
574,73,"(45, 11)",0,-0.08
574,74,"(45, 10)",1,-0.08
574,75,"(46, 10)",0,-0.08
574,76,"(46, 9)",0,-0.08
574,77,"(46, 8)",0,-0.08
574,78,"(46, 7)",1,-0.08
574,79,"(47, 7)",0,-0.08
574,80,"(47, 6)",1,-0.08
574,81,"(48, 6)",1,-0.08
574,82,"(49, 6)",0,-0.08
574,83,"(49, 5)",1,-0.08
574,84,"(50, 5)",1,-0.08
574,85,"(51, 5)",1,-0.08
574,86,"(52, 5)",1,-0.08
574,87,"(53, 5)",0,-0.08
574,88,"(53, 4)",0,-0.08
574,89,"(53, 3)",0,-0.08
574,90,"(53, 2)",0,-0.08
574,91,"(53, 1)",1,-0.08
574,92,"(54, 1)",1,-0.08
574,93,"(55, 1)",1,-0.08
574,94,"(56, 1)",1,-0.08
574,95,"(57, 1)",1,-0.08
574,96,"(58, 1)",1,-0.08
574,97,"(59, 1)",1,-0.08
574,98,"(60, 1)",1,-0.08
574,99,"(61, 1)",1,-0.08
574,100,"(62, 1)",1,-0.08
574,101,"(63, 1)",1,-0.08
574,102,"(64, 1)",1,-0.08
574,103,"(65, 1)",1,-0.08
574,104,"(66, 1)",1,-0.08
574,105,"(67, 1)",1,-0.08
574,106,"(68, 1)",1,-0.08
574,107,"(69, 1)",1,-0.08
574,108,"(70, 1)",1,-0.08
574,109,"(71, 1)",2,-0.08
574,110,"(71, 2)",2,-0.08
574,111,"(71, 3)",1,-0.08
574,112,"(72, 3)",1,-0.08
574,113,"(73, 3)",1,-0.08
574,114,"(74, 3)",1,-0.08
574,115,"(75, 3)",1,-0.08
574,116,"(76, 3)",1,-0.08
574,117,"(77, 3)",0,-0.08
574,118,"(77, 2)",0,-0.08
574,119,"(77, 1)",1,-0.08
574,120,"(78, 1)",0,-0.08
574,121,"(78, 0)",1,8.33
575,0,"(0, 39)",1,-0.08
575,1,"(1, 39)",1,-0.08
575,2,"(2, 39)",1,-0.08
575,3,"(3, 39)",1,-0.08
575,4,"(4, 39)",1,-0.08
575,5,"(5, 39)",1,-0.08
575,6,"(6, 39)",1,-0.08
575,7,"(7, 39)",1,-0.08
575,8,"(8, 39)",1,-0.08
575,9,"(9, 39)",1,-0.08
575,10,"(10, 39)",0,-0.08
575,11,"(10, 38)",0,-0.08
575,12,"(10, 37)",1,-0.08
575,13,"(11, 37)",1,-0.08
575,14,"(12, 37)",1,-0.08
575,15,"(13, 37)",1,-0.08
575,16,"(14, 37)",1,-0.08
575,17,"(15, 37)",1,-0.08
575,18,"(16, 37)",0,-0.08
575,19,"(16, 36)",1,-0.08
575,20,"(17, 36)",0,-0.08
575,21,"(17, 35)",0,-0.08
575,22,"(17, 34)",1,-0.08
575,23,"(18, 34)",1,-0.08
575,24,"(19, 34)",0,-0.08
575,25,"(19, 33)",0,-0.08
575,26,"(19, 32)",0,-0.08
575,27,"(19, 31)",0,-0.08
575,28,"(19, 30)",0,-0.08
575,29,"(19, 29)",1,-0.08
575,30,"(20, 29)",0,-0.08
575,31,"(20, 28)",0,-0.08
575,32,"(20, 27)",1,-0.08
575,33,"(21, 27)",0,-0.08
575,34,"(21, 26)",1,-0.08
575,35,"(22, 26)",1,-0.08
575,36,"(23, 26)",1,-0.08
575,37,"(24, 26)",1,-0.08
575,38,"(25, 26)",0,-0.08
575,39,"(25, 25)",1,-0.08
575,40,"(26, 25)",1,-0.08
575,41,"(27, 25)",1,-0.08
575,42,"(28, 25)",1,-0.08
575,43,"(29, 25)",1,-0.08
575,44,"(30, 25)",1,-0.08
575,45,"(31, 25)",0,-0.08
575,46,"(31, 24)",0,-0.08
575,47,"(31, 23)",1,-0.08
575,48,"(32, 23)",1,-0.08
575,49,"(33, 23)",0,-0.08
575,50,"(33, 22)",0,-0.08
575,51,"(33, 21)",1,-0.08
575,52,"(34, 21)",1,-0.08
575,53,"(35, 21)",1,-0.08
575,54,"(36, 21)",1,-0.08
575,55,"(37, 21)",1,-0.08
575,56,"(38, 21)",1,-0.08
575,57,"(39, 21)",0,-0.08
575,58,"(39, 20)",0,-0.08
575,59,"(39, 19)",0,-0.08
575,60,"(39, 18)",0,-0.08
575,61,"(39, 17)",0,-0.08
575,62,"(39, 16)",0,-0.08
575,63,"(39, 15)",1,-0.08
575,64,"(40, 15)",1,-0.08
575,65,"(41, 15)",0,-0.08
575,66,"(41, 14)",0,-0.08
575,67,"(41, 13)",1,-0.08
575,68,"(42, 13)",1,-0.08
575,69,"(43, 13)",1,-0.08
575,70,"(44, 13)",1,-0.08
575,71,"(45, 13)",0,-0.08
575,72,"(45, 12)",0,-0.08
575,73,"(45, 11)",0,-0.08
575,74,"(45, 10)",1,-0.08
575,75,"(46, 10)",0,-0.08
575,76,"(46, 9)",0,-0.08
575,77,"(46, 8)",0,-0.08
575,78,"(46, 7)",0,-0.08
575,79,"(46, 6)",1,-0.08
575,80,"(47, 6)",1,-0.08
575,81,"(48, 6)",1,-0.08
575,82,"(49, 6)",0,-0.08
575,83,"(49, 5)",1,-0.08
575,84,"(50, 5)",1,-0.08
575,85,"(51, 5)",1,-0.08
575,86,"(52, 5)",1,-0.08
575,87,"(53, 5)",0,-0.08
575,88,"(53, 4)",0,-0.08
575,89,"(53, 3)",1,-0.08
575,90,"(54, 3)",1,-0.08
575,91,"(55, 3)",1,-0.08
575,92,"(56, 3)",0,-0.08
575,93,"(56, 2)",0,-0.08
575,94,"(56, 1)",1,-0.08
575,95,"(57, 1)",1,-0.08
575,96,"(58, 1)",1,-0.08
575,97,"(59, 1)",1,-0.08
575,98,"(60, 1)",1,-0.08
575,99,"(61, 1)",1,-0.08
575,100,"(62, 1)",1,-0.08
575,101,"(63, 1)",1,-0.08
575,102,"(64, 1)",1,-0.08
575,103,"(65, 1)",1,-0.08
575,104,"(66, 1)",1,-0.08
575,105,"(67, 1)",1,-0.08
575,106,"(68, 1)",1,-0.08
575,107,"(69, 1)",1,-0.08
575,108,"(70, 1)",1,-0.08
575,109,"(71, 1)",2,-0.08
575,110,"(71, 2)",2,-0.08
575,111,"(71, 3)",1,-0.08
575,112,"(72, 3)",1,-0.08
575,113,"(73, 3)",0,-0.08
575,114,"(73, 2)",0,-0.08
575,115,"(73, 1)",1,-0.08
575,116,"(74, 1)",1,-0.08
575,117,"(75, 1)",0,-0.08
575,118,"(75, 0)",1,-0.08
575,119,"(76, 0)",1,-0.08
575,120,"(77, 0)",1,-0.08
575,121,"(78, 0)",1,8.33
576,0,"(0, 39)",1,-0.08
576,1,"(1, 39)",1,-0.08
576,2,"(2, 39)",1,-0.08
576,3,"(3, 39)",1,-0.08
576,4,"(4, 39)",1,-0.08
576,5,"(5, 39)",1,-0.08
576,6,"(6, 39)",1,-0.08
576,7,"(7, 39)",1,-0.08
576,8,"(8, 39)",1,-0.08
576,9,"(9, 39)",1,-0.08
576,10,"(10, 39)",0,-0.08
576,11,"(10, 38)",1,-0.08
576,12,"(11, 38)",0,-0.08
576,13,"(11, 37)",1,-0.08
576,14,"(12, 37)",1,-0.08
576,15,"(13, 37)",1,-0.08
576,16,"(14, 37)",1,-0.08
576,17,"(15, 37)",0,-0.08
576,18,"(15, 36)",1,-0.08
576,19,"(16, 36)",1,-0.08
576,20,"(17, 36)",0,-0.08
576,21,"(17, 35)",1,-0.08
576,22,"(18, 35)",0,-0.08
576,23,"(18, 34)",0,-0.08
576,24,"(18, 33)",1,-0.08
576,25,"(19, 33)",0,-0.08
576,26,"(19, 32)",0,-0.08
576,27,"(19, 31)",0,-0.08
576,28,"(19, 30)",0,-0.08
576,29,"(19, 29)",1,-0.08
576,30,"(20, 29)",0,-0.08
576,31,"(20, 28)",0,-0.08
576,32,"(20, 27)",1,-0.08
576,33,"(21, 27)",0,-0.08
576,34,"(21, 26)",1,-0.08
576,35,"(22, 26)",0,-0.08
576,36,"(22, 25)",1,-0.08
576,37,"(23, 25)",1,-0.08
576,38,"(24, 25)",1,-0.08
576,39,"(25, 25)",1,-0.08
576,40,"(26, 25)",1,-0.08
576,41,"(27, 25)",1,-0.08
576,42,"(28, 25)",1,-0.08
576,43,"(29, 25)",1,-0.08
576,44,"(30, 25)",1,-0.08
576,45,"(31, 25)",0,-0.08
576,46,"(31, 24)",0,-0.08
576,47,"(31, 23)",1,-0.08
576,48,"(32, 23)",1,-0.08
576,49,"(33, 23)",0,-0.08
576,50,"(33, 22)",0,-0.08
576,51,"(33, 21)",1,-0.08
576,52,"(34, 21)",1,-0.08
576,53,"(35, 21)",1,-0.08
576,54,"(36, 21)",1,-0.08
576,55,"(37, 21)",1,-0.08
576,56,"(38, 21)",1,-0.08
576,57,"(39, 21)",1,-0.08
576,58,"(40, 21)",0,-0.08
576,59,"(40, 20)",1,-0.08
576,60,"(41, 20)",1,-0.08
576,61,"(42, 20)",1,-0.08
576,62,"(43, 20)",0,-0.08
576,63,"(43, 19)",1,-0.08
576,64,"(44, 19)",0,-0.08
576,65,"(44, 18)",0,-0.08
576,66,"(44, 17)",0,-0.08
576,67,"(44, 16)",0,-0.08
576,68,"(44, 15)",1,-0.08
576,69,"(45, 15)",0,-0.08
576,70,"(45, 14)",0,-0.08
576,71,"(45, 13)",0,-0.08
576,72,"(45, 12)",0,-0.08
576,73,"(45, 11)",0,-0.08
576,74,"(45, 10)",1,-0.08
576,75,"(46, 10)",0,-0.08
576,76,"(46, 9)",0,-0.08
576,77,"(46, 8)",0,-0.08
576,78,"(46, 7)",1,-0.08
576,79,"(47, 7)",0,-0.08
576,80,"(47, 6)",1,-0.08
576,81,"(48, 6)",1,-0.08
576,82,"(49, 6)",0,-0.08
576,83,"(49, 5)",1,-0.08
576,84,"(50, 5)",1,-0.08
576,85,"(51, 5)",1,-0.08
576,86,"(52, 5)",1,-0.08
576,87,"(53, 5)",0,-0.08
576,88,"(53, 4)",0,-0.08
576,89,"(53, 3)",0,-0.08
576,90,"(53, 2)",0,-0.08
576,91,"(53, 1)",1,-0.08
576,92,"(54, 1)",1,-0.08
576,93,"(55, 1)",1,-0.08
576,94,"(56, 1)",1,-0.08
576,95,"(57, 1)",1,-0.08
576,96,"(58, 1)",1,-0.08
576,97,"(59, 1)",1,-0.08
576,98,"(60, 1)",1,-0.08
576,99,"(61, 1)",1,-0.08
576,100,"(62, 1)",1,-0.08
576,101,"(63, 1)",1,-0.08
576,102,"(64, 1)",1,-0.08
576,103,"(65, 1)",1,-0.08
576,104,"(66, 1)",1,-0.08
576,105,"(67, 1)",1,-0.08
576,106,"(68, 1)",1,-0.08
576,107,"(69, 1)",1,-0.08
576,108,"(70, 1)",1,-0.08
576,109,"(71, 1)",2,-0.08
576,110,"(71, 2)",2,-0.08
576,111,"(71, 3)",1,-0.08
576,112,"(72, 3)",1,-0.08
576,113,"(73, 3)",0,-0.08
576,114,"(73, 2)",0,-0.08
576,115,"(73, 1)",1,-0.08
576,116,"(74, 1)",0,-0.08
576,117,"(74, 0)",1,-0.08
576,118,"(75, 0)",1,-0.08
576,119,"(76, 0)",1,-0.08
576,120,"(77, 0)",1,-0.08
576,121,"(78, 0)",1,8.33
577,0,"(0, 39)",1,-0.08
577,1,"(1, 39)",1,-0.08
577,2,"(2, 39)",1,-0.08
577,3,"(3, 39)",1,-0.08
577,4,"(4, 39)",1,-0.08
577,5,"(5, 39)",1,-0.08
577,6,"(6, 39)",1,-0.08
577,7,"(7, 39)",1,-0.08
577,8,"(8, 39)",1,-0.08
577,9,"(9, 39)",1,-0.08
577,10,"(10, 39)",1,-0.08
577,11,"(11, 39)",0,-0.08
577,12,"(11, 38)",0,-0.08
577,13,"(11, 37)",1,-0.08
577,14,"(12, 37)",1,-0.08
577,15,"(13, 37)",1,-0.08
577,16,"(14, 37)",1,-0.08
577,17,"(15, 37)",0,-0.08
577,18,"(15, 36)",0,-0.08
577,19,"(15, 35)",0,-0.08
577,20,"(15, 34)",0,-0.08
577,21,"(15, 33)",1,-0.08
577,22,"(16, 33)",1,-0.08
577,23,"(17, 33)",1,-0.08
577,24,"(18, 33)",1,-0.08
577,25,"(19, 33)",0,-0.08
577,26,"(19, 32)",0,-0.08
577,27,"(19, 31)",0,-0.08
577,28,"(19, 30)",0,-0.08
577,29,"(19, 29)",1,-0.08
577,30,"(20, 29)",0,-0.08
577,31,"(20, 28)",0,-0.08
577,32,"(20, 27)",1,-0.08
577,33,"(21, 27)",0,-0.08
577,34,"(21, 26)",1,-0.08
577,35,"(22, 26)",0,-0.08
577,36,"(22, 25)",0,-0.08
577,37,"(22, 24)",0,-0.08
577,38,"(22, 23)",1,-0.08
577,39,"(23, 23)",1,-0.08
577,40,"(24, 23)",1,-0.08
577,41,"(25, 23)",0,-0.08
577,42,"(25, 22)",0,-0.08
577,43,"(25, 21)",1,-0.08
577,44,"(26, 21)",1,-0.08
577,45,"(27, 21)",0,-0.08
577,46,"(27, 20)",0,-0.08
577,47,"(27, 19)",0,-0.08
577,48,"(27, 18)",0,-0.08
577,49,"(27, 17)",1,-0.08
577,50,"(28, 17)",0,-0.08
577,51,"(28, 16)",1,-0.08
577,52,"(29, 16)",0,-0.08
577,53,"(29, 15)",1,-0.08
577,54,"(30, 15)",1,-0.08
577,55,"(31, 15)",1,-0.08
577,56,"(32, 15)",0,-0.08
577,57,"(32, 14)",0,-0.08
577,58,"(32, 13)",1,-0.08
577,59,"(33, 13)",1,-0.08
577,60,"(34, 13)",1,-0.08
577,61,"(35, 13)",1,-0.08
577,62,"(36, 13)",1,-0.08
577,63,"(37, 13)",1,-0.08
577,64,"(38, 13)",1,-0.08
577,65,"(39, 13)",1,-0.08
577,66,"(40, 13)",1,-0.08
577,67,"(41, 13)",0,-0.08
577,68,"(41, 12)",0,-0.08
577,69,"(41, 11)",1,-0.08
577,70,"(42, 11)",1,-0.08
577,71,"(43, 11)",1,-0.08
577,72,"(44, 11)",1,-0.08
577,73,"(45, 11)",0,-0.08
577,74,"(45, 10)",1,-0.08
577,75,"(46, 10)",0,-0.08
577,76,"(46, 9)",0,-0.08
577,77,"(46, 8)",0,-0.08
577,78,"(46, 7)",0,-0.08
577,79,"(46, 6)",1,-0.08
577,80,"(47, 6)",1,-0.08
577,81,"(48, 6)",1,-0.08
577,82,"(49, 6)",0,-0.08
577,83,"(49, 5)",1,-0.08
577,84,"(50, 5)",1,-0.08
577,85,"(51, 5)",1,-0.08
577,86,"(52, 5)",1,-0.08
577,87,"(53, 5)",0,-0.08
577,88,"(53, 4)",0,-0.08
577,89,"(53, 3)",1,-0.08
577,90,"(54, 3)",1,-0.08
577,91,"(55, 3)",1,-0.08
577,92,"(56, 3)",1,-0.08
577,93,"(57, 3)",0,-0.08
577,94,"(57, 2)",0,-0.08
577,95,"(57, 1)",1,-0.08
577,96,"(58, 1)",1,-0.08
577,97,"(59, 1)",1,-0.08
577,98,"(60, 1)",1,-0.08
577,99,"(61, 1)",1,-0.08
577,100,"(62, 1)",1,-0.08
577,101,"(63, 1)",1,-0.08
577,102,"(64, 1)",1,-0.08
577,103,"(65, 1)",1,-0.08
577,104,"(66, 1)",1,-0.08
577,105,"(67, 1)",1,-0.08
577,106,"(68, 1)",1,-0.08
577,107,"(69, 1)",1,-0.08
577,108,"(70, 1)",1,-0.08
577,109,"(71, 1)",2,-0.08
577,110,"(71, 2)",2,-0.08
577,111,"(71, 3)",1,-0.08
577,112,"(72, 3)",1,-0.08
577,113,"(73, 3)",1,-0.08
577,114,"(74, 3)",1,-0.08
577,115,"(75, 3)",1,-0.08
577,116,"(76, 3)",1,-0.08
577,117,"(77, 3)",0,-0.08
577,118,"(77, 2)",0,-0.08
577,119,"(77, 1)",0,-0.08
577,120,"(77, 0)",1,-0.08
577,121,"(78, 0)",1,8.33
578,0,"(0, 39)",1,-0.08
578,1,"(1, 39)",1,-0.08
578,2,"(2, 39)",1,-0.08
578,3,"(3, 39)",1,-0.08
578,4,"(4, 39)",1,-0.08
578,5,"(5, 39)",1,-0.08
578,6,"(6, 39)",1,-0.08
578,7,"(7, 39)",1,-0.08
578,8,"(8, 39)",1,-0.08
578,9,"(9, 39)",1,-0.08
578,10,"(10, 39)",1,-0.08
578,11,"(11, 39)",1,-0.08
578,12,"(12, 39)",1,-0.08
578,13,"(13, 39)",1,-0.08
578,14,"(14, 39)",0,-0.08
578,15,"(14, 38)",0,-0.08
578,16,"(14, 37)",1,-0.08
578,17,"(15, 37)",0,-0.08
578,18,"(15, 36)",0,-0.08
578,19,"(15, 35)",0,-0.08
578,20,"(15, 34)",0,-0.08
578,21,"(15, 33)",1,-0.08
578,22,"(16, 33)",1,-0.08
578,23,"(17, 33)",1,-0.08
578,24,"(18, 33)",1,-0.08
578,25,"(19, 33)",0,-0.08
578,26,"(19, 32)",0,-0.08
578,27,"(19, 31)",0,-0.08
578,28,"(19, 30)",0,-0.08
578,29,"(19, 29)",1,-0.08
578,30,"(20, 29)",0,-0.08
578,31,"(20, 28)",0,-0.08
578,32,"(20, 27)",1,-0.08
578,33,"(21, 27)",0,-0.08
578,34,"(21, 26)",1,-0.08
578,35,"(22, 26)",0,-0.08
578,36,"(22, 25)",1,-0.08
578,37,"(23, 25)",1,-0.08
578,38,"(24, 25)",1,-0.08
578,39,"(25, 25)",1,-0.08
578,40,"(26, 25)",1,-0.08
578,41,"(27, 25)",1,-0.08
578,42,"(28, 25)",1,-0.08
578,43,"(29, 25)",1,-0.08
578,44,"(30, 25)",1,-0.08
578,45,"(31, 25)",0,-0.08
578,46,"(31, 24)",0,-0.08
578,47,"(31, 23)",1,-0.08
578,48,"(32, 23)",1,-0.08
578,49,"(33, 23)",0,-0.08
578,50,"(33, 22)",0,-0.08
578,51,"(33, 21)",1,-0.08
578,52,"(34, 21)",1,-0.08
578,53,"(35, 21)",0,-0.08
578,54,"(35, 20)",0,-0.08
578,55,"(35, 19)",1,-0.08
578,56,"(36, 19)",1,-0.08
578,57,"(37, 19)",0,-0.08
578,58,"(37, 18)",0,-0.08
578,59,"(37, 17)",0,-0.08
578,60,"(37, 16)",0,-0.08
578,61,"(37, 15)",1,-0.08
578,62,"(38, 15)",0,-0.08
578,63,"(38, 14)",0,-0.08
578,64,"(38, 13)",1,-0.08
578,65,"(39, 13)",1,-0.08
578,66,"(40, 13)",1,-0.08
578,67,"(41, 13)",1,-0.08
578,68,"(42, 13)",1,-0.08
578,69,"(43, 13)",0,-0.08
578,70,"(43, 12)",0,-0.08
578,71,"(43, 11)",1,-0.08
578,72,"(44, 11)",1,-0.08
578,73,"(45, 11)",0,-0.08
578,74,"(45, 10)",0,-0.08
578,75,"(45, 9)",0,-0.08
578,76,"(45, 8)",0,-0.08
578,77,"(45, 7)",1,-0.08
578,78,"(46, 7)",1,-0.08
578,79,"(47, 7)",0,-0.08
578,80,"(47, 6)",1,-0.08
578,81,"(48, 6)",1,-0.08
578,82,"(49, 6)",0,-0.08
578,83,"(49, 5)",1,-0.08
578,84,"(50, 5)",1,-0.08
578,85,"(51, 5)",0,-0.08
578,86,"(51, 4)",0,-0.08
578,87,"(51, 3)",0,-0.08
578,88,"(51, 2)",1,-0.08
578,89,"(52, 2)",1,-0.08
578,90,"(53, 2)",0,-0.08
578,91,"(53, 1)",1,-0.08
578,92,"(54, 1)",1,-0.08
578,93,"(55, 1)",1,-0.08
578,94,"(56, 1)",1,-0.08
578,95,"(57, 1)",1,-0.08
578,96,"(58, 1)",1,-0.08
578,97,"(59, 1)",1,-0.08
578,98,"(60, 1)",1,-0.08
578,99,"(61, 1)",1,-0.08
578,100,"(62, 1)",1,-0.08
578,101,"(63, 1)",1,-0.08
578,102,"(64, 1)",1,-0.08
578,103,"(65, 1)",1,-0.08
578,104,"(66, 1)",1,-0.08
578,105,"(67, 1)",1,-0.08
578,106,"(68, 1)",1,-0.08
578,107,"(69, 1)",1,-0.08
578,108,"(70, 1)",1,-0.08
578,109,"(71, 1)",2,-0.08
578,110,"(71, 2)",2,-0.08
578,111,"(71, 3)",1,-0.08
578,112,"(72, 3)",1,-0.08
578,113,"(73, 3)",0,-0.08
578,114,"(73, 2)",0,-0.08
578,115,"(73, 1)",1,-0.08
578,116,"(74, 1)",1,-0.08
578,117,"(75, 1)",1,-0.08
578,118,"(76, 1)",1,-0.08
578,119,"(77, 1)",1,-0.08
578,120,"(78, 1)",1,-0.08
578,121,"(79, 1)",0,8.33
579,0,"(0, 39)",1,-0.08
579,1,"(1, 39)",1,-0.08
579,2,"(2, 39)",1,-0.08
579,3,"(3, 39)",1,-0.08
579,4,"(4, 39)",1,-0.08
579,5,"(5, 39)",1,-0.08
579,6,"(6, 39)",1,-0.08
579,7,"(7, 39)",1,-0.08
579,8,"(8, 39)",1,-0.08
579,9,"(9, 39)",1,-0.08
579,10,"(10, 39)",1,-0.08
579,11,"(11, 39)",1,-0.08
579,12,"(12, 39)",1,-0.08
579,13,"(13, 39)",1,-0.08
579,14,"(14, 39)",0,-0.08
579,15,"(14, 38)",0,-0.08
579,16,"(14, 37)",1,-0.08
579,17,"(15, 37)",0,-0.08
579,18,"(15, 36)",1,-0.08
579,19,"(16, 36)",1,-0.08
579,20,"(17, 36)",0,-0.08
579,21,"(17, 35)",1,-0.08
579,22,"(18, 35)",0,-0.08
579,23,"(18, 34)",0,-0.08
579,24,"(18, 33)",1,-0.08
579,25,"(19, 33)",0,-0.08
579,26,"(19, 32)",0,-0.08
579,27,"(19, 31)",0,-0.08
579,28,"(19, 30)",0,-0.08
579,29,"(19, 29)",1,-0.08
579,30,"(20, 29)",0,-0.08
579,31,"(20, 28)",0,-0.08
579,32,"(20, 27)",1,-0.08
579,33,"(21, 27)",0,-0.08
579,34,"(21, 26)",1,-0.08
579,35,"(22, 26)",0,-0.08
579,36,"(22, 25)",1,-0.08
579,37,"(23, 25)",1,-0.08
579,38,"(24, 25)",1,-0.08
579,39,"(25, 25)",1,-0.08
579,40,"(26, 25)",1,-0.08
579,41,"(27, 25)",1,-0.08
579,42,"(28, 25)",1,-0.08
579,43,"(29, 25)",1,-0.08
579,44,"(30, 25)",1,-0.08
579,45,"(31, 25)",0,-0.08
579,46,"(31, 24)",0,-0.08
579,47,"(31, 23)",1,-0.08
579,48,"(32, 23)",1,-0.08
579,49,"(33, 23)",0,-0.08
579,50,"(33, 22)",0,-0.08
579,51,"(33, 21)",1,-0.08
579,52,"(34, 21)",1,-0.08
579,53,"(35, 21)",0,-0.08
579,54,"(35, 20)",0,-0.08
579,55,"(35, 19)",1,-0.08
579,56,"(36, 19)",1,-0.08
579,57,"(37, 19)",0,-0.08
579,58,"(37, 18)",0,-0.08
579,59,"(37, 17)",0,-0.08
579,60,"(37, 16)",0,-0.08
579,61,"(37, 15)",1,-0.08
579,62,"(38, 15)",1,-0.08
579,63,"(39, 15)",1,-0.08
579,64,"(40, 15)",0,-0.08
579,65,"(40, 14)",0,-0.08
579,66,"(40, 13)",1,-0.08
579,67,"(41, 13)",0,-0.08
579,68,"(41, 12)",0,-0.08
579,69,"(41, 11)",1,-0.08
579,70,"(42, 11)",1,-0.08
579,71,"(43, 11)",1,-0.08
579,72,"(44, 11)",1,-0.08
579,73,"(45, 11)",0,-0.08
579,74,"(45, 10)",0,-0.08
579,75,"(45, 9)",1,-0.08
579,76,"(46, 9)",0,-0.08
579,77,"(46, 8)",0,-0.08
579,78,"(46, 7)",1,-0.08
579,79,"(47, 7)",0,-0.08
579,80,"(47, 6)",1,-0.08
579,81,"(48, 6)",1,-0.08
579,82,"(49, 6)",0,-0.08
579,83,"(49, 5)",1,-0.08
579,84,"(50, 5)",1,-0.08
579,85,"(51, 5)",0,-0.08
579,86,"(51, 4)",0,-0.08
579,87,"(51, 3)",0,-0.08
579,88,"(51, 2)",0,-0.08
579,89,"(51, 1)",1,-0.08
579,90,"(52, 1)",1,-0.08
579,91,"(53, 1)",1,-0.08
579,92,"(54, 1)",1,-0.08
579,93,"(55, 1)",1,-0.08
579,94,"(56, 1)",1,-0.08
579,95,"(57, 1)",1,-0.08
579,96,"(58, 1)",1,-0.08
579,97,"(59, 1)",1,-0.08
579,98,"(60, 1)",1,-0.08
579,99,"(61, 1)",1,-0.08
579,100,"(62, 1)",1,-0.08
579,101,"(63, 1)",1,-0.08
579,102,"(64, 1)",1,-0.08
579,103,"(65, 1)",1,-0.08
579,104,"(66, 1)",1,-0.08
579,105,"(67, 1)",1,-0.08
579,106,"(68, 1)",1,-0.08
579,107,"(69, 1)",1,-0.08
579,108,"(70, 1)",1,-0.08
579,109,"(71, 1)",2,-0.08
579,110,"(71, 2)",2,-0.08
579,111,"(71, 3)",1,-0.08
579,112,"(72, 3)",1,-0.08
579,113,"(73, 3)",1,-0.08
579,114,"(74, 3)",1,-0.08
579,115,"(75, 3)",1,-0.08
579,116,"(76, 3)",1,-0.08
579,117,"(77, 3)",0,-0.08
579,118,"(77, 2)",0,-0.08
579,119,"(77, 1)",0,-0.08
579,120,"(77, 0)",1,-0.08
579,121,"(78, 0)",1,8.33
580,0,"(0, 39)",1,-0.08
580,1,"(1, 39)",1,-0.08
580,2,"(2, 39)",1,-0.08
580,3,"(3, 39)",1,-0.08
580,4,"(4, 39)",1,-0.08
580,5,"(5, 39)",1,-0.08
580,6,"(6, 39)",1,-0.08
580,7,"(7, 39)",1,-0.08
580,8,"(8, 39)",1,-0.08
580,9,"(9, 39)",1,-0.08
580,10,"(10, 39)",1,-0.08
580,11,"(11, 39)",0,-0.08
580,12,"(11, 38)",0,-0.08
580,13,"(11, 37)",1,-0.08
580,14,"(12, 37)",1,-0.08
580,15,"(13, 37)",1,-0.08
580,16,"(14, 37)",1,-0.08
580,17,"(15, 37)",0,-0.08
580,18,"(15, 36)",1,-0.08
580,19,"(16, 36)",1,-0.08
580,20,"(17, 36)",0,-0.08
580,21,"(17, 35)",0,-0.08
580,22,"(17, 34)",1,-0.08
580,23,"(18, 34)",1,-0.08
580,24,"(19, 34)",0,-0.08
580,25,"(19, 33)",0,-0.08
580,26,"(19, 32)",0,-0.08
580,27,"(19, 31)",0,-0.08
580,28,"(19, 30)",0,-0.08
580,29,"(19, 29)",1,-0.08
580,30,"(20, 29)",0,-0.08
580,31,"(20, 28)",0,-0.08
580,32,"(20, 27)",1,-0.08
580,33,"(21, 27)",0,-0.08
580,34,"(21, 26)",0,-0.08
580,35,"(21, 25)",1,-0.08
580,36,"(22, 25)",1,-0.08
580,37,"(23, 25)",1,-0.08
580,38,"(24, 25)",1,-0.08
580,39,"(25, 25)",1,-0.08
580,40,"(26, 25)",1,-0.08
580,41,"(27, 25)",1,-0.08
580,42,"(28, 25)",1,-0.08
580,43,"(29, 25)",1,-0.08
580,44,"(30, 25)",1,-0.08
580,45,"(31, 25)",0,-0.08
580,46,"(31, 24)",0,-0.08
580,47,"(31, 23)",1,-0.08
580,48,"(32, 23)",1,-0.08
580,49,"(33, 23)",0,-0.08
580,50,"(33, 22)",0,-0.08
580,51,"(33, 21)",1,-0.08
580,52,"(34, 21)",1,-0.08
580,53,"(35, 21)",1,-0.08
580,54,"(36, 21)",1,-0.08
580,55,"(37, 21)",1,-0.08
580,56,"(38, 21)",1,-0.08
580,57,"(39, 21)",1,-0.08
580,58,"(40, 21)",1,-0.08
580,59,"(41, 21)",1,-0.08
580,60,"(42, 21)",1,-0.08
580,61,"(43, 21)",0,-0.08
580,62,"(43, 20)",0,-0.08
580,63,"(43, 19)",1,-0.08
580,64,"(44, 19)",0,-0.08
580,65,"(44, 18)",0,-0.08
580,66,"(44, 17)",0,-0.08
580,67,"(44, 16)",0,-0.08
580,68,"(44, 15)",1,-0.08
580,69,"(45, 15)",0,-0.08
580,70,"(45, 14)",0,-0.08
580,71,"(45, 13)",0,-0.08
580,72,"(45, 12)",0,-0.08
580,73,"(45, 11)",0,-0.08
580,74,"(45, 10)",0,-0.08
580,75,"(45, 9)",1,-0.08
580,76,"(46, 9)",0,-0.08
580,77,"(46, 8)",0,-0.08
580,78,"(46, 7)",0,-0.08
580,79,"(46, 6)",1,-0.08
580,80,"(47, 6)",1,-0.08
580,81,"(48, 6)",1,-0.08
580,82,"(49, 6)",0,-0.08
580,83,"(49, 5)",1,-0.08
580,84,"(50, 5)",1,-0.08
580,85,"(51, 5)",0,-0.08
580,86,"(51, 4)",0,-0.08
580,87,"(51, 3)",0,-0.08
580,88,"(51, 2)",1,-0.08
580,89,"(52, 2)",1,-0.08
580,90,"(53, 2)",0,-0.08
580,91,"(53, 1)",1,-0.08
580,92,"(54, 1)",1,-0.08
580,93,"(55, 1)",1,-0.08
580,94,"(56, 1)",1,-0.08
580,95,"(57, 1)",1,-0.08
580,96,"(58, 1)",1,-0.08
580,97,"(59, 1)",1,-0.08
580,98,"(60, 1)",1,-0.08
580,99,"(61, 1)",1,-0.08
580,100,"(62, 1)",1,-0.08
580,101,"(63, 1)",1,-0.08
580,102,"(64, 1)",1,-0.08
580,103,"(65, 1)",1,-0.08
580,104,"(66, 1)",1,-0.08
580,105,"(67, 1)",1,-0.08
580,106,"(68, 1)",1,-0.08
580,107,"(69, 1)",1,-0.08
580,108,"(70, 1)",1,-0.08
580,109,"(71, 1)",2,-0.08
580,110,"(71, 2)",2,-0.08
580,111,"(71, 3)",1,-0.08
580,112,"(72, 3)",1,-0.08
580,113,"(73, 3)",1,-0.08
580,114,"(74, 3)",1,-0.08
580,115,"(75, 3)",1,-0.08
580,116,"(76, 3)",1,-0.08
580,117,"(77, 3)",0,-0.08
580,118,"(77, 2)",0,-0.08
580,119,"(77, 1)",0,-0.08
580,120,"(77, 0)",1,-0.08
580,121,"(78, 0)",1,8.33
581,0,"(0, 39)",1,-0.08
581,1,"(1, 39)",1,-0.08
581,2,"(2, 39)",1,-0.08
581,3,"(3, 39)",1,-0.08
581,4,"(4, 39)",1,-0.08
581,5,"(5, 39)",1,-0.08
581,6,"(6, 39)",1,-0.08
581,7,"(7, 39)",1,-0.08
581,8,"(8, 39)",1,-0.08
581,9,"(9, 39)",1,-0.08
581,10,"(10, 39)",0,-0.08
581,11,"(10, 38)",1,-0.08
581,12,"(11, 38)",0,-0.08
581,13,"(11, 37)",1,-0.08
581,14,"(12, 37)",1,-0.08
581,15,"(13, 37)",1,-0.08
581,16,"(14, 37)",1,-0.08
581,17,"(15, 37)",0,-0.08
581,18,"(15, 36)",0,-0.08
581,19,"(15, 35)",0,-0.08
581,20,"(15, 34)",0,-0.08
581,21,"(15, 33)",1,-0.08
581,22,"(16, 33)",1,-0.08
581,23,"(17, 33)",1,-0.08
581,24,"(18, 33)",1,-0.08
581,25,"(19, 33)",0,-0.08
581,26,"(19, 32)",0,-0.08
581,27,"(19, 31)",0,-0.08
581,28,"(19, 30)",0,-0.08
581,29,"(19, 29)",1,-0.08
581,30,"(20, 29)",0,-0.08
581,31,"(20, 28)",0,-0.08
581,32,"(20, 27)",1,-0.08
581,33,"(21, 27)",0,-0.08
581,34,"(21, 26)",0,-0.08
581,35,"(21, 25)",1,-0.08
581,36,"(22, 25)",0,-0.08
581,37,"(22, 24)",0,-0.08
581,38,"(22, 23)",1,-0.08
581,39,"(23, 23)",1,-0.08
581,40,"(24, 23)",1,-0.08
581,41,"(25, 23)",0,-0.08
581,42,"(25, 22)",0,-0.08
581,43,"(25, 21)",0,-0.08
581,44,"(25, 20)",0,-0.08
581,45,"(25, 19)",0,-0.08
581,46,"(25, 18)",1,-0.08
581,47,"(26, 18)",1,-0.08
581,48,"(27, 18)",0,-0.08
581,49,"(27, 17)",0,-0.08
581,50,"(27, 16)",1,-0.08
581,51,"(28, 16)",1,-0.08
581,52,"(29, 16)",0,-0.08
581,53,"(29, 15)",1,-0.08
581,54,"(30, 15)",1,-0.08
581,55,"(31, 15)",1,-0.08
581,56,"(32, 15)",0,-0.08
581,57,"(32, 14)",0,-0.08
581,58,"(32, 13)",1,-0.08
581,59,"(33, 13)",1,-0.08
581,60,"(34, 13)",1,-0.08
581,61,"(35, 13)",1,-0.08
581,62,"(36, 13)",1,-0.08
581,63,"(37, 13)",1,-0.08
581,64,"(38, 13)",1,-0.08
581,65,"(39, 13)",1,-0.08
581,66,"(40, 13)",1,-0.08
581,67,"(41, 13)",1,-0.08
581,68,"(42, 13)",1,-0.08
581,69,"(43, 13)",0,-0.08
581,70,"(43, 12)",0,-0.08
581,71,"(43, 11)",1,-0.08
581,72,"(44, 11)",1,-0.08
581,73,"(45, 11)",0,-0.08
581,74,"(45, 10)",1,-0.08
581,75,"(46, 10)",0,-0.08
581,76,"(46, 9)",0,-0.08
581,77,"(46, 8)",0,-0.08
581,78,"(46, 7)",1,-0.08
581,79,"(47, 7)",0,-0.08
581,80,"(47, 6)",1,-0.08
581,81,"(48, 6)",1,-0.08
581,82,"(49, 6)",0,-0.08
581,83,"(49, 5)",1,-0.08
581,84,"(50, 5)",1,-0.08
581,85,"(51, 5)",1,-0.08
581,86,"(52, 5)",1,-0.08
581,87,"(53, 5)",0,-0.08
581,88,"(53, 4)",0,-0.08
581,89,"(53, 3)",0,-0.08
581,90,"(53, 2)",0,-0.08
581,91,"(53, 1)",1,-0.08
581,92,"(54, 1)",1,-0.08
581,93,"(55, 1)",1,-0.08
581,94,"(56, 1)",1,-0.08
581,95,"(57, 1)",1,-0.08
581,96,"(58, 1)",1,-0.08
581,97,"(59, 1)",1,-0.08
581,98,"(60, 1)",1,-0.08
581,99,"(61, 1)",1,-0.08
581,100,"(62, 1)",1,-0.08
581,101,"(63, 1)",1,-0.08
581,102,"(64, 1)",1,-0.08
581,103,"(65, 1)",1,-0.08
581,104,"(66, 1)",1,-0.08
581,105,"(67, 1)",1,-0.08
581,106,"(68, 1)",1,-0.08
581,107,"(69, 1)",1,-0.08
581,108,"(70, 1)",1,-0.08
581,109,"(71, 1)",2,-0.08
581,110,"(71, 2)",2,-0.08
581,111,"(71, 3)",1,-0.08
581,112,"(72, 3)",1,-0.08
581,113,"(73, 3)",0,-0.08
581,114,"(73, 2)",0,-0.08
581,115,"(73, 1)",1,-0.08
581,116,"(74, 1)",1,-0.08
581,117,"(75, 1)",1,-0.08
581,118,"(76, 1)",1,-0.08
581,119,"(77, 1)",1,-0.08
581,120,"(78, 1)",0,-0.08
581,121,"(78, 0)",1,8.33
582,0,"(0, 39)",1,-0.08
582,1,"(1, 39)",1,-0.08
582,2,"(2, 39)",1,-0.08
582,3,"(3, 39)",1,-0.08
582,4,"(4, 39)",1,-0.08
582,5,"(5, 39)",1,-0.08
582,6,"(6, 39)",1,-0.08
582,7,"(7, 39)",1,-0.08
582,8,"(8, 39)",1,-0.08
582,9,"(9, 39)",1,-0.08
582,10,"(10, 39)",0,-0.08
582,11,"(10, 38)",0,-0.08
582,12,"(10, 37)",1,-0.08
582,13,"(11, 37)",1,-0.08
582,14,"(12, 37)",1,-0.08
582,15,"(13, 37)",1,-0.08
582,16,"(14, 37)",1,-0.08
582,17,"(15, 37)",1,-0.08
582,18,"(16, 37)",1,-0.08
582,19,"(17, 37)",0,-0.08
582,20,"(17, 36)",0,-0.08
582,21,"(17, 35)",0,-0.08
582,22,"(17, 34)",1,-0.08
582,23,"(18, 34)",0,-0.08
582,24,"(18, 33)",1,-0.08
582,25,"(19, 33)",0,-0.08
582,26,"(19, 32)",0,-0.08
582,27,"(19, 31)",0,-0.08
582,28,"(19, 30)",0,-0.08
582,29,"(19, 29)",1,-0.08
582,30,"(20, 29)",0,-0.08
582,31,"(20, 28)",0,-0.08
582,32,"(20, 27)",1,-0.08
582,33,"(21, 27)",0,-0.08
582,34,"(21, 26)",1,-0.08
582,35,"(22, 26)",1,-0.08
582,36,"(23, 26)",1,-0.08
582,37,"(24, 26)",1,-0.08
582,38,"(25, 26)",0,-0.08
582,39,"(25, 25)",0,-0.08
582,40,"(25, 24)",0,-0.08
582,41,"(25, 23)",0,-0.08
582,42,"(25, 22)",0,-0.08
582,43,"(25, 21)",0,-0.08
582,44,"(25, 20)",0,-0.08
582,45,"(25, 19)",0,-0.08
582,46,"(25, 18)",1,-0.08
582,47,"(26, 18)",1,-0.08
582,48,"(27, 18)",0,-0.08
582,49,"(27, 17)",0,-0.08
582,50,"(27, 16)",1,-0.08
582,51,"(28, 16)",1,-0.08
582,52,"(29, 16)",0,-0.08
582,53,"(29, 15)",1,-0.08
582,54,"(30, 15)",1,-0.08
582,55,"(31, 15)",1,-0.08
582,56,"(32, 15)",0,-0.08
582,57,"(32, 14)",0,-0.08
582,58,"(32, 13)",1,-0.08
582,59,"(33, 13)",1,-0.08
582,60,"(34, 13)",1,-0.08
582,61,"(35, 13)",1,-0.08
582,62,"(36, 13)",1,-0.08
582,63,"(37, 13)",1,-0.08
582,64,"(38, 13)",1,-0.08
582,65,"(39, 13)",0,-0.08
582,66,"(39, 12)",0,-0.08
582,67,"(39, 11)",1,-0.08
582,68,"(40, 11)",1,-0.08
582,69,"(41, 11)",1,-0.08
582,70,"(42, 11)",1,-0.08
582,71,"(43, 11)",1,-0.08
582,72,"(44, 11)",1,-0.08
582,73,"(45, 11)",0,-0.08
582,74,"(45, 10)",0,-0.08
582,75,"(45, 9)",0,-0.08
582,76,"(45, 8)",1,-0.08
582,77,"(46, 8)",0,-0.08
582,78,"(46, 7)",1,-0.08
582,79,"(47, 7)",0,-0.08
582,80,"(47, 6)",1,-0.08
582,81,"(48, 6)",1,-0.08
582,82,"(49, 6)",0,-0.08
582,83,"(49, 5)",1,-0.08
582,84,"(50, 5)",1,-0.08
582,85,"(51, 5)",0,-0.08
582,86,"(51, 4)",0,-0.08
582,87,"(51, 3)",0,-0.08
582,88,"(51, 2)",1,-0.08
582,89,"(52, 2)",0,-0.08
582,90,"(52, 1)",1,-0.08
582,91,"(53, 1)",1,-0.08
582,92,"(54, 1)",1,-0.08
582,93,"(55, 1)",1,-0.08
582,94,"(56, 1)",1,-0.08
582,95,"(57, 1)",1,-0.08
582,96,"(58, 1)",1,-0.08
582,97,"(59, 1)",1,-0.08
582,98,"(60, 1)",1,-0.08
582,99,"(61, 1)",1,-0.08
582,100,"(62, 1)",1,-0.08
582,101,"(63, 1)",1,-0.08
582,102,"(64, 1)",1,-0.08
582,103,"(65, 1)",1,-0.08
582,104,"(66, 1)",1,-0.08
582,105,"(67, 1)",1,-0.08
582,106,"(68, 1)",1,-0.08
582,107,"(69, 1)",1,-0.08
582,108,"(70, 1)",1,-0.08
582,109,"(71, 1)",2,-0.08
582,110,"(71, 2)",2,-0.08
582,111,"(71, 3)",1,-0.08
582,112,"(72, 3)",1,-0.08
582,113,"(73, 3)",1,-0.08
582,114,"(74, 3)",1,-0.08
582,115,"(75, 3)",1,-0.08
582,116,"(76, 3)",1,-0.08
582,117,"(77, 3)",0,-0.08
582,118,"(77, 2)",0,-0.08
582,119,"(77, 1)",1,-0.08
582,120,"(78, 1)",1,-0.08
582,121,"(79, 1)",0,8.33
583,0,"(0, 39)",1,-0.08
583,1,"(1, 39)",1,-0.08
583,2,"(2, 39)",1,-0.08
583,3,"(3, 39)",1,-0.08
583,4,"(4, 39)",1,-0.08
583,5,"(5, 39)",1,-0.08
583,6,"(6, 39)",1,-0.08
583,7,"(7, 39)",1,-0.08
583,8,"(8, 39)",1,-0.08
583,9,"(9, 39)",1,-0.08
583,10,"(10, 39)",0,-0.08
583,11,"(10, 38)",1,-0.08
583,12,"(11, 38)",0,-0.08
583,13,"(11, 37)",1,-0.08
583,14,"(12, 37)",1,-0.08
583,15,"(13, 37)",1,-0.08
583,16,"(14, 37)",1,-0.08
583,17,"(15, 37)",0,-0.08
583,18,"(15, 36)",1,-0.08
583,19,"(16, 36)",1,-0.08
583,20,"(17, 36)",0,-0.08
583,21,"(17, 35)",1,-0.08
583,22,"(18, 35)",0,-0.08
583,23,"(18, 34)",1,-0.08
583,24,"(19, 34)",0,-0.08
583,25,"(19, 33)",0,-0.08
583,26,"(19, 32)",0,-0.08
583,27,"(19, 31)",0,-0.08
583,28,"(19, 30)",0,-0.08
583,29,"(19, 29)",1,-0.08
583,30,"(20, 29)",0,-0.08
583,31,"(20, 28)",0,-0.08
583,32,"(20, 27)",1,-0.08
583,33,"(21, 27)",0,-0.08
583,34,"(21, 26)",0,-0.08
583,35,"(21, 25)",1,-0.08
583,36,"(22, 25)",0,-0.08
583,37,"(22, 24)",0,-0.08
583,38,"(22, 23)",1,-0.08
583,39,"(23, 23)",1,-0.08
583,40,"(24, 23)",1,-0.08
583,41,"(25, 23)",0,-0.08
583,42,"(25, 22)",0,-0.08
583,43,"(25, 21)",0,-0.08
583,44,"(25, 20)",0,-0.08
583,45,"(25, 19)",1,-0.08
583,46,"(26, 19)",1,-0.08
583,47,"(27, 19)",1,-0.08
583,48,"(28, 19)",1,-0.08
583,49,"(29, 19)",1,-0.08
583,50,"(30, 19)",1,-0.08
583,51,"(31, 19)",1,-0.08
583,52,"(32, 19)",1,-0.08
583,53,"(33, 19)",1,-0.08
583,54,"(34, 19)",1,-0.08
583,55,"(35, 19)",0,-0.08
583,56,"(35, 18)",0,-0.08
583,57,"(35, 17)",0,-0.08
583,58,"(35, 16)",0,-0.08
583,59,"(35, 15)",0,-0.08
583,60,"(35, 14)",0,-0.08
583,61,"(35, 13)",1,-0.08
583,62,"(36, 13)",1,-0.08
583,63,"(37, 13)",1,-0.08
583,64,"(38, 13)",1,-0.08
583,65,"(39, 13)",0,-0.08
583,66,"(39, 12)",0,-0.08
583,67,"(39, 11)",1,-0.08
583,68,"(40, 11)",1,-0.08
583,69,"(41, 11)",1,-0.08
583,70,"(42, 11)",1,-0.08
583,71,"(43, 11)",1,-0.08
583,72,"(44, 11)",1,-0.08
583,73,"(45, 11)",0,-0.08
583,74,"(45, 10)",0,-0.08
583,75,"(45, 9)",1,-0.08
583,76,"(46, 9)",0,-0.08
583,77,"(46, 8)",0,-0.08
583,78,"(46, 7)",1,-0.08
583,79,"(47, 7)",0,-0.08
583,80,"(47, 6)",1,-0.08
583,81,"(48, 6)",1,-0.08
583,82,"(49, 6)",0,-0.08
583,83,"(49, 5)",1,-0.08
583,84,"(50, 5)",1,-0.08
583,85,"(51, 5)",0,-0.08
583,86,"(51, 4)",0,-0.08
583,87,"(51, 3)",0,-0.08
583,88,"(51, 2)",1,-0.08
583,89,"(52, 2)",0,-0.08
583,90,"(52, 1)",1,-0.08
583,91,"(53, 1)",1,-0.08
583,92,"(54, 1)",1,-0.08
583,93,"(55, 1)",1,-0.08
583,94,"(56, 1)",1,-0.08
583,95,"(57, 1)",1,-0.08
583,96,"(58, 1)",1,-0.08
583,97,"(59, 1)",1,-0.08
583,98,"(60, 1)",1,-0.08
583,99,"(61, 1)",1,-0.08
583,100,"(62, 1)",1,-0.08
583,101,"(63, 1)",1,-0.08
583,102,"(64, 1)",1,-0.08
583,103,"(65, 1)",1,-0.08
583,104,"(66, 1)",1,-0.08
583,105,"(67, 1)",1,-0.08
583,106,"(68, 1)",1,-0.08
583,107,"(69, 1)",1,-0.08
583,108,"(70, 1)",1,-0.08
583,109,"(71, 1)",2,-0.08
583,110,"(71, 2)",2,-0.08
583,111,"(71, 3)",1,-0.08
583,112,"(72, 3)",1,-0.08
583,113,"(73, 3)",0,-0.08
583,114,"(73, 2)",0,-0.08
583,115,"(73, 1)",1,-0.08
583,116,"(74, 1)",1,-0.08
583,117,"(75, 1)",0,-0.08
583,118,"(75, 0)",1,-0.08
583,119,"(76, 0)",1,-0.08
583,120,"(77, 0)",1,-0.08
583,121,"(78, 0)",1,8.33
584,0,"(0, 39)",1,-0.08
584,1,"(1, 39)",1,-0.08
584,2,"(2, 39)",1,-0.08
584,3,"(3, 39)",1,-0.08
584,4,"(4, 39)",1,-0.08
584,5,"(5, 39)",1,-0.08
584,6,"(6, 39)",1,-0.08
584,7,"(7, 39)",1,-0.08
584,8,"(8, 39)",1,-0.08
584,9,"(9, 39)",1,-0.08
584,10,"(10, 39)",0,-0.08
584,11,"(10, 38)",0,-0.08
584,12,"(10, 37)",1,-0.08
584,13,"(11, 37)",1,-0.08
584,14,"(12, 37)",1,-0.08
584,15,"(13, 37)",1,-0.08
584,16,"(14, 37)",1,-0.08
584,17,"(15, 37)",1,-0.08
584,18,"(16, 37)",1,-0.08
584,19,"(17, 37)",1,-0.08
584,20,"(18, 37)",1,-0.08
584,21,"(19, 37)",0,-0.08
584,22,"(19, 36)",0,-0.08
584,23,"(19, 35)",0,-0.08
584,24,"(19, 34)",0,-0.08
584,25,"(19, 33)",0,-0.08
584,26,"(19, 32)",0,-0.08
584,27,"(19, 31)",0,-0.08
584,28,"(19, 30)",0,-0.08
584,29,"(19, 29)",1,-0.08
584,30,"(20, 29)",0,-0.08
584,31,"(20, 28)",0,-0.08
584,32,"(20, 27)",1,-0.08
584,33,"(21, 27)",0,-0.08
584,34,"(21, 26)",0,-0.08
584,35,"(21, 25)",1,-0.08
584,36,"(22, 25)",0,-0.08
584,37,"(22, 24)",0,-0.08
584,38,"(22, 23)",1,-0.08
584,39,"(23, 23)",1,-0.08
584,40,"(24, 23)",1,-0.08
584,41,"(25, 23)",0,-0.08
584,42,"(25, 22)",0,-0.08
584,43,"(25, 21)",0,-0.08
584,44,"(25, 20)",0,-0.08
584,45,"(25, 19)",0,-0.08
584,46,"(25, 18)",1,-0.08
584,47,"(26, 18)",1,-0.08
584,48,"(27, 18)",0,-0.08
584,49,"(27, 17)",0,-0.08
584,50,"(27, 16)",1,-0.08
584,51,"(28, 16)",1,-0.08
584,52,"(29, 16)",0,-0.08
584,53,"(29, 15)",1,-0.08
584,54,"(30, 15)",1,-0.08
584,55,"(31, 15)",1,-0.08
584,56,"(32, 15)",0,-0.08
584,57,"(32, 14)",0,-0.08
584,58,"(32, 13)",1,-0.08
584,59,"(33, 13)",1,-0.08
584,60,"(34, 13)",1,-0.08
584,61,"(35, 13)",1,-0.08
584,62,"(36, 13)",1,-0.08
584,63,"(37, 13)",1,-0.08
584,64,"(38, 13)",1,-0.08
584,65,"(39, 13)",0,-0.08
584,66,"(39, 12)",0,-0.08
584,67,"(39, 11)",1,-0.08
584,68,"(40, 11)",1,-0.08
584,69,"(41, 11)",1,-0.08
584,70,"(42, 11)",1,-0.08
584,71,"(43, 11)",1,-0.08
584,72,"(44, 11)",1,-0.08
584,73,"(45, 11)",0,-0.08
584,74,"(45, 10)",1,-0.08
584,75,"(46, 10)",0,-0.08
584,76,"(46, 9)",0,-0.08
584,77,"(46, 8)",0,-0.08
584,78,"(46, 7)",0,-0.08
584,79,"(46, 6)",1,-0.08
584,80,"(47, 6)",1,-0.08
584,81,"(48, 6)",1,-0.08
584,82,"(49, 6)",0,-0.08
584,83,"(49, 5)",1,-0.08
584,84,"(50, 5)",1,-0.08
584,85,"(51, 5)",0,-0.08
584,86,"(51, 4)",0,-0.08
584,87,"(51, 3)",0,-0.08
584,88,"(51, 2)",0,-0.08
584,89,"(51, 1)",1,-0.08
584,90,"(52, 1)",1,-0.08
584,91,"(53, 1)",1,-0.08
584,92,"(54, 1)",1,-0.08
584,93,"(55, 1)",1,-0.08
584,94,"(56, 1)",1,-0.08
584,95,"(57, 1)",1,-0.08
584,96,"(58, 1)",1,-0.08
584,97,"(59, 1)",1,-0.08
584,98,"(60, 1)",1,-0.08
584,99,"(61, 1)",1,-0.08
584,100,"(62, 1)",1,-0.08
584,101,"(63, 1)",1,-0.08
584,102,"(64, 1)",1,-0.08
584,103,"(65, 1)",1,-0.08
584,104,"(66, 1)",1,-0.08
584,105,"(67, 1)",1,-0.08
584,106,"(68, 1)",1,-0.08
584,107,"(69, 1)",1,-0.08
584,108,"(70, 1)",1,-0.08
584,109,"(71, 1)",2,-0.08
584,110,"(71, 2)",2,-0.08
584,111,"(71, 3)",1,-0.08
584,112,"(72, 3)",1,-0.08
584,113,"(73, 3)",1,-0.08
584,114,"(74, 3)",1,-0.08
584,115,"(75, 3)",1,-0.08
584,116,"(76, 3)",1,-0.08
584,117,"(77, 3)",0,-0.08
584,118,"(77, 2)",0,-0.08
584,119,"(77, 1)",1,-0.08
584,120,"(78, 1)",0,-0.08
584,121,"(78, 0)",1,8.33
585,0,"(0, 39)",1,-0.08
585,1,"(1, 39)",1,-0.08
585,2,"(2, 39)",1,-0.08
585,3,"(3, 39)",1,-0.08
585,4,"(4, 39)",1,-0.08
585,5,"(5, 39)",1,-0.08
585,6,"(6, 39)",1,-0.08
585,7,"(7, 39)",1,-0.08
585,8,"(8, 39)",1,-0.08
585,9,"(9, 39)",1,-0.08
585,10,"(10, 39)",0,-0.08
585,11,"(10, 38)",0,-0.08
585,12,"(10, 37)",1,-0.08
585,13,"(11, 37)",1,-0.08
585,14,"(12, 37)",1,-0.08
585,15,"(13, 37)",1,-0.08
585,16,"(14, 37)",1,-0.08
585,17,"(15, 37)",0,-0.08
585,18,"(15, 36)",1,-0.08
585,19,"(16, 36)",1,-0.08
585,20,"(17, 36)",0,-0.08
585,21,"(17, 35)",0,-0.08
585,22,"(17, 34)",1,-0.08
585,23,"(18, 34)",1,-0.08
585,24,"(19, 34)",0,-0.08
585,25,"(19, 33)",0,-0.08
585,26,"(19, 32)",0,-0.08
585,27,"(19, 31)",0,-0.08
585,28,"(19, 30)",0,-0.08
585,29,"(19, 29)",1,-0.08
585,30,"(20, 29)",0,-0.08
585,31,"(20, 28)",0,-0.08
585,32,"(20, 27)",1,-0.08
585,33,"(21, 27)",0,-0.08
585,34,"(21, 26)",1,-0.08
585,35,"(22, 26)",1,-0.08
585,36,"(23, 26)",1,-0.08
585,37,"(24, 26)",1,-0.08
585,38,"(25, 26)",0,-0.08
585,39,"(25, 25)",1,-0.08
585,40,"(26, 25)",1,-0.08
585,41,"(27, 25)",1,-0.08
585,42,"(28, 25)",1,-0.08
585,43,"(29, 25)",1,-0.08
585,44,"(30, 25)",1,-0.08
585,45,"(31, 25)",0,-0.08
585,46,"(31, 24)",0,-0.08
585,47,"(31, 23)",1,-0.08
585,48,"(32, 23)",1,-0.08
585,49,"(33, 23)",0,-0.08
585,50,"(33, 22)",0,-0.08
585,51,"(33, 21)",1,-0.08
585,52,"(34, 21)",1,-0.08
585,53,"(35, 21)",1,-0.08
585,54,"(36, 21)",1,-0.08
585,55,"(37, 21)",1,-0.08
585,56,"(38, 21)",1,-0.08
585,57,"(39, 21)",0,-0.08
585,58,"(39, 20)",1,-0.08
585,59,"(40, 20)",1,-0.08
585,60,"(41, 20)",1,-0.08
585,61,"(42, 20)",1,-0.08
585,62,"(43, 20)",0,-0.08
585,63,"(43, 19)",1,-0.08
585,64,"(44, 19)",0,-0.08
585,65,"(44, 18)",0,-0.08
585,66,"(44, 17)",0,-0.08
585,67,"(44, 16)",0,-0.08
585,68,"(44, 15)",1,-0.08
585,69,"(45, 15)",0,-0.08
585,70,"(45, 14)",0,-0.08
585,71,"(45, 13)",0,-0.08
585,72,"(45, 12)",0,-0.08
585,73,"(45, 11)",0,-0.08
585,74,"(45, 10)",1,-0.08
585,75,"(46, 10)",0,-0.08
585,76,"(46, 9)",0,-0.08
585,77,"(46, 8)",0,-0.08
585,78,"(46, 7)",1,-0.08
585,79,"(47, 7)",0,-0.08
585,80,"(47, 6)",1,-0.08
585,81,"(48, 6)",1,-0.08
585,82,"(49, 6)",0,-0.08
585,83,"(49, 5)",1,-0.08
585,84,"(50, 5)",1,-0.08
585,85,"(51, 5)",1,-0.08
585,86,"(52, 5)",1,-0.08
585,87,"(53, 5)",0,-0.08
585,88,"(53, 4)",0,-0.08
585,89,"(53, 3)",0,-0.08
585,90,"(53, 2)",0,-0.08
585,91,"(53, 1)",1,-0.08
585,92,"(54, 1)",1,-0.08
585,93,"(55, 1)",1,-0.08
585,94,"(56, 1)",1,-0.08
585,95,"(57, 1)",1,-0.08
585,96,"(58, 1)",1,-0.08
585,97,"(59, 1)",1,-0.08
585,98,"(60, 1)",1,-0.08
585,99,"(61, 1)",1,-0.08
585,100,"(62, 1)",1,-0.08
585,101,"(63, 1)",1,-0.08
585,102,"(64, 1)",1,-0.08
585,103,"(65, 1)",1,-0.08
585,104,"(66, 1)",1,-0.08
585,105,"(67, 1)",1,-0.08
585,106,"(68, 1)",1,-0.08
585,107,"(69, 1)",1,-0.08
585,108,"(70, 1)",1,-0.08
585,109,"(71, 1)",2,-0.08
585,110,"(71, 2)",2,-0.08
585,111,"(71, 3)",1,-0.08
585,112,"(72, 3)",1,-0.08
585,113,"(73, 3)",1,-0.08
585,114,"(74, 3)",1,-0.08
585,115,"(75, 3)",1,-0.08
585,116,"(76, 3)",1,-0.08
585,117,"(77, 3)",0,-0.08
585,118,"(77, 2)",0,-0.08
585,119,"(77, 1)",0,-0.08
585,120,"(77, 0)",1,-0.08
585,121,"(78, 0)",1,8.33
586,0,"(0, 39)",1,-0.08
586,1,"(1, 39)",1,-0.08
586,2,"(2, 39)",1,-0.08
586,3,"(3, 39)",1,-0.08
586,4,"(4, 39)",1,-0.08
586,5,"(5, 39)",1,-0.08
586,6,"(6, 39)",1,-0.08
586,7,"(7, 39)",1,-0.08
586,8,"(8, 39)",1,-0.08
586,9,"(9, 39)",1,-0.08
586,10,"(10, 39)",0,-0.08
586,11,"(10, 38)",1,-0.08
586,12,"(11, 38)",0,-0.08
586,13,"(11, 37)",1,-0.08
586,14,"(12, 37)",1,-0.08
586,15,"(13, 37)",1,-0.08
586,16,"(14, 37)",1,-0.08
586,17,"(15, 37)",0,-0.08
586,18,"(15, 36)",1,-0.08
586,19,"(16, 36)",1,-0.08
586,20,"(17, 36)",0,-0.08
586,21,"(17, 35)",1,-0.08
586,22,"(18, 35)",1,-0.08
586,23,"(19, 35)",0,-0.08
586,24,"(19, 34)",0,-0.08
586,25,"(19, 33)",0,-0.08
586,26,"(19, 32)",0,-0.08
586,27,"(19, 31)",0,-0.08
586,28,"(19, 30)",0,-0.08
586,29,"(19, 29)",1,-0.08
586,30,"(20, 29)",0,-0.08
586,31,"(20, 28)",0,-0.08
586,32,"(20, 27)",1,-0.08
586,33,"(21, 27)",0,-0.08
586,34,"(21, 26)",1,-0.08
586,35,"(22, 26)",0,-0.08
586,36,"(22, 25)",1,-0.08
586,37,"(23, 25)",1,-0.08
586,38,"(24, 25)",1,-0.08
586,39,"(25, 25)",1,-0.08
586,40,"(26, 25)",1,-0.08
586,41,"(27, 25)",1,-0.08
586,42,"(28, 25)",1,-0.08
586,43,"(29, 25)",1,-0.08
586,44,"(30, 25)",1,-0.08
586,45,"(31, 25)",0,-0.08
586,46,"(31, 24)",0,-0.08
586,47,"(31, 23)",1,-0.08
586,48,"(32, 23)",1,-0.08
586,49,"(33, 23)",0,-0.08
586,50,"(33, 22)",0,-0.08
586,51,"(33, 21)",1,-0.08
586,52,"(34, 21)",1,-0.08
586,53,"(35, 21)",0,-0.08
586,54,"(35, 20)",0,-0.08
586,55,"(35, 19)",1,-0.08
586,56,"(36, 19)",1,-0.08
586,57,"(37, 19)",0,-0.08
586,58,"(37, 18)",0,-0.08
586,59,"(37, 17)",0,-0.08
586,60,"(37, 16)",0,-0.08
586,61,"(37, 15)",0,-0.08
586,62,"(37, 14)",0,-0.08
586,63,"(37, 13)",1,-0.08
586,64,"(38, 13)",1,-0.08
586,65,"(39, 13)",0,-0.08
586,66,"(39, 12)",0,-0.08
586,67,"(39, 11)",1,-0.08
586,68,"(40, 11)",1,-0.08
586,69,"(41, 11)",1,-0.08
586,70,"(42, 11)",1,-0.08
586,71,"(43, 11)",1,-0.08
586,72,"(44, 11)",1,-0.08
586,73,"(45, 11)",0,-0.08
586,74,"(45, 10)",1,-0.08
586,75,"(46, 10)",0,-0.08
586,76,"(46, 9)",0,-0.08
586,77,"(46, 8)",0,-0.08
586,78,"(46, 7)",1,-0.08
586,79,"(47, 7)",0,-0.08
586,80,"(47, 6)",1,-0.08
586,81,"(48, 6)",1,-0.08
586,82,"(49, 6)",0,-0.08
586,83,"(49, 5)",1,-0.08
586,84,"(50, 5)",1,-0.08
586,85,"(51, 5)",1,-0.08
586,86,"(52, 5)",1,-0.08
586,87,"(53, 5)",0,-0.08
586,88,"(53, 4)",0,-0.08
586,89,"(53, 3)",0,-0.08
586,90,"(53, 2)",0,-0.08
586,91,"(53, 1)",1,-0.08
586,92,"(54, 1)",1,-0.08
586,93,"(55, 1)",1,-0.08
586,94,"(56, 1)",1,-0.08
586,95,"(57, 1)",1,-0.08
586,96,"(58, 1)",1,-0.08
586,97,"(59, 1)",1,-0.08
586,98,"(60, 1)",1,-0.08
586,99,"(61, 1)",1,-0.08
586,100,"(62, 1)",1,-0.08
586,101,"(63, 1)",1,-0.08
586,102,"(64, 1)",1,-0.08
586,103,"(65, 1)",1,-0.08
586,104,"(66, 1)",1,-0.08
586,105,"(67, 1)",1,-0.08
586,106,"(68, 1)",1,-0.08
586,107,"(69, 1)",1,-0.08
586,108,"(70, 1)",1,-0.08
586,109,"(71, 1)",2,-0.08
586,110,"(71, 2)",2,-0.08
586,111,"(71, 3)",1,-0.08
586,112,"(72, 3)",1,-0.08
586,113,"(73, 3)",0,-0.08
586,114,"(73, 2)",0,-0.08
586,115,"(73, 1)",0,-0.08
586,116,"(73, 0)",1,-0.08
586,117,"(74, 0)",1,-0.08
586,118,"(75, 0)",1,-0.08
586,119,"(76, 0)",1,-0.08
586,120,"(77, 0)",1,-0.08
586,121,"(78, 0)",1,8.33
587,0,"(0, 39)",1,-0.08
587,1,"(1, 39)",1,-0.08
587,2,"(2, 39)",1,-0.08
587,3,"(3, 39)",1,-0.08
587,4,"(4, 39)",1,-0.08
587,5,"(5, 39)",1,-0.08
587,6,"(6, 39)",1,-0.08
587,7,"(7, 39)",1,-0.08
587,8,"(8, 39)",1,-0.08
587,9,"(9, 39)",1,-0.08
587,10,"(10, 39)",0,-0.08
587,11,"(10, 38)",0,-0.08
587,12,"(10, 37)",1,-0.08
587,13,"(11, 37)",1,-0.08
587,14,"(12, 37)",1,-0.08
587,15,"(13, 37)",1,-0.08
587,16,"(14, 37)",1,-0.08
587,17,"(15, 37)",1,-0.08
587,18,"(16, 37)",1,-0.08
587,19,"(17, 37)",0,-0.08
587,20,"(17, 36)",0,-0.08
587,21,"(17, 35)",1,-0.08
587,22,"(18, 35)",1,-0.08
587,23,"(19, 35)",0,-0.08
587,24,"(19, 34)",0,-0.08
587,25,"(19, 33)",0,-0.08
587,26,"(19, 32)",0,-0.08
587,27,"(19, 31)",0,-0.08
587,28,"(19, 30)",0,-0.08
587,29,"(19, 29)",1,-0.08
587,30,"(20, 29)",0,-0.08
587,31,"(20, 28)",0,-0.08
587,32,"(20, 27)",1,-0.08
587,33,"(21, 27)",0,-0.08
587,34,"(21, 26)",1,-0.08
587,35,"(22, 26)",0,-0.08
587,36,"(22, 25)",1,-0.08
587,37,"(23, 25)",1,-0.08
587,38,"(24, 25)",1,-0.08
587,39,"(25, 25)",1,-0.08
587,40,"(26, 25)",1,-0.08
587,41,"(27, 25)",1,-0.08
587,42,"(28, 25)",1,-0.08
587,43,"(29, 25)",1,-0.08
587,44,"(30, 25)",1,-0.08
587,45,"(31, 25)",0,-0.08
587,46,"(31, 24)",0,-0.08
587,47,"(31, 23)",1,-0.08
587,48,"(32, 23)",1,-0.08
587,49,"(33, 23)",0,-0.08
587,50,"(33, 22)",0,-0.08
587,51,"(33, 21)",1,-0.08
587,52,"(34, 21)",1,-0.08
587,53,"(35, 21)",1,-0.08
587,54,"(36, 21)",1,-0.08
587,55,"(37, 21)",1,-0.08
587,56,"(38, 21)",1,-0.08
587,57,"(39, 21)",0,-0.08
587,58,"(39, 20)",0,-0.08
587,59,"(39, 19)",0,-0.08
587,60,"(39, 18)",0,-0.08
587,61,"(39, 17)",0,-0.08
587,62,"(39, 16)",0,-0.08
587,63,"(39, 15)",1,-0.08
587,64,"(40, 15)",1,-0.08
587,65,"(41, 15)",0,-0.08
587,66,"(41, 14)",0,-0.08
587,67,"(41, 13)",0,-0.08
587,68,"(41, 12)",0,-0.08
587,69,"(41, 11)",1,-0.08
587,70,"(42, 11)",1,-0.08
587,71,"(43, 11)",1,-0.08
587,72,"(44, 11)",1,-0.08
587,73,"(45, 11)",0,-0.08
587,74,"(45, 10)",0,-0.08
587,75,"(45, 9)",1,-0.08
587,76,"(46, 9)",0,-0.08
587,77,"(46, 8)",0,-0.08
587,78,"(46, 7)",1,-0.08
587,79,"(47, 7)",0,-0.08
587,80,"(47, 6)",1,-0.08
587,81,"(48, 6)",1,-0.08
587,82,"(49, 6)",0,-0.08
587,83,"(49, 5)",1,-0.08
587,84,"(50, 5)",1,-0.08
587,85,"(51, 5)",1,-0.08
587,86,"(52, 5)",1,-0.08
587,87,"(53, 5)",0,-0.08
587,88,"(53, 4)",0,-0.08
587,89,"(53, 3)",0,-0.08
587,90,"(53, 2)",0,-0.08
587,91,"(53, 1)",1,-0.08
587,92,"(54, 1)",1,-0.08
587,93,"(55, 1)",1,-0.08
587,94,"(56, 1)",1,-0.08
587,95,"(57, 1)",1,-0.08
587,96,"(58, 1)",1,-0.08
587,97,"(59, 1)",1,-0.08
587,98,"(60, 1)",1,-0.08
587,99,"(61, 1)",1,-0.08
587,100,"(62, 1)",1,-0.08
587,101,"(63, 1)",1,-0.08
587,102,"(64, 1)",1,-0.08
587,103,"(65, 1)",1,-0.08
587,104,"(66, 1)",1,-0.08
587,105,"(67, 1)",1,-0.08
587,106,"(68, 1)",1,-0.08
587,107,"(69, 1)",1,-0.08
587,108,"(70, 1)",1,-0.08
587,109,"(71, 1)",2,-0.08
587,110,"(71, 2)",2,-0.08
587,111,"(71, 3)",1,-0.08
587,112,"(72, 3)",1,-0.08
587,113,"(73, 3)",1,-0.08
587,114,"(74, 3)",1,-0.08
587,115,"(75, 3)",1,-0.08
587,116,"(76, 3)",1,-0.08
587,117,"(77, 3)",0,-0.08
587,118,"(77, 2)",0,-0.08
587,119,"(77, 1)",0,-0.08
587,120,"(77, 0)",1,-0.08
587,121,"(78, 0)",1,8.33
588,0,"(0, 39)",1,-0.08
588,1,"(1, 39)",1,-0.08
588,2,"(2, 39)",1,-0.08
588,3,"(3, 39)",1,-0.08
588,4,"(4, 39)",1,-0.08
588,5,"(5, 39)",1,-0.08
588,6,"(6, 39)",1,-0.08
588,7,"(7, 39)",1,-0.08
588,8,"(8, 39)",1,-0.08
588,9,"(9, 39)",1,-0.08
588,10,"(10, 39)",1,-0.08
588,11,"(11, 39)",0,-0.08
588,12,"(11, 38)",0,-0.08
588,13,"(11, 37)",1,-0.08
588,14,"(12, 37)",1,-0.08
588,15,"(13, 37)",1,-0.08
588,16,"(14, 37)",1,-0.08
588,17,"(15, 37)",0,-0.08
588,18,"(15, 36)",1,-0.08
588,19,"(16, 36)",1,-0.08
588,20,"(17, 36)",0,-0.08
588,21,"(17, 35)",0,-0.08
588,22,"(17, 34)",1,-0.08
588,23,"(18, 34)",1,-0.08
588,24,"(19, 34)",0,-0.08
588,25,"(19, 33)",0,-0.08
588,26,"(19, 32)",0,-0.08
588,27,"(19, 31)",0,-0.08
588,28,"(19, 30)",0,-0.08
588,29,"(19, 29)",1,-0.08
588,30,"(20, 29)",0,-0.08
588,31,"(20, 28)",0,-0.08
588,32,"(20, 27)",1,-0.08
588,33,"(21, 27)",0,-0.08
588,34,"(21, 26)",1,-0.08
588,35,"(22, 26)",0,-0.08
588,36,"(22, 25)",1,-0.08
588,37,"(23, 25)",1,-0.08
588,38,"(24, 25)",1,-0.08
588,39,"(25, 25)",1,-0.08
588,40,"(26, 25)",1,-0.08
588,41,"(27, 25)",1,-0.08
588,42,"(28, 25)",1,-0.08
588,43,"(29, 25)",1,-0.08
588,44,"(30, 25)",1,-0.08
588,45,"(31, 25)",0,-0.08
588,46,"(31, 24)",0,-0.08
588,47,"(31, 23)",1,-0.08
588,48,"(32, 23)",1,-0.08
588,49,"(33, 23)",0,-0.08
588,50,"(33, 22)",0,-0.08
588,51,"(33, 21)",1,-0.08
588,52,"(34, 21)",1,-0.08
588,53,"(35, 21)",0,-0.08
588,54,"(35, 20)",0,-0.08
588,55,"(35, 19)",1,-0.08
588,56,"(36, 19)",1,-0.08
588,57,"(37, 19)",0,-0.08
588,58,"(37, 18)",0,-0.08
588,59,"(37, 17)",0,-0.08
588,60,"(37, 16)",0,-0.08
588,61,"(37, 15)",0,-0.08
588,62,"(37, 14)",0,-0.08
588,63,"(37, 13)",1,-0.08
588,64,"(38, 13)",1,-0.08
588,65,"(39, 13)",1,-0.08
588,66,"(40, 13)",1,-0.08
588,67,"(41, 13)",1,-0.08
588,68,"(42, 13)",1,-0.08
588,69,"(43, 13)",1,-0.08
588,70,"(44, 13)",1,-0.08
588,71,"(45, 13)",0,-0.08
588,72,"(45, 12)",0,-0.08
588,73,"(45, 11)",0,-0.08
588,74,"(45, 10)",0,-0.08
588,75,"(45, 9)",0,-0.08
588,76,"(45, 8)",0,-0.08
588,77,"(45, 7)",1,-0.08
588,78,"(46, 7)",1,-0.08
588,79,"(47, 7)",0,-0.08
588,80,"(47, 6)",1,-0.08
588,81,"(48, 6)",1,-0.08
588,82,"(49, 6)",0,-0.08
588,83,"(49, 5)",1,-0.08
588,84,"(50, 5)",1,-0.08
588,85,"(51, 5)",0,-0.08
588,86,"(51, 4)",0,-0.08
588,87,"(51, 3)",0,-0.08
588,88,"(51, 2)",0,-0.08
588,89,"(51, 1)",1,-0.08
588,90,"(52, 1)",1,-0.08
588,91,"(53, 1)",1,-0.08
588,92,"(54, 1)",1,-0.08
588,93,"(55, 1)",1,-0.08
588,94,"(56, 1)",1,-0.08
588,95,"(57, 1)",1,-0.08
588,96,"(58, 1)",1,-0.08
588,97,"(59, 1)",1,-0.08
588,98,"(60, 1)",1,-0.08
588,99,"(61, 1)",1,-0.08
588,100,"(62, 1)",1,-0.08
588,101,"(63, 1)",1,-0.08
588,102,"(64, 1)",1,-0.08
588,103,"(65, 1)",1,-0.08
588,104,"(66, 1)",1,-0.08
588,105,"(67, 1)",1,-0.08
588,106,"(68, 1)",1,-0.08
588,107,"(69, 1)",1,-0.08
588,108,"(70, 1)",1,-0.08
588,109,"(71, 1)",2,-0.08
588,110,"(71, 2)",2,-0.08
588,111,"(71, 3)",1,-0.08
588,112,"(72, 3)",1,-0.08
588,113,"(73, 3)",0,-0.08
588,114,"(73, 2)",0,-0.08
588,115,"(73, 1)",1,-0.08
588,116,"(74, 1)",1,-0.08
588,117,"(75, 1)",1,-0.08
588,118,"(76, 1)",0,-0.08
588,119,"(76, 0)",1,-0.08
588,120,"(77, 0)",1,-0.08
588,121,"(78, 0)",1,8.33
589,0,"(0, 39)",1,-0.08
589,1,"(1, 39)",1,-0.08
589,2,"(2, 39)",1,-0.08
589,3,"(3, 39)",1,-0.08
589,4,"(4, 39)",1,-0.08
589,5,"(5, 39)",1,-0.08
589,6,"(6, 39)",1,-0.08
589,7,"(7, 39)",1,-0.08
589,8,"(8, 39)",1,-0.08
589,9,"(9, 39)",1,-0.08
589,10,"(10, 39)",0,-0.08
589,11,"(10, 38)",0,-0.08
589,12,"(10, 37)",1,-0.08
589,13,"(11, 37)",1,-0.08
589,14,"(12, 37)",1,-0.08
589,15,"(13, 37)",1,-0.08
589,16,"(14, 37)",1,-0.08
589,17,"(15, 37)",1,-0.08
589,18,"(16, 37)",1,-0.08
589,19,"(17, 37)",0,-0.08
589,20,"(17, 36)",0,-0.08
589,21,"(17, 35)",0,-0.08
589,22,"(17, 34)",1,-0.08
589,23,"(18, 34)",1,-0.08
589,24,"(19, 34)",0,-0.08
589,25,"(19, 33)",0,-0.08
589,26,"(19, 32)",0,-0.08
589,27,"(19, 31)",0,-0.08
589,28,"(19, 30)",0,-0.08
589,29,"(19, 29)",1,-0.08
589,30,"(20, 29)",0,-0.08
589,31,"(20, 28)",0,-0.08
589,32,"(20, 27)",1,-0.08
589,33,"(21, 27)",0,-0.08
589,34,"(21, 26)",1,-0.08
589,35,"(22, 26)",0,-0.08
589,36,"(22, 25)",0,-0.08
589,37,"(22, 24)",0,-0.08
589,38,"(22, 23)",1,-0.08
589,39,"(23, 23)",1,-0.08
589,40,"(24, 23)",1,-0.08
589,41,"(25, 23)",0,-0.08
589,42,"(25, 22)",0,-0.08
589,43,"(25, 21)",0,-0.08
589,44,"(25, 20)",0,-0.08
589,45,"(25, 19)",0,-0.08
589,46,"(25, 18)",1,-0.08
589,47,"(26, 18)",1,-0.08
589,48,"(27, 18)",0,-0.08
589,49,"(27, 17)",0,-0.08
589,50,"(27, 16)",1,-0.08
589,51,"(28, 16)",1,-0.08
589,52,"(29, 16)",0,-0.08
589,53,"(29, 15)",1,-0.08
589,54,"(30, 15)",1,-0.08
589,55,"(31, 15)",0,-0.08
589,56,"(31, 14)",1,-0.08
589,57,"(32, 14)",0,-0.08
589,58,"(32, 13)",1,-0.08
589,59,"(33, 13)",1,-0.08
589,60,"(34, 13)",1,-0.08
589,61,"(35, 13)",1,-0.08
589,62,"(36, 13)",1,-0.08
589,63,"(37, 13)",1,-0.08
589,64,"(38, 13)",1,-0.08
589,65,"(39, 13)",0,-0.08
589,66,"(39, 12)",0,-0.08
589,67,"(39, 11)",1,-0.08
589,68,"(40, 11)",1,-0.08
589,69,"(41, 11)",1,-0.08
589,70,"(42, 11)",1,-0.08
589,71,"(43, 11)",1,-0.08
589,72,"(44, 11)",1,-0.08
589,73,"(45, 11)",0,-0.08
589,74,"(45, 10)",0,-0.08
589,75,"(45, 9)",0,-0.08
589,76,"(45, 8)",0,-0.08
589,77,"(45, 7)",1,-0.08
589,78,"(46, 7)",1,-0.08
589,79,"(47, 7)",0,-0.08
589,80,"(47, 6)",1,-0.08
589,81,"(48, 6)",1,-0.08
589,82,"(49, 6)",0,-0.08
589,83,"(49, 5)",1,-0.08
589,84,"(50, 5)",1,-0.08
589,85,"(51, 5)",1,-0.08
589,86,"(52, 5)",1,-0.08
589,87,"(53, 5)",0,-0.08
589,88,"(53, 4)",0,-0.08
589,89,"(53, 3)",0,-0.08
589,90,"(53, 2)",0,-0.08
589,91,"(53, 1)",1,-0.08
589,92,"(54, 1)",1,-0.08
589,93,"(55, 1)",1,-0.08
589,94,"(56, 1)",1,-0.08
589,95,"(57, 1)",1,-0.08
589,96,"(58, 1)",1,-0.08
589,97,"(59, 1)",1,-0.08
589,98,"(60, 1)",1,-0.08
589,99,"(61, 1)",1,-0.08
589,100,"(62, 1)",1,-0.08
589,101,"(63, 1)",1,-0.08
589,102,"(64, 1)",1,-0.08
589,103,"(65, 1)",1,-0.08
589,104,"(66, 1)",1,-0.08
589,105,"(67, 1)",1,-0.08
589,106,"(68, 1)",1,-0.08
589,107,"(69, 1)",1,-0.08
589,108,"(70, 1)",1,-0.08
589,109,"(71, 1)",2,-0.08
589,110,"(71, 2)",2,-0.08
589,111,"(71, 3)",1,-0.08
589,112,"(72, 3)",1,-0.08
589,113,"(73, 3)",0,-0.08
589,114,"(73, 2)",0,-0.08
589,115,"(73, 1)",1,-0.08
589,116,"(74, 1)",0,-0.08
589,117,"(74, 0)",1,-0.08
589,118,"(75, 0)",1,-0.08
589,119,"(76, 0)",1,-0.08
589,120,"(77, 0)",1,-0.08
589,121,"(78, 0)",1,8.33
590,0,"(0, 39)",1,-0.08
590,1,"(1, 39)",1,-0.08
590,2,"(2, 39)",1,-0.08
590,3,"(3, 39)",1,-0.08
590,4,"(4, 39)",1,-0.08
590,5,"(5, 39)",1,-0.08
590,6,"(6, 39)",1,-0.08
590,7,"(7, 39)",1,-0.08
590,8,"(8, 39)",1,-0.08
590,9,"(9, 39)",1,-0.08
590,10,"(10, 39)",0,-0.08
590,11,"(10, 38)",1,-0.08
590,12,"(11, 38)",0,-0.08
590,13,"(11, 37)",1,-0.08
590,14,"(12, 37)",1,-0.08
590,15,"(13, 37)",1,-0.08
590,16,"(14, 37)",1,-0.08
590,17,"(15, 37)",1,-0.08
590,18,"(16, 37)",1,-0.08
590,19,"(17, 37)",0,-0.08
590,20,"(17, 36)",0,-0.08
590,21,"(17, 35)",1,-0.08
590,22,"(18, 35)",0,-0.08
590,23,"(18, 34)",1,-0.08
590,24,"(19, 34)",0,-0.08
590,25,"(19, 33)",0,-0.08
590,26,"(19, 32)",0,-0.08
590,27,"(19, 31)",0,-0.08
590,28,"(19, 30)",0,-0.08
590,29,"(19, 29)",1,-0.08
590,30,"(20, 29)",0,-0.08
590,31,"(20, 28)",0,-0.08
590,32,"(20, 27)",1,-0.08
590,33,"(21, 27)",0,-0.08
590,34,"(21, 26)",1,-0.08
590,35,"(22, 26)",1,-0.08
590,36,"(23, 26)",1,-0.08
590,37,"(24, 26)",0,-0.08
590,38,"(24, 25)",1,-0.08
590,39,"(25, 25)",0,-0.08
590,40,"(25, 24)",0,-0.08
590,41,"(25, 23)",0,-0.08
590,42,"(25, 22)",0,-0.08
590,43,"(25, 21)",1,-0.08
590,44,"(26, 21)",1,-0.08
590,45,"(27, 21)",0,-0.08
590,46,"(27, 20)",0,-0.08
590,47,"(27, 19)",0,-0.08
590,48,"(27, 18)",0,-0.08
590,49,"(27, 17)",1,-0.08
590,50,"(28, 17)",1,-0.08
590,51,"(29, 17)",1,-0.08
590,52,"(30, 17)",1,-0.08
590,53,"(31, 17)",1,-0.08
590,54,"(32, 17)",0,-0.08
590,55,"(32, 16)",0,-0.08
590,56,"(32, 15)",0,-0.08
590,57,"(32, 14)",0,-0.08
590,58,"(32, 13)",1,-0.08
590,59,"(33, 13)",1,-0.08
590,60,"(34, 13)",1,-0.08
590,61,"(35, 13)",1,-0.08
590,62,"(36, 13)",1,-0.08
590,63,"(37, 13)",1,-0.08
590,64,"(38, 13)",1,-0.08
590,65,"(39, 13)",1,-0.08
590,66,"(40, 13)",1,-0.08
590,67,"(41, 13)",0,-0.08
590,68,"(41, 12)",0,-0.08
590,69,"(41, 11)",1,-0.08
590,70,"(42, 11)",1,-0.08
590,71,"(43, 11)",1,-0.08
590,72,"(44, 11)",1,-0.08
590,73,"(45, 11)",0,-0.08
590,74,"(45, 10)",1,-0.08
590,75,"(46, 10)",0,-0.08
590,76,"(46, 9)",0,-0.08
590,77,"(46, 8)",0,-0.08
590,78,"(46, 7)",1,-0.08
590,79,"(47, 7)",0,-0.08
590,80,"(47, 6)",1,-0.08
590,81,"(48, 6)",1,-0.08
590,82,"(49, 6)",0,-0.08
590,83,"(49, 5)",1,-0.08
590,84,"(50, 5)",1,-0.08
590,85,"(51, 5)",1,-0.08
590,86,"(52, 5)",1,-0.08
590,87,"(53, 5)",0,-0.08
590,88,"(53, 4)",0,-0.08
590,89,"(53, 3)",0,-0.08
590,90,"(53, 2)",0,-0.08
590,91,"(53, 1)",1,-0.08
590,92,"(54, 1)",1,-0.08
590,93,"(55, 1)",1,-0.08
590,94,"(56, 1)",1,-0.08
590,95,"(57, 1)",1,-0.08
590,96,"(58, 1)",1,-0.08
590,97,"(59, 1)",1,-0.08
590,98,"(60, 1)",1,-0.08
590,99,"(61, 1)",1,-0.08
590,100,"(62, 1)",1,-0.08
590,101,"(63, 1)",1,-0.08
590,102,"(64, 1)",1,-0.08
590,103,"(65, 1)",1,-0.08
590,104,"(66, 1)",1,-0.08
590,105,"(67, 1)",1,-0.08
590,106,"(68, 1)",1,-0.08
590,107,"(69, 1)",1,-0.08
590,108,"(70, 1)",1,-0.08
590,109,"(71, 1)",2,-0.08
590,110,"(71, 2)",2,-0.08
590,111,"(71, 3)",1,-0.08
590,112,"(72, 3)",1,-0.08
590,113,"(73, 3)",0,-0.08
590,114,"(73, 2)",0,-0.08
590,115,"(73, 1)",0,-0.08
590,116,"(73, 0)",1,-0.08
590,117,"(74, 0)",1,-0.08
590,118,"(75, 0)",1,-0.08
590,119,"(76, 0)",1,-0.08
590,120,"(77, 0)",1,-0.08
590,121,"(78, 0)",1,8.33
591,0,"(0, 39)",1,-0.08
591,1,"(1, 39)",1,-0.08
591,2,"(2, 39)",1,-0.08
591,3,"(3, 39)",1,-0.08
591,4,"(4, 39)",1,-0.08
591,5,"(5, 39)",1,-0.08
591,6,"(6, 39)",1,-0.08
591,7,"(7, 39)",1,-0.08
591,8,"(8, 39)",1,-0.08
591,9,"(9, 39)",1,-0.08
591,10,"(10, 39)",0,-0.08
591,11,"(10, 38)",0,-0.08
591,12,"(10, 37)",1,-0.08
591,13,"(11, 37)",1,-0.08
591,14,"(12, 37)",1,-0.08
591,15,"(13, 37)",1,-0.08
591,16,"(14, 37)",1,-0.08
591,17,"(15, 37)",1,-0.08
591,18,"(16, 37)",1,-0.08
591,19,"(17, 37)",1,-0.08
591,20,"(18, 37)",1,-0.08
591,21,"(19, 37)",0,-0.08
591,22,"(19, 36)",0,-0.08
591,23,"(19, 35)",0,-0.08
591,24,"(19, 34)",0,-0.08
591,25,"(19, 33)",0,-0.08
591,26,"(19, 32)",0,-0.08
591,27,"(19, 31)",0,-0.08
591,28,"(19, 30)",0,-0.08
591,29,"(19, 29)",1,-0.08
591,30,"(20, 29)",0,-0.08
591,31,"(20, 28)",0,-0.08
591,32,"(20, 27)",1,-0.08
591,33,"(21, 27)",0,-0.08
591,34,"(21, 26)",1,-0.08
591,35,"(22, 26)",0,-0.08
591,36,"(22, 25)",1,-0.08
591,37,"(23, 25)",1,-0.08
591,38,"(24, 25)",1,-0.08
591,39,"(25, 25)",1,-0.08
591,40,"(26, 25)",1,-0.08
591,41,"(27, 25)",1,-0.08
591,42,"(28, 25)",1,-0.08
591,43,"(29, 25)",1,-0.08
591,44,"(30, 25)",1,-0.08
591,45,"(31, 25)",0,-0.08
591,46,"(31, 24)",0,-0.08
591,47,"(31, 23)",1,-0.08
591,48,"(32, 23)",1,-0.08
591,49,"(33, 23)",0,-0.08
591,50,"(33, 22)",0,-0.08
591,51,"(33, 21)",1,-0.08
591,52,"(34, 21)",1,-0.08
591,53,"(35, 21)",0,-0.08
591,54,"(35, 20)",0,-0.08
591,55,"(35, 19)",1,-0.08
591,56,"(36, 19)",1,-0.08
591,57,"(37, 19)",0,-0.08
591,58,"(37, 18)",0,-0.08
591,59,"(37, 17)",0,-0.08
591,60,"(37, 16)",0,-0.08
591,61,"(37, 15)",1,-0.08
591,62,"(38, 15)",0,-0.08
591,63,"(38, 14)",0,-0.08
591,64,"(38, 13)",1,-0.08
591,65,"(39, 13)",0,-0.08
591,66,"(39, 12)",0,-0.08
591,67,"(39, 11)",1,-0.08
591,68,"(40, 11)",1,-0.08
591,69,"(41, 11)",1,-0.08
591,70,"(42, 11)",1,-0.08
591,71,"(43, 11)",1,-0.08
591,72,"(44, 11)",1,-0.08
591,73,"(45, 11)",0,-0.08
591,74,"(45, 10)",0,-0.08
591,75,"(45, 9)",0,-0.08
591,76,"(45, 8)",1,-0.08
591,77,"(46, 8)",0,-0.08
591,78,"(46, 7)",1,-0.08
591,79,"(47, 7)",0,-0.08
591,80,"(47, 6)",1,-0.08
591,81,"(48, 6)",1,-0.08
591,82,"(49, 6)",0,-0.08
591,83,"(49, 5)",1,-0.08
591,84,"(50, 5)",1,-0.08
591,85,"(51, 5)",0,-0.08
591,86,"(51, 4)",0,-0.08
591,87,"(51, 3)",0,-0.08
591,88,"(51, 2)",0,-0.08
591,89,"(51, 1)",1,-0.08
591,90,"(52, 1)",1,-0.08
591,91,"(53, 1)",1,-0.08
591,92,"(54, 1)",1,-0.08
591,93,"(55, 1)",1,-0.08
591,94,"(56, 1)",1,-0.08
591,95,"(57, 1)",1,-0.08
591,96,"(58, 1)",1,-0.08
591,97,"(59, 1)",1,-0.08
591,98,"(60, 1)",1,-0.08
591,99,"(61, 1)",1,-0.08
591,100,"(62, 1)",1,-0.08
591,101,"(63, 1)",1,-0.08
591,102,"(64, 1)",1,-0.08
591,103,"(65, 1)",1,-0.08
591,104,"(66, 1)",1,-0.08
591,105,"(67, 1)",1,-0.08
591,106,"(68, 1)",1,-0.08
591,107,"(69, 1)",1,-0.08
591,108,"(70, 1)",1,-0.08
591,109,"(71, 1)",2,-0.08
591,110,"(71, 2)",2,-0.08
591,111,"(71, 3)",1,-0.08
591,112,"(72, 3)",1,-0.08
591,113,"(73, 3)",0,-0.08
591,114,"(73, 2)",0,-0.08
591,115,"(73, 1)",0,-0.08
591,116,"(73, 0)",1,-0.08
591,117,"(74, 0)",1,-0.08
591,118,"(75, 0)",1,-0.08
591,119,"(76, 0)",1,-0.08
591,120,"(77, 0)",1,-0.08
591,121,"(78, 0)",1,8.33
592,0,"(0, 39)",1,-0.08
592,1,"(1, 39)",1,-0.08
592,2,"(2, 39)",1,-0.08
592,3,"(3, 39)",1,-0.08
592,4,"(4, 39)",1,-0.08
592,5,"(5, 39)",1,-0.08
592,6,"(6, 39)",1,-0.08
592,7,"(7, 39)",1,-0.08
592,8,"(8, 39)",1,-0.08
592,9,"(9, 39)",1,-0.08
592,10,"(10, 39)",0,-0.08
592,11,"(10, 38)",1,-0.08
592,12,"(11, 38)",0,-0.08
592,13,"(11, 37)",1,-0.08
592,14,"(12, 37)",1,-0.08
592,15,"(13, 37)",1,-0.08
592,16,"(14, 37)",1,-0.08
592,17,"(15, 37)",0,-0.08
592,18,"(15, 36)",1,-0.08
592,19,"(16, 36)",1,-0.08
592,20,"(17, 36)",0,-0.08
592,21,"(17, 35)",0,-0.08
592,22,"(17, 34)",1,-0.08
592,23,"(18, 34)",0,-0.08
592,24,"(18, 33)",1,-0.08
592,25,"(19, 33)",0,-0.08
592,26,"(19, 32)",0,-0.08
592,27,"(19, 31)",0,-0.08
592,28,"(19, 30)",0,-0.08
592,29,"(19, 29)",1,-0.08
592,30,"(20, 29)",0,-0.08
592,31,"(20, 28)",0,-0.08
592,32,"(20, 27)",1,-0.08
592,33,"(21, 27)",0,-0.08
592,34,"(21, 26)",1,-0.08
592,35,"(22, 26)",0,-0.08
592,36,"(22, 25)",0,-0.08
592,37,"(22, 24)",0,-0.08
592,38,"(22, 23)",1,-0.08
592,39,"(23, 23)",1,-0.08
592,40,"(24, 23)",1,-0.08
592,41,"(25, 23)",0,-0.08
592,42,"(25, 22)",0,-0.08
592,43,"(25, 21)",1,-0.08
592,44,"(26, 21)",1,-0.08
592,45,"(27, 21)",0,-0.08
592,46,"(27, 20)",1,-0.08
592,47,"(28, 20)",0,-0.08
592,48,"(28, 19)",1,-0.08
592,49,"(29, 19)",1,-0.08
592,50,"(30, 19)",1,-0.08
592,51,"(31, 19)",0,-0.08
592,52,"(31, 18)",0,-0.08
592,53,"(31, 17)",1,-0.08
592,54,"(32, 17)",0,-0.08
592,55,"(32, 16)",0,-0.08
592,56,"(32, 15)",0,-0.08
592,57,"(32, 14)",0,-0.08
592,58,"(32, 13)",1,-0.08
592,59,"(33, 13)",1,-0.08
592,60,"(34, 13)",1,-0.08
592,61,"(35, 13)",1,-0.08
592,62,"(36, 13)",1,-0.08
592,63,"(37, 13)",1,-0.08
592,64,"(38, 13)",1,-0.08
592,65,"(39, 13)",1,-0.08
592,66,"(40, 13)",1,-0.08
592,67,"(41, 13)",1,-0.08
592,68,"(42, 13)",1,-0.08
592,69,"(43, 13)",1,-0.08
592,70,"(44, 13)",1,-0.08
592,71,"(45, 13)",0,-0.08
592,72,"(45, 12)",0,-0.08
592,73,"(45, 11)",0,-0.08
592,74,"(45, 10)",0,-0.08
592,75,"(45, 9)",1,-0.08
592,76,"(46, 9)",0,-0.08
592,77,"(46, 8)",0,-0.08
592,78,"(46, 7)",1,-0.08
592,79,"(47, 7)",0,-0.08
592,80,"(47, 6)",1,-0.08
592,81,"(48, 6)",1,-0.08
592,82,"(49, 6)",0,-0.08
592,83,"(49, 5)",1,-0.08
592,84,"(50, 5)",1,-0.08
592,85,"(51, 5)",1,-0.08
592,86,"(52, 5)",1,-0.08
592,87,"(53, 5)",0,-0.08
592,88,"(53, 4)",0,-0.08
592,89,"(53, 3)",1,-0.08
592,90,"(54, 3)",1,-0.08
592,91,"(55, 3)",1,-0.08
592,92,"(56, 3)",1,-0.08
592,93,"(57, 3)",0,-0.08
592,94,"(57, 2)",1,-0.08
592,95,"(58, 2)",1,-0.08
592,96,"(59, 2)",0,-0.08
592,97,"(59, 1)",1,-0.08
592,98,"(60, 1)",1,-0.08
592,99,"(61, 1)",1,-0.08
592,100,"(62, 1)",1,-0.08
592,101,"(63, 1)",1,-0.08
592,102,"(64, 1)",1,-0.08
592,103,"(65, 1)",1,-0.08
592,104,"(66, 1)",1,-0.08
592,105,"(67, 1)",1,-0.08
592,106,"(68, 1)",1,-0.08
592,107,"(69, 1)",1,-0.08
592,108,"(70, 1)",1,-0.08
592,109,"(71, 1)",2,-0.08
592,110,"(71, 2)",2,-0.08
592,111,"(71, 3)",1,-0.08
592,112,"(72, 3)",1,-0.08
592,113,"(73, 3)",0,-0.08
592,114,"(73, 2)",0,-0.08
592,115,"(73, 1)",0,-0.08
592,116,"(73, 0)",1,-0.08
592,117,"(74, 0)",1,-0.08
592,118,"(75, 0)",1,-0.08
592,119,"(76, 0)",1,-0.08
592,120,"(77, 0)",1,-0.08
592,121,"(78, 0)",1,8.33
593,0,"(0, 39)",1,-0.08
593,1,"(1, 39)",1,-0.08
593,2,"(2, 39)",1,-0.08
593,3,"(3, 39)",1,-0.08
593,4,"(4, 39)",1,-0.08
593,5,"(5, 39)",1,-0.08
593,6,"(6, 39)",1,-0.08
593,7,"(7, 39)",1,-0.08
593,8,"(8, 39)",1,-0.08
593,9,"(9, 39)",1,-0.08
593,10,"(10, 39)",1,-0.08
593,11,"(11, 39)",0,-0.08
593,12,"(11, 38)",0,-0.08
593,13,"(11, 37)",1,-0.08
593,14,"(12, 37)",1,-0.08
593,15,"(13, 37)",1,-0.08
593,16,"(14, 37)",1,-0.08
593,17,"(15, 37)",1,-0.08
593,18,"(16, 37)",1,-0.08
593,19,"(17, 37)",1,-0.08
593,20,"(18, 37)",1,-0.08
593,21,"(19, 37)",0,-0.08
593,22,"(19, 36)",0,-0.08
593,23,"(19, 35)",0,-0.08
593,24,"(19, 34)",0,-0.08
593,25,"(19, 33)",0,-0.08
593,26,"(19, 32)",0,-0.08
593,27,"(19, 31)",0,-0.08
593,28,"(19, 30)",0,-0.08
593,29,"(19, 29)",1,-0.08
593,30,"(20, 29)",0,-0.08
593,31,"(20, 28)",0,-0.08
593,32,"(20, 27)",1,-0.08
593,33,"(21, 27)",0,-0.08
593,34,"(21, 26)",0,-0.08
593,35,"(21, 25)",1,-0.08
593,36,"(22, 25)",1,-0.08
593,37,"(23, 25)",1,-0.08
593,38,"(24, 25)",1,-0.08
593,39,"(25, 25)",0,-0.08
593,40,"(25, 24)",0,-0.08
593,41,"(25, 23)",0,-0.08
593,42,"(25, 22)",0,-0.08
593,43,"(25, 21)",1,-0.08
593,44,"(26, 21)",1,-0.08
593,45,"(27, 21)",0,-0.08
593,46,"(27, 20)",0,-0.08
593,47,"(27, 19)",1,-0.08
593,48,"(28, 19)",1,-0.08
593,49,"(29, 19)",1,-0.08
593,50,"(30, 19)",1,-0.08
593,51,"(31, 19)",0,-0.08
593,52,"(31, 18)",0,-0.08
593,53,"(31, 17)",1,-0.08
593,54,"(32, 17)",1,-0.08
593,55,"(33, 17)",1,-0.08
593,56,"(34, 17)",1,-0.08
593,57,"(35, 17)",0,-0.08
593,58,"(35, 16)",0,-0.08
593,59,"(35, 15)",0,-0.08
593,60,"(35, 14)",0,-0.08
593,61,"(35, 13)",1,-0.08
593,62,"(36, 13)",1,-0.08
593,63,"(37, 13)",1,-0.08
593,64,"(38, 13)",1,-0.08
593,65,"(39, 13)",0,-0.08
593,66,"(39, 12)",0,-0.08
593,67,"(39, 11)",1,-0.08
593,68,"(40, 11)",1,-0.08
593,69,"(41, 11)",1,-0.08
593,70,"(42, 11)",1,-0.08
593,71,"(43, 11)",1,-0.08
593,72,"(44, 11)",1,-0.08
593,73,"(45, 11)",0,-0.08
593,74,"(45, 10)",0,-0.08
593,75,"(45, 9)",0,-0.08
593,76,"(45, 8)",1,-0.08
593,77,"(46, 8)",0,-0.08
593,78,"(46, 7)",0,-0.08
593,79,"(46, 6)",1,-0.08
593,80,"(47, 6)",1,-0.08
593,81,"(48, 6)",1,-0.08
593,82,"(49, 6)",0,-0.08
593,83,"(49, 5)",1,-0.08
593,84,"(50, 5)",1,-0.08
593,85,"(51, 5)",0,-0.08
593,86,"(51, 4)",0,-0.08
593,87,"(51, 3)",0,-0.08
593,88,"(51, 2)",1,-0.08
593,89,"(52, 2)",0,-0.08
593,90,"(52, 1)",1,-0.08
593,91,"(53, 1)",1,-0.08
593,92,"(54, 1)",1,-0.08
593,93,"(55, 1)",1,-0.08
593,94,"(56, 1)",1,-0.08
593,95,"(57, 1)",1,-0.08
593,96,"(58, 1)",1,-0.08
593,97,"(59, 1)",1,-0.08
593,98,"(60, 1)",1,-0.08
593,99,"(61, 1)",1,-0.08
593,100,"(62, 1)",1,-0.08
593,101,"(63, 1)",1,-0.08
593,102,"(64, 1)",1,-0.08
593,103,"(65, 1)",1,-0.08
593,104,"(66, 1)",1,-0.08
593,105,"(67, 1)",1,-0.08
593,106,"(68, 1)",1,-0.08
593,107,"(69, 1)",1,-0.08
593,108,"(70, 1)",1,-0.08
593,109,"(71, 1)",2,-0.08
593,110,"(71, 2)",2,-0.08
593,111,"(71, 3)",1,-0.08
593,112,"(72, 3)",1,-0.08
593,113,"(73, 3)",1,-0.08
593,114,"(74, 3)",1,-0.08
593,115,"(75, 3)",1,-0.08
593,116,"(76, 3)",1,-0.08
593,117,"(77, 3)",0,-0.08
593,118,"(77, 2)",0,-0.08
593,119,"(77, 1)",1,-0.08
593,120,"(78, 1)",1,-0.08
593,121,"(79, 1)",0,8.33
594,0,"(0, 39)",1,-0.08
594,1,"(1, 39)",1,-0.08
594,2,"(2, 39)",1,-0.08
594,3,"(3, 39)",1,-0.08
594,4,"(4, 39)",1,-0.08
594,5,"(5, 39)",1,-0.08
594,6,"(6, 39)",1,-0.08
594,7,"(7, 39)",1,-0.08
594,8,"(8, 39)",1,-0.08
594,9,"(9, 39)",1,-0.08
594,10,"(10, 39)",0,-0.08
594,11,"(10, 38)",1,-0.08
594,12,"(11, 38)",0,-0.08
594,13,"(11, 37)",1,-0.08
594,14,"(12, 37)",1,-0.08
594,15,"(13, 37)",1,-0.08
594,16,"(14, 37)",1,-0.08
594,17,"(15, 37)",0,-0.08
594,18,"(15, 36)",0,-0.08
594,19,"(15, 35)",0,-0.08
594,20,"(15, 34)",0,-0.08
594,21,"(15, 33)",1,-0.08
594,22,"(16, 33)",1,-0.08
594,23,"(17, 33)",1,-0.08
594,24,"(18, 33)",1,-0.08
594,25,"(19, 33)",0,-0.08
594,26,"(19, 32)",0,-0.08
594,27,"(19, 31)",0,-0.08
594,28,"(19, 30)",0,-0.08
594,29,"(19, 29)",1,-0.08
594,30,"(20, 29)",0,-0.08
594,31,"(20, 28)",0,-0.08
594,32,"(20, 27)",1,-0.08
594,33,"(21, 27)",0,-0.08
594,34,"(21, 26)",1,-0.08
594,35,"(22, 26)",1,-0.08
594,36,"(23, 26)",0,-0.08
594,37,"(23, 25)",1,-0.08
594,38,"(24, 25)",1,-0.08
594,39,"(25, 25)",1,-0.08
594,40,"(26, 25)",1,-0.08
594,41,"(27, 25)",1,-0.08
594,42,"(28, 25)",1,-0.08
594,43,"(29, 25)",1,-0.08
594,44,"(30, 25)",1,-0.08
594,45,"(31, 25)",0,-0.08
594,46,"(31, 24)",0,-0.08
594,47,"(31, 23)",1,-0.08
594,48,"(32, 23)",1,-0.08
594,49,"(33, 23)",0,-0.08
594,50,"(33, 22)",0,-0.08
594,51,"(33, 21)",1,-0.08
594,52,"(34, 21)",1,-0.08
594,53,"(35, 21)",1,-0.08
594,54,"(36, 21)",1,-0.08
594,55,"(37, 21)",1,-0.08
594,56,"(38, 21)",1,-0.08
594,57,"(39, 21)",0,-0.08
594,58,"(39, 20)",0,-0.08
594,59,"(39, 19)",0,-0.08
594,60,"(39, 18)",0,-0.08
594,61,"(39, 17)",0,-0.08
594,62,"(39, 16)",0,-0.08
594,63,"(39, 15)",1,-0.08
594,64,"(40, 15)",0,-0.08
594,65,"(40, 14)",0,-0.08
594,66,"(40, 13)",1,-0.08
594,67,"(41, 13)",0,-0.08
594,68,"(41, 12)",0,-0.08
594,69,"(41, 11)",1,-0.08
594,70,"(42, 11)",1,-0.08
594,71,"(43, 11)",1,-0.08
594,72,"(44, 11)",1,-0.08
594,73,"(45, 11)",0,-0.08
594,74,"(45, 10)",1,-0.08
594,75,"(46, 10)",0,-0.08
594,76,"(46, 9)",0,-0.08
594,77,"(46, 8)",0,-0.08
594,78,"(46, 7)",1,-0.08
594,79,"(47, 7)",0,-0.08
594,80,"(47, 6)",1,-0.08
594,81,"(48, 6)",1,-0.08
594,82,"(49, 6)",0,-0.08
594,83,"(49, 5)",1,-0.08
594,84,"(50, 5)",1,-0.08
594,85,"(51, 5)",1,-0.08
594,86,"(52, 5)",1,-0.08
594,87,"(53, 5)",0,-0.08
594,88,"(53, 4)",0,-0.08
594,89,"(53, 3)",0,-0.08
594,90,"(53, 2)",0,-0.08
594,91,"(53, 1)",1,-0.08
594,92,"(54, 1)",1,-0.08
594,93,"(55, 1)",1,-0.08
594,94,"(56, 1)",1,-0.08
594,95,"(57, 1)",1,-0.08
594,96,"(58, 1)",1,-0.08
594,97,"(59, 1)",1,-0.08
594,98,"(60, 1)",1,-0.08
594,99,"(61, 1)",1,-0.08
594,100,"(62, 1)",1,-0.08
594,101,"(63, 1)",1,-0.08
594,102,"(64, 1)",1,-0.08
594,103,"(65, 1)",1,-0.08
594,104,"(66, 1)",1,-0.08
594,105,"(67, 1)",1,-0.08
594,106,"(68, 1)",1,-0.08
594,107,"(69, 1)",1,-0.08
594,108,"(70, 1)",1,-0.08
594,109,"(71, 1)",2,-0.08
594,110,"(71, 2)",2,-0.08
594,111,"(71, 3)",1,-0.08
594,112,"(72, 3)",1,-0.08
594,113,"(73, 3)",1,-0.08
594,114,"(74, 3)",1,-0.08
594,115,"(75, 3)",1,-0.08
594,116,"(76, 3)",1,-0.08
594,117,"(77, 3)",0,-0.08
594,118,"(77, 2)",0,-0.08
594,119,"(77, 1)",0,-0.08
594,120,"(77, 0)",1,-0.08
594,121,"(78, 0)",1,8.33
595,0,"(0, 39)",1,-0.08
595,1,"(1, 39)",1,-0.08
595,2,"(2, 39)",1,-0.08
595,3,"(3, 39)",1,-0.08
595,4,"(4, 39)",1,-0.08
595,5,"(5, 39)",1,-0.08
595,6,"(6, 39)",1,-0.08
595,7,"(7, 39)",1,-0.08
595,8,"(8, 39)",1,-0.08
595,9,"(9, 39)",1,-0.08
595,10,"(10, 39)",0,-0.08
595,11,"(10, 38)",0,-0.08
595,12,"(10, 37)",1,-0.08
595,13,"(11, 37)",1,-0.08
595,14,"(12, 37)",1,-0.08
595,15,"(13, 37)",1,-0.08
595,16,"(14, 37)",1,-0.08
595,17,"(15, 37)",0,-0.08
595,18,"(15, 36)",1,-0.08
595,19,"(16, 36)",1,-0.08
595,20,"(17, 36)",0,-0.08
595,21,"(17, 35)",0,-0.08
595,22,"(17, 34)",1,-0.08
595,23,"(18, 34)",0,-0.08
595,24,"(18, 33)",1,-0.08
595,25,"(19, 33)",0,-0.08
595,26,"(19, 32)",0,-0.08
595,27,"(19, 31)",0,-0.08
595,28,"(19, 30)",0,-0.08
595,29,"(19, 29)",1,-0.08
595,30,"(20, 29)",0,-0.08
595,31,"(20, 28)",0,-0.08
595,32,"(20, 27)",1,-0.08
595,33,"(21, 27)",0,-0.08
595,34,"(21, 26)",1,-0.08
595,35,"(22, 26)",1,-0.08
595,36,"(23, 26)",1,-0.08
595,37,"(24, 26)",0,-0.08
595,38,"(24, 25)",1,-0.08
595,39,"(25, 25)",1,-0.08
595,40,"(26, 25)",1,-0.08
595,41,"(27, 25)",1,-0.08
595,42,"(28, 25)",1,-0.08
595,43,"(29, 25)",1,-0.08
595,44,"(30, 25)",1,-0.08
595,45,"(31, 25)",0,-0.08
595,46,"(31, 24)",0,-0.08
595,47,"(31, 23)",1,-0.08
595,48,"(32, 23)",1,-0.08
595,49,"(33, 23)",0,-0.08
595,50,"(33, 22)",0,-0.08
595,51,"(33, 21)",1,-0.08
595,52,"(34, 21)",1,-0.08
595,53,"(35, 21)",0,-0.08
595,54,"(35, 20)",0,-0.08
595,55,"(35, 19)",0,-0.08
595,56,"(35, 18)",0,-0.08
595,57,"(35, 17)",0,-0.08
595,58,"(35, 16)",0,-0.08
595,59,"(35, 15)",0,-0.08
595,60,"(35, 14)",0,-0.08
595,61,"(35, 13)",1,-0.08
595,62,"(36, 13)",1,-0.08
595,63,"(37, 13)",1,-0.08
595,64,"(38, 13)",1,-0.08
595,65,"(39, 13)",1,-0.08
595,66,"(40, 13)",1,-0.08
595,67,"(41, 13)",0,-0.08
595,68,"(41, 12)",0,-0.08
595,69,"(41, 11)",1,-0.08
595,70,"(42, 11)",1,-0.08
595,71,"(43, 11)",1,-0.08
595,72,"(44, 11)",1,-0.08
595,73,"(45, 11)",0,-0.08
595,74,"(45, 10)",0,-0.08
595,75,"(45, 9)",1,-0.08
595,76,"(46, 9)",0,-0.08
595,77,"(46, 8)",0,-0.08
595,78,"(46, 7)",0,-0.08
595,79,"(46, 6)",1,-0.08
595,80,"(47, 6)",1,-0.08
595,81,"(48, 6)",1,-0.08
595,82,"(49, 6)",0,-0.08
595,83,"(49, 5)",1,-0.08
595,84,"(50, 5)",1,-0.08
595,85,"(51, 5)",1,-0.08
595,86,"(52, 5)",1,-0.08
595,87,"(53, 5)",0,-0.08
595,88,"(53, 4)",0,-0.08
595,89,"(53, 3)",0,-0.08
595,90,"(53, 2)",0,-0.08
595,91,"(53, 1)",1,-0.08
595,92,"(54, 1)",1,-0.08
595,93,"(55, 1)",1,-0.08
595,94,"(56, 1)",1,-0.08
595,95,"(57, 1)",1,-0.08
595,96,"(58, 1)",1,-0.08
595,97,"(59, 1)",1,-0.08
595,98,"(60, 1)",1,-0.08
595,99,"(61, 1)",1,-0.08
595,100,"(62, 1)",1,-0.08
595,101,"(63, 1)",1,-0.08
595,102,"(64, 1)",1,-0.08
595,103,"(65, 1)",1,-0.08
595,104,"(66, 1)",1,-0.08
595,105,"(67, 1)",1,-0.08
595,106,"(68, 1)",1,-0.08
595,107,"(69, 1)",1,-0.08
595,108,"(70, 1)",1,-0.08
595,109,"(71, 1)",2,-0.08
595,110,"(71, 2)",2,-0.08
595,111,"(71, 3)",1,-0.08
595,112,"(72, 3)",1,-0.08
595,113,"(73, 3)",1,-0.08
595,114,"(74, 3)",1,-0.08
595,115,"(75, 3)",1,-0.08
595,116,"(76, 3)",1,-0.08
595,117,"(77, 3)",0,-0.08
595,118,"(77, 2)",0,-0.08
595,119,"(77, 1)",1,-0.08
595,120,"(78, 1)",1,-0.08
595,121,"(79, 1)",0,8.33
596,0,"(0, 39)",1,-0.08
596,1,"(1, 39)",1,-0.08
596,2,"(2, 39)",1,-0.08
596,3,"(3, 39)",1,-0.08
596,4,"(4, 39)",1,-0.08
596,5,"(5, 39)",1,-0.08
596,6,"(6, 39)",1,-0.08
596,7,"(7, 39)",1,-0.08
596,8,"(8, 39)",1,-0.08
596,9,"(9, 39)",1,-0.08
596,10,"(10, 39)",1,-0.08
596,11,"(11, 39)",0,-0.08
596,12,"(11, 38)",0,-0.08
596,13,"(11, 37)",1,-0.08
596,14,"(12, 37)",1,-0.08
596,15,"(13, 37)",1,-0.08
596,16,"(14, 37)",1,-0.08
596,17,"(15, 37)",1,-0.08
596,18,"(16, 37)",1,-0.08
596,19,"(17, 37)",0,-0.08
596,20,"(17, 36)",0,-0.08
596,21,"(17, 35)",1,-0.08
596,22,"(18, 35)",0,-0.08
596,23,"(18, 34)",0,-0.08
596,24,"(18, 33)",1,-0.08
596,25,"(19, 33)",0,-0.08
596,26,"(19, 32)",0,-0.08
596,27,"(19, 31)",0,-0.08
596,28,"(19, 30)",0,-0.08
596,29,"(19, 29)",1,-0.08
596,30,"(20, 29)",0,-0.08
596,31,"(20, 28)",0,-0.08
596,32,"(20, 27)",1,-0.08
596,33,"(21, 27)",0,-0.08
596,34,"(21, 26)",1,-0.08
596,35,"(22, 26)",1,-0.08
596,36,"(23, 26)",1,-0.08
596,37,"(24, 26)",0,-0.08
596,38,"(24, 25)",1,-0.08
596,39,"(25, 25)",1,-0.08
596,40,"(26, 25)",1,-0.08
596,41,"(27, 25)",1,-0.08
596,42,"(28, 25)",1,-0.08
596,43,"(29, 25)",1,-0.08
596,44,"(30, 25)",1,-0.08
596,45,"(31, 25)",0,-0.08
596,46,"(31, 24)",0,-0.08
596,47,"(31, 23)",1,-0.08
596,48,"(32, 23)",1,-0.08
596,49,"(33, 23)",0,-0.08
596,50,"(33, 22)",0,-0.08
596,51,"(33, 21)",1,-0.08
596,52,"(34, 21)",1,-0.08
596,53,"(35, 21)",1,-0.08
596,54,"(36, 21)",1,-0.08
596,55,"(37, 21)",1,-0.08
596,56,"(38, 21)",1,-0.08
596,57,"(39, 21)",1,-0.08
596,58,"(40, 21)",0,-0.08
596,59,"(40, 20)",1,-0.08
596,60,"(41, 20)",1,-0.08
596,61,"(42, 20)",1,-0.08
596,62,"(43, 20)",0,-0.08
596,63,"(43, 19)",1,-0.08
596,64,"(44, 19)",0,-0.08
596,65,"(44, 18)",0,-0.08
596,66,"(44, 17)",0,-0.08
596,67,"(44, 16)",0,-0.08
596,68,"(44, 15)",1,-0.08
596,69,"(45, 15)",0,-0.08
596,70,"(45, 14)",0,-0.08
596,71,"(45, 13)",0,-0.08
596,72,"(45, 12)",0,-0.08
596,73,"(45, 11)",0,-0.08
596,74,"(45, 10)",0,-0.08
596,75,"(45, 9)",0,-0.08
596,76,"(45, 8)",0,-0.08
596,77,"(45, 7)",1,-0.08
596,78,"(46, 7)",0,-0.08
596,79,"(46, 6)",1,-0.08
596,80,"(47, 6)",1,-0.08
596,81,"(48, 6)",1,-0.08
596,82,"(49, 6)",0,-0.08
596,83,"(49, 5)",1,-0.08
596,84,"(50, 5)",1,-0.08
596,85,"(51, 5)",1,-0.08
596,86,"(52, 5)",1,-0.08
596,87,"(53, 5)",0,-0.08
596,88,"(53, 4)",0,-0.08
596,89,"(53, 3)",1,-0.08
596,90,"(54, 3)",1,-0.08
596,91,"(55, 3)",1,-0.08
596,92,"(56, 3)",0,-0.08
596,93,"(56, 2)",1,-0.08
596,94,"(57, 2)",0,-0.08
596,95,"(57, 1)",1,-0.08
596,96,"(58, 1)",1,-0.08
596,97,"(59, 1)",1,-0.08
596,98,"(60, 1)",1,-0.08
596,99,"(61, 1)",1,-0.08
596,100,"(62, 1)",1,-0.08
596,101,"(63, 1)",1,-0.08
596,102,"(64, 1)",1,-0.08
596,103,"(65, 1)",1,-0.08
596,104,"(66, 1)",1,-0.08
596,105,"(67, 1)",1,-0.08
596,106,"(68, 1)",1,-0.08
596,107,"(69, 1)",1,-0.08
596,108,"(70, 1)",1,-0.08
596,109,"(71, 1)",2,-0.08
596,110,"(71, 2)",2,-0.08
596,111,"(71, 3)",1,-0.08
596,112,"(72, 3)",1,-0.08
596,113,"(73, 3)",0,-0.08
596,114,"(73, 2)",0,-0.08
596,115,"(73, 1)",0,-0.08
596,116,"(73, 0)",1,-0.08
596,117,"(74, 0)",1,-0.08
596,118,"(75, 0)",1,-0.08
596,119,"(76, 0)",1,-0.08
596,120,"(77, 0)",1,-0.08
596,121,"(78, 0)",1,8.33
597,0,"(0, 39)",1,-0.08
597,1,"(1, 39)",1,-0.08
597,2,"(2, 39)",1,-0.08
597,3,"(3, 39)",1,-0.08
597,4,"(4, 39)",1,-0.08
597,5,"(5, 39)",1,-0.08
597,6,"(6, 39)",1,-0.08
597,7,"(7, 39)",1,-0.08
597,8,"(8, 39)",1,-0.08
597,9,"(9, 39)",1,-0.08
597,10,"(10, 39)",0,-0.08
597,11,"(10, 38)",0,-0.08
597,12,"(10, 37)",1,-0.08
597,13,"(11, 37)",1,-0.08
597,14,"(12, 37)",1,-0.08
597,15,"(13, 37)",1,-0.08
597,16,"(14, 37)",1,-0.08
597,17,"(15, 37)",0,-0.08
597,18,"(15, 36)",1,-0.08
597,19,"(16, 36)",1,-0.08
597,20,"(17, 36)",0,-0.08
597,21,"(17, 35)",1,-0.08
597,22,"(18, 35)",1,-0.08
597,23,"(19, 35)",0,-0.08
597,24,"(19, 34)",0,-0.08
597,25,"(19, 33)",0,-0.08
597,26,"(19, 32)",0,-0.08
597,27,"(19, 31)",0,-0.08
597,28,"(19, 30)",0,-0.08
597,29,"(19, 29)",1,-0.08
597,30,"(20, 29)",0,-0.08
597,31,"(20, 28)",0,-0.08
597,32,"(20, 27)",1,-0.08
597,33,"(21, 27)",0,-0.08
597,34,"(21, 26)",0,-0.08
597,35,"(21, 25)",1,-0.08
597,36,"(22, 25)",0,-0.08
597,37,"(22, 24)",0,-0.08
597,38,"(22, 23)",1,-0.08
597,39,"(23, 23)",1,-0.08
597,40,"(24, 23)",1,-0.08
597,41,"(25, 23)",0,-0.08
597,42,"(25, 22)",0,-0.08
597,43,"(25, 21)",1,-0.08
597,44,"(26, 21)",1,-0.08
597,45,"(27, 21)",0,-0.08
597,46,"(27, 20)",1,-0.08
597,47,"(28, 20)",0,-0.08
597,48,"(28, 19)",1,-0.08
597,49,"(29, 19)",1,-0.08
597,50,"(30, 19)",1,-0.08
597,51,"(31, 19)",1,-0.08
597,52,"(32, 19)",1,-0.08
597,53,"(33, 19)",1,-0.08
597,54,"(34, 19)",1,-0.08
597,55,"(35, 19)",1,-0.08
597,56,"(36, 19)",1,-0.08
597,57,"(37, 19)",0,-0.08
597,58,"(37, 18)",0,-0.08
597,59,"(37, 17)",0,-0.08
597,60,"(37, 16)",0,-0.08
597,61,"(37, 15)",0,-0.08
597,62,"(37, 14)",1,-0.08
597,63,"(38, 14)",0,-0.08
597,64,"(38, 13)",1,-0.08
597,65,"(39, 13)",1,-0.08
597,66,"(40, 13)",1,-0.08
597,67,"(41, 13)",0,-0.08
597,68,"(41, 12)",0,-0.08
597,69,"(41, 11)",1,-0.08
597,70,"(42, 11)",1,-0.08
597,71,"(43, 11)",1,-0.08
597,72,"(44, 11)",1,-0.08
597,73,"(45, 11)",0,-0.08
597,74,"(45, 10)",1,-0.08
597,75,"(46, 10)",0,-0.08
597,76,"(46, 9)",0,-0.08
597,77,"(46, 8)",0,-0.08
597,78,"(46, 7)",0,-0.08
597,79,"(46, 6)",1,-0.08
597,80,"(47, 6)",1,-0.08
597,81,"(48, 6)",1,-0.08
597,82,"(49, 6)",0,-0.08
597,83,"(49, 5)",1,-0.08
597,84,"(50, 5)",1,-0.08
597,85,"(51, 5)",1,-0.08
597,86,"(52, 5)",1,-0.08
597,87,"(53, 5)",0,-0.08
597,88,"(53, 4)",0,-0.08
597,89,"(53, 3)",0,-0.08
597,90,"(53, 2)",0,-0.08
597,91,"(53, 1)",1,-0.08
597,92,"(54, 1)",1,-0.08
597,93,"(55, 1)",1,-0.08
597,94,"(56, 1)",1,-0.08
597,95,"(57, 1)",1,-0.08
597,96,"(58, 1)",1,-0.08
597,97,"(59, 1)",1,-0.08
597,98,"(60, 1)",1,-0.08
597,99,"(61, 1)",1,-0.08
597,100,"(62, 1)",1,-0.08
597,101,"(63, 1)",1,-0.08
597,102,"(64, 1)",1,-0.08
597,103,"(65, 1)",1,-0.08
597,104,"(66, 1)",1,-0.08
597,105,"(67, 1)",1,-0.08
597,106,"(68, 1)",1,-0.08
597,107,"(69, 1)",1,-0.08
597,108,"(70, 1)",1,-0.08
597,109,"(71, 1)",2,-0.08
597,110,"(71, 2)",2,-0.08
597,111,"(71, 3)",1,-0.08
597,112,"(72, 3)",1,-0.08
597,113,"(73, 3)",1,-0.08
597,114,"(74, 3)",1,-0.08
597,115,"(75, 3)",1,-0.08
597,116,"(76, 3)",1,-0.08
597,117,"(77, 3)",0,-0.08
597,118,"(77, 2)",0,-0.08
597,119,"(77, 1)",1,-0.08
597,120,"(78, 1)",1,-0.08
597,121,"(79, 1)",0,8.33
598,0,"(0, 39)",1,-0.08
598,1,"(1, 39)",1,-0.08
598,2,"(2, 39)",1,-0.08
598,3,"(3, 39)",1,-0.08
598,4,"(4, 39)",1,-0.08
598,5,"(5, 39)",1,-0.08
598,6,"(6, 39)",1,-0.08
598,7,"(7, 39)",1,-0.08
598,8,"(8, 39)",1,-0.08
598,9,"(9, 39)",1,-0.08
598,10,"(10, 39)",1,-0.08
598,11,"(11, 39)",1,-0.08
598,12,"(12, 39)",1,-0.08
598,13,"(13, 39)",1,-0.08
598,14,"(14, 39)",0,-0.08
598,15,"(14, 38)",0,-0.08
598,16,"(14, 37)",1,-0.08
598,17,"(15, 37)",1,-0.08
598,18,"(16, 37)",1,-0.08
598,19,"(17, 37)",1,-0.08
598,20,"(18, 37)",1,-0.08
598,21,"(19, 37)",0,-0.08
598,22,"(19, 36)",0,-0.08
598,23,"(19, 35)",0,-0.08
598,24,"(19, 34)",0,-0.08
598,25,"(19, 33)",0,-0.08
598,26,"(19, 32)",0,-0.08
598,27,"(19, 31)",0,-0.08
598,28,"(19, 30)",0,-0.08
598,29,"(19, 29)",1,-0.08
598,30,"(20, 29)",0,-0.08
598,31,"(20, 28)",0,-0.08
598,32,"(20, 27)",1,-0.08
598,33,"(21, 27)",0,-0.08
598,34,"(21, 26)",0,-0.08
598,35,"(21, 25)",1,-0.08
598,36,"(22, 25)",1,-0.08
598,37,"(23, 25)",1,-0.08
598,38,"(24, 25)",1,-0.08
598,39,"(25, 25)",0,-0.08
598,40,"(25, 24)",0,-0.08
598,41,"(25, 23)",0,-0.08
598,42,"(25, 22)",0,-0.08
598,43,"(25, 21)",1,-0.08
598,44,"(26, 21)",1,-0.08
598,45,"(27, 21)",0,-0.08
598,46,"(27, 20)",0,-0.08
598,47,"(27, 19)",0,-0.08
598,48,"(27, 18)",0,-0.08
598,49,"(27, 17)",0,-0.08
598,50,"(27, 16)",1,-0.08
598,51,"(28, 16)",1,-0.08
598,52,"(29, 16)",0,-0.08
598,53,"(29, 15)",1,-0.08
598,54,"(30, 15)",1,-0.08
598,55,"(31, 15)",1,-0.08
598,56,"(32, 15)",0,-0.08
598,57,"(32, 14)",0,-0.08
598,58,"(32, 13)",1,-0.08
598,59,"(33, 13)",1,-0.08
598,60,"(34, 13)",1,-0.08
598,61,"(35, 13)",1,-0.08
598,62,"(36, 13)",1,-0.08
598,63,"(37, 13)",1,-0.08
598,64,"(38, 13)",1,-0.08
598,65,"(39, 13)",1,-0.08
598,66,"(40, 13)",1,-0.08
598,67,"(41, 13)",1,-0.08
598,68,"(42, 13)",1,-0.08
598,69,"(43, 13)",1,-0.08
598,70,"(44, 13)",1,-0.08
598,71,"(45, 13)",0,-0.08
598,72,"(45, 12)",0,-0.08
598,73,"(45, 11)",0,-0.08
598,74,"(45, 10)",1,-0.08
598,75,"(46, 10)",0,-0.08
598,76,"(46, 9)",0,-0.08
598,77,"(46, 8)",0,-0.08
598,78,"(46, 7)",0,-0.08
598,79,"(46, 6)",1,-0.08
598,80,"(47, 6)",1,-0.08
598,81,"(48, 6)",1,-0.08
598,82,"(49, 6)",0,-0.08
598,83,"(49, 5)",1,-0.08
598,84,"(50, 5)",1,-0.08
598,85,"(51, 5)",1,-0.08
598,86,"(52, 5)",1,-0.08
598,87,"(53, 5)",0,-0.08
598,88,"(53, 4)",0,-0.08
598,89,"(53, 3)",0,-0.08
598,90,"(53, 2)",0,-0.08
598,91,"(53, 1)",1,-0.08
598,92,"(54, 1)",1,-0.08
598,93,"(55, 1)",1,-0.08
598,94,"(56, 1)",1,-0.08
598,95,"(57, 1)",1,-0.08
598,96,"(58, 1)",1,-0.08
598,97,"(59, 1)",1,-0.08
598,98,"(60, 1)",1,-0.08
598,99,"(61, 1)",1,-0.08
598,100,"(62, 1)",1,-0.08
598,101,"(63, 1)",1,-0.08
598,102,"(64, 1)",1,-0.08
598,103,"(65, 1)",1,-0.08
598,104,"(66, 1)",1,-0.08
598,105,"(67, 1)",1,-0.08
598,106,"(68, 1)",1,-0.08
598,107,"(69, 1)",1,-0.08
598,108,"(70, 1)",1,-0.08
598,109,"(71, 1)",2,-0.08
598,110,"(71, 2)",2,-0.08
598,111,"(71, 3)",1,-0.08
598,112,"(72, 3)",1,-0.08
598,113,"(73, 3)",0,-0.08
598,114,"(73, 2)",0,-0.08
598,115,"(73, 1)",0,-0.08
598,116,"(73, 0)",1,-0.08
598,117,"(74, 0)",1,-0.08
598,118,"(75, 0)",1,-0.08
598,119,"(76, 0)",1,-0.08
598,120,"(77, 0)",1,-0.08
598,121,"(78, 0)",1,8.33
599,0,"(0, 39)",1,-0.08
599,1,"(1, 39)",1,-0.08
599,2,"(2, 39)",1,-0.08
599,3,"(3, 39)",1,-0.08
599,4,"(4, 39)",1,-0.08
599,5,"(5, 39)",1,-0.08
599,6,"(6, 39)",1,-0.08
599,7,"(7, 39)",1,-0.08
599,8,"(8, 39)",1,-0.08
599,9,"(9, 39)",1,-0.08
599,10,"(10, 39)",1,-0.08
599,11,"(11, 39)",1,-0.08
599,12,"(12, 39)",1,-0.08
599,13,"(13, 39)",1,-0.08
599,14,"(14, 39)",0,-0.08
599,15,"(14, 38)",0,-0.08
599,16,"(14, 37)",1,-0.08
599,17,"(15, 37)",0,-0.08
599,18,"(15, 36)",0,-0.08
599,19,"(15, 35)",0,-0.08
599,20,"(15, 34)",0,-0.08
599,21,"(15, 33)",1,-0.08
599,22,"(16, 33)",1,-0.08
599,23,"(17, 33)",1,-0.08
599,24,"(18, 33)",1,-0.08
599,25,"(19, 33)",0,-0.08
599,26,"(19, 32)",0,-0.08
599,27,"(19, 31)",0,-0.08
599,28,"(19, 30)",0,-0.08
599,29,"(19, 29)",1,-0.08
599,30,"(20, 29)",0,-0.08
599,31,"(20, 28)",0,-0.08
599,32,"(20, 27)",1,-0.08
599,33,"(21, 27)",0,-0.08
599,34,"(21, 26)",0,-0.08
599,35,"(21, 25)",1,-0.08
599,36,"(22, 25)",0,-0.08
599,37,"(22, 24)",0,-0.08
599,38,"(22, 23)",1,-0.08
599,39,"(23, 23)",1,-0.08
599,40,"(24, 23)",1,-0.08
599,41,"(25, 23)",0,-0.08
599,42,"(25, 22)",0,-0.08
599,43,"(25, 21)",0,-0.08
599,44,"(25, 20)",0,-0.08
599,45,"(25, 19)",1,-0.08
599,46,"(26, 19)",1,-0.08
599,47,"(27, 19)",0,-0.08
599,48,"(27, 18)",0,-0.08
599,49,"(27, 17)",0,-0.08
599,50,"(27, 16)",1,-0.08
599,51,"(28, 16)",1,-0.08
599,52,"(29, 16)",0,-0.08
599,53,"(29, 15)",1,-0.08
599,54,"(30, 15)",1,-0.08
599,55,"(31, 15)",0,-0.08
599,56,"(31, 14)",1,-0.08
599,57,"(32, 14)",0,-0.08
599,58,"(32, 13)",1,-0.08
599,59,"(33, 13)",1,-0.08
599,60,"(34, 13)",1,-0.08
599,61,"(35, 13)",1,-0.08
599,62,"(36, 13)",1,-0.08
599,63,"(37, 13)",1,-0.08
599,64,"(38, 13)",1,-0.08
599,65,"(39, 13)",0,-0.08
599,66,"(39, 12)",0,-0.08
599,67,"(39, 11)",1,-0.08
599,68,"(40, 11)",1,-0.08
599,69,"(41, 11)",1,-0.08
599,70,"(42, 11)",1,-0.08
599,71,"(43, 11)",1,-0.08
599,72,"(44, 11)",1,-0.08
599,73,"(45, 11)",0,-0.08
599,74,"(45, 10)",1,-0.08
599,75,"(46, 10)",0,-0.08
599,76,"(46, 9)",0,-0.08
599,77,"(46, 8)",0,-0.08
599,78,"(46, 7)",0,-0.08
599,79,"(46, 6)",1,-0.08
599,80,"(47, 6)",1,-0.08
599,81,"(48, 6)",1,-0.08
599,82,"(49, 6)",0,-0.08
599,83,"(49, 5)",1,-0.08
599,84,"(50, 5)",1,-0.08
599,85,"(51, 5)",0,-0.08
599,86,"(51, 4)",0,-0.08
599,87,"(51, 3)",0,-0.08
599,88,"(51, 2)",0,-0.08
599,89,"(51, 1)",1,-0.08
599,90,"(52, 1)",1,-0.08
599,91,"(53, 1)",1,-0.08
599,92,"(54, 1)",1,-0.08
599,93,"(55, 1)",1,-0.08
599,94,"(56, 1)",1,-0.08
599,95,"(57, 1)",1,-0.08
599,96,"(58, 1)",1,-0.08
599,97,"(59, 1)",1,-0.08
599,98,"(60, 1)",1,-0.08
599,99,"(61, 1)",1,-0.08
599,100,"(62, 1)",1,-0.08
599,101,"(63, 1)",1,-0.08
599,102,"(64, 1)",1,-0.08
599,103,"(65, 1)",1,-0.08
599,104,"(66, 1)",1,-0.08
599,105,"(67, 1)",1,-0.08
599,106,"(68, 1)",1,-0.08
599,107,"(69, 1)",1,-0.08
599,108,"(70, 1)",1,-0.08
599,109,"(71, 1)",2,-0.08
599,110,"(71, 2)",2,-0.08
599,111,"(71, 3)",1,-0.08
599,112,"(72, 3)",1,-0.08
599,113,"(73, 3)",1,-0.08
599,114,"(74, 3)",1,-0.08
599,115,"(75, 3)",1,-0.08
599,116,"(76, 3)",1,-0.08
599,117,"(77, 3)",0,-0.08
599,118,"(77, 2)",0,-0.08
599,119,"(77, 1)",1,-0.08
599,120,"(78, 1)",0,-0.08
599,121,"(78, 0)",1,8.33
600,0,"(0, 39)",1,-0.08
600,1,"(1, 39)",1,-0.08
600,2,"(2, 39)",1,-0.08
600,3,"(3, 39)",1,-0.08
600,4,"(4, 39)",1,-0.08
600,5,"(5, 39)",1,-0.08
600,6,"(6, 39)",1,-0.08
600,7,"(7, 39)",1,-0.08
600,8,"(8, 39)",1,-0.08
600,9,"(9, 39)",1,-0.08
600,10,"(10, 39)",1,-0.08
600,11,"(11, 39)",0,-0.08
600,12,"(11, 38)",0,-0.08
600,13,"(11, 37)",1,-0.08
600,14,"(12, 37)",1,-0.08
600,15,"(13, 37)",1,-0.08
600,16,"(14, 37)",1,-0.08
600,17,"(15, 37)",0,-0.08
600,18,"(15, 36)",0,-0.08
600,19,"(15, 35)",0,-0.08
600,20,"(15, 34)",0,-0.08
600,21,"(15, 33)",1,-0.08
600,22,"(16, 33)",1,-0.08
600,23,"(17, 33)",1,-0.08
600,24,"(18, 33)",1,-0.08
600,25,"(19, 33)",0,-0.08
600,26,"(19, 32)",0,-0.08
600,27,"(19, 31)",0,-0.08
600,28,"(19, 30)",0,-0.08
600,29,"(19, 29)",1,-0.08
600,30,"(20, 29)",0,-0.08
600,31,"(20, 28)",0,-0.08
600,32,"(20, 27)",1,-0.08
600,33,"(21, 27)",0,-0.08
600,34,"(21, 26)",1,-0.08
600,35,"(22, 26)",1,-0.08
600,36,"(23, 26)",0,-0.08
600,37,"(23, 25)",1,-0.08
600,38,"(24, 25)",1,-0.08
600,39,"(25, 25)",1,-0.08
600,40,"(26, 25)",1,-0.08
600,41,"(27, 25)",1,-0.08
600,42,"(28, 25)",1,-0.08
600,43,"(29, 25)",1,-0.08
600,44,"(30, 25)",1,-0.08
600,45,"(31, 25)",0,-0.08
600,46,"(31, 24)",0,-0.08
600,47,"(31, 23)",1,-0.08
600,48,"(32, 23)",1,-0.08
600,49,"(33, 23)",0,-0.08
600,50,"(33, 22)",0,-0.08
600,51,"(33, 21)",1,-0.08
600,52,"(34, 21)",1,-0.08
600,53,"(35, 21)",0,-0.08
600,54,"(35, 20)",0,-0.08
600,55,"(35, 19)",1,-0.08
600,56,"(36, 19)",1,-0.08
600,57,"(37, 19)",0,-0.08
600,58,"(37, 18)",0,-0.08
600,59,"(37, 17)",0,-0.08
600,60,"(37, 16)",0,-0.08
600,61,"(37, 15)",1,-0.08
600,62,"(38, 15)",1,-0.08
600,63,"(39, 15)",1,-0.08
600,64,"(40, 15)",0,-0.08
600,65,"(40, 14)",0,-0.08
600,66,"(40, 13)",1,-0.08
600,67,"(41, 13)",0,-0.08
600,68,"(41, 12)",0,-0.08
600,69,"(41, 11)",1,-0.08
600,70,"(42, 11)",1,-0.08
600,71,"(43, 11)",1,-0.08
600,72,"(44, 11)",1,-0.08
600,73,"(45, 11)",0,-0.08
600,74,"(45, 10)",0,-0.08
600,75,"(45, 9)",0,-0.08
600,76,"(45, 8)",1,-0.08
600,77,"(46, 8)",0,-0.08
600,78,"(46, 7)",0,-0.08
600,79,"(46, 6)",1,-0.08
600,80,"(47, 6)",1,-0.08
600,81,"(48, 6)",1,-0.08
600,82,"(49, 6)",0,-0.08
600,83,"(49, 5)",1,-0.08
600,84,"(50, 5)",1,-0.08
600,85,"(51, 5)",1,-0.08
600,86,"(52, 5)",1,-0.08
600,87,"(53, 5)",0,-0.08
600,88,"(53, 4)",0,-0.08
600,89,"(53, 3)",1,-0.08
600,90,"(54, 3)",1,-0.08
600,91,"(55, 3)",1,-0.08
600,92,"(56, 3)",1,-0.08
600,93,"(57, 3)",0,-0.08
600,94,"(57, 2)",1,-0.08
600,95,"(58, 2)",1,-0.08
600,96,"(59, 2)",0,-0.08
600,97,"(59, 1)",1,-0.08
600,98,"(60, 1)",1,-0.08
600,99,"(61, 1)",1,-0.08
600,100,"(62, 1)",1,-0.08
600,101,"(63, 1)",1,-0.08
600,102,"(64, 1)",1,-0.08
600,103,"(65, 1)",1,-0.08
600,104,"(66, 1)",1,-0.08
600,105,"(67, 1)",1,-0.08
600,106,"(68, 1)",1,-0.08
600,107,"(69, 1)",1,-0.08
600,108,"(70, 1)",1,-0.08
600,109,"(71, 1)",2,-0.08
600,110,"(71, 2)",2,-0.08
600,111,"(71, 3)",1,-0.08
600,112,"(72, 3)",1,-0.08
600,113,"(73, 3)",1,-0.08
600,114,"(74, 3)",1,-0.08
600,115,"(75, 3)",1,-0.08
600,116,"(76, 3)",1,-0.08
600,117,"(77, 3)",0,-0.08
600,118,"(77, 2)",0,-0.08
600,119,"(77, 1)",0,-0.08
600,120,"(77, 0)",1,-0.08
600,121,"(78, 0)",1,8.33
601,0,"(0, 39)",1,-0.08
601,1,"(1, 39)",1,-0.08
601,2,"(2, 39)",1,-0.08
601,3,"(3, 39)",1,-0.08
601,4,"(4, 39)",1,-0.08
601,5,"(5, 39)",1,-0.08
601,6,"(6, 39)",1,-0.08
601,7,"(7, 39)",1,-0.08
601,8,"(8, 39)",1,-0.08
601,9,"(9, 39)",1,-0.08
601,10,"(10, 39)",0,-0.08
601,11,"(10, 38)",0,-0.08
601,12,"(10, 37)",1,-0.08
601,13,"(11, 37)",1,-0.08
601,14,"(12, 37)",1,-0.08
601,15,"(13, 37)",1,-0.08
601,16,"(14, 37)",1,-0.08
601,17,"(15, 37)",1,-0.08
601,18,"(16, 37)",0,-0.08
601,19,"(16, 36)",1,-0.08
601,20,"(17, 36)",0,-0.08
601,21,"(17, 35)",0,-0.08
601,22,"(17, 34)",1,-0.08
601,23,"(18, 34)",1,-0.08
601,24,"(19, 34)",0,-0.08
601,25,"(19, 33)",0,-0.08
601,26,"(19, 32)",0,-0.08
601,27,"(19, 31)",0,-0.08
601,28,"(19, 30)",0,-0.08
601,29,"(19, 29)",1,-0.08
601,30,"(20, 29)",0,-0.08
601,31,"(20, 28)",0,-0.08
601,32,"(20, 27)",1,-0.08
601,33,"(21, 27)",0,-0.08
601,34,"(21, 26)",1,-0.08
601,35,"(22, 26)",0,-0.08
601,36,"(22, 25)",1,-0.08
601,37,"(23, 25)",1,-0.08
601,38,"(24, 25)",1,-0.08
601,39,"(25, 25)",0,-0.08
601,40,"(25, 24)",0,-0.08
601,41,"(25, 23)",0,-0.08
601,42,"(25, 22)",0,-0.08
601,43,"(25, 21)",0,-0.08
601,44,"(25, 20)",0,-0.08
601,45,"(25, 19)",1,-0.08
601,46,"(26, 19)",1,-0.08
601,47,"(27, 19)",0,-0.08
601,48,"(27, 18)",0,-0.08
601,49,"(27, 17)",0,-0.08
601,50,"(27, 16)",1,-0.08
601,51,"(28, 16)",1,-0.08
601,52,"(29, 16)",0,-0.08
601,53,"(29, 15)",1,-0.08
601,54,"(30, 15)",1,-0.08
601,55,"(31, 15)",1,-0.08
601,56,"(32, 15)",0,-0.08
601,57,"(32, 14)",0,-0.08
601,58,"(32, 13)",1,-0.08
601,59,"(33, 13)",1,-0.08
601,60,"(34, 13)",1,-0.08
601,61,"(35, 13)",1,-0.08
601,62,"(36, 13)",1,-0.08
601,63,"(37, 13)",1,-0.08
601,64,"(38, 13)",1,-0.08
601,65,"(39, 13)",1,-0.08
601,66,"(40, 13)",1,-0.08
601,67,"(41, 13)",1,-0.08
601,68,"(42, 13)",1,-0.08
601,69,"(43, 13)",1,-0.08
601,70,"(44, 13)",1,-0.08
601,71,"(45, 13)",0,-0.08
601,72,"(45, 12)",0,-0.08
601,73,"(45, 11)",0,-0.08
601,74,"(45, 10)",1,-0.08
601,75,"(46, 10)",0,-0.08
601,76,"(46, 9)",0,-0.08
601,77,"(46, 8)",0,-0.08
601,78,"(46, 7)",0,-0.08
601,79,"(46, 6)",1,-0.08
601,80,"(47, 6)",1,-0.08
601,81,"(48, 6)",1,-0.08
601,82,"(49, 6)",0,-0.08
601,83,"(49, 5)",1,-0.08
601,84,"(50, 5)",1,-0.08
601,85,"(51, 5)",0,-0.08
601,86,"(51, 4)",0,-0.08
601,87,"(51, 3)",0,-0.08
601,88,"(51, 2)",0,-0.08
601,89,"(51, 1)",1,-0.08
601,90,"(52, 1)",1,-0.08
601,91,"(53, 1)",1,-0.08
601,92,"(54, 1)",1,-0.08
601,93,"(55, 1)",1,-0.08
601,94,"(56, 1)",1,-0.08
601,95,"(57, 1)",1,-0.08
601,96,"(58, 1)",1,-0.08
601,97,"(59, 1)",1,-0.08
601,98,"(60, 1)",1,-0.08
601,99,"(61, 1)",1,-0.08
601,100,"(62, 1)",1,-0.08
601,101,"(63, 1)",1,-0.08
601,102,"(64, 1)",1,-0.08
601,103,"(65, 1)",1,-0.08
601,104,"(66, 1)",1,-0.08
601,105,"(67, 1)",1,-0.08
601,106,"(68, 1)",1,-0.08
601,107,"(69, 1)",1,-0.08
601,108,"(70, 1)",1,-0.08
601,109,"(71, 1)",2,-0.08
601,110,"(71, 2)",2,-0.08
601,111,"(71, 3)",1,-0.08
601,112,"(72, 3)",1,-0.08
601,113,"(73, 3)",1,-0.08
601,114,"(74, 3)",1,-0.08
601,115,"(75, 3)",1,-0.08
601,116,"(76, 3)",1,-0.08
601,117,"(77, 3)",0,-0.08
601,118,"(77, 2)",0,-0.08
601,119,"(77, 1)",1,-0.08
601,120,"(78, 1)",1,-0.08
601,121,"(79, 1)",0,8.33
602,0,"(0, 39)",1,-0.08
602,1,"(1, 39)",1,-0.08
602,2,"(2, 39)",1,-0.08
602,3,"(3, 39)",1,-0.08
602,4,"(4, 39)",1,-0.08
602,5,"(5, 39)",1,-0.08
602,6,"(6, 39)",1,-0.08
602,7,"(7, 39)",1,-0.08
602,8,"(8, 39)",1,-0.08
602,9,"(9, 39)",1,-0.08
602,10,"(10, 39)",0,-0.08
602,11,"(10, 38)",0,-0.08
602,12,"(10, 37)",1,-0.08
602,13,"(11, 37)",1,-0.08
602,14,"(12, 37)",1,-0.08
602,15,"(13, 37)",1,-0.08
602,16,"(14, 37)",1,-0.08
602,17,"(15, 37)",1,-0.08
602,18,"(16, 37)",0,-0.08
602,19,"(16, 36)",1,-0.08
602,20,"(17, 36)",0,-0.08
602,21,"(17, 35)",1,-0.08
602,22,"(18, 35)",1,-0.08
602,23,"(19, 35)",0,-0.08
602,24,"(19, 34)",0,-0.08
602,25,"(19, 33)",0,-0.08
602,26,"(19, 32)",0,-0.08
602,27,"(19, 31)",0,-0.08
602,28,"(19, 30)",0,-0.08
602,29,"(19, 29)",1,-0.08
602,30,"(20, 29)",0,-0.08
602,31,"(20, 28)",0,-0.08
602,32,"(20, 27)",1,-0.08
602,33,"(21, 27)",0,-0.08
602,34,"(21, 26)",1,-0.08
602,35,"(22, 26)",1,-0.08
602,36,"(23, 26)",0,-0.08
602,37,"(23, 25)",1,-0.08
602,38,"(24, 25)",1,-0.08
602,39,"(25, 25)",1,-0.08
602,40,"(26, 25)",1,-0.08
602,41,"(27, 25)",1,-0.08
602,42,"(28, 25)",1,-0.08
602,43,"(29, 25)",1,-0.08
602,44,"(30, 25)",1,-0.08
602,45,"(31, 25)",0,-0.08
602,46,"(31, 24)",0,-0.08
602,47,"(31, 23)",1,-0.08
602,48,"(32, 23)",1,-0.08
602,49,"(33, 23)",0,-0.08
602,50,"(33, 22)",0,-0.08
602,51,"(33, 21)",1,-0.08
602,52,"(34, 21)",1,-0.08
602,53,"(35, 21)",1,-0.08
602,54,"(36, 21)",1,-0.08
602,55,"(37, 21)",1,-0.08
602,56,"(38, 21)",1,-0.08
602,57,"(39, 21)",1,-0.08
602,58,"(40, 21)",1,-0.08
602,59,"(41, 21)",0,-0.08
602,60,"(41, 20)",0,-0.08
602,61,"(41, 19)",0,-0.08
602,62,"(41, 18)",1,-0.08
602,63,"(42, 18)",0,-0.08
602,64,"(42, 17)",0,-0.08
602,65,"(42, 16)",1,-0.08
602,66,"(43, 16)",0,-0.08
602,67,"(43, 15)",1,-0.08
602,68,"(44, 15)",1,-0.08
602,69,"(45, 15)",0,-0.08
602,70,"(45, 14)",0,-0.08
602,71,"(45, 13)",0,-0.08
602,72,"(45, 12)",0,-0.08
602,73,"(45, 11)",0,-0.08
602,74,"(45, 10)",1,-0.08
602,75,"(46, 10)",0,-0.08
602,76,"(46, 9)",0,-0.08
602,77,"(46, 8)",0,-0.08
602,78,"(46, 7)",1,-0.08
602,79,"(47, 7)",0,-0.08
602,80,"(47, 6)",1,-0.08
602,81,"(48, 6)",1,-0.08
602,82,"(49, 6)",0,-0.08
602,83,"(49, 5)",1,-0.08
602,84,"(50, 5)",1,-0.08
602,85,"(51, 5)",1,-0.08
602,86,"(52, 5)",1,-0.08
602,87,"(53, 5)",0,-0.08
602,88,"(53, 4)",0,-0.08
602,89,"(53, 3)",1,-0.08
602,90,"(54, 3)",1,-0.08
602,91,"(55, 3)",1,-0.08
602,92,"(56, 3)",0,-0.08
602,93,"(56, 2)",1,-0.08
602,94,"(57, 2)",1,-0.08
602,95,"(58, 2)",1,-0.08
602,96,"(59, 2)",0,-0.08
602,97,"(59, 1)",1,-0.08
602,98,"(60, 1)",1,-0.08
602,99,"(61, 1)",1,-0.08
602,100,"(62, 1)",1,-0.08
602,101,"(63, 1)",1,-0.08
602,102,"(64, 1)",1,-0.08
602,103,"(65, 1)",1,-0.08
602,104,"(66, 1)",1,-0.08
602,105,"(67, 1)",1,-0.08
602,106,"(68, 1)",1,-0.08
602,107,"(69, 1)",1,-0.08
602,108,"(70, 1)",1,-0.08
602,109,"(71, 1)",2,-0.08
602,110,"(71, 2)",2,-0.08
602,111,"(71, 3)",1,-0.08
602,112,"(72, 3)",1,-0.08
602,113,"(73, 3)",0,-0.08
602,114,"(73, 2)",0,-0.08
602,115,"(73, 1)",0,-0.08
602,116,"(73, 0)",1,-0.08
602,117,"(74, 0)",1,-0.08
602,118,"(75, 0)",1,-0.08
602,119,"(76, 0)",1,-0.08
602,120,"(77, 0)",1,-0.08
602,121,"(78, 0)",1,8.33
603,0,"(0, 39)",1,-0.08
603,1,"(1, 39)",1,-0.08
603,2,"(2, 39)",1,-0.08
603,3,"(3, 39)",1,-0.08
603,4,"(4, 39)",1,-0.08
603,5,"(5, 39)",1,-0.08
603,6,"(6, 39)",1,-0.08
603,7,"(7, 39)",1,-0.08
603,8,"(8, 39)",1,-0.08
603,9,"(9, 39)",1,-0.08
603,10,"(10, 39)",1,-0.08
603,11,"(11, 39)",1,-0.08
603,12,"(12, 39)",1,-0.08
603,13,"(13, 39)",1,-0.08
603,14,"(14, 39)",0,-0.08
603,15,"(14, 38)",0,-0.08
603,16,"(14, 37)",1,-0.08
603,17,"(15, 37)",0,-0.08
603,18,"(15, 36)",0,-0.08
603,19,"(15, 35)",0,-0.08
603,20,"(15, 34)",0,-0.08
603,21,"(15, 33)",1,-0.08
603,22,"(16, 33)",1,-0.08
603,23,"(17, 33)",1,-0.08
603,24,"(18, 33)",1,-0.08
603,25,"(19, 33)",0,-0.08
603,26,"(19, 32)",0,-0.08
603,27,"(19, 31)",0,-0.08
603,28,"(19, 30)",0,-0.08
603,29,"(19, 29)",1,-0.08
603,30,"(20, 29)",0,-0.08
603,31,"(20, 28)",0,-0.08
603,32,"(20, 27)",1,-0.08
603,33,"(21, 27)",0,-0.08
603,34,"(21, 26)",0,-0.08
603,35,"(21, 25)",1,-0.08
603,36,"(22, 25)",1,-0.08
603,37,"(23, 25)",1,-0.08
603,38,"(24, 25)",1,-0.08
603,39,"(25, 25)",0,-0.08
603,40,"(25, 24)",0,-0.08
603,41,"(25, 23)",0,-0.08
603,42,"(25, 22)",0,-0.08
603,43,"(25, 21)",0,-0.08
603,44,"(25, 20)",0,-0.08
603,45,"(25, 19)",0,-0.08
603,46,"(25, 18)",1,-0.08
603,47,"(26, 18)",1,-0.08
603,48,"(27, 18)",0,-0.08
603,49,"(27, 17)",1,-0.08
603,50,"(28, 17)",0,-0.08
603,51,"(28, 16)",1,-0.08
603,52,"(29, 16)",0,-0.08
603,53,"(29, 15)",1,-0.08
603,54,"(30, 15)",1,-0.08
603,55,"(31, 15)",1,-0.08
603,56,"(32, 15)",0,-0.08
603,57,"(32, 14)",0,-0.08
603,58,"(32, 13)",1,-0.08
603,59,"(33, 13)",1,-0.08
603,60,"(34, 13)",1,-0.08
603,61,"(35, 13)",1,-0.08
603,62,"(36, 13)",1,-0.08
603,63,"(37, 13)",1,-0.08
603,64,"(38, 13)",1,-0.08
603,65,"(39, 13)",1,-0.08
603,66,"(40, 13)",1,-0.08
603,67,"(41, 13)",0,-0.08
603,68,"(41, 12)",0,-0.08
603,69,"(41, 11)",1,-0.08
603,70,"(42, 11)",1,-0.08
603,71,"(43, 11)",1,-0.08
603,72,"(44, 11)",1,-0.08
603,73,"(45, 11)",0,-0.08
603,74,"(45, 10)",0,-0.08
603,75,"(45, 9)",1,-0.08
603,76,"(46, 9)",0,-0.08
603,77,"(46, 8)",0,-0.08
603,78,"(46, 7)",0,-0.08
603,79,"(46, 6)",1,-0.08
603,80,"(47, 6)",1,-0.08
603,81,"(48, 6)",1,-0.08
603,82,"(49, 6)",0,-0.08
603,83,"(49, 5)",1,-0.08
603,84,"(50, 5)",1,-0.08
603,85,"(51, 5)",1,-0.08
603,86,"(52, 5)",1,-0.08
603,87,"(53, 5)",0,-0.08
603,88,"(53, 4)",0,-0.08
603,89,"(53, 3)",0,-0.08
603,90,"(53, 2)",0,-0.08
603,91,"(53, 1)",1,-0.08
603,92,"(54, 1)",1,-0.08
603,93,"(55, 1)",1,-0.08
603,94,"(56, 1)",1,-0.08
603,95,"(57, 1)",1,-0.08
603,96,"(58, 1)",1,-0.08
603,97,"(59, 1)",1,-0.08
603,98,"(60, 1)",1,-0.08
603,99,"(61, 1)",1,-0.08
603,100,"(62, 1)",1,-0.08
603,101,"(63, 1)",1,-0.08
603,102,"(64, 1)",1,-0.08
603,103,"(65, 1)",1,-0.08
603,104,"(66, 1)",1,-0.08
603,105,"(67, 1)",1,-0.08
603,106,"(68, 1)",1,-0.08
603,107,"(69, 1)",1,-0.08
603,108,"(70, 1)",1,-0.08
603,109,"(71, 1)",2,-0.08
603,110,"(71, 2)",2,-0.08
603,111,"(71, 3)",1,-0.08
603,112,"(72, 3)",1,-0.08
603,113,"(73, 3)",1,-0.08
603,114,"(74, 3)",1,-0.08
603,115,"(75, 3)",1,-0.08
603,116,"(76, 3)",1,-0.08
603,117,"(77, 3)",0,-0.08
603,118,"(77, 2)",0,-0.08
603,119,"(77, 1)",1,-0.08
603,120,"(78, 1)",0,-0.08
603,121,"(78, 0)",1,8.33
604,0,"(0, 39)",1,-0.08
604,1,"(1, 39)",1,-0.08
604,2,"(2, 39)",1,-0.08
604,3,"(3, 39)",1,-0.08
604,4,"(4, 39)",1,-0.08
604,5,"(5, 39)",1,-0.08
604,6,"(6, 39)",1,-0.08
604,7,"(7, 39)",1,-0.08
604,8,"(8, 39)",1,-0.08
604,9,"(9, 39)",1,-0.08
604,10,"(10, 39)",1,-0.08
604,11,"(11, 39)",1,-0.08
604,12,"(12, 39)",1,-0.08
604,13,"(13, 39)",1,-0.08
604,14,"(14, 39)",0,-0.08
604,15,"(14, 38)",0,-0.08
604,16,"(14, 37)",1,-0.08
604,17,"(15, 37)",1,-0.08
604,18,"(16, 37)",1,-0.08
604,19,"(17, 37)",1,-0.08
604,20,"(18, 37)",1,-0.08
604,21,"(19, 37)",0,-0.08
604,22,"(19, 36)",0,-0.08
604,23,"(19, 35)",0,-0.08
604,24,"(19, 34)",0,-0.08
604,25,"(19, 33)",0,-0.08
604,26,"(19, 32)",0,-0.08
604,27,"(19, 31)",0,-0.08
604,28,"(19, 30)",0,-0.08
604,29,"(19, 29)",1,-0.08
604,30,"(20, 29)",0,-0.08
604,31,"(20, 28)",0,-0.08
604,32,"(20, 27)",1,-0.08
604,33,"(21, 27)",0,-0.08
604,34,"(21, 26)",1,-0.08
604,35,"(22, 26)",0,-0.08
604,36,"(22, 25)",1,-0.08
604,37,"(23, 25)",1,-0.08
604,38,"(24, 25)",1,-0.08
604,39,"(25, 25)",1,-0.08
604,40,"(26, 25)",1,-0.08
604,41,"(27, 25)",1,-0.08
604,42,"(28, 25)",1,-0.08
604,43,"(29, 25)",1,-0.08
604,44,"(30, 25)",1,-0.08
604,45,"(31, 25)",0,-0.08
604,46,"(31, 24)",0,-0.08
604,47,"(31, 23)",1,-0.08
604,48,"(32, 23)",1,-0.08
604,49,"(33, 23)",0,-0.08
604,50,"(33, 22)",0,-0.08
604,51,"(33, 21)",1,-0.08
604,52,"(34, 21)",1,-0.08
604,53,"(35, 21)",0,-0.08
604,54,"(35, 20)",0,-0.08
604,55,"(35, 19)",0,-0.08
604,56,"(35, 18)",0,-0.08
604,57,"(35, 17)",1,-0.08
604,58,"(36, 17)",1,-0.08
604,59,"(37, 17)",1,-0.08
604,60,"(38, 17)",1,-0.08
604,61,"(39, 17)",0,-0.08
604,62,"(39, 16)",0,-0.08
604,63,"(39, 15)",1,-0.08
604,64,"(40, 15)",1,-0.08
604,65,"(41, 15)",0,-0.08
604,66,"(41, 14)",0,-0.08
604,67,"(41, 13)",1,-0.08
604,68,"(42, 13)",1,-0.08
604,69,"(43, 13)",0,-0.08
604,70,"(43, 12)",0,-0.08
604,71,"(43, 11)",1,-0.08
604,72,"(44, 11)",1,-0.08
604,73,"(45, 11)",0,-0.08
604,74,"(45, 10)",1,-0.08
604,75,"(46, 10)",0,-0.08
604,76,"(46, 9)",0,-0.08
604,77,"(46, 8)",0,-0.08
604,78,"(46, 7)",0,-0.08
604,79,"(46, 6)",1,-0.08
604,80,"(47, 6)",1,-0.08
604,81,"(48, 6)",1,-0.08
604,82,"(49, 6)",0,-0.08
604,83,"(49, 5)",1,-0.08
604,84,"(50, 5)",1,-0.08
604,85,"(51, 5)",1,-0.08
604,86,"(52, 5)",1,-0.08
604,87,"(53, 5)",0,-0.08
604,88,"(53, 4)",0,-0.08
604,89,"(53, 3)",0,-0.08
604,90,"(53, 2)",0,-0.08
604,91,"(53, 1)",1,-0.08
604,92,"(54, 1)",1,-0.08
604,93,"(55, 1)",1,-0.08
604,94,"(56, 1)",1,-0.08
604,95,"(57, 1)",1,-0.08
604,96,"(58, 1)",1,-0.08
604,97,"(59, 1)",1,-0.08
604,98,"(60, 1)",1,-0.08
604,99,"(61, 1)",1,-0.08
604,100,"(62, 1)",1,-0.08
604,101,"(63, 1)",1,-0.08
604,102,"(64, 1)",1,-0.08
604,103,"(65, 1)",1,-0.08
604,104,"(66, 1)",1,-0.08
604,105,"(67, 1)",1,-0.08
604,106,"(68, 1)",1,-0.08
604,107,"(69, 1)",1,-0.08
604,108,"(70, 1)",1,-0.08
604,109,"(71, 1)",2,-0.08
604,110,"(71, 2)",2,-0.08
604,111,"(71, 3)",1,-0.08
604,112,"(72, 3)",1,-0.08
604,113,"(73, 3)",1,-0.08
604,114,"(74, 3)",1,-0.08
604,115,"(75, 3)",1,-0.08
604,116,"(76, 3)",1,-0.08
604,117,"(77, 3)",0,-0.08
604,118,"(77, 2)",0,-0.08
604,119,"(77, 1)",0,-0.08
604,120,"(77, 0)",1,-0.08
604,121,"(78, 0)",1,8.33
605,0,"(0, 39)",1,-0.08
605,1,"(1, 39)",1,-0.08
605,2,"(2, 39)",1,-0.08
605,3,"(3, 39)",1,-0.08
605,4,"(4, 39)",1,-0.08
605,5,"(5, 39)",1,-0.08
605,6,"(6, 39)",1,-0.08
605,7,"(7, 39)",1,-0.08
605,8,"(8, 39)",1,-0.08
605,9,"(9, 39)",1,-0.08
605,10,"(10, 39)",0,-0.08
605,11,"(10, 38)",0,-0.08
605,12,"(10, 37)",1,-0.08
605,13,"(11, 37)",1,-0.08
605,14,"(12, 37)",1,-0.08
605,15,"(13, 37)",1,-0.08
605,16,"(14, 37)",1,-0.08
605,17,"(15, 37)",0,-0.08
605,18,"(15, 36)",1,-0.08
605,19,"(16, 36)",1,-0.08
605,20,"(17, 36)",0,-0.08
605,21,"(17, 35)",0,-0.08
605,22,"(17, 34)",0,-0.08
605,23,"(17, 33)",1,-0.08
605,24,"(18, 33)",1,-0.08
605,25,"(19, 33)",0,-0.08
605,26,"(19, 32)",0,-0.08
605,27,"(19, 31)",0,-0.08
605,28,"(19, 30)",0,-0.08
605,29,"(19, 29)",1,-0.08
605,30,"(20, 29)",0,-0.08
605,31,"(20, 28)",0,-0.08
605,32,"(20, 27)",1,-0.08
605,33,"(21, 27)",0,-0.08
605,34,"(21, 26)",0,-0.08
605,35,"(21, 25)",1,-0.08
605,36,"(22, 25)",1,-0.08
605,37,"(23, 25)",1,-0.08
605,38,"(24, 25)",1,-0.08
605,39,"(25, 25)",0,-0.08
605,40,"(25, 24)",0,-0.08
605,41,"(25, 23)",0,-0.08
605,42,"(25, 22)",0,-0.08
605,43,"(25, 21)",0,-0.08
605,44,"(25, 20)",0,-0.08
605,45,"(25, 19)",1,-0.08
605,46,"(26, 19)",1,-0.08
605,47,"(27, 19)",0,-0.08
605,48,"(27, 18)",0,-0.08
605,49,"(27, 17)",1,-0.08
605,50,"(28, 17)",1,-0.08
605,51,"(29, 17)",0,-0.08
605,52,"(29, 16)",0,-0.08
605,53,"(29, 15)",1,-0.08
605,54,"(30, 15)",1,-0.08
605,55,"(31, 15)",1,-0.08
605,56,"(32, 15)",0,-0.08
605,57,"(32, 14)",0,-0.08
605,58,"(32, 13)",1,-0.08
605,59,"(33, 13)",1,-0.08
605,60,"(34, 13)",1,-0.08
605,61,"(35, 13)",1,-0.08
605,62,"(36, 13)",1,-0.08
605,63,"(37, 13)",1,-0.08
605,64,"(38, 13)",1,-0.08
605,65,"(39, 13)",1,-0.08
605,66,"(40, 13)",1,-0.08
605,67,"(41, 13)",0,-0.08
605,68,"(41, 12)",0,-0.08
605,69,"(41, 11)",1,-0.08
605,70,"(42, 11)",1,-0.08
605,71,"(43, 11)",1,-0.08
605,72,"(44, 11)",1,-0.08
605,73,"(45, 11)",0,-0.08
605,74,"(45, 10)",1,-0.08
605,75,"(46, 10)",0,-0.08
605,76,"(46, 9)",0,-0.08
605,77,"(46, 8)",0,-0.08
605,78,"(46, 7)",0,-0.08
605,79,"(46, 6)",1,-0.08
605,80,"(47, 6)",1,-0.08
605,81,"(48, 6)",1,-0.08
605,82,"(49, 6)",0,-0.08
605,83,"(49, 5)",1,-0.08
605,84,"(50, 5)",1,-0.08
605,85,"(51, 5)",0,-0.08
605,86,"(51, 4)",0,-0.08
605,87,"(51, 3)",0,-0.08
605,88,"(51, 2)",0,-0.08
605,89,"(51, 1)",1,-0.08
605,90,"(52, 1)",1,-0.08
605,91,"(53, 1)",1,-0.08
605,92,"(54, 1)",1,-0.08
605,93,"(55, 1)",1,-0.08
605,94,"(56, 1)",1,-0.08
605,95,"(57, 1)",1,-0.08
605,96,"(58, 1)",1,-0.08
605,97,"(59, 1)",1,-0.08
605,98,"(60, 1)",1,-0.08
605,99,"(61, 1)",1,-0.08
605,100,"(62, 1)",1,-0.08
605,101,"(63, 1)",1,-0.08
605,102,"(64, 1)",1,-0.08
605,103,"(65, 1)",1,-0.08
605,104,"(66, 1)",1,-0.08
605,105,"(67, 1)",1,-0.08
605,106,"(68, 1)",1,-0.08
605,107,"(69, 1)",1,-0.08
605,108,"(70, 1)",1,-0.08
605,109,"(71, 1)",2,-0.08
605,110,"(71, 2)",2,-0.08
605,111,"(71, 3)",1,-0.08
605,112,"(72, 3)",1,-0.08
605,113,"(73, 3)",0,-0.08
605,114,"(73, 2)",0,-0.08
605,115,"(73, 1)",1,-0.08
605,116,"(74, 1)",1,-0.08
605,117,"(75, 1)",0,-0.08
605,118,"(75, 0)",1,-0.08
605,119,"(76, 0)",1,-0.08
605,120,"(77, 0)",1,-0.08
605,121,"(78, 0)",1,8.33
606,0,"(0, 39)",1,-0.08
606,1,"(1, 39)",1,-0.08
606,2,"(2, 39)",1,-0.08
606,3,"(3, 39)",1,-0.08
606,4,"(4, 39)",1,-0.08
606,5,"(5, 39)",1,-0.08
606,6,"(6, 39)",1,-0.08
606,7,"(7, 39)",1,-0.08
606,8,"(8, 39)",1,-0.08
606,9,"(9, 39)",1,-0.08
606,10,"(10, 39)",1,-0.08
606,11,"(11, 39)",1,-0.08
606,12,"(12, 39)",1,-0.08
606,13,"(13, 39)",1,-0.08
606,14,"(14, 39)",0,-0.08
606,15,"(14, 38)",0,-0.08
606,16,"(14, 37)",1,-0.08
606,17,"(15, 37)",0,-0.08
606,18,"(15, 36)",0,-0.08
606,19,"(15, 35)",0,-0.08
606,20,"(15, 34)",0,-0.08
606,21,"(15, 33)",1,-0.08
606,22,"(16, 33)",1,-0.08
606,23,"(17, 33)",1,-0.08
606,24,"(18, 33)",1,-0.08
606,25,"(19, 33)",0,-0.08
606,26,"(19, 32)",0,-0.08
606,27,"(19, 31)",0,-0.08
606,28,"(19, 30)",0,-0.08
606,29,"(19, 29)",1,-0.08
606,30,"(20, 29)",0,-0.08
606,31,"(20, 28)",0,-0.08
606,32,"(20, 27)",1,-0.08
606,33,"(21, 27)",0,-0.08
606,34,"(21, 26)",1,-0.08
606,35,"(22, 26)",0,-0.08
606,36,"(22, 25)",1,-0.08
606,37,"(23, 25)",1,-0.08
606,38,"(24, 25)",1,-0.08
606,39,"(25, 25)",1,-0.08
606,40,"(26, 25)",1,-0.08
606,41,"(27, 25)",1,-0.08
606,42,"(28, 25)",1,-0.08
606,43,"(29, 25)",1,-0.08
606,44,"(30, 25)",1,-0.08
606,45,"(31, 25)",0,-0.08
606,46,"(31, 24)",0,-0.08
606,47,"(31, 23)",1,-0.08
606,48,"(32, 23)",1,-0.08
606,49,"(33, 23)",0,-0.08
606,50,"(33, 22)",0,-0.08
606,51,"(33, 21)",1,-0.08
606,52,"(34, 21)",1,-0.08
606,53,"(35, 21)",1,-0.08
606,54,"(36, 21)",1,-0.08
606,55,"(37, 21)",1,-0.08
606,56,"(38, 21)",1,-0.08
606,57,"(39, 21)",0,-0.08
606,58,"(39, 20)",0,-0.08
606,59,"(39, 19)",0,-0.08
606,60,"(39, 18)",0,-0.08
606,61,"(39, 17)",0,-0.08
606,62,"(39, 16)",0,-0.08
606,63,"(39, 15)",1,-0.08
606,64,"(40, 15)",0,-0.08
606,65,"(40, 14)",0,-0.08
606,66,"(40, 13)",1,-0.08
606,67,"(41, 13)",1,-0.08
606,68,"(42, 13)",1,-0.08
606,69,"(43, 13)",0,-0.08
606,70,"(43, 12)",0,-0.08
606,71,"(43, 11)",1,-0.08
606,72,"(44, 11)",1,-0.08
606,73,"(45, 11)",0,-0.08
606,74,"(45, 10)",1,-0.08
606,75,"(46, 10)",0,-0.08
606,76,"(46, 9)",0,-0.08
606,77,"(46, 8)",0,-0.08
606,78,"(46, 7)",0,-0.08
606,79,"(46, 6)",1,-0.08
606,80,"(47, 6)",1,-0.08
606,81,"(48, 6)",1,-0.08
606,82,"(49, 6)",0,-0.08
606,83,"(49, 5)",1,-0.08
606,84,"(50, 5)",1,-0.08
606,85,"(51, 5)",1,-0.08
606,86,"(52, 5)",1,-0.08
606,87,"(53, 5)",0,-0.08
606,88,"(53, 4)",0,-0.08
606,89,"(53, 3)",1,-0.08
606,90,"(54, 3)",1,-0.08
606,91,"(55, 3)",1,-0.08
606,92,"(56, 3)",0,-0.08
606,93,"(56, 2)",0,-0.08
606,94,"(56, 1)",1,-0.08
606,95,"(57, 1)",1,-0.08
606,96,"(58, 1)",1,-0.08
606,97,"(59, 1)",1,-0.08
606,98,"(60, 1)",1,-0.08
606,99,"(61, 1)",1,-0.08
606,100,"(62, 1)",1,-0.08
606,101,"(63, 1)",1,-0.08
606,102,"(64, 1)",1,-0.08
606,103,"(65, 1)",1,-0.08
606,104,"(66, 1)",1,-0.08
606,105,"(67, 1)",1,-0.08
606,106,"(68, 1)",1,-0.08
606,107,"(69, 1)",1,-0.08
606,108,"(70, 1)",1,-0.08
606,109,"(71, 1)",2,-0.08
606,110,"(71, 2)",2,-0.08
606,111,"(71, 3)",1,-0.08
606,112,"(72, 3)",1,-0.08
606,113,"(73, 3)",0,-0.08
606,114,"(73, 2)",0,-0.08
606,115,"(73, 1)",1,-0.08
606,116,"(74, 1)",1,-0.08
606,117,"(75, 1)",1,-0.08
606,118,"(76, 1)",1,-0.08
606,119,"(77, 1)",1,-0.08
606,120,"(78, 1)",0,-0.08
606,121,"(78, 0)",1,8.33
607,0,"(0, 39)",1,-0.08
607,1,"(1, 39)",1,-0.08
607,2,"(2, 39)",1,-0.08
607,3,"(3, 39)",1,-0.08
607,4,"(4, 39)",1,-0.08
607,5,"(5, 39)",1,-0.08
607,6,"(6, 39)",1,-0.08
607,7,"(7, 39)",1,-0.08
607,8,"(8, 39)",1,-0.08
607,9,"(9, 39)",1,-0.08
607,10,"(10, 39)",0,-0.08
607,11,"(10, 38)",0,-0.08
607,12,"(10, 37)",1,-0.08
607,13,"(11, 37)",1,-0.08
607,14,"(12, 37)",1,-0.08
607,15,"(13, 37)",1,-0.08
607,16,"(14, 37)",1,-0.08
607,17,"(15, 37)",1,-0.08
607,18,"(16, 37)",0,-0.08
607,19,"(16, 36)",1,-0.08
607,20,"(17, 36)",0,-0.08
607,21,"(17, 35)",0,-0.08
607,22,"(17, 34)",0,-0.08
607,23,"(17, 33)",1,-0.08
607,24,"(18, 33)",1,-0.08
607,25,"(19, 33)",0,-0.08
607,26,"(19, 32)",0,-0.08
607,27,"(19, 31)",0,-0.08
607,28,"(19, 30)",0,-0.08
607,29,"(19, 29)",1,-0.08
607,30,"(20, 29)",0,-0.08
607,31,"(20, 28)",0,-0.08
607,32,"(20, 27)",1,-0.08
607,33,"(21, 27)",0,-0.08
607,34,"(21, 26)",0,-0.08
607,35,"(21, 25)",1,-0.08
607,36,"(22, 25)",0,-0.08
607,37,"(22, 24)",0,-0.08
607,38,"(22, 23)",1,-0.08
607,39,"(23, 23)",1,-0.08
607,40,"(24, 23)",1,-0.08
607,41,"(25, 23)",0,-0.08
607,42,"(25, 22)",0,-0.08
607,43,"(25, 21)",1,-0.08
607,44,"(26, 21)",1,-0.08
607,45,"(27, 21)",0,-0.08
607,46,"(27, 20)",1,-0.08
607,47,"(28, 20)",0,-0.08
607,48,"(28, 19)",1,-0.08
607,49,"(29, 19)",1,-0.08
607,50,"(30, 19)",1,-0.08
607,51,"(31, 19)",1,-0.08
607,52,"(32, 19)",0,-0.08
607,53,"(32, 18)",0,-0.08
607,54,"(32, 17)",0,-0.08
607,55,"(32, 16)",0,-0.08
607,56,"(32, 15)",0,-0.08
607,57,"(32, 14)",0,-0.08
607,58,"(32, 13)",1,-0.08
607,59,"(33, 13)",1,-0.08
607,60,"(34, 13)",1,-0.08
607,61,"(35, 13)",1,-0.08
607,62,"(36, 13)",1,-0.08
607,63,"(37, 13)",1,-0.08
607,64,"(38, 13)",1,-0.08
607,65,"(39, 13)",0,-0.08
607,66,"(39, 12)",0,-0.08
607,67,"(39, 11)",1,-0.08
607,68,"(40, 11)",1,-0.08
607,69,"(41, 11)",1,-0.08
607,70,"(42, 11)",1,-0.08
607,71,"(43, 11)",1,-0.08
607,72,"(44, 11)",1,-0.08
607,73,"(45, 11)",0,-0.08
607,74,"(45, 10)",1,-0.08
607,75,"(46, 10)",0,-0.08
607,76,"(46, 9)",0,-0.08
607,77,"(46, 8)",0,-0.08
607,78,"(46, 7)",1,-0.08
607,79,"(47, 7)",0,-0.08
607,80,"(47, 6)",1,-0.08
607,81,"(48, 6)",1,-0.08
607,82,"(49, 6)",0,-0.08
607,83,"(49, 5)",1,-0.08
607,84,"(50, 5)",1,-0.08
607,85,"(51, 5)",0,-0.08
607,86,"(51, 4)",0,-0.08
607,87,"(51, 3)",0,-0.08
607,88,"(51, 2)",0,-0.08
607,89,"(51, 1)",1,-0.08
607,90,"(52, 1)",1,-0.08
607,91,"(53, 1)",1,-0.08
607,92,"(54, 1)",1,-0.08
607,93,"(55, 1)",1,-0.08
607,94,"(56, 1)",1,-0.08
607,95,"(57, 1)",1,-0.08
607,96,"(58, 1)",1,-0.08
607,97,"(59, 1)",1,-0.08
607,98,"(60, 1)",1,-0.08
607,99,"(61, 1)",1,-0.08
607,100,"(62, 1)",1,-0.08
607,101,"(63, 1)",1,-0.08
607,102,"(64, 1)",1,-0.08
607,103,"(65, 1)",1,-0.08
607,104,"(66, 1)",1,-0.08
607,105,"(67, 1)",1,-0.08
607,106,"(68, 1)",1,-0.08
607,107,"(69, 1)",1,-0.08
607,108,"(70, 1)",1,-0.08
607,109,"(71, 1)",2,-0.08
607,110,"(71, 2)",2,-0.08
607,111,"(71, 3)",1,-0.08
607,112,"(72, 3)",1,-0.08
607,113,"(73, 3)",1,-0.08
607,114,"(74, 3)",1,-0.08
607,115,"(75, 3)",1,-0.08
607,116,"(76, 3)",1,-0.08
607,117,"(77, 3)",0,-0.08
607,118,"(77, 2)",0,-0.08
607,119,"(77, 1)",0,-0.08
607,120,"(77, 0)",1,-0.08
607,121,"(78, 0)",1,8.33
608,0,"(0, 39)",1,-0.08
608,1,"(1, 39)",1,-0.08
608,2,"(2, 39)",1,-0.08
608,3,"(3, 39)",1,-0.08
608,4,"(4, 39)",1,-0.08
608,5,"(5, 39)",1,-0.08
608,6,"(6, 39)",1,-0.08
608,7,"(7, 39)",1,-0.08
608,8,"(8, 39)",1,-0.08
608,9,"(9, 39)",1,-0.08
608,10,"(10, 39)",0,-0.08
608,11,"(10, 38)",0,-0.08
608,12,"(10, 37)",1,-0.08
608,13,"(11, 37)",1,-0.08
608,14,"(12, 37)",1,-0.08
608,15,"(13, 37)",1,-0.08
608,16,"(14, 37)",1,-0.08
608,17,"(15, 37)",0,-0.08
608,18,"(15, 36)",1,-0.08
608,19,"(16, 36)",1,-0.08
608,20,"(17, 36)",0,-0.08
608,21,"(17, 35)",1,-0.08
608,22,"(18, 35)",0,-0.08
608,23,"(18, 34)",1,-0.08
608,24,"(19, 34)",0,-0.08
608,25,"(19, 33)",0,-0.08
608,26,"(19, 32)",0,-0.08
608,27,"(19, 31)",0,-0.08
608,28,"(19, 30)",0,-0.08
608,29,"(19, 29)",1,-0.08
608,30,"(20, 29)",0,-0.08
608,31,"(20, 28)",0,-0.08
608,32,"(20, 27)",1,-0.08
608,33,"(21, 27)",0,-0.08
608,34,"(21, 26)",1,-0.08
608,35,"(22, 26)",1,-0.08
608,36,"(23, 26)",1,-0.08
608,37,"(24, 26)",0,-0.08
608,38,"(24, 25)",1,-0.08
608,39,"(25, 25)",1,-0.08
608,40,"(26, 25)",1,-0.08
608,41,"(27, 25)",1,-0.08
608,42,"(28, 25)",1,-0.08
608,43,"(29, 25)",1,-0.08
608,44,"(30, 25)",1,-0.08
608,45,"(31, 25)",0,-0.08
608,46,"(31, 24)",0,-0.08
608,47,"(31, 23)",1,-0.08
608,48,"(32, 23)",1,-0.08
608,49,"(33, 23)",0,-0.08
608,50,"(33, 22)",0,-0.08
608,51,"(33, 21)",1,-0.08
608,52,"(34, 21)",1,-0.08
608,53,"(35, 21)",1,-0.08
608,54,"(36, 21)",1,-0.08
608,55,"(37, 21)",1,-0.08
608,56,"(38, 21)",1,-0.08
608,57,"(39, 21)",1,-0.08
608,58,"(40, 21)",1,-0.08
608,59,"(41, 21)",1,-0.08
608,60,"(42, 21)",1,-0.08
608,61,"(43, 21)",0,-0.08
608,62,"(43, 20)",0,-0.08
608,63,"(43, 19)",1,-0.08
608,64,"(44, 19)",0,-0.08
608,65,"(44, 18)",0,-0.08
608,66,"(44, 17)",0,-0.08
608,67,"(44, 16)",0,-0.08
608,68,"(44, 15)",1,-0.08
608,69,"(45, 15)",0,-0.08
608,70,"(45, 14)",0,-0.08
608,71,"(45, 13)",0,-0.08
608,72,"(45, 12)",0,-0.08
608,73,"(45, 11)",0,-0.08
608,74,"(45, 10)",1,-0.08
608,75,"(46, 10)",0,-0.08
608,76,"(46, 9)",0,-0.08
608,77,"(46, 8)",0,-0.08
608,78,"(46, 7)",0,-0.08
608,79,"(46, 6)",1,-0.08
608,80,"(47, 6)",1,-0.08
608,81,"(48, 6)",1,-0.08
608,82,"(49, 6)",0,-0.08
608,83,"(49, 5)",1,-0.08
608,84,"(50, 5)",1,-0.08
608,85,"(51, 5)",1,-0.08
608,86,"(52, 5)",1,-0.08
608,87,"(53, 5)",0,-0.08
608,88,"(53, 4)",0,-0.08
608,89,"(53, 3)",1,-0.08
608,90,"(54, 3)",1,-0.08
608,91,"(55, 3)",1,-0.08
608,92,"(56, 3)",0,-0.08
608,93,"(56, 2)",1,-0.08
608,94,"(57, 2)",0,-0.08
608,95,"(57, 1)",1,-0.08
608,96,"(58, 1)",1,-0.08
608,97,"(59, 1)",1,-0.08
608,98,"(60, 1)",1,-0.08
608,99,"(61, 1)",1,-0.08
608,100,"(62, 1)",1,-0.08
608,101,"(63, 1)",1,-0.08
608,102,"(64, 1)",1,-0.08
608,103,"(65, 1)",1,-0.08
608,104,"(66, 1)",1,-0.08
608,105,"(67, 1)",1,-0.08
608,106,"(68, 1)",1,-0.08
608,107,"(69, 1)",1,-0.08
608,108,"(70, 1)",1,-0.08
608,109,"(71, 1)",2,-0.08
608,110,"(71, 2)",2,-0.08
608,111,"(71, 3)",1,-0.08
608,112,"(72, 3)",1,-0.08
608,113,"(73, 3)",1,-0.08
608,114,"(74, 3)",1,-0.08
608,115,"(75, 3)",1,-0.08
608,116,"(76, 3)",1,-0.08
608,117,"(77, 3)",0,-0.08
608,118,"(77, 2)",0,-0.08
608,119,"(77, 1)",1,-0.08
608,120,"(78, 1)",1,-0.08
608,121,"(79, 1)",0,8.33
609,0,"(0, 39)",1,-0.08
609,1,"(1, 39)",1,-0.08
609,2,"(2, 39)",1,-0.08
609,3,"(3, 39)",1,-0.08
609,4,"(4, 39)",1,-0.08
609,5,"(5, 39)",1,-0.08
609,6,"(6, 39)",1,-0.08
609,7,"(7, 39)",1,-0.08
609,8,"(8, 39)",1,-0.08
609,9,"(9, 39)",1,-0.08
609,10,"(10, 39)",1,-0.08
609,11,"(11, 39)",1,-0.08
609,12,"(12, 39)",1,-0.08
609,13,"(13, 39)",1,-0.08
609,14,"(14, 39)",0,-0.08
609,15,"(14, 38)",0,-0.08
609,16,"(14, 37)",1,-0.08
609,17,"(15, 37)",0,-0.08
609,18,"(15, 36)",1,-0.08
609,19,"(16, 36)",1,-0.08
609,20,"(17, 36)",0,-0.08
609,21,"(17, 35)",1,-0.08
609,22,"(18, 35)",1,-0.08
609,23,"(19, 35)",0,-0.08
609,24,"(19, 34)",0,-0.08
609,25,"(19, 33)",0,-0.08
609,26,"(19, 32)",0,-0.08
609,27,"(19, 31)",0,-0.08
609,28,"(19, 30)",0,-0.08
609,29,"(19, 29)",1,-0.08
609,30,"(20, 29)",0,-0.08
609,31,"(20, 28)",0,-0.08
609,32,"(20, 27)",1,-0.08
609,33,"(21, 27)",0,-0.08
609,34,"(21, 26)",1,-0.08
609,35,"(22, 26)",1,-0.08
609,36,"(23, 26)",1,-0.08
609,37,"(24, 26)",1,-0.08
609,38,"(25, 26)",0,-0.08
609,39,"(25, 25)",0,-0.08
609,40,"(25, 24)",0,-0.08
609,41,"(25, 23)",0,-0.08
609,42,"(25, 22)",0,-0.08
609,43,"(25, 21)",1,-0.08
609,44,"(26, 21)",1,-0.08
609,45,"(27, 21)",0,-0.08
609,46,"(27, 20)",0,-0.08
609,47,"(27, 19)",0,-0.08
609,48,"(27, 18)",0,-0.08
609,49,"(27, 17)",1,-0.08
609,50,"(28, 17)",0,-0.08
609,51,"(28, 16)",1,-0.08
609,52,"(29, 16)",0,-0.08
609,53,"(29, 15)",1,-0.08
609,54,"(30, 15)",1,-0.08
609,55,"(31, 15)",0,-0.08
609,56,"(31, 14)",1,-0.08
609,57,"(32, 14)",0,-0.08
609,58,"(32, 13)",1,-0.08
609,59,"(33, 13)",1,-0.08
609,60,"(34, 13)",1,-0.08
609,61,"(35, 13)",1,-0.08
609,62,"(36, 13)",1,-0.08
609,63,"(37, 13)",1,-0.08
609,64,"(38, 13)",1,-0.08
609,65,"(39, 13)",0,-0.08
609,66,"(39, 12)",0,-0.08
609,67,"(39, 11)",1,-0.08
609,68,"(40, 11)",1,-0.08
609,69,"(41, 11)",1,-0.08
609,70,"(42, 11)",1,-0.08
609,71,"(43, 11)",1,-0.08
609,72,"(44, 11)",1,-0.08
609,73,"(45, 11)",0,-0.08
609,74,"(45, 10)",1,-0.08
609,75,"(46, 10)",0,-0.08
609,76,"(46, 9)",0,-0.08
609,77,"(46, 8)",0,-0.08
609,78,"(46, 7)",1,-0.08
609,79,"(47, 7)",0,-0.08
609,80,"(47, 6)",1,-0.08
609,81,"(48, 6)",1,-0.08
609,82,"(49, 6)",0,-0.08
609,83,"(49, 5)",1,-0.08
609,84,"(50, 5)",1,-0.08
609,85,"(51, 5)",1,-0.08
609,86,"(52, 5)",1,-0.08
609,87,"(53, 5)",0,-0.08
609,88,"(53, 4)",0,-0.08
609,89,"(53, 3)",0,-0.08
609,90,"(53, 2)",0,-0.08
609,91,"(53, 1)",1,-0.08
609,92,"(54, 1)",1,-0.08
609,93,"(55, 1)",1,-0.08
609,94,"(56, 1)",1,-0.08
609,95,"(57, 1)",1,-0.08
609,96,"(58, 1)",1,-0.08
609,97,"(59, 1)",1,-0.08
609,98,"(60, 1)",1,-0.08
609,99,"(61, 1)",1,-0.08
609,100,"(62, 1)",1,-0.08
609,101,"(63, 1)",1,-0.08
609,102,"(64, 1)",1,-0.08
609,103,"(65, 1)",1,-0.08
609,104,"(66, 1)",1,-0.08
609,105,"(67, 1)",1,-0.08
609,106,"(68, 1)",1,-0.08
609,107,"(69, 1)",1,-0.08
609,108,"(70, 1)",1,-0.08
609,109,"(71, 1)",2,-0.08
609,110,"(71, 2)",2,-0.08
609,111,"(71, 3)",1,-0.08
609,112,"(72, 3)",1,-0.08
609,113,"(73, 3)",0,-0.08
609,114,"(73, 2)",0,-0.08
609,115,"(73, 1)",1,-0.08
609,116,"(74, 1)",1,-0.08
609,117,"(75, 1)",1,-0.08
609,118,"(76, 1)",0,-0.08
609,119,"(76, 0)",1,-0.08
609,120,"(77, 0)",1,-0.08
609,121,"(78, 0)",1,8.33
610,0,"(0, 39)",1,-0.08
610,1,"(1, 39)",1,-0.08
610,2,"(2, 39)",1,-0.08
610,3,"(3, 39)",1,-0.08
610,4,"(4, 39)",1,-0.08
610,5,"(5, 39)",1,-0.08
610,6,"(6, 39)",1,-0.08
610,7,"(7, 39)",1,-0.08
610,8,"(8, 39)",1,-0.08
610,9,"(9, 39)",1,-0.08
610,10,"(10, 39)",0,-0.08
610,11,"(10, 38)",1,-0.08
610,12,"(11, 38)",0,-0.08
610,13,"(11, 37)",1,-0.08
610,14,"(12, 37)",1,-0.08
610,15,"(13, 37)",1,-0.08
610,16,"(14, 37)",1,-0.08
610,17,"(15, 37)",1,-0.08
610,18,"(16, 37)",1,-0.08
610,19,"(17, 37)",1,-0.08
610,20,"(18, 37)",1,-0.08
610,21,"(19, 37)",0,-0.08
610,22,"(19, 36)",0,-0.08
610,23,"(19, 35)",0,-0.08
610,24,"(19, 34)",0,-0.08
610,25,"(19, 33)",0,-0.08
610,26,"(19, 32)",0,-0.08
610,27,"(19, 31)",0,-0.08
610,28,"(19, 30)",0,-0.08
610,29,"(19, 29)",1,-0.08
610,30,"(20, 29)",0,-0.08
610,31,"(20, 28)",0,-0.08
610,32,"(20, 27)",1,-0.08
610,33,"(21, 27)",0,-0.08
610,34,"(21, 26)",0,-0.08
610,35,"(21, 25)",1,-0.08
610,36,"(22, 25)",0,-0.08
610,37,"(22, 24)",0,-0.08
610,38,"(22, 23)",1,-0.08
610,39,"(23, 23)",1,-0.08
610,40,"(24, 23)",1,-0.08
610,41,"(25, 23)",0,-0.08
610,42,"(25, 22)",0,-0.08
610,43,"(25, 21)",1,-0.08
610,44,"(26, 21)",1,-0.08
610,45,"(27, 21)",0,-0.08
610,46,"(27, 20)",1,-0.08
610,47,"(28, 20)",0,-0.08
610,48,"(28, 19)",1,-0.08
610,49,"(29, 19)",1,-0.08
610,50,"(30, 19)",1,-0.08
610,51,"(31, 19)",1,-0.08
610,52,"(32, 19)",1,-0.08
610,53,"(33, 19)",1,-0.08
610,54,"(34, 19)",1,-0.08
610,55,"(35, 19)",0,-0.08
610,56,"(35, 18)",0,-0.08
610,57,"(35, 17)",0,-0.08
610,58,"(35, 16)",0,-0.08
610,59,"(35, 15)",0,-0.08
610,60,"(35, 14)",0,-0.08
610,61,"(35, 13)",1,-0.08
610,62,"(36, 13)",1,-0.08
610,63,"(37, 13)",1,-0.08
610,64,"(38, 13)",1,-0.08
610,65,"(39, 13)",1,-0.08
610,66,"(40, 13)",1,-0.08
610,67,"(41, 13)",0,-0.08
610,68,"(41, 12)",0,-0.08
610,69,"(41, 11)",1,-0.08
610,70,"(42, 11)",1,-0.08
610,71,"(43, 11)",1,-0.08
610,72,"(44, 11)",1,-0.08
610,73,"(45, 11)",0,-0.08
610,74,"(45, 10)",1,-0.08
610,75,"(46, 10)",0,-0.08
610,76,"(46, 9)",0,-0.08
610,77,"(46, 8)",0,-0.08
610,78,"(46, 7)",0,-0.08
610,79,"(46, 6)",1,-0.08
610,80,"(47, 6)",1,-0.08
610,81,"(48, 6)",1,-0.08
610,82,"(49, 6)",0,-0.08
610,83,"(49, 5)",1,-0.08
610,84,"(50, 5)",1,-0.08
610,85,"(51, 5)",0,-0.08
610,86,"(51, 4)",0,-0.08
610,87,"(51, 3)",0,-0.08
610,88,"(51, 2)",0,-0.08
610,89,"(51, 1)",1,-0.08
610,90,"(52, 1)",1,-0.08
610,91,"(53, 1)",1,-0.08
610,92,"(54, 1)",1,-0.08
610,93,"(55, 1)",1,-0.08
610,94,"(56, 1)",1,-0.08
610,95,"(57, 1)",1,-0.08
610,96,"(58, 1)",1,-0.08
610,97,"(59, 1)",1,-0.08
610,98,"(60, 1)",1,-0.08
610,99,"(61, 1)",1,-0.08
610,100,"(62, 1)",1,-0.08
610,101,"(63, 1)",1,-0.08
610,102,"(64, 1)",1,-0.08
610,103,"(65, 1)",1,-0.08
610,104,"(66, 1)",1,-0.08
610,105,"(67, 1)",1,-0.08
610,106,"(68, 1)",1,-0.08
610,107,"(69, 1)",1,-0.08
610,108,"(70, 1)",1,-0.08
610,109,"(71, 1)",2,-0.08
610,110,"(71, 2)",2,-0.08
610,111,"(71, 3)",1,-0.08
610,112,"(72, 3)",1,-0.08
610,113,"(73, 3)",1,-0.08
610,114,"(74, 3)",1,-0.08
610,115,"(75, 3)",1,-0.08
610,116,"(76, 3)",1,-0.08
610,117,"(77, 3)",0,-0.08
610,118,"(77, 2)",0,-0.08
610,119,"(77, 1)",1,-0.08
610,120,"(78, 1)",1,-0.08
610,121,"(79, 1)",0,8.33
611,0,"(0, 39)",1,-0.08
611,1,"(1, 39)",1,-0.08
611,2,"(2, 39)",1,-0.08
611,3,"(3, 39)",1,-0.08
611,4,"(4, 39)",1,-0.08
611,5,"(5, 39)",1,-0.08
611,6,"(6, 39)",1,-0.08
611,7,"(7, 39)",1,-0.08
611,8,"(8, 39)",1,-0.08
611,9,"(9, 39)",1,-0.08
611,10,"(10, 39)",1,-0.08
611,11,"(11, 39)",0,-0.08
611,12,"(11, 38)",0,-0.08
611,13,"(11, 37)",1,-0.08
611,14,"(12, 37)",1,-0.08
611,15,"(13, 37)",1,-0.08
611,16,"(14, 37)",1,-0.08
611,17,"(15, 37)",1,-0.08
611,18,"(16, 37)",0,-0.08
611,19,"(16, 36)",1,-0.08
611,20,"(17, 36)",0,-0.08
611,21,"(17, 35)",1,-0.08
611,22,"(18, 35)",0,-0.08
611,23,"(18, 34)",1,-0.08
611,24,"(19, 34)",0,-0.08
611,25,"(19, 33)",0,-0.08
611,26,"(19, 32)",0,-0.08
611,27,"(19, 31)",0,-0.08
611,28,"(19, 30)",0,-0.08
611,29,"(19, 29)",1,-0.08
611,30,"(20, 29)",0,-0.08
611,31,"(20, 28)",0,-0.08
611,32,"(20, 27)",1,-0.08
611,33,"(21, 27)",0,-0.08
611,34,"(21, 26)",1,-0.08
611,35,"(22, 26)",1,-0.08
611,36,"(23, 26)",1,-0.08
611,37,"(24, 26)",1,-0.08
611,38,"(25, 26)",0,-0.08
611,39,"(25, 25)",0,-0.08
611,40,"(25, 24)",0,-0.08
611,41,"(25, 23)",0,-0.08
611,42,"(25, 22)",0,-0.08
611,43,"(25, 21)",0,-0.08
611,44,"(25, 20)",0,-0.08
611,45,"(25, 19)",0,-0.08
611,46,"(25, 18)",1,-0.08
611,47,"(26, 18)",1,-0.08
611,48,"(27, 18)",0,-0.08
611,49,"(27, 17)",1,-0.08
611,50,"(28, 17)",0,-0.08
611,51,"(28, 16)",1,-0.08
611,52,"(29, 16)",0,-0.08
611,53,"(29, 15)",1,-0.08
611,54,"(30, 15)",1,-0.08
611,55,"(31, 15)",1,-0.08
611,56,"(32, 15)",0,-0.08
611,57,"(32, 14)",0,-0.08
611,58,"(32, 13)",1,-0.08
611,59,"(33, 13)",1,-0.08
611,60,"(34, 13)",1,-0.08
611,61,"(35, 13)",1,-0.08
611,62,"(36, 13)",1,-0.08
611,63,"(37, 13)",1,-0.08
611,64,"(38, 13)",1,-0.08
611,65,"(39, 13)",0,-0.08
611,66,"(39, 12)",0,-0.08
611,67,"(39, 11)",1,-0.08
611,68,"(40, 11)",1,-0.08
611,69,"(41, 11)",1,-0.08
611,70,"(42, 11)",1,-0.08
611,71,"(43, 11)",1,-0.08
611,72,"(44, 11)",1,-0.08
611,73,"(45, 11)",0,-0.08
611,74,"(45, 10)",0,-0.08
611,75,"(45, 9)",0,-0.08
611,76,"(45, 8)",0,-0.08
611,77,"(45, 7)",1,-0.08
611,78,"(46, 7)",0,-0.08
611,79,"(46, 6)",1,-0.08
611,80,"(47, 6)",1,-0.08
611,81,"(48, 6)",1,-0.08
611,82,"(49, 6)",0,-0.08
611,83,"(49, 5)",1,-0.08
611,84,"(50, 5)",1,-0.08
611,85,"(51, 5)",1,-0.08
611,86,"(52, 5)",1,-0.08
611,87,"(53, 5)",0,-0.08
611,88,"(53, 4)",0,-0.08
611,89,"(53, 3)",0,-0.08
611,90,"(53, 2)",0,-0.08
611,91,"(53, 1)",1,-0.08
611,92,"(54, 1)",1,-0.08
611,93,"(55, 1)",1,-0.08
611,94,"(56, 1)",1,-0.08
611,95,"(57, 1)",1,-0.08
611,96,"(58, 1)",1,-0.08
611,97,"(59, 1)",1,-0.08
611,98,"(60, 1)",1,-0.08
611,99,"(61, 1)",1,-0.08
611,100,"(62, 1)",1,-0.08
611,101,"(63, 1)",1,-0.08
611,102,"(64, 1)",1,-0.08
611,103,"(65, 1)",1,-0.08
611,104,"(66, 1)",1,-0.08
611,105,"(67, 1)",1,-0.08
611,106,"(68, 1)",1,-0.08
611,107,"(69, 1)",1,-0.08
611,108,"(70, 1)",1,-0.08
611,109,"(71, 1)",2,-0.08
611,110,"(71, 2)",2,-0.08
611,111,"(71, 3)",1,-0.08
611,112,"(72, 3)",1,-0.08
611,113,"(73, 3)",0,-0.08
611,114,"(73, 2)",0,-0.08
611,115,"(73, 1)",1,-0.08
611,116,"(74, 1)",0,-0.08
611,117,"(74, 0)",1,-0.08
611,118,"(75, 0)",1,-0.08
611,119,"(76, 0)",1,-0.08
611,120,"(77, 0)",1,-0.08
611,121,"(78, 0)",1,8.33
612,0,"(0, 39)",1,-0.08
612,1,"(1, 39)",1,-0.08
612,2,"(2, 39)",1,-0.08
612,3,"(3, 39)",1,-0.08
612,4,"(4, 39)",1,-0.08
612,5,"(5, 39)",1,-0.08
612,6,"(6, 39)",1,-0.08
612,7,"(7, 39)",1,-0.08
612,8,"(8, 39)",1,-0.08
612,9,"(9, 39)",1,-0.08
612,10,"(10, 39)",0,-0.08
612,11,"(10, 38)",0,-0.08
612,12,"(10, 37)",1,-0.08
612,13,"(11, 37)",1,-0.08
612,14,"(12, 37)",1,-0.08
612,15,"(13, 37)",1,-0.08
612,16,"(14, 37)",1,-0.08
612,17,"(15, 37)",1,-0.08
612,18,"(16, 37)",0,-0.08
612,19,"(16, 36)",1,-0.08
612,20,"(17, 36)",0,-0.08
612,21,"(17, 35)",1,-0.08
612,22,"(18, 35)",1,-0.08
612,23,"(19, 35)",0,-0.08
612,24,"(19, 34)",0,-0.08
612,25,"(19, 33)",0,-0.08
612,26,"(19, 32)",0,-0.08
612,27,"(19, 31)",0,-0.08
612,28,"(19, 30)",0,-0.08
612,29,"(19, 29)",1,-0.08
612,30,"(20, 29)",0,-0.08
612,31,"(20, 28)",0,-0.08
612,32,"(20, 27)",1,-0.08
612,33,"(21, 27)",0,-0.08
612,34,"(21, 26)",1,-0.08
612,35,"(22, 26)",1,-0.08
612,36,"(23, 26)",1,-0.08
612,37,"(24, 26)",1,-0.08
612,38,"(25, 26)",0,-0.08
612,39,"(25, 25)",0,-0.08
612,40,"(25, 24)",0,-0.08
612,41,"(25, 23)",0,-0.08
612,42,"(25, 22)",0,-0.08
612,43,"(25, 21)",0,-0.08
612,44,"(25, 20)",0,-0.08
612,45,"(25, 19)",0,-0.08
612,46,"(25, 18)",1,-0.08
612,47,"(26, 18)",1,-0.08
612,48,"(27, 18)",0,-0.08
612,49,"(27, 17)",0,-0.08
612,50,"(27, 16)",1,-0.08
612,51,"(28, 16)",1,-0.08
612,52,"(29, 16)",0,-0.08
612,53,"(29, 15)",1,-0.08
612,54,"(30, 15)",1,-0.08
612,55,"(31, 15)",1,-0.08
612,56,"(32, 15)",0,-0.08
612,57,"(32, 14)",0,-0.08
612,58,"(32, 13)",1,-0.08
612,59,"(33, 13)",1,-0.08
612,60,"(34, 13)",1,-0.08
612,61,"(35, 13)",1,-0.08
612,62,"(36, 13)",1,-0.08
612,63,"(37, 13)",1,-0.08
612,64,"(38, 13)",1,-0.08
612,65,"(39, 13)",0,-0.08
612,66,"(39, 12)",0,-0.08
612,67,"(39, 11)",1,-0.08
612,68,"(40, 11)",1,-0.08
612,69,"(41, 11)",1,-0.08
612,70,"(42, 11)",1,-0.08
612,71,"(43, 11)",1,-0.08
612,72,"(44, 11)",1,-0.08
612,73,"(45, 11)",0,-0.08
612,74,"(45, 10)",1,-0.08
612,75,"(46, 10)",0,-0.08
612,76,"(46, 9)",0,-0.08
612,77,"(46, 8)",0,-0.08
612,78,"(46, 7)",1,-0.08
612,79,"(47, 7)",0,-0.08
612,80,"(47, 6)",1,-0.08
612,81,"(48, 6)",1,-0.08
612,82,"(49, 6)",0,-0.08
612,83,"(49, 5)",1,-0.08
612,84,"(50, 5)",1,-0.08
612,85,"(51, 5)",0,-0.08
612,86,"(51, 4)",0,-0.08
612,87,"(51, 3)",0,-0.08
612,88,"(51, 2)",0,-0.08
612,89,"(51, 1)",1,-0.08
612,90,"(52, 1)",1,-0.08
612,91,"(53, 1)",1,-0.08
612,92,"(54, 1)",1,-0.08
612,93,"(55, 1)",1,-0.08
612,94,"(56, 1)",1,-0.08
612,95,"(57, 1)",1,-0.08
612,96,"(58, 1)",1,-0.08
612,97,"(59, 1)",1,-0.08
612,98,"(60, 1)",1,-0.08
612,99,"(61, 1)",1,-0.08
612,100,"(62, 1)",1,-0.08
612,101,"(63, 1)",1,-0.08
612,102,"(64, 1)",1,-0.08
612,103,"(65, 1)",1,-0.08
612,104,"(66, 1)",1,-0.08
612,105,"(67, 1)",1,-0.08
612,106,"(68, 1)",1,-0.08
612,107,"(69, 1)",1,-0.08
612,108,"(70, 1)",1,-0.08
612,109,"(71, 1)",2,-0.08
612,110,"(71, 2)",2,-0.08
612,111,"(71, 3)",1,-0.08
612,112,"(72, 3)",1,-0.08
612,113,"(73, 3)",1,-0.08
612,114,"(74, 3)",1,-0.08
612,115,"(75, 3)",1,-0.08
612,116,"(76, 3)",1,-0.08
612,117,"(77, 3)",0,-0.08
612,118,"(77, 2)",0,-0.08
612,119,"(77, 1)",0,-0.08
612,120,"(77, 0)",1,-0.08
612,121,"(78, 0)",1,8.33
613,0,"(0, 39)",1,-0.08
613,1,"(1, 39)",1,-0.08
613,2,"(2, 39)",1,-0.08
613,3,"(3, 39)",1,-0.08
613,4,"(4, 39)",1,-0.08
613,5,"(5, 39)",1,-0.08
613,6,"(6, 39)",1,-0.08
613,7,"(7, 39)",1,-0.08
613,8,"(8, 39)",1,-0.08
613,9,"(9, 39)",1,-0.08
613,10,"(10, 39)",0,-0.08
613,11,"(10, 38)",1,-0.08
613,12,"(11, 38)",0,-0.08
613,13,"(11, 37)",1,-0.08
613,14,"(12, 37)",1,-0.08
613,15,"(13, 37)",1,-0.08
613,16,"(14, 37)",1,-0.08
613,17,"(15, 37)",1,-0.08
613,18,"(16, 37)",0,-0.08
613,19,"(16, 36)",1,-0.08
613,20,"(17, 36)",0,-0.08
613,21,"(17, 35)",1,-0.08
613,22,"(18, 35)",0,-0.08
613,23,"(18, 34)",0,-0.08
613,24,"(18, 33)",1,-0.08
613,25,"(19, 33)",0,-0.08
613,26,"(19, 32)",0,-0.08
613,27,"(19, 31)",0,-0.08
613,28,"(19, 30)",0,-0.08
613,29,"(19, 29)",1,-0.08
613,30,"(20, 29)",0,-0.08
613,31,"(20, 28)",0,-0.08
613,32,"(20, 27)",1,-0.08
613,33,"(21, 27)",0,-0.08
613,34,"(21, 26)",1,-0.08
613,35,"(22, 26)",0,-0.08
613,36,"(22, 25)",1,-0.08
613,37,"(23, 25)",1,-0.08
613,38,"(24, 25)",1,-0.08
613,39,"(25, 25)",0,-0.08
613,40,"(25, 24)",0,-0.08
613,41,"(25, 23)",0,-0.08
613,42,"(25, 22)",0,-0.08
613,43,"(25, 21)",0,-0.08
613,44,"(25, 20)",0,-0.08
613,45,"(25, 19)",0,-0.08
613,46,"(25, 18)",1,-0.08
613,47,"(26, 18)",1,-0.08
613,48,"(27, 18)",0,-0.08
613,49,"(27, 17)",1,-0.08
613,50,"(28, 17)",0,-0.08
613,51,"(28, 16)",1,-0.08
613,52,"(29, 16)",0,-0.08
613,53,"(29, 15)",1,-0.08
613,54,"(30, 15)",1,-0.08
613,55,"(31, 15)",0,-0.08
613,56,"(31, 14)",0,-0.08
613,57,"(31, 13)",1,-0.08
613,58,"(32, 13)",1,-0.08
613,59,"(33, 13)",1,-0.08
613,60,"(34, 13)",1,-0.08
613,61,"(35, 13)",1,-0.08
613,62,"(36, 13)",1,-0.08
613,63,"(37, 13)",1,-0.08
613,64,"(38, 13)",1,-0.08
613,65,"(39, 13)",1,-0.08
613,66,"(40, 13)",1,-0.08
613,67,"(41, 13)",1,-0.08
613,68,"(42, 13)",1,-0.08
613,69,"(43, 13)",1,-0.08
613,70,"(44, 13)",1,-0.08
613,71,"(45, 13)",0,-0.08
613,72,"(45, 12)",0,-0.08
613,73,"(45, 11)",0,-0.08
613,74,"(45, 10)",0,-0.08
613,75,"(45, 9)",0,-0.08
613,76,"(45, 8)",1,-0.08
613,77,"(46, 8)",0,-0.08
613,78,"(46, 7)",0,-0.08
613,79,"(46, 6)",1,-0.08
613,80,"(47, 6)",1,-0.08
613,81,"(48, 6)",1,-0.08
613,82,"(49, 6)",0,-0.08
613,83,"(49, 5)",1,-0.08
613,84,"(50, 5)",1,-0.08
613,85,"(51, 5)",0,-0.08
613,86,"(51, 4)",0,-0.08
613,87,"(51, 3)",0,-0.08
613,88,"(51, 2)",1,-0.08
613,89,"(52, 2)",0,-0.08
613,90,"(52, 1)",1,-0.08
613,91,"(53, 1)",1,-0.08
613,92,"(54, 1)",1,-0.08
613,93,"(55, 1)",1,-0.08
613,94,"(56, 1)",1,-0.08
613,95,"(57, 1)",1,-0.08
613,96,"(58, 1)",1,-0.08
613,97,"(59, 1)",1,-0.08
613,98,"(60, 1)",1,-0.08
613,99,"(61, 1)",1,-0.08
613,100,"(62, 1)",1,-0.08
613,101,"(63, 1)",1,-0.08
613,102,"(64, 1)",1,-0.08
613,103,"(65, 1)",1,-0.08
613,104,"(66, 1)",1,-0.08
613,105,"(67, 1)",1,-0.08
613,106,"(68, 1)",1,-0.08
613,107,"(69, 1)",1,-0.08
613,108,"(70, 1)",1,-0.08
613,109,"(71, 1)",2,-0.08
613,110,"(71, 2)",2,-0.08
613,111,"(71, 3)",1,-0.08
613,112,"(72, 3)",1,-0.08
613,113,"(73, 3)",0,-0.08
613,114,"(73, 2)",0,-0.08
613,115,"(73, 1)",0,-0.08
613,116,"(73, 0)",1,-0.08
613,117,"(74, 0)",1,-0.08
613,118,"(75, 0)",1,-0.08
613,119,"(76, 0)",1,-0.08
613,120,"(77, 0)",1,-0.08
613,121,"(78, 0)",1,8.33
614,0,"(0, 39)",1,-0.08
614,1,"(1, 39)",1,-0.08
614,2,"(2, 39)",1,-0.08
614,3,"(3, 39)",1,-0.08
614,4,"(4, 39)",1,-0.08
614,5,"(5, 39)",1,-0.08
614,6,"(6, 39)",1,-0.08
614,7,"(7, 39)",1,-0.08
614,8,"(8, 39)",1,-0.08
614,9,"(9, 39)",1,-0.08
614,10,"(10, 39)",0,-0.08
614,11,"(10, 38)",1,-0.08
614,12,"(11, 38)",0,-0.08
614,13,"(11, 37)",1,-0.08
614,14,"(12, 37)",1,-0.08
614,15,"(13, 37)",1,-0.08
614,16,"(14, 37)",1,-0.08
614,17,"(15, 37)",0,-0.08
614,18,"(15, 36)",0,-0.08
614,19,"(15, 35)",0,-0.08
614,20,"(15, 34)",0,-0.08
614,21,"(15, 33)",1,-0.08
614,22,"(16, 33)",1,-0.08
614,23,"(17, 33)",1,-0.08
614,24,"(18, 33)",1,-0.08
614,25,"(19, 33)",0,-0.08
614,26,"(19, 32)",0,-0.08
614,27,"(19, 31)",0,-0.08
614,28,"(19, 30)",0,-0.08
614,29,"(19, 29)",1,-0.08
614,30,"(20, 29)",0,-0.08
614,31,"(20, 28)",0,-0.08
614,32,"(20, 27)",1,-0.08
614,33,"(21, 27)",0,-0.08
614,34,"(21, 26)",0,-0.08
614,35,"(21, 25)",1,-0.08
614,36,"(22, 25)",1,-0.08
614,37,"(23, 25)",1,-0.08
614,38,"(24, 25)",1,-0.08
614,39,"(25, 25)",0,-0.08
614,40,"(25, 24)",0,-0.08
614,41,"(25, 23)",0,-0.08
614,42,"(25, 22)",0,-0.08
614,43,"(25, 21)",1,-0.08
614,44,"(26, 21)",1,-0.08
614,45,"(27, 21)",0,-0.08
614,46,"(27, 20)",0,-0.08
614,47,"(27, 19)",1,-0.08
614,48,"(28, 19)",1,-0.08
614,49,"(29, 19)",1,-0.08
614,50,"(30, 19)",1,-0.08
614,51,"(31, 19)",0,-0.08
614,52,"(31, 18)",0,-0.08
614,53,"(31, 17)",1,-0.08
614,54,"(32, 17)",1,-0.08
614,55,"(33, 17)",1,-0.08
614,56,"(34, 17)",1,-0.08
614,57,"(35, 17)",0,-0.08
614,58,"(35, 16)",0,-0.08
614,59,"(35, 15)",0,-0.08
614,60,"(35, 14)",0,-0.08
614,61,"(35, 13)",1,-0.08
614,62,"(36, 13)",1,-0.08
614,63,"(37, 13)",1,-0.08
614,64,"(38, 13)",1,-0.08
614,65,"(39, 13)",0,-0.08
614,66,"(39, 12)",0,-0.08
614,67,"(39, 11)",1,-0.08
614,68,"(40, 11)",1,-0.08
614,69,"(41, 11)",1,-0.08
614,70,"(42, 11)",1,-0.08
614,71,"(43, 11)",1,-0.08
614,72,"(44, 11)",1,-0.08
614,73,"(45, 11)",0,-0.08
614,74,"(45, 10)",1,-0.08
614,75,"(46, 10)",0,-0.08
614,76,"(46, 9)",0,-0.08
614,77,"(46, 8)",0,-0.08
614,78,"(46, 7)",0,-0.08
614,79,"(46, 6)",1,-0.08
614,80,"(47, 6)",1,-0.08
614,81,"(48, 6)",1,-0.08
614,82,"(49, 6)",0,-0.08
614,83,"(49, 5)",1,-0.08
614,84,"(50, 5)",1,-0.08
614,85,"(51, 5)",0,-0.08
614,86,"(51, 4)",0,-0.08
614,87,"(51, 3)",0,-0.08
614,88,"(51, 2)",1,-0.08
614,89,"(52, 2)",0,-0.08
614,90,"(52, 1)",1,-0.08
614,91,"(53, 1)",1,-0.08
614,92,"(54, 1)",1,-0.08
614,93,"(55, 1)",1,-0.08
614,94,"(56, 1)",1,-0.08
614,95,"(57, 1)",1,-0.08
614,96,"(58, 1)",1,-0.08
614,97,"(59, 1)",1,-0.08
614,98,"(60, 1)",1,-0.08
614,99,"(61, 1)",1,-0.08
614,100,"(62, 1)",1,-0.08
614,101,"(63, 1)",1,-0.08
614,102,"(64, 1)",1,-0.08
614,103,"(65, 1)",1,-0.08
614,104,"(66, 1)",1,-0.08
614,105,"(67, 1)",1,-0.08
614,106,"(68, 1)",1,-0.08
614,107,"(69, 1)",1,-0.08
614,108,"(70, 1)",1,-0.08
614,109,"(71, 1)",2,-0.08
614,110,"(71, 2)",2,-0.08
614,111,"(71, 3)",1,-0.08
614,112,"(72, 3)",1,-0.08
614,113,"(73, 3)",0,-0.08
614,114,"(73, 2)",0,-0.08
614,115,"(73, 1)",1,-0.08
614,116,"(74, 1)",1,-0.08
614,117,"(75, 1)",0,-0.08
614,118,"(75, 0)",1,-0.08
614,119,"(76, 0)",1,-0.08
614,120,"(77, 0)",1,-0.08
614,121,"(78, 0)",1,8.33
615,0,"(0, 39)",1,-0.08
615,1,"(1, 39)",1,-0.08
615,2,"(2, 39)",1,-0.08
615,3,"(3, 39)",1,-0.08
615,4,"(4, 39)",1,-0.08
615,5,"(5, 39)",1,-0.08
615,6,"(6, 39)",1,-0.08
615,7,"(7, 39)",1,-0.08
615,8,"(8, 39)",1,-0.08
615,9,"(9, 39)",1,-0.08
615,10,"(10, 39)",0,-0.08
615,11,"(10, 38)",1,-0.08
615,12,"(11, 38)",0,-0.08
615,13,"(11, 37)",1,-0.08
615,14,"(12, 37)",1,-0.08
615,15,"(13, 37)",1,-0.08
615,16,"(14, 37)",1,-0.08
615,17,"(15, 37)",1,-0.08
615,18,"(16, 37)",0,-0.08
615,19,"(16, 36)",1,-0.08
615,20,"(17, 36)",0,-0.08
615,21,"(17, 35)",1,-0.08
615,22,"(18, 35)",0,-0.08
615,23,"(18, 34)",0,-0.08
615,24,"(18, 33)",1,-0.08
615,25,"(19, 33)",0,-0.08
615,26,"(19, 32)",0,-0.08
615,27,"(19, 31)",0,-0.08
615,28,"(19, 30)",0,-0.08
615,29,"(19, 29)",1,-0.08
615,30,"(20, 29)",0,-0.08
615,31,"(20, 28)",0,-0.08
615,32,"(20, 27)",1,-0.08
615,33,"(21, 27)",0,-0.08
615,34,"(21, 26)",1,-0.08
615,35,"(22, 26)",1,-0.08
615,36,"(23, 26)",0,-0.08
615,37,"(23, 25)",1,-0.08
615,38,"(24, 25)",1,-0.08
615,39,"(25, 25)",0,-0.08
615,40,"(25, 24)",0,-0.08
615,41,"(25, 23)",0,-0.08
615,42,"(25, 22)",0,-0.08
615,43,"(25, 21)",1,-0.08
615,44,"(26, 21)",1,-0.08
615,45,"(27, 21)",0,-0.08
615,46,"(27, 20)",1,-0.08
615,47,"(28, 20)",0,-0.08
615,48,"(28, 19)",1,-0.08
615,49,"(29, 19)",1,-0.08
615,50,"(30, 19)",1,-0.08
615,51,"(31, 19)",0,-0.08
615,52,"(31, 18)",1,-0.08
615,53,"(32, 18)",0,-0.08
615,54,"(32, 17)",0,-0.08
615,55,"(32, 16)",0,-0.08
615,56,"(32, 15)",0,-0.08
615,57,"(32, 14)",0,-0.08
615,58,"(32, 13)",1,-0.08
615,59,"(33, 13)",1,-0.08
615,60,"(34, 13)",1,-0.08
615,61,"(35, 13)",1,-0.08
615,62,"(36, 13)",1,-0.08
615,63,"(37, 13)",1,-0.08
615,64,"(38, 13)",1,-0.08
615,65,"(39, 13)",0,-0.08
615,66,"(39, 12)",0,-0.08
615,67,"(39, 11)",1,-0.08
615,68,"(40, 11)",1,-0.08
615,69,"(41, 11)",1,-0.08
615,70,"(42, 11)",1,-0.08
615,71,"(43, 11)",1,-0.08
615,72,"(44, 11)",1,-0.08
615,73,"(45, 11)",0,-0.08
615,74,"(45, 10)",1,-0.08
615,75,"(46, 10)",0,-0.08
615,76,"(46, 9)",0,-0.08
615,77,"(46, 8)",0,-0.08
615,78,"(46, 7)",0,-0.08
615,79,"(46, 6)",1,-0.08
615,80,"(47, 6)",1,-0.08
615,81,"(48, 6)",1,-0.08
615,82,"(49, 6)",0,-0.08
615,83,"(49, 5)",1,-0.08
615,84,"(50, 5)",1,-0.08
615,85,"(51, 5)",1,-0.08
615,86,"(52, 5)",1,-0.08
615,87,"(53, 5)",0,-0.08
615,88,"(53, 4)",0,-0.08
615,89,"(53, 3)",1,-0.08
615,90,"(54, 3)",1,-0.08
615,91,"(55, 3)",1,-0.08
615,92,"(56, 3)",0,-0.08
615,93,"(56, 2)",0,-0.08
615,94,"(56, 1)",1,-0.08
615,95,"(57, 1)",1,-0.08
615,96,"(58, 1)",1,-0.08
615,97,"(59, 1)",1,-0.08
615,98,"(60, 1)",1,-0.08
615,99,"(61, 1)",1,-0.08
615,100,"(62, 1)",1,-0.08
615,101,"(63, 1)",1,-0.08
615,102,"(64, 1)",1,-0.08
615,103,"(65, 1)",1,-0.08
615,104,"(66, 1)",1,-0.08
615,105,"(67, 1)",1,-0.08
615,106,"(68, 1)",1,-0.08
615,107,"(69, 1)",1,-0.08
615,108,"(70, 1)",1,-0.08
615,109,"(71, 1)",2,-0.08
615,110,"(71, 2)",2,-0.08
615,111,"(71, 3)",1,-0.08
615,112,"(72, 3)",1,-0.08
615,113,"(73, 3)",0,-0.08
615,114,"(73, 2)",0,-0.08
615,115,"(73, 1)",0,-0.08
615,116,"(73, 0)",1,-0.08
615,117,"(74, 0)",1,-0.08
615,118,"(75, 0)",1,-0.08
615,119,"(76, 0)",1,-0.08
615,120,"(77, 0)",1,-0.08
615,121,"(78, 0)",1,8.33
616,0,"(0, 39)",1,-0.08
616,1,"(1, 39)",1,-0.08
616,2,"(2, 39)",1,-0.08
616,3,"(3, 39)",1,-0.08
616,4,"(4, 39)",1,-0.08
616,5,"(5, 39)",1,-0.08
616,6,"(6, 39)",1,-0.08
616,7,"(7, 39)",1,-0.08
616,8,"(8, 39)",1,-0.08
616,9,"(9, 39)",1,-0.08
616,10,"(10, 39)",1,-0.08
616,11,"(11, 39)",0,-0.08
616,12,"(11, 38)",0,-0.08
616,13,"(11, 37)",1,-0.08
616,14,"(12, 37)",1,-0.08
616,15,"(13, 37)",1,-0.08
616,16,"(14, 37)",1,-0.08
616,17,"(15, 37)",1,-0.08
616,18,"(16, 37)",0,-0.08
616,19,"(16, 36)",1,-0.08
616,20,"(17, 36)",0,-0.08
616,21,"(17, 35)",1,-0.08
616,22,"(18, 35)",0,-0.08
616,23,"(18, 34)",1,-0.08
616,24,"(19, 34)",0,-0.08
616,25,"(19, 33)",0,-0.08
616,26,"(19, 32)",0,-0.08
616,27,"(19, 31)",0,-0.08
616,28,"(19, 30)",0,-0.08
616,29,"(19, 29)",1,-0.08
616,30,"(20, 29)",0,-0.08
616,31,"(20, 28)",0,-0.08
616,32,"(20, 27)",1,-0.08
616,33,"(21, 27)",0,-0.08
616,34,"(21, 26)",0,-0.08
616,35,"(21, 25)",1,-0.08
616,36,"(22, 25)",0,-0.08
616,37,"(22, 24)",0,-0.08
616,38,"(22, 23)",1,-0.08
616,39,"(23, 23)",1,-0.08
616,40,"(24, 23)",1,-0.08
616,41,"(25, 23)",0,-0.08
616,42,"(25, 22)",0,-0.08
616,43,"(25, 21)",1,-0.08
616,44,"(26, 21)",1,-0.08
616,45,"(27, 21)",0,-0.08
616,46,"(27, 20)",0,-0.08
616,47,"(27, 19)",0,-0.08
616,48,"(27, 18)",0,-0.08
616,49,"(27, 17)",1,-0.08
616,50,"(28, 17)",0,-0.08
616,51,"(28, 16)",1,-0.08
616,52,"(29, 16)",0,-0.08
616,53,"(29, 15)",1,-0.08
616,54,"(30, 15)",1,-0.08
616,55,"(31, 15)",0,-0.08
616,56,"(31, 14)",0,-0.08
616,57,"(31, 13)",1,-0.08
616,58,"(32, 13)",1,-0.08
616,59,"(33, 13)",1,-0.08
616,60,"(34, 13)",1,-0.08
616,61,"(35, 13)",1,-0.08
616,62,"(36, 13)",1,-0.08
616,63,"(37, 13)",1,-0.08
616,64,"(38, 13)",1,-0.08
616,65,"(39, 13)",0,-0.08
616,66,"(39, 12)",0,-0.08
616,67,"(39, 11)",1,-0.08
616,68,"(40, 11)",1,-0.08
616,69,"(41, 11)",1,-0.08
616,70,"(42, 11)",1,-0.08
616,71,"(43, 11)",1,-0.08
616,72,"(44, 11)",1,-0.08
616,73,"(45, 11)",0,-0.08
616,74,"(45, 10)",0,-0.08
616,75,"(45, 9)",1,-0.08
616,76,"(46, 9)",0,-0.08
616,77,"(46, 8)",0,-0.08
616,78,"(46, 7)",1,-0.08
616,79,"(47, 7)",0,-0.08
616,80,"(47, 6)",1,-0.08
616,81,"(48, 6)",1,-0.08
616,82,"(49, 6)",0,-0.08
616,83,"(49, 5)",1,-0.08
616,84,"(50, 5)",1,-0.08
616,85,"(51, 5)",1,-0.08
616,86,"(52, 5)",1,-0.08
616,87,"(53, 5)",0,-0.08
616,88,"(53, 4)",0,-0.08
616,89,"(53, 3)",0,-0.08
616,90,"(53, 2)",0,-0.08
616,91,"(53, 1)",1,-0.08
616,92,"(54, 1)",1,-0.08
616,93,"(55, 1)",1,-0.08
616,94,"(56, 1)",1,-0.08
616,95,"(57, 1)",1,-0.08
616,96,"(58, 1)",1,-0.08
616,97,"(59, 1)",1,-0.08
616,98,"(60, 1)",1,-0.08
616,99,"(61, 1)",1,-0.08
616,100,"(62, 1)",1,-0.08
616,101,"(63, 1)",1,-0.08
616,102,"(64, 1)",1,-0.08
616,103,"(65, 1)",1,-0.08
616,104,"(66, 1)",1,-0.08
616,105,"(67, 1)",1,-0.08
616,106,"(68, 1)",1,-0.08
616,107,"(69, 1)",1,-0.08
616,108,"(70, 1)",1,-0.08
616,109,"(71, 1)",2,-0.08
616,110,"(71, 2)",2,-0.08
616,111,"(71, 3)",1,-0.08
616,112,"(72, 3)",1,-0.08
616,113,"(73, 3)",1,-0.08
616,114,"(74, 3)",1,-0.08
616,115,"(75, 3)",1,-0.08
616,116,"(76, 3)",1,-0.08
616,117,"(77, 3)",0,-0.08
616,118,"(77, 2)",0,-0.08
616,119,"(77, 1)",1,-0.08
616,120,"(78, 1)",0,-0.08
616,121,"(78, 0)",1,8.33
617,0,"(0, 39)",1,-0.08
617,1,"(1, 39)",1,-0.08
617,2,"(2, 39)",1,-0.08
617,3,"(3, 39)",1,-0.08
617,4,"(4, 39)",1,-0.08
617,5,"(5, 39)",1,-0.08
617,6,"(6, 39)",1,-0.08
617,7,"(7, 39)",1,-0.08
617,8,"(8, 39)",1,-0.08
617,9,"(9, 39)",1,-0.08
617,10,"(10, 39)",0,-0.08
617,11,"(10, 38)",0,-0.08
617,12,"(10, 37)",1,-0.08
617,13,"(11, 37)",1,-0.08
617,14,"(12, 37)",1,-0.08
617,15,"(13, 37)",1,-0.08
617,16,"(14, 37)",1,-0.08
617,17,"(15, 37)",0,-0.08
617,18,"(15, 36)",0,-0.08
617,19,"(15, 35)",0,-0.08
617,20,"(15, 34)",0,-0.08
617,21,"(15, 33)",1,-0.08
617,22,"(16, 33)",1,-0.08
617,23,"(17, 33)",1,-0.08
617,24,"(18, 33)",1,-0.08
617,25,"(19, 33)",0,-0.08
617,26,"(19, 32)",0,-0.08
617,27,"(19, 31)",0,-0.08
617,28,"(19, 30)",0,-0.08
617,29,"(19, 29)",1,-0.08
617,30,"(20, 29)",0,-0.08
617,31,"(20, 28)",0,-0.08
617,32,"(20, 27)",1,-0.08
617,33,"(21, 27)",0,-0.08
617,34,"(21, 26)",1,-0.08
617,35,"(22, 26)",0,-0.08
617,36,"(22, 25)",0,-0.08
617,37,"(22, 24)",0,-0.08
617,38,"(22, 23)",1,-0.08
617,39,"(23, 23)",1,-0.08
617,40,"(24, 23)",1,-0.08
617,41,"(25, 23)",0,-0.08
617,42,"(25, 22)",0,-0.08
617,43,"(25, 21)",1,-0.08
617,44,"(26, 21)",1,-0.08
617,45,"(27, 21)",0,-0.08
617,46,"(27, 20)",0,-0.08
617,47,"(27, 19)",1,-0.08
617,48,"(28, 19)",1,-0.08
617,49,"(29, 19)",1,-0.08
617,50,"(30, 19)",1,-0.08
617,51,"(31, 19)",0,-0.08
617,52,"(31, 18)",0,-0.08
617,53,"(31, 17)",1,-0.08
617,54,"(32, 17)",0,-0.08
617,55,"(32, 16)",0,-0.08
617,56,"(32, 15)",0,-0.08
617,57,"(32, 14)",0,-0.08
617,58,"(32, 13)",1,-0.08
617,59,"(33, 13)",1,-0.08
617,60,"(34, 13)",1,-0.08
617,61,"(35, 13)",1,-0.08
617,62,"(36, 13)",1,-0.08
617,63,"(37, 13)",1,-0.08
617,64,"(38, 13)",1,-0.08
617,65,"(39, 13)",0,-0.08
617,66,"(39, 12)",0,-0.08
617,67,"(39, 11)",1,-0.08
617,68,"(40, 11)",1,-0.08
617,69,"(41, 11)",1,-0.08
617,70,"(42, 11)",1,-0.08
617,71,"(43, 11)",1,-0.08
617,72,"(44, 11)",1,-0.08
617,73,"(45, 11)",0,-0.08
617,74,"(45, 10)",0,-0.08
617,75,"(45, 9)",0,-0.08
617,76,"(45, 8)",1,-0.08
617,77,"(46, 8)",0,-0.08
617,78,"(46, 7)",1,-0.08
617,79,"(47, 7)",0,-0.08
617,80,"(47, 6)",1,-0.08
617,81,"(48, 6)",1,-0.08
617,82,"(49, 6)",0,-0.08
617,83,"(49, 5)",1,-0.08
617,84,"(50, 5)",1,-0.08
617,85,"(51, 5)",0,-0.08
617,86,"(51, 4)",0,-0.08
617,87,"(51, 3)",0,-0.08
617,88,"(51, 2)",0,-0.08
617,89,"(51, 1)",1,-0.08
617,90,"(52, 1)",1,-0.08
617,91,"(53, 1)",1,-0.08
617,92,"(54, 1)",1,-0.08
617,93,"(55, 1)",1,-0.08
617,94,"(56, 1)",1,-0.08
617,95,"(57, 1)",1,-0.08
617,96,"(58, 1)",1,-0.08
617,97,"(59, 1)",1,-0.08
617,98,"(60, 1)",1,-0.08
617,99,"(61, 1)",1,-0.08
617,100,"(62, 1)",1,-0.08
617,101,"(63, 1)",1,-0.08
617,102,"(64, 1)",1,-0.08
617,103,"(65, 1)",1,-0.08
617,104,"(66, 1)",1,-0.08
617,105,"(67, 1)",1,-0.08
617,106,"(68, 1)",1,-0.08
617,107,"(69, 1)",1,-0.08
617,108,"(70, 1)",1,-0.08
617,109,"(71, 1)",2,-0.08
617,110,"(71, 2)",2,-0.08
617,111,"(71, 3)",1,-0.08
617,112,"(72, 3)",1,-0.08
617,113,"(73, 3)",1,-0.08
617,114,"(74, 3)",1,-0.08
617,115,"(75, 3)",1,-0.08
617,116,"(76, 3)",1,-0.08
617,117,"(77, 3)",0,-0.08
617,118,"(77, 2)",0,-0.08
617,119,"(77, 1)",1,-0.08
617,120,"(78, 1)",1,-0.08
617,121,"(79, 1)",0,8.33
618,0,"(0, 39)",1,-0.08
618,1,"(1, 39)",1,-0.08
618,2,"(2, 39)",1,-0.08
618,3,"(3, 39)",1,-0.08
618,4,"(4, 39)",1,-0.08
618,5,"(5, 39)",1,-0.08
618,6,"(6, 39)",1,-0.08
618,7,"(7, 39)",1,-0.08
618,8,"(8, 39)",1,-0.08
618,9,"(9, 39)",1,-0.08
618,10,"(10, 39)",0,-0.08
618,11,"(10, 38)",0,-0.08
618,12,"(10, 37)",1,-0.08
618,13,"(11, 37)",1,-0.08
618,14,"(12, 37)",1,-0.08
618,15,"(13, 37)",1,-0.08
618,16,"(14, 37)",1,-0.08
618,17,"(15, 37)",0,-0.08
618,18,"(15, 36)",1,-0.08
618,19,"(16, 36)",1,-0.08
618,20,"(17, 36)",0,-0.08
618,21,"(17, 35)",0,-0.08
618,22,"(17, 34)",0,-0.08
618,23,"(17, 33)",1,-0.08
618,24,"(18, 33)",1,-0.08
618,25,"(19, 33)",0,-0.08
618,26,"(19, 32)",0,-0.08
618,27,"(19, 31)",0,-0.08
618,28,"(19, 30)",0,-0.08
618,29,"(19, 29)",1,-0.08
618,30,"(20, 29)",0,-0.08
618,31,"(20, 28)",0,-0.08
618,32,"(20, 27)",1,-0.08
618,33,"(21, 27)",0,-0.08
618,34,"(21, 26)",0,-0.08
618,35,"(21, 25)",1,-0.08
618,36,"(22, 25)",0,-0.08
618,37,"(22, 24)",0,-0.08
618,38,"(22, 23)",1,-0.08
618,39,"(23, 23)",1,-0.08
618,40,"(24, 23)",1,-0.08
618,41,"(25, 23)",0,-0.08
618,42,"(25, 22)",0,-0.08
618,43,"(25, 21)",0,-0.08
618,44,"(25, 20)",0,-0.08
618,45,"(25, 19)",1,-0.08
618,46,"(26, 19)",0,-0.08
618,47,"(26, 18)",1,-0.08
618,48,"(27, 18)",0,-0.08
618,49,"(27, 17)",0,-0.08
618,50,"(27, 16)",1,-0.08
618,51,"(28, 16)",1,-0.08
618,52,"(29, 16)",0,-0.08
618,53,"(29, 15)",1,-0.08
618,54,"(30, 15)",1,-0.08
618,55,"(31, 15)",0,-0.08
618,56,"(31, 14)",0,-0.08
618,57,"(31, 13)",1,-0.08
618,58,"(32, 13)",1,-0.08
618,59,"(33, 13)",1,-0.08
618,60,"(34, 13)",1,-0.08
618,61,"(35, 13)",1,-0.08
618,62,"(36, 13)",1,-0.08
618,63,"(37, 13)",1,-0.08
618,64,"(38, 13)",1,-0.08
618,65,"(39, 13)",1,-0.08
618,66,"(40, 13)",1,-0.08
618,67,"(41, 13)",0,-0.08
618,68,"(41, 12)",0,-0.08
618,69,"(41, 11)",1,-0.08
618,70,"(42, 11)",1,-0.08
618,71,"(43, 11)",1,-0.08
618,72,"(44, 11)",1,-0.08
618,73,"(45, 11)",0,-0.08
618,74,"(45, 10)",1,-0.08
618,75,"(46, 10)",0,-0.08
618,76,"(46, 9)",0,-0.08
618,77,"(46, 8)",0,-0.08
618,78,"(46, 7)",1,-0.08
618,79,"(47, 7)",0,-0.08
618,80,"(47, 6)",1,-0.08
618,81,"(48, 6)",1,-0.08
618,82,"(49, 6)",0,-0.08
618,83,"(49, 5)",1,-0.08
618,84,"(50, 5)",1,-0.08
618,85,"(51, 5)",1,-0.08
618,86,"(52, 5)",1,-0.08
618,87,"(53, 5)",0,-0.08
618,88,"(53, 4)",0,-0.08
618,89,"(53, 3)",0,-0.08
618,90,"(53, 2)",0,-0.08
618,91,"(53, 1)",1,-0.08
618,92,"(54, 1)",1,-0.08
618,93,"(55, 1)",1,-0.08
618,94,"(56, 1)",1,-0.08
618,95,"(57, 1)",1,-0.08
618,96,"(58, 1)",1,-0.08
618,97,"(59, 1)",1,-0.08
618,98,"(60, 1)",1,-0.08
618,99,"(61, 1)",1,-0.08
618,100,"(62, 1)",1,-0.08
618,101,"(63, 1)",1,-0.08
618,102,"(64, 1)",1,-0.08
618,103,"(65, 1)",1,-0.08
618,104,"(66, 1)",1,-0.08
618,105,"(67, 1)",1,-0.08
618,106,"(68, 1)",1,-0.08
618,107,"(69, 1)",1,-0.08
618,108,"(70, 1)",1,-0.08
618,109,"(71, 1)",2,-0.08
618,110,"(71, 2)",2,-0.08
618,111,"(71, 3)",1,-0.08
618,112,"(72, 3)",1,-0.08
618,113,"(73, 3)",0,-0.08
618,114,"(73, 2)",0,-0.08
618,115,"(73, 1)",1,-0.08
618,116,"(74, 1)",1,-0.08
618,117,"(75, 1)",1,-0.08
618,118,"(76, 1)",0,-0.08
618,119,"(76, 0)",1,-0.08
618,120,"(77, 0)",1,-0.08
618,121,"(78, 0)",1,8.33
619,0,"(0, 39)",1,-0.08
619,1,"(1, 39)",1,-0.08
619,2,"(2, 39)",1,-0.08
619,3,"(3, 39)",1,-0.08
619,4,"(4, 39)",1,-0.08
619,5,"(5, 39)",1,-0.08
619,6,"(6, 39)",1,-0.08
619,7,"(7, 39)",1,-0.08
619,8,"(8, 39)",1,-0.08
619,9,"(9, 39)",1,-0.08
619,10,"(10, 39)",0,-0.08
619,11,"(10, 38)",0,-0.08
619,12,"(10, 37)",1,-0.08
619,13,"(11, 37)",1,-0.08
619,14,"(12, 37)",1,-0.08
619,15,"(13, 37)",1,-0.08
619,16,"(14, 37)",1,-0.08
619,17,"(15, 37)",0,-0.08
619,18,"(15, 36)",0,-0.08
619,19,"(15, 35)",0,-0.08
619,20,"(15, 34)",0,-0.08
619,21,"(15, 33)",1,-0.08
619,22,"(16, 33)",1,-0.08
619,23,"(17, 33)",1,-0.08
619,24,"(18, 33)",1,-0.08
619,25,"(19, 33)",0,-0.08
619,26,"(19, 32)",0,-0.08
619,27,"(19, 31)",0,-0.08
619,28,"(19, 30)",0,-0.08
619,29,"(19, 29)",1,-0.08
619,30,"(20, 29)",0,-0.08
619,31,"(20, 28)",0,-0.08
619,32,"(20, 27)",1,-0.08
619,33,"(21, 27)",0,-0.08
619,34,"(21, 26)",0,-0.08
619,35,"(21, 25)",1,-0.08
619,36,"(22, 25)",1,-0.08
619,37,"(23, 25)",1,-0.08
619,38,"(24, 25)",1,-0.08
619,39,"(25, 25)",0,-0.08
619,40,"(25, 24)",0,-0.08
619,41,"(25, 23)",0,-0.08
619,42,"(25, 22)",0,-0.08
619,43,"(25, 21)",1,-0.08
619,44,"(26, 21)",1,-0.08
619,45,"(27, 21)",0,-0.08
619,46,"(27, 20)",0,-0.08
619,47,"(27, 19)",0,-0.08
619,48,"(27, 18)",0,-0.08
619,49,"(27, 17)",1,-0.08
619,50,"(28, 17)",1,-0.08
619,51,"(29, 17)",0,-0.08
619,52,"(29, 16)",0,-0.08
619,53,"(29, 15)",1,-0.08
619,54,"(30, 15)",1,-0.08
619,55,"(31, 15)",0,-0.08
619,56,"(31, 14)",0,-0.08
619,57,"(31, 13)",1,-0.08
619,58,"(32, 13)",1,-0.08
619,59,"(33, 13)",1,-0.08
619,60,"(34, 13)",1,-0.08
619,61,"(35, 13)",1,-0.08
619,62,"(36, 13)",1,-0.08
619,63,"(37, 13)",1,-0.08
619,64,"(38, 13)",1,-0.08
619,65,"(39, 13)",0,-0.08
619,66,"(39, 12)",0,-0.08
619,67,"(39, 11)",1,-0.08
619,68,"(40, 11)",1,-0.08
619,69,"(41, 11)",1,-0.08
619,70,"(42, 11)",1,-0.08
619,71,"(43, 11)",1,-0.08
619,72,"(44, 11)",1,-0.08
619,73,"(45, 11)",0,-0.08
619,74,"(45, 10)",1,-0.08
619,75,"(46, 10)",0,-0.08
619,76,"(46, 9)",0,-0.08
619,77,"(46, 8)",0,-0.08
619,78,"(46, 7)",1,-0.08
619,79,"(47, 7)",0,-0.08
619,80,"(47, 6)",1,-0.08
619,81,"(48, 6)",1,-0.08
619,82,"(49, 6)",0,-0.08
619,83,"(49, 5)",1,-0.08
619,84,"(50, 5)",1,-0.08
619,85,"(51, 5)",1,-0.08
619,86,"(52, 5)",1,-0.08
619,87,"(53, 5)",0,-0.08
619,88,"(53, 4)",0,-0.08
619,89,"(53, 3)",0,-0.08
619,90,"(53, 2)",0,-0.08
619,91,"(53, 1)",1,-0.08
619,92,"(54, 1)",1,-0.08
619,93,"(55, 1)",1,-0.08
619,94,"(56, 1)",1,-0.08
619,95,"(57, 1)",1,-0.08
619,96,"(58, 1)",1,-0.08
619,97,"(59, 1)",1,-0.08
619,98,"(60, 1)",1,-0.08
619,99,"(61, 1)",1,-0.08
619,100,"(62, 1)",1,-0.08
619,101,"(63, 1)",1,-0.08
619,102,"(64, 1)",1,-0.08
619,103,"(65, 1)",1,-0.08
619,104,"(66, 1)",1,-0.08
619,105,"(67, 1)",1,-0.08
619,106,"(68, 1)",1,-0.08
619,107,"(69, 1)",1,-0.08
619,108,"(70, 1)",1,-0.08
619,109,"(71, 1)",2,-0.08
619,110,"(71, 2)",2,-0.08
619,111,"(71, 3)",1,-0.08
619,112,"(72, 3)",1,-0.08
619,113,"(73, 3)",1,-0.08
619,114,"(74, 3)",1,-0.08
619,115,"(75, 3)",1,-0.08
619,116,"(76, 3)",1,-0.08
619,117,"(77, 3)",0,-0.08
619,118,"(77, 2)",0,-0.08
619,119,"(77, 1)",0,-0.08
619,120,"(77, 0)",1,-0.08
619,121,"(78, 0)",1,8.33
620,0,"(0, 39)",1,-0.08
620,1,"(1, 39)",1,-0.08
620,2,"(2, 39)",1,-0.08
620,3,"(3, 39)",1,-0.08
620,4,"(4, 39)",1,-0.08
620,5,"(5, 39)",1,-0.08
620,6,"(6, 39)",1,-0.08
620,7,"(7, 39)",1,-0.08
620,8,"(8, 39)",1,-0.08
620,9,"(9, 39)",1,-0.08
620,10,"(10, 39)",1,-0.08
620,11,"(11, 39)",0,-0.08
620,12,"(11, 38)",0,-0.08
620,13,"(11, 37)",1,-0.08
620,14,"(12, 37)",1,-0.08
620,15,"(13, 37)",1,-0.08
620,16,"(14, 37)",1,-0.08
620,17,"(15, 37)",1,-0.08
620,18,"(16, 37)",0,-0.08
620,19,"(16, 36)",1,-0.08
620,20,"(17, 36)",0,-0.08
620,21,"(17, 35)",1,-0.08
620,22,"(18, 35)",0,-0.08
620,23,"(18, 34)",1,-0.08
620,24,"(19, 34)",0,-0.08
620,25,"(19, 33)",0,-0.08
620,26,"(19, 32)",0,-0.08
620,27,"(19, 31)",0,-0.08
620,28,"(19, 30)",0,-0.08
620,29,"(19, 29)",1,-0.08
620,30,"(20, 29)",0,-0.08
620,31,"(20, 28)",0,-0.08
620,32,"(20, 27)",1,-0.08
620,33,"(21, 27)",0,-0.08
620,34,"(21, 26)",1,-0.08
620,35,"(22, 26)",1,-0.08
620,36,"(23, 26)",1,-0.08
620,37,"(24, 26)",1,-0.08
620,38,"(25, 26)",0,-0.08
620,39,"(25, 25)",1,-0.08
620,40,"(26, 25)",1,-0.08
620,41,"(27, 25)",1,-0.08
620,42,"(28, 25)",1,-0.08
620,43,"(29, 25)",1,-0.08
620,44,"(30, 25)",1,-0.08
620,45,"(31, 25)",0,-0.08
620,46,"(31, 24)",0,-0.08
620,47,"(31, 23)",1,-0.08
620,48,"(32, 23)",1,-0.08
620,49,"(33, 23)",0,-0.08
620,50,"(33, 22)",0,-0.08
620,51,"(33, 21)",1,-0.08
620,52,"(34, 21)",1,-0.08
620,53,"(35, 21)",0,-0.08
620,54,"(35, 20)",0,-0.08
620,55,"(35, 19)",1,-0.08
620,56,"(36, 19)",1,-0.08
620,57,"(37, 19)",0,-0.08
620,58,"(37, 18)",0,-0.08
620,59,"(37, 17)",0,-0.08
620,60,"(37, 16)",0,-0.08
620,61,"(37, 15)",1,-0.08
620,62,"(38, 15)",1,-0.08
620,63,"(39, 15)",1,-0.08
620,64,"(40, 15)",1,-0.08
620,65,"(41, 15)",0,-0.08
620,66,"(41, 14)",0,-0.08
620,67,"(41, 13)",1,-0.08
620,68,"(42, 13)",1,-0.08
620,69,"(43, 13)",1,-0.08
620,70,"(44, 13)",1,-0.08
620,71,"(45, 13)",0,-0.08
620,72,"(45, 12)",0,-0.08
620,73,"(45, 11)",0,-0.08
620,74,"(45, 10)",1,-0.08
620,75,"(46, 10)",0,-0.08
620,76,"(46, 9)",0,-0.08
620,77,"(46, 8)",0,-0.08
620,78,"(46, 7)",1,-0.08
620,79,"(47, 7)",0,-0.08
620,80,"(47, 6)",1,-0.08
620,81,"(48, 6)",1,-0.08
620,82,"(49, 6)",0,-0.08
620,83,"(49, 5)",1,-0.08
620,84,"(50, 5)",1,-0.08
620,85,"(51, 5)",1,-0.08
620,86,"(52, 5)",1,-0.08
620,87,"(53, 5)",0,-0.08
620,88,"(53, 4)",0,-0.08
620,89,"(53, 3)",1,-0.08
620,90,"(54, 3)",1,-0.08
620,91,"(55, 3)",1,-0.08
620,92,"(56, 3)",1,-0.08
620,93,"(57, 3)",0,-0.08
620,94,"(57, 2)",1,-0.08
620,95,"(58, 2)",0,-0.08
620,96,"(58, 1)",1,-0.08
620,97,"(59, 1)",1,-0.08
620,98,"(60, 1)",1,-0.08
620,99,"(61, 1)",1,-0.08
620,100,"(62, 1)",1,-0.08
620,101,"(63, 1)",1,-0.08
620,102,"(64, 1)",1,-0.08
620,103,"(65, 1)",1,-0.08
620,104,"(66, 1)",1,-0.08
620,105,"(67, 1)",1,-0.08
620,106,"(68, 1)",1,-0.08
620,107,"(69, 1)",1,-0.08
620,108,"(70, 1)",1,-0.08
620,109,"(71, 1)",2,-0.08
620,110,"(71, 2)",2,-0.08
620,111,"(71, 3)",1,-0.08
620,112,"(72, 3)",1,-0.08
620,113,"(73, 3)",0,-0.08
620,114,"(73, 2)",0,-0.08
620,115,"(73, 1)",1,-0.08
620,116,"(74, 1)",0,-0.08
620,117,"(74, 0)",1,-0.08
620,118,"(75, 0)",1,-0.08
620,119,"(76, 0)",1,-0.08
620,120,"(77, 0)",1,-0.08
620,121,"(78, 0)",1,8.33
621,0,"(0, 39)",1,-0.08
621,1,"(1, 39)",1,-0.08
621,2,"(2, 39)",1,-0.08
621,3,"(3, 39)",1,-0.08
621,4,"(4, 39)",1,-0.08
621,5,"(5, 39)",1,-0.08
621,6,"(6, 39)",1,-0.08
621,7,"(7, 39)",1,-0.08
621,8,"(8, 39)",1,-0.08
621,9,"(9, 39)",1,-0.08
621,10,"(10, 39)",0,-0.08
621,11,"(10, 38)",1,-0.08
621,12,"(11, 38)",0,-0.08
621,13,"(11, 37)",1,-0.08
621,14,"(12, 37)",1,-0.08
621,15,"(13, 37)",1,-0.08
621,16,"(14, 37)",1,-0.08
621,17,"(15, 37)",1,-0.08
621,18,"(16, 37)",1,-0.08
621,19,"(17, 37)",1,-0.08
621,20,"(18, 37)",1,-0.08
621,21,"(19, 37)",0,-0.08
621,22,"(19, 36)",0,-0.08
621,23,"(19, 35)",0,-0.08
621,24,"(19, 34)",0,-0.08
621,25,"(19, 33)",0,-0.08
621,26,"(19, 32)",0,-0.08
621,27,"(19, 31)",0,-0.08
621,28,"(19, 30)",0,-0.08
621,29,"(19, 29)",1,-0.08
621,30,"(20, 29)",0,-0.08
621,31,"(20, 28)",0,-0.08
621,32,"(20, 27)",1,-0.08
621,33,"(21, 27)",0,-0.08
621,34,"(21, 26)",0,-0.08
621,35,"(21, 25)",1,-0.08
621,36,"(22, 25)",0,-0.08
621,37,"(22, 24)",0,-0.08
621,38,"(22, 23)",1,-0.08
621,39,"(23, 23)",1,-0.08
621,40,"(24, 23)",1,-0.08
621,41,"(25, 23)",0,-0.08
621,42,"(25, 22)",0,-0.08
621,43,"(25, 21)",1,-0.08
621,44,"(26, 21)",1,-0.08
621,45,"(27, 21)",0,-0.08
621,46,"(27, 20)",1,-0.08
621,47,"(28, 20)",0,-0.08
621,48,"(28, 19)",1,-0.08
621,49,"(29, 19)",1,-0.08
621,50,"(30, 19)",1,-0.08
621,51,"(31, 19)",0,-0.08
621,52,"(31, 18)",1,-0.08
621,53,"(32, 18)",0,-0.08
621,54,"(32, 17)",0,-0.08
621,55,"(32, 16)",0,-0.08
621,56,"(32, 15)",0,-0.08
621,57,"(32, 14)",0,-0.08
621,58,"(32, 13)",1,-0.08
621,59,"(33, 13)",1,-0.08
621,60,"(34, 13)",1,-0.08
621,61,"(35, 13)",1,-0.08
621,62,"(36, 13)",1,-0.08
621,63,"(37, 13)",1,-0.08
621,64,"(38, 13)",1,-0.08
621,65,"(39, 13)",0,-0.08
621,66,"(39, 12)",0,-0.08
621,67,"(39, 11)",1,-0.08
621,68,"(40, 11)",1,-0.08
621,69,"(41, 11)",1,-0.08
621,70,"(42, 11)",1,-0.08
621,71,"(43, 11)",1,-0.08
621,72,"(44, 11)",1,-0.08
621,73,"(45, 11)",0,-0.08
621,74,"(45, 10)",0,-0.08
621,75,"(45, 9)",1,-0.08
621,76,"(46, 9)",0,-0.08
621,77,"(46, 8)",0,-0.08
621,78,"(46, 7)",1,-0.08
621,79,"(47, 7)",0,-0.08
621,80,"(47, 6)",1,-0.08
621,81,"(48, 6)",1,-0.08
621,82,"(49, 6)",0,-0.08
621,83,"(49, 5)",1,-0.08
621,84,"(50, 5)",1,-0.08
621,85,"(51, 5)",0,-0.08
621,86,"(51, 4)",0,-0.08
621,87,"(51, 3)",0,-0.08
621,88,"(51, 2)",0,-0.08
621,89,"(51, 1)",1,-0.08
621,90,"(52, 1)",1,-0.08
621,91,"(53, 1)",1,-0.08
621,92,"(54, 1)",1,-0.08
621,93,"(55, 1)",1,-0.08
621,94,"(56, 1)",1,-0.08
621,95,"(57, 1)",1,-0.08
621,96,"(58, 1)",1,-0.08
621,97,"(59, 1)",1,-0.08
621,98,"(60, 1)",1,-0.08
621,99,"(61, 1)",1,-0.08
621,100,"(62, 1)",1,-0.08
621,101,"(63, 1)",1,-0.08
621,102,"(64, 1)",1,-0.08
621,103,"(65, 1)",1,-0.08
621,104,"(66, 1)",1,-0.08
621,105,"(67, 1)",1,-0.08
621,106,"(68, 1)",1,-0.08
621,107,"(69, 1)",1,-0.08
621,108,"(70, 1)",1,-0.08
621,109,"(71, 1)",2,-0.08
621,110,"(71, 2)",2,-0.08
621,111,"(71, 3)",1,-0.08
621,112,"(72, 3)",1,-0.08
621,113,"(73, 3)",1,-0.08
621,114,"(74, 3)",1,-0.08
621,115,"(75, 3)",1,-0.08
621,116,"(76, 3)",1,-0.08
621,117,"(77, 3)",0,-0.08
621,118,"(77, 2)",0,-0.08
621,119,"(77, 1)",0,-0.08
621,120,"(77, 0)",1,-0.08
621,121,"(78, 0)",1,8.33
622,0,"(0, 39)",1,-0.08
622,1,"(1, 39)",1,-0.08
622,2,"(2, 39)",1,-0.08
622,3,"(3, 39)",1,-0.08
622,4,"(4, 39)",1,-0.08
622,5,"(5, 39)",1,-0.08
622,6,"(6, 39)",1,-0.08
622,7,"(7, 39)",1,-0.08
622,8,"(8, 39)",1,-0.08
622,9,"(9, 39)",1,-0.08
622,10,"(10, 39)",1,-0.08
622,11,"(11, 39)",0,-0.08
622,12,"(11, 38)",0,-0.08
622,13,"(11, 37)",1,-0.08
622,14,"(12, 37)",1,-0.08
622,15,"(13, 37)",1,-0.08
622,16,"(14, 37)",1,-0.08
622,17,"(15, 37)",1,-0.08
622,18,"(16, 37)",0,-0.08
622,19,"(16, 36)",1,-0.08
622,20,"(17, 36)",0,-0.08
622,21,"(17, 35)",1,-0.08
622,22,"(18, 35)",1,-0.08
622,23,"(19, 35)",0,-0.08
622,24,"(19, 34)",0,-0.08
622,25,"(19, 33)",0,-0.08
622,26,"(19, 32)",0,-0.08
622,27,"(19, 31)",0,-0.08
622,28,"(19, 30)",0,-0.08
622,29,"(19, 29)",1,-0.08
622,30,"(20, 29)",0,-0.08
622,31,"(20, 28)",0,-0.08
622,32,"(20, 27)",1,-0.08
622,33,"(21, 27)",0,-0.08
622,34,"(21, 26)",0,-0.08
622,35,"(21, 25)",1,-0.08
622,36,"(22, 25)",0,-0.08
622,37,"(22, 24)",0,-0.08
622,38,"(22, 23)",1,-0.08
622,39,"(23, 23)",1,-0.08
622,40,"(24, 23)",1,-0.08
622,41,"(25, 23)",0,-0.08
622,42,"(25, 22)",0,-0.08
622,43,"(25, 21)",1,-0.08
622,44,"(26, 21)",1,-0.08
622,45,"(27, 21)",0,-0.08
622,46,"(27, 20)",1,-0.08
622,47,"(28, 20)",0,-0.08
622,48,"(28, 19)",1,-0.08
622,49,"(29, 19)",1,-0.08
622,50,"(30, 19)",1,-0.08
622,51,"(31, 19)",1,-0.08
622,52,"(32, 19)",1,-0.08
622,53,"(33, 19)",1,-0.08
622,54,"(34, 19)",1,-0.08
622,55,"(35, 19)",0,-0.08
622,56,"(35, 18)",0,-0.08
622,57,"(35, 17)",1,-0.08
622,58,"(36, 17)",1,-0.08
622,59,"(37, 17)",1,-0.08
622,60,"(38, 17)",1,-0.08
622,61,"(39, 17)",0,-0.08
622,62,"(39, 16)",0,-0.08
622,63,"(39, 15)",1,-0.08
622,64,"(40, 15)",0,-0.08
622,65,"(40, 14)",0,-0.08
622,66,"(40, 13)",1,-0.08
622,67,"(41, 13)",1,-0.08
622,68,"(42, 13)",1,-0.08
622,69,"(43, 13)",1,-0.08
622,70,"(44, 13)",1,-0.08
622,71,"(45, 13)",0,-0.08
622,72,"(45, 12)",0,-0.08
622,73,"(45, 11)",0,-0.08
622,74,"(45, 10)",0,-0.08
622,75,"(45, 9)",0,-0.08
622,76,"(45, 8)",0,-0.08
622,77,"(45, 7)",1,-0.08
622,78,"(46, 7)",1,-0.08
622,79,"(47, 7)",0,-0.08
622,80,"(47, 6)",1,-0.08
622,81,"(48, 6)",1,-0.08
622,82,"(49, 6)",0,-0.08
622,83,"(49, 5)",1,-0.08
622,84,"(50, 5)",1,-0.08
622,85,"(51, 5)",0,-0.08
622,86,"(51, 4)",0,-0.08
622,87,"(51, 3)",0,-0.08
622,88,"(51, 2)",1,-0.08
622,89,"(52, 2)",1,-0.08
622,90,"(53, 2)",0,-0.08
622,91,"(53, 1)",1,-0.08
622,92,"(54, 1)",1,-0.08
622,93,"(55, 1)",1,-0.08
622,94,"(56, 1)",1,-0.08
622,95,"(57, 1)",1,-0.08
622,96,"(58, 1)",1,-0.08
622,97,"(59, 1)",1,-0.08
622,98,"(60, 1)",1,-0.08
622,99,"(61, 1)",1,-0.08
622,100,"(62, 1)",1,-0.08
622,101,"(63, 1)",1,-0.08
622,102,"(64, 1)",1,-0.08
622,103,"(65, 1)",1,-0.08
622,104,"(66, 1)",1,-0.08
622,105,"(67, 1)",1,-0.08
622,106,"(68, 1)",1,-0.08
622,107,"(69, 1)",1,-0.08
622,108,"(70, 1)",1,-0.08
622,109,"(71, 1)",2,-0.08
622,110,"(71, 2)",2,-0.08
622,111,"(71, 3)",1,-0.08
622,112,"(72, 3)",1,-0.08
622,113,"(73, 3)",0,-0.08
622,114,"(73, 2)",0,-0.08
622,115,"(73, 1)",0,-0.08
622,116,"(73, 0)",1,-0.08
622,117,"(74, 0)",1,-0.08
622,118,"(75, 0)",1,-0.08
622,119,"(76, 0)",1,-0.08
622,120,"(77, 0)",1,-0.08
622,121,"(78, 0)",1,8.33
623,0,"(0, 39)",1,-0.08
623,1,"(1, 39)",1,-0.08
623,2,"(2, 39)",1,-0.08
623,3,"(3, 39)",1,-0.08
623,4,"(4, 39)",1,-0.08
623,5,"(5, 39)",1,-0.08
623,6,"(6, 39)",1,-0.08
623,7,"(7, 39)",1,-0.08
623,8,"(8, 39)",1,-0.08
623,9,"(9, 39)",1,-0.08
623,10,"(10, 39)",0,-0.08
623,11,"(10, 38)",0,-0.08
623,12,"(10, 37)",1,-0.08
623,13,"(11, 37)",1,-0.08
623,14,"(12, 37)",1,-0.08
623,15,"(13, 37)",1,-0.08
623,16,"(14, 37)",1,-0.08
623,17,"(15, 37)",1,-0.08
623,18,"(16, 37)",1,-0.08
623,19,"(17, 37)",1,-0.08
623,20,"(18, 37)",1,-0.08
623,21,"(19, 37)",0,-0.08
623,22,"(19, 36)",0,-0.08
623,23,"(19, 35)",0,-0.08
623,24,"(19, 34)",0,-0.08
623,25,"(19, 33)",0,-0.08
623,26,"(19, 32)",0,-0.08
623,27,"(19, 31)",0,-0.08
623,28,"(19, 30)",0,-0.08
623,29,"(19, 29)",1,-0.08
623,30,"(20, 29)",0,-0.08
623,31,"(20, 28)",0,-0.08
623,32,"(20, 27)",1,-0.08
623,33,"(21, 27)",0,-0.08
623,34,"(21, 26)",1,-0.08
623,35,"(22, 26)",1,-0.08
623,36,"(23, 26)",0,-0.08
623,37,"(23, 25)",1,-0.08
623,38,"(24, 25)",1,-0.08
623,39,"(25, 25)",0,-0.08
623,40,"(25, 24)",0,-0.08
623,41,"(25, 23)",0,-0.08
623,42,"(25, 22)",0,-0.08
623,43,"(25, 21)",1,-0.08
623,44,"(26, 21)",1,-0.08
623,45,"(27, 21)",0,-0.08
623,46,"(27, 20)",1,-0.08
623,47,"(28, 20)",0,-0.08
623,48,"(28, 19)",1,-0.08
623,49,"(29, 19)",1,-0.08
623,50,"(30, 19)",1,-0.08
623,51,"(31, 19)",1,-0.08
623,52,"(32, 19)",1,-0.08
623,53,"(33, 19)",1,-0.08
623,54,"(34, 19)",1,-0.08
623,55,"(35, 19)",1,-0.08
623,56,"(36, 19)",1,-0.08
623,57,"(37, 19)",0,-0.08
623,58,"(37, 18)",0,-0.08
623,59,"(37, 17)",1,-0.08
623,60,"(38, 17)",1,-0.08
623,61,"(39, 17)",0,-0.08
623,62,"(39, 16)",0,-0.08
623,63,"(39, 15)",1,-0.08
623,64,"(40, 15)",0,-0.08
623,65,"(40, 14)",0,-0.08
623,66,"(40, 13)",1,-0.08
623,67,"(41, 13)",1,-0.08
623,68,"(42, 13)",1,-0.08
623,69,"(43, 13)",0,-0.08
623,70,"(43, 12)",0,-0.08
623,71,"(43, 11)",1,-0.08
623,72,"(44, 11)",1,-0.08
623,73,"(45, 11)",0,-0.08
623,74,"(45, 10)",1,-0.08
623,75,"(46, 10)",0,-0.08
623,76,"(46, 9)",0,-0.08
623,77,"(46, 8)",0,-0.08
623,78,"(46, 7)",1,-0.08
623,79,"(47, 7)",0,-0.08
623,80,"(47, 6)",1,-0.08
623,81,"(48, 6)",1,-0.08
623,82,"(49, 6)",0,-0.08
623,83,"(49, 5)",1,-0.08
623,84,"(50, 5)",1,-0.08
623,85,"(51, 5)",0,-0.08
623,86,"(51, 4)",0,-0.08
623,87,"(51, 3)",0,-0.08
623,88,"(51, 2)",1,-0.08
623,89,"(52, 2)",0,-0.08
623,90,"(52, 1)",1,-0.08
623,91,"(53, 1)",1,-0.08
623,92,"(54, 1)",1,-0.08
623,93,"(55, 1)",1,-0.08
623,94,"(56, 1)",1,-0.08
623,95,"(57, 1)",1,-0.08
623,96,"(58, 1)",1,-0.08
623,97,"(59, 1)",1,-0.08
623,98,"(60, 1)",1,-0.08
623,99,"(61, 1)",1,-0.08
623,100,"(62, 1)",1,-0.08
623,101,"(63, 1)",1,-0.08
623,102,"(64, 1)",1,-0.08
623,103,"(65, 1)",1,-0.08
623,104,"(66, 1)",1,-0.08
623,105,"(67, 1)",1,-0.08
623,106,"(68, 1)",1,-0.08
623,107,"(69, 1)",1,-0.08
623,108,"(70, 1)",1,-0.08
623,109,"(71, 1)",2,-0.08
623,110,"(71, 2)",2,-0.08
623,111,"(71, 3)",1,-0.08
623,112,"(72, 3)",1,-0.08
623,113,"(73, 3)",0,-0.08
623,114,"(73, 2)",0,-0.08
623,115,"(73, 1)",1,-0.08
623,116,"(74, 1)",0,-0.08
623,117,"(74, 0)",1,-0.08
623,118,"(75, 0)",1,-0.08
623,119,"(76, 0)",1,-0.08
623,120,"(77, 0)",1,-0.08
623,121,"(78, 0)",1,8.33
624,0,"(0, 39)",1,-0.08
624,1,"(1, 39)",1,-0.08
624,2,"(2, 39)",1,-0.08
624,3,"(3, 39)",1,-0.08
624,4,"(4, 39)",1,-0.08
624,5,"(5, 39)",1,-0.08
624,6,"(6, 39)",1,-0.08
624,7,"(7, 39)",1,-0.08
624,8,"(8, 39)",1,-0.08
624,9,"(9, 39)",1,-0.08
624,10,"(10, 39)",0,-0.08
624,11,"(10, 38)",0,-0.08
624,12,"(10, 37)",1,-0.08
624,13,"(11, 37)",1,-0.08
624,14,"(12, 37)",1,-0.08
624,15,"(13, 37)",1,-0.08
624,16,"(14, 37)",1,-0.08
624,17,"(15, 37)",0,-0.08
624,18,"(15, 36)",1,-0.08
624,19,"(16, 36)",1,-0.08
624,20,"(17, 36)",0,-0.08
624,21,"(17, 35)",1,-0.08
624,22,"(18, 35)",1,-0.08
624,23,"(19, 35)",0,-0.08
624,24,"(19, 34)",0,-0.08
624,25,"(19, 33)",0,-0.08
624,26,"(19, 32)",0,-0.08
624,27,"(19, 31)",0,-0.08
624,28,"(19, 30)",0,-0.08
624,29,"(19, 29)",1,-0.08
624,30,"(20, 29)",0,-0.08
624,31,"(20, 28)",0,-0.08
624,32,"(20, 27)",1,-0.08
624,33,"(21, 27)",0,-0.08
624,34,"(21, 26)",1,-0.08
624,35,"(22, 26)",0,-0.08
624,36,"(22, 25)",1,-0.08
624,37,"(23, 25)",1,-0.08
624,38,"(24, 25)",1,-0.08
624,39,"(25, 25)",0,-0.08
624,40,"(25, 24)",0,-0.08
624,41,"(25, 23)",0,-0.08
624,42,"(25, 22)",0,-0.08
624,43,"(25, 21)",1,-0.08
624,44,"(26, 21)",1,-0.08
624,45,"(27, 21)",0,-0.08
624,46,"(27, 20)",1,-0.08
624,47,"(28, 20)",0,-0.08
624,48,"(28, 19)",1,-0.08
624,49,"(29, 19)",1,-0.08
624,50,"(30, 19)",1,-0.08
624,51,"(31, 19)",0,-0.08
624,52,"(31, 18)",1,-0.08
624,53,"(32, 18)",0,-0.08
624,54,"(32, 17)",0,-0.08
624,55,"(32, 16)",0,-0.08
624,56,"(32, 15)",0,-0.08
624,57,"(32, 14)",0,-0.08
624,58,"(32, 13)",1,-0.08
624,59,"(33, 13)",1,-0.08
624,60,"(34, 13)",1,-0.08
624,61,"(35, 13)",1,-0.08
624,62,"(36, 13)",1,-0.08
624,63,"(37, 13)",1,-0.08
624,64,"(38, 13)",1,-0.08
624,65,"(39, 13)",1,-0.08
624,66,"(40, 13)",1,-0.08
624,67,"(41, 13)",0,-0.08
624,68,"(41, 12)",0,-0.08
624,69,"(41, 11)",1,-0.08
624,70,"(42, 11)",1,-0.08
624,71,"(43, 11)",1,-0.08
624,72,"(44, 11)",1,-0.08
624,73,"(45, 11)",0,-0.08
624,74,"(45, 10)",0,-0.08
624,75,"(45, 9)",1,-0.08
624,76,"(46, 9)",0,-0.08
624,77,"(46, 8)",0,-0.08
624,78,"(46, 7)",1,-0.08
624,79,"(47, 7)",0,-0.08
624,80,"(47, 6)",1,-0.08
624,81,"(48, 6)",1,-0.08
624,82,"(49, 6)",0,-0.08
624,83,"(49, 5)",1,-0.08
624,84,"(50, 5)",1,-0.08
624,85,"(51, 5)",0,-0.08
624,86,"(51, 4)",0,-0.08
624,87,"(51, 3)",0,-0.08
624,88,"(51, 2)",1,-0.08
624,89,"(52, 2)",1,-0.08
624,90,"(53, 2)",0,-0.08
624,91,"(53, 1)",1,-0.08
624,92,"(54, 1)",1,-0.08
624,93,"(55, 1)",1,-0.08
624,94,"(56, 1)",1,-0.08
624,95,"(57, 1)",1,-0.08
624,96,"(58, 1)",1,-0.08
624,97,"(59, 1)",1,-0.08
624,98,"(60, 1)",1,-0.08
624,99,"(61, 1)",1,-0.08
624,100,"(62, 1)",1,-0.08
624,101,"(63, 1)",1,-0.08
624,102,"(64, 1)",1,-0.08
624,103,"(65, 1)",1,-0.08
624,104,"(66, 1)",1,-0.08
624,105,"(67, 1)",1,-0.08
624,106,"(68, 1)",1,-0.08
624,107,"(69, 1)",1,-0.08
624,108,"(70, 1)",1,-0.08
624,109,"(71, 1)",2,-0.08
624,110,"(71, 2)",2,-0.08
624,111,"(71, 3)",1,-0.08
624,112,"(72, 3)",1,-0.08
624,113,"(73, 3)",1,-0.08
624,114,"(74, 3)",1,-0.08
624,115,"(75, 3)",1,-0.08
624,116,"(76, 3)",1,-0.08
624,117,"(77, 3)",0,-0.08
624,118,"(77, 2)",0,-0.08
624,119,"(77, 1)",0,-0.08
624,120,"(77, 0)",1,-0.08
624,121,"(78, 0)",1,8.33
625,0,"(0, 39)",1,-0.08
625,1,"(1, 39)",1,-0.08
625,2,"(2, 39)",1,-0.08
625,3,"(3, 39)",1,-0.08
625,4,"(4, 39)",1,-0.08
625,5,"(5, 39)",1,-0.08
625,6,"(6, 39)",1,-0.08
625,7,"(7, 39)",1,-0.08
625,8,"(8, 39)",1,-0.08
625,9,"(9, 39)",1,-0.08
625,10,"(10, 39)",0,-0.08
625,11,"(10, 38)",1,-0.08
625,12,"(11, 38)",0,-0.08
625,13,"(11, 37)",1,-0.08
625,14,"(12, 37)",1,-0.08
625,15,"(13, 37)",1,-0.08
625,16,"(14, 37)",1,-0.08
625,17,"(15, 37)",1,-0.08
625,18,"(16, 37)",1,-0.08
625,19,"(17, 37)",1,-0.08
625,20,"(18, 37)",1,-0.08
625,21,"(19, 37)",0,-0.08
625,22,"(19, 36)",0,-0.08
625,23,"(19, 35)",0,-0.08
625,24,"(19, 34)",0,-0.08
625,25,"(19, 33)",0,-0.08
625,26,"(19, 32)",0,-0.08
625,27,"(19, 31)",0,-0.08
625,28,"(19, 30)",0,-0.08
625,29,"(19, 29)",1,-0.08
625,30,"(20, 29)",0,-0.08
625,31,"(20, 28)",0,-0.08
625,32,"(20, 27)",1,-0.08
625,33,"(21, 27)",0,-0.08
625,34,"(21, 26)",0,-0.08
625,35,"(21, 25)",1,-0.08
625,36,"(22, 25)",0,-0.08
625,37,"(22, 24)",0,-0.08
625,38,"(22, 23)",1,-0.08
625,39,"(23, 23)",1,-0.08
625,40,"(24, 23)",1,-0.08
625,41,"(25, 23)",0,-0.08
625,42,"(25, 22)",0,-0.08
625,43,"(25, 21)",0,-0.08
625,44,"(25, 20)",0,-0.08
625,45,"(25, 19)",0,-0.08
625,46,"(25, 18)",1,-0.08
625,47,"(26, 18)",1,-0.08
625,48,"(27, 18)",0,-0.08
625,49,"(27, 17)",1,-0.08
625,50,"(28, 17)",1,-0.08
625,51,"(29, 17)",0,-0.08
625,52,"(29, 16)",0,-0.08
625,53,"(29, 15)",1,-0.08
625,54,"(30, 15)",1,-0.08
625,55,"(31, 15)",1,-0.08
625,56,"(32, 15)",0,-0.08
625,57,"(32, 14)",0,-0.08
625,58,"(32, 13)",1,-0.08
625,59,"(33, 13)",1,-0.08
625,60,"(34, 13)",1,-0.08
625,61,"(35, 13)",1,-0.08
625,62,"(36, 13)",1,-0.08
625,63,"(37, 13)",1,-0.08
625,64,"(38, 13)",1,-0.08
625,65,"(39, 13)",0,-0.08
625,66,"(39, 12)",0,-0.08
625,67,"(39, 11)",1,-0.08
625,68,"(40, 11)",1,-0.08
625,69,"(41, 11)",1,-0.08
625,70,"(42, 11)",1,-0.08
625,71,"(43, 11)",1,-0.08
625,72,"(44, 11)",1,-0.08
625,73,"(45, 11)",0,-0.08
625,74,"(45, 10)",1,-0.08
625,75,"(46, 10)",0,-0.08
625,76,"(46, 9)",0,-0.08
625,77,"(46, 8)",0,-0.08
625,78,"(46, 7)",0,-0.08
625,79,"(46, 6)",1,-0.08
625,80,"(47, 6)",1,-0.08
625,81,"(48, 6)",1,-0.08
625,82,"(49, 6)",0,-0.08
625,83,"(49, 5)",1,-0.08
625,84,"(50, 5)",1,-0.08
625,85,"(51, 5)",1,-0.08
625,86,"(52, 5)",1,-0.08
625,87,"(53, 5)",0,-0.08
625,88,"(53, 4)",0,-0.08
625,89,"(53, 3)",0,-0.08
625,90,"(53, 2)",0,-0.08
625,91,"(53, 1)",1,-0.08
625,92,"(54, 1)",1,-0.08
625,93,"(55, 1)",1,-0.08
625,94,"(56, 1)",1,-0.08
625,95,"(57, 1)",1,-0.08
625,96,"(58, 1)",1,-0.08
625,97,"(59, 1)",1,-0.08
625,98,"(60, 1)",1,-0.08
625,99,"(61, 1)",1,-0.08
625,100,"(62, 1)",1,-0.08
625,101,"(63, 1)",1,-0.08
625,102,"(64, 1)",1,-0.08
625,103,"(65, 1)",1,-0.08
625,104,"(66, 1)",1,-0.08
625,105,"(67, 1)",1,-0.08
625,106,"(68, 1)",1,-0.08
625,107,"(69, 1)",1,-0.08
625,108,"(70, 1)",1,-0.08
625,109,"(71, 1)",2,-0.08
625,110,"(71, 2)",2,-0.08
625,111,"(71, 3)",1,-0.08
625,112,"(72, 3)",1,-0.08
625,113,"(73, 3)",1,-0.08
625,114,"(74, 3)",1,-0.08
625,115,"(75, 3)",1,-0.08
625,116,"(76, 3)",1,-0.08
625,117,"(77, 3)",0,-0.08
625,118,"(77, 2)",0,-0.08
625,119,"(77, 1)",0,-0.08
625,120,"(77, 0)",1,-0.08
625,121,"(78, 0)",1,8.33
626,0,"(0, 39)",1,-0.08
626,1,"(1, 39)",1,-0.08
626,2,"(2, 39)",1,-0.08
626,3,"(3, 39)",1,-0.08
626,4,"(4, 39)",1,-0.08
626,5,"(5, 39)",1,-0.08
626,6,"(6, 39)",1,-0.08
626,7,"(7, 39)",1,-0.08
626,8,"(8, 39)",1,-0.08
626,9,"(9, 39)",1,-0.08
626,10,"(10, 39)",0,-0.08
626,11,"(10, 38)",1,-0.08
626,12,"(11, 38)",0,-0.08
626,13,"(11, 37)",1,-0.08
626,14,"(12, 37)",1,-0.08
626,15,"(13, 37)",1,-0.08
626,16,"(14, 37)",1,-0.08
626,17,"(15, 37)",1,-0.08
626,18,"(16, 37)",0,-0.08
626,19,"(16, 36)",1,-0.08
626,20,"(17, 36)",0,-0.08
626,21,"(17, 35)",1,-0.08
626,22,"(18, 35)",0,-0.08
626,23,"(18, 34)",1,-0.08
626,24,"(19, 34)",0,-0.08
626,25,"(19, 33)",0,-0.08
626,26,"(19, 32)",0,-0.08
626,27,"(19, 31)",0,-0.08
626,28,"(19, 30)",0,-0.08
626,29,"(19, 29)",1,-0.08
626,30,"(20, 29)",0,-0.08
626,31,"(20, 28)",0,-0.08
626,32,"(20, 27)",1,-0.08
626,33,"(21, 27)",0,-0.08
626,34,"(21, 26)",0,-0.08
626,35,"(21, 25)",1,-0.08
626,36,"(22, 25)",1,-0.08
626,37,"(23, 25)",1,-0.08
626,38,"(24, 25)",1,-0.08
626,39,"(25, 25)",0,-0.08
626,40,"(25, 24)",0,-0.08
626,41,"(25, 23)",0,-0.08
626,42,"(25, 22)",0,-0.08
626,43,"(25, 21)",1,-0.08
626,44,"(26, 21)",1,-0.08
626,45,"(27, 21)",0,-0.08
626,46,"(27, 20)",1,-0.08
626,47,"(28, 20)",0,-0.08
626,48,"(28, 19)",1,-0.08
626,49,"(29, 19)",1,-0.08
626,50,"(30, 19)",1,-0.08
626,51,"(31, 19)",1,-0.08
626,52,"(32, 19)",1,-0.08
626,53,"(33, 19)",1,-0.08
626,54,"(34, 19)",1,-0.08
626,55,"(35, 19)",1,-0.08
626,56,"(36, 19)",1,-0.08
626,57,"(37, 19)",0,-0.08
626,58,"(37, 18)",0,-0.08
626,59,"(37, 17)",1,-0.08
626,60,"(38, 17)",1,-0.08
626,61,"(39, 17)",0,-0.08
626,62,"(39, 16)",0,-0.08
626,63,"(39, 15)",1,-0.08
626,64,"(40, 15)",0,-0.08
626,65,"(40, 14)",0,-0.08
626,66,"(40, 13)",1,-0.08
626,67,"(41, 13)",0,-0.08
626,68,"(41, 12)",0,-0.08
626,69,"(41, 11)",1,-0.08
626,70,"(42, 11)",1,-0.08
626,71,"(43, 11)",1,-0.08
626,72,"(44, 11)",1,-0.08
626,73,"(45, 11)",0,-0.08
626,74,"(45, 10)",1,-0.08
626,75,"(46, 10)",0,-0.08
626,76,"(46, 9)",0,-0.08
626,77,"(46, 8)",0,-0.08
626,78,"(46, 7)",1,-0.08
626,79,"(47, 7)",0,-0.08
626,80,"(47, 6)",1,-0.08
626,81,"(48, 6)",1,-0.08
626,82,"(49, 6)",0,-0.08
626,83,"(49, 5)",1,-0.08
626,84,"(50, 5)",1,-0.08
626,85,"(51, 5)",1,-0.08
626,86,"(52, 5)",1,-0.08
626,87,"(53, 5)",0,-0.08
626,88,"(53, 4)",0,-0.08
626,89,"(53, 3)",0,-0.08
626,90,"(53, 2)",0,-0.08
626,91,"(53, 1)",1,-0.08
626,92,"(54, 1)",1,-0.08
626,93,"(55, 1)",1,-0.08
626,94,"(56, 1)",1,-0.08
626,95,"(57, 1)",1,-0.08
626,96,"(58, 1)",1,-0.08
626,97,"(59, 1)",1,-0.08
626,98,"(60, 1)",1,-0.08
626,99,"(61, 1)",1,-0.08
626,100,"(62, 1)",1,-0.08
626,101,"(63, 1)",1,-0.08
626,102,"(64, 1)",1,-0.08
626,103,"(65, 1)",1,-0.08
626,104,"(66, 1)",1,-0.08
626,105,"(67, 1)",1,-0.08
626,106,"(68, 1)",1,-0.08
626,107,"(69, 1)",1,-0.08
626,108,"(70, 1)",1,-0.08
626,109,"(71, 1)",2,-0.08
626,110,"(71, 2)",2,-0.08
626,111,"(71, 3)",1,-0.08
626,112,"(72, 3)",1,-0.08
626,113,"(73, 3)",1,-0.08
626,114,"(74, 3)",1,-0.08
626,115,"(75, 3)",1,-0.08
626,116,"(76, 3)",1,-0.08
626,117,"(77, 3)",0,-0.08
626,118,"(77, 2)",0,-0.08
626,119,"(77, 1)",0,-0.08
626,120,"(77, 0)",1,-0.08
626,121,"(78, 0)",1,8.33
627,0,"(0, 39)",1,-0.08
627,1,"(1, 39)",1,-0.08
627,2,"(2, 39)",1,-0.08
627,3,"(3, 39)",1,-0.08
627,4,"(4, 39)",1,-0.08
627,5,"(5, 39)",1,-0.08
627,6,"(6, 39)",1,-0.08
627,7,"(7, 39)",1,-0.08
627,8,"(8, 39)",1,-0.08
627,9,"(9, 39)",1,-0.08
627,10,"(10, 39)",0,-0.08
627,11,"(10, 38)",1,-0.08
627,12,"(11, 38)",0,-0.08
627,13,"(11, 37)",1,-0.08
627,14,"(12, 37)",1,-0.08
627,15,"(13, 37)",1,-0.08
627,16,"(14, 37)",1,-0.08
627,17,"(15, 37)",0,-0.08
627,18,"(15, 36)",1,-0.08
627,19,"(16, 36)",1,-0.08
627,20,"(17, 36)",0,-0.08
627,21,"(17, 35)",0,-0.08
627,22,"(17, 34)",1,-0.08
627,23,"(18, 34)",0,-0.08
627,24,"(18, 33)",1,-0.08
627,25,"(19, 33)",0,-0.08
627,26,"(19, 32)",0,-0.08
627,27,"(19, 31)",0,-0.08
627,28,"(19, 30)",0,-0.08
627,29,"(19, 29)",1,-0.08
627,30,"(20, 29)",0,-0.08
627,31,"(20, 28)",0,-0.08
627,32,"(20, 27)",1,-0.08
627,33,"(21, 27)",0,-0.08
627,34,"(21, 26)",1,-0.08
627,35,"(22, 26)",0,-0.08
627,36,"(22, 25)",1,-0.08
627,37,"(23, 25)",1,-0.08
627,38,"(24, 25)",1,-0.08
627,39,"(25, 25)",1,-0.08
627,40,"(26, 25)",1,-0.08
627,41,"(27, 25)",1,-0.08
627,42,"(28, 25)",1,-0.08
627,43,"(29, 25)",1,-0.08
627,44,"(30, 25)",1,-0.08
627,45,"(31, 25)",0,-0.08
627,46,"(31, 24)",0,-0.08
627,47,"(31, 23)",1,-0.08
627,48,"(32, 23)",1,-0.08
627,49,"(33, 23)",0,-0.08
627,50,"(33, 22)",0,-0.08
627,51,"(33, 21)",1,-0.08
627,52,"(34, 21)",1,-0.08
627,53,"(35, 21)",1,-0.08
627,54,"(36, 21)",1,-0.08
627,55,"(37, 21)",1,-0.08
627,56,"(38, 21)",1,-0.08
627,57,"(39, 21)",0,-0.08
627,58,"(39, 20)",1,-0.08
627,59,"(40, 20)",1,-0.08
627,60,"(41, 20)",0,-0.08
627,61,"(41, 19)",0,-0.08
627,62,"(41, 18)",1,-0.08
627,63,"(42, 18)",0,-0.08
627,64,"(42, 17)",1,-0.08
627,65,"(43, 17)",1,-0.08
627,66,"(44, 17)",0,-0.08
627,67,"(44, 16)",0,-0.08
627,68,"(44, 15)",1,-0.08
627,69,"(45, 15)",0,-0.08
627,70,"(45, 14)",0,-0.08
627,71,"(45, 13)",0,-0.08
627,72,"(45, 12)",0,-0.08
627,73,"(45, 11)",0,-0.08
627,74,"(45, 10)",1,-0.08
627,75,"(46, 10)",0,-0.08
627,76,"(46, 9)",0,-0.08
627,77,"(46, 8)",0,-0.08
627,78,"(46, 7)",0,-0.08
627,79,"(46, 6)",1,-0.08
627,80,"(47, 6)",1,-0.08
627,81,"(48, 6)",1,-0.08
627,82,"(49, 6)",0,-0.08
627,83,"(49, 5)",1,-0.08
627,84,"(50, 5)",1,-0.08
627,85,"(51, 5)",0,-0.08
627,86,"(51, 4)",0,-0.08
627,87,"(51, 3)",0,-0.08
627,88,"(51, 2)",0,-0.08
627,89,"(51, 1)",1,-0.08
627,90,"(52, 1)",1,-0.08
627,91,"(53, 1)",1,-0.08
627,92,"(54, 1)",1,-0.08
627,93,"(55, 1)",1,-0.08
627,94,"(56, 1)",1,-0.08
627,95,"(57, 1)",1,-0.08
627,96,"(58, 1)",1,-0.08
627,97,"(59, 1)",1,-0.08
627,98,"(60, 1)",1,-0.08
627,99,"(61, 1)",1,-0.08
627,100,"(62, 1)",1,-0.08
627,101,"(63, 1)",1,-0.08
627,102,"(64, 1)",1,-0.08
627,103,"(65, 1)",1,-0.08
627,104,"(66, 1)",1,-0.08
627,105,"(67, 1)",1,-0.08
627,106,"(68, 1)",1,-0.08
627,107,"(69, 1)",1,-0.08
627,108,"(70, 1)",1,-0.08
627,109,"(71, 1)",2,-0.08
627,110,"(71, 2)",2,-0.08
627,111,"(71, 3)",1,-0.08
627,112,"(72, 3)",1,-0.08
627,113,"(73, 3)",1,-0.08
627,114,"(74, 3)",1,-0.08
627,115,"(75, 3)",1,-0.08
627,116,"(76, 3)",1,-0.08
627,117,"(77, 3)",0,-0.08
627,118,"(77, 2)",0,-0.08
627,119,"(77, 1)",1,-0.08
627,120,"(78, 1)",0,-0.08
627,121,"(78, 0)",1,8.33
628,0,"(0, 39)",1,-0.08
628,1,"(1, 39)",1,-0.08
628,2,"(2, 39)",1,-0.08
628,3,"(3, 39)",1,-0.08
628,4,"(4, 39)",1,-0.08
628,5,"(5, 39)",1,-0.08
628,6,"(6, 39)",1,-0.08
628,7,"(7, 39)",1,-0.08
628,8,"(8, 39)",1,-0.08
628,9,"(9, 39)",1,-0.08
628,10,"(10, 39)",0,-0.08
628,11,"(10, 38)",0,-0.08
628,12,"(10, 37)",1,-0.08
628,13,"(11, 37)",1,-0.08
628,14,"(12, 37)",1,-0.08
628,15,"(13, 37)",1,-0.08
628,16,"(14, 37)",1,-0.08
628,17,"(15, 37)",1,-0.08
628,18,"(16, 37)",0,-0.08
628,19,"(16, 36)",1,-0.08
628,20,"(17, 36)",0,-0.08
628,21,"(17, 35)",1,-0.08
628,22,"(18, 35)",1,-0.08
628,23,"(19, 35)",0,-0.08
628,24,"(19, 34)",0,-0.08
628,25,"(19, 33)",0,-0.08
628,26,"(19, 32)",0,-0.08
628,27,"(19, 31)",0,-0.08
628,28,"(19, 30)",0,-0.08
628,29,"(19, 29)",1,-0.08
628,30,"(20, 29)",0,-0.08
628,31,"(20, 28)",0,-0.08
628,32,"(20, 27)",1,-0.08
628,33,"(21, 27)",0,-0.08
628,34,"(21, 26)",0,-0.08
628,35,"(21, 25)",1,-0.08
628,36,"(22, 25)",1,-0.08
628,37,"(23, 25)",1,-0.08
628,38,"(24, 25)",1,-0.08
628,39,"(25, 25)",1,-0.08
628,40,"(26, 25)",1,-0.08
628,41,"(27, 25)",1,-0.08
628,42,"(28, 25)",1,-0.08
628,43,"(29, 25)",1,-0.08
628,44,"(30, 25)",1,-0.08
628,45,"(31, 25)",0,-0.08
628,46,"(31, 24)",0,-0.08
628,47,"(31, 23)",1,-0.08
628,48,"(32, 23)",1,-0.08
628,49,"(33, 23)",0,-0.08
628,50,"(33, 22)",0,-0.08
628,51,"(33, 21)",1,-0.08
628,52,"(34, 21)",1,-0.08
628,53,"(35, 21)",0,-0.08
628,54,"(35, 20)",0,-0.08
628,55,"(35, 19)",1,-0.08
628,56,"(36, 19)",1,-0.08
628,57,"(37, 19)",0,-0.08
628,58,"(37, 18)",0,-0.08
628,59,"(37, 17)",1,-0.08
628,60,"(38, 17)",1,-0.08
628,61,"(39, 17)",0,-0.08
628,62,"(39, 16)",0,-0.08
628,63,"(39, 15)",1,-0.08
628,64,"(40, 15)",1,-0.08
628,65,"(41, 15)",0,-0.08
628,66,"(41, 14)",0,-0.08
628,67,"(41, 13)",0,-0.08
628,68,"(41, 12)",0,-0.08
628,69,"(41, 11)",1,-0.08
628,70,"(42, 11)",1,-0.08
628,71,"(43, 11)",1,-0.08
628,72,"(44, 11)",1,-0.08
628,73,"(45, 11)",0,-0.08
628,74,"(45, 10)",0,-0.08
628,75,"(45, 9)",0,-0.08
628,76,"(45, 8)",1,-0.08
628,77,"(46, 8)",0,-0.08
628,78,"(46, 7)",1,-0.08
628,79,"(47, 7)",0,-0.08
628,80,"(47, 6)",1,-0.08
628,81,"(48, 6)",1,-0.08
628,82,"(49, 6)",0,-0.08
628,83,"(49, 5)",1,-0.08
628,84,"(50, 5)",1,-0.08
628,85,"(51, 5)",0,-0.08
628,86,"(51, 4)",0,-0.08
628,87,"(51, 3)",0,-0.08
628,88,"(51, 2)",0,-0.08
628,89,"(51, 1)",1,-0.08
628,90,"(52, 1)",1,-0.08
628,91,"(53, 1)",1,-0.08
628,92,"(54, 1)",1,-0.08
628,93,"(55, 1)",1,-0.08
628,94,"(56, 1)",1,-0.08
628,95,"(57, 1)",1,-0.08
628,96,"(58, 1)",1,-0.08
628,97,"(59, 1)",1,-0.08
628,98,"(60, 1)",1,-0.08
628,99,"(61, 1)",1,-0.08
628,100,"(62, 1)",1,-0.08
628,101,"(63, 1)",1,-0.08
628,102,"(64, 1)",1,-0.08
628,103,"(65, 1)",1,-0.08
628,104,"(66, 1)",1,-0.08
628,105,"(67, 1)",1,-0.08
628,106,"(68, 1)",1,-0.08
628,107,"(69, 1)",1,-0.08
628,108,"(70, 1)",1,-0.08
628,109,"(71, 1)",2,-0.08
628,110,"(71, 2)",2,-0.08
628,111,"(71, 3)",1,-0.08
628,112,"(72, 3)",1,-0.08
628,113,"(73, 3)",0,-0.08
628,114,"(73, 2)",0,-0.08
628,115,"(73, 1)",1,-0.08
628,116,"(74, 1)",0,-0.08
628,117,"(74, 0)",1,-0.08
628,118,"(75, 0)",1,-0.08
628,119,"(76, 0)",1,-0.08
628,120,"(77, 0)",1,-0.08
628,121,"(78, 0)",1,8.33
629,0,"(0, 39)",1,-0.08
629,1,"(1, 39)",1,-0.08
629,2,"(2, 39)",1,-0.08
629,3,"(3, 39)",1,-0.08
629,4,"(4, 39)",1,-0.08
629,5,"(5, 39)",1,-0.08
629,6,"(6, 39)",1,-0.08
629,7,"(7, 39)",1,-0.08
629,8,"(8, 39)",1,-0.08
629,9,"(9, 39)",1,-0.08
629,10,"(10, 39)",1,-0.08
629,11,"(11, 39)",1,-0.08
629,12,"(12, 39)",1,-0.08
629,13,"(13, 39)",1,-0.08
629,14,"(14, 39)",0,-0.08
629,15,"(14, 38)",0,-0.08
629,16,"(14, 37)",1,-0.08
629,17,"(15, 37)",1,-0.08
629,18,"(16, 37)",1,-0.08
629,19,"(17, 37)",0,-0.08
629,20,"(17, 36)",0,-0.08
629,21,"(17, 35)",1,-0.08
629,22,"(18, 35)",0,-0.08
629,23,"(18, 34)",0,-0.08
629,24,"(18, 33)",1,-0.08
629,25,"(19, 33)",0,-0.08
629,26,"(19, 32)",0,-0.08
629,27,"(19, 31)",0,-0.08
629,28,"(19, 30)",0,-0.08
629,29,"(19, 29)",1,-0.08
629,30,"(20, 29)",0,-0.08
629,31,"(20, 28)",0,-0.08
629,32,"(20, 27)",1,-0.08
629,33,"(21, 27)",0,-0.08
629,34,"(21, 26)",0,-0.08
629,35,"(21, 25)",1,-0.08
629,36,"(22, 25)",0,-0.08
629,37,"(22, 24)",0,-0.08
629,38,"(22, 23)",1,-0.08
629,39,"(23, 23)",1,-0.08
629,40,"(24, 23)",1,-0.08
629,41,"(25, 23)",0,-0.08
629,42,"(25, 22)",0,-0.08
629,43,"(25, 21)",1,-0.08
629,44,"(26, 21)",1,-0.08
629,45,"(27, 21)",0,-0.08
629,46,"(27, 20)",1,-0.08
629,47,"(28, 20)",0,-0.08
629,48,"(28, 19)",1,-0.08
629,49,"(29, 19)",1,-0.08
629,50,"(30, 19)",1,-0.08
629,51,"(31, 19)",1,-0.08
629,52,"(32, 19)",1,-0.08
629,53,"(33, 19)",1,-0.08
629,54,"(34, 19)",1,-0.08
629,55,"(35, 19)",1,-0.08
629,56,"(36, 19)",1,-0.08
629,57,"(37, 19)",0,-0.08
629,58,"(37, 18)",0,-0.08
629,59,"(37, 17)",0,-0.08
629,60,"(37, 16)",0,-0.08
629,61,"(37, 15)",1,-0.08
629,62,"(38, 15)",0,-0.08
629,63,"(38, 14)",0,-0.08
629,64,"(38, 13)",1,-0.08
629,65,"(39, 13)",0,-0.08
629,66,"(39, 12)",0,-0.08
629,67,"(39, 11)",1,-0.08
629,68,"(40, 11)",1,-0.08
629,69,"(41, 11)",1,-0.08
629,70,"(42, 11)",1,-0.08
629,71,"(43, 11)",1,-0.08
629,72,"(44, 11)",1,-0.08
629,73,"(45, 11)",0,-0.08
629,74,"(45, 10)",0,-0.08
629,75,"(45, 9)",1,-0.08
629,76,"(46, 9)",0,-0.08
629,77,"(46, 8)",0,-0.08
629,78,"(46, 7)",0,-0.08
629,79,"(46, 6)",1,-0.08
629,80,"(47, 6)",1,-0.08
629,81,"(48, 6)",1,-0.08
629,82,"(49, 6)",0,-0.08
629,83,"(49, 5)",1,-0.08
629,84,"(50, 5)",1,-0.08
629,85,"(51, 5)",1,-0.08
629,86,"(52, 5)",1,-0.08
629,87,"(53, 5)",0,-0.08
629,88,"(53, 4)",0,-0.08
629,89,"(53, 3)",1,-0.08
629,90,"(54, 3)",1,-0.08
629,91,"(55, 3)",1,-0.08
629,92,"(56, 3)",0,-0.08
629,93,"(56, 2)",1,-0.08
629,94,"(57, 2)",1,-0.08
629,95,"(58, 2)",1,-0.08
629,96,"(59, 2)",0,-0.08
629,97,"(59, 1)",1,-0.08
629,98,"(60, 1)",1,-0.08
629,99,"(61, 1)",1,-0.08
629,100,"(62, 1)",1,-0.08
629,101,"(63, 1)",1,-0.08
629,102,"(64, 1)",1,-0.08
629,103,"(65, 1)",1,-0.08
629,104,"(66, 1)",1,-0.08
629,105,"(67, 1)",1,-0.08
629,106,"(68, 1)",1,-0.08
629,107,"(69, 1)",1,-0.08
629,108,"(70, 1)",1,-0.08
629,109,"(71, 1)",2,-0.08
629,110,"(71, 2)",2,-0.08
629,111,"(71, 3)",1,-0.08
629,112,"(72, 3)",1,-0.08
629,113,"(73, 3)",0,-0.08
629,114,"(73, 2)",0,-0.08
629,115,"(73, 1)",0,-0.08
629,116,"(73, 0)",1,-0.08
629,117,"(74, 0)",1,-0.08
629,118,"(75, 0)",1,-0.08
629,119,"(76, 0)",1,-0.08
629,120,"(77, 0)",1,-0.08
629,121,"(78, 0)",1,8.33
630,0,"(0, 39)",1,-0.08
630,1,"(1, 39)",1,-0.08
630,2,"(2, 39)",1,-0.08
630,3,"(3, 39)",1,-0.08
630,4,"(4, 39)",1,-0.08
630,5,"(5, 39)",1,-0.08
630,6,"(6, 39)",1,-0.08
630,7,"(7, 39)",1,-0.08
630,8,"(8, 39)",1,-0.08
630,9,"(9, 39)",1,-0.08
630,10,"(10, 39)",0,-0.08
630,11,"(10, 38)",0,-0.08
630,12,"(10, 37)",1,-0.08
630,13,"(11, 37)",1,-0.08
630,14,"(12, 37)",1,-0.08
630,15,"(13, 37)",1,-0.08
630,16,"(14, 37)",1,-0.08
630,17,"(15, 37)",1,-0.08
630,18,"(16, 37)",0,-0.08
630,19,"(16, 36)",1,-0.08
630,20,"(17, 36)",0,-0.08
630,21,"(17, 35)",1,-0.08
630,22,"(18, 35)",0,-0.08
630,23,"(18, 34)",1,-0.08
630,24,"(19, 34)",0,-0.08
630,25,"(19, 33)",0,-0.08
630,26,"(19, 32)",0,-0.08
630,27,"(19, 31)",0,-0.08
630,28,"(19, 30)",0,-0.08
630,29,"(19, 29)",1,-0.08
630,30,"(20, 29)",0,-0.08
630,31,"(20, 28)",0,-0.08
630,32,"(20, 27)",1,-0.08
630,33,"(21, 27)",0,-0.08
630,34,"(21, 26)",1,-0.08
630,35,"(22, 26)",0,-0.08
630,36,"(22, 25)",1,-0.08
630,37,"(23, 25)",1,-0.08
630,38,"(24, 25)",1,-0.08
630,39,"(25, 25)",0,-0.08
630,40,"(25, 24)",0,-0.08
630,41,"(25, 23)",0,-0.08
630,42,"(25, 22)",0,-0.08
630,43,"(25, 21)",0,-0.08
630,44,"(25, 20)",0,-0.08
630,45,"(25, 19)",1,-0.08
630,46,"(26, 19)",1,-0.08
630,47,"(27, 19)",0,-0.08
630,48,"(27, 18)",0,-0.08
630,49,"(27, 17)",1,-0.08
630,50,"(28, 17)",1,-0.08
630,51,"(29, 17)",0,-0.08
630,52,"(29, 16)",0,-0.08
630,53,"(29, 15)",1,-0.08
630,54,"(30, 15)",1,-0.08
630,55,"(31, 15)",1,-0.08
630,56,"(32, 15)",0,-0.08
630,57,"(32, 14)",0,-0.08
630,58,"(32, 13)",1,-0.08
630,59,"(33, 13)",1,-0.08
630,60,"(34, 13)",1,-0.08
630,61,"(35, 13)",1,-0.08
630,62,"(36, 13)",1,-0.08
630,63,"(37, 13)",1,-0.08
630,64,"(38, 13)",1,-0.08
630,65,"(39, 13)",1,-0.08
630,66,"(40, 13)",1,-0.08
630,67,"(41, 13)",0,-0.08
630,68,"(41, 12)",0,-0.08
630,69,"(41, 11)",1,-0.08
630,70,"(42, 11)",1,-0.08
630,71,"(43, 11)",1,-0.08
630,72,"(44, 11)",1,-0.08
630,73,"(45, 11)",0,-0.08
630,74,"(45, 10)",1,-0.08
630,75,"(46, 10)",0,-0.08
630,76,"(46, 9)",0,-0.08
630,77,"(46, 8)",0,-0.08
630,78,"(46, 7)",1,-0.08
630,79,"(47, 7)",0,-0.08
630,80,"(47, 6)",1,-0.08
630,81,"(48, 6)",1,-0.08
630,82,"(49, 6)",0,-0.08
630,83,"(49, 5)",1,-0.08
630,84,"(50, 5)",1,-0.08
630,85,"(51, 5)",1,-0.08
630,86,"(52, 5)",1,-0.08
630,87,"(53, 5)",0,-0.08
630,88,"(53, 4)",0,-0.08
630,89,"(53, 3)",0,-0.08
630,90,"(53, 2)",0,-0.08
630,91,"(53, 1)",1,-0.08
630,92,"(54, 1)",1,-0.08
630,93,"(55, 1)",1,-0.08
630,94,"(56, 1)",1,-0.08
630,95,"(57, 1)",1,-0.08
630,96,"(58, 1)",1,-0.08
630,97,"(59, 1)",1,-0.08
630,98,"(60, 1)",1,-0.08
630,99,"(61, 1)",1,-0.08
630,100,"(62, 1)",1,-0.08
630,101,"(63, 1)",1,-0.08
630,102,"(64, 1)",1,-0.08
630,103,"(65, 1)",1,-0.08
630,104,"(66, 1)",1,-0.08
630,105,"(67, 1)",1,-0.08
630,106,"(68, 1)",1,-0.08
630,107,"(69, 1)",1,-0.08
630,108,"(70, 1)",1,-0.08
630,109,"(71, 1)",2,-0.08
630,110,"(71, 2)",2,-0.08
630,111,"(71, 3)",1,-0.08
630,112,"(72, 3)",1,-0.08
630,113,"(73, 3)",1,-0.08
630,114,"(74, 3)",1,-0.08
630,115,"(75, 3)",1,-0.08
630,116,"(76, 3)",1,-0.08
630,117,"(77, 3)",0,-0.08
630,118,"(77, 2)",0,-0.08
630,119,"(77, 1)",0,-0.08
630,120,"(77, 0)",1,-0.08
630,121,"(78, 0)",1,8.33
631,0,"(0, 39)",1,-0.08
631,1,"(1, 39)",1,-0.08
631,2,"(2, 39)",1,-0.08
631,3,"(3, 39)",1,-0.08
631,4,"(4, 39)",1,-0.08
631,5,"(5, 39)",1,-0.08
631,6,"(6, 39)",1,-0.08
631,7,"(7, 39)",1,-0.08
631,8,"(8, 39)",1,-0.08
631,9,"(9, 39)",1,-0.08
631,10,"(10, 39)",1,-0.08
631,11,"(11, 39)",1,-0.08
631,12,"(12, 39)",1,-0.08
631,13,"(13, 39)",1,-0.08
631,14,"(14, 39)",0,-0.08
631,15,"(14, 38)",0,-0.08
631,16,"(14, 37)",1,-0.08
631,17,"(15, 37)",0,-0.08
631,18,"(15, 36)",0,-0.08
631,19,"(15, 35)",0,-0.08
631,20,"(15, 34)",0,-0.08
631,21,"(15, 33)",1,-0.08
631,22,"(16, 33)",1,-0.08
631,23,"(17, 33)",1,-0.08
631,24,"(18, 33)",1,-0.08
631,25,"(19, 33)",0,-0.08
631,26,"(19, 32)",0,-0.08
631,27,"(19, 31)",0,-0.08
631,28,"(19, 30)",0,-0.08
631,29,"(19, 29)",1,-0.08
631,30,"(20, 29)",0,-0.08
631,31,"(20, 28)",0,-0.08
631,32,"(20, 27)",1,-0.08
631,33,"(21, 27)",0,-0.08
631,34,"(21, 26)",1,-0.08
631,35,"(22, 26)",0,-0.08
631,36,"(22, 25)",1,-0.08
631,37,"(23, 25)",1,-0.08
631,38,"(24, 25)",1,-0.08
631,39,"(25, 25)",1,-0.08
631,40,"(26, 25)",1,-0.08
631,41,"(27, 25)",1,-0.08
631,42,"(28, 25)",1,-0.08
631,43,"(29, 25)",1,-0.08
631,44,"(30, 25)",1,-0.08
631,45,"(31, 25)",0,-0.08
631,46,"(31, 24)",0,-0.08
631,47,"(31, 23)",1,-0.08
631,48,"(32, 23)",1,-0.08
631,49,"(33, 23)",0,-0.08
631,50,"(33, 22)",0,-0.08
631,51,"(33, 21)",1,-0.08
631,52,"(34, 21)",1,-0.08
631,53,"(35, 21)",1,-0.08
631,54,"(36, 21)",1,-0.08
631,55,"(37, 21)",1,-0.08
631,56,"(38, 21)",1,-0.08
631,57,"(39, 21)",1,-0.08
631,58,"(40, 21)",0,-0.08
631,59,"(40, 20)",1,-0.08
631,60,"(41, 20)",1,-0.08
631,61,"(42, 20)",1,-0.08
631,62,"(43, 20)",0,-0.08
631,63,"(43, 19)",1,-0.08
631,64,"(44, 19)",0,-0.08
631,65,"(44, 18)",0,-0.08
631,66,"(44, 17)",0,-0.08
631,67,"(44, 16)",0,-0.08
631,68,"(44, 15)",1,-0.08
631,69,"(45, 15)",0,-0.08
631,70,"(45, 14)",0,-0.08
631,71,"(45, 13)",0,-0.08
631,72,"(45, 12)",0,-0.08
631,73,"(45, 11)",0,-0.08
631,74,"(45, 10)",0,-0.08
631,75,"(45, 9)",0,-0.08
631,76,"(45, 8)",0,-0.08
631,77,"(45, 7)",1,-0.08
631,78,"(46, 7)",1,-0.08
631,79,"(47, 7)",0,-0.08
631,80,"(47, 6)",1,-0.08
631,81,"(48, 6)",1,-0.08
631,82,"(49, 6)",0,-0.08
631,83,"(49, 5)",1,-0.08
631,84,"(50, 5)",1,-0.08
631,85,"(51, 5)",0,-0.08
631,86,"(51, 4)",0,-0.08
631,87,"(51, 3)",0,-0.08
631,88,"(51, 2)",1,-0.08
631,89,"(52, 2)",1,-0.08
631,90,"(53, 2)",0,-0.08
631,91,"(53, 1)",1,-0.08
631,92,"(54, 1)",1,-0.08
631,93,"(55, 1)",1,-0.08
631,94,"(56, 1)",1,-0.08
631,95,"(57, 1)",1,-0.08
631,96,"(58, 1)",1,-0.08
631,97,"(59, 1)",1,-0.08
631,98,"(60, 1)",1,-0.08
631,99,"(61, 1)",1,-0.08
631,100,"(62, 1)",1,-0.08
631,101,"(63, 1)",1,-0.08
631,102,"(64, 1)",1,-0.08
631,103,"(65, 1)",1,-0.08
631,104,"(66, 1)",1,-0.08
631,105,"(67, 1)",1,-0.08
631,106,"(68, 1)",1,-0.08
631,107,"(69, 1)",1,-0.08
631,108,"(70, 1)",1,-0.08
631,109,"(71, 1)",2,-0.08
631,110,"(71, 2)",2,-0.08
631,111,"(71, 3)",1,-0.08
631,112,"(72, 3)",1,-0.08
631,113,"(73, 3)",1,-0.08
631,114,"(74, 3)",1,-0.08
631,115,"(75, 3)",1,-0.08
631,116,"(76, 3)",1,-0.08
631,117,"(77, 3)",0,-0.08
631,118,"(77, 2)",0,-0.08
631,119,"(77, 1)",0,-0.08
631,120,"(77, 0)",1,-0.08
631,121,"(78, 0)",1,8.33
632,0,"(0, 39)",1,-0.08
632,1,"(1, 39)",1,-0.08
632,2,"(2, 39)",1,-0.08
632,3,"(3, 39)",1,-0.08
632,4,"(4, 39)",1,-0.08
632,5,"(5, 39)",1,-0.08
632,6,"(6, 39)",1,-0.08
632,7,"(7, 39)",1,-0.08
632,8,"(8, 39)",1,-0.08
632,9,"(9, 39)",1,-0.08
632,10,"(10, 39)",0,-0.08
632,11,"(10, 38)",1,-0.08
632,12,"(11, 38)",0,-0.08
632,13,"(11, 37)",1,-0.08
632,14,"(12, 37)",1,-0.08
632,15,"(13, 37)",1,-0.08
632,16,"(14, 37)",1,-0.08
632,17,"(15, 37)",1,-0.08
632,18,"(16, 37)",0,-0.08
632,19,"(16, 36)",1,-0.08
632,20,"(17, 36)",0,-0.08
632,21,"(17, 35)",1,-0.08
632,22,"(18, 35)",1,-0.08
632,23,"(19, 35)",0,-0.08
632,24,"(19, 34)",0,-0.08
632,25,"(19, 33)",0,-0.08
632,26,"(19, 32)",0,-0.08
632,27,"(19, 31)",0,-0.08
632,28,"(19, 30)",0,-0.08
632,29,"(19, 29)",1,-0.08
632,30,"(20, 29)",0,-0.08
632,31,"(20, 28)",0,-0.08
632,32,"(20, 27)",1,-0.08
632,33,"(21, 27)",0,-0.08
632,34,"(21, 26)",0,-0.08
632,35,"(21, 25)",1,-0.08
632,36,"(22, 25)",0,-0.08
632,37,"(22, 24)",0,-0.08
632,38,"(22, 23)",1,-0.08
632,39,"(23, 23)",1,-0.08
632,40,"(24, 23)",1,-0.08
632,41,"(25, 23)",0,-0.08
632,42,"(25, 22)",0,-0.08
632,43,"(25, 21)",0,-0.08
632,44,"(25, 20)",0,-0.08
632,45,"(25, 19)",1,-0.08
632,46,"(26, 19)",1,-0.08
632,47,"(27, 19)",0,-0.08
632,48,"(27, 18)",0,-0.08
632,49,"(27, 17)",0,-0.08
632,50,"(27, 16)",1,-0.08
632,51,"(28, 16)",1,-0.08
632,52,"(29, 16)",0,-0.08
632,53,"(29, 15)",1,-0.08
632,54,"(30, 15)",1,-0.08
632,55,"(31, 15)",1,-0.08
632,56,"(32, 15)",0,-0.08
632,57,"(32, 14)",0,-0.08
632,58,"(32, 13)",1,-0.08
632,59,"(33, 13)",1,-0.08
632,60,"(34, 13)",1,-0.08
632,61,"(35, 13)",1,-0.08
632,62,"(36, 13)",1,-0.08
632,63,"(37, 13)",1,-0.08
632,64,"(38, 13)",1,-0.08
632,65,"(39, 13)",0,-0.08
632,66,"(39, 12)",0,-0.08
632,67,"(39, 11)",1,-0.08
632,68,"(40, 11)",1,-0.08
632,69,"(41, 11)",1,-0.08
632,70,"(42, 11)",1,-0.08
632,71,"(43, 11)",1,-0.08
632,72,"(44, 11)",1,-0.08
632,73,"(45, 11)",0,-0.08
632,74,"(45, 10)",0,-0.08
632,75,"(45, 9)",1,-0.08
632,76,"(46, 9)",0,-0.08
632,77,"(46, 8)",0,-0.08
632,78,"(46, 7)",1,-0.08
632,79,"(47, 7)",0,-0.08
632,80,"(47, 6)",1,-0.08
632,81,"(48, 6)",1,-0.08
632,82,"(49, 6)",0,-0.08
632,83,"(49, 5)",1,-0.08
632,84,"(50, 5)",1,-0.08
632,85,"(51, 5)",0,-0.08
632,86,"(51, 4)",0,-0.08
632,87,"(51, 3)",0,-0.08
632,88,"(51, 2)",1,-0.08
632,89,"(52, 2)",0,-0.08
632,90,"(52, 1)",1,-0.08
632,91,"(53, 1)",1,-0.08
632,92,"(54, 1)",1,-0.08
632,93,"(55, 1)",1,-0.08
632,94,"(56, 1)",1,-0.08
632,95,"(57, 1)",1,-0.08
632,96,"(58, 1)",1,-0.08
632,97,"(59, 1)",1,-0.08
632,98,"(60, 1)",1,-0.08
632,99,"(61, 1)",1,-0.08
632,100,"(62, 1)",1,-0.08
632,101,"(63, 1)",1,-0.08
632,102,"(64, 1)",1,-0.08
632,103,"(65, 1)",1,-0.08
632,104,"(66, 1)",1,-0.08
632,105,"(67, 1)",1,-0.08
632,106,"(68, 1)",1,-0.08
632,107,"(69, 1)",1,-0.08
632,108,"(70, 1)",1,-0.08
632,109,"(71, 1)",2,-0.08
632,110,"(71, 2)",2,-0.08
632,111,"(71, 3)",1,-0.08
632,112,"(72, 3)",1,-0.08
632,113,"(73, 3)",1,-0.08
632,114,"(74, 3)",1,-0.08
632,115,"(75, 3)",1,-0.08
632,116,"(76, 3)",1,-0.08
632,117,"(77, 3)",0,-0.08
632,118,"(77, 2)",0,-0.08
632,119,"(77, 1)",0,-0.08
632,120,"(77, 0)",1,-0.08
632,121,"(78, 0)",1,8.33
633,0,"(0, 39)",1,-0.08
633,1,"(1, 39)",1,-0.08
633,2,"(2, 39)",1,-0.08
633,3,"(3, 39)",1,-0.08
633,4,"(4, 39)",1,-0.08
633,5,"(5, 39)",1,-0.08
633,6,"(6, 39)",1,-0.08
633,7,"(7, 39)",1,-0.08
633,8,"(8, 39)",1,-0.08
633,9,"(9, 39)",1,-0.08
633,10,"(10, 39)",1,-0.08
633,11,"(11, 39)",0,-0.08
633,12,"(11, 38)",0,-0.08
633,13,"(11, 37)",1,-0.08
633,14,"(12, 37)",1,-0.08
633,15,"(13, 37)",1,-0.08
633,16,"(14, 37)",1,-0.08
633,17,"(15, 37)",0,-0.08
633,18,"(15, 36)",1,-0.08
633,19,"(16, 36)",1,-0.08
633,20,"(17, 36)",0,-0.08
633,21,"(17, 35)",1,-0.08
633,22,"(18, 35)",0,-0.08
633,23,"(18, 34)",0,-0.08
633,24,"(18, 33)",1,-0.08
633,25,"(19, 33)",0,-0.08
633,26,"(19, 32)",0,-0.08
633,27,"(19, 31)",0,-0.08
633,28,"(19, 30)",0,-0.08
633,29,"(19, 29)",1,-0.08
633,30,"(20, 29)",0,-0.08
633,31,"(20, 28)",0,-0.08
633,32,"(20, 27)",1,-0.08
633,33,"(21, 27)",0,-0.08
633,34,"(21, 26)",0,-0.08
633,35,"(21, 25)",1,-0.08
633,36,"(22, 25)",1,-0.08
633,37,"(23, 25)",1,-0.08
633,38,"(24, 25)",1,-0.08
633,39,"(25, 25)",1,-0.08
633,40,"(26, 25)",1,-0.08
633,41,"(27, 25)",1,-0.08
633,42,"(28, 25)",1,-0.08
633,43,"(29, 25)",1,-0.08
633,44,"(30, 25)",1,-0.08
633,45,"(31, 25)",0,-0.08
633,46,"(31, 24)",0,-0.08
633,47,"(31, 23)",1,-0.08
633,48,"(32, 23)",1,-0.08
633,49,"(33, 23)",0,-0.08
633,50,"(33, 22)",0,-0.08
633,51,"(33, 21)",1,-0.08
633,52,"(34, 21)",1,-0.08
633,53,"(35, 21)",0,-0.08
633,54,"(35, 20)",0,-0.08
633,55,"(35, 19)",0,-0.08
633,56,"(35, 18)",0,-0.08
633,57,"(35, 17)",0,-0.08
633,58,"(35, 16)",0,-0.08
633,59,"(35, 15)",0,-0.08
633,60,"(35, 14)",0,-0.08
633,61,"(35, 13)",1,-0.08
633,62,"(36, 13)",1,-0.08
633,63,"(37, 13)",1,-0.08
633,64,"(38, 13)",1,-0.08
633,65,"(39, 13)",1,-0.08
633,66,"(40, 13)",1,-0.08
633,67,"(41, 13)",0,-0.08
633,68,"(41, 12)",0,-0.08
633,69,"(41, 11)",1,-0.08
633,70,"(42, 11)",1,-0.08
633,71,"(43, 11)",1,-0.08
633,72,"(44, 11)",1,-0.08
633,73,"(45, 11)",0,-0.08
633,74,"(45, 10)",0,-0.08
633,75,"(45, 9)",1,-0.08
633,76,"(46, 9)",0,-0.08
633,77,"(46, 8)",0,-0.08
633,78,"(46, 7)",1,-0.08
633,79,"(47, 7)",0,-0.08
633,80,"(47, 6)",1,-0.08
633,81,"(48, 6)",1,-0.08
633,82,"(49, 6)",0,-0.08
633,83,"(49, 5)",1,-0.08
633,84,"(50, 5)",1,-0.08
633,85,"(51, 5)",1,-0.08
633,86,"(52, 5)",1,-0.08
633,87,"(53, 5)",0,-0.08
633,88,"(53, 4)",0,-0.08
633,89,"(53, 3)",1,-0.08
633,90,"(54, 3)",1,-0.08
633,91,"(55, 3)",1,-0.08
633,92,"(56, 3)",0,-0.08
633,93,"(56, 2)",1,-0.08
633,94,"(57, 2)",0,-0.08
633,95,"(57, 1)",1,-0.08
633,96,"(58, 1)",1,-0.08
633,97,"(59, 1)",1,-0.08
633,98,"(60, 1)",1,-0.08
633,99,"(61, 1)",1,-0.08
633,100,"(62, 1)",1,-0.08
633,101,"(63, 1)",1,-0.08
633,102,"(64, 1)",1,-0.08
633,103,"(65, 1)",1,-0.08
633,104,"(66, 1)",1,-0.08
633,105,"(67, 1)",1,-0.08
633,106,"(68, 1)",1,-0.08
633,107,"(69, 1)",1,-0.08
633,108,"(70, 1)",1,-0.08
633,109,"(71, 1)",2,-0.08
633,110,"(71, 2)",2,-0.08
633,111,"(71, 3)",1,-0.08
633,112,"(72, 3)",1,-0.08
633,113,"(73, 3)",0,-0.08
633,114,"(73, 2)",0,-0.08
633,115,"(73, 1)",1,-0.08
633,116,"(74, 1)",1,-0.08
633,117,"(75, 1)",1,-0.08
633,118,"(76, 1)",0,-0.08
633,119,"(76, 0)",1,-0.08
633,120,"(77, 0)",1,-0.08
633,121,"(78, 0)",1,8.33
634,0,"(0, 39)",1,-0.08
634,1,"(1, 39)",1,-0.08
634,2,"(2, 39)",1,-0.08
634,3,"(3, 39)",1,-0.08
634,4,"(4, 39)",1,-0.08
634,5,"(5, 39)",1,-0.08
634,6,"(6, 39)",1,-0.08
634,7,"(7, 39)",1,-0.08
634,8,"(8, 39)",1,-0.08
634,9,"(9, 39)",1,-0.08
634,10,"(10, 39)",0,-0.08
634,11,"(10, 38)",0,-0.08
634,12,"(10, 37)",1,-0.08
634,13,"(11, 37)",1,-0.08
634,14,"(12, 37)",1,-0.08
634,15,"(13, 37)",1,-0.08
634,16,"(14, 37)",1,-0.08
634,17,"(15, 37)",1,-0.08
634,18,"(16, 37)",1,-0.08
634,19,"(17, 37)",1,-0.08
634,20,"(18, 37)",1,-0.08
634,21,"(19, 37)",0,-0.08
634,22,"(19, 36)",0,-0.08
634,23,"(19, 35)",0,-0.08
634,24,"(19, 34)",0,-0.08
634,25,"(19, 33)",0,-0.08
634,26,"(19, 32)",0,-0.08
634,27,"(19, 31)",0,-0.08
634,28,"(19, 30)",0,-0.08
634,29,"(19, 29)",1,-0.08
634,30,"(20, 29)",0,-0.08
634,31,"(20, 28)",0,-0.08
634,32,"(20, 27)",1,-0.08
634,33,"(21, 27)",0,-0.08
634,34,"(21, 26)",0,-0.08
634,35,"(21, 25)",1,-0.08
634,36,"(22, 25)",0,-0.08
634,37,"(22, 24)",0,-0.08
634,38,"(22, 23)",1,-0.08
634,39,"(23, 23)",1,-0.08
634,40,"(24, 23)",1,-0.08
634,41,"(25, 23)",0,-0.08
634,42,"(25, 22)",0,-0.08
634,43,"(25, 21)",0,-0.08
634,44,"(25, 20)",0,-0.08
634,45,"(25, 19)",0,-0.08
634,46,"(25, 18)",1,-0.08
634,47,"(26, 18)",1,-0.08
634,48,"(27, 18)",0,-0.08
634,49,"(27, 17)",0,-0.08
634,50,"(27, 16)",1,-0.08
634,51,"(28, 16)",1,-0.08
634,52,"(29, 16)",0,-0.08
634,53,"(29, 15)",1,-0.08
634,54,"(30, 15)",1,-0.08
634,55,"(31, 15)",0,-0.08
634,56,"(31, 14)",0,-0.08
634,57,"(31, 13)",1,-0.08
634,58,"(32, 13)",1,-0.08
634,59,"(33, 13)",1,-0.08
634,60,"(34, 13)",1,-0.08
634,61,"(35, 13)",1,-0.08
634,62,"(36, 13)",1,-0.08
634,63,"(37, 13)",1,-0.08
634,64,"(38, 13)",1,-0.08
634,65,"(39, 13)",1,-0.08
634,66,"(40, 13)",1,-0.08
634,67,"(41, 13)",1,-0.08
634,68,"(42, 13)",1,-0.08
634,69,"(43, 13)",1,-0.08
634,70,"(44, 13)",1,-0.08
634,71,"(45, 13)",0,-0.08
634,72,"(45, 12)",0,-0.08
634,73,"(45, 11)",0,-0.08
634,74,"(45, 10)",0,-0.08
634,75,"(45, 9)",1,-0.08
634,76,"(46, 9)",0,-0.08
634,77,"(46, 8)",0,-0.08
634,78,"(46, 7)",0,-0.08
634,79,"(46, 6)",1,-0.08
634,80,"(47, 6)",1,-0.08
634,81,"(48, 6)",1,-0.08
634,82,"(49, 6)",0,-0.08
634,83,"(49, 5)",1,-0.08
634,84,"(50, 5)",1,-0.08
634,85,"(51, 5)",0,-0.08
634,86,"(51, 4)",0,-0.08
634,87,"(51, 3)",0,-0.08
634,88,"(51, 2)",1,-0.08
634,89,"(52, 2)",1,-0.08
634,90,"(53, 2)",0,-0.08
634,91,"(53, 1)",1,-0.08
634,92,"(54, 1)",1,-0.08
634,93,"(55, 1)",1,-0.08
634,94,"(56, 1)",1,-0.08
634,95,"(57, 1)",1,-0.08
634,96,"(58, 1)",1,-0.08
634,97,"(59, 1)",1,-0.08
634,98,"(60, 1)",1,-0.08
634,99,"(61, 1)",1,-0.08
634,100,"(62, 1)",1,-0.08
634,101,"(63, 1)",1,-0.08
634,102,"(64, 1)",1,-0.08
634,103,"(65, 1)",1,-0.08
634,104,"(66, 1)",1,-0.08
634,105,"(67, 1)",1,-0.08
634,106,"(68, 1)",1,-0.08
634,107,"(69, 1)",1,-0.08
634,108,"(70, 1)",1,-0.08
634,109,"(71, 1)",2,-0.08
634,110,"(71, 2)",2,-0.08
634,111,"(71, 3)",1,-0.08
634,112,"(72, 3)",1,-0.08
634,113,"(73, 3)",0,-0.08
634,114,"(73, 2)",0,-0.08
634,115,"(73, 1)",1,-0.08
634,116,"(74, 1)",0,-0.08
634,117,"(74, 0)",1,-0.08
634,118,"(75, 0)",1,-0.08
634,119,"(76, 0)",1,-0.08
634,120,"(77, 0)",1,-0.08
634,121,"(78, 0)",1,8.33
635,0,"(0, 39)",1,-0.08
635,1,"(1, 39)",1,-0.08
635,2,"(2, 39)",1,-0.08
635,3,"(3, 39)",1,-0.08
635,4,"(4, 39)",1,-0.08
635,5,"(5, 39)",1,-0.08
635,6,"(6, 39)",1,-0.08
635,7,"(7, 39)",1,-0.08
635,8,"(8, 39)",1,-0.08
635,9,"(9, 39)",1,-0.08
635,10,"(10, 39)",0,-0.08
635,11,"(10, 38)",1,-0.08
635,12,"(11, 38)",0,-0.08
635,13,"(11, 37)",1,-0.08
635,14,"(12, 37)",1,-0.08
635,15,"(13, 37)",1,-0.08
635,16,"(14, 37)",1,-0.08
635,17,"(15, 37)",0,-0.08
635,18,"(15, 36)",0,-0.08
635,19,"(15, 35)",0,-0.08
635,20,"(15, 34)",0,-0.08
635,21,"(15, 33)",1,-0.08
635,22,"(16, 33)",1,-0.08
635,23,"(17, 33)",1,-0.08
635,24,"(18, 33)",1,-0.08
635,25,"(19, 33)",0,-0.08
635,26,"(19, 32)",0,-0.08
635,27,"(19, 31)",0,-0.08
635,28,"(19, 30)",0,-0.08
635,29,"(19, 29)",1,-0.08
635,30,"(20, 29)",0,-0.08
635,31,"(20, 28)",0,-0.08
635,32,"(20, 27)",1,-0.08
635,33,"(21, 27)",0,-0.08
635,34,"(21, 26)",0,-0.08
635,35,"(21, 25)",1,-0.08
635,36,"(22, 25)",1,-0.08
635,37,"(23, 25)",1,-0.08
635,38,"(24, 25)",1,-0.08
635,39,"(25, 25)",0,-0.08
635,40,"(25, 24)",0,-0.08
635,41,"(25, 23)",0,-0.08
635,42,"(25, 22)",0,-0.08
635,43,"(25, 21)",0,-0.08
635,44,"(25, 20)",0,-0.08
635,45,"(25, 19)",1,-0.08
635,46,"(26, 19)",1,-0.08
635,47,"(27, 19)",1,-0.08
635,48,"(28, 19)",1,-0.08
635,49,"(29, 19)",1,-0.08
635,50,"(30, 19)",1,-0.08
635,51,"(31, 19)",0,-0.08
635,52,"(31, 18)",0,-0.08
635,53,"(31, 17)",1,-0.08
635,54,"(32, 17)",0,-0.08
635,55,"(32, 16)",0,-0.08
635,56,"(32, 15)",0,-0.08
635,57,"(32, 14)",0,-0.08
635,58,"(32, 13)",1,-0.08
635,59,"(33, 13)",1,-0.08
635,60,"(34, 13)",1,-0.08
635,61,"(35, 13)",1,-0.08
635,62,"(36, 13)",1,-0.08
635,63,"(37, 13)",1,-0.08
635,64,"(38, 13)",1,-0.08
635,65,"(39, 13)",0,-0.08
635,66,"(39, 12)",0,-0.08
635,67,"(39, 11)",1,-0.08
635,68,"(40, 11)",1,-0.08
635,69,"(41, 11)",1,-0.08
635,70,"(42, 11)",1,-0.08
635,71,"(43, 11)",1,-0.08
635,72,"(44, 11)",1,-0.08
635,73,"(45, 11)",0,-0.08
635,74,"(45, 10)",1,-0.08
635,75,"(46, 10)",0,-0.08
635,76,"(46, 9)",0,-0.08
635,77,"(46, 8)",0,-0.08
635,78,"(46, 7)",1,-0.08
635,79,"(47, 7)",0,-0.08
635,80,"(47, 6)",1,-0.08
635,81,"(48, 6)",1,-0.08
635,82,"(49, 6)",0,-0.08
635,83,"(49, 5)",1,-0.08
635,84,"(50, 5)",1,-0.08
635,85,"(51, 5)",0,-0.08
635,86,"(51, 4)",0,-0.08
635,87,"(51, 3)",0,-0.08
635,88,"(51, 2)",1,-0.08
635,89,"(52, 2)",0,-0.08
635,90,"(52, 1)",1,-0.08
635,91,"(53, 1)",1,-0.08
635,92,"(54, 1)",1,-0.08
635,93,"(55, 1)",1,-0.08
635,94,"(56, 1)",1,-0.08
635,95,"(57, 1)",1,-0.08
635,96,"(58, 1)",1,-0.08
635,97,"(59, 1)",1,-0.08
635,98,"(60, 1)",1,-0.08
635,99,"(61, 1)",1,-0.08
635,100,"(62, 1)",1,-0.08
635,101,"(63, 1)",1,-0.08
635,102,"(64, 1)",1,-0.08
635,103,"(65, 1)",1,-0.08
635,104,"(66, 1)",1,-0.08
635,105,"(67, 1)",1,-0.08
635,106,"(68, 1)",1,-0.08
635,107,"(69, 1)",1,-0.08
635,108,"(70, 1)",1,-0.08
635,109,"(71, 1)",2,-0.08
635,110,"(71, 2)",2,-0.08
635,111,"(71, 3)",1,-0.08
635,112,"(72, 3)",1,-0.08
635,113,"(73, 3)",1,-0.08
635,114,"(74, 3)",1,-0.08
635,115,"(75, 3)",1,-0.08
635,116,"(76, 3)",1,-0.08
635,117,"(77, 3)",0,-0.08
635,118,"(77, 2)",0,-0.08
635,119,"(77, 1)",1,-0.08
635,120,"(78, 1)",1,-0.08
635,121,"(79, 1)",0,8.33
636,0,"(0, 39)",1,-0.08
636,1,"(1, 39)",1,-0.08
636,2,"(2, 39)",1,-0.08
636,3,"(3, 39)",1,-0.08
636,4,"(4, 39)",1,-0.08
636,5,"(5, 39)",1,-0.08
636,6,"(6, 39)",1,-0.08
636,7,"(7, 39)",1,-0.08
636,8,"(8, 39)",1,-0.08
636,9,"(9, 39)",1,-0.08
636,10,"(10, 39)",1,-0.08
636,11,"(11, 39)",1,-0.08
636,12,"(12, 39)",1,-0.08
636,13,"(13, 39)",1,-0.08
636,14,"(14, 39)",0,-0.08
636,15,"(14, 38)",0,-0.08
636,16,"(14, 37)",1,-0.08
636,17,"(15, 37)",1,-0.08
636,18,"(16, 37)",0,-0.08
636,19,"(16, 36)",1,-0.08
636,20,"(17, 36)",0,-0.08
636,21,"(17, 35)",0,-0.08
636,22,"(17, 34)",1,-0.08
636,23,"(18, 34)",0,-0.08
636,24,"(18, 33)",1,-0.08
636,25,"(19, 33)",0,-0.08
636,26,"(19, 32)",0,-0.08
636,27,"(19, 31)",0,-0.08
636,28,"(19, 30)",0,-0.08
636,29,"(19, 29)",1,-0.08
636,30,"(20, 29)",0,-0.08
636,31,"(20, 28)",0,-0.08
636,32,"(20, 27)",1,-0.08
636,33,"(21, 27)",0,-0.08
636,34,"(21, 26)",1,-0.08
636,35,"(22, 26)",1,-0.08
636,36,"(23, 26)",1,-0.08
636,37,"(24, 26)",0,-0.08
636,38,"(24, 25)",1,-0.08
636,39,"(25, 25)",1,-0.08
636,40,"(26, 25)",1,-0.08
636,41,"(27, 25)",1,-0.08
636,42,"(28, 25)",1,-0.08
636,43,"(29, 25)",1,-0.08
636,44,"(30, 25)",1,-0.08
636,45,"(31, 25)",0,-0.08
636,46,"(31, 24)",0,-0.08
636,47,"(31, 23)",1,-0.08
636,48,"(32, 23)",1,-0.08
636,49,"(33, 23)",0,-0.08
636,50,"(33, 22)",0,-0.08
636,51,"(33, 21)",1,-0.08
636,52,"(34, 21)",1,-0.08
636,53,"(35, 21)",0,-0.08
636,54,"(35, 20)",0,-0.08
636,55,"(35, 19)",1,-0.08
636,56,"(36, 19)",1,-0.08
636,57,"(37, 19)",0,-0.08
636,58,"(37, 18)",0,-0.08
636,59,"(37, 17)",1,-0.08
636,60,"(38, 17)",1,-0.08
636,61,"(39, 17)",0,-0.08
636,62,"(39, 16)",0,-0.08
636,63,"(39, 15)",1,-0.08
636,64,"(40, 15)",1,-0.08
636,65,"(41, 15)",0,-0.08
636,66,"(41, 14)",0,-0.08
636,67,"(41, 13)",1,-0.08
636,68,"(42, 13)",1,-0.08
636,69,"(43, 13)",0,-0.08
636,70,"(43, 12)",0,-0.08
636,71,"(43, 11)",1,-0.08
636,72,"(44, 11)",1,-0.08
636,73,"(45, 11)",0,-0.08
636,74,"(45, 10)",0,-0.08
636,75,"(45, 9)",1,-0.08
636,76,"(46, 9)",0,-0.08
636,77,"(46, 8)",0,-0.08
636,78,"(46, 7)",0,-0.08
636,79,"(46, 6)",1,-0.08
636,80,"(47, 6)",1,-0.08
636,81,"(48, 6)",1,-0.08
636,82,"(49, 6)",0,-0.08
636,83,"(49, 5)",1,-0.08
636,84,"(50, 5)",1,-0.08
636,85,"(51, 5)",1,-0.08
636,86,"(52, 5)",1,-0.08
636,87,"(53, 5)",0,-0.08
636,88,"(53, 4)",0,-0.08
636,89,"(53, 3)",0,-0.08
636,90,"(53, 2)",0,-0.08
636,91,"(53, 1)",1,-0.08
636,92,"(54, 1)",1,-0.08
636,93,"(55, 1)",1,-0.08
636,94,"(56, 1)",1,-0.08
636,95,"(57, 1)",1,-0.08
636,96,"(58, 1)",1,-0.08
636,97,"(59, 1)",1,-0.08
636,98,"(60, 1)",1,-0.08
636,99,"(61, 1)",1,-0.08
636,100,"(62, 1)",1,-0.08
636,101,"(63, 1)",1,-0.08
636,102,"(64, 1)",1,-0.08
636,103,"(65, 1)",1,-0.08
636,104,"(66, 1)",1,-0.08
636,105,"(67, 1)",1,-0.08
636,106,"(68, 1)",1,-0.08
636,107,"(69, 1)",1,-0.08
636,108,"(70, 1)",1,-0.08
636,109,"(71, 1)",2,-0.08
636,110,"(71, 2)",2,-0.08
636,111,"(71, 3)",1,-0.08
636,112,"(72, 3)",1,-0.08
636,113,"(73, 3)",1,-0.08
636,114,"(74, 3)",1,-0.08
636,115,"(75, 3)",1,-0.08
636,116,"(76, 3)",1,-0.08
636,117,"(77, 3)",0,-0.08
636,118,"(77, 2)",0,-0.08
636,119,"(77, 1)",1,-0.08
636,120,"(78, 1)",1,-0.08
636,121,"(79, 1)",0,8.33
637,0,"(0, 39)",1,-0.08
637,1,"(1, 39)",1,-0.08
637,2,"(2, 39)",1,-0.08
637,3,"(3, 39)",1,-0.08
637,4,"(4, 39)",1,-0.08
637,5,"(5, 39)",1,-0.08
637,6,"(6, 39)",1,-0.08
637,7,"(7, 39)",1,-0.08
637,8,"(8, 39)",1,-0.08
637,9,"(9, 39)",1,-0.08
637,10,"(10, 39)",1,-0.08
637,11,"(11, 39)",1,-0.08
637,12,"(12, 39)",1,-0.08
637,13,"(13, 39)",1,-0.08
637,14,"(14, 39)",0,-0.08
637,15,"(14, 38)",0,-0.08
637,16,"(14, 37)",1,-0.08
637,17,"(15, 37)",1,-0.08
637,18,"(16, 37)",1,-0.08
637,19,"(17, 37)",1,-0.08
637,20,"(18, 37)",1,-0.08
637,21,"(19, 37)",0,-0.08
637,22,"(19, 36)",0,-0.08
637,23,"(19, 35)",0,-0.08
637,24,"(19, 34)",0,-0.08
637,25,"(19, 33)",0,-0.08
637,26,"(19, 32)",0,-0.08
637,27,"(19, 31)",0,-0.08
637,28,"(19, 30)",0,-0.08
637,29,"(19, 29)",1,-0.08
637,30,"(20, 29)",0,-0.08
637,31,"(20, 28)",0,-0.08
637,32,"(20, 27)",1,-0.08
637,33,"(21, 27)",0,-0.08
637,34,"(21, 26)",0,-0.08
637,35,"(21, 25)",1,-0.08
637,36,"(22, 25)",1,-0.08
637,37,"(23, 25)",1,-0.08
637,38,"(24, 25)",1,-0.08
637,39,"(25, 25)",1,-0.08
637,40,"(26, 25)",1,-0.08
637,41,"(27, 25)",1,-0.08
637,42,"(28, 25)",1,-0.08
637,43,"(29, 25)",1,-0.08
637,44,"(30, 25)",1,-0.08
637,45,"(31, 25)",0,-0.08
637,46,"(31, 24)",0,-0.08
637,47,"(31, 23)",1,-0.08
637,48,"(32, 23)",1,-0.08
637,49,"(33, 23)",0,-0.08
637,50,"(33, 22)",0,-0.08
637,51,"(33, 21)",1,-0.08
637,52,"(34, 21)",1,-0.08
637,53,"(35, 21)",1,-0.08
637,54,"(36, 21)",1,-0.08
637,55,"(37, 21)",1,-0.08
637,56,"(38, 21)",1,-0.08
637,57,"(39, 21)",0,-0.08
637,58,"(39, 20)",0,-0.08
637,59,"(39, 19)",0,-0.08
637,60,"(39, 18)",0,-0.08
637,61,"(39, 17)",0,-0.08
637,62,"(39, 16)",0,-0.08
637,63,"(39, 15)",1,-0.08
637,64,"(40, 15)",0,-0.08
637,65,"(40, 14)",1,-0.08
637,66,"(41, 14)",0,-0.08
637,67,"(41, 13)",1,-0.08
637,68,"(42, 13)",1,-0.08
637,69,"(43, 13)",1,-0.08
637,70,"(44, 13)",1,-0.08
637,71,"(45, 13)",0,-0.08
637,72,"(45, 12)",0,-0.08
637,73,"(45, 11)",0,-0.08
637,74,"(45, 10)",0,-0.08
637,75,"(45, 9)",0,-0.08
637,76,"(45, 8)",0,-0.08
637,77,"(45, 7)",1,-0.08
637,78,"(46, 7)",1,-0.08
637,79,"(47, 7)",0,-0.08
637,80,"(47, 6)",1,-0.08
637,81,"(48, 6)",1,-0.08
637,82,"(49, 6)",0,-0.08
637,83,"(49, 5)",1,-0.08
637,84,"(50, 5)",1,-0.08
637,85,"(51, 5)",1,-0.08
637,86,"(52, 5)",1,-0.08
637,87,"(53, 5)",0,-0.08
637,88,"(53, 4)",0,-0.08
637,89,"(53, 3)",0,-0.08
637,90,"(53, 2)",0,-0.08
637,91,"(53, 1)",1,-0.08
637,92,"(54, 1)",1,-0.08
637,93,"(55, 1)",1,-0.08
637,94,"(56, 1)",1,-0.08
637,95,"(57, 1)",1,-0.08
637,96,"(58, 1)",1,-0.08
637,97,"(59, 1)",1,-0.08
637,98,"(60, 1)",1,-0.08
637,99,"(61, 1)",1,-0.08
637,100,"(62, 1)",1,-0.08
637,101,"(63, 1)",1,-0.08
637,102,"(64, 1)",1,-0.08
637,103,"(65, 1)",1,-0.08
637,104,"(66, 1)",1,-0.08
637,105,"(67, 1)",1,-0.08
637,106,"(68, 1)",1,-0.08
637,107,"(69, 1)",1,-0.08
637,108,"(70, 1)",1,-0.08
637,109,"(71, 1)",2,-0.08
637,110,"(71, 2)",2,-0.08
637,111,"(71, 3)",1,-0.08
637,112,"(72, 3)",1,-0.08
637,113,"(73, 3)",0,-0.08
637,114,"(73, 2)",0,-0.08
637,115,"(73, 1)",0,-0.08
637,116,"(73, 0)",1,-0.08
637,117,"(74, 0)",1,-0.08
637,118,"(75, 0)",1,-0.08
637,119,"(76, 0)",1,-0.08
637,120,"(77, 0)",1,-0.08
637,121,"(78, 0)",1,8.33
638,0,"(0, 39)",1,-0.08
638,1,"(1, 39)",1,-0.08
638,2,"(2, 39)",1,-0.08
638,3,"(3, 39)",1,-0.08
638,4,"(4, 39)",1,-0.08
638,5,"(5, 39)",1,-0.08
638,6,"(6, 39)",1,-0.08
638,7,"(7, 39)",1,-0.08
638,8,"(8, 39)",1,-0.08
638,9,"(9, 39)",1,-0.08
638,10,"(10, 39)",1,-0.08
638,11,"(11, 39)",0,-0.08
638,12,"(11, 38)",0,-0.08
638,13,"(11, 37)",1,-0.08
638,14,"(12, 37)",1,-0.08
638,15,"(13, 37)",1,-0.08
638,16,"(14, 37)",1,-0.08
638,17,"(15, 37)",0,-0.08
638,18,"(15, 36)",0,-0.08
638,19,"(15, 35)",0,-0.08
638,20,"(15, 34)",0,-0.08
638,21,"(15, 33)",1,-0.08
638,22,"(16, 33)",1,-0.08
638,23,"(17, 33)",1,-0.08
638,24,"(18, 33)",1,-0.08
638,25,"(19, 33)",0,-0.08
638,26,"(19, 32)",0,-0.08
638,27,"(19, 31)",0,-0.08
638,28,"(19, 30)",0,-0.08
638,29,"(19, 29)",1,-0.08
638,30,"(20, 29)",0,-0.08
638,31,"(20, 28)",0,-0.08
638,32,"(20, 27)",1,-0.08
638,33,"(21, 27)",0,-0.08
638,34,"(21, 26)",0,-0.08
638,35,"(21, 25)",1,-0.08
638,36,"(22, 25)",0,-0.08
638,37,"(22, 24)",0,-0.08
638,38,"(22, 23)",1,-0.08
638,39,"(23, 23)",1,-0.08
638,40,"(24, 23)",1,-0.08
638,41,"(25, 23)",0,-0.08
638,42,"(25, 22)",0,-0.08
638,43,"(25, 21)",0,-0.08
638,44,"(25, 20)",0,-0.08
638,45,"(25, 19)",1,-0.08
638,46,"(26, 19)",1,-0.08
638,47,"(27, 19)",0,-0.08
638,48,"(27, 18)",0,-0.08
638,49,"(27, 17)",0,-0.08
638,50,"(27, 16)",1,-0.08
638,51,"(28, 16)",1,-0.08
638,52,"(29, 16)",0,-0.08
638,53,"(29, 15)",1,-0.08
638,54,"(30, 15)",1,-0.08
638,55,"(31, 15)",0,-0.08
638,56,"(31, 14)",0,-0.08
638,57,"(31, 13)",1,-0.08
638,58,"(32, 13)",1,-0.08
638,59,"(33, 13)",1,-0.08
638,60,"(34, 13)",1,-0.08
638,61,"(35, 13)",1,-0.08
638,62,"(36, 13)",1,-0.08
638,63,"(37, 13)",1,-0.08
638,64,"(38, 13)",1,-0.08
638,65,"(39, 13)",1,-0.08
638,66,"(40, 13)",1,-0.08
638,67,"(41, 13)",1,-0.08
638,68,"(42, 13)",1,-0.08
638,69,"(43, 13)",1,-0.08
638,70,"(44, 13)",1,-0.08
638,71,"(45, 13)",0,-0.08
638,72,"(45, 12)",0,-0.08
638,73,"(45, 11)",0,-0.08
638,74,"(45, 10)",0,-0.08
638,75,"(45, 9)",1,-0.08
638,76,"(46, 9)",0,-0.08
638,77,"(46, 8)",0,-0.08
638,78,"(46, 7)",0,-0.08
638,79,"(46, 6)",1,-0.08
638,80,"(47, 6)",1,-0.08
638,81,"(48, 6)",1,-0.08
638,82,"(49, 6)",0,-0.08
638,83,"(49, 5)",1,-0.08
638,84,"(50, 5)",1,-0.08
638,85,"(51, 5)",0,-0.08
638,86,"(51, 4)",0,-0.08
638,87,"(51, 3)",0,-0.08
638,88,"(51, 2)",1,-0.08
638,89,"(52, 2)",0,-0.08
638,90,"(52, 1)",1,-0.08
638,91,"(53, 1)",1,-0.08
638,92,"(54, 1)",1,-0.08
638,93,"(55, 1)",1,-0.08
638,94,"(56, 1)",1,-0.08
638,95,"(57, 1)",1,-0.08
638,96,"(58, 1)",1,-0.08
638,97,"(59, 1)",1,-0.08
638,98,"(60, 1)",1,-0.08
638,99,"(61, 1)",1,-0.08
638,100,"(62, 1)",1,-0.08
638,101,"(63, 1)",1,-0.08
638,102,"(64, 1)",1,-0.08
638,103,"(65, 1)",1,-0.08
638,104,"(66, 1)",1,-0.08
638,105,"(67, 1)",1,-0.08
638,106,"(68, 1)",1,-0.08
638,107,"(69, 1)",1,-0.08
638,108,"(70, 1)",1,-0.08
638,109,"(71, 1)",2,-0.08
638,110,"(71, 2)",2,-0.08
638,111,"(71, 3)",1,-0.08
638,112,"(72, 3)",1,-0.08
638,113,"(73, 3)",0,-0.08
638,114,"(73, 2)",0,-0.08
638,115,"(73, 1)",1,-0.08
638,116,"(74, 1)",0,-0.08
638,117,"(74, 0)",1,-0.08
638,118,"(75, 0)",1,-0.08
638,119,"(76, 0)",1,-0.08
638,120,"(77, 0)",1,-0.08
638,121,"(78, 0)",1,8.33
639,0,"(0, 39)",1,-0.08
639,1,"(1, 39)",1,-0.08
639,2,"(2, 39)",1,-0.08
639,3,"(3, 39)",1,-0.08
639,4,"(4, 39)",1,-0.08
639,5,"(5, 39)",1,-0.08
639,6,"(6, 39)",1,-0.08
639,7,"(7, 39)",1,-0.08
639,8,"(8, 39)",1,-0.08
639,9,"(9, 39)",1,-0.08
639,10,"(10, 39)",0,-0.08
639,11,"(10, 38)",1,-0.08
639,12,"(11, 38)",0,-0.08
639,13,"(11, 37)",1,-0.08
639,14,"(12, 37)",1,-0.08
639,15,"(13, 37)",1,-0.08
639,16,"(14, 37)",1,-0.08
639,17,"(15, 37)",1,-0.08
639,18,"(16, 37)",1,-0.08
639,19,"(17, 37)",0,-0.08
639,20,"(17, 36)",0,-0.08
639,21,"(17, 35)",1,-0.08
639,22,"(18, 35)",1,-0.08
639,23,"(19, 35)",0,-0.08
639,24,"(19, 34)",0,-0.08
639,25,"(19, 33)",0,-0.08
639,26,"(19, 32)",0,-0.08
639,27,"(19, 31)",0,-0.08
639,28,"(19, 30)",0,-0.08
639,29,"(19, 29)",1,-0.08
639,30,"(20, 29)",0,-0.08
639,31,"(20, 28)",0,-0.08
639,32,"(20, 27)",1,-0.08
639,33,"(21, 27)",0,-0.08
639,34,"(21, 26)",1,-0.08
639,35,"(22, 26)",0,-0.08
639,36,"(22, 25)",1,-0.08
639,37,"(23, 25)",1,-0.08
639,38,"(24, 25)",1,-0.08
639,39,"(25, 25)",1,-0.08
639,40,"(26, 25)",1,-0.08
639,41,"(27, 25)",1,-0.08
639,42,"(28, 25)",1,-0.08
639,43,"(29, 25)",1,-0.08
639,44,"(30, 25)",1,-0.08
639,45,"(31, 25)",0,-0.08
639,46,"(31, 24)",0,-0.08
639,47,"(31, 23)",1,-0.08
639,48,"(32, 23)",1,-0.08
639,49,"(33, 23)",0,-0.08
639,50,"(33, 22)",0,-0.08
639,51,"(33, 21)",1,-0.08
639,52,"(34, 21)",1,-0.08
639,53,"(35, 21)",1,-0.08
639,54,"(36, 21)",1,-0.08
639,55,"(37, 21)",1,-0.08
639,56,"(38, 21)",1,-0.08
639,57,"(39, 21)",0,-0.08
639,58,"(39, 20)",0,-0.08
639,59,"(39, 19)",0,-0.08
639,60,"(39, 18)",0,-0.08
639,61,"(39, 17)",0,-0.08
639,62,"(39, 16)",0,-0.08
639,63,"(39, 15)",1,-0.08
639,64,"(40, 15)",1,-0.08
639,65,"(41, 15)",0,-0.08
639,66,"(41, 14)",0,-0.08
639,67,"(41, 13)",0,-0.08
639,68,"(41, 12)",0,-0.08
639,69,"(41, 11)",1,-0.08
639,70,"(42, 11)",1,-0.08
639,71,"(43, 11)",1,-0.08
639,72,"(44, 11)",1,-0.08
639,73,"(45, 11)",0,-0.08
639,74,"(45, 10)",0,-0.08
639,75,"(45, 9)",0,-0.08
639,76,"(45, 8)",1,-0.08
639,77,"(46, 8)",0,-0.08
639,78,"(46, 7)",0,-0.08
639,79,"(46, 6)",1,-0.08
639,80,"(47, 6)",1,-0.08
639,81,"(48, 6)",1,-0.08
639,82,"(49, 6)",0,-0.08
639,83,"(49, 5)",1,-0.08
639,84,"(50, 5)",1,-0.08
639,85,"(51, 5)",1,-0.08
639,86,"(52, 5)",1,-0.08
639,87,"(53, 5)",0,-0.08
639,88,"(53, 4)",0,-0.08
639,89,"(53, 3)",1,-0.08
639,90,"(54, 3)",1,-0.08
639,91,"(55, 3)",1,-0.08
639,92,"(56, 3)",1,-0.08
639,93,"(57, 3)",0,-0.08
639,94,"(57, 2)",1,-0.08
639,95,"(58, 2)",0,-0.08
639,96,"(58, 1)",1,-0.08
639,97,"(59, 1)",1,-0.08
639,98,"(60, 1)",1,-0.08
639,99,"(61, 1)",1,-0.08
639,100,"(62, 1)",1,-0.08
639,101,"(63, 1)",1,-0.08
639,102,"(64, 1)",1,-0.08
639,103,"(65, 1)",1,-0.08
639,104,"(66, 1)",1,-0.08
639,105,"(67, 1)",1,-0.08
639,106,"(68, 1)",1,-0.08
639,107,"(69, 1)",1,-0.08
639,108,"(70, 1)",1,-0.08
639,109,"(71, 1)",2,-0.08
639,110,"(71, 2)",2,-0.08
639,111,"(71, 3)",1,-0.08
639,112,"(72, 3)",1,-0.08
639,113,"(73, 3)",0,-0.08
639,114,"(73, 2)",0,-0.08
639,115,"(73, 1)",0,-0.08
639,116,"(73, 0)",1,-0.08
639,117,"(74, 0)",1,-0.08
639,118,"(75, 0)",1,-0.08
639,119,"(76, 0)",1,-0.08
639,120,"(77, 0)",1,-0.08
639,121,"(78, 0)",1,8.33
